case,time,v(out),v(sum),v(vn),v(in),v(vp),i(vp),i(vin),i(rf),i(rl),i(vn),i(ri)
1,0.002,0.0006020815503029235,0.0002006925121505669,-12.0,-4.898587196589413e-16,12.0,-0.001147561795172952,2.006925121510568e-08,2.006945190761783e-08,6.020815503029236e-08,0.001147481523804918,-2.006925121510568e-08
1,0.00200002,0.0003507549020570619,0.0002006927666096695,-12.0,0.0001256637058136394,12.0,-0.001147542947674216,7.502906079603095e-09,7.50310677236962e-09,3.507549020570619e-08,0.001147500372794159,-7.502906079603007e-09
1,0.00200006,-0.0001518983937202717,0.0002006932704719319,-12.0,0.0003769911095007385,12.0,-0.001147505251954544,-1.762978390288076e-08,-1.762958320961018e-08,-1.518983937202717e-08,0.001147538070050082,1.762978390288066e-08
1,0.00200014,-0.001157204903443531,0.0002006942472658693,-12.0,0.000879645829563042,12.0,-0.001147429857632588,-6.789515822971735e-08,-6.789495753547e-08,-1.157204903443531e-07,0.001147613461665495,6.789515822971729e-08
1,0.0020003,-0.003167816749294581,0.0002006960628806722,-12.0,0.001884954475928928,12.0,-0.001147279057522057,-1.684258413048239e-07,-1.684256406087627e-07,-3.167816749294581e-07,0.001147764233246776,1.684258413048255e-07
1,0.0020005,-0.00568107685041678,0.0002006980357946047,-12.0,0.003141587485880654,12.0,-0.001147090536072938,-2.940889450086047e-07,-2.940887443105692e-07,-5.68107685041678e-07,0.001147952675691709,2.940889450086049e-07
1,0.0020007000000000002,-0.008194328014655345,0.0002006996803404488,-12.0,0.004398215534835149,12.0,-0.001146901991223249,-4.197515854494703e-07,-4.197513847497897e-07,-8.194328014655346e-07,0.001148141093379211,4.1975158544947e-07
1,0.0020009000000000003,-0.01070756622650305,0.0002007010120980701,-12.0,0.00565483663840875,12.0,-0.001146713423274144,-5.454135626310692e-07,-5.45413361930056e-07,-1.070756622650305e-06,0.001148329486008928,5.45413562631068e-07
1,0.0020011000000000004,-0.01322078753369253,0.0002007020255736444,-12.0,0.006911448812226988,12.0,-0.001146524832522706,-6.71074678665335e-07,-6.710744779633088e-07,-1.322078753369253e-06,0.001148517853284868,6.710746786653344e-07
1,0.0020013000000000006,-0.01573398796168752,0.0002007027226985656,-12.0,0.008168050071918833,12.0,-0.001146336219267657,-7.967347349220248e-07,-7.967345342193041e-07,-1.573398796168752e-06,0.001148706194909711,7.967347349220267e-07
1,0.0020015000000000007,-0.01824716354384886,0.0002007031027940163,-12.0,0.009424638433146483,12.0,-0.001146147583807342,-9.223935330352476e-07,-9.22393332332144e-07,-1.824716354384886e-06,0.00114889451058681,9.223935330352467e-07
1,0.002001700000000001,-0.02076031031081745,0.0002007031660966746,-12.0,0.01068121191158539,12.0,-0.001145958926440436,-1.048050874548873e-06,-1.048050673845706e-06,-2.076031031081745e-06,0.001149082800019488,1.048050874548872e-06
1,0.002001900000000001,-0.02327342429423766,0.0002007029125220142,-12.0,0.01193776852293097,12.0,-0.001145770247465699,-1.173706561040896e-06,-1.173706360337984e-06,-2.327342429423766e-06,0.001149271062911287,1.173706561040896e-06
1,0.002002100000000001,-0.02578650152547034,0.0002007023421013356,-12.0,0.01319430628291059,12.0,-0.001145581547182059,-1.299360394080925e-06,-1.299360193378584e-06,-2.578650152547034e-06,0.001149459298965881,1.299360394080926e-06
1,0.002002300000000001,-0.02829953803605971,0.0002007014548246581,-12.0,0.01445082320728139,12.0,-0.001145392825888582,-1.425012175245673e-06,-1.425011974544218e-06,-2.829953803605971e-06,0.001149647507887107,1.425012175245674e-06
1,0.0020025000000000012,-0.03081252985756298,0.000200700250696061,-12.0,0.01570731731182809,12.0,-0.001145204083884483,-1.550661706113204e-06,-1.550661505412952e-06,-3.081252985756298e-06,0.001149835689378954,1.550661706113203e-06
1,0.0020027000000000014,-0.03332547302162606,0.000200698729717624,-12.0,0.01696378661237676,12.0,-0.001145015321469122,-1.676308788265914e-06,-1.676308587567184e-06,-3.332547302162606e-06,0.001150023843145568,1.676308788265914e-06
1,0.0020029000000000015,-0.03583836355997257,0.0002006968918916267,-12.0,0.01822022912479265,12.0,-0.001144826538942002,-1.801953223290101e-06,-1.80195302259321e-06,-3.583836355997257e-06,0.001150211968891252,1.801953223290102e-06
1,0.0020031000000000016,-0.03835119750440154,0.0002006947372198906,-12.0,0.01947664286497797,12.0,-0.001144637736602774,-1.927594812775808e-06,-1.927594612081072e-06,-3.835119750440154e-06,0.001150400066320461,1.927594812775808e-06
1,0.0020033000000000017,-0.04086397088680414,0.0002006922657073335,-12.0,0.02073302584888573,12.0,-0.001144448914751226,-2.053233358317839e-06,-2.053233157625574e-06,-4.086397088680415e-06,0.001150588135137818,2.05323335831784e-06
1,0.002003500000000002,-0.04337667973916864,0.0002006894773565436,-12.0,0.02198937609251391,12.0,-0.001144260073687298,-2.178868661515737e-06,-2.178868460826259e-06,-4.337667973916864e-06,0.001150776175048089,2.178868661515736e-06
1,0.002003700000000002,-0.045889320093592,0.0002006863721742465,-12.0,0.02324569161192109,12.0,-0.001144071213711065,-2.304500523974684e-06,-2.304500323288312e-06,-4.5889320093592e-06,0.001150964185756211,2.304500523974685e-06
1,0.002003900000000002,-0.04840188798226726,0.0002006829501610616,-12.0,0.02450197042320472,12.0,-0.001143882335122749,-2.430128747304367e-06,-2.430128546621416e-06,-4.840188798226726e-06,0.001151152166967274,2.430128747304366e-06
1,0.002004100000000002,-0.05091437943749894,0.0002006792113261775,-12.0,0.02575821054253085,12.0,-0.001143693438222714,-2.555753133120467e-06,-2.555752932441256e-06,-5.091437943749895e-06,0.001151340118386525,2.555753133120467e-06
1,0.0020043000000000023,-0.0534267904917349,0.000200675155675293,-12.0,0.02701440998613195,12.0,-0.001143504523311461,-2.681373483045665e-06,-2.68137328237051e-06,-5.34267904917349e-06,0.001151528039719374,2.681373483045666e-06
1,0.0020045000000000024,-0.05593911717752523,0.0002006707832110238,-12.0,0.02827056677028698,12.0,-0.001143315590689635,-2.806989598707595e-06,-2.806989398036813e-06,-5.593911717752524e-06,0.001151715930671392,2.806989598707596e-06
1,0.0020047000000000025,-0.058451355527562,0.0002006660939453987,-12.0,0.02952667891136004,12.0,-0.001143126640658024,-2.932601281741464e-06,-2.93260108107537e-06,-5.845135552756201e-06,0.001151903790948305,2.932601281741464e-06
1,0.0020049000000000026,-0.06096350157469039,0.0002006610878828551,-12.0,0.03078274442578036,12.0,-0.00114293767351755,-3.058208333789751e-06,-3.058208133128662e-06,-6.09635015746904e-06,0.001152091620256003,3.05820833378975e-06
1,0.0020051000000000027,-0.06347555135187503,0.0002006557650300021,-12.0,0.03203876133004017,12.0,-0.001142748689569279,-3.183810556501018e-06,-3.183810355845252e-06,-6.347555135187504e-06,0.00115227941830054,3.183810556501017e-06
1,0.002005300000000003,-0.06598750089224907,0.0002006501253991044,-12.0,0.03329472764072444,12.0,-0.001142559689114414,-3.309407751532535e-06,-3.309407550882409e-06,-6.598750089224908e-06,0.001152467184788127,3.309407751532534e-06
1,0.002005500000000003,-0.06849934622910771,0.0002006441689957478,-12.0,0.03455064137448916,12.0,-0.001142370672454295,-3.434999720549342e-06,-3.434999519905173e-06,-6.849934622910771e-06,0.001152654919425142,3.434999720549342e-06
1,0.002005700000000003,-0.07101108339590208,0.0002006378958312564,-12.0,0.03580650054807689,12.0,-0.001142181639890403,-3.560586265224562e-06,-3.560586064586667e-06,-7.101108339590208e-06,0.001152842621918118,3.560586265224564e-06
1,0.002005900000000003,-0.07352270842625483,0.000200631305913683,-12.0,0.03706230317831101,12.0,-0.001141992591724355,-3.686167187239734e-06,-3.686166986608426e-06,-7.352270842625484e-06,0.001153030291973762,3.686167187239733e-06
1,0.0020061000000000033,-0.07603421735396564,0.0002006243992551636,-12.0,0.03831804728210955,12.0,-0.001141803528257905,-3.811742288285439e-06,-3.81174208766104e-06,-7.603421735396564e-06,0.001153217929298933,3.811742288285439e-06
1,0.0020063000000000034,-0.07854560621302442,0.0002006171758659712,-12.0,0.03957373087648294,12.0,-0.001141614449792944,-3.937311370061696e-06,-3.93731116944452e-06,-7.854560621302443e-06,0.001153405533600662,3.937311370061697e-06
1,0.0020065000000000035,-0.0810568710376013,0.0002006096357565455,-12.0,0.04082935197853182,12.0,-0.001141425356631497,-4.06287423427753e-06,-4.062874033667893e-06,-8.10568710376013e-06,0.001153593104586143,4.062874234277528e-06
1,0.0020067000000000036,-0.08356800786206554,0.0002006017789402056,-12.0,0.04208490860546087,12.0,-0.001141236249075727,-4.188430682652067e-06,-4.188430482050287e-06,-8.356800786206555e-06,0.00115378064196273,4.188430682652066e-06
1,0.0020069000000000037,-0.08607901272099447,0.0002005936054288483,-12.0,0.04334039877457656,12.0,-0.001141047127427928,-4.313980516914772e-06,-4.313980316321166e-06,-8.607901272099446e-06,0.001153968145437949,4.313980516914772e-06
1,0.002007100000000004,-0.08858988164916466,0.0002005851152343564,-12.0,0.04459582050328502,12.0,-0.001140857991990534,-4.439523538805066e-06,-4.439523338219951e-06,-8.858988164916466e-06,0.001154155614719488,4.439523538805067e-06
1,0.002007300000000004,-0.09110061068156818,0.0002005763083711906,-12.0,0.04585117180910395,12.0,-0.001140668843066109,-4.565059550073277e-06,-4.565059349496968e-06,-9.110061068156817e-06,0.001154343049515201,4.565059550073277e-06
1,0.002007500000000004,-0.09361119585343197,0.000200567184854384,-12.0,0.04710645070966941,12.0,-0.001140479680957354,-4.690588352481502e-06,-4.690588151914318e-06,-9.361119585343197e-06,0.001154530449533108,4.690588352481502e-06
1,0.002007700000000004,-0.09612163320019332,0.000200557744694449,-12.0,0.04836165522271578,12.0,-0.001140290505967095,-4.816109747802134e-06,-4.816109547244389e-06,-9.612163320019332e-06,0.001154717814481403,4.816109747802134e-06
1,0.0020079000000000043,-0.09863191875752166,0.0002005479879099159,-12.0,0.04961678336610559,12.0,-0.001140101318398302,-4.941623537819568e-06,-4.941623337271579e-06,-9.863191875752166e-06,0.001154905144068435,4.941623537819568e-06
1,0.0020081000000000044,-0.1011420485613435,0.0002005379145152211,-12.0,0.05087183315782374,12.0,-0.001139912118554065,-5.067129524330852e-06,-5.067129323792938e-06,-1.011420485613435e-05,0.001155092438002735,5.067129524330852e-06
1,0.0020083000000000045,-0.1036520186478227,0.0002005275245257898,-12.0,0.05212680261597528,12.0,-0.001139722906737617,-5.192627509144947e-06,-5.192627308617425e-06,-1.036520186478227e-05,0.001155279695992987,5.192627509144949e-06
1,0.0020085000000000046,-0.1061618250533686,0.0002005168179573871,-12.0,0.05338168975878859,12.0,-0.00113953368325231,-5.31811729408312e-06,-5.318117093566303e-06,-1.061618250533687e-05,0.00115546691774806,5.31811729408312e-06
1,0.0020087000000000048,-0.1086714638146541,0.0002005057948282485,-12.0,0.05463649260462737,12.0,-0.001139344448401637,-5.443598680979913e-06,-5.443598480474118e-06,-1.086714638146541e-05,0.001155654102976978,5.443598680979912e-06
1,0.002008900000000005,-0.1111809309686221,0.0002004944551552146,-12.0,0.05589120917198842,12.0,-0.001139155202489217,-5.56907147168332e-06,-5.569071271188866e-06,-1.111809309686221e-05,0.001155841251388944,5.569071471683321e-06
1,0.002009100000000005,-0.1136902225524773,0.0002004827989552024,-12.0,0.05714583747949946,12.0,-0.001138965945818793,-5.694535468054426e-06,-5.694535267571627e-06,-1.136902225524773e-05,0.001156028362693328,5.694535468054426e-06
1,0.002009300000000005,-0.1161993346037052,0.0002004708262480365,-12.0,0.05840037554593293,12.0,-0.001138776678694246,-5.81999047196849e-06,-5.819990271497664e-06,-1.161993346037052e-05,0.001156215436599668,5.81999047196849e-06
1,0.002009500000000005,-0.1187082631600805,0.0002004585370520701,-12.0,0.05965482139020374,12.0,-0.001138587401419582,-5.945436285315167e-06,-5.945436084856631e-06,-1.187082631600805e-05,0.001156402472817677,5.945436285315167e-06
1,0.0020097000000000053,-0.1212170042596586,0.0002004459313856705,-12.0,0.06090917303136714,12.0,-0.001138398114298931,-6.070872709998147e-06,-6.070872509552215e-06,-1.212170042596586e-05,0.001156589471057237,6.070872709998147e-06
1,0.0020099000000000054,-0.123725553940794,0.0002004330092702303,-12.0,0.06216342848863243,12.0,-0.001138208817636552,-6.196299547936222e-06,-6.196299347503212e-06,-1.23725553940794e-05,0.001156776431028404,6.196299547936221e-06
1,0.0020101000000000055,-0.126233908242145,0.0002004197707247274,-12.0,0.0634175857813573,12.0,-0.001138019511736837,-6.321716601063257e-06,-6.321716400643488e-06,-1.26233908242145e-05,0.001156963352441404,6.321716601063258e-06
1,0.0020103000000000057,-0.1287420632026848,0.0002004062157724695,-12.0,0.06467164292906326,12.0,-0.001137830196904296,-6.44712367132908e-06,-6.447123470922864e-06,-1.287420632026848e-05,0.001157150235006634,6.44712367132908e-06
1,0.0020105000000000058,-0.1312500148616898,0.0002003923444304431,-12.0,0.06592559795141403,12.0,-0.001137640873443569,-6.572520560698361e-06,-6.572520360306014e-06,-1.312500148616898e-05,0.00115733707843467,6.572520560698359e-06
1,0.002010700000000006,-0.1337577592587543,0.0002003781567243776,-12.0,0.06717944886824528,12.0,-0.001137451541659426,-6.69790707115209e-06,-6.697906870773933e-06,-1.337577592587543e-05,0.001157523882436251,6.69790707115209e-06
1,0.002010900000000006,-0.1362652924338225,0.0002003636526763733,-12.0,0.06843319369956233,12.0,-0.001137262201856746,-6.823283004688596e-06,-6.823282804324943e-06,-1.362652924338225e-05,0.001157710646722307,6.823283004688596e-06
1,0.002011100000000006,-0.1387726104271473,0.0002003488323055677,-12.0,0.06968683046552032,12.0,-0.001137072854340547,-6.948648163321476e-06,-6.948647962972646e-06,-1.387726104271473e-05,0.001157897371003924,6.948648163321475e-06
1,0.0020113000000000062,-0.1412797092793305,0.0002003336956403895,-12.0,0.07094035718646279,12.0,-0.001136883499415974,-7.07400234908224e-06,-7.074002148748543e-06,-1.412797092793305e-05,0.001158084054992375,7.07400234908224e-06
1,0.0020115000000000063,-0.1437865850313332,0.0002003182427017663,-12.0,0.07219377188290169,12.0,-0.001136694137388276,-7.199345364019993e-06,-7.199345163701748e-06,-1.437865850313332e-05,0.001158270698399102,7.199345364019992e-06
1,0.0020117000000000065,-0.1462932337244428,0.000200302473512777,-12.0,0.07344707257551529,12.0,-0.001136504768562845,-7.324677010200251e-06,-7.324676809897777e-06,-1.462932337244428e-05,0.001158457300935722,7.324677010200251e-06
1,0.0020119000000000066,-0.1487996514003215,0.0002002863881021277,-12.0,0.0747002572851778,12.0,-0.00113631539324518,-7.44999708970757e-06,-7.44999688942118e-06,-1.487996514003215e-05,0.001158643862314035,7.449997089707568e-06
1,0.0020121000000000067,-0.1513058341010025,0.0002002699864922727,-12.0,0.07595332403293953,12.0,-0.001136126011740915,-7.575305404644726e-06,-7.57530520437474e-06,-1.513058341010025e-05,0.001158830382246012,7.575305404644725e-06
1,0.002012300000000007,-0.1538117778688737,0.0002002532687093023,-12.0,0.07720627084003348,12.0,-0.001135936624355793,-7.700601757132417e-06,-7.700601556879148e-06,-1.538117778688737e-05,0.0011590168604438,7.700601757132417e-06
1,0.002012500000000007,-0.1563174787467082,0.000200236234780625,-12.0,0.0784590957278874,12.0,-0.001135747231395689,-7.82588594931068e-06,-7.825885749074442e-06,-1.563174787467082e-05,0.001159203296619725,7.825885949310676e-06
1,0.002012700000000007,-0.1588229327776651,0.0002002188847322617,-12.0,0.07971179671811977,12.0,-0.001135557833166583,-7.951157783338751e-06,-7.951157583119866e-06,-1.588229327776651e-05,0.001159389690486294,7.951157783338751e-06
1,0.002012900000000007,-0.161328136005292,0.0002002012185922386,-12.0,0.08096437183254654,12.0,-0.00113536842997459,-8.076417061395432e-06,-8.076416861194211e-06,-1.61328136005292e-05,0.001159576041756186,8.07641706139543e-06
1,0.0020131000000000072,-0.1638330844735285,0.000200183236386986,-12.0,0.08221681909317707,12.0,-0.001135179022125938,-8.201663585679009e-06,-8.201663385495772e-06,-1.638330844735285e-05,0.001159762350142257,8.201663585679009e-06
1,0.0020133000000000074,-0.1663377742267178,0.0002001649381464521,-12.0,0.08346913652222794,12.0,-0.001134989609926971,-8.32689715840815e-06,-8.326896958243215e-06,-1.663377742267179e-05,0.001159948615357556,8.32689715840815e-06
1,0.0020135000000000075,-0.1688422013096183,0.0002001463238989337,-12.0,0.08472132214212079,12.0,-0.001134800193684157,-8.452117581822188e-06,-8.452117381675865e-06,-1.688422013096183e-05,0.001160134837115292,8.452117581822186e-06
1,0.0020137000000000076,-0.1713463617673939,0.0002001273936727693,-12.0,0.08597337397548006,12.0,-0.001134610773704071,-8.577324658180732e-06,-8.577324458053335e-06,-1.713463617673939e-05,0.001160321015128871,8.57732465818073e-06
1,0.0020139000000000077,-0.1738502516456304,0.0002001081474988856,-12.0,0.087225290045145,12.0,-0.001134421350293416,-8.702518189764612e-06,-8.702517989656463e-06,-1.738502516456304e-05,0.001160507149111865,8.70251818976461e-06
1,0.002014100000000008,-0.1763538669903548,0.0002000885854086948,-12.0,0.08847706837417631,12.0,-0.001134231923759011,-8.82769797887676e-06,-8.827697778788177e-06,-1.763538669903548e-05,0.001160693238778031,8.827697978876762e-06
1,0.002014300000000008,-0.1788572038480108,0.0002000687074292379,-12.0,0.08972870698583633,12.0,-0.00113404249440778,-8.95286382784071e-06,-8.952863627772003e-06,-1.788572038480108e-05,0.001160879283841317,8.95286382784071e-06
1,0.002014500000000008,-0.1813602582654806,0.0002000485135954591,-12.0,0.09098020390361862,12.0,-0.001133853062546772,-9.078015539002314e-06,-9.078015338953801e-06,-1.813602582654806e-05,0.001161065284015841,9.078015539002316e-06
1,0.002014700000000008,-0.1838630262901144,0.0002000280039390206,-12.0,0.09223155715124577,12.0,-0.001133663628483148,-9.203152914730677e-06,-9.203152714702673e-06,-1.838630262901144e-05,0.001161251239015903,9.203152914730676e-06
1,0.0020149000000000083,-0.1863655039696903,0.0002000071784884552,-12.0,0.0934827647526496,12.0,-0.001133474192524183,-9.328275757416118e-06,-9.328275557408938e-06,-1.863655039696903e-05,0.001161437148555985,9.328275757416116e-06
1,0.0020151000000000084,-0.1888676873524534,0.0001999860372816908,-12.0,0.09473382473200961,12.0,-0.001133284754977268,-9.453383869472793e-06,-9.453383669486754e-06,-1.888676873524534e-05,0.001161623012350763,9.453383869472793e-06
1,0.0020153000000000085,-0.1913695724871224,0.0001999645803483635,-12.0,0.09598473511372954,12.0,-0.001133095316149902,-9.578477053338117e-06,-9.578476853373539e-06,-1.913695724871224e-05,0.001161808830115083,9.578477053338119e-06
1,0.0020155000000000086,-0.1938711554228768,0.0001999428077242987,-12.0,0.09723549392245293,12.0,-0.001132905876349703,-9.703555111472863e-06,-9.703554911530055e-06,-1.938711554228768e-05,0.001161994601563977,9.703555111472863e-06
1,0.0020157000000000087,-0.1963724322093744,0.0001999207194419705,-12.0,0.09848609918305734,12.0,-0.001132716435884399,-9.828617846361537e-06,-9.828617646440818e-06,-1.963724322093744e-05,0.001162180326412663,9.828617846361537e-06
1,0.002015900000000009,-0.1988733988967562,0.000199898315537933,-12.0,0.09973654892066816,12.0,-0.001132526995061826,-9.953665060513023e-06,-9.953664860614708e-06,-1.988733988967562e-05,0.001162366004376546,9.953665060513023e-06
1,0.002016100000000009,-0.2013740515356601,0.0001998755960468529,-12.0,0.1009868411606563,12.0,-0.001132337554189934,-1.007869655646095e-05,-1.007869635658535e-05,-2.013740515356601e-05,0.001162551635171209,1.007869655646095e-05
1,0.002016300000000009,-0.2038743861772103,0.000199852561003605,-12.0,0.1022369739286362,12.0,-0.001132148113576786,-1.020371213676326e-05,-1.02037119369107e-05,-2.038743861772103e-05,0.001162737218512422,1.020371213676326e-05
1,0.002016500000000009,-0.2063743988730363,0.0001998292104459787,-12.0,0.1034869452504792,12.0,-0.001131958673530551,-1.032871160400333e-05,-1.032871140417412e-05,-2.063743988730363e-05,0.001162922754116148,1.032871160400333e-05
1,0.0020167000000000093,-0.2088740856752824,0.0001998055444101671,-12.0,0.1047367531523119,12.0,-0.001131769234359509,-1.045369476079017e-05,-1.045369456098463e-05,-2.088740856752824e-05,0.001163108241698518,1.045369476079017e-05
1,0.0020169000000000094,-0.211373442636598,0.0001997815629325161,-12.0,0.1059863956605134,12.0,-0.001131579796372047,-1.057866140975809e-05,-1.057866120997653e-05,-2.113734426365981e-05,0.001163293680975869,1.057866140975809e-05
1,0.0020171000000000095,-0.2138724658101564,0.0001997572660523417,-12.0,0.1072358708017294,12.0,-0.001131390359876666,-1.070361135356771e-05,-1.070361115381044e-05,-2.138724658101564e-05,0.001163479071664716,1.070361135356771e-05
1,0.0020173000000000096,-0.2163711512496597,0.0001997326538066002,-12.0,0.1084851766028663,12.0,-0.001131200925181965,-1.082854439490597e-05,-1.082854419517332e-05,-2.163711512496597e-05,0.001163664413481754,1.082854439490597e-05
1,0.0020175000000000097,-0.21886949500935,0.0001997077262363978,-12.0,0.1097343110911068,12.0,-0.001131011492596661,-1.095346033648705e-05,-1.095346013677932e-05,-2.1886949500935e-05,0.001163849706143879,1.095346033648705e-05
1,0.00201770000000001,-0.2213674931439943,0.0001996824833763594,-12.0,0.1109832722938865,12.0,-0.001130822062429569,-1.107835898105101e-05,-1.107835878136853e-05,-2.213674931439943e-05,0.001164034949368165,1.107835898105102e-05
1,0.00201790000000001,-0.2238651417089106,0.0001996569252717822,-12.0,0.1122320582389322,12.0,-0.001130632634989619,-1.120324013136605e-05,-1.120323993170912e-05,-2.238651417089106e-05,0.001164220142871875,1.120324013136604e-05
1,0.00201810000000001,-0.2263624367599841,0.0001996310519597339,-12.0,0.1134806669542422,12.0,-0.001130443210585837,-1.132810359022825e-05,-1.132810339059719e-05,-2.263624367599841e-05,0.001164405286372464,1.132810359022825e-05
1,0.00201830000000001,-0.2288593743536313,0.0001996048634798631,-12.0,0.1147290964680841,12.0,-0.001130253789527365,-1.145294916046042e-05,-1.145294896085556e-05,-2.288593743536313e-05,0.001164590379587573,1.145294916046042e-05
1,0.0020185000000000103,-0.2313559505468496,0.0001995783598772588,-12.0,0.1159773448090243,12.0,-0.001130064372123436,-1.15777766449147e-05,-1.157777644533634e-05,-2.313559505468496e-05,0.001164775422235031,1.15777766449147e-05
1,0.0020187000000000104,-0.2338521613972135,0.000199551541190765,-12.0,0.1172254100059083,12.0,-0.001129874958683403,-1.170258584647176e-05,-1.170258564692022e-05,-2.338521613972136e-05,0.001164960414032863,1.170258584647176e-05
1,0.0020189000000000105,-0.2363480029628579,0.0001995244074628894,-12.0,0.1184732900878673,12.0,-0.001129685549516703,-1.182737656804044e-05,-1.182737636851604e-05,-2.363480029628579e-05,0.00116514535469928,1.182737656804044e-05
1,0.0020191000000000106,-0.2388434713025087,0.0001994969587374995,-12.0,0.1197209830843301,12.0,-0.001129496144932894,-1.195214861255927e-05,-1.195214841306231e-05,-2.388434713025087e-05,0.001165330243952678,1.195214861255926e-05
1,0.0020193000000000108,-0.2413385624754859,0.0001994691950573668,-12.0,0.1209684870250209,12.0,-0.001129306745241629,-1.207690178299636e-05,-1.207690158352716e-05,-2.413385624754859e-05,0.001165515081511652,1.207690178299636e-05
1,0.002019500000000011,-0.2438332725416962,0.0001994411164652904,-12.0,0.1222157999399572,12.0,-0.001129117350752658,-1.220163588234919e-05,-1.220163568290808e-05,-2.438332725416963e-05,0.001165699867094991,1.220163588234919e-05
1,0.002019700000000011,-0.2463275975616514,0.000199412723006942,-12.0,0.1234629198594633,12.0,-0.001128927961775841,-1.232635071364564e-05,-1.232635051423292e-05,-2.463275975616514e-05,0.001165884600421659,1.232635071364564e-05
1,0.002019900000000011,-0.2488215335964746,0.0001993840147262171,-12.0,0.1247098448141668,12.0,-0.001128738578621131,-1.245104607994406e-05,-1.245104588056004e-05,-2.488215335964746e-05,0.001166069281210835,1.245104607994406e-05
1,0.002020100000000011,-0.2513150767079023,0.0001993549916689957,-12.0,0.1259565728350046,12.0,-0.001128549201598595,-1.257572178433356e-05,-1.257572158497857e-05,-2.513150767079023e-05,0.001166253909181859,1.257572178433356e-05
1,0.0020203000000000113,-0.253808222958287,0.0001993256538796173,-12.0,0.1272031019532195,12.0,-0.001128359831018375,-1.270037762993399e-05,-1.270037743060833e-05,-2.538082229582871e-05,0.001166438484054306,1.270037762993399e-05
1,0.0020205000000000114,-0.2563009684106071,0.0001992960014055578,-12.0,0.1284494302003719,12.0,-0.001128170467190735,-1.282501341989663e-05,-1.282501322060063e-05,-2.563009684106071e-05,0.001166623005547901,1.282501341989664e-05
1,0.0020207000000000115,-0.2587933091284884,0.0001992660342945984,-12.0,0.1296955556083464,12.0,-0.00112798111042603,-1.294962895740519e-05,-1.294962875813915e-05,-2.587933091284884e-05,0.001166807473382592,1.294962895740519e-05
1,0.0020209000000000117,-0.2612852411761789,0.0001992357525901628,-12.0,0.1309414762093322,12.0,-0.001127791761034707,-1.30742240456742e-05,-1.307422384643845e-05,-2.612852411761789e-05,0.00116699188727851,1.307422404567421e-05
1,0.0020211000000000118,-0.2637767606185706,0.0001992051563435571,-12.0,0.1321871900358522,12.0,-0.001127602419327318,-1.319879848795086e-05,-1.319879828874571e-05,-2.637767606185707e-05,0.001167176246955975,1.319879848795086e-05
1,0.002021300000000012,-0.2662678635212291,0.0001991742456028817,-12.0,0.1334326951207613,12.0,-0.001127413085614508,-1.332335208751584e-05,-1.33233518883416e-05,-2.662678635212291e-05,0.001167360552135519,1.332335208751584e-05
1,0.002021500000000012,-0.2687585459503533,0.000199143020413059,-12.0,0.1346779894972265,12.0,-0.001127223760207016,-1.344788464768134e-05,-1.344788444853832e-05,-2.687585459503533e-05,0.001167544802537841,1.344788464768135e-05
1,0.002021700000000012,-0.271248803972815,0.0001991114808284344,-12.0,0.135923071198765,12.0,-0.001127034443415687,-1.357239597179366e-05,-1.357239577268217e-05,-2.712488039728151e-05,0.001167728997883864,1.357239597179366e-05
1,0.0020219000000000122,-0.2737386336561649,0.0001990796268948603,-12.0,0.137167938259221,12.0,-0.001126845135551446,-1.369688586323262e-05,-1.369688566415299e-05,-2.737386336561649e-05,0.001167913137894695,1.369688586323262e-05
1,0.0020221000000000123,-0.2762280310686193,0.0001990474586647806,-12.0,0.1384125887127814,12.0,-0.00112665583692533,-1.382135412541166e-05,-1.382135392636421e-05,-2.762280310686193e-05,0.001168097222291628,1.382135412541166e-05
1,0.0020223000000000125,-0.278716992279079,0.0001990149761869064,-12.0,0.1396570205939696,12.0,-0.001126466547848447,-1.394580056177827e-05,-1.394580036276329e-05,-2.78716992279079e-05,0.001168281250796167,1.394580056177827e-05
1,0.0020225000000000126,-0.2812055133571331,0.0001989821795141955,-12.0,0.1409012319376596,12.0,-0.00112627726863202,-1.407022497581454e-05,-1.407022477683236e-05,-2.812055133571331e-05,0.001168465223130006,1.407022497581454e-05
1,0.0020227000000000127,-0.2836935903730728,0.0001989490686977319,-12.0,0.1421452207790737,12.0,-0.00112608799958736,-1.41946271710376e-05,-1.419462697208853e-05,-2.836935903730728e-05,0.001168649139015035,1.419462717103759e-05
1,0.002022900000000013,-0.2861812193978811,0.000198915643788683,-12.0,0.14338898515378,12.0,-0.001125898741025857,-1.431900695099914e-05,-1.431900675208349e-05,-2.861812193978811e-05,0.001168832998173353,1.431900695099914e-05
1,0.002023100000000013,-0.2886683965032516,0.0001988819048412693,-12.0,0.1446325230977068,12.0,-0.001125709493259019,-1.444336411928655e-05,-1.444336392040465e-05,-2.886683965032516e-05,0.001169016800327228,1.444336411928655e-05
1,0.002023300000000013,-0.2911551177615977,0.00019884785190806,-12.0,0.1458758326471395,12.0,-0.001125520256598407,-1.456769847952314e-05,-1.456769828067529e-05,-2.911551177615978e-05,0.001169200545199169,1.456769847952314e-05
1,0.002023500000000013,-0.2936413792460433,0.0001988134850417905,-12.0,0.1471189118387192,12.0,-0.001125331031355712,-1.469200983536774e-05,-1.469200963655425e-05,-2.936413792460433e-05,0.001169384232511851,1.469200983536774e-05
1,0.0020237000000000132,-0.2961271770304414,0.0001987788042980693,-12.0,0.1483617587094559,12.0,-0.001125141817842684,-1.481629799051578e-05,-1.481629779173697e-05,-2.961271770304414e-05,0.001169567861988156,1.481629799051578e-05
1,0.0020239000000000134,-0.2986125071893838,0.0001987438097309779,-12.0,0.1496043712967265,12.0,-0.00112495261637118,-1.494056274869955e-05,-1.494056254995574e-05,-2.986125071893838e-05,0.001169751433351169,1.494056274869955e-05
1,0.0020241000000000135,-0.3010973657981909,0.0001987085013947509,-12.0,0.1508467476382726,12.0,-0.001124763427253152,-1.506480391368778e-05,-1.506480371497928e-05,-3.010973657981909e-05,0.001169934946324169,1.506480391368778e-05
1,0.0020243000000000136,-0.3035817489329291,0.0001986728793460513,-12.0,0.1520888857722124,12.0,-0.001124574250800618,-1.518902128928663e-05,-1.518902109061376e-05,-3.035817489329291e-05,0.001170118400630641,1.518902128928663e-05
1,0.0020245000000000137,-0.3060656526704242,0.0001986369436414448,-12.0,0.1533307837370437,12.0,-0.001124385087325701,-1.531321467934023e-05,-1.531321448070328e-05,-3.060656526704242e-05,0.001170301795994264,1.531321467934023e-05
1,0.002024700000000014,-0.3085490730882591,0.00019860069433697,-12.0,0.154572439571642,12.0,-0.001124195937140599,-1.54373838877305e-05,-1.54373836891298e-05,-3.085490730882591e-05,0.001170485132138931,1.54373838877305e-05
1,0.002024900000000014,-0.311032006264763,0.0001985641314876385,-12.0,0.1558138513152543,12.0,-0.001124006800557615,-1.556152871837667e-05,-1.556152851981253e-05,-3.11032006264763e-05,0.001170668408788709,1.556152871837667e-05
1,0.002025100000000014,-0.3135144482790471,0.0001985272551552758,-12.0,0.1570550170075291,12.0,-0.00112381767788911,-1.568564897523738e-05,-1.568564877671012e-05,-3.135144482790471e-05,0.001170851625667912,1.568564897523738e-05
1,0.002025300000000014,-0.3159963952110067,0.0001984900653949073,-12.0,0.1582959346884963,12.0,-0.00112362856944756,-1.580974446231014e-05,-1.580974426382008e-05,-3.159963952110067e-05,0.001171034782500998,1.580974446231014e-05
1,0.0020255000000000143,-0.3184778431413006,0.0001984525622654998,-12.0,0.1595366023985742,12.0,-0.001123439475545506,-1.593381498363087e-05,-1.59338147851783e-05,-3.184778431413006e-05,0.001171217879012683,1.593381498363087e-05
1,0.0020257000000000144,-0.3209587881513848,0.0001984147458271995,-12.0,0.1607770181785806,12.0,-0.001123250396495582,-1.605786034327534e-05,-1.60578601448606e-05,-3.209587881513848e-05,0.001171400914927834,1.605786034327534e-05
1,0.0020259000000000145,-0.3234392263235139,0.0001983766161390704,-12.0,0.1620171800697317,12.0,-0.001123061332610507,-1.618188034535927e-05,-1.618188014698265e-05,-3.234392263235139e-05,0.001171583889971566,1.618188034535926e-05
1,0.0020261000000000146,-0.3259191537407334,0.0001983381732603151,-12.0,0.1632570861136389,12.0,-0.001122872284203064,-1.630587479403786e-05,-1.630587459569969e-05,-3.259191537407334e-05,0.001171766803869167,1.630587479403786e-05
1,0.0020263000000000147,-0.3283985664868991,0.0001982994172529534,-12.0,0.1644967343523231,12.0,-0.001122683251586161,-1.642984349350702e-05,-1.64298432952076e-05,-3.283985664868991e-05,0.001171949656346136,1.642984349350702e-05
1,0.002026500000000015,-0.3308774606466829,0.0001982603481771178,-12.0,0.1657361228282106,12.0,-0.001122494235072734,-1.655378624800334e-05,-1.6553786049743e-05,-3.308774606466829e-05,0.001172132447128191,1.655378624800335e-05
1,0.002026700000000015,-0.3333558323055744,0.0001982209660950918,-12.0,0.1669752495841395,12.0,-0.001122305234975848,-1.667770286180444e-05,-1.667770266358348e-05,-3.333558323055744e-05,0.001172315175941227,1.667770286180444e-05
1,0.002026900000000015,-0.3358336775498841,0.0001981812710675213,-12.0,0.1682141126633561,12.0,-0.001122116251608619,-1.680159313922885e-05,-1.680159294104758e-05,-3.358336775498841e-05,0.001172497842511368,1.680159313922885e-05
1,0.002027100000000015,-0.3383109924667528,0.0001981412631581747,-12.0,0.1694527101095263,12.0,-0.001121927285284242,-1.692545688463681e-05,-1.692545668649555e-05,-3.383109924667529e-05,0.001172680446564944,1.692545688463682e-05
1,0.0020273000000000153,-0.3407877731441734,0.0001981009424311952,-12.0,0.1706910399667429,12.0,-0.001121738336316024,-1.704929390243118e-05,-1.704929370433023e-05,-3.407877731441734e-05,0.001172862987828451,1.704929390243117e-05
1,0.0020275000000000154,-0.3432640156709652,0.0001980603089463545,-12.0,0.1719291002795052,12.0,-0.001121549405017311,-1.717310399705589e-05,-1.717310379899558e-05,-3.432640156709652e-05,0.001173045466028647,1.717310399705589e-05
1,0.0020277000000000155,-0.3457397161367968,0.0001980193627711679,-12.0,0.1731668890927487,12.0,-0.001121360491701546,-1.729688697299776e-05,-1.72968867749784e-05,-3.457397161367968e-05,0.001173227880892462,1.729688697299776e-05
1,0.0020279000000000156,-0.3482148706322137,0.0001979781039700146,-12.0,0.1744044044518429,12.0,-0.001121171596682263,-1.742064263478729e-05,-1.742064243680919e-05,-3.482148706322138e-05,0.00117341023214702,1.742064263478729e-05
1,0.0020281000000000157,-0.3506894752485997,0.0001979365326043592,-12.0,0.1756416444025717,12.0,-0.001120982720273049,-1.754437078699673e-05,-1.75443705890602e-05,-3.506894752485997e-05,0.001173592519519685,1.754437078699673e-05
1,0.002028300000000016,-0.3531635260782157,0.0001978946487446176,-12.0,0.1768786069911712,12.0,-0.001120793862787579,-1.766807123424266e-05,-1.766807103634802e-05,-3.531635260782157e-05,0.001173774742738019,1.766807123424266e-05
1,0.002028500000000016,-0.355637019214208,0.0001978524524535175,-12.0,0.1781152902643088,12.0,-0.001120605024539614,-1.779174378118553e-05,-1.779174358333308e-05,-3.55637019214208e-05,0.001173956901529775,1.779174378118553e-05
1,0.002028700000000016,-0.3581099507505858,0.0001978099437979081,-12.0,0.1793516922690892,12.0,-0.001120416205842967,-1.791538823252913e-05,-1.791538803471919e-05,-3.581099507505858e-05,0.001174138995622919,1.791538823252913e-05
1,0.002028900000000016,-0.3605823167822536,0.0001977671228458044,-12.0,0.1805878110530667,12.0,-0.00112022740701154,-1.803900439302209e-05,-1.803900419525497e-05,-3.605823167822536e-05,0.001174321024745642,1.803900439302209e-05
1,0.0020291000000000163,-0.36305411340501,0.0001977239896639726,-12.0,0.1818236446642409,12.0,-0.001120038628359309,-1.816259206745769e-05,-1.81625918697337e-05,-3.6305411340501e-05,0.001174502988626328,1.816259206745769e-05
1,0.0020293000000000164,-0.3655253367155535,0.0001976805443209689,-12.0,0.1830591911510637,12.0,-0.001119849870200328,-1.828615106067427e-05,-1.828615086299373e-05,-3.655253367155536e-05,0.001174684886993568,1.828615106067427e-05
1,0.0020295000000000165,-0.3679959828114827,0.0001976367868838091,-12.0,0.184294448562435,12.0,-0.001119661132848716,-1.840968117755512e-05,-1.840968097991832e-05,-3.679959828114827e-05,0.001174866719576173,1.840968117755512e-05
1,0.0020297000000000166,-0.370466047791309,0.0001975927174232006,-12.0,0.1855294149477165,12.0,-0.00111947241661866,-1.853318222302933e-05,-1.853318202543661e-05,-3.70466047791309e-05,0.001175048486103156,1.853318222302933e-05
1,0.0020299000000000168,-0.3729355277544683,0.0001975483360079494,-12.0,0.1867640883567294,12.0,-0.001119283721824436,-1.865665400207215e-05,-1.865665380452381e-05,-3.729355277544683e-05,0.001175230186303739,1.865665400207215e-05
1,0.002030100000000017,-0.3754044188013112,0.0001975036427069587,-12.0,0.1879984668397525,12.0,-0.001119095048780383,-1.878009631970455e-05,-1.878009612220091e-05,-3.754044188013112e-05,0.001175411819907348,1.878009631970455e-05
1,0.002030300000000017,-0.3778727170331212,0.0001974586375922127,-12.0,0.1892325484475353,12.0,-0.001118906397800899,-1.890350898099431e-05,-1.890350878353567e-05,-3.778727170331212e-05,0.00117559338664364,1.890350898099431e-05
1,0.002030500000000017,-0.380340418552124,0.0001974133207340301,-12.0,0.1904663312312963,12.0,-0.001118717769200476,-1.902689179105622e-05,-1.90268915936429e-05,-3.803404185521241e-05,0.001175774886242459,1.902689179105623e-05
1,0.002030700000000017,-0.3828075194614785,0.00019736769220291,-12.0,0.1916998132427206,12.0,-0.001118529163293649,-1.915024455505176e-05,-1.915024435768407e-05,-3.828075194614784e-05,0.001175956318433882,1.915024455505176e-05
1,0.0020309000000000173,-0.3852740158652926,0.0001973217520719051,-12.0,0.1929329925339717,12.0,-0.001118340580395047,-1.927356707818998e-05,-1.927356688086823e-05,-3.852740158652927e-05,0.001176137682948167,1.927356707818998e-05
1,0.0020311000000000174,-0.3877399038686383,0.000197275500413624,-12.0,0.1941658671576946,12.0,-0.001118152020819354,-1.93968591657281e-05,-1.93968589684526e-05,-3.877399038686383e-05,0.001176318979515822,1.93968591657281e-05
1,0.0020313000000000176,-0.3902051795775476,0.0001972289373005365,-12.0,0.1953984351670139,12.0,-0.001117963484881312,-1.952012062297134e-05,-1.952012042574241e-05,-3.902051795775476e-05,0.001176500207867543,1.952012062297134e-05
1,0.0020315000000000177,-0.3926698390990025,0.0001971820628038357,-12.0,0.1966306946155277,12.0,-0.001117774972895752,-1.964335125527238e-05,-1.964335105809032e-05,-3.926698390990026e-05,0.001176681367734238,1.964335125527238e-05
1,0.0020317000000000178,-0.3951338785409716,0.0001971348770016257,-12.0,0.197862643557337,12.0,-0.001117586485177558,-1.976655086803354e-05,-1.976655067089866e-05,-3.951338785409716e-05,0.001176862458847027,1.976655086803354e-05
1,0.002031900000000018,-0.3975972940124098,0.0001970873799650996,-12.0,0.1990942800470263,12.0,-0.001117398022041687,-1.988971926670612e-05,-1.988971906961874e-05,-3.975972940124098e-05,0.001177043480937254,1.988971926670612e-05
1,0.002032100000000018,-0.4000600816232401,0.0001970395717695306,-12.0,0.2003256021396701,12.0,-0.00111720958380316,-2.001285625679006e-05,-2.001285605975049e-05,-4.000600816232402e-05,0.001177224433736464,2.001285625679006e-05
1,0.002032300000000018,-0.4025222374843856,0.0001969914524913297,-12.0,0.2015566078908444,12.0,-0.001117021170777048,-2.013596164383531e-05,-2.013596144684385e-05,-4.025222374843857e-05,0.001177405316976434,2.013596164383531e-05
1,0.0020325000000000182,-0.4049837577077718,0.0001969430222057977,-12.0,0.2027872953566248,12.0,-0.001116832783278503,-2.02590352334419e-05,-2.025903503649888e-05,-4.049837577077718e-05,0.001177586130389142,2.02590352334419e-05
1,0.0020327000000000183,-0.4074446384063183,0.0001968942809882912,-12.0,0.2040176625935844,12.0,-0.001116644421622744,-2.038207683125961e-05,-2.038207663436533e-05,-4.074446384063183e-05,0.00117776687370676,2.038207683125961e-05
1,0.0020329000000000185,-0.4099048756939582,0.0001968452289171085,-12.0,0.205247707658807,12.0,-0.001116456086125032,-2.0505086242989e-05,-2.050508604614377e-05,-4.099048756939582e-05,0.001177947546661725,2.0505086242989e-05
1,0.0020331000000000186,-0.4123644656856465,0.0001967958660690217,-12.0,0.2064774286098855,12.0,-0.001116267777100721,-2.062806327438165e-05,-2.062806307758578e-05,-4.123644656856465e-05,0.001178128148986629,2.062806327438165e-05
1,0.0020333000000000187,-0.4148234044973516,0.000196746192520858,-12.0,0.207706823504919,12.0,-0.001116079494865196,-2.075100773123981e-05,-2.075100753449362e-05,-4.148234044973516e-05,0.001178308680414328,2.075100773123981e-05
1,0.002033500000000019,-0.4172816882460729,0.0001966962083522761,-12.0,0.208935890402527,12.0,-0.001115891239733918,-2.087391941941747e-05,-2.087391922272126e-05,-4.172816882460729e-05,0.001178489140677873,2.087391941941747e-05
1,0.002033700000000019,-0.4197393130498456,0.0001966459136408805,-12.0,0.2101646273618433,12.0,-0.001115703012022407,-2.099679814482023e-05,-2.099679794817433e-05,-4.197393130498457e-05,0.001178669529510526,2.099679814482024e-05
1,0.002033900000000019,-0.422196275027752,0.0001965953084682448,-12.0,0.2113930324425315,12.0,-0.001115514812046251,-2.111964371340633e-05,-2.111964351681101e-05,-4.221962750277521e-05,0.001178849846645763,2.111964371340632e-05
1,0.002034100000000019,-0.4246525702999099,0.000196544392909781,-12.0,0.2126211037047636,12.0,-0.001115326640121077,-2.124245593118537e-05,-2.124245573464098e-05,-4.246525702999099e-05,0.001179030091817301,2.124245593118538e-05
1,0.0020343000000000193,-0.4271081949874864,0.0001964931670495329,-12.0,0.2138488392092492,12.0,-0.001115138496562588,-2.136523460421996e-05,-2.13652344077268e-05,-4.271081949874864e-05,0.001179210264759055,2.136523460421996e-05
1,0.0020345000000000194,-0.4295631452127301,0.0001964416309679362,-12.0,0.2150762370172333,12.0,-0.00111495038168655,-2.148797953862654e-05,-2.148797934218491e-05,-4.295631452127302e-05,0.001179390365205146,2.148797953862654e-05
1,0.0020347000000000195,-0.43201741709893,0.0001963897847426233,-12.0,0.2163032951904768,12.0,-0.001114762295808761,-2.161069054057342e-05,-2.161069034418363e-05,-4.320174170989301e-05,0.001179570392889934,2.161069054057342e-05
1,0.0020349000000000196,-0.4344710067704555,0.0001963376284603024,-12.0,0.2175300117912944,12.0,-0.001114574239245096,-2.173336741628341e-05,-2.173336721994579e-05,-4.344710067704555e-05,0.001179750347547994,2.173336741628341e-05
1,0.0020351000000000197,-0.4369239103527635,0.0001962851621997719,-12.0,0.218756384882533,12.0,-0.001114386212311486,-2.185600997203333e-05,-2.185600977574817e-05,-4.369239103527635e-05,0.001179930228914106,2.185600997203333e-05
1,0.00203530000000002,-0.4393761239723767,0.000196232386044326,-12.0,0.2199824125275787,12.0,-0.001114198215323901,-2.197861801415344e-05,-2.197861781792105e-05,-4.393761239723767e-05,0.001180110036723272,2.197861801415344e-05
1,0.00203550000000002,-0.441827643756917,0.0001961793000778422,-12.0,0.2212080927903682,12.0,-0.001114010248598397,-2.210119134902904e-05,-2.210119115284974e-05,-4.41827643756917e-05,0.001180289770710718,2.210119134902904e-05
1,0.00203570000000002,-0.4442784658351018,0.0001961259043834207,-12.0,0.2224334237353851,12.0,-0.001113822312451048,-2.222372978310017e-05,-2.222372958697426e-05,-4.442784658351018e-05,0.001180469430611893,2.222372978310017e-05
1,0.00203590000000002,-0.4467285863367512,0.000196072199045827,-12.0,0.2236584034276663,12.0,-0.001113634407198017,-2.234623312286205e-05,-2.234623292678985e-05,-4.467285863367512e-05,0.001180649016162442,2.234623312286205e-05
1,0.0020361000000000203,-0.4491780013927881,0.0001960181841482167,-12.0,0.2248830299327982,12.0,-0.001113446533155489,-2.246870117486501e-05,-2.246870097884682e-05,-4.491780013927881e-05,0.001180828527098259,2.2468701174865e-05
1,0.0020363000000000204,-0.4516267071352509,0.0001959638597773816,-12.0,0.2261073013169301,12.0,-0.001113258690639718,-2.259113374571528e-05,-2.259113354975141e-05,-4.516267071352509e-05,0.001181007963155446,2.259113374571528e-05
1,0.0020365000000000205,-0.4540746996973049,0.0001959092260183093,-12.0,0.2273312156467722,12.0,-0.001113070879967017,-2.271353064207539e-05,-2.271353044616616e-05,-4.540746996973048e-05,0.001181187324070312,2.271353064207539e-05
1,0.0020367000000000206,-0.456521975213232,0.0001958542829562093,-12.0,0.2285547709895931,12.0,-0.001112883101453719,-2.283589167066369e-05,-2.283589147480941e-05,-4.56521975213232e-05,0.001181366609579407,2.283589167066369e-05
1,0.0020369000000000207,-0.4589685298184497,0.0001957990306790114,-12.0,0.2297779654132337,12.0,-0.001112695355416252,-2.295821663825547e-05,-2.295821644245644e-05,-4.589685298184498e-05,0.001181545819419486,2.295821663825547e-05
1,0.002037100000000021,-0.4614143596495198,0.0001957434692734794,-12.0,0.2310007969861048,12.0,-0.001112507642171058,-2.308050535168314e-05,-2.308050515593967e-05,-4.614143596495198e-05,0.001181724953327544,2.308050535168314e-05
1,0.002037300000000021,-0.4638594608441401,0.0001956875988259332,-12.0,0.232223263777185,12.0,-0.001112319962034647,-2.320275761783591e-05,-2.320275742214831e-05,-4.638594608441401e-05,0.00118190401104076,2.320275761783591e-05
1,0.002037500000000021,-0.4663038295411593,0.0001956314194256625,-12.0,0.2334453638560323,12.0,-0.001112132315323575,-2.332497324366067e-05,-2.332497304802925e-05,-4.663038295411593e-05,0.001182082992296579,2.332497324366067e-05
1,0.002037700000000021,-0.4687474618805963,0.0001955749311622623,-12.0,0.2346670952927908,12.0,-0.001111944702354446,-2.344715203616286e-05,-2.344715184058793e-05,-4.687474618805964e-05,0.001182261896832636,2.344715203616286e-05
1,0.0020379000000000213,-0.4711903540036146,0.0001955181341205814,-12.0,0.2358884561581695,12.0,-0.001111757123443895,-2.356929380240489e-05,-2.356929360688676e-05,-4.711903540036146e-05,0.001182440724386825,2.356929380240489e-05
1,0.0020381000000000214,-0.4736325020525524,0.0001954610283954328,-12.0,0.2371094445234797,12.0,-0.001111569578908626,-2.369139834950843e-05,-2.369139815404739e-05,-4.736325020525524e-05,0.001182619474697201,2.369139834950843e-05
1,0.0020383000000000215,-0.4760739021709337,0.0001954036140729698,-12.0,0.2383300584606124,12.0,-0.00111138206906539,-2.381346548465395e-05,-2.381346528925034e-05,-4.760739021709337e-05,0.001182798147502096,2.381346548465394e-05
1,0.0020385000000000216,-0.4785145505034519,0.0001953458912456185,-12.0,0.2395502960420533,12.0,-0.00111119459423098,-2.393549501508077e-05,-2.393549481973488e-05,-4.78514550503452e-05,0.001182976742540035,2.393549501508077e-05
1,0.0020387000000000217,-0.4809544431959891,0.0001952878600028074,-12.0,0.2407701553408774,12.0,-0.001111007154722198,-2.405748674808746e-05,-2.40574865527996e-05,-4.809544431959891e-05,0.00118315525954981,2.405748674808746e-05
1,0.002038900000000022,-0.4833935763956211,0.0001952295204374344,-12.0,0.2419896344307619,12.0,-0.001110819750855967,-2.417944049103245e-05,-2.417944029580293e-05,-4.833935763956211e-05,0.001183333698270353,2.417944049103244e-05
1,0.002039100000000022,-0.4858319462506291,0.000195170872640843,-12.0,0.2432087313859846,12.0,-0.001110632382949173,-2.430135605133437e-05,-2.43013558561635e-05,-4.858319462506292e-05,0.001183512058440916,2.430135605133437e-05
1,0.002039300000000022,-0.4882695489104907,0.0001951119167047932,-12.0,0.2444274442814216,12.0,-0.001110445051318795,-2.442323323647168e-05,-2.442323304135978e-05,-4.882695489104907e-05,0.001183690339800914,2.442323323647168e-05
1,0.002039500000000022,-0.4907063805258983,0.0001950526527233765,-12.0,0.2456457711925607,12.0,-0.00111025775628185,-2.454507185398373e-05,-2.454507165893108e-05,-4.907063805258983e-05,0.001183868542089992,2.454507185398373e-05
1,0.0020397000000000223,-0.4931424372487679,0.0001949930807895184,-12.0,0.246863710195499,12.0,-0.001110070498155376,-2.466687171147095e-05,-2.466687151647787e-05,-4.931424372487679e-05,0.001184046665048046,2.466687171147095e-05
1,0.0020399000000000224,-0.4955777152322299,0.0001949332009962002,-12.0,0.2480812593669412,12.0,-0.001109883277256463,-2.478863261659451e-05,-2.47886324216613e-05,-4.955777152322299e-05,0.001184224708415175,2.47886326165945e-05
1,0.0020401000000000225,-0.4980122106306474,0.0001948730134392063,-12.0,0.2492984167842127,12.0,-0.001109696093902254,-2.491035437707735e-05,-2.491035418220433e-05,-4.980122106306474e-05,0.001184402671931695,2.491035437707735e-05
1,0.0020403000000000227,-0.5004459195996215,0.000194812518212073,-12.0,0.250515180525254,12.0,-0.001109508948409915,-2.50320368007042e-05,-2.503203660589168e-05,-5.004459195996215e-05,0.001184580555338186,2.503203680070419e-05
1,0.0020405000000000228,-0.5028788382960006,0.000194751715412389,-12.0,0.251731548668636,12.0,-0.00110932184109664,-2.515367969532235e-05,-2.515367950057065e-05,-5.028788382960006e-05,0.001184758358375428,2.515367969532236e-05
1,0.002040700000000023,-0.5053109628778695,0.0001946906051320252,-12.0,0.2529475192935388,12.0,-0.001109134772279721,-2.527528286884068e-05,-2.527528267415008e-05,-5.053109628778695e-05,0.001184936080784404,2.527528286884068e-05
1,0.002040900000000023,-0.5077422895045651,0.0001946291874707073,-12.0,0.2541630904797805,12.0,-0.001108947742276409,-2.539684612923097e-05,-2.539684593460179e-05,-5.077422895045651e-05,0.001185113722306369,2.539684612923098e-05
1,0.002041100000000023,-0.5101728143367055,0.0001945674625251914,-12.0,0.2553782603078151,12.0,-0.001108760751404054,-2.551836928452899e-05,-2.551836908996153e-05,-5.101728143367055e-05,0.001185291282682771,2.5518369284529e-05
1,0.0020413000000000232,-0.512602533536151,0.0001945054303890137,-12.0,0.2565930268587134,12.0,-0.001108573799980011,-2.563985214283244e-05,-2.5639851948327e-05,-5.126025335361511e-05,0.001185468761655296,2.563985214283244e-05
1,0.0020415000000000233,-0.5150314432660429,0.0001944430911650363,-12.0,0.2578073882141999,12.0,-0.001108386888321673,-2.576129451230349e-05,-2.57612943178604e-05,-5.150314432660429e-05,0.001185646158965881,2.576129451230349e-05
1,0.0020417000000000234,-0.5174595396908119,0.0001943804449480169,-12.0,0.2590213424566324,12.0,-0.001108200016746476,-2.588269620116844e-05,-2.5882696006788e-05,-5.174595396908119e-05,0.001185823474356647,2.588269620116844e-05
1,0.0020419000000000236,-0.5198868189761544,0.0001943174918372648,-12.0,0.2602348876690079,12.0,-0.001108013185571903,-2.600405701771707e-05,-2.600405682339959e-05,-5.198868189761544e-05,0.001186000707569961,2.600405701771707e-05
1,0.0020421000000000237,-0.5223132772890661,0.0001942542319329221,-12.0,0.2614480219349747,12.0,-0.001107826395115447,-2.612537677030418e-05,-2.612537657604995e-05,-5.223132772890661e-05,0.001186177858348438,2.612537677030418e-05
1,0.002042300000000024,-0.5247389107978438,0.0001941906653342707,-12.0,0.2626607433388299,12.0,-0.001107639645694651,-2.624665526734957e-05,-2.624665507315891e-05,-5.247389107978439e-05,0.001186354926434891,2.624665526734957e-05
1,0.002042500000000024,-0.5271637156720774,0.0001941267921405643,-12.0,0.2638730499655175,12.0,-0.001107452937627089,-2.636789231733769e-05,-2.63678921232109e-05,-5.271637156720774e-05,0.001186531911572371,2.63678923173377e-05
1,0.002042700000000024,-0.529587688082669,0.0001940626124538325,-12.0,0.2650849399006414,12.0,-0.00110726627123036,-2.648908772881876e-05,-2.648908753475614e-05,-5.29587688082669e-05,0.001186708813504165,2.648908772881875e-05
1,0.002042900000000024,-0.5320108242018387,0.0001939981263743007,-12.0,0.266296411230462,12.0,-0.0011070796468221,-2.661024131040877e-05,-2.661024111641065e-05,-5.320108242018387e-05,0.001186885631973791,2.661024131040877e-05
1,0.0020431000000000242,-0.5344331202031254,0.0001939333340043869,-12.0,0.2675074620419026,12.0,-0.00110689306471997,-2.673135287078982e-05,-2.673135267685649e-05,-5.344331202031254e-05,0.001187062366724993,2.673135287078982e-05
1,0.0020433000000000244,-0.5368545722613911,0.0001938682354447607,-12.0,0.268718090422545,12.0,-0.001106706525241686,-2.685242221871003e-05,-2.685242202484179e-05,-5.368545722613911e-05,0.001187239017501715,2.685242221871003e-05
1,0.0020435000000000245,-0.539275176552832,0.0001938028307995887,-12.0,0.2699282944606437,12.0,-0.001106520028704958,-2.697344916298441e-05,-2.697344896918158e-05,-5.39275176552832e-05,0.001187415584048196,2.697344916298441e-05
1,0.0020437000000000246,-0.5416949292549895,0.000193737120171289,-12.0,0.2711380722451229,12.0,-0.001106333575427554,-2.709443351249516e-05,-2.709443331875804e-05,-5.416949292549896e-05,0.001187592066108835,2.709443351249516e-05
1,0.0020439000000000247,-0.5441138265467395,0.0001936711036627237,-12.0,0.2723474218655749,12.0,-0.00110614716572727,-2.721537507619122e-05,-2.721537488252011e-05,-5.441138265467395e-05,0.001187768463428298,2.721537507619122e-05
1,0.002044100000000025,-0.5465318646083113,0.0001936047813788089,-12.0,0.2735563414122716,12.0,-0.001105960799921882,-2.733627366308929e-05,-2.733627346948451e-05,-5.465318646083113e-05,0.001187944775751494,2.733627366308928e-05
1,0.002044300000000025,-0.5489490396213035,0.0001935381534251823,-12.0,0.274764828976171,12.0,-0.001105774478329262,-2.745712908227459e-05,-2.745712888873643e-05,-5.489490396213035e-05,0.00118812100282354,2.745712908227458e-05
1,0.002044500000000025,-0.5513653477686591,0.0001934712199027355,-12.0,0.2759728826488959,12.0,-0.001105588201267264,-2.757794114289931e-05,-2.757794094942809e-05,-5.513653477686591e-05,0.001188297144389783,2.757794114289931e-05
1,0.002044700000000025,-0.5537807852346969,0.0001934039809221577,-12.0,0.2771805005227714,12.0,-0.001105401969053791,-2.769870965418493e-05,-2.769870946078095e-05,-5.537807852346969e-05,0.00118847320019581,2.769870965418493e-05
1,0.0020449000000000253,-0.5561953482051241,0.0001933364365863943,-12.0,0.278387680690806,12.0,-0.001105215782006751,-2.781943442542196e-05,-2.781943423208552e-05,-5.561953482051241e-05,0.001188649169987444,2.781943442542197e-05
1,0.0020451000000000254,-0.558609032867003,0.0001932685870008055,-12.0,0.2795944212466887,12.0,-0.001105029640444091,-2.794011526596879e-05,-2.794011507270019e-05,-5.58609032867003e-05,0.001188825053510735,2.794011526596879e-05
1,0.0020453000000000255,-0.5610218354088004,0.0001932004322758585,-12.0,0.2808007202848183,12.0,-0.001104843544683792,-2.806075198525424e-05,-2.806075179205381e-05,-5.610218354088004e-05,0.001189000850511934,2.806075198525424e-05
1,0.0020455000000000256,-0.5634337520203774,0.0001931319725159697,-12.0,0.2820065759002823,12.0,-0.001104657495043831,-2.818134439277663e-05,-2.818134419964467e-05,-5.634337520203774e-05,0.001189176560737585,2.818134439277664e-05
1,0.0020457000000000257,-0.565844778892987,0.0001930632078308292,-12.0,0.2832119861888718,12.0,-0.001104471491842233,-2.83018922981041e-05,-2.830189210504089e-05,-5.65844778892987e-05,0.001189352183934428,2.83018922981041e-05
1,0.002045900000000026,-0.5682549122192881,0.0001929941383270184,-12.0,0.284416949247076,12.0,-0.001104285535397018,-2.84223955108749e-05,-2.842239531788076e-05,-5.682549122192881e-05,0.00118952771984945,2.84223955108749e-05
1,0.002046100000000026,-0.5706641481933504,0.00019292476411506,-12.0,0.2856214631720955,12.0,-0.001104099626026263,-2.854285384079804e-05,-2.854285364787327e-05,-5.706641481933504e-05,0.001189703168229837,2.854285384079804e-05
1,0.002046300000000026,-0.573072483010667,0.0001928550853037281,-12.0,0.28682552606184,12.0,-0.001103913764048024,-2.866326709765362e-05,-2.866326690479854e-05,-5.73072483010667e-05,0.001189878528823064,2.866326709765362e-05
1,0.002046500000000026,-0.5754799128681453,0.0001927851020019355,-12.0,0.2880291360149265,12.0,-0.001103727949780416,-2.878363509129246e-05,-2.878363489850736e-05,-5.754799128681453e-05,0.001190053801376798,2.878363509129246e-05
1,0.0020467000000000263,-0.5778864339641244,0.0001927148143213153,-12.0,0.2892322911306923,12.0,-0.001103542183541556,-2.89039576316371e-05,-2.890395743892229e-05,-5.778864339641244e-05,0.00119022898563895,2.89039576316371e-05
1,0.0020469000000000264,-0.5802920424983848,0.0001926442223722513,-12.0,0.290434989509193,12.0,-0.001103356465649588,-2.902423452868207e-05,-2.902423433603786e-05,-5.802920424983849e-05,0.001190404081357659,2.902423452868208e-05
1,0.0020471000000000265,-0.5826967346721392,0.0001925733262649332,-12.0,0.2916372292512002,12.0,-0.001103170796422651,-2.914446559249353e-05,-2.914446539992021e-05,-5.826967346721392e-05,0.001190579088281331,2.914446559249353e-05
1,0.0020473000000000266,-0.5851005066880475,0.0001925021261121873,-12.0,0.2928390084582133,12.0,-0.001102985176178933,-2.926465063321011e-05,-2.926465044070798e-05,-5.851005066880475e-05,0.001190754006158552,2.926465063321011e-05
1,0.0020475000000000267,-0.5875033547502321,0.0001924306220266736,-12.0,0.2940403252324623,12.0,-0.001102799605236616,-2.938478946104357e-05,-2.938478926861294e-05,-5.875033547502321e-05,0.001190928834738203,2.938478946104357e-05
1,0.002047700000000027,-0.5899052750642738,0.0001923588141203858,-12.0,0.2952411776769057,12.0,-0.001102614083913902,-2.950488188627853e-05,-2.950488169391971e-05,-5.899052750642738e-05,0.00119110357376935,2.950488188627854e-05
1,0.002047900000000027,-0.5923062638372023,0.0001922867025046238,-12.0,0.2964415638952251,12.0,-0.001102428612529027,-2.962492771927205e-05,-2.962492752698534e-05,-5.923062638372024e-05,0.00119127822300133,2.962492771927206e-05
1,0.002048100000000027,-0.5947063172775309,0.0001922142872968768,-12.0,0.2976414819918536,12.0,-0.001102243191400221,-2.974492677045567e-05,-2.974492657824139e-05,-5.947063172775309e-05,0.001191452782183692,2.974492677045568e-05
1,0.002048300000000027,-0.5971054315952568,0.0001921415686085004,-12.0,0.2988409300719568,12.0,-0.001102057820845725,-2.986487885033483e-05,-2.986487865819326e-05,-5.971054315952568e-05,0.001191627251066231,2.986487885033483e-05
1,0.0020485000000000273,-0.5995036030018439,0.0001920685465543748,-12.0,0.300039906241439,12.0,-0.001101872501183824,-2.998478376948846e-05,-2.998478357741992e-05,-5.99503603001844e-05,0.001191801629398977,2.998478376948847e-05
1,0.0020487000000000274,-0.6019008277102534,0.0001919952212506293,-12.0,0.3012384086069549,12.0,-0.001101687232732795,-3.010464133857043e-05,-3.010464114657521e-05,-6.019008277102535e-05,0.001191975916932184,3.010464133857043e-05
1,0.0020489000000000275,-0.6042971019349461,0.0001919215928121998,-12.0,0.3024364352759073,12.0,-0.001101502015810919,-3.022445136830951e-05,-3.022445117638792e-05,-6.042971019349462e-05,0.001192150113416373,3.022445136830951e-05
1,0.0020491000000000276,-0.6066924218918741,0.0001918476613543829,-12.0,0.3036339843564452,12.0,-0.001101316850736486,-3.034421366950909e-05,-3.034421347766143e-05,-6.066924218918741e-05,0.001192324218602291,3.034421366950909e-05
1,0.0020493000000000277,-0.6090867837985001,0.0001917734269950844,-12.0,0.3048310539574769,12.0,-0.001101131737827828,-3.046392805304819e-05,-3.046392786127476e-05,-6.090867837985002e-05,0.00119249823224089,3.046392805304818e-05
1,0.002049500000000028,-0.6114801838738059,0.0001916988898506555,-12.0,0.3060276421886678,12.0,-0.001100946677403274,-3.058359432988172e-05,-3.058359413818283e-05,-6.114801838738059e-05,0.001192672154083384,3.058359432988172e-05
1,0.002049700000000028,-0.6138726183382824,0.0001916240500378086,-12.0,0.3072237471604384,12.0,-0.001100761669781142,-3.070321231104005e-05,-3.070321211941601e-05,-6.138726183382825e-05,0.001192845983881256,3.070321231104006e-05
1,0.002049900000000028,-0.6162640834139486,0.000191548907675948,-12.0,0.3084193669839772,12.0,-0.001100576715279786,-3.082278180763013e-05,-3.082278161608122e-05,-6.162640834139486e-05,0.001193019721386159,3.082278180763013e-05
1,0.002050100000000028,-0.6186545753243584,0.0001914734628823689,-12.0,0.3096144997712374,12.0,-0.001100391814217543,-3.094230263083551e-05,-3.094230243936204e-05,-6.186545753243584e-05,0.00119319336635005,3.094230263083551e-05
1,0.0020503000000000283,-0.6210440902946013,0.0001913977157768088,-12.0,0.3108091436349429,12.0,-0.001100206966912789,-3.106177459191662e-05,-3.106177440051891e-05,-6.210440902946014e-05,0.001193366918525077,3.106177459191662e-05
1,0.0020505000000000284,-0.6234326245513044,0.0001913216664772011,-12.0,0.3120032966885847,12.0,-0.001100022173683879,-3.118119750221074e-05,-3.118119731088908e-05,-6.234326245513045e-05,0.001193540377663636,3.118119750221074e-05
1,0.0020507000000000285,-0.6258201743226434,0.0001912453151047544,-12.0,0.3131969570464319,12.0,-0.001099837434849184,-3.130057117313272e-05,-3.13005709818874e-05,-6.258201743226434e-05,0.001193713743518406,3.130057117313272e-05
1,0.0020509000000000287,-0.6282067358383625,0.0001911686617806219,-12.0,0.3143901228235388,12.0,-0.001099652750727095,-3.141989541617581e-05,-3.141989522500715e-05,-6.282067358383625e-05,0.001193887015842221,3.141989541617582e-05
1,0.0020511000000000288,-0.6305923053297475,0.0001910917066217932,-12.0,0.3155827921357235,12.0,-0.001099468121635978,-3.153917004291018e-05,-3.153916985181847e-05,-6.305923053297476e-05,0.001194060194388245,3.153917004291018e-05
1,0.002051300000000029,-0.632976879029658,0.0001910144497545285,-12.0,0.3167749630996053,12.0,-0.001099283547894226,-3.165839486498508e-05,-3.165839467397063e-05,-6.32976879029658e-05,0.001194233278909815,3.165839486498508e-05
1,0.002051500000000029,-0.6353604531725393,0.0001909368912976217,-12.0,0.3179666338325851,12.0,-0.001099099029820243,-3.177756969412874e-05,-3.177756950319185e-05,-6.353604531725393e-05,0.001194406269160536,3.177756969412874e-05
1,0.002051700000000029,-0.6377430239943901,0.0001908590313722536,-12.0,0.3191578024528436,12.0,-0.001098914567732413,-3.189669434214714e-05,-3.189669415128812e-05,-6.377430239943902e-05,0.001194579164894252,3.189669434214714e-05
1,0.0020519000000000292,-0.6401245877328086,0.0001907808701046843,-12.0,0.32034846707937,12.0,-0.00109873016194913,-3.201576862092653e-05,-3.201576843014566e-05,-6.401245877328086e-05,0.001194751965865028,3.201576862092653e-05
1,0.0020521000000000293,-0.6425051406269876,0.0001907024076150399,-12.0,0.3215386258319404,12.0,-0.001098545812788791,-3.213479234243254e-05,-3.213479215173013e-05,-6.425051406269876e-05,0.001194924671827212,3.213479234243254e-05
1,0.0020523000000000294,-0.6448846789177078,0.0001906236440287756,-12.0,0.3227282768311335,12.0,-0.001098361520569809,-3.225376531871048e-05,-3.225376512808684e-05,-6.448846789177079e-05,0.001195097282535341,3.225376531871047e-05
1,0.0020525000000000296,-0.6472631988473525,0.0001905445794682936,-12.0,0.3239174181983245,12.0,-0.001098177285610576,-3.237268736188562e-05,-3.237268717134104e-05,-6.472631988473525e-05,0.001195269797744231,3.237268736188562e-05
1,0.0020527000000000297,-0.6496406966599132,0.0001904652140599095,-12.0,0.3251060480556986,12.0,-0.001097993108229493,-3.249155828416387e-05,-3.249155809369866e-05,-6.496406966599133e-05,0.001195442217208915,3.249155828416387e-05
1,0.00205290000000003,-0.6520171686010017,0.0001903855479282179,-12.0,0.3262941645262487,12.0,-0.001097808988744953,-3.261037789783205e-05,-3.261037770744649e-05,-6.520171686010017e-05,0.001195614540684675,3.261037789783205e-05
1,0.00205310000000003,-0.6543926109178423,0.0001903055811976195,-12.0,0.3274817657337734,12.0,-0.001097624927475352,-3.272914601525758e-05,-3.2729145824952e-05,-6.543926109178423e-05,0.001195786767927053,3.272914601525758e-05
1,0.00205330000000003,-0.6567670198592864,0.0001902253139957344,-12.0,0.32866884980289,12.0,-0.001097440924739103,-3.284786244888942e-05,-3.284786225866411e-05,-6.567670198592864e-05,0.001195958898691798,3.284786244888942e-05
1,0.00205350000000003,-0.6591403916758241,0.0001901447464484896,-12.0,0.3298554148590322,12.0,-0.001097256980854583,-3.296652701125838e-05,-3.296652682111363e-05,-6.59140391675824e-05,0.001196130932734935,3.296652701125837e-05
1,0.0020537000000000302,-0.6615127226195738,0.0001900638786819786,-12.0,0.3310414590284487,12.0,-0.001097073096140176,-3.308513951497667e-05,-3.308513932491279e-05,-6.615127226195739e-05,0.001196302869812711,3.308513951497667e-05
1,0.0020539000000000304,-0.6638840089442992,0.0001899827108246543,-12.0,0.3322269804382137,12.0,-0.001096889270914274,-3.320369977273891e-05,-3.32036995827562e-05,-6.638840089442992e-05,0.001196474709681608,3.320369977273891e-05
1,0.0020541000000000305,-0.6662542469054262,0.0001899012430055524,-12.0,0.3334119772162338,12.0,-0.001096705505495274,-3.332220759732283e-05,-3.332220740742159e-05,-6.662542469054263e-05,0.001196646452098368,3.332220759732283e-05
1,0.0020543000000000306,-0.6686234327600206,0.0001898194753493787,-12.0,0.3345964474912291,12.0,-0.001096521800201519,-3.344066280158798e-05,-3.34406626117685e-05,-6.686234327600206e-05,0.001196818096819971,3.344066280158797e-05
1,0.0020545000000000307,-0.6709915627668082,0.000189737407988444,-12.0,0.3357803893927609,12.0,-0.001096338155351401,-3.355906519847724e-05,-3.355906500873983e-05,-6.709915627668082e-05,0.001196989643603645,3.355906519847725e-05
1,0.002054700000000031,-0.6733586331861985,0.0001896550410513398,-12.0,0.3369638010512267,12.0,-0.001096154571263268,-3.367741460101754e-05,-3.367741441136249e-05,-6.733586331861986e-05,0.001197161092206828,3.367741460101754e-05
1,0.002054900000000031,-0.6757246402802664,0.0001895723746673517,-12.0,0.338146680597858,12.0,-0.001095971048255477,-3.379571082231907e-05,-3.379571063274668e-05,-6.757246402802664e-05,0.001197332442387275,3.379571082231907e-05
1,0.002055100000000031,-0.6780895803127593,0.0001894894089662091,-12.0,0.3393290261647232,12.0,-0.001095787586646371,-3.39139536755757e-05,-3.391395348608628e-05,-6.780895803127593e-05,0.001197503693902882,3.39139536755757e-05
1,0.002055300000000031,-0.6804534495491151,0.00018940614407989,-12.0,0.3405108358847388,12.0,-0.001095604186754279,-3.40321429740659e-05,-3.403214278465976e-05,-6.804534495491152e-05,0.001197674846511898,3.40321429740659e-05
1,0.0020555000000000313,-0.682816244256466,0.000189322580139345,-12.0,0.3416921078916678,12.0,-0.001095420848897535,-3.415027853115285e-05,-3.415027834183027e-05,-6.828162442564661e-05,0.001197845899972717,3.415027853115284e-05
1,0.0020557000000000314,-0.6851779607036343,0.0001892387172751364,-12.0,0.342872840320117,12.0,-0.001095237573394463,-3.426836016028419e-05,-3.426835997104548e-05,-6.851779607036343e-05,0.001198016854044054,3.426836016028418e-05
1,0.0020559000000000315,-0.687538595161147,0.0001891545556209351,-12.0,0.3440530313055505,12.0,-0.001095054360563355,-3.438638767499296e-05,-3.43863874858384e-05,-6.87538595161147e-05,0.001198187708484816,3.438638767499296e-05
1,0.0020561000000000316,-0.6898981439012456,0.0001890700953089131,-12.0,0.3452326789842872,12.0,-0.001094871210722499,-3.450436088889783e-05,-3.450436069982773e-05,-6.898981439012456e-05,0.001198358463054203,3.450436088889783e-05
1,0.0020563000000000317,-0.6922566031978775,0.0001889853364712979,-12.0,0.3464117814934991,12.0,-0.001094688124190189,-3.462227961570279e-05,-3.462227942671744e-05,-6.922566031978776e-05,0.001198529117511594,3.462227961570278e-05
1,0.002056500000000032,-0.6946139693267138,0.0001889002792428984,-12.0,0.347590336971224,12.0,-0.001094505101284698,-3.474014366919812e-05,-3.474014348029784e-05,-6.946139693267139e-05,0.001198699671616676,3.474014366919812e-05
1,0.002056700000000032,-0.6969702385651525,0.0001888149237566361,-12.0,0.3487683435563605,12.0,-0.001094322142324244,-3.485795286326038e-05,-3.485795267444546e-05,-6.969702385651525e-05,0.001198870125129377,3.485795286326039e-05
1,0.002056900000000032,-0.69932540719233,0.0001887292701494292,-12.0,0.3499457993886818,12.0,-0.001094139247627114,-3.497570701185325e-05,-3.497570682312398e-05,-6.993254071923301e-05,0.001199040477809797,3.497570701185324e-05
1,0.002057100000000032,-0.7016794714891101,0.0001886433185520064,-12.0,0.3511227026088162,12.0,-0.001093956417511498,-3.509340592902643e-05,-3.509340574038311e-05,-7.016794714891101e-05,0.001199210729418365,3.509340592902643e-05
1,0.0020573000000000323,-0.7040324277380975,0.0001885570691034788,-12.0,0.3522990513582746,12.0,-0.001093773652295633,-3.521104942891711e-05,-3.521104924036005e-05,-7.040324277380975e-05,0.001199380879715738,3.521104942891711e-05
1,0.0020575000000000324,-0.7063842722236672,0.0001884705219397098,-12.0,0.3534748437794483,12.0,-0.001093590952297677,-3.532863732575086e-05,-3.532863713728034e-05,-7.063842722236672e-05,0.001199550928462779,3.532863732575086e-05
1,0.0020577000000000325,-0.7087350012319278,0.0001883836771933989,-12.0,0.3546500780155907,12.0,-0.001093408317835838,-3.544616943383974e-05,-3.544616924545606e-05,-7.087350012319279e-05,0.00119972087542064,3.544616943383974e-05
1,0.0020579000000000326,-0.7110846110507565,0.000188296535006377,-12.0,0.3558247522108531,12.0,-0.001093225749228252,-3.556364556758468e-05,-3.556364537928815e-05,-7.110846110507566e-05,0.001199890720350691,3.556364556758468e-05
1,0.0020581000000000327,-0.7134330979698112,0.0001882090955131199,-12.0,0.3569988645102663,12.0,-0.00109304324679306,-3.568106554147532e-05,-3.568106535326622e-05,-7.134330979698113e-05,0.001200060463014602,3.568106554147532e-05
1,0.002058300000000033,-0.7157804582804983,0.0001881213588503794,-12.0,0.3581724130597384,12.0,-0.001092860810848383,-3.57984291700888e-05,-3.579842898196743e-05,-7.157804582804984e-05,0.001200230103174202,3.57984291700888e-05
1,0.002058500000000033,-0.718126688276019,0.0001880333251599864,-12.0,0.3593453960060827,12.0,-0.001092678441712319,-3.591573626809227e-05,-3.591573608005895e-05,-7.18126688276019e-05,0.00120039964059164,3.591573626809227e-05
1,0.002058700000000033,-0.7204717842513644,0.0001879449945779432,-12.0,0.3605178114969991,12.0,-0.001092496139702949,-3.603298665024212e-05,-3.603298646229712e-05,-7.204717842513644e-05,0.001200569075029266,3.603298665024212e-05
1,0.002058900000000033,-0.7228157425033016,0.0001878563672437494,-12.0,0.36168965768108,12.0,-0.001092313905138351,-3.615018013138363e-05,-3.615017994352727e-05,-7.228157425033017e-05,0.001200738406249714,3.615018013138363e-05
1,0.0020591000000000333,-0.7251585593304015,0.000187767443297987,-12.0,0.3628609327078222,12.0,-0.00109213173833652,-3.626731652645241e-05,-3.626731633868497e-05,-7.251585593304015e-05,0.001200907634015848,3.626731652645242e-05
1,0.0020593000000000334,-0.7275002310330394,0.0001876782228802665,-12.0,0.3640316347276223,12.0,-0.001091949639615515,-3.638439565047422e-05,-3.638439546279598e-05,-7.275002310330394e-05,0.001201076758090766,3.638439565047421e-05
1,0.0020595000000000335,-0.7298407539133986,0.000187588706131725,-12.0,0.365201761891784,12.0,-0.001091767609293283,-3.650141731856523e-05,-3.650141713097652e-05,-7.298407539133986e-05,0.001201245778237867,3.650141731856523e-05
1,0.0020597000000000336,-0.7321801242754725,0.000187498893191973,-12.0,0.3663713123525132,12.0,-0.001091585647687812,-3.661838134593212e-05,-3.661838115843323e-05,-7.321801242754726e-05,0.001201414694220727,3.661838134593212e-05
1,0.0020599000000000338,-0.7345183384250744,0.0001874087842045347,-12.0,0.3675402842629318,12.0,-0.001091403755117043,-3.673528754787273e-05,-3.673528736046395e-05,-7.345183384250745e-05,0.001201583505803225,3.673528754787273e-05
1,0.002060100000000034,-0.7368553926698518,0.0001873183793104638,-12.0,0.3687086757770754,12.0,-0.001091221931898902,-3.685213573977649e-05,-3.685213555245811e-05,-7.368553926698518e-05,0.00120175221274943,3.685213573977649e-05
1,0.002060300000000034,-0.7391912833192732,0.0001872276786516192,-12.0,0.3698764850498908,12.0,-0.001091040178351259,-3.696892573712392e-05,-3.696892554989624e-05,-7.391912833192733e-05,0.001201920814823731,3.696892573712393e-05
1,0.002060500000000034,-0.741526006684647,0.0001871366823718301,-12.0,0.371043710237248,12.0,-0.001090858494791964,-3.708565735548761e-05,-3.708565716835094e-05,-7.41526006684647e-05,0.001202089311790742,3.708565735548761e-05
1,0.002060700000000034,-0.743859559079136,0.0001870453906156477,-12.0,0.3722103494959454,12.0,-0.001090676881538889,-3.720233041053298e-05,-3.720233022348759e-05,-7.43859559079136e-05,0.001202257703415276,3.720233041053298e-05
1,0.0020609000000000343,-0.7461919368177385,0.0001869538035234042,-12.0,0.3733764009836924,12.0,-0.001090495338909835,-3.731894471801689e-05,-3.73189445310631e-05,-7.461919368177386e-05,0.001202425989462463,3.73189447180169e-05
1,0.0020611000000000344,-0.7485231362173055,0.0001868619212427036,-12.0,0.374541862859136,12.0,-0.001090313867222567,-3.743550009378933e-05,-3.743549990692741e-05,-7.485231362173055e-05,0.001202594169697639,3.743550009378933e-05
1,0.0020613000000000345,-0.7508531535965645,0.0001867697439177363,-12.0,0.3757067332818563,12.0,-0.001090132466794826,-3.755199635379386e-05,-3.755199616702411e-05,-7.508531535965646e-05,0.001202762243886428,3.755199635379386e-05
1,0.0020615000000000347,-0.7531819852761026,0.0001866772716931364,-12.0,0.3768710104123637,12.0,-0.001089951137944349,-3.766843331406706e-05,-3.766843312738979e-05,-7.531819852761026e-05,0.001202930211794656,3.766843331406706e-05
1,0.0020617000000000348,-0.7555096275783719,0.000186584504714371,-12.0,0.3780346924121025,12.0,-0.001089769880988821,-3.778481079073883e-05,-3.778481060415432e-05,-7.555096275783719e-05,0.001203098073188448,3.778481079073882e-05
1,0.002061900000000035,-0.7578360768277088,0.0001864914431284892,-12.0,0.3791977774434616,12.0,-0.001089588696245911,-3.790112860003331e-05,-3.790112841354187e-05,-7.578360768277089e-05,0.00120326582783413,3.790112860003331e-05
1,0.002062100000000035,-0.7601613293503372,0.0001863980870821513,-12.0,0.3803602636697727,12.0,-0.00108940758403319,-3.801738655826905e-05,-3.801738637187097e-05,-7.601613293503372e-05,0.001203433475498332,3.801738655826906e-05
1,0.002062300000000035,-0.762485381474363,0.0001863044367214073,-12.0,0.381522149255308,12.0,-0.001089226544668309,-3.813358448185866e-05,-3.813358429555422e-05,-7.62485381474363e-05,0.001203601015947874,3.813358448185866e-05
1,0.0020625000000000352,-0.7648082295297911,0.0001862104921951935,-12.0,0.3826834323652932,12.0,-0.001089045578468818,-3.824972218730981e-05,-3.824972200109932e-05,-7.648082295297912e-05,0.001203768448949878,3.82497221873098e-05
1,0.0020627000000000353,-0.7671298698485323,0.0001861162536512251,-12.0,0.3838441111659055,12.0,-0.001088864685752214,-3.836579949122543e-05,-3.836579930510917e-05,-7.671298698485323e-05,0.001203935774271699,3.836579949122543e-05
1,0.0020629000000000355,-0.769450298764397,0.0001860217212369952,-12.0,0.3850041838242713,12.0,-0.001088683866836013,-3.848181621030342e-05,-3.84818160242817e-05,-7.69450298764397e-05,0.001204102991680917,3.848181621030343e-05
1,0.0020631000000000356,-0.7717695126131113,0.0001859268951029946,-12.0,0.3861636485084791,12.0,-0.001088503122037635,-3.859777216133761e-05,-3.859777197541072e-05,-7.717695126131113e-05,0.001204270100945433,3.859777216133761e-05
1,0.0020633000000000357,-0.7740875077323253,0.0001858317753981042,-12.0,0.3873225033875776,12.0,-0.001088322451674513,-3.871366716121795e-05,-3.871366697538617e-05,-7.740875077323252e-05,0.001204437101833329,3.871366716121795e-05
1,0.002063500000000036,-0.7764042804616055,0.0001857363622714825,-12.0,0.3884807466315736,12.0,-0.001088141856064033,-3.882950102693021e-05,-3.882950084119385e-05,-7.764042804616055e-05,0.001204603994112936,3.882950102693021e-05
1,0.002063700000000036,-0.7787198271424515,0.0001856406558746748,-12.0,0.3896383764114443,12.0,-0.001087961335523538,-3.894527357555696e-05,-3.894527338991631e-05,-7.787198271424516e-05,0.001204770777552919,3.894527357555697e-05
1,0.002063900000000036,-0.7810341441182997,0.0001855446563576169,-12.0,0.390795390899133,12.0,-0.001087780890370316,-3.906098462427753e-05,-3.906098443873287e-05,-7.810341441182997e-05,0.001204937451922093,3.906098462427753e-05
1,0.002064100000000036,-0.7833472277345359,0.0001854483638736304,-12.0,0.3919517882675621,12.0,-0.001087600520921619,-3.917663399036884e-05,-3.917663380492048e-05,-7.83347227734536e-05,0.001205104016989617,3.917663399036884e-05
1,0.0020643000000000362,-0.7856590743384789,0.0001853517785702086,-12.0,0.3931075666906126,12.0,-0.001087420227494716,-3.929222149120424e-05,-3.929222130585246e-05,-7.85659074338479e-05,0.001205270472524812,3.929222149120424e-05
1,0.0020645000000000364,-0.7879696802794064,0.0001852549006046145,-12.0,0.3942627243431592,12.0,-0.001087240010406741,-3.940774694425546e-05,-3.940774675900055e-05,-7.879696802794064e-05,0.001205436818297316,3.940774694425546e-05
1,0.0020647000000000365,-0.7902790419085688,0.0001851577301267837,-12.0,0.3954172594010519,12.0,-0.001087059869974864,-3.952321016709252e-05,-3.952320998193478e-05,-7.902790419085689e-05,0.001205603054077013,3.952321016709251e-05
1,0.0020649000000000366,-0.792587155579157,0.0001850602672885948,-12.0,0.3965711700411141,12.0,-0.001086879806516179,-3.963861097738255e-05,-3.963861079232229e-05,-7.925871555791571e-05,0.001205769179634018,3.963861097738255e-05
1,0.0020651000000000367,-0.7948940176463473,0.0001849625122474219,-12.0,0.3977244544411699,12.0,-0.001086699820347731,-3.975394919289225e-05,-3.975394900792974e-05,-7.948940176463473e-05,0.001205935194738703,3.975394919289225e-05
1,0.002065300000000037,-0.7971996244672985,0.0001848644651545883,-12.0,0.3988771107800258,12.0,-0.00108651991178655,-3.986922463148712e-05,-3.986922444662266e-05,-7.971996244672986e-05,0.001206101099161701,3.986922463148712e-05
1,0.002065500000000037,-0.799503972401137,0.0001847661261647482,-12.0,0.4000291372374769,12.0,-0.001086340081149606,-3.998443711113121e-05,-3.998443692636509e-05,-7.99503972401137e-05,0.001206266892673891,3.998443711113121e-05
1,0.002065700000000037,-0.8018070578089826,0.0001846674954342764,-12.0,0.4011805319943177,12.0,-0.001086160328753812,-4.009958644988836e-05,-4.009958626522084e-05,-8.018070578089826e-05,0.001206432575046421,4.009958644988835e-05
1,0.002065900000000037,-0.8041088770539558,0.0001845685731179381,-12.0,0.4023312932323406,12.0,-0.001085980654916045,-4.021467246592226e-05,-4.021467228135369e-05,-8.041088770539558e-05,0.001206598146050675,4.021467246592227e-05
1,0.0020661000000000373,-0.8064094265011668,0.0001844693593706093,-12.0,0.4034814191343329,12.0,-0.001085801059953151,-4.032969497749623e-05,-4.032969479302687e-05,-8.064094265011668e-05,0.001206763605458287,4.032969497749623e-05
1,0.0020663000000000374,-0.8087087025177327,0.0001843698543506078,-12.0,0.4046309078840908,12.0,-0.001085621544181896,-4.044465380297402e-05,-4.044465361860417e-05,-8.087087025177328e-05,0.001206928953041184,4.044465380297402e-05
1,0.0020665000000000375,-0.8110067014727882,0.0001842700582131984,-12.0,0.4057797576664144,12.0,-0.001085442107919048,-4.055954876082013e-05,-4.055954857655007e-05,-8.110067014727882e-05,0.001207094188571484,4.055954876082013e-05
1,0.0020667000000000376,-0.8133034197374794,0.0001841699711169209,-12.0,0.4069279666671148,12.0,-0.001085262751481256,-4.067437966959979e-05,-4.067437948542982e-05,-8.133034197374795e-05,0.001207259311821626,4.067437966959979e-05
1,0.0020669000000000377,-0.8155988536849743,0.0001840695932180392,-12.0,0.4080755330730101,12.0,-0.001085083475185183,-4.078914634797921e-05,-4.078914616390962e-05,-8.155988536849744e-05,0.001207424322564231,4.078914634797921e-05
1,0.002067100000000038,-0.8178929996904665,0.0001839689246757592,-12.0,0.4092224550719362,12.0,-0.001084904279347439,-4.090384861472604e-05,-4.090384843075711e-05,-8.178929996904664e-05,0.001207589220572243,4.090384861472605e-05
1,0.002067300000000038,-0.820185854131197,0.0001838679656500086,-12.0,0.4103687308527532,12.0,-0.001084725164284532,-4.101848628871032e-05,-4.101848610484236e-05,-8.201858541311971e-05,0.001207754005618823,4.101848628871032e-05
1,0.002067500000000038,-0.8224774133864309,0.0001837667162963297,-12.0,0.4115143586053271,12.0,-0.001084546130312967,-4.113305918890307e-05,-4.113305900513636e-05,-8.224774133864309e-05,0.00120791867747741,4.113305918890308e-05
1,0.002067700000000038,-0.8247676738374772,0.0001836651767777031,-12.0,0.412659336520557,12.0,-0.001084367177749186,-4.124756713437793e-05,-4.124756695071274e-05,-8.247676738374772e-05,0.001208083235921635,4.124756713437793e-05
1,0.0020679000000000383,-0.8270566318677168,0.00018356334725389,-12.0,0.4138036627903728,12.0,-0.001084188306909546,-4.136200994431188e-05,-4.136200976074854e-05,-8.270566318677168e-05,0.001208247680725499,4.136200994431189e-05
1,0.0020681000000000384,-0.829344283862564,0.0001834612278821535,-12.0,0.4149473356077175,12.0,-0.00108400951811042,-4.147638743798353e-05,-4.147638725452231e-05,-8.29344283862564e-05,0.001208412011663149,4.147638743798354e-05
1,0.0020683000000000385,-0.8316306262095038,0.0001833588188280277,-12.0,0.4160903531665821,12.0,-0.00108383081166806,-4.159069943477541e-05,-4.15906992514166e-05,-8.316306262095038e-05,0.001208576228509027,4.159069943477541e-05
1,0.0020685000000000386,-0.8339156552980972,0.0001832561202496641,-12.0,0.4172327136619843,12.0,-0.001083652187898694,-4.170494575417347e-05,-4.170494557091734e-05,-8.339156552980972e-05,0.001208740331037857,4.170494575417346e-05
1,0.0020687000000000387,-0.8361993675199704,0.0001831531323106539,-12.0,0.4183744152899824,12.0,-0.001083473647118492,-4.181912621576718e-05,-4.181912603261405e-05,-8.361993675199704e-05,0.001208904319024581,4.181912621576717e-05
1,0.002068900000000039,-0.8384817592688293,0.0001830498551715909,-12.0,0.4195154562476706,12.0,-0.001083295189643556,-4.193324063924989e-05,-4.193324045620004e-05,-8.384817592688294e-05,0.001209068192244429,4.19332406392499e-05
1,0.002069100000000039,-0.8407628269404647,0.0001829462889971767,-12.0,0.420655834733191,12.0,-0.001083116815789958,-4.204728884441938e-05,-4.204728866147309e-05,-8.407628269404648e-05,0.001209231950472824,4.204728884441938e-05
1,0.002069300000000039,-0.843042566932766,0.0001828424339498369,-12.0,0.421795548945732,12.0,-0.001082938525873683,-4.216127065117822e-05,-4.21612704683358e-05,-8.43042566932766e-05,0.00120939559348554,4.216127065117822e-05
1,0.002069500000000039,-0.8453209756457084,0.0001827382901926078,-12.0,0.4229345970855261,12.0,-0.001082760320210652,-4.227518587953335e-05,-4.227518569679505e-05,-8.453209756457084e-05,0.001209559121058544,4.227518587953335e-05
1,0.0020697000000000393,-0.8475980494813746,0.0001826338578909681,-12.0,0.4240729773538623,12.0,-0.001082582199116791,-4.238903434959714e-05,-4.238903416696328e-05,-8.475980494813746e-05,0.001209722532968048,4.238903434959713e-05
1,0.0020699000000000394,-0.8498737848439601,0.0001825291372087312,-12.0,0.4252106879530845,12.0,-0.001082404162907877,-4.250281588158757e-05,-4.250281569905844e-05,-8.498737848439602e-05,0.001209885828990578,4.250281588158758e-05
1,0.0020701000000000395,-0.8521481781397635,0.0001824241283106542,-12.0,0.426347727086589,12.0,-0.001082226211899698,-4.261653029582783e-05,-4.261653011340371e-05,-8.521481781397636e-05,0.001210049008902855,4.261653029582784e-05
1,0.0020703000000000396,-0.8544212257772089,0.0001823188313632707,-12.0,0.4274840929588376,12.0,-0.001082048346407946,-4.273017741274743e-05,-4.273017723042861e-05,-8.54421225777209e-05,0.001210212072481891,4.273017741274744e-05
1,0.0020705000000000398,-0.8566929241668487,0.0001822132465320592,-12.0,0.428619783775355,12.0,-0.001081870566748244,-4.284375705288229e-05,-4.284375687066904e-05,-8.566929241668488e-05,0.001210375019504988,4.284375705288229e-05
1,0.00207070000000004,-0.8589632697213586,0.0001821073739827206,-12.0,0.4297547977427271,12.0,-0.001081692873236194,-4.295726903687444e-05,-4.295726885476707e-05,-8.589632697213587e-05,0.001210537849749616,4.295726903687445e-05
1,0.00207090000000004,-0.8612322588555509,0.0001820012138830096,-12.0,0.430889133068612,12.0,-0.001081515266187258,-4.30707131854729e-05,-4.30707130034717e-05,-8.61232258855551e-05,0.001210700562993598,4.30707131854729e-05
1,0.00207110000000004,-0.863499887986388,0.0001818947664006809,-12.0,0.4320227879617426,12.0,-0.001081337745916941,-4.31840893195342e-05,-4.318408913763944e-05,-8.63499887986388e-05,0.001210863159014919,4.31840893195342e-05
1,0.00207130000000004,-0.8657661535329794,0.0001817880317031006,-12.0,0.4331557606319247,12.0,-0.001081160312740595,-4.329739726002216e-05,-4.329739707823413e-05,-8.657661535329795e-05,0.001211025637591914,4.329739726002216e-05
1,0.0020715000000000403,-0.8680310519165734,0.0001816810099566357,-12.0,0.4342880492900318,12.0,-0.001080982966973551,-4.341063682800752e-05,-4.34106366463265e-05,-8.680310519165733e-05,0.001211187998503109,4.341063682800752e-05
1,0.0020717000000000404,-0.870294579560589,0.0001815737013335372,-12.0,0.4354196521480319,12.0,-0.001080805708931036,-4.352380784466982e-05,-4.352380766309613e-05,-8.702945795605891e-05,0.001211350241527333,4.352380784466983e-05
1,0.0020719000000000405,-0.8725567328906154,0.0001814661060005607,-12.0,0.4365505674189696,12.0,-0.00108062853892827,-4.363691013129691e-05,-4.36369099498308e-05,-8.725567328906155e-05,0.001211512366443637,4.363691013129691e-05
1,0.0020721000000000407,-0.8748175083343986,0.0001813582241271261,-12.0,0.4376807933169722,12.0,-0.001080451457280356,-4.37499435092845e-05,-4.374994332792629e-05,-8.748175083343987e-05,0.001211674373031345,4.374994350928451e-05
1,0.0020723000000000408,-0.8770769023218651,0.0001812500558848185,-12.0,0.4388103280572603,12.0,-0.001080274464302339,-4.386290780013755e-05,-4.386290761888749e-05,-8.770769023218652e-05,0.001211836261070041,4.386290780013755e-05
1,0.002072500000000041,-0.8793349112851299,0.0001811416014434464,-12.0,0.4399391698561461,12.0,-0.00108009756030919,-4.397580282547026e-05,-4.397580264432866e-05,-8.7933491128513e-05,0.00121199803033957,4.397580282547027e-05
1,0.002072700000000041,-0.8815915316584854,0.000181032860973096,-12.0,0.4410673169310309,12.0,-0.001079920745615824,-4.408862840700578e-05,-4.408862822597293e-05,-8.815915316584854e-05,0.001212159680620051,4.408862840700578e-05
1,0.002072900000000041,-0.88384675987842,0.0001809238346465181,-12.0,0.4421947675004182,12.0,-0.001079744020537093,-4.420138436657716e-05,-4.420138418565333e-05,-8.8384675987842e-05,0.001212321211691819,4.420138436657717e-05
1,0.0020731000000000412,-0.886100592383624,0.0001808145226348534,-12.0,0.4433215197839096,12.0,-0.001079567385387781,-4.431407052612746e-05,-4.431407034531294e-05,-8.86100592383624e-05,0.001212482623335474,4.431407052612748e-05
1,0.0020733000000000413,-0.8883530256149903,0.0001807049251111303,-12.0,0.4444475720022111,12.0,-0.001079390840482551,-4.442668670770998e-05,-4.442668652700508e-05,-8.883530256149903e-05,0.001212643915331921,4.442668670770999e-05
1,0.0020735000000000415,-0.8906040560156178,0.0001805950422466562,-12.0,0.4455729223771293,12.0,-0.001079214386136028,-4.453923273348827e-05,-4.453923255289322e-05,-8.906040560156178e-05,0.001212805087462292,4.453923273348826e-05
1,0.0020737000000000416,-0.8928536800308201,0.0001804848742157916,-12.0,0.4466975691315825,12.0,-0.001079038022662807,-4.465170842573667e-05,-4.46517082452518e-05,-8.928536800308201e-05,0.00121296613950797,4.465170842573667e-05
1,0.0020739000000000417,-0.8951018941081442,0.0001803744211932301,-12.0,0.4478215104896061,12.0,-0.001078861750377309,-4.476411360684129e-05,-4.476411342646688e-05,-8.951018941081443e-05,0.001213127071250625,4.476411360684129e-05
1,0.002074100000000042,-0.8973486946973481,0.000180263683349724,-12.0,0.4489447446763355,12.0,-0.001078685569593986,-4.487644809929859e-05,-4.487644791903489e-05,-8.973486946973482e-05,0.001213287882472124,4.487644809929858e-05
1,0.002074300000000042,-0.8995940782504221,0.00018015266086302,-12.0,0.4500672699180321,12.0,-0.00107850948062712,-4.498871172571692e-05,-4.498871154556426e-05,-8.995940782504222e-05,0.001213448572954703,4.498871172571691e-05
1,0.002074500000000042,-0.9018380412216128,0.0001800413539079226,-12.0,0.4511890844420818,12.0,-0.001078333483791008,-4.510090430881739e-05,-4.510090412877604e-05,-9.018380412216129e-05,0.001213609142480754,4.510090430881739e-05
1,0.002074700000000042,-0.9040805800673877,0.0001799297626567387,-12.0,0.4523101864769766,12.0,-0.001078157579399802,-4.5213025671432e-05,-4.521302549150223e-05,-9.040805800673877e-05,0.001213769590832969,4.521302567143199e-05
1,0.0020749000000000422,-0.9063216912464724,0.0001798178872899348,-12.0,0.4534305742523499,12.0,-0.001077981767767598,-4.5325075636506e-05,-4.532507545668812e-05,-9.063216912464725e-05,0.001213929917794322,4.5325075636506e-05
1,0.0020751000000000424,-0.9085613712198585,0.0001797057279810388,-12.0,0.454550245998958,12.0,-0.001077806049208437,-4.543705402709771e-05,-4.543705384739198e-05,-9.085613712198586e-05,0.001214090123147986,4.54370540270977e-05
1,0.0020753000000000425,-0.9107996164507735,0.0001795932849059656,-12.0,0.4556691999486785,12.0,-0.001077630424036226,-4.554896066637725e-05,-4.554896048678398e-05,-9.107996164507734e-05,0.001214250206677467,4.554896066637726e-05
1,0.0020755000000000426,-0.9130364234047267,0.0001794805582452375,-12.0,0.4567874343345367,12.0,-0.001077454892564847,-4.566079537762915e-05,-4.56607951981486e-05,-9.130364234047267e-05,0.00121441016816648,4.566079537762914e-05
1,0.0020757000000000427,-0.9152717885495001,0.00017936754817377,-12.0,0.4579049473906862,12.0,-0.00107727945510807,-4.577255798425124e-05,-4.57725578048837e-05,-9.152717885495001e-05,0.00121457000739901,4.577255798425125e-05
1,0.002075900000000043,-0.917505708355147,0.0001792542548712528,-12.0,0.459021737352423,12.0,-0.001077104111979629,-4.588424830975517e-05,-4.588424813050092e-05,-9.17505708355147e-05,0.001214729724159321,4.588424830975517e-05
1,0.002076100000000043,-0.9197381792940015,0.000179140678515044,-12.0,0.4601378024561801,12.0,-0.001076928863493101,-4.599586617776651e-05,-4.599586599862583e-05,-9.197381792940015e-05,0.001214889318231917,4.599586617776651e-05
1,0.002076300000000043,-0.9219691978406872,0.0001790268192853883,-12.0,0.46125314093954,12.0,-0.001076753709962026,-4.610741141202547e-05,-4.610741123299863e-05,-9.219691978406873e-05,0.001215048789401596,4.610741141202546e-05
1,0.002076500000000043,-0.9241987604721271,0.0001789126773614758,-12.0,0.4623677510412326,12.0,-0.001076578651699862,-4.621888383638711e-05,-4.621888365747443e-05,-9.241987604721272e-05,0.00121520813745337,4.621888383638711e-05
1,0.0020767000000000433,-0.926426863667535,0.0001787982529220522,-12.0,0.4634816310011332,12.0,-0.001076403689019984,-4.633028327482111e-05,-4.633028309602285e-05,-9.264268636675351e-05,0.00121536736217253,4.633028327482111e-05
1,0.0020769000000000434,-0.9286535039084309,0.0001786835461492498,-12.0,0.4645947790602749,12.0,-0.00107622882223566,-4.644160955141256e-05,-4.644160937272901e-05,-9.28653503908431e-05,0.001215526463344642,4.644160955141256e-05
1,0.0020771000000000435,-0.9308786776786522,0.0001785685572232576,-12.0,0.4657071934608464,12.0,-0.001076054051660121,-4.655286249036232e-05,-4.655286231179378e-05,-9.308786776786523e-05,0.00121568544075551,4.655286249036232e-05
1,0.0020773000000000436,-0.9331023814643425,0.000178453286324376,-12.0,0.4668188724461906,12.0,-0.001075879377606434,-4.666404191598662e-05,-4.666404173753335e-05,-9.331023814643425e-05,0.001215844294191228,4.666404191598663e-05
1,0.0020775000000000437,-0.9353246117539681,0.0001783377336355141,-12.0,0.4679298142608146,12.0,-0.001075704800387656,-4.677514765271792e-05,-4.677514747438018e-05,-9.353246117539682e-05,0.00121600302343812,4.677514765271791e-05
1,0.002077700000000044,-0.9375453650383303,0.0001782218993390261,-12.0,0.4690400171503927,12.0,-0.001075530320316716,-4.688617952510537e-05,-4.688617934688347e-05,-9.375453650383303e-05,0.001216161628282787,4.688617952510537e-05
1,0.002077900000000044,-0.9397646378105625,0.0001781057836170441,-12.0,0.4701494793617646,12.0,-0.001075355937706433,-4.699713735781475e-05,-4.699713717970898e-05,-9.397646378105625e-05,0.001216320108512123,4.699713735781476e-05
1,0.002078100000000044,-0.94198242656612,0.000177989386650923,-12.0,0.4712581991429302,12.0,-0.001075181652869614,-4.710802097562794e-05,-4.710802079763854e-05,-9.4198242656612e-05,0.001216478463913227,4.710802097562793e-05
1,0.002078300000000044,-0.9441987278028146,0.0001778727086276799,-12.0,0.4723661747430759,12.0,-0.001075007466118903,-4.721883020344482e-05,-4.721883002557211e-05,-9.441987278028146e-05,0.001216636694273486,4.721883020344482e-05
1,0.0020785000000000443,-0.9464135380208129,0.0001777557497286142,-12.0,0.4734734044125569,12.0,-0.001074833377766898,-4.732956486628284e-05,-4.732956468852707e-05,-9.464135380208129e-05,0.001216794799380534,4.732956486628283e-05
1,0.0020787000000000444,-0.9486268537226208,0.000177638510138578,-12.0,0.4745798864029034,12.0,-0.001074659388126065,-4.744022478927649e-05,-4.744022461163797e-05,-9.486268537226208e-05,0.001216952779022291,4.744022478927649e-05
1,0.0020789000000000445,-0.950838671413113,0.0001775209900429786,-12.0,0.4756856189668309,12.0,-0.001074485497508812,-4.755080979767879e-05,-4.75508096201578e-05,-9.50838671413113e-05,0.001217110632986955,4.755080979767879e-05
1,0.0020791000000000446,-0.9530489875995313,0.0001774031896271122,-12.0,0.4767906003582382,12.0,-0.001074311706227446,-4.766131971686111e-05,-4.766131953945792e-05,-9.530489875995313e-05,0.00121726836106293,4.766131971686111e-05
1,0.0020793000000000447,-0.9552577987914833,0.0001772851090753869,-12.0,0.4778948288322058,12.0,-0.001074138014594175,-4.777175437231304e-05,-4.777175419502794e-05,-9.552577987914834e-05,0.0012174259630389,4.777175437231304e-05
1,0.002079500000000045,-0.9574651015009532,0.0001771667485757633,-12.0,0.4789983026450078,12.0,-0.001073964422921105,-4.78821135896432e-05,-4.788211341247645e-05,-9.574651015009533e-05,0.001217583438703859,4.78821135896432e-05
1,0.002079700000000045,-0.9596708922423154,0.0001770481083140374,-12.0,0.4801010200541099,12.0,-0.001073790931520269,-4.799239719457959e-05,-4.799239701753148e-05,-9.596708922423154e-05,0.001217740787847019,4.799239719457959e-05
1,0.002079900000000045,-0.9618751675323222,0.000176929188476449,-12.0,0.4812029793181677,12.0,-0.001073617540703585,-4.810260501296912e-05,-4.810260483603993e-05,-9.618751675323222e-05,0.001217898010257859,4.810260501296913e-05
1,0.002080100000000045,-0.9640779238901223,0.0001768099892517916,-12.0,0.4823041786970387,12.0,-0.00107344425078288,-4.821273687077869e-05,-4.821273669396871e-05,-9.640779238901223e-05,0.001218055105726118,4.821273687077869e-05
1,0.0020803000000000453,-0.9662791578372633,0.0001766905108271377,-12.0,0.4834046164517773,12.0,-0.001073271062069898,-4.832279259409501e-05,-4.832279241740452e-05,-9.662791578372633e-05,0.001218212074041825,4.832279259409502e-05
1,0.0020805000000000454,-0.9684788658977039,0.0001765707533924465,-12.0,0.4845042908446481,12.0,-0.001073097974876279,-4.843277200912557e-05,-4.843277183255483e-05,-9.684788658977039e-05,0.001218368914995209,4.843277200912557e-05
1,0.0020807000000000455,-0.9706770445978012,0.0001764507171331808,-12.0,0.4856032001391076,12.0,-0.001072924989513557,-4.854267494219745e-05,-4.854267476574672e-05,-9.706770445978013e-05,0.001218525628376849,4.854267494219744e-05
1,0.0020809000000000456,-0.972873690466326,0.0001763304022415757,-12.0,0.4867013425998294,12.0,-0.001072752106293144,-4.865250121975879e-05,-4.865250104342838e-05,-9.72873690466326e-05,0.001218682213977536,4.865250121975879e-05
1,0.0020811000000000458,-0.9750688000344877,0.0001762098089073127,-12.0,0.4877987164927029,12.0,-0.001072579325526402,-4.876225066837957e-05,-4.876225049216975e-05,-9.750688000344877e-05,0.001218838671588313,4.876225066837956e-05
1,0.002081300000000046,-0.9772623698359011,0.000176088937317187,-12.0,0.4888953200848156,12.0,-0.001072406647524546,-4.887192311474984e-05,-4.887192293866092e-05,-9.772623698359012e-05,0.001218995001000527,4.887192311474985e-05
1,0.002081500000000046,-0.9794543964066195,0.0001759677876663202,-12.0,0.4899911516444871,12.0,-0.001072234072598759,-4.898151838568207e-05,-4.898151820971429e-05,-9.794543964066195e-05,0.00121915120200574,4.898151838568208e-05
1,0.002081700000000046,-0.9816448762851457,0.0001758463601431726,-12.0,0.4910862094412512,12.0,-0.001072061601060034,-4.909103630811081e-05,-4.909103613226445e-05,-9.816448762851458e-05,0.001219307274395814,4.90910363081108e-05
1,0.002081900000000046,-0.983833806012402,0.000175724654937981,-12.0,0.4921804917458545,12.0,-0.001071889233219304,-4.920047670909166e-05,-4.9200476533367e-05,-9.83833806012402e-05,0.001219463217962888,4.920047670909165e-05
1,0.0020821000000000463,-0.9860211821317725,0.0001756026722459225,-12.0,0.4932739968302819,12.0,-0.001071716969387404,-4.93098394158036e-05,-4.930983924020093e-05,-9.860211821317726e-05,0.001219619032499307,4.93098394158036e-05
1,0.0020823000000000464,-0.988207001189098,0.0001754804122568454,-12.0,0.4943667229677384,12.0,-0.001071544809875057,-4.941912425554816e-05,-4.941912408006775e-05,-9.88207001189098e-05,0.001219774717797724,4.941912425554815e-05
1,0.0020825000000000466,-0.9903912597326718,0.000175357875164539,-12.0,0.4954586684326615,12.0,-0.001071372754992861,-4.952833105574969e-05,-4.952833088039182e-05,-9.903912597326719e-05,0.001219930273651068,4.952833105574969e-05
1,0.0020827000000000467,-0.9925739543132498,0.0001752350611611275,-12.0,0.4965498315007172,12.0,-0.00107120080505136,-4.963745964395561e-05,-4.963745946872055e-05,-9.925739543132499e-05,0.001220085699852463,4.963745964395561e-05
1,0.0020829000000000468,-0.9947550814840596,0.000175111970441677,-12.0,0.4976402104488118,12.0,-0.001071028960360945,-4.974650984783703e-05,-4.974650967272506e-05,-9.947550814840595e-05,0.001220240996195381,4.974650984783702e-05
1,0.002083100000000047,-0.9969346378008086,0.0001749886031995884,-12.0,0.4987298035550896,12.0,-0.001070857221231916,-4.985548149518901e-05,-4.985548132020041e-05,-9.969346378008086e-05,0.001220396162473519,4.985548149518901e-05
1,0.002083300000000047,-0.9991126198216779,0.0001748649596284846,-12.0,0.4998186090989312,12.0,-0.001070685587974463,-4.996437441393028e-05,-4.996437423906532e-05,-9.99112619821678e-05,0.001220551198480802,4.996437441393028e-05
1,0.002083500000000047,-1.001289024107336,0.000174741039924875,-12.0,0.5009066253609656,12.0,-0.001070514060898649,-5.007318843210408e-05,-5.007318825736303e-05,-0.0001001289024107336,0.001220706104011503,5.007318843210408e-05
1,0.0020837000000000472,-1.003463847220949,0.0001746168442835483,-12.0,0.5019938506230682,12.0,-0.001070342640314484,-5.018192337787848e-05,-5.018192320326163e-05,-0.0001003463847220949,0.001220860878860079,5.018192337787847e-05
1,0.0020839000000000473,-1.005637085728172,0.0001744923728995151,-12.0,0.5030802831683587,12.0,-0.001070171326531817,-5.029057907954593e-05,-5.029057890505355e-05,-0.0001005637085728172,0.001221015522821285,5.029057907954593e-05
1,0.0020841000000000475,-1.007808736197163,0.0001743676259696181,-12.0,0.5041659212812121,12.0,-0.001070000119860366,-5.039915536552423e-05,-5.039915519115661e-05,-0.0001007808736197163,0.001221170035690208,5.039915536552424e-05
1,0.0020843000000000476,-1.009978795198599,0.0001742426036919764,-12.0,0.5052507632472634,12.0,-0.001069829020609814,-5.050765206435713e-05,-5.050765189011452e-05,-0.0001009978795198599,0.001221324417262026,5.050765206435715e-05
1,0.0020845000000000477,-1.012147259305656,0.0001741173062603241,-12.0,0.5063348073533916,12.0,-0.001069658029089676,-5.061606900471314e-05,-5.061606883059584e-05,-0.0001012147259305656,0.001221478667332361,5.061606900471314e-05
1,0.002084700000000048,-1.014314125094029,0.0001739917338750008,-12.0,0.5074180518877446,12.0,-0.001069487145609345,-5.072440601538694e-05,-5.072440584139522e-05,-0.0001014314125094029,0.001221632785697008,5.072440601538696e-05
1,0.002084900000000048,-1.01647938914195,0.0001738658867336818,-12.0,0.5085004951397345,12.0,-0.001069316370478156,-5.083266292530007e-05,-5.083266275143419e-05,-0.000101647938914195,0.001221786772152039,5.083266292530009e-05
1,0.002085100000000048,-1.018643048030173,0.0001737397650342087,-12.0,0.5095821354000356,12.0,-0.00106914570400525,-5.094083956350015e-05,-5.094083938976037e-05,-0.0001018643048030173,0.001221940626493834,5.094083956350014e-05
1,0.002085300000000048,-1.020805098341983,0.0001736133689747565,-12.0,0.5106629709605873,12.0,-0.001068975146499757,-5.104893575916127e-05,-5.104893558554789e-05,-0.0001020805098341983,0.001222094348518922,5.104893575916126e-05
1,0.0020855000000000483,-1.022965536663207,0.0001734866987558314,-12.0,0.5117430001146043,12.0,-0.001068804698270594,-5.115695134158484e-05,-5.115695116809816e-05,-0.0001022965536663207,0.001222247938024237,5.115695134158484e-05
1,0.0020857000000000484,-1.025124359582223,0.0001733597545769405,-12.0,0.5128222211565744,12.0,-0.001068634359626605,-5.126488614019974e-05,-5.126488596683998e-05,-0.0001025124359582223,0.001222401394806907,5.126488614019975e-05
1,0.0020859000000000485,-1.027281563689952,0.0001732325366372578,-12.0,0.5139006323822575,12.0,-0.001068464130876502,-5.137273998456201e-05,-5.137273981132948e-05,-0.0001027281563689952,0.001222554718664358,5.137273998456202e-05
1,0.0020861000000000486,-1.029437145579876,0.0001731050451387328,-12.0,0.5149782320886964,12.0,-0.001068294012328906,-5.148051270435579e-05,-5.148051253125073e-05,-0.0001029437145579876,0.001222707909394202,5.148051270435577e-05
1,0.0020863000000000487,-1.031591101848041,0.0001729772802815388,-12.0,0.5160550185742159,12.0,-0.001068124004292313,-5.158820412939343e-05,-5.158820395641615e-05,-0.0001031591101848042,0.001222860966794408,5.158820412939344e-05
1,0.002086500000000049,-1.033743429093054,0.0001728492422667927,-12.0,0.5171309901384197,12.0,-0.001067954107075025,-5.169581408961529e-05,-5.169581391676604e-05,-0.0001033743429093054,0.001223013890663205,5.169581408961529e-05
1,0.002086700000000049,-1.035894123916096,0.0001727209312975542,-12.0,0.5182061450822036,12.0,-0.001067784320985352,-5.180334241509062e-05,-5.180334224236968e-05,-0.0001035894123916096,0.001223166680799005,5.180334241509062e-05
1,0.002086900000000049,-1.038043182920929,0.0001725923475746627,-12.0,0.5192804817077498,12.0,-0.001067614646331393,-5.191078893601751e-05,-5.191078876342518e-05,-0.0001038043182920929,0.001223319337000574,5.19107889360175e-05
1,0.002087100000000049,-1.0401906027139,0.0001724634913031764,-12.0,0.5203539983185399,12.0,-0.001067445083421152,-5.201815348272367e-05,-5.201815331026017e-05,-0.00010401906027139,0.001223471859066898,5.201815348272368e-05
1,0.0020873000000000493,-1.042336379903939,0.0001723343626827134,-12.0,0.5214266932193372,12.0,-0.001067275632562502,-5.212543588566545e-05,-5.212543571333108e-05,-0.0001042336379903939,0.001223624246797221,5.212543588566545e-05
1,0.0020875000000000494,-1.044480511102565,0.0001722049619197752,-12.0,0.5224985647162116,12.0,-0.001067106294063203,-5.223263597542918e-05,-5.223263580322421e-05,-0.0001044480511102565,0.001223776499991086,5.223263597542918e-05
1,0.0020877000000000495,-1.046622992923914,0.0001720752892185873,-12.0,0.5235696111165377,12.0,-0.001066937068230876,-5.23397535827319e-05,-5.233975341065662e-05,-0.0001046622992923914,0.001223928618448306,5.233975358273191e-05
1,0.0020879000000000496,-1.048763821984708,0.0001719453447801556,-12.0,0.5246398307289779,12.0,-0.001066767955373048,-5.244678853841979e-05,-5.244678836647443e-05,-0.0001048763821984708,0.001224080601968915,5.244678853841978e-05
1,0.0020881000000000497,-1.050902994904287,0.000171815128813757,-12.0,0.5257092218635154,12.0,-0.001066598955797068,-5.255374067347017e-05,-5.255374050165503e-05,-0.0001050902994904287,0.00122423245035326,5.255374067347016e-05
1,0.00208830000000005,-1.053040508304615,0.0001716846415223405,-12.0,0.5267777828314373,12.0,-0.001066430069810206,-5.26606098189915e-05,-5.266060964730685e-05,-0.0001053040508304615,0.001224384163401926,5.26606098189915e-05
1,0.00208850000000005,-1.055176358810256,0.0001715538831104646,-12.0,0.5278455119453324,12.0,-0.001066261297719633,-5.27673958062222e-05,-5.276739563466831e-05,-0.0001055176358810256,0.001224535740915737,5.276739580622219e-05
1,0.00208870000000005,-1.057310543048413,0.0001714228537876283,-12.0,0.5289124075191165,12.0,-0.001066092639832268,-5.287409846653289e-05,-5.287409829511003e-05,-0.0001057310543048413,0.001224687182695874,5.287409846653288e-05
1,0.00208890000000005,-1.059443057648927,0.0001712915537581128,-12.0,0.5299784678680161,12.0,-0.001065924096455034,-5.298071763142579e-05,-5.298071746013424e-05,-0.0001059443057648927,0.001224838488543711,5.298071763142581e-05
1,0.0020891000000000503,-1.06157389924426,0.000171159983228697,-12.0,0.5310436913085732,12.0,-0.001065755667894686,-5.308725313253444e-05,-5.308725296137446e-05,-0.0001061573899244261,0.001224989658260851,5.308725313253445e-05
1,0.0020893000000000504,-1.063703064469524,0.0001710281424083804,-12.0,0.5321080761586562,12.0,-0.001065587354457789,-5.319370480162479e-05,-5.319370463059664e-05,-0.0001063703064469524,0.001225140691649286,5.319370480162477e-05
1,0.0020895000000000505,-1.06583054996248,0.0001708960315039421,-12.0,0.5331716207374562,12.0,-0.001065419156450864,-5.330007247059521e-05,-5.33000722996992e-05,-0.000106583054996248,0.001225291588511188,5.330007247059523e-05
1,0.0020897000000000506,-1.067956352363539,0.0001707636507243815,-12.0,0.5342343233654925,12.0,-0.001065251074180235,-5.340635597147681e-05,-5.340635580071316e-05,-0.0001067956352363539,0.001225442348648985,5.340635597147681e-05
1,0.0020899000000000507,-1.070080468315767,0.0001706310002772549,-12.0,0.5352961823646096,12.0,-0.001065083107952135,-5.351255513643324e-05,-5.351255496580223e-05,-0.0001070080468315767,0.00122559297186544,5.351255513643324e-05
1,0.002090100000000051,-1.072202894464897,0.0001704980803731715,-12.0,0.5363571960579889,12.0,-0.001064915258072639,-5.361866979776158e-05,-5.36186696272635e-05,-0.0001072202894464897,0.001225743457963523,5.361866979776158e-05
1,0.002090300000000051,-1.074323627459332,0.0001703648912209643,-12.0,0.5374173627701463,12.0,-0.001064747524847726,-5.372469978789253e-05,-5.372469961752764e-05,-0.0001074323627459332,0.001225893806746474,5.372469978789254e-05
1,0.002090500000000051,-1.076442663950142,0.000170231433030188,-12.0,0.5384766808269308,12.0,-0.001064579908583184,-5.383064493939006e-05,-5.383064476915862e-05,-0.0001076442663950142,0.001226044018017854,5.383064493939007e-05
1,0.002090700000000051,-1.078560000591079,0.0001700977060122288,-12.0,0.5395351485555347,12.0,-0.001064412409584707,-5.393650508495226e-05,-5.393650491485455e-05,-0.0001078560000591079,0.001226194091581409,5.393650508495225e-05
1,0.0020909000000000513,-1.080675634038588,0.0001699637103784735,-12.0,0.540592764284499,12.0,-0.001064245028157842,-5.404228005741204e-05,-5.404227988744833e-05,-0.0001080675634038588,0.00122634402724122,5.404228005741205e-05
1,0.0020911000000000514,-1.082789560951792,0.0001698294463374217,-12.0,0.5416495263436965,12.0,-0.001064077764607992,-5.414796968973591e-05,-5.414796951990646e-05,-0.0001082789560951792,0.001226493824801632,5.41479696897359e-05
1,0.0020913000000000515,-1.084901777992505,0.0001696949141035131,-12.0,0.5427054330643571,12.0,-0.001063910619240438,-5.425357381502536e-05,-5.425357364533045e-05,-0.0001084901777992505,0.001226643484067182,5.425357381502536e-05
1,0.0020915000000000517,-1.087012281825259,0.0001695601138883562,-12.0,0.5437604827790632,12.0,-0.001063743592360306,-5.435909226651747e-05,-5.435909209695738e-05,-0.0001087012281825259,0.001226793004842783,5.435909226651748e-05
1,0.0020917000000000518,-1.089121069117281,0.0001694250459040036,-12.0,0.5448146738217471,12.0,-0.001063576684272635,-5.446452487758433e-05,-5.446452470815926e-05,-0.0001089121069117281,0.001226942386933494,5.446452487758431e-05
1,0.002091900000000052,-1.091228136538505,0.0001692897103630631,-12.0,0.5458680045276944,12.0,-0.001063409895282197,-5.456987148173312e-05,-5.456987131244341e-05,-0.0001091228136538505,0.001227091630144797,5.456987148173314e-05
1,0.002092100000000052,-1.093333480761585,0.0001691541074798075,-12.0,0.5469204732335534,12.0,-0.001063243225693788,-5.467513191260736e-05,-5.467513174345324e-05,-0.0001093333480761585,0.001227240734282257,5.467513191260736e-05
1,0.002092300000000052,-1.095437098461899,0.000169018237468066,-12.0,0.5479720782773341,12.0,-0.001063076675811951,-5.478030600398661e-05,-5.478030583496836e-05,-0.0001095437098461899,0.00122738969915185,5.47803060039866e-05
1,0.0020925000000000522,-1.097538986317546,0.0001688821005409458,-12.0,0.5490228179984055,12.0,-0.001062910245941122,-5.488539358978645e-05,-5.488539342090436e-05,-0.0001097538986317546,0.001227538524559764,5.488539358978646e-05
1,0.0020927000000000523,-1.099639141009359,0.0001687456969142187,-12.0,0.5500726907375076,12.0,-0.001062743936385592,-5.499039450405934e-05,-5.499039433531364e-05,-0.0001099639141009359,0.001227687210312467,5.499039450405934e-05
1,0.0020929000000000524,-1.10173755922091,0.000168609026802935,-12.0,0.5511216948367497,12.0,-0.0010625777474495,-5.509530858099467e-05,-5.509530841238565e-05,-0.000110173755922091,0.001227835756216669,5.509530858099467e-05
1,0.0020931000000000526,-1.103834237638509,0.0001684720904217007,-12.0,0.552169828639608,12.0,-0.00106241167943686,-5.520013565491863e-05,-5.520013548644656e-05,-0.0001103834237638509,0.001227984162079386,5.520013565491863e-05
1,0.0020933000000000527,-1.105929172951215,0.0001683348879874536,-12.0,0.5532170904909376,12.0,-0.001062245732651547,-5.530487556029501e-05,-5.530487539196013e-05,-0.0001105929172951215,0.001228132427707862,5.530487556029502e-05
1,0.002093500000000053,-1.108022361850844,0.0001681974197163538,-12.0,0.5542634787369708,12.0,-0.001062079907397269,-5.540952813172544e-05,-5.540952796352801e-05,-0.0001108022361850844,0.001228280552909612,5.540952813172544e-05
1,0.002093700000000053,-1.110113801031963,0.0001680596858241734,-12.0,0.5553089917253146,12.0,-0.001061914203977575,-5.551409320394905e-05,-5.551409303588936e-05,-0.0001110113801031963,0.001228428537492485,5.551409320394905e-05
1,0.002093900000000053,-1.112203487191903,0.0001679216865295707,-12.0,0.5563536278049628,12.0,-0.001061748622695889,-5.561857061184333e-05,-5.561857044392163e-05,-0.0001112203487191903,0.001228576381264515,5.561857061184332e-05
1,0.002094100000000053,-1.114291417030767,0.0001677834220487062,-12.0,0.5573973853262909,12.0,-0.001061583163855503,-5.572296019042421e-05,-5.572296002264079e-05,-0.0001114291417030767,0.001228724084034023,5.572296019042422e-05
1,0.0020943000000000532,-1.116377587251435,0.0001676448926019591,-12.0,0.5584402626410694,12.0,-0.00106141782775955,-5.582726177484675e-05,-5.582726160720186e-05,-0.0001116377587251435,0.001228871645609621,5.582726177484674e-05
1,0.0020945000000000534,-1.118461994559554,0.0001675060984038801,-12.0,0.5594822581024437,12.0,-0.001061252614710961,-5.593147520040399e-05,-5.59314750328979e-05,-0.0001118461994559554,0.001229019065800203,5.593147520040398e-05
1,0.0020947000000000535,-1.12054463566356,0.0001673670396775684,-12.0,0.5605233700649666,12.0,-0.001061087525012626,-5.603560030252891e-05,-5.603560013516186e-05,-0.000112054463566356,0.001229166344414848,5.60356003025289e-05
1,0.0020949000000000536,-1.122625507274687,0.0001672277166397396,-12.0,0.5615635968845801,12.0,-0.001060922558967163,-5.613963691679405e-05,-5.613963674956634e-05,-0.0001122625507274687,0.001229313481263025,5.613963691679404e-05
1,0.0020951000000000537,-1.12470460610695,0.0001670881295101623,-12.0,0.5626029369186214,12.0,-0.001060757716877136,-5.624358487891112e-05,-5.6243584711823e-05,-0.000112470460610695,0.001229460476154381,5.624358487891113e-05
1,0.002095300000000054,-1.126781928877168,0.0001669482785101595,-12.0,0.563641388525832,12.0,-0.001060592999044908,-5.634744402473219e-05,-5.634744385778392e-05,-0.0001126781928877168,0.001229607328898832,5.634744402473219e-05
1,0.002095500000000054,-1.128857472304972,0.0001668081638594998,-12.0,0.5646789500663566,12.0,-0.001060428405772675,-5.64512141902497e-05,-5.645121402344156e-05,-0.0001128857472304972,0.001229754039306634,5.645121419024971e-05
1,0.002095700000000054,-1.13093123311279,0.0001666677857788401,-12.0,0.565715619901741,12.0,-0.001060263937362561,-5.655489521159622e-05,-5.655489504492843e-05,-0.000113093123311279,0.001229900607188195,5.655489521159623e-05
1,0.002095900000000054,-1.133003208025873,0.0001665271444905025,-12.0,0.5667513963949434,12.0,-0.001060099594116404,-5.66584869250453e-05,-5.665848675851815e-05,-0.0001133003208025873,0.001230047032354326,5.665848692504529e-05
1,0.0020961000000000543,-1.135073393772294,0.000166386240215699,-12.0,0.5677862779103329,12.0,-0.00105993537633603,-5.676198916701173e-05,-5.676198900062547e-05,-0.0001135073393772294,0.001230193314616011,5.676198916701172e-05
1,0.0020963000000000544,-1.137141787082945,0.0001662450731760301,-12.0,0.5688202628136872,12.0,-0.00105977128432299,-5.686540177405113e-05,-5.686540160780604e-05,-0.0001137141787082945,0.001230339453784528,5.686540177405113e-05
1,0.0020965000000000545,-1.139208384691551,0.0001661036435951502,-12.0,0.5698533494722048,12.0,-0.001059607318378751,-5.696872458286096e-05,-5.696872441675732e-05,-0.0001139208384691551,0.001230485449671435,5.696872458286096e-05
1,0.0020967000000000546,-1.141273183334675,0.0001659619516955479,-12.0,0.5708855362545006,12.0,-0.001059443478804607,-5.707195743028051e-05,-5.707195726431856e-05,-0.0001141273183334676,0.001230631302088531,5.707195743028051e-05
1,0.0020969000000000547,-1.143336179751721,0.0001658199977012109,-12.0,0.5719168215306122,12.0,-0.001059279765901679,-5.71751001532911e-05,-5.717509998747109e-05,-0.0001143336179751721,0.001230777010847922,5.71751001532911e-05
1,0.002097100000000055,-1.145397370684934,0.0001656777818346833,-12.0,0.5729472036719967,12.0,-0.001059116179970961,-5.72781525890162e-05,-5.727815242333843e-05,-0.0001145397370684934,0.00123092257576194,5.727815258901621e-05
1,0.002097300000000055,-1.14745675287941,0.0001655353043212848,-12.0,0.5739766810515399,12.0,-0.001058952721313226,-5.738111457472185e-05,-5.738111440918656e-05,-0.000114745675287941,0.001231067996643222,5.738111457472186e-05
1,0.002097500000000055,-1.149514323083112,0.0001653925653870014,-12.0,0.5750052520435623,12.0,-0.001058789390229159,-5.748398594781753e-05,-5.748398578242497e-05,-0.0001149514323083112,0.001231213273304645,5.748398594781754e-05
1,0.002097700000000055,-1.151570078046852,0.0001652495652529895,-12.0,0.5760329150238013,12.0,-0.001058626187019233,-5.758676654585483e-05,-5.758676638060527e-05,-0.0001151570078046852,0.001231358405559393,5.758676654585483e-05
1,0.0020979000000000553,-1.153624014524312,0.0001651063041491208,-12.0,0.5770596683694426,12.0,-0.001058463111983786,-5.768945620652933e-05,-5.768945604142304e-05,-0.0001153624014524312,0.001231503393220867,5.768945620652934e-05
1,0.0020981000000000554,-1.155676129272055,0.0001649627822991606,-12.0,0.5780855104591037,12.0,-0.001058300165422986,-5.779205476768046e-05,-5.779205460271768e-05,-0.0001155676129272055,0.00123164823610275,5.779205476768046e-05
1,0.0020983000000000555,-1.157726419049501,0.0001648189999282623,-12.0,0.579110439672833,12.0,-0.00105813734763683,-5.789456206729047e-05,-5.789456190247149e-05,-0.0001157726419049501,0.001231792934019031,5.789456206729048e-05
1,0.0020985000000000556,-1.159774880618968,0.0001646749572664086,-12.0,0.5801344543921331,12.0,-0.001057974658925181,-5.799697794348666e-05,-5.79969777788117e-05,-0.0001159774880618968,0.001231937486783928,5.799697794348666e-05
1,0.0020987000000000557,-1.16182151074566,0.0001645306545378089,-12.0,0.5811575529999433,12.0,-0.001057812099587677,-5.809930223454055e-05,-5.809930207000989e-05,-0.000116182151074566,0.001232081894211957,5.809930223454056e-05
1,0.002098900000000056,-1.163866306197668,0.0001643860919720019,-12.0,0.5821797338806529,12.0,-0.001057649669923846,-5.820153477886809e-05,-5.8201534614482e-05,-0.0001163866306197668,0.001232226156117885,5.820153477886809e-05
1,0.002099100000000056,-1.16590926374598,0.0001642412697952511,-12.0,0.5832009954200958,12.0,-0.001057487370233055,-5.830367541503006e-05,-5.830367525078879e-05,-0.0001165909263745981,0.001232370272316728,5.830367541503006e-05
1,0.002099300000000056,-1.167950380164488,0.0001640961882373726,-12.0,0.5842213360055623,12.0,-0.001057325200814446,-5.840572398173248e-05,-5.840572381763629e-05,-0.0001167950380164488,0.001232514242623814,5.84057239817325e-05
1,0.002099500000000056,-1.169989652229996,0.0001639508475266283,-12.0,0.5852407540257965,12.0,-0.001057163161967051,-5.850768031782697e-05,-5.850768015387612e-05,-0.0001169989652229996,0.001232658066854693,5.850768031782698e-05
1,0.0020997000000000563,-1.172027076722211,0.0001638052478916685,-12.0,0.5862592478709954,12.0,-0.001057001253989713,-5.860954426231037e-05,-5.860954409850512e-05,-0.0001172027076722211,0.001232801744825214,5.860954426231038e-05
1,0.0020999000000000564,-1.174062650423762,0.0001636593895630867,-12.0,0.5872768159328196,12.0,-0.00105683947718109,-5.871131565432564e-05,-5.871131549066625e-05,-0.0001174062650423762,0.00123294527635151,5.871131565432565e-05
1,0.0021001000000000565,-1.176096370120206,0.0001635132727707544,-12.0,0.5882934566043918,12.0,-0.001056677831839714,-5.88129943331621e-05,-5.881299416964883e-05,-0.0001176096370120206,0.001233088661249937,5.88129943331621e-05
1,0.0021003000000000566,-1.178128232600019,0.0001633668977440439,-12.0,0.5893091682802946,12.0,-0.001056516318263888,-5.891458013825505e-05,-5.891457997488816e-05,-0.0001178128232600019,0.001233231899337148,5.891458013825506e-05
1,0.0021005000000000567,-1.180158234654614,0.0001632202647149361,-12.0,0.5903239493565822,12.0,-0.00105635493675179,-5.901607290918671e-05,-5.901607274596646e-05,-0.0001180158234654614,0.001233374990430094,5.901607290918672e-05
1,0.002100700000000057,-1.182186373078344,0.0001630733739147461,-12.0,0.591337798230778,12.0,-0.001056193687601396,-5.911747248568633e-05,-5.911747232261296e-05,-0.0001182186373078344,0.001233517934345896,5.911747248568633e-05
1,0.002100900000000057,-1.184212644668501,0.0001629262255740671,-12.0,0.5923507133018736,12.0,-0.001056032571110532,-5.921877870762997e-05,-5.921877854470374e-05,-0.0001184212644668501,0.001233660730902073,5.921877870762995e-05
1,0.002101100000000057,-1.186237046225323,0.0001627788199254909,-12.0,0.5933626929703377,12.0,-0.001055871587576841,-5.931999141504122e-05,-5.931999125226241e-05,-0.0001186237046225323,0.001233803379916298,5.931999141504123e-05
1,0.002101300000000057,-1.188259574552008,0.0001626311572022754,-12.0,0.5943737356381192,12.0,-0.001055710737297787,-5.94211104480917e-05,-5.942111028546053e-05,-0.0001188259574552008,0.001233945881206594,5.94211104480917e-05
1,0.0021015000000000573,-1.190280226454713,0.0001624832376365126,-12.0,0.5953838397086437,12.0,-0.001055550020570672,-5.952213564710073e-05,-5.952213548461748e-05,-0.0001190280226454713,0.001234088234591244,5.952213564710072e-05
1,0.0021017000000000574,-1.192298998742549,0.0001623350614607943,-12.0,0.5963930035868162,12.0,-0.00105538943769265,-5.962306685253554e-05,-5.962306669020048e-05,-0.0001192298998742549,0.001234230439888684,5.962306685253555e-05
1,0.0021019000000000575,-1.194315888227597,0.0001621866289103768,-12.0,0.5974012256790305,12.0,-0.001055228988960599,-5.972390390501202e-05,-5.972390374282538e-05,-0.0001194315888227597,0.00123437249691781,5.972390390501201e-05
1,0.0021021000000000577,-1.196330891724921,0.0001620379402185179,-12.0,0.5984085043931677,12.0,-0.00105506867467129,-5.982464664529492e-05,-5.982464648325698e-05,-0.0001196330891724921,0.001234514405497697,5.982464664529492e-05
1,0.0021023000000000578,-1.198344006052552,0.0001618889956190861,-12.0,0.5994148381385946,12.0,-0.001054908495121361,-5.992529491429756e-05,-5.992529475240856e-05,-0.0001198344006052552,0.001234656165447573,5.992529491429756e-05
1,0.002102500000000058,-1.200355228031508,0.0001617397953483368,-12.0,0.6004202253261741,12.0,-0.001054748450607178,-6.002584855308259e-05,-6.00258483913428e-05,-0.0001200355228031508,0.001234797776587138,6.002584855308257e-05
1,0.002102700000000058,-1.202364554485798,0.0001615903396409157,-12.0,0.6014246643682639,12.0,-0.001054588541424997,-6.012630740286229e-05,-6.012630724127195e-05,-0.0001202364554485798,0.001234939238736271,6.01263074028623e-05
1,0.002102900000000058,-1.204371982242422,0.0001614406287319126,-12.0,0.6024281536787152,12.0,-0.001054428767870853,-6.022667130499833e-05,-6.022667114355771e-05,-0.0001204371982242422,0.001235080551715048,6.022667130499833e-05
1,0.0021031000000000582,-1.206377508131376,0.0001612906628584709,-12.0,0.6034306916728824,12.0,-0.001054269130240613,-6.03269401010024e-05,-6.032693993971173e-05,-0.0001206377508131376,0.001235221715343932,6.032694010100239e-05
1,0.0021033000000000583,-1.208381128985664,0.0001611404422566243,-12.0,0.6044322767676213,12.0,-0.001054109628829979,-6.042711363253647e-05,-6.042711347139603e-05,-0.0001208381128985664,0.001235362729443579,6.042711363253648e-05
1,0.0021035000000000584,-1.210382841641297,0.0001609899671636827,-12.0,0.605432907381294,12.0,-0.001053950263934421,-6.052719174141303e-05,-6.052719158042306e-05,-0.0001210382841641297,0.001235503593834966,6.052719174141304e-05
1,0.0021037000000000586,-1.212382642937297,0.0001608392378159018,-12.0,0.606432581933765,12.0,-0.001053791035849329,-6.062717426959492e-05,-6.062717410875567e-05,-0.0001212382642937298,0.001235644308339265,6.062717426959492e-05
1,0.0021039000000000587,-1.214380529715703,0.0001606882544518684,-12.0,0.6074312988464119,12.0,-0.001053631944869772,-6.0727061059196e-05,-6.072706089850775e-05,-0.0001214380529715703,0.001235784872778006,6.072706105919601e-05
1,0.002104100000000059,-1.216376498821587,0.0001605370173107246,-12.0,0.60842905654213,12.0,-0.001053472991290716,-6.082685195248191e-05,-6.082685179194492e-05,-0.0001216376498821587,0.001235925286972972,6.082685195248192e-05
1,0.002104300000000059,-1.218370547103036,0.0001603855266278931,-12.0,0.6094258534453152,12.0,-0.001053314175406966,-6.092654679186874e-05,-6.092654663148321e-05,-0.0001218370547103036,0.001236065550746096,6.092654679186873e-05
1,0.002104500000000059,-1.220362671411176,0.0001602337826460132,-12.0,0.6104216879818948,12.0,-0.001053155497513079,-6.102614541992488e-05,-6.10261452596911e-05,-0.0001220362671411176,0.001236205663919757,6.102614541992488e-05
1,0.002104700000000059,-1.222352868600181,0.0001600817856022285,-12.0,0.6114165585793115,12.0,-0.001052996957903424,-6.112564767937093e-05,-6.112564751928915e-05,-0.0001222352868600181,0.001236345626316498,6.112564767937093e-05
1,0.0021049000000000592,-1.224341135527247,0.000159929535735237,-12.0,0.612410463666522,12.0,-0.001052838556872271,-6.122505341307866e-05,-6.122505325314912e-05,-0.0001224341135527247,0.001236485437759116,6.122505341307867e-05
1,0.0021051000000000594,-1.226327469052633,0.0001597770332885662,-12.0,0.6134034016740199,12.0,-0.001052680294713601,-6.132436246407313e-05,-6.13243623042961e-05,-0.0001226327469052633,0.001236625098070765,6.132436246407313e-05
1,0.0021053000000000595,-1.228311866039656,0.0001596242784999702,-12.0,0.6143953710338206,12.0,-0.001052522171721242,-6.142357467553207e-05,-6.142357451590779e-05,-0.0001228311866039656,0.001236764607074795,6.142357467553205e-05
1,0.0021055000000000596,-1.230294323354674,0.0001594712716109226,-12.0,0.6153863701794662,12.0,-0.001052364188188853,-6.152268989078553e-05,-6.152268973131426e-05,-0.0001230294323354674,0.001236903964594818,6.152268989078553e-05
1,0.0021057000000000597,-1.23227483786712,0.0001593180128633964,-12.0,0.6163763975460353,12.0,-0.001052206344409869,-6.162170795331718e-05,-6.162170779399919e-05,-0.000123227483786712,0.001237043170454782,6.16217079533172e-05
1,0.00210590000000006,-1.234253406449494,0.0001591645024985322,-12.0,0.6173654515701397,12.0,-0.001052048640677573,-6.172062870676413e-05,-6.172062854759963e-05,-0.0001234253406449494,0.001237182224478856,6.172062870676411e-05
1,0.00210610000000006,-1.236230025977367,0.0001590107407589136,-12.0,0.6183535306899293,12.0,-0.001051891077284997,-6.181945199491703e-05,-6.181945183590631e-05,-0.0001236230025977367,0.00123732112649147,6.181945199491704e-05
1,0.00210630000000006,-1.238204693329385,0.0001588567278863473,-12.0,0.6193406333450894,12.0,-0.001051733654525037,-6.191817766172031e-05,-6.191817750286359e-05,-0.0001238204693329386,0.001237459876317348,6.19181776617203e-05
1,0.00210650000000006,-1.240177405387281,0.0001587024641245272,-12.0,0.6203267579768518,12.0,-0.001051576372690391,-6.201680555127272e-05,-6.201680539257026e-05,-0.0001240177405387281,0.001237598473781493,6.201680555127272e-05
1,0.0021067000000000603,-1.242148159035876,0.000158547949716481,-12.0,0.6213119030279923,12.0,-0.001051419232073511,-6.211533550782759e-05,-6.211533534927965e-05,-0.0001242148159035876,0.00123773691870914,6.211533550782759e-05
1,0.0021069000000000604,-1.24411695116308,0.0001583931849051812,-12.0,0.6222960669428298,12.0,-0.001051262232966733,-6.221376737579245e-05,-6.221376721739927e-05,-0.000124411695116308,0.001237875210925846,6.221376737579246e-05
1,0.0021071000000000605,-1.246083778659899,0.0001582381699358204,-12.0,0.623279248167235,12.0,-0.001051105375662116,-6.231210099972991e-05,-6.231210084149176e-05,-0.0001246083778659899,0.001238013350257333,6.231210099972992e-05
1,0.0021073000000000606,-1.248048638420454,0.0001580829050535359,-12.0,0.6242614451486362,12.0,-0.001050948660451571,-6.241033622435829e-05,-6.241033606627537e-05,-0.0001248048638420454,0.001238151336529728,6.241033622435829e-05
1,0.0021075000000000607,-1.250011527341958,0.0001579273905001899,-12.0,0.6252426563360033,12.0,-0.001050792087626796,-6.250847289455029e-05,-6.250847273662292e-05,-0.0001250011527341958,0.001238289169569334,6.25084728945503e-05
1,0.002107700000000061,-1.251972442324738,0.0001577716265240836,-12.0,0.6262228801798713,12.0,-0.00105063565747935,-6.260651085533474e-05,-6.260651069756309e-05,-0.0001251972442324738,0.001238426849202723,6.260651085533472e-05
1,0.002107900000000061,-1.253931380272248,0.0001576156133701878,-12.0,0.6272021151323357,12.0,-0.001050479370300485,-6.270444995189656e-05,-6.270444979428092e-05,-0.0001253931380272248,0.001238564375256837,6.270444995189654e-05
1,0.002108100000000061,-1.255888338091063,0.0001574593512840283,-12.0,0.628180359647051,12.0,-0.001050323226381301,-6.280229002957669e-05,-6.280228987211736e-05,-0.0001255888338091063,0.001238701747558746,6.280229002957669e-05
1,0.002108300000000061,-1.257843312690874,0.0001573028405115751,-12.0,0.6291576121792326,12.0,-0.001050167226012741,-6.29000309338721e-05,-6.290003077656927e-05,-0.0001257843312690874,0.001238838965935893,6.29000309338721e-05
1,0.0021085000000000613,-1.259796300984509,0.0001571460813010184,-12.0,0.6301338711856668,12.0,-0.001050011369485508,-6.299767251043659e-05,-6.299767235329051e-05,-0.0001259796300984509,0.00123897603021593,6.299767251043657e-05
1,0.0021087000000000614,-1.261747299887939,0.0001569890738992163,-12.0,0.6311091351247089,12.0,-0.001049855657090093,-6.309521460508097e-05,-6.30952144480919e-05,-0.0001261747299887939,0.001239112940226841,6.309521460508097e-05
1,0.0021089000000000615,-1.263696306320268,0.000156831818552805,-12.0,0.632083402456281,12.0,-0.001049700089116819,-6.319265706377282e-05,-6.319265690694102e-05,-0.0001263696306320268,0.001239249695796779,6.319265706377282e-05
1,0.0021091000000000616,-1.265643317203747,0.0001566743155112515,-12.0,0.6330566716418836,12.0,-0.001049544665855773,-6.328999973263723e-05,-6.328999957596293e-05,-0.0001265643317203747,0.001239386296754269,6.328999973263723e-05
1,0.0021093000000000617,-1.267588329463788,0.0001565165650225242,-12.0,0.6340289411445932,12.0,-0.001049389387596862,-6.338724245795708e-05,-6.33872423014405e-05,-0.0001267588329463788,0.001239522742928073,6.338724245795707e-05
1,0.002109500000000062,-1.269531340028947,0.0001563585673343693,-12.0,0.6350002094290607,12.0,-0.001049234254629758,-6.348438508617264e-05,-6.348438492981406e-05,-0.0001269531340028947,0.001239659034147161,6.348438508617263e-05
1,0.002109700000000062,-1.271472345830945,0.0001562003226975306,-12.0,0.6359704749615221,12.0,-0.001049079267243992,-6.358142746388246e-05,-6.358142730768213e-05,-0.0001271472345830945,0.001239795170240851,6.358142746388247e-05
1,0.002109900000000062,-1.273411343804675,0.0001560418313611422,-12.0,0.6369397362097975,12.0,-0.001048924425728799,-6.367836943784362e-05,-6.367836928180179e-05,-0.0001273411343804675,0.001239931151038737,6.367836943784365e-05
1,0.002110100000000062,-1.275348330888191,0.0001558830935745048,-12.0,0.6379079916432879,12.0,-0.001048769730373274,-6.377521085497136e-05,-6.377521069908827e-05,-0.0001275348330888191,0.001240066976370607,6.377521085497135e-05
1,0.0021103000000000623,-1.277283304022726,0.0001557241095888062,-12.0,0.6388752397329874,12.0,-0.001048615181466282,-6.387195156233987e-05,-6.387195140661573e-05,-0.0001277283304022726,0.001240202646066571,6.387195156233987e-05
1,0.0021105000000000624,-1.279216260152695,0.0001555648796542353,-12.0,0.6398414789514779,12.0,-0.001048460779296503,-6.396859140718238e-05,-6.396859125161747e-05,-0.0001279216260152695,0.001240338159956958,6.396859140718236e-05
1,0.0021107000000000625,-1.281147196225704,0.0001554054040234232,-12.0,0.6408067077729412,12.0,-0.001048306524152352,-6.406513023689178e-05,-6.406513008148639e-05,-0.0001281147196225704,0.001240473517872473,6.406513023689178e-05
1,0.0021109000000000626,-1.283076109192535,0.0001552456829445603,-12.0,0.641770924673141,12.0,-0.001048152416322119,-6.416156789901964e-05,-6.416156774377396e-05,-0.0001283076109192535,0.001240608719643918,6.416156789901965e-05
1,0.0021111000000000628,-1.28500299600717,0.0001550857166737751,-12.0,0.6427341281294527,12.0,-0.001047998456093796,-6.425790424127789e-05,-6.425790408619217e-05,-0.000128500299600717,0.001240743765102567,6.42579042412779e-05
1,0.002111300000000063,-1.286927853626803,0.0001549255054610343,-12.0,0.643696316620848,12.0,-0.001047844643755201,-6.43541391115387e-05,-6.43541389566132e-05,-0.0001286927853626803,0.001240878654079819,6.435413911153871e-05
1,0.002111500000000063,-1.288850679011811,0.0001547650495580255,-12.0,0.6446574886278931,12.0,-0.001047690979593952,-6.44502723578335e-05,-6.445027220306846e-05,-0.0001288850679011811,0.001241013386407377,6.44502723578335e-05
1,0.002111700000000063,-1.290771469125793,0.0001546043492208771,-12.0,0.6456176426327714,12.0,-0.001047537463897484,-6.454630382835505e-05,-6.45463036737507e-05,-0.0001290771469125793,0.001241147961917211,6.454630382835505e-05
1,0.002111900000000063,-1.292690220935568,0.0001544434047008325,-12.0,0.6465767771192691,12.0,-0.00104738409695293,-6.464223337145683e-05,-6.464223321701343e-05,-0.0001292690220935568,0.001241282380441577,6.464223337145683e-05
1,0.0021121000000000633,-1.294606931411158,0.0001542822162519664,-12.0,0.6475348905727789,12.0,-0.001047230879047262,-6.473806083565268e-05,-6.473806068137048e-05,-0.0001294606931411158,0.001241416641813042,6.473806083565271e-05
1,0.0021123000000000634,-1.296521597525816,0.0001541207841294079,-12.0,0.6484919814803103,12.0,-0.00104707781046727,-6.483378606961808e-05,-6.48337859154973e-05,-0.0001296521597525816,0.001241550745864323,6.48337860696181e-05
1,0.0021125000000000635,-1.298434216256028,0.0001539591085872871,-12.0,0.6494480483304862,12.0,-0.001046924891499428,-6.49294089221899e-05,-6.492940876823079e-05,-0.0001298434216256028,0.001241684692428524,6.49294089221899e-05
1,0.0021127000000000637,-1.300344784581509,0.0001537971898808443,-12.0,0.6504030896135478,12.0,-0.001046772122430123,-6.50249292423667e-05,-6.502492908856951e-05,-0.0001300344784581509,0.001241818481338933,6.50249292423667e-05
1,0.0021129000000000638,-1.302253299485209,0.0001536350282646537,-12.0,0.6513571038213518,12.0,-0.001046619503545461,-6.512034687930874e-05,-6.512034672567371e-05,-0.000130225329948521,0.001241952112429126,6.512034687930872e-05
1,0.002113100000000064,-1.304159757953323,0.0001534726239956208,-12.0,0.6523100894473811,12.0,-0.001046467035131282,-6.521566168233855e-05,-6.521566152886593e-05,-0.0001304159757953323,0.001242085585532987,6.521566168233855e-05
1,0.002113300000000064,-1.306064156975297,0.0001533099773295965,-12.0,0.6532620449867426,12.0,-0.001046314717473282,-6.53108735009413e-05,-6.531087334763133e-05,-0.0001306064156975297,0.00124221890048469,6.53108735009413e-05
1,0.002113500000000064,-1.307966493543822,0.0001531470885224873,-12.0,0.6542129689361657,12.0,-0.001046162550856905,-6.540598218476433e-05,-6.540598203161723e-05,-0.0001307966493543822,0.00124235205711859,6.540598218476432e-05
1,0.0021137000000000642,-1.309866764654849,0.0001529839578319758,-12.0,0.6551628597940118,12.0,-0.001046010535567403,-6.5500987583618e-05,-6.550098743063404e-05,-0.0001309866764654849,0.001242485055269318,6.550098758361797e-05
1,0.0021139000000000643,-1.311764967307598,0.0001528205855162446,-12.0,0.6561117160602791,12.0,-0.001045858671889763,-6.559588954747629e-05,-6.559588939465571e-05,-0.0001311764967307598,0.001242617894771883,6.559588954747629e-05
1,0.0021141000000000645,-1.313661098504544,0.0001526569718301451,-12.0,0.6570595362365871,12.0,-0.001045706960108778,-6.56906879264757e-05,-6.569068777381872e-05,-0.0001313661098504544,0.001242750575461429,6.56906879264757e-05
1,0.0021143000000000646,-1.315555155251434,0.0001524931170342469,-12.0,0.6580063188261998,12.0,-0.001045555400509032,-6.578538257091654e-05,-6.578538241842342e-05,-0.0001315555155251434,0.00124288309717345,6.578538257091655e-05
1,0.0021145000000000647,-1.317447134557304,0.000152329021387676,-12.0,0.6589520623340236,12.0,-0.001045403993374848,-6.58799733312636e-05,-6.587997317893456e-05,-0.0001317447134557304,0.001243015459743702,6.58799733312636e-05
1,0.002114700000000065,-1.319337033434455,0.0001521646851455616,-12.0,0.6598967652665924,12.0,-0.001045252738990352,-6.597446005814467e-05,-6.597445990598001e-05,-0.0001319337033434455,0.001243147663008162,6.597446005814469e-05
1,0.002114900000000065,-1.321224848898477,0.0001520001085714706,-12.0,0.6608404261320967,12.0,-0.001045101637639455,-6.60688426023525e-05,-6.606884245035242e-05,-0.0001321224848898477,0.001243279706803144,6.606884260235253e-05
1,0.002115100000000065,-1.323110577968259,0.0001518352919221977,-12.0,0.6617830434403658,12.0,-0.001044950689605799,-6.616312081484436e-05,-6.616312066300905e-05,-0.0001323110577968259,0.001243411590965207,6.616312081484436e-05
1,0.002115300000000065,-1.324994217665977,0.0001516702354593114,-12.0,0.6627246157028797,12.0,-0.001044799895172879,-6.625729454674202e-05,-6.62572943950718e-05,-0.0001324994217665977,0.001243543315331067,6.625729454674203e-05
1,0.0021155000000000652,-1.326875765017105,0.0001515049394416601,-12.0,0.6636651414327644,12.0,-0.001044649254623858,-6.635136364933229e-05,-6.635136349782734e-05,-0.0001326875765017105,0.001243674879737949,6.635136364933227e-05
1,0.0021157000000000654,-1.328755217050424,0.0001513394041313121,-12.0,0.6646046191448032,12.0,-0.001044498768241774,-6.644532797406718e-05,-6.644532782272779e-05,-0.0001328755217050424,0.001243806284023111,6.64453279740672e-05
1,0.0021159000000000655,-1.330632570798027,0.0001511736297890587,-12.0,0.6655430473554333,12.0,-0.00104434843630935,-6.653918737256443e-05,-6.653918722139078e-05,-0.0001330632570798027,0.001243937528024208,6.653918737256444e-05
1,0.0021161000000000656,-1.332507823295312,0.0001510076166758023,-12.0,0.6664804245827463,12.0,-0.001044198259109147,-6.663294169660704e-05,-6.663294154559942e-05,-0.0001332507823295312,0.001244068611579108,6.663294169660705e-05
1,0.0021163000000000657,-1.334380971581003,0.0001508413650541662,-12.0,0.6674167493464965,12.0,-0.00104404823692348,-6.672659079814422e-05,-6.672659064730286e-05,-0.0001334380971581003,0.001244199534525967,6.672659079814424e-05
1,0.002116500000000066,-1.336252012697145,0.0001506748751865516,-12.0,0.668352020168101,12.0,-0.001043898370034421,-6.682013452929146e-05,-6.682013437861658e-05,-0.0001336252012697145,0.001244330296703261,6.682013452929146e-05
1,0.002116700000000066,-1.338120943689107,0.0001505081473344716,-12.0,0.6692862355706367,12.0,-0.001043748658723774,-6.691357274233022e-05,-6.691357259182209e-05,-0.0001338120943689107,0.001244460897949634,6.691357274233023e-05
1,0.002116900000000066,-1.339987761605592,0.0001503411817621592,-12.0,0.6702193940788512,12.0,-0.001043599103273209,-6.700690528970891e-05,-6.700690513936774e-05,-0.0001339987761605592,0.001244591338104076,6.700690528970891e-05
1,0.002117100000000066,-1.341852463498645,0.0001501739787326817,-12.0,0.6711514942191614,12.0,-0.001043449703964104,-6.710013202404288e-05,-6.71001318738689e-05,-0.0001341852463498645,0.00124472161700577,6.710013202404288e-05
1,0.0021173000000000663,-1.343715046423645,0.00015000653850894,-12.0,0.672082534519651,12.0,-0.001043300461077569,-6.719325279811422e-05,-6.719325264810768e-05,-0.0001343715046423645,0.001244851734494276,6.719325279811422e-05
1,0.0021175000000000664,-1.345575507439316,0.0001498388613559998,-12.0,0.6730125135100806,12.0,-0.001043151374894538,-6.728626746487247e-05,-6.72862673150336e-05,-0.0001345575507439316,0.001244981690409333,6.728626746487247e-05
1,0.0021177000000000665,-1.347433843607742,0.0001496709475387048,-12.0,0.6739414297218889,12.0,-0.001043002445695738,-6.737917587743502e-05,-6.737917572776407e-05,-0.0001347433843607742,0.001245111484590944,6.737917587743502e-05
1,0.0021179000000000666,-1.349290051994362,0.0001495027973216212,-12.0,0.6748692816881916,12.0,-0.001042853673761564,-6.747197788908699e-05,-6.74719777395842e-05,-0.0001349290051994363,0.001245241116879459,6.7471977889087e-05
1,0.0021181000000000667,-1.351144129667962,0.0001493344109682604,-12.0,0.6757960679437776,12.0,-0.0010427050593722,-6.756467335328094e-05,-6.756467320394652e-05,-0.0001351144129667962,0.001245370587115477,6.756467335328094e-05
1,0.002118300000000067,-1.352996073700701,0.0001491657887475184,-12.0,0.6767217870251296,12.0,-0.001042556602807672,-6.765726212363822e-05,-6.765726197447242e-05,-0.0001352996073700701,0.001245499895139779,6.76572621236382e-05
1,0.002118500000000067,-1.354845881168115,0.0001489969309232952,-12.0,0.6776464374704114,12.0,-0.001042408304347674,-6.774974405394882e-05,-6.77497439049519e-05,-0.0001354845881168115,0.001245629040793519,6.774974405394882e-05
1,0.002118700000000067,-1.3566935491491,0.0001488278377616559,-12.0,0.6785700178194708,12.0,-0.001042260164271766,-6.784211899817091e-05,-6.784211884934308e-05,-0.00013566935491491,0.001245758023917978,6.784211899817093e-05
1,0.002118900000000067,-1.358539074725936,0.0001486585095308857,-12.0,0.6794925266138496,12.0,-0.001042112182859163,-6.793438681043186e-05,-6.793438666177335e-05,-0.0001358539074725936,0.001245886844354921,6.793438681043187e-05
1,0.0021191000000000673,-1.360382454984294,0.0001484889464972161,-12.0,0.680413962396782,12.0,-0.001041964360388871,-6.802654734502847e-05,-6.802654719653953e-05,-0.0001360382454984294,0.001246015501946224,6.802654734502847e-05
1,0.0021193000000000674,-1.362223687013219,0.0001483191489276003,-12.0,0.6813343237131925,12.0,-0.001041816697139708,-6.811860045642648e-05,-6.811860030810736e-05,-0.0001362223687013219,0.001246143996534013,6.811860045642648e-05
1,0.0021195000000000675,-1.364062767905156,0.0001481491170912674,-12.0,0.6822536091097061,12.0,-0.001041669193390174,-6.821054599926148e-05,-6.821054585111237e-05,-0.0001364062767905156,0.00124627232796079,6.821054599926148e-05
1,0.0021197000000000676,-1.365899694755947,0.0001479788512557256,-12.0,0.6831718171346458,12.0,-0.001041521849418608,-6.8302383828339e-05,-6.830238368036016e-05,-0.0001365899694755947,0.00124640049606925,6.830238382833901e-05
1,0.0021199000000000677,-1.367734464664838,0.0001478083516898154,-12.0,0.6840889463380371,12.0,-0.001041374665503025,-6.839411379863474e-05,-6.839411365082638e-05,-0.0001367734464664838,0.001246528500702393,6.839411379863472e-05
1,0.002120100000000068,-1.369567074734473,0.0001476376186614892,-12.0,0.6850049952716051,12.0,-0.001041227641921258,-6.848573576529435e-05,-6.848573561765673e-05,-0.0001369567074734473,0.001246656341703456,6.848573576529436e-05
1,0.002120300000000068,-1.37139752207091,0.0001474666524414192,-12.0,0.6859199624887836,12.0,-0.00104108077895089,-6.857724958363421e-05,-6.85772494361676e-05,-0.000137139752207091,0.001246784018915925,6.857724958363423e-05
1,0.002120500000000068,-1.373225803783631,0.0001472954532997783,-12.0,0.6868338465447197,12.0,-0.001040934076869199,-6.866865510914201e-05,-6.866865496184653e-05,-0.0001373225803783631,0.001246911532183662,6.8668655109142e-05
1,0.002120700000000068,-1.375051916985526,0.0001471240215039638,-12.0,0.6877466459962591,12.0,-0.001040787535953297,-6.875995219747551e-05,-6.87599520503515e-05,-0.0001375051916985526,0.001247038881350651,6.875995219747551e-05
1,0.0021209000000000683,-1.376875858792908,0.0001469523573271458,-12.0,0.6886583594019683,12.0,-0.001040641156479991,-6.885114070446412e-05,-6.885114055751178e-05,-0.0001376875858792908,0.001247166066261268,6.885114070446412e-05
1,0.0021211000000000684,-1.378697626325535,0.000146780461040108,-12.0,0.6895689853221325,12.0,-0.001040494938725919,-6.894222048610923e-05,-6.894222033932878e-05,-0.0001378697626325535,0.00124729308676004,6.894222048610925e-05
1,0.0021213000000000685,-1.380517216706582,0.0001466083329112466,-12.0,0.6904785223187414,12.0,-0.001040348882967321,-6.903319139858303e-05,-6.90331912519747e-05,-0.0001380517216706582,0.00124741994269191,6.903319139858302e-05
1,0.0021215000000000686,-1.382334627062668,0.000146435973215564,-12.0,0.691386968955517,12.0,-0.00104020298948039,-6.912405329823014e-05,-6.912405315179416e-05,-0.0001382334627062668,0.001247546633901919,6.912405329823015e-05
1,0.0021217000000000688,-1.384149854523861,0.0001462633822233439,-12.0,0.6922943237978993,12.0,-0.001040057258540894,-6.92148060415676e-05,-6.921480589530423e-05,-0.0001384149854523861,0.00124767316023551,6.92148060415676e-05
1,0.002121900000000069,-1.385962896223662,0.0001460905602054807,-12.0,0.6932005854130449,12.0,-0.0010399116904245,-6.930544948528393e-05,-6.930544933919338e-05,-0.0001385962896223662,0.001247799521538279,6.930544948528394e-05
1,0.002122100000000069,-1.387773749299032,0.0001459175074379759,-12.0,0.6941057523698481,12.0,-0.001039766285406418,-6.9395983486241e-05,-6.939598334032351e-05,-0.0001387773749299032,0.001247925717656265,6.939598348624101e-05
1,0.002122300000000069,-1.389582410890393,0.0001457442241911133,-12.0,0.6950098232389252,12.0,-0.001039621043761846,-6.94864079014734e-05,-6.948640775572918e-05,-0.0001389582410890393,0.001248051748435564,6.948640790147341e-05
1,0.002122500000000069,-1.391388878141619,0.0001455707107398396,-12.0,0.6959127965926265,12.0,-0.001039475965765618,-6.957672258818868e-05,-6.957672244261796e-05,-0.0001391388878141619,0.001248177613722673,6.957672258818866e-05
1,0.0021227000000000693,-1.393193148200053,0.0001453969673564925,-12.0,0.6968146710050311,12.0,-0.001039331051692294,-6.966692740376746e-05,-6.966692725837049e-05,-0.0001393193148200054,0.001248303313364299,6.966692740376746e-05
1,0.0021229000000000694,-1.394995218216507,0.0001452229943163519,-12.0,0.6977154450519576,12.0,-0.001039186301816195,-6.975702220576413e-05,-6.975702206054115e-05,-0.0001394995218216507,0.001248428847207453,6.975702220576413e-05
1,0.0021231000000000695,-1.396795085345268,0.0001450487918935872,-12.0,0.6986151173109619,12.0,-0.001039041716411393,-6.984700685190683e-05,-6.984700670685806e-05,-0.0001396795085345267,0.001248554215099437,6.984700685190684e-05
1,0.0021233000000000697,-1.398592746744098,0.0001448743603625346,-12.0,0.6995136863613364,12.0,-0.00103889729575174,-6.99368812000974e-05,-6.993688105522303e-05,-0.0001398592746744098,0.001248679416887721,6.993688120009738e-05
1,0.0021235000000000698,-1.400388199574246,0.0001446996999992511,-12.0,0.700411150784119,12.0,-0.001038753040110779,-7.002664510841197e-05,-7.002664496371229e-05,-0.0001400388199574246,0.001248804452420121,7.002664510841197e-05
1,0.00212370000000007,-1.402181441000451,0.0001445248110787389,-12.0,0.7013075091620921,12.0,-0.001038608949761835,-7.011629843510132e-05,-7.011629829057652e-05,-0.0001402181441000451,0.001248929321544689,7.011629843510133e-05
1,0.00212390000000007,-1.403972468190937,0.0001443496938769995,-12.0,0.7022027600797811,12.0,-0.001038465024977953,-7.02058410385904e-05,-7.020584089424071e-05,-0.0001403972468190937,0.001249054024109797,7.020584103859041e-05
1,0.00212410000000007,-1.405761278317428,0.0001441743486702007,-12.0,0.7030969021234625,12.0,-0.001038321266031941,-7.029527277747922e-05,-7.029527263330489e-05,-0.0001405761278317428,0.001249178559964009,7.029527277747924e-05
1,0.0021243000000000702,-1.40754786855515,0.0001439987757358985,-12.0,0.7039899338811666,12.0,-0.001038177673196333,-7.038459351054308e-05,-7.038459336654429e-05,-0.000140754786855515,0.001249302928956184,7.038459351054308e-05
1,0.0021245000000000703,-1.40933223608284,0.0001438229753504827,-12.0,0.7048818539426756,12.0,-0.001038034246743424,-7.047380309673251e-05,-7.047380295290954e-05,-0.000140933223608284,0.001249427130935454,7.047380309673251e-05
1,0.0021247000000000705,-1.411114378082731,0.0001436469477895663,-12.0,0.7057726608995195,12.0,-0.001037890986945192,-7.0562901395173e-05,-7.056290125152604e-05,-0.0001411114378082731,0.001249551165751261,7.0562901395173e-05
1,0.0021249000000000706,-1.412894291740579,0.0001434706933344243,-12.0,0.7066623533449978,12.0,-0.001037747894073418,-7.065188826516633e-05,-7.065188812169565e-05,-0.0001412894291740579,0.001249675033253225,7.065188826516635e-05
1,0.0021251000000000707,-1.414671974245663,0.000143294212260503,-12.0,0.7075509298741646,12.0,-0.001037604968399608,-7.074076356619041e-05,-7.07407634228962e-05,-0.0001414671974245664,0.001249798733291285,7.074076356619041e-05
1,0.002125300000000071,-1.416447422790777,0.0001431175048468569,-12.0,0.7084383890838336,12.0,-0.001037462210195003,-7.082952715789868e-05,-7.082952701478118e-05,-0.0001416447422790777,0.001249922265715631,7.082952715789868e-05
1,0.002125500000000071,-1.418220634572244,0.0001429405713728737,-12.0,0.7093247295725871,12.0,-0.001037319619730553,-7.091817890012143e-05,-7.091817875718085e-05,-0.0001418220634572244,0.001250045630376784,7.091817890012143e-05
1,0.002125700000000071,-1.419991606789927,0.0001427634121172194,-12.0,0.7102099499407735,12.0,-0.001037177197277014,-7.100671865286563e-05,-7.100671851010221e-05,-0.0001419991606789927,0.001250168827125378,7.100671865286563e-05
1,0.002125900000000071,-1.421760336647216,0.0001425860273590596,-12.0,0.7110940487905066,12.0,-0.001037034943104767,-7.109514627631475e-05,-7.109514613372874e-05,-0.0001421760336647216,0.001250291855812491,7.109514627631476e-05
1,0.0021261000000000712,-1.423526821351044,0.000142408417379225,-12.0,0.711977024725675,12.0,-0.001036892857484054,-7.118346163082958e-05,-7.118346148842117e-05,-0.0001423526821351044,0.001250414716289339,7.118346163082959e-05
1,0.0021263000000000714,-1.425291058111896,0.0001422305824576031,-12.0,0.7128588763519403,12.0,-0.001036750940684728,-7.127166457694827e-05,-7.12716644347177e-05,-0.0001425291058111896,0.001250537408407526,7.127166457694827e-05
1,0.0021265000000000715,-1.4270530441438,0.0001420525228739145,-12.0,0.7137396022767359,12.0,-0.001036609192976504,-7.135975497538621e-05,-7.135975483333369e-05,-0.00014270530441438,0.001250659932018741,7.135975497538621e-05
1,0.0021267000000000716,-1.428812776664337,0.0001418742389103778,-12.0,0.7146192011092767,12.0,-0.00103646761462875,-7.144773268703663e-05,-7.14477325451624e-05,-0.0001428812776664338,0.001250782286975102,7.144773268703663e-05
1,0.0021269000000000717,-1.430570252894653,0.0001416957308473799,-12.0,0.7154976714605548,12.0,-0.001036326205910543,-7.153559757297075e-05,-7.153559743127501e-05,-0.0001430570252894653,0.001250904473128964,7.153559757297075e-05
1,0.002127100000000072,-1.432325470059457,0.0001415169989680831,-12.0,0.7163750119433505,12.0,-0.001036184967090764,-7.162334949443825e-05,-7.162334935292125e-05,-0.0001432325470059457,0.001251026490332902,7.162334949443825e-05
1,0.002127300000000072,-1.43407842538702,0.0001413380435512646,-12.0,0.7172512211722173,12.0,-0.001036043898438005,-7.171098831286661e-05,-7.171098817152858e-05,-0.000143407842538702,0.001251148338439728,7.171098831286661e-05
1,0.002127500000000072,-1.43582911610918,0.0001411588648826956,-12.0,0.7181262977635025,12.0,-0.001035903000220537,-7.179851388986197e-05,-7.179851374870312e-05,-0.000143582911610918,0.001251270017302644,7.179851388986199e-05
1,0.002127700000000072,-1.437577539461368,0.0001409794632444838,-12.0,0.7190002403353455,12.0,-0.001035762272706409,-7.18859260872101e-05,-7.188592594623063e-05,-0.0001437577539461368,0.001251391526775017,7.18859260872101e-05
1,0.0021279000000000723,-1.439323692682581,0.0001407998389170162,-12.0,0.7198730475076643,12.0,-0.001035621716163393,-7.197322476687473e-05,-7.19732246260749e-05,-0.0001439323692682581,0.001251512866710505,7.197322476687473e-05
1,0.0021281000000000724,-1.441067573015403,0.0001406199921875628,-12.0,0.7207447179021824,12.0,-0.001035481330859012,-7.206040979099949e-05,-7.206040965037951e-05,-0.0001441067573015403,0.001251634036963004,7.206040979099949e-05
1,0.0021283000000000725,-1.442809177706017,0.0001404399233374543,-12.0,0.7216152501424143,12.0,-0.001035341117060398,-7.214748102190768e-05,-7.214748088146774e-05,-0.0001442809177706018,0.001251755037386754,7.214748102190769e-05
1,0.0021285000000000726,-1.444548504004186,0.0001402596326504635,-12.0,0.7224846428536648,12.0,-0.001035201075034645,-7.223443832210142e-05,-7.223443818184182e-05,-0.0001444548504004186,0.00125187586783615,7.223443832210143e-05
1,0.0021287000000000727,-1.446285549163275,0.0001400791204134166,-12.0,0.7233528946630489,12.0,-0.001035061205048302,-7.232128155426355e-05,-7.232128141418442e-05,-0.0001446285549163275,0.001251996528165988,7.232128155426355e-05
1,0.002128900000000073,-1.44802031044026,0.0001398983869088655,-12.0,0.7242200041994772,12.0,-0.001034921507367836,-7.240801058125683e-05,-7.240801044135843e-05,-0.000144802031044026,0.001252117018231191,7.240801058125683e-05
1,0.002129100000000073,-1.449752785095714,0.0001397174324235251,-12.0,0.7250859700936666,12.0,-0.001034781982259314,-7.24946252661243e-05,-7.249462512640688e-05,-0.0001449752785095714,0.001252237337887055,7.249462526612432e-05
1,0.002129300000000073,-1.451482970393823,0.0001395362572415015,-12.0,0.7259507909781365,12.0,-0.001034642629988661,-7.258112547208952e-05,-7.258112533255326e-05,-0.0001451482970393823,0.001252357486989111,7.258112547208951e-05
1,0.002129500000000073,-1.453210863602389,0.000139354861649843,-12.0,0.7268144654872178,12.0,-0.001034503450821372,-7.26675110625568e-05,-7.266751092320193e-05,-0.0001453210863602389,0.001252477465393101,7.26675110625568e-05
1,0.0021297000000000733,-1.454936461992835,0.0001391732459345985,-12.0,0.7276769922570518,12.0,-0.001034364445022848,-7.275378190111173e-05,-7.27537817619385e-05,-0.0001454936461992835,0.001252597272955056,7.275378190111173e-05
1,0.0021299000000000734,-1.456659762840205,0.0001389914103813727,-12.0,0.7285383699255886,12.0,-0.001034225612857959,-7.283993785152071e-05,-7.283993771252931e-05,-0.0001456659762840205,0.001252716909531368,7.283993785152073e-05
1,0.0021301000000000735,-1.45838076342317,0.0001388093552786018,-12.0,0.7293985971325964,12.0,-0.001034086954591576,-7.292597877773178e-05,-7.292597863892242e-05,-0.000145838076342317,0.001252836374978542,7.292597877773178e-05
1,0.0021303000000000736,-1.460099461024041,0.0001386270809126122,-12.0,0.7302576725196602,12.0,-0.001033948470488058,-7.301190454387476e-05,-7.30119044052477e-05,-0.0001460099461024041,0.001252955669153469,7.301190454387476e-05
1,0.0021305000000000737,-1.461815852928756,0.0001384445875709517,-12.0,0.7311155947301804,12.0,-0.001033810160811666,-7.309771501426096e-05,-7.309771487581638e-05,-0.0001461815852928756,0.00125307479191325,7.309771501426094e-05
1,0.002130700000000074,-1.463529936426899,0.0001382618755418341,-12.0,0.7319723624093807,12.0,-0.001033672025826243,-7.318341005338389e-05,-7.318340991512202e-05,-0.0001463529936426899,0.001253193743115277,7.318341005338389e-05
1,0.002130900000000074,-1.465241708811704,0.0001380789451143061,-12.0,0.7328279742043128,12.0,-0.001033534065795441,-7.326898952591983e-05,-7.32689893878409e-05,-0.0001465241708811704,0.001253312522617123,7.326898952591985e-05
1,0.002131100000000074,-1.466951167380045,0.0001378957965750827,-12.0,0.7336824287638429,12.0,-0.001033396280982563,-7.335445329672679e-05,-7.3354453158831e-05,-0.0001466951167380045,0.001253431130276775,7.335445329672679e-05
1,0.002131300000000074,-1.46865830943245,0.0001377124302150423,-12.0,0.7345357247386718,12.0,-0.001033258671650619,-7.34398012308457e-05,-7.343980109313325e-05,-0.000146865830943245,0.001253549565952361,7.343980123084568e-05
1,0.0021315000000000743,-1.470363132273116,0.000137528846322954,-12.0,0.735387860781331,12.0,-0.001033121238062457,-7.35250331935008e-05,-7.352503305597195e-05,-0.0001470363132273116,0.001253667829502342,7.352503319350082e-05
1,0.0021317000000000744,-1.472065633209896,0.0001373450451885305,-12.0,0.7362388355461815,12.0,-0.001032983980480517,-7.36101490500993e-05,-7.361014891275425e-05,-0.0001472065633209897,0.0012537859207854,7.361014905009931e-05
1,0.0021319000000000745,-1.473765809554307,0.0001371610271012069,-12.0,0.7370886476894155,12.0,-0.001032846899167009,-7.369514866623146e-05,-7.369514852907042e-05,-0.0001473765809554307,0.001253903839660495,7.369514866623144e-05
1,0.0021321000000000746,-1.475463658621537,0.0001369767923523058,-12.0,0.7379372958690649,12.0,-0.001032709994383832,-7.378003190767126e-05,-7.378003177069448e-05,-0.0001475463658621537,0.00125402158598685,7.378003190767126e-05
1,0.0021323000000000748,-1.477159177730456,0.0001367923412320393,-12.0,0.7387847787449996,12.0,-0.001032573266392597,-7.386479864037675e-05,-7.386479850358442e-05,-0.0001477159177730456,0.001254139159623982,7.386479864037677e-05
1,0.002132500000000075,-1.478852364203605,0.0001366076740310085,-12.0,0.739631094978926,12.0,-0.001032436715454638,-7.394944873048949e-05,-7.394944859388181e-05,-0.0001478852364203605,0.001254256560431655,7.39494487304895e-05
1,0.002132700000000075,-1.480543215367212,0.0001364227910418681,-12.0,0.7404762432343964,12.0,-0.001032300341831063,-7.403398204433546e-05,-7.403398190791267e-05,-0.0001480543215367212,0.001254373788269841,7.403398204433546e-05
1,0.002132900000000075,-1.482231728551195,0.000136237692555552,-12.0,0.7413202221768077,12.0,-0.001032164145782541,-7.411839844842521e-05,-7.411839831218754e-05,-0.0001482231728551195,0.001254490842998904,7.411839844842523e-05
1,0.002133100000000075,-1.48391790108916,0.0001360523788638823,-12.0,0.7421630304733995,12.0,-0.001032028127569598,-7.420269780945356e-05,-7.42026976734012e-05,-0.000148391790108916,0.001254607724479329,7.420269780945356e-05
1,0.0021333000000000753,-1.48560173031841,0.0001358668502600135,-12.0,0.7430046667932635,12.0,-0.001031892287452416,-7.428687999430037e-05,-7.428687985843351e-05,-0.000148560173031841,0.001254724432571949,7.428687999430036e-05
1,0.0021335000000000754,-1.487283213579951,0.0001356811070357677,-12.0,0.7438451298073401,12.0,-0.001031756625690827,-7.437094487003042e-05,-7.437094473434934e-05,-0.0001487283213579951,0.001254840967137891,7.437094487003044e-05
1,0.0021337000000000756,-1.488962348218494,0.0001354951494863532,-12.0,0.7446844181884281,12.0,-0.001031621142544459,-7.445489230389419e-05,-7.445489216839904e-05,-0.0001488962348218494,0.001254957328038458,7.445489230389417e-05
1,0.0021339000000000757,-1.490639131582457,0.0001353089779018157,-12.0,0.7455225306111707,12.0,-0.001031485838272672,-7.45387221633269e-05,-7.453872202801792e-05,-0.0001490639131582457,0.001255073515135208,7.45387221633269e-05
1,0.0021341000000000758,-1.492313561023962,0.0001351225925787514,-12.0,0.7463594657520751,12.0,-0.001031350713134427,-7.462243431594964e-05,-7.462243418082705e-05,-0.0001492313561023962,0.001255189528290096,7.462243431594964e-05
1,0.002134300000000076,-1.49398563389887,0.0001349359938110917,-12.0,0.7471952222895113,12.0,-0.001031215767388377,-7.470602862957003e-05,-7.470602849463403e-05,-0.000149398563389887,0.001255305367365261,7.470602862957003e-05
1,0.002134500000000076,-1.495655347566741,0.0001347491818908253,-12.0,0.7480297989036986,12.0,-0.00103108100129308,-7.478950497218076e-05,-7.478950483743159e-05,-0.0001495655347566741,0.001255421032223036,7.478950497218077e-05
1,0.002134700000000076,-1.497322699390871,0.0001345621571162137,-12.0,0.7488631942767312,12.0,-0.001030946415106565,-7.48728632119615e-05,-7.487286307739934e-05,-0.0001497322699390871,0.001255536522726114,7.48728632119615e-05
1,0.0021349000000000762,-1.498987686738291,0.0001343749197804112,-12.0,0.7496954070925653,12.0,-0.00103081200908671,-7.495610321727849e-05,-7.495610308290357e-05,-0.0001498987686738291,0.001255651838737423,7.495610321727849e-05
1,0.0021351000000000763,-1.500650306979751,0.0001341874701781265,-12.0,0.7505264360370173,12.0,-0.001030677783491002,-7.503922485668392e-05,-7.503922472249647e-05,-0.0001500650306979751,0.001255766980120171,7.503922485668392e-05
1,0.0021353000000000765,-1.502310557489749,0.00013399980860751,-12.0,0.751356279797784,12.0,-0.001030543738576722,-7.512222799891764e-05,-7.512222786491784e-05,-0.0001502310557489749,0.0012558819467378,7.512222799891765e-05
1,0.0021355000000000766,-1.503968435646529,0.0001338119353628819,-12.0,0.7521849370644285,12.0,-0.001030409874600818,-7.520511251290654e-05,-7.52051123790946e-05,-0.0001503968435646529,0.001255996738454015,7.520511251290657e-05
1,0.0021357000000000767,-1.50562393883207,0.0001336238507412268,-12.0,0.7530124065283857,12.0,-0.001030276191819904,-7.528787826776445e-05,-7.528787813414058e-05,-0.0001505623938832071,0.001256111355132802,7.528787826776445e-05
1,0.002135900000000077,-1.507277064432109,0.0001334355550396404,-12.0,0.7538386868829696,12.0,-0.001030142690490315,-7.537052513279298e-05,-7.537052499935744e-05,-0.0001507277064432109,0.001256225796638449,7.5370525132793e-05
1,0.002136100000000077,-1.508927809836135,0.0001332470485549964,-12.0,0.7546637768233707,12.0,-0.00103000937086814,-7.545305297748157e-05,-7.545305284423452e-05,-0.0001508927809836135,0.001256340062835357,7.545305297748157e-05
1,0.002136300000000077,-1.510576172437399,0.0001330583315851674,-12.0,0.7554876750466605,12.0,-0.00102987623320909,-7.553546167150753e-05,-7.55354615384492e-05,-0.0001510576172437399,0.00125645415358841,7.553546167150753e-05
1,0.002136500000000077,-1.512222149632908,0.0001328694044271383,-12.0,0.7563103802517889,12.0,-0.001029743277768613,-7.561775108473619e-05,-7.561775095186675e-05,-0.0001512222149632908,0.001256568068762592,7.561775108473617e-05
1,0.0021367000000000773,-1.513865738823441,0.0001326802673798921,-12.0,0.7571318911395931,12.0,-0.001029610504801853,-7.569992108722133e-05,-7.569992095454106e-05,-0.0001513865738823441,0.001256681808223206,7.569992108722133e-05
1,0.0021369000000000774,-1.51550693741355,0.0001324909207417457,-12.0,0.7579522064127968,12.0,-0.001029477914563634,-7.57819715492055e-05,-7.578197141671459e-05,-0.000151550693741355,0.001256795371835817,7.57819715492055e-05
1,0.0021371000000000775,-1.517145742811555,0.0001323013648110161,-12.0,0.7587713247760076,12.0,-0.00102934550730846,-7.586390234111967e-05,-7.586390220881829e-05,-0.0001517145742811555,0.001256908759466269,7.586390234111966e-05
1,0.0021373000000000776,-1.518782152429558,0.0001321115998873523,-12.0,0.7595892449357259,12.0,-0.001029213283290628,-7.594571333358387e-05,-7.594571320147225e-05,-0.0001518782152429558,0.001257021970980543,7.594571333358386e-05
1,0.0021375000000000777,-1.520416163683452,0.0001319216262708478,-12.0,0.7604059656003487,12.0,-0.001029081242764032,-7.60274043974078e-05,-7.602740426548615e-05,-0.0001520416163683452,0.001257135006245094,7.602740439740778e-05
1,0.002137700000000078,-1.522047773992907,0.0001317314442591533,-12.0,0.7612214854801569,12.0,-0.001028949385982275,-7.610897540358979e-05,-7.610897527185835e-05,-0.0001522047773992907,0.001257247865126529,7.610897540358978e-05
1,0.002137900000000078,-1.523676980781385,0.0001315410541544715,-12.0,0.7620358032873344,12.0,-0.00102881771319871,-7.619042622331799e-05,-7.619042609177696e-05,-0.0001523676980781385,0.001257360547491662,7.6190426223318e-05
1,0.002138100000000078,-1.525303781476149,0.0001313504562568957,-12.0,0.7628489177359645,12.0,-0.001028686224666273,-7.627175672797076e-05,-7.627175659662029e-05,-0.0001525303781476149,0.001257473053207683,7.627175672797076e-05
1,0.002138300000000078,-1.526928173508263,0.0001311596508671853,-12.0,0.7636608275420286,12.0,-0.001028554920637692,-7.635296678911615e-05,-7.635296665795651e-05,-0.0001526928173508263,0.001257585382141976,7.635296678911615e-05
1,0.0021385000000000783,-1.528550154312587,0.0001309686382855446,-12.0,0.764471531423408,12.0,-0.001028423801365433,-7.643405627851225e-05,-7.643405614754361e-05,-0.0001528550154312587,0.001257697534162175,7.643405627851224e-05
1,0.0021387000000000784,-1.530169721327792,0.0001307774188143984,-12.0,0.7652810280998915,12.0,-0.00102829286710146,-7.651502506810773e-05,-7.65150249373303e-05,-0.0001530169721327792,0.001257809509136246,7.651502506810771e-05
1,0.0021389000000000785,-1.531786871996363,0.0001305859927557274,-12.0,0.7660893162931748,12.0,-0.001028162118097642,-7.659587303004192e-05,-7.659587289945593e-05,-0.0001531786871996363,0.001257921306932308,7.65958730300419e-05
1,0.0021391000000000786,-1.533401603764598,0.0001303943604102908,-12.0,0.7668963947268581,12.0,-0.00102803155460536,-7.667660003664478e-05,-7.667659990625042e-05,-0.0001533401603764598,0.001258032927418898,7.667660003664478e-05
1,0.0021393000000000787,-1.535013914082615,0.0001302025220819569,-12.0,0.7677022621264556,12.0,-0.001027901176875817,-7.675720596043737e-05,-7.675720583023485e-05,-0.0001535013914082615,0.001258144370464648,7.675720596043737e-05
1,0.002139500000000079,-1.536623800404359,0.0001300104780730393,-12.0,0.7685069172193938,12.0,-0.00102777098515984,-7.683769067413207e-05,-7.683769054412161e-05,-0.0001536623800404359,0.001258255635938565,7.683769067413207e-05
1,0.002139700000000079,-1.538231260187597,0.0001298182286861849,-12.0,0.7693103587350101,12.0,-0.001027640979707978,-7.691805405063239e-05,-7.691805392081417e-05,-0.0001538231260187597,0.001258366723709881,7.691805405063239e-05
1,0.002139900000000079,-1.539836290893932,0.0001296257742254836,-12.0,0.7701125854045618,12.0,-0.001027511160770364,-7.699829596303363e-05,-7.699829583340787e-05,-0.0001539836290893932,0.001258477633648086,7.699829596303365e-05
1,0.002140100000000079,-1.541438889988804,0.0001294331149942485,-12.0,0.7709135959612248,12.0,-0.001027381528596993,-7.707841628462303e-05,-7.707841615518994e-05,-0.0001541438889988804,0.001258588365622912,7.707841628462306e-05
1,0.0021403000000000793,-1.543039054941489,0.0001292402512964586,-12.0,0.7717133891400918,12.0,-0.001027252083437388,-7.715841488887953e-05,-7.715841475963928e-05,-0.0001543039054941489,0.00125869891950442,7.715841488887954e-05
1,0.0021405000000000794,-1.544636783225107,0.0001290471834370921,-12.0,0.7725119636781812,12.0,-0.001027122825540863,-7.72382916494744e-05,-7.723829152042723e-05,-0.0001544636783225107,0.001258809295162866,7.723829164947441e-05
1,0.0021407000000000795,-1.546232072316629,0.0001288539117200171,-12.0,0.7733093183144337,12.0,-0.00102699375515633,-7.731804644027137e-05,-7.731804631141748e-05,-0.000154623207231663,0.001258919492468799,7.731804644027137e-05
1,0.0021409000000000796,-1.54782491969688,0.0001286604364518773,-12.0,0.7741054517897221,12.0,-0.001026864872532465,-7.739767913532703e-05,-7.739767900666658e-05,-0.000154782491969688,0.001259029511292989,7.739767913532703e-05
1,0.0021411000000000797,-1.549415322850532,0.0001284667579349863,-12.0,0.7749003628468362,12.0,-0.001026736177917556,-7.747718960889013e-05,-7.747718948042338e-05,-0.0001549415322850532,0.001259139351506594,7.747718960889012e-05
1,0.00214130000000008,-1.551003279266121,0.0001282728764786523,-12.0,0.7756940502305073,12.0,-0.00102660767155964,-7.755657773540287e-05,-7.755657760712999e-05,-0.0001551003279266121,0.001259249012980829,7.755657773540287e-05
1,0.00214150000000008,-1.552588786436057,0.0001280787923866322,-12.0,0.776486512687396,12.0,-0.001026479353706394,-7.763584338950095e-05,-7.763584326142217e-05,-0.0001552588786436057,0.001259358495587323,7.763584338950094e-05
1,0.00214170000000008,-1.554171841856596,0.0001278845059646816,-12.0,0.7772777489660901,12.0,-0.001026351224605176,-7.771498644601257e-05,-7.771498631812805e-05,-0.0001554171841856596,0.001259467799197916,7.771498644601256e-05
1,0.00214190000000008,-1.555752443027882,0.0001276900175221085,-12.0,0.7780677578171243,12.0,-0.001026223284503025,-7.779400677996023e-05,-7.779400665227021e-05,-0.0001555752443027882,0.001259576923684738,7.779400677996023e-05
1,0.0021421000000000803,-1.557330587453936,0.0001274953273634472,-12.0,0.7788565379929665,12.0,-0.001026095533646701,-7.787290426656032e-05,-7.787290413906496e-05,-0.0001557330587453936,0.001259685868920127,7.787290426656032e-05
1,0.0021423000000000804,-1.558906272642647,0.0001273004357967844,-12.0,0.779644088248023,12.0,-0.001025967972282577,-7.795167878122262e-05,-7.795167865392219e-05,-0.0001558906272642647,0.00125979463477674,7.795167878122262e-05
1,0.0021425000000000805,-1.560479496105794,0.0001271053431299851,-12.0,0.7804304073386455,12.0,-0.001025840600656719,-7.803033019955156e-05,-7.803033007244622e-05,-0.0001560479496105794,0.001259903221127484,7.803033019955156e-05
1,0.0021427000000000807,-1.562050255359045,0.0001269100496705811,-12.0,0.7812154940231291,12.0,-0.001025713419014918,-7.810885839734586e-05,-7.810885827043579e-05,-0.0001562050255359045,0.001260011627845448,7.810885839734586e-05
1,0.0021429000000000808,-1.563618547921958,0.0001267145557273253,-12.0,0.7819993470617155,12.0,-0.001025586427602615,-7.818726325059881e-05,-7.818726312388426e-05,-0.0001563618547921958,0.001260119854804079,7.818726325059883e-05
1,0.002143100000000081,-1.565184371317983,0.0001265188616076385,-12.0,0.7827819652165917,12.0,-0.001025459626664921,-7.826554463549837e-05,-7.826554450897954e-05,-0.0001565184371317983,0.001260227901877048,7.826554463549841e-05
1,0.002143300000000081,-1.56674772307447,0.0001263229676221611,-12.0,0.7835633472518979,12.0,-0.001025333016446611,-7.834370242842759e-05,-7.834370230210459e-05,-0.000156674772307447,0.001260335768938303,7.834370242842758e-05
1,0.002143500000000081,-1.568308600722679,0.000126126874078869,-12.0,0.7843434919337264,12.0,-0.001025206597192144,-7.842173650596476e-05,-7.842173637983788e-05,-0.0001568308600722679,0.001260443455862029,7.842173650596476e-05
1,0.0021437000000000812,-1.569867001797768,0.0001259305812868483,-12.0,0.7851223980301201,12.0,-0.001025080369145684,-7.849964674488331e-05,-7.849964661895275e-05,-0.0001569867001797768,0.00126055096252263,7.849964674488332e-05
1,0.0021439000000000813,-1.571422923838807,0.0001257340895569614,-12.0,0.7859000643110797,12.0,-0.001024954332551037,-7.857743302215228e-05,-7.857743289641819e-05,-0.0001571422923838807,0.001260658288794889,7.857743302215228e-05
1,0.0021441000000000814,-1.57297636438879,0.0001255373991996267,-12.0,0.7866764895485686,12.0,-0.001024828487651688,-7.865509521493689e-05,-7.86550950893995e-05,-0.000157297636438879,0.001260765434553737,7.86550952149369e-05
1,0.0021443000000000816,-1.574527320994619,0.0001253405105232641,-12.0,0.7874516725164998,12.0,-0.001024702834690749,-7.873263320059765e-05,-7.873263307525714e-05,-0.000157452732099462,0.001260872399674443,7.873263320059766e-05
1,0.0021445000000000817,-1.576075791207118,0.0001251434238410676,-12.0,0.7882256119907548,12.0,-0.001024577373911165,-7.881004685669139e-05,-7.881004673154797e-05,-0.0001576075791207118,0.00126097918403241,7.881004685669138e-05
1,0.002144700000000082,-1.577621772581051,0.0001249461394633444,-12.0,0.7889983067491817,12.0,-0.001024452105555282,-7.888733606097185e-05,-7.88873359360257e-05,-0.0001577621772581051,0.001261085787503544,7.888733606097183e-05
1,0.002144900000000082,-1.579165262675094,0.0001247486576997359,-12.0,0.7897697555715836,12.0,-0.001024327029865379,-7.896450069138837e-05,-7.89645005666397e-05,-0.0001579165262675095,0.001261192209963707,7.896450069138839e-05
1,0.002145100000000082,-1.58070625905187,0.0001245509788647681,-12.0,0.7905399572397418,12.0,-0.00102420214708325,-7.90415406260877e-05,-7.904154050153672e-05,-0.000158070625905187,0.001261298451289264,7.904154062608771e-05
1,0.002145300000000082,-1.582244759277936,0.0001243531032685263,-12.0,0.7913089105374018,12.0,-0.001024077457450409,-7.911845574341331e-05,-7.911845561906025e-05,-0.0001582244759277936,0.001261404511356728,7.911845574341333e-05
1,0.0021455000000000822,-1.583780760923791,0.0001241550312240935,-12.0,0.7920766142502822,12.0,-0.001023952961208038,-7.91952459219058e-05,-7.919524579775078e-05,-0.0001583780760923791,0.001261510390042853,7.919524592190581e-05
1,0.0021457000000000824,-1.585314261563878,0.0001239567630437755,-12.0,0.7928430671660721,12.0,-0.001023828658596987,-7.927191104030283e-05,-7.927191091634608e-05,-0.0001585314261563878,0.001261616087224693,7.927191104030284e-05
1,0.0021459000000000825,-1.586845258776589,0.000123758299040988,-12.0,0.7936082680744388,12.0,-0.001023704549857757,-7.934845097753978e-05,-7.934845085378149e-05,-0.0001586845258776589,0.001261721602779597,7.934845097753979e-05
1,0.0021461000000000826,-1.588373750144275,0.000123559639528481,-12.0,0.7943722157670267,12.0,-0.001023580635230517,-7.942486561274979e-05,-7.94248654891902e-05,-0.0001588373750144275,0.001261826936585136,7.942486561274982e-05
1,0.0021463000000000827,-1.589899733253236,0.0001233607848198925,-12.0,0.7951349090374557,12.0,-0.001023456914955131,-7.950115482526357e-05,-7.95011547019028e-05,-0.0001589899733253236,0.001261932088519074,7.950115482526358e-05
1,0.002146500000000083,-1.591423205693738,0.0001231617352296377,-12.0,0.7958963466813304,12.0,-0.001023333389271075,-7.95773184946101e-05,-7.957731837144837e-05,-0.0001591423205693738,0.001262037058459564,7.957731849461008e-05
1,0.002146700000000083,-1.592944165060012,0.0001229624910712435,-12.0,0.7966565274962378,12.0,-0.001023210058417531,-7.965335650051665e-05,-7.965335637755417e-05,-0.0001592944165060012,0.001262141846284953,7.965335650051667e-05
1,0.002146900000000083,-1.594462608950254,0.0001227630526593471,-12.0,0.7974154502817465,12.0,-0.001023086922633337,-7.972926872290871e-05,-7.972926860014567e-05,-0.0001594462608950254,0.001262246451873797,7.972926872290872e-05
1,0.002147100000000083,-1.595978534966632,0.0001225634203094739,-12.0,0.7981731138394149,12.0,-0.00102296398215701,-7.980505504191056e-05,-7.98050549193471e-05,-0.0001595978534966632,0.001262350875104942,7.980505504191055e-05
1,0.0021473000000000833,-1.5974919407153,0.000122363594335817,-12.0,0.7989295169727898,12.0,-0.001022841237226679,-7.988071533784538e-05,-7.988071521548181e-05,-0.0001597491940715301,0.001262455115857625,7.98807153378454e-05
1,0.0021475000000000834,-1.599002823806378,0.0001221635750537908,-12.0,0.7996846584874054,12.0,-0.001022718688080196,-7.995624949123516e-05,-7.995624936907158e-05,-0.0001599002823806378,0.001262559174011094,7.995624949123517e-05
1,0.0021477000000000835,-1.600511181853974,0.0001219633627798089,-12.0,0.8004385371907902,12.0,-0.001022596334955037,-8.003165738280106e-05,-8.00316572608377e-05,-0.0001600511181853974,0.001262663049445029,8.003165738280103e-05
1,0.0021479000000000836,-1.602017012476189,0.0001217629578297297,-12.0,0.8011911518924688,12.0,-0.00102247417808829,-8.010693889346393e-05,-8.010693877170097e-05,-0.000160201701247619,0.001262766742039373,8.01069388934639e-05
1,0.0021481000000000837,-1.603520313295115,0.0001215623605200777,-12.0,0.8019425014039611,12.0,-0.001022352217716835,-8.018209390434411e-05,-8.018209378278176e-05,-0.0001603520313295115,0.001262870251674236,8.01820939043441e-05
1,0.002148300000000084,-1.605021081936828,0.0001213615711657123,-12.0,0.8026925845387781,12.0,-0.00102223045407708,-8.025712229676125e-05,-8.025712217539967e-05,-0.0001605021081936828,0.001262973578230062,8.025712229676125e-05
1,0.002148500000000084,-1.60651931603141,0.0001211605900864887,-12.0,0.8034414001124407,12.0,-0.001022108887405199,-8.033202395223542e-05,-8.033202383107484e-05,-0.000160651931603141,0.001263076721587444,8.033202395223542e-05
1,0.002148700000000084,-1.608015013212952,0.0001209594175977102,-12.0,0.8041889469424667,12.0,-0.00102198751793689,-8.040679875248687e-05,-8.040679863152748e-05,-0.0001608015013212952,0.001263179681627438,8.04067987524869e-05
1,0.002148900000000084,-1.609508171119539,0.0001207580540171227,-12.0,0.8049352238483756,12.0,-0.001021866345907646,-8.048144657943586e-05,-8.048144645867781e-05,-0.0001609508171119539,0.001263282458231166,8.048144657943584e-05
1,0.0021491000000000843,-1.610998787393271,0.0001205564996632491,-12.0,0.8056802296516952,12.0,-0.001021745371552543,-8.055596731520323e-05,-8.055596719464671e-05,-0.0001610998787393271,0.001263385051280028,8.05559673152032e-05
1,0.0021493000000000844,-1.612486859680264,0.0001203547548539463,-12.0,0.8064239631759608,12.0,-0.001021624595106324,-8.063036084211069e-05,-8.063036072175591e-05,-0.0001612486859680265,0.001263487460655771,8.063036084211069e-05
1,0.0021495000000000845,-1.61397238563065,0.0001201528199069601,-12.0,0.8071664232467136,12.0,-0.001021504016803385,-8.070462704268064e-05,-8.070462692252785e-05,-0.000161397238563065,0.001263589686240352,8.070462704268067e-05
1,0.0021497000000000846,-1.615455362898577,0.0001199506951422569,-12.0,0.8079076086915088,12.0,-0.001021383636877787,-8.077876579963664e-05,-8.077876567968596e-05,-0.0001615455362898577,0.00126369172791603,8.077876579963665e-05
1,0.0021499000000000847,-1.616935789142224,0.0001197483808783595,-12.0,0.8086475183399134,12.0,-0.001021263455563248,-8.085277699590351e-05,-8.085277687615514e-05,-0.0001616935789142225,0.001263793585565207,8.085277699590351e-05
1,0.002150100000000085,-1.618413662023799,0.0001195458774346791,-12.0,0.8093861510235102,12.0,-0.001021143473093095,-8.092666051460754e-05,-8.092666039506169e-05,-0.0001618413662023799,0.001263895259070641,8.092666051460756e-05
1,0.002150300000000085,-1.619888979209535,0.000119343185130405,-12.0,0.8101235055758952,12.0,-0.001021023689700404,-8.100041623907648e-05,-8.10004161197333e-05,-0.0001619888979209536,0.001263996748315344,8.100041623907648e-05
1,0.002150500000000085,-1.621361738369706,0.0001191403042860584,-12.0,0.810859580832685,12.0,-0.001020904105617809,-8.107404405283988e-05,-8.107404393369959e-05,-0.0001621361738369706,0.001264098053182519,8.10740440528399e-05
1,0.002150700000000085,-1.622831937178628,0.0001189372352224938,-12.0,0.8115943756315203,12.0,-0.001020784721077611,-8.11475438396298e-05,-8.114754372069253e-05,-0.0001622831937178628,0.001264199173555705,8.114754383962978e-05
1,0.0021509000000000853,-1.624299573314654,0.0001187339782585672,-12.0,0.8123278888120546,12.0,-0.001020665536311777,-8.122091548337963e-05,-8.122091536464564e-05,-0.0001624299573314654,0.001264300109318675,8.122091548337961e-05
1,0.0021511000000000854,-1.625764644460184,0.0001185305337164655,-12.0,0.8130601192159718,12.0,-0.001020546551551912,-8.129415886822554e-05,-8.129415874969501e-05,-0.0001625764644460184,0.001264400860355452,8.129415886822554e-05
1,0.0021513000000000855,-1.627227148301678,0.0001183269019174871,-12.0,0.8137910656869841,12.0,-0.001020427767029361,-8.136727387850665e-05,-8.136727376017976e-05,-0.0001627227148301678,0.001264501426550227,8.136727387850666e-05
1,0.0021515000000000856,-1.628687082529636,0.0001181230831812652,-12.0,0.814520727070821,12.0,-0.001020309182974979,-8.144026039876397e-05,-8.144026028064089e-05,-0.0001628687082529636,0.001264601807787619,8.144026039876397e-05
1,0.0021517000000000857,-1.630144444838624,0.0001179190778325401,-12.0,0.8152491022152518,12.0,-0.001020190799619333,-8.151311831374193e-05,-8.151311819582286e-05,-0.0001630144444838625,0.001264702003952373,8.151311831374193e-05
1,0.002151900000000086,-1.631599232927275,0.0001177148861909449,-12.0,0.8159761899700726,12.0,-0.001020072617192627,-8.158584750838819e-05,-8.15858473906733e-05,-0.0001631599232927275,0.001264802014929581,8.158584750838817e-05
1,0.002152100000000086,-1.633051444498274,0.0001175105085791106,-12.0,0.8167019891871107,12.0,-0.001019954635924747,-8.165844786785315e-05,-8.165844775034264e-05,-0.0001633051444498274,0.001264901840604488,8.165844786785317e-05
1,0.002152300000000086,-1.634501077258381,0.0001173059453206671,-12.0,0.817426498720231,12.0,-0.001019836856045189,-8.173091927749105e-05,-8.173091916018512e-05,-0.0001634501077258381,0.001265001480862615,8.173091927749104e-05
1,0.002152500000000086,-1.63594812891843,0.0001171011967379121,-12.0,0.818149717425334,12.0,-0.001019719277783063,-8.180326162285961e-05,-8.180326150575842e-05,-0.000163594812891843,0.001265100935589888,8.180326162285962e-05
1,0.0021527000000000863,-1.637392597193331,0.0001168962631546977,-12.0,0.81887164416036,12.0,-0.001019601901367212,-8.187547478972052e-05,-8.187547467282427e-05,-0.000163739259719333,0.001265200204672329,8.187547478972053e-05
1,0.0021529000000000864,-1.638834479802069,0.0001166911448930996,-12.0,0.8195922777852855,12.0,-0.001019484727026065,-8.194755866403926e-05,-8.194755854734811e-05,-0.0001638834479802069,0.001265299287996194,8.194755866403924e-05
1,0.0021531000000000865,-1.640273774467714,0.0001164858422785242,-12.0,0.8203116171621332,12.0,-0.001019367754987663,-8.201951313198547e-05,-8.201951301549964e-05,-0.0001640273774467714,0.001265398185448185,8.201951313198547e-05
1,0.0021533000000000867,-1.641710478917428,0.0001162803556341574,-12.0,0.8210296611549689,12.0,-0.00101925098547978,-8.20913380799335e-05,-8.209133796365311e-05,-0.0001641710478917428,0.001265496896915033,8.209133807993347e-05
1,0.0021535000000000868,-1.643144590882455,0.0001160746852844063,-12.0,0.8217464086299009,12.0,-0.00101913441872975,-8.216303339446165e-05,-8.216303327838696e-05,-0.0001643144590882455,0.001265595422283883,8.216303339446165e-05
1,0.002153700000000087,-1.644576108098136,0.0001158688315544554,-12.0,0.8224618584550883,12.0,-0.001019018054964585,-8.223459896235337e-05,-8.223459884648454e-05,-0.0001644576108098137,0.001265693761442088,8.223459896235339e-05
1,0.002153900000000087,-1.646005028303915,0.0001156627947692668,-12.0,0.8231760095007393,12.0,-0.001018901894410978,-8.230603467059702e-05,-8.230603455493423e-05,-0.0001646005028303915,0.001265791914277156,8.230603467059701e-05
1,0.002154100000000087,-1.647431349243329,0.0001154565752530257,-12.0,0.8238888606391096,12.0,-0.001018785937295139,-8.237734040638564e-05,-8.237734029092909e-05,-0.0001647431349243329,0.001265889880677093,8.237734040638566e-05
1,0.0021543000000000872,-1.648855068664018,0.0001152501733328037,-12.0,0.8246004107445102,12.0,-0.001018670183843079,-8.244851605711774e-05,-8.244851594186757e-05,-0.0001648855068664019,0.001265987660529919,8.244851605711774e-05
1,0.0021545000000000873,-1.650276184317743,0.0001150435893340074,-12.0,0.8253106586933082,12.0,-0.001018554634280272,-8.251956151039744e-05,-8.251956139535384e-05,-0.0001650276184317743,0.001266085253724056,8.251956151039742e-05
1,0.0021547000000000874,-1.651694693960367,0.000114836823582265,-12.0,0.8260196033639253,12.0,-0.001018439288831996,-8.259047665403431e-05,-8.259047653919747e-05,-0.0001651694693960367,0.001266182660148094,8.259047665403431e-05
1,0.0021549000000000876,-1.653110595351869,0.0001146298764036491,-12.0,0.8267272436368389,12.0,-0.001018324147723057,-8.266126137604353e-05,-8.266126126141365e-05,-0.000165311059535187,0.001266279879690926,8.266126137604353e-05
1,0.0021551000000000877,-1.654523886256346,0.0001144227481263416,-12.0,0.8274335783945896,12.0,-0.001018209211177984,-8.273191556464635e-05,-8.27319154502236e-05,-0.0001654523886256346,0.001266376912241615,8.273191556464633e-05
1,0.002155300000000088,-1.655934564442021,0.0001142154390763039,-12.0,0.8281386065217794,12.0,-0.00101809447942082,-8.28024391082703e-05,-8.280243899405486e-05,-0.0001655934564442021,0.001266473757689693,8.280243910827032e-05
1,0.002155500000000088,-1.657342627681241,0.0001140079495803858,-12.0,0.8288423269050705,12.0,-0.001017979952675357,-8.2872831895549e-05,-8.287283178154108e-05,-0.0001657342627681241,0.001266570415924706,8.287283189554902e-05
1,0.002155700000000088,-1.65874807375048,0.0001138002799671023,-12.0,0.8295447384331934,12.0,-0.001017865631165044,-8.294309381532264e-05,-8.294309370152235e-05,-0.000165874807375048,0.001266666886836507,8.294309381532264e-05
1,0.002155900000000088,-1.660150900430349,0.0001135924305645242,-12.0,0.8302458399969456,12.0,-0.001017751515112811,-8.301322475663812e-05,-8.301322464304569e-05,-0.0001660150900430349,0.001266763170315349,8.30132247566381e-05
1,0.0021561000000000882,-1.661551105505593,0.0001133844016993901,-12.0,0.8309456304891898,12.0,-0.001017637604741328,-8.308322460874904e-05,-8.308322449536464e-05,-0.0001661551105505593,0.001266859266251599,8.308322460874904e-05
1,0.0021563000000000884,-1.662948686765096,0.0001131761937015474,-12.0,0.8316441088048625,12.0,-0.001017523900272918,-8.31530932611161e-05,-8.315309314793989e-05,-0.0001662948686765096,0.001266955174535928,8.31530932611161e-05
1,0.0021565000000000885,-1.66434364200189,0.0001129678068994,-12.0,0.8323412738409719,12.0,-0.001017410401929486,-8.322283060340724e-05,-8.322283049043945e-05,-0.000166434364200189,0.001267050895059268,8.322283060340726e-05
1,0.0021567000000000886,-1.665735969013147,0.0001127592416209078,-12.0,0.8330371244965974,12.0,-0.001017297109932605,-8.329243652549765e-05,-8.329243641273843e-05,-0.0001665735969013147,0.001267146427712695,8.329243652549765e-05
1,0.0021569000000000887,-1.667125665600194,0.0001125504981963621,-12.0,0.8337316596728966,12.0,-0.001017184024503445,-8.336191091747001e-05,-8.336191080491953e-05,-0.0001667125665600194,0.001267241772387753,8.336191091747004e-05
1,0.002157100000000089,-1.668512729568509,0.0001123415769551661,-12.0,0.8344248782731031,12.0,-0.001017071145862816,-8.34312536696148e-05,-8.343125355727324e-05,-0.0001668512729568509,0.001267336928976043,8.34312536696148e-05
1,0.002157300000000089,-1.669897158727734,0.0001121324782279443,-12.0,0.8351167792025337,12.0,-0.001016958474231167,-8.350046467243058e-05,-8.350046456029809e-05,-0.0001669897158727734,0.001267431897369553,8.350046467243058e-05
1,0.002157500000000089,-1.671278950891664,0.0001119232023425454,-12.0,0.8358073613685775,12.0,-0.001016846009828598,-8.35695438166235e-05,-8.356954370470032e-05,-0.0001671278950891664,0.001267526677460426,8.35695438166235e-05
1,0.002157700000000089,-1.672658103878255,0.0001117137496312592,-12.0,0.8364966236807121,12.0,-0.001016733752874782,-8.363849099310808e-05,-8.363849088139433e-05,-0.0001672658103878255,0.001267621269141109,8.363849099310808e-05
1,0.0021579000000000893,-1.674034615509647,0.0001115041204250433,-12.0,0.8371845650505021,12.0,-0.001016621703589085,-8.37073060930077e-05,-8.37073059815036e-05,-0.0001674034615509647,0.001267715672304284,8.370730609300771e-05
1,0.0021581000000000894,-1.675408483612133,0.0001112943150525236,-12.0,0.8378711843915883,12.0,-0.001016509862190443,-8.377598900765357e-05,-8.377598889635927e-05,-0.0001675408483612133,0.001267809886842913,8.377598900765358e-05
1,0.0021583000000000895,-1.676779706016186,0.0001110843338483214,-12.0,0.8385564806197089,12.0,-0.001016398228897458,-8.384453962858607e-05,-8.384453951750172e-05,-0.0001676779706016186,0.001267903912650178,8.384453962858606e-05
1,0.0021585000000000896,-1.678148280556468,0.0001108741771412847,-12.0,0.8392404526526878,12.0,-0.001016286803928346,-8.391295784755464e-05,-8.391295773668048e-05,-0.0001678148280556468,0.001267997749619568,8.391295784755466e-05
1,0.0021587000000000897,-1.679514205071807,0.0001106638452638142,-12.0,0.8399230994104375,12.0,-0.001016175587500959,-8.398124355651737e-05,-8.398124344585352e-05,-0.0001679514205071807,0.001268091397644736,8.398124355651737e-05
1,0.00215890000000009,-1.680877477405221,0.0001104533385487549,-12.0,0.8406044198149669,12.0,-0.001016064579832721,-8.404939664764184e-05,-8.404939653718848e-05,-0.0001680877477405221,0.001268184856619725,8.404939664764182e-05
1,0.00215910000000009,-1.68223809540392,0.0001102426573277304,-12.0,0.841284412790378,12.0,-0.001015953781140805,-8.411741701330504e-05,-8.411741690306236e-05,-0.000168223809540392,0.001268278126438635,8.411741701330504e-05
1,0.00215930000000009,-1.683596056919302,0.0001100318019338076,-12.0,0.8419630772628699,12.0,-0.001015843191641858,-8.418530454609359e-05,-8.41853044360618e-05,-0.0001683596056919302,0.001268371206996008,8.418530454609362e-05
1,0.00215950000000009,-1.68495135980696,0.0001098207726994982,-12.0,0.842640412160737,12.0,-0.001015732811552192,-8.425305913880375e-05,-8.425305902898299e-05,-0.000168495135980696,0.001268464098186525,8.425305913880375e-05
1,0.0021597000000000903,-1.686304001926685,0.0001096095699585353,-12.0,0.8433164164143759,12.0,-0.001015622641087857,-8.432068068444175e-05,-8.432068057483217e-05,-0.0001686304001926685,0.00126855679990516,8.432068068444175e-05
1,0.0021599000000000904,-1.687653981142474,0.0001093981940438749,-12.0,0.8439910889562846,12.0,-0.001015512680464389,-8.438816907622408e-05,-8.438816896682587e-05,-0.0001687653981142474,0.001268649312047121,8.438816907622408e-05
1,0.0021601000000000905,-1.689001295322522,0.0001091866452892498,-12.0,0.8446644287210613,12.0,-0.001015402929897005,-8.445552420757721e-05,-8.445552409839057e-05,-0.0001689001295322522,0.001268741634507936,8.445552420757721e-05
1,0.0021603000000000906,-1.690345942339238,0.0001089749240287263,-12.0,0.8453364346454113,12.0,-0.001015293389600519,-8.452274597213823e-05,-8.452274586316331e-05,-0.0001690345942339238,0.0012688337671833,8.452274597213826e-05
1,0.0021605000000000907,-1.69168792006924,0.0001087630305973697,-12.0,0.8460071056681465,12.0,-0.00101518405978937,-8.45898342637549e-05,-8.458983415499189e-05,-0.000169168792006924,0.001268925709969171,8.458983426375492e-05
1,0.002160700000000091,-1.693027226393364,0.0001085509653283578,-12.0,0.8466764407301842,12.0,-0.001015074940677665,-8.465678897648558e-05,-8.465678886793462e-05,-0.0001693027226393364,0.001269017462761757,8.46567889764856e-05
1,0.002160900000000091,-1.694363859196659,0.0001083387285574222,-12.0,0.8473444387745527,12.0,-0.001014966032479067,-8.472361000459952e-05,-8.472360989626081e-05,-0.0001694363859196659,0.001269109025457626,8.472361000459954e-05
1,0.002161100000000091,-1.695697816368404,0.0001081263206201832,-12.0,0.8480110987463957,12.0,-0.001014857335406863,-8.479029724257754e-05,-8.479029713445123e-05,-0.0001695697816368405,0.001269200397953474,8.479029724257755e-05
1,0.002161300000000091,-1.697029095802097,0.0001079137418498188,-12.0,0.8486764195929606,12.0,-0.001014748849674008,-8.485685058511107e-05,-8.485685047719734e-05,-0.0001697029095802097,0.001269291580146242,8.485685058511108e-05
1,0.0021615000000000913,-1.698357695395463,0.000107700992584947,-12.0,0.8493404002636187,12.0,-0.001014640575493039,-8.492326992710337e-05,-8.492326981940239e-05,-0.0001698357695395463,0.001269382571933222,8.492326992710337e-05
1,0.0021617000000000914,-1.699683613050467,0.0001074880731589678,-12.0,0.8500030397098528,12.0,-0.001014532513076039,-8.498955516366937e-05,-8.49895550561813e-05,-0.0001699683613050467,0.001269473373211885,8.498955516366939e-05
1,0.0021619000000000915,-1.701006846673302,0.000107274983909833,-12.0,0.8506643368852658,12.0,-0.001014424662634905,-8.505570619013559e-05,-8.50557060828606e-05,-0.0001701006846673302,0.001269563983879965,8.50557061901356e-05
1,0.0021621000000000916,-1.702327394174402,0.000107061725172608,-12.0,0.8513242907455774,12.0,-0.001014317024380942,-8.512172290204048e-05,-8.512172279497874e-05,-0.0001702327394174402,0.00126965440383546,8.512172290204048e-05
1,0.0021623000000000918,-1.703645253468441,0.0001068482972850227,-12.0,0.8519829002486312,12.0,-0.001014209598525176,-8.518760519513462e-05,-8.518760508828633e-05,-0.0001703645253468441,0.001269744632976619,8.518760519513462e-05
1,0.002162500000000092,-1.704960422474342,0.0001066347005838075,-12.0,0.8526401643543938,12.0,-0.001014102385278243,-8.525335296538101e-05,-8.525335285874631e-05,-0.0001704960422474342,0.001269834671201911,8.525335296538101e-05
1,0.002162700000000092,-1.706272899115272,0.0001064209354055823,-12.0,0.8532960820249538,12.0,-0.001013995384850364,-8.531896610895481e-05,-8.531896600253389e-05,-0.0001706272899115272,0.00126992451841007,8.531896610895482e-05
1,0.002162900000000092,-1.70758268131865,0.0001062070020889649,-12.0,0.8539506522245284,12.0,-0.001013888597451329,-8.538444452224395e-05,-8.538444441603694e-05,-0.000170758268131865,0.001270014174500192,8.538444452224395e-05
1,0.002163100000000092,-1.708889767016155,0.0001059929009709082,-12.0,0.8546038739194628,12.0,-0.001013782023290666,-8.544978810184919e-05,-8.54497879958563e-05,-0.0001708889767016155,0.001270103639371453,8.544978810184919e-05
1,0.0021633000000000923,-1.710194154143717,0.0001057786323894749,-12.0,0.8552557460782292,12.0,-0.001013675662577471,-8.551499674458399e-05,-8.551499663880532e-05,-0.0001710194154143717,0.001270192912923296,8.551499674458397e-05
1,0.0021635000000000924,-1.711495840641531,0.0001055641966836163,-12.0,0.8559062676714332,12.0,-0.001013569515520341,-8.558007034747495e-05,-8.558007024191076e-05,-0.0001711495840641532,0.001270281995055536,8.558007034747496e-05
1,0.0021637000000000925,-1.712794824454058,0.000105349594191062,-12.0,0.8565554376718114,12.0,-0.001013463582327581,-8.564500880776204e-05,-8.564500870241243e-05,-0.0001712794824454058,0.001270370885668171,8.564500880776204e-05
1,0.0021639000000000927,-1.714091103530026,0.0001051348252523177,-12.0,0.8572032550542397,12.0,-0.001013357863207151,-8.570981202289871e-05,-8.57098119177639e-05,-0.0001714091103530026,0.00127045958466146,8.570981202289874e-05
1,0.0021641000000000928,-1.715384675822431,0.0001049198902038917,-12.0,0.8578497187957204,12.0,-0.001013252358366509,-8.577447989055165e-05,-8.577447978563175e-05,-0.0001715384675822431,0.001270548091935886,8.577447989055165e-05
1,0.002164300000000093,-1.716675539288546,0.0001047047893876218,-12.0,0.8584948278754025,12.0,-0.001013147068012865,-8.58390123086015e-05,-8.583901220389671e-05,-0.0001716675539288547,0.001270636407392098,8.58390123086015e-05
1,0.002164500000000093,-1.717963691889927,0.0001044895231421261,-12.0,0.859138581274572,12.0,-0.001013041992352776,-8.5903409175143e-05,-8.590340907065347e-05,-0.0001717963691889927,0.0012707245309313,8.5903409175143e-05
1,0.002164700000000093,-1.719249131592398,0.0001042740918062446,-12.0,0.8597809779766494,12.0,-0.00101293713159277,-8.596767038848431e-05,-8.596767028421023e-05,-0.0001719249131592398,0.001270812462454557,8.596767038848432e-05
1,0.0021649000000000932,-1.720531856366077,0.000104058495722481,-12.0,0.8604220169672067,12.0,-0.001012832485938669,-8.603179584714843e-05,-8.603179574308995e-05,-0.0001720531856366076,0.001270900201863476,8.603179584714843e-05
1,0.0021651000000000933,-1.721811864185368,0.0001038427352295646,-12.0,0.8610616972339555,12.0,-0.001012728055596088,-8.609578544987259e-05,-8.609578534602986e-05,-0.0001721811864185368,0.001270987749059788,8.60957854498726e-05
1,0.0021653000000000935,-1.723089153028962,0.0001036268106683336,-12.0,0.8617000177667518,12.0,-0.001012623840770124,-8.615963909560834e-05,-8.615963899198153e-05,-0.0001723089153028963,0.001271075103945501,8.615963909560834e-05
1,0.0021655000000000936,-1.724363720879846,0.0001034107223805147,-12.0,0.8623369775576011,12.0,-0.001012519841665602,-8.622335668352205e-05,-8.622335658011132e-05,-0.0001724363720879846,0.001271162266422807,8.622335668352206e-05
1,0.0021657000000000937,-1.725635565725306,0.0001031944707068355,-12.0,0.8629725756006578,12.0,-0.001012416058486829,-8.62869381129951e-05,-8.628693800980062e-05,-0.0001725635565725306,0.001271249236394226,8.62869381129951e-05
1,0.002165900000000094,-1.726904685556922,0.0001029780559883564,-12.0,0.8636068108922241,12.0,-0.001012312491437822,-8.635038328362357e-05,-8.635038318064555e-05,-0.0001726904685556922,0.001271336013762545,8.635038328362359e-05
1,0.002166100000000094,-1.728171078370581,0.0001027614785675812,-12.0,0.8642396824307568,12.0,-0.00101220914072217,-8.641369209521893e-05,-8.641369199245745e-05,-0.0001728171078370581,0.001271422598430702,8.641369209521892e-05
1,0.002166300000000094,-1.729434742166478,0.0001025447387861256,-12.0,0.8648711892168655,12.0,-0.001012106006543015,-8.647686444780794e-05,-8.647686434526321e-05,-0.0001729434742166478,0.001271508990301998,8.647686444780794e-05
1,0.002166500000000094,-1.730695674949116,0.0001023278369861602,-12.0,0.8655013302533153,12.0,-0.001012003089103167,-8.653990024163293e-05,-8.653990013930509e-05,-0.0001730695674949116,0.001271595189279898,8.653990024163291e-05
1,0.0021667000000000942,-1.731953874727306,0.0001021107735100779,-12.0,0.8661301045450261,12.0,-0.001011900388604964,-8.66027993771516e-05,-8.660279927504083e-05,-0.0001731953874727306,0.001271681195268173,8.660279937715161e-05
1,0.0021669000000000944,-1.733209339514181,0.0001018935487008266,-12.0,0.8667575110990773,12.0,-0.001011797905250467,-8.666556175503764e-05,-8.666556165314408e-05,-0.0001733209339514181,0.001271767008170735,8.666556175503765e-05
1,0.0021671000000000945,-1.734462067327194,0.0001016761629023533,-12.0,0.8673835489247119,12.0,-0.001011695639241222,-8.672818727618096e-05,-8.672818717450482e-05,-0.0001734462067327194,0.001271852627891895,8.672818727618096e-05
1,0.0021673000000000946,-1.735712056188114,0.0001014586164554965,-12.0,0.8680082170333263,12.0,-0.001011593590778362,-8.679067584168707e-05,-8.679067574022845e-05,-0.0001735712056188114,0.001271938054336202,8.679067584168709e-05
1,0.0021675000000000947,-1.736959304123032,0.0001012409097063127,-12.0,0.8686315144384851,12.0,-0.001011491760062766,-8.685302735287786e-05,-8.685302725163694e-05,-0.0001736959304123032,0.001272023287408247,8.685302735287789e-05
1,0.002167700000000095,-1.738203809162386,0.0001010230429978609,-12.0,0.8692534401559202,12.0,-0.001011390147294761,-8.691524171129223e-05,-8.691524161026919e-05,-0.0001738203809162386,0.001272108327013119,8.691524171129223e-05
1,0.002167900000000095,-1.739445569340923,0.0001008050166724228,-12.0,0.8698739932035207,12.0,-0.001011288752674352,-8.697731881868482e-05,-8.69773187178798e-05,-0.0001739445569340924,0.001272193173056019,8.697731881868482e-05
1,0.002168100000000095,-1.740684582697736,0.0001005868310773872,-12.0,0.8704931726013522,12.0,-0.001011187576401118,-8.703925857702747e-05,-8.703925847644065e-05,-0.0001740684582697736,0.001272277825442453,8.703925857702748e-05
1,0.002168300000000095,-1.741920847276259,0.0001003684865549248,-12.0,0.8711109773716468,12.0,-0.001011086618674245,-8.710106088850922e-05,-8.710106078814071e-05,-0.0001741920847276259,0.001272362284078121,8.710106088850919e-05
1,0.0021685000000000953,-1.743154361124255,0.0001001499834497599,-12.0,0.8717274065388019,12.0,-0.001010985879692519,-8.71627256555352e-05,-8.716272555538523e-05,-0.0001743154361124255,0.001272446548869002,8.716272565553522e-05
1,0.0021687000000000954,-1.744385122293837,9.99313221090592e-05,-12.0,0.8723424591293953,12.0,-0.001010885359654282,-8.722425278072864e-05,-8.722425268079731e-05,-0.0001744385122293837,0.001272530619721352,8.722425278072863e-05
1,0.0021689000000000955,-1.745613128841471,9.971250287599265e-05,-12.0,0.8729561341721743,12.0,-0.001010785058757499,-8.728564216692985e-05,-8.728564206721735e-05,-0.0001745613128841471,0.001272614496541646,8.728564216692984e-05
1,0.0021691000000000956,-1.746838378827964,9.949352609706086e-05,-12.0,0.8735684306980629,12.0,-0.001010684977199749,-8.734689371719658e-05,-8.734689361770306e-05,-0.0001746838378827964,0.0012726981792366,8.734689371719659e-05
1,0.0021693000000000957,-1.748060870318478,9.927439211776523e-05,-12.0,0.8741793477401597,12.0,-0.001010585115178236,-8.740800733480419e-05,-8.74080072355298e-05,-0.0001748060870318478,0.001272781667713135,8.740800733480419e-05
1,0.002169500000000096,-1.749280601382532,9.905510128449535e-05,-12.0,0.874788884333744,12.0,-0.00101048547288965,-8.746898292324594e-05,-8.746898282419084e-05,-0.0001749280601382532,0.001272864961878548,8.746898292324595e-05
1,0.002169700000000096,-1.750497570094008,9.883565394330773e-05,-12.0,0.8753970395162753,12.0,-0.001010386050530387,-8.75298203862332e-05,-8.752982028739755e-05,-0.0001750497570094008,0.001272948061640231,8.752982038623321e-05
1,0.002169900000000096,-1.751711774531141,9.861605044048094e-05,-12.0,0.876003812327392,12.0,-0.001010286848296307,-8.759051962769513e-05,-8.759051952907908e-05,-0.0001751711774531141,0.001273030966905966,8.759051962769515e-05
1,0.002170100000000096,-1.752923212776539,9.839629112340376e-05,-12.0,0.8766092018089175,12.0,-0.001010187866383044,-8.76510805517794e-05,-8.765108045338312e-05,-0.0001752923212776539,0.00127311367758362,8.765108055177942e-05
1,0.0021703000000000963,-1.754131882917176,9.817637633879883e-05,-12.0,0.8772132070048603,12.0,-0.001010089104985665,-8.771150306285215e-05,-8.771150296467575e-05,-0.0001754131882917176,0.001273196193581475,8.771150306285215e-05
1,0.0021705000000000964,-1.755337783044397,9.795630643361086e-05,-12.0,0.877815826961412,12.0,-0.00100999056429886,-8.777178706549784e-05,-8.777178696754153e-05,-0.0001755337783044397,0.001273278514807977,8.777178706549784e-05
1,0.0021707000000000965,-1.756540911253918,9.77360817555617e-05,-12.0,0.8784170607269534,12.0,-0.001009892244516974,-8.783193246451976e-05,-8.78319323667837e-05,-0.0001756540911253918,0.001273360641171839,8.783193246451979e-05
1,0.0021709000000000966,-1.757741265645838,9.751570265315035e-05,-12.0,0.879016907352056,12.0,-0.001009794145833881,-8.789193916494028e-05,-8.789193906742459e-05,-0.0001757741265645839,0.001273442572581926,8.789193916494029e-05
1,0.0021711000000000967,-1.758938844324638,9.729516947354355e-05,-12.0,0.8796153658894809,12.0,-0.001009696268443105,-8.795180707200071e-05,-8.795180697470556e-05,-0.0001758938844324638,0.001273524308947532,8.795180707200074e-05
1,0.002171300000000097,-1.760133645399169,9.70744825646852e-05,-12.0,0.8802124353941763,12.0,-0.001009598612537674,-8.801153609116114e-05,-8.801153599408667e-05,-0.0001760133645399169,0.001273605850177995,8.801153609116116e-05
1,0.002171500000000097,-1.761325666982679,9.685364227673965e-05,-12.0,0.8808081149232913,12.0,-0.001009501178310279,-8.807112612810143e-05,-8.80711260312478e-05,-0.0001761325666982679,0.001273687196183093,8.807112612810146e-05
1,0.002171700000000097,-1.762514907192809,9.663264895698465e-05,-12.0,0.8814024035361664,12.0,-0.001009403965953143,-8.813057708872095e-05,-8.813057699208832e-05,-0.0001762514907192809,0.001273768346872692,8.813057708872095e-05
1,0.002171900000000097,-1.763701364151581,9.641150295447432e-05,-12.0,0.8819953002943374,12.0,-0.001009306975658139,-8.81898888791383e-05,-8.818988878272678e-05,-0.0001763701364151581,0.001273849302157043,8.81898888791383e-05
1,0.0021721000000000973,-1.764885035985419,9.619020461903993e-05,-12.0,0.88258680426154,12.0,-0.001009210207616656,-8.824906140569208e-05,-8.82490613095019e-05,-0.0001764885035985419,0.001273930061946454,8.82490614056921e-05
1,0.0021723000000000974,-1.766065920825144,9.596875430006868e-05,-12.0,0.8831769145037096,12.0,-0.001009113662019723,-8.830809457494096e-05,-8.830809447897221e-05,-0.0001766065920825144,0.001274010626151734,8.830809457494096e-05
1,0.0021725000000000975,-1.767244016805977,9.57471523467257e-05,-12.0,0.88376563008898,12.0,-0.001009017339057949,-8.836698829366332e-05,-8.836698819791618e-05,-0.0001767244016805977,0.001274090994683702,8.836698829366334e-05
1,0.0021727000000000976,-1.768419322067543,9.552539910961944e-05,-12.0,0.8843529500876897,12.0,-0.001008921238921504,-8.842574246885801e-05,-8.842574237333263e-05,-0.0001768419322067543,0.001274171167453528,8.842574246885801e-05
1,0.0021729000000000978,-1.769591834753876,9.530349493880319e-05,-12.0,0.884938873572381,12.0,-0.001008825361800122,-8.848435700774422e-05,-8.848435691244073e-05,-0.0001769591834753876,0.001274251144372657,8.848435700774422e-05
1,0.002173100000000098,-1.770761553013417,9.508144018410825e-05,-12.0,0.8855233996177991,12.0,-0.001008729707883224,-8.854283181776147e-05,-8.854283172268006e-05,-0.0001770761553013417,0.001274330925352701,8.85428318177615e-05
1,0.002173300000000098,-1.771928474999021,9.485923519725326e-05,-12.0,0.8861065273008986,12.0,-0.001008634277359671,-8.860116680657013e-05,-8.86011667117109e-05,-0.0001771928474999021,0.001274410510305593,8.860116680657013e-05
1,0.002173500000000098,-1.773092598867958,9.463688032851358e-05,-12.0,0.8866882557008403,12.0,-0.001008539070418007,-8.865936188205119e-05,-8.865936178741432e-05,-0.0001773092598867958,0.001274489899143486,8.865936188205119e-05
1,0.002173700000000098,-1.774253922781922,9.441437592971891e-05,-12.0,0.887268583898999,12.0,-0.001008444087246346,-8.871741695230693e-05,-8.871741685789259e-05,-0.0001774253922781922,0.001274569091778727,8.871741695230693e-05
1,0.0021739000000000983,-1.775412444907021,9.419172235047846e-05,-12.0,0.8878475109789531,12.0,-0.001008349328032357,-8.877533192566029e-05,-8.877533183146856e-05,-0.0001775412444907021,0.00127464808812397,8.877533192566026e-05
1,0.0021741000000000984,-1.776568163413786,9.396891994439827e-05,-12.0,0.8884250360264986,12.0,-0.001008254792963306,-8.883310671065542e-05,-8.883310661668652e-05,-0.0001776568163413786,0.00127472688809209,8.883310671065542e-05
1,0.0021743000000000985,-1.777721076477188,9.37459690627529e-05,-12.0,0.8890011581296479,12.0,-0.001008160482226031,-8.889074121605849e-05,-8.889074112231252e-05,-0.0001777721076477188,0.001274805491596212,8.889074121605851e-05
1,0.0021745000000000987,-1.778871182276614,9.352287005648385e-05,-12.0,0.8895758763786206,12.0,-0.001008066396006951,-8.89482353508564e-05,-8.894823525733354e-05,-0.0001778871182276614,0.001274883898549711,8.894823535085641e-05
1,0.0021747000000000988,-1.78001847899589,9.329962328008534e-05,-12.0,0.8901491898658614,12.0,-0.001007972534492099,-8.900558902425813e-05,-8.90055889309585e-05,-0.000178001847899589,0.001274962108866171,8.900558902425814e-05
1,0.002174900000000099,-1.781162964823283,9.307622908483193e-05,-12.0,0.890721097686031,12.0,-0.001007878897867021,-8.90628021456946e-05,-8.90628020526184e-05,-0.0001781162964823283,0.001275040122459492,8.906280214569463e-05
1,0.002175100000000099,-1.782304637951487,9.285268782288636e-05,-12.0,0.8912915989360046,12.0,-0.001007785486316887,-8.911987462481818e-05,-8.91198745319655e-05,-0.0001782304637951487,0.001275117939243758,8.911987462481818e-05
1,0.002175300000000099,-1.783443496577645,9.262899984918693e-05,-12.0,0.8918606927148863,12.0,-0.001007692300026439,-8.917680637150371e-05,-8.917680627887472e-05,-0.0001783443496577645,0.001275195559133316,8.917680637150372e-05
1,0.0021755000000000992,-1.784579538903348,9.240516551500821e-05,-12.0,0.8924283781239984,12.0,-0.001007599339179974,-8.923359729584832e-05,-8.923359720344316e-05,-0.0001784579538903348,0.001275272982042733,8.923359729584835e-05
1,0.0021757000000000993,-1.785712763134628,9.218118517562157e-05,-12.0,0.8929946542668892,12.0,-0.001007506603961456,-8.929024730817136e-05,-8.929024721599017e-05,-0.0001785712763134628,0.001275350207886855,8.929024730817136e-05
1,0.0021759000000000995,-1.786843167481969,9.19570591829677e-05,-12.0,0.8935595202493294,12.0,-0.001007414094554279,-8.934675631901464e-05,-8.93467562270576e-05,-0.0001786843167481969,0.001275427236580806,8.934675631901464e-05
1,0.0021761000000000996,-1.787970750160307,9.173278789220696e-05,-12.0,0.8941229751793195,12.0,-0.001007321811141507,-8.940312423914272e-05,-8.940312414740996e-05,-0.0001787970750160307,0.001275504068039834,8.940312423914273e-05
1,0.0021763000000000997,-1.789095509389035,9.150837165783354e-05,-12.0,0.8946850181670881,12.0,-0.001007229753905783,-8.945935097954303e-05,-8.945935088803465e-05,-0.0001789095509389035,0.001275580702179563,8.945935097954303e-05
1,0.0021765000000001,-1.790217443392006,9.128381083312043e-05,-12.0,0.8952456483250909,12.0,-0.001007137923029283,-8.951543645142578e-05,-8.951543636014196e-05,-0.0001790217443392006,0.001275657138915781,8.951543645142578e-05
1,0.0021767000000001,-1.791336550397532,9.105910577322796e-05,-12.0,0.8958048647680174,12.0,-0.001007046318693749,-8.95713805662244e-05,-8.957138047516528e-05,-0.0001791336550397532,0.001275733378164598,8.957138056622442e-05
1,0.0021769000000001,-1.792452828638391,9.083425683364954e-05,-12.0,0.8963626666127888,12.0,-0.001006954941080621,-8.962718323559552e-05,-8.962718314476124e-05,-0.0001792452828638391,0.00127580941984215,8.962718323559552e-05
1,0.0021771000000001,-1.793566276351827,9.060926436865735e-05,-12.0,0.8969190529785588,12.0,-0.001006863790370752,-8.968284437141903e-05,-8.968284428080976e-05,-0.0001793566276351827,0.001275885263865115,8.968284437141902e-05
1,0.0021773000000001002,-1.79467689177955,9.038412873385582e-05,-12.0,0.8974740229867172,12.0,-0.001006772866744651,-8.973836388579831e-05,-8.973836379541422e-05,-0.000179467689177955,0.001275960910150253,8.973836388579834e-05
1,0.0021775000000001004,-1.795784673167753,9.015885028562654e-05,-12.0,0.8980275757608935,12.0,-0.001006682170382328,-8.97937416910608e-05,-8.979374160090193e-05,-0.0001795784673167753,0.001276036358614632,8.97937416910608e-05
1,0.0021777000000001005,-1.796889618767095,8.993342937801962e-05,-12.0,0.8985797104269488,12.0,-0.001006591701463486,-8.984897769975709e-05,-8.984897760982364e-05,-0.0001796889618767095,0.001276111609175401,8.984897769975709e-05
1,0.0021779000000001006,-1.797991726832713,8.970786636841588e-05,-12.0,0.8991304261129877,12.0,-0.001006501460167272,-8.990407182466194e-05,-8.990407173495408e-05,-0.0001797991726832713,0.001276186661750195,8.990407182466193e-05
1,0.0021781000000001007,-1.79909099562423,8.948216161297484e-05,-12.0,0.8996797219493563,12.0,-0.001006411446672531,-8.995902397877433e-05,-8.995902388929218e-05,-0.000179909099562423,0.001276261516256705,8.995902397877434e-05
1,0.002178300000000101,-1.800187423405754,8.925631546785606e-05,-12.0,0.9002275970686419,12.0,-0.001006321661157578,-9.001383407531738e-05,-9.001383398606109e-05,-0.0001800187423405754,0.001276336172612913,9.00138340753174e-05
1,0.002178500000000101,-1.801281008445871,8.903032828944113e-05,-12.0,0.9007740506056731,12.0,-0.001006232103800325,-9.006850202773837e-05,-9.006850193870802e-05,-0.0001801281008445871,0.001276410630737107,9.006850202773837e-05
1,0.002178700000000101,-1.802371749017661,8.88042004354439e-05,-12.0,0.901319081697526,12.0,-0.001006142774778243,-9.012302774970906e-05,-9.012302766090485e-05,-0.0001802371749017661,0.001276484890547797,9.012302774970906e-05
1,0.002178900000000101,-1.803459643398699,8.857793226280108e-05,-12.0,0.9018626894835228,12.0,-0.00100605367426844,-9.017741115512599e-05,-9.017741106654808e-05,-0.0001803459643398699,0.001276558951963588,9.0177411155126e-05
1,0.0021791000000001013,-1.804544689871048,8.835152412811631e-05,-12.0,0.9024048731052312,12.0,-0.001005964802447482,-9.023165215811032e-05,-9.023165206975878e-05,-0.0001804544689871048,0.001276632814903561,9.023165215811031e-05
1,0.0021793000000001014,-1.805626886721271,8.812497638999162e-05,-12.0,0.90294563170647,12.0,-0.001005876159491589,-9.028575067300803e-05,-9.028575058488303e-05,-0.0001805626886721271,0.00127670647928689,9.0285750673008e-05
1,0.0021795000000001015,-1.806706232240433,8.789828940569677e-05,-12.0,0.9034849644333083,12.0,-0.001005787745576497,-9.033970661439027e-05,-9.033970652649196e-05,-0.0001806706232240434,0.001276779945033071,9.033970661439027e-05
1,0.0021797000000001016,-1.807782724724101,8.767146353305666e-05,-12.0,0.9040228704340646,12.0,-0.001005699560877565,-9.039351989705317e-05,-9.039351980938168e-05,-0.0001807782724724101,0.001276853212061668,9.039351989705316e-05
1,0.0021799000000001017,-1.808856362472343,8.744449913089536e-05,-12.0,0.9045593488593127,12.0,-0.001005611605569653,-9.044719043601817e-05,-9.044719034857368e-05,-0.0001808856362472343,0.001276926280292759,9.044719043601817e-05
1,0.002180100000000102,-1.809927143789738,8.721739655737082e-05,-12.0,0.905094398861879,12.0,-0.001005523879827247,-9.050071814653217e-05,-9.050071805931476e-05,-0.0001809927143789738,0.001276999149646449,9.050071814653217e-05
1,0.002180300000000102,-1.810995066985381,8.699015617175121e-05,-12.0,0.9056280195968497,12.0,-0.001005436383824318,-9.055410294406777e-05,-9.055410285707763e-05,-0.0001810995066985381,0.001277071820043219,9.05541029440678e-05
1,0.002180500000000102,-1.812060130372872,8.676277833152835e-05,-12.0,0.906160210221561,12.0,-0.001005349117734491,-9.060734474432295e-05,-9.060734465756018e-05,-0.0001812060130372872,0.001277144291403659,9.060734474432295e-05
1,0.002180700000000102,-1.813122332270327,8.653526339741369e-05,-12.0,0.9066909698956122,12.0,-0.001005262081730934,-9.06604434632215e-05,-9.066044337668623e-05,-0.0001813122332270327,0.001277216563648653,9.066044346322148e-05
1,0.0021809000000001023,-1.814181671000391,8.630761172834234e-05,-12.0,0.9072202977808639,12.0,-0.0010051752759863,-9.071339901691356e-05,-9.071339893060597e-05,-0.0001814181671000391,0.001277288636699458,9.071339901691356e-05
1,0.0021811000000001024,-1.815238144890218,8.607982368247225e-05,-12.0,0.9077481930414311,12.0,-0.001005088700672938,-9.076621132177486e-05,-9.076621123569502e-05,-0.0001815238144890218,0.001277360510477332,9.076621132177486e-05
1,0.0021813000000001025,-1.816291752271492,8.585189962195816e-05,-12.0,0.9082746548436977,12.0,-0.001005002355962639,-9.081888029440757e-05,-9.081888020855568e-05,-0.0001816291752271492,0.001277432184904004,9.081888029440758e-05
1,0.0021815000000001026,-1.817342491480426,8.56238399052911e-05,-12.0,0.9087996823563097,12.0,-0.00100491624202681,-9.087140585164044e-05,-9.087140576601658e-05,-0.0001817342491480427,0.001277503659901313,9.087140585164044e-05
1,0.0021817000000001027,-1.818390360857756,8.539564489229434e-05,-12.0,0.9093232747501732,12.0,-0.00100483035903641,-9.092378791052809e-05,-9.092378782513244e-05,-0.0001818390360857756,0.001277574935391337,9.092378791052809e-05
1,0.002181900000000103,-1.819435358748753,8.516731494501162e-05,-12.0,0.9098454311984673,12.0,-0.001004744707161984,-9.097602638835221e-05,-9.097602630318491e-05,-0.0001819435358748753,0.001277646011296457,9.097602638835223e-05
1,0.002182100000000103,-1.820477483503226,8.493885042260008e-05,-12.0,0.9103661508766355,12.0,-0.001004659286573603,-9.102812120262127e-05,-9.102812111768244e-05,-0.0001820477483503226,0.001277716887539207,9.10281212026213e-05
1,0.002182300000000103,-1.821516733475513,8.471025168677038e-05,-12.0,0.9108854329623892,12.0,-0.001004574097440911,-9.108007227107026e-05,-9.108007218636e-05,-0.0001821516733475513,0.00127778756404251,9.108007227107025e-05
1,0.002182500000000103,-1.822553107024498,8.448151909823398e-05,-12.0,0.9114032766357117,12.0,-0.001004489139933132,-9.113187951166135e-05,-9.113187942717985e-05,-0.0001822553107024499,0.001277858040729371,9.113187951166135e-05
1,0.0021827000000001033,-1.823586602513606,8.425265301825746e-05,-12.0,0.9119196810788571,12.0,-0.001004404414219007,-9.118354284258388e-05,-9.118354275833124e-05,-0.0001823586602513606,0.001277928317523075,9.11835428425839e-05
1,0.0021829000000001034,-1.824617218310807,8.402365380877352e-05,-12.0,0.9124346454763532,12.0,-0.001004319920466845,-9.123506218225444e-05,-9.123506209823079e-05,-0.0001824617218310807,0.001277998394347307,9.123506218225445e-05
1,0.0021831000000001035,-1.825644952788616,8.379452183060465e-05,-12.0,0.9129481690149992,12.0,-0.001004235658844554,-9.128643744931686e-05,-9.128643736552233e-05,-0.0001825644952788616,0.001278068271125699,9.128643744931686e-05
1,0.0021833000000001036,-1.8266698043241,8.356525744657173e-05,-12.0,0.9134602508838723,12.0,-0.00100415162951957,-9.133766856264257e-05,-9.133766847907732e-05,-0.00018266698043241,0.001278137947782365,9.133766856264258e-05
1,0.0021835000000001038,-1.827691771298879,8.333586101871848e-05,-12.0,0.913970890274326,12.0,-0.001004067832658898,-9.138875544133073e-05,-9.138875535799488e-05,-0.0001827691771298879,0.001278207424241576,9.138875544133073e-05
1,0.002183700000000104,-1.828710852099128,8.310633290831149e-05,-12.0,0.9144800863799895,12.0,-0.001003984268429028,-9.143969800470811e-05,-9.14396979216018e-05,-0.0001828710852099128,0.001278276700427822,9.143969800470811e-05
1,0.002183900000000104,-1.829727045115574,8.28766734790598e-05,-12.0,0.9149878383967726,12.0,-0.001003900936996135,-9.149049617232936e-05,-9.149049608945269e-05,-0.0001829727045115575,0.001278345776265871,9.149049617232936e-05
1,0.002184100000000104,-1.830740348743518,8.264688309400636e-05,-12.0,0.9154941455228686,12.0,-0.00100381783852585,-9.154114986397745e-05,-9.154114978133059e-05,-0.0001830740348743518,0.001278414651680729,9.154114986397747e-05
1,0.002184300000000104,-1.831750761382809,8.241696211441774e-05,-12.0,0.9159990069587457,12.0,-0.001003734973183429,-9.159165899966315e-05,-9.159165891724618e-05,-0.0001831750761382809,0.001278483326597579,9.159165899966313e-05
1,0.0021845000000001043,-1.832758281437866,8.218691090511321e-05,-12.0,0.9165024219071596,12.0,-0.001003652341133573,-9.164202349962544e-05,-9.164202341743856e-05,-0.0001832758281437866,0.001278551800941954,9.164202349962545e-05
1,0.0021847000000001044,-1.83376290731768,8.195672982891367e-05,-12.0,0.9170043895731507,12.0,-0.001003569942540694,-9.169224328433218e-05,-9.169224320237544e-05,-0.000183376290731768,0.001278620074639497,9.169224328433218e-05
1,0.0021849000000001046,-1.834764637435811,8.172641924941715e-05,-12.0,0.9175049091640436,12.0,-0.001003487777568632,-9.174231827447942e-05,-9.1742318192753e-05,-0.0001834764637435811,0.001278688147616169,9.174231827447942e-05
1,0.0021851000000001047,-1.835763470210387,8.149597952988863e-05,-12.0,0.9180039798894482,12.0,-0.001003405846380812,-9.179224839099181e-05,-9.179224830949584e-05,-0.0001835763470210387,0.001278756019798197,9.179224839099183e-05
1,0.0021853000000001048,-1.836759404064114,8.126541103536944e-05,-12.0,0.9185016009612643,12.0,-0.001003324149140214,-9.184203355502289e-05,-9.184203347375749e-05,-0.0001836759404064114,0.001278823691112013,9.18420335550229e-05
1,0.002185500000000105,-1.83775243742428,8.103471412923557e-05,-12.0,0.9189977715936811,12.0,-0.001003242686009403,-9.189167368795519e-05,-9.189167360692048e-05,-0.000183775243742428,0.001278891161484261,9.18916736879552e-05
1,0.002185700000000105,-1.838742568722746,8.080388917586223e-05,-12.0,0.919492491003176,12.0,-0.001003161457150473,-9.194116871139999e-05,-9.194116863059612e-05,-0.0001838742568722746,0.001278958430841831,9.194116871140001e-05
1,0.002185900000000105,-1.83972979639596,8.057293654073483e-05,-12.0,0.9199857584085201,12.0,-0.001003080462725056,-9.199051854719797e-05,-9.199051846662503e-05,-0.000183972979639596,0.00127902549911188,9.199051854719794e-05
1,0.0021861000000001052,-1.840714118884955,8.034185658767345e-05,-12.0,0.9204775730307778,12.0,-0.00100299970289433,-9.2039723117419e-05,-9.203972303707715e-05,-0.0001840714118884955,0.001279092366221798,9.203972311741902e-05
1,0.0021863000000001053,-1.841695534635351,8.01106496820525e-05,-12.0,0.920967934093305,12.0,-0.001002919177819098,-9.208878234436231e-05,-9.208878226425166e-05,-0.0001841695534635351,0.001279159032099186,9.20887823443623e-05
1,0.0021865000000001055,-1.842674042097358,7.987931618902433e-05,-12.0,0.9214568408217556,12.0,-0.001002838887659563,-9.213769615055665e-05,-9.213769607067735e-05,-0.0001842674042097358,0.001279225496671935,9.213769615055666e-05
1,0.0021867000000001056,-1.843649639725778,7.964785647485151e-05,-12.0,0.9219442924440797,12.0,-0.001002758832575612,-9.21864644587605e-05,-9.218646437911265e-05,-0.0001843649639725778,0.001279291759868156,9.218646445876049e-05
1,0.0021869000000001057,-1.84462232598001,7.941627090368719e-05,-12.0,0.9224302881905233,12.0,-0.001002679012726701,-9.223508719196196e-05,-9.22350871125457e-05,-0.000184462232598001,0.001279357821616117,9.223508719196197e-05
1,0.002187100000000106,-1.845592099324049,7.918455984223804e-05,-12.0,0.9229148272936334,12.0,-0.001002599428271703,-9.228356427337912e-05,-9.228356419419459e-05,-0.0001845592099324049,0.001279423681844402,9.228356427337912e-05
1,0.002187300000000106,-1.846558958226489,7.895272365621153e-05,-12.0,0.923397908988256,12.0,-0.001002520079369087,-9.233189562646e-05,-9.233189554750727e-05,-0.0001846558958226489,0.001279489340481915,9.233189562645998e-05
1,0.002187500000000106,-1.847522901160531,7.872076271264739e-05,-12.0,0.923879532511542,12.0,-0.001002440966176923,-9.238008117488293e-05,-9.238008109616217e-05,-0.0001847522901160531,0.001279554797457602,9.238008117488294e-05
1,0.002187700000000106,-1.848483926603974,7.848867737603182e-05,-12.0,0.9243596971029379,12.0,-0.001002362088852793,-9.242812084255615e-05,-9.24281207640675e-05,-0.0001848483926603974,0.001279620052700825,9.24281208425562e-05
1,0.0021879000000001063,-1.849442033039226,7.825646801529196e-05,-12.0,0.9248384020042009,12.0,-0.001002283447553848,-9.247601455361855e-05,-9.247601447536208e-05,-0.0001849442033039226,0.001279685106141015,9.247601455361856e-05
1,0.0021881000000001064,-1.850397218953312,7.802413499624627e-05,-12.0,0.9253156464593915,12.0,-0.001002205042436713,-9.252376223243953e-05,-9.252376215441539e-05,-0.0001850397218953312,0.001279749957708048,9.252376223243953e-05
1,0.0021883000000001065,-1.851349482837856,7.779167868471326e-05,-12.0,0.9257914297148719,12.0,-0.00100212687365768,-9.257136380361873e-05,-9.257136372582704e-05,-0.0001851349482837856,0.001279814607331856,9.257136380361873e-05
1,0.0021885000000001066,-1.852298823189105,7.755909945006412e-05,-12.0,0.9262657510193185,12.0,-0.001002048941372458,-9.261881919198683e-05,-9.261881911442776e-05,-0.0001852298823189105,0.001279879054942715,9.261881919198686e-05
1,0.0021887000000001067,-1.853245238507923,7.732639765833937e-05,-12.0,0.9267386096237129,12.0,-0.001001971245736366,-9.266612832260547e-05,-9.266612824527908e-05,-0.0001853245238507923,0.00127994330047107,9.266612832260545e-05
1,0.002188900000000107,-1.854188727299789,7.709357367691183e-05,-12.0,0.9272100047813456,12.0,-0.001001893786904295,-9.271329112076686e-05,-9.271329104367328e-05,-0.0001854188727299789,0.001280007343847644,9.271329112076688e-05
1,0.002189100000000107,-1.855129288074804,7.686062787459758e-05,-12.0,0.92767993574782,12.0,-0.00100181656503065,-9.276030751199455e-05,-9.276030743513391e-05,-0.0001855129288074804,0.001280071185003367,9.276030751199455e-05
1,0.002189300000000107,-1.856066919347694,7.662756061865839e-05,-12.0,0.9281484017810508,12.0,-0.001001739580269348,-9.280717742204325e-05,-9.280717734541566e-05,-0.0001856066919347695,0.001280134823869461,9.280717742204322e-05
1,0.002189500000000107,-1.857001619637814,7.639437227746626e-05,-12.0,0.9286154021412671,12.0,-0.00100166283277385,-9.285390077689895e-05,-9.285390070050459e-05,-0.0001857001619637814,0.001280198260377341,9.285390077689897e-05
1,0.0021897000000001073,-1.857933387469141,7.616106321917115e-05,-12.0,0.9290809360910101,12.0,-0.001001586322697229,-9.29004775027791e-05,-9.290047742661804e-05,-0.0001857933387469142,0.001280261494458659,9.290047750277909e-05
1,0.0021899000000001074,-1.858862221370286,7.592763381292222e-05,-12.0,0.9295450028951387,12.0,-0.001001510050192042,-9.29469075261326e-05,-9.294690745020495e-05,-0.0001858862221370286,0.001280324526045318,9.294690752613259e-05
1,0.0021901000000001075,-1.859788119874495,7.569408442698045e-05,-12.0,0.9300076018208291,12.0,-0.001001434015410432,-9.299319077364023e-05,-9.299319069794612e-05,-0.0001859788119874496,0.001280387355069426,9.299319077364022e-05
1,0.0021903000000001076,-1.860711081519647,7.546041543005089e-05,-12.0,0.9304687321375728,12.0,-0.001001358218504,-9.303932717221425e-05,-9.303932709675385e-05,-0.0001860711081519647,0.0012804499814634,9.303932717221428e-05
1,0.0021905000000001077,-1.861631104848257,7.522662719172679e-05,-12.0,0.9309283931171821,12.0,-0.001001282659624014,-9.308531664899903e-05,-9.308531657377243e-05,-0.0001861631104848257,0.001280512405159806,9.308531664899905e-05
1,0.002190700000000108,-1.862548188407486,7.499272008149038e-05,-12.0,0.9313865840337924,12.0,-0.001001207338921117,-9.313115913137107e-05,-9.313115905637837e-05,-0.0001862548188407486,0.001280574626091519,9.31311591313711e-05
1,0.002190900000000108,-1.863462330749131,7.47586944679357e-05,-12.0,0.9318433041638542,12.0,-0.001001132256545703,-9.317685454693863e-05,-9.317685447217995e-05,-0.0001863462330749131,0.001280636644191591,9.317685454693863e-05
1,0.002191100000000108,-1.864373530429634,7.452455072176623e-05,-12.0,0.9322985527861449,12.0,-0.001001057412647471,-9.322240282354231e-05,-9.322240274901777e-05,-0.0001864373530429634,0.001280698459393367,9.322240282354233e-05
1,0.002191300000000108,-1.865281786010091,7.429028921268621e-05,-12.0,0.9327523291817673,12.0,-0.001000982807375816,-9.326780388925547e-05,-9.326780381496518e-05,-0.0001865281786010091,0.00128076007163036,9.326780388925547e-05
1,0.0021915000000001083,-1.866187096056238,7.405591030984482e-05,-12.0,0.9332046326341428,12.0,-0.001000908440879689,-9.331305767238331e-05,-9.331305759832739e-05,-0.0001866187096056238,0.0012808214808364,9.33130576723833e-05
1,0.0021917000000001084,-1.867089459138467,7.38214143848337e-05,-12.0,0.9336554624290249,12.0,-0.001000834313307442,-9.335816410146401e-05,-9.335816402764259e-05,-0.0001867089459138467,0.001280882686945498,9.335816410146401e-05
1,0.0021919000000001085,-1.867988873831825,7.358680180702404e-05,-12.0,0.9341048178544912,12.0,-0.001000760424807096,-9.340312310526842e-05,-9.340312303168162e-05,-0.0001867988873831825,0.001280943689891886,9.340312310526842e-05
1,0.0021921000000001086,-1.868885338716014,7.335207294756341e-05,-12.0,0.9345526982009489,12.0,-0.001000686775526144,-9.344793461280012e-05,-9.344793453944807e-05,-0.0001868885338716014,0.001281004489610049,9.344793461280013e-05
1,0.0021923000000001087,-1.869778852375389,7.311722817693322e-05,-12.0,0.9349991027611324,12.0,-0.001000613365611622,-9.349259855329554e-05,-9.349259848017832e-05,-0.0001869778852375389,0.001281065086034788,9.349259855329556e-05
1,0.002192500000000109,-1.870669413398972,7.288226786672514e-05,-12.0,0.9354440308301086,12.0,-0.001000540195210092,-9.353711485622419e-05,-9.353711478334193e-05,-0.0001870669413398972,0.001281125479100989,9.353711485622419e-05
1,0.002192700000000109,-1.871557020380445,7.264719238786466e-05,-12.0,0.9358874817052761,12.0,-0.001000467264467716,-9.358148345128883e-05,-9.358148337864164e-05,-0.0001871557020380445,0.001281185668743912,9.358148345128883e-05
1,0.002192900000000109,-1.872441671918154,7.241200211116627e-05,-12.0,0.9363294546863642,12.0,-0.001000394573530114,-9.362570426842529e-05,-9.362570419601328e-05,-0.0001872441671918154,0.001281245654898969,9.36257042684253e-05
1,0.002193100000000109,-1.873323366615115,7.217669740888777e-05,-12.0,0.9367699490754376,12.0,-0.001000322122542446,-9.366977723780287e-05,-9.366977716562617e-05,-0.0001873323366615115,0.001281305437501851,9.366977723780289e-05
1,0.0021933000000001093,-1.87420210307901,7.194127865250977e-05,-12.0,0.9372089641768965,12.0,-0.001000249911649514,-9.371370228982441e-05,-9.371370221788311e-05,-0.000187420210307901,0.001281365016488414,9.37137022898244e-05
1,0.0021935000000001094,-1.875077879922194,7.170574621362391e-05,-12.0,0.9376464992974747,12.0,-0.001000177940995509,-9.37574793551261e-05,-9.375747928342038e-05,-0.0001875077879922194,0.001281424391794836,9.375747935512611e-05
1,0.0021937000000001095,-1.875950695761694,7.147010046459901e-05,-12.0,0.938082553746245,12.0,-0.001000106210724203,-9.380110836457803e-05,-9.380110829310793e-05,-0.0001875950695761694,0.001281483563357499,9.380110836457804e-05
1,0.0021939000000001097,-1.876820549219215,7.123434177780386e-05,-12.0,0.9385171268346176,12.0,-0.001000034720979023,-9.384458924928397e-05,-9.384458917804964e-05,-0.0001876820549219215,0.001281542531112956,9.384458924928399e-05
1,0.0021941000000001098,-1.877687438921142,7.099847052616237e-05,-12.0,0.9389502178763447,12.0,-0.00099996347190269,-9.388792194058185e-05,-9.38879218695834e-05,-0.0001877687438921142,0.001281601294998172,9.388792194058185e-05
1,0.00219430000000011,-1.878551363498534,7.076248708037802e-05,-12.0,0.9393818261875124,12.0,-0.0009998924636376583,-9.393110637004318e-05,-9.393110629928073e-05,-0.0001878551363498534,0.001281659854950115,9.39311063700432e-05
1,0.00219450000000011,-1.879412321587135,7.052639181570619e-05,-12.0,0.9398119510865551,12.0,-0.0009998216963258422,-9.397414246947393e-05,-9.397414239894755e-05,-0.0001879412321587135,0.001281718210906155,9.397414246947394e-05
1,0.00219470000000011,-1.880270311827379,7.029018510407159e-05,-12.0,0.9402405918942474,12.0,-0.0009997511701087397,-9.401703017091433e-05,-9.401703010062415e-05,-0.0001880270311827379,0.001281776362803785,9.401703017091433e-05
1,0.0021949000000001102,-1.881125332864377,7.0053867317732e-05,-12.0,0.9406677479337037,12.0,-0.0009996808851272798,-9.40597694066386e-05,-9.405976933658473e-05,-0.0001881125332864377,0.001281834310580848,9.40597694066386e-05
1,0.0021951000000001103,-1.881977383347934,6.981743883172076e-05,-12.0,0.9410934185303889,12.0,-0.0009996108415219473,-9.410236010915571e-05,-9.410236003933828e-05,-0.0001881977383347934,0.001281892054175351,9.410236010915571e-05
1,0.0021953000000001104,-1.882826461932549,6.958090001840667e-05,-12.0,0.9415176030121111,12.0,-0.0009995410394328802,-9.414480221120926e-05,-9.414480214162837e-05,-0.0001882826461932549,0.001281949593525511,9.414480221120927e-05
1,0.0021955000000001106,-1.883672567277408,6.934425125171284e-05,-12.0,0.9419403007090237,12.0,-0.000999471478999564,-9.418709564577721e-05,-9.418709557643297e-05,-0.0001883672567277408,0.001282006928569848,9.41870956457772e-05
1,0.0021957000000001107,-1.884515698046394,6.910749290567342e-05,-12.0,0.9423615109536301,12.0,-0.0009994021603611375,-9.422924034607244e-05,-9.422924027696496e-05,-0.0001884515698046394,0.001282064059247065,9.422924034607244e-05
1,0.002195900000000111,-1.88535585290809,6.887062535421151e-05,-12.0,0.9427812330807823,12.0,-0.0009993330836562536,-9.427123624554279e-05,-9.427123617667219e-05,-0.000188535585290809,0.001282120985496099,9.427123624554281e-05
1,0.002196100000000111,-1.886193030535774,6.863364897136126e-05,-12.0,0.9431994664276807,12.0,-0.0009992642490230519,-9.431308327787094e-05,-9.431308320923729e-05,-0.0001886193030535774,0.00128217770725618,9.431308327787094e-05
1,0.002196300000000111,-1.88702722960743,6.839656413182293e-05,-12.0,0.9436162103338783,12.0,-0.0009991956565992138,-9.435478137697464e-05,-9.43547813085781e-05,-0.000188702722960743,0.001282234224466688,9.435478137697465e-05
1,0.002196500000000111,-1.887858448805742,6.815937120996374e-05,-12.0,0.9440314641412797,12.0,-0.0009991273065220047,-9.439633047700698e-05,-9.439633040884762e-05,-0.0001887858448805742,0.001282290537067285,9.439633047700698e-05
1,0.0021967000000001112,-1.888686686818101,6.792207058092803e-05,-12.0,0.9444452271941428,12.0,-0.0009990591989280928,-9.443773051235618e-05,-9.443773044443411e-05,-0.0001888686686818101,0.001282346644997892,9.443773051235619e-05
1,0.0021969000000001114,-1.889511942336607,6.768466261874995e-05,-12.0,0.9448574988390783,12.0,-0.0009989913339538137,-9.447898141764596e-05,-9.447898134996127e-05,-0.0001889511942336607,0.001282402548198586,9.447898141764596e-05
1,0.0021971000000001115,-1.890334214058065,6.7447147699351e-05,-12.0,0.945268278425053,12.0,-0.0009989237117349892,-9.452008312773539e-05,-9.452008306028822e-05,-0.0001890334214058065,0.001282458246609705,9.452008312773536e-05
1,0.0021973000000001116,-1.891153500684,6.720952619765352e-05,-12.0,0.945677565303392,12.0,-0.0009988563324068722,-9.456103557771943e-05,-9.45610355105099e-05,-0.0001891153500684,0.001282513740171909,9.456103557771943e-05
1,0.0021975000000001117,-1.891969800920644,6.697179848846879e-05,-12.0,0.9460853588277728,12.0,-0.000998789196104355,-9.460183870292843e-05,-9.460183863595664e-05,-0.0001891969800920644,0.001282569028825953,9.460183870292843e-05
1,0.002197700000000112,-1.892783113478944,6.673396494816242e-05,-12.0,0.9464916583542341,12.0,-0.000998722302961788,-9.464249243892856e-05,-9.464249237219463e-05,-0.0001892783113478944,0.00128262411251294,9.46424924389286e-05
1,0.002197900000000112,-1.893593437074572,6.649602595298898e-05,-12.0,0.9468964632411759,12.0,-0.0009986556531131202,-9.468299672152229e-05,-9.468299665502626e-05,-0.0001893593437074572,0.001282678991174124,9.468299672152229e-05
1,0.002198100000000112,-1.894400770427914,6.625798187731569e-05,-12.0,0.9472997728493526,12.0,-0.0009985892466917584,-9.472335148674752e-05,-9.472335142048956e-05,-0.0001894400770427914,0.001282733664750971,9.472335148674754e-05
1,0.002198300000000112,-1.89520511226408,6.601983309839632e-05,-12.0,0.9477015865418856,12.0,-0.000998523083830638,-9.47635566708787e-05,-9.476355660485891e-05,-0.000189520511226408,0.001282788133185345,9.476355667087873e-05
1,0.0021985000000001123,-1.896006461312906,6.57815799921524e-05,-12.0,0.9481019036842568,12.0,-0.0009984571646622642,-9.480361221042647e-05,-9.48036121446449e-05,-0.0001896006461312906,0.00128284239641914,9.480361221042647e-05
1,0.0021987000000001124,-1.896804816308948,6.554322293450543e-05,-12.0,0.9485007236443079,12.0,-0.0009983914893186285,-9.484351804213734e-05,-9.484351797659413e-05,-0.0001896804816308948,0.001282896454394597,9.484351804213734e-05
1,0.0021989000000001125,-1.897600175991496,6.530476230293125e-05,-12.0,0.94889804579225,12.0,-0.0009983260579312647,-9.48832741029947e-05,-9.488327403768995e-05,-0.0001897600175991496,0.001282950307054165,9.488327410299472e-05
1,0.0021991000000001126,-1.898392539104568,6.506619847368444e-05,-12.0,0.9492938695006566,12.0,-0.000998260870631193,-9.492288033021829e-05,-9.492288026515211e-05,-0.0001898392539104568,0.001283003954340542,9.49228803302183e-05
1,0.0021993000000001127,-1.899181904396916,6.482753182390777e-05,-12.0,0.9496881941444688,12.0,-0.0009981959275489477,-9.496233666126449e-05,-9.496233659643698e-05,-0.0001899181904396916,0.001283057396196635,9.496233666126449e-05
1,0.002199500000000113,-1.899968270622021,6.458876272996683e-05,-12.0,0.9500810191009927,12.0,-0.0009981312288147165,-9.500164303382628e-05,-9.500164296923755e-05,-0.0001899968270622021,0.001283110632565559,9.500164303382628e-05
1,0.002199700000000113,-1.900751636538102,6.434989156989257e-05,-12.0,0.950472343749905,12.0,-0.0009980667745580346,-9.50407993858335e-05,-9.504079932148362e-05,-0.0001900751636538102,0.001283163663390707,9.504079938583351e-05
1,0.002199900000000113,-1.901532000908121,6.411091872093877e-05,-12.0,0.9508621674732509,12.0,-0.0009980025649080904,-9.507980565545301e-05,-9.50798055913421e-05,-0.0001901532000908121,0.001283216488615707,9.5079805655453e-05
1,0.002200100000000113,-1.902309362499773,6.387184456002615e-05,-12.0,0.9512504896554447,12.0,-0.0009979385999934753,-9.511866178108847e-05,-9.511866171721665e-05,-0.0001902309362499773,0.001283269108184409,9.511866178108847e-05
1,0.0022003000000001133,-1.903083720085496,6.363266946585178e-05,-12.0,0.9516373096832731,12.0,-0.0009978748799424203,-9.515736770138072e-05,-9.515736763774807e-05,-0.0001903083720085496,0.001283321522040817,9.515736770138073e-05
1,0.0022005000000001134,-1.903855072442475,6.339339381578046e-05,-12.0,0.9520226269458949,12.0,-0.000997811404882587,-9.519592335520793e-05,-9.519592329181453e-05,-0.0001903855072442475,0.001283373730129267,9.519592335520791e-05
1,0.0022007000000001135,-1.904623418352638,6.315401798773213e-05,-12.0,0.9524064408348407,12.0,-0.0009977481749412348,-9.52343286816853e-05,-9.523432861853128e-05,-0.0001904623418352638,0.001283425732394344,9.52343286816853e-05
1,0.0022009000000001136,-1.905388756602661,6.291454236018179e-05,-12.0,0.9527887507440158,12.0,-0.0009976851902450262,-9.527258362016559e-05,-9.527258355725104e-05,-0.0001905388756602661,0.001283477528780747,9.527258362016557e-05
1,0.0022011000000001137,-1.906151085983971,6.26749673111604e-05,-12.0,0.9531695560697018,12.0,-0.0009976224509202491,-9.531068811023904e-05,-9.53106880475641e-05,-0.0001906151085983971,0.001283529119233517,9.531068811023907e-05
1,0.002201300000000114,-1.906910405292747,6.24352932196981e-05,-12.0,0.9535488562105556,12.0,-0.0009975599570927057,-9.534864209173359e-05,-9.534864202929832e-05,-0.0001906910405292747,0.001283580503697854,9.534864209173359e-05
1,0.002201500000000114,-1.907666713329915,6.219552046360377e-05,-12.0,0.9539266505676081,12.0,-0.0009974977088876152,-9.538644550471446e-05,-9.538644544251894e-05,-0.0001907666713329915,0.001283631682119257,9.538644550471446e-05
1,0.002201700000000114,-1.908420008901163,6.195564942290677e-05,-12.0,0.9543029385442722,12.0,-0.000997435706429864,-9.542409828948494e-05,-9.542409822752929e-05,-0.0001908420008901163,0.001283682654443383,9.542409828948494e-05
1,0.002201900000000114,-1.909170290816936,6.1715680475527e-05,-12.0,0.954677719546338,12.0,-0.0009973739498437273,-9.546160038658623e-05,-9.546160032487057e-05,-0.0001909170290816936,0.00128373342061619,9.546160038658624e-05
1,0.0022021000000001143,-1.909917557892432,6.147561400104973e-05,-12.0,0.9550509929819739,12.0,-0.0009973124392530924,-9.549895173679728e-05,-9.549895167532166e-05,-0.0001909917557892432,0.001283783980583736,9.54989517367973e-05
1,0.0022023000000001144,-1.910661808947617,6.123545037872713e-05,-12.0,0.9554227582617311,12.0,-0.0009972511747812357,-9.553615228113523e-05,-9.55361522198998e-05,-0.0001910661808947617,0.00128383433429255,9.553615228113524e-05
1,0.0022025000000001145,-1.911403042807215,6.099518998825548e-05,-12.0,0.9557930147985417,12.0,-0.0009971901565511004,-9.557320196085536e-05,-9.557320189986017e-05,-0.0001911403042807215,0.001283884481689132,9.557320196085535e-05
1,0.0022027000000001146,-1.912141258300716,6.07548332085539e-05,-12.0,0.9561617620077192,12.0,-0.0009971293846850887,-9.561010071745104e-05,-9.561010065669622e-05,-0.0001912141258300716,0.001283934422720387,9.561010071745106e-05
1,0.0022029000000001147,-1.912876454262375,6.051438042031787e-05,-12.0,0.9565289993069619,12.0,-0.0009970688593050892,-9.564684849265415e-05,-9.564684843213978e-05,-0.0001912876454262375,0.001283984157333329,9.564684849265416e-05
1,0.002203100000000115,-1.913608629531219,6.027383200302161e-05,-12.0,0.9568947261163524,12.0,-0.0009970085805324908,-9.568344522843496e-05,-9.568344516816112e-05,-0.0001913608629531219,0.001284033685475389,9.568344522843494e-05
1,0.002203300000000115,-1.914337782951042,6.003318833602833e-05,-12.0,0.9572589418583571,12.0,-0.0009969485484882523,-9.571989086700211e-05,-9.571989080696892e-05,-0.0001914337782951042,0.00128408300709397,9.571989086700211e-05
1,0.002203500000000115,-1.915063913370409,5.979244980081067e-05,-12.0,0.9576216459578304,12.0,-0.000996888763292847,-9.575618535080297e-05,-9.575618529101052e-05,-0.0001915063913370409,0.001284132122136905,9.575618535080297e-05
1,0.002203700000000115,-1.915787019642662,5.955161677673182e-05,-12.0,0.9579828378420123,12.0,-0.0009968292250661925,-9.579232862252357e-05,-9.579232856297196e-05,-0.0001915787019642662,0.001284181030552223,9.579232862252357e-05
1,0.0022039000000001153,-1.916507100625918,5.931068964504238e-05,-12.0,0.9583425169405336,12.0,-0.0009967699339278324,-9.582832062508885e-05,-9.582832056577818e-05,-0.0001916507100625918,0.001284229732288034,9.582832062508886e-05
1,0.0022041000000001154,-1.917224155183068,5.906966878566067e-05,-12.0,0.9587006826854093,12.0,-0.000996710889996727,-9.586416130166238e-05,-9.586416124259271e-05,-0.0001917224155183068,0.001284278227292934,9.586416130166236e-05
1,0.0022043000000001155,-1.917938182181784,5.882855458005931e-05,-12.0,0.9590573345110475,12.0,-0.0009966520933913786,-9.589985059564676e-05,-9.58998505368182e-05,-0.0001917938182181784,0.001284326515515535,9.589985059564674e-05
1,0.0022045000000001157,-1.918649180494522,5.858734740882277e-05,-12.0,0.959412471854248,12.0,-0.0009965935442298318,-9.593538845068391e-05,-9.593538839209656e-05,-0.0001918649180494522,0.001284374596904711,9.593538845068393e-05
1,0.0022047000000001158,-1.919357148998516,5.834604765309059e-05,-12.0,0.9597660941541978,12.0,-0.0009965352426295898,-9.597077481065447e-05,-9.597077475230843e-05,-0.0001919357148998516,0.001284422471409724,9.597077481065447e-05
1,0.002204900000000116,-1.920062086575785,5.810465569466849e-05,-12.0,0.9601182008524808,12.0,-0.0009964771887076979,-9.600600961967863e-05,-9.600600956157399e-05,-0.0001920062086575785,0.001284470138979879,9.600600961967862e-05
1,0.002205100000000116,-1.92076399211314,5.786317191380785e-05,-12.0,0.9604687913930724,12.0,-0.0009964193825807155,-9.604109282211585e-05,-9.604109276425268e-05,-0.000192076399211314,0.001284517599564827,9.604109282211586e-05
1,0.002205300000000116,-1.921462864502171,5.762159669320255e-05,-12.0,0.9608178652223415,12.0,-0.0009963618243647443,-9.607602436256481e-05,-9.607602430494322e-05,-0.0001921462864502171,0.001284564853114331,9.607602436256483e-05
1,0.0022055000000001162,-1.922158702639267,5.737993041365907e-05,-12.0,0.9611654217890532,12.0,-0.0009963045141753168,-9.611080418586394e-05,-9.611080412848401e-05,-0.0001922158702639267,0.001284611899578514,9.611080418586395e-05
1,0.0022057000000001163,-1.9228515054256,5.713817345787131e-05,-12.0,0.9615114605443683,12.0,-0.0009962474521275355,-9.614543223709102e-05,-9.614543217995289e-05,-0.00019228515054256,0.001284658738907707,9.614543223709104e-05
1,0.0022059000000001164,-1.923541271767142,5.689632620731189e-05,-12.0,0.9618559809418449,12.0,-0.000996190638336003,-9.617990846156375e-05,-9.617990840466746e-05,-0.0001923541271767142,0.001284705371052311,9.617990846156376e-05
1,0.0022061000000001166,-1.924228000574654,5.665438904400855e-05,-12.0,0.9621989824374372,12.0,-0.0009961340729148227,-9.621423280483929e-05,-9.621423274818493e-05,-0.0001924228000574654,0.001284751795963227,9.621423280483933e-05
1,0.0022063000000001167,-1.9249116907637,5.641236235076619e-05,-12.0,0.9625404644894996,12.0,-0.0009960777559776118,-9.624840521271488e-05,-9.624840515630254e-05,-0.00019249116907637,0.00128479801359134,9.624840521271488e-05
1,0.002206500000000117,-1.925592341254638,5.617024650927949e-05,-12.0,0.9628804265587857,12.0,-0.0009960216876375438,-9.628242563122763e-05,-9.628242557505738e-05,-0.0001925592341254638,0.001284844023887857,9.628242563122765e-05
1,0.002206700000000117,-1.926269950972628,5.592804190268641e-05,-12.0,0.9632188681084483,12.0,-0.0009959658680071676,-9.631629400665454e-05,-9.631629395072652e-05,-0.0001926269950972628,0.001284889826804303,9.631629400665456e-05
1,0.002206900000000117,-1.92694451884763,5.568574891323674e-05,-12.0,0.9635557886040421,12.0,-0.0009959102971987266,-9.635001028551289e-05,-9.635001022982714e-05,-0.000192694451884763,0.001284935422292272,9.635001028551289e-05
1,0.002207100000000117,-1.927616043814409,5.544336792440152e-05,-12.0,0.9638911875135243,12.0,-0.0009958549753237844,-9.638357441456e-05,-9.638357435911665e-05,-0.0001927616043814409,0.00128498081030369,9.638357441456e-05
1,0.0022073000000001172,-1.928284524812534,5.520089931831951e-05,-12.0,0.9642250643072534,12.0,-0.0009957999024935854,-9.641698634079351e-05,-9.641698628559263e-05,-0.0001928284524812534,0.001285025990790681,9.641698634079351e-05
1,0.0022075000000001174,-1.928949960786382,5.495834347846174e-05,-12.0,0.9645574184579921,12.0,-0.0009957450788187078,-9.645024601145138e-05,-9.645024595649303e-05,-0.0001928949960786382,0.001285070963705628,9.645024601145138e-05
1,0.0022077000000001175,-1.92961235068514,5.471570078874333e-05,-12.0,0.96488824944091,12.0,-0.0009956905044094522,-9.648335337401213e-05,-9.648335331929643e-05,-0.000192961235068514,0.001285115729001016,9.648335337401213e-05
1,0.0022079000000001176,-1.930271693462801,5.447297163141407e-05,-12.0,0.9652175567335773,12.0,-0.0009956361793753699,-9.65163083761946e-05,-9.651630832172162e-05,-0.0001930271693462801,0.001285160286629811,9.65163083761946e-05
1,0.0022081000000001177,-1.930927988078172,5.423015639072215e-05,-12.0,0.9655453398159735,12.0,-0.0009955821038257484,-9.654911096595828e-05,-9.654911091172811e-05,-0.0001930927988078172,0.00128520463654494,9.654911096595828e-05
1,0.002208300000000118,-1.931581233494874,5.398725545036065e-05,-12.0,0.9658715981704851,12.0,-0.0009955282778692232,-9.658176109150346e-05,-9.658176103751624e-05,-0.0001931581233494874,0.001285248778699719,9.658176109150348e-05
1,0.002208500000000118,-1.932231428681345,5.374426919368958e-05,-12.0,0.9661963312819056,12.0,-0.0009954747016140825,-9.66142587012712e-05,-9.661425864752693e-05,-0.0001932231428681345,0.001285292713047601,9.66142587012712e-05
1,0.002208700000000118,-1.932878572610834,5.350119800495712e-05,-12.0,0.9665195386374363,12.0,-0.000995421375167907,-9.664660374394314e-05,-9.664660369044194e-05,-0.0001932878572610834,0.001285336439542414,9.664660374394314e-05
1,0.002208900000000118,-1.933522664261412,5.325804226830044e-05,-12.0,0.9668412197266891,12.0,-0.0009953682986380274,-9.66787961684421e-05,-9.667879611518403e-05,-0.0001933522664261412,0.001285379958137975,9.667879616844209e-05
1,0.0022091000000001183,-1.934163702615973,5.301480236763467e-05,-12.0,0.9671613740416861,12.0,-0.0009953154721311086,-9.671083592393184e-05,-9.671083587091704e-05,-0.0001934163702615973,0.001285423268788555,9.671083592393185e-05
1,0.0022093000000001184,-1.934801686662225,5.277147868765208e-05,-12.0,0.9674800010768589,12.0,-0.0009952628957533849,-9.674272295981714e-05,-9.674272290704564e-05,-0.0001934801686662225,0.001285466371448579,9.674272295981714e-05
1,0.0022095000000001185,-1.935436615392707,5.252807161237882e-05,-12.0,0.9677971003290526,12.0,-0.0009952105696105773,-9.6774457225744e-05,-9.677445717321594e-05,-0.0001935436615392707,0.001285509266072626,9.677445722574403e-05
1,0.0022097000000001186,-1.936068487804776,5.228458152695126e-05,-12.0,0.9681126712975245,12.0,-0.000995158493807921,-9.680603867159974e-05,-9.680603861931516e-05,-0.0001936068487804776,0.00128555195261558,9.680603867159976e-05
1,0.0022099000000001187,-1.936697302900621,5.20410088157286e-05,-12.0,0.9684267134839442,12.0,-0.000995106668450138,-9.683746724751285e-05,-9.683746719547184e-05,-0.0001936697302900621,0.0012855944310326,9.683746724751285e-05
1,0.002210100000000119,-1.937323059687255,5.179735386362516e-05,-12.0,0.9687392263923965,12.0,-0.0009950550936415475,-9.686874290385331e-05,-9.686874285205595e-05,-0.0001937323059687255,0.001285636701278847,9.68687429038533e-05
1,0.002210300000000119,-1.937945757176522,5.15536170556663e-05,-12.0,0.9690502095293805,12.0,-0.0009950037694857472,-9.689986559123249e-05,-9.689986553967886e-05,-0.0001937945757176522,0.001285678763310066,9.689986559123249e-05
1,0.002210500000000119,-1.938565394385097,5.130979877765451e-05,-12.0,0.9693596624038131,12.0,-0.0009949526960860988,-9.693083526050355e-05,-9.693083520919373e-05,-0.0001938565394385097,0.001285720617081931,9.693083526050355e-05
1,0.002210700000000119,-1.93918197033449,5.10658994133939e-05,-12.0,0.969667584527024,12.0,-0.0009949018735453535,-9.696165186276104e-05,-9.696165181169516e-05,-0.000193918197033449,0.001285762262550394,9.696165186276106e-05
1,0.0022109000000001193,-1.939795484051038,5.08219193493531e-05,-12.0,0.9699739754127622,12.0,-0.0009948513019656796,-9.699231534934127e-05,-9.699231529851937e-05,-0.0001939795484051038,0.001285803699671781,9.69923153493413e-05
1,0.0022111000000001194,-1.940405934565922,5.057785897144562e-05,-12.0,0.9702788345771965,12.0,-0.0009948009814488984,-9.702282567182255e-05,-9.702282562124468e-05,-0.0001940405934565922,0.001285844928402516,9.702282567182252e-05
1,0.0022113000000001195,-1.941013320915155,5.033371866380865e-05,-12.0,0.9705821615389104,12.0,-0.0009947509120962483,-9.705318278202464e-05,-9.705318273169095e-05,-0.0001941013320915155,0.001285885948699286,9.705318278202467e-05
1,0.0022115000000001196,-1.941617642139591,5.008949881368796e-05,-12.0,0.9708839558189106,12.0,-0.0009947010940084544,-9.70833866320097e-05,-9.708338658192022e-05,-0.0001941617642139591,0.001285926760519002,9.70833866320097e-05
1,0.0022117000000001197,-1.942218897284925,4.984519980577584e-05,-12.0,0.971184216940623,12.0,-0.0009946515272858392,-9.711343717408172e-05,-9.711343712423652e-05,-0.0001942218897284925,0.001285967363818766,9.711343717408173e-05
1,0.00221190000000012,-1.942817085401688,4.960082202731808e-05,-12.0,0.9714829444298931,12.0,-0.0009946022120280867,-9.714333436078658e-05,-9.714333431118579e-05,-0.0001942817085401688,0.001286007758556001,9.714333436078659e-05
1,0.00221210000000012,-1.943412205545262,4.935636586356207e-05,-12.0,0.9717801378149902,12.0,-0.000994553148334465,-9.717307814491266e-05,-9.71730780955563e-05,-0.0001943412205545262,0.001286047944688298,9.717307814491266e-05
1,0.00221230000000012,-1.944004256775871,4.911183170119848e-05,-12.0,0.9720757966266056,12.0,-0.0009945043363037698,-9.720266847949043e-05,-9.720266843037862e-05,-0.0001944004256775871,0.001286087922173426,9.720266847949044e-05
1,0.00221250000000012,-1.944593238158582,4.886721992636289e-05,-12.0,0.9723699203978529,12.0,-0.000994455776034242,-9.723210531779266e-05,-9.723210526892543e-05,-0.0001944593238158582,0.001286127690969474,9.723210531779266e-05
1,0.0022127000000001203,-1.945179148763314,4.8622530925857e-05,-12.0,0.9726625086642708,12.0,-0.000994407467623637,-9.72613886133345e-05,-9.726138856471198e-05,-0.0001945179148763314,0.001286167251034726,9.726138861333451e-05
1,0.0022129000000001204,-1.945761987664832,4.837776508614944e-05,-12.0,0.9729535609638228,12.0,-0.00099435941116921,-9.729051831987367e-05,-9.729051827149594e-05,-0.0001945761987664832,0.001286206602327644,9.729051831987367e-05
1,0.0022131000000001205,-1.946341753942755,4.813292279404191e-05,-12.0,0.9732430768368977,12.0,-0.000994311606767731,-9.731949439141036e-05,-9.731949434327743e-05,-0.0001946341753942755,0.001286245744806958,9.731949439141037e-05
1,0.0022133000000001206,-1.94691844668155,4.788800443644714e-05,-12.0,0.9735310558263097,12.0,-0.0009942640545154563,-9.734831678218732e-05,-9.734831673429931e-05,-0.000194691844668155,0.001286284678431615,9.734831678218733e-05
1,0.0022135000000001208,-1.947492064970541,4.764301040038887e-05,-12.0,0.9738174974773012,12.0,-0.0009942167545080732,-9.737698544669008e-05,-9.737698539904705e-05,-0.000194749206497054,0.001286323403160872,9.737698544669008e-05
1,0.002213700000000121,-1.948062607903906,4.73979410731129e-05,-12.0,0.974102401337542,12.0,-0.0009941697068408945,-9.740550033964689e-05,-9.740550029224895e-05,-0.0001948062607903906,0.001286361918954051,9.740550033964689e-05
1,0.002213900000000121,-1.948630074580679,4.715279684119889e-05,-12.0,0.9743857669571292,12.0,-0.0009941229116086497,-9.743386141602879e-05,-9.743386136887601e-05,-0.0001948630074580679,0.001286400225770798,9.74338614160288e-05
1,0.002214100000000121,-1.949194464104749,4.690757809289181e-05,-12.0,0.9746675938885899,12.0,-0.000994076368905611,-9.746206863104969e-05,-9.746206858414212e-05,-0.000194919446410475,0.001286438323570976,9.74620686310497e-05
1,0.002214300000000121,-1.949755775584872,4.666228521588156e-05,-12.0,0.9749478816868825,12.0,-0.0009940300788254808,-9.749012194016667e-05,-9.749012189350437e-05,-0.0001949755775584872,0.001286476212314674,9.749012194016667e-05
1,0.0022145000000001213,-1.950314008134657,4.641691859619268e-05,-12.0,0.9752266299093918,12.0,-0.000993984041461518,-9.751802129907956e-05,-9.751802125266264e-05,-0.0001950314008134657,0.001286513891962202,9.751802129907956e-05
1,0.0022147000000001214,-1.950869160872576,4.617147862351345e-05,-12.0,0.975503838115938,12.0,-0.000993938256906468,-9.754576666373147e-05,-9.754576661755999e-05,-0.0001950869160872576,0.001286551362474103,9.754576666373146e-05
1,0.0022149000000001215,-1.95142123292197,4.592596568431251e-05,-12.0,0.975779505868771,12.0,-0.0009938927252525487,-9.757335799030868e-05,-9.757335794438273e-05,-0.000195142123292197,0.001286588623811091,9.757335799030868e-05
1,0.0022151000000001217,-1.95197022341104,4.568038016705689e-05,-12.0,0.9760536327325744,12.0,-0.0009938474465914782,-9.760079523524075e-05,-9.760079518956036e-05,-0.000195197022341104,0.001286625675934211,9.760079523524074e-05
1,0.0022153000000001218,-1.952516131472854,4.543472245954749e-05,-12.0,0.9763262182744635,12.0,-0.000993802421014503,-9.76280783552004e-05,-9.762807830976568e-05,-0.0001952516131472854,0.001286662518804646,9.76280783552004e-05
1,0.002215500000000122,-1.953058956245347,4.518899295036238e-05,-12.0,0.976597262063989,12.0,-0.0009937576486123423,-9.765520730710387e-05,-9.765520726191488e-05,-0.0001953058956245347,0.001286699152383872,9.765520730710387e-05
1,0.002215700000000122,-1.953598696871325,4.494319202774655e-05,-12.0,0.9768667636731361,12.0,-0.0009937131294752016,-9.768218204811083e-05,-9.768218200316763e-05,-0.0001953598696871325,0.001286735576633488,9.768218204811084e-05
1,0.002215900000000122,-1.954135352498462,4.469732007983396e-05,-12.0,0.9771347226763241,12.0,-0.000993668863692787,-9.770900253562443e-05,-9.77090024909271e-05,-0.0001954135352498462,0.001286771791515456,9.770900253562443e-05
1,0.0022161000000001222,-1.954668922279306,4.445137749531369e-05,-12.0,0.9774011386504097,12.0,-0.0009936248513542911,-9.773566872729142e-05,-9.773566868284005e-05,-0.0001954668922279306,0.001286807796991848,9.773566872729144e-05
1,0.0022163000000001223,-1.955199405371276,4.420536466298586e-05,-12.0,0.9776660111746861,12.0,-0.0009935810925484623,-9.776218058100229e-05,-9.776218053679694e-05,-0.0001955199405371276,0.001286843593025,9.776218058100232e-05
1,0.0022165000000001225,-1.955726800936666,4.395928197109544e-05,-12.0,0.9779293398308826,12.0,-0.0009935375873634522,-9.778853805489112e-05,-9.778853801093186e-05,-0.0001955726800936666,0.001286879179577483,9.778853805489115e-05
1,0.0022167000000001226,-1.956251108142645,4.371312980944175e-05,-12.0,0.9781911242031677,12.0,-0.0009934943358869547,-9.781474110733584e-05,-9.781474106362272e-05,-0.0001956251108142645,0.001286914556612104,9.781474110733583e-05
1,0.0022169000000001227,-1.956772326161261,4.346690856593671e-05,-12.0,0.9784513638781485,12.0,-0.0009934513382061777,-9.784078969695827e-05,-9.784078965349134e-05,-0.0001956772326161261,0.001286949724091879,9.784078969695826e-05
1,0.002217100000000123,-1.957290454169438,4.322061863004656e-05,-12.0,0.9787100584448702,12.0,-0.0009934085944077464,-9.786668378262403e-05,-9.786668373940341e-05,-0.0001957290454169438,0.001286984681980047,9.786668378262403e-05
1,0.002217300000000123,-1.95780549134898,4.297426039123753e-05,-12.0,0.9789672074948194,12.0,-0.0009933661045778974,-9.789242332344282e-05,-9.789242328046857e-05,-0.000195780549134898,0.001287019430239997,9.789242332344282e-05
1,0.002217500000000123,-1.958317436886572,4.272783423842075e-05,-12.0,0.9792228106219221,12.0,-0.000993323868802215,-9.791800827876834e-05,-9.791800823604053e-05,-0.0001958317436886572,0.001287053968835564,9.791800827876837e-05
1,0.002217700000000123,-1.958826289973783,4.248134056172859e-05,-12.0,0.9794768674225475,12.0,-0.000993281887165881,-9.794343860819857e-05,-9.794343856571725e-05,-0.0001958826289973783,0.001287088297730582,9.794343860819858e-05
1,0.0022179000000001232,-1.959332049807062,4.223477974962808e-05,-12.0,0.9797293774955032,12.0,-0.000993240159753564,-9.796871427157535e-05,-9.796871422934057e-05,-0.0001959332049807062,0.001287122416889164,9.796871427157535e-05
1,0.0022181000000001234,-1.959834715587744,4.198815219269569e-05,-12.0,0.9799803404420426,12.0,-0.0009931986866494047,-9.799383522898501e-05,-9.799383518699687e-05,-0.0001959834715587744,0.00128715632627574,9.7993835228985e-05
1,0.0022183000000001235,-1.960334286522053,4.174145827984255e-05,-12.0,0.9802297558658611,12.0,-0.000993157467937003,-9.801880144075814e-05,-9.801880139901664e-05,-0.0001960334286522053,0.001287190025854826,9.801880144075814e-05
1,0.0022185000000001236,-1.960830761821096,4.149469840142306e-05,-12.0,0.980477623373097,12.0,-0.0009931165036994871,-9.804361286746954e-05,-9.804361282597484e-05,-0.0001960830761821096,0.001287223515591324,9.804361286746955e-05
1,0.0022187000000001237,-1.961324140700868,4.124787294723653e-05,-12.0,0.9807239425723338,12.0,-0.000993075794019485,-9.806826946993864e-05,-9.806826942869078e-05,-0.0001961324140700869,0.001287256795450192,9.806826946993866e-05
1,0.002218900000000124,-1.961814422382259,4.100098230763738e-05,-12.0,0.9809687130746004,12.0,-0.000993035338979098,-9.80927712092293e-05,-9.809277116822832e-05,-0.0001961814422382259,0.001287289865396765,9.809277120922929e-05
1,0.002219100000000124,-1.962301606091043,4.075402687198082e-05,-12.0,0.9812119344933701,12.0,-0.0009929951386598718,-9.81171180466498e-05,-9.811711800589578e-05,-0.0001962301606091043,0.001287322725396514,9.811711804664982e-05
1,0.002219300000000124,-1.962785691057892,4.050700703162047e-05,-12.0,0.9814536064445634,12.0,-0.0009929551931429637,-9.814130994375318e-05,-9.81413099032462e-05,-0.0001962785691057892,0.001287355375415106,9.814130994375318e-05
1,0.002219500000000124,-1.96326667651837,4.025992317568949e-05,-12.0,0.9816937285465476,12.0,-0.0009929155025088926,-9.816534686233719e-05,-9.816534682207726e-05,-0.000196326667651837,0.001287387815418539,9.81653468623372e-05
1,0.0022197000000001243,-1.96374456171293,4.001277569565254e-05,-12.0,0.9819323004201364,12.0,-0.000992876066837789,-9.818922876444407e-05,-9.818922872443129e-05,-0.000196374456171293,0.001287420045372883,9.818922876444408e-05
1,0.0022199000000001244,-1.96421934588693,3.976556498153094e-05,-12.0,0.9821693216885926,12.0,-0.0009928368862091447,-9.821295561236113e-05,-9.821295557259558e-05,-0.000196421934588693,0.001287452065244624,9.821295561236111e-05
1,0.0022201000000001245,-1.964691028290618,3.951829142379015e-05,-12.0,0.9824047919776274,12.0,-0.0009927979607020215,-9.823652736862036e-05,-9.823652732910207e-05,-0.0001964691028290618,0.001287483875000342,9.823652736862037e-05
1,0.0022203000000001246,-1.965159608179141,3.927095541411685e-05,-12.0,0.9826387109154012,12.0,-0.000992759290394954,-9.82599439959987e-05,-9.825994395672777e-05,-0.0001965159608179141,0.001287515474606885,9.825994399599872e-05
1,0.0022205000000001247,-1.965625084812549,3.902355734231033e-05,-12.0,0.9828710781325236,12.0,-0.0009927208753659905,-9.828320545751811e-05,-9.828320541849456e-05,-0.0001965625084812549,0.00128754686403125,9.828320545751814e-05
1,0.002220700000000125,-1.966087457455788,3.877609760016831e-05,-12.0,0.983101893262055,12.0,-0.000992682715692625,-9.830631171644549e-05,-9.83063116776694e-05,-0.0001966087457455788,0.001287578043240742,9.830631171644549e-05
1,0.002220900000000125,-1.96654672537871,3.85285765780452e-05,-12.0,0.983331155939508,12.0,-0.000992644811451865,-9.832926273629297e-05,-9.832926269776441e-05,-0.000196654672537871,0.001287609012202914,9.832926273629301e-05
1,0.002221100000000125,-1.967002887856064,3.828099466784973e-05,-12.0,0.9835588658028438,12.0,-0.0009926071627202049,-9.835205848081762e-05,-9.835205844253661e-05,-0.0001967002887856064,0.001287639770885432,9.83520584808176e-05
1,0.002221300000000125,-1.96745594416751,3.803335225993631e-05,-12.0,0.9837850224924785,12.0,-0.0009925697695735702,-9.837469891402182e-05,-9.83746988759885e-05,-0.000196745594416751,0.00128767031925632,9.837469891402186e-05
1,0.0022215000000001253,-1.967905893597608,3.778564974643572e-05,-12.0,0.9840096256512803,12.0,-0.0009925326320874978,-9.839718400015338e-05,-9.839718396236773e-05,-0.0001967905893597608,0.001287700657283702,9.839718400015338e-05
1,0.0022217000000001254,-1.968352735435824,3.753788751825748e-05,-12.0,0.9842326749245683,12.0,-0.0009924957503368997,-9.841951370370502e-05,-9.841951366616713e-05,-0.0001968352735435824,0.001287730784935992,9.841951370370502e-05
1,0.0022219000000001255,-1.968796468976535,3.72900659671993e-05,-12.0,0.9844541699601189,12.0,-0.0009924591243962583,-9.844168798941518e-05,-9.844168795212512e-05,-0.0001968796468976535,0.001287760702181798,9.844168798941518e-05
1,0.0022221000000001256,-1.969237093519023,3.704218548483684e-05,-12.0,0.9846741104081608,12.0,-0.0009924227543394726,-9.84637068222676e-05,-9.846370678522541e-05,-0.0001969237093519023,0.001287790408989992,9.84637068222676e-05
1,0.0022223000000001257,-1.969674608367482,3.679424646296781e-05,-12.0,0.9848924959213781,12.0,-0.0009923866402399145,-9.84855701674915e-05,-9.848557013069727e-05,-0.0001969674608367483,0.001287819905329668,9.848557016749151e-05
1,0.002222500000000126,-1.970109012831015,3.654624929316785e-05,-12.0,0.9851093261549098,12.0,-0.0009923507821705674,-9.850727799056168e-05,-9.850727795401542e-05,-0.0001970109012831015,0.00128784919117006,9.850727799056167e-05
1,0.002222700000000126,-1.970540306223637,3.629819436745674e-05,-12.0,0.9853246007663516,12.0,-0.0009923151802038038,-9.85288302571984e-05,-9.852883022090022e-05,-0.0001970540306223637,0.001287878266480719,9.852883025719842e-05
1,0.002222900000000126,-1.970968487864276,3.605008207796523e-05,-12.0,0.9855383194157559,12.0,-0.0009922798344114553,-9.855022693336778e-05,-9.855022689731772e-05,-0.0001970968487864277,0.001287907131231392,9.855022693336779e-05
1,0.002223100000000126,-1.971393557076774,3.580191281660206e-05,-12.0,0.9857504817656312,12.0,-0.0009922447448649507,-9.857146798528144e-05,-9.857146794947953e-05,-0.0001971393557076774,0.001287935785392019,9.857146798528146e-05
1,0.0022233000000001263,-1.971815513189887,3.555368697594208e-05,-12.0,0.9859610874809444,12.0,-0.0009922099116350391,-9.859255337939682e-05,-9.859255334384314e-05,-0.0001971815513189887,0.001287964228932847,9.859255337939685e-05
1,0.0022235000000001264,-1.972234355537289,3.530540494789403e-05,-12.0,0.9861701362291206,12.0,-0.0009921753347921919,-9.861348308241728e-05,-9.861348304711187e-05,-0.0001972234355537289,0.00128799246182415,9.861348308241728e-05
1,0.0022237000000001265,-1.97265008345757,3.505706712458867e-05,-12.0,0.9863776276800428,12.0,-0.0009921410144061032,-9.863425706129181e-05,-9.863425702623476e-05,-0.000197265008345757,0.001288020484036742,9.863425706129183e-05
1,0.0022239000000001266,-1.973062696294237,3.480867389915598e-05,-12.0,0.9865835615060536,12.0,-0.0009921069505461066,-9.865487528321546e-05,-9.86548752484068e-05,-0.0001973062696294237,0.001288048295541397,9.865487528321545e-05
1,0.0022241000000001268,-1.973472193395717,3.456022566372674e-05,-12.0,0.9867879373819566,12.0,-0.000992073143281036,-9.86753377156293e-05,-9.867533768106906e-05,-0.0001973472193395717,0.001288075896309193,9.867533771562929e-05
1,0.002224300000000127,-1.973878574115359,3.431172281054273e-05,-12.0,0.986990754985013,12.0,-0.0009920395926791559,-9.869564432622024e-05,-9.86956442919085e-05,-0.0001973878574115359,0.00128810328631139,9.869564432622024e-05
1,0.002224500000000127,-1.974281837811431,3.406316573273394e-05,-12.0,0.9871920139949463,12.0,-0.0009920062988081763,-9.871579508292131e-05,-9.871579504885819e-05,-0.0001974281837811431,0.001288130465519594,9.871579508292135e-05
1,0.002224700000000127,-1.974681983847121,3.381455482365237e-05,-12.0,0.9873917140939416,12.0,-0.000991973261735432,-9.87357899539118e-05,-9.873578992009724e-05,-0.0001974681983847121,0.001288157433905479,9.87357899539118e-05
1,0.002224900000000127,-1.975079011590547,3.356589047531777e-05,-12.0,0.9875898549666452,12.0,-0.0009919404815275507,-9.875562890761698e-05,-9.875562887405113e-05,-0.0001975079011590547,0.001288184191441083,9.8755628907617e-05
1,0.0022251000000001273,-1.975472920414745,3.331717308086013e-05,-12.0,0.9877864363001653,12.0,-0.0009919079582507984,-9.877531191270843e-05,-9.877531187939128e-05,-0.0001975472920414745,0.001288210738098566,9.877531191270845e-05
1,0.0022253000000001274,-1.975863709697677,3.306840303363145e-05,-12.0,0.987981457784073,12.0,-0.000991875691970845,-9.879483893810394e-05,-9.879483890503553e-05,-0.0001975863709697677,0.001288237073850382,9.879483893810394e-05
1,0.0022255000000001275,-1.976251378822235,3.281958072676172e-05,-12.0,0.9881749191104033,12.0,-0.000991843682752902,-9.881420995296767e-05,-9.88142099201481e-05,-0.0001976251378822235,0.001288263198669121,9.881420995296766e-05
1,0.0022257000000001277,-1.976635927176234,3.257070655326988e-05,-12.0,0.9883668199736538,12.0,-0.0009918119306616402,-9.883342492671006e-05,-9.883342489413936e-05,-0.0001976635927176234,0.001288289112527638,9.883342492671006e-05
1,0.0022259000000001278,-1.97701735415242,3.23217809062859e-05,-12.0,0.9885571600707872,12.0,-0.000991780435761147,-9.885248382898807e-05,-9.885248379666631e-05,-0.000197701735415242,0.001288314815399122,9.88524838289881e-05
1,0.002226100000000128,-1.977395659148466,3.20728041796059e-05,-12.0,0.9887459391012305,12.0,-0.0009917491981151355,-9.887138662970507e-05,-9.887138659763228e-05,-0.0001977395659148466,0.001288340307256733,9.88713866297051e-05
1,0.002226300000000128,-1.977770841566975,3.182377676680392e-05,-12.0,0.9889331567668754,12.0,-0.0009917182177866662,-9.889013329901088e-05,-9.88901332671871e-05,-0.0001977770841566975,0.001288365588074103,9.889013329901086e-05
1,0.002226500000000128,-1.978142900815484,3.157469906067689e-05,-12.0,0.9891188127720801,12.0,-0.0009916874948383697,-9.890872380730196e-05,-9.890872377572727e-05,-0.0001978142900815484,0.00128839065782492,9.890872380730195e-05
1,0.0022267000000001282,-1.978511836306459,3.132557145524295e-05,-12.0,0.9893029068236684,12.0,-0.0009916570293322796,-9.89271581252213e-05,-9.892715809389573e-05,-0.000197851183630646,0.001288415516483218,9.892715812522131e-05
1,0.0022269000000001283,-1.978877647457299,3.107639434463128e-05,-12.0,0.9894854386309306,12.0,-0.0009916268213299717,-9.89454362236586e-05,-9.894543619258221e-05,-0.0001978877647457299,0.001288440164023172,9.89454362236586e-05
1,0.0022271000000001285,-1.979240333690338,3.082716812219388e-05,-12.0,0.989666407905624,12.0,-0.000991596870892536,-9.896355807375017e-05,-9.896355804292301e-05,-0.0001979240333690338,0.001288464600419162,9.896355807375018e-05
1,0.0022273000000001286,-1.979599894432843,3.05778931818379e-05,-12.0,0.989845814361973,12.0,-0.0009915671780804103,-9.898152364687908e-05,-9.898152361630122e-05,-0.0001979599894432843,0.001288488825645903,9.898152364687912e-05
1,0.0022275000000001287,-1.979956329117019,3.03285699176925e-05,-12.0,0.9900236577166716,12.0,-0.0009915377429536715,-9.899933291467538e-05,-9.899933288434683e-05,-0.0001979956329117019,0.00128851283967818,9.899933291467539e-05
1,0.002227700000000129,-1.980309637180004,3.00791987235538e-05,-12.0,0.9901999376888793,12.0,-0.0009915085655717998,-9.901698584901558e-05,-9.901698581893639e-05,-0.0001980309637180004,0.001288536642491123,9.901698584901557e-05
1,0.002227900000000129,-1.980659818063877,2.982977999366199e-05,-12.0,0.990374654000227,12.0,-0.000991479645993748,-9.903448242202334e-05,-9.903448239219356e-05,-0.0001980659818063877,0.001288560234060029,9.903448242202334e-05
1,0.002228100000000129,-1.981006871215655,2.958031412192419e-05,-12.0,0.9905478063748138,12.0,-0.0009914509842779556,-9.905182260606917e-05,-9.905182257648887e-05,-0.0001981006871215656,0.001288583614360489,9.905182260606918e-05
1,0.002228300000000129,-1.981350796087291,2.933080150280265e-05,-12.0,0.9907193945392075,12.0,-0.00099142258048239,-9.906900637377047e-05,-9.906900634443967e-05,-0.0001981350796087291,0.001288606783368146,9.906900637377049e-05
1,0.0022285000000001292,-1.981691592135678,2.908124253098165e-05,-12.0,0.9908894182224479,12.0,-0.0009913944346644499,-9.908603369799172e-05,-9.908603366891047e-05,-0.0001981691592135678,0.001288629741059005,9.90860336979917e-05
1,0.0022287000000001294,-1.982029258822656,2.883163759992424e-05,-12.0,0.9910578771560443,12.0,-0.0009913665468809923,-9.910290455184443e-05,-9.91029045230128e-05,-0.0001982029258822656,0.00128865248740935,9.910290455184444e-05
1,0.0022289000000001295,-1.982363795614999,2.858198710498083e-05,-12.0,0.9912247710739767,12.0,-0.0009913389171885,-9.911961890868717e-05,-9.911961888010519e-05,-0.0001982363795614999,0.001288675022395436,9.911961890868717e-05
1,0.0022291000000001296,-1.982695201984427,2.833229144050264e-05,-12.0,0.991390099712697,12.0,-0.0009913115456427063,-9.913617674212566e-05,-9.913617671379336e-05,-0.0001982695201984427,0.001288697345994044,9.913617674212565e-05
1,0.0022293000000001297,-1.983023477407605,2.808255100061885e-05,-12.0,0.9915538628111287,12.0,-0.000991284432299025,-9.91525780260128e-05,-9.915257799793027e-05,-0.0001983023477407605,0.001288719458181972,9.915257802601281e-05
1,0.00222950000000013,-1.983348621366139,2.78327661803468e-05,-12.0,0.9917160601106676,12.0,-0.0009912575772122179,-9.916882273444873e-05,-9.916882270661598e-05,-0.0001983348621366139,0.001288741358936307,9.916882273444873e-05
1,0.00222970000000013,-1.983670633346582,2.758293737448181e-05,-12.0,0.9918766913551819,12.0,-0.0009912309804366165,-9.918491084178076e-05,-9.91849108141978e-05,-0.0001983670633346582,0.001288763048234387,9.918491084178075e-05
1,0.00222990000000013,-1.983989512840431,2.73330649779302e-05,-12.0,0.9920357562910129,12.0,-0.0009912046420259973,-9.92008423226035e-05,-9.920084229527045e-05,-0.0001983989512840431,0.001288784526053688,9.92008423226035e-05
1,0.00223010000000013,-1.984305259344133,2.708314938526524e-05,-12.0,0.9921932546669756,12.0,-0.0009911785620335817,-9.921661715175903e-05,-9.92166171246759e-05,-0.0001984305259344133,0.001288805792371991,9.921661715175904e-05
1,0.0022303000000001303,-1.984617872359078,2.68331909916153e-05,-12.0,0.9923491862343583,12.0,-0.0009911527405121467,-9.923223530433664e-05,-9.923223527750347e-05,-0.0001984617872359078,0.001288826847167246,9.923223530433667e-05
1,0.0022305000000001304,-1.984927351391607,2.658319019221977e-05,-12.0,0.9925035507469236,12.0,-0.0009911271775139147,-9.924769675567313e-05,-9.924769672908994e-05,-0.0001984927351391607,0.001288847690417608,9.924769675567314e-05
1,0.0022307000000001305,-1.985233695953011,2.6333147381985e-05,-12.0,0.9926563479609098,12.0,-0.0009911018730905108,-9.926300148135279e-05,-9.926300145501963e-05,-0.0001985233695953011,0.001288868322101608,9.926300148135279e-05
1,0.0022309000000001306,-1.985536905559527,2.608306295592833e-05,-12.0,0.9928075776350281,12.0,-0.000991076827293172,-9.927814945720722e-05,-9.927814943112415e-05,-0.0001985536905559527,0.001288888742197736,9.927814945720722e-05
1,0.0022311000000001307,-1.985836979732346,2.583293730962222e-05,-12.0,0.9929572395304666,12.0,-0.0009910520401725242,-9.92931406593157e-05,-9.929314063348278e-05,-0.0001985836979732346,0.001288908950684911,9.92931406593157e-05
1,0.002231300000000131,-1.986133917997609,2.5582770837973e-05,-12.0,0.9931053334108889,12.0,-0.0009910275117787082,-9.93079750640051e-05,-9.930797503842235e-05,-0.0001986133917997609,0.00128892894754222,9.93079750640051e-05
1,0.002231500000000131,-1.986427719886409,2.533256393655314e-05,-12.0,0.9932518590424347,12.0,-0.000991003242161309,-9.932265264784982e-05,-9.932265262251726e-05,-0.0001986427719886409,0.001288948732748929,9.932265264784982e-05
1,0.002231700000000131,-1.98671838493479,2.508231700082408e-05,-12.0,0.9933968161937197,12.0,-0.0009909792313694127,-9.933717338767188e-05,-9.933717336258956e-05,-0.000198671838493479,0.001288968306284624,9.933717338767188e-05
1,0.002231900000000131,-1.987005912683754,2.483203042646931e-05,-12.0,0.9935402046358368,12.0,-0.0009909554794516051,-9.935153726054105e-05,-9.935153723570902e-05,-0.0001987005912683754,0.001288987668128974,9.935153726054103e-05
1,0.0022321000000001313,-1.987290302679254,2.45817046081731e-05,-12.0,0.9936820241423563,12.0,-0.0009909319864559452,-9.936574424377481e-05,-9.936574421919309e-05,-0.0001987290302679254,0.00128900681826194,9.936574424377481e-05
1,0.0022323000000001314,-1.987571554472197,2.433133994250714e-05,-12.0,0.9938222744893256,12.0,-0.0009909087524299226,-9.937979431493829e-05,-9.937979429060697e-05,-0.0001987571554472197,0.001289025756663689,9.937979431493831e-05
1,0.0022325000000001315,-1.987849667618448,2.408093682482182e-05,-12.0,0.9939609554552702,12.0,-0.0009908857774205276,-9.939368745184453e-05,-9.939368742776363e-05,-0.0001987849667618448,0.001289044483314697,9.939368745184454e-05
1,0.0022327000000001316,-1.988124641678828,2.38304956505786e-05,-12.0,0.9940980668211944,12.0,-0.0009908630614742509,-9.940742363255436e-05,-9.940742360872391e-05,-0.0001988124641678828,0.001289062998195534,9.940742363255439e-05
1,0.0022329000000001317,-1.988396476219111,2.358001681623811e-05,-12.0,0.9942336083705801,12.0,-0.0009908406046370555,-9.942100283537639e-05,-9.942100281179638e-05,-0.0001988396476219111,0.001289081301287048,9.942100283537639e-05
1,0.002233100000000132,-1.988665170810037,2.332950071692874e-05,-12.0,0.9943675798893888,12.0,-0.0009908184069543635,-9.943442503886718e-05,-9.943442501553771e-05,-0.0001988665170810037,0.001289099392570325,9.943442503886719e-05
1,0.002233300000000132,-1.988930725027297,2.307894774911112e-05,-12.0,0.9944999811660616,12.0,-0.0009907964684710835,-9.944769022183127e-05,-9.944769019875233e-05,-0.0001988930725027297,0.00128911727202663,9.944769022183125e-05
1,0.002233500000000132,-1.989193138451544,2.282835830835772e-05,-12.0,0.9946308119915183,12.0,-0.0009907747892316104,-9.946079836332098e-05,-9.946079834049264e-05,-0.0001989193138451545,0.001289134939637462,9.9460798363321e-05
1,0.002233700000000132,-1.989452410668391,2.257773279101816e-05,-12.0,0.9947600721591593,12.0,-0.0009907533692797843,-9.947374944263683e-05,-9.947374942005909e-05,-0.0001989452410668391,0.001289152395384588,9.947374944263683e-05
1,0.0022339000000001323,-1.989708541268411,2.232707159266489e-05,-12.0,0.9948877614648651,12.0,-0.0009907322086589454,-9.94865434393272e-05,-9.948654341700016e-05,-0.0001989708541268411,0.001289169639249937,9.948654343932725e-05
1,0.0022341000000001324,-1.989961529847136,2.207637511042471e-05,-12.0,0.9950138797069975,12.0,-0.0009907113074119483,-9.949918033318871e-05,-9.949918031111234e-05,-0.0001989961529847137,0.001289186671215636,9.949918033318871e-05
1,0.0022343000000001325,-1.990211376005064,2.182564373953699e-05,-12.0,0.9951384266863975,12.0,-0.000990690665581051,-9.951166010426582e-05,-9.951166008244017e-05,-0.0001990211376005064,0.001289203491264143,9.951166010426581e-05
1,0.0022345000000001326,-1.990458079347651,2.157487787657342e-05,-12.0,0.9952614022063891,12.0,-0.000990670283207984,-9.952398273285125e-05,-9.952398271127638e-05,-0.0001990458079347651,0.001289220099378055,9.952398273285126e-05
1,0.0022347000000001328,-1.99070163948532,2.13240779178836e-05,-12.0,0.9953828060727775,12.0,-0.000990650160334089,-9.953614819948596e-05,-9.95361481781619e-05,-0.000199070163948532,0.00128923649554015,9.953614819948597e-05
1,0.002234900000000133,-1.990942056033452,2.10732442600392e-05,-12.0,0.9955026380938485,12.0,-0.0009906302970000003,-9.954815648495885e-05,-9.95481564638856e-05,-0.0001990942056033452,0.001289252679733538,9.954815648495885e-05
1,0.002235100000000133,-1.991179328612398,2.08223772991678e-05,-12.0,0.9956208980803716,12.0,-0.0009906106932459496,-9.956000757030724e-05,-9.956000754948484e-05,-0.0001991179328612398,0.001289268651941483,9.956000757030724e-05
1,0.002235300000000133,-1.991413456847471,2.057147743184107e-05,-12.0,0.995737585845598,12.0,-0.0009905913491116275,-9.957170143681663e-05,-9.957170141624513e-05,-0.0001991413456847471,0.001289284412147429,9.957170143681662e-05
1,0.002235500000000133,-1.991644440368949,2.032054505463066e-05,-12.0,0.9958527012052618,12.0,-0.0009905722646361553,-9.958323806602071e-05,-9.958323804570019e-05,-0.0001991644440368949,0.00128929996033518,9.958323806602073e-05
1,0.0022357000000001333,-1.991872278812077,2.006958056388619e-05,-12.0,0.99596624397758,12.0,-0.000990553439858169,-9.959461743970163e-05,-9.959461741963206e-05,-0.0001991872278812077,0.001289315296488555,9.959461743970162e-05
1,0.0022359000000001334,-1.992096971817065,1.981858435662343e-05,-12.0,0.9960782139832532,12.0,-0.000990534874815735,-9.960583953988968e-05,-9.96058395200711e-05,-0.0001992096971817065,0.00128933042059183,9.960583953988967e-05
1,0.0022361000000001336,-1.992318519029093,1.956755682908096e-05,-12.0,0.9961886110454657,12.0,-0.0009905165695464901,-9.961690434886366e-05,-9.961690432929612e-05,-0.0001992318519029093,0.001289345332629283,9.961690434886367e-05
1,0.0022363000000001337,-1.992536920098306,1.931649837827454e-05,-12.0,0.9962974349898851,12.0,-0.0009904985240874464,-9.962781184915066e-05,-9.96278118298342e-05,-0.0001992536920098306,0.001289360032585576,9.962781184915069e-05
1,0.0022365000000001338,-1.992752174679815,1.906540940121992e-05,-12.0,0.9964046856446636,12.0,-0.0009904807384751302,-9.963856202352624e-05,-9.963856200446083e-05,-0.0001992752174679815,0.001289374520445474,9.963856202352624e-05
1,0.002236700000000134,-1.992964282433707,1.881429029437776e-05,-12.0,0.9965103628404379,12.0,-0.0009904632127455404,-9.964915485501436e-05,-9.964915483620009e-05,-0.0001992964282433707,0.001289388796194071,9.964915485501436e-05
1,0.002236900000000134,-1.993173243025033,1.856314145443072e-05,-12.0,0.9966144664103292,12.0,-0.0009904459469341903,-9.965959032688749e-05,-9.965959030832437e-05,-0.0001993173243025033,0.001289402859816546,9.965959032688749e-05
1,0.002237100000000134,-1.993379056123812,1.831196327872764e-05,-12.0,0.9967169961899436,12.0,-0.0009904289410759826,-9.966986842266648e-05,-9.966986840435453e-05,-0.0001993379056123812,0.00128941671129848,9.966986842266648e-05
1,0.0022373000000001342,-1.993581721405039,1.806075616428426e-05,-12.0,0.9968179520173732,12.0,-0.000990412195205348,-9.967998912612089e-05,-9.967998910806015e-05,-0.0001993581721405039,0.001289430350625481,9.96799891261209e-05
1,0.0022375000000001343,-1.993781238548675,1.780952050767226e-05,-12.0,0.9969173337331942,12.0,-0.0009903957093562177,-9.968995242126867e-05,-9.968995240345916e-05,-0.0001993781238548675,0.001289443777783519,9.968995242126866e-05
1,0.0022377000000001345,-1.993977607239656,1.755825670612943e-05,-12.0,0.9970151411804696,12.0,-0.000990379483561954,-9.969975829237634e-05,-9.969975827481811e-05,-0.0001993977607239656,0.001289456992758703,9.969975829237635e-05
1,0.0022379000000001346,-1.994170827167886,1.730696515700458e-05,-12.0,0.9971113742047485,12.0,-0.0009903635178554054,-9.970940672395915e-05,-9.970940670665218e-05,-0.0001994170827167887,0.001289469995537362,9.970940672395915e-05
1,0.0022381000000001347,-1.994360898028246,1.705564625720246e-05,-12.0,0.997206032654065,12.0,-0.0009903478122688797,-9.971889770078079e-05,-9.971889768372515e-05,-0.0001994360898028246,0.001289482786106133,9.971889770078079e-05
1,0.002238300000000135,-1.994547819520585,1.680430040384984e-05,-12.0,0.9972991163789411,12.0,-0.0009903323668341985,-9.972823120785373e-05,-9.972823119104945e-05,-0.0001994547819520585,0.001289495364451818,9.972823120785373e-05
1,0.002238500000000135,-1.994731591349727,1.65529279946286e-05,-12.0,0.9973906252323848,12.0,-0.0009903171815826145,-9.973740723043901e-05,-9.973740721388608e-05,-0.0001994731591349727,0.001289507730561371,9.973740723043901e-05
1,0.002238700000000135,-1.994912213225472,1.630152942644347e-05,-12.0,0.9974805590698911,12.0,-0.0009903022565448671,-9.974642575404646e-05,-9.974642573774495e-05,-0.0001994912213225472,0.001289519884422122,9.974642575404647e-05
1,0.002238900000000135,-1.995089684862593,1.605010509631022e-05,-12.0,0.997568917749442,12.0,-0.000990287591751196,-9.975528676443458e-05,-9.975528674838447e-05,-0.0001995089684862593,0.001289531826021484,9.975528676443457e-05
1,0.0022391000000001353,-1.995264005980834,1.579865540235481e-05,-12.0,0.9976557011315073,12.0,-0.0009902731872313275,-9.976399024761051e-05,-9.976399023181183e-05,-0.0001995264005980834,0.001289543555347078,9.97639902476105e-05
1,0.0022393000000001354,-1.995435176304921,1.554718074125994e-05,-12.0,0.9977409090790442,12.0,-0.000990259043014391,-9.977253618983028e-05,-9.977253617428312e-05,-0.0001995435176304921,0.001289555072386858,9.977253618983031e-05
1,0.0022395000000001355,-1.995603195564548,1.529568151104055e-05,-12.0,0.9978245414574975,12.0,-0.0009902451591289885,-9.978092457759864e-05,-9.978092456230296e-05,-0.0001995603195564548,0.001289566377128987,9.978092457759866e-05
1,0.0022397000000001356,-1.995768063494391,1.504415810893445e-05,-12.0,0.9979065981348005,12.0,-0.000990231535603306,-9.978915539766916e-05,-9.978915538262501e-05,-0.0001995768063494391,0.001289577469561723,9.978915539766917e-05
1,0.0022399000000001357,-1.9959297798341,1.479261093229045e-05,-12.0,0.9979870789813745,12.0,-0.0009902181724648768,-9.979722863704423e-05,-9.979722862225163e-05,-0.00019959297798341,0.001289588349673687,9.979722863704423e-05
1,0.002240100000000136,-1.9960883443283,1.454104037890147e-05,-12.0,0.9980659838701291,12.0,-0.0009902050697408182,-9.980514428297502e-05,-9.980514426843397e-05,-0.0001996088344328301,0.001289599017453624,9.980514428297502e-05
1,0.002240300000000136,-1.996243756726598,1.428944684633837e-05,-12.0,0.9981433126764627,12.0,-0.0009901922274576092,-9.981290232296163e-05,-9.98129023086722e-05,-0.0001996243756726598,0.001289609472890543,9.981290232296164e-05
1,0.002240500000000136,-1.996396016783573,1.403783073183895e-05,-12.0,0.9982190652782627,12.0,-0.0009901796456413259,-9.982050274475307e-05,-9.982050273071524e-05,-0.0001996396016783573,0.001289619715973647,9.982050274475308e-05
1,0.002240700000000136,-1.996545124258786,1.378619243375123e-05,-12.0,0.9982932415559055,12.0,-0.0009901673243174203,-9.982794553634717e-05,-9.982794552256098e-05,-0.0001996545124258786,0.001289629746692375,9.982794553634718e-05
1,0.0022409000000001363,-1.996691078916773,1.353453234931301e-05,-12.0,0.9983658413922561,12.0,-0.0009901552635107752,-9.983523068599065e-05,-9.983523067245613e-05,-0.0001996691078916773,0.00128963956503643,9.983523068599069e-05
1,0.0022411000000001364,-1.996833880527054,1.328285087642822e-05,-12.0,0.9984368646726701,12.0,-0.0009901434632459544,-9.984235818217935e-05,-9.984235816889653e-05,-0.0001996833880527054,0.00128964917099561,9.984235818217938e-05
1,0.0022413000000001365,-1.996973528864123,1.303114841277875e-05,-12.0,0.998506311284992,12.0,-0.000990131923546772,-9.984932801365793e-05,-9.984932800062681e-05,-0.0001996973528864123,0.001289658564560078,9.984932801365793e-05
1,0.0022415000000001366,-1.997110023707455,1.277942535604648e-05,-12.0,0.9985741811195555,12.0,-0.0009901206444365984,-9.985614016941994e-05,-9.985614015664053e-05,-0.0001997110023707455,0.001289667745720161,9.985614016941995e-05
1,0.0022417000000001367,-1.997243364841503,1.252768210469046e-05,-12.0,0.9986404740691854,12.0,-0.000990109625938304,-9.98627946387081e-05,-9.98627946261804e-05,-0.0001997243364841503,0.001289676714466337,9.986279463870808e-05
1,0.002241900000000137,-1.997373552055707,1.22759190555044e-05,-12.0,0.998705190029196,12.0,-0.0009900988680742323,-9.986929141101404e-05,-9.986929139873814e-05,-0.0001997373552055707,0.001289685470789392,9.986929141101406e-05
1,0.002242100000000137,-1.99750058514448,1.202413660716939e-05,-12.0,0.9987683288973919,12.0,-0.0009900883708661157,-9.987563047607845e-05,-9.987563046405435e-05,-0.000199750058514448,0.001289694014680348,9.987563047607848e-05
1,0.002242300000000137,-1.997624463907216,1.177233515770038e-05,-12.0,0.9988298905740681,12.0,-0.0009900781343352705,-9.988181182389104e-05,-9.988181181211871e-05,-0.0001997624463907216,0.00128970234613035,9.988181182389104e-05
1,0.002242500000000137,-1.997745188148297,1.152051510477925e-05,-12.0,0.9988898749620105,12.0,-0.0009900681585024163,-9.98878354446906e-05,-9.988783543317007e-05,-0.0001997745188148297,0.001289710465130822,9.988783544469057e-05
1,0.0022427000000001373,-1.997862757677079,1.126867684619892e-05,-12.0,0.9989482819664955,12.0,-0.0009900584433877868,-9.989370132896494e-05,-9.989370131769626e-05,-0.0001997862757677079,0.001289718371673368,9.989370132896494e-05
1,0.0022429000000001374,-1.997977172307904,1.101682078030741e-05,-12.0,0.9990051114952905,12.0,-0.0009900489890110054,-9.989940946745102e-05,-9.989940945643423e-05,-0.0001997977172307904,0.001289726065749924,9.989940946745102e-05
1,0.0022431000000001375,-1.998088431860094,1.076494730478661e-05,-12.0,0.9990603634586538,12.0,-0.0009900397953912926,-9.990495985113489e-05,-9.990495984036994e-05,-0.0001998088431860094,0.00128973354735254,9.99049598511349e-05
1,0.0022433000000001376,-1.998196536157954,1.051305681853965e-05,-12.0,0.9991140377693353,12.0,-0.0009900308625472587,-9.991035247125167e-05,-9.991035246073864e-05,-0.0001998196536157954,0.001289740816473428,9.991035247125167e-05
1,0.0022435000000001377,-1.998301485030772,1.02611497186933e-05,-12.0,0.9991661343425755,12.0,-0.0009900221904969586,-9.99155873192857e-05,-9.991558730902456e-05,-0.0001998301485030772,0.001289747873105221,9.991558731928569e-05
1,0.002243700000000138,-1.998403278312818,1.000922640370661e-05,-12.0,0.999216653096107,12.0,-0.0009900137792580033,-9.992066438697034e-05,-9.99206643769611e-05,-0.0001998403278312818,0.001289754717240577,9.992066438697033e-05
1,0.002243900000000138,-1.998501915843346,9.757287271927595e-06,-12.0,0.9992655939501539,12.0,-0.0009900056288474623,-9.99255836662882e-05,-9.992558365653092e-05,-0.0001998501915843346,0.001289761348872473,9.99255836662882e-05
1,0.002244100000000138,-1.998597397466593,9.50533272148224e-06,-12.0,0.9993129568274318,12.0,-0.0009899977392818365,-9.993034514947102e-05,-9.993034513996571e-05,-0.0001998597397466593,0.001289767767994054,9.993034514947104e-05
1,0.002244300000000138,-1.998689723031779,9.253363150385496e-06,-12.0,0.9993587416531483,12.0,-0.0009899901105770714,-9.99349488289998e-05,-9.993494881974645e-05,-0.0001998689723031779,0.001289773974598771,9.99349488289998e-05
1,0.0022445000000001383,-1.998778892393108,9.001378956874362e-06,-12.0,0.999402948355003,12.0,-0.0009899827427486824,-9.993939469760459e-05,-9.993939468860325e-05,-0.0001998778892393108,0.001289779968680196,9.993939469760462e-05
1,0.0022447000000001384,-1.998864905409768,8.74938053940788e-06,-12.0,0.9994455768631871,12.0,-0.0009899756358115464,-9.994368274826477e-05,-9.994368273951538e-05,-0.0001998864905409768,0.001289785750232197,9.994368274826477e-05
1,0.0022449000000001385,-1.998947761945934,8.497368296223051e-06,-12.0,0.9994866271103848,12.0,-0.000989968789780124,-9.994781297420888e-05,-9.99478129657115e-05,-0.0001998947761945934,0.001289791319248751,9.994781297420886e-05
1,0.0022451000000001387,-1.99902746187076,8.245342625667895e-06,-12.0,0.999526099031772,12.0,-0.0009899622046682377,-9.995178536891463e-05,-9.99517853606693e-05,-0.000199902746187076,0.00128979667572425,9.995178536891464e-05
1,0.0022453000000001388,-1.999104005058391,7.993303925757367e-06,-12.0,0.9995639925650172,12.0,-0.0009899558804892933,-9.995559992610916e-05,-9.995559991811585e-05,-0.0001999104005058391,0.001289801819653061,9.995559992610914e-05
1,0.002245500000000139,-1.999177391387952,7.741252595061532e-06,-12.0,0.9996003076502812,12.0,-0.0009899498172561,-9.995925663976862e-05,-9.995925663202737e-05,-0.0001999177391387952,0.001289806751029937,9.995925663976862e-05
1,0.002245700000000139,-1.999247620743555,7.489189032039434e-06,-12.0,0.9996350442302175,12.0,-0.0009899440149808841,-9.996275550411856e-05,-9.996275549662937e-05,-0.0001999247620743555,0.001289811469849855,9.996275550411855e-05
1,0.002245900000000139,-1.999314693014299,7.237113634595005e-06,-12.0,0.9996682022499727,12.0,-0.0009899384736754696,-9.996609651363381e-05,-9.99660965063967e-05,-0.0001999314693014299,0.001289815976107889,9.996609651363381e-05
1,0.0022461000000001392,-1.999378608094266,6.985026801409333e-06,-12.0,0.9996997816571852,12.0,-0.0009899331933511113,-9.996927966303836e-05,-9.996927965605336e-05,-0.0001999378608094266,0.001289820269799472,9.996927966303838e-05
1,0.0022463000000001393,-1.999439365882523,6.732928931163507e-06,-12.0,0.9997297824019872,12.0,-0.0009899281740184673,-9.997230494730559e-05,-9.997230494057271e-05,-0.0001999439365882523,0.001289824350920163,9.99723049473056e-05
1,0.0022465000000001394,-1.999496966283124,6.480820422094524e-06,-12.0,0.9997582044370034,12.0,-0.000989923415687738,-9.997517236165811e-05,-9.997517235517731e-05,-0.0001999496966283124,0.001289828219465744,9.997517236165813e-05
1,0.0022467000000001396,-1.99955140920511,6.228701672772452e-06,-12.0,0.9997850477173512,12.0,-0.000989918918368582,-9.997788190156784e-05,-9.997788189533914e-05,-0.000199955140920511,0.001289831875432287,9.997788190156785e-05
1,0.0022469000000001397,-1.999602694562509,5.976573081101222e-06,-12.0,0.9998103122006418,12.0,-0.0009899146820700755,-9.998043356275607e-05,-9.998043355677951e-05,-0.0001999602694562509,0.001289835318816032,9.998043356275607e-05
1,0.00224710000000014,-1.999650822274331,5.724435046206011e-06,-12.0,0.9998339978469788,12.0,-0.0009899107068008506,-9.998282734119327e-05,-9.998282733546884e-05,-0.0001999650822274331,0.001289838549613412,9.998282734119327e-05
1,0.00224730000000014,-1.999695792264575,5.472287966212797e-06,-12.0,0.9998561046189596,12.0,-0.000989906992568984,-9.99850632330993e-05,-9.998506322762704e-05,-0.0001999695792264575,0.001289841567821165,9.998506323309934e-05
1,0.00224750000000014,-1.999737604462226,5.220132239913688e-06,-12.0,0.9998766324816744,12.0,-0.000989903539381956,-9.998714123494345e-05,-9.99871412297233e-05,-0.0001999737604462226,0.001289844373436141,9.998714123494345e-05
1,0.00224770000000014,-1.999776258801257,4.967968265878753e-06,-12.0,0.999895581402707,12.0,-0.0009899003472468443,-9.998906134344411e-05,-9.998906133847616e-05,-0.0001999776258801257,0.00128984696645551,9.998906134344411e-05
1,0.0022479000000001402,-1.999811755220627,4.715796442122944e-06,-12.0,0.9999129513521345,12.0,-0.0009898974161700602,-9.999082355556924e-05,-9.999082355085346e-05,-0.0001999811755220627,0.001289849346876606,9.999082355556925e-05
1,0.0022481000000001404,-1.999844093664279,4.463617167549394e-06,-12.0,0.9999287423025273,12.0,-0.0009898947461576407,-9.999242786853599e-05,-9.999242786407235e-05,-0.0001999844093664279,0.001289851514696905,9.999242786853597e-05
1,0.0022483000000001405,-1.999873274081148,4.211430840617147e-06,-12.0,0.9999429542289494,12.0,-0.0009898923372149288,-9.999387427981086e-05,-9.999387427559946e-05,-0.0001999873274081148,0.001289853469914323,9.999387427981089e-05
1,0.0022485000000001406,-1.999899296425151,3.959237860118314e-06,-12.0,0.9999555871089582,12.0,-0.000989890189346851,-9.999516278710981e-05,-9.999516278315056e-05,-0.0001999899296425151,0.00128985521252678,9.999516278710981e-05
1,0.0022487000000001407,-1.999922160655195,3.70703862462296e-06,-12.0,0.9999666409226046,12.0,-0.000989888302557751,-9.999629338839799e-05,-9.999629338469097e-05,-0.0001999922160655195,0.001289856742532527,9.9996293388398e-05
1,0.002248900000000141,-1.999941866735173,3.45483353214604e-06,-12.0,0.999976115652433,12.0,-0.0009898866768515285,-9.99972660818901e-05,-9.999726607843526e-05,-0.0001999941866735173,0.001289858059929969,9.99972660818901e-05
1,0.002249100000000141,-1.999958414633965,3.202622981923753e-06,-12.0,0.9999840112834819,12.0,-0.0009898853122313894,-9.999808086604998e-05,-9.999808086284737e-05,-0.0001999958414633965,0.001289859164717813,9.999808086605001e-05
1,0.002249300000000141,-1.99997180432544,2.950407372637187e-06,-12.0,0.9999903278032828,12.0,-0.0009898842087001786,-9.999873773959102e-05,-9.999873773664063e-05,-0.000199997180432544,0.001289860056894923,9.999873773959102e-05
1,0.002249500000000141,-1.999982035788451,2.698187102523342e-06,-12.0,0.999995065201861,12.0,-0.0009898833662601442,-9.999923670147587e-05,-9.999923669877766e-05,-0.0001999982035788451,0.001289860736460424,9.999923670147585e-05
1,0.0022497000000001413,-1.999989109006841,2.445962570263305e-06,-12.0,0.9999982234717355,12.0,-0.000989882784913007,-9.999957775091651e-05,-9.999957774847057e-05,-0.0001999989109006841,0.001289861203413512,9.999957775091653e-05
1,0.0022499000000001414,-1.99999302396944,2.193734174649187e-06,-12.0,0.999999802607919,12.0,-0.000989882464659933,-9.999976088737443e-05,-9.999976088518072e-05,-0.000199999302396944,0.001289861457753921,9.999976088737444e-05
1,0.0022501000000001415,-1.999993780670063,1.941502314140031e-06,-12.0,0.9999998026079179,12.0,-0.0009898824055016159,-9.99997861105604e-05,-9.999978610861889e-05,-0.0001999993780670064,0.001289861499481237,9.999978611056038e-05
1,0.0022503000000001416,-1.999991379107517,1.689267387527948e-06,-12.0,0.9999982234717322,12.0,-0.000989882607438139,-9.999965342043446e-05,-9.999965341874521e-05,-0.0001999991379107517,0.001289861328595515,9.999965342043448e-05
1,0.0022505000000001417,-1.999985819285591,1.437029793049938e-06,-12.0,0.9999950652018553,12.0,-0.0009898830704691691,-9.999936281720624e-05,-9.999936281576922e-05,-0.0001999985819285591,0.001289860945096935,9.999936281720623e-05
1,0.002250700000000142,-1.999977101213064,1.184789929942198e-06,-12.0,0.9999903278032749,12.0,-0.0009898837945937627,-9.999891430133449e-05,-9.999891430014971e-05,-0.0001999977101213064,0.001289860348985941,9.99989143013345e-05
1,0.002250900000000142,-1.999965224903703,9.325481965527516e-07,-12.0,0.9999840112834719,12.0,-0.0009898847798104904,-9.999830787352751e-05,-9.999830787259501e-05,-0.0001999965224903704,0.001289859540263102,9.999830787352753e-05
1,0.002251100000000142,-1.99995019037626,6.803049918957527e-07,-12.0,0.9999761156524208,12.0,-0.000989886026117326,-9.999754353474289e-05,-9.99975435340626e-05,-0.000199995019037626,0.001289858518929293,9.99975435347429e-05
1,0.002251300000000142,-1.999931997654476,4.280607142082005e-07,-12.0,0.99996664092259,12.0,-0.000989887533511813,-9.999662128618756e-05,-9.999662128575953e-05,-0.0001999931997654476,0.00128985728498561,9.999662128618759e-05
1,0.0022515000000001423,-1.99991064676708,1.758157621711831e-07,-12.0,0.9999555871089414,12.0,-0.0009898893019908567,-9.999554112931789e-05,-9.99955411291421e-05,-0.000199991064676708,0.001289855838433357,9.999554112931793e-05
1,0.0022517000000001424,-1.999886137747785,-7.642946520114435e-08,-12.0,0.9999429542289304,12.0,-0.000989891331550946,-9.999430306583956e-05,-9.9994303065916e-05,-0.0001999886137747785,0.001289854179273991,9.999430306583957e-05
1,0.0022519000000001425,-1.999858470635294,-3.286745694497384e-07,-12.0,0.9999287423025061,12.0,-0.0009898936221879734,-9.999290709770755e-05,-9.999290709803621e-05,-0.0001999858470635294,0.001289852307509276,9.999290709770755e-05
1,0.0022521000000001426,-1.999827645473297,-5.809191520045331e-07,-12.0,0.9999129513521111,12.0,-0.0009898961738972756,-9.999135322712631e-05,-9.999135322770725e-05,-0.0001999827645473297,0.001289850223141195,9.999135322712631e-05
1,0.0022523000000001427,-1.999793662310468,-8.331628141844405e-07,-12.0,0.9998955814026814,12.0,-0.0009898989866737595,-9.998964145654955e-05,-9.99896414573827e-05,-0.0001999793662310468,0.001289847926171872,9.998964145654956e-05
1,0.002252500000000143,-1.999756521200474,-1.085405157419395e-06,-12.0,0.9998766324816465,12.0,-0.0009899020605116937,-9.998777178868037e-05,-9.998777178976582e-05,-0.0001999756521200474,0.001289845416603722,9.99877717886804e-05
1,0.002252700000000143,-1.99971622220196,-1.337645782584218e-06,-12.0,0.9998561046189295,12.0,-0.0009899053954049303,-9.998574422647121e-05,-9.998574422780885e-05,-0.000199971622220196,0.001289842694439297,9.998574422647121e-05
1,0.002252900000000143,-1.999672765378565,-1.589884291219867e-06,-12.0,0.9998339978469465,12.0,-0.000989908991346683,-9.998355877312378e-05,-9.998355877471368e-05,-0.0001999672765378565,0.001289839759681499,9.998355877312378e-05
1,0.002253100000000143,-1.999626150798912,-1.842120285200366e-06,-12.0,0.9998103122006071,12.0,-0.000989912848329652,-9.998121543208925e-05,-9.998121543393136e-05,-0.0001999626150798912,0.001289836612333367,9.998121543208923e-05
1,0.0022533000000001433,-1.999576378536611,-2.094353365289514e-06,-12.0,0.9997850477173144,12.0,-0.0009899169663461632,-9.997871420706794e-05,-9.997871420916232e-05,-0.0001999576378536611,0.001289833252398107,9.997871420706797e-05
1,0.0022535000000001434,-1.999523448670259,-2.346583133028268e-06,-12.0,0.9997582044369643,12.0,-0.0009899213453877925,-9.997605510200974e-05,-9.997605510435632e-05,-0.000199952344867026,0.001289829679879242,9.997605510200974e-05
1,0.0022537000000001435,-1.999467361283437,-2.59880918973554e-06,-12.0,0.9997297824019459,12.0,-0.0009899259854456999,-9.997323812111355e-05,-9.997323812371236e-05,-0.0001999467361283437,0.001289825894780508,9.997323812111357e-05
1,0.0022539000000001436,-1.999408116464715,-2.851031136841264e-06,-12.0,0.9996997816571417,12.0,-0.0009899308865105455,-9.997026326882783e-05,-9.997026327167889e-05,-0.0001999408116464715,0.001289821897105761,9.997026326882786e-05
1,0.0022541000000001437,-1.999345714307646,-3.103248575775375e-06,-12.0,0.9996682022499269,12.0,-0.000989936048572393,-9.996713054985024e-05,-9.996713055295353e-05,-0.0001999345714307646,0.001289817686859193,9.996713054985027e-05
1,0.002254300000000144,-1.999280154910771,-3.355461107412694e-06,-12.0,0.9996350442301696,12.0,-0.00098994147162082,-9.996383996912769e-05,-9.996383997248318e-05,-0.0001999280154910771,0.001289813264045162,9.99638399691277e-05
1,0.002254500000000144,-1.999211438377616,-3.607668333516223e-06,-12.0,0.9996003076502309,12.0,-0.0009899471556448214,-9.996039153185645e-05,-9.996039153546412e-05,-0.0001999211438377616,0.001289808628668287,9.996039153185644e-05
1,0.002254700000000144,-1.999139564816695,-3.859869855959985e-06,-12.0,0.9995639925649648,12.0,-0.0009899531006329898,-9.995678524348206e-05,-9.995678524734194e-05,-0.0001999139564816695,0.001289803780733248,9.995678524348207e-05
1,0.002254900000000144,-1.999064534341503,-4.112065275507781e-06,-12.0,0.9995260990317174,12.0,-0.0009899593065732376,-9.995302110969929e-05,-9.995302111381138e-05,-0.0001999064534341503,0.001289798720245192,9.99530211096993e-05
1,0.0022551000000001443,-1.998986347070523,-4.36425419381159e-06,-12.0,0.999486627110328,12.0,-0.0009899657734529776,-9.99490991364522e-05,-9.994909914081645e-05,-0.0001998986347070523,0.00128979344720935,9.994909913645218e-05
1,0.0022553000000001444,-1.998905003127222,-4.616436212190322e-06,-12.0,0.9994455768631281,12.0,-0.0009899725012592342,-9.994501932993402e-05,-9.994501933455047e-05,-0.0001998905003127222,0.001289787961631095,9.994501932993404e-05
1,0.0022555000000001445,-1.998820502640052,-4.868610932184936e-06,-12.0,0.9994029483549416,12.0,-0.0009899794899783099,-9.994078169658736e-05,-9.9940781701456e-05,-0.0001998820502640052,0.001289782263516226,9.994078169658738e-05
1,0.0022557000000001447,-1.99873284574245,-5.120777955225364e-06,-12.0,0.9993587416530847,12.0,-0.0009899867395961742,-9.993638624310396e-05,-9.993638624822476e-05,-0.000199873284574245,0.001289776352870517,9.9936386243104e-05
1,0.0022559000000001448,-1.998642032572838,-5.372936882630519e-06,-12.0,0.999312956827366,12.0,-0.0009899942500980335,-9.993183297642483e-05,-9.99318329817978e-05,-0.0001998642032572838,0.001289770229700185,9.993183297642487e-05
1,0.002256100000000145,-1.998548063274622,-5.625087315941357e-06,-12.0,0.9992655939500859,12.0,-0.0009900020214688166,-9.99271219037402e-05,-9.992712190936529e-05,-0.0001998548063274622,0.001289763894011517,9.992712190374019e-05
1,0.002256300000000145,-1.998450937996188,-5.877228856698835e-06,-12.0,0.9992166530960367,12.0,-0.0009900100536927164,-9.992225303248935e-05,-9.992225303836657e-05,-0.0001998450937996188,0.001289757345811104,9.992225303248934e-05
1,0.002256500000000145,-1.998350656890913,-6.129361106665954e-06,-12.0,0.9991661343425029,12.0,-0.0009900183467535517,-9.991722637036095e-05,-9.991722637649033e-05,-0.0001998350656890913,0.001289750585105692,9.991722637036096e-05
1,0.0022567000000001452,-1.998247220117152,-6.38148366693958e-06,-12.0,0.9991140377692604,12.0,-0.0009900269006345164,-9.991204192529275e-05,-9.991204193167425e-05,-0.0001998247220117152,0.001289743611902303,9.991204192529275e-05
1,0.0022569000000001453,-1.998140627838243,-6.633596139171694e-06,-12.0,0.999060363458577,12.0,-0.0009900357153183048,-9.990669970547158e-05,-9.990669971210521e-05,-0.0001998140627838243,0.001289736426208152,9.990669970547162e-05
1,0.0022571000000001454,-1.998030880222512,-6.885698125014272e-06,-12.0,0.9990051114952113,12.0,-0.0009900447907870702,-9.990119971933362e-05,-9.990119972621935e-05,-0.0001998030880222512,0.001289729028030678,9.990119971933363e-05
1,0.0022573000000001456,-1.997917977443261,-7.137789225786229e-06,-12.0,0.998948281966414,12.0,-0.0009900541270225216,-9.989554197556397e-05,-9.989554198270177e-05,-0.0001997917977443261,0.001289721417377529,9.989554197556399e-05
1,0.0022575000000001457,-1.997801919678781,-7.389869043250563e-06,-12.0,0.9988898749619269,12.0,-0.0009900637240057159,-9.9889726483097e-05,-9.988972649048689e-05,-0.0001997801919678781,0.001289713594256545,9.988972648309702e-05
1,0.002257700000000146,-1.99768270711234,-7.641937179059255e-06,-12.0,0.9988298905739822,12.0,-0.000990073581717238,-9.988375325111611e-05,-9.988375325875807e-05,-0.000199768270711234,0.001289705558675927,9.988375325111614e-05
1,0.002257900000000146,-1.997560339932191,-7.893993234642238e-06,-12.0,0.9987683288973037,12.0,-0.0009900837001371732,-9.987762228905383e-05,-9.987762229694782e-05,-0.0001997560339932191,0.001289697310643892,9.987762228905384e-05
1,0.002258100000000146,-1.997434818331568,-8.146036811873536e-06,-12.0,0.9987051900291057,12.0,-0.0009900940792450658,-9.987133360659174e-05,-9.987133361473781e-05,-0.0001997434818331568,0.001289688850168974,9.987133360659177e-05
1,0.002258300000000146,-1.997306142508684,-8.39806751251615e-06,-12.0,0.9986404740690927,12.0,-0.0009901047190199186,-9.986488721366051e-05,-9.986488722205859e-05,-0.0001997306142508684,0.00128968017725993,9.986488721366053e-05
1,0.0022585000000001462,-1.997174312666736,-8.650084937444902e-06,-12.0,0.9985741811194607,12.0,-0.0009901156194401378,-9.98582831204398e-05,-9.985828312908991e-05,-0.0001997174312666736,0.001289671291925837,9.985828312043982e-05
1,0.0022587000000001464,-1.9970393290139,-8.902088689533016e-06,-12.0,0.9985063112848949,12.0,-0.0009901267804837688,-9.985152133735842e-05,-9.985152134626052e-05,-0.00019970393290139,0.001289662194175784,9.985152133735845e-05
1,0.0022589000000001465,-1.996901191763331,-9.154078369211227e-06,-12.0,0.998436864672571,12.0,-0.000990138202128149,-9.984460187509401e-05,-9.984460188424809e-05,-0.0001996901191763331,0.001289652884019235,9.984460187509402e-05
1,0.0022591000000001466,-1.996759901133169,-9.40605357946378e-06,-12.0,0.9983658413921548,12.0,-0.0009901498843502415,-9.983752474457344e-05,-9.983752475397947e-05,-0.0001996759901133169,0.001289643361465781,9.983752474457344e-05
1,0.0022593000000001467,-1.996615457346527,-9.658013921387543e-06,-12.0,0.9982932415558017,12.0,-0.0009901618271263984,-9.983028995697229e-05,-9.983028996663031e-05,-0.0001996615457346527,0.001289633626525288,9.983028995697232e-05
1,0.002259500000000147,-1.996467860631504,-9.90995899696756e-06,-12.0,0.9982190652781568,12.0,-0.000990174030432417,-9.982289752371538e-05,-9.982289753362536e-05,-0.0001996467860631504,0.001289623679207846,9.982289752371539e-05
1,0.002259700000000147,-1.99631711122117,-1.016188840796683e-05,-12.0,0.9981433126763545,12.0,-0.00099018649424365,-9.981534745647622e-05,-9.981534746663812e-05,-0.000199631711122117,0.00128961351952378,9.981534745647625e-05
1,0.002259900000000147,-1.996163209353581,-1.041380175570428e-05,-12.0,0.9980659838700187,12.0,-0.0009901992185349096,-9.980763976717744e-05,-9.980763977759127e-05,-0.0001996163209353581,0.00128960314748354,9.980763976717744e-05
1,0.002260100000000147,-1.996006155271767,-1.066569864327516e-05,-12.0,0.9979870789812618,12.0,-0.0009902122032803967,-9.979977446799047e-05,-9.97997744786562e-05,-0.0001996006155271768,0.001289592563097894,9.979977446799051e-05
1,0.0022603000000001473,-1.995845949223737,-1.091757867133225e-05,-12.0,0.9979065981346856,12.0,-0.0009902254484538686,-9.97917515713357e-05,-9.97917515822533e-05,-0.0001995845949223737,0.001289581766377779,9.97917515713357e-05
1,0.0022605000000001474,-1.995682591462478,-1.116944144252674e-05,-12.0,0.9978245414573804,12.0,-0.0009902389540285828,-9.97835710898823e-05,-9.978357110105176e-05,-0.0001995682591462478,0.001289570757334324,9.97835710898823e-05
1,0.0022607000000001475,-1.995516082245951,-1.142128655828856e-05,-12.0,0.9977409090789249,12.0,-0.0009902527199771582,-9.977523303654834e-05,-9.977523304796963e-05,-0.0001995516082245951,0.001289559535979021,9.977523303654832e-05
1,0.0022609000000001476,-1.995346421837097,-1.167311362104684e-05,-12.0,0.9976557011313857,12.0,-0.000990266746271784,-9.976673742450067e-05,-9.976673743617379e-05,-0.0001995346421837097,0.001289548102323373,9.976673742450067e-05
1,0.0022611000000001477,-1.995173610503833,-1.192492223289765e-05,-12.0,0.9975689177493181,12.0,-0.0009902810328840245,-9.975808426715506e-05,-9.975808427908003e-05,-0.0001995173610503833,0.001289536456379317,9.97580842671551e-05
1,0.002261300000000148,-1.994997648519049,-1.217671199493786e-05,-12.0,0.9974805590697651,12.0,-0.0009902955797850416,-9.9749273578176e-05,-9.974927359035272e-05,-0.0001994997648519049,0.001289524598158842,9.9749273578176e-05
1,0.002261500000000148,-1.994818536160615,-1.242848251048478e-05,-12.0,0.9973906252322566,12.0,-0.0009903103869454144,-9.974030537147673e-05,-9.97403053839052e-05,-0.0001994818536160615,0.001289512527674244,9.974030537147671e-05
1,0.002261700000000148,-1.994636273711369,-1.268023338096835e-05,-12.0,0.9972991163788107,12.0,-0.000990325454335153,-9.973117966121917e-05,-9.97311796738994e-05,-0.0001994636273711369,0.001289500244937999,9.973117966121918e-05
1,0.002261900000000148,-1.99445086145913,-1.293196420859566e-05,-12.0,0.9972060326539324,12.0,-0.0009903407819237958,-9.97218964618141e-05,-9.972189647474607e-05,-0.000199445086145913,0.001289487749962862,9.97218964618141e-05
1,0.0022621000000001483,-1.994262299696687,-1.318367459535175e-05,-12.0,0.9971113742046135,12.0,-0.0009903563696803813,-9.971245578792088e-05,-9.971245580110458e-05,-0.0001994262299696687,0.001289475042761681,9.971245578792088e-05
1,0.0022623000000001484,-1.994070588721803,-1.343536414355473e-05,-12.0,0.9970151411803325,12.0,-0.000990372217573296,-9.970285765444761e-05,-9.970285766788299e-05,-0.0001994070588721803,0.001289462123347698,9.970285765444761e-05
1,0.0022625000000001485,-1.993875728837217,-1.368703245563374e-05,-12.0,0.9969173337330548,12.0,-0.0009903883255705376,-9.969310207655105e-05,-9.969310209023806e-05,-0.0001993875728837217,0.001289448991734207,9.969310207655105e-05
1,0.0022627000000001486,-1.993677720350638,-1.393867913379587e-05,-12.0,0.9968179520172316,12.0,-0.0009904046936395489,-9.968318906963651e-05,-9.968318908357523e-05,-0.0001993677720350638,0.001289435647934864,9.968318906963653e-05
1,0.0022629000000001487,-1.993476563574746,-1.419030378013719e-05,-12.0,0.9967169961897999,12.0,-0.0009904213217471758,-9.967311864935799e-05,-9.967311866354831e-05,-0.0001993476563574746,0.001289422091963421,9.9673118649358e-05
1,0.002263100000000149,-1.993272258827195,-1.444190599664275e-05,-12.0,0.9966144664101831,12.0,-0.0009904382098597925,-9.966289083161798e-05,-9.96628908460599e-05,-0.0001993272258827195,0.001289408323833979,9.966289083161798e-05
1,0.002263300000000149,-1.993064806430608,-1.46934853864078e-05,-12.0,0.9965103628402896,12.0,-0.0009904553579432734,-9.965250563256761e-05,-9.965250564726108e-05,-0.0001993064806430608,0.001289394343560749,9.965250563256761e-05
1,0.002263500000000149,-1.992854206712581,-1.494504155130638e-05,-12.0,0.996404685644513,12.0,-0.0009904727659628826,-9.964196306860642e-05,-9.96419630835515e-05,-0.0001992854206712581,0.001289380151158231,9.964196306860643e-05
1,0.002263700000000149,-1.992640460005678,-1.519657409410069e-05,-12.0,0.9962974349897322,12.0,-0.0009904904338834952,-9.963126315638263e-05,-9.96312631715792e-05,-0.0001992640460005678,0.001289365746641083,9.963126315638264e-05
1,0.0022639000000001493,-1.992423566647434,-1.544808261699782e-05,-12.0,0.9961886110453108,12.0,-0.0009905083616693205,-9.96204059127928e-05,-9.962040592824085e-05,-0.0001992423566647434,0.001289351130024194,9.962040591279278e-05
1,0.0022641000000001494,-1.992203526980352,-1.569956672275996e-05,-12.0,0.9960782139830964,12.0,-0.0009905265492841098,-9.96093913549819e-05,-9.960939137068148e-05,-0.0001992203526980352,0.001289336301322802,9.960939135498192e-05
1,0.0022643000000001495,-1.991980341351903,-1.595102601403831e-05,-12.0,0.9959662439774206,12.0,-0.000990544996691059,-9.959821950034346e-05,-9.959821951629447e-05,-0.0001991980341351903,0.001289321260552187,9.959821950034347e-05
1,0.0022645000000001496,-1.991754010114527,-1.620246009270687e-05,-12.0,0.9958527012051003,12.0,-0.0009905637038528786,-9.95868903665193e-05,-9.958689038272174e-05,-0.0001991754010114528,0.001289306007727947,9.95868903665193e-05
1,0.0022647000000001498,-1.991524533625632,-1.645386856208297e-05,-12.0,0.9957375858454344,12.0,-0.0009905826707317517,-9.957540397139966e-05,-9.957540398785351e-05,-0.0001991524533625632,0.001289290542865848,9.957540397139965e-05
1,0.00226490000000015,-1.991291912247591,-1.670525102503984e-05,-12.0,0.9956208980802054,12.0,-0.00099060189728932,-9.956376033312304e-05,-9.956376034982829e-05,-0.0001991291912247591,0.001289274865981946,9.956376033312305e-05
1,0.00226510000000015,-1.991056146347742,-1.695660708322944e-05,-12.0,0.9955026380936803,12.0,-0.0009906213834867117,-9.955195947007634e-05,-9.955195948703295e-05,-0.0001991056146347742,0.001289258977092436,9.955195947007636e-05
1,0.00226530000000015,-1.990817236298394,-1.720793634030215e-05,-12.0,0.995382806072607,12.0,-0.0009906411292844863,-9.954000140089473e-05,-9.954000141810267e-05,-0.0001990817236298394,0.001289242876213806,9.954000140089474e-05
1,0.00226550000000015,-1.990575182476815,-1.745923839913122e-05,-12.0,0.9952614022062166,12.0,-0.0009906611346427452,-9.952788614446156e-05,-9.952788616192082e-05,-0.0001990575182476815,0.001289226563362736,9.952788614446159e-05
1,0.0022657000000001503,-1.990329985265241,-1.771051286192371e-05,-12.0,0.9951384266862227,12.0,-0.0009906813995209929,-9.951561371990844e-05,-9.951561373761898e-05,-0.0001990329985265241,0.001289210038556116,9.951561371990847e-05
1,0.0022659000000001504,-1.990081645050871,-1.796175933177491e-05,-12.0,0.9950138797068202,12.0,-0.0009907019238783177,-9.95031841466152e-05,-9.950318416457698e-05,-0.0001990081645050871,0.001289193301811029,9.95031841466152e-05
1,0.0022661000000001505,-1.989830162225867,-1.82129774118911e-05,-12.0,0.9948877614646859,12.0,-0.0009907227076731556,-9.94905974442098e-05,-9.949059746242275e-05,-0.0001989830162225867,0.001289176353144877,9.949059744420978e-05
1,0.0022663000000001507,-1.989575537187354,-1.84641667051455e-05,-12.0,0.9947600721589777,12.0,-0.0009907437508635125,-9.947785363256829e-05,-9.947785365103245e-05,-0.0001989575537187354,0.00128915919257519,9.947785363256829e-05
1,0.0022665000000001508,-1.989317770337418,-1.871532681430033e-05,-12.0,0.9946308119913344,12.0,-0.000990765053406853,-9.946495273181485e-05,-9.946495275053018e-05,-0.0001989317770337418,0.001289141820119771,9.946495273181488e-05
1,0.002266700000000151,-1.989056862083108,-1.896645734267288e-05,-12.0,0.9944999811658755,12.0,-0.0009907866152600864,-9.945189476232179e-05,-9.945189478128827e-05,-0.0001989056862083108,0.001289124235796552,9.945189476232182e-05
1,0.002266900000000151,-1.988792812836431,-1.921755789302537e-05,-12.0,0.9943675798892005,12.0,-0.0009908084363796504,-9.943867974470936e-05,-9.943867976392693e-05,-0.0001988792812836431,0.001289106439623794,9.943867974470936e-05
1,0.002267100000000151,-1.988525623014359,-1.946862806923022e-05,-12.0,0.9942336083703895,12.0,-0.0009908305167213582,-9.942530769984587e-05,-9.94253077193145e-05,-0.0001988525623014359,0.001289088431619984,9.942530769984589e-05
1,0.0022673000000001512,-1.988255293038818,-1.971966747371656e-05,-12.0,0.9940980668210018,12.0,-0.0009908528562406482,-9.941177864884752e-05,-9.941177866856723e-05,-0.0001988255293038818,0.001289070211803758,9.941177864884755e-05
1,0.0022675000000001513,-1.987981823336695,-1.99706757102458e-05,-12.0,0.9939609554550752,12.0,-0.0009908754548923204,-9.939809261307854e-05,-9.939809263304923e-05,-0.0001987981823336695,0.001289051780193951,9.939809261307856e-05
1,0.0022677000000001515,-1.987705214339835,-2.022165238158014e-05,-12.0,0.9938222744891283,12.0,-0.0009908983126306337,-9.9384249614151e-05,-9.938424963437264e-05,-0.0001987705214339835,0.001289033136809795,9.938424961415099e-05
1,0.0022679000000001516,-1.987425466485042,-2.047259709192506e-05,-12.0,0.9936820241421571,12.0,-0.000990921429409486,-9.937024967392492e-05,-9.937024969439752e-05,-0.0001987425466485042,0.001289014281670442,9.93702496739249e-05
1,0.0022681000000001517,-1.987142580214073,-2.072350944426482e-05,-12.0,0.9935402046356351,12.0,-0.0009909448051820396,-9.935609281450793e-05,-9.935609283523143e-05,-0.0001987142580214073,0.001288995214795585,9.935609281450794e-05
1,0.002268300000000152,-1.986856555973644,-2.097438904136162e-05,-12.0,0.993396816193516,12.0,-0.0009909684399011381,-9.934177905825574e-05,-9.934177907923015e-05,-0.0001986856555973644,0.001288975936204917,9.934177905825574e-05
1,0.002268500000000152,-1.986567394215427,-2.12252354881981e-05,-12.0,0.9932518590422289,12.0,-0.0009909923335189447,-9.932730842777169e-05,-9.932730844899695e-05,-0.0001986567394215428,0.001288956445918435,9.932730842777172e-05
1,0.002268700000000152,-1.986275095396044,-2.147604838720341e-05,-12.0,0.993105333410681,12.0,-0.0009910164859871784,-9.931268094590681e-05,-9.931268096738284e-05,-0.0001986275095396044,0.001288936743956373,9.931268094590683e-05
1,0.002268900000000152,-1.985979659977075,-2.172682734191689e-05,-12.0,0.9929572395302563,12.0,-0.0009910408972570034,-9.929789663575982e-05,-9.929789665748667e-05,-0.0001985979659977075,0.001288916830339187,9.929789663575983e-05
1,0.0022691000000001522,-1.985681088425053,-2.197757195698813e-05,-12.0,0.9928075776348154,12.0,-0.000991065567279098,-9.928295552067723e-05,-9.928295554265482e-05,-0.0001985681088425053,0.0012888967050875,9.928295552067725e-05
1,0.0022693000000001524,-1.985379381211461,-2.222828183529035e-05,-12.0,0.9926563479606948,12.0,-0.0009910904960036132,-9.926785762425301e-05,-9.92678576464813e-05,-0.0001985379381211461,0.001288876368222155,9.926785762425301e-05
1,0.0022695000000001525,-1.985074538812735,-2.247895658080701e-05,-12.0,0.9925035507467066,12.0,-0.0009911156833801033,-9.925260297032871e-05,-9.92526029928077e-05,-0.0001985074538812735,0.00128885581976429,9.925260297032874e-05
1,0.0022697000000001526,-1.984766561710263,-2.272959579752154e-05,-12.0,0.9923491862341389,12.0,-0.0009911411293577477,-9.923719158299364e-05,-9.923719160572327e-05,-0.0001984766561710263,0.001288835059735219,9.923719158299365e-05
1,0.0022699000000001527,-1.984455450390379,-2.298019908908433e-05,-12.0,0.992193254666754,12.0,-0.000991166833885046,-9.922162348658432e-05,-9.92216235095645e-05,-0.0001984455450390379,0.001288814088156426,9.922162348658432e-05
1,0.002270100000000153,-1.984141205344373,-2.323076605981189e-05,-12.0,0.992035756290789,12.0,-0.0009911927969100953,-9.920589870568487e-05,-9.920589872891564e-05,-0.0001984141205344373,0.001288792905049727,9.920589870568489e-05
1,0.002270300000000153,-1.983823827068478,-2.348129631346563e-05,-12.0,0.9918766913549558,12.0,-0.000991219018380396,-9.91900172651269e-05,-9.919001728860824e-05,-0.0001983823827068478,0.001288771510437117,9.919001726512693e-05
1,0.002270500000000153,-1.983503316063878,-2.373178945436205e-05,-12.0,0.9917160601104393,12.0,-0.0009912454982429764,-9.917397918998935e-05,-9.917397921372116e-05,-0.0001983503316063878,0.001288749904340789,9.917397918998938e-05
1,0.002270700000000153,-1.983179672836699,-2.398224508604052e-05,-12.0,0.9915538628108982,12.0,-0.0009912722364443238,-9.915778450559842e-05,-9.915778452958068e-05,-0.00019831796728367,0.001288728086783097,9.915778450559842e-05
1,0.0022709000000001533,-1.982852897898022,-2.423266281348369e-05,-12.0,0.9913900997124643,12.0,-0.0009912992329303844,-9.914143323752775e-05,-9.914143326176043e-05,-0.0001982852897898022,0.001288706057786804,9.914143323752778e-05
1,0.0022711000000001534,-1.982522991763864,-2.448304223978681e-05,-12.0,0.9912247710737421,12.0,-0.0009913264876466876,-9.91249254115982e-05,-9.912492543608124e-05,-0.0001982522991763865,0.001288683817374681,9.912492541159819e-05
1,0.0022713000000001535,-1.982189954955195,-2.473338297082073e-05,-12.0,0.9910578771558075,12.0,-0.0009913540005380694,-9.910826105387784e-05,-9.910826107861122e-05,-0.0001982189954955195,0.001288661365569807,9.910826105387784e-05
1,0.0022715000000001536,-1.981853787997921,-2.498368461001377e-05,-12.0,0.9908894182222088,12.0,-0.000991381771548977,-9.909144019068187e-05,-9.909144021566555e-05,-0.0001981853787997921,0.001288638702395581,9.909144019068188e-05
1,0.0022717000000001537,-1.981514491422895,-2.523394676134938e-05,-12.0,0.9907193945389662,12.0,-0.0009914098006232608,-9.907446284857275e-05,-9.90744628738067e-05,-0.0001981514491422895,0.001288615827875511,9.907446284857276e-05
1,0.002271900000000154,-1.981172065765914,-2.548416903036532e-05,-12.0,0.9905478063745701,12.0,-0.0009914380877044104,-9.905732905436004e-05,-9.905732907984421e-05,-0.0001981172065765915,0.001288592742033273,9.905732905436005e-05
1,0.002272100000000154,-1.980826511567713,-2.573435102115607e-05,-12.0,0.9903746539999811,12.0,-0.0009914666327351385,-9.90400388351002e-05,-9.904003886083457e-05,-0.0001980826511567713,0.001288569444892945,9.904003883510023e-05
1,0.002272300000000154,-1.980477829373967,-2.598449233826017e-05,-12.0,0.9901999376886313,12.0,-0.0009914954356578243,-9.902259221809694e-05,-9.902259224408144e-05,-0.0001980477829373967,0.001288545936478674,9.902259221809696e-05
1,0.002272500000000154,-1.980126019735294,-2.623459258654925e-05,-12.0,0.9900236577164212,12.0,-0.00099152449641432,-9.900498923090077e-05,-9.900498925713536e-05,-0.0001980126019735294,0.001288522216814844,9.900498923090078e-05
1,0.0022727000000001543,-1.979771083207246,-2.648465137056188e-05,-12.0,0.9898458143617207,12.0,-0.0009915538149458947,-9.898722990130912e-05,-9.898722992779378e-05,-0.0001979771083207246,0.001288498285926143,9.898722990130914e-05
1,0.0022729000000001544,-1.979413020350316,-2.673466829494764e-05,-12.0,0.9896664079053691,12.0,-0.0009915833911932764,-9.89693142573664e-05,-9.896931428410106e-05,-0.0001979413020350316,0.001288474143837509,9.896931425736641e-05
1,0.0022731000000001545,-1.979051831729935,-2.698464296491121e-05,-12.0,0.9894854386306736,12.0,-0.0009916132250968046,-9.895124232736386e-05,-9.89512423543485e-05,-0.0001979051831729935,0.001288449790573853,9.895124232736386e-05
1,0.0022733000000001546,-1.978687517916467,-2.723457498565729e-05,-12.0,0.9893029068234094,12.0,-0.0009916433165961663,-9.893301413983948e-05,-9.893301416707406e-05,-0.0001978687517916467,0.0012884252261606,9.893301413983951e-05
1,0.0022735000000001547,-1.978320079485212,-2.748446396172444e-05,-12.0,0.9891188127718187,12.0,-0.0009916736656306047,-9.891462972357805e-05,-9.891462975106252e-05,-0.0001978320079485212,0.001288400450623256,9.891462972357805e-05
1,0.002273700000000155,-1.977949517016405,-2.773430949853939e-05,-12.0,0.9889331567666119,12.0,-0.0009917042721387936,-9.889608910761103e-05,-9.889608913534535e-05,-0.0001977949517016406,0.001288375463987579,9.889608910761104e-05
1,0.002273900000000155,-1.977575831095215,-2.798411120108479e-05,-12.0,0.9887459391009649,12.0,-0.0009917351360589216,-9.887739232121659e-05,-9.88773923492007e-05,-0.0001977575831095215,0.001288350266279534,9.88773923212166e-05
1,0.002274100000000155,-1.97719902231174,-2.823386867478739e-05,-12.0,0.9885571600705191,12.0,-0.000991766257328719,-9.885853939391936e-05,-9.885853942215325e-05,-0.000197719902231174,0.001288324857525308,9.885853939391939e-05
1,0.002274300000000155,-1.976819091261012,-2.848358152418573e-05,-12.0,0.9883668199733838,12.0,-0.0009917976358852498,-9.883953035549081e-05,-9.88395303839744e-05,-0.0001976819091261012,0.001288299237751381,9.88395303554908e-05
1,0.0022745000000001553,-1.976436038542994,-2.873324935581678e-05,-12.0,0.9881749191101311,12.0,-0.000991829271665176,-9.882036523594867e-05,-9.882036526468194e-05,-0.0001976436038542994,0.001288273406984342,9.88203652359487e-05
1,0.0022747000000001554,-1.976049864762576,-2.898287177410808e-05,-12.0,0.9879814577837983,12.0,-0.00099186116460466,-9.880104406555724e-05,-9.880104409454012e-05,-0.0001976049864762577,0.001288247365250975,9.880104406555725e-05
1,0.0022749000000001555,-1.975660570529582,-2.923244838515249e-05,-12.0,0.9877864362998886,12.0,-0.0009918933146392528,-9.878156687482738e-05,-9.878156690405982e-05,-0.0001975660570529582,0.001288221112578508,9.878156687482738e-05
1,0.0022751000000001556,-1.975268156458756,-2.94819787945988e-05,-12.0,0.9875898549663664,12.0,-0.0009919257217040345,-9.876193369451608e-05,-9.876193372399806e-05,-0.0001975268156458756,0.001288194648994184,9.876193369451611e-05
1,0.0022753000000001558,-1.974872623169774,-2.973146260776272e-05,-12.0,0.9873917140936606,12.0,-0.000991958385733599,-9.874214455562684e-05,-9.87421445853583e-05,-0.0001974872623169774,0.001288167974525523,9.874214455562684e-05
1,0.002275500000000156,-1.974473971287235,-2.998089943051507e-05,-12.0,0.987192013994663,12.0,-0.000991991306661999,-9.872219948940935e-05,-9.872219951939026e-05,-0.0001974473971287236,0.001288141089200279,9.872219948940936e-05
1,0.002275700000000156,-1.974072201440666,-3.02302888687267e-05,-12.0,0.9869907549847272,12.0,-0.0009920244844227044,-9.87020985273596e-05,-9.87020985575899e-05,-0.0001974072201440667,0.0012881139930465,9.87020985273596e-05
1,0.002275900000000156,-1.973667314264514,-3.047963052804636e-05,-12.0,0.9867879373816687,12.0,-0.0009920579189488382,-9.868184170121968e-05,-9.868184173169931e-05,-0.0001973667314264514,0.001288086686092274,9.868184170121968e-05
1,0.002276100000000156,-1.973259310398151,-3.072892401478899e-05,-12.0,0.9865835615057638,12.0,-0.0009920916101727878,-9.866142904297786e-05,-9.866142907370679e-05,-0.0001973259310398151,0.001288059168366135,9.866142904297786e-05
1,0.0022763000000001563,-1.972848190485868,-3.097816893471439e-05,-12.0,0.9863776276797505,12.0,-0.0009921255580266214,-9.864086058486852e-05,-9.864086061584669e-05,-0.0001972848190485868,0.001288031439896656,9.864086058486852e-05
1,0.0022765000000001564,-1.972433955176881,-3.122736489391542e-05,-12.0,0.9861701362288261,12.0,-0.0009921597624417827,-9.862013635937201e-05,-9.862013639059938e-05,-0.0001972433955176881,0.001288003500712703,9.862013635937201e-05
1,0.0022767000000001565,-1.972016605125322,-3.147651149892905e-05,-12.0,0.9859610874806476,12.0,-0.0009921942233492576,-9.859925639921467e-05,-9.859925643069117e-05,-0.0001972016605125322,0.001287975350843365,9.859925639921465e-05
1,0.0022769000000001567,-1.971596140990243,-3.17256083556261e-05,-12.0,0.9857504817653322,12.0,-0.0009922289406794488,-9.857822073736879e-05,-9.85782207690944e-05,-0.0001971596140990243,0.001287946990317992,9.857822073736879e-05
1,0.0022771000000001568,-1.971172563435614,-3.197465507065456e-05,-12.0,0.9855383194154548,12.0,-0.0009922639143623013,-9.855702940705254e-05,-9.855702943902716e-05,-0.0001971172563435614,0.001287918419166117,9.855702940705254e-05
1,0.002277300000000157,-1.970745873130321,-3.222365125044035e-05,-12.0,0.9853246007660483,12.0,-0.0009922991443272189,-9.853568244172985e-05,-9.853568247395353e-05,-0.0001970745873130321,0.00128788963741748,9.853568244172988e-05
1,0.002277500000000157,-1.970316070748164,-3.247259650118739e-05,-12.0,0.9851093261546042,12.0,-0.0009923346305031333,-9.851417987511053e-05,-9.851417990758313e-05,-0.0001970316070748164,0.001287860645102057,9.851417987511055e-05
1,0.002277700000000157,-1.96988315696786,-3.272149042943262e-05,-12.0,0.9848924959210706,12.0,-0.0009923703728184075,-9.849252174114999e-05,-9.849252177387151e-05,-0.000196988315696786,0.001287831442250059,9.849252174115002e-05
1,0.0022779000000001572,-1.969447132473037,-3.297033264249016e-05,-12.0,0.9846741104078515,12.0,-0.0009924063712009185,-9.84707080740494e-05,-9.847070810701974e-05,-0.0001969447132473037,0.001287802028891907,9.84707080740494e-05
1,0.0022781000000001573,-1.969007997952237,-3.321912274667493e-05,-12.0,0.9844541699598072,12.0,-0.00099244262557803,-9.844873890825539e-05,-9.84487389414745e-05,-0.0001969007997952237,0.001287772405058285,9.844873890825539e-05
1,0.0022783000000001575,-1.968565754098912,-3.346786034863491e-05,-12.0,0.9842326749242544,12.0,-0.0009924791358765506,-9.84266142784603e-05,-9.842661431192817e-05,-0.0001968565754098912,0.00128774257078007,9.84266142784603e-05
1,0.0022785000000001576,-1.968120401611426,-3.371654505568422e-05,-12.0,0.9840096256509637,12.0,-0.0009925159020228447,-9.840433421960196e-05,-9.840433425331851e-05,-0.0001968120401611426,0.001287712526088308,9.840433421960195e-05
1,0.0022787000000001577,-1.967671941193048,-3.396517647469288e-05,-12.0,0.98378502249216,12.0,-0.0009925529239427217,-9.838189876686347e-05,-9.838189880082866e-05,-0.0001967671941193048,0.001287682271014376,9.838189876686348e-05
1,0.002278900000000158,-1.967220373551959,-3.421375421275297e-05,-12.0,0.9835588658025232,12.0,-0.000992590201561519,-9.835930795567356e-05,-9.835930798988732e-05,-0.000196722037355196,0.00128765180558979,9.83593079556736e-05
1,0.002279100000000158,-1.966765699401247,-3.446227787717859e-05,-12.0,0.983331155939185,12.0,-0.0009926277348039497,-9.833656182170618e-05,-9.833656185616849e-05,-0.0001966765699401247,0.001287621129846359,9.833656182170622e-05
1,0.002279300000000158,-1.966307919458899,-3.471074707461774e-05,-12.0,0.98310189326173,12.0,-0.0009926655235944076,-9.831366040088046e-05,-9.831366043559122e-05,-0.0001966307919458899,0.001287590243816014,9.831366040088047e-05
1,0.002279500000000158,-1.965847034447815,-3.495916141316169e-05,-12.0,0.9828710781321961,12.0,-0.0009927035678566204,-9.829060372936093e-05,-9.829060376432008e-05,-0.0001965847034447815,0.001287559147530995,9.829060372936093e-05
1,0.0022797000000001582,-1.965383045095793,-3.520752049979148e-05,-12.0,0.9826387109150716,12.0,-0.0009927418675137745,-9.826739184355714e-05,-9.826739187876465e-05,-0.0001965383045095793,0.001287527841023803,9.826739184355714e-05
1,0.0022799000000001584,-1.964915952135535,-3.545582394270941e-05,-12.0,0.9824047919772955,12.0,-0.0009927804224886816,-9.824402478012381e-05,-9.824402481557962e-05,-0.0001964915952135535,0.00128749632432705,9.824402478012382e-05
1,0.0022801000000001585,-1.964445756304644,-3.570407134834142e-05,-12.0,0.9821693216882585,12.0,-0.00099281923270364,-9.822050257596068e-05,-9.822050261166476e-05,-0.0001964445756304644,0.001287464597473587,9.82205025759607e-05
1,0.0022803000000001586,-1.963972458345622,-3.595226232555593e-05,-12.0,0.9819323004198001,12.0,-0.000992858298080268,-9.819682526821255e-05,-9.81968253041648e-05,-0.0001963972458345622,0.001287432660496551,9.819682526821257e-05
1,0.0022805000000001587,-1.96349605900587,-3.620039648122297e-05,-12.0,0.9816937285462094,12.0,-0.000992897618539823,-9.817299289426906e-05,-9.817299293046946e-05,-0.000196349605900587,0.001287400513429335,9.817299289426906e-05
1,0.002280700000000159,-1.963016559037688,-3.644847342421098e-05,-12.0,0.9814536064442227,12.0,-0.0009929371940029658,-9.814900549176469e-05,-9.814900552821318e-05,-0.0001963016559037688,0.001287368156305493,9.81490054917647e-05
1,0.002280900000000159,-1.96253395919827,-3.669649276161202e-05,-12.0,0.9812119344930276,12.0,-0.0009929770243899821,-9.812486309857892e-05,-9.812486313527541e-05,-0.000196253395919827,0.001287335589158722,9.812486309857892e-05
1,0.002281100000000159,-1.962048260249706,-3.694445410196145e-05,-12.0,0.9809687130742557,12.0,-0.0009930171096204643,-9.810056575283576e-05,-9.810056578978023e-05,-0.0001962048260249707,0.001287302812023106,9.810056575283577e-05
1,0.002281300000000159,-1.96155946295898,-3.719235705335056e-05,-12.0,0.9807239425719866,12.0,-0.0009930574496136574,-9.807611349290399e-05,-9.807611353009636e-05,-0.0001961559462958981,0.001287269824932852,9.8076113492904e-05
1,0.0022815000000001593,-1.96106756809797,-3.744020122353753e-05,-12.0,0.9804776233727478,12.0,-0.0009930980442882098,-9.805150635739715e-05,-9.805150639483735e-05,-0.0001961067568097971,0.001287236627922392,9.805150635739713e-05
1,0.0022817000000001594,-1.960572576443444,-3.768798622172387e-05,-12.0,0.9802297558655099,12.0,-0.0009931388935622287,-9.802674438517316e-05,-9.802674442286112e-05,-0.0001960572576443444,0.001287203221026489,9.802674438517316e-05
1,0.0022819000000001595,-1.960074488777059,-3.793571165555676e-05,-12.0,0.9799803404416891,12.0,-0.000993179997353405,-9.800182761533449e-05,-9.800182765327019e-05,-0.0001960074488777059,0.001287169604279978,9.800182761533447e-05
1,0.0022821000000001596,-1.959573305885366,-3.818337713423769e-05,-12.0,0.9797293774951475,12.0,-0.0009932213555788327,-9.797675608722817e-05,-9.797675612541158e-05,-0.0001959573305885366,0.001287135777718038,9.797675608722818e-05
1,0.0022823000000001597,-1.959069028559797,-3.843098226619102e-05,-12.0,0.9794768674221893,12.0,-0.0009932629681551897,-9.795152984044556e-05,-9.795152987887652e-05,-0.0001959069028559797,0.001287101741375987,9.795152984044555e-05
1,0.00228250000000016,-1.958561657596675,-3.867852665984106e-05,-12.0,0.9792228106215625,12.0,-0.0009933048349985846,-9.792614891482223e-05,-9.792614895350079e-05,-0.0001958561657596676,0.001287067495289423,9.792614891482223e-05
1,0.00228270000000016,-1.958051193797206,-3.892600992416728e-05,-12.0,0.9789672074944569,12.0,-0.0009933469560246128,-9.790061335043813e-05,-9.790061338936412e-05,-0.0001958051193797207,0.001287033039494123,9.790061335043811e-05
1,0.00228290000000016,-1.957537637967485,-3.917343166826015e-05,-12.0,0.9787100584445055,12.0,-0.00099338933114837,-9.787492318761737e-05,-9.787492322679083e-05,-0.0001957537637967485,0.001286998374026155,9.787492318761738e-05
1,0.00228310000000016,-1.957020990918482,-3.942079150098809e-05,-12.0,0.9784513638777815,12.0,-0.0009934319602844938,-9.784907846692826e-05,-9.784907850634904e-05,-0.0001957020990918482,0.001286963498921767,9.784907846692826e-05
1,0.0022833000000001603,-1.956501253466053,-3.966808903155261e-05,-12.0,0.9781911242027985,12.0,-0.000993474843347053,-9.782307922918299e-05,-9.782307926885109e-05,-0.0001956501253466053,0.001286928414217403,9.782307922918302e-05
1,0.0022835000000001604,-1.955978426430935,-3.991532386882213e-05,-12.0,0.9779293398305112,12.0,-0.0009935179802496308,-9.779692551543801e-05,-9.779692555535333e-05,-0.0001955978426430935,0.001286893119949797,9.779692551543801e-05
1,0.0022837000000001605,-1.955452510638743,-4.016249562244223e-05,-12.0,0.977666011174313,12.0,-0.0009935613709052826,-9.777061736699354e-05,-9.777061740715605e-05,-0.0001955452510638743,0.001286857616155893,9.777061736699354e-05
1,0.0022839000000001606,-1.954923506919968,-4.040960390239157e-05,-12.0,0.9774011386500341,12.0,-0.0009936050152266201,-9.774415482539364e-05,-9.774415486580326e-05,-0.0001954923506919968,0.001286821902872826,9.774415482539365e-05
1,0.0022841000000001607,-1.954391416109976,-4.065664831676141e-05,-12.0,0.9771347226759463,12.0,-0.0009936489131256582,-9.771753793242629e-05,-9.771753797308294e-05,-0.0001954391416109976,0.001286785980137956,9.77175379324263e-05
1,0.002284300000000161,-1.953856239049013,-4.090362847619655e-05,-12.0,0.9768667636727564,12.0,-0.0009936930645139952,-9.769076673012326e-05,-9.769076677102686e-05,-0.0001953856239049013,0.001286749847988919,9.769076673012326e-05
1,0.002284500000000161,-1.953317976582196,-4.115054399067564e-05,-12.0,0.9765972620636068,12.0,-0.0009937374693026607,-9.766384126075972e-05,-9.766384130191029e-05,-0.0001953317976582196,0.001286713506463533,9.766384126075975e-05
1,0.002284700000000161,-1.952776629559513,-4.139739446873403e-05,-12.0,0.9763262182740795,12.0,-0.0009937821274021846,-9.763676156685482e-05,-9.763676160825221e-05,-0.0001952776629559513,0.001286676955599864,9.763676156685482e-05
1,0.002284900000000161,-1.952232198835825,-4.164417952168264e-05,-12.0,0.9760536327321883,12.0,-0.0009938270387226528,-9.7609527691171e-05,-9.760952773281518e-05,-0.0001952232198835825,0.001286640195436173,9.7609527691171e-05
1,0.0022851000000001613,-1.951684685270861,-4.189089875894503e-05,-12.0,0.9757795058683831,12.0,-0.000993872203173582,-9.758213967671422e-05,-9.758213971860511e-05,-0.0001951684685270861,0.001286603226010971,9.758213967671421e-05
1,0.0022853000000001614,-1.951134089729218,-4.213755179061085e-05,-12.0,0.9755038381155474,12.0,-0.0009939176206639616,-9.75545975667338e-05,-9.755459760887137e-05,-0.0001951134089729218,0.001286566047363033,9.75545975667338e-05
1,0.0022855000000001615,-1.950580413080362,-4.238413822699183e-05,-12.0,0.9752266299089991,12.0,-0.0009939632911023927,-9.75269014047226e-05,-9.752690144710674e-05,-0.0001950580413080362,0.00128652865953123,9.752690140472262e-05
1,0.0022857000000001616,-1.950023656198623,-4.263065767851071e-05,-12.0,0.9749478816864872,12.0,-0.0009940092143968654,-9.749905123441658e-05,-9.749905127704722e-05,-0.0001950023656198623,0.001286491062554782,9.749905123441657e-05
1,0.0022859000000001618,-1.949463819963195,-4.28771097554792e-05,-12.0,0.9746675938881929,12.0,-0.0009940553904548982,-9.747104709979486e-05,-9.747104714267197e-05,-0.0001949463819963195,0.001286453256473113,9.747104709979484e-05
1,0.002286100000000162,-1.948900905258135,-4.31234940685421e-05,-12.0,0.9743857669567296,12.0,-0.0009941018191834544,-9.744288904507983e-05,-9.744288908820332e-05,-0.0001948900905258135,0.001286415241325903,9.744288904507982e-05
1,0.002286300000000162,-1.948334912972362,-4.336981022845521e-05,-12.0,0.9741024013371402,12.0,-0.0009941485004891226,-9.741457711473686e-05,-9.741457715810667e-05,-0.0001948334912972362,0.001286377017152965,9.741457711473687e-05
1,0.002286500000000162,-1.947765843999654,-4.361605784597433e-05,-12.0,0.9738174974768973,12.0,-0.0009941954342778947,-9.738611135347433e-05,-9.73861113970904e-05,-0.0001947765843999654,0.001286338583994351,9.738611135347433e-05
1,0.002286700000000162,-1.947193699238647,-4.386223653174426e-05,-12.0,0.9735310558259036,12.0,-0.0009942426204552351,-9.735749180624354e-05,-9.735749185010578e-05,-0.0001947193699238647,0.001286299941890431,9.735749180624354e-05
1,0.0022869000000001623,-1.946618479592836,-4.410834589663182e-05,-12.0,0.9732430768364894,12.0,-0.0009942900589262338,-9.732871851823861e-05,-9.732871856234695e-05,-0.0001946618479592836,0.00128626109088166,9.73287185182386e-05
1,0.0022871000000001624,-1.946040185970571,-4.435438555250304e-05,-12.0,0.9729535609634131,12.0,-0.0009943377495953004,-9.729979153489654e-05,-9.729979157925095e-05,-0.0001946040185970572,0.001286222031008921,9.729979153489656e-05
1,0.0022873000000001626,-1.945458819285053,-4.460035511011373e-05,-12.0,0.9726625086638582,12.0,-0.0009943856923664979,-9.727071090189683e-05,-9.727071094649718e-05,-0.0001945458819285054,0.00128618276231314,9.727071090189683e-05
1,0.0022875000000001627,-1.944874380454342,-4.484625417999766e-05,-12.0,0.9723699203974384,12.0,-0.0009944338871432784,-9.724147666516188e-05,-9.724147671000811e-05,-0.0001944874380454342,0.001286143284835561,9.724147666516185e-05
1,0.0022877000000001628,-1.944286870401346,-4.509208237546414e-05,-12.0,0.9720757966261889,12.0,-0.0009944823338286501,-9.721208887085644e-05,-9.721208891594853e-05,-0.0001944286870401346,0.001286103598617583,9.721208887085644e-05
1,0.002287900000000163,-1.943696290053819,-4.533783930682489e-05,-12.0,0.971780137814571,12.0,-0.0009945310323251633,-9.718254756538777e-05,-9.718254761072561e-05,-0.0001943696290053819,0.001286063703700893,9.718254756538779e-05
1,0.002288100000000163,-1.943102640344371,-4.558352458505777e-05,-12.0,0.9714829444294721,12.0,-0.0009945799825347434,-9.715285279540574e-05,-9.715285284098927e-05,-0.0001943102640344371,0.001286023600127417,9.715285279540572e-05
1,0.002288300000000163,-1.942505922210454,-4.582913782358311e-05,-12.0,0.9711842169401999,12.0,-0.0009946291843589278,-9.712300460780236e-05,-9.712300465363151e-05,-0.0001942505922210454,0.00128598328793926,9.712300460780235e-05
1,0.0022885000000001632,-1.941906136594365,-4.60746786334898e-05,-12.0,0.9708839558184854,12.0,-0.0009946786376986844,-9.709300304971188e-05,-9.709300309578657e-05,-0.0001941906136594365,0.001285942767178777,9.709300304971189e-05
1,0.0022887000000001633,-1.941303284443248,-4.632014662642181e-05,-12.0,0.970582161538483,12.0,-0.000994728342454551,-9.706284816851094e-05,-9.706284821483107e-05,-0.0001941303284443248,0.001285902037888517,9.706284816851094e-05
1,0.0022889000000001635,-1.94069736670909,-4.656554141513336e-05,-12.0,0.9702788345767666,12.0,-0.0009947782985264692,-9.703254001181817e-05,-9.703254005838373e-05,-0.000194069736670909,0.001285861100111307,9.703254001181817e-05
1,0.0022891000000001636,-1.940088384348714,-4.681086261182354e-05,-12.0,0.9699739754123304,12.0,-0.000994828505814005,-9.700207862749422e-05,-9.700207867430511e-05,-0.0001940088384348714,0.001285819953890155,9.700207862749424e-05
1,0.0022893000000001637,-1.939476338323786,-4.705610982813635e-05,-12.0,0.9696675845265895,12.0,-0.0009948789642160588,-9.697146406364178e-05,-9.697146411069789e-05,-0.0001939476338323786,0.001285778599268414,9.697146406364177e-05
1,0.002289500000000164,-1.938861229600811,-4.730128267749212e-05,-12.0,0.9693596624033767,12.0,-0.0009949296736312119,-9.69406963686054e-05,-9.694069641590669e-05,-0.0001938861229600811,0.001285737036289467,9.694069636860542e-05
1,0.002289700000000164,-1.938243059151129,-4.75463807718679e-05,-12.0,0.9690502095289427,12.0,-0.0009949806339574624,-9.690977559097146e-05,-9.690977563851785e-05,-0.0001938243059151129,0.001285695264997014,9.690977559097147e-05
1,0.002289900000000164,-1.937621827950912,-4.779140372423996e-05,-12.0,0.9687392263919556,12.0,-0.0009950318450922951,-9.6878701779568e-05,-9.68787018273594e-05,-0.0001937621827950912,0.001285653285435021,9.687870177956799e-05
1,0.002290100000000164,-1.936997536981171,-4.803635114714044e-05,-12.0,0.9684267134835012,12.0,-0.0009950833069326676,-9.684747498346483e-05,-9.68474750315012e-05,-0.0001936997536981171,0.001285611097647729,9.684747498346483e-05
1,0.0022903000000001643,-1.936370187227746,-4.828122265410073e-05,-12.0,0.9681126712970798,12.0,-0.0009951350193751901,-9.681609525197339e-05,-9.68160953002546e-05,-0.0001936370187227746,0.001285568701679451,9.68160952519734e-05
1,0.0022905000000001644,-1.935739779681305,-4.852601785809707e-05,-12.0,0.9677971003286053,12.0,-0.0009951869823157516,-9.678456263464632e-05,-9.678456268317235e-05,-0.0001935739779681305,0.001285526097574846,9.678456263464635e-05
1,0.0022907000000001645,-1.935106315337348,-4.877073637143958e-05,-12.0,0.9674800010764095,12.0,-0.000995239195650005,-9.675287718127809e-05,-9.675287723004884e-05,-0.0001935106315337348,0.001285483285378697,9.67528771812781e-05
1,0.0022909000000001646,-1.934469795196202,-4.901537780821474e-05,-12.0,0.9671613740412349,12.0,-0.000995291659272854,-9.672103894190433e-05,-9.672103899091969e-05,-0.0001934469795196202,0.001285440265136162,9.672103894190432e-05
1,0.0022911000000001647,-1.933830220263016,-4.925994178228699e-05,-12.0,0.9668412197262353,12.0,-0.0009953443730788547,-9.668904796680175e-05,-9.668904801606172e-05,-0.0001933830220263016,0.001285397036892524,9.668904796680176e-05
1,0.002291300000000165,-1.933187591547769,-4.95044279062995e-05,-12.0,0.9665195386369808,12.0,-0.0009953973369620644,-9.66569043064887e-05,-9.665690435599315e-05,-0.0001933187591547769,0.00128535360069329,9.665690430648872e-05
1,0.002291500000000165,-1.932541910065255,-4.974883579422773e-05,-12.0,0.9661963312814479,12.0,-0.000995450550815985,-9.662460801172421e-05,-9.662460806147304e-05,-0.0001932541910065255,0.001285309956584213,9.662460801172422e-05
1,0.002291700000000165,-1.931893176835095,-4.999316506004714e-05,-12.0,0.9658715981700257,12.0,-0.0009955040145336463,-9.659215913350858e-05,-9.659215918350175e-05,-0.0001931893176835095,0.001285266104611313,9.659215913350858e-05
1,0.002291900000000165,-1.931241392881724,-5.023741531773318e-05,-12.0,0.9655453398155115,12.0,-0.0009955577280076344,-9.655955772308292e-05,-9.655955777332032e-05,-0.0001931241392881724,0.001285222044820775,9.655955772308292e-05
1,0.0022921000000001653,-1.9305865592344,-5.048158618092824e-05,-12.0,0.9652175567331128,12.0,-0.0009956116911299384,-9.652680383192938e-05,-9.652680388241097e-05,-0.00019305865592344,0.001285177777259103,9.652680383192938e-05
1,0.0022923000000001654,-1.929928676927194,-5.072567726460697e-05,-12.0,0.9648882494404433,12.0,-0.0009956659037921173,-9.64938975117708e-05,-9.649389756249648e-05,-0.0001929928676927194,0.001285133301972899,9.64938975117708e-05
1,0.0022925000000001655,-1.929267746998989,-5.096968818252279e-05,-12.0,0.9645574184575237,12.0,-0.000995720365885286,-9.646083881457063e-05,-9.646083886554033e-05,-0.0001929267746998989,0.00128508861900907,9.646083881457063e-05
1,0.0022927000000001656,-1.928603770493484,-5.121361854876216e-05,-12.0,0.9642250643067823,12.0,-0.0009957750772999485,-9.642762779253313e-05,-9.642762784374675e-05,-0.0001928603770493484,0.001285043728414814,9.642762779253312e-05
1,0.0022929000000001657,-1.927936748459189,-5.145746797896589e-05,-12.0,0.9638911875130511,12.0,-0.000995830037926207,-9.639426449810301e-05,-9.63942645495605e-05,-0.0001927936748459189,0.001284998630237413,9.639426449810301e-05
1,0.002293100000000166,-1.927266681949419,-5.170123608699839e-05,-12.0,0.9635557886035667,12.0,-0.0009958852476536356,-9.636074898396539e-05,-9.636074903566661e-05,-0.0001927266681949419,0.001284953324524468,9.636074898396538e-05
1,0.002293300000000166,-1.926593572022303,-5.194492248761229e-05,-12.0,0.9632188681079707,12.0,-0.0009959407063712955,-9.632708130304581e-05,-9.632708135499077e-05,-0.0001926593572022303,0.001284907811323802,9.632708130304584e-05
1,0.002293500000000166,-1.925917419740773,-5.218852679655939e-05,-12.0,0.9628804265583061,12.0,-0.0009959964139678312,-9.629326150851026e-05,-9.629326156069881e-05,-0.0001925917419740773,0.001284862090683472,9.629326150851026e-05
1,0.002293700000000166,-1.925238226172561,-5.243204862803719e-05,-12.0,0.9625404644890178,12.0,-0.0009960523703312768,-9.625928965376458e-05,-9.625928970619664e-05,-0.0001925238226172561,0.001284816162651733,9.625928965376458e-05
1,0.0022939000000001663,-1.92455599239021,-5.26754875977975e-05,-12.0,0.9621989824369532,12.0,-0.0009961085753493332,-9.62251657924551e-05,-9.622516584513059e-05,-0.000192455599239021,0.00128477002727706,9.62251657924551e-05
1,0.0022941000000001664,-1.923870719471058,-5.291884332114805e-05,-12.0,0.9618559809413592,12.0,-0.0009961650289090213,-9.619088997846801e-05,-9.619089003138686e-05,-0.0001923870719471058,0.001284723684608219,9.619088997846804e-05
1,0.0022943000000001665,-1.923182408497245,-5.316211541350757e-05,-12.0,0.9615114605438809,12.0,-0.000996221730897015,-9.615646226592944e-05,-9.615646231909157e-05,-0.0001923182408497245,0.001284677134694198,9.615646226592945e-05
1,0.0022945000000001666,-1.922491060555703,-5.340530349040584e-05,-12.0,0.9611654217885628,12.0,-0.0009962786811995028,-9.612188270920534e-05,-9.612188276261063e-05,-0.0001922491060555703,0.00128463037758407,9.612188270920533e-05
1,0.0022947000000001667,-1.92179667673817,-5.364840716759467e-05,-12.0,0.9608178652218494,12.0,-0.0009963358797020344,-9.608715136290171e-05,-9.608715141655012e-05,-0.000192179667673817,0.001284583413327392,9.608715136290171e-05
1,0.002294900000000167,-1.921099258141169,-5.389142606138098e-05,-12.0,0.9604687913925782,12.0,-0.0009963933262898128,-9.605226828186396e-05,-9.60522683357554e-05,-0.000192109925814117,0.001284536241973694,9.605226828186396e-05
1,0.002295100000000167,-1.920398805866018,-5.413435978751657e-05,-12.0,0.9601182008519844,12.0,-0.0009964510208475136,-9.601723352117718e-05,-9.601723357531154e-05,-0.0001920398805866018,0.00128448886357295,9.60172335211772e-05
1,0.002295300000000167,-1.919695321018827,-5.43772079614202e-05,-12.0,0.9597660941536993,12.0,-0.0009965089632593543,-9.598204713616608e-05,-9.598204719054329e-05,-0.0001919695321018827,0.001284441278175133,9.598204713616608e-05
1,0.002295500000000167,-1.918988804710495,-5.461997020073106e-05,-12.0,0.9594124718537469,12.0,-0.0009965671534089698,-9.594670918239477e-05,-9.594670923701475e-05,-0.0001918988804710496,0.00128439348583069,9.594670918239477e-05
1,0.0022957000000001673,-1.918279258056705,-5.486264612086789e-05,-12.0,0.9590573345105448,12.0,-0.0009966255911795646,-9.591121971566656e-05,-9.591121977052922e-05,-0.0001918279258056705,0.001284345486590135,9.591121971566657e-05
1,0.0022959000000001674,-1.91756668217793,-5.510523533891476e-05,-12.0,0.9587006826849039,12.0,-0.0009966842764538714,-9.587557879202429e-05,-9.587557884712954e-05,-0.000191756668217793,0.001284297280504276,9.587557879202429e-05
1,0.0022961000000001675,-1.916851078199422,-5.534773747151167e-05,-12.0,0.958342516940026,12.0,-0.0009967432091140677,-9.583978646774975e-05,-9.583978652309751e-05,-0.0001916851078199422,0.001284248867624183,9.583978646774976e-05
1,0.0022963000000001677,-1.916132447251216,-5.559015213518759e-05,-12.0,0.9579828378415036,12.0,-0.000996802389041998,-9.580384279936387e-05,-9.580384285495403e-05,-0.0001916132447251216,0.00128420024800098,9.580384279936389e-05
1,0.0022965000000001678,-1.915410790468128,-5.583247894702659e-05,-12.0,0.9576216459573186,12.0,-0.0009968618161187853,-9.576774784362658e-05,-9.576774789945903e-05,-0.0001915410790468128,0.001284151421686253,9.576774784362656e-05
1,0.002296700000000168,-1.914686108989754,-5.607471752422377e-05,-12.0,0.9572589418578432,12.0,-0.0009969214902252749,-9.573150165753675e-05,-9.573150171361147e-05,-0.0001914686108989754,0.001284102388731723,9.573150165753675e-05
1,0.002296900000000168,-1.913958403960464,-5.631686748441833e-05,-12.0,0.9568947261158368,12.0,-0.0009969814112417708,-9.569510429833212e-05,-9.569510435464898e-05,-0.0001913958403960464,0.00128405314918921,9.569510429833212e-05
1,0.002297100000000168,-1.913227676529401,-5.655892844502741e-05,-12.0,0.9565289993064436,12.0,-0.0009970415790479942,-9.565855582348886e-05,-9.565855588004781e-05,-0.0001913227676529401,0.001284003703111006,9.565855582348888e-05
1,0.0022973000000001682,-1.912493927850483,-5.680090002246896e-05,-12.0,0.9561617620071988,12.0,-0.0009971019935232361,-9.562185629072212e-05,-9.562185634752303e-05,-0.0001912493927850483,0.001283954050549527,9.562185629072214e-05
1,0.0022975000000001683,-1.911757159082402,-5.704278183549238e-05,-12.0,0.9557930147980197,12.0,-0.0009971626545464268,-9.558500575798553e-05,-9.558500581502832e-05,-0.0001911757159082402,0.001283904191557272,9.558500575798552e-05
1,0.0022977000000001684,-1.91101737138861,-5.728457350206995e-05,-12.0,0.9554227582612065,12.0,-0.0009972235619958164,-9.554800428347085e-05,-9.554800434075543e-05,-0.0001911017371388611,0.001283854126187242,9.554800428347086e-05
1,0.0022979000000001686,-1.910274565937338,-5.752627463884163e-05,-12.0,0.9550509929814477,12.0,-0.0009972847157492665,-9.551085192560866e-05,-9.551085198313495e-05,-0.0001910274565937338,0.001283803854492477,9.551085192560866e-05
1,0.0022981000000001687,-1.909528743901574,-5.776788486588913e-05,-12.0,0.9546777195458095,12.0,-0.000997346115684139,-9.547354874306753e-05,-9.547354880083542e-05,-0.0001909528743901574,0.001283753376526281,9.547354874306755e-05
1,0.002298300000000169,-1.90877990645907,-5.800940379996344e-05,-12.0,0.954302938543741,12.0,-0.0009974077616773935,-9.543609479475409e-05,-9.54360948527635e-05,-0.000190877990645907,0.001283702692342195,9.54360947947541e-05
1,0.002298500000000169,-1.908028054792346,-5.825083105959195e-05,-12.0,0.9539266505670754,12.0,-0.000997469653605365,-9.53984901398135e-05,-9.539849019806433e-05,-0.0001908028054792346,0.001283651801994024,9.53984901398135e-05
1,0.002298700000000169,-1.907273190088677,-5.84921662643012e-05,-12.0,0.9535488562100204,12.0,-0.0009975317913439308,-9.536073483762849e-05,-9.536073489612062e-05,-0.0001907273190088677,0.001283600705535848,9.536073483762847e-05
1,0.002298900000000169,-1.906515313540095,-5.873340903195245e-05,-12.0,0.9531695560691654,12.0,-0.0009975941747686068,-9.532282894781974e-05,-9.532282900655314e-05,-0.0001906515313540095,0.001283549403021833,9.532282894781974e-05
1,0.0022991000000001692,-1.905754426343389,-5.897455898162818e-05,-12.0,0.9527887507434768,12.0,-0.0009976568037543126,-9.528477253024583e-05,-9.52847725892204e-05,-0.0001905754426343389,0.001283497894506477,9.528477253024585e-05
1,0.0022993000000001694,-1.904990529700107,-5.921561573207779e-05,-12.0,0.952406440834299,12.0,-0.0009977196781754682,-9.524656564500312e-05,-9.524656570421873e-05,-0.0001904990529700107,0.001283446180044542,9.524656564500312e-05
1,0.0022995000000001695,-1.904223624816543,-5.945657890316092e-05,-12.0,0.9520226269453511,12.0,-0.0009977827979061604,-9.52082083524254e-05,-9.5208208411882e-05,-0.0001904223624816543,0.001283394259690873,9.520820835242543e-05
1,0.0022997000000001696,-1.903453712903743,-5.969744811340494e-05,-12.0,0.9516373096827271,12.0,-0.0009978461628198376,-9.516970071308403e-05,-9.516970077278149e-05,-0.0001903453712903743,0.001283342133500689,9.516970071308406e-05
1,0.0022999000000001697,-1.902680795177505,-5.993822298233642e-05,-12.0,0.9512504896548967,12.0,-0.0009979097727895458,-9.513104278778789e-05,-9.513104284772612e-05,-0.0001902680795177505,0.001283289801529405,9.51310427877879e-05
1,0.00230010000000017,-1.901904872858369,-6.017890312992602e-05,-12.0,0.9508621674727008,12.0,-0.0009979736276878315,-9.509223463758309e-05,-9.509223469776199e-05,-0.0001901904872858369,0.001283237263832629,9.509223463758308e-05
1,0.00230030000000017,-1.901125947171622,-6.041948817581133e-05,-12.0,0.9504723437493526,12.0,-0.0009980377273866997,-9.505327632375285e-05,-9.505327638417234e-05,-0.0001901125947171622,0.00128318452046626,9.505327632375285e-05
1,0.00230050000000017,-1.900344019347296,-6.065997773985199e-05,-12.0,0.9500810191004383,12.0,-0.0009981020717578226,-9.50141679078178e-05,-9.50141679684778e-05,-0.0001900344019347296,0.001283131571486407,9.501416790781781e-05
1,0.00230070000000017,-1.899559090620158,-6.090037144179661e-05,-12.0,0.9496881941439127,12.0,-0.0009981666606722478,-9.497490945153546e-05,-9.497490951243584e-05,-0.0001899559090620159,0.001283078416949315,9.497490945153546e-05
1,0.0023009000000001703,-1.898771162229717,-6.114066890261505e-05,-12.0,0.949293869500098,12.0,-0.000998231494000662,-9.493550101690007e-05,-9.493550107804073e-05,-0.0001898771162229717,0.001283025056911621,9.493550101690006e-05
1,0.0023011000000001704,-1.897980235420221,-6.138086974161183e-05,-12.0,0.9488980457916892,12.0,-0.0009982965716131414,-9.489594266614307e-05,-9.489594272752397e-05,-0.0001897980235420221,0.001282971491430099,9.48959426661431e-05
1,0.0023013000000001705,-1.897186311440651,-6.162097358020091e-05,-12.0,0.9485007236437455,12.0,-0.000998361893379443,-9.485623446173257e-05,-9.485623452335352e-05,-0.0001897186311440651,0.00128291772056173,9.485623446173257e-05
1,0.0023015000000001706,-1.896389391544718,-6.186098003835294e-05,-12.0,0.9481019036836917,12.0,-0.0009984274591686854,-9.481637646637302e-05,-9.481637652823399e-05,-0.0001896389391544718,0.001282863744363871,9.481637646637302e-05
1,0.0023017000000001707,-1.895589476990869,-6.21008887375929e-05,-12.0,0.9477015865413191,12.0,-0.00099849326884964,-9.477636874300567e-05,-9.477636880510656e-05,-0.0001895589476990869,0.00128280956289388,9.477636874300567e-05
1,0.002301900000000171,-1.894786569042276,-6.234069929800246e-05,-12.0,0.947299772848784,12.0,-0.0009985593222904682,-9.47362113548082e-05,-9.47362114171489e-05,-0.0001894786569042276,0.001282755176209585,9.47362113548082e-05
1,0.002302100000000171,-1.893980668966842,-6.25804113416617e-05,-12.0,0.9468964632406045,12.0,-0.0009986256193590115,-9.46959043651946e-05,-9.469590442777504e-05,-0.0001893980668966843,0.001282700584368912,9.469590436519462e-05
1,0.002302300000000171,-1.893171778037191,-6.282002448942947e-05,-12.0,0.9464916583536611,12.0,-0.0009986921599225151,-9.465544783781504e-05,-9.46554479006351e-05,-0.0001893171778037191,0.001282645787430023,9.465544783781506e-05
1,0.002302500000000171,-1.892359897530672,-6.305953836227562e-05,-12.0,0.9460853588271971,12.0,-0.000998758943847794,-9.461484183655594e-05,-9.461484189961546e-05,-0.0001892359897530672,0.001282590785451385,9.461484183655595e-05
1,0.0023027000000001713,-1.891545028729354,-6.329895258239127e-05,-12.0,0.9456775653028143,12.0,-0.0009988259710012187,-9.457408642553966e-05,-9.457408648883861e-05,-0.0001891545028729355,0.001282535578491562,9.457408642553968e-05
1,0.0023029000000001714,-1.890727172920028,-6.353826677152341e-05,-12.0,0.9452682784244737,12.0,-0.0009988932412485774,-9.453318166912452e-05,-9.453318173266281e-05,-0.0001890727172920028,0.001282480166609548,9.453318166912452e-05
1,0.0023031000000001715,-1.889906331394197,-6.37774805515301e-05,-12.0,0.9448574988384965,12.0,-0.0009989607544553386,-9.449212763190478e-05,-9.449212769568228e-05,-0.0001889906331394197,0.001282424549864339,9.44921276319048e-05
1,0.0023033000000001716,-1.889082505448082,-6.401659354415834e-05,-12.0,0.9444452271935588,12.0,-0.000999028510486319,-9.44509243787103e-05,-9.445092444272691e-05,-0.0001889082505448082,0.0012823687283154,9.44509243787103e-05
1,0.0023035000000001717,-1.888255696382617,-6.425560537171027e-05,-12.0,0.9440314641406947,12.0,-0.000999096509206071,-9.440957197460663e-05,-9.440957203886225e-05,-0.0001888255696382617,0.001282312702022226,9.440957197460665e-05
1,0.002303700000000172,-1.887425905503443,-6.44945156574872e-05,-12.0,0.9436162103332901,12.0,-0.000999164750478454,-9.436807048489475e-05,-9.436807054938928e-05,-0.0001887425905503443,0.001282256471044699,9.436807048489476e-05
1,0.002303900000000172,-1.886593134120915,-6.473332402268106e-05,-12.0,0.9431994664270904,12.0,-0.0009992332341669935,-9.432641997511129e-05,-9.432642003984463e-05,-0.0001886593134120915,0.001282200035442826,9.432641997511132e-05
1,0.002304100000000172,-1.885757383550093,-6.497203009059316e-05,-12.0,0.9427812330801905,12.0,-0.000999301960134702,-9.42846205110281e-05,-9.428462057600014e-05,-0.0001885757383550093,0.001282143395276908,9.42846205110281e-05
1,0.002304300000000172,-1.884918655110738,-6.521063348474687e-05,-12.0,0.9423615109530354,12.0,-0.0009993709282441476,-9.4242672158652e-05,-9.424267222386264e-05,-0.0001884918655110738,0.001282086550607422,9.424267215865202e-05
1,0.0023045000000001723,-1.884076950127318,-6.544913382666717e-05,-12.0,0.9419403007084276,12.0,-0.000999440138357427,-9.420057498422542e-05,-9.420057504967457e-05,-0.0001884076950127318,0.001282029501495155,9.420057498422543e-05
1,0.0023047000000001724,-1.883232269929001,-6.568753074143174e-05,-12.0,0.9415176030115128,12.0,-0.0009995095903360812,-9.415832905422543e-05,-9.415832911991295e-05,-0.0001883232269929001,0.001281972248001112,9.415832905422543e-05
1,0.0023049000000001725,-1.882384615849646,-6.592582385123169e-05,-12.0,0.941093418529788,12.0,-0.0009995792840412354,-9.411593443536391e-05,-9.411593450128975e-05,-0.0001882384615849646,0.001281914790186467,9.411593443536393e-05
1,0.0023051000000001726,-1.88153398922782,-6.61640127791463e-05,-12.0,0.9406677479331013,12.0,-0.0009996492193336398,-9.407339119458805e-05,-9.407339126075207e-05,-0.0001881533989227821,0.001281857128112657,9.407339119458804e-05
1,0.0023053000000001727,-1.880680391406778,-6.640209715058631e-05,-12.0,0.9402405918936422,12.0,-0.0009997193960733924,-9.403069939907927e-05,-9.403069946548136e-05,-0.0001880680391406778,0.001281799261841424,9.403069939907928e-05
1,0.002305500000000173,-1.879823823734462,-6.664007658785387e-05,-12.0,0.9398119510859485,12.0,-0.0009997898141202444,-9.398785911625364e-05,-9.39878591828937e-05,-0.0001879823823734462,0.001281741191434607,9.398785911625364e-05
1,0.002305700000000173,-1.878964287563513,-6.687795071558256e-05,-12.0,0.9393818261869038,12.0,-0.000999860473333461,-9.394487041376192e-05,-9.394487048063989e-05,-0.0001878964287563513,0.001281682916954463,9.394487041376195e-05
1,0.002305900000000173,-1.878101784251255,-6.71157191580729e-05,-12.0,0.9389502178757333,12.0,-0.000999931373571794,-9.390173335948915e-05,-9.390173342660487e-05,-0.0001878101784251255,0.001281624438463289,9.390173335948914e-05
1,0.002306100000000173,-1.877236315159697,-6.735338153973647e-05,-12.0,0.9385171268340055,12.0,-0.001000002514693593,-9.385844802155452e-05,-9.385844808890789e-05,-0.0001877236315159697,0.001281565756023742,9.385844802155453e-05
1,0.0023063000000001733,-1.876367881655532,-6.759093748476275e-05,-12.0,0.9380825537456295,12.0,-0.001000073896556694,-9.381501446831143e-05,-9.381501453590238e-05,-0.0001876367881655532,0.001281506869698662,9.381501446831143e-05
1,0.0023065000000001734,-1.875496485110135,-6.782838661778534e-05,-12.0,0.937646499296857,12.0,-0.001000145519018447,-9.37714327683475e-05,-9.377143283617588e-05,-0.0001875496485110135,0.001281447779551137,9.377143276834748e-05
1,0.0023067000000001735,-1.874622126899562,-6.806572856443704e-05,-12.0,0.9372089641762767,12.0,-0.001000217381935786,-9.372770299048412e-05,-9.372770305854987e-05,-0.0001874622126899562,0.001281388485644519,9.372770299048412e-05
1,0.0023069000000001737,-1.873744808404538,-6.830296294912941e-05,-12.0,0.9367699490748158,12.0,-0.001000289485165132,-9.36838252037765e-05,-9.368382527207948e-05,-0.0001873744808404539,0.001281328988042341,9.36838252037765e-05
1,0.0023071000000001738,-1.872864531010473,-6.854008939705114e-05,-12.0,0.9363294546857402,12.0,-0.001000361828562515,-9.363979947751373e-05,-9.363979954605382e-05,-0.0001872864531010473,0.001281269286808412,9.363979947751373e-05
1,0.002307300000000174,-1.871981296107445,-6.877710753394606e-05,-12.0,0.9358874817046507,12.0,-0.001000434411983386,-9.359562588121848e-05,-9.359562594999556e-05,-0.0001871981296107445,0.001281209382006723,9.359562588121848e-05
1,0.002307500000000174,-1.871095105090198,-6.9014016985669e-05,-12.0,0.9354440308294805,12.0,-0.001000507235282819,-9.35513044846466e-05,-9.355130455366062e-05,-0.0001871095105090198,0.001281149273701571,9.355130448464662e-05
1,0.002307700000000174,-1.870205959358151,-6.925081737674255e-05,-12.0,0.9349991027605021,12.0,-0.001000580298315401,-9.350683535778788e-05,-9.350683542703873e-05,-0.0001870205959358151,0.001281088961957444,9.350683535778789e-05
1,0.0023079000000001742,-1.869313860315387,-6.948750833413175e-05,-12.0,0.9345526982003172,12.0,-0.001000653600935264,-9.346221857086512e-05,-9.346221864035263e-05,-0.0001869313860315387,0.001281028446839083,9.346221857086514e-05
1,0.0023081000000001743,-1.868418809370649,-6.972408948380249e-05,-12.0,0.9341048178538581,12.0,-0.001000727142995983,-9.341745419433419e-05,-9.341745426405828e-05,-0.0001868418809370649,0.001280967728411436,9.341745419433419e-05
1,0.0023083000000001744,-1.867520807937345,-6.996056045172061e-05,-12.0,0.933655462428389,12.0,-0.001000800924350842,-9.337254229888408e-05,-9.337254236884465e-05,-0.0001867520807937345,0.001280906806739715,9.337254229888408e-05
1,0.0023085000000001746,-1.866619857433541,-7.01969208644071e-05,-12.0,0.9332046326335048,12.0,-0.001000874944852487,-9.332748295543692e-05,-9.332748302563385e-05,-0.0001866619857433542,0.001280845681889381,9.332748295543692e-05
1,0.0023087000000001747,-1.865715959281963,-7.043317034860497e-05,-12.0,0.9327523291811267,12.0,-0.00100094920435323,-9.328227623514751e-05,-9.32822763055807e-05,-0.0001865715959281963,0.001280784353926062,9.328227623514754e-05
1,0.002308900000000175,-1.864809114909985,-7.066930853094622e-05,-12.0,0.9322985527855029,12.0,-0.001001023702704815,-9.323692220940339e-05,-9.32369222800727e-05,-0.0001864809114909985,0.001280722822915734,9.323692220940339e-05
1,0.002309100000000175,-1.86389932574964,-7.090533503828489e-05,-12.0,0.9318433041632094,12.0,-0.001001098439758638,-9.319142094982477e-05,-9.31914210207301e-05,-0.0001863899325749641,0.001280661088924454,9.319142094982477e-05
1,0.002309300000000175,-1.862986593237611,-7.114124949825218e-05,-12.0,0.9313865840331454,12.0,-0.001001173415365555,-9.314577252826436e-05,-9.314577259940563e-05,-0.0001862986593237611,0.001280599152018669,9.314577252826437e-05
1,0.002309500000000175,-1.862070918815222,-7.137705153781315e-05,-12.0,0.9309283931165337,12.0,-0.001001248629375992,-9.309997701680716e-05,-9.30999770881842e-05,-0.0001862070918815222,0.001280537012264937,9.309997701680716e-05
1,0.0023097000000001752,-1.861152303928451,-7.161274078426594e-05,-12.0,0.9304687321369217,12.0,-0.001001324081639873,-9.305403448777062e-05,-9.305403455938336e-05,-0.0001861152303928451,0.001280474669730206,9.30540344877706e-05
1,0.0023099000000001754,-1.860230750027916,-7.184831686601889e-05,-12.0,0.9300076018201759,12.0,-0.001001399772006681,-9.30079450137042e-05,-9.300794508555251e-05,-0.0001860230750027916,0.001280412124481503,9.30079450137042e-05
1,0.0023101000000001755,-1.859306258568874,-7.20837794101481e-05,-12.0,0.9295450028944836,12.0,-0.001001475700325494,-9.29617086673894e-05,-9.296170873947318e-05,-0.0001859306258568874,0.001280349376586137,9.296170866738939e-05
1,0.0023103000000001756,-1.858378831011223,-7.231912804506191e-05,-12.0,0.9290809360903528,12.0,-0.00100155186644485,-9.291532552183979e-05,-9.291532559415892e-05,-0.0001858378831011224,0.001280286426111721,9.291532552183979e-05
1,0.0023105000000001757,-1.857448468819499,-7.255436239861357e-05,-12.0,0.9286154021406078,12.0,-0.001001628270212856,-9.286879565030066e-05,-9.2868795722855e-05,-0.0001857448468819499,0.001280223273126005,9.286879565030064e-05
1,0.002310700000000176,-1.856515173462871,-7.278948209976654e-05,-12.0,0.9281484017803908,12.0,-0.001001704911477205,-9.282211912624907e-05,-9.282211919903855e-05,-0.0001856515173462871,0.001280159917697046,9.282211912624907e-05
1,0.002310900000000176,-1.855578946415135,-7.302448677726225e-05,-12.0,0.9276799357471566,12.0,-0.00100178179008506,-9.27752960233934e-05,-9.277529609641788e-05,-0.0001855578946415135,0.001280096359893124,9.277529602339338e-05
1,0.002311100000000176,-1.854639789154724,-7.325937605839883e-05,-12.0,0.9272100047806807,12.0,-0.001001858905883168,-9.272832641567392e-05,-9.272832648893328e-05,-0.0001854639789154724,0.001280032599782724,9.272832641567392e-05
1,0.002311300000000176,-1.853697703164697,-7.349414957402711e-05,-12.0,0.926738609623046,12.0,-0.001001936258717834,-9.2681210377262e-05,-9.268121045075618e-05,-0.0001853697703164697,0.001279968637434598,9.2681210377262e-05
1,0.0023115000000001763,-1.852752689932732,-7.37288069527775e-05,-12.0,0.9262657510186488,12.0,-0.001002013848434846,-9.263394798256015e-05,-9.263394805628897e-05,-0.0001852752689932732,0.001279904472917745,9.263394798256016e-05
1,0.0023117000000001764,-1.851804750951136,-7.396334782239222e-05,-12.0,0.9257914297142009,12.0,-0.001002091674879579,-9.258653930620231e-05,-9.258653938016568e-05,-0.0001851804750951136,0.001279840106301375,9.258653930620234e-05
1,0.0023119000000001765,-1.850853887716835,-7.419777181472131e-05,-12.0,0.9253156464587176,12.0,-0.001002169737897005,-9.253898442305322e-05,-9.2538984497251e-05,-0.0001850853887716835,0.00127977553765489,9.253898442305323e-05
1,0.0023121000000001766,-1.849900101731366,-7.443207855761802e-05,-12.0,0.9248384020035256,12.0,-0.001002248037331524,-9.249128340820833e-05,-9.249128348264042e-05,-0.0001849900101731366,0.001279710767048053,9.249128340820833e-05
1,0.0023123000000001767,-1.848943394500892,-7.466626768182216e-05,-12.0,0.9243596971022605,12.0,-0.00100232657302711,-9.244343633699421e-05,-9.24434364116605e-05,-0.0001848943394500892,0.001279645794550824,9.244343633699424e-05
1,0.002312500000000177,-1.847983767536183,-7.490033881740743e-05,-12.0,0.923879532510862,12.0,-0.001002405344827401,-9.239544328496794e-05,-9.239544335986828e-05,-0.0001847983767536183,0.001279580620233228,9.239544328496794e-05
1,0.002312700000000177,-1.84702122235262,-7.513429159444751e-05,-12.0,0.9233979089875753,12.0,-0.001002484352575439,-9.234730432791697e-05,-9.234730440305126e-05,-0.000184702122235262,0.001279515244165808,9.234730432791698e-05
1,0.002312900000000177,-1.846055760470192,-7.53681256435712e-05,-12.0,0.9229148272929493,12.0,-0.001002563596113851,-9.229901954185927e-05,-9.229901961722742e-05,-0.0001846055760470192,0.001279449666419144,9.229901954185929e-05
1,0.002313100000000177,-1.845087383413496,-7.56018405948522e-05,-12.0,0.9224302881898371,12.0,-0.001002643075284818,-9.225058900304319e-05,-9.225058907864505e-05,-0.0001845087383413496,0.001279383887064139,9.22505890030432e-05
1,0.0023133000000001773,-1.84411609271173,-7.583543607969645e-05,-12.0,0.9219442924433914,12.0,-0.001002722789930147,-9.22020127879471e-05,-9.220201286378253e-05,-0.000184411609271173,0.00127931790617189,9.220201278794712e-05
1,0.0023135000000001774,-1.843141889898695,-7.606891172884378e-05,-12.0,0.9214568408210653,12.0,-0.001002802739891048,-9.215329097327942e-05,-9.215329104934833e-05,-0.0001843141889898695,0.001279251723813782,9.215329097327942e-05
1,0.0023137000000001775,-1.842164776512791,-7.63022671734781e-05,-12.0,0.9209679340926127,12.0,-0.001002882925008386,-9.210442363597862e-05,-9.210442371228088e-05,-0.0001842164776512791,0.00127918534006137,9.210442363597862e-05
1,0.0023139000000001776,-1.841184754097013,-7.653550204522741e-05,-12.0,0.920477573030084,12.0,-0.00100296334512251,-9.205541085321293e-05,-9.205541092974841e-05,-0.0001841184754097013,0.001279118754986514,9.205541085321293e-05
1,0.0023141000000001777,-1.840201824198947,-7.676861597571971e-05,-12.0,0.9199857584078236,12.0,-0.001003044000073394,-9.200625270237994e-05,-9.200625277914855e-05,-0.0001840201824198947,0.001279051968661238,9.200625270237994e-05
1,0.002314300000000178,-1.839215988370775,-7.700160859580585e-05,-12.0,0.9194924910024774,12.0,-0.00100312488970046,-9.19569492611073e-05,-9.195694933810895e-05,-0.0001839215988370775,0.001278984981157943,9.195694926110733e-05
1,0.002314500000000178,-1.838227248169269,-7.723447953866813e-05,-12.0,0.9189977715929812,12.0,-0.001003206013842795,-9.1907500607252e-05,-9.19075006844865e-05,-0.0001838227248169269,0.001278917792549114,9.1907500607252e-05
1,0.002314700000000178,-1.837235605155777,-7.746722843626763e-05,-12.0,0.9185016009605617,12.0,-0.001003287372338943,-9.18579068188998e-05,-9.185790689636703e-05,-0.0001837235605155777,0.001278850402907511,9.18579068188998e-05
1,0.002314900000000178,-1.836241060896244,-7.769985491967724e-05,-12.0,0.9180039798887442,12.0,-0.001003368965027049,-9.180816797436638e-05,-9.180816805206623e-05,-0.0001836241060896244,0.001278782812306214,9.180816797436639e-05
1,0.0023151000000001783,-1.835243616961193,-7.79323586233005e-05,-12.0,0.9175049091633376,12.0,-0.001003450791744798,-9.175828415219607e-05,-9.175828423012847e-05,-0.0001835243616961192,0.001278715020818444,9.17582841521961e-05
1,0.0023153000000001784,-1.834243274925718,-7.816473917865441e-05,-12.0,0.9170043895724432,12.0,-0.001003532852329403,-9.170825543116221e-05,-9.170825550932696e-05,-0.0001834243274925718,0.001278647028517738,9.17082554311622e-05
1,0.0023155000000001785,-1.833240036369496,-7.839699621903229e-05,-12.0,0.9165024219064494,12.0,-0.001003615146617676,-9.165808189026682e-05,-9.165808196866384e-05,-0.0001833240036369496,0.001278578835477814,9.165808189026685e-05
1,0.0023157000000001786,-1.832233902876781,-7.862912937750544e-05,-12.0,0.9159990069580327,12.0,-0.001003697674445914,-9.160776360874101e-05,-9.160776368737017e-05,-0.0001832233902876781,0.001278510441772643,9.160776360874102e-05
1,0.0023159000000001788,-1.831224876036391,-7.886113828725616e-05,-12.0,0.9154941455221536,12.0,-0.001003780435650026,-9.15573006660441e-05,-9.155730074490521e-05,-0.0001831224876036392,0.001278441847476483,9.155730066604408e-05
1,0.002316100000000179,-1.830212957441719,-7.909302258213291e-05,-12.0,0.9149878383960564,12.0,-0.001003863430065532,-9.150669314186385e-05,-9.150669322095686e-05,-0.0001830212957441719,0.001278373052663706,9.150669314186385e-05
1,0.002316300000000179,-1.829198148690723,-7.932478189565106e-05,-12.0,0.9144800863792704,12.0,-0.001003946657527344,-9.145594111611661e-05,-9.145594119544139e-05,-0.0001829198148690723,0.001278304057409113,9.145594111611661e-05
1,0.002316500000000179,-1.828180451385925,-7.955641586210316e-05,-12.0,0.9139708902736049,12.0,-0.001004030117870008,-9.14050446689467e-05,-9.140504474850313e-05,-0.0001828180451385925,0.001278234861787617,9.14050446689467e-05
1,0.002316700000000179,-1.827159867134403,-7.978792411544866e-05,-12.0,0.9134602508831492,12.0,-0.001004113810927756,-9.135400388072645e-05,-9.135400396051438e-05,-0.0001827159867134403,0.001278165465874295,9.135400388072646e-05
1,0.0023169000000001793,-1.826136397547802,-8.001930628909193e-05,-12.0,0.9129481690142741,12.0,-0.001004197736534096,-9.130281883205632e-05,-9.130281891207564e-05,-0.0001826136397547802,0.001278095869744728,9.130281883205632e-05
1,0.0023171000000001794,-1.82511004424232,-8.025056201899083e-05,-12.0,0.912434645475626,12.0,-0.001004281894522341,-9.125148960376448e-05,-9.125148968401507e-05,-0.000182511004424232,0.00127802607347445,9.125148960376451e-05
1,0.0023173000000001795,-1.82408080883871,-8.048169093899382e-05,-12.0,0.9119196810781294,12.0,-0.001004366284725292,-9.120001627690683e-05,-9.120001635738854e-05,-0.000182408080883871,0.001277956077139361,9.120001627690685e-05
1,0.0023175000000001797,-1.823048692962269,-8.071269268483672e-05,-12.0,0.9114032766349804,12.0,-0.001004450906975249,-9.114839893276653e-05,-9.114839901347923e-05,-0.000182304869296227,0.001277885880815635,9.114839893276653e-05
1,0.0023177000000001798,-1.822013698242855,-8.094356688992388e-05,-12.0,0.9108854329616567,12.0,-0.001004535761104083,-9.109663765285464e-05,-9.109663773379823e-05,-0.0001822013698242855,0.00127781548457967,9.109663765285467e-05
1,0.00231790000000018,-1.820975826314863,-8.117431319165647e-05,-12.0,0.910366150875901,12.0,-0.001004620846943319,-9.104473251890926e-05,-9.104473260008359e-05,-0.0001820975826314863,0.001277744888507987,9.104473251890928e-05
1,0.00231810000000018,-1.819935078817231,-8.140493122432702e-05,-12.0,0.9098454311977299,12.0,-0.001004706164323896,-9.099268361289542e-05,-9.099268369430034e-05,-0.0001819935078817231,0.00127767409267758,9.099268361289543e-05
1,0.00231830000000018,-1.818891457393448,-8.16354206234493e-05,-12.0,0.9093232747494345,12.0,-0.001004791713076436,-9.094049101700582e-05,-9.094049109864124e-05,-0.0001818891457393448,0.001277603097165445,9.09404910170058e-05
1,0.0023185000000001802,-1.817844963691532,-8.186578102664654e-05,-12.0,0.9087996823555683,12.0,-0.001004877493031062,-9.088815481365949e-05,-9.08881548955253e-05,-0.0001817844963691532,0.001277531902048906,9.088815481365949e-05
1,0.0023187000000001803,-1.816795599364035,-8.209601206832229e-05,-12.0,0.908274654842955,12.0,-0.001004963504017437,-9.083567508550234e-05,-9.083567516759836e-05,-0.0001816795599364036,0.001277460507405612,9.083567508550233e-05
1,0.0023189000000001805,-1.81574336606805,-8.232611338521156e-05,-12.0,0.9077481930406862,12.0,-0.00100504974586485,-9.078305191540713e-05,-9.078305199773324e-05,-0.000181574336606805,0.001277388913313332,9.078305191540714e-05
1,0.0023191000000001806,-1.814688265465198,-8.255608461427144e-05,-12.0,0.9072202977801164,12.0,-0.001005136218402064,-9.073028538647309e-05,-9.073028546902917e-05,-0.0001814688265465198,0.001277317119850158,9.073028538647307e-05
1,0.0023193000000001807,-1.813630299221622,-8.278592539234797e-05,-12.0,0.9066909698948633,12.0,-0.001005222921457577,-9.067737558202558e-05,-9.067737566481149e-05,-0.0001813630299221622,0.001277245127094317,9.067737558202558e-05
1,0.002319500000000181,-1.812569469007999,-8.301563535562106e-05,-12.0,0.9061602102208095,12.0,-0.001005309854859165,-9.062432258561652e-05,-9.062432266863216e-05,-0.0001812569469007999,0.001277172935124471,9.062432258561652e-05
1,0.002319700000000181,-1.811505776499523,-8.324521414238006e-05,-12.0,0.9056280195960961,12.0,-0.001005397018434426,-9.057112648102383e-05,-9.057112656426906e-05,-0.0001811505776499524,0.001277100544019319,9.057112648102385e-05
1,0.002319900000000181,-1.81043922337591,-8.34746613889159e-05,-12.0,0.9050943988611249,12.0,-0.001005484412010413,-9.051778735225138e-05,-9.051778743572605e-05,-0.000181043922337591,0.001277027953857868,9.051778735225138e-05
1,0.002320100000000181,-1.809369811321391,-8.3703976733851e-05,-12.0,0.904559348858555,12.0,-0.001005572035413738,-9.046430528352889e-05,-9.046430536723286e-05,-0.0001809369811321391,0.001276955164719415,9.046430528352889e-05
1,0.0023203000000001812,-1.808297542024714,-8.393315981369831e-05,-12.0,0.904022870433305,12.0,-0.001005659888470622,-9.041068035931187e-05,-9.041068044324504e-05,-0.0001808297542024714,0.001276882176683466,9.041068035931187e-05
1,0.0023205000000001814,-1.807222417179143,-8.416221026796844e-05,-12.0,0.9034849644325474,12.0,-0.00100574797100679,-9.035691266428154e-05,-9.035691274844376e-05,-0.0001807222417179143,0.001276808989829778,9.035691266428155e-05
1,0.0023207000000001815,-1.806144438482438,-8.439112773439561e-05,-12.0,0.9029456317057063,12.0,-0.001005836282847561,-9.030300228334405e-05,-9.030300236773519e-05,-0.0001806144438482438,0.001276735604238327,9.030300228334408e-05
1,0.0023209000000001816,-1.805063607636879,-8.461991185004791e-05,-12.0,0.9024048731044655,12.0,-0.001005924823817866,-9.024894930163153e-05,-9.024894938625145e-05,-0.0001805063607636879,0.001276662019989341,9.024894930163156e-05
1,0.0023211000000001817,-1.80397992634925,-8.484856225554616e-05,-12.0,0.9018626894827558,12.0,-0.001006013593742097,-9.019475380450112e-05,-9.019475388934972e-05,-0.000180397992634925,0.001276588237163312,9.019475380450114e-05
1,0.002321300000000182,-1.802893396330822,-8.507707858951274e-05,-12.0,0.9013190816967562,12.0,-0.001006102592444352,-9.014041587753457e-05,-9.014041596261165e-05,-0.0001802893396330822,0.001276514255840897,9.014041587753457e-05
1,0.002321500000000182,-1.80180401929738,-8.530546048901577e-05,-12.0,0.9007740506049021,12.0,-0.00100619181974812,-9.008593560653912e-05,-9.008593569184456e-05,-0.0001801804019297381,0.001276440076103141,9.008593560653912e-05
1,0.002321700000000182,-1.8007117969692,-8.553370759600831e-05,-12.0,0.9002275970678689,12.0,-0.001006281275476695,-9.00313130775465e-05,-9.003131316308022e-05,-0.00018007117969692,0.001276365698031148,9.003131307754649e-05
1,0.002321900000000182,-1.799616731071044,-8.576181954833562e-05,-12.0,0.8996797219485814,12.0,-0.001006370959452677,-8.997654837681299e-05,-8.997654846257482e-05,-0.0001799616731071044,0.001276291121706435,8.997654837681297e-05
1,0.0023221000000001823,-1.798518823332175,-8.598979598595236e-05,-12.0,0.8991304261122106,12.0,-0.001006460871498416,-8.992164159081967e-05,-8.992164167680945e-05,-0.0001798518823332175,0.00127621634721066,8.992164159081967e-05
1,0.0023223000000001824,-1.797418075486338,-8.621763654903525e-05,-12.0,0.898579710426169,12.0,-0.00100655101143575,-8.986659280627181e-05,-8.986659289248947e-05,-0.0001797418075486338,0.001276141374625742,8.986659280627181e-05
1,0.0023225000000001825,-1.796314489271764,-8.644534087787203e-05,-12.0,0.8980275757601118,12.0,-0.001006641379086168,-8.981140211009897e-05,-8.981140219654431e-05,-0.0001796314489271764,0.001276066204033852,8.981140211009897e-05
1,0.0023227000000001826,-1.795208066431165,-8.667290861286148e-05,-12.0,0.8974740229859342,12.0,-0.001006731974270605,-8.97560695894547e-05,-8.97560696761276e-05,-0.0001795208066431165,0.001275990835517396,8.975606958945471e-05
1,0.0023229000000001827,-1.794098808711735,-8.69003393937362e-05,-12.0,0.8969190529777731,12.0,-0.00100682279680965,-8.970059533171668e-05,-8.970059541861705e-05,-0.0001794098808711735,0.001275915269159072,8.970059533171669e-05
1,0.002323100000000183,-1.792986717865142,-8.712763286233827e-05,-12.0,0.896362666612001,12.0,-0.001006913846523474,-8.964497942448635e-05,-8.964497951161399e-05,-0.0001792986717865142,0.001275839505041718,8.964497942448634e-05
1,0.002323300000000183,-1.791871795647529,-8.735478865928847e-05,-12.0,0.8958048647672275,12.0,-0.001007005123231819,-8.958922195558869e-05,-8.958922204294349e-05,-0.0001791871795647529,0.001275763543248459,8.958922195558869e-05
1,0.002323500000000183,-1.790754043819511,-8.75818064255407e-05,-12.0,0.8952456483242992,12.0,-0.001007096626753898,-8.953332301307246e-05,-8.953332310065428e-05,-0.0001790754043819511,0.001275687383862759,8.953332301307248e-05
1,0.002323700000000183,-1.789633464146171,-8.780868580293699e-05,-12.0,0.8946850181662943,12.0,-0.001007188356908634,-8.947728268520971e-05,-8.947728277301842e-05,-0.0001789633464146171,0.001275611026968201,8.947728268520972e-05
1,0.0023239000000001833,-1.788510058397056,-8.803542643320839e-05,-12.0,0.8941229751785237,12.0,-0.001007280313514464,-8.942110106049569e-05,-8.942110114853113e-05,-0.0001788510058397056,0.001275534472648623,8.942110106049569e-05
1,0.0023241000000001834,-1.787383828346178,-8.826202795797489e-05,-12.0,0.8935595202485316,12.0,-0.001007372496389394,-8.936477822764897e-05,-8.936477831591101e-05,-0.0001787383828346178,0.001275457720988138,8.936477822764896e-05
1,0.0023243000000001835,-1.786254775772008,-8.848849001941161e-05,-12.0,0.8929946542660901,12.0,-0.00100746490535096,-8.930831427561095e-05,-8.930831436409944e-05,-0.0001786254775772008,0.001275380772071177,8.930831427561097e-05
1,0.0023245000000001836,-1.785122902457473,-8.871481226013778e-05,-12.0,0.8924283781231983,12.0,-0.001007557540216364,-8.925170929354582e-05,-8.925170938226065e-05,-0.0001785122902457473,0.001275303625982313,8.925170929354584e-05
1,0.0023247000000001837,-1.783988210189953,-8.894099432255054e-05,-12.0,0.8918606927140825,12.0,-0.001007650400802348,-8.919496337084049e-05,-8.919496345978152e-05,-0.0001783988210189953,0.001275226282806394,8.919496337084051e-05
1,0.002324900000000184,-1.782850700761285,-8.916703584838093e-05,-12.0,0.8912915989351997,12.0,-0.001007743486925242,-8.91380765971048e-05,-8.913807668627185e-05,-0.0001782850700761286,0.001275148742628407,8.913807659710481e-05
1,0.002325100000000184,-1.781710375967753,-8.939293648269064e-05,-12.0,0.8907210976852232,12.0,-0.001007836798400899,-8.90810490621706e-05,-8.908104915156354e-05,-0.0001781710375967753,0.001275071005533798,8.90810490621706e-05
1,0.002325300000000184,-1.780567237610081,-8.961869586732174e-05,-12.0,0.8901491898650525,12.0,-0.001007930335044815,-8.9023880856092e-05,-8.902388094571068e-05,-0.0001780567237610081,0.001274993071608124,8.902388085609198e-05
1,0.002325500000000184,-1.779421287493443,-8.984431364589263e-05,-12.0,0.8895758763778097,12.0,-0.001008024096671986,-8.896657206914556e-05,-8.896657215898987e-05,-0.0001779421287493443,0.001274914940937177,8.896657206914556e-05
1,0.0023257000000001843,-1.778272527427452,-9.006978946257682e-05,-12.0,0.8890011581288342,12.0,-0.001008118083097087,-8.890912279182967e-05,-8.890912288189945e-05,-0.0001778272527427452,0.001274836613607042,8.890912279182968e-05
1,0.0023259000000001844,-1.777120959226152,-9.029512296077069e-05,-12.0,0.8884250360256837,12.0,-0.001008212294134281,-8.885153311486444e-05,-8.885153320515956e-05,-0.0001777120959226152,0.001274758089704023,8.885153311486445e-05
1,0.0023261000000001845,-1.775966584708031,-9.052031378442571e-05,-12.0,0.8878475109781354,12.0,-0.001008306729597397,-8.879380312919199e-05,-8.879380321971231e-05,-0.0001775966584708031,0.001274679369314649,8.879380312919199e-05
1,0.0023263000000001846,-1.774809405696001,-9.074536157860358e-05,-12.0,0.8872685838981793,12.0,-0.001008401389299779,-8.873593292597578e-05,-8.873593301672114e-05,-0.0001774809405696001,0.001274600452525754,8.87359329259758e-05
1,0.0023265000000001848,-1.773649424017408,-9.097026598781088e-05,-12.0,0.8866882557000194,12.0,-0.001008496273054327,-8.86779225966007e-05,-8.8677922687571e-05,-0.0001773649424017408,0.001274521339424378,8.867792259660072e-05
1,0.002326700000000185,-1.772486641504019,-9.11950266559991e-05,-12.0,0.886106527300075,12.0,-0.001008591380673593,-8.86197722326731e-05,-8.861977232386813e-05,-0.0001772486641504019,0.001274442030097758,8.86197722326731e-05
1,0.002326900000000185,-1.771321059992027,-9.141964322911811e-05,-12.0,0.8855233996169736,12.0,-0.001008686711969686,-8.856148192602027e-05,-8.85614820174399e-05,-0.0001771321059992027,0.001274362524633518,8.856148192602027e-05
1,0.002327100000000185,-1.770152681322046,-9.16441153516745e-05,-12.0,0.8849388735715542,12.0,-0.001008782266754299,-8.850305176869059e-05,-8.85030518603347e-05,-0.0001770152681322046,0.00127428282311938,8.850305176869059e-05
1,0.002327300000000185,-1.768981507339101,-9.186844267050631e-05,-12.0,0.8843529500868601,12.0,-0.001008878044838693,-8.844448185295306e-05,-8.844448194482153e-05,-0.0001768981507339101,0.001274202925643328,8.844448185295307e-05
1,0.0023275000000001853,-1.767807539892638,-9.209262482945402e-05,-12.0,0.8837656300881485,12.0,-0.001008974046033728,-8.838577227129779e-05,-8.838577236339041e-05,-0.0001767807539892638,0.001274122832293681,8.838577227129779e-05
1,0.0023277000000001854,-1.766630780836515,-9.231666147591078e-05,-12.0,0.8831769145028769,12.0,-0.001009070270149806,-8.832692311643528e-05,-8.832692320875194e-05,-0.0001766630780836515,0.001274042543158951,8.83269231164353e-05
1,0.0023279000000001855,-1.765451232028988,-9.254055225604851e-05,-12.0,0.8825868042607046,12.0,-0.001009166716996995,-8.826793448129608e-05,-8.826793457383661e-05,-0.0001765451232028988,0.001273962058327874,8.826793448129607e-05
1,0.0023281000000001857,-1.764268895332732,-9.27642968148179e-05,-12.0,0.8819953002935007,12.0,-0.001009263386384879,-8.820880645903156e-05,-8.820880655179588e-05,-0.0001764268895332732,0.00127388137788946,8.820880645903156e-05
1,0.0023283000000001858,-1.763083772614816,-9.298789480083336e-05,-12.0,0.8814024035353278,12.0,-0.001009360278122637,-8.814953914301288e-05,-8.814953923600078e-05,-0.0001763083772614817,0.001273800501933001,8.814953914301287e-05
1,0.002328500000000186,-1.761895865746708,-9.321134585993374e-05,-12.0,0.8808081149224507,12.0,-0.001009457392019034,-8.809013262683107e-05,-8.809013272004243e-05,-0.0001761895865746709,0.001273719430547965,8.809013262683107e-05
1,0.002328700000000186,-1.760705176604278,-9.343464963917913e-05,-12.0,0.8802124353933338,12.0,-0.001009554727882472,-8.803058700429728e-05,-8.803058709773196e-05,-0.0001760705176604278,0.001273638163824045,8.803058700429731e-05
1,0.002328900000000186,-1.759511707067786,-9.365780578618477e-05,-12.0,0.8796153658886356,12.0,-0.001009652285520898,-8.797090236944218e-05,-8.797090246309999e-05,-0.0001759511707067786,0.001273556701851322,8.797090236944219e-05
1,0.0023291000000001862,-1.758315459021881,-9.388081394801073e-05,-12.0,0.8790169073512104,12.0,-0.001009750064741827,-8.791107881651586e-05,-8.791107891039667e-05,-0.0001758315459021882,0.001273475044719918,8.791107881651585e-05
1,0.0023293000000001863,-1.757116434355604,-9.410367377371553e-05,-12.0,0.8784170607261049,12.0,-0.001009848065352356,-8.785111643998786e-05,-8.785111653409155e-05,-0.0001757116434355604,0.001273393192520428,8.785111643998787e-05
1,0.0023295000000001865,-1.75591463496238,-9.43263849100262e-05,-12.0,0.8778158269605608,12.0,-0.001009946287159252,-8.779101533454708e-05,-8.779101542887348e-05,-0.000175591463496238,0.001273311145343528,8.77910153345471e-05
1,0.0023297000000001866,-1.754710062740011,-9.454894700600125e-05,-12.0,0.8772132070040072,12.0,-0.001010044729968823,-8.773077559510133e-05,-8.773077568965026e-05,-0.0001754710062740011,0.001273228903280132,8.773077559510133e-05
1,0.0023299000000001867,-1.753502719590683,-9.477135971025508e-05,-12.0,0.8766092018080625,12.0,-0.001010143393586932,-8.767039731677726e-05,-8.767039741154864e-05,-0.0001753502719590683,0.001273146466421571,8.767039731677728e-05
1,0.002330100000000187,-1.752292607420954,-9.499362267073597e-05,-12.0,0.8760038123265349,12.0,-0.001010242277819082,-8.760988059492056e-05,-8.760988068991416e-05,-0.0001752292607420954,0.0012730638348592,8.760988059492057e-05
1,0.002330300000000187,-1.751079728141758,-9.521573553705753e-05,-12.0,0.8753970395154164,12.0,-0.001010341382470317,-8.754922552509536e-05,-8.754922562031107e-05,-0.0001751079728141759,0.001272981008684809,8.754922552509534e-05
1,0.002330500000000187,-1.749864083668397,-9.543769795894441e-05,-12.0,0.874788884332883,12.0,-0.001010440707345336,-8.74884322030842e-05,-8.748843229852189e-05,-0.0001749864083668397,0.001272897987990337,8.748843220308421e-05
1,0.002330700000000187,-1.748645675920538,-9.565950958456693e-05,-12.0,0.8741793477392967,12.0,-0.001010540252248351,-8.742750072488812e-05,-8.742750082054765e-05,-0.0001748645675920538,0.001272814772868031,8.742750072488814e-05
1,0.0023309000000001872,-1.747424506822215,-9.588117006475994e-05,-12.0,0.8735684306971989,12.0,-0.001010640016983283,-8.736643118672637e-05,-8.73664312826075e-05,-0.0001747424506822215,0.001272731363410204,8.736643118672637e-05
1,0.0023311000000001874,-1.746200578301817,-9.61026790493591e-05,-12.0,0.8729561341713075,12.0,-0.001010740001353524,-8.73052236850357e-05,-8.730522378113837e-05,-0.0001746200578301817,0.001272647759709769,8.730522368503568e-05
1,0.0023313000000001875,-1.744973892292098,-9.632403618742291e-05,-12.0,0.8723424591285275,12.0,-0.001010840205162095,-8.724387831647149e-05,-8.724387841279554e-05,-0.0001744973892292098,0.001272563961859499,8.724387831647149e-05
1,0.0023315000000001876,-1.743744450730164,-9.65452411315626e-05,-12.0,0.871727406537932,12.0,-0.001010940628211707,-8.718239517790636e-05,-8.71823952744516e-05,-0.0001743744450730164,0.001272479969952639,8.718239517790636e-05
1,0.0023317000000001877,-1.742512255557465,-9.676629353039257e-05,-12.0,0.871110977370774,12.0,-0.001011041270304505,-8.712077436643047e-05,-8.712077446319676e-05,-0.0001742512255557465,0.001272395784082683,8.712077436643044e-05
1,0.002331900000000188,-1.741277308719809,-9.698719303619097e-05,-12.0,0.8704931726004784,12.0,-0.001011142131242357,-8.705901597935146e-05,-8.705901607633865e-05,-0.0001741277308719809,0.001272311404343252,8.705901597935146e-05
1,0.002332100000000188,-1.740039612167346,-9.72079392990155e-05,-12.0,0.869873993202645,12.0,-0.001011243210826684,-8.699712011419441e-05,-8.699712021140238e-05,-0.0001740039612167346,0.001272226830828338,8.699712011419441e-05
1,0.002332300000000188,-1.738799167854569,-9.742853197136636e-05,-12.0,0.8692534401550417,12.0,-0.001011344508858453,-8.693508686870131e-05,-8.693508696612986e-05,-0.0001738799167854569,0.001272142063632076,8.693508686870131e-05
1,0.002332500000000188,-1.737555977740304,-9.764897070441148e-05,-12.0,0.8686315144376056,12.0,-0.001011446025138335,-8.687291634083099e-05,-8.687291643847997e-05,-0.0001737555977740304,0.001272057102848931,8.6872916340831e-05
1,0.0023327000000001883,-1.736310043787721,-9.786925514942979e-05,-12.0,0.8680082170324439,12.0,-0.001011547759466477,-8.681060862875933e-05,-8.68106087266286e-05,-0.0001736310043787721,0.001271971948573605,8.681060862875933e-05
1,0.0023329000000001884,-1.735061367964322,-9.808938495969866e-05,-12.0,0.8673835489238276,12.0,-0.001011649711642748,-8.674816383087874e-05,-8.674816392896811e-05,-0.0001735061367964322,0.001271886600900968,8.674816383087873e-05
1,0.0023331000000001885,-1.733809952241932,-9.830935978694111e-05,-12.0,0.866757511098192,12.0,-0.001011751881466502,-8.66855820457979e-05,-8.668558214410727e-05,-0.0001733809952241933,0.001271801059926261,8.66855820457979e-05
1,0.0023333000000001886,-1.732555798596711,-9.852917928399041e-05,-12.0,0.866130104544138,12.0,-0.001011854268736775,-8.66228633723422e-05,-8.662286347087138e-05,-0.0001732555798596712,0.001271715325744882,8.66228633723422e-05
1,0.0023335000000001887,-1.731298909009138,-9.874884310367982e-05,-12.0,0.8655013302524253,12.0,-0.001011956873252215,-8.65600079095529e-05,-8.656000800830173e-05,-0.0001731298909009138,0.001271629398452476,8.65600079095529e-05
1,0.002333700000000189,-1.730039285464014,-9.896835089895362e-05,-12.0,0.8648711892159752,12.0,-0.001012059694810954,-8.64970157566874e-05,-8.649701585565577e-05,-0.0001730039285464014,0.001271543278145007,8.649701575668741e-05
1,0.002333900000000189,-1.728776929950453,-9.91877023243104e-05,-12.0,0.8642396824298628,12.0,-0.001012162733210809,-8.643388701321871e-05,-8.643388711240643e-05,-0.0001728776929950453,0.001271456964918691,8.643388701321871e-05
1,0.002334100000000189,-1.727511844461887,-9.940689703080707e-05,-12.0,0.8636068108913282,12.0,-0.001012265988249189,-8.637062177883591e-05,-8.637062187824282e-05,-0.0001727511844461887,0.001271370458869867,8.63706217788359e-05
1,0.002334300000000189,-1.726244030996066,-9.962593467505165e-05,-12.0,0.8629725755997608,12.0,-0.001012369459723134,-8.630722015344358e-05,-8.630722025306953e-05,-0.0001726244030996066,0.001271283760095235,8.63072201534436e-05
1,0.0023345000000001893,-1.72497349155503,-9.984481491043251e-05,-12.0,0.8623369775567012,12.0,-0.001012473147429249,-8.624368223716118e-05,-8.624368233700597e-05,-0.000172497349155503,0.001271196868691746,8.624368223716117e-05
1,0.0023347000000001894,-1.723700228145141,-0.0001000635373895609,-12.0,0.861700017765851,12.0,-0.001012577051163768,-8.618000813032406e-05,-8.61800082303876e-05,-0.0001723700228145141,0.001271109784756502,8.618000813032407e-05
1,0.0023349000000001895,-1.722424242777057,-0.0001002821017698219,-12.0,0.8610616972330528,12.0,-0.001012681170722493,-8.611619793348227e-05,-8.611619803376438e-05,-0.0001722424242777057,0.00127102250838694,8.611619793348227e-05
1,0.0023351000000001896,-1.721145537465727,-0.0001005005077043819,-12.0,0.860422016966302,12.0,-0.001012785505900865,-8.605225174740064e-05,-8.605225184790116e-05,-0.0001721145537465728,0.001270935039680746,8.605225174740064e-05
1,0.0023353000000001897,-1.719864114230406,-0.0001007187548485167,-12.0,0.8597809779757429,12.0,-0.001012890056493868,-8.598816967305914e-05,-8.59881697737779e-05,-0.0001719864114230406,0.001270847378735868,8.598816967305915e-05
1,0.00233550000000019,-1.718579975094636,-0.000100936842858057,-12.0,0.8591385812736626,12.0,-0.001012994822296165,-8.592395181165206e-05,-8.592395191258891e-05,-0.0001718579975094636,0.001270759525650422,8.592395181165207e-05
1,0.00233570000000019,-1.717293122086245,-0.0001011547713885008,-12.0,0.8584948278744922,12.0,-0.001013099803102005,-8.585959826458805e-05,-8.585959836574284e-05,-0.0001717293122086245,0.001270671480522859,8.585959826458808e-05
1,0.00233590000000019,-1.716003557237353,-0.0001013725400952348,-12.0,0.857849718794808,12.0,-0.001013204998705303,-8.579510913349032e-05,-8.579510923486287e-05,-0.0001716003557237353,0.001270583243451751,8.579510913349033e-05
1,0.00233610000000019,-1.714711282584358,-0.0001015901486352,-12.0,0.8572032550533245,12.0,-0.001013310408899418,-8.573048452019597e-05,-8.573048462178612e-05,-0.0001714711282584358,0.001270494814536144,8.573048452019597e-05
1,0.0023363000000001903,-1.713416300167937,-0.0001018075966642273,-12.0,0.8565554376708963,12.0,-0.001013416033477432,-8.566572452675604e-05,-8.566572462856364e-05,-0.0001713416300167937,0.00127040619387514,8.566572452675606e-05
1,0.0023365000000001904,-1.712118612033044,-0.0001020248838394799,-12.0,0.8559062676705141,12.0,-0.001013521872232082,-8.560082925543535e-05,-8.560082935746024e-05,-0.0001712118612033044,0.001270317381568103,8.560082925543536e-05
1,0.0023367000000001905,-1.710818220228907,-0.0001022420098168997,-12.0,0.8552557460773083,12.0,-0.001013627924955615,-8.553579880871251e-05,-8.553579891095452e-05,-0.0001710818220228907,0.00127022837771476,8.553579880871252e-05
1,0.0023369000000001906,-1.709515126809023,-0.0001024589742546489,-12.0,0.8546038739185401,12.0,-0.00101373419143988,-8.547063328927946e-05,-8.547063339173844e-05,-0.0001709515126809023,0.0012701391824151,8.547063328927948e-05
1,0.0023371000000001908,-1.708209333831152,-0.0001026757768096687,-12.0,0.8539506522236037,12.0,-0.00101384067147646,-8.540533280004132e-05,-8.540533290271712e-05,-0.0001708209333831152,0.00127004979576914,8.540533280004134e-05
1,0.002337300000000191,-1.706900843357321,-0.0001028924171395662,-12.0,0.8532960820240272,12.0,-0.001013947364856424,-8.533989744411668e-05,-8.533989754700909e-05,-0.0001706900843357321,0.001269960217877356,8.533989744411668e-05
1,0.002337500000000191,-1.705589657453818,-0.0001031088949023928,-12.0,0.8526401643534662,12.0,-0.00101405427137051,-8.527432732483687e-05,-8.527432742794577e-05,-0.0001705589657453818,0.001269870448840443,8.527432732483687e-05
1,0.002337700000000191,-1.704275778191177,-0.0001033252097571991,-12.0,0.8519829002477007,12.0,-0.001014161390809037,-8.520862254574579e-05,-8.520862264907102e-05,-0.0001704275778191177,0.001269780488759295,8.52086225457458e-05
1,0.002337900000000191,-1.7029592076442,-0.0001035413613601488,-12.0,0.851324290744646,12.0,-0.001014268722961995,-8.514278321060063e-05,-8.514278331414198e-05,-0.00017029592076442,0.00126969033773508,8.514278321060061e-05
1,0.0023381000000001913,-1.70163994789193,-0.000103757349372624,-12.0,0.8506643368843325,12.0,-0.001014376267618938,-8.507680942337052e-05,-8.507680952712789e-05,-0.000170163994789193,0.001269599995869189,8.507680942337052e-05
1,0.0023383000000001914,-1.700318001017656,-0.00010397317345201,-12.0,0.8500030397089186,12.0,-0.001014484024569051,-8.501070128823704e-05,-8.501070139221021e-05,-0.0001700318001017656,0.001269509463263346,8.501070128823706e-05
1,0.0023385000000001916,-1.698993369108913,-0.0001041888332578012,-12.0,0.8493404002626815,12.0,-0.001014591993601099,-8.494445890959395e-05,-8.494445901378277e-05,-0.0001698993369108913,0.001269418740019429,8.494445890959394e-05
1,0.0023387000000001917,-1.697666054257478,-0.0001044043284494922,-12.0,0.8486764195920217,12.0,-0.001014700174503516,-8.487808239204709e-05,-8.487808249645144e-05,-0.0001697666054257478,0.001269327826239647,8.487808239204712e-05
1,0.0023389000000001918,-1.696336058559363,-0.0001046196586871329,-12.0,0.848011098745454,12.0,-0.001014808567064304,-8.48115718404141e-05,-8.481157194503379e-05,-0.0001696336058559363,0.001269236722026376,8.481157184041412e-05
1,0.002339100000000192,-1.695003384114809,-0.0001048348236307728,-12.0,0.84734443877361,12.0,-0.001014917171071134,-8.474492735972406e-05,-8.474492746455892e-05,-0.0001695003384114809,0.001269145427482368,8.474492735972407e-05
1,0.002339300000000192,-1.693668033028293,-0.0001050498229397956,-12.0,0.8466764407292386,12.0,-0.001015025986311285,-8.467814905521784e-05,-8.467814916026768e-05,-0.0001693668033028293,0.001269053942710416,8.467814905521785e-05
1,0.002339500000000192,-1.692330007408518,-0.0001052646562755832,-12.0,0.8460071056671992,12.0,-0.001015135012571569,-8.461123703234749e-05,-8.461123713761213e-05,-0.0001692330007408518,0.001268962267813853,8.461123703234748e-05
1,0.0023397000000001922,-1.690989309368407,-0.0001054793232990736,-12.0,0.845336434644462,12.0,-0.001015244249638517,-8.454419139677608e-05,-8.454419150225541e-05,-0.0001690989309368407,0.001268870402896027,8.454419139677611e-05
1,0.0023399000000001923,-1.689645941025107,-0.0001056938236702054,-12.0,0.84466442872011,12.0,-0.001015353697298271,-8.447701225437802e-05,-8.447701236007187e-05,-0.0001689645941025107,0.001268778348060592,8.447701225437802e-05
1,0.0023401000000001925,-1.688299904499982,-0.0001059081570519149,-12.0,0.8439910889553315,12.0,-0.001015463355336518,-8.440969971123834e-05,-8.440969981714648e-05,-0.0001688299904499982,0.001268686103411534,8.440969971123834e-05
1,0.0023403000000001926,-1.686951201918602,-0.0001061223231044739,-12.0,0.8433164164134209,12.0,-0.001015573223538624,-8.434225387365256e-05,-8.434225397977486e-05,-0.0001686951201918602,0.00126859366905302,8.434225387365254e-05
1,0.0023405000000001927,-1.685599835410757,-0.0001063363214900415,-12.0,0.8426404121597801,12.0,-0.001015683301689566,-8.427467484812703e-05,-8.427467495446335e-05,-0.0001685599835410757,0.001268501045089493,8.427467484812702e-05
1,0.002340700000000193,-1.68424580711044,-0.0001065501518711098,-12.0,0.8419630772619121,12.0,-0.001015793589573932,-8.420696274137832e-05,-8.420696284792848e-05,-0.0001684245807110441,0.001268408231625648,8.420696274137833e-05
1,0.002340900000000193,-1.682889119155846,-0.0001067638139102822,-12.0,0.8412844127894192,12.0,-0.00101590408697598,-8.413911766033294e-05,-8.413911776709679e-05,-0.0001682889119155846,0.001268315228766401,8.413911766033295e-05
1,0.002341100000000193,-1.681529773689365,-0.0001069773072698288,-12.0,0.8406044198140044,12.0,-0.001016014793679479,-8.407113971212742e-05,-8.407113981910476e-05,-0.0001681529773689365,0.001268222036616945,8.407113971212742e-05
1,0.002341300000000193,-1.680167772857595,-0.0001071906316113536,-12.0,0.8399230994094741,12.0,-0.001016125709467963,-8.400302900410855e-05,-8.400302911129918e-05,-0.0001680167772857595,0.001268128655282752,8.400302900410855e-05
1,0.0023415000000001933,-1.678803118811323,-0.0001074037866006794,-12.0,0.8392404526517224,12.0,-0.001016236834124468,-8.39347856438323e-05,-8.393478575123612e-05,-0.0001678803118811323,0.001268035084869557,8.393478564383231e-05
1,0.0023417000000001934,-1.677435813705518,-0.0001076167718997434,-12.0,0.8385564806187418,12.0,-0.001016348167431708,-8.386640973906416e-05,-8.386640984668093e-05,-0.0001677435813705518,0.001267941325483232,8.386640973906416e-05
1,0.0023419000000001935,-1.676065859699346,-0.0001078295871718149,-12.0,0.8378711843906193,12.0,-0.001016459709172038,-8.37979013977791e-05,-8.379790150560869e-05,-0.0001676065859699346,0.001267847377230027,8.379790139777912e-05
1,0.0023421000000001936,-1.674693258956151,-0.0001080422320819396,-12.0,0.8371845650495302,12.0,-0.001016571459127452,-8.372926072816121e-05,-8.372926083620345e-05,-0.0001674693258956151,0.001267753240216385,8.372926072816121e-05
1,0.0023423000000001937,-1.673318013643455,-0.0001082547062941641,-12.0,0.8364966236797393,12.0,-0.001016683417079445,-8.366048783860334e-05,-8.366048794685806e-05,-0.0001673318013643455,0.001267658914549039,8.366048783860336e-05
1,0.002342500000000194,-1.671940125932962,-0.0001084670094724238,-12.0,0.8358073613676019,12.0,-0.001016795582809316,-8.359158283770744e-05,-8.359158294617447e-05,-0.0001671940125932962,0.001267564400334917,8.359158283770744e-05
1,0.002342700000000194,-1.670559598000542,-0.0001086791412823196,-12.0,0.8351167792015561,12.0,-0.001016907956097893,-8.352254583428384e-05,-8.352254594296299e-05,-0.0001670559598000542,0.001267469697681267,8.352254583428385e-05
1,0.002342900000000194,-1.669176432026239,-0.000108891101388453,-12.0,0.8344248782721256,12.0,-0.00101702053672556,-8.34533769373514e-05,-8.345337704624252e-05,-0.0001669176432026239,0.001267374806695573,8.345337693735141e-05
1,0.002343100000000194,-1.667790630194258,-0.000109102889456536,-12.0,0.8337316596719154,12.0,-0.001017133324472536,-8.338407625613716e-05,-8.338407636524009e-05,-0.0001667790630194258,0.001267279727485512,8.33840762561372e-05
1,0.0023433000000001943,-1.666402194692972,-0.0001093145051511701,-12.0,0.8330371244956143,12.0,-0.001017246319118509,-8.331464390007655e-05,-8.331464400939106e-05,-0.0001666402194692972,0.001267184460159082,8.331464390007655e-05
1,0.0023435000000001944,-1.665011127714913,-0.0001095259481393995,-12.0,0.8323412738399879,12.0,-0.001017359520442795,-8.324507997881274e-05,-8.324508008833869e-05,-0.0001665011127714913,0.001267089004824529,8.324507997881274e-05
1,0.0023437000000001945,-1.663617431456759,-0.0001097372180878242,-12.0,0.8316441088038756,12.0,-0.001017472928224419,-8.317538460219635e-05,-8.317538471193358e-05,-0.000166361743145676,0.001266993361590321,8.317538460219635e-05
1,0.0023439000000001946,-1.662221108119351,-0.0001099483146609348,-12.0,0.8309456304882011,12.0,-0.001017586542242016,-8.310555788028621e-05,-8.310555799023451e-05,-0.0001662221108119351,0.001266897530565206,8.310555788028621e-05
1,0.0023441000000001947,-1.660822159907678,-0.0001101592375271077,-12.0,0.830245839995956,12.0,-0.001017700362273777,-8.303559992334831e-05,-8.303560003350756e-05,-0.0001660822159907678,0.001266801511858193,8.303559992334831e-05
1,0.002344300000000195,-1.659420589030863,-0.0001103699863534979,-12.0,0.8295447384322011,12.0,-0.001017814388097615,-8.296551084185547e-05,-8.296551095222547e-05,-0.0001659420589030863,0.0012667053055785,8.296551084185546e-05
1,0.002344500000000195,-1.658016397702181,-0.0001105805608051513,-12.0,0.8288423269040772,12.0,-0.001017928619491057,-8.289529074648826e-05,-8.28952908570688e-05,-0.0001658016397702181,0.001266608911835651,8.289529074648824e-05
1,0.002344700000000195,-1.656609588139047,-0.0001107909605529978,-12.0,0.8281386065207843,12.0,-0.001018043056231294,-8.282493974813374e-05,-8.28249398589247e-05,-0.0001656609588139047,0.001266512330739336,8.282493974813374e-05
1,0.002344900000000195,-1.655200162562995,-0.000111001185262527,-12.0,0.8274335783935918,12.0,-0.001018157698095004,-8.275445795788544e-05,-8.275445806888661e-05,-0.0001655200162562995,0.001266415562399689,8.275445795788543e-05
1,0.0023451000000001953,-1.65378812319971,-0.0001112112346015603,-12.0,0.8267272436358402,12.0,-0.001018272544858673,-8.268384548704418e-05,-8.268384559825542e-05,-0.000165378812319971,0.001266318606926858,8.268384548704418e-05
1,0.0023453000000001954,-1.652373472278993,-0.0001114211082405836,-12.0,0.8260196033629247,12.0,-0.001018387596298354,-8.261310244711651e-05,-8.261310255853762e-05,-0.0001652373472278993,0.001266221464431422,8.261310244711654e-05
1,0.0023455000000001955,-1.650956212034768,-0.0001116308058460858,-12.0,0.8253106586923068,12.0,-0.00101850285218974,-8.254222894981532e-05,-8.25422290614461e-05,-0.0001650956212034768,0.001266124135024124,8.25422289498153e-05
1,0.0023457000000001956,-1.649536344705084,-0.0001118403270886636,-12.0,0.8246004107435059,12.0,-0.001018618312308123,-8.247122510705946e-05,-8.247122521889978e-05,-0.0001649536344705084,0.001266026618816057,8.247122510705946e-05
1,0.0023459000000001957,-1.648113872532107,-0.0001120496716361385,-12.0,0.8238888606381025,12.0,-0.001018733976428515,-8.240009103097385e-05,-8.240009114302355e-05,-0.0001648113872532107,0.001265928915918396,8.240009103097387e-05
1,0.002346100000000196,-1.646688797762115,-0.0001122588391593293,-12.0,0.8231760094997304,12.0,-0.001018849844325487,-8.232882683388894e-05,-8.23288269461478e-05,-0.0001646688797762115,0.001265831026442787,8.232882683388897e-05
1,0.002346300000000196,-1.645261122645493,-0.0001124678293270565,-12.0,0.8224618584540776,12.0,-0.001018965915773287,-8.225743262834047e-05,-8.225743274080831e-05,-0.0001645261122645493,0.00126573295050092,8.225743262834047e-05
1,0.002346500000000196,-1.643830849436738,-0.0001126766418094727,-12.0,0.8217464086288883,12.0,-0.001019082190545806,-8.218590852706978e-05,-8.21859086397464e-05,-0.0001643830849436737,0.001265634688204939,8.218590852706978e-05
1,0.002346700000000196,-1.642397980394447,-0.0001128852762773969,-12.0,0.8210296611539544,12.0,-0.001019198668416529,-8.211425464302319e-05,-8.211425475590846e-05,-0.0001642397980394447,0.001265536239667076,8.211425464302319e-05
1,0.0023469000000001963,-1.640962517781313,-0.0001130937324015369,-12.0,0.8203116171611169,12.0,-0.001019315349158653,-8.204247108935185e-05,-8.204247120244559e-05,-0.0001640962517781314,0.001265437604999933,8.204247108935185e-05
1,0.0023471000000001964,-1.639524463864131,-0.0001133020098519344,-12.0,0.8195922777842675,12.0,-0.00101943223254497,-8.197055797941193e-05,-8.197055809271395e-05,-0.0001639524463864131,0.001265338784316339,8.197055797941195e-05
1,0.0023473000000001965,-1.638083820913786,-0.0001135101083005186,-12.0,0.818871644159341,12.0,-0.00101954931834794,-8.189851542676413e-05,-8.189851554027426e-05,-0.0001638083820913786,0.001265239777729271,8.189851542676416e-05
1,0.0023475000000001967,-1.636640591205246,-0.0001137180274189964,-12.0,0.8181497174243143,12.0,-0.001019666606339592,-8.18263435451733e-05,-8.182634365889137e-05,-0.0001636640591205246,0.001265140585352167,8.182634354517333e-05
1,0.0023477000000001968,-1.635194777017567,-0.0001139257668787419,-12.0,0.8174264987192074,12.0,-0.001019784096291707,-8.17540424486086e-05,-8.175404256253439e-05,-0.0001635194777017567,0.001265041207298576,8.175404244860861e-05
1,0.002347900000000197,-1.633746380633891,-0.000114133326350796,-12.0,0.8167019891860863,12.0,-0.001019901787975661,-8.16816122512437e-05,-8.168161236537704e-05,-0.0001633746380633892,0.001264941643682266,8.168161225124371e-05
1,0.002348100000000197,-1.632295404341435,-0.0001143407055095302,-12.0,0.8159761899690464,12.0,-0.001020019681162443,-8.16090530674556e-05,-8.16090531817963e-05,-0.0001632295404341436,0.001264841894617411,8.160905306745559e-05
1,0.002348300000000197,-1.630841850431484,-0.0001145479040262076,-12.0,0.8152491022142236,12.0,-0.001020137775622695,-8.153636501182499e-05,-8.153636512637288e-05,-0.0001630841850431484,0.001264741960218349,8.153636501182499e-05
1,0.0023485000000001972,-1.629385721199402,-0.0001147549215736454,-12.0,0.8145207270697911,12.0,-0.001020256071126796,-8.146354819913646e-05,-8.14635483138914e-05,-0.0001629385721199402,0.001264641840599656,8.146354819913648e-05
1,0.0023487000000001973,-1.627927018944616,-0.0001149617578261042,-12.0,0.8137910656859514,12.0,-0.001020374567444651,-8.139060274437777e-05,-8.139060285933951e-05,-0.0001627927018944616,0.001264541535876171,8.139060274437776e-05
1,0.0023489000000001974,-1.626465745970613,-0.0001151684124562902,-12.0,0.8130601192149383,12.0,-0.001020493264345848,-8.131752876273944e-05,-8.131752887790785e-05,-0.0001626465745970614,0.001264441046163078,8.131752876273945e-05
1,0.0023491000000001976,-1.625001904584947,-0.0001153748851376868,-12.0,0.8123278888110183,12.0,-0.001020612161599696,-8.124432636961559e-05,-8.124432648499049e-05,-0.0001625001904584947,0.001264340371575703,8.12443263696156e-05
1,0.0023493000000001977,-1.623535497099224,-0.0001155811755452207,-12.0,0.8115943756304821,12.0,-0.001020731258975033,-8.117099568060273e-05,-8.117099579618393e-05,-0.0001623535497099224,0.00126423951222969,8.117099568060273e-05
1,0.002349500000000198,-1.622066525829096,-0.0001157872833528195,-12.0,0.810859580831646,12.0,-0.001020850556240419,-8.109753681149986e-05,-8.109753692728718e-05,-0.0001622066525829096,0.001264138468240916,8.109753681149989e-05
1,0.002349700000000198,-1.620594993094274,-0.0001159932082344106,-12.0,0.8101235055748534,12.0,-0.001020970053164053,-8.102394987830877e-05,-8.102394999430199e-05,-0.0001620594993094274,0.001264037239725568,8.102394987830878e-05
1,0.002349900000000198,-1.61912090121851,-0.000116198949866031,-12.0,0.8093861510224666,12.0,-0.001021089749513787,-8.095023499723328e-05,-8.09502351134322e-05,-0.000161912090121851,0.001263935826799983,8.095023499723326e-05
1,0.002350100000000198,-1.617644252529597,-0.0001164045079221632,-12.0,0.8086475183388702,12.0,-0.001021209645057114,-8.087639228467923e-05,-8.087639240108376e-05,-0.0001617644252529597,0.00126383422958086,8.087639228467923e-05
1,0.0023503000000001982,-1.61616504935936,-0.0001166098820796213,-12.0,0.8079076086904616,12.0,-0.001021329739561164,-8.080242185725413e-05,-8.0802421973864e-05,-0.000161616504935936,0.00126373244818509,8.080242185725413e-05
1,0.0023505000000001984,-1.614683294043666,-0.0001168150720117778,-12.0,0.8071664232456646,12.0,-0.001021450032792734,-8.072832383176763e-05,-8.072832394858271e-05,-0.0001614683294043666,0.001263630482729899,8.072832383176764e-05
1,0.0023507000000001985,-1.613198988922415,-0.0001170200773968899,-12.0,0.806423963174911,12.0,-0.001021570524518303,-8.065409832523079e-05,-8.06540984422509e-05,-0.0001613198988922414,0.001263528333332653,8.06540983252308e-05
1,0.0023509000000001986,-1.611712136339516,-0.0001172248979109947,-12.0,0.8056802296506426,12.0,-0.001021691214503961,-8.057974545485536e-05,-8.057974557208026e-05,-0.0001611712136339516,0.001263426000111048,8.057974545485536e-05
1,0.0023511000000001987,-1.610222738642922,-0.0001174295332289077,-12.0,0.8049352238473222,12.0,-0.001021812102515493,-8.050526533805512e-05,-8.050526545548466e-05,-0.0001610222738642922,0.001263323483183032,8.050526533805512e-05
1,0.002351300000000199,-1.608730798184594,-0.0001176339830304407,-12.0,0.8041889469414115,12.0,-0.00102193318831828,-8.043065809244419e-05,-8.043065821007818e-05,-0.0001608730798184594,0.001263220782666816,8.04306580924442e-05
1,0.002351500000000199,-1.607236317320504,-0.0001178382469915196,-12.0,0.8034414001113827,12.0,-0.001022054471677386,-8.035592383583739e-05,-8.035592395367565e-05,-0.0001607236317320504,0.001263117898680846,8.035592383583742e-05
1,0.002351700000000199,-1.60573929841065,-0.0001180423247881812,-12.0,0.8026925845377194,12.0,-0.001022175952357554,-8.028106268625075e-05,-8.028106280429308e-05,-0.000160573929841065,0.001263014831343848,8.028106268625076e-05
1,0.002351900000000199,-1.604239743819027,-0.0001182462161013476,-12.0,0.8019425014028995,12.0,-0.00102229763012314,-8.020607476190008e-05,-8.020607488014628e-05,-0.0001604239743819027,0.001262911580774809,8.020607476190009e-05
1,0.0023521000000001993,-1.602737655913632,-0.0001184499206068335,-12.0,0.8011911518914065,12.0,-0.001022419504738262,-8.013096018120133e-05,-8.013096029965125e-05,-0.0001602737655913632,0.001262808147092939,8.013096018120135e-05
1,0.0023523000000001994,-1.601233037066472,-0.0001186534379836734,-12.0,0.8004385371897261,12.0,-0.001022541575966512,-8.005571906277096e-05,-8.00557191814244e-05,-0.0001601233037066472,0.001262704530417713,8.005571906277099e-05
1,0.0023525000000001995,-1.599725889653546,-0.0001188567679111241,-12.0,0.7996846584863385,12.0,-0.001022663843571289,-7.998035152542498e-05,-7.998035164428173e-05,-0.0001599725889653546,0.001262600730868937,7.998035152542497e-05
1,0.0023527000000001996,-1.598216216054844,-0.0001190599100677758,-12.0,0.7989295169717211,12.0,-0.001022786307315643,-7.990485768817889e-05,-7.990485780723881e-05,-0.0001598216216054844,0.00126249674856653,7.990485768817889e-05
1,0.0023529000000001997,-1.596704018654346,-0.0001192628641333293,-12.0,0.7981731138383443,12.0,-0.00102290896696218,-7.982923767024775e-05,-7.982923778951063e-05,-0.0001596704018654346,0.001262392583630867,7.982923767024776e-05
1,0.0023531000000002,-1.59518929984002,-0.000119465629786375,-12.0,0.7974154502806742,12.0,-0.001023031822273299,-7.975349159104606e-05,-7.975349171051167e-05,-0.000159518929984002,0.001262288236182338,7.975349159104606e-05
1,0.0023533000000002,-1.593672062003816,-0.0001196682067080568,-12.0,0.7966565274951637,12.0,-0.001023154873010954,-7.967761957018719e-05,-7.967761968985538e-05,-0.0001593672062003816,0.001262183706341832,7.967761957018718e-05
1,0.0023535000000002,-1.592152307541656,-0.0001198705945784084,-12.0,0.7958963466802546,12.0,-0.001023278118936807,-7.960162172748331e-05,-7.96016218473539e-05,-0.0001592152307541657,0.001262078994230337,7.96016217274833e-05
1,0.0023537000000002,-1.590630038853444,-0.0001200727930772416,-12.0,0.7951349090363781,12.0,-0.001023401559812218,-7.952549818294553e-05,-7.952549830301832e-05,-0.0001590630038853444,0.001261974099969129,7.952549818294553e-05
1,0.0023539000000002003,-1.589105258343051,-0.0001202748018860333,-12.0,0.7943722157659483,12.0,-0.001023525195398126,-7.944924905678345e-05,-7.944924917705824e-05,-0.0001589105258343051,0.001261869023679821,7.944924905678343e-05
1,0.0023541000000002004,-1.587577968418308,-0.0001204766206867047,-12.0,0.7936082680733576,12.0,-0.001023649025455195,-7.937287446940444e-05,-7.937287458988105e-05,-0.0001587577968418308,0.001261763765484189,7.937287446940444e-05
1,0.0023543000000002005,-1.586048171491018,-0.0001206782491581793,-12.0,0.7928430671649892,12.0,-0.001023773049743715,-7.929637454141474e-05,-7.929637466209298e-05,-0.0001586048171491018,0.001261658325504345,7.929637454141474e-05
1,0.0023545000000002006,-1.584515869976944,-0.0001208796869843765,-12.0,0.7920766142491986,12.0,-0.001023897268023682,-7.921974939361833e-05,-7.9219749514498e-05,-0.0001584515869976944,0.001261552703862578,7.92197493936183e-05
1,0.0023547000000002007,-1.582981066295795,-0.0001210809338471064,-12.0,0.7913089105363175,12.0,-0.001024021680054762,-7.914299914701646e-05,-7.914299926809738e-05,-0.0001582981066295795,0.001261446900681501,7.914299914701646e-05
1,0.002354900000000201,-1.581443762871233,-0.0001212819894282902,-12.0,0.7905399572386547,12.0,-0.001024146285596231,-7.906612392280827e-05,-7.906612404409024e-05,-0.0001581443762871233,0.001261340916083972,7.90661239228083e-05
1,0.002355100000000201,-1.579903962130876,-0.0001214828534099599,-12.0,0.7897697555704947,12.0,-0.001024271084407072,-7.898912384239046e-05,-7.898912396387332e-05,-0.0001579903962130876,0.00126123475019306,7.898912384239047e-05
1,0.002355300000000201,-1.578361666506279,-0.0001216835254760351,-12.0,0.7889983067480899,12.0,-0.001024396076245951,-7.89119990273566e-05,-7.891199914904013e-05,-0.0001578361666506279,0.001261128403132167,7.89119990273566e-05
1,0.002355500000000201,-1.576816878432934,-0.0001218840053096581,-12.0,0.7882256119896623,12.0,-0.001024521260871145,-7.88347495994972e-05,-7.88347497213812e-05,-0.0001576816878432934,0.001261021875024929,7.88347495994972e-05
1,0.0023557000000002013,-1.575269600350276,-0.0001220842925938603,-12.0,0.7874516725154045,12.0,-0.001024646638040638,-7.875737568079983e-05,-7.875737580288411e-05,-0.0001575269600350276,0.001260915165995233,7.875737568079984e-05
1,0.0023559000000002014,-1.573719834701669,-0.0001222843870128942,-12.0,0.7866764895474715,12.0,-0.001024772207512112,-7.867987739344846e-05,-7.867987751573283e-05,-0.0001573719834701669,0.001260808276167175,7.867987739344845e-05
1,0.0023561000000002015,-1.572167583934403,-0.0001224842882512345,-12.0,0.7859000643099819,12.0,-0.001024897969042843,-7.860225485982331e-05,-7.86022549823076e-05,-0.0001572167583934403,0.001260701205665252,7.860225485982333e-05
1,0.0023563000000002016,-1.570612850499695,-0.0001226839959921344,-12.0,0.7851223980290195,12.0,-0.0010250239223899,-7.852450820250118e-05,-7.852450832518516e-05,-0.0001570612850499696,0.001260593954614045,7.852450820250117e-05
1,0.0023565000000002017,-1.569055636852684,-0.0001228835099219561,-12.0,0.7843434919326241,12.0,-0.001025150067309896,-7.84466375442546e-05,-7.844663766713813e-05,-0.0001569055636852685,0.001260486523138496,7.844663754425461e-05
1,0.002356700000000202,-1.567495945452419,-0.000123082829724952,-12.0,0.7835633472507939,12.0,-0.001025276403559164,-7.83686430080519e-05,-7.836864313113473e-05,-0.000156749594545242,0.001260378911363852,7.83686430080519e-05
1,0.002356900000000202,-1.565933778761869,-0.0001232819550860409,-12.0,0.7827819652154858,12.0,-0.001025402930893718,-7.829052471705718e-05,-7.829052484033917e-05,-0.0001565933778761869,0.001260271119415485,7.82905247170572e-05
1,0.002357100000000202,-1.56436913924791,-0.0001234808856921399,-12.0,0.7819993470606078,12.0,-0.001025529649069254,-7.821228279463e-05,-7.821228291811088e-05,-0.000156436913924791,0.001260163147419155,7.821228279463e-05
1,0.002357300000000202,-1.56280202938132,-0.0001236796212280566,-12.0,0.781215494022022,12.0,-0.001025656557841106,-7.813391736432499e-05,-7.81339174880046e-05,-0.000156280202938132,0.001260054995500803,7.8133917364325e-05
1,0.0023575000000002023,-1.561232451636778,-0.0001238781613818185,-12.0,0.7804304073375344,12.0,-0.001025783656964346,-7.805542854989162e-05,-7.80554286737698e-05,-0.0001561232451636778,0.001259946663786635,7.805542854989163e-05
1,0.0023577000000002024,-1.559660408492863,-0.0001240765058369009,-12.0,0.7796440882469112,12.0,-0.00102591094619367,-7.797681647527483e-05,-7.797681659935132e-05,-0.0001559660408492863,0.001259838152403187,7.797681647527481e-05
1,0.0023579000000002025,-1.558085902432051,-0.0001242746542839956,-12.0,0.7788565379918531,12.0,-0.001026038425283426,-7.78980812646137e-05,-7.789808138888836e-05,-0.0001558085902432051,0.001259729461477205,7.789808126461371e-05
1,0.0023581000000002027,-1.556508935940693,-0.0001244726064081325,-12.0,0.778067757816008,12.0,-0.001026166093987757,-7.781922304224163e-05,-7.781922316671424e-05,-0.0001556508935940693,0.001259620591135616,7.781922304224161e-05
1,0.0023583000000002028,-1.554929511509043,-0.0001246703618964506,-12.0,0.7772777489649733,12.0,-0.001026293952060317,-7.774024193268698e-05,-7.774024205735735e-05,-0.0001554929511509043,0.001259511541505776,7.774024193268698e-05
1,0.002358500000000203,-1.553347631631228,-0.0001248679204390868,-12.0,0.7764865126862762,12.0,-0.001026421999254568,-7.766113806067152e-05,-7.766113818553945e-05,-0.0001553347631631228,0.001259402312715194,7.766113806067154e-05
1,0.002358700000000203,-1.551763298805247,-0.0001250652817224029,-12.0,0.775694050229387,12.0,-0.001026550235323623,-7.758191155111094e-05,-7.758191167617622e-05,-0.0001551763298805247,0.001259292904891629,7.758191155111094e-05
1,0.002358900000000203,-1.550176515532982,-0.0001252624454348705,-12.0,0.7749003628457141,12.0,-0.001026678660020208,-7.75025625291149e-05,-7.750256265437734e-05,-0.0001550176515532982,0.001259183318163173,7.75025625291149e-05
1,0.0023591000000002032,-1.548587284320182,-0.0001254594112662932,-12.0,0.7741054517885971,12.0,-0.001026807273096814,-7.742309111998636e-05,-7.742309124544576e-05,-0.0001548587284320182,0.001259073552658127,7.742309111998635e-05
1,0.0023593000000002033,-1.546995607676458,-0.0001256561789050314,-12.0,0.7733093183133093,12.0,-0.001026936074305596,-7.734349744922144e-05,-7.734349757487764e-05,-0.0001546995607676458,0.001258963608505026,7.734349744922143e-05
1,0.0023595000000002034,-1.545401488115284,-0.0001258527480412219,-12.0,0.7725119636770528,12.0,-0.001027065063398391,-7.72637816425094e-05,-7.726378176836215e-05,-0.0001545401488115284,0.001258853485832725,7.726378164250941e-05
1,0.0023597000000002036,-1.543804928153996,-0.0001260491183636692,-12.0,0.7717133891389616,12.0,-0.001027194240126636,-7.718394382573252e-05,-7.718394395178163e-05,-0.0001543804928153996,0.001258743184770345,7.718394382573253e-05
1,0.0023599000000002037,-1.542205930313781,-0.000126245289563176,-12.0,0.770913595960093,12.0,-0.00102732360424157,-7.710398412496561e-05,-7.71039842512109e-05,-0.0001542205930313781,0.00125863270544721,7.710398412496563e-05
1,0.002360100000000204,-1.540604497119672,-0.0001264412613302124,-12.0,0.7701125854034282,12.0,-0.00102745315549406,-7.702390266647584e-05,-7.702390279291708e-05,-0.0001540604497119672,0.001258522047992941,7.702390266647584e-05
1,0.002360300000000204,-1.539000631100554,-0.0001266370333543598,-12.0,0.7693103587338748,12.0,-0.001027582893634665,-7.694369957672292e-05,-7.694369970335996e-05,-0.0001539000631100553,0.001258411212537405,7.694369957672291e-05
1,0.002360500000000204,-1.537394334789152,-0.0001268326053279756,-12.0,0.7685069172182578,12.0,-0.001027712818413587,-7.686337498235857e-05,-7.68633751091912e-05,-0.0001537394334789152,0.001258300199210804,7.686337498235859e-05
1,0.002360700000000204,-1.535785610722021,-0.0001270279769424176,-12.0,0.7677022621253169,12.0,-0.001027842929580788,-7.678292901022595e-05,-7.678292913725394e-05,-0.0001535785610722021,0.001258189008143479,7.678292901022594e-05
1,0.0023609000000002042,-1.534174461439561,-0.0001272231478876007,-12.0,0.7668963947257177,12.0,-0.001027973226885887,-7.670236178736054e-05,-7.670236191458368e-05,-0.0001534174461439561,0.001258077639466101,7.670236178736054e-05
1,0.0023611000000002044,-1.532560889486002,-0.0001274181178573253,-12.0,0.7660893162920338,12.0,-0.001028103710078165,-7.66216734409891e-05,-7.662167356840721e-05,-0.0001532560889486002,0.001257966093309623,7.662167344098911e-05
1,0.0023613000000002045,-1.530944897409385,-0.0001276128865438375,-12.0,0.7652810280987477,12.0,-0.00102823437890659,-7.654086409852916e-05,-7.654086422614206e-05,-0.0001530944897409385,0.001257854369805217,7.654086409852915e-05
1,0.0023615000000002046,-1.52932648776159,-0.0001278074536378293,-12.0,0.7644715314222635,12.0,-0.001028365233119916,-7.645993388759011e-05,-7.64599340153976e-05,-0.000152932648776159,0.001257742469084305,7.645993388759014e-05
1,0.0023617000000002047,-1.527705663098306,-0.0001280018188347665,-12.0,0.7636608275408825,12.0,-0.001028496272466456,-7.637888293597174e-05,-7.637888306397355e-05,-0.0001527705663098306,0.001257630391278616,7.637888293597172e-05
1,0.002361900000000205,-1.526082425979033,-0.000128195981825785,-12.0,0.7628489177348179,12.0,-0.001028627496694273,-7.629771137166435e-05,-7.629771149986036e-05,-0.0001526082425979033,0.001257518136520142,7.629771137166437e-05
1,0.002362100000000205,-1.524456778967087,-0.0001283899423060175,-12.0,0.7620358032861849,12.0,-0.001028758905551111,-7.621641932284908e-05,-7.621641945123903e-05,-0.0001524456778967087,0.001257405704941081,7.62164193228491e-05
1,0.002362300000000205,-1.522828724629587,-0.0001285836999680434,-12.0,0.7612214854790045,12.0,-0.001028890498784407,-7.613500691789725e-05,-7.613500704648095e-05,-0.0001522828724629587,0.001257293096673967,7.613500691789726e-05
1,0.002362500000000205,-1.521198265537456,-0.0001287772545071064,-12.0,0.7604059655991946,12.0,-0.001029022276141323,-7.605347428537016e-05,-7.605347441414742e-05,-0.0001521198265537456,0.001257180311851569,7.605347428537017e-05
1,0.0023627000000002053,-1.519565404265407,-0.0001289706056173401,-12.0,0.7595892449345713,12.0,-0.001029154237368643,-7.597182155401886e-05,-7.597182168298947e-05,-0.0001519565404265407,0.001257067350606836,7.597182155401886e-05
1,0.0023629000000002054,-1.517930143391955,-0.0001291637529933221,-12.0,0.7587713247748501,12.0,-0.001029286382212918,-7.589004885278433e-05,-7.589004898194809e-05,-0.0001517930143391955,0.001256954213073133,7.589004885278435e-05
1,0.0023631000000002055,-1.516292485499401,-0.0001293566963306292,-12.0,0.7579522064116376,12.0,-0.001029418710420338,-7.580815631079682e-05,-7.580815644015353e-05,-0.0001516292485499401,0.001256840899383951,7.580815631079683e-05
1,0.0023633000000002056,-1.514652433173827,-0.0001295494353247273,-12.0,0.7571318911384323,12.0,-0.001029551221736827,-7.572614405737571e-05,-7.572614418692514e-05,-0.0001514652433173827,0.001256727409673142,7.57261440573757e-05
1,0.0023635000000002057,-1.513009989005105,-0.0001297419696709712,-12.0,0.7563103802506262,12.0,-0.00102968391590795,-7.564401222202971e-05,-7.56440123517717e-05,-0.0001513009989005105,0.001256613744074736,7.564401222202973e-05
1,0.002363700000000206,-1.511365155586877,-0.00012993429906627,-12.0,0.7554876750454962,12.0,-0.00102981679267905,-7.556176093445624e-05,-7.556176106439055e-05,-0.0001511365155586877,0.001256499902723099,7.556176093445625e-05
1,0.002363900000000206,-1.509717935516561,-0.0001301264232060895,-12.0,0.7546637768222071,12.0,-0.001029949851795109,-7.547939032454131e-05,-7.547939045466776e-05,-0.0001509717935516561,0.001256385885752817,7.547939032454132e-05
1,0.002364100000000206,-1.508068331395338,-0.0001303183417892262,-12.0,0.753838686881802,12.0,-0.001030083093000816,-7.539690052235912e-05,-7.539690065267746e-05,-0.0001508068331395339,0.001256271693298713,7.539690052235912e-05
1,0.002364300000000206,-1.506416345828164,-0.0001305100545092586,-12.0,0.7530124065272177,12.0,-0.001030216516040572,-7.531429165817269e-05,-7.531429178868275e-05,-0.0001506416345828164,0.001256157325495971,7.53142916581727e-05
1,0.0023645000000002063,-1.504761981423752,-0.0001307015610677587,-12.0,0.7521849370632587,12.0,-0.001030350120658441,-7.523156386243264e-05,-7.52315639931342e-05,-0.0001504761981423752,0.001256042782479969,7.523156386243266e-05
1,0.0023647000000002064,-1.50310524079456,-0.0001308928611598592,-12.0,0.7513562797966112,12.0,-0.001030483906598254,-7.514871726577712e-05,-7.514871739666999e-05,-0.000150310524079456,0.001255928064386305,7.51487172657771e-05
1,0.0023649000000002065,-1.501446126556817,-0.0001310839544832465,-12.0,0.7505264360358442,12.0,-0.001030617873603451,-7.506575199903275e-05,-7.50657521301167e-05,-0.0001501446126556817,0.001255813171350928,7.506575199903275e-05
1,0.0023651000000002066,-1.499784641330493,-0.000131274840739104,-12.0,0.7496954070913893,12.0,-0.001030752021417267,-7.498266819321283e-05,-7.498266832448768e-05,-0.0001499784641330493,0.001255698103510006,7.498266819321285e-05
1,0.0023653000000002067,-1.498120787739291,-0.0001314655196236747,-12.0,0.7488631942755547,12.0,-0.001030886349782573,-7.489946597951785e-05,-7.489946611098338e-05,-0.0001498120787739291,0.001255582860999985,7.489946597951785e-05
1,0.002365500000000207,-1.496454568410671,-0.0001316559908367543,-12.0,0.7480297989025204,12.0,-0.001031020858441936,-7.481614548933573e-05,-7.48161456209917e-05,-0.0001496454568410671,0.001255467443957617,7.481614548933572e-05
1,0.002365700000000207,-1.49478598597582,-0.0001318462540781939,-12.0,0.7471952222883304,12.0,-0.001031155547137758,-7.473270685424087e-05,-7.473270698608711e-05,-0.000149478598597582,0.001255351852519751,7.473270685424086e-05
1,0.002365900000000207,-1.493115043069656,-0.0001320363090475118,-12.0,0.7463594657508936,12.0,-0.001031290415611924,-7.464915020599411e-05,-7.464915033803043e-05,-0.0001493115043069656,0.00125523608682368,7.464915020599412e-05
1,0.002366100000000207,-1.491441742330828,-0.0001322261554440596,-12.0,0.7455225306099863,12.0,-0.001031425463606184,-7.456547567654302e-05,-7.45654758087692e-05,-0.0001491441742330828,0.001255120147006919,7.456547567654304e-05
1,0.0023663000000002073,-1.489766086401708,-0.0001324157929694647,-12.0,0.7446844181872421,12.0,-0.001031560690861952,-7.448168339802114e-05,-7.448168353043694e-05,-0.0001489766086401708,0.001255004033207205,7.448168339802115e-05
1,0.0023665000000002074,-1.488088077928385,-0.0001326052213235229,-12.0,0.7438451298061548,12.0,-0.001031696097120366,-7.439777350274784e-05,-7.439777363535307e-05,-0.0001488088077928385,0.001254887745562525,7.439777350274784e-05
1,0.0023667000000002075,-1.486407719560661,-0.0001327944402081394,-12.0,0.7430046667920741,12.0,-0.001031831682122217,-7.431374612322823e-05,-7.431374625602267e-05,-0.0001486407719560661,0.00125477128421124,7.431374612322823e-05
1,0.0023669000000002076,-1.484725013952056,-0.0001329834493234983,-12.0,0.7421630304722084,12.0,-0.001031967445608073,-7.422960139215318e-05,-7.422960152513665e-05,-0.0001484725013952057,0.001254654649291795,7.422960139215321e-05
1,0.0023671000000002078,-1.483039963759795,-0.0001331722483723374,-12.0,0.7413202221756162,12.0,-0.001032103387318156,-7.414533944239886e-05,-7.414533957557112e-05,-0.0001483039963759795,0.001254537840943093,7.414533944239885e-05
1,0.002367300000000208,-1.481352571644793,-0.0001333608370573947,-12.0,0.7404762432332022,12.0,-0.001032239506992383,-7.406096040702595e-05,-7.40609605403868e-05,-0.0001481352571644793,0.001254420859304148,7.406096040702595e-05
1,0.002367500000000208,-1.47966284027168,-0.0001335492150783546,-12.0,0.73963109497773,12.0,-0.001032375804370475,-7.397646441928085e-05,-7.397646455283007e-05,-0.000147966284027168,0.00125430370451432,7.397646441928085e-05
1,0.002367700000000208,-1.477970772308776,-0.0001337373821406751,-12.0,0.7387847787438032,12.0,-0.001032512279191766,-7.389185161259438e-05,-7.389185174633178e-05,-0.0001477970772308776,0.001254186376713248,7.38918516125944e-05
1,0.002367900000000208,-1.476276370428079,-0.0001339253379469829,-12.0,0.7379372958678656,12.0,-0.001032648931195326,-7.380712212058127e-05,-7.380712225450661e-05,-0.0001476276370428079,0.001254068876040751,7.380712212058126e-05
1,0.0023681000000002083,-1.474579637305289,-0.0001341130821984615,-12.0,0.7370886476882158,12.0,-0.001032785760119947,-7.372227607704142e-05,-7.37222762111545e-05,-0.0001474579637305289,0.001253951202636994,7.372227607704143e-05
1,0.0023683000000002084,-1.472880575619779,-0.0001343006146020675,-12.0,0.7362388355449802,12.0,-0.001032922765704145,-7.363731361595821e-05,-7.363731375025885e-05,-0.0001472880575619779,0.001253833356642323,7.363731361595822e-05
1,0.0023685000000002085,-1.471179188054595,-0.0001344879348595396,-12.0,0.7353878607801292,12.0,-0.001033059947686155,-7.355223487149887e-05,-7.35522350059868e-05,-0.0001471179188054596,0.001253715338197459,7.355223487149887e-05
1,0.0023687000000002087,-1.469475477296464,-0.000134675042676502,-12.0,0.7345357247374671,12.0,-0.00103319730580384,-7.346703997801437e-05,-7.34670401126894e-05,-0.0001469475477296464,0.001253597147443344,7.346703997801437e-05
1,0.0023689000000002088,-1.46776944603578,-0.0001348619377565807,-12.0,0.7336824287626355,12.0,-0.001033334839794925,-7.338172907003921e-05,-7.338172920490117e-05,-0.000146776944603578,0.001253478784521075,7.338172907003921e-05
1,0.002369100000000209,-1.466061096966599,-0.0001350486198062884,-12.0,0.7328279742031037,12.0,-0.001033472549396744,-7.329630228229098e-05,-7.329630241733962e-05,-0.0001466061096966599,0.001253360249572164,7.3296302282291e-05
1,0.002369300000000209,-1.464350432786634,-0.0001352350885299725,-12.0,0.7319723624081712,12.0,-0.001033610434346313,-7.321075974967012e-05,-7.321075988490522e-05,-0.0001464350432786634,0.001253241542738356,7.321075974967012e-05
1,0.002369500000000209,-1.462637456197262,-0.0001354213436332019,-12.0,0.731115594728968,12.0,-0.001033748494380482,-7.312510160726011e-05,-7.312510174268146e-05,-0.0001462637456197262,0.001253122664161596,7.312510160726012e-05
1,0.0023697000000002092,-1.460922169903509,-0.0001356073848230999,-12.0,0.7302576725184462,12.0,-0.001033886729235739,-7.303932799032693e-05,-7.303932812593432e-05,-0.0001460922169903509,0.00125300361398413,7.303932799032693e-05
1,0.0023699000000002093,-1.459204576614042,-0.0001357932118055682,-12.0,0.7293985971313807,12.0,-0.001034025138648309,-7.295343903431863e-05,-7.295343917011182e-05,-0.0001459204576614042,0.001252884392348497,7.295343903431863e-05
1,0.0023701000000002095,-1.457484679041179,-0.000135978824286731,-12.0,0.7285383699243713,12.0,-0.001034163722354167,-7.28674348748658e-05,-7.286743501084463e-05,-0.0001457484679041179,0.001252764999397457,7.28674348748658e-05
1,0.0023703000000002096,-1.455762479900874,-0.0001361642219747106,-12.0,0.7276769922558329,12.0,-0.001034302480088969,-7.278131564778077e-05,-7.278131578394498e-05,-0.0001455762479900874,0.00125264543527405,7.278131564778077e-05
1,0.0023705000000002097,-1.454037981912714,-0.0001363494045769076,-12.0,0.7268144654859974,12.0,-0.001034441411588025,-7.269508148905743e-05,-7.269508162540684e-05,-0.0001454037981912714,0.001252525700121632,7.269508148905744e-05
1,0.00237070000000021,-1.452311187799916,-0.0001365343718000012,-12.0,0.7259507909769144,12.0,-0.001034580516586517,-7.260873253487143e-05,-7.260873267140581e-05,-0.0001452311187799916,0.001252405794083727,7.260873253487143e-05
1,0.00237090000000021,-1.45058210028933,-0.0001367191233531684,-12.0,0.7250859700924441,12.0,-0.001034719794819269,-7.252226892157973e-05,-7.252226905829884e-05,-0.000145058210028933,0.001252285717304152,7.252226892157974e-05
1,0.00237110000000021,-1.448850722111416,-0.0001369036589448647,-12.0,0.7242200041982542,12.0,-0.001034859246020758,-7.243569078571992e-05,-7.243569092262356e-05,-0.0001448850722111416,0.001252165469927111,7.24356907857199e-05
1,0.00237130000000021,-1.447117056000255,-0.0001370879782839896,-12.0,0.7233528946618218,12.0,-0.001034998869925377,-7.234899826401058e-05,-7.234899840109855e-05,-0.0001447117056000255,0.001252045052096862,7.234899826401058e-05
1,0.0023715000000002102,-1.44538110469355,-0.0001372720810777772,-12.0,0.7224846428524374,12.0,-0.001035138666267005,-7.226219149335154e-05,-7.226219163062362e-05,-0.000144538110469355,0.001251924463958096,7.226219149335151e-05
1,0.0023717000000002104,-1.443642870932604,-0.0001374559670389019,-12.0,0.7216152501411841,12.0,-0.001035278634779382,-7.217527061082229e-05,-7.217527074827828e-05,-0.0001443642870932604,0.001251803705655738,7.21752706108223e-05
1,0.0023719000000002105,-1.441902357462322,-0.0001376396358750975,-12.0,0.7207447179009518,12.0,-0.001035418775196001,-7.208823575368271e-05,-7.208823589132234e-05,-0.0001441902357462322,0.001251682777334853,7.20882357536827e-05
1,0.0023721000000002106,-1.440159567031215,-0.0001378230872963737,-12.0,0.7198730475064321,12.0,-0.00103555908724999,-7.200108705937287e-05,-7.200108719719593e-05,-0.0001440159567031215,0.001251561679141006,7.200108705937286e-05
1,0.0023723000000002107,-1.438414502391391,-0.0001380063210146831,-12.0,0.7190002403341104,12.0,-0.001035699570674273,-7.19138246655125e-05,-7.191382480351882e-05,-0.0001438414502391391,0.001251440411219815,7.191382466551251e-05
1,0.002372500000000211,-1.436667166298541,-0.0001381893367401466,-12.0,0.718126297762267,12.0,-0.001035840225201409,-7.182644870990071e-05,-7.182644884809004e-05,-0.0001436667166298541,0.001251318973717261,7.182644870990072e-05
1,0.002372700000000211,-1.434917561511951,-0.0001383721341832733,-12.0,0.7172512211709791,12.0,-0.001035981050563808,-7.173895933051624e-05,-7.173895946888838e-05,-0.0001434917561511951,0.001251197366779561,7.173895933051624e-05
1,0.002372900000000211,-1.433165690794486,-0.0001385547130568487,-12.0,0.7163750119421106,12.0,-0.001036122046493546,-7.165135666551675e-05,-7.165135680407147e-05,-0.0001433165690794486,0.001251075590553222,7.165135666551675e-05
1,0.002373100000000211,-1.431411556912588,-0.0001387370730723814,-12.0,0.7154976714593145,12.0,-0.001036263212722419,-7.156364085323869e-05,-7.156364099197577e-05,-0.0001431411556912588,0.001250953645184988,7.15636408532387e-05
1,0.0023733000000002113,-1.429655162636276,-0.0001389192139414352,-12.0,0.7146192011080337,12.0,-0.001036404548981948,-7.147581203219751e-05,-7.147581217111674e-05,-0.0001429655162636276,0.001250831530821922,7.147581203219751e-05
1,0.0023735000000002114,-1.427896510739138,-0.0001391011353775173,-12.0,0.7137396022754913,12.0,-0.001036546055003404,-7.138787034108689e-05,-7.138787048018804e-05,-0.0001427896510739138,0.00125070924761124,7.138787034108688e-05
1,0.0023737000000002115,-1.426135603998326,-0.0001392828370929688,-12.0,0.7128588763506953,12.0,-0.00103668773051778,-7.129981591877884e-05,-7.129981605806167e-05,-0.0001426135603998326,0.001250586795700628,7.129981591877884e-05
1,0.0023739000000002116,-1.424372445194548,-0.0001394643188025735,-12.0,0.7119770247244271,12.0,-0.00103682957525586,-7.121164890432297e-05,-7.121164904378728e-05,-0.0001424372445194548,0.001250464175237775,7.121164890432297e-05
1,0.0023741000000002117,-1.422607037112077,-0.0001396455802170626,-12.0,0.7110940487892572,12.0,-0.001036971588948027,-7.112336943694743e-05,-7.112336957659302e-05,-0.0001422607037112078,0.001250341386370854,7.112336943694743e-05
1,0.002374300000000212,-1.420839382538738,-0.0001398266210527743,-12.0,0.7102099499395237,12.0,-0.001037113771324552,-7.103497765605764e-05,-7.103497779588427e-05,-0.0001420839382538738,0.00125021842924819,7.103497765605764e-05
1,0.002374500000000212,-1.419069484265891,-0.0001400074410243812,-12.0,0.7093247295713344,12.0,-0.00103725612211529,-7.094647370123588e-05,-7.094647384124334e-05,-0.0001419069484265891,0.001250095304018428,7.094647370123588e-05
1,0.002374700000000212,-1.417297345088453,-0.0001401880398436695,-12.0,0.7084383890825806,12.0,-0.00103739864105,-7.085785771224243e-05,-7.085785785243047e-05,-0.0001417297345088453,0.001249972010830394,7.085785771224242e-05
1,0.002374900000000212,-1.415522967804876,-0.0001403684172293085,-12.0,0.70755092987291,12.0,-0.001037541327858008,-7.076912982901393e-05,-7.076912996938234e-05,-0.0001415522967804876,0.001249848549833329,7.076912982901394e-05
1,0.0023751000000002123,-1.413746355217136,-0.0001405485728946387,-12.0,0.7066623533437404,12.0,-0.001037684182268461,-7.068029019166351e-05,-7.068029033221207e-05,-0.0001413746355217136,0.001249724921176629,7.068029019166351e-05
1,0.0023753000000002124,-1.411967510130757,-0.0001407285065546104,-12.0,0.7057726608982618,12.0,-0.001037827204010244,-7.059133894048164e-05,-7.059133908121013e-05,-0.0001411967510130757,0.001249601125009978,7.059133894048164e-05
1,0.0023755000000002125,-1.410186435354779,-0.0001409082179280596,-12.0,0.7048818539414151,12.0,-0.001037970392812018,-7.050227621593432e-05,-7.050227635684254e-05,-0.0001410186435354779,0.00124947716148327,7.050227621593433e-05
1,0.0023757000000002126,-1.408403133701756,-0.0001410877067290484,-12.0,0.703989933879907,12.0,-0.00103811374840207,-7.041310215866361e-05,-7.041310229975133e-05,-0.0001408403133701756,0.001249353030746789,7.041310215866361e-05
1,0.0023759000000002127,-1.406617607987767,-0.000141266972675691,-12.0,0.7030969021222001,12.0,-0.001038257270508519,-7.032381690948759e-05,-7.032381705075457e-05,-0.0001406617607987767,0.001249228732950997,7.032381690948759e-05
1,0.002376100000000213,-1.404829861032403,-0.0001414460154837149,-12.0,0.7022027600785159,12.0,-0.001038400958859154,-7.023442060939998e-05,-7.023442075084598e-05,-0.0001404829861032404,0.001249104268246731,7.023442060939996e-05
1,0.002376300000000213,-1.403039895658765,-0.0001416248348724558,-12.0,0.7013075091608253,12.0,-0.001038544813181622,-7.014491339956978e-05,-7.014491354119462e-05,-0.0001403039895658765,0.001248979636784872,7.014491339956978e-05
1,0.002376500000000213,-1.401247714693446,-0.0001418034305586957,-12.0,0.7004111507828505,12.0,-0.001038688833203155,-7.005529542134092e-05,-7.005529556314435e-05,-0.0001401247714693446,0.001248854838716812,7.005529542134093e-05
1,0.002376700000000213,-1.39945332096655,-0.000141981802260216,-12.0,0.6995136863600665,12.0,-0.001038833018650834,-6.996556681623267e-05,-6.996556695821448e-05,-0.000139945332096655,0.001248729874194082,6.996556681623267e-05
1,0.0023769000000002133,-1.397656717311671,-0.0001421599496970738,-12.0,0.6986151173096905,12.0,-0.001038977369251487,-6.987572772593876e-05,-6.98757278680987e-05,-0.0001397656717311671,0.001248604743368464,6.987572772593876e-05
1,0.0023771000000002134,-1.395857906565888,-0.000142337872586995,-12.0,0.6977154450506846,12.0,-0.001039121884731625,-6.978577829232716e-05,-6.978577843466503e-05,-0.0001395857906565888,0.001248479446392087,6.978577829232716e-05
1,0.0023773000000002135,-1.394056891569772,-0.0001425155706489822,-12.0,0.6968146710037566,12.0,-0.001039266564817551,-6.969571865744054e-05,-6.969571879995614e-05,-0.0001394056891569772,0.001248353983417286,6.969571865744055e-05
1,0.0023775000000002136,-1.392253675167375,-0.0001426930436035923,-12.0,0.6959127965913517,12.0,-0.001039411409235247,-6.960554896349553e-05,-6.96055491061886e-05,-0.0001392253675167375,0.001248228354596703,6.960554896349553e-05
1,0.0023777000000002138,-1.390448260206216,-0.000142870291171715,-12.0,0.6950098232376476,12.0,-0.001039556417710544,-6.951526935288193e-05,-6.951526949575224e-05,-0.0001390448260206216,0.001248102560083217,6.951526935288193e-05
1,0.002377900000000214,-1.388640649537295,-0.0001430473130704102,-12.0,0.6941057523685688,12.0,-0.001039701589968953,-6.942487996816392e-05,-6.942488011121122e-05,-0.0001388640649537295,0.00124797660002994,6.942487996816392e-05
1,0.002378100000000214,-1.386830846015083,-0.0001432241090233433,-12.0,0.6932005854117654,12.0,-0.001039846925735721,-6.933438095207888e-05,-6.9334381095303e-05,-0.0001386830846015083,0.001247850474590376,6.933438095207888e-05
1,0.002378300000000214,-1.385018852497501,-0.0001434006787511821,-12.0,0.692294323796617,12.0,-0.001039992424735875,-6.924377244753683e-05,-6.92437725909375e-05,-0.0001385018852497502,0.001247724183918164,6.924377244753683e-05
1,0.002378500000000214,-1.383204671845933,-0.0001435770219745391,-12.0,0.6913869689542343,12.0,-0.001040138086694162,-6.915305459762088e-05,-6.915305474119791e-05,-0.0001383204671845932,0.00124759772816728,6.915305459762089e-05
1,0.0023787000000002143,-1.381388306925222,-0.0001437531384149704,-12.0,0.6904785223174572,12.0,-0.001040283911335108,-6.906222754558721e-05,-6.906222768934035e-05,-0.0001381388306925222,0.001247471107491946,6.906222754558723e-05
1,0.0023789000000002144,-1.379569760603658,-0.0001439290277955307,-12.0,0.6895689853208455,12.0,-0.001040429898382988,-6.897129143486413e-05,-6.897129157879313e-05,-0.0001379569760603658,0.001247344322046637,6.897129143486412e-05
1,0.0023791000000002146,-1.377749035752972,-0.0001441046898386089,-12.0,0.6886583594006811,12.0,-0.001040576047561817,-6.888024640905198e-05,-6.888024655315665e-05,-0.0001377749035752972,0.001247217371986117,6.888024640905197e-05
1,0.0023793000000002147,-1.375926135248339,-0.0001442801242661496,-12.0,0.687746645994969,12.0,-0.001040722358595314,-6.878909261192352e-05,-6.878909275620366e-05,-0.0001375926135248339,0.001247090257465458,6.878909261192352e-05
1,0.0023795000000002148,-1.37410106196837,-0.0001444553308024288,-12.0,0.686833846543428,12.0,-0.001040868831207076,-6.869783018742306e-05,-6.869783033187838e-05,-0.000137410106196837,0.001246962978639854,6.869783018742305e-05
1,0.002379700000000215,-1.372273818795102,-0.0001446303091708345,-12.0,0.6859199624874918,12.0,-0.001041015465120282,-6.860645927966626e-05,-6.86064594242966e-05,-0.0001372273818795103,0.001246835535665,6.860645927966627e-05
1,0.002379900000000215,-1.370444408614005,-0.0001448050590943106,-12.0,0.6850049952703104,12.0,-0.001041162260058043,-6.851498003294049e-05,-6.851498017774553e-05,-0.0001370444408614005,0.001246707928696592,6.851498003294048e-05
1,0.002380100000000215,-1.368612834313969,-0.0001449795802983544,-12.0,0.6840889463367409,12.0,-0.001041309215743094,-6.842339259170394e-05,-6.842339273668351e-05,-0.0001368612834313968,0.001246580157890823,6.842339259170393e-05
1,0.0023803000000002152,-1.366779098787299,-0.0001451538725068535,-12.0,0.6831718171333506,12.0,-0.001041456331897977,-6.833169710058577e-05,-6.833169724573963e-05,-0.0001366779098787299,0.001246452223403999,6.833169710058576e-05
1,0.0023805000000002153,-1.364943204929712,-0.0001453279354464709,-12.0,0.6822536091084068,12.0,-0.001041603608244929,-6.823989370438533e-05,-6.823989384971328e-05,-0.0001364943204929712,0.0012463241253928,6.823989370438533e-05
1,0.0023807000000002155,-1.363105155640337,-0.0001455017688394844,-12.0,0.6813343237118917,12.0,-0.001041751044506073,-6.81479825480731e-05,-6.814798269357488e-05,-0.0001363105155640337,0.001246195864014102,6.814798254807313e-05
1,0.0023809000000002156,-1.361264953821712,-0.0001456753724141668,-12.0,0.680413962395481,12.0,-0.001041898640403188,-6.805596377678952e-05,-6.805596392246489e-05,-0.0001361264953821712,0.001246067439425042,6.805596377678952e-05
1,0.0023811000000002157,-1.359422602379757,-0.0001458487458967928,-12.0,0.6794925266125459,12.0,-0.001042046395657824,-6.796383753584427e-05,-6.796383768169303e-05,-0.0001359422602379757,0.001245938851783077,6.796383753584428e-05
1,0.002381300000000216,-1.357578104223804,-0.0001460218890110276,-12.0,0.6785700178181667,12.0,-0.001042194309991307,-6.787160397071777e-05,-6.787160411673967e-05,-0.0001357578104223805,0.001245810101245942,6.787160397071777e-05
1,0.002381500000000216,-1.35573146226657,-0.0001461948014873093,-12.0,0.6776464374691059,12.0,-0.0010423423831247,-6.777926322705933e-05,-6.777926337325413e-05,-0.000135573146226657,0.001245681187971553,6.777926322705932e-05
1,0.002381700000000216,-1.353882679424148,-0.0001463674830508022,-12.0,0.6767217870238227,12.0,-0.00104249061477886,-6.768681545068735e-05,-6.768681559705485e-05,-0.0001353882679424148,0.001245552112118173,6.768681545068736e-05
1,0.002381900000000216,-1.352031758616024,-0.0001465399334290574,-12.0,0.6757960679424689,12.0,-0.001042639004674391,-6.759426078758981e-05,-6.759426093412974e-05,-0.0001352031758616024,0.001245422873844326,6.75942607875898e-05
1,0.0023821000000002162,-1.350178702765056,-0.0001467121523505144,-12.0,0.6748692816868803,12.0,-0.001042787552531628,-6.75015993839231e-05,-6.750159953063526e-05,-0.0001350178702765056,0.001245293473308748,6.750159938392309e-05
1,0.0023823000000002164,-1.348323514797469,-0.0001468841395437237,-12.0,0.6739414297205774,12.0,-0.001042936258070684,-6.740883138601212e-05,-6.740883153289624e-05,-0.0001348323514797469,0.001245163910670546,6.74088313860121e-05
1,0.0023825000000002165,-1.346466197642862,-0.0001470558947363476,-12.0,0.6730125135087676,12.0,-0.001043085121011506,-6.73159569403504e-05,-6.731595708740629e-05,-0.0001346466197642862,0.001245034186088942,6.73159569403504e-05
1,0.0023827000000002166,-1.344606754234195,-0.0001472274176587129,-12.0,0.6720825345183352,12.0,-0.001043234141073698,-6.722297619359939e-05,-6.722297634082682e-05,-0.0001344606754234195,0.00124490429972357,6.72229761935994e-05
1,0.0023829000000002167,-1.34274518750778,-0.0001473987080393147,-12.0,0.671151494217844,12.0,-0.001043383317976689,-6.712988929258834e-05,-6.712988943998704e-05,-0.000134274518750778,0.001244774251734249,6.712988929258834e-05
1,0.002383100000000217,-1.340881500403286,-0.0001475697656085351,-12.0,0.6702193940775324,12.0,-0.001043532651439638,-6.703669638431408e-05,-6.703669653188387e-05,-0.0001340881500403286,0.001244644042281098,6.703669638431409e-05
1,0.002383300000000217,-1.339015695863731,-0.0001477405900955353,-12.0,0.6692862355693163,12.0,-0.001043682141181494,-6.694339761594119e-05,-6.694339776368179e-05,-0.0001339015695863731,0.001244513671524547,6.694339761594119e-05
1,0.002383500000000217,-1.337147776835478,-0.00014791118123203,-12.0,0.6683520201667792,12.0,-0.001043831786921003,-6.684999313480112e-05,-6.68499932827123e-05,-0.0001337147776835478,0.00124438313962516,6.684999313480112e-05
1,0.002383700000000217,-1.335277746268222,-0.0001480815387482903,-12.0,0.6674167493451733,12.0,-0.00104398158837659,-6.675648308839216e-05,-6.675648323647369e-05,-0.0001335277746268222,0.001244252446743935,6.675648308839215e-05
1,0.0023839000000002173,-1.333405607115001,-0.0001482516623750318,-12.0,0.6664804245814214,12.0,-0.001044131545266565,-6.666286762437967e-05,-6.666286777263132e-05,-0.0001333405607115001,0.001244121593042005,6.666286762437966e-05
1,0.0023841000000002174,-1.331531362332182,-0.0001484215518448018,-12.0,0.6655430473541084,12.0,-0.001044281657308896,-6.656914689059533e-05,-6.656914703901689e-05,-0.0001331531362332183,0.001243990578680826,6.656914689059533e-05
1,0.0023843000000002175,-1.329655014879446,-0.0001485912068903694,-12.0,0.6646046191434754,12.0,-0.001044431924221371,-6.647532103503657e-05,-6.647532118362778e-05,-0.0001329655014879446,0.001243859403822156,6.647532103503657e-05
1,0.0023845000000002176,-1.327776567719806,-0.0001487606272410069,-12.0,0.6636651414314352,12.0,-0.001044582345721599,-6.638139020586764e-05,-6.638139035462825e-05,-0.0001327776567719806,0.001243728068627922,6.638139020586762e-05
1,0.0023847000000002177,-1.325896023819594,-0.0001489298126323146,-12.0,0.6627246157015503,12.0,-0.001044732921526841,-6.628735455141826e-05,-6.628735470034807e-05,-0.0001325896023819594,0.001243596573260466,6.628735455141825e-05
1,0.002384900000000218,-1.324013386148438,-0.0001490987627970064,-12.0,0.6617830434390363,12.0,-0.001044883651354224,-6.619321422018331e-05,-6.619321436928207e-05,-0.0001324013386148439,0.001243464917882284,6.619321422018333e-05
1,0.002385100000000218,-1.322128657679281,-0.000149267477467685,-12.0,0.6608404261307643,12.0,-0.001045034534920594,-6.60989693608232e-05,-6.609896951009067e-05,-0.0001322128657679281,0.001243333102656147,6.609896936082321e-05
1,0.002385300000000218,-1.320241841388371,-0.0001494359563780634,-12.0,0.6598967652652585,12.0,-0.001045185571942622,-6.600462012216366e-05,-6.600462027159963e-05,-0.0001320241841388371,0.001243201127745133,6.600462012216366e-05
1,0.002385500000000218,-1.318352940255248,-0.0001496041992633534,-12.0,0.6589520623326869,12.0,-0.001045336762136743,-6.591016665319503e-05,-6.591016680279925e-05,-0.0001318352940255248,0.001243068993312599,6.591016665319503e-05
1,0.0023857000000002183,-1.316461957262744,-0.0001497722058579898,-12.0,0.6580063188248629,12.0,-0.001045488105219115,-6.581560910307208e-05,-6.58156092528443e-05,-0.0001316461957262744,0.001242936699522093,6.581560910307209e-05
1,0.0023859000000002184,-1.314568895396981,-0.0001499399758955744,-12.0,0.6570595362352475,12.0,-0.001045639600905715,-6.572094762111431e-05,-6.572094777105428e-05,-0.0001314568895396981,0.001242804246537541,6.572094762111431e-05
1,0.0023861000000002185,-1.312673757647366,-0.0001501075091132065,-12.0,0.656111716058938,12.0,-0.001045791248912298,-6.562618235680512e-05,-6.562618250691264e-05,-0.0001312673757647366,0.001242671634523046,6.562618235680514e-05
1,0.0023863000000002186,-1.310776547006575,-0.0001502748052459868,-12.0,0.6551628597926706,12.0,-0.001045943048954362,-6.553131345979164e-05,-6.553131361006647e-05,-0.0001310776547006575,0.00124253886364302,6.553131345979167e-05
1,0.0023865000000002187,-1.308877266470568,-0.0001504418640291272,-12.0,0.6542129689348217,12.0,-0.001046095000747239,-6.543634107988508e-05,-6.543634123032696e-05,-0.0001308877266470568,0.001242405934062163,6.54363410798851e-05
1,0.002386700000000219,-1.306975919038569,-0.0001506086852003929,-12.0,0.6532620449853971,12.0,-0.001046247104005964,-6.534126536705977e-05,-6.534126551766845e-05,-0.0001306975919038569,0.001242272845945386,6.534126536705976e-05
1,0.002386900000000219,-1.305072507713063,-0.0001507752684964392,-12.0,0.6523100894460342,12.0,-0.001046399358445443,-6.524608647145305e-05,-6.524608662222833e-05,-0.0001305072507713063,0.001242139599457903,6.524608647145308e-05
1,0.002387100000000219,-1.303167035499799,-0.0001509416136533659,-12.0,0.6513571038200034,12.0,-0.001046551763780254,-6.515080454336568e-05,-6.51508046943073e-05,-0.0001303167035499799,0.001242006194765236,6.515080454336568e-05
1,0.002387300000000219,-1.30125950540778,-0.0001511077204099931,-12.0,0.650403089612198,12.0,-0.001046704319724867,-6.50554197332608e-05,-6.505541988436852e-05,-0.000130125950540778,0.001241872632033056,6.50554197332608e-05
1,0.0023875000000002193,-1.299349920449257,-0.000151273588503309,-12.0,0.6494480483291376,12.0,-0.001046857025993442,-6.495993219176411e-05,-6.495993234303768e-05,-0.0001299349920449257,0.00124173891142744,6.49599321917641e-05
1,0.0023877000000002194,-1.29743828363972,-0.0001514392176735768,-12.0,0.6484919814789576,12.0,-0.001047009882299992,-6.486434206966312e-05,-6.486434222110235e-05,-0.000129743828363972,0.001241605033114657,6.486434206966312e-05
1,0.0023879000000002195,-1.295524597997912,-0.0001516046076560085,-12.0,0.6475348905714261,12.0,-0.001047162888358252,-6.476864951790822e-05,-6.476864966951282e-05,-0.0001295524597997912,0.001241470997261254,6.476864951790822e-05
1,0.0023881000000002196,-1.293608866545806,-0.0001517697581936428,-12.0,0.6465767771179148,12.0,-0.001047316043881752,-6.467285468761087e-05,-6.46728548393806e-05,-0.0001293608866545806,0.001241336804034127,6.467285468761085e-05
1,0.0023883000000002198,-1.291691092308596,-0.000151934669023579,-12.0,0.6456176426314157,12.0,-0.001047469348583852,-6.457695773004394e-05,-6.457695788197861e-05,-0.0001291691092308596,0.001241202453600265,6.457695773004393e-05
1,0.00238850000000022,-1.289771278314717,-0.0001520993398860804,-12.0,0.6446574886265359,12.0,-0.00104762280217767,-6.44809587966422e-05,-6.448095894874155e-05,-0.0001289771278314717,0.001241067946127078,6.44809587966422e-05
1,0.00238870000000022,-1.287849427595817,-0.0001522637705217433,-12.0,0.6436963166194881,12.0,-0.001047776404376088,-6.438485803900099e-05,-6.438485819126476e-05,-0.0001287849427595817,0.001240933281782194,6.438485803900099e-05
1,0.00238890000000022,-1.285925543186758,-0.0001524279606711643,-12.0,0.6427341281280928,12.0,-0.001047930154891789,-6.428865560887641e-05,-6.428865576130437e-05,-0.0001285925543186759,0.001240798460733494,6.42886556088764e-05
1,0.00238910000000022,-1.283999628125621,-0.0001525919100746065,-12.0,0.6417709246717797,12.0,-0.001048084053437252,-6.419235165818541e-05,-6.419235181077733e-05,-0.0001283999628125621,0.001240663483149176,6.419235165818543e-05
1,0.0023893000000002203,-1.282071685453691,-0.0001527556184747758,-12.0,0.640806707771577,12.0,-0.001048238099724742,-6.409594633900517e-05,-6.409594649176081e-05,-0.0001282071685453691,0.001240528349197662,6.409594633900518e-05
1,0.0023895000000002204,-1.280141718215449,-0.0001529190856122131,-12.0,0.639841478950115,12.0,-0.001048392293466323,-6.399943980357273e-05,-6.399943995649182e-05,-0.0001280141718215449,0.001240393059047648,6.399943980357272e-05
1,0.0023897000000002206,-1.278209729458577,-0.0001530823112300683,-12.0,0.6388752397316204,12.0,-0.001048546634373815,-6.390283220428504e-05,-6.390283235736734e-05,-0.0001278209729458577,0.001240257612868084,6.390283220428506e-05
1,0.0023899000000002207,-1.276275722233954,-0.000153245295069715,-12.0,0.6379079916419194,12.0,-0.001048701122158852,-6.38061236936989e-05,-6.380612384694422e-05,-0.0001276275722233954,0.001240122010828293,6.380612369369891e-05
1,0.0023901000000002208,-1.274339699595641,-0.0001534080368752466,-12.0,0.6369397362084275,12.0,-0.001048855756532838,-6.370931442453027e-05,-6.37093145779383e-05,-0.0001274339699595641,0.001239986253097722,6.370931442453027e-05
1,0.002390300000000221,-1.272401664600881,-0.0001535705363894246,-12.0,0.6359704749601508,12.0,-0.001049010537207018,-6.3612404549654e-05,-6.361240470322456e-05,-0.0001272401664600881,0.001239850339846138,6.361240454965403e-05
1,0.002390500000000221,-1.270461620310098,-0.0001537327933553434,-12.0,0.6350002094276879,12.0,-0.001049165463892367,-6.351539422210432e-05,-6.351539437583713e-05,-0.0001270461620310098,0.001239714271243642,6.351539422210433e-05
1,0.002390700000000221,-1.26851956978689,-0.0001538948075178181,-12.0,0.6340289411432204,12.0,-0.001049320536299678,-6.341828359507381e-05,-6.341828374896864e-05,-0.000126851956978689,0.001239578047460513,6.341828359507382e-05
1,0.0023909000000002212,-1.266575516098014,-0.0001540565786222192,-12.0,0.633056671640508,12.0,-0.001049475754139578,-6.332107282191304e-05,-6.33210729759696e-05,-0.0001266575516098014,0.001239441668667379,6.332107282191304e-05
1,0.0023911000000002213,-1.264629462313403,-0.0001542181064101422,-12.0,0.6320834024549054,12.0,-0.001049631117122411,-6.322376205613155e-05,-6.322376221034967e-05,-0.0001264629462313403,0.001239305135035035,6.322376205613155e-05
1,0.0023913000000002215,-1.262681411506145,-0.0001543793906311208,-12.0,0.6311091351233318,12.0,-0.001049786624958374,-6.312635145139627e-05,-6.312635160577568e-05,-0.0001262681411506145,0.001239168446734648,6.31263514513963e-05
1,0.0023915000000002216,-1.260731366752466,-0.0001545404310276943,-12.0,0.630133871184287,12.0,-0.001049942277357448,-6.302884116153147e-05,-6.302884131607191e-05,-0.0001260731366752466,0.00123903160393761,6.302884116153147e-05
1,0.0023917000000002217,-1.258779331131767,-0.0001547012273455106,-12.0,0.6291576121778527,12.0,-0.001050098074029393,-6.293123134051983e-05,-6.293123149522105e-05,-0.0001258779331131767,0.001238894606815574,6.293123134051983e-05
1,0.002391900000000222,-1.256825307726576,-0.0001548617793338258,-12.0,0.6281803596456697,12.0,-0.001050254014683796,-6.283352214250037e-05,-6.283352229736212e-05,-0.0001256825307726576,0.001238757455540487,6.283352214250035e-05
1,0.002392100000000222,-1.254869299622562,-0.0001550220867370111,-12.0,0.6272021151309545,12.0,-0.001050410099030008,-6.273571372176915e-05,-6.273571387679125e-05,-0.0001254869299622562,0.001238620150284517,6.273571372176915e-05
1,0.002392300000000222,-1.252911309908527,-0.0001551821493033234,-12.0,0.6262228801784873,12.0,-0.001050566326777198,-6.263780623277908e-05,-6.263780638796121e-05,-0.0001252911309908527,0.001238482691220164,6.263780623277906e-05
1,0.002392500000000222,-1.25095134167641,-0.0001553419667791878,-12.0,0.6252426563346165,12.0,-0.001050722697634343,-6.253979983013957e-05,-6.253979998548152e-05,-0.000125095134167641,0.001238345078520123,6.253979983013958e-05
1,0.0023927000000002223,-1.248989398021268,-0.0001555015389138048,-12.0,0.624261445147248,12.0,-0.00105087921131021,-6.244169466861618e-05,-6.244169482411772e-05,-0.0001248989398021268,0.001238207312357451,6.244169466861618e-05
1,0.0023929000000002224,-1.247025482041276,-0.0001556608654549874,-12.0,0.6232792481658468,12.0,-0.001051035867513365,-6.234349090313015e-05,-6.234349105879105e-05,-0.0001247025482041276,0.001238069392905397,6.234349090313018e-05
1,0.0023931000000002225,-1.245059596837728,-0.0001558199461506593,-12.0,0.6222960669414388,12.0,-0.001051192665952147,-6.224518868875895e-05,-6.224518884457889e-05,-0.0001245059596837729,0.001237931320337504,6.224518868875895e-05
1,0.0023933000000002226,-1.243091745515029,-0.000155978780751076,-12.0,0.6213119030265999,12.0,-0.00105134960633476,-6.214678818073511e-05,-6.214678833671389e-05,-0.0001243091745515029,0.001237793094827619,6.21467881807351e-05
1,0.0023935000000002227,-1.241121931180679,-0.0001561373690052714,-12.0,0.620326757975458,12.0,-0.001051506688369175,-6.204828953444632e-05,-6.20482896905837e-05,-0.0001241121931180679,0.001237654716549796,6.204828953444633e-05
1,0.002393700000000223,-1.23915015694529,-0.0001562957106625018,-12.0,0.6193406333436943,12.0,-0.001051663911763166,-6.194969290543566e-05,-6.194969306173139e-05,-0.000123915015694529,0.001237516185678397,6.194969290543569e-05
1,0.002393900000000223,-1.237176425922563,-0.0001564538054737996,-12.0,0.6183535306885327,12.0,-0.00105182127622433,-6.185099844940066e-05,-6.185099860585446e-05,-0.0001237176425922563,0.001237377502388004,6.185099844940066e-05
1,0.002394100000000223,-1.23520074122929,-0.0001566116531894757,-12.0,0.6173654515687446,12.0,-0.001051978781460024,-6.175220632219341e-05,-6.175220647880506e-05,-0.0001235200741229291,0.001237238666853546,6.175220632219341e-05
1,0.002394300000000223,-1.233223105985342,-0.0001567692535617282,-12.0,0.616376397544636,12.0,-0.001052136427177469,-6.165331667981979e-05,-6.165331683658904e-05,-0.0001233223105985343,0.001237099679250175,6.165331667981978e-05
1,0.0023945000000002233,-1.231243523313683,-0.0001569266063388142,-12.0,0.615386370178067,12.0,-0.001052294213083685,-6.155432967844057e-05,-6.15543298353672e-05,-0.0001231243523313683,0.001236960539753335,6.155432967844058e-05
1,0.0023947000000002234,-1.229261996340344,-0.0001570837112765955,-12.0,0.6143953710324198,12.0,-0.001052452138885447,-6.145524547436965e-05,-6.145524563145336e-05,-0.0001229261996340344,0.001236821248538675,6.145524547436965e-05
1,0.0023949000000002235,-1.227278528194421,-0.0001572405681245503,-12.0,0.6134034016726178,12.0,-0.001052610204289386,-6.135606422407423e-05,-6.13560643813148e-05,-0.0001227278528194421,0.001236681805782208,6.135606422407423e-05
1,0.0023951000000002236,-1.225293122008087,-0.0001573971766354876,-12.0,0.6124104636651185,12.0,-0.001052768409001946,-6.125678608417541e-05,-6.125678624157258e-05,-0.0001225293122008087,0.001236542211660155,6.12567860841754e-05
1,0.0023953000000002237,-1.223305780916573,-0.0001575535365637148,-12.0,0.6114165585779053,12.0,-0.001052926752729333,-6.11574112114469e-05,-6.115741136900045e-05,-0.0001223305780916573,0.001236402466348999,6.115741121144692e-05
1,0.002395500000000224,-1.221316508058156,-0.0001577096476618745,-12.0,0.6104216879804887,12.0,-0.001053085235177637,-6.105793976281505e-05,-6.10579399205247e-05,-0.0001221316508058156,0.001236262570025515,6.105793976281506e-05
1,0.002395700000000224,-1.219325306574174,-0.0001578655096829418,-12.0,0.6094258534439077,12.0,-0.001053243856052676,-6.095837189535905e-05,-6.095837205322457e-05,-0.0001219325306574175,0.00123612252286677,6.095837189535907e-05
1,0.002395900000000224,-1.217332179609009,-0.0001580211223824457,-12.0,0.6084290565407197,12.0,-0.001053402615060151,-6.085870776631021e-05,-6.085870792433135e-05,-0.0001217332179609009,0.001235982325050067,6.085870776631022e-05
1,0.002396100000000224,-1.215337130310077,-0.0001581764855145829,-12.0,0.6074312988450017,12.0,-0.001053561511905513,-6.075894753305162e-05,-6.075894769122811e-05,-0.0001215337130310077,0.001235841976752972,6.075894753305162e-05
1,0.0023963000000002243,-1.213340161827836,-0.0001583315988333833,-12.0,0.606432581932352,12.0,-0.001053720546294101,-6.065909135311854e-05,-6.065909151145014e-05,-0.0001213340161827836,0.001235701478153342,6.065909135311855e-05
1,0.0023965000000002244,-1.211341277315775,-0.0001584864620953752,-12.0,0.6054329073798796,12.0,-0.001053879717931014,-6.055913938419749e-05,-6.055913954268397e-05,-0.0001211341277315775,0.001235560829429244,6.05591393841975e-05
1,0.0023967000000002245,-1.209340479930403,-0.0001586410750557543,-12.0,0.6044322767662071,12.0,-0.001054039026521167,-6.045909178412629e-05,-6.045909194276736e-05,-0.0001209340479930403,0.001235420030759146,6.04590917841263e-05
1,0.0023969000000002246,-1.207337772831253,-0.0001587954374710487,-12.0,0.6034306916714653,12.0,-0.001054198471769317,-6.035894871089364e-05,-6.035894886968908e-05,-0.0001207337772831253,0.001235279082321655,6.035894871089364e-05
1,0.0023971000000002247,-1.205333159180875,-0.0001589495490967319,-12.0,0.6024281536772967,12.0,-0.001054358053380007,-6.025871032263934e-05,-6.02587104815889e-05,-0.0001205333159180875,0.001235137984295712,6.025871032263934e-05
1,0.002397300000000225,-1.203326642144832,-0.0001591034096909416,-12.0,0.6014246643668457,12.0,-0.001054517771057646,-6.015837677765366e-05,-6.015837693675708e-05,-0.0001203326642144832,0.001234996736860505,6.015837677765367e-05
1,0.002397500000000225,-1.201318224891681,-0.0001592570190114828,-12.0,0.600420225324753,12.0,-0.001054677624506409,-6.005794823437646e-05,-6.005794839363348e-05,-0.0001201318224891681,0.001234855340195462,6.005794823437645e-05
1,0.002397700000000225,-1.199307910592994,-0.0001594103768129407,-12.0,0.5994148381371737,12.0,-0.001054837613430303,-5.995742485139867e-05,-5.995742501080904e-05,-0.0001199307910592994,0.001234713794480355,5.995742485139866e-05
1,0.002397900000000225,-1.197295702423334,-0.000159563482857894,-12.0,0.5984085043917454,12.0,-0.001054997737533182,-5.985680678746032e-05,-5.985680694702381e-05,-0.0001197295702423334,0.001234572099895137,5.985680678746033e-05
1,0.0023981000000002253,-1.195281603560244,-0.0001597163369022048,-12.0,0.5974012256776055,12.0,-0.001055157996518688,-5.975609420145077e-05,-5.97560943611671e-05,-0.0001195281603560244,0.001234430256620137,5.975609420145077e-05
1,0.0023983000000002254,-1.193265617184273,-0.0001598689387038443,-12.0,0.5963930035853913,12.0,-0.001055318390090286,-5.965528725240951e-05,-5.965528741227845e-05,-0.0001193265617184273,0.001234288264835848,5.965528725240952e-05
1,0.0023985000000002255,-1.191247746478936,-0.0001600212880252805,-12.0,0.5953838397072174,12.0,-0.00105547891795129,-5.955438609952427e-05,-5.955438625954556e-05,-0.0001191247746478936,0.001234146124723084,5.955438609952427e-05
1,0.0023987000000002257,-1.189227994630724,-0.0001601733846234854,-12.0,0.594373735636693,12.0,-0.001055639579804819,-5.945339090213166e-05,-5.945339106230505e-05,-0.0001189227994630725,0.00123400383646291,5.945339090213166e-05
1,0.0023989000000002258,-1.187206364829103,-0.0001603252282604273,-12.0,0.5933626929689088,12.0,-0.001055800375353806,-5.935230181971692e-05,-5.935230198004215e-05,-0.0001187206364829103,0.001233861400236694,5.935230181971691e-05
1,0.002399100000000226,-1.185182860266504,-0.0001604768186946881,-12.0,0.5923507133004419,12.0,-0.00105596130430103,-5.925111901191365e-05,-5.925111917239048e-05,-0.0001185182860266504,0.001233718816226012,5.925111901191366e-05
1,0.002399300000000226,-1.18315748413832,-0.0001606281556890687,-12.0,0.5913377982293451,12.0,-0.001056122366349048,-5.914984263850342e-05,-5.914984279913156e-05,-0.000118315748413832,0.001233576084612775,5.914984263850342e-05
1,0.002399500000000226,-1.181130239642893,-0.0001607792390041496,-12.0,0.5903239493551479,12.0,-0.001056283561200314,-5.90484728594152e-05,-5.904847302019445e-05,-0.0001181130239642893,0.001233433205579101,5.904847285941521e-05
1,0.0023997000000002262,-1.179101129981522,-0.0001609300684010107,-12.0,0.5893091682788589,12.0,-0.001056444888557058,-5.894700983472599e-05,-5.894700999565605e-05,-0.0001179101129981522,0.001233290179307456,5.8947009834726e-05
1,0.0023999000000002263,-1.177070158358451,-0.0001610806436428969,-12.0,0.5882934566029547,12.0,-0.00105660634812136,-5.884545372465977e-05,-5.88454538857404e-05,-0.0001177070158358451,0.001233147005980442,5.884545372465977e-05
1,0.0024001000000002264,-1.175037327980857,-0.0001612309644918319,-12.0,0.5872768159313813,12.0,-0.001056767939595089,-5.874380468958731e-05,-5.874380485081827e-05,-0.0001175037327980857,0.001233003685781109,5.874380468958731e-05
1,0.0024003000000002266,-1.173002642058863,-0.0001613810307103392,-12.0,0.5862592478695557,12.0,-0.001056929662680006,-5.864206289002661e-05,-5.864206305140763e-05,-0.0001173002642058863,0.001232860218892629,5.864206289002661e-05
1,0.0024005000000002267,-1.170966103805517,-0.0001615308420621075,-12.0,0.5852407540243569,12.0,-0.001057091517077648,-5.85402284866419e-05,-5.854022864817275e-05,-0.0001170966103805517,0.001232716605498473,5.854022848664191e-05
1,0.002400700000000227,-1.168927716436785,-0.0001616803983122139,-12.0,0.5842213360041201,12.0,-0.001057253502489371,-5.843830164024323e-05,-5.843830180192362e-05,-0.0001168927716436785,0.001232572845782452,5.843830164024323e-05
1,0.002400900000000227,-1.166887483171563,-0.0001618296992214607,-12.0,0.5832009954186523,12.0,-0.001057415618616456,-5.833628251178737e-05,-5.833628267361708e-05,-0.0001166887483171563,0.001232428939928538,5.833628251178738e-05
1,0.002401100000000227,-1.164845407231666,-0.0001619787445574783,-12.0,0.5821797338792095,12.0,-0.001057577865159871,-5.82341712623767e-05,-5.823417142435544e-05,-0.0001164845407231666,0.001232284888121098,5.82341712623767e-05
1,0.002401300000000227,-1.162801491841804,-0.0001621275340842887,-12.0,0.5811575529985,12.0,-0.001057740241820565,-5.813196805325843e-05,-5.813196821538598e-05,-0.0001162801491841804,0.001232140690544642,5.813196805325843e-05
1,0.0024015000000002272,-1.160755740229597,-0.0001622760675671908,-12.0,0.580134454390687,12.0,-0.0010579027482992,-5.802967304582543e-05,-5.80296732081015e-05,-0.0001160755740229597,0.00123199634738403,5.802967304582543e-05
1,0.0024017000000002274,-1.158708155625572,-0.0001624243447710949,-12.0,0.5791104396713858,12.0,-0.001058065384296342,-5.79272864016157e-05,-5.792728656404004e-05,-0.0001158708155625572,0.001231851858824344,5.792728640161569e-05
1,0.0024019000000002275,-1.156658741263145,-0.0001625723654634648,-12.0,0.5780855104576538,12.0,-0.001058228149512383,-5.782480828231174e-05,-5.782480844488409e-05,-0.0001156658741263145,0.001231707225050976,5.782480828231173e-05
1,0.0024021000000002276,-1.15460750037862,-0.0001627201294105429,-12.0,0.5770596683679927,12.0,-0.001058391043647508,-5.772223884974033e-05,-5.772223901246045e-05,-0.000115460750037862,0.001231562446249543,5.772223884974033e-05
1,0.0024023000000002277,-1.152554436211188,-0.0001628676363783499,-12.0,0.5760329150223502,12.0,-0.00105855406640179,-5.761957826587285e-05,-5.761957842874047e-05,-0.0001152554436211188,0.00123141752260595,5.761957826587285e-05
1,0.002402500000000228,-1.150499552002921,-0.0001630148861353486,-12.0,0.5750052520421085,12.0,-0.001058717217475101,-5.751682669282439e-05,-5.751682685583927e-05,-0.0001150499552002921,0.001231272454306404,5.751682669282439e-05
1,0.002402700000000228,-1.148442850998757,-0.0001631618784491695,-12.0,0.5739766810500861,12.0,-0.001058880496567161,-5.741398429285354e-05,-5.741398445601541e-05,-0.0001148442850998757,0.001231127241537337,5.741398429285354e-05
1,0.002402900000000228,-1.146384336446514,-0.0001633086130872208,-12.0,0.5729472036705402,12.0,-0.001059043903377542,-5.731105122836273e-05,-5.731105139167136e-05,-0.0001146384336446514,0.001230981884485463,5.731105122836275e-05
1,0.002403100000000228,-1.144324011596868,-0.0001634550898189091,-12.0,0.5719168215291545,12.0,-0.001059207437605646,-5.720802766189735e-05,-5.720802782535245e-05,-0.0001144324011596868,0.001230836383337736,5.720802766189735e-05
1,0.0024033000000002283,-1.142261879703349,-0.0001636013084133636,-12.0,0.5708855362530415,12.0,-0.001059371098950712,-5.710491375614548e-05,-5.710491391974679e-05,-0.0001142261879703349,0.001230690738281436,5.710491375614548e-05
1,0.0024035000000002284,-1.140197944022351,-0.0001637472686388253,-12.0,0.5698533494707445,12.0,-0.001059534887111815,-5.700170967393833e-05,-5.70017098376856e-05,-0.0001140197944022351,0.001230544949504073,5.700170967393834e-05
1,0.0024037000000002285,-1.13813220781311,-0.0001638929702663661,-12.0,0.5688202628122256,12.0,-0.001059698801787884,-5.68984155782492e-05,-5.689841574214217e-05,-0.000113813220781311,0.001230399017193413,5.68984155782492e-05
1,0.0024039000000002286,-1.136064674337707,-0.0001640384130652262,-12.0,0.5677862779088715,12.0,-0.001059862842677672,-5.679503163219367e-05,-5.679503179623209e-05,-0.0001136064674337707,0.001230252941537537,5.679503163219367e-05
1,0.0024041000000002287,-1.133995346861055,-0.0001641835968081429,-12.0,0.5667513963934793,12.0,-0.001060027009479797,-5.669155799902874e-05,-5.669155816321234e-05,-0.0001133995346861055,0.001230106722724736,5.669155799902874e-05
1,0.002404300000000229,-1.131924228650911,-0.0001643285212619139,-12.0,0.5657156199002771,12.0,-0.001060191301892659,-5.658799484215391e-05,-5.658799500648244e-05,-0.0001131924228650911,0.001229960360943638,5.65879948421539e-05
1,0.002404500000000229,-1.129851322977856,-0.0001644731862029403,-12.0,0.5646789500648915,12.0,-0.00106035571961461,-5.648434232510945e-05,-5.648434248958264e-05,-0.0001129851322977856,0.001229813856383086,5.648434232510945e-05
1,0.002404700000000229,-1.127776633115281,-0.0001646175914002401,-12.0,0.5636413885243642,12.0,-0.001060520262343774,-5.638060061157646e-05,-5.638060077619405e-05,-0.0001127776633115281,0.00122966720923217,5.638060061157644e-05
1,0.002404900000000229,-1.125700162339418,-0.0001647617366253851,-12.0,0.5626029369171538,12.0,-0.001060684929778101,-5.627676986537793e-05,-5.627677003013965e-05,-0.0001125700162339418,0.001229520419680337,5.627676986537792e-05
1,0.0024051000000002293,-1.123621913929297,-0.00016490562165411,-12.0,0.5615635968831112,12.0,-0.001060849721615457,-5.617285025047653e-05,-5.617285041538214e-05,-0.0001123621913929297,0.001229373487917226,5.617285025047654e-05
1,0.0024053000000002294,-1.121541891166748,-0.0001650492462568764,-12.0,0.5605233700634964,12.0,-0.001061014637553516,-5.606884193097533e-05,-5.606884209602458e-05,-0.0001121541891166748,0.001229226414132728,5.606884193097532e-05
1,0.0024055000000002295,-1.11946009733642,-0.0001651926102078649,-12.0,0.5594822581009723,12.0,-0.001061179677289754,-5.596474507111802e-05,-5.596474523631063e-05,-0.000111946009733642,0.001229079198517113,5.596474507111802e-05
1,0.0024057000000002296,-1.117376535725749,-0.0001653357132814226,-12.0,0.5584402626395952,12.0,-0.001061344840521582,-5.586055983528767e-05,-5.586056000062338e-05,-0.0001117376535725749,0.0012289318412608,5.586055983528766e-05
1,0.0024059000000002297,-1.115291209624963,-0.0001654785552515636,-12.0,0.5573973853248185,12.0,-0.001061510126946226,-5.575628638800702e-05,-5.575628655348557e-05,-0.0001115291209624963,0.001228784342554516,5.5756286388007e-05
1,0.00240610000000023,-1.113204122327075,-0.0001656211358934678,-12.0,0.5563536278034862,12.0,-0.001061675536260721,-5.565192489393797e-05,-5.56519250595591e-05,-0.0001113204122327075,0.001228636702589297,5.565192489393797e-05
1,0.00240630000000023,-1.111115277127886,-0.0001657634549810383,-12.0,0.5553089917238367,12.0,-0.001061841068162039,-5.554747551788178e-05,-5.554747568364523e-05,-0.0001111115277127886,0.001228488921556359,5.554747551788177e-05
1,0.00240650000000023,-1.109024677325968,-0.0001659055122915087,-12.0,0.5542634787354916,12.0,-0.001062006722346881,-5.544293842477831e-05,-5.544293859068382e-05,-0.0001109024677325968,0.001228340999647283,5.544293842477832e-05
1,0.00240670000000023,-1.106932326222661,-0.0001660473076000035,-12.0,0.5532170904894573,12.0,-0.001062172498511919,-5.533831377970574e-05,-5.533831394575305e-05,-0.0001106932326222661,0.001228192937053868,5.533831377970573e-05
1,0.0024069000000002303,-1.104838227122077,-0.0001661888406824796,-12.0,0.5521698286381264,12.0,-0.00106233839635362,-5.523360174788087e-05,-5.523360191406972e-05,-0.0001104838227122077,0.001228044733968162,5.523360174788088e-05
1,0.0024071000000002304,-1.102742383331088,-0.0001663301113164484,-12.0,0.5511216948352683,12.0,-0.001062504415568322,-5.512880249465847e-05,-5.512880266098859e-05,-0.0001102742383331088,0.00122789639058251,5.512880249465848e-05
1,0.0024073000000002305,-1.10064479815931,-0.0001664711192800317,-12.0,0.5500726907360236,12.0,-0.001062670555852185,-5.502391618553037e-05,-5.502391635200148e-05,-0.000110064479815931,0.001227747907089523,5.502391618553037e-05
1,0.0024075000000002306,-1.098545474919121,-0.0001666118643477432,-12.0,0.5490228179969202,12.0,-0.001062836816901294,-5.49189429861268e-05,-5.491894315273867e-05,-0.0001098545474919121,0.001227599283682053,5.49189429861268e-05
1,0.0024077000000002307,-1.096444416925648,-0.0001667523463010356,-12.0,0.547972078275849,12.0,-0.001063003198411468,-5.4813883062215e-05,-5.481388322896734e-05,-0.0001096444416925648,0.001227450520553293,5.481388306221501e-05
1,0.002407900000000231,-1.094341627496735,-0.0001668925649175312,-12.0,0.5469204732320657,12.0,-0.001063169700078512,-5.470873657969832e-05,-5.470873674659089e-05,-0.0001094341627496736,0.001227301617896616,5.470873657969833e-05
1,0.002408100000000231,-1.092237109952985,-0.0001670325199736866,-12.0,0.5458680045262069,12.0,-0.001063336321598031,-5.460350370461807e-05,-5.460350387165059e-05,-0.0001092237109952985,0.001227152575905666,5.460350370461807e-05
1,0.002408300000000231,-1.090130867617719,-0.0001671722112527863,-12.0,0.5448146738202584,12.0,-0.001063503062665498,-5.449818460315111e-05,-5.449818477032332e-05,-0.0001090130867617719,0.001227003394774433,5.449818460315112e-05
1,0.002408500000000231,-1.088022903816977,-0.0001673116385313422,-12.0,0.5437604827775748,12.0,-0.001063669922976199,-5.439277944161062e-05,-5.439277960892226e-05,-0.0001088022903816977,0.001226854074697116,5.439277944161062e-05
1,0.0024087000000002313,-1.085913221879522,-0.0001674508015914178,-12.0,0.542705433062866,12.0,-0.001063836902225349,-5.428728838644575e-05,-5.428728855389654e-05,-0.0001085913221879522,0.001226704615868171,5.428728838644574e-05
1,0.0024089000000002314,-1.083801825136835,-0.000167589700211912,-12.0,0.5416495263422026,12.0,-0.00106400400010799,-5.418171160424144e-05,-5.418171177183115e-05,-0.0001083801825136835,0.001226555018482359,5.418171160424146e-05
1,0.0024091000000002315,-1.081688716923101,-0.0001677283341753877,-12.0,0.540592764283004,12.0,-0.001064171216319014,-5.407604926171794e-05,-5.407604942944628e-05,-0.0001081688716923101,0.001226405282734683,5.407604926171794e-05
1,0.0024093000000002317,-1.079573900575202,-0.0001678667032625758,-12.0,0.5395351485540401,12.0,-0.001064338550553198,-5.397030152573027e-05,-5.397030169359698e-05,-0.0001079573900575202,0.001226255408820431,5.397030152573026e-05
1,0.0024095000000002318,-1.077457379432727,-0.0001680048072544849,-12.0,0.5384766808254334,12.0,-0.001064506002505176,-5.38644685632688e-05,-5.386446873127361e-05,-0.0001077457379432727,0.001226105396935136,5.386446856326879e-05
1,0.002409700000000232,-1.075339156837953,-0.0001681426459348434,-12.0,0.5374173627686477,12.0,-0.001064673571869422,-5.375855054145825e-05,-5.375855070960091e-05,-0.0001075339156837953,0.001225955247274604,5.375855054145826e-05
1,0.002409900000000232,-1.07321923613584,-0.0001682802190856592,-12.0,0.5363571960564891,12.0,-0.001064841258340311,-5.365254762755747e-05,-5.36525477958377e-05,-0.000107321923613584,0.001225804960034931,5.365254762755748e-05
1,0.002410100000000232,-1.071097620674035,-0.0001684175264892174,-12.0,0.5352961823631087,12.0,-0.001065009061612054,-5.354645998895978e-05,-5.354646015737732e-05,-0.0001071097620674035,0.00122565453541245,5.35464599889598e-05
1,0.0024103000000002322,-1.068974313802862,-0.0001685545679300793,-12.0,0.5342343233639903,12.0,-0.001065176981378736,-5.344028779319205e-05,-5.344028796174661e-05,-0.0001068974313802862,0.001225503973603756,5.344028779319205e-05
1,0.0024105000000002323,-1.066849318875313,-0.0001686913431913628,-12.0,0.5331716207359558,12.0,-0.001065345017334296,-5.333403120791471e-05,-5.333403137660607e-05,-0.0001066849318875313,0.001225353274805767,5.333403120791471e-05
1,0.0024107000000002324,-1.064722639247038,-0.0001688278520592945,-12.0,0.5321080761571516,12.0,-0.00106551316917259,-5.32276904009211e-05,-5.322769056974894e-05,-0.0001064722639247038,0.001225202439215582,5.32276904009211e-05
1,0.0024109000000002326,-1.062594278276364,-0.0001689640943146609,-12.0,0.5310436913070689,12.0,-0.001065681436587272,-5.312126554013836e-05,-5.312126570910245e-05,-0.0001062594278276364,0.00122505146703062,5.312126554013836e-05
1,0.0024111000000002327,-1.060464239324264,-0.0001691000697472966,-12.0,0.5299784678665106,12.0,-0.001065849819271887,-5.30147567936258e-05,-5.301475696272586e-05,-0.0001060464239324265,0.001224900358448626,5.30147567936258e-05
1,0.002411300000000233,-1.058332525754353,-0.0001692357781402642,-12.0,0.5289124075176084,12.0,-0.001066018316919916,-5.290816432957486e-05,-5.290816449881064e-05,-0.0001058332525754353,0.00122474911366742,5.290816432957486e-05
1,0.002411500000000233,-1.056199140932908,-0.000169371219278236,-12.0,0.5278455119438245,12.0,-0.00106618692922459,-5.280148831631028e-05,-5.28014884856815e-05,-0.0001056199140932908,0.001224597732885309,5.280148831631026e-05
1,0.002411700000000233,-1.054064088228835,-0.0001695063929512686,-12.0,0.5267777828299268,12.0,-0.001066355655879064,-5.26947289222878e-05,-5.26947290917942e-05,-0.0001054064088228835,0.001224446216300773,5.269472892228782e-05
1,0.002411900000000233,-1.051927371013667,-0.0001696412989435903,-12.0,0.5257092218620053,12.0,-0.001066524496576439,-5.258788631609489e-05,-5.258788648573618e-05,-0.0001051927371013667,0.00122429456411248,5.258788631609489e-05
1,0.0024121000000002332,-1.04978899266158,-0.0001697759370427043,-12.0,0.5246398307274666,12.0,-0.001066693451009591,-5.248096066645093e-05,-5.248096083622688e-05,-0.000104978899266158,0.001224142776519478,5.248096066645093e-05
1,0.0024123000000002334,-1.047648956549365,-0.0001699103070373353,-12.0,0.5235696111150236,12.0,-0.001066862518871246,-5.23739521422061e-05,-5.23739523121164e-05,-0.0001047648956549365,0.001223990853721074,5.23739521422061e-05
1,0.0024125000000002335,-1.045507266056429,-0.0001700444087150421,-12.0,0.5224985647146979,12.0,-0.001067031699854136,-5.22668609123413e-05,-5.226686108238572e-05,-0.0001045507266056429,0.001223838795916754,5.22668609123413e-05
1,0.0024127000000002336,-1.043363924564798,-0.000170178241863661,-12.0,0.5214266932178209,12.0,-0.001067200993650742,-5.215968714596846e-05,-5.21596873161467e-05,-0.0001043363924564798,0.001223686603306358,5.215968714596846e-05
1,0.0024129000000002337,-1.041218935459102,-0.000170311806273582,-12.0,0.5203539983170224,12.0,-0.001067370399953464,-5.205243101232962e-05,-5.205243118264143e-05,-0.0001041218935459102,0.001223534276089948,5.20524310123296e-05
1,0.002413100000000234,-1.03907230212657,-0.000170445101733252,-12.0,0.5192804817062342,12.0,-0.001067539918454624,-5.194509268079674e-05,-5.194509285124185e-05,-0.000103907230212657,0.001223381814467843,5.194509268079674e-05
1,0.002413300000000234,-1.03692402795703,-0.000170578128033172,-12.0,0.5182061450806839,12.0,-0.001067709548846309,-5.18376723208717e-05,-5.183767249144984e-05,-0.000103692402795703,0.001223229218640702,5.183767232087171e-05
1,0.002413500000000234,-1.034774116342903,-0.0001707108849623995,-12.0,0.5171309901368988,12.0,-0.001067879290820598,-5.173017010218612e-05,-5.173017027289701e-05,-0.0001034774116342903,0.00122307648880933,5.173017010218613e-05
1,0.002413700000000234,-1.032622570679195,-0.0001708433723124347,-12.0,0.5160550185726952,12.0,-0.001068049144069383,-5.162258619450077e-05,-5.162258636534415e-05,-0.0001032622570679195,0.001222923625174892,5.162258619450076e-05
1,0.0024139000000002343,-1.030469394363485,-0.0001709755898757215,-12.0,0.5149782320871732,12.0,-0.001068219108284439,-5.151492076770489e-05,-5.151492093868048e-05,-0.0001030469394363485,0.001222770627938796,5.15149207677049e-05
1,0.0024141000000002344,-1.028314590795938,-0.0001711075374402626,-12.0,0.513900632380733,12.0,-0.001068389183157457,-5.140717399181733e-05,-5.140717416292488e-05,-0.0001028314590795938,0.00122261749730268,5.140717399181734e-05
1,0.0024143000000002345,-1.026158163379288,-0.000171239214801111,-12.0,0.5128222211550504,12.0,-0.001068559368379955,-5.129934603698514e-05,-5.129934620822437e-05,-0.0001026158163379288,0.001222464233468508,5.129934603698515e-05
1,0.0024145000000002346,-1.024000115518819,-0.0001713706217505995,-12.0,0.5117430001130775,12.0,-0.001068729663643374,-5.119143707348281e-05,-5.119143724485343e-05,-0.0001024000115518819,0.001222310836638457,5.119143707348282e-05
1,0.0024147000000002347,-1.021840450622392,-0.0001715017580783407,-12.0,0.510662970959061,12.0,-0.00106890006863903,-5.108344727171393e-05,-5.108344744321569e-05,-0.0001021840450622392,0.001222157307014991,5.108344727171393e-05
1,0.002414900000000235,-1.019679172100415,-0.0001716326235818855,-12.0,0.5095821353985082,12.0,-0.001069070583058086,-5.097537680220901e-05,-5.097537697384164e-05,-0.0001019679172100415,0.001222003644800837,5.097537680220901e-05
1,0.002415100000000235,-1.017516283365835,-0.0001717632180518458,-12.0,0.5085004951382074,12.0,-0.001069241206591624,-5.086722583562593e-05,-5.086722600738915e-05,-0.0001017516283365835,0.001221849850199019,5.086722583562593e-05
1,0.002415300000000235,-1.015351787834152,-0.0001718935412839406,-12.0,0.5074180518862149,12.0,-0.001069411938930627,-5.075899454274989e-05,-5.075899471464342e-05,-0.0001015351787834152,0.001221695923412723,5.075899454274988e-05
1,0.002415500000000235,-1.013185688923403,-0.0001720235930710579,-12.0,0.5063348073518592,12.0,-0.001069582779765904,-5.065068309449302e-05,-5.065068326651662e-05,-0.0001013185688923403,0.001221541864645542,5.065068309449304e-05
1,0.0024157000000002353,-1.011017990054157,-0.0001721533732098601,-12.0,0.5052507632457298,12.0,-0.00106975372878821,-5.054229166189398e-05,-5.054229183404735e-05,-0.0001011017990054157,0.001221387674101203,5.054229166189397e-05
1,0.0024159000000002354,-1.008848694649501,-0.0001722828814950672,-12.0,0.504165921279679,12.0,-0.001069924785688112,-5.04338204161174e-05,-5.043382058840029e-05,-0.0001008848694649501,0.001221233351983812,5.04338204161174e-05
1,0.0024161000000002355,-1.006677806135053,-0.0001724121177216209,-12.0,0.503080283166823,12.0,-0.001070095950156169,-5.032526952845446e-05,-5.032526970086658e-05,-0.0001006677806135053,0.001221078898497631,5.032526952845446e-05
1,0.0024163000000002356,-1.004505327938945,-0.0001725410816870165,-12.0,0.5019938506215313,12.0,-0.001070267221882706,-5.021663917032184e-05,-5.021663934286291e-05,-0.0001004505327938945,0.001220924313847307,5.021663917032184e-05
1,0.0024165000000002357,-1.002331263491814,-0.0001726697731876947,-12.0,0.5009066253594276,12.0,-0.00107043860055802,-5.010792951326155e-05,-5.010792968593132e-05,-0.0001002331263491814,0.001220769598237643,5.010792951326153e-05
1,0.002416700000000236,-1.000155616226807,-0.0001727981920197075,-12.0,0.4998186090973921,12.0,-0.001070610085872288,-4.999914072894118e-05,-4.999914090173938e-05,-0.0001000155616226807,0.001220614751873739,4.999914072894118e-05
1,0.002416900000000236,-0.9979783895795716,-0.0001729263379820489,-12.0,0.4987298035535493,12.0,-0.00107078167751555,-4.989027298915314e-05,-4.989027316207948e-05,-9.979783895795716e-05,0.001220459774960984,4.989027298915314e-05
1,0.002417100000000236,-0.9957995869882411,-0.0001730542108719924,-12.0,0.4976402104472705,12.0,-0.001070953375177763,-4.978132646581425e-05,-4.978132663886846e-05,-9.957995869882412e-05,0.001220304667705015,4.978132646581425e-05
1,0.002417300000000236,-0.9936192118934474,-0.0001731818104872551,-12.0,0.4965498314991748,12.0,-0.001071125178548703,-4.96723013309662e-05,-4.967230150414801e-05,-9.936192118934475e-05,0.001220149430311748,4.96723013309662e-05
1,0.0024175000000002363,-0.9914372677383038,-0.0001733091366274975,-12.0,0.4954586684311194,12.0,-0.001071297087318172,-4.956319775677468e-05,-4.956319793008381e-05,-9.914372677383038e-05,0.001219994062987319,4.956319775677469e-05
1,0.0024177000000002364,-0.9892537579683941,-0.0001734361890922687,-12.0,0.4943667229661968,12.0,-0.00107146910117574,-4.94540159155289e-05,-4.945401608896509e-05,-9.892537579683941e-05,0.0012198385659382,4.945401591552891e-05
1,0.0024179000000002365,-0.9870686860317748,-0.0001735629676810069,-12.0,0.4932739968287362,12.0,-0.001071641219810945,-4.934475597964171e-05,-4.934475615320469e-05,-9.870686860317749e-05,0.001219682939371025,4.934475597964172e-05
1,0.0024181000000002366,-0.9848820553789828,-0.0001736894721917071,-12.0,0.4921804917443091,12.0,-0.001071813442913148,-4.92354181216501e-05,-4.923541829533955e-05,-9.848820553789828e-05,0.00121952718349283,4.923541812165008e-05
1,0.0024183000000002368,-0.9826938694630069,-0.0001738157024288034,-12.0,0.4910862094397032,12.0,-0.001071985770171667,-4.912600251421321e-05,-4.912600268802891e-05,-9.826938694630069e-05,0.001219371298510796,4.912600251421321e-05
1,0.002418500000000237,-0.9805041317392845,-0.0001739416581907349,-12.0,0.4899911516429395,12.0,-0.001072158201275722,-4.901650933011304e-05,-4.901650950405469e-05,-9.805041317392846e-05,0.001219215284632418,4.901650933011303e-05
1,0.002418700000000237,-0.9783128456657174,-0.0001740673392787717,-12.0,0.488895320083267,12.0,-0.001072330735914388,-4.890693874225458e-05,-4.890693891632193e-05,-9.783128456657174e-05,0.001219059142065396,4.890693874225458e-05
1,0.002418900000000237,-0.9761200147026462,-0.0001741927454960157,-12.0,0.4877987164911516,12.0,-0.001072503373776637,-4.879729092366476e-05,-4.879729109785751e-05,-9.761200147026462e-05,0.001218902871017807,4.879729092366477e-05
1,0.002419100000000237,-0.9739256423128474,-0.0001743178766442366,-12.0,0.4867013425982786,12.0,-0.00107267611455137,-4.868756604749229e-05,-4.868756622181016e-05,-9.739256423128475e-05,0.001218746471697896,4.868756604749228e-05
1,0.0024193000000002373,-0.971729731961539,-0.0001744427325253706,-12.0,0.4856032001375541,12.0,-0.00107284895792735,-4.857776428700796e-05,-4.857776446145068e-05,-9.717297319615391e-05,0.001218589944314237,4.857776428700796e-05
1,0.0024195000000002374,-0.969532287116365,-0.0001745673129439074,-12.0,0.4845042908430936,12.0,-0.001073021903593298,-4.846788581560375e-05,-4.846788599017106e-05,-9.695322871163651e-05,0.001218433289075588,4.846788581560375e-05
1,0.0024197000000002375,-0.9673333112473893,-0.0001746916177023938,-12.0,0.4834046164502248,12.0,-0.001073194951237727,-4.835793080679273e-05,-4.835793098148435e-05,-9.673333112473894e-05,0.001218276506191045,4.835793080679272e-05
1,0.0024199000000002377,-0.9651328078270943,-0.0001748156466058193,-12.0,0.482304178695482,12.0,-0.001073368100549192,-4.824789943420877e-05,-4.824789960902443e-05,-9.651328078270944e-05,0.00121811959586992,4.824789943420879e-05
1,0.0024201000000002378,-0.9629307803303792,-0.0001749393994570636,-12.0,0.4812029793166099,12.0,-0.001073541351216026,-4.813779187160671e-05,-4.81377920465461e-05,-9.629307803303792e-05,0.001217962558321808,4.81377918716067e-05
1,0.002420300000000238,-0.9607272322345496,-0.0001750628760623374,-12.0,0.4801010200525526,12.0,-0.001073714702926547,-4.80276082928615e-05,-4.802760846792437e-05,-9.607272322345496e-05,0.001217805393756571,4.80276082928615e-05
1,0.002420500000000238,-0.9585221670193013,-0.0001751860762279067,-12.0,0.4789983026434478,12.0,-0.001073888155368907,-4.791734887196758e-05,-4.791734904715367e-05,-9.585221670193013e-05,0.001217648102384332,4.791734887196758e-05
1,0.002420700000000238,-0.9563155881667387,-0.0001753089997563739,-12.0,0.4778948288306448,12.0,-0.001074061708231211,-4.780701378304012e-05,-4.780701395834912e-05,-9.563155881667388e-05,0.00121749068441547,4.780701378304012e-05
1,0.0024209000000002382,-0.9541074991613578,-0.0001754316464565586,-12.0,0.4767906003566777,12.0,-0.001074235361201492,-4.769660320031343e-05,-4.769660337574506e-05,-9.541074991613579e-05,0.001217333140060582,4.769660320031343e-05
1,0.0024211000000002383,-0.9518979034900219,-0.0001755540161353375,-12.0,0.4756856189652678,12.0,-0.001074409113967584,-4.758611729814031e-05,-4.758611747369433e-05,-9.51897903490022e-05,0.001217175469530637,4.758611729814031e-05
1,0.0024213000000002385,-0.9496868046419937,-0.0001756761085965897,-12.0,0.4745798864013409,12.0,-0.001074582966217333,-4.747555625099375e-05,-4.747555642666986e-05,-9.496868046419938e-05,0.001217017673036766,4.747555625099375e-05
1,0.0024215000000002386,-0.9474742061089014,-0.0001757979236521878,-12.0,0.4734734044109933,12.0,-0.001074756917638441,-4.736492023346454e-05,-4.736492040926247e-05,-9.474742061089014e-05,0.001216859750790424,4.736492023346455e-05
1,0.0024217000000002387,-0.9452601113847307,-0.0001759194611073989,-12.0,0.4723661747415096,12.0,-0.001074930967918504,-4.72542094202617e-05,-4.725420959618116e-05,-9.452601113847307e-05,0.001216701703003295,4.72542094202617e-05
1,0.002421900000000239,-0.9430445239658525,-0.0001760407207697656,-12.0,0.4712581991413644,12.0,-0.0010751051167451,-4.714342398621341e-05,-4.714342416225413e-05,-9.430445239658525e-05,0.001216543529887294,4.714342398621342e-05
1,0.002422100000000239,-0.9408274473509805,-0.0001761617024512718,-12.0,0.4701494793601962,12.0,-0.001075279363805609,-4.703256410626475e-05,-4.703256428242646e-05,-9.408274473509805e-05,0.001216385231654689,4.703256410626475e-05
1,0.002422300000000239,-0.9386088850411761,-0.0001762824059584611,-12.0,0.4690400171488264,12.0,-0.001075453708787401,-4.692162995547849e-05,-4.692163013176088e-05,-9.386088850411762e-05,0.001216226808517948,4.692162995547849e-05
1,0.002422500000000239,-0.9363888405398559,-0.0001764028311026511,-12.0,0.4679298142592457,12.0,-0.001075628151377732,-4.681062170903483e-05,-4.681062188543766e-05,-9.36388840539856e-05,0.001216068260689776,4.681062170903483e-05
1,0.0024227000000002392,-0.9341673173527751,-0.0001765229776924393,-12.0,0.4668188724446191,12.0,-0.001075802691263748,-4.669953954223115e-05,-4.669953971875414e-05,-9.341673173527752e-05,0.001215909588383218,4.669953954223116e-05
1,0.0024229000000002394,-0.931944318988024,-0.000176642845539754,-12.0,0.4657071934592739,12.0,-0.001075977328132541,-4.658838363048137e-05,-4.658838380712421e-05,-9.319443189880241e-05,0.001215750791811507,4.658838363048136e-05
1,0.0024231000000002395,-0.9297198489560172,-0.0001767624344554131,-12.0,0.4645947790587012,12.0,-0.001076152061671089,-4.647715414931568e-05,-4.647715432607809e-05,-9.297198489560172e-05,0.001215591871188158,4.647715414931566e-05
1,0.0024233000000002396,-0.9274939107695016,-0.0001768817442499016,-12.0,0.4634816309995585,12.0,-0.001076326891566282,-4.636585127438084e-05,-4.636585145126258e-05,-9.274939107695016e-05,0.001215432826726995,4.636585127438084e-05
1,0.0024235000000002397,-0.9252665079435384,-0.0001770007747363689,-12.0,0.4623677510396569,12.0,-0.001076501817504946,-4.625447518143934e-05,-4.625447535844011e-05,-9.252665079435385e-05,0.001215273658642047,4.625447518143933e-05
1,0.00242370000000024,-0.9230376439954973,-0.0001771195257266878,-12.0,0.4612531409379633,12.0,-0.001076676839173819,-4.614302604636901e-05,-4.614302622348852e-05,-9.230376439954973e-05,0.0012151143671476,4.6143026046369e-05
1,0.00242390000000024,-0.9208073224450638,-0.000177237997032953,-12.0,0.4601378024546024,12.0,-0.00107685195625954,-4.603150404516354e-05,-4.603150422240154e-05,-9.208073224450639e-05,0.001214954952458235,4.603150404516354e-05
1,0.00242410000000024,-0.9185755468142234,-0.0001773561884693686,-12.0,0.4590217373508458,12.0,-0.001077027168448631,-4.591990935393152e-05,-4.59199095312877e-05,-9.185755468142235e-05,0.001214795414788819,4.591990935393152e-05
1,0.00242430000000024,-0.9163423206272457,-0.0001774740998503055,-12.0,0.4579049473891064,12.0,-0.001077202475427586,-4.580824214889567e-05,-4.580824232636978e-05,-9.163423206272458e-05,0.001214635754354404,4.580824214889567e-05
1,0.0024245000000002403,-0.9141076474107066,-0.0001775917309866926,-12.0,0.4567874343329559,12.0,-0.001077377876882821,-4.569650260639425e-05,-4.569650278398599e-05,-9.141076474107066e-05,0.001214475971370331,4.569650260639426e-05
1,0.0024247000000002404,-0.9118715306934673,-0.0001777090816963423,-12.0,0.4556691999470983,12.0,-0.001077553372500623,-4.558469090287947e-05,-4.558469108058855e-05,-9.118715306934673e-05,0.001214316066052233,4.558469090287947e-05
1,0.0024249000000002405,-0.9096339740066539,-0.0001778261517934587,-12.0,0.4545502459973752,12.0,-0.001077728961967214,-4.547280721491687e-05,-4.547280739274302e-05,-9.09633974006654e-05,0.001214156038615986,4.547280721491687e-05
1,0.0024251000000002406,-0.9073949808836735,-0.0001779429410930788,-12.0,0.4534305742507677,12.0,-0.001077904644968763,-4.536085171918608e-05,-4.536085189712902e-05,-9.073949808836736e-05,0.001213995889277682,4.536085171918608e-05
1,0.0024253000000002407,-0.9051545548602069,-0.0001780594494103505,-12.0,0.4523101864753933,12.0,-0.00107808042119132,-4.524882459248038e-05,-4.524882477053983e-05,-9.05154554860207e-05,0.001213835618253757,4.524882459248037e-05
1,0.002425500000000241,-0.9029126994741942,-0.0001781756765629194,-12.0,0.4511890844404959,12.0,-0.001078256290320871,-4.513672601170588e-05,-4.513672618988156e-05,-9.029126994741942e-05,0.001213675225760859,4.513672601170588e-05
1,0.002425700000000241,-0.9006694182658277,-0.0001782916223672104,-12.0,0.4500672699164469,12.0,-0.001078432252043328,-4.502455615388141e-05,-4.502455633217303e-05,-9.006694182658278e-05,0.001213514712015876,4.502455615388141e-05
1,0.002425900000000241,-0.8984247147775597,-0.000178407286639537,-12.0,0.4489447446747476,12.0,-0.001078608306044539,-4.491231519613872e-05,-4.491231537454601e-05,-8.984247147775598e-05,0.001213354077235981,4.491231519613871e-05
1,0.002426100000000241,-0.8961785925540845,-0.0001785226691989883,-12.0,0.4478215104880172,12.0,-0.00107878445201022,-4.480000331572162e-05,-4.480000349424428e-05,-8.961785925540845e-05,0.001213193321638634,4.480000331572162e-05
1,0.0024263000000002413,-0.8939310551423323,-0.0001786377698629327,-12.0,0.4466975691299941,12.0,-0.001078960689626068,-4.46876206899857e-05,-4.468762086862347e-05,-8.939310551423323e-05,0.00121303244544152,4.468762068998571e-05
1,0.0024265000000002414,-0.8916821060914765,-0.000178752588449238,-12.0,0.4455729223755385,12.0,-0.00107913701857771,-4.457516749639878e-05,-4.457516767515136e-05,-8.916821060914765e-05,0.001212871448862556,4.457516749639878e-05
1,0.0024267000000002415,-0.8894317489529154,-0.0001788671247782148,-12.0,0.4444475720006192,12.0,-0.001079313438550646,-4.446264391253974e-05,-4.446264409140687e-05,-8.894317489529155e-05,0.001212710332119969,4.446264391253975e-05
1,0.0024269000000002416,-0.8871799872802715,-0.0001789813786680083,-12.0,0.4433215197823199,12.0,-0.001079489949230315,-4.43500501160988e-05,-4.435005029508017e-05,-8.871799872802716e-05,0.001212549095432246,4.43500501160988e-05
1,0.0024271000000002417,-0.8849268246293782,-0.0001790953499408166,-12.0,0.4421947674988243,12.0,-0.001079666550302116,-4.423738628487651e-05,-4.423738646397188e-05,-8.849268246293783e-05,0.001212387739018106,4.423738628487651e-05
1,0.002427300000000242,-0.882672264558292,-0.000179209038413064,-12.0,0.441067316929436,12.0,-0.001079843241451349,-4.412465259678491e-05,-4.412465277599394e-05,-8.82672264558292e-05,0.001212226263096514,4.412465259678491e-05
1,0.002427500000000242,-0.8804163106272792,-0.0001793224439089469,-12.0,0.4399391698545518,12.0,-0.001080020022363258,-4.401184922984607e-05,-4.401184940916851e-05,-8.804163106272792e-05,0.001212064667886738,4.401184922984608e-05
1,0.002427700000000242,-0.8781589663987865,-0.0001794355662493308,-12.0,0.4388103280556636,12.0,-0.001080196892722998,-4.389897636219129e-05,-4.389897654162687e-05,-8.781589663987866e-05,0.001211902953608283,4.389897636219129e-05
1,0.002427900000000242,-0.8759002354374787,-0.0001795484052528606,-12.0,0.4376807933153761,12.0,-0.001080373852215655,-4.378603417206289e-05,-4.378603435161129e-05,-8.759002354374788e-05,0.001211741120480905,4.37860341720629e-05
1,0.0024281000000002423,-0.873640121310202,-0.0001796609607459532,-12.0,0.4365505674173725,12.0,-0.001080550900526243,-4.367302283781184e-05,-4.36730230174728e-05,-8.73640121310202e-05,0.001211579168724629,4.367302283781184e-05
1,0.0024283000000002424,-0.8713786275859745,-0.0001797732325485857,-12.0,0.4354196521464321,12.0,-0.001080728037339745,-4.355994253789807e-05,-4.355994271767129e-05,-8.713786275859745e-05,0.001211417098559729,4.355994253789807e-05
1,0.0024285000000002425,-0.8691157578360184,-0.0001798852204828449,-12.0,0.4342880492884327,12.0,-0.001080905262341017,-4.344679345089154e-05,-4.344679363077678e-05,-8.691157578360184e-05,0.001211254910206731,4.344679345089155e-05
1,0.0024287000000002426,-0.866851515633711,-0.0001799969243754251,-12.0,0.4331557606303231,12.0,-0.001081082575214873,-4.333357575546985e-05,-4.333357593546678e-05,-8.668515156337111e-05,0.001211092603886479,4.333357575546985e-05
1,0.0024289000000002428,-0.8645859045545934,-0.0001801083440478579,-12.0,0.4320227879601416,12.0,-0.001081259975646079,-4.322028963041894e-05,-4.322028981052728e-05,-8.645859045545934e-05,0.00121093017981997,4.322028963041895e-05
1,0.002429100000000243,-0.862318928176383,-0.0001802194793244505,-12.0,0.43088913306701,12.0,-0.001081437463319318,-4.310693525463345e-05,-4.310693543485293e-05,-8.623189281763831e-05,0.001210767638228541,4.310693525463345e-05
1,0.002429300000000243,-0.8600505900789451,-0.0001803303300311754,-12.0,0.4297547977411225,12.0,-0.001081615037919197,-4.299351280711537e-05,-4.29935129874457e-05,-8.600505900789452e-05,0.00121060497933375,4.299351280711537e-05
1,0.002429500000000243,-0.8577808938442946,-0.0001804408959925619,-12.0,0.4286197837737494,12.0,-0.001081792699130259,-4.288002246697421e-05,-4.28800226474151e-05,-8.577808938442946e-05,0.001210442203357448,4.28800224669742e-05
1,0.002429700000000243,-0.8555098430565905,-0.0001805511770349155,-12.0,0.4274840929572311,12.0,-0.001081970446637007,-4.27664644134266e-05,-4.276646459397778e-05,-8.555098430565905e-05,0.0012102793105217,4.27664644134266e-05
1,0.0024299000000002433,-0.8532374413021356,-0.0001806611729830432,-12.0,0.4263477270849816,12.0,-0.001082148280123846,-4.265283882579646e-05,-4.265283900645764e-05,-8.532374413021357e-05,0.00121011630104885,4.265283882579647e-05
1,0.0024301000000002434,-0.8509636921693651,-0.0001807708836650268,-12.0,0.4252106879514761,12.0,-0.001082326199275167,-4.253914588351412e-05,-4.253914606428501e-05,-8.509636921693651e-05,0.001209953175161503,4.253914588351411e-05
1,0.0024303000000002436,-0.8486885992488351,-0.0001808803089076716,-12.0,0.424072977352253,12.0,-0.001082504203775245,-4.242538576611607e-05,-4.242538594699638e-05,-8.486885992488351e-05,0.001209789933082503,4.242538576611607e-05
1,0.0024305000000002437,-0.8464121661332321,-0.0001809894485371721,-12.0,0.4229345970839158,12.0,-0.00108268229330831,-4.23115586532453e-05,-4.231155883423475e-05,-8.464121661332322e-05,0.001209626575034976,4.23115586532453e-05
1,0.0024307000000002438,-0.8441343964173595,-0.0001810983023828872,-12.0,0.4217955489441224,12.0,-0.001082860467558566,-4.219766472465052e-05,-4.219766490574884e-05,-8.441343964173596e-05,0.001209463101242272,4.219766472465053e-05
1,0.002430900000000244,-0.8418552936981176,-0.0001812068702741199,-12.0,0.4206558347315789,12.0,-0.001083038726210094,-4.208370416018529e-05,-4.208370434139218e-05,-8.418552936981176e-05,0.001209299511928039,4.20837041601853e-05
1,0.002431100000000244,-0.8395748615745262,-0.0001813151520360656,-12.0,0.4195154562460575,12.0,-0.001083217068946998,-4.196967713980934e-05,-4.196967732112451e-05,-8.395748615745263e-05,0.001209135807316138,4.196967713980936e-05
1,0.002431300000000244,-0.8372931036477073,-0.0001814231475014139,-12.0,0.41837441528837,12.0,-0.001083395495453242,-4.185558384358716e-05,-4.18555840250103e-05,-8.372931036477073e-05,0.001208971987630716,4.185558384358714e-05
1,0.0024315000000002442,-0.8350100235208601,-0.0001815308564993012,-12.0,0.4172327136603725,12.0,-0.001083574005412771,-4.174142445168718e-05,-4.174142463321804e-05,-8.350100235208601e-05,0.001208808053096165,4.174142445168718e-05
1,0.0024317000000002443,-0.8327256247992798,-0.0001816382788595305,-12.0,0.4160903531649678,12.0,-0.001083752598509451,-4.162719914438273e-05,-4.162719932602101e-05,-8.327256247992799e-05,0.001208644003937158,4.162719914438274e-05
1,0.0024319000000002445,-0.8304399110903485,-0.0001817454144118491,-12.0,0.4149473356061023,12.0,-0.001083931274427151,-4.151290810205142e-05,-4.151290828379684e-05,-8.304399110903486e-05,0.001208479840378557,4.151290810205142e-05
1,0.0024321000000002446,-0.828152886003522,-0.0001818522629888908,-12.0,0.413803662788755,12.0,-0.001084110032849625,-4.13985515051744e-05,-4.139855168702665e-05,-8.28152886003522e-05,0.001208315562645543,4.139855150517439e-05
1,0.0024323000000002447,-0.8258645531503218,-0.0001819588244217907,-12.0,0.4126593365189399,12.0,-0.001084288873460577,-4.128412953433617e-05,-4.1284129716295e-05,-8.258645531503219e-05,0.001208151170963546,4.128412953433617e-05
1,0.002432500000000245,-0.823574916144342,-0.0001820650985416838,-12.0,0.4115143586037076,12.0,-0.001084467795943657,-4.116964237022493e-05,-4.116964255229002e-05,-8.23574916144342e-05,0.001207986665558242,4.116964237022492e-05
1,0.002432700000000245,-0.8212839786012336,-0.0001821710851821479,-12.0,0.4103687308511327,12.0,-0.001084646799982512,-4.105509019363149e-05,-4.105509037580257e-05,-8.212839786012336e-05,0.001207822046655531,4.105509019363149e-05
1,0.002432900000000245,-0.8189917441386967,-0.0001822767841760942,-12.0,0.4092224550703164,12.0,-0.001084825885260675,-4.094047318544926e-05,-4.094047336772603e-05,-8.189917441386967e-05,0.001207657314481608,4.094047318544925e-05
1,0.002433100000000245,-0.8166982163764863,-0.000182382195355657,-12.0,0.4080755330713878,12.0,-0.001085005051461641,-4.082579152667434e-05,-4.082579170905654e-05,-8.166982163764863e-05,0.001207492469262925,4.082579152667435e-05
1,0.0024333000000002452,-0.814403398936398,-0.0001824873185560794,-12.0,0.4069279666654916,12.0,-0.001085184298268885,-4.071104539840477e-05,-4.07110455808921e-05,-8.144033989363981e-05,0.001207327511226146,4.071104539840477e-05
1,0.0024335000000002454,-0.8121072954422577,-0.0001825921536113273,-12.0,0.4057797576647902,12.0,-0.001085363625365786,-4.059623498184015e-05,-4.059623516443232e-05,-8.121072954422577e-05,0.00120716244059825,4.059623498184016e-05
1,0.0024337000000002455,-0.8098099095199304,-0.0001826967003550339,-12.0,0.4046309078824658,12.0,-0.001085543032435708,-4.048136045828208e-05,-4.048136064097877e-05,-8.098099095199304e-05,0.001206997257606396,4.048136045828208e-05
1,0.0024339000000002456,-0.8075112447973051,-0.000182800958623941,-12.0,0.403481419132707,12.0,-0.001085722519161933,-4.03664220091331e-05,-4.036642219193406e-05,-8.07511244797305e-05,0.001206831962478096,4.03664220091331e-05
1,0.0024341000000002457,-0.805211304904287,-0.0001829049282526252,-12.0,0.4023312932307153,12.0,-0.001085902085227727,-4.025141981589679e-05,-4.025141999880172e-05,-8.052113049042871e-05,0.001206666555441022,4.025141981589679e-05
1,0.002434300000000246,-0.802910093472789,-0.0001830086090789385,-12.0,0.40118053199269,12.0,-0.00108608173031631,-4.013635406017691e-05,-4.01363542431855e-05,-8.02910093472789e-05,0.00120650103672313,4.01363540601769e-05
1,0.002434500000000246,-0.800607614136747,-0.0001831120009356813,-12.0,0.4000291372358499,12.0,-0.001086261454110803,-4.002122492367855e-05,-4.002122510679056e-05,-8.006076141367471e-05,0.001206335406552662,4.002122492367855e-05
1,0.002434700000000246,-0.798303870532092,-0.0001832151036647578,-12.0,0.3988771107783979,12.0,-0.001086441256294347,-3.990603258820626e-05,-3.990603277142137e-05,-7.98303870532092e-05,0.001206169665158088,3.990603258820626e-05
1,0.002434900000000246,-0.7959988662967387,-0.0001833179171003563,-12.0,0.3977244544395395,12.0,-0.001086621136549983,-3.979077723566399e-05,-3.979077741898192e-05,-7.959988662967388e-05,0.001206003812768135,3.979077723566398e-05
1,0.0024351000000002463,-0.7936926050706176,-0.00018342044107994,-12.0,0.3965711700394844,12.0,-0.00108680109456074,-3.967545904805645e-05,-3.967545923147688e-05,-7.936926050706176e-05,0.001205837849611757,3.967545904805643e-05
1,0.0024353000000002464,-0.7913850904956281,-0.0001835226754451358,-12.0,0.3954172593994197,12.0,-0.001086981130009615,-3.956007820748647e-05,-3.956007839100915e-05,-7.913850904956281e-05,0.001205671775918196,3.956007820748648e-05
1,0.0024355000000002465,-0.7890763262156442,-0.0001836246200321301,-12.0,0.3942627243415277,12.0,-0.001087161242579508,-3.944463489615598e-05,-3.94446350797806e-05,-7.890763262156442e-05,0.001205505591916942,3.944463489615598e-05
1,0.0024357000000002466,-0.7867663158765278,-0.0001837262746806068,-12.0,0.3931075666889802,12.0,-0.001087341431953291,-3.932912929636608e-05,-3.932912948009236e-05,-7.867663158765279e-05,0.001205339297837747,3.932912929636608e-05
1,0.0024359000000002467,-0.7844550631261007,-0.0001838276392311933,-12.0,0.3919517882659272,12.0,-0.001087521697813877,-3.921356159051584e-05,-3.921356177434348e-05,-7.844550631261007e-05,0.001205172893910568,3.921356159051584e-05
1,0.002436100000000247,-0.7821425716141452,-0.0001839287135233514,-12.0,0.3907953908975005,12.0,-0.001087702039843992,-3.909793196110239e-05,-3.909793214503109e-05,-7.821425716141453e-05,0.001205006380365685,3.909793196110239e-05
1,0.002436300000000247,-0.7798288449924008,-0.0001840294973984857,-12.0,0.3896383764098078,12.0,-0.001087882457726452,-3.898224059072063e-05,-3.898224077475012e-05,-7.798288449924009e-05,0.00120483975743356,3.898224059072063e-05
1,0.002436500000000247,-0.7775138869145608,-0.0001841299906962801,-12.0,0.3884807466299361,12.0,-0.001088062951143956,-3.886648766206324e-05,-3.886648784619323e-05,-7.775138869145608e-05,0.001204673025344966,3.886648766206324e-05
1,0.002436700000000247,-0.775197701036263,-0.0001842301932601931,-12.0,0.3873225033859393,12.0,-0.001088243519779195,-3.875067335791995e-05,-3.875067354215014e-05,-7.75197701036263e-05,0.001204506184330878,3.875067335791995e-05
1,0.0024369000000002473,-0.772880291015076,-0.0001843301049313517,-12.0,0.3861636485068399,12.0,-0.001088424163314811,-3.863479786117713e-05,-3.863479804550724e-05,-7.72880291015076e-05,0.001204339234622563,3.863479786117713e-05
1,0.0024371000000002474,-0.7705616605105119,-0.0001844297255516603,-12.0,0.3850041838226312,12.0,-0.001088604881433405,-3.851886135481829e-05,-3.851886153924802e-05,-7.70561660510512e-05,0.00120417217645151,3.851886135481829e-05
1,0.0024373000000002475,-0.7682418131840082,-0.0001845290549649659,-12.0,0.3838441111642662,12.0,-0.001088785673817552,-3.840286402192311e-05,-3.840286420645216e-05,-7.682418131840083e-05,0.001204005010049504,3.840286402192312e-05
1,0.0024375000000002476,-0.7659207526989121,-0.0001846280930158373,-12.0,0.3826834323636514,12.0,-0.001088966540149783,-3.828680604566673e-05,-3.828680623029481e-05,-7.659207526989122e-05,0.001203837735648521,3.828680604566673e-05
1,0.0024377000000002477,-0.7635984827205012,-0.0001847268395445134,-12.0,0.3815221492536654,12.0,-0.001089147480112573,-3.817068760932099e-05,-3.817068779404784e-05,-7.635984827205013e-05,0.001203670353480832,3.817068760932099e-05
1,0.002437900000000248,-0.7612750069159642,-0.0001848252943987827,-12.0,0.3803602636681309,12.0,-0.001089328493388407,-3.805450889625297e-05,-3.805450908107827e-05,-7.612750069159642e-05,0.001203502863778939,3.805450889625297e-05
1,0.002438100000000248,-0.7589503289543739,-0.0001849234574233249,-12.0,0.3791977774418173,12.0,-0.001089509579659718,-3.793827008992407e-05,-3.793827027484753e-05,-7.58950328954374e-05,0.001203335266775581,3.793827008992407e-05
1,0.002438300000000248,-0.7566244525067244,-0.0001850213284599334,-12.0,0.378034692410459,12.0,-0.001089690738608866,-3.78219713738919e-05,-3.782197155891323e-05,-7.566244525067244e-05,0.001203167562703826,3.78219713738919e-05
1,0.002438500000000248,-0.7542973812458941,-0.0001851189073590054,-12.0,0.3768710104107194,12.0,-0.001089871969918228,-3.770561293180785e-05,-3.770561311692675e-05,-7.542973812458942e-05,0.001202999751796878,3.770561293180784e-05
1,0.0024387000000002483,-0.7519691188466399,-0.0001852161939635,-12.0,0.3757067332802128,12.0,-0.001090053273270115,-3.758919494741763e-05,-3.758919513263382e-05,-7.519691188466399e-05,0.001202831834288272,3.758919494741763e-05
1,0.0024389000000002484,-0.7496396689856093,-0.0001853131881218717,-12.0,0.37454186285749,12.0,-0.001090234648346844,-3.747271760456119e-05,-3.747271778987438e-05,-7.496396689856094e-05,0.001202663810411744,3.747271760456119e-05
1,0.0024391000000002485,-0.7473090353413238,-0.0001854098896793555,-12.0,0.3733764009820439,12.0,-0.001090416094830661,-3.735618108717233e-05,-3.735618127258222e-05,-7.473090353413238e-05,0.001202495680401344,3.735618108717233e-05
1,0.0024393000000002486,-0.7449772215941743,-0.0001855062984854328,-12.0,0.3722103494942961,12.0,-0.001090597612403793,-3.723958557927816e-05,-3.723958576478444e-05,-7.449772215941743e-05,0.001202327444491308,3.723958557927816e-05
1,0.0024395000000002488,-0.742644231426409,-0.0001856024143872814,-12.0,0.3710437102355995,12.0,-0.001090779200748446,-3.712293126499867e-05,-3.712293145060109e-05,-7.42644231426409e-05,0.001202159102916156,3.712293126499867e-05
1,0.002439700000000249,-0.7403100685221432,-0.0001856982372329119,-12.0,0.3698764850482399,12.0,-0.001090960859546804,-3.700621832854728e-05,-3.700621851424551e-05,-7.403100685221432e-05,0.001201990655910631,3.700621832854728e-05
1,0.002439900000000249,-0.7379747365673397,-0.0001857937668723608,-12.0,0.3687086757754236,12.0,-0.001091142588480989,-3.688944695422959e-05,-3.688944714002337e-05,-7.379747365673398e-05,0.001201822103709754,3.68894469542296e-05
1,0.002440100000000249,-0.7356382392498027,-0.0001858890031547211,-12.0,0.3675402842612792,12.0,-0.001091324387233132,-3.67726173264434e-05,-3.67726175123324e-05,-7.356382392498027e-05,0.001201653446548781,3.67726173264434e-05
1,0.002440300000000249,-0.7333005802591849,-0.0001859839459288082,-12.0,0.3663713123508597,12.0,-0.001091506255485312,-3.665572962967885e-05,-3.665572981566281e-05,-7.333005802591849e-05,0.001201484684663218,3.665572962967886e-05
1,0.0024405000000002493,-0.7309617632869709,-0.0001860785950464905,-12.0,0.3652017618901297,12.0,-0.001091688192919604,-3.653878404851763e-05,-3.653878423459622e-05,-7.309617632869709e-05,0.001201315818288827,3.653878404851762e-05
1,0.0024407000000002494,-0.728621792026472,-0.0001861729503573328,-12.0,0.3640316347259706,12.0,-0.001091870199218033,-3.642178076763279e-05,-3.642178095380574e-05,-7.286217920264721e-05,0.001201146847661594,3.642178076763279e-05
1,0.0024409000000002496,-0.7262806701728176,-0.0001862670117149245,-12.0,0.3628609327061662,12.0,-0.001092052274062616,-3.630471997178811e-05,-3.630472015805514e-05,-7.262806701728176e-05,0.001200977773017801,3.630471997178812e-05
1,0.0024411000000002497,-0.7239384014229651,-0.0001863607789665545,-12.0,0.361689657679425,12.0,-0.001092234417135345,-3.618760184583916e-05,-3.618760203219993e-05,-7.239384014229651e-05,0.00120080859459392,3.618760184583915e-05
1,0.0024413000000002498,-0.72159498947568,-0.0001864542519695311,-12.0,0.3605178114953432,12.0,-0.00109241662811816,-3.607042657473127e-05,-3.607042676118553e-05,-7.2159498947568e-05,0.00120063931262672,3.607042657473127e-05
1,0.00244150000000025,-0.7192504380315187,-0.000186547430573808,-12.0,0.3593453960044244,12.0,-0.001092598906693047,-3.595319434349982e-05,-3.595319453004725e-05,-7.192504380315187e-05,0.001200469927353169,3.595319434349982e-05
1,0.00244170000000025,-0.7169047507928616,-0.0001866403146311424,-12.0,0.358172413058081,12.0,-0.001092781252541877,-3.583590533727121e-05,-3.583590552391153e-05,-7.169047507928617e-05,0.001200300439010531,3.583590533727121e-05
1,0.00244190000000025,-0.7145579314638674,-0.0001867329039988708,-12.0,0.3569988645086064,12.0,-0.001092963665346572,-3.571855974126053e-05,-3.571855992799343e-05,-7.145579314638674e-05,0.001200130847836302,3.571855974126053e-05
1,0.0024421000000002502,-0.712209983750477,-0.000186825198528251,-12.0,0.355824752209194,12.0,-0.001093146144788996,-3.560115774077223e-05,-3.560115792759744e-05,-7.12209983750477e-05,0.001199961154068209,3.560115774077223e-05
1,0.0024423000000002503,-0.7098609113604286,-0.0001869171980743434,-12.0,0.3546500780139308,12.0,-0.001093328690551024,-3.548369952120052e-05,-3.548369970811771e-05,-7.098609113604286e-05,0.001199791357944242,3.548369952120052e-05
1,0.0024425000000002505,-0.7075107180032283,-0.0001870089024926525,-12.0,0.353474843777786,12.0,-0.001093511302314464,-3.536618526802787e-05,-3.536618545503678e-05,-7.075107180032284e-05,0.001199621459702635,3.536618526802787e-05
1,0.0024427000000002506,-0.7051594073901492,-0.000187100311638877,-12.0,0.3522990513566132,12.0,-0.001093693979761161,-3.524861516682521e-05,-3.524861535392551e-05,-7.051594073901492e-05,0.001199451459581856,3.524861516682521e-05
1,0.0024429000000002507,-0.7028069832342354,-0.0001871914253674112,-12.0,0.3511227026071523,12.0,-0.001093876722572898,-3.513098940325197e-05,-3.51309895904434e-05,-7.028069832342354e-05,0.001199281357820638,3.513098940325198e-05
1,0.002443100000000251,-0.7004534492502883,-0.0001872822435364241,-12.0,0.3499457993870171,12.0,-0.00109405953043145,-3.501330816305536e-05,-3.501330835033759e-05,-7.004534492502883e-05,0.001199111154657963,3.501330816305536e-05
1,0.002443300000000251,-0.6980988091548572,-0.0001873727660016977,-12.0,0.3487683435546984,12.0,-0.001094242403018607,-3.489557163207001e-05,-3.489557181944278e-05,-6.980988091548572e-05,0.001198940850333015,3.489557163207001e-05
1,0.002443500000000251,-0.6957430666662398,-0.0001874629926213733,-12.0,0.3475903369695578,12.0,-0.001094425340016088,-3.477777999621793e-05,-3.477778018368092e-05,-6.957430666662397e-05,0.001198770445085304,3.477777999621792e-05
1,0.002443700000000251,-0.6933862255044783,-0.0001875529232518436,-12.0,0.3464117814918321,12.0,-0.001094608341105655,-3.46599334415084e-05,-3.465993362906132e-05,-6.933862255044783e-05,0.001198599939154492,3.46599334415084e-05
1,0.0024439000000002513,-0.6910282893913511,-0.0001876425577526375,-12.0,0.3452326789826211,12.0,-0.001094791405968999,-3.454203215403738e-05,-3.454203234167993e-05,-6.910282893913511e-05,0.001198429332780568,3.454203215403738e-05
1,0.0024441000000002514,-0.6886692620503521,-0.0001877318959834506,-12.0,0.3440530313038819,12.0,-0.001094974534287835,-3.442407631998654e-05,-3.442407650771844e-05,-6.886692620503521e-05,0.001198258626203708,3.442407631998654e-05
1,0.0024443000000002515,-0.6863091472067138,-0.000187820937799843,-12.0,0.3428728403184477,12.0,-0.00109515772574386,-3.430606612562475e-05,-3.430606631344569e-05,-6.863091472067139e-05,0.001198087819664378,3.430606612562476e-05
1,0.0024445000000002516,-0.6839479485873871,-0.0001879096830648408,-12.0,0.3416921078899994,12.0,-0.001095340980018733,-3.418800175730643e-05,-3.418800194521612e-05,-6.839479485873871e-05,0.00119791691340327,3.418800175730642e-05
1,0.0024447000000002517,-0.6815856699210145,-0.0001879981316386115,-12.0,0.340510835883068,12.0,-0.001095524296794152,-3.406988340147066e-05,-3.40698835894688e-05,-6.815856699210146e-05,0.001197745907661266,3.406988340147066e-05
1,0.002444900000000252,-0.6792223149379663,-0.000188086283378075,-12.0,0.3393290261630532,12.0,-0.001095707675751734,-3.395171124464312e-05,-3.395171143272941e-05,-6.792223149379663e-05,0.001197574802679617,3.395171124464313e-05
1,0.002445100000000252,-0.6768578873703046,-0.0001881741381490887,-12.0,0.3381466805961873,12.0,-0.001095891116573156,-3.383348547343364e-05,-3.383348566160778e-05,-6.768578873703047e-05,0.001197403598699701,3.383348547343364e-05
1,0.002445300000000252,-0.6744923909517774,-0.0001882616958098215,-12.0,0.336963801049557,12.0,-0.001096074618940047,-3.371520627453668e-05,-3.371520646279837e-05,-6.744923909517774e-05,0.001197232295963177,3.371520627453668e-05
1,0.002445500000000252,-0.672125829417829,-0.0001883489562241047,-12.0,0.3357803893910887,12.0,-0.001096258182533998,-3.359687383473129e-05,-3.359687402308024e-05,-6.721258294178289e-05,0.001197060894711992,3.359687383473129e-05
1,0.0024457000000002523,-0.6697582065055856,-0.0001884359192527163,-12.0,0.3345964474895545,12.0,-0.001096441807036663,-3.347848834088073e-05,-3.347848852931664e-05,-6.697582065055856e-05,0.001196889395188271,3.347848834088073e-05
1,0.0024459000000002524,-0.6673895259538495,-0.00018852258476032,-12.0,0.3334119772145585,12.0,-0.001096625492129633,-3.336004997993188e-05,-3.336005016845446e-05,-6.673895259538495e-05,0.001196717797634438,3.336004997993188e-05
1,0.0024461000000002525,-0.6650197915030864,-0.0001886089526096091,-12.0,0.3322269804365393,12.0,-0.001096809237494514,-3.324155893891489e-05,-3.324155912752384e-05,-6.650197915030865e-05,0.00119654610229309,3.324155893891488e-05
1,0.0024463000000002526,-0.6626490068954348,-0.000188695022663582,-12.0,0.3310414590267718,12.0,-0.001096993042812897,-3.312301540494355e-05,-3.312301559363856e-05,-6.626490068954348e-05,0.00119637430940716,3.312301540494354e-05
1,0.0024465000000002527,-0.6602771758746895,-0.000188780794788096,-12.0,0.3298554148573546,12.0,-0.001097176907766367,-3.300441956521427e-05,-3.300441975399507e-05,-6.602771758746895e-05,0.001196202419219743,3.300441956521427e-05
1,0.002446700000000253,-0.6579043021862909,-0.0001888662688473985,-12.0,0.3286688498012116,12.0,-0.001097360832036522,-3.288577160700592e-05,-3.288577179587218e-05,-6.579043021862909e-05,0.001196030431974207,3.28857716070059e-05
1,0.002446900000000253,-0.6555303895773353,-0.0001889514447059315,-12.0,0.3274817657320944,12.0,-0.001097544815304913,-3.276707171768002e-05,-3.276707190663147e-05,-6.555303895773354e-05,0.001195858347914198,3.276707171768003e-05
1,0.002447100000000253,-0.6531554417965564,-0.0001890363222307179,-12.0,0.3262941645245689,12.0,-0.00109772885725315,-3.264832008467997e-05,-3.264832027371628e-05,-6.531554417965564e-05,0.001195686167283508,3.264832008467997e-05
1,0.002447300000000253,-0.6507794625943168,-0.0001891209012875594,-12.0,0.3251060480540181,12.0,-0.001097912957562772,-3.252951689553057e-05,-3.252951708465147e-05,-6.507794625943169e-05,0.001195513890326294,3.252951689553056e-05
1,0.0024475000000002533,-0.648402455722617,-0.0001892051817422857,-12.0,0.3239174181966433,12.0,-0.001098097115915353,-3.241066233783856e-05,-3.241066252704374e-05,-6.48402455722617e-05,0.001195341517286855,3.241066233783856e-05
1,0.0024477000000002534,-0.6460244249350787,-0.00018928916346303,-12.0,0.3227282768294532,12.0,-0.001098281331992475,-3.229175659929163e-05,-3.229175678858078e-05,-6.460244249350787e-05,0.001195169048409772,3.229175659929162e-05
1,0.0024479000000002535,-0.6436453739869327,-0.0001893728463178146,-12.0,0.3215386258302611,12.0,-0.00109846560547568,-3.21727998676579e-05,-3.217280005703075e-05,-6.436453739869326e-05,0.001194996483939885,3.21727998676579e-05
1,0.0024481000000002536,-0.6412653066350231,-0.0001894562301739955,-12.0,0.3203484670776883,12.0,-0.001098649936046549,-3.205379233078623e-05,-3.205379252024246e-05,-6.412653066350232e-05,0.001194823824122247,3.205379233078623e-05
1,0.0024483000000002537,-0.6388842266378073,-0.0001895393148994562,-12.0,0.3191578024511613,12.0,-0.001098834323386651,-3.193473417660608e-05,-3.193473436614539e-05,-6.388842266378073e-05,0.001194651069202142,3.193473417660608e-05
1,0.002448500000000254,-0.6365021377553367,-0.0001896221003648002,-12.0,0.3179666338309002,12.0,-0.001099018767177534,-3.18156255931265e-05,-3.18156257827486e-05,-6.365021377553367e-05,0.00119447821942513,3.181562559312651e-05
1,0.002448700000000254,-0.6341190437492514,-0.0001897045864389102,-12.0,0.3167749630979215,12.0,-0.001099203267100789,-3.169646676843605e-05,-3.169646695814063e-05,-6.341190437492515e-05,0.001194305275036979,3.169646676843604e-05
1,0.002448900000000254,-0.6317349483827864,-0.0001897867729910019,-12.0,0.315582792134039,12.0,-0.001099387822837947,-3.1577257890703e-05,-3.157725808048977e-05,-6.317349483827864e-05,0.001194132236283736,3.157725789070301e-05
1,0.002449100000000254,-0.6293498554207553,-0.0001898686598928168,-12.0,0.3143901228218519,12.0,-0.001099572434070616,-3.145799914817447e-05,-3.145799933804312e-05,-6.293498554207552e-05,0.001193959103411628,3.145799914817447e-05
1,0.0024493000000002543,-0.6269637686295413,-0.0001899502470148196,-12.0,0.3131969570447459,12.0,-0.001099757100480363,-3.133869072917608e-05,-3.133869091912632e-05,-6.269637686295413e-05,0.001193785876667186,3.133869072917608e-05
1,0.0024495000000002544,-0.6245766917771062,-0.0001900315342276138,-12.0,0.3120032966868963,12.0,-0.001099941821748742,-3.121933282211239e-05,-3.121933301214393e-05,-6.245766917771061e-05,0.001193612556297137,3.121933282211239e-05
1,0.0024497000000002545,-0.6221886286329713,-0.0001901125214043564,-12.0,0.3108091436332539,12.0,-0.001100126597557372,-3.109992561546583e-05,-3.109992580557835e-05,-6.221886286329714e-05,0.001193439142548457,3.109992561546583e-05
1,0.0024499000000002547,-0.6197995829682131,-0.000190193208416678,-12.0,0.3096144997695494,12.0,-0.001100311427587833,-3.098046929779661e-05,-3.098046948798982e-05,-6.197995829682132e-05,0.001193265635668378,3.098046929779661e-05
1,0.0024501000000002548,-0.6174095585554594,-0.000190273595138013,-12.0,0.3084193669822868,12.0,-0.001100496311521697,-3.086096405774248e-05,-3.086096424801607e-05,-6.174095585554595e-05,0.001193092035904356,3.086096405774248e-05
1,0.002450300000000255,-0.6150185591688888,-0.000190353681440214,-12.0,0.3072237471587473,12.0,-0.001100681249040589,-3.074141008401875e-05,-3.074141027437243e-05,-6.150185591688888e-05,0.00119291834350408,3.074141008401875e-05
1,0.002450500000000255,-0.6126265885842201,-0.0001904334671984642,-12.0,0.3060276421869778,12.0,-0.001100866239826113,-3.062180756541762e-05,-3.062180775585108e-05,-6.126265885842201e-05,0.00119274455871549,3.062180756541762e-05
1,0.002450700000000255,-0.6102336505786919,-0.000190512952287919,-12.0,0.3048310539557845,12.0,-0.001101051283559883,-3.050215669080725e-05,-3.05021568813202e-05,-6.10233650578692e-05,0.00119257068178677,3.050215669080725e-05
1,0.0024509000000002552,-0.6078397489310886,-0.0001905921365794039,-12.0,0.3036339843547538,12.0,-0.001101236379923522,-3.038245764913333e-05,-3.038245783972546e-05,-6.078397489310886e-05,0.00119239671296632,3.038245764913332e-05
1,0.0024511000000002553,-0.6054448874217099,-0.0001906710199530981,-12.0,0.3024364352742152,12.0,-0.00110142152859868,-3.026271062941683e-05,-3.026271082008784e-05,-6.054448874217099e-05,0.001192222652502781,3.026271062941683e-05
1,0.0024513000000002554,-0.6030490698323583,-0.0001907496022818256,-12.0,0.3012384086052604,12.0,-0.001101606729266985,-3.014291582075422e-05,-3.014291601150382e-05,-6.030490698323583e-05,0.001192048500645051,3.014291582075422e-05
1,0.0024515000000002556,-0.6006522999463706,-0.000190827883440603,-12.0,0.3000399062397455,12.0,-0.001101791981610121,-3.002307341231861e-05,-3.00230736031465e-05,-6.006522999463706e-05,0.001191874257642247,3.002307341231861e-05
1,0.0024517000000002557,-0.5982545815485715,-0.0001909058633095817,-12.0,0.2988409300702627,12.0,-0.001101977285309728,-2.990318359335724e-05,-2.99031837842631e-05,-5.982545815485715e-05,0.001191699923743735,2.990318359335723e-05
1,0.002451900000000256,-0.5958559184252785,-0.0001909835417633343,-12.0,0.2976414819901588,12.0,-0.001102162640047477,-2.978324655319222e-05,-2.978324674417576e-05,-5.958559184252785e-05,0.001191525499199118,2.978324655319222e-05
1,0.002452100000000256,-0.5934563143643165,-0.000191060918679542,-12.0,0.2964415638935297,12.0,-0.001102348045505103,-2.966326248122093e-05,-2.966326267228184e-05,-5.934563143643165e-05,0.001191350984258203,2.966326248122092e-05
1,0.002452300000000256,-0.5910557731549877,-0.0001911379939373015,-12.0,0.2952411776752079,12.0,-0.001102533501364265,-2.954323156691452e-05,-2.954323175805252e-05,-5.910557731549878e-05,0.001191176379171086,2.954323156691452e-05
1,0.002452500000000256,-0.5886542985880729,-0.0001912147674144049,-12.0,0.2940403252307672,12.0,-0.001102719007306727,-2.942315399981817e-05,-2.942315419103293e-05,-5.886542985880729e-05,0.001191001684188047,2.942315399981817e-05
1,0.0024527000000002562,-0.5862518944558279,-0.0001912912389904209,-12.0,0.2928390084565159,12.0,-0.001102904563014186,-2.930302996955063e-05,-2.930303016084188e-05,-5.862518944558279e-05,0.001190826899559662,2.930302996955063e-05
1,0.0024529000000002564,-0.58384856455198,-0.000191367408543669,-12.0,0.2916372292495004,12.0,-0.001103090168168404,-2.918285966580441e-05,-2.918285985717182e-05,-5.8384856455198e-05,0.001190652025536684,2.918285966580441e-05
1,0.0024531000000002565,-0.5814443126717173,-0.0001914432759554663,-12.0,0.2904349895074926,12.0,-0.001103275822451167,-2.906264327834481e-05,-2.906264346978809e-05,-5.814443126717173e-05,0.001190477062370115,2.90626432783448e-05
1,0.0024533000000002566,-0.579039142611677,-0.0001915188411059088,-12.0,0.2892322911289912,12.0,-0.001103461525544223,-2.894238099700971e-05,-2.894238118852856e-05,-5.79039142611677e-05,0.001190302010311225,2.894238099700972e-05
1,0.0024535000000002567,-0.5766330581699562,-0.0001915941038748425,-12.0,0.2880291360132248,12.0,-0.001103647277129392,-2.882207301170996e-05,-2.882207320330407e-05,-5.766330581699563e-05,0.001190126869611487,2.882207301170996e-05
1,0.002453700000000257,-0.5742260631460917,-0.0001916690641451113,-12.0,0.2868255260601376,12.0,-0.001103833076888487,-2.870171951242827e-05,-2.870171970409733e-05,-5.742260631460918e-05,0.001189951640522616,2.870171951242827e-05
1,0.002453900000000257,-0.5718181613410535,-0.0001917437217980045,-12.0,0.2856214631703925,12.0,-0.001104018924503354,-2.858132068921905e-05,-2.858132088096277e-05,-5.718181613410535e-05,0.001189776323296549,2.858132068921905e-05
1,0.002454100000000257,-0.5694093565572517,-0.0001918180767151445,-12.0,0.2844169492453724,12.0,-0.001104204819655848,-2.846087673220876e-05,-2.846087692402682e-05,-5.694093565572517e-05,0.001189600918185481,2.846087673220875e-05
1,0.002454300000000257,-0.5669996525985214,-0.0001918921287800968,-12.0,0.2832119861871693,12.0,-0.00110439076202782,-2.834038783159494e-05,-2.834038802348706e-05,-5.669996525985214e-05,0.001189425425441846,2.834038783159494e-05
1,0.0024545000000002573,-0.5645890532701052,-0.0001919658778776201,-12.0,0.2820065758985774,12.0,-0.001104576751301184,-2.821985417764551e-05,-2.821985436961138e-05,-5.645890532701052e-05,0.001189249845318274,2.82198541776455e-05
1,0.0024547000000002574,-0.5621775623786767,-0.0001920393238870888,-12.0,0.2808007202831145,12.0,-0.001104762787157858,-2.809927596070016e-05,-2.809927615273948e-05,-5.621775623786767e-05,0.001189074178067649,2.809927596070016e-05
1,0.0024549000000002575,-0.559765183732312,-0.0001921124666980634,-12.0,0.2795944212449842,12.0,-0.001104948869279778,-2.797865337116823e-05,-2.79786535632807e-05,-5.59765183732312e-05,0.001188898423943107,2.797865337116823e-05
1,0.0024551000000002576,-0.5573519211404792,-0.000192185306191528,-12.0,0.2783876806890992,12.0,-0.001105134997348902,-2.785798659952907e-05,-2.785798679171439e-05,-5.573519211404792e-05,0.001188722583197979,2.785798659952907e-05
1,0.0024553000000002577,-0.5549377784140528,-0.0001922578422548504,-12.0,0.2771805005210657,12.0,-0.001105321171047217,-2.773727583633206e-05,-2.77372760285899e-05,-5.549377784140528e-05,0.001188546656085865,2.773727583633206e-05
1,0.002455500000000258,-0.5525227593652955,-0.0001923300747716239,-12.0,0.2759728826471896,12.0,-0.001105507390056739,-2.761652127219612e-05,-2.76165214645262e-05,-5.525227593652955e-05,0.001188370642860554,2.761652127219612e-05
1,0.002455700000000258,-0.5501068678078548,-0.0001924020036299934,-12.0,0.2747648289744624,12.0,-0.001105693654059485,-2.749572309780923e-05,-2.749572329021124e-05,-5.501068678078548e-05,0.001188194543776128,2.749572309780923e-05
1,0.002455900000000258,-0.5476901075567487,-0.0001924736287159667,-12.0,0.2735563414105641,12.0,-0.001105879962737526,-2.737488150392801e-05,-2.737488169640164e-05,-5.476901075567488e-05,0.001188018359086836,2.737488150392801e-05
1,0.002456100000000258,-0.545272482428376,-0.0001925449499156906,-12.0,0.272347421863865,12.0,-0.001106066315772952,-2.725399668137807e-05,-2.725399687392302e-05,-5.45272482428376e-05,0.001187842089047191,2.725399668137807e-05
1,0.0024563000000002583,-0.5428539962404987,-0.0001926159671181427,-12.0,0.2711380722434124,12.0,-0.001106252712847845,-2.713306882105306e-05,-2.713306901366903e-05,-5.428539962404987e-05,0.00118766573391196,2.713306882105305e-05
1,0.0024565000000002584,-0.5404346528122322,-0.0001926866802111349,-12.0,0.2699282944589326,12.0,-0.001106439153644369,-2.701209811391438e-05,-2.701209830660106e-05,-5.404346528122323e-05,0.001187489293936091,2.701209811391437e-05
1,0.0024567000000002585,-0.5380144559640545,-0.0001927570890820074,-12.0,0.2687180904208333,12.0,-0.001106625637844673,-2.689108475099154e-05,-2.689108494374862e-05,-5.380144559640545e-05,0.001187312769374789,2.689108475099153e-05
1,0.0024569000000002586,-0.5355934095177886,-0.0001928271936214032,-12.0,0.2675074620401903,12.0,-0.001106812165130956,-2.677002892338117e-05,-2.677002911620836e-05,-5.355934095177886e-05,0.001187136160483496,2.677002892338117e-05
1,0.0024571000000002587,-0.5331715172965975,-0.0001928969937174951,-12.0,0.2662964112287526,12.0,-0.001106998735185445,-2.664893082224701e-05,-2.6648931015144e-05,-5.331715172965975e-05,0.001186959467517873,2.664893082224701e-05
1,0.002457300000000259,-0.5307487831249736,-0.000192966489262647,-12.0,0.2650849398989279,12.0,-0.00110718534769037,-2.652779063881906e-05,-2.652779083178555e-05,-5.307487831249736e-05,0.001186782690733818,2.652779063881906e-05
1,0.002457500000000259,-0.5283252108287522,-0.0001930356801428113,-12.0,0.2638730499638051,12.0,-0.001107372002328046,-2.64066085643948e-05,-2.640660875743047e-05,-5.283252108287522e-05,0.001186605830387429,2.64066085643948e-05
1,0.002457700000000259,-0.525900804235088,-0.0001931045662542097,-12.0,0.262660743337117,12.0,-0.00110755869878075,-2.628538479033712e-05,-2.628538498344169e-05,-5.25900804235088e-05,0.001186428886735105,2.628538479033713e-05
1,0.002457900000000259,-0.5234755671724381,-0.0001931731474853482,-12.0,0.2614480219332596,12.0,-0.001107745436730864,-2.61641195080745e-05,-2.616411970124764e-05,-5.234755671724382e-05,0.001186251860033374,2.616411950807449e-05
1,0.0024581000000002593,-0.5210495034705968,-0.0001932414237268421,-12.0,0.2602348876672939,12.0,-0.001107932215860735,-2.604281290910208e-05,-2.60428131023435e-05,-5.210495034705967e-05,0.001186074750539081,2.604281290910207e-05
1,0.0024583000000002594,-0.5186226169606486,-0.0001933093948751075,-12.0,0.2590213424549177,12.0,-0.001108119035852777,-2.592146518497928e-05,-2.592146537828868e-05,-5.186226169606486e-05,0.001185897558509258,2.592146518497928e-05
1,0.0024585000000002595,-0.5161949114749707,-0.0001933770608200103,-12.0,0.2578073882124847,12.0,-0.001108305896389439,-2.580007652733047e-05,-2.580007672070753e-05,-5.161949114749707e-05,0.001185720284201171,2.580007652733047e-05
1,0.0024587000000002596,-0.513766390847249,-0.0001934444214551911,-12.0,0.2565930268569975,12.0,-0.001108492797153186,-2.567864712784527e-05,-2.567864732128969e-05,-5.13766390847249e-05,0.001185542927872318,2.567864712784527e-05
1,0.0024589000000002597,-0.5113370589124498,-0.0001935114766754287,-12.0,0.255378260306097,12.0,-0.001108679737826555,-2.555717717827725e-05,-2.555717737178872e-05,-5.113370589124499e-05,0.001185365489780408,2.555717717827725e-05
1,0.00245910000000026,-0.5089069195068163,-0.0001935782263748631,-12.0,0.2541630904780635,12.0,-0.001108866718092072,-2.543566687044384e-05,-2.543566706402207e-05,-5.089069195068164e-05,0.001185187970183403,2.543566687044384e-05
1,0.00245930000000026,-0.5064759764678741,-0.0001936446704471628,-12.0,0.2529475192918196,12.0,-0.001109053737632308,-2.531411639622668e-05,-2.531411658987135e-05,-5.064759764678742e-05,0.001185010369339493,2.531411639622667e-05
1,0.00245950000000026,-0.5040442336344161,-0.0001937108087892159,-12.0,0.2517315486669162,12.0,-0.001109240796129909,-2.519252594757055e-05,-2.519252614128135e-05,-5.040442336344161e-05,0.001184832687507048,2.519252594757055e-05
1,0.00245970000000026,-0.5016116948464941,-0.0001937766412958009,-12.0,0.2505151805235371,12.0,-0.001109427893267512,-2.507089571648328e-05,-2.507089591025992e-05,-5.016116948464942e-05,0.001184654924944743,2.507089571648329e-05
1,0.0024599000000002603,-0.4991783639454185,-0.0001938421678638891,-12.0,0.2492984167824918,12.0,-0.001109615028727827,-2.494922589503556e-05,-2.494922608887773e-05,-4.991783639454186e-05,0.001184477081911401,2.494922589503556e-05
1,0.0024601000000002604,-0.496744244773754,-0.0001939073883888975,-12.0,0.2480812593652197,12.0,-0.001109802202193571,-2.482751667536087e-05,-2.482751686926826e-05,-4.96744244773754e-05,0.001184299158666118,2.482751667536087e-05
1,0.0024603000000002605,-0.4943093411753112,-0.0001939723027692131,-12.0,0.2468637101937787,12.0,-0.001109989413347529,-2.470576824965479e-05,-2.47057684436271e-05,-4.943093411753112e-05,0.001184121155468204,2.470576824965479e-05
1,0.0024605000000002607,-0.491873656995125,-0.0001940369109035278,-12.0,0.2456457711908381,12.0,-0.001110176661872509,-2.458398081017417e-05,-2.458398100421108e-05,-4.91873656995125e-05,0.001183943072577191,2.458398081017417e-05
1,0.0024607000000002608,-0.4894371960794804,-0.0001941012126864261,-12.0,0.2444274442796985,12.0,-0.001110363947451357,-2.446215454923849e-05,-2.44621547433397e-05,-4.894371960794805e-05,0.001183764910252839,2.44621545492385e-05
1,0.002460900000000261,-0.4869999622758895,-0.0001941652080200418,-12.0,0.2432087313842626,12.0,-0.001110551269766974,-2.434028965922827e-05,-2.434028985339348e-05,-4.869999622758896e-05,0.001183586668755128,2.434028965922827e-05
1,0.002461100000000261,-0.4845619594330635,-0.0001942288968034278,-12.0,0.2419896344290376,12.0,-0.001110738628502278,-2.421838633258411e-05,-2.421838652681301e-05,-4.845619594330635e-05,0.001183408348344302,2.421838633258411e-05
1,0.002461300000000261,-0.4821231914009518,-0.0001942922789325285,-12.0,0.2407701553391543,12.0,-0.001110926023340269,-2.409644476180869e-05,-2.409644495610097e-05,-4.821231914009519e-05,0.001183229949280752,2.409644476180869e-05
1,0.0024615000000002612,-0.4796836620307041,-0.0001943553543124754,-12.0,0.2395502960403298,12.0,-0.001111113453963961,-2.397446513946422e-05,-2.397446533381958e-05,-4.796836620307041e-05,0.001183051471825149,2.397446513946423e-05
1,0.0024617000000002613,-0.4772433751746631,-0.000194418122840212,-12.0,0.23833005845889,12.0,-0.001111300920056402,-2.385244765817302e-05,-2.385244785259114e-05,-4.772433751746631e-05,0.001182872916238396,2.385244765817302e-05
1,0.0024619000000002614,-0.4748023346863783,-0.0001944805844188435,-12.0,0.2371094445217551,12.0,-0.001111488421300717,-2.373039251061739e-05,-2.373039270509797e-05,-4.748023346863783e-05,0.00118269428278157,2.373039251061739e-05
1,0.0024621000000002616,-0.4723605444205878,-0.0001945427389481447,-12.0,0.2358884561564443,12.0,-0.00111167595738005,-2.360829988953925e-05,-2.360830008408198e-05,-4.723605444205878e-05,0.00118251557171602,2.360829988953925e-05
1,0.0024623000000002617,-0.4699180082332142,-0.0001946045863318868,-12.0,0.2346670952910634,12.0,-0.001111863527977607,-2.348616998773953e-05,-2.348617018234411e-05,-4.699180082332142e-05,0.001182336783303286,2.348616998773953e-05
1,0.002462500000000262,-0.467474729981351,-0.0001946661264720928,-12.0,0.2334453638543061,12.0,-0.001112051132776629,-2.336400299807782e-05,-2.336400319274395e-05,-4.67474729981351e-05,0.001182157917805148,2.336400299807782e-05
1,0.002462700000000262,-0.4650307135232722,-0.0001947273592706744,-12.0,0.2322232637754565,12.0,-0.00111223877146039,-2.324179911347272e-05,-2.324179930820008e-05,-4.650307135232722e-05,0.001181978975483618,2.324179911347272e-05
1,0.002462900000000262,-0.4625859627184153,-0.0001947882846326521,-12.0,0.2310007969843759,12.0,-0.001112426443712261,-2.311955852690085e-05,-2.311955872168914e-05,-4.625859627184154e-05,0.001181799956600883,2.311955852690085e-05
1,0.002463100000000262,-0.4601404814273714,-0.0001948489024616029,-12.0,0.2297779654115042,12.0,-0.0011126141492156,-2.299728143139659e-05,-2.299728162624549e-05,-4.601404814273714e-05,0.001181620861419416,2.299728143139659e-05
1,0.0024633000000002622,-0.4576942735118936,-0.000194909212660993,-12.0,0.2285547709878631,12.0,-0.001112801887653853,-2.287496802005241e-05,-2.287496821496163e-05,-4.576942735118936e-05,0.001181441690201859,2.287496802005241e-05
1,0.0024635000000002624,-0.4552473428348792,-0.0001949692151372029,-12.0,0.2273312156450417,12.0,-0.001112989658710501,-2.27526184860179e-05,-2.27526186809871e-05,-4.552473428348792e-05,0.001181262443211106,2.275261848601789e-05
1,0.0024637000000002625,-0.452799693260362,-0.0001950289097951974,-12.0,0.2261073013151991,12.0,-0.001113177462069081,-2.263023302249943e-05,-2.263023321752834e-05,-4.52799693260362e-05,0.001181083120710261,2.263023302249943e-05
1,0.0024639000000002626,-0.4503513286535191,-0.0001950882965399137,-12.0,0.2248830299310667,12.0,-0.001113365297413169,-2.250781182276066e-05,-2.250781201784896e-05,-4.503513286535191e-05,0.001180903722962656,2.250781182276066e-05
1,0.0024641000000002627,-0.4479022528806564,-0.0001951473752789534,-12.0,0.223658403425936,12.0,-0.001113553164426399,-2.23853550801215e-05,-2.238535527526888e-05,-4.479022528806564e-05,0.001180724250231829,2.23853550801215e-05
1,0.002464300000000263,-0.4454524698091934,-0.0001952061459194465,-12.0,0.2224334237336561,12.0,-0.001113741062792474,-2.226286298795755e-05,-2.22628631831637e-05,-4.454524698091934e-05,0.00118054470278154,2.226286298795756e-05
1,0.002464500000000263,-0.4430019833076677,-0.0001952646083683285,-12.0,0.2212080927886352,12.0,-0.001113928992195118,-2.214033573970036e-05,-2.214033593496497e-05,-4.430019833076677e-05,0.001180365080875791,2.214033573970036e-05
1,0.002464700000000263,-0.4405507972457434,-0.0001953227625314247,-12.0,0.2199824125258469,12.0,-0.001114116952318136,-2.201777352883784e-05,-2.20177737241606e-05,-4.405507972457435e-05,0.001180185384778772,2.201777352883784e-05
1,0.002464900000000263,-0.4380989154941771,-0.0001953806083211385,-12.0,0.2187563848808008,12.0,-0.001114304942845347,-2.189517654891219e-05,-2.18951767442928e-05,-4.380989154941771e-05,0.001180005614754922,2.189517654891219e-05
1,0.0024651000000002633,-0.4356463419248164,-0.0001954381456433785,-12.0,0.2175300117895617,12.0,-0.001114492963460684,-2.17725449935205e-05,-2.177254518895865e-05,-4.356463419248164e-05,0.001179825771068867,2.17725449935205e-05
1,0.0024653000000002634,-0.4331930804106184,-0.0001954953744079113,-12.0,0.2163032951887436,12.0,-0.001114681013848071,-2.164987905631515e-05,-2.164987925181053e-05,-4.331930804106185e-05,0.001179645853985486,2.164987905631515e-05
1,0.0024655000000002635,-0.4307391348256174,-0.000195552294525253,-12.0,0.2150762370154979,12.0,-0.001114869093691542,-2.152717893100231e-05,-2.152717912655461e-05,-4.307391348256175e-05,0.001179465863769855,2.152717893100231e-05
1,0.0024657000000002636,-0.4282845090449249,-0.0001956089059055865,-12.0,0.213848839207515,12.0,-0.001115057202675143,-2.140444481134206e-05,-2.140444500695097e-05,-4.282845090449249e-05,0.001179285800687269,2.140444481134206e-05
1,0.0024659000000002637,-0.4258292069447346,-0.0001956652084586508,-12.0,0.2126211037030272,12.0,-0.001115245340483007,-2.128167689114859e-05,-2.12816770868138e-05,-4.258292069447346e-05,0.001179105665003247,2.128167689114858e-05
1,0.002466100000000264,-0.4233732324023047,-0.0001957212020971544,-12.0,0.2113930324407946,12.0,-0.00111543350679931,-2.115887536428918e-05,-2.115887556001038e-05,-4.233732324023048e-05,0.001178925456983518,2.115887536428918e-05
1,0.002466300000000264,-0.4209165892959526,-0.000195776886732002,-12.0,0.2101646273601094,12.0,-0.001115621701308293,-2.103604042468414e-05,-2.103604062046103e-05,-4.209165892959526e-05,0.001178745176894033,2.103604042468414e-05
1,0.002466500000000264,-0.4184592815050521,-0.0001958322622761521,-12.0,0.2089358904007891,12.0,-0.001115809923694245,-2.091317226630653e-05,-2.09131724621388e-05,-4.184592815050521e-05,0.00117856482500096,2.091317226630653e-05
1,0.002466700000000264,-0.4160013129100307,-0.0001958873286409257,-12.0,0.2077068235031807,12.0,-0.001115998173641525,-2.079027108318217e-05,-2.079027127906949e-05,-4.160013129100307e-05,0.001178384401570687,2.079027108318216e-05
1,0.0024669000000002643,-0.4135426873923611,-0.0001959420857408078,-12.0,0.2064774286081485,12.0,-0.001116186450834535,-2.066733706938892e-05,-2.066733726533102e-05,-4.135426873923611e-05,0.001178203906869811,2.066733706938893e-05
1,0.0024671000000002644,-0.4110834088345379,-0.0001959965334905056,-12.0,0.2052477076570678,12.0,-0.001116374754957777,-2.054437041905583e-05,-2.054437061505237e-05,-4.110834088345379e-05,0.001178023341165138,2.054437041905584e-05
1,0.0024673000000002645,-0.4086234811201046,-0.0001960506718005628,-12.0,0.2040176625918447,12.0,-0.00111656308569576,-2.042137132636452e-05,-2.04213715224152e-05,-4.086234811201046e-05,0.001177842704723715,2.042137132636453e-05
1,0.0024675000000002646,-0.4061629081336304,-0.0001961045005891837,-12.0,0.2027872953548864,12.0,-0.001116751442733092,-2.029833998554756e-05,-2.029834018165206e-05,-4.061629081336305e-05,0.001177661997812777,2.029833998554756e-05
1,0.0024677000000002647,-0.4037016937606818,-0.0001961580197712975,-12.0,0.2015566078891038,12.0,-0.001116939825754421,-2.017527659088751e-05,-2.017527678704553e-05,-4.037016937606819e-05,0.0011774812206998,2.017527659088751e-05
1,0.002467900000000265,-0.4012398418878634,-0.0001962112292590579,-12.0,0.2003256021379309,12.0,-0.00111712823444448,-2.005218133671899e-05,-2.005218153293022e-05,-4.012398418878634e-05,0.001177300373652435,2.005218133671899e-05
1,0.002468100000000265,-0.3987773564027767,-0.0001962641289736389,-12.0,0.1990942800452866,12.0,-0.001117316668488046,-1.992905441742602e-05,-1.992905461369015e-05,-3.987773564027767e-05,0.001177119456938595,1.992905441742603e-05
1,0.002468300000000265,-0.3963142411940104,-0.0001963167188286097,-12.0,0.1978626435555951,12.0,-0.001117505127569977,-1.980589602744237e-05,-1.980589622375909e-05,-3.963142411940104e-05,0.001176938470826363,1.980589602744237e-05
1,0.002468500000000265,-0.393850500151174,-0.0001963689987399542,-12.0,0.1966306946137871,12.0,-0.001117693611375176,-1.96827063612527e-05,-1.96827065576217e-05,-3.93850500151174e-05,0.001176757415584078,1.96827063612527e-05
1,0.0024687000000002653,-0.391386137164849,-0.0001964209686291241,-12.0,0.1953984351652711,12.0,-0.001117882119588624,-1.955948561339003e-05,-1.9559485809811e-05,-3.913861371648491e-05,0.001176576291480259,1.955948561339003e-05
1,0.0024689000000002654,-0.3889211561265956,-0.0001964726284110485,-12.0,0.1941658671559549,12.0,-0.001118070651895373,-1.943623397843659e-05,-1.943623417490923e-05,-3.889211561265956e-05,0.001176395098783641,1.94362339784366e-05
1,0.0024691000000002655,-0.3864555609289574,-0.0001965239780060968,-12.0,0.1929329925322298,12.0,-0.001118259207980518,-1.931295165102358e-05,-1.931295184754757e-05,-3.864555609289574e-05,0.001176213837763201,1.931295165102359e-05
1,0.0024693000000002656,-0.3839893554654481,-0.000196575017331585,-12.0,0.1916998132409765,12.0,-0.001118447787529248,-1.918963882583081e-05,-1.918963902240582e-05,-3.839893554654481e-05,0.001176032508688096,1.918963882583081e-05
1,0.0024695000000002658,-0.3815225436305451,-0.0001966257463088816,-12.0,0.1904663312295518,12.0,-0.001118636390226802,-1.906629569758607e-05,-1.906629589421181e-05,-3.815225436305451e-05,0.001175851111827698,1.906629569758607e-05
1,0.002469700000000266,-0.3790551293196761,-0.0001966761648573845,-12.0,0.1892325484457903,12.0,-0.001118825015758485,-1.894292246106477e-05,-1.894292265774094e-05,-3.790551293196762e-05,0.001175669647451614,1.894292246106477e-05
1,0.002469900000000266,-0.3765871164292299,-0.0001967262728967412,-12.0,0.1879984668380071,12.0,-0.001119013663809697,-1.881951931109038e-05,-1.881951950781666e-05,-3.765871164292299e-05,0.001175488115829643,1.881951931109039e-05
1,0.002470100000000266,-0.374118508856537,-0.000196776070349472,-12.0,0.1867640883549836,12.0,-0.001119202334065872,-1.869608644253331e-05,-1.869608663930938e-05,-3.74118508856537e-05,0.0011753065172318,1.869608644253331e-05
1,0.002470300000000266,-0.3716493104998612,-0.0001968255571365429,-12.0,0.1855294149459703,12.0,-0.00111939102621254,-1.857262405031068e-05,-1.857262424713623e-05,-3.716493104998612e-05,0.001175124851928302,1.857262405031068e-05
1,0.0024705000000002663,-0.3691795252584084,-0.0001968747331790033,-12.0,0.1842944485606884,12.0,-0.001119579739935282,-1.844913232938674e-05,-1.844913252626147e-05,-3.691795252584084e-05,0.001174943120189599,1.844913232938674e-05
1,0.0024707000000002664,-0.3667091570323103,-0.0001969235984005113,-12.0,0.1830591911493184,12.0,-0.001119768474919767,-1.83256114747719e-05,-1.832561167169549e-05,-3.667091570323103e-05,0.001174761322286326,1.832561147477189e-05
1,0.0024709000000002665,-0.3642382097226102,-0.0001969721527244062,-12.0,0.181823644662497,12.0,-0.001119957230851731,-1.820206168152214e-05,-1.820206187849429e-05,-3.642382097226103e-05,0.001174579458489339,1.820206168152214e-05
1,0.0024711000000002667,-0.3617666872312664,-0.0001970203960736383,-12.0,0.1805878110513189,12.0,-0.001120146007416965,-1.807848314473925e-05,-1.807848334175964e-05,-3.617666872312664e-05,0.001174397529069723,1.807848314473925e-05
1,0.0024713000000002668,-0.3592945934611623,-0.0001970683283700897,-12.0,0.1793516922673427,12.0,-0.001120334804301369,-1.795487605957128e-05,-1.795487625663961e-05,-3.592945934611623e-05,0.001174215534298716,1.795487605957129e-05
1,0.002471500000000267,-0.3568219323160702,-0.0001971159495424285,-12.0,0.1781152902625619,12.0,-0.001120523621190875,-1.783124062121043e-05,-1.783124081832639e-05,-3.568219323160702e-05,0.001174033474447837,1.783124062121044e-05
1,0.002471700000000267,-0.3543487077006509,-0.0001971632595125783,-12.0,0.176878606989424,12.0,-0.001120712457771528,-1.770757702489365e-05,-1.770757722205691e-05,-3.543487077006509e-05,0.001173851349788743,1.770757702489365e-05
1,0.002471900000000267,-0.3518749235204721,-0.000197210258206279,-12.0,0.175641644400824,12.0,-0.001120901313729411,-1.758388546590303e-05,-1.758388566311329e-05,-3.518749235204721e-05,0.001173669160593357,1.758388546590303e-05
1,0.0024721000000002672,-0.3494005836819767,-0.0001972569455505196,-12.0,0.1744044044500931,12.0,-0.001121090188750715,-1.746016613956437e-05,-1.746016633682131e-05,-3.494005836819767e-05,0.001173486907133783,1.746016613956436e-05
1,0.0024723000000002673,-0.3469256920924812,-0.0001973033214713732,-12.0,0.1731668890910003,12.0,-0.001121279082521673,-1.733641924124716e-05,-1.733641943855049e-05,-3.469256920924812e-05,0.001173304589682334,1.733641924124716e-05
1,0.0024725000000002675,-0.3444502526601813,-0.0001973493858947462,-12.0,0.1719291002777547,12.0,-0.001121467994728641,-1.721264496636494e-05,-1.721264516371433e-05,-3.444502526601813e-05,0.001173122208511519,1.721264496636494e-05
1,0.0024727000000002676,-0.3419742692941352,-0.0001973951387494871,-12.0,0.170691039964992,12.0,-0.001121656925057998,-1.708884351037414e-05,-1.708884370776929e-05,-3.419742692941353e-05,0.001172939763894085,1.708884351037415e-05
1,0.0024729000000002677,-0.3394977459042545,-0.0001974405799630846,-12.0,0.1694527101077768,12.0,-0.001121845873196237,-1.696501506877399e-05,-1.696501526621457e-05,-3.394977459042545e-05,0.001172757256102958,1.696501506877399e-05
1,0.002473100000000268,-0.3370206864013114,-0.0001974857094628329,-12.0,0.1682141126616044,12.0,-0.00112203483882992,-1.684115983710672e-05,-1.684116003459243e-05,-3.370206864013114e-05,0.001172574685411272,1.684115983710672e-05
1,0.002473300000000268,-0.3345430946969228,-0.0001975305271791211,-12.0,0.1669752495823874,12.0,-0.001122223821645681,-1.671727801095666e-05,-1.671727820848719e-05,-3.345430946969229e-05,0.001172392052092384,1.671727801095666e-05
1,0.002473500000000268,-0.3320649747035444,-0.0001975750330401455,-12.0,0.1657361228264617,12.0,-0.001122412821330247,-1.659336978595018e-05,-1.659336998352521e-05,-3.320649747035444e-05,0.001172209356419842,1.659336978595018e-05
1,0.002473700000000268,-0.3295863303344592,-0.0001976192269780297,-12.0,0.1644967343505703,12.0,-0.00112260183757041,-1.646943535775483e-05,-1.646943555537406e-05,-3.295863303344593e-05,0.001172026598667393,1.646943535775483e-05
1,0.0024739000000002682,-0.3271071655037904,-0.0001976631089189163,-12.0,0.1632570861118857,12.0,-0.001122790870053052,-1.634547492208047e-05,-1.634547511974357e-05,-3.271071655037905e-05,0.001171843779109016,1.634547492208046e-05
1,0.0024741000000002684,-0.3246274841264856,-0.0001977066787974269,-12.0,0.1620171800679799,12.0,-0.00112297991846514,-1.622148867467774e-05,-1.622148887238441e-05,-3.246274841264856e-05,0.001171660898018864,1.622148867467773e-05
1,0.0024743000000002685,-0.3221472901182862,-0.0001977499365446722,-12.0,0.1607770181768267,12.0,-0.001123168982493702,-1.609747681133714e-05,-1.609747700908708e-05,-3.221472901182863e-05,0.00117147795567131,1.609747681133714e-05
1,0.0024745000000002686,-0.3196665873957674,-0.0001977928820888486,-12.0,0.1595366023968217,12.0,-0.001123358061825872,-1.597343952789105e-05,-1.597343972568393e-05,-3.196665873957675e-05,0.001171294952340925,1.597343952789105e-05
1,0.0024747000000002687,-0.3171853798762991,-0.0001978355153672562,-12.0,0.1582959346867435,12.0,-0.001123547156148853,-1.584937702021107e-05,-1.584937721804659e-05,-3.171853798762991e-05,0.001171111888302493,1.584937702021107e-05
1,0.002474900000000269,-0.3147036714780345,-0.0001978778363098538,-12.0,0.1570550170057741,12.0,-0.001123736265149944,-1.57252894842084e-05,-1.572528968208623e-05,-3.147036714780345e-05,0.001170928763830981,1.572528948420839e-05
1,0.002475100000000269,-0.3122214661199444,-0.0001979198448486819,-12.0,0.1558138513135007,12.0,-0.001123925388516505,-1.560117711583494e-05,-1.560117731375479e-05,-3.122214661199444e-05,0.001170745579201582,1.560117711583494e-05
1,0.002475300000000269,-0.3097387677217678,-0.0001979615409214847,-12.0,0.1545724395698863,12.0,-0.001124114525936004,-1.547704011108077e-05,-1.547704030904232e-05,-3.097387677217678e-05,0.001170562334689679,1.547704011108078e-05
1,0.002475500000000269,-0.3072555802040159,-0.0001980029244595116,-12.0,0.1533307837352895,12.0,-0.001124303677095987,-1.53528786659749e-05,-1.535287886397782e-05,-3.07255580204016e-05,0.001170379030570859,1.53528786659749e-05
1,0.0024757000000002693,-0.3047719074879893,-0.0001980439953979396,-12.0,0.1520888857704578,12.0,-0.001124492841684081,-1.522869297658557e-05,-1.522869317462957e-05,-3.047719074879893e-05,0.001170195667120901,1.522869297658557e-05
1,0.0024759000000002694,-0.3022877534957459,-0.0001980847536730279,-12.0,0.1508467476365159,12.0,-0.001124682019388002,-1.510448323901889e-05,-1.510448343710365e-05,-3.022877534957459e-05,0.001170012244615801,1.510448323901889e-05
1,0.0024761000000002695,-0.2998031221501024,-0.0001981251992198285,-12.0,0.1496043712949694,12.0,-0.001124871209895561,-1.498024964941893e-05,-1.498024984754412e-05,-2.998031221501024e-05,0.001169828763331739,1.498024964941893e-05
1,0.0024763000000002696,-0.2973180173746293,-0.0001981653319752252,-12.0,0.1483617587076985,12.0,-0.001125060412894625,-1.485599240396737e-05,-1.485599260213271e-05,-2.973180173746293e-05,0.001169645223545129,1.485599240396737e-05
1,0.0024765000000002697,-0.29483244309365,-0.0001982051518746725,-12.0,0.1471189118369615,12.0,-0.001125249628073194,-1.473171169888361e-05,-1.473171189708877e-05,-2.9483244309365e-05,0.001169461625532536,1.473171169888362e-05
1,0.00247670000000027,-0.2923464032322269,-0.0001982446588569553,-12.0,0.1458758326453815,12.0,-0.001125438855119339,-1.460740773042384e-05,-1.46074079286685e-05,-2.92346403232227e-05,0.001169277969570755,1.460740773042385e-05
1,0.00247690000000027,-0.2898599017161517,-0.0001982838528592629,-12.0,0.1446325230959484,12.0,-0.001125628093721199,-1.448308069488077e-05,-1.448308089316462e-05,-2.898599017161517e-05,0.001169094255936788,1.448308069488077e-05
1,0.00247710000000027,-0.2873729424719541,-0.0001983227338188953,-12.0,0.1433889851520214,12.0,-0.001125817343567027,-1.435873078858403e-05,-1.435873098690676e-05,-2.873729424719541e-05,0.001168910484907814,1.435873078858403e-05
1,0.00247730000000027,-0.2848855294268861,-0.0001983613016757479,-12.0,0.1421452207773165,12.0,-0.001126006604345158,-1.423435820789922e-05,-1.423435840626052e-05,-2.848855294268861e-05,0.001168726656761222,1.423435820789922e-05
1,0.0024775000000002703,-0.2823976665089019,-0.0001983995563700491,-12.0,0.1409012319359003,12.0,-0.001126195875744029,-1.410996314922704e-05,-1.410996334762659e-05,-2.823976665089019e-05,0.001168542771774592,1.410996314922704e-05
1,0.0024777000000002704,-0.2799093576466833,-0.0001984374978377806,-12.0,0.13965702059221,12.0,-0.001126385157452149,-1.398554580900478e-05,-1.398554600744228e-05,-2.799093576466833e-05,0.001168358830225716,1.398554580900478e-05
1,0.0024779000000002705,-0.2774206067696174,-0.0001984751260227791,-12.0,0.1384125887110232,12.0,-0.001126574449158124,-1.38611063837046e-05,-1.386110658217973e-05,-2.774206067696174e-05,0.001168174832392576,1.38611063837046e-05
1,0.0024781000000002706,-0.274931417807772,-0.0001985124408648425,-12.0,0.1371679382574643,12.0,-0.001126763750550666,-1.373664506983292e-05,-1.373664526834536e-05,-2.74931417807772e-05,0.001167990778553341,1.373664506983291e-05
1,0.0024783000000002707,-0.2724417946919152,-0.0001985494423046574,-12.0,0.1359230711970062,12.0,-0.001126953061318572,-1.361216206393109e-05,-1.361216226248053e-05,-2.724417946919152e-05,0.001167806668986394,1.361216206393109e-05
1,0.002478500000000271,-0.2699517413535077,-0.0001985861302834097,-12.0,0.1346779894954674,12.0,-0.001127142381150721,-1.348765756257509e-05,-1.348765776116122e-05,-2.699517413535078e-05,0.001167622503970305,1.348765756257508e-05
1,0.002478700000000271,-0.2674612617246842,-0.0001986225047445611,-12.0,0.1334326951190002,12.0,-0.001127331709736114,-1.336313176237448e-05,-1.336313196099698e-05,-2.674612617246842e-05,0.00116743828378384,1.336313176237447e-05
1,0.002478900000000271,-0.2649703597382473,-0.0001986585656303386,-12.0,0.1321871900340925,12.0,-0.001127521046763814,-1.323858485997229e-05,-1.323858505863085e-05,-2.649703597382474e-05,0.001167254008705964,1.323858485997229e-05
1,0.002479100000000271,-0.2624790393276761,-0.0001986943128829688,-12.0,0.1309414762075705,12.0,-0.001127710391923008,-1.311401705204534e-05,-1.311401725073966e-05,-2.624790393276761e-05,0.001167069679015829,1.311401705204534e-05
1,0.0024793000000002713,-0.2599873044271066,-0.000198729746447579,-12.0,0.1296955556065844,12.0,-0.001127899744902953,-1.29894285353032e-05,-1.298942873403295e-05,-2.599873044271066e-05,0.001166885294992806,1.29894285353032e-05
1,0.0024795000000002714,-0.2574951589713236,-0.0001987648662678254,-12.0,0.1284494301986114,12.0,-0.001128089105393033,-1.286481950648792e-05,-1.286481970525279e-05,-2.574951589713236e-05,0.001166700856916423,1.286481950648792e-05
1,0.0024797000000002715,-0.2550026068957694,-0.0001987996722873503,-12.0,0.1272031019514569,12.0,-0.001128278473082694,-1.274019016237443e-05,-1.27401903611741e-05,-2.550026068957694e-05,0.00116651636506644,1.274019016237443e-05
1,0.0024799000000002716,-0.2525096521365253,-0.0001988341644528491,-12.0,0.1259565728332417,12.0,-0.001128467847661508,-1.261554069976946e-05,-1.261554089860362e-05,-2.525096521365253e-05,0.001166331819722786,1.261554069976946e-05
1,0.0024801000000002718,-0.2500162986303024,-0.0001988683427094351,-12.0,0.1247098448124036,12.0,-0.001128657228819134,-1.249087131551131e-05,-1.249087151437965e-05,-2.500162986303024e-05,0.001166147221165594,1.249087131551131e-05
1,0.002480300000000272,-0.2475225503144507,-0.0001989022070022217,-12.0,0.1234629198576999,12.0,-0.001128846616245332,-1.236618220647021e-05,-1.236618240537242e-05,-2.475225503144507e-05,0.00116596256967518,1.236618220647021e-05
1,0.002480500000000272,-0.2450284111269404,-0.0001989357572794309,-12.0,0.1222157999381935,12.0,-0.001129036009629955,-1.224147356954729e-05,-1.224147376848305e-05,-2.450284111269404e-05,0.001165777865532071,1.224147356954729e-05
1,0.002480700000000272,-0.2425338850063577,-0.0001989689934868144,-12.0,0.1209684870232587,12.0,-0.00112922540866296,-1.211674560167455e-05,-1.211674580064354e-05,-2.425338850063577e-05,0.001165593109016972,1.211674560167455e-05
1,0.002480900000000272,-0.2400389758918934,-0.0001990019155744399,-12.0,0.1197209830825659,12.0,-0.001129414813034409,-1.199199849981403e-05,-1.199199869881595e-05,-2.400389758918934e-05,0.001165408300410781,1.199199849981403e-05
1,0.0024811000000002723,-0.2375436877233567,-0.0001990345234857138,-12.0,0.1184732900861046,12.0,-0.001129604222434464,-1.186723246095903e-05,-1.186723265999355e-05,-2.375436877233568e-05,0.001165223439994593,1.186723246095903e-05
1,0.0024813000000002724,-0.235048024441151,-0.0001990668171746868,-12.0,0.1172254100041453,12.0,-0.00112979363655338,-1.1742447682132e-05,-1.174244788119882e-05,-2.35048024441151e-05,0.001165038528049689,1.1742447682132e-05
1,0.0024815000000002726,-0.2325519899862567,-0.0001990987965874574,-12.0,0.1159773448072592,12.0,-0.00112998305508152,-1.161764436038467e-05,-1.161764455948347e-05,-2.325519899862567e-05,0.00116485356485755,1.161764436038467e-05
1,0.0024817000000002727,-0.2300555883002675,-0.0001991304616724004,-12.0,0.1147290964663205,12.0,-0.001130172477709348,-1.149282269279929e-05,-1.149282289192975e-05,-2.300555883002675e-05,0.001164668550699837,1.149282269279929e-05
1,0.0024819000000002728,-0.22755882332534,-0.0001991618123834832,-12.0,0.1134806669524766,12.0,-0.001130361904127439,-1.136798287648601e-05,-1.136798307564783e-05,-2.2755882332534e-05,0.001164483485858408,1.136798287648601e-05
1,0.002482100000000273,-0.2250616990041986,-0.0001991928486684419,-12.0,0.1122320582371682,12.0,-0.001130551334026463,-1.124312510858366e-05,-1.124312530777651e-05,-2.250616990041986e-05,0.0011642983706153,1.124312510858366e-05
1,0.002482300000000273,-0.2225642192801515,-0.0001992235704785378,-12.0,0.1109832722921222,12.0,-0.001130740767097195,-1.111824958626008e-05,-1.111824978548365e-05,-2.225642192801515e-05,0.001164113205252754,1.111824958626008e-05
1,0.002482500000000273,-0.22006638809706,-0.0001992539777664615,-12.0,0.1097343110893405,12.0,-0.00113093020303051,-1.09933565067107e-05,-1.099335670596468e-05,-2.2006638809706e-05,0.001163927990053198,1.09933565067107e-05
1,0.0024827000000002732,-0.2175682093993387,-0.0001992840704835575,-12.0,0.1084851766011033,12.0,-0.001131119641517405,-1.086844606715868e-05,-1.086844626644276e-05,-2.175682093993387e-05,0.001163742725299233,1.086844606715869e-05
1,0.0024829000000002733,-0.2150696871319512,-0.0001993138485830159,-12.0,0.1072358707999626,12.0,-0.001131309082248969,-1.074351846485456e-05,-1.074351866416841e-05,-2.150696871319513e-05,0.001163557411273669,1.074351846485456e-05
1,0.0024831000000002735,-0.2125708252404086,-0.0001993433120165283,-12.0,0.1059863956587464,12.0,-0.001131498524916404,-1.061857389707629e-05,-1.06185740964196e-05,-2.125708252404086e-05,0.001163372048259484,1.061857389707629e-05
1,0.0024833000000002736,-0.2100716276707567,-0.0001993724607394082,-12.0,0.1047367531505446,12.0,-0.001131687969211006,-1.04936125611284e-05,-1.049361276050087e-05,-2.100716276707567e-05,0.001163186636539868,1.049361256112841e-05
1,0.0024835000000002737,-0.2075720983695643,-0.0001994012947049983,-12.0,0.1034869452487117,12.0,-0.001131877414824201,-1.036863465434167e-05,-1.036863485374297e-05,-2.075720983695643e-05,0.001163001176398169,1.036863465434168e-05
1,0.002483700000000274,-0.2050722412839341,-0.0001994298138669748,-12.0,0.1022369739268685,12.0,-0.001132066861447505,-1.024364037407354e-05,-1.024364057350336e-05,-2.050722412839341e-05,0.001162815668117947,1.024364037407354e-05
1,0.002483900000000274,-0.2025720603614851,-0.0001994580181814976,-12.0,0.1009868411588901,12.0,-0.001132256308772546,-1.011862991770716e-05,-1.011863011716518e-05,-2.025720603614851e-05,0.001162630111982929,1.011862991770716e-05
1,0.002484100000000274,-0.2000715595503338,-0.0001994859076052541,-12.0,0.09973654891889998,12.0,-0.00113244575649107,-9.993603482650524e-06,-9.993603682136429e-06,-2.000715595503339e-05,0.001162444508277041,9.993603482650524e-06
1,0.002484300000000274,-0.1975707427991188,-0.0001995134820904354,-12.0,0.09848609918128895,12.0,-0.001132635204294919,-9.868561266337937e-06,-9.868561465851422e-06,-1.975707427991189e-05,0.001162258857284394,9.868561266337939e-06
1,0.0024845000000002742,-0.1950696140569789,-0.0001995407415972816,-12.0,0.09723549392068608,12.0,-0.001132824651876059,-9.743503466228336e-06,-9.74350366576908e-06,-1.950696140569789e-05,0.001162073159289271,9.743503466228336e-06
1,0.0024847000000002744,-0.1925681772735231,-0.0001995676860826329,-12.0,0.09598473511196072,12.0,-0.001133014098926558,-9.618430279804337e-06,-9.618430479372023e-06,-1.925681772735231e-05,0.001161887414576153,9.618430279804335e-06
1,0.0024849000000002745,-0.1900664363988719,-0.0001995943155002899,-12.0,0.09473382473024235,12.0,-0.001133203545138597,-9.493341904574264e-06,-9.49334210416858e-06,-1.900664363988719e-05,0.001161701623429701,9.493341904574264e-06
1,0.0024851000000002746,-0.1875643953836172,-0.000199620629813449,-12.0,0.09348276475088213,12.0,-0.001133392990204473,-9.368238538069559e-06,-9.368238737690186e-06,-1.875643953836172e-05,0.001161515786134758,9.368238538069559e-06
1,0.0024853000000002747,-0.1850620581788159,-0.0001996466289768892,-12.0,0.09223155714947631,12.0,-0.00113358243381659,-9.24312037784532e-06,-9.243120577491948e-06,-1.850620581788159e-05,0.001161329902976354,9.24312037784532e-06
1,0.002485500000000275,-0.1825594287360028,-0.000199672312951725,-12.0,0.09098020390185073,12.0,-0.001133771875667466,-9.117987621480244e-06,-9.117987821152556e-06,-1.825594287360029e-05,0.001161143974239699,9.117987621480244e-06
1,0.002485700000000275,-0.1800565110071734,-0.0001996976816956292,-12.0,0.08972870698406647,12.0,-0.001133961315449735,-8.992840466576207e-06,-8.992840666273891e-06,-1.800565110071734e-05,0.001160958000210188,8.99284046657621e-06
1,0.002485900000000275,-0.1775533089447783,-0.0001997227351703684,-12.0,0.08847706837240625,12.0,-0.001134150752856142,-8.867679110757663e-06,-8.867679310480398e-06,-1.775533089447784e-05,0.001160771981173399,8.867679110757663e-06
1,0.002486100000000275,-0.1750498265017102,-0.0001997474733359053,-12.0,0.08722529004337651,12.0,-0.001134340187579552,-8.74250375167124e-06,-8.742503951418716e-06,-1.750498265017102e-05,0.00116058591741509,8.742503751671242e-06
1,0.0024863000000002753,-0.1725460676313138,-0.0001997718961522371,-12.0,0.0859733739737096,12.0,-0.001134529619312936,-8.617314586986185e-06,-8.617314786758079e-06,-1.725460676313138e-05,0.001160399809221197,8.617314586986185e-06
1,0.0024865000000002754,-0.1700420362873676,-0.0001997960035823934,-12.0,0.08472132214035015,12.0,-0.001134719047749391,-8.492111814393256e-06,-8.49211201418926e-06,-1.700420362873675e-05,0.001160213656877845,8.492111814393256e-06
1,0.0024867000000002755,-0.1675377364240739,-0.0001998197955879119,-12.0,0.08346913652045712,12.0,-0.001134908472582121,-8.366895631604502e-06,-8.366895831424298e-06,-1.675377364240739e-05,0.001160027460671335,8.366895631604504e-06
1,0.0024869000000002756,-0.1650331719960683,-0.0001998432721302679,-12.0,0.08221681909140605,12.0,-0.001135097893504456,-8.241666236353632e-06,-8.241666436196904e-06,-1.650331719960684e-05,0.001159841220888145,8.241666236353632e-06
1,0.0024871000000002757,-0.1625283469584013,-0.0001998664331739688,-12.0,0.08096437183077534,12.0,-0.001135287310209832,-8.11642382639493e-06,-8.116424026261365e-06,-1.625283469584013e-05,0.001159654937814938,8.11642382639493e-06
1,0.002487300000000276,-0.1600232652665331,-0.0001998892786812256,-12.0,0.07971179671635194,12.0,-0.001135476722391815,-7.991168599503318e-06,-7.991168799392595e-06,-1.600232652665331e-05,0.001159468611738555,7.991168599503316e-06
1,0.002487500000000276,-0.157517930876323,-0.0001999118086183985,-12.0,0.07845909572611584,12.0,-0.001135666129744077,-7.865900753473422e-06,-7.865900953385232e-06,-1.57517930876323e-05,0.001159282242946023,7.865900753473424e-06
1,0.002487700000000276,-0.1550123477440435,-0.0001999340229453528,-12.0,0.07720627083826352,12.0,-0.001135855531960417,-7.740620486120885e-06,-7.740620686054908e-06,-1.550123477440435e-05,0.001159095831724532,7.740620486120889e-06
1,0.002487900000000276,-0.1525065198263546,-0.0001999559216324734,-12.0,0.0759533240311694,12.0,-0.001136044928734752,-7.615327995280189e-06,-7.615328195236108e-06,-1.525065198263546e-05,0.001158909378361463,7.615327995280189e-06
1,0.0024881000000002763,-0.1500004510802884,-0.0001999775046422556,-12.0,0.07470025728340575,12.0,-0.001136234319761124,-7.490023478804801e-06,-7.490023678782305e-06,-1.500004510802884e-05,0.001158722883144367,7.4900234788048e-06
1,0.0024883000000002764,-0.1474941454632835,-0.0001999987719394705,-12.0,0.07344707257374483,12.0,-0.001136423704733676,-7.364707134568429e-06,-7.364707334567203e-06,-1.474941454632835e-05,0.001158536346360983,7.36470713456843e-06
1,0.0024885000000002765,-0.1449876069331363,-0.0002000197234944129,-12.0,0.0721937718811293,12.0,-0.001136613083346696,-7.239379160462368e-06,-7.239379360482096e-06,-1.449876069331363e-05,0.001158349768299214,7.239379160462372e-06
1,0.0024887000000002766,-0.1424808394480047,-0.0002000403592711739,-12.0,0.07094035718469201,12.0,-0.001136802455294583,-7.114039754396321e-06,-7.114039954436677e-06,-1.424808394480047e-05,0.001158163149247149,7.114039754396317e-06
1,0.0024889000000002767,-0.1399738469664249,-0.0002000606792375223,-12.0,0.06968683046374938,12.0,-0.001136991820271851,-6.988689114298692e-06,-6.988689314359369e-06,-1.399738469664249e-05,0.001157976489493048,6.988689114298691e-06
1,0.002489100000000277,-0.1374666334472801,-0.000200080683362483,-12.0,0.06843319369778947,12.0,-0.001137181177973144,-6.863327438115195e-06,-6.863327638195879e-06,-1.374666334472801e-05,0.001157789789325351,6.863327438115195e-06
1,0.002489300000000277,-0.1349592028497981,-0.0002001003716141925,-12.0,0.06717944886647403,12.0,-0.001137370528093234,-6.737954923808823e-06,-6.737955123909194e-06,-1.349592028497981e-05,0.00115760304903267,6.737954923808823e-06
1,0.002489500000000277,-0.1324515591335582,-0.0002001197439605445,-12.0,0.06592559794964087,12.0,-0.001137559870327011,-6.61257176936014e-06,-6.612571969479886e-06,-1.324515591335583e-05,0.00115741626890379,6.612571769360142e-06
1,0.002489700000000277,-0.1299437062584734,-0.0002001388003725277,-12.0,0.06467164292728994,12.0,-0.00113774920436948,-6.487178172766247e-06,-6.487178372905045e-06,-1.299437062584734e-05,0.00115722944922768,6.487178172766248e-06
1,0.0024899000000002773,-0.1274356481847832,-0.0002001575408192152,-12.0,0.06341758577958738,12.0,-0.001137938529915789,-6.361774332040658e-06,-6.3617745321982e-06,-1.274356481847832e-05,0.001157042590293471,6.36177433204066e-06
1,0.0024901000000002774,-0.1249273888730523,-0.0002001759652717761,-12.0,0.06216342848685884,12.0,-0.001138127846661198,-6.23636044521306e-06,-6.236360645389027e-06,-1.249273888730523e-05,0.001156855692390473,6.236360445213062e-06
1,0.0024903000000002775,-0.1224189322841675,-0.0002001940736997485,-12.0,0.0609091730295934,12.0,-0.001138317154301094,-6.110936710329313e-06,-6.110936910523388e-06,-1.224189322841675e-05,0.00115666875580817,6.110936710329315e-06
1,0.0024905000000002776,-0.1199102823793282,-0.0002002118660758834,-12.0,0.05965482138843164,12.0,-0.001138506452530993,-5.985503325450754e-06,-5.985503525662618e-06,-1.199102823793282e-05,0.001156481780836226,5.985503325450753e-06
1,0.0024907000000002778,-0.1174014431200243,-0.0002002293423731955,-12.0,0.05840037554415893,12.0,-0.001138695741046539,-5.860060488653212e-06,-5.860060688882555e-06,-1.174014431200243e-05,0.001156294767764454,5.860060488653213e-06
1,0.002490900000000278,-0.1148924184680618,-0.0002002465025603556,-12.0,0.05714583747772534,12.0,-0.001138885019543499,-5.734608398028572e-06,-5.734608598275072e-06,-1.148924184680618e-05,0.001156107716882866,5.73460839802857e-06
1,0.002491100000000278,-0.1123832123855406,-0.0002002633466139173,-12.0,0.05589120917021594,12.0,-0.00113907428771777,-5.609147251682987e-06,-5.609147451946333e-06,-1.123832123855406e-05,0.001155920628481631,5.609147251682985e-06
1,0.002491300000000278,-0.1098738288348252,-0.000200279874507249,-12.0,0.05463649260285299,12.0,-0.001139263545265373,-5.483677247736025e-06,-5.483677448015901e-06,-1.098738288348252e-05,0.001155733502851095,5.483677247736024e-06
1,0.002491500000000278,-0.1073642717785849,-0.0002002960862104719,-12.0,0.05338168975701587,12.0,-0.001139452791882467,-5.358198584322635e-06,-5.35819878461872e-06,-1.073642717785849e-05,0.001155546340281765,5.358198584322635e-06
1,0.0024917000000002783,-0.1048545451797542,-0.0002003119817032273,-12.0,0.05212680261420243,12.0,-0.001139642027265334,-5.232711459590564e-06,-5.232711659902547e-06,-1.048545451797542e-05,0.001155359141064329,5.232711459590566e-06
1,0.0024919000000002784,-0.1023446530015265,-0.0002003275609567187,-12.0,0.05087183315605256,12.0,-0.001139831251110382,-5.107216071700926e-06,-5.10721627202849e-06,-1.023446530015265e-05,0.001155171905489642,5.107216071700928e-06
1,0.0024921000000002786,-0.09983459920736686,-0.0002003428239484503,-12.0,0.04961678336433253,12.0,-0.001140020463114155,-4.9817126188281e-06,-4.981712819170921e-06,-9.983459920736685e-06,0.001154984633848727,4.981712618828098e-06
1,0.0024923000000002787,-0.09732438776099464,-0.0002003577706525192,-12.0,0.04836165522094083,12.0,-0.001140209662973326,-4.856201299159336e-06,-4.856201499517106e-06,-9.732438776099465e-06,0.001154797326432773,4.856201299159335e-06
1,0.0024925000000002788,-0.09481402262637834,-0.0002003724010472135,-12.0,0.04710645070789435,12.0,-0.001140398850384703,-4.730682310894154e-06,-4.730682511266556e-06,-9.481402262637835e-06,0.001154609983533142,4.730682310894157e-06
1,0.002492700000000279,-0.09230350776772162,-0.0002003867151087295,-12.0,0.04585117180733057,12.0,-0.001140588025045217,-4.605155852243929e-06,-4.605156052630645e-06,-9.230350776772163e-06,0.001154422605441362,4.605155852243929e-06
1,0.002492900000000279,-0.08979284714947483,-0.0002004007128136864,-12.0,0.04459582050150975,12.0,-0.001140777186651938,-4.47962212143234e-06,-4.479622321833057e-06,-8.979284714947483e-06,0.001154235192449133,4.479622121432344e-06
1,0.002493100000000279,-0.0872820447363145,-0.0002004143941414065,-12.0,0.04334039877280121,12.0,-0.001140966334902066,-4.354081316694262e-06,-4.354081517108655e-06,-8.72820447363145e-06,0.001154047744848316,4.354081316694261e-06
1,0.0024933000000002792,-0.08477110449313563,-0.0002004277590698725,-12.0,0.04208490860368541,12.0,-0.001141155469492936,-4.228533636275529e-06,-4.228533836703289e-06,-8.477110449313563e-06,0.001153860262930941,4.228533636275529e-06
1,0.0024935000000002793,-0.08226003038505975,-0.0002004408075770188,-12.0,0.04082935197675627,12.0,-0.001141344590122016,-4.10297927843333e-06,-4.102979478874137e-06,-8.226003038505974e-06,0.001153672746989205,4.102979278433329e-06
1,0.0024937000000002795,-0.07974882637741677,-0.0002004535396437981,-12.0,0.03957373087470729,12.0,-0.001141533696486908,-3.97741844143511e-06,-3.977418641888649e-06,-7.974882637741678e-06,0.00115348519731547,3.97741844143511e-06
1,0.0024939000000002796,-0.07723749643573556,-0.000200465955249602,-12.0,0.03831804728033383,12.0,-0.001141722788285348,-3.851851323558344e-06,-3.851851524024298e-06,-7.723749643573556e-06,0.001153297614202266,3.851851323558343e-06
1,0.0024941000000002797,-0.07472604452575315,-0.0002004780543738913,-12.0,0.0370623031765352,12.0,-0.001141911865215207,-3.726278123090912e-06,-3.726278323568963e-06,-7.472604452575316e-06,0.001153109997942283,3.726278123090909e-06
1,0.00249430000000028,-0.07221447461339846,-0.0002004898369987289,-12.0,0.03580650054630277,12.0,-0.001142100926974495,-3.600699038330149e-06,-3.600699238819986e-06,-7.221447461339846e-06,0.001152922348828382,3.600699038330151e-06
1,0.00249450000000028,-0.06970279066477719,-0.0002005013031058898,-12.0,0.03455064137271674,12.0,-0.001142289973261354,-3.475114267582262e-06,-3.475114468083565e-06,-6.97027906647772e-06,0.001152734667153584,3.475114267582263e-06
1,0.00249470000000028,-0.06719099664617613,-0.0002005124526767606,-12.0,0.0332947276389484,12.0,-0.001142479003774065,-3.349524009162515e-06,-3.349524209674969e-06,-6.719099664617613e-06,0.001152546953211072,3.349524009162516e-06
1,0.00249490000000028,-0.06467909652407242,-0.0002005232856916832,-12.0,0.03203876132826582,12.0,-0.001142668018211048,-3.223928461395751e-06,-3.223928661919037e-06,-6.467909652407242e-06,0.001152359207294197,3.22392846139575e-06
1,0.0024951000000002803,-0.0621670942650977,-0.0002005338021377756,-12.0,0.03078274442400417,12.0,-0.001142857016270856,-3.098327822614196e-06,-3.098328023147996e-06,-6.21670942650977e-06,0.00115217142969647,3.098327822614195e-06
1,0.0024953000000002804,-0.05965499383603755,-0.0002005440019954632,-12.0,0.02952667890958556,12.0,-0.001143045997652182,-2.972722291158103e-06,-2.972722491702104e-06,-5.965499383603755e-06,0.001151983620711566,2.972722291158102e-06
1,0.0024955000000002805,-0.05714279920384942,-0.0002005538852489427,-12.0,0.02827056676851244,12.0,-0.001143234962053861,-2.847112065376138e-06,-2.847112265930024e-06,-5.714279920384942e-06,0.001151795780633318,2.847112065376138e-06
1,0.0024957000000002806,-0.05463051433563119,-0.0002005634518836771,-12.0,0.02701440998435557,12.0,-0.001143423909174863,-2.721497343623925e-06,-2.721497544187376e-06,-5.46305143356312e-06,0.001151607909755726,2.721497343623924e-06
1,0.0024959000000002807,-0.05211814319861901,-0.0002005727018842031,-12.0,0.02575821054075618,12.0,-0.0011436128387143,-2.595878324264039e-06,-2.59587852483674e-06,-5.211814319861902e-06,0.001151420008372946,2.595878324264039e-06
1,0.002496100000000281,-0.04960568976019406,-0.0002005816352349706,-12.0,0.02450197042142822,12.0,-0.001143801750371422,-2.470255205666319e-06,-2.470255406247955e-06,-4.960568976019406e-06,0.0011512320767793,2.47025520566632e-06
1,0.002496300000000281,-0.0470931579878642,-0.0002005902519233594,-12.0,0.02324569161014454,12.0,-0.001143990643845621,-2.344628186206789e-06,-2.344628386797043e-06,-4.709315798786421e-06,0.001151044115269265,2.34462818620679e-06
1,0.002496500000000281,-0.04458055184925744,-0.0002005985519348968,-12.0,0.02198937609074086,12.0,-0.001144179518836432,-2.218997464267576e-06,-2.218997664866127e-06,-4.458055184925744e-06,0.001150856124137478,2.218997464267576e-06
1,0.002496700000000281,-0.0420678753121204,-0.0002006065352571779,-12.0,0.02073302584710908,12.0,-0.001144368375043529,-2.093363238236625e-06,-2.093363438843161e-06,-4.20678753121204e-06,0.00115066810367874,2.093363238236626e-06
1,0.0024969000000002813,-0.03955513234431524,-0.0002006142018762102,-12.0,0.01947664286320128,12.0,-0.001144557212166727,-1.967725706507752e-06,-1.967725907121951e-06,-3.955513234431523e-06,0.001150480054188005,1.967725706507749e-06
1,0.0024971000000002814,-0.03704232691381004,-0.0002006215517812125,-12.0,0.01822022912301768,12.0,-0.001144746029905989,-1.842085067479889e-06,-1.842085268101441e-06,-3.704232691381004e-06,0.001150291975960391,1.84208506747989e-06
1,0.0024973000000002815,-0.0345294629886567,-0.0002006285849616759,-12.0,0.01696378661059998,12.0,-0.001144934827961415,-1.716441519556164e-06,-1.716441720184751e-06,-3.45294629886567e-06,0.001150103869291168,1.716441519556166e-06
1,0.0024975000000002816,-0.03201654453701648,-0.0002006353014026331,-12.0,0.01570731731005128,12.0,-0.001145123606033253,-1.590795261145392e-06,-1.590795461780693e-06,-3.201654453701648e-06,0.001149915734475767,1.590795261145391e-06
1,0.0024977000000002817,-0.02950357552713823,-0.0002006417010971869,-12.0,0.01445082320550633,12.0,-0.001145312363821891,-1.465146490660351e-06,-1.465146691302052e-06,-2.950357552713823e-06,0.001149727571809775,1.465146490660351e-06
1,0.002497900000000282,-0.02699055992732841,-0.000200647784035099,-12.0,0.01319430628113372,12.0,-0.001145501101027866,-1.339495406516881e-06,-1.339495607164666e-06,-2.699055992732841e-06,0.001149539381588936,1.339495406516882e-06
1,0.002498100000000282,-0.02447750170599164,-0.0002006535502029824,-12.0,0.01193776852115585,12.0,-0.001145689817351855,-1.213842207135883e-06,-1.213842407789433e-06,-2.447750170599164e-06,0.00114935116410915,1.213842207135883e-06
1,0.002498300000000282,-0.0219644048315912,-0.0002006589995969098,-12.0,0.01068121190981024,12.0,-0.001145878512494686,-1.088187090940715e-06,-1.088187291599715e-06,-2.19644048315912e-06,0.001149162919666472,1.088187090940715e-06
1,0.002498500000000282,-0.01945127327264014,-0.000200664132204962,-12.0,0.009424638431371308,12.0,-0.00114606718615733,-9.625302563576274e-07,-9.625304570217592e-07,-1.945127327264015e-06,0.001148974648557111,9.62530256357627e-07
1,0.0024987000000002823,-0.01693811099772455,-0.0002006689480194383,-12.0,0.008168050070143639,12.0,-0.001146255838040902,-8.36871901816308e-07,-8.368721024852557e-07,-1.693811099772455e-06,0.001148786351077433,8.368719018163078e-07
1,0.0024989000000002824,-0.01442492197547023,-0.0002006734470337626,-12.0,0.006911448810449999,12.0,-0.001146444467846669,-7.112122257483761e-07,-7.112124264218232e-07,-1.442492197547023e-06,0.001148598027523957,7.112122257483762e-07
1,0.0024991000000002825,-0.01191171017454341,-0.0002006776292400743,-12.0,0.005654836636635301,12.0,-0.001146633075276043,-5.855514265875351e-07,-5.855516272651668e-07,-1.191171017454341e-06,0.001148409678193356,5.855514265875375e-07
1,0.0024993000000002826,-0.009398479563646991,-0.0002006814946324247,-12.0,0.004398215533059912,12.0,-0.001146821660030582,-4.598897027692336e-07,-4.598899034507283e-07,-9.398479563646992e-07,0.001148221303382456,4.598897027692337e-07
1,0.0024995000000002827,-0.006885234111518131,-0.0002006850432033336,-12.0,0.003141587484103632,12.0,-0.001147010221811997,-3.342272527306984e-07,-3.342274534157399e-07,-6.885234111518131e-07,0.001148032903388236,3.342272527306966e-07
1,0.002499700000000283,-0.004371977786915996,-0.0002006882749488992,-12.0,0.0018849544741519,12.0,-0.001147198760322143,-2.085642749100803e-07,-2.085644755983549e-07,-4.371977786915996e-07,0.001147844478507826,2.085642749100799e-07
1,0.002499900000000283,-0.001858714558609898,-0.0002006911898633753,-12.0,0.000628318487597987,12.0,-0.001147387275263026,-8.290096774613528e-08,-8.290116843732612e-08,-1.858714558609898e-07,0.001147656029038511,8.290096774613623e-08
1,0.002500100000000283,0.0006545516046101552,-0.0002006937879412316,-12.0,-0.0006283184911548044,12.0,-0.001147575766336805,4.276247032135711e-08,4.276226962756934e-08,6.545516046101552e-08,0.001147467555277724,-4.276247032135728e-08
1,0.002500300000000283,0.003167816733952969,-0.0002006960691798394,-12.0,-0.001884954477706935,12.0,-0.001147764233245783,1.684258408527084e-07,1.684256401566404e-07,3.167816733952969e-07,0.001147279057523051,-1.684258408527096e-07
1,0.0025005000000002833,0.005681076860634814,-0.0002006980335751264,-12.0,-0.003141587487660433,12.0,-0.00114795267569242,2.940889454085305e-07,2.94088744710497e-07,5.681076860634814e-07,0.001147090536072227,-2.940889454085307e-07
1,0.0025007000000002834,0.008194328015870837,-0.000200699681122977,-12.0,-0.004398215536616695,12.0,-0.001148141093379322,4.197515855493713e-07,4.197513848496906e-07,8.194328015870837e-07,0.001146901991223138,-4.197515855493718e-07
1,0.0025009000000002835,0.01070756623089101,-0.0002007010118219238,-12.0,-0.005654836640188509,12.0,-0.001148329486009249,5.454135628366606e-07,5.454133621356467e-07,1.070756623089101e-06,0.001146713423273822,-5.454135628366586e-07
1,0.0025011000000002837,0.01322078753695528,-0.0002007020256701887,-12.0,-0.00691144881400318,12.0,-0.001148517853285115,6.710746788332983e-07,6.710744781312734e-07,1.322078753695528e-06,0.001146524832522459,-6.710746788332991e-07
1,0.0025013000000002838,0.01573398796534914,-0.0002007027226656943,-12.0,-0.008168050073700337,12.0,-0.001148706194909985,7.967347351034645e-07,7.967345344007417e-07,1.573398796534914e-06,0.001146336219267383,-7.967347351034643e-07
1,0.002501500000000284,0.01824716354737461,-0.0002007031028052383,-12.0,-0.009424638434926191,12.0,-0.001148894510587074,9.223935332120968e-07,9.223933325089928e-07,1.824716354737462e-06,0.001146147583807077,-9.223935332120954e-07
1,0.002501700000000284,0.02076031031438628,-0.0002007031660923343,-12.0,-0.0106812119133633,12.0,-0.001149082800019755,1.048050874727097e-06,1.048050674023931e-06,2.076031031438628e-06,0.001145958926440168,-1.048050874727097e-06
1,0.002501900000000284,0.02327342429779129,-0.000200702912523912,-12.0,-0.01193776852471063,12.0,-0.001149271062911553,1.173706561218673e-06,1.17370636051576e-06,2.327342429779129e-06,0.001145770247465432,-1.173706561218672e-06
1,0.0025021000000002842,0.02578650152903155,-0.0002007023421006851,-12.0,-0.01319430628469023,12.0,-0.001149459298966147,1.299360394258956e-06,1.299360193556612e-06,2.578650152903156e-06,0.001145581547181791,-1.299360394258954e-06
1,0.0025023000000002843,0.02829953803961577,-0.0002007014548245211,-12.0,-0.01445082320905922,12.0,-0.001149647507887374,1.425012175423472e-06,1.425011974722015e-06,2.829953803961577e-06,0.001145392825888315,-1.42501217542347e-06
1,0.0025025000000002844,0.03081252986112083,-0.000200700250696486,-12.0,-0.01570731731360766,12.0,-0.00114983568937922,1.550661706291117e-06,1.550661505590866e-06,3.081252986112084e-06,0.001145204083884216,-1.550661706291117e-06
1,0.0025027000000002846,0.03332547302518564,-0.0002006987297174471,-12.0,-0.01696378661415629,12.0,-0.001150023843145835,1.676308788443884e-06,1.676308587745154e-06,3.332547302518564e-06,0.001145015321468855,-1.676308788443884e-06
1,0.0025029000000002847,0.03583836356352899,-0.0002006968918912937,-12.0,-0.01822022912657036,12.0,-0.001150211968891518,1.801953223467906e-06,1.801953022771014e-06,3.583836356352899e-06,0.001144826538941735,-1.801953223467907e-06
1,0.002503100000000285,0.03835119750795894,-0.0002006947372203919,-12.0,-0.01947664286675742,12.0,-0.001150400066320729,1.927594812953703e-06,1.927594612258966e-06,3.835119750795894e-06,0.001144637736602506,-1.927594812953703e-06
1,0.002503300000000285,0.04086397089036344,-0.0002006922657071721,-12.0,-0.02073302585066513,12.0,-0.001150588135138084,2.053233358495798e-06,2.053233157803531e-06,4.086397089036344e-06,0.001144448914750959,-2.053233358495796e-06
1,0.002503500000000285,0.04337667974272959,-0.0002006894773569808,-12.0,-0.02198937609429504,12.0,-0.001150776175048355,2.178868661693807e-06,2.178868461004328e-06,4.337667974272959e-06,0.001144260073687031,-2.178868661693806e-06
1,0.002503700000000285,0.04588932009714747,-0.0002006863721729299,-12.0,-0.02324569161369685,12.0,-0.001150964185756478,2.30450052415239e-06,2.30450032346602e-06,4.588932009714747e-06,0.001144071213710798,-2.304500524152392e-06
1,0.0025039000000002852,0.04840188798582214,-0.0002006829501622689,-12.0,-0.02450197042498397,12.0,-0.00115115216696754,2.430128747482171e-06,2.43012854679922e-06,4.840188798582214e-06,0.001143882335122482,-2.430128747482171e-06
1,0.0025041000000002854,0.05091437944106104,-0.0002006792113261255,-12.0,-0.02575821054431182,12.0,-0.001151340118386792,2.555753133298569e-06,2.555752932619358e-06,5.091437944106104e-06,0.001143693438222446,-2.555753133298569e-06
1,0.0025043000000002855,0.05342679049528953,-0.0002006751556741446,-12.0,-0.02701440998790753,12.0,-0.001151528039719641,2.681373483223338e-06,2.681373282548184e-06,5.342679049528954e-06,0.001143504523311193,-2.681373483223339e-06
1,0.0025045000000002856,0.05593911718108229,-0.0002006707832125747,-12.0,-0.02827056677206784,12.0,-0.001151715930671658,2.806989598885527e-06,2.806989398214743e-06,5.593911718108229e-06,0.001143315590689367,-2.806989598885527e-06
1,0.0025047000000002857,0.05845135553112282,-0.0002006660939444654,-12.0,-0.02952667891313905,12.0,-0.00115190379094857,2.932601281919458e-06,2.932601081253365e-06,5.845135553112283e-06,0.001143126640657757,-2.932601281919459e-06
1,0.002504900000000286,0.06096350157824255,-0.0002006610878824006,-12.0,-0.03078274442755575,12.0,-0.00115209162025627,3.058208333967336e-06,3.058208133306248e-06,6.096350157824255e-06,0.001142937673517283,-3.058208333967335e-06
1,0.002505100000000286,0.06347555135543007,-0.0002006557650309111,-12.0,-0.03203876133181904,12.0,-0.001152279418300807,3.183810556678814e-06,3.183810356023049e-06,6.347555135543007e-06,0.001142748689569011,-3.183810556678814e-06
1,0.002505300000000286,0.06598750089580767,-0.0002006501253987748,-12.0,-0.03329472764250324,12.0,-0.001152467184788394,3.309407751710446e-06,3.309407551060322e-06,6.598750089580767e-06,0.001142559689114145,-3.309407751710447e-06
1,0.002505500000000286,0.06849934623266482,-0.0002006441689958588,-12.0,-0.03455064137626788,12.0,-0.001152654919425407,3.434999720727203e-06,3.434999520083034e-06,6.849934623266483e-06,0.001142370672454027,-3.434999720727203e-06
1,0.0025057000000002863,0.07101108339945948,-0.0002006378958312217,-12.0,-0.03580650054985553,12.0,-0.001152842621918385,3.560586265402431e-06,3.560586064764535e-06,7.101108339945948e-06,0.001142181639890135,-3.560586265402431e-06
1,0.0025059000000002864,0.07352270842981198,-0.000200631305913683,-12.0,-0.03706230318008958,12.0,-0.001153030291974028,3.686167187417592e-06,3.686166986786284e-06,7.352270842981199e-06,0.001141992591724087,-3.68616718741759e-06
1,0.0025061000000002865,0.07603421735752258,-0.0002006243992551601,-12.0,-0.03831804728388803,12.0,-0.001153217929299199,3.811742288463289e-06,3.811742087838888e-06,7.603421735752259e-06,0.001141803528257638,-3.811742288463288e-06
1,0.0025063000000002866,0.07854560621657883,-0.0002006171758655792,-12.0,-0.03957373087825955,12.0,-0.001153405533600929,3.937311370239398e-06,3.937311169622221e-06,7.854560621657883e-06,0.001141614449792675,-3.937311370239397e-06
1,0.0025065000000002867,0.0810568710411564,-0.0002006096357570417,-12.0,-0.04082935198031012,12.0,-0.001153593104586407,4.062874234455307e-06,4.062874033845672e-06,8.10568710411564e-06,0.001141425356631229,-4.062874234455308e-06
1,0.002506700000000287,0.08356800786562252,-0.0002006017789400183,-12.0,-0.04208490860723908,12.0,-0.001153780641962995,4.188430682829906e-06,4.188430482228127e-06,8.356800786562251e-06,0.001141236249075459,-4.188430682829906e-06
1,0.002506900000000287,0.08607901272454814,-0.0002005936054285187,-12.0,-0.04334039877635291,12.0,-0.001153968145438214,4.313980517092438e-06,4.313980316498834e-06,8.607901272454814e-06,0.001141047127427661,-4.313980517092439e-06
1,0.002507100000000287,0.08858988165271928,-0.0002005851152348248,-12.0,-0.04459582050506303,12.0,-0.001154155614719753,4.439523538982822e-06,4.439523338397705e-06,8.858988165271928e-06,0.001140857991990267,-4.439523538982821e-06
1,0.002507300000000287,0.09110061068512694,-0.0002005763083713884,-12.0,-0.04585117181088364,12.0,-0.001154343049515465,4.565059550251225e-06,4.565059349674917e-06,9.110061068512695e-06,0.001140668843065843,-4.565059550251225e-06
1,0.0025075000000002873,0.09361119585698423,-0.0002005671848531385,-12.0,-0.04710645071144367,12.0,-0.001154530449533374,4.690588352659051e-06,4.690588152091868e-06,9.361119585698424e-06,0.001140479680957086,-4.690588352659053e-06
1,0.0025077000000002874,0.09612163320374513,-0.0002005577446956494,-12.0,-0.04836165522449348,12.0,-0.001154717814481667,4.816109747979787e-06,4.816109547422039e-06,9.612163320374513e-06,0.001140290505966827,-4.816109747979784e-06
1,0.0025079000000002875,0.09863191876107821,-0.0002005479879094718,-12.0,-0.04961678336788319,12.0,-0.001154905144068701,4.941623537997372e-06,4.941623337449385e-06,9.863191876107822e-06,0.001140101318398034,-4.941623537997372e-06
1,0.0025081000000002876,0.1011420485648981,-0.0002005379145153599,-12.0,-0.05087183315960122,12.0,-0.001155092438002998,5.067129524508587e-06,5.067129323970671e-06,1.011420485648981e-05,0.001139912118553797,-5.067129524508586e-06
1,0.0025083000000002877,0.1036520186513752,-0.0002005275245253527,-12.0,-0.05212680261775087,12.0,-0.001155279695993253,5.192627509322552e-06,5.192627308795028e-06,1.036520186513752e-05,0.001139722906737349,-5.192627509322552e-06
1,0.002508500000000288,0.1061618250569217,-0.0002005168179578867,-12.0,-0.05338168976056584,12.0,-0.001155466917748324,5.318117294260794e-06,5.318117093743978e-06,1.061618250569217e-05,0.001139533683252042,-5.318117294260796e-06
1,0.002508700000000288,0.1086714638182091,-0.0002005057948280126,-12.0,-0.0546364926064045,12.0,-0.001155654102977243,5.443598681157648e-06,5.443598480651854e-06,1.086714638182091e-05,0.001139344448401369,-5.443598681157649e-06
1,0.002508900000000288,0.1111809309721735,-0.0002004944551548746,-12.0,-0.05589120917376365,12.0,-0.001155841251389208,5.569071471860878e-06,5.569071271366422e-06,1.111809309721735e-05,0.001139155202488949,-5.569071471860878e-06
1,0.002509100000000288,0.1136902225560297,-0.0002004827989556743,-12.0,-0.05714583748127634,12.0,-0.001156028362693593,5.694535468232067e-06,5.69453526774927e-06,1.136902225560297e-05,0.001138965945818525,-5.694535468232067e-06
1,0.0025093000000002883,0.1161993346072592,-0.0002004708262478561,-12.0,-0.05840037554770967,12.0,-0.001156215436599933,5.819990472146184e-06,5.819990271675356e-06,1.161993346072593e-05,0.001138776678693979,-5.819990472146182e-06
1,0.0025095000000002884,0.1187082631636312,-0.000200458537051737,-12.0,-0.05965482139197859,12.0,-0.001156402472817942,5.945436285492684e-06,5.945436085034147e-06,1.187082631636312e-05,0.001138587401419314,-5.945436285492685e-06
1,0.0025097000000002885,0.1212170042632101,-0.0002004459313861631,-12.0,-0.06090917303314362,12.0,-0.001156589471057503,6.070872710175748e-06,6.070872509729815e-06,1.212170042632101e-05,0.00113839811429866,-6.070872710175746e-06
1,0.0025099000000002886,0.1237255539443473,-0.0002004330092700082,-12.0,-0.06216342849040878,12.0,-0.001156776431028668,6.196299548113876e-06,6.196299347680868e-06,1.237255539443473e-05,0.001138208817636285,-6.196299548113877e-06
1,0.0025101000000002887,0.1262339082456997,-0.0002004197707251507,-12.0,-0.06341758578313528,12.0,-0.001156963352441667,6.321716601241013e-06,6.321716400821243e-06,1.262339082456997e-05,0.00113801951173657,-6.321716601241013e-06
1,0.002510300000000289,0.1287420632062387,-0.0002004062157718867,-12.0,-0.06467164293083931,12.0,-0.001157150235006898,6.447123671506743e-06,6.447123471100527e-06,1.287420632062387e-05,0.001137830196904028,-6.447123671506743e-06
1,0.002510500000000289,0.1312500148652411,-0.0002003923444306305,-12.0,-0.06592559795318996,12.0,-0.001157337078434933,6.572520560875934e-06,6.572520360483589e-06,1.312500148652411e-05,0.001137640873443301,-6.572520560875933e-06
1,0.002510700000000289,0.1337577592623085,-0.0002003781567246829,-12.0,-0.06717944887002282,12.0,-0.001157523882436516,6.697907071329816e-06,6.697906870951659e-06,1.337577592623085e-05,0.001137451541659157,-6.697907071329815e-06
1,0.002510900000000289,0.1362652924373704,-0.0002003636526751104,-12.0,-0.0684331937013344,12.0,-0.001157710646722572,6.823283004865926e-06,6.823282804502276e-06,1.362652924373704e-05,0.001137262201856476,-6.82328300486593e-06
1,0.0025111000000002893,0.1387726104306971,-0.0002003488323071359,-12.0,-0.06968683046729755,12.0,-0.001157897371004188,6.948648163499042e-06,6.948647963150211e-06,1.387726104306971e-05,0.00113707285434028,-6.948648163499041e-06
1,0.0025113000000002894,0.1412797092828839,-0.0002003336956394389,-12.0,-0.07094035718823809,12.0,-0.001158084054992639,7.074002349259867e-06,7.074002148926169e-06,1.412797092828839e-05,0.001136883499415706,-7.074002349259864e-06
1,0.0025115000000002895,0.1437865850348778,-0.0002003182427013292,-12.0,-0.0721937718846733,12.0,-0.001158270698399365,7.199345364197197e-06,7.199345163878955e-06,1.437865850348778e-05,0.00113669413738801,-7.199345364197197e-06
1,0.0025117000000002897,0.1462932337279901,-0.0002003024735136791,-12.0,-0.07344707257729027,12.0,-0.001158457300935986,7.324677010377661e-06,7.324676810075188e-06,1.462932337279901e-05,0.001136504768562578,-7.324677010377659e-06
1,0.0025119000000002898,0.1487996514038721,-0.0002002863881017947,-12.0,-0.07470025728695262,12.0,-0.0011586438623143,7.449997089885083e-06,7.449996889598695e-06,1.487996514038721e-05,0.001136315393244911,-7.449997089885083e-06
1,0.00251210000000029,0.151305834104549,-0.0002002699864920021,-12.0,-0.0759533240347124,12.0,-0.001158830382246277,7.575305404822043e-06,7.575305204552052e-06,1.51305834104549e-05,0.001136126011740647,-7.57530540482204e-06
1,0.00251230000000029,0.1538117778724212,-0.0002002532687097464,-12.0,-0.07720627084180795,12.0,-0.001159016860444065,7.700601757309818e-06,7.70060155705655e-06,1.538117778724212e-05,0.001135936624355525,-7.70060175730982e-06
1,0.00251250000000029,0.1563174787502574,-0.0002002362347804307,-12.0,-0.0784590957296617,12.0,-0.00115920329661999,7.82588594948813e-06,7.825885749251894e-06,1.563174787502574e-05,0.00113574723139542,-7.825885949488126e-06
1,0.0025127000000002902,0.1588229327812132,-0.0002002188847323033,-12.0,-0.0797117967198939,12.0,-0.001159389690486556,7.951157783516162e-06,7.951157583297276e-06,1.588229327812132e-05,0.001135557833166318,-7.951157783516159e-06
1,0.0025129000000002903,0.1613281360088376,-0.0002002012185918292,-12.0,-0.08096437183431872,12.0,-0.001159576041756445,8.076417061572693e-06,8.07641686137147e-06,1.613281360088376e-05,0.001135368429974325,-8.07641706157269e-06
1,0.0025131000000002904,0.1638330844770745,-0.0002001832363874786,-12.0,-0.08221681909495084,12.0,-0.001159762350142522,8.201663585856335e-06,8.201663385673098e-06,1.638330844770745e-05,0.001135179022125669,-8.201663585856337e-06
1,0.0025133000000002906,0.1663377742302654,-0.0002001649381462856,-12.0,-0.08346913652400152,12.0,-0.001159948615357819,8.326897158585528e-06,8.326896958420587e-06,1.663377742302654e-05,0.001134989609926702,-8.326897158585523e-06
1,0.0025135000000002907,0.1688422013131626,-0.0002001463238985937,-12.0,-0.08472132214389241,12.0,-0.001160134837115558,8.452117581999382e-06,8.452117381853059e-06,1.688422013131626e-05,0.001134800193683888,-8.452117581999384e-06
1,0.002513700000000291,0.171346361770939,-0.0002001273936731995,-12.0,-0.08597337397725326,12.0,-0.001160321015129135,8.577324658358004e-06,8.577324458230612e-06,1.71346361770939e-05,0.001134610773703802,-8.577324658358006e-06
1,0.002513900000000291,0.1738502516491794,-0.0002001081474990313,-12.0,-0.08722529004691976,12.0,-0.001160507149112124,8.702518189942074e-06,8.702517989833925e-06,1.738502516491794e-05,0.001134421350293154,-8.702518189942073e-06
1,0.002514100000000291,0.176353866993897,-0.0002000885854074735,-12.0,-0.08847706837594559,12.0,-0.001160693238778295,8.827697979053812e-06,8.827697778965224e-06,1.76353866993897e-05,0.001134231923758743,-8.827697979053812e-06
1,0.002514300000000291,0.1788572038515525,-0.0002000687074303967,-12.0,-0.08972870698760894,12.0,-0.001160879283841579,8.952863828017855e-06,8.952863627949147e-06,1.788572038515525e-05,0.001134042494407511,-8.952863828017855e-06
1,0.0025145000000002912,0.1813602582690267,-0.000200048513595015,-12.0,-0.09098020390539102,12.0,-0.001161065284016102,9.078015539179603e-06,9.078015339131089e-06,1.813602582690268e-05,0.001133853062546503,-9.078015539179601e-06
1,0.0025147000000002914,0.1838630262936537,-0.0002000280039383615,-12.0,-0.09223155715301444,12.0,-0.001161251239016163,9.203152914907605e-06,9.203152714879604e-06,1.838630262936537e-05,0.001133663628482882,-9.203152914907609e-06
1,0.0025149000000002915,0.1863655039732338,-0.0002000071784897806,-12.0,-0.09348276475442337,12.0,-0.001161437148556247,9.32827575759336e-06,9.328275557586178e-06,1.863655039732338e-05,0.001133474192523914,-9.32827575759336e-06
1,0.0025151000000002916,0.1888676873559996,-0.0001999860372808304,-12.0,-0.09473382473378139,12.0,-0.001161623012351025,9.453383869650059e-06,9.453383669664021e-06,1.888676873559996e-05,0.001133284754976999,-9.453383869650057e-06
1,0.0025153000000002917,0.1913695724906647,-0.0001999645803486411,-12.0,-0.09598473511550111,12.0,-0.001161808830115345,9.578477053515245e-06,9.578476853550668e-06,1.913695724906647e-05,0.001133095316149633,-9.578477053515247e-06
1,0.002515500000000292,0.1938711554264175,-0.0001999428077237853,-12.0,-0.09723549392422251,12.0,-0.001161994601564239,9.703555111649873e-06,9.703554911707066e-06,1.938711554264175e-05,0.001132905876349437,-9.703555111649873e-06
1,0.002515700000000292,0.1963724322129151,-0.0001999207194424979,-12.0,-0.09848609918482848,12.0,-0.001162180326412927,9.8286178465386e-06,9.82861764661788e-06,1.963724322129151e-05,0.00113271643588413,-9.8286178465386e-06
1,0.002515900000000292,0.1988733989002987,-0.000199898315537711,-12.0,-0.09973654892243906,12.0,-0.001162366004376809,9.953665060690136e-06,9.953664860791821e-06,1.988733989002987e-05,0.001132526995061557,-9.953665060690136e-06
1,0.002516100000000292,0.2013740515391991,-0.0001998755960464921,-12.0,-0.1009868411624252,12.0,-0.00116255163517147,1.007869655663787e-05,1.007869635676228e-05,2.013740515391991e-05,0.001132337554189667,-1.007869655663788e-05
1,0.0025163000000002923,0.2038743861807498,-0.000199852561004063,-12.0,-0.1022369739304066,12.0,-0.001162737218512686,1.020371213694026e-05,1.020371193708769e-05,2.038743861807498e-05,0.001132148113576517,-1.020371213694026e-05
1,0.0025165000000002924,0.2063743988765775,-0.0001998292104457428,-12.0,-0.1034869452522495,12.0,-0.00116292275411641,1.032871160418037e-05,1.032871140435116e-05,2.063743988765775e-05,0.001131958673530281,-1.032871160418037e-05
1,0.0025167000000002925,0.20887408567882,-0.0001998055444098062,-12.0,-0.1047367531540801,12.0,-0.001163108241698782,1.045369476096704e-05,1.045369456116149e-05,2.0887408567882e-05,0.001131769234359238,-1.045369476096703e-05
1,0.0025169000000002926,0.211373442640136,-0.000199781562932988,-12.0,-0.1059863956622832,12.0,-0.001163293680976134,1.057866140993501e-05,1.057866121015345e-05,2.113734426401361e-05,0.001131579796371778,-1.057866140993502e-05
1,0.0025171000000002927,0.2138724658136961,-0.0001997572660521196,-12.0,-0.1072358708034989,12.0,-0.001163479071664978,1.070361135374468e-05,1.070361115398741e-05,2.138724658136961e-05,0.001131390359876396,-1.070361135374468e-05
1,0.002517300000000293,0.2163711512531983,-0.0001997326538066002,-12.0,-0.1084851766046356,12.0,-0.001163664413482019,1.08285443950829e-05,1.082854419535025e-05,2.163711512531983e-05,0.001131200925181696,-1.08285443950829e-05
1,0.002517500000000293,0.2188694950128836,-0.0001997077262355512,-12.0,-0.1097343110928723,12.0,-0.001163849706144139,1.095346033666368e-05,1.095346013695596e-05,2.188694950128835e-05,0.001131011492596394,-1.095346033666368e-05
1,0.002517700000000293,0.2213674931475312,-0.0001996824833777472,-12.0,-0.1109832722956571,12.0,-0.001164034949368427,1.107835898122793e-05,1.107835878154545e-05,2.213674931475312e-05,0.001130822062429298,-1.107835898122793e-05
1,0.002517900000000293,0.2238651417124504,-0.0001996569252708386,-12.0,-0.1122320582407007,12.0,-0.001164220142872137,1.120324013154299e-05,1.120323993188606e-05,2.238651417124504e-05,0.001130632634989352,-1.120324013154299e-05
1,0.0025181000000002933,0.2263624367635152,-0.0001996310519592343,-12.0,-0.1134806669560069,12.0,-0.001164405286372723,1.132810359040477e-05,1.132810339077372e-05,2.263624367635152e-05,0.001130443210585573,-1.132810359040477e-05
1,0.0025183000000002934,0.2288593743571648,-0.0001996048634807096,-12.0,-0.1147290964698521,12.0,-0.001164590379587832,1.145294916063714e-05,1.145294896103228e-05,2.288593743571648e-05,0.001130253789527099,-1.145294916063714e-05
1,0.0025185000000002935,0.2313559505503863,-0.0001995783598768563,-12.0,-0.1159773448107921,12.0,-0.001164775422235292,1.157777664509152e-05,1.157777644551316e-05,2.313559505503863e-05,0.001130064372123169,-1.157777664509152e-05
1,0.0025187000000002936,0.2338521614007459,-0.0001995515411904597,-12.0,-0.1172254100076741,12.0,-0.001164960414033125,1.170258584664836e-05,1.170258564709682e-05,2.338521614007459e-05,0.001129874958683131,-1.170258584664836e-05
1,0.0025189000000002937,0.236348002966391,-0.0001995244074633473,-12.0,-0.1184732900896346,12.0,-0.00116514535469954,1.182737656821713e-05,1.182737636869272e-05,2.36348002966391e-05,0.001129685549516438,-1.182737656821713e-05
1,0.002519100000000294,0.2388434713060433,-0.0001994969587372775,-12.0,-0.1197209830860971,12.0,-0.00116533024395294,1.195214861273598e-05,1.195214841323903e-05,2.388434713060433e-05,0.001129496144932627,-1.195214861273599e-05
1,0.002519300000000294,0.2413385624790169,-0.0001994691950570199,-12.0,-0.1209684870267859,12.0,-0.001165515081511916,1.207690178317289e-05,1.207690158370369e-05,2.413385624790169e-05,0.00112930674524136,-1.207690178317289e-05
1,0.002519500000000294,0.2438332725452277,-0.0001994411164657484,-12.0,-0.1222157999417236,12.0,-0.001165699867095254,1.220163588252579e-05,1.220163568308467e-05,2.438332725452277e-05,0.001129117350752386,-1.220163588252579e-05
1,0.002519700000000294,0.2463275975651843,-0.0001994127230067338,-12.0,-0.1234629198612295,12.0,-0.001165884600421921,1.232635071382228e-05,1.232635051440955e-05,2.463275975651843e-05,0.001128927961775572,-1.232635071382228e-05
1,0.0025199000000002943,0.2488215336000063,-0.0001993840147262171,-12.0,-0.1247098448159327,12.0,-0.001166069281211093,1.245104608012065e-05,1.245104588073663e-05,2.488215336000064e-05,0.001128738578620865,-1.245104608012065e-05
1,0.0025201000000002944,0.251315076711429,-0.0001993549916681631,-12.0,-0.1259565728367667,12.0,-0.001166253909182124,1.257572178450985e-05,1.257572158515486e-05,2.51315076711429e-05,0.001128549201598324,-1.257572178450985e-05
1,0.0025203000000002945,0.2538082229618148,-0.0001993256538806165,-12.0,-0.1272031019549848,12.0,-0.001166438484054563,1.270037763011042e-05,1.270037743078477e-05,2.538082229618148e-05,0.001128359831018109,-1.270037763011042e-05
1,0.0025205000000002946,0.2563009684141408,-0.0001992960014055301,-12.0,-0.1284494302021387,12.0,-0.001166623005548161,1.282501342007332e-05,1.282501322077732e-05,2.563009684141408e-05,0.001128170467190472,-1.282501342007332e-05
1,0.0025207000000002948,0.2587933091320145,-0.0001992660342933911,-12.0,-0.1296955556101077,12.0,-0.001166807473382854,1.294962895758143e-05,1.29496287583154e-05,2.587933091320145e-05,0.001127981110425759,-1.294962895758143e-05
1,0.002520900000000295,0.2612852411797044,-0.0001992357525913008,-12.0,-0.1309414762110966,12.0,-0.001166991887278772,1.307422404585054e-05,1.307422384661478e-05,2.612852411797044e-05,0.001127791761034436,-1.307422404585054e-05
1,0.002521100000000295,0.2637767606221002,-0.0001992051563431269,-12.0,-0.1321871900376164,12.0,-0.001167176246956237,1.319879848812732e-05,1.319879828892217e-05,2.637767606221002e-05,0.001127602419327051,-1.319879848812732e-05
1,0.002521300000000295,0.2662678635247518,-0.0001991742456022294,-12.0,-0.1334326951225217,12.0,-0.001167360552135777,1.332335208769195e-05,1.33233518885177e-05,2.662678635247518e-05,0.001127413085614237,-1.332335208769195e-05
1,0.002521500000000295,0.2687585459538802,-0.0001991430204143635,-12.0,-0.1346779894989918,12.0,-0.001167544802538103,1.344788464785775e-05,1.344788444871473e-05,2.687585459538802e-05,0.00112722376020675,-1.344788464785775e-05
1,0.0025217000000002953,0.2712488039763443,-0.0001991114808275324,-12.0,-0.1359230712005283,12.0,-0.001167728997884131,1.357239597197007e-05,1.357239577285859e-05,2.712488039763443e-05,0.001127034443415414,-1.357239597197008e-05
1,0.0025219000000002954,0.2737386336596899,-0.0001990796268951794,-12.0,-0.137167938260984,12.0,-0.001167913137894957,1.369688586340888e-05,1.369688566432926e-05,2.7373863365969e-05,0.001126845135551179,-1.369688586340888e-05
1,0.0025221000000002955,0.2762280310721426,-0.0001990474586642949,-12.0,-0.1384125887145423,12.0,-0.001168097222291895,1.38213541255878e-05,1.382135392654034e-05,2.762280310721426e-05,0.001126655836925054,-1.38213541255878e-05
1,0.0025223000000002957,0.2787169922826021,-0.0001990149761874199,-12.0,-0.139657020595732,12.0,-0.001168281250796429,1.394580056195446e-05,1.394580036293948e-05,2.787169922826021e-05,0.001126466547848176,-1.394580056195445e-05
1,0.0025225000000002958,0.2812055133606577,-0.0001989821795140012,-12.0,-0.1409012319394217,12.0,-0.001168465223130265,1.407022497599077e-05,1.407022477700859e-05,2.812055133606578e-05,0.001126277268631754,-1.407022497599077e-05
1,0.002522700000000296,0.2836935903765938,-0.0001989490686973572,-12.0,-0.1421452207808336,12.0,-0.001168649139015295,1.419462717121363e-05,1.419462697226456e-05,2.836935903765938e-05,0.001126087999587091,-1.419462717121363e-05
1,0.002522900000000296,0.2861812194014025,-0.0001989156437891687,-12.0,-0.1433889851555414,12.0,-0.001168832998173608,1.431900695117523e-05,1.431900675225958e-05,2.861812194014025e-05,0.001125898741025593,-1.431900695117523e-05
1,0.002523100000000296,0.2886683965067744,-0.0001988819048410473,-12.0,-0.1446325230994679,12.0,-0.00116901680032749,1.444336411946268e-05,1.444336392058078e-05,2.886683965067745e-05,0.001125709493258751,-1.444336411946268e-05
1,0.0025233000000002962,0.2911551177651168,-0.000198847851907713,-12.0,-0.1458758326488985,12.0,-0.001169200545199433,1.456769847969908e-05,1.456769828085122e-05,2.911551177651168e-05,0.001125520256598138,-1.456769847969908e-05
1,0.0025235000000002963,0.2936413792495629,-0.0001988134850422069,-12.0,-0.1471189118404796,12.0,-0.001169384232512111,1.469200983554374e-05,1.469200963673025e-05,2.936413792495629e-05,0.001125331031355441,-1.469200983554374e-05
1,0.0025237000000002965,0.2961271770339624,-0.0001987788042978333,-12.0,-0.148361758711216,12.0,-0.001169567861988416,1.481629799069181e-05,1.481629779191301e-05,2.961271770339624e-05,0.001125141817842415,-1.481629799069181e-05
1,0.0025239000000002966,0.2986125071928986,-0.0001987438097302008,-12.0,-0.1496043712984827,12.0,-0.001169751433351423,1.494056274887525e-05,1.494056255013144e-05,2.986125071928986e-05,0.001124952616370918,-1.494056274887525e-05
1,0.0025241000000002967,0.3010973658017068,-0.0001987085013957363,-12.0,-0.150846747640032,12.0,-0.001169934946324424,1.506480391386363e-05,1.506480371515513e-05,3.010973658017068e-05,0.00112476342725289,-1.506480391386363e-05
1,0.002524300000000297,0.3035817489364507,-0.0001986728793460374,-12.0,-0.1520888857739732,12.0,-0.001170118400630896,1.518902128946272e-05,1.518902109078984e-05,3.035817489364507e-05,0.001124574250800354,-1.518902128946272e-05
1,0.002524500000000297,0.3060656526739431,-0.0001986369436410146,-12.0,-0.1533307837388025,12.0,-0.001170301795994526,1.531321467951615e-05,1.531321448087921e-05,3.060656526739431e-05,0.00112438508732543,-1.531321467951615e-05
1,0.002524700000000297,0.3085490730917709,-0.00019860069433629,-12.0,-0.1545724395733968,12.0,-0.001170485132139187,1.543738388790606e-05,1.543738368930536e-05,3.08549073091771e-05,0.001124195937140336,-1.543738388790605e-05
1,0.002524900000000297,0.3110320062682763,-0.0001985641314885822,-12.0,-0.1558138513170123,12.0,-0.001170668408788975,1.556152871855237e-05,1.556152851998824e-05,3.110320062682763e-05,0.001124006800557345,-1.556152871855237e-05
1,0.0025251000000002972,0.313514448282564,-0.0001985272551548317,-12.0,-0.1570550170092868,12.0,-0.001170851625668171,1.568564897541319e-05,1.568564877688594e-05,3.13514448282564e-05,0.001123817677888841,-1.56856489754132e-05
1,0.0025253000000002974,0.3159963952145186,-0.0001984900653946436,-12.0,-0.1582959346902519,12.0,-0.001171034782501263,1.580974446248573e-05,1.580974426399566e-05,3.159963952145186e-05,0.001123628569447293,-1.580974446248573e-05
1,0.0025255000000002975,0.3184778431448132,-0.0001984525622659716,-12.0,-0.1595366024003312,12.0,-0.001171217879012932,1.593381498380652e-05,1.593381478535396e-05,3.184778431448132e-05,0.001123439475545242,-1.593381498380652e-05
1,0.0025257000000002976,0.3209587881548986,-0.0001984147458269914,-12.0,-0.1607770181803373,12.0,-0.001171400914928089,1.605786034345103e-05,1.605786014503628e-05,3.209587881548987e-05,0.001123250396495315,-1.605786034345103e-05
1,0.0025259000000002977,0.3234392263270239,-0.0001983766161387374,-12.0,-0.1620171800714862,12.0,-0.001171583889971822,1.618188034553475e-05,1.618188014715813e-05,3.234392263270239e-05,0.001123061332610236,-1.618188034553475e-05
1,0.002526100000000298,0.3259191537442439,-0.0001983381732607731,-12.0,-0.1632570861153948,12.0,-0.00117176680386942,1.63058747942134e-05,1.630587459587523e-05,3.259191537442439e-05,0.001122872284202804,-1.63058747942134e-05
1,0.002526300000000298,0.3283985664904108,-0.0001982994172527314,-12.0,-0.1644967343540787,12.0,-0.001171949656346396,1.642984349368259e-05,1.642984329538318e-05,3.283985664904108e-05,0.001122683251585887,-1.64298434936826e-05
1,0.002526500000000298,0.3308774606501931,-0.0001982603481771594,-12.0,-0.1657361228299658,12.0,-0.001172132447128445,1.655378624817887e-05,1.655378604991852e-05,3.308774606501932e-05,0.00112249423507247,-1.655378624817886e-05
1,0.002526700000000298,0.3333558323090842,-0.0001982209660950224,-12.0,-0.1669752495858943,12.0,-0.001172315175941491,1.667770286197993e-05,1.667770266375896e-05,3.333558323090843e-05,0.001122305234975578,-1.667770286197993e-05
1,0.0025269000000002983,0.3358336775533932,-0.0001981812710674796,-12.0,-0.1682141126651105,12.0,-0.001172497842511638,1.68015931394043e-05,1.680159294122303e-05,3.358336775533932e-05,0.001122116251608345,-1.68015931394043e-05
1,0.0025271000000002984,0.3383109924702636,-0.00019814126315848,-12.0,-0.1694527101112822,12.0,-0.001172680446565197,1.692545688481237e-05,1.692545668667111e-05,3.383109924702636e-05,0.001121927285283982,-1.692545688481237e-05
1,0.0025273000000002985,0.3407877731476778,-0.000198100942429863,-12.0,-0.1706910399684931,12.0,-0.001172862987828715,1.704929390260632e-05,1.704929370450538e-05,3.407877731476778e-05,0.001121738336315754,-1.704929390260633e-05
1,0.0025275000000002986,0.3432640156744685,-0.0001980603089474509,-12.0,-0.1719291002812585,12.0,-0.001173045466028904,1.71731039972311e-05,1.71731037991708e-05,3.432640156744685e-05,0.001121549405017047,-1.71731039972311e-05
1,0.0025277000000002987,0.3457397161403039,-0.0001980193627706961,-12.0,-0.1731668890945016,12.0,-0.001173227880892715,1.729688697317309e-05,1.729688677515373e-05,3.457397161403039e-05,0.001121360491701286,-1.729688697317309e-05
1,0.002527900000000299,0.3482148706357136,-0.0001979781039693762,-12.0,-0.1744044044535919,12.0,-0.001173410232147277,1.742064263496225e-05,1.742064243698415e-05,3.482148706357136e-05,0.001121171596682,-1.742064263496226e-05
1,0.002528100000000299,0.3506894752521035,-0.0001979365326056498,-12.0,-0.1756416444043255,12.0,-0.001173592519519949,1.754437078717199e-05,1.754437058923546e-05,3.506894752521035e-05,0.001120982720272789,-1.754437078717199e-05
1,0.002528300000000299,0.3531635260817219,-0.0001978946487436878,-12.0,-0.176878606992923,12.0,-0.001173774742738273,1.766807123441793e-05,1.766807103652328e-05,3.531635260817219e-05,0.001120793862787319,-1.766807123441793e-05
1,0.002528500000000299,0.3556370192177077,-0.0001978524524533648,-12.0,-0.1781152902660584,12.0,-0.001173956901530025,1.779174378136051e-05,1.779174358350805e-05,3.556370192177077e-05,0.001120605024539353,-1.77917437813605e-05
1,0.0025287000000002993,0.3581099507540865,-0.0001978099437982689,-12.0,-0.1793516922708401,12.0,-0.001174138995623169,1.791538823270419e-05,1.791538803489424e-05,3.581099507540865e-05,0.001120416205842707,-1.791538823270419e-05
1,0.0025289000000002994,0.360582316785755,-0.000197767122845624,-12.0,-0.1805878110548172,12.0,-0.001174321024745902,1.803900439319716e-05,1.803900419543004e-05,3.605823167857551e-05,0.00112022740701127,-1.803900439319716e-05
1,0.0025291000000002995,0.3630541134085103,-0.0001977239896639449,-12.0,-0.181823644665991,12.0,-0.001174502988626581,1.816259206763271e-05,1.816259186990872e-05,3.630541134085103e-05,0.001120038628359049,-1.816259206763271e-05
1,0.0025293000000002996,0.3655253367190509,-0.0001976805443204832,-12.0,-0.1830591911528116,12.0,-0.001174684886993835,1.828615106084911e-05,1.828615086316857e-05,3.655253367190509e-05,0.001119849870200057,-1.828615106084912e-05
1,0.0025295000000002997,0.36799598281498,-0.000197636786884281,-12.0,-0.1842944485641843,12.0,-0.001174866719576426,1.840968117773e-05,1.840968098009321e-05,3.6799598281498e-05,0.001119661132848452,-1.840968117773e-05
1,0.0025297000000003,0.3704660477948074,-0.0001975927174229647,-12.0,-0.1855294149494653,12.0,-0.001175048486103412,1.853318222320424e-05,1.853318202561152e-05,3.704660477948074e-05,0.001119472416618396,-1.853318222320424e-05
1,0.0025299000000003,0.3729355277579628,-0.0001975483360075608,-12.0,-0.1867640883584761,12.0,-0.001175230186303992,1.865665400224686e-05,1.865665380469852e-05,3.729355277579628e-05,0.001119283721824172,-1.865665400224686e-05
1,0.0025301000000003,0.375404418804806,-0.0001975036427073751,-12.0,-0.1879984668415005,12.0,-0.001175411819907605,1.878009631987931e-05,1.878009612237567e-05,3.75404418804806e-05,0.001119095048780112,-1.878009631987931e-05
1,0.0025303000000003,0.3778727170366172,-0.0001974586375919907,-12.0,-0.1892325484492829,12.0,-0.001175593386643897,1.890350898116909e-05,1.890350878371046e-05,3.778727170366172e-05,0.001118906397800636,-1.890350898116909e-05
1,0.0025305000000003003,0.3803404185556138,-0.0001974133207332529,-12.0,-0.19046633123304,12.0,-0.001175774886242712,1.902689179123067e-05,1.902689159381735e-05,3.803404185556138e-05,0.001118717769200209,-1.902689179123068e-05
1,0.0025307000000003004,0.3828075194649692,-0.0001973676922038536,-12.0,-0.1916998132444673,12.0,-0.001175956318434136,1.915024455522635e-05,1.915024435785866e-05,3.828075194649692e-05,0.001118529163293382,-1.915024455522635e-05
1,0.0025309000000003005,0.3852740158687888,-0.0001973217520718773,-12.0,-0.1929329925357197,12.0,-0.001176137682948428,1.927356707836479e-05,1.927356688104304e-05,3.852740158687889e-05,0.001118340580394783,-1.927356707836479e-05
1,0.0025311000000003006,0.3877399038721316,-0.0001972755004131521,-12.0,-0.1941658671594406,12.0,-0.001176318979516078,1.939685916590274e-05,1.939685896862724e-05,3.877399038721316e-05,0.001118152020819087,-1.939685916590274e-05
1,0.0025313000000003008,0.3902051795810384,-0.0001972289373005642,-12.0,-0.1953984351687594,12.0,-0.0011765002078678,1.952012062314588e-05,1.952012042591695e-05,3.902051795810384e-05,0.001117963484881041,-1.952012062314588e-05
1,0.002531500000000301,0.3926698391024931,-0.0001971820628037246,-12.0,-0.1966306946172727,12.0,-0.001176681367734494,1.96433512554469e-05,1.964335105826484e-05,3.926698391024931e-05,0.001117774972895485,-1.96433512554469e-05
1,0.002531700000000301,0.395133878544461,-0.0001971348770015424,-12.0,-0.1978626435590816,12.0,-0.001176862458847277,1.976655086820801e-05,1.976655067107313e-05,3.95133878544461e-05,0.001117586485177298,-1.976655086820801e-05
1,0.002531900000000301,0.3975972940158958,-0.0001970873799646555,-12.0,-0.1990942800487688,12.0,-0.001177043480937511,1.988971926688041e-05,1.988971906979303e-05,3.975972940158959e-05,0.001117398022041419,-1.988971926688041e-05
1,0.002532100000000301,0.4000600816267263,-0.0001970395717699469,-12.0,-0.2003256021414138,12.0,-0.001177224433736725,2.001285625696439e-05,2.001285605992482e-05,4.000600816267263e-05,0.001117209583802892,-2.001285625696439e-05
1,0.0025323000000003013,0.4025222374878731,-0.0001969914524910243,-12.0,-0.2015566078925876,12.0,-0.001177405316976694,2.013596164400966e-05,2.013596144701821e-05,4.025222374878731e-05,0.001117021170776777,-2.013596164400966e-05
1,0.0025325000000003014,0.4049837577112551,-0.0001969430222054092,-12.0,-0.2027872953583659,12.0,-0.001177586130389395,2.025903523361605e-05,2.025903503667302e-05,4.049837577112551e-05,0.001116832783278236,-2.025903523361605e-05
1,0.0025327000000003016,0.4074446384098018,-0.0001968942809886798,-12.0,-0.2040176625953267,12.0,-0.001177766873707024,2.03820768314338e-05,2.038207663453952e-05,4.074446384098018e-05,0.001116644421622473,-2.038207683143381e-05
1,0.0025329000000003017,0.4099048756974426,-0.0001968452289168865,-12.0,-0.2052477076605489,12.0,-0.001177947546661978,2.05050862431632e-05,2.050508604631797e-05,4.099048756974425e-05,0.001116456086124772,-2.050508624316321e-05
1,0.0025331000000003018,0.412364465689127,-0.0001967958660686886,-12.0,-0.2064774286116252,12.0,-0.001178128148986889,2.062806327455566e-05,2.062806307775978e-05,4.12364465689127e-05,0.001116267777100451,-2.062806327455565e-05
1,0.002533300000000302,0.4148234045008324,-0.0001967461925212466,-12.0,-0.20770682350666,12.0,-0.001178308680414582,2.075100773141387e-05,2.075100753466768e-05,4.148234045008324e-05,0.001116079494864929,-2.075100773141387e-05
1,0.002533500000000302,0.4172816882495546,-0.000196696208352054,-12.0,-0.2089358904042675,12.0,-0.001178489140678123,2.087391941959154e-05,2.087391922289534e-05,4.172816882495546e-05,0.00111589123973365,-2.087391941959154e-05
1,0.002533700000000302,0.419739313053328,-0.000196645913641269,-12.0,-0.210164627363585,12.0,-0.001178669529510783,2.099679814499438e-05,2.099679794834847e-05,4.197393130533281e-05,0.001115703012022139,-2.099679814499438e-05
1,0.0025339000000003022,0.4221962750312283,-0.0001965953084668848,-12.0,-0.2113930324442675,12.0,-0.001178849846646016,2.111964371358007e-05,2.111964351698476e-05,4.221962750312283e-05,0.001115514812045984,-2.111964371358007e-05
1,0.0025341000000003023,0.4246525703033848,-0.000196544392910919,-12.0,-0.2126211037065027,12.0,-0.001179030091817551,2.124245593135918e-05,2.124245573481479e-05,4.246525703033848e-05,0.001115326640120817,-2.124245593135918e-05
1,0.0025343000000003025,0.4271081949909652,-0.0001964931670490333,-12.0,-0.2138488392109878,12.0,-0.001179210264759312,2.136523460439388e-05,2.136523440790071e-05,4.271081949909652e-05,0.001115138496562321,-2.136523460439388e-05
1,0.0025345000000003026,0.4295631452162014,-0.0001964416309672978,-12.0,-0.215076237018968,12.0,-0.001179390365205406,2.148797953880007e-05,2.148797934235844e-05,4.295631452162015e-05,0.001114950381686276,-2.148797953880007e-05
1,0.0025347000000003027,0.432017417102405,-0.0001963897847439,-12.0,-0.2163032951922162,12.0,-0.001179570392890201,2.161069054074723e-05,2.161069034435745e-05,4.32017417102405e-05,0.001114762295808487,-2.161069054074723e-05
1,0.002534900000000303,0.4344710067739326,-0.0001963376284593588,-12.0,-0.2175300117930316,12.0,-0.001179750347548251,2.173336741645722e-05,2.17333672201196e-05,4.344710067739326e-05,0.001114574239244829,-2.173336741645722e-05
1,0.002535100000000303,0.4369239103562338,-0.0001962851621996331,-12.0,-0.218756384884268,12.0,-0.001179930228914359,2.185600997220684e-05,2.185600977592167e-05,4.369239103562338e-05,0.001114386212311219,-2.185600997220683e-05
1,0.002535300000000303,0.4393761239758484,-0.0001962323860446313,-12.0,-0.2199824125293149,12.0,-0.001180110036723529,2.197861801432703e-05,2.197861781809465e-05,4.393761239758483e-05,0.001114198215323638,-2.197861801432703e-05
1,0.002535500000000303,0.441827643760389,-0.0001961793000776202,-12.0,-0.2212080927921039,12.0,-0.001180289770710975,2.210119134920263e-05,2.210119115302333e-05,4.41827643760389e-05,0.001114010248598134,-2.210119134920263e-05
1,0.0025357000000003032,0.4442784658385723,-0.0001961259043834485,-12.0,-0.2224334237371203,12.0,-0.001180469430612147,2.222372978327369e-05,2.222372958714779e-05,4.442784658385724e-05,0.001113822312450784,-2.222372978327369e-05
1,0.0025359000000003034,0.446728586340221,-0.0001960721990457159,-12.0,-0.223658403429401,12.0,-0.001180649016162699,2.234623312303553e-05,2.234623292696334e-05,4.46728586340221e-05,0.00111363440719775,-2.234623312303553e-05
1,0.0025361000000003035,0.4491780013962568,-0.0001960181841481334,-12.0,-0.2248830299345324,12.0,-0.001180828527098519,2.246870117503843e-05,2.246870097902025e-05,4.491780013962568e-05,0.001113446533155222,-2.246870117503843e-05
1,0.0025363000000003036,0.4516267071387187,-0.0001959638597772706,-12.0,-0.2261073013186638,12.0,-0.001181007963155695,2.259113374588866e-05,2.25911335499248e-05,4.516267071387187e-05,0.001113258690639451,-2.259113374588866e-05
1,0.0025365000000003037,0.4540746997007692,-0.0001959092260178374,-12.0,-0.2273312156485036,12.0,-0.001181187324070569,2.271353064224858e-05,2.271353044633935e-05,4.540746997007693e-05,0.001113070879966739,-2.271353064224858e-05
1,0.002536700000000304,0.4565219752166961,-0.0001958542829566257,-12.0,-0.2285547709913258,12.0,-0.001181366609579668,2.283589167083692e-05,2.283589147498264e-05,4.565219752166962e-05,0.001112883101453448,-2.283589167083692e-05
1,0.002536900000000304,0.4589685298219149,-0.0001957990306787616,-12.0,-0.2297779654149659,12.0,-0.001181545819419743,2.295821663842872e-05,2.295821644262968e-05,4.589685298219149e-05,0.001112695355415982,-2.295821663842872e-05
1,0.002537100000000304,0.4614143596529786,-0.0001957434692726745,-12.0,-0.231000796987833,12.0,-0.00118172495332779,2.308050535185604e-05,2.308050515611256e-05,4.614143596529786e-05,0.001112507642170798,-2.308050535185604e-05
1,0.002537300000000304,0.4638594608475995,-0.0001956875988269047,-12.0,-0.2322232637789161,12.0,-0.001181904011041013,2.320275761800893e-05,2.320275742232132e-05,4.638594608475996e-05,0.001112319962034383,-2.320275761800893e-05
1,0.0025375000000003043,0.4663038295446241,-0.000195631419425607,-12.0,-0.2334453638577647,12.0,-0.001182082992296832,2.33249732438339e-05,2.332497304820249e-05,4.663038295446241e-05,0.001112132315323307,-2.33249732438339e-05
1,0.0025377000000003044,0.4687474618840533,-0.0001955749311610411,-12.0,-0.2346670952945175,12.0,-0.001182261896832893,2.344715203633564e-05,2.344715184076072e-05,4.687474618840533e-05,0.001111944702354178,-2.344715203633564e-05
1,0.0025379000000003045,0.4711903540070729,-0.0001955181341220247,-12.0,-0.2358884561599008,12.0,-0.001182440724387075,2.356929380257787e-05,2.356929360705974e-05,4.711903540070729e-05,0.001111757123443625,-2.356929380257788e-05
1,0.0025381000000003046,0.4736325020560136,-0.0001954610283943781,-12.0,-0.2371094445252087,12.0,-0.001182619474697451,2.369139834968143e-05,2.36913981542204e-05,4.736325020560137e-05,0.001111569578908365,-2.369139834968143e-05
1,0.0025383000000003047,0.4760739021743901,-0.0001954036140731363,-12.0,-0.2383300584623409,12.0,-0.001182798147502346,2.381346548482677e-05,2.381346528942316e-05,4.760739021743901e-05,0.00111138206906513,-2.381346548482678e-05
1,0.002538500000000305,0.4785145505069062,-0.0001953458912450912,-12.0,-0.2395502960437796,12.0,-0.001182976742540292,2.393549501525345e-05,2.393549481990756e-05,4.785145505069062e-05,0.001111194594230709,-2.393549501525345e-05
1,0.002538700000000305,0.4809544431994429,-0.000195287860003196,-12.0,-0.2407701553426048,12.0,-0.00118315525955005,2.405748674826016e-05,2.40574865529723e-05,4.809544431994429e-05,0.001111007154721944,-2.405748674826016e-05
1,0.002538900000000305,0.4833935763990757,-0.0001952295204371568,-12.0,-0.2419896344324887,12.0,-0.001183333698270613,2.417944049120516e-05,2.417944029597564e-05,4.833935763990757e-05,0.001110819750855693,-2.417944049120516e-05
1,0.002539100000000305,0.4858319462540795,-0.0001951708726404822,-12.0,-0.2432087313877092,12.0,-0.001183512058441173,2.430135605150687e-05,2.4301355856336e-05,4.858319462540795e-05,0.001110632382948902,-2.430135605150687e-05
1,0.0025393000000003053,0.488269548913941,-0.0001951119167051818,-12.0,-0.2444274442831474,12.0,-0.001183690339801164,2.442323323664422e-05,2.442323304153231e-05,4.88269548913941e-05,0.001110445051318531,-2.442323323664423e-05
1,0.0025395000000003054,0.4907063805293495,-0.0001950526527231267,-12.0,-0.245645771194286,12.0,-0.001183868542090249,2.454507185415629e-05,2.454507165910363e-05,4.907063805293495e-05,0.001110257756281582,-2.454507185415628e-05
1,0.0025397000000003055,0.493142437252215,-0.0001949930807891298,-12.0,-0.246863710197222,12.0,-0.001184046665048295,2.466687171164329e-05,2.466687151665021e-05,4.931424372522151e-05,0.001110070498155105,-2.466687171164329e-05
1,0.0025399000000003056,0.4955777152356772,-0.0001949332009965332,-12.0,-0.2480812593686654,12.0,-0.001184224708415428,2.478863261676688e-05,2.478863242183369e-05,4.955777152356772e-05,0.0011098832772562,-2.478863261676688e-05
1,0.0025401000000003057,0.4980122106340957,-0.000194873013438901,-12.0,-0.2492984167859363,12.0,-0.001184402671931956,2.491035437724974e-05,2.491035418237673e-05,4.980122106340957e-05,0.001109696093901984,-2.491035437724974e-05
1,0.002540300000000306,0.5004459196030699,-0.0001948125182124061,-12.0,-0.2505151805269787,12.0,-0.001184580555338446,2.503203680087664e-05,2.503203660606412e-05,5.0044591960307e-05,0.001109508948409641,-2.503203680087663e-05
1,0.002540500000000306,0.502878838299447,-0.0001947517154118339,-12.0,-0.2517315486703585,12.0,-0.001184758358375674,2.515367969549466e-05,2.515367950074294e-05,5.02878838299447e-05,0.00110932184109638,-2.515367969549467e-05
1,0.002540700000000306,0.505310962881313,-0.0001946906051320807,-12.0,-0.2529475192952607,12.0,-0.001184936080784654,2.527528286901287e-05,2.527528267432226e-05,5.053109628813131e-05,0.001109134772279453,-2.527528286901286e-05
1,0.002540900000000306,0.5077422895080081,-0.0001946291874705963,-12.0,-0.2541630904815018,12.0,-0.001185113722306619,2.539684612940313e-05,2.539684593477394e-05,5.077422895080081e-05,0.001108947742276142,-2.539684612940312e-05
1,0.0025411000000003063,0.5101728143401424,-0.0001945674625243865,-12.0,-0.2553782603095324,12.0,-0.001185291282683021,2.551836928470081e-05,2.551836909013334e-05,5.101728143401424e-05,0.00110876075140379,-2.551836928470081e-05
1,0.0025413000000003064,0.5126025335395911,-0.0001945054303902904,-12.0,-0.2565930268604353,12.0,-0.001185468761655557,2.56398521430045e-05,2.563985194849907e-05,5.126025335395911e-05,0.00110857379997974,-2.56398521430045e-05
1,0.0025415000000003065,0.5150314432694851,-0.0001944430911640094,-12.0,-0.2578073882159195,12.0,-0.001185646158966134,2.576129451247555e-05,2.576129431803246e-05,5.150314432694852e-05,0.001108386888321405,-2.576129451247555e-05
1,0.0025417000000003066,0.5174595396942469,-0.0001943804449479336,-12.0,-0.2590213424583497,12.0,-0.0011858234743569,2.588269620134019e-05,2.588269600695974e-05,5.174595396942469e-05,0.001108200016746212,-2.588269620134018e-05
1,0.0025419000000003068,0.5198868189795901,-0.0001943174918375978,-12.0,-0.2602348876707264,12.0,-0.00118600070757021,2.600405701788888e-05,2.600405682357139e-05,5.198868189795901e-05,0.001108013185571643,-2.600405701788888e-05
1,0.002542100000000307,0.5223132772925024,-0.0001942542319327278,-12.0,-0.2614480219366926,12.0,-0.001186177858348691,2.612537677047599e-05,2.612537657622176e-05,5.223132772925025e-05,0.001107826395115179,-2.6125376770476e-05
1,0.002542300000000307,0.5247389108012762,-0.0001941906653338821,-12.0,-0.2626607433405455,12.0,-0.001186354926435148,2.624665526752116e-05,2.624665507333051e-05,5.247389108012762e-05,0.001107639645694377,-2.624665526752116e-05
1,0.002542500000000307,0.5271637156755096,-0.0001941267921409529,-12.0,-0.2638730499672342,12.0,-0.001186531911572617,2.636789231750932e-05,2.636789212338253e-05,5.271637156755096e-05,0.001107452937626825,-2.636789231750932e-05
1,0.002542700000000307,0.5295876880861021,-0.0001940626124535272,-12.0,-0.2650849399023575,12.0,-0.001186708813504418,2.64890877289904e-05,2.648908753492778e-05,5.295876880861022e-05,0.001107266271230093,-2.64890877289904e-05
1,0.0025429000000003073,0.5320108242052698,-0.0001939981263742452,-12.0,-0.2662964112321775,12.0,-0.001186885631974034,2.661024131058032e-05,2.66102411165822e-05,5.320108242052698e-05,0.00110707964682184,-2.661024131058033e-05
1,0.0025431000000003074,0.5344331202065532,-0.0001939333340038318,-12.0,-0.2675074620436158,12.0,-0.001187062366725236,2.673135287096119e-05,2.673135267702785e-05,5.344331202065532e-05,0.00110689306471971,-2.673135287096119e-05
1,0.0025433000000003076,0.5368545722648185,-0.0001938682354451771,-12.0,-0.2687180904242594,12.0,-0.001187239017501961,2.685242221888143e-05,2.685242202501319e-05,5.368545722648185e-05,0.001106706525241429,-2.685242221888142e-05
1,0.0025435000000003077,0.5392751765562603,-0.0001938028307992556,-12.0,-0.2699282944623574,12.0,-0.001187415584048432,2.697344916315581e-05,2.697344896935298e-05,5.392751765562603e-05,0.001106520028704705,-2.697344916315582e-05
1,0.0025437000000003078,0.5416949292584109,-0.0001937371201706228,-12.0,-0.2711380722468326,12.0,-0.001187592066109078,2.709443351266619e-05,2.709443331892908e-05,5.416949292584109e-05,0.001106333575427301,-2.70944335126662e-05
1,0.002543900000000308,0.5441138265501618,-0.0001936711036635841,-12.0,-0.2723474218672874,12.0,-0.001187768463428555,2.721537507636237e-05,2.721537488269127e-05,5.441138265501619e-05,0.001106147165727,-2.721537507636238e-05
1,0.002544100000000308,0.5465318646117387,-0.0001936047813787256,-12.0,-0.2735563414139853,12.0,-0.001187944775751747,2.733627366326066e-05,2.733627346965588e-05,5.465318646117388e-05,0.001105960799921622,-2.733627366326066e-05
1,0.002544300000000308,0.548949039624723,-0.0001935381534239333,-12.0,-0.2747648289778788,12.0,-0.001188121002823787,2.74571290824455e-05,2.745712888890735e-05,5.48949039624723e-05,0.001105774478328998,-2.745712908244549e-05
1,0.0025445000000003082,0.5513653477720797,-0.0001934712199041788,-12.0,-0.2759728826506083,12.0,-0.001188297144390036,2.757794114307042e-05,2.75779409495992e-05,5.513653477720797e-05,0.001105588201266997,-2.757794114307041e-05
1,0.0025447000000003083,0.55378078523812,-0.0001934039809211308,-12.0,-0.2771805005244815,12.0,-0.00118847320019606,2.769870965435603e-05,2.769870946095206e-05,5.5378078523812e-05,0.00110540196905352,-2.769870965435604e-05
1,0.0025449000000003085,0.5561953482085379,-0.0001933364365857837,-12.0,-0.278387680692512,12.0,-0.001188649169987691,2.781943442559262e-05,2.781943423225619e-05,5.561953482085379e-05,0.001105215782006487,-2.781943442559262e-05
1,0.0025451000000003086,0.5586090328704207,-0.0001932685870019157,-12.0,-0.2795944212483992,12.0,-0.001188825053510971,2.794011526613972e-05,2.794011507287113e-05,5.586090328704208e-05,0.001105029640443834,-2.794011526613973e-05
1,0.0025453000000003087,0.5610218354122194,-0.0001932004322749703,-12.0,-0.2808007202865265,12.0,-0.001189000850512184,2.806075198542514e-05,2.806075179222472e-05,5.610218354122194e-05,0.001104843544683525,-2.806075198542515e-05
1,0.002545500000000309,0.5634337520237918,-0.000193131972516164,-12.0,-0.2820065759019899,12.0,-0.001189176560737831,2.818134439294737e-05,2.81813441998154e-05,5.634337520237918e-05,0.001104657495043574,-2.818134439294737e-05
1,0.002545700000000309,0.5658447788963988,-0.0001930632078303018,-12.0,-0.283211986190577,12.0,-0.001189352183934678,2.830189229827467e-05,2.830189210521146e-05,5.658447788963989e-05,0.001104471491841966,-2.830189229827467e-05
1,0.002545900000000309,0.5682549122226994,-0.0001929941383274347,-12.0,-0.2844169492487823,12.0,-0.00118952771984969,2.842239551104549e-05,2.842239531805134e-05,5.682549122226994e-05,0.001104285535396758,-2.842239551104548e-05
1,0.002546100000000309,0.5706641481967624,-0.0001929247641148379,-12.0,-0.2856214631738011,12.0,-0.001189703168230093,2.854285384096863e-05,2.854285364804386e-05,5.706641481967624e-05,0.001104099626025992,-2.854285384096863e-05
1,0.0025463000000003093,0.5730724830140748,-0.0001928550853033673,-12.0,-0.2868255260635433,12.0,-0.00118987852882331,2.866326709782399e-05,2.866326690496891e-05,5.730724830140748e-05,0.001103913764047764,-2.866326709782399e-05
1,0.0025465000000003094,0.5754799128715528,-0.0001927851020023241,-12.0,-0.2880291360166309,12.0,-0.001190053801377048,2.878363509146286e-05,2.878363489867776e-05,5.754799128715528e-05,0.001103727949780156,-2.878363509146286e-05
1,0.0025467000000003095,0.5778864339675301,-0.0001927148143207325,-12.0,-0.2892322911323943,12.0,-0.001190228985639204,2.890395763180736e-05,2.890395743909254e-05,5.778864339675302e-05,0.001103542183541289,-2.890395763180737e-05
1,0.0025469000000003096,0.5802920425017873,-0.0001926442223723346,-12.0,-0.2904349895108944,12.0,-0.001190404081357909,2.90242345288522e-05,2.902423433620799e-05,5.802920425017874e-05,0.001103356465649328,-2.90242345288522e-05
1,0.0025471000000003097,0.5826967346755434,-0.0001925733262651275,-12.0,-0.2916372292529026,12.0,-0.001190579088281581,2.914446559266375e-05,2.914446540009043e-05,5.826967346755434e-05,0.001103170796422383,-2.914446559266375e-05
1,0.00254730000000031,0.5851005066914515,-0.000192502126111993,-12.0,-0.2928390084599151,12.0,-0.001190754006158815,2.926465063338031e-05,2.926465044087818e-05,5.851005066914516e-05,0.001102985176178659,-2.926465063338031e-05
1,0.00254750000000031,0.5875033547536369,-0.0001924306220269789,-12.0,-0.2940403252341651,12.0,-0.001190928834738453,2.938478946121382e-05,2.93847892687832e-05,5.875033547536369e-05,0.001102799605236349,-2.938478946121381e-05
1,0.00254770000000031,0.5899052750676722,-0.0001923588141190258,-12.0,-0.2952411776786028,12.0,-0.001191103573769607,2.950488188644837e-05,2.950488169408957e-05,5.899052750676723e-05,0.001102614083913635,-2.950488188644838e-05
1,0.00254790000000031,0.5923062638405989,-0.0001922867025055952,-12.0,-0.2964415638969249,12.0,-0.001191278223001579,2.962492771944192e-05,2.962492752715523e-05,5.92306263840599e-05,0.001102428612528759,-2.962492771944193e-05
1,0.0025481000000003103,0.5947063172809331,-0.0001922142872966548,-12.0,-0.2976414819935544,12.0,-0.001191452782183935,2.974492677062577e-05,2.974492657841149e-05,5.947063172809332e-05,0.001102243191399958,-2.974492677062578e-05
1,0.0025483000000003104,0.5971054315986526,-0.0001921415686077232,-12.0,-0.2988409300736536,12.0,-0.001191627251066474,2.986487885050459e-05,2.986487865836302e-05,5.971054315986526e-05,0.001102057820845468,-2.986487885050459e-05
1,0.0025485000000003105,0.5995036030052375,-0.0001920685465549854,-12.0,-0.3000399062431368,12.0,-0.001191801629399223,2.998478376965818e-05,2.998478357758963e-05,5.995036030052376e-05,0.00110187250118356,-2.998478376965818e-05
1,0.0025487000000003106,0.601900827713651,-0.0001919952212506293,-12.0,-0.3012384086086537,12.0,-0.001191975916932434,3.010464133874031e-05,3.010464114674508e-05,6.019008277136511e-05,0.001101687232732532,-3.010464133874031e-05
1,0.0025489000000003107,0.6042971019383383,-0.0001919215928112838,-12.0,-0.3024364352776021,12.0,-0.001192150113416637,3.022445136847908e-05,3.022445117655748e-05,6.042971019383383e-05,0.001101502015810635,-3.022445136847908e-05
1,0.002549100000000311,0.606692421895264,-0.000191847661354938,-12.0,-0.303633984358141,12.0,-0.001192324218602523,3.034421366967861e-05,3.034421347783095e-05,6.06692421895264e-05,0.001101316850736233,-3.034421366967861e-05
1,0.002549300000000311,0.6090867838018937,-0.0001917734269950566,-12.0,-0.3048310539591738,12.0,-0.001192498232241122,3.046392805321787e-05,3.046392786144444e-05,6.090867838018938e-05,0.001101131737827575,-3.046392805321787e-05
1,0.002549500000000311,0.6114801838771939,-0.0001916988898497951,-12.0,-0.3060276421903605,12.0,-0.00119267215408364,3.058359433005108e-05,3.058359413835219e-05,6.11480183877194e-05,0.001100946677403007,-3.058359433005108e-05
1,0.002549700000000311,0.6138726183416678,-0.0001916240500384192,-12.0,-0.3072237471621321,12.0,-0.001192845983881509,3.070321231120937e-05,3.070321211958531e-05,6.138726183416679e-05,0.001100761669780879,-3.070321231120937e-05
1,0.0025499000000003113,0.6162640834173334,-0.0001915489076751709,-12.0,-0.3084193669856685,12.0,-0.001193019721386409,3.082278180779934e-05,3.082278161625043e-05,6.162640834173335e-05,0.001100576715279522,-3.082278180779934e-05
1,0.0025501000000003114,0.6186545753277419,-0.000191473462882813,-12.0,-0.3096144997729298,12.0,-0.001193193366350299,3.09423026310047e-05,3.094230243953124e-05,6.186545753277419e-05,0.001100391814217283,-3.094230263100469e-05
1,0.0025503000000003115,0.6210440902979811,-0.000191397715775643,-12.0,-0.3108091436366312,12.0,-0.001193366918525327,3.106177459208555e-05,3.106177440068783e-05,6.210440902979811e-05,0.001100206966912522,-3.106177459208555e-05
1,0.0025505000000003116,0.6234326245546811,-0.0001913216664777839,-12.0,-0.3120032966902739,12.0,-0.001193540377663886,3.118119750237961e-05,3.118119731105794e-05,6.234326245546811e-05,0.001100022173683615,-3.118119750237961e-05
1,0.0025507000000003117,0.625820174326026,-0.0001912453151051707,-12.0,-0.3131969570481238,12.0,-0.001193713743518655,3.130057117330187e-05,3.130057098205656e-05,6.258201743260261e-05,0.001099837434848924,-3.130057117330187e-05
1,0.002550900000000312,0.6282067358417387,-0.0001911686617792896,-12.0,-0.3143901228252249,12.0,-0.001193887015842478,3.141989541634456e-05,3.14198952251759e-05,6.282067358417387e-05,0.001099652750726827,-3.141989541634457e-05
1,0.002551100000000312,0.6305923053331218,-0.0001910917066229312,-12.0,-0.3155827921374124,12.0,-0.001194060194388488,3.153917004307895e-05,3.153916985198724e-05,6.305923053331219e-05,0.001099468121635722,-3.153917004307895e-05
1,0.002551300000000312,0.6329768790330381,-0.0001910144497543897,-12.0,-0.3167749631012951,12.0,-0.001194233278910058,3.165839486515407e-05,3.165839467413962e-05,6.329768790330382e-05,0.001099283547893969,-3.165839486515407e-05
1,0.002551500000000312,0.6353604531759112,-0.0001909368912964282,-12.0,-0.3179666338342691,12.0,-0.001194406269160772,3.177756969429727e-05,3.177756950336038e-05,6.353604531759112e-05,0.001099099029819993,-3.177756969429727e-05
1,0.0025517000000003123,0.6377430239977604,-0.000190859031373225,-12.0,-0.3191578024545304,12.0,-0.001194579164894495,3.189669434231571e-05,3.189669415145669e-05,6.377430239977604e-05,0.001098914567732156,-3.189669434231572e-05
1,0.0025519000000003124,0.6401245877361842,-0.0001907808701045455,-12.0,-0.3203484670810577,12.0,-0.001194751965865271,3.201576862109532e-05,3.201576843031444e-05,6.401245877361842e-05,0.00109873016194887,-3.201576862109532e-05
1,0.0025521000000003125,0.6425051406303592,-0.0001907024076146235,-12.0,-0.3215386258336257,12.0,-0.001194924671827448,3.213479234260111e-05,3.21347921518987e-05,6.425051406303593e-05,0.001098545812788537,-3.21347923426011e-05
1,0.0025523000000003127,0.6448846789210723,-0.0001906236440280262,-12.0,-0.3227282768328146,12.0,-0.001195097282535591,3.225376531887866e-05,3.225376512825502e-05,6.448846789210723e-05,0.001098361520569545,-3.225376531887866e-05
1,0.0025525000000003128,0.6472631988507198,-0.0001905445794695149,-12.0,-0.32391741820001,12.0,-0.001195269797744473,3.237268736205404e-05,3.237268717150947e-05,6.472631988507198e-05,0.001098177285610319,-3.237268736205404e-05
1,0.002552700000000313,0.6496406966632822,-0.0001904652140589658,-12.0,-0.3251060480573817,12.0,-0.001195442217209151,3.249155828433227e-05,3.249155809386706e-05,6.496406966632822e-05,0.00109799310822923,-3.249155828433227e-05
1,0.002552900000000313,0.6520171686043617,-0.0001903855479276073,-12.0,-0.3262941645279278,12.0,-0.001195614540684925,3.261037789800002e-05,3.261037770761447e-05,6.520171686043617e-05,0.001097808988744689,-3.261037789800002e-05
1,0.002553100000000313,0.6543926109212055,-0.0001903055811987575,-12.0,-0.3274817657354567,12.0,-0.001195786767927288,3.27291460154258e-05,3.272914582512021e-05,6.543926109212055e-05,0.001097624927475102,-3.27291460154258e-05
1,0.0025533000000003132,0.6567670198626508,-0.0001902253139949017,-12.0,-0.3286688498045709,12.0,-0.001195958898692048,3.284786244905761e-05,3.284786225883229e-05,6.567670198626508e-05,0.001097440924738839,-3.28478624490576e-05
1,0.0025535000000003133,0.6591403916791794,-0.0001901447464479067,-12.0,-0.329855414860709,12.0,-0.001196130932735177,3.296652701142611e-05,3.296652682128136e-05,6.591403916791794e-05,0.001097256980854312,-3.296652701142611e-05
1,0.0025537000000003134,0.6615127226229282,-0.0001900638786823672,-12.0,-0.3310414590301264,12.0,-0.001196302869812961,3.30851395151444e-05,3.308513932508052e-05,6.615127226229281e-05,0.001097073096139906,-3.308513951514441e-05
1,0.0025539000000003136,0.6638840089476589,-0.0001899827108250429,-12.0,-0.3322269804398941,12.0,-0.001196474709681844,3.320369977290691e-05,3.32036995829242e-05,6.638840089476589e-05,0.001096889270914024,-3.32036997729069e-05
1,0.0025541000000003137,0.6662542469087795,-0.0001899012430041369,-12.0,-0.3334119772179084,12.0,-0.001196646452098618,3.332220759749043e-05,3.332220740758918e-05,6.662542469087796e-05,0.00109670550549501,-3.332220759749043e-05
1,0.002554300000000314,0.6686234327633698,-0.0001898194753499893,-12.0,-0.3345964474929046,12.0,-0.001196818096820221,3.344066280175546e-05,3.344066261193599e-05,6.686234327633699e-05,0.001096521800201249,-3.344066280175546e-05
1,0.002554500000000314,0.6709915627701636,-0.0001897374079888048,-12.0,-0.335780389394439,12.0,-0.001196989643603881,3.355906519864503e-05,3.355906500890762e-05,6.709915627701637e-05,0.001096338155351151,-3.355906519864502e-05
1,0.002554700000000314,0.6733586331895518,-0.0001896550410507014,-12.0,-0.3369638010529024,12.0,-0.001197161092207071,3.367741460118517e-05,3.367741441153013e-05,6.733586331895519e-05,0.001096154571263011,-3.367741460118517e-05
1,0.002554900000000314,0.6757246402836161,-0.0001895723746674072,-12.0,-0.338146680599533,12.0,-0.001197332442387511,3.379571082248656e-05,3.379571063291418e-05,6.757246402836162e-05,0.001095971048255213,-3.379571082248656e-05
1,0.0025551000000003142,0.6780895803161107,-0.0001894894089664034,-12.0,-0.339329026166399,12.0,-0.001197503693903125,3.391395367574327e-05,3.391395348625386e-05,6.780895803161107e-05,0.001095787586646108,-3.391395367574327e-05
1,0.0025553000000003144,0.6804534495524637,-0.0001894061440793349,-12.0,-0.3405108358864122,12.0,-0.001197674846512134,3.403214297423329e-05,3.403214278482716e-05,6.804534495524636e-05,0.001095604186754022,-3.403214297423329e-05
1,0.0025555000000003145,0.6828162442598069,-0.0001893225801385956,-12.0,-0.3416921078933371,12.0,-0.001197845899972967,3.415027853131986e-05,3.415027834199727e-05,6.82816244259807e-05,0.001095420848897279,-3.415027853131986e-05
1,0.0025557000000003146,0.6851779607069781,-0.0001892387172762466,-12.0,-0.3428728403217906,12.0,-0.00119801685404429,3.426836016045144e-05,3.426835997121272e-05,6.851779607069781e-05,0.001095237573394206,-3.426836016045144e-05
1,0.0025559000000003147,0.6875385951644919,-0.0001891545556200469,-12.0,-0.3440530313072216,12.0,-0.001198187708485073,3.438638767516016e-05,3.43863874860056e-05,6.87538595164492e-05,0.001095054360563084,-3.438638767516016e-05
1,0.002556100000000315,0.6898981439045813,-0.0001890700953084135,-12.0,-0.3452326789859542,12.0,-0.001198358463054439,3.450436088906458e-05,3.450436069999448e-05,6.898981439045813e-05,0.001094871210722236,-3.450436088906458e-05
1,0.002556300000000315,0.692256603201217,-0.0001889853364722693,-12.0,-0.3464117814951703,12.0,-0.001198529117511837,3.46222796158698e-05,3.462227942688446e-05,6.92256603201217e-05,0.001094688124189933,-3.462227961586981e-05
1,0.002556500000000315,0.6946139693300544,-0.000188900279241927,-12.0,-0.3475903369728929,12.0,-0.001198699671616933,3.47401436693651e-05,3.474014348046482e-05,6.946139693300544e-05,0.001094505101284428,-3.47401436693651e-05
1,0.002556700000000315,0.6969702385684878,-0.0001888149237568304,-12.0,-0.3487683435580285,12.0,-0.001198870125129613,3.485795286342717e-05,3.485795267461223e-05,6.969702385684878e-05,0.001094322142323988,-3.485795286342717e-05
1,0.0025569000000003153,0.6993254071956627,-0.0001887292701489018,-12.0,-0.3499457993903474,12.0,-0.00119904047781004,3.497570701201986e-05,3.497570682329058e-05,6.993254071956627e-05,0.001094139247626857,-3.497570701201985e-05
1,0.0025571000000003154,0.7016794714924418,-0.000188643318552395,-12.0,-0.3511227026104827,12.0,-0.001199210729418608,3.509340592919303e-05,3.509340574054971e-05,7.016794714924419e-05,0.001093956417511241,-3.509340592919303e-05
1,0.0025573000000003155,0.7040324277414295,-0.0001885570691032012,-12.0,-0.3522990513599403,12.0,-0.001199380879715974,3.521104942908371e-05,3.521104924052664e-05,7.040324277414295e-05,0.001093773652295377,-3.521104942908371e-05
1,0.0025575000000003156,0.7063842722269947,-0.000188470521939349,-12.0,-0.3534748437811115,12.0,-0.001199550928463015,3.532863732591722e-05,3.532863713744671e-05,7.063842722269947e-05,0.001093590952297427,-3.532863732591722e-05
1,0.0025577000000003157,0.7087350012352571,-0.0001883836771941483,-12.0,-0.3546500780172565,12.0,-0.001199720875420876,3.544616943400623e-05,3.544616924562256e-05,7.087350012352572e-05,0.001093408317835581,-3.544616943400623e-05
1,0.002557900000000316,0.7110846110540853,-0.0001882965350055998,-12.0,-0.3558247522125164,12.0,-0.001199890720350948,3.556364556775108e-05,3.556364537945455e-05,7.110846110540853e-05,0.001093225749227981,-3.556364556775108e-05
1,0.002558100000000316,0.7134330979731338,-0.0001882090955128979,-12.0,-0.3569988645119271,12.0,-0.001200060463014845,3.568106554164142e-05,3.568106535343233e-05,7.134330979731338e-05,0.001093043246792789,-3.568106554164142e-05
1,0.002558300000000316,0.7157804582838233,-0.0001881213588510455,-12.0,-0.3581724130614018,12.0,-0.001200230103174445,3.579842917025508e-05,3.579842898213372e-05,7.157804582838233e-05,0.001092860810848112,-3.579842917025508e-05
1,0.002558500000000316,0.7181266882793433,-0.0001880333251591537,-12.0,-0.3593453960077436,12.0,-0.001200399640591869,3.591573626825845e-05,3.591573608022512e-05,7.181266882793434e-05,0.001092678441712062,-3.591573626825845e-05
1,0.0025587000000003163,0.7204717842546845,-0.0001879449945779432,-12.0,-0.3605178114986591,12.0,-0.001200569075029502,3.603298665040812e-05,3.603298646246312e-05,7.204717842546845e-05,0.001092496139702706,-3.603298665040812e-05
1,0.0025589000000003164,0.7228157425066226,-0.0001878563672439437,-12.0,-0.361689657682741,12.0,-0.001200738406249957,3.61501801315497e-05,3.615017994369333e-05,7.228157425066226e-05,0.001092313905138087,-3.61501801315497e-05
1,0.0025591000000003165,0.7251585593337202,-0.0001877674432974596,-12.0,-0.3628609327094806,12.0,-0.001200907634016084,3.626731652661833e-05,3.626731633885089e-05,7.251585593337202e-05,0.00109213173833627,-3.626731652661831e-05
1,0.0025593000000003166,0.7275002310363526,-0.0001876782228798779,-12.0,-0.3640316347292784,12.0,-0.001201076758091016,3.638439565063985e-05,3.638439546296163e-05,7.275002310363526e-05,0.001091949639615258,-3.638439565063984e-05
1,0.0025595000000003167,0.7298407539167094,-0.0001875887061316139,-12.0,-0.3652017618934392,12.0,-0.001201245778238109,3.650141731873076e-05,3.650141713114205e-05,7.298407539167095e-05,0.001091767609293019,-3.650141731873076e-05
1,0.002559700000000317,0.7321801242787838,-0.0001874988931922783,-12.0,-0.3663713123541693,12.0,-0.00120141469422097,3.66183813460977e-05,3.66183811585988e-05,7.321801242787838e-05,0.001091585647687555,-3.66183813460977e-05
1,0.002559900000000317,0.7345183384283833,-0.0001874087842038963,-12.0,-0.3675402842645854,12.0,-0.001201583505803447,3.673528754803816e-05,3.673528736062936e-05,7.345183384283834e-05,0.0010914037551168,-3.673528754803816e-05
1,0.002560100000000317,0.7368553926731568,-0.0001873183793106303,-12.0,-0.3687086757787282,12.0,-0.001201752212749665,3.685213573994176e-05,3.685213555262337e-05,7.368553926731568e-05,0.001091221931898645,-3.685213573994175e-05
1,0.002560300000000317,0.73919128332258,-0.0001872276786517857,-12.0,-0.3698764850515444,12.0,-0.001201920814823981,3.696892573728926e-05,3.696892555006159e-05,7.391912833225801e-05,0.001091040178350988,-3.696892573728926e-05
1,0.0025605000000003173,0.7415260066879531,-0.0001871366823716081,-12.0,-0.3710437102389007,12.0,-0.001202089311790978,3.708565735565291e-05,3.708565716851623e-05,7.415260066879532e-05,0.001090858494791708,-3.708565735565291e-05
1,0.0025607000000003174,0.7438595590824378,-0.0001870453906152036,-12.0,-0.3722103494975957,12.0,-0.001202257703415512,3.720233041069805e-05,3.720233022365266e-05,7.438595590824378e-05,0.001090676881538639,-3.720233041069806e-05
1,0.0025609000000003175,0.7461919368210396,-0.000186953803523765,-12.0,-0.3733764009853435,12.0,-0.001202425989462692,3.731894471818198e-05,3.731894453122816e-05,7.461919368210396e-05,0.001090495338909585,-3.731894471818197e-05
1,0.0025611000000003176,0.7485231362206067,-0.0001868619212424261,-12.0,-0.3745418628607863,12.0,-0.001202594169697889,3.743550009395438e-05,3.743549990709246e-05,7.485231362206068e-05,0.001090313867222296,-3.743550009395439e-05
1,0.0025613000000003177,0.7508531535998657,-0.0001867697439180138,-12.0,-0.3757067332835073,12.0,-0.00120276224388665,3.755199635395895e-05,3.755199616718918e-05,7.508531535998657e-05,0.001090132466794583,-3.755199635395893e-05
1,0.002561500000000318,0.7531819852794037,-0.0001866772716928589,-12.0,-0.3768710104140139,12.0,-0.001202930211794899,3.766843331423211e-05,3.766843312755483e-05,7.531819852794037e-05,0.001089951137944092,-3.76684333142321e-05
1,0.002561700000000318,0.7555096275816688,-0.0001865845047138159,-12.0,-0.3780346924137502,12.0,-0.001203098073188684,3.778481079090364e-05,3.778481060431913e-05,7.555096275816688e-05,0.001089769880988571,-3.778481079090364e-05
1,0.002561900000000318,0.7578360768310051,-0.0001864914431287668,-12.0,-0.3791977774451101,12.0,-0.001203265827834366,3.790112860019814e-05,3.790112841370669e-05,7.578360768310051e-05,0.00108958869624564,-3.790112860019814e-05
1,0.002562100000000318,0.7601613293536289,-0.0001863980870811521,-12.0,-0.3803602636714171,12.0,-0.001203433475498561,3.80173865584336e-05,3.80173863720355e-05,7.60161329353629e-05,0.001089407584032948,-3.801738655843359e-05
1,0.0025623000000003183,0.7624853814776519,-0.0001863044367219069,-12.0,-0.3815221492569532,12.0,-0.001203601015948109,3.813358448202313e-05,3.81335842957187e-05,7.62485381477652e-05,0.001089226544668073,-3.813358448202313e-05
1,0.0025625000000003184,0.764808229533083,-0.000186210492195138,-12.0,-0.3826834323669392,12.0,-0.001203768448950114,3.824972218747441e-05,3.824972200126391e-05,7.648082295330831e-05,0.001089045578468562,-3.824972218747441e-05
1,0.0025627000000003185,0.7671298698518187,-0.0001861162536502814,-12.0,-0.3838441111675473,12.0,-0.001203935774271934,3.83657994913897e-05,3.836579930527345e-05,7.671298698518188e-05,0.001088864685751957,-3.836579949138971e-05
1,0.0025629000000003187,0.7694502987676809,-0.0001860217212374393,-12.0,-0.3850041838259138,12.0,-0.001204102991681152,3.848181621046764e-05,3.848181602444592e-05,7.69450298767681e-05,0.001088683866835756,-3.848181621046764e-05
1,0.0025631000000003188,0.7717695126163937,-0.0001859268951023285,-12.0,-0.3861636485101192,12.0,-0.001204270100945669,3.859777216150169e-05,3.85977719755748e-05,7.717695126163937e-05,0.001088503122037385,-3.859777216150169e-05
1,0.002563300000000319,0.7740875077356038,-0.0001858317753981598,-12.0,-0.3873225033892169,12.0,-0.001204437101833558,3.871366716138187e-05,3.87136669755501e-05,7.740875077356037e-05,0.001088322451674263,-3.871366716138187e-05
1,0.002563500000000319,0.7764042804648851,-0.0001857363622715935,-12.0,-0.3884807466332136,12.0,-0.001204603994113193,3.882950102709419e-05,3.882950084135784e-05,7.764042804648851e-05,0.001088141856063769,-3.88295010270942e-05
1,0.002563700000000319,0.7787198271457284,-0.0001856406558741752,-12.0,-0.3896383764130819,12.0,-0.001204770777553162,3.894527357572077e-05,3.894527339008013e-05,7.787198271457284e-05,0.001087961335523267,-3.894527357572077e-05
1,0.0025639000000003192,0.7810341441215775,-0.000185544656358394,-12.0,-0.3907953909007728,12.0,-0.001204937451922336,3.906098462444145e-05,3.90609844388968e-05,7.810341441215775e-05,0.001087780890370052,-3.906098462444144e-05
1,0.0025641000000003193,0.7833472277378084,-0.0001854483638721871,-12.0,-0.3919517882691961,12.0,-0.001205104016989852,3.917663399053239e-05,3.917663380508403e-05,7.833472277378085e-05,0.00108760052092137,-3.917663399053239e-05
1,0.0025643000000003194,0.7856590743417489,-0.0001853517785712078,-12.0,-0.3931075666922491,12.0,-0.001205270472525048,3.929222149136778e-05,3.929222130601601e-05,7.856590743417488e-05,0.001087420227494452,-3.929222149136778e-05
1,0.0025645000000003196,0.7879696802826814,-0.0001852549006044479,-12.0,-0.3942627243447964,12.0,-0.001205436818297545,3.94077469444192e-05,3.94077467591643e-05,7.879696802826815e-05,0.001087240010406498,-3.94077469444192e-05
1,0.0025647000000003197,0.7902790419118356,-0.000185157730125507,-12.0,-0.3954172594026834,12.0,-0.001205603054077249,3.952321016725579e-05,3.952320998209806e-05,7.902790419118357e-05,0.001087059869974621,-3.952321016725579e-05
1,0.00256490000000032,0.7925871555824219,-0.0001850602672895385,-12.0,-0.3965711700427479,12.0,-0.001205769179634254,3.963861097754585e-05,3.963861079248557e-05,7.92587155582422e-05,0.001086879806515922,-3.963861097754584e-05
1,0.00256510000000032,0.7948940176496168,-0.0001849625122472554,-12.0,-0.3977244544428045,12.0,-0.001205935194738932,3.975394919305572e-05,3.97539490080932e-05,7.948940176496168e-05,0.001086699820347481,-3.975394919305572e-05
1,0.00256530000000032,0.7971996244705618,-0.0001848644651537001,-12.0,-0.3988771107816562,12.0,-0.001206101099161937,3.986922463165024e-05,3.986922444678578e-05,7.971996244705619e-05,0.001086519911786307,-3.986922463165026e-05
1,0.00256550000000032,0.7995039724043975,-0.0001847661261654143,-12.0,-0.4000291372391081,12.0,-0.001206266892674127,3.998443711129428e-05,3.998443692652814e-05,7.995039724043975e-05,0.001086340081149356,-3.998443711129427e-05
1,0.0025657000000003202,0.8018070578122466,-0.0001846674954343319,-12.0,-0.4011805319959497,12.0,-0.001206432575046656,4.009958645005155e-05,4.009958626538405e-05,8.018070578122466e-05,0.001086160328753562,-4.009958645005154e-05
1,0.0025659000000003204,0.804108877057214,-0.0001845685731169944,-12.0,-0.4023312932339683,12.0,-0.001206598146050911,4.021467246608513e-05,4.021467228151655e-05,8.04108877057214e-05,0.001085980654915795,-4.021467246608513e-05
1,0.0025661000000003205,0.8064094265044222,-0.0001844693593711644,-12.0,-0.4034814191359614,12.0,-0.001206763605458516,4.032969497765903e-05,4.032969479318966e-05,8.064094265044221e-05,0.001085801059952908,-4.032969497765903e-05
1,0.0025663000000003206,0.8087087025209871,-0.0001843698543497752,-12.0,-0.4046309078857168,12.0,-0.001206928953041426,4.044465380313669e-05,4.044465361876685e-05,8.087087025209871e-05,0.001085621544181639,-4.04446538031367e-05
1,0.0025665000000003207,0.8110067014760404,-0.0001842700582135315,-12.0,-0.4057797576680411,12.0,-0.001207094188571727,4.055954876098275e-05,4.05595485767127e-05,8.110067014760404e-05,0.001085442107918777,-4.055954876098276e-05
1,0.002566700000000321,0.813303419740728,-0.0001841699711158107,-12.0,-0.4069279666687374,12.0,-0.001207259311821848,4.067437966976216e-05,4.067437948559219e-05,8.13303419740728e-05,0.001085262751480999,-4.067437966976216e-05
1,0.002566900000000321,0.8155988536882194,-0.0001840695932184833,-12.0,-0.4080755330746333,12.0,-0.001207424322564481,4.078914634814148e-05,4.078914616407189e-05,8.155988536882194e-05,0.00108508347518492,-4.078914634814149e-05
1,0.002567100000000321,0.8178929996937165,-0.0001839689246762033,-12.0,-0.4092224550735618,12.0,-0.001207589220572472,4.090384861488857e-05,4.090384843091964e-05,8.178929996937166e-05,0.001084904279347196,-4.090384861488856e-05
1,0.002567300000000321,0.8201858541344403,-0.0001838679656487874,-12.0,-0.410368730854373,12.0,-0.001207754005619052,4.101848628887243e-05,4.101848610500446e-05,8.201858541344404e-05,0.001084725164284282,-4.101848628887242e-05
1,0.0025675000000003213,0.8224774133896698,-0.0001837667162969958,-12.0,-0.4115143586069476,12.0,-0.001207918677477625,4.113305918906506e-05,4.113305900529835e-05,8.2247741338967e-05,0.001084546130312711,-4.113305918906507e-05
1,0.0025677000000003214,0.8247676738407218,-0.0001836651767780362,-12.0,-0.4126593365221797,12.0,-0.001208083235921885,4.124756713454017e-05,4.124756695087499e-05,8.247676738407218e-05,0.001084367177748922,-4.124756713454017e-05
1,0.0025679000000003215,0.8270566318709549,-0.0001835633472526133,-12.0,-0.4138036627919898,12.0,-0.001208247680725728,4.136200994447371e-05,4.136200976091038e-05,8.270566318709549e-05,0.001084188306909303,-4.136200994447373e-05
1,0.0025681000000003216,0.8293442838657998,-0.0001834612278830972,-12.0,-0.4149473356093368,12.0,-0.001208412011663385,4.147638743814537e-05,4.147638725468414e-05,8.293442838657998e-05,0.00108400951811017,-4.147638743814538e-05
1,0.0025683000000003217,0.8316306262127444,-0.0001833588188278612,-12.0,-0.4160903531682021,12.0,-0.001208576228509263,4.159069943493743e-05,4.159069925157862e-05,8.316306262127445e-05,0.00108383081166781,-4.159069943493743e-05
1,0.002568500000000322,0.8339156553013338,-0.0001832561202490535,-12.0,-0.4172327136636017,12.0,-0.001208740331038093,4.170494575433527e-05,4.170494557107914e-05,8.339156553013339e-05,0.001083652187898437,-4.170494575433526e-05
1,0.002568700000000322,0.8361993675231993,-0.0001831531323098767,-12.0,-0.4183744152915957,12.0,-0.001208904319024831,4.181912621592859e-05,4.181912603277546e-05,8.361993675231993e-05,0.001083473647118235,-4.181912621592859e-05
1,0.002568900000000322,0.8384817592720606,-0.0001830498551726456,-12.0,-0.4195154562492878,12.0,-0.001209068192244658,4.193324063941151e-05,4.193324045636166e-05,8.384817592720606e-05,0.001083295189643299,-4.193324063941152e-05
1,0.002569100000000322,0.8407628269436969,-0.000182946288996233,-12.0,-0.4206558347348057,12.0,-0.001209231950473059,4.204728884458094e-05,4.204728866163465e-05,8.407628269436969e-05,0.001083116815789709,-4.204728884458094e-05
1,0.0025693000000003223,0.8430425669359883,-0.0001828424339493373,-12.0,-0.4217955489473425,12.0,-0.001209395593485783,4.216127065133932e-05,4.216127046849688e-05,8.430425669359884e-05,0.001082938525873427,-4.216127065133932e-05
1,0.0025695000000003224,0.8453209756489339,-0.000182738290193718,-12.0,-0.4229345970871405,12.0,-0.001209559121058773,4.227518587969468e-05,4.227518569695639e-05,8.45320975648934e-05,0.001082760320210402,-4.227518587969468e-05
1,0.0025697000000003225,0.8475980494846009,-0.0001826338578900244,-12.0,-0.4240729773554741,12.0,-0.001209722532968277,4.238903434975842e-05,4.238903416712455e-05,8.475980494846009e-05,0.001082582199116541,-4.238903434975841e-05
1,0.0025699000000003226,0.8498737848471765,-0.0001825291372082871,-12.0,-0.4252106879546921,12.0,-0.001209885828990814,4.250281588174838e-05,4.250281569921924e-05,8.498737848471765e-05,0.001082404162907634,-4.250281588174839e-05
1,0.0025701000000003227,0.852148178142979,-0.0001824241283110428,-12.0,-0.4263477270881973,12.0,-0.001210049008903091,4.261653029598863e-05,4.261653011356451e-05,8.52148178142979e-05,0.001082226211899455,-4.261653029598863e-05
1,0.002570300000000323,0.8544212257804268,-0.0001823188313632151,-12.0,-0.4274840929604465,12.0,-0.001210212072482134,4.273017741290832e-05,4.27301772305895e-05,8.544212257804269e-05,0.001082048346407689,-4.273017741290833e-05
1,0.002570500000000323,0.8566929241700607,-0.000182213246531282,-12.0,-0.4286197837769598,12.0,-0.001210375019505217,4.284375705304286e-05,4.28437568708296e-05,8.566929241700608e-05,0.001081870566747994,-4.284375705304285e-05
1,0.002570700000000323,0.8589632697245678,-0.0001821073739832757,-12.0,-0.4297547977443326,12.0,-0.001210537849749851,4.295726903703493e-05,4.295726885492755e-05,8.589632697245679e-05,0.001081692873235937,-4.295726903703493e-05
1,0.002570900000000323,0.8612322588587652,-0.0001820012138833427,-12.0,-0.4308891330702197,12.0,-0.00121070056299382,4.307071318563364e-05,4.307071300363243e-05,8.612322588587652e-05,0.001081515266187022,-4.307071318563364e-05
1,0.0025711000000003233,0.8634998879896001,-0.0001818947664000148,-12.0,-0.4320227879633478,12.0,-0.001210863159015148,4.318408931969477e-05,4.318408913780001e-05,8.634998879896001e-05,0.001081337745916705,-4.318408931969477e-05
1,0.0025713000000003234,0.8657661535361855,-0.0001817880317028231,-12.0,-0.4331557606335273,12.0,-0.001211025637592136,4.329739726018244e-05,4.329739707839442e-05,8.657661535361856e-05,0.001081160312740359,-4.329739726018245e-05
1,0.0025715000000003235,0.8680310519197814,-0.0001816810099571908,-12.0,-0.4342880492916366,12.0,-0.001211187998503338,4.341063682816794e-05,4.341063664648693e-05,8.680310519197814e-05,0.001080982966973308,-4.341063682816794e-05
1,0.0025717000000003236,0.8702945795637957,-0.0001815737013328156,-12.0,-0.4354196521496341,12.0,-0.001211350241527562,4.352380784483012e-05,4.352380766325643e-05,8.702945795637957e-05,0.001080805708930793,-4.352380784483013e-05
1,0.0025719000000003238,0.8725567328938181,-0.0001814661060004497,-12.0,-0.4365505674205709,12.0,-0.001211512366443852,4.363691013145703e-05,4.363690994999093e-05,8.725567328938181e-05,0.00108062853892802,-4.363691013145704e-05
1,0.002572100000000324,0.8748175083376015,-0.0001813582241273481,-12.0,-0.4376807933185741,12.0,-0.001211674373031567,4.374994350944468e-05,4.374994332808645e-05,8.748175083376015e-05,0.001080451457280113,-4.374994350944468e-05
1,0.002572300000000324,0.8770769023250653,-0.0001812500558843189,-12.0,-0.4388103280588597,12.0,-0.001211836261070263,4.386290780029753e-05,4.386290761904749e-05,8.770769023250653e-05,0.001080274464302082,-4.386290780029753e-05
1,0.002572500000000324,0.8793349112883222,-0.0001811416014427247,-12.0,-0.4399391698577412,12.0,-0.001211998030339806,4.397580282562985e-05,4.397580264448825e-05,8.793349112883222e-05,0.00108009756030894,-4.397580282562985e-05
1,0.002572700000000324,0.8815915316616798,-0.0001810328609741507,-12.0,-0.4410673169326298,12.0,-0.001212159680620294,4.408862840716556e-05,4.40886282261327e-05,8.815915316616799e-05,0.001079920745615567,-4.408862840716557e-05
1,0.0025729000000003243,0.8838467598816151,-0.0001809238346456854,-12.0,-0.4421947675020145,12.0,-0.001212321211692034,4.420138436673688e-05,4.420138418581304e-05,8.838467598816151e-05,0.001079744020536851,-4.420138436673688e-05
1,0.0025731000000003244,0.8861005923868119,-0.0001808145226346869,-12.0,-0.4433215197855033,12.0,-0.00121248262333571,4.431407052628685e-05,4.431407034547234e-05,8.86100592386812e-05,0.001079567385387524,-4.431407052628687e-05
1,0.0025733000000003245,0.8883530256181762,-0.0001807049251110193,-12.0,-0.4444475720038039,12.0,-0.001212643915332157,4.442668670786929e-05,4.442668652716437e-05,8.883530256181763e-05,0.001079390840482294,-4.442668670786928e-05
1,0.0025735000000003247,0.8906040560188043,-0.0001805950422467673,-12.0,-0.4455729223787227,12.0,-0.001212805087462521,4.45392327336476e-05,4.453923255305255e-05,8.906040560188044e-05,0.001079214386135778,-4.45392327336476e-05
1,0.0025737000000003248,0.8928536800340057,-0.0001804848742155141,-12.0,-0.4466975691331748,12.0,-0.001212966139508199,4.465170842589594e-05,4.465170824541106e-05,8.928536800340058e-05,0.001079038022662536,-4.465170842589593e-05
1,0.002573900000000325,0.8951018941113249,-0.0001803744211928415,-12.0,-0.4478215104911958,12.0,-0.001213127071250833,4.476411360700032e-05,4.476411342662589e-05,8.951018941113249e-05,0.00107886175037706,-4.47641136070003e-05
1,0.002574100000000325,0.8973486947005279,-0.000180263683350057,-12.0,-0.4489447446779258,12.0,-0.001213287882472366,4.487644809945758e-05,4.48764479191939e-05,8.973486947005279e-05,0.001078685569593729,-4.487644809945758e-05
1,0.002574300000000325,0.8995940782536018,-0.0001801526608626314,-12.0,-0.4500672699196215,12.0,-0.001213448572954932,4.498871172587588e-05,4.498871154572322e-05,8.995940782536019e-05,0.00107850948062687,-4.498871172587588e-05
1,0.0025745000000003252,0.9018380412247874,-0.0001800413539075341,-12.0,-0.4511890844436685,12.0,-0.001213609142480983,4.51009043089761e-05,4.510090412893475e-05,9.018380412247874e-05,0.001078333483790765,-4.51009043089761e-05
1,0.0025747000000003253,0.9040805800705637,-0.0001799297626573493,-12.0,-0.4523101864785655,12.0,-0.001213769590833191,4.521302567159081e-05,4.521302549166105e-05,9.040805800705637e-05,0.001078157579399559,-4.521302567159082e-05
1,0.0025749000000003255,0.9063216912496476,-0.0001798178872891021,-12.0,-0.4534305742539363,12.0,-0.001213929917794551,4.532507563666471e-05,4.532507545684683e-05,9.063216912496476e-05,0.001077981767767348,-4.532507563666472e-05
1,0.0025751000000003256,0.9085613712230269,-0.0001797057279807057,-12.0,-0.4545502460005418,12.0,-0.001214090123148215,4.54370540272561e-05,4.543705384755038e-05,9.08561371223027e-05,0.001077806049208187,-4.543705402725611e-05
1,0.0025753000000003257,0.9107996164539433,-0.0001795932849065207,-12.0,-0.4556691999502644,12.0,-0.001214250206677703,4.554896066653579e-05,4.554896048694249e-05,9.107996164539432e-05,0.001077630424035969,-4.554896066653579e-05
1,0.002575500000000326,0.9130364234078951,-0.0001794805582445158,-12.0,-0.45678743433612,12.0,-0.001214410168166702,4.566079537778755e-05,4.566079519830698e-05,9.130364234078952e-05,0.001077454892564604,-4.566079537778754e-05
1,0.002575700000000326,0.9152717885526624,-0.0001793675481734369,-12.0,-0.4579049473922668,12.0,-0.001214570007399232,4.577255798440934e-05,4.57725578050418e-05,9.152717885526624e-05,0.001077279455107834,-4.577255798440934e-05
1,0.002575900000000326,0.9175057083583065,-0.0001792542548711973,-12.0,-0.4590217373540026,12.0,-0.001214729724159556,4.588424830991313e-05,4.588424813065889e-05,9.175057083583065e-05,0.001077104111979379,-4.588424830991314e-05
1,0.002576100000000326,0.9197381792971613,-0.0001791406785152105,-12.0,-0.4601378024577603,12.0,-0.001214889318232153,4.599586617792452e-05,4.599586599878383e-05,9.197381792971614e-05,0.001076928863492851,-4.599586617792451e-05
1,0.0025763000000003262,0.9219691978438446,-0.0001790268192847777,-12.0,-0.4612531409411176,12.0,-0.001215048789401832,4.610741141218328e-05,4.610741123315647e-05,9.219691978438446e-05,0.00107675370996177,-4.610741141218328e-05
1,0.0025765000000003264,0.9241987604752806,-0.0001789126773613647,-12.0,-0.4623677510428091,12.0,-0.001215208137453593,4.621888383654477e-05,4.62188836576321e-05,9.241987604752807e-05,0.001076578651699606,-4.621888383654478e-05
1,0.0025767000000003265,0.9264268636706887,-0.0001787982529222187,-12.0,-0.4634816310027102,12.0,-0.001215367362172745,4.63302832749788e-05,4.633028309618055e-05,9.264268636706888e-05,0.001076403689019748,-4.63302832749788e-05
1,0.0025769000000003266,0.9286535039115819,-0.0001786835461485836,-12.0,-0.4645947790618493,12.0,-0.00121552646334485,4.644160955157007e-05,4.644160937288653e-05,9.286535039115819e-05,0.001076228822235431,-4.644160955157008e-05
1,0.0025771000000003267,0.9308786776817989,-0.0001785685572232576,-12.0,-0.4657071934624198,12.0,-0.001215685440755745,4.655286249051967e-05,4.65528623119511e-05,9.308786776817989e-05,0.001076054051659864,-4.655286249051966e-05
1,0.002577300000000327,0.9331023814674898,-0.0001784532863245425,-12.0,-0.4668188724477646,12.0,-0.001215844294191443,4.666404191614401e-05,4.666404173769072e-05,9.331023814674898e-05,0.001075879377606191,-4.666404191614401e-05
1,0.002577500000000327,0.9353246117571148,-0.000178337733635181,-12.0,-0.4679298142623875,12.0,-0.001216003023438349,4.677514765287523e-05,4.67751474745375e-05,9.353246117571148e-05,0.001075704800387399,-4.677514765287524e-05
1,0.002577700000000327,0.937545365041477,-0.0001782218993391926,-12.0,-0.4690400171519661,12.0,-0.00121616162828303,4.68861795252627e-05,4.688617934704082e-05,9.37545365041477e-05,0.001075530320316459,-4.68861795252627e-05
1,0.002577900000000327,0.9397646378137061,-0.000178105783616378,-12.0,-0.4701494793633355,12.0,-0.001216320108512366,4.69971373579719e-05,4.699713717986612e-05,9.397646378137062e-05,0.001075355937706184,-4.699713735797191e-05
1,0.0025781000000003273,0.9419824265692598,-0.0001779893866508675,-12.0,-0.4712581991445,12.0,-0.001216478463913435,4.710802097578491e-05,4.710802079779554e-05,9.419824265692599e-05,0.001075181652869385,-4.710802097578491e-05
1,0.0025783000000003274,0.9441987278059548,-0.0001778727086277354,-12.0,-0.4723661747446462,12.0,-0.001216636694273694,4.721883020360184e-05,4.721883002572913e-05,9.441987278059548e-05,0.001075007466118667,-4.721883020360184e-05
1,0.0025785000000003275,0.946413538023948,-0.0001777557497276705,-12.0,-0.473473404414123,12.0,-0.001216794799380742,4.732956486643953e-05,4.732956468868379e-05,9.46413538023948e-05,0.001074833377766662,-4.732956486643953e-05
1,0.0025787000000003276,0.948626853725753,-0.0001776385101389111,-12.0,-0.47457988640447,12.0,-0.001216952779022507,4.744022478943311e-05,4.744022461179459e-05,9.48626853725753e-05,0.001074659388125829,-4.744022478943311e-05
1,0.0025789000000003277,0.9508386714162471,-0.0001775209900430341,-12.0,-0.475685618968398,12.0,-0.001217110632987184,4.755080979783551e-05,4.755080962031451e-05,9.508386714162471e-05,0.001074485497508569,-4.75508097978355e-05
1,0.002579100000000328,0.9530489876026598,-0.0001774031896261685,-12.0,-0.4767906003598011,12.0,-0.001217268361063152,4.766131971701749e-05,4.76613195396143e-05,9.530489876026598e-05,0.001074311706227189,-4.766131971701749e-05
1,0.002579300000000328,0.9552577987946083,-0.0001772851090759975,-12.0,-0.4778948288337692,12.0,-0.001217425963039129,4.777175437246932e-05,4.777175419518422e-05,9.552577987946083e-05,0.001074138014593919,-4.777175437246932e-05
1,0.002579500000000328,0.9574651015040769,-0.0001771667485750417,-12.0,-0.4789983026465685,12.0,-0.001217583438704088,4.788211358979935e-05,4.78821134126326e-05,9.57465101504077e-05,0.001073964422920869,-4.788211358979935e-05
1,0.002579700000000328,0.9596708922454344,-0.0001770481083142039,-12.0,-0.4801010200556696,12.0,-0.001217740787847248,4.799239719473555e-05,4.799239701768743e-05,9.596708922454346e-05,0.001073790931520026,-4.799239719473554e-05
1,0.0025799000000003283,0.9618751675354422,-0.0001769291884766155,-12.0,-0.4812029793197279,12.0,-0.001217898010258081,4.810260501312512e-05,4.810260483619594e-05,9.618751675354423e-05,0.001073617540703335,-4.810260501312513e-05
1,0.0025801000000003284,0.964077923893239,-0.000176809989251292,-12.0,-0.4823041786985963,12.0,-0.001218055105726347,4.821273687093449e-05,4.821273669412452e-05,9.64077923893239e-05,0.001073444250782637,-4.82127368709345e-05
1,0.0025803000000003285,0.9662791578403803,-0.0001766905108276928,-12.0,-0.4834046164533369,12.0,-0.00121821207404204,4.832279259425092e-05,4.83227924175604e-05,9.662791578403803e-05,0.001073271062069663,-4.832279259425092e-05
1,0.0025805000000003286,0.968478865900816,-0.0001765707533910033,-12.0,-0.484504290846202,12.0,-0.001218368914995431,4.84327720092811e-05,4.843277183271035e-05,9.68478865900816e-05,0.001073097974876043,-4.84327720092811e-05
1,0.0025807000000003287,0.9706770446009085,-0.0001764507171336804,-12.0,-0.4856032001406619,12.0,-0.001218525628377078,4.854267494235281e-05,4.854267476590211e-05,9.706770446009086e-05,0.001072924989513301,-4.854267494235283e-05
1,0.002580900000000329,0.9728736904694381,-0.0001763304022417422,-12.0,-0.4867013426013857,12.0,-0.001218682213977751,4.86525012199144e-05,4.865250104358399e-05,9.728736904694381e-05,0.001072752106292894,-4.86525012199144e-05
1,0.002581100000000329,0.9750688000375924,-0.0001762098089060915,-12.0,-0.4877987164942534,12.0,-0.001218838671588535,4.876225066853474e-05,4.876225049232493e-05,9.750688000375925e-05,0.001072579325526159,-4.876225066853474e-05
1,0.002581300000000329,0.9772623698390035,-0.0001760889373180752,-12.0,-0.4888953200863682,12.0,-0.001218995001000749,4.887192311490501e-05,4.887192293881608e-05,9.772623698390035e-05,0.001072406647524317,-4.887192311490502e-05
1,0.002581500000000329,0.9794543964097258,-0.0001759677876662091,-12.0,-0.4899911516460401,12.0,-0.001219151202005969,4.898151838583739e-05,4.898151820986961e-05,9.794543964097258e-05,0.001072234072598516,-4.898151838583739e-05
1,0.0025817000000003293,0.9816448762882435,-0.0001758463601421179,-12.0,-0.4910862094427985,12.0,-0.001219307274396043,4.909103630826564e-05,4.909103613241928e-05,9.816448762882435e-05,0.001072061601059784,-4.909103630826564e-05
1,0.0025819000000003294,0.983833806015498,-0.0001757246549388136,-12.0,-0.4921804917474037,12.0,-0.001219463217963103,4.92004767092465e-05,4.920047653352185e-05,9.83833806015498e-05,0.001071889233219062,-4.92004767092465e-05
1,0.0025821000000003295,0.9860211821348726,-0.0001756026722458115,-12.0,-0.4932739968318317,12.0,-0.001219619032499522,4.93098394159586e-05,4.930983924035592e-05,9.860211821348726e-05,0.001071716969387161,-4.93098394159586e-05
1,0.0025823000000003296,0.9882070011921942,-0.0001754804122561793,-12.0,-0.4943667229692855,12.0,-0.001219774717797953,4.941912425570292e-05,4.941912408022253e-05,9.882070011921943e-05,0.001071544809874807,-4.941912425570293e-05
1,0.0025825000000003298,0.9903912597357638,-0.000175357875164539,-12.0,-0.4954586684342074,12.0,-0.001219930273651276,4.952833105590431e-05,4.952833088054642e-05,9.903912597357639e-05,0.001071372754992618,-4.952833105590429e-05
1,0.00258270000000033,0.992573954316342,-0.0001752350611612941,-12.0,-0.4965498315022637,12.0,-0.001220085699852699,4.963745964411023e-05,4.963745946887517e-05,9.92573954316342e-05,0.00107120080505111,-4.963745964411024e-05
1,0.00258290000000033,0.994755081487149,-0.0001751119704410109,-12.0,-0.4976402104503556,12.0,-0.00122024099619561,4.974650984799146e-05,4.97465096728795e-05,9.94755081487149e-05,0.001071028960360709,-4.974650984799146e-05
1,0.00258310000000033,0.9969346378038896,-0.0001749886031988668,-12.0,-0.4987298035566292,12.0,-0.001220396162473721,4.985548149534305e-05,4.985548132035443e-05,9.969346378038897e-05,0.00107085722123168,-4.985548149534304e-05
1,0.00258330000000033,0.9991126198247563,-0.0001748649596289287,-12.0,-0.4998186091004712,12.0,-0.001220551198481037,4.996437441408423e-05,4.996437423921926e-05,9.991126198247563e-05,0.001070685587974199,-4.996437441408423e-05
1,0.0025835000000003303,1.001289024110417,-0.0001747410399248195,-12.0,-0.5009066253625061,12.0,-0.001220706104011704,5.007318843225813e-05,5.007318825751709e-05,0.0001001289024110417,0.001070514060898427,-5.007318843225813e-05
1,0.0025837000000003304,1.003463847224024,-0.0001746168442826046,-12.0,-0.5019938506246044,12.0,-0.001220860878860287,5.018192337803218e-05,5.018192320341535e-05,0.0001003463847224024,0.001070342640314241,-5.018192337803218e-05
1,0.0025839000000003306,1.005637085731244,-0.0001744923728997927,-12.0,-0.5030802831698954,12.0,-0.001221015522821535,5.029057907969956e-05,5.029057890520719e-05,0.0001005637085731244,0.00107017132653156,-5.029057907969956e-05
1,0.0025841000000003307,1.007808736200239,-0.0001743676259698956,-12.0,-0.5041659212827506,12.0,-0.00122117003569043,5.039915536567807e-05,5.039915519131044e-05,0.0001007808736200239,0.001070000119860116,-5.039915536567808e-05
1,0.0025843000000003308,1.009978795201669,-0.0001742426036906441,-12.0,-0.5052507632487963,12.0,-0.001221324417262262,5.050765206451056e-05,5.050765189026796e-05,0.0001009978795201669,0.001069829020609557,-5.050765206451056e-05
1,0.002584500000000331,1.012147259308721,-0.0001741173062609347,-12.0,-0.5063348073549249,12.0,-0.001221478667332583,5.061606900486641e-05,5.06160688307491e-05,0.0001012147259308721,0.00106965802908944,-5.061606900486639e-05
1,0.002584700000000331,1.014314125097099,-0.0001739917338752228,-12.0,-0.5074180518892798,12.0,-0.001221632785697223,5.072440601554045e-05,5.072440584154872e-05,0.0001014314125097099,0.001069487145609116,-5.072440601554046e-05
1,0.002584900000000331,1.016479389145017,-0.0001738658867330711,-12.0,-0.508500495141267,12.0,-0.001221786772152261,5.08326629254534e-05,5.083266275158751e-05,0.0001016479389145017,0.001069316370477913,-5.08326629254534e-05
1,0.0025851000000003312,1.018643048033232,-0.0001737397650334871,-12.0,-0.5095821354015639,12.0,-0.001221940626494042,5.094083956365305e-05,5.094083938991329e-05,0.0001018643048033232,0.001069145704005021,-5.094083956365305e-05
1,0.0025853000000003313,1.020805098345044,-0.0001736133689756447,-12.0,-0.5106629709621191,12.0,-0.001222094348519137,5.104893575931434e-05,5.104893558570098e-05,0.0001020805098345044,0.001068975146499521,-5.104893575931435e-05
1,0.0025855000000003315,1.022965536666268,-0.0001734866987549988,-12.0,-0.5117430001161333,12.0,-0.001222247938024452,5.115695134173783e-05,5.115695116825113e-05,0.0001022965536666268,0.001068804698270351,-5.115695134173783e-05
1,0.0025857000000003316,1.025124359585274,-0.0001733597545763854,-12.0,-0.5128222211580993,12.0,-0.001222401394807143,5.126488614035229e-05,5.126488596699253e-05,0.0001025124359585274,0.001068634359626341,-5.126488614035229e-05
1,0.0025859000000003317,1.027281563693006,-0.0001732325366383125,-12.0,-0.5139006323837858,12.0,-0.001222554718664573,5.137273998471476e-05,5.137273981148223e-05,0.0001027281563693006,0.001068464130876259,-5.137273998471475e-05
1,0.002586100000000332,1.02943714558293,-0.0001731050451377336,-12.0,-0.5149782320902221,12.0,-0.001222707909394424,5.148051270450843e-05,5.148051253140338e-05,0.000102943714558293,0.001068294012328663,-5.148051270450844e-05
1,0.002586300000000332,1.031591101851086,-0.0001729772802810947,-12.0,-0.5160550185757373,12.0,-0.001222860966794637,5.158820412954562e-05,5.158820395656834e-05,0.0001031591101851086,0.001068124004292063,-5.158820412954562e-05
1,0.002586500000000332,1.033743429096101,-0.0001728492422677363,-12.0,-0.5171309901399446,12.0,-0.00122301389066342,5.169581408976768e-05,5.169581391691845e-05,0.0001033743429096101,0.001067954107074789,-5.169581408976769e-05
1,0.002586700000000332,1.035894123919143,-0.0001727209312964995,-12.0,-0.5182061450837259,12.0,-0.001223166680799234,5.180334241524293e-05,5.1803342242522e-05,0.0001035894123919144,0.001067784320985109,-5.180334241524294e-05
1,0.0025869000000003322,1.03804318292397,-0.0001725923475747182,-12.0,-0.5192804817092708,12.0,-0.001223319337000775,5.191078893616962e-05,5.191078876357727e-05,0.000103804318292397,0.001067614646331164,-5.191078893616961e-05
1,0.0025871000000003324,1.040190602716939,-0.0001724634913026768,-12.0,-0.5203539983200582,12.0,-0.001223471859067092,5.201815348287556e-05,5.201815331041209e-05,0.0001040190602716939,0.001067445083420916,-5.201815348287555e-05
1,0.0025873000000003325,1.042336379906975,-0.0001723343626830465,-12.0,-0.5214266932208559,12.0,-0.001223624246797436,5.21254358858173e-05,5.212543571348292e-05,0.0001042336379906975,0.001067275632562259,-5.212543588581729e-05
1,0.0025875000000003326,1.0444805111056,-0.0001722049619195531,-12.0,-0.5224985647177292,12.0,-0.001223776499991322,5.223263597558096e-05,5.2232635803376e-05,0.00010444805111056,0.001067106294062953,-5.223263597558097e-05
1,0.0025877000000003327,1.046622992926945,-0.0001720752892180322,-12.0,-0.5235696111180524,12.0,-0.001223928618448528,5.233975358288345e-05,5.233975341080816e-05,0.0001046622992926945,0.001066937068230647,-5.233975358288345e-05
1,0.002587900000000333,1.04876382198774,-0.0001719453447807662,-12.0,-0.5246398307304946,12.0,-0.001224080601969137,5.244678853857139e-05,5.244678836662604e-05,0.000104876382198774,0.001066767955372798,-5.244678853857139e-05
1,0.002588100000000333,1.050902994907317,-0.0001718151288130909,-12.0,-0.5257092218650294,12.0,-0.001224232450353475,5.255374067362164e-05,5.25537405018065e-05,0.0001050902994907317,0.001066598955796833,-5.255374067362164e-05
1,0.002588300000000333,1.053040508307638,-0.0001716846415221185,-12.0,-0.5267777828329486,12.0,-0.00122438416340212,5.266060981914267e-05,5.266060964745801e-05,0.0001053040508307638,0.001066430069809998,-5.266060981914265e-05
1,0.002588500000000333,1.05517635881328,-0.0001715538831110197,-12.0,-0.5278455119468455,12.0,-0.001224535740915959,5.276739580637345e-05,5.276739563481957e-05,0.000105517635881328,0.00106626129771939,-5.276739580637344e-05
1,0.0025887000000003333,1.057310543051436,-0.0001714228537869067,-12.0,-0.528912407520627,12.0,-0.001224687182696076,5.287409846668401e-05,5.287409829526115e-05,0.0001057310543051436,0.001066092639832046,-5.287409846668401e-05
1,0.0025889000000003334,1.059443057651942,-0.0001712915537572801,-12.0,-0.5299784678695223,12.0,-0.001224838488543899,5.298071763157649e-05,5.298071746028496e-05,0.0001059443057651942,0.001065924096454812,-5.29807176315765e-05
1,0.0025891000000003335,1.061573899247277,-0.0001711599832296407,-12.0,-0.5310436913100828,12.0,-0.00122498965826108,5.308725313268531e-05,5.308725296152532e-05,0.0001061573899247277,0.001065755667894429,-5.308725313268532e-05
1,0.0025893000000003336,1.063703064472541,-0.0001710281424074367,-12.0,-0.5321080761601631,12.0,-0.001225140691649508,5.319370480177557e-05,5.319370463074743e-05,0.0001063703064472541,0.001065587354457553,-5.319370480177557e-05
1,0.0025895000000003337,1.065830549965489,-0.0001708960315036645,-12.0,-0.5331716207389604,12.0,-0.001225291588511403,5.330007247074568e-05,5.330007229984965e-05,0.0001065830549965489,0.001065419156450614,-5.330007247074567e-05
1,0.002589700000000334,1.067956352366545,-0.0001707636507242705,-12.0,-0.5342343233669955,12.0,-0.001225442348649214,5.340635597162713e-05,5.340635580086347e-05,0.0001067956352366545,0.001065251074179978,-5.340635597162713e-05
1,0.002589900000000334,1.070080468318774,-0.0001706310002773104,-12.0,-0.535296182366113,12.0,-0.001225592971865669,5.351255513658356e-05,5.351255496595258e-05,0.0001070080468318774,0.001065083107951892,-5.351255513658358e-05
1,0.002590100000000334,1.0722028944679,-0.0001704980803725054,-12.0,-0.5363571960594895,12.0,-0.001225743457963731,5.36186697979117e-05,5.361866962741362e-05,0.00010722028944679,0.001064915258072424,-5.36186697979117e-05
1,0.002590300000000334,1.07432362746233,-0.0001703648912210198,-12.0,-0.5374173627716458,12.0,-0.001225893806746703,5.372469978804248e-05,5.372469961767758e-05,0.000107432362746233,0.001064747524847476,-5.372469978804248e-05
1,0.0025905000000003343,1.076442663953142,-0.0001702314330303545,-12.0,-0.5384766808284306,12.0,-0.001226044018018062,5.383064493954003e-05,5.38306447693086e-05,0.0001076442663953142,0.001064579908582941,-5.383064493954002e-05
1,0.0025907000000003344,1.078560000594077,-0.0001700977060117848,-12.0,-0.5395351485570332,12.0,-0.001226194091581603,5.393650508510214e-05,5.393650491500444e-05,0.0001078560000594077,0.001064412409584485,-5.393650508510215e-05
1,0.0025909000000003345,1.080675634041581,-0.0001699637103779739,-12.0,-0.5405927642859948,12.0,-0.001226344027241429,5.404228005756168e-05,5.404227988759797e-05,0.0001080675634041581,0.001064245028157607,-5.404228005756169e-05
1,0.0025911000000003346,1.082789560954784,-0.0001698294463375882,-12.0,-0.5416495263451925,12.0,-0.00122649382480184,5.414796968988549e-05,5.414796952005605e-05,0.0001082789560954784,0.001064077764607749,-5.414796968988549e-05
1,0.0025913000000003347,1.084901777995496,-0.0001696949141031801,-12.0,-0.5427054330658521,12.0,-0.00122664348406739,5.425357381517489e-05,5.425357364547998e-05,0.0001084901777995496,0.001063910619240202,-5.425357381517488e-05
1,0.002591500000000335,1.087012281828249,-0.0001695601138884673,-12.0,-0.5437604827805583,12.0,-0.00122679300484297,5.435909226666699e-05,5.435909209710688e-05,0.0001087012281828249,0.001063743592360097,-5.435909226666699e-05
1,0.002591700000000335,1.08912106912027,-0.0001694250459036706,-12.0,-0.544814673823241,12.0,-0.001226942386933709,5.446452487773373e-05,5.44645247083087e-05,0.000108912106912027,0.001063576684272392,-5.446452487773374e-05
1,0.002591900000000335,1.091228136541489,-0.000169289710362619,-12.0,-0.5458680045291856,12.0,-0.001227091630144984,5.456987148188231e-05,5.456987131259259e-05,0.0001091228136541489,0.001063409895281968,-5.45698714818823e-05
1,0.002592100000000335,1.093333480764567,-0.0001691541074800851,-12.0,-0.5469204732350449,12.0,-0.001227240734282459,5.467513191275648e-05,5.467513174360237e-05,0.0001093333480764567,0.001063243225693553,-5.467513191275648e-05
1,0.0025923000000003353,1.095437098464877,-0.0001690182374671223,-12.0,-0.5479720782788213,12.0,-0.001227389699152044,5.478030600413543e-05,5.478030583511719e-05,0.0001095437098464877,0.001063076675811729,-5.478030600413542e-05
1,0.0025925000000003354,1.09753898632052,-0.0001688821005412233,-12.0,-0.549022817999893,12.0,-0.001227538524559972,5.488539358993518e-05,5.488539342105309e-05,0.000109753898632052,0.001062910245940893,-5.488539358993519e-05
1,0.0025927000000003355,1.09963914101233,-0.0001687456969136081,-12.0,-0.5500726907389925,12.0,-0.001227687210312668,5.499039450420789e-05,5.499039433546218e-05,0.000109963914101233,0.001062743936385363,-5.499039450420789e-05
1,0.0025929000000003356,1.101737559223877,-0.000168609026802935,-12.0,-0.5511216948382333,12.0,-0.001227835756216884,5.509530858114303e-05,5.509530841253402e-05,0.0001101737559223877,0.00106257774744925,-5.509530858114303e-05
1,0.0025931000000003358,1.103834237641477,-0.0001684720904216452,-12.0,-0.5521698286410918,12.0,-0.001227984162079601,5.520013565506701e-05,5.520013548659492e-05,0.0001103834237641477,0.001062411679436624,-5.520013565506701e-05
1,0.002593300000000336,1.105929172954179,-0.0001683348879868429,-12.0,-0.5532170904924187,12.0,-0.001228132427708063,5.530487556044319e-05,5.53048753921083e-05,0.0001105929172954179,0.001062245732651311,-5.530487556044319e-05
1,0.002593500000000336,1.108022361853804,-0.0001681974197162428,-12.0,-0.5542634787384507,12.0,-0.001228280552909827,5.540952813187344e-05,5.540952796367603e-05,0.0001108022361853804,0.001062079907397026,-5.540952813187346e-05
1,0.002593700000000336,1.110113801034923,-0.0001680596858241734,-12.0,-0.5553089917267947,12.0,-0.001228428537492686,5.551409320409705e-05,5.551409303603736e-05,0.0001110113801034923,0.001061914203977339,-5.551409320409706e-05
1,0.002593900000000336,1.11220348719486,-0.0001679216865287936,-12.0,-0.5563536278064402,12.0,-0.001228576381264716,5.561857061199113e-05,5.561857044406944e-05,0.000111220348719486,0.00106174862269566,-5.561857061199114e-05
1,0.0025941000000003363,1.114291417033723,-0.0001677834220493724,-12.0,-0.5573973853277701,12.0,-0.001228724084034231,5.572296019057206e-05,5.572296002278865e-05,0.0001114291417033724,0.001061583163855281,-5.572296019057207e-05
1,0.0025943000000003364,1.116377587254386,-0.0001676448926007379,-12.0,-0.5584402626425429,12.0,-0.001228871645609822,5.582726177499422e-05,5.582726160734934e-05,0.0001116377587254386,0.001061417827759314,-5.582726177499422e-05
1,0.0025945000000003366,1.118461994562501,-0.0001675060984048238,-12.0,-0.5594822581039188,12.0,-0.001229019065800398,5.59314752005514e-05,5.593147503304531e-05,0.0001118461994562501,0.001061252614710739,-5.59314752005514e-05
1,0.0025947000000003367,1.120544635666511,-0.0001673670396773463,-12.0,-0.5605233700664419,12.0,-0.001229166344415063,5.603560030267647e-05,5.603560013530942e-05,0.0001120544635666511,0.00106108752501239,-5.603560030267646e-05
1,0.0025949000000003368,1.122625507277632,-0.0001672277166389069,-12.0,-0.5615635968860513,12.0,-0.00122931348126324,5.613963691694124e-05,5.613963674971353e-05,0.0001122625507277632,0.001060922558966934,-5.613963691694124e-05
1,0.002595100000000337,1.124704606109892,-0.0001670881295104953,-12.0,-0.5626029369200928,12.0,-0.001229460476154597,5.624358487905823e-05,5.624358471197011e-05,0.0001124704606109892,0.001060757716876901,-5.624358487905823e-05
1,0.002595300000000337,1.126781928880111,-0.000166948278510104,-12.0,-0.5636413885273036,12.0,-0.001229607328899048,5.634744402487936e-05,5.634744385793107e-05,0.0001126781928880111,0.001060592999044666,-5.634744402487935e-05
1,0.002595500000000337,1.128857472307908,-0.0001668081638588892,-12.0,-0.5646789500678241,12.0,-0.001229754039306842,5.645121419039652e-05,5.645121402358835e-05,0.0001128857472307908,0.001060428405772453,-5.645121419039652e-05
1,0.0025957000000003372,1.130931233115724,-0.0001666677857792287,-12.0,-0.5657156199032086,12.0,-0.001229900607188396,5.655489521174293e-05,5.655489504507515e-05,0.0001130931233115724,0.001060263937362332,-5.655489521174295e-05
1,0.0025959000000003373,1.133003208028809,-0.0001665271444902805,-12.0,-0.5667513963964113,12.0,-0.001230047032354541,5.665848692519209e-05,5.665848675866496e-05,0.0001133003208028809,0.001060099594116175,-5.66584869251921e-05
1,0.0025961000000003375,1.135073393775224,-0.0001663862402146443,-12.0,-0.5677862779117965,12.0,-0.001230193314616213,5.676198916715818e-05,5.676198900077194e-05,0.0001135073393775224,0.001059935376335794,-5.676198916715818e-05
1,0.0025963000000003376,1.137141787085872,-0.0001662450731762521,-12.0,-0.5688202628151511,12.0,-0.001230339453784736,5.686540177419748e-05,5.686540160795242e-05,0.0001137141787085872,0.001059771284322747,-5.686540177419748e-05
1,0.0025965000000003377,1.139208384694476,-0.000166103643594484,-12.0,-0.5698533494736658,12.0,-0.001230485449671623,5.696872458300714e-05,5.696872441690351e-05,0.0001139208384694476,0.001059607318378529,-5.696872458300714e-05
1,0.002596700000000338,1.141273183337597,-0.000165961951695881,-12.0,-0.5708855362559618,12.0,-0.001230631302088725,5.70719574304266e-05,5.707195726446465e-05,0.0001141273183337597,0.001059443478804385,-5.707195743042659e-05
1,0.002596900000000338,1.143336179754638,-0.0001658199977001007,-12.0,-0.5719168215320692,12.0,-0.001230777010848116,5.717510015343692e-05,5.717509998761692e-05,0.0001143336179754638,0.001059279765901464,-5.717510015343692e-05
1,0.002597100000000338,1.145397370687847,-0.0001656777818350164,-12.0,-0.572947203673454,12.0,-0.001230922575762149,5.72781525891619e-05,5.727815242348411e-05,0.0001145397370687847,0.001059116179970725,-5.727815258916189e-05
1,0.002597300000000338,1.147456752882327,-0.0001655353043216734,-12.0,-0.5739766810529988,12.0,-0.001231067996643423,5.738111457486772e-05,5.738111440933243e-05,0.0001147456752882327,0.001058952721313011,-5.738111457486773e-05
1,0.0025975000000003383,1.149514323086023,-0.0001653925653856692,-12.0,-0.5750052520450156,12.0,-0.00123121327330486,5.748398594796301e-05,5.748398578257044e-05,0.0001149514323086023,0.00105878939022893,-5.7483985947963e-05
1,0.0025977000000003384,1.15157007804976,-0.0001652495652537667,-12.0,-0.5760329150252562,12.0,-0.001231358405559595,5.758676654600025e-05,5.758676638075069e-05,0.000115157007804976,0.001058626187019011,-5.758676654600025e-05
1,0.0025979000000003385,1.153624014527222,-0.0001651063041488987,-12.0,-0.5770596683708975,12.0,-0.001231503393221076,5.768945620667486e-05,5.768945604156857e-05,0.0001153624014527222,0.001058463111983557,-5.768945620667486e-05
1,0.0025981000000003386,1.155676129274957,-0.0001649627822979949,-12.0,-0.5780855104605531,12.0,-0.001231648236102958,5.779205476782551e-05,5.779205460286273e-05,0.0001155676129274957,0.001058300165422757,-5.779205476782552e-05
1,0.0025983000000003387,1.157726419052401,-0.000164818999929095,-12.0,-0.579110439674284,12.0,-0.001231792934019253,5.789456206743549e-05,5.789456190261648e-05,0.0001157726419052401,0.001058137347636587,-5.789456206743549e-05
1,0.002598500000000339,1.159774880621871,-0.000164674957266131,-12.0,-0.5801344543935841,12.0,-0.00123193748678415,5.799697794363179e-05,5.799697777895685e-05,0.0001159774880621871,0.001057974658924939,-5.79969779436318e-05
1,0.002598700000000339,1.161821510748558,-0.0001645306545374203,-12.0,-0.5811575530013917,12.0,-0.001232081894212166,5.809930223468543e-05,5.809930207015478e-05,0.0001161821510748558,0.001057812099587441,-5.809930223468543e-05
1,0.002598900000000339,1.163866306200558,-0.0001643860919713913,-12.0,-0.5821797338820971,12.0,-0.001232226156118107,5.820153477901258e-05,5.820153461462649e-05,0.0001163866306200558,0.00105764966992361,-5.820153477901258e-05
1,0.002599100000000339,1.165909263748873,-0.0001642412697960838,-12.0,-0.5832009954215431,12.0,-0.001232370272316936,5.83036754151747e-05,5.830367525093343e-05,0.0001165909263748873,0.001057487370232819,-5.830367541517471e-05
1,0.0025993000000003393,1.167950380167381,-0.0001640961882364289,-12.0,-0.5842213360070068,12.0,-0.001232514242623994,5.840572398187704e-05,5.840572381778085e-05,0.0001167950380167381,0.001057325200814231,-5.840572398187703e-05
1,0.0025995000000003394,1.169989652232878,-0.0001639508475261287,-12.0,-0.5852407540272367,12.0,-0.001232658066854873,5.850768031797105e-05,5.850768015402023e-05,0.0001169989652232878,0.001057163161966836,-5.850768031797107e-05
1,0.0025997000000003395,1.172027076725095,-0.0001638052478925567,-12.0,-0.5862592478724387,12.0,-0.001232801744825408,5.860954426245462e-05,5.860954409864936e-05,0.0001172027076725095,0.001057001253989491,-5.860954426245462e-05
1,0.0025999000000003396,1.174062650426646,-0.000163659389562365,-12.0,-0.5872768159342602,12.0,-0.001232945276351691,5.871131565446979e-05,5.87113154908104e-05,0.0001174062650426646,0.001056839477180875,-5.871131565446979e-05
1,0.0026001000000003397,1.176096370123081,-0.0001635132727700328,-12.0,-0.5882934566058281,12.0,-0.001233088661250131,5.88129943333058e-05,5.881299416979254e-05,0.0001176096370123081,0.001056677831839492,-5.88129943333058e-05
1,0.00260030000000034,1.178128232602891,-0.0001633668977442659,-12.0,-0.5893091682817311,12.0,-0.001233231899337356,5.891458013839868e-05,5.891457997503178e-05,0.0001178128232602891,0.001056516318263652,-5.891458013839868e-05
1,0.00260050000000034,1.180158234657487,-0.0001632202647150471,-12.0,-0.5903239493580188,12.0,-0.001233374990430303,5.901607290933037e-05,5.90160727461101e-05,0.0001180158234657487,0.001056354936751547,-5.901607290933038e-05
1,0.00260070000000034,1.182186373081211,-0.0001630733739140244,-12.0,-0.5913377982322104,12.0,-0.00123351793434609,5.911747248582965e-05,5.911747232275627e-05,0.0001182186373081212,0.001056193687601174,-5.911747248582964e-05
1,0.00260090000000034,1.184212644671365,-0.0001629262255742336,-12.0,-0.5923507133033061,12.0,-0.001233660730902267,5.921877870777319e-05,5.921877854484697e-05,0.0001184212644671365,0.00105603257111031,-5.921877870777319e-05
1,0.0026011000000003403,1.18623704622819,-0.0001627788199256575,-12.0,-0.5933626929717718,12.0,-0.001233803379916507,5.931999141518463e-05,5.931999125240579e-05,0.000118623704622819,0.001055871587576612,-5.931999141518461e-05
1,0.0026013000000003404,1.188259574554873,-0.0001626311572016648,-12.0,-0.5943737356395505,12.0,-0.001233945881206788,5.942111044823489e-05,5.942111028560373e-05,0.0001188259574554873,0.001055710737297572,-5.942111044823489e-05
1,0.0026015000000003405,1.190280226457573,-0.0001624832376364016,-12.0,-0.5953838397100737,12.0,-0.001234088234591424,5.952213564724373e-05,5.952213548476049e-05,0.0001190280226457573,0.001055550020570464,-5.952213564724374e-05
1,0.0026017000000003406,1.192298998745408,-0.0001623350614608499,-12.0,-0.5963930035882462,12.0,-0.001234230439888892,5.962306685267853e-05,5.962306669034347e-05,0.0001192298998745409,0.001055389437692414,-5.962306685267853e-05
1,0.0026019000000003407,1.194315888230454,-0.0001621866289097107,-12.0,-0.5974012256804578,12.0,-0.001234372496918018,5.972390390515482e-05,5.972390374296818e-05,0.0001194315888230454,0.001055228988960377,-5.972390390515481e-05
1,0.002602100000000341,1.19633089172777,-0.0001620379402177963,-12.0,-0.5984085043945909,12.0,-0.001234514405497877,5.982464664543731e-05,5.982464648339938e-05,0.000119633089172777,0.001055068674671068,-5.982464664543732e-05
1,0.002602300000000341,1.198344006055401,-0.0001618889956200298,-12.0,-0.5994148381400206,12.0,-0.001234656165447781,5.992529491444007e-05,5.992529475255107e-05,0.0001198344006055401,0.001054908495121146,-5.992529491444006e-05
1,0.002602500000000341,1.200355228034357,-0.0001617397953473931,-12.0,-0.6004202253275973,12.0,-0.001234797776587332,6.0025848553225e-05,6.002584839148519e-05,0.0001200355228034357,0.001054748450606963,-6.0025848553225e-05
1,0.002602700000000341,1.202364554488638,-0.0001615903396403051,-12.0,-0.601424664369683,12.0,-0.001234939238736452,6.012630740300427e-05,6.012630724141394e-05,0.0001202364554488638,0.001054588541424782,-6.012630740300427e-05
1,0.0026029000000003413,1.204371982245263,-0.0001614406287327452,-12.0,-0.6024281536801371,12.0,-0.001235080551715242,6.022667130514045e-05,6.022667114369979e-05,0.0001204371982245263,0.001054428767870638,-6.022667130514044e-05
1,0.0026031000000003414,1.206377508134217,-0.0001612906628575828,-12.0,-0.6034306916743016,12.0,-0.001235221715344112,6.03269401011444e-05,6.032693993985375e-05,0.0001206377508134217,0.001054269130240398,-6.032694010114441e-05
1,0.0026033000000003415,1.208381128988498,-0.0001611404422562357,-12.0,-0.6044322767690379,12.0,-0.001235362729443773,6.042711363267815e-05,6.042711347153771e-05,0.0001208381128988498,0.001054109628829764,-6.042711363267817e-05
1,0.0026035000000003417,1.210382841644128,-0.0001609899671635162,-12.0,-0.605432907382709,12.0,-0.001235503593835147,6.052719174155456e-05,6.052719158056459e-05,0.0001210382841644128,0.001053950263934213,-6.052719174155456e-05
1,0.0026037000000003418,1.212382642940128,-0.0001608392378159573,-12.0,-0.6064325819351801,12.0,-0.001235644308339459,6.062717426973641e-05,6.062717410889717e-05,0.0001212382642940128,0.001053791035849086,-6.062717426973642e-05
1,0.002603900000000342,1.214380529718531,-0.0001606882544517574,-12.0,-0.6074312988478257,12.0,-0.001235784872778201,6.07270610593374e-05,6.072706089864914e-05,0.0001214380529718531,0.00105363194486955,-6.072706105933739e-05
1,0.002604100000000342,1.21637649882441,-0.0001605370173103915,-12.0,-0.608429056543541,12.0,-0.001235925286973166,6.082685195262306e-05,6.082685179208604e-05,0.000121637649882441,0.001053472991290501,-6.082685195262306e-05
1,0.002604300000000342,1.21837054710586,-0.0001603855266282816,-12.0,-0.6094258534467277,12.0,-0.00123606555074629,6.092654679200994e-05,6.092654663162442e-05,0.000121837054710586,0.001053314175406744,-6.092654679200995e-05
1,0.0026045000000003422,1.220362671413998,-0.000160233782645125,-12.0,-0.6104216879833045,12.0,-0.001236205663919965,6.102614542006594e-05,6.102614525983216e-05,0.0001220362671413998,0.00105315549751285,-6.102614542006595e-05
1,0.0026047000000003423,1.222352868602996,-0.0001600817856018955,-12.0,-0.6114165585807185,12.0,-0.001236345626316693,6.112564767951168e-05,6.112564751942989e-05,0.0001222352868602996,0.001052996957903216,-6.112564767951166e-05
1,0.0026049000000003424,1.224341135530062,-0.0001599295357359032,-12.0,-0.6124104636679304,12.0,-0.00123648543775931,6.122505341321947e-05,6.122505325328992e-05,0.0001224341135530063,0.001052838556872056,-6.122505341321944e-05
1,0.0026051000000003426,1.226327469055447,-0.000159777033287789,-12.0,-0.6134034016754255,12.0,-0.001236625098070973,6.132436246421377e-05,6.132436230443673e-05,0.0001226327469055447,0.001052680294713372,-6.132436246421378e-05
1,0.0026053000000003427,1.228311866042464,-0.0001596242784999147,-12.0,-0.6143953710352248,12.0,-0.001236764607074989,6.142357467567248e-05,6.14235745160482e-05,0.0001228311866042464,0.00105252217172102,-6.142357467567248e-05
1,0.002605500000000343,1.230294323357483,-0.0001594712716109226,-12.0,-0.6153863701808705,12.0,-0.001236903964595013,6.152268989092596e-05,6.152268973145469e-05,0.0001230294323357483,0.001052364188188631,-6.152268989092596e-05
1,0.002605700000000343,1.232274837869925,-0.0001593180128626748,-12.0,-0.6163763975474369,12.0,-0.001237043170454977,6.162170795345741e-05,6.16217077941394e-05,0.0001232274837869925,0.001052206344409654,-6.162170795345743e-05
1,0.002605900000000343,1.234253406452293,-0.0001591645024981436,-12.0,-0.6173654515715384,12.0,-0.001237182224479064,6.172062870690403e-05,6.172062854773953e-05,0.0001234253406452293,0.001052048640677324,-6.172062870690403e-05
1,0.002606100000000343,1.236230025980162,-0.0001590107407589136,-12.0,-0.6183535306913266,12.0,-0.001237321126491664,6.181945199505679e-05,6.181945183604603e-05,0.0001236230025980162,0.001051891077284761,-6.181945199505677e-05
1,0.0026063000000003432,1.23820469333218,-0.0001588567278862918,-12.0,-0.6193406333464868,12.0,-0.001237459876317529,6.191817766186008e-05,6.191817750300332e-05,0.000123820469333218,0.001051733654524829,-6.191817766186005e-05
1,0.0026065000000003434,1.240177405390072,-0.0001587024641238055,-12.0,-0.6203267579782463,12.0,-0.001237598473781687,6.201680555141225e-05,6.20168053927098e-05,0.0001240177405390072,0.001051576372690155,-6.201680555141225e-05
1,0.0026067000000003435,1.242148159038663,-0.000158547949716481,-12.0,-0.6213119030293855,12.0,-0.001237736918709348,6.211533550796692e-05,6.211533534941895e-05,0.0001242148159038663,0.001051419232073282,-6.21153355079669e-05
1,0.0026069000000003436,1.244116951165866,-0.0001583931849054587,-12.0,-0.622296066944223,12.0,-0.001237875210926026,6.221376737593176e-05,6.221376721753859e-05,0.0001244116951165866,0.001051262232966511,-6.221376737593177e-05
1,0.0026071000000003437,1.246083778662684,-0.0001582381699355428,-12.0,-0.6232792481686268,12.0,-0.001238013350257514,6.231210099986914e-05,6.231210084163097e-05,0.0001246083778662684,0.001051105375661908,-6.231210099986912e-05
1,0.002607300000000344,1.248048638423233,-0.0001580829050530919,-12.0,-0.6242614451500252,12.0,-0.001238151336529908,6.241033622449723e-05,6.241033606641431e-05,0.0001248048638423233,0.001050948660451363,-6.241033622449721e-05
1,0.002607500000000344,1.250011527344735,-0.0001579273905004674,-12.0,-0.6252426563373923,12.0,-0.001238289169569501,6.250847289468918e-05,6.25084727367618e-05,0.0001250011527344736,0.001050792087626595,-6.250847289468918e-05
1,0.002607700000000344,1.251972442327514,-0.0001577716265238616,-12.0,-0.6262228801812589,12.0,-0.001238426849202917,6.260651085547351e-05,6.260651069770189e-05,0.0001251972442327514,0.001050635657479121,-6.260651085547351e-05
1,0.002607900000000344,1.253931380275023,-0.0001576156133702988,-12.0,-0.6272021151337234,12.0,-0.001238564375257017,6.270444995203531e-05,6.270444979441969e-05,0.0001253931380275023,0.00105047937030027,-6.270444995203531e-05
1,0.0026081000000003443,1.255888338093837,-0.0001574593512834732,-12.0,-0.6281803596484371,12.0,-0.001238701747558926,6.280229002971537e-05,6.2802289872256e-05,0.0001255888338093837,0.0010503232263811,-6.280229002971536e-05
1,0.0026083000000003444,1.257843312693642,-0.0001573028405110199,-12.0,-0.6291576121806159,12.0,-0.001238838965936073,6.290003093401048e-05,6.290003077670765e-05,0.0001257843312693642,0.001050167226012526,-6.290003093401049e-05
1,0.0026085000000003445,1.259796300987275,-0.0001571460813012404,-12.0,-0.6301338711870502,12.0,-0.001238976030216152,6.29976725105749e-05,6.299767235342881e-05,0.0001259796300987275,0.001050011369485286,-6.29976725105749e-05
1,0.0026087000000003446,1.2617472998907,-0.0001569890738983282,-12.0,-0.631109135126088,12.0,-0.001239112940227008,6.309521460521898e-05,6.30952144482299e-05,0.00012617472998907,0.001049855657089885,-6.309521460521896e-05
1,0.0026089000000003447,1.263696306323024,-0.0001568318185532491,-12.0,-0.6320834024576601,12.0,-0.001239249695796973,6.319265706391069e-05,6.319265690707888e-05,0.0001263696306323024,0.001049700089116597,-6.319265706391069e-05
1,0.002609100000000345,1.265643317206506,-0.000156674315510974,-12.0,-0.6330566716432627,12.0,-0.001239386296754491,6.328999973277516e-05,6.328999957610087e-05,0.0001265643317206506,0.001049544665855551,-6.328999973277519e-05
1,0.002609300000000345,1.267588329466541,-0.000156516565021525,-12.0,-0.6340289411459682,12.0,-0.001239522742928253,6.338724245809467e-05,6.338724230157812e-05,0.0001267588329466541,0.001049389387596654,-6.338724245809467e-05
1,0.002609500000000345,1.269531340031696,-0.0001563585673346468,-12.0,-0.6350002094304356,12.0,-0.00123965903414737,6.348438508631009e-05,6.348438492995155e-05,0.0001269531340031696,0.001049234254629536,-6.348438508631009e-05
1,0.002609700000000345,1.271472345833692,-0.0001562003226967534,-12.0,-0.6359704749628943,12.0,-0.001239795170241087,6.358142746401976e-05,6.358142730781943e-05,0.0001271472345833692,0.001049079267243756,-6.358142746401976e-05
1,0.0026099000000003453,1.273411343807416,-0.0001560418313611978,-12.0,-0.6369397362111682,12.0,-0.001239931151038945,6.36783694379807e-05,6.367836928193889e-05,0.0001273411343807416,0.001048924425728584,-6.36783694379807e-05
1,0.0026101000000003454,1.275348330890932,-0.0001558830935743938,-12.0,-0.6379079916446586,12.0,-0.001240066976370788,6.377521085510843e-05,6.377521069922532e-05,0.0001275348330890932,0.001048769730373066,-6.377521085510843e-05
1,0.0026103000000003455,1.277283304025464,-0.0001557241095882511,-12.0,-0.6388752397343553,12.0,-0.001240202646066765,6.387195156247672e-05,6.38719514067526e-05,0.0001277283304025464,0.001048615181466067,-6.387195156247672e-05
1,0.0026105000000003456,1.279216260155433,-0.0001555648796544573,-12.0,-0.639841478952847,12.0,-0.001240338159957124,6.396859140731926e-05,6.396859125175438e-05,0.0001279216260155433,0.001048460779296309,-6.396859140731926e-05
1,0.0026107000000003457,1.281147196228436,-0.0001554054040219244,-12.0,-0.6408067077743048,12.0,-0.001240473517872639,6.406513023702829e-05,6.406513008162289e-05,0.0001281147196228436,0.001048306524152144,-6.406513023702829e-05
1,0.002610900000000346,1.283076109195262,-0.0001552456829453375,-12.0,-0.6417709246745059,12.0,-0.001240608719644112,6.416156789915607e-05,6.416156774391038e-05,0.0001283076109195262,0.001048152416321904,-6.416156789915606e-05
1,0.002611100000000346,1.285002996009901,-0.0001550857166734421,-12.0,-0.6427341281308177,12.0,-0.001240743765102748,6.425790424141442e-05,6.42579040863287e-05,0.00012850029960099,0.001047998456093574,-6.425790424141443e-05
1,0.002611300000000346,1.286927853629525,-0.0001549255054598686,-12.0,-0.6436963166222074,12.0,-0.001240878654079999,6.435413911167476e-05,6.435413895674924e-05,0.0001286927853629525,0.001047844643754979,-6.435413911167476e-05
1,0.002611500000000346,1.28885067901453,-0.0001547650495586361,-12.0,-0.6446574886292536,12.0,-0.001241013386407558,6.44502723579695e-05,6.445027220320444e-05,0.000128885067901453,0.00104769097959375,-6.44502723579695e-05
1,0.0026117000000003463,1.290771469128515,-0.0001546043492207105,-12.0,-0.645617642634132,12.0,-0.001241147961917391,6.454630382849115e-05,6.454630367388679e-05,0.0001290771469128515,0.001047537463897276,-6.454630382849114e-05
1,0.0026119000000003464,1.292690220938283,-0.0001544434046998333,-12.0,-0.6465767771206254,12.0,-0.001241282380441786,6.464223337159255e-05,6.464223321714916e-05,0.0001292690220938283,0.001047384096952694,-6.464223337159257e-05
1,0.0026121000000003465,1.294606931413869,-0.0001542822162521884,-12.0,-0.6475348905741352,12.0,-0.001241416641813223,6.47380608357883e-05,6.473806068150607e-05,0.0001294606931413869,0.001047230879047061,-6.47380608357883e-05
1,0.0026123000000003466,1.296521597528529,-0.0001541207841293524,-12.0,-0.6484919814816664,12.0,-0.001241550745864503,6.48337860697537e-05,6.483378591563294e-05,0.0001296521597528529,0.001047077810467041,-6.483378606975372e-05
1,0.0026125000000003467,1.298434216258737,-0.000153959108586621,-12.0,-0.6494480483318396,12.0,-0.001241684692428704,6.49294089223253e-05,6.492940876836619e-05,0.0001298434216258737,0.001046924891499219,-6.49294089223253e-05
1,0.002612700000000347,1.300344784584213,-0.0001537971898806223,-12.0,-0.6504030896148997,12.0,-0.001241818481339085,6.502492924250191e-05,6.50249290887047e-05,0.0001300344784584213,0.001046772122429908,-6.502492924250191e-05
1,0.002612900000000347,1.302253299487913,-0.0001536350282647092,-12.0,-0.6513571038227036,12.0,-0.00124195211242932,6.51203468794439e-05,6.512034672580888e-05,0.0001302253299487913,0.001046619503545232,-6.51203468794439e-05
1,0.002613100000000347,1.304159757956023,-0.0001534726239949546,-12.0,-0.6523100894487301,12.0,-0.001242085585533195,6.521566168247352e-05,6.52156615290009e-05,0.0001304159757956023,0.001046467035131074,-6.521566168247353e-05
1,0.002613300000000347,1.306064156977989,-0.0001533099773289859,-12.0,-0.6532620449880874,12.0,-0.001242218900484912,6.531087350107586e-05,6.531087334776589e-05,0.0001306064156977989,0.001046314717473053,-6.531087350107584e-05
1,0.0026135000000003473,1.307966493546511,-0.0001531470885226538,-12.0,-0.6542129689375105,12.0,-0.001242352057118756,6.540598218489879e-05,6.54059820317517e-05,0.0001307966493546512,0.001046162550856704,-6.540598218489879e-05
1,0.0026137000000003474,1.309866764657541,-0.0001529839578319758,-12.0,-0.6551628597953578,12.0,-0.001242485055269499,6.550098758375259e-05,6.550098743076864e-05,0.0001309866764657541,0.001046010535567181,-6.550098758375258e-05
1,0.0026139000000003475,1.311764967310283,-0.0001528205855149678,-12.0,-0.6561117160616196,12.0,-0.00124261789477205,6.559588954761047e-05,6.559588939478988e-05,0.0001311764967310283,0.001045858671889548,-6.559588954761047e-05
1,0.0026141000000003477,1.313661098507224,-0.0001526569718304227,-12.0,-0.6570595362379273,12.0,-0.001242750575461596,6.569068792660968e-05,6.56906877739527e-05,0.0001313661098507224,0.001045706960108576,-6.56906879266097e-05
1,0.0026143000000003478,1.315555155254116,-0.0001524931170346355,-12.0,-0.6580063188275413,12.0,-0.00124288309717363,6.578538257105068e-05,6.578538241855756e-05,0.0001315555155254117,0.001045555400508824,-6.578538257105067e-05
1,0.002614500000000348,1.31744713455998,-0.0001523290213863437,-12.0,-0.6589520623353596,12.0,-0.001243015459743882,6.587997333139733e-05,6.58799731790683e-05,0.000131744713455998,0.001045403993374633,-6.587997333139733e-05
1,0.002614700000000348,1.319337033437127,-0.0001521646851461722,-12.0,-0.6598967652679296,12.0,-0.00124314766300837,6.597446005827834e-05,6.597445990611366e-05,0.0001319337033437127,0.001045252738990136,-6.597446005827834e-05
1,0.002614900000000348,1.321224848901152,-0.0001520001085713041,-12.0,-0.6608404261334339,12.0,-0.001243279706803338,6.606884260248627e-05,6.606884245048615e-05,0.0001321224848901152,0.001045101637639233,-6.606884260248626e-05
1,0.0026151000000003482,1.323110577970929,-0.0001518352919217536,-12.0,-0.6617830434417001,12.0,-0.001243411590965374,6.616312081497784e-05,6.616312066314255e-05,0.0001323110577970929,0.001044950689605584,-6.616312081497784e-05
1,0.0026153000000003483,1.324994217668639,-0.0001516702354586452,-12.0,-0.6627246157042098,12.0,-0.001243543315331275,6.625729454687512e-05,6.625729439520491e-05,0.000132499421766864,0.001044799895172643,-6.625729454687513e-05
1,0.0026155000000003484,1.326875765019768,-0.0001515049394424928,-12.0,-0.6636651414340972,12.0,-0.001243674879738116,6.63513636494655e-05,6.635136349796053e-05,0.0001326875765019768,0.001044649254623664,-6.635136364946547e-05
1,0.0026157000000003486,1.328755217053086,-0.0001513394041305904,-12.0,-0.664604619146133,12.0,-0.001243806284023319,6.644532797420024e-05,6.644532782286084e-05,0.0001328755217053086,0.001044498768241545,-6.644532797420024e-05
1,0.0026159000000003487,1.33063257080068,-0.0001511736297885036,-12.0,-0.6655430473567591,12.0,-0.001243937528024389,6.653918737269706e-05,6.653918722152343e-05,0.000133063257080068,0.001044348436309142,-6.653918737269706e-05
1,0.002616100000000349,1.332507823297967,-0.000151007616676524,-12.0,-0.6664804245840744,12.0,-0.001244068611579302,6.663294169673979e-05,6.663294154573216e-05,0.0001332507823297967,0.001044198259108939,-6.663294169673979e-05
1,0.002616300000000349,1.334380971583656,-0.0001508413650534446,-12.0,-0.6674167493478219,12.0,-0.001244199534526161,6.672659079827686e-05,6.67265906474355e-05,0.0001334380971583656,0.001044048236923278,-6.672659079827686e-05
1,0.002616500000000349,1.336252012699789,-0.00015067487518583,-12.0,-0.6683520201694223,12.0,-0.001244330296703455,6.682013452942363e-05,6.682013437874877e-05,0.0001336252012699789,0.001043898370034199,-6.682013452942365e-05
1,0.002616700000000349,1.338120943691748,-0.0001505081473346381,-12.0,-0.6692862355719578,12.0,-0.001244460897949815,6.691357274246233e-05,6.691357259195417e-05,0.0001338120943691749,0.001043748658723559,-6.691357274246232e-05
1,0.0026169000000003492,1.339987761608235,-0.0001503411817620481,-12.0,-0.6702193940801722,12.0,-0.001244591338104228,6.700690528984102e-05,6.700690513949984e-05,0.0001339987761608235,0.001043599103273021,-6.700690528984102e-05
1,0.0026171000000003494,1.341852463501282,-0.000150173978731849,-12.0,-0.6711514942204782,12.0,-0.001244721617005964,6.710013202417464e-05,6.710013187400068e-05,0.0001341852463501282,0.001043449703963868,-6.710013202417464e-05
1,0.0026173000000003495,1.343715046426277,-0.000150006538509162,-12.0,-0.6720825345209677,12.0,-0.00124485173449447,6.719325279824584e-05,6.719325264823932e-05,0.0001343715046426277,0.001043300461077354,-6.719325279824586e-05
1,0.0026175000000003496,1.345575507441951,-0.0001498388613561108,-12.0,-0.6730125135113983,12.0,-0.0012449816904095,6.728626746500422e-05,6.728626731516536e-05,0.0001345575507441951,0.001043151374894351,-6.728626746500422e-05
1,0.0026177000000003497,1.347433843610374,-0.0001496709475380387,-12.0,-0.6739414297232037,12.0,-0.001245111484591124,6.737917587756657e-05,6.737917572789561e-05,0.0001347433843610374,0.00104300244569553,-6.737917587756657e-05
1,0.00261790000000035,1.349290051996987,-0.0001495027973213436,-12.0,-0.6748692816895037,12.0,-0.001245241116879639,6.747197788921824e-05,6.747197773971544e-05,0.0001349290051996987,0.001042853673761349,-6.747197788921824e-05
1,0.00261810000000035,1.351144129670587,-0.0001493344109687045,-12.0,-0.6757960679450906,12.0,-0.001245370587115643,6.756467335341218e-05,6.756467320407778e-05,0.0001351144129670587,0.001042705059371991,-6.756467335341219e-05
1,0.00261830000000035,1.352996073703324,-0.0001491657887468523,-12.0,-0.67672178702644,12.0,-0.001245499895139959,6.765726212376932e-05,6.765726197460353e-05,0.0001352996073703324,0.001042556602807443,-6.765726212376932e-05
1,0.00261850000000035,1.354845881170733,-0.0001489969309232397,-12.0,-0.6776464374717203,12.0,-0.001245629040793672,6.77497440540797e-05,6.77497439050828e-05,0.0001354845881170733,0.001042408304347486,-6.77497440540797e-05
1,0.0026187000000003503,1.356693549151717,-0.0001488278377617669,-12.0,-0.6785700178207794,12.0,-0.001245758023918173,6.784211899830176e-05,6.784211884947393e-05,0.0001356693549151717,0.001042260164271551,-6.784211899830178e-05
1,0.0026189000000003504,1.35853907472855,-0.000148658509530275,-12.0,-0.6794925266151555,12.0,-0.001245886844355129,6.793438681056252e-05,6.793438666190401e-05,0.000135853907472855,0.001042112182858934,-6.793438681056252e-05
1,0.0026191000000003505,1.360382454986899,-0.00014848894649655,-12.0,-0.6804139623980837,12.0,-0.001246015501946404,6.802654734515873e-05,6.802654719666976e-05,0.0001360382454986899,0.001041964360388663,-6.802654734515871e-05
1,0.0026193000000003506,1.362223687015824,-0.000148319148928544,-12.0,-0.6813343237144965,12.0,-0.001246143996534194,6.811860045655682e-05,6.811860030823765e-05,0.0001362223687015824,0.001041816697139507,-6.81186004565568e-05
1,0.0026195000000003507,1.364062767907761,-0.0001481491170904348,-12.0,-0.6822536091110073,12.0,-0.001246272327960984,6.82105459993917e-05,6.821054585124258e-05,0.0001364062767907761,0.001041669193389966,-6.82105459993917e-05
1,0.002619700000000351,1.365899694758545,-0.0001479788512554481,-12.0,-0.6831718171359442,12.0,-0.00124640049606943,6.83023838284689e-05,6.830238368049003e-05,0.0001365899694758545,0.0010415218494184,-6.830238382846887e-05
1,0.002619900000000351,1.367734464667433,-0.0001478083516894824,-12.0,-0.6840889463393339,12.0,-0.001246528500702573,6.839411379876445e-05,6.83941136509561e-05,0.0001367734464667433,0.001041374665502803,-6.839411379876445e-05
1,0.002620100000000351,1.369567074737066,-0.0001476376186616002,-12.0,-0.6850049952729017,12.0,-0.001246656341703622,6.848573576542402e-05,6.848573561778639e-05,0.0001369567074737066,0.00104122764192105,-6.8485735765424e-05
1,0.002620300000000351,1.371397522073501,-0.0001474666524410306,-12.0,-0.6859199624900787,12.0,-0.001246784018916119,6.857724958376376e-05,6.857724943629712e-05,0.0001371397522073501,0.001041080778950682,-6.857724958376378e-05
1,0.0026205000000003513,1.373225803786217,-0.0001472954532992787,-12.0,-0.686833846546012,12.0,-0.001246911532183828,6.866865510927127e-05,6.866865496197581e-05,0.0001373225803786217,0.001040934076868991,-6.866865510927127e-05
1,0.0026207000000003514,1.375051916988109,-0.0001471240215041858,-12.0,-0.6877466459975511,12.0,-0.001247038881350832,6.875995219760468e-05,6.87599520504807e-05,0.000137505191698811,0.001040787535953089,-6.87599521976047e-05
1,0.0026209000000003515,1.37687585879549,-0.0001469523573267573,-12.0,-0.6886583594032588,12.0,-0.001247166066261435,6.88511407045932e-05,6.885114055764085e-05,0.000137687585879549,0.001040641156479782,-6.885114070459321e-05
1,0.0026211000000003516,1.378697626328113,-0.0001467804610395529,-12.0,-0.6895689853234201,12.0,-0.001247293086760221,6.894222048623806e-05,6.894222033945761e-05,0.0001378697626328112,0.001040494938725711,-6.894222048623806e-05
1,0.0026213000000003517,1.380517216709158,-0.0001466083329116907,-12.0,-0.69047852232003,12.0,-0.001247419942692077,6.903319139871185e-05,6.90331912521035e-05,0.0001380517216709159,0.001040348882967126,-6.903319139871184e-05
1,0.002621500000000352,1.382334627065241,-0.0001464359732150089,-12.0,-0.6913869689568028,12.0,-0.001247546633902114,6.912405329835879e-05,6.912405315192283e-05,0.0001382334627065241,0.001040202989480182,-6.912405329835878e-05
1,0.002621700000000352,1.384149854526429,-0.0001462633822227888,-12.0,-0.6922943237991823,12.0,-0.001247673160235691,6.921480604169595e-05,6.921480589543257e-05,0.0001384149854526429,0.001040057258540686,-6.921480604169596e-05
1,0.002621900000000352,1.385962896226228,-0.0001460905602060913,-12.0,-0.6932005854143289,12.0,-0.001247799521538473,6.930544948541228e-05,6.930544933932172e-05,0.0001385962896226228,0.001039911690424278,-6.930544948541228e-05
1,0.002622100000000352,1.387773749301596,-0.0001459175074373098,-12.0,-0.6941057523711293,12.0,-0.001247925717656431,6.939598348636919e-05,6.939598334045168e-05,0.0001387773749301596,0.001039766285406224,-6.93959834863692e-05
1,0.0026223000000003523,1.389582410892954,-0.0001457442241913909,-12.0,-0.6950098232402062,12.0,-0.001248051748435758,6.94864079016015e-05,6.948640775585727e-05,0.0001389582410892954,0.001039621043761679,-6.948640790160148e-05
1,0.0026225000000003524,1.391388878144176,-0.0001455707107388959,-12.0,-0.6959127965939034,12.0,-0.001248177613722826,6.957672258831644e-05,6.957672244274574e-05,0.0001391388878144176,0.00103947596576541,-6.957672258831645e-05
1,0.0026227000000003525,1.393193148202606,-0.0001453969673567146,-12.0,-0.6968146710063077,12.0,-0.001248303313364479,6.966692740389509e-05,6.966692725849813e-05,0.0001393193148202606,0.001039331051692086,-6.96669274038951e-05
1,0.0026229000000003526,1.394995218219056,-0.0001452229943156302,-12.0,-0.6977154450532314,12.0,-0.001248428847207647,6.975702220589156e-05,6.975702206066856e-05,0.0001394995218219056,0.001039186301815972,-6.975702220589157e-05
1,0.0026231000000003528,1.396795085347812,-0.0001450487918935872,-12.0,-0.6986151173122341,12.0,-0.001248554215099631,6.984700685203405e-05,6.984700670698528e-05,0.0001396795085347812,0.001039041716411185,-6.984700685203406e-05
1,0.002623300000000353,1.398592746746642,-0.0001448743603625346,-12.0,-0.6995136863626082,12.0,-0.001248679416887902,6.99368812002246e-05,6.993688105535022e-05,0.0001398592746746642,0.001038897295751531,-6.993688120022457e-05
1,0.002623500000000353,1.400388199576786,-0.0001446996999988071,-12.0,-0.700411150785388,12.0,-0.001248804452420302,7.002664510853893e-05,7.002664496383922e-05,0.0001400388199576786,0.001038753040110571,-7.002664510853892e-05
1,0.002623700000000353,1.402181441002987,-0.0001445248110787944,-12.0,-0.7013075091633596,12.0,-0.00124892932154487,7.011629843522807e-05,7.011629829070327e-05,0.0001402181441002987,0.001038608949761641,-7.011629843522809e-05
1,0.002623900000000353,1.403972468193472,-0.0001443496938767774,-12.0,-0.7022027600810482,12.0,-0.001249054024109977,7.020584103871714e-05,7.020584089436745e-05,0.0001403972468193472,0.001038465024977758,-7.020584103871714e-05
1,0.0026241000000003533,1.405761278319959,-0.0001441743486699787,-12.0,-0.7030969021247281,12.0,-0.00124917855996419,7.02952727776058e-05,7.029527263343147e-05,0.0001405761278319959,0.001038321266031733,-7.029527277760582e-05
1,0.0026243000000003534,1.40754786855768,-0.000143998775735954,-12.0,-0.7039899338824319,12.0,-0.001249302928956364,7.03845935106696e-05,7.038459336667082e-05,0.000140754786855768,0.001038177673196139,-7.038459351066959e-05
1,0.0026245000000003535,1.409332236085364,-0.000143822975349206,-12.0,-0.7048818539439354,12.0,-0.001249427130935635,7.047380309685861e-05,7.047380295303565e-05,0.0001409332236085364,0.001038034246743202,-7.047380309685863e-05
1,0.0026247000000003537,1.411114378085251,-0.000143646947790288,-12.0,-0.7057726609007804,12.0,-0.001249551165751442,7.0562901395299e-05,7.056290125165206e-05,0.0001411114378085251,0.001037890986944984,-7.056290139529903e-05
1,0.0026249000000003538,1.412894291743101,-0.0001434706933340912,-12.0,-0.7066623533462584,12.0,-0.001249675033253392,7.065188826529243e-05,7.065188812182174e-05,0.0001412894291743101,0.00103774789407321,-7.065188826529243e-05
1,0.002625100000000354,1.414671974248179,-0.0001432942122595593,-12.0,-0.707550929875421,12.0,-0.001249798733291438,7.074076356631614e-05,7.074076342302193e-05,0.0001414671974248179,0.001037604968399414,-7.074076356631615e-05
1,0.002625300000000354,1.416447422793288,-0.0001431175048470235,-12.0,-0.7084383890850897,12.0,-0.001249922265715811,7.082952715802427e-05,7.082952701490675e-05,0.0001416447422793288,0.001037462210194795,-7.082952715802427e-05
1,0.002625500000000354,1.418220634574756,-0.0001429405713727072,-12.0,-0.7093247295738428,12.0,-0.00125004563037695,7.091817890024702e-05,7.091817875730644e-05,0.0001418220634574756,0.001037319619730359,-7.091817890024701e-05
1,0.0026257000000003542,1.419991606792433,-0.0001427634121163868,-12.0,-0.7102099499420251,12.0,-0.001250168827125558,7.100671865299088e-05,7.100671851022746e-05,0.0001419991606792433,0.001037177197276806,-7.100671865299088e-05
1,0.0026259000000003543,1.421760336649717,-0.0001425860273592816,-12.0,-0.711094048791758,12.0,-0.001250291855812644,7.109514627643985e-05,7.109514613385383e-05,0.0001421760336649717,0.001037034943104573,-7.109514627643988e-05
1,0.0026261000000003545,1.423526821353543,-0.0001424084173785589,-12.0,-0.7119770247269236,12.0,-0.001250414716289533,7.11834616309545e-05,7.11834614885461e-05,0.0001423526821353543,0.001036892857483845,-7.11834616309545e-05
1,0.0026263000000003546,1.42529105811439,-0.0001422305824573811,-12.0,-0.7128588763531872,12.0,-0.001250537408407651,7.127166457707298e-05,7.12716644348424e-05,0.0001425291058114391,0.001036750940684561,-7.1271664577073e-05
1,0.0026265000000003547,1.427053044146293,-0.0001420525228739145,-12.0,-0.7137396022779825,12.0,-0.001250659932018908,7.135975497551087e-05,7.135975483345834e-05,0.0001427053044146293,0.001036609192976323,-7.135975497551087e-05
1,0.002626700000000355,1.428812776666827,-0.0001418742389098226,-12.0,-0.7146192011105205,12.0,-0.001250782286975283,7.144773268716106e-05,7.144773254528682e-05,0.0001428812776666827,0.001036467614628542,-7.144773268716107e-05
1,0.002626900000000355,1.430570252897141,-0.0001416957308476574,-12.0,-0.7154976714617994,12.0,-0.00125090447312913,7.153559757309517e-05,7.153559743139943e-05,0.0001430570252897141,0.001036326205910362,-7.153559757309519e-05
1,0.002627100000000355,1.43232547006194,-0.0001415169989665843,-12.0,-0.7163750119445897,12.0,-0.001251026490333068,7.162334949456231e-05,7.162334935304531e-05,0.000143232547006194,0.00103618496709057,-7.162334949456232e-05
1,0.002627300000000355,1.434078425389496,-0.0001413380435517086,-12.0,-0.7172512211734562,12.0,-0.001251148338439909,7.171098831299045e-05,7.171098817165242e-05,0.0001434078425389497,0.001036043898437797,-7.171098831299046e-05
1,0.0026275000000003552,1.435829116111659,-0.0001411588648828066,-12.0,-0.7181262977647422,12.0,-0.001251270017302838,7.179851388998594e-05,7.17985137488271e-05,0.0001435829116111659,0.001035903000220328,-7.179851388998595e-05
1,0.0026277000000003554,1.437577539463841,-0.0001409794632432626,-12.0,-0.7190002403365799,12.0,-0.001251391526775184,7.188592608733367e-05,7.18859259463542e-05,0.0001437577539463841,0.001035762272706242,-7.188592608733367e-05
1,0.0026279000000003555,1.439323692685049,-0.0001407998389176823,-12.0,-0.7198730475088997,12.0,-0.001251512866710658,7.19732247669982e-05,7.197322462619835e-05,0.000143932369268505,0.001035621716163199,-7.197322476699821e-05
1,0.0026281000000003556,1.441067573017873,-0.0001406199921871187,-12.0,-0.7207447179034174,12.0,-0.001251634036963184,7.206040979112302e-05,7.206040965050304e-05,0.0001441067573017874,0.001035481330858803,-7.206040979112303e-05
1,0.0026283000000003557,1.44280917770848,-0.0001404399233364551,-12.0,-0.721615250143644,12.0,-0.00125175503738692,7.214748102203076e-05,7.214748088159084e-05,0.0001442809177708481,0.001035341117060232,-7.214748102203076e-05
1,0.002628500000000356,1.444548504006645,-0.0001402596326510186,-12.0,-0.7224846428548953,12.0,-0.00125187586783633,7.223443832222444e-05,7.223443818196479e-05,0.0001444548504006645,0.00103520107503445,-7.223443832222442e-05
1,0.002628700000000356,1.446285549165736,-0.0001400791204131391,-12.0,-0.723352894664279,12.0,-0.001251996528166183,7.232128155438658e-05,7.232128141430747e-05,0.0001446285549165736,0.001035061205048093,-7.232128155438659e-05
1,0.002628900000000356,1.448020310442716,-0.0001398983869083104,-12.0,-0.7242200042007044,12.0,-0.001252117018231386,7.240801058137962e-05,7.240801044148123e-05,0.0001448020310442716,0.001034921507367614,-7.240801058137962e-05
1,0.002629100000000356,1.449752785098165,-0.0001397174324233585,-12.0,-0.7250859700948923,12.0,-0.001252237337887249,7.249462526624689e-05,7.249462512652944e-05,0.0001449752785098165,0.001034781982259134,-7.24946252662469e-05
1,0.0026293000000003563,1.451482970396273,-0.0001395362572417236,-12.0,-0.7259507909793618,12.0,-0.001252357486989292,7.258112547221201e-05,7.258112533267576e-05,0.0001451482970396273,0.001034642629988453,-7.258112547221201e-05
1,0.0026295000000003564,1.453210863604835,-0.0001393548616493434,-12.0,-0.7268144654884403,12.0,-0.001252477465393254,7.266751106267912e-05,7.266751092332422e-05,0.0001453210863604835,0.001034503450821192,-7.26675110626791e-05
1,0.0026297000000003565,1.454936461995273,-0.0001391732459340989,-12.0,-0.7276769922582702,12.0,-0.00125259727295525,7.275378190123362e-05,7.275378176206037e-05,0.0001454936461995273,0.001034364445022626,-7.27537819012336e-05
1,0.0026299000000003566,1.45665976284264,-0.0001389914103816503,-12.0,-0.7285383699268065,12.0,-0.001252716909531534,7.283993785164248e-05,7.283993771265107e-05,0.000145665976284264,0.001034225612857764,-7.28399378516425e-05
1,0.0026301000000003567,1.458380763425606,-0.0001388093552783243,-12.0,-0.7293985971338139,12.0,-0.001252836374978722,7.292597877785355e-05,7.292597863904422e-05,0.0001458380763425606,0.001034086954591368,-7.292597877785356e-05
1,0.002630300000000357,1.46009946102647,-0.0001386270809118351,-12.0,-0.7302576725208737,12.0,-0.001252955669153649,7.301190454399619e-05,7.301190440536911e-05,0.000146009946102647,0.001033948470487864,-7.301190454399619e-05
1,0.002630500000000357,1.461815852931182,-0.0001384445875710627,-12.0,-0.7311155947313934,12.0,-0.001253074791913431,7.309771501438224e-05,7.309771487593766e-05,0.0001461815852931182,0.001033810160811457,-7.309771501438224e-05
1,0.002630700000000357,1.463529936429327,-0.0001382618755417231,-12.0,-0.7319723624105946,12.0,-0.00125319374311543,7.318341005350529e-05,7.318340991524341e-05,0.0001463529936429327,0.001033672025826063,-7.318341005350529e-05
1,0.002630900000000357,1.465241708814124,-0.0001380789451132514,-12.0,-0.7328279742055214,12.0,-0.001253312522617317,7.326898952604081e-05,7.326898938796189e-05,0.0001465241708814124,0.001033534065795247,-7.326898952604082e-05
1,0.0026311000000003573,1.46695116738246,-0.0001378957965753602,-12.0,-0.7336824287650511,12.0,-0.001253431130276941,7.335445329684757e-05,7.335445315895177e-05,0.000146695116738246,0.001033396280982354,-7.335445329684758e-05
1,0.0026313000000003574,1.468658309434868,-0.0001377124302148758,-12.0,-0.7345357247398806,12.0,-0.001253549565952555,7.343980123096657e-05,7.343980109325414e-05,0.0001468658309434868,0.001033258671650411,-7.343980123096657e-05
1,0.0026315000000003575,1.47036313227553,-0.0001375288463224544,-12.0,-0.735387860782537,12.0,-0.001253667829502536,7.352503319362146e-05,7.35250330560926e-05,0.000147036313227553,0.001033121238062248,-7.352503319362146e-05
1,0.0026317000000003576,1.472065633212305,-0.0001373450451884195,-12.0,-0.7362388355473859,12.0,-0.001253785920785538,7.361014905021975e-05,7.36101489128747e-05,0.0001472065633212306,0.001032983980480351,-7.361014905021974e-05
1,0.0026319000000003577,1.473765809556715,-0.0001371610271010404,-12.0,-0.7370886476906194,12.0,-0.001253903839660661,7.369514866635183e-05,7.369514852919081e-05,0.0001473765809556715,0.001032846899166828,-7.369514866635184e-05
1,0.002632100000000358,1.475463658623941,-0.0001369767923516396,-12.0,-0.737937295870266,12.0,-0.001254021585987003,7.378003190779145e-05,7.378003177081465e-05,0.0001475463658623941,0.001032709994383652,-7.378003190779143e-05
1,0.002632300000000358,1.477159177732852,-0.0001367923412314842,-12.0,-0.7387847787461966,12.0,-0.001254139159624149,7.386479864049652e-05,7.386479850370418e-05,0.0001477159177732852,0.001032573266392431,-7.386479864049652e-05
1,0.002632500000000358,1.478852364206001,-0.0001366076740318967,-12.0,-0.739631094980125,12.0,-0.001254256560431821,7.394944873060932e-05,7.394944859400165e-05,0.0001478852364206001,0.001032436715454443,-7.394944873060932e-05
1,0.002632700000000358,1.480543215369606,-0.0001364227910411464,-12.0,-0.7404762432355926,12.0,-0.001254373788270036,7.403398204445516e-05,7.403398190803235e-05,0.0001480543215369606,0.001032300341830855,-7.403398204445516e-05
1,0.0026329000000003583,1.48223172855358,-0.0001362376925552189,-12.0,-0.7413202221779999,12.0,-0.001254490842999056,7.411839844854447e-05,7.411839831230679e-05,0.000148223172855358,0.00103216414578236,-7.411839844854447e-05
1,0.0026331000000003584,1.483917901091546,-0.000136052378864493,-12.0,-0.7421630304745935,12.0,-0.001254607724479537,7.42026978095729e-05,7.420269767352054e-05,0.0001483917901091546,0.00103202812756939,-7.420269780957291e-05
1,0.0026333000000003585,1.485601730320795,-0.0001358668502591254,-12.0,-0.7430046667944546,12.0,-0.001254724432572116,7.428687999441956e-05,7.428687985855273e-05,0.0001485601730320796,0.001031892287452207,-7.428687999441955e-05
1,0.0026335000000003586,1.48728321358233,-0.0001356811070357122,-12.0,-0.7438451298085296,12.0,-0.001254840967138071,7.437094487014937e-05,7.437094473446828e-05,0.000148728321358233,0.001031756625690633,-7.43709448701494e-05
1,0.0026337000000003588,1.488962348220869,-0.0001354951494858536,-12.0,-0.7446844181896147,12.0,-0.001254957328038583,7.445489230401291e-05,7.445489216851774e-05,0.0001488962348220869,0.001031621142544292,-7.44548923040129e-05
1,0.002633900000000359,1.490639131584828,-0.0001353089779019268,-12.0,-0.7455225306123568,12.0,-0.001255073515135402,7.45387221634455e-05,7.453872202813652e-05,0.0001490639131584828,0.001031485838272464,-7.45387221634455e-05
1,0.002634100000000359,1.492313561026332,-0.0001351225925783628,-12.0,-0.7463594657532596,12.0,-0.00125518952829029,7.462243431606814e-05,7.462243418094553e-05,0.0001492313561026332,0.001031350713134219,-7.462243431606813e-05
1,0.002634300000000359,1.493985633901234,-0.0001349359938107586,-12.0,-0.747195222290693,12.0,-0.001255305367365428,7.470602862968823e-05,7.470602849475224e-05,0.0001493985633901234,0.001031215767388197,-7.470602862968823e-05
1,0.002634500000000359,1.495655347569105,-0.0001347491818911584,-12.0,-0.748029798904881,12.0,-0.001255421032223189,7.4789504972299e-05,7.478950483754981e-05,0.0001495655347569105,0.001031081001292872,-7.478950497229898e-05
1,0.0026347000000003593,1.497322699393232,-0.000134562157115603,-12.0,-0.7488631942779107,12.0,-0.001255536522726294,7.487286321207952e-05,7.487286307751737e-05,0.0001497322699393232,0.001030946415106343,-7.487286321207952e-05
1,0.0026349000000003594,1.498987686740645,-0.0001343749197800781,-12.0,-0.7496954070937419,12.0,-0.001255651838737604,7.49561032173962e-05,7.495610308302128e-05,0.0001498987686740645,0.001030812009086488,-7.495610321739618e-05
1,0.0026351000000003596,1.500650306982105,-0.0001341874701784596,-12.0,-0.7505264360381947,12.0,-0.001255766980120337,7.503922485680163e-05,7.503922472261417e-05,0.0001500650306982105,0.001030677783490794,-7.503922485680163e-05
1,0.0026353000000003597,1.502310557492101,-0.0001339998086068439,-12.0,-0.7513562797989585,12.0,-0.00125588194673798,7.512222799903517e-05,7.512222786503538e-05,0.0001502310557492101,0.001030543738576528,-7.512222799903517e-05
1,0.0026355000000003598,1.503968435648872,-0.0001338119353623268,-12.0,-0.752184937065599,12.0,-0.001255996738454182,7.520511251302366e-05,7.520511237921173e-05,0.0001503968435648872,0.001030409874600624,-7.520511251302367e-05
1,0.00263570000000036,1.505623938834413,-0.000133623850741782,-12.0,-0.753012406529558,12.0,-0.001256111355132941,7.528787826788161e-05,7.528787813425775e-05,0.0001505623938834413,0.001030276191819737,-7.528787826788162e-05
1,0.00263590000000036,1.507277064434451,-0.0001334355550387523,-12.0,-0.7538386868841391,12.0,-0.001256225796638602,7.537052513291002e-05,7.537052499947448e-05,0.0001507277064434451,0.001030142690490135,-7.537052513291003e-05
1,0.00263610000000036,1.50892780983847,-0.0001332470485546633,-12.0,-0.7546637768245373,12.0,-0.001256340062835551,7.545305297759827e-05,7.545305284435122e-05,0.000150892780983847,0.00103000937086796,-7.545305297759827e-05
1,0.0026363000000003602,1.510576172439729,-0.0001330583315849454,-12.0,-0.7554876750478253,12.0,-0.00125645415358859,7.553546167162405e-05,7.55354615385657e-05,0.0001510576172439729,0.00102987623320891,-7.553546167162404e-05
1,0.0026365000000003603,1.512222149635237,-0.0001328694044269163,-12.0,-0.7563103802529532,12.0,-0.001256568068762773,7.561775108485262e-05,7.56177509519832e-05,0.0001512222149635237,0.001029743277768433,-7.561775108485263e-05
1,0.0026367000000003605,1.513865738825766,-0.000132680267379337,-12.0,-0.7571318911407546,12.0,-0.001256681808223387,7.569992108733754e-05,7.569992095465728e-05,0.0001513865738825766,0.001029610504801645,-7.569992108733753e-05
1,0.0026369000000003606,1.51550693741587,-0.0001324909207416347,-12.0,-0.7579522064139566,12.0,-0.001256795371835984,7.578197154932151e-05,7.578197141683059e-05,0.000151550693741587,0.00102947791456344,-7.57819715493215e-05
1,0.0026371000000003607,1.517145742813873,-0.0001323013648110161,-12.0,-0.7587713247771668,12.0,-0.001256908759466407,7.586390234123559e-05,7.586390220893422e-05,0.0001517145742813874,0.001029345507308266,-7.586390234123559e-05
1,0.002637300000000361,1.518782152431874,-0.0001321115998869082,-12.0,-0.7595892449368835,12.0,-0.001257021970980696,7.594571333369966e-05,7.594571320158807e-05,0.0001518782152431874,0.001029213283290448,-7.594571333369966e-05
1,0.002637500000000361,1.520416163685763,-0.0001319216262704037,-12.0,-0.7604059656015034,12.0,-0.001257135006245275,7.602740439752332e-05,7.602740426560169e-05,0.0001520416163685763,0.001029081242763838,-7.60274043975233e-05
1,0.002637700000000361,1.522047773995216,-0.0001317314442592643,-12.0,-0.7612214854813111,12.0,-0.001257247865126682,7.610897540370518e-05,7.610897527197375e-05,0.0001522047773995216,0.001028949385982081,-7.610897540370519e-05
1,0.002637900000000361,1.52367698078369,-0.0001315410541541384,-12.0,-0.7620358032884869,12.0,-0.001257360547491843,7.619042622343328e-05,7.619042609189223e-05,0.000152367698078369,0.001028817713198488,-7.619042622343327e-05
1,0.0026381000000003612,1.525303781478452,-0.0001313504562570067,-12.0,-0.7628489177371165,12.0,-0.00125747305320785,7.627175672808594e-05,7.627175659673547e-05,0.0001525303781478453,0.001028686224666092,-7.627175672808596e-05
1,0.0026383000000003614,1.526928173510565,-0.0001311596508667412,-12.0,-0.7636608275431789,12.0,-0.001257585382142129,7.635296678923122e-05,7.635296665807159e-05,0.0001526928173510565,0.001028554920637526,-7.635296678923122e-05
1,0.0026385000000003615,1.528550154314883,-0.0001309686382849895,-12.0,-0.7644715314245553,12.0,-0.001257697534162341,7.643405627862703e-05,7.643405614765839e-05,0.0001528550154314883,0.001028423801365239,-7.643405627862703e-05
1,0.0026387000000003616,1.530169721330084,-0.0001307774188146205,-12.0,-0.7652810281010384,12.0,-0.001257809509136371,7.651502506822238e-05,7.651502493744494e-05,0.0001530169721330084,0.001028292867101294,-7.651502506822238e-05
1,0.0026389000000003617,1.531786871998651,-0.0001305859927547282,-12.0,-0.7660893162943176,12.0,-0.001257921306932475,7.65958730301563e-05,7.659587289957031e-05,0.0001531786871998651,0.001028162118097448,-7.65958730301563e-05
1,0.002639100000000362,1.533401603766882,-0.0001303943604104019,-12.0,-0.7668963947280003,12.0,-0.001258032927419037,7.6676600036759e-05,7.667659990636464e-05,0.0001533401603766882,0.00102803155460518,-7.667660003675899e-05
1,0.002639300000000362,1.535013914084895,-0.0001302025220814018,-12.0,-0.767702262127595,12.0,-0.001258144370464814,7.675720596055136e-05,7.675720583034884e-05,0.0001535013914084895,0.001027901176875637,-7.675720596055136e-05
1,0.002639500000000362,1.536623800406634,-0.0001300104780731504,-12.0,-0.7685069172205314,12.0,-0.001258255635938718,7.683769067424583e-05,7.683769054423536e-05,0.0001536623800406634,0.001027770985159659,-7.683769067424583e-05
1,0.002639700000000362,1.538231260189871,-0.0001298182286860738,-12.0,-0.7693103587361471,12.0,-0.001258366723710047,7.691805405074608e-05,7.691805392092786e-05,0.0001538231260189871,0.001027640979707756,-7.691805405074611e-05
1,0.0026399000000003623,1.539836290896202,-0.0001296257742249285,-12.0,-0.770112585405696,12.0,-0.001258477633648239,7.69982959631471e-05,7.699829583352135e-05,0.0001539836290896202,0.001027511160770184,-7.699829596314712e-05
1,0.0026401000000003624,1.54143888999107,-0.0001294331149941375,-12.0,-0.7709135959623573,12.0,-0.001258588365623051,7.70784162847363e-05,7.707841615530321e-05,0.000154143888999107,0.001027381528596813,-7.707841628473632e-05
1,0.0026403000000003625,1.543039054943753,-0.0001292402512964586,-12.0,-0.7717133891412237,12.0,-0.001258698919504586,7.715841488899272e-05,7.715841475975249e-05,0.0001543039054943753,0.001027252083437208,-7.715841488899273e-05
1,0.0026405000000003626,1.544636783227367,-0.000129047183436537,-12.0,-0.7725119636793102,12.0,-0.001258809295163033,7.723829164958736e-05,7.723829152054018e-05,0.0001544636783227367,0.001027122825540669,-7.723829164958737e-05
1,0.0026407000000003627,1.546232072318887,-0.0001288539117203502,-12.0,-0.7733093183155633,12.0,-0.001258919492468966,7.731804644038429e-05,7.73180463115304e-05,0.0001546232072318887,0.00102699375515615,-7.73180464403843e-05
1,0.002640900000000363,1.547824919699133,-0.0001286604364506561,-12.0,-0.7741054517908466,12.0,-0.001259029511293169,7.73976791354396e-05,7.739767900677919e-05,0.0001547824919699133,0.001026864872532299,-7.73976791354396e-05
1,0.002641100000000363,1.54941532285278,-0.0001284667579354304,-12.0,-0.7749003628479612,12.0,-0.001259139351506747,7.747718960900256e-05,7.74771894805358e-05,0.000154941532285278,0.001026736177917376,-7.747718960900257e-05
1,0.002641300000000363,1.551003279268371,-0.0001282728764782082,-12.0,-0.7756940502316317,12.0,-0.001259249012980967,7.755657773551534e-05,7.755657760724247e-05,0.0001551003279268371,0.00102660767155946,-7.755657773551535e-05
1,0.002641500000000363,1.552588786438298,-0.000128078792385522,-12.0,-0.7764865126885153,12.0,-0.00125935849558749,7.763584338961299e-05,7.763584326153419e-05,0.0001552588786438298,0.001026479353706214,-7.763584338961299e-05
1,0.0026417000000003633,1.554171841858834,-0.0001278845059651257,-12.0,-0.7772777489672099,12.0,-0.001259467799198083,7.771498644612447e-05,7.771498631823995e-05,0.0001554171841858834,0.001026351224604982,-7.771498644612449e-05
1,0.0026419000000003634,1.555752443030122,-0.0001276900175216644,-12.0,-0.7780677578182434,12.0,-0.001259576923684919,7.779400678007218e-05,7.779400665238217e-05,0.0001555752443030122,0.001026223284502817,-7.779400678007218e-05
1,0.0026421000000003635,1.557330587456169,-0.00012749532736267,-12.0,-0.7788565379940816,12.0,-0.001259685868920293,7.787290426667192e-05,7.787290413917659e-05,0.0001557330587456169,0.001026095533646507,-7.787290426667189e-05
1,0.0026423000000003636,1.558906272644876,-0.0001273004357967844,-12.0,-0.7796440882491376,12.0,-0.001259794634776892,7.795167878133409e-05,7.795167865403363e-05,0.0001558906272644876,0.001025967972282396,-7.795167878133408e-05
1,0.0026425000000003637,1.560479496108022,-0.0001271053431299851,-12.0,-0.7804304073397594,12.0,-0.001259903221127609,7.803033019966296e-05,7.803033007255761e-05,0.0001560479496108022,0.001025840600656538,-7.803033019966295e-05
1,0.002642700000000364,1.562050255361269,-0.0001269100496700259,-12.0,-0.7812154940242401,12.0,-0.0012600116278456,7.810885839745699e-05,7.810885827054696e-05,0.0001562050255361269,0.001025713419014737,-7.8108858397457e-05
1,0.002642900000000364,1.563618547924177,-0.0001267145557271032,-12.0,-0.7819993470628247,12.0,-0.001260119854804231,7.818726325070974e-05,7.81872631239952e-05,0.0001563618547924177,0.001025586427602448,-7.818726325070977e-05
1,0.002643100000000364,1.565184371320197,-0.0001265188616071944,-12.0,-0.7827819652176982,12.0,-0.001260227901877201,7.826554463560907e-05,7.826554450909023e-05,0.0001565184371320197,0.00102545962666474,-7.82655446356091e-05
1,0.002643300000000364,1.566747723076682,-0.0001263229676221611,-12.0,-0.7835633472530038,12.0,-0.001260335768938456,7.834370242853816e-05,7.83437023022152e-05,0.0001566747723076682,0.001025333016446417,-7.834370242853816e-05
1,0.0026435000000003643,1.568308600724886,-0.0001261268740778698,-12.0,-0.7843434919348283,12.0,-0.001260443455862167,7.842173650607505e-05,7.842173637994819e-05,0.0001568308600724886,0.001025206597191977,-7.842173650607505e-05
1,0.0026437000000003644,1.56986700179997,-0.0001259305812871814,-12.0,-0.7851223980312213,12.0,-0.001260550962522811,7.849964674499342e-05,7.849964661906284e-05,0.000156986700179997,0.001025080369145503,-7.849964674499341e-05
1,0.0026439000000003645,1.57142292384101,-0.0001257340895569614,-12.0,-0.7859000643121814,12.0,-0.001260658288795027,7.857743302226243e-05,7.857743289652835e-05,0.000157142292384101,0.001024954332550856,-7.857743302226245e-05
1,0.0026441000000003646,1.572976364390986,-0.0001255373991987385,-12.0,-0.7866764895496652,12.0,-0.001260765434553862,7.865509521504665e-05,7.865509508950926e-05,0.0001572976364390986,0.001024828487651522,-7.865509521504665e-05
1,0.0026443000000003648,1.57452732099681,-0.0001253405105237082,-12.0,-0.7874516725175957,12.0,-0.001260872399674581,7.87326332007072e-05,7.873263307536668e-05,0.000157452732099681,0.001024702834690597,-7.87326332007072e-05
1,0.002644500000000365,1.57607579120931,-0.0001251434238411786,-12.0,-0.7882256119918511,12.0,-0.00126097918403259,7.8810046856801e-05,7.881004673165758e-05,0.000157607579120931,0.001024577373910984,-7.8810046856801e-05
1,0.002644700000000365,1.577621772583236,-0.0001249461394622342,-12.0,-0.788998306750273,12.0,-0.001261085787503682,7.888733606108107e-05,7.888733593613491e-05,0.0001577621772583236,0.001024452105555115,-7.888733606108108e-05
1,0.002644900000000365,1.579165262677277,-0.00012474865770018,-12.0,-0.7897697555726754,12.0,-0.001261192209963874,7.896450069149751e-05,7.896450056674887e-05,0.0001579165262677277,0.001024327029865185,-7.896450069149752e-05
1,0.002645100000000365,1.580706259054052,-0.000124550978864546,-12.0,-0.7905399572408329,12.0,-0.001261298451289444,7.904154062619684e-05,7.904154050164585e-05,0.0001580706259054052,0.001024202147083056,-7.904154062619684e-05
1,0.0026453000000003653,1.582244759280114,-0.0001243531032681933,-12.0,-0.79130891053849,12.0,-0.001261404511356853,7.91184557435222e-05,7.91184556191691e-05,0.0001582244759280114,0.001024077457450256,-7.911845574352218e-05
1,0.0026455000000003654,1.583780760925961,-0.0001241550312236495,-12.0,-0.7920766142513666,12.0,-0.001261510390042977,7.919524592201427e-05,7.919524579785926e-05,0.0001583780760925962,0.001023952961207872,-7.91952459220143e-05
1,0.0026457000000003656,1.585314261566047,-0.0001239567630442195,-12.0,-0.7928430671671579,12.0,-0.001261616087224859,7.927191104041136e-05,7.927191091645458e-05,0.0001585314261566047,0.001023828658596779,-7.927191104041137e-05
1,0.0026459000000003657,1.586845258778756,-0.0001237582990402109,-12.0,-0.7936082680755217,12.0,-0.00126172160277975,7.934845097764816e-05,7.934845085388984e-05,0.0001586845258778756,0.001023704549857576,-7.934845097764814e-05
1,0.0026461000000003658,1.588373750146434,-0.000123559639528148,-12.0,-0.7943722157681056,12.0,-0.001261826936585289,7.942486561285774e-05,7.94248654892981e-05,0.0001588373750146434,0.001023580635230323,-7.942486561285775e-05
1,0.002646300000000366,1.589899733255395,-0.0001233607848203366,-12.0,-0.7951349090385361,12.0,-0.001261932088519255,7.950115482537158e-05,7.950115470201079e-05,0.0001589899733255396,0.001023456914954923,-7.950115482537158e-05
1,0.002646500000000366,1.591423205695895,-0.0001231617352288605,-12.0,-0.7958963466824079,12.0,-0.001262037058459731,7.95773184947179e-05,7.957731837155618e-05,0.0001591423205695895,0.001023333389270881,-7.957731849471792e-05
1,0.002646700000000366,1.592944165062161,-0.0001229624910709104,-12.0,-0.7966565274973114,12.0,-0.001262141846285092,7.965335650062406e-05,7.965335637766158e-05,0.0001592944165062161,0.001023210058417365,-7.965335650062406e-05
1,0.0026469000000003662,1.5944626089524,-0.0001227630526593471,-12.0,-0.7974154502828193,12.0,-0.001262246451873922,7.9729268723016e-05,7.972926860025296e-05,0.00015944626089524,0.001023086922633185,-7.9729268723016e-05
1,0.0026471000000003663,1.595978534968778,-0.0001225634203092518,-12.0,-0.7981731138404871,12.0,-0.001262350875105109,7.980505504201779e-05,7.980505491945436e-05,0.0001595978534968778,0.00102296398215683,-7.980505504201779e-05
1,0.0026473000000003665,1.597491940717439,-0.0001223635943350398,-12.0,-0.7989295169738581,12.0,-0.00126245511585775,7.988071533795231e-05,7.988071521558871e-05,0.0001597491940717439,0.001022841237226513,-7.98807153379523e-05
1,0.0026475000000003666,1.599002823808513,-0.0001221635750539019,-12.0,-0.799684658488473,12.0,-0.001262559174011205,7.995624949134192e-05,7.995624936917836e-05,0.0001599002823808513,0.001022718688080057,-7.995624949134191e-05
1,0.0026477000000003667,1.60051118185611,-0.0001219633627796979,-12.0,-0.8004385371918581,12.0,-0.001262663049445195,8.003165738290784e-05,8.003165726094447e-05,0.000160051118185611,0.001022596334954842,-8.003165738290784e-05
1,0.002647900000000367,1.602017012478322,-0.0001217629578290635,-12.0,-0.8011911518935338,12.0,-0.001262766742039526,8.010693889357047e-05,8.010693877180753e-05,0.0001602017012478322,0.001022474178088123,-8.010693889357048e-05
1,0.002648100000000367,1.60352031329724,-0.0001215623605196336,-12.0,-0.8019425014050232,12.0,-0.001262870251674375,8.018209390445036e-05,8.018209378288802e-05,0.0001603520313297241,0.001022352217716668,-8.018209390445036e-05
1,0.002648300000000367,1.605021081938952,-0.0001213615711659344,-12.0,-0.8026925845398407,12.0,-0.0012629735782302,8.025712229686747e-05,8.025712217550592e-05,0.0001605021081938953,0.001022230454076928,-8.025712229686749e-05
1,0.002648500000000367,1.606519316033532,-0.0001211605900856005,-12.0,-0.8034414001135004,12.0,-0.001263076721587597,8.033202395234147e-05,8.033202383118089e-05,0.0001606519316033532,0.001022108887405032,-8.033202395234148e-05
1,0.0026487000000003673,1.608015013215065,-0.0001209594175970441,-12.0,-0.8041889469435224,12.0,-0.001263179681627577,8.040679875259254e-05,8.040679863163313e-05,0.0001608015013215065,0.001021987517936751,-8.040679875259254e-05
1,0.0026489000000003674,1.609508171121651,-0.0001207580540174558,-12.0,-0.8049352238494326,12.0,-0.001263282458231277,8.048144657954151e-05,8.048144645878345e-05,0.0001609508171121652,0.001021866345907493,-8.048144657954153e-05
1,0.0026491000000003675,1.610998787395382,-0.0001205564996623609,-12.0,-0.8056802296527494,12.0,-0.00126338505128018,8.055596731530871e-05,8.05559671947522e-05,0.0001610998787395382,0.001021745371552377,-8.055596731530871e-05
1,0.0026493000000003676,1.612486859682367,-0.0001203547548531692,-12.0,-0.8064239631770111,12.0,-0.001263487460655938,8.063036084221577e-05,8.063036072186104e-05,0.0001612486859682367,0.001021624595106144,-8.06303608422158e-05
1,0.0026495000000003677,1.613972385632751,-0.0001201528199076263,-12.0,-0.8071664232477653,12.0,-0.001263589686240491,8.070462704278577e-05,8.070462692263294e-05,0.0001613972385632751,0.001021504016803218,-8.070462704278577e-05
1,0.002649700000000368,1.615455362900676,-0.0001199506951415907,-12.0,-0.8079076086925576,12.0,-0.001263691727916169,8.07787657997416e-05,8.07787656797909e-05,0.0001615455362900677,0.001021383636877607,-8.07787657997416e-05
1,0.002649900000000368,1.616935789144317,-0.0001197483808780264,-12.0,-0.8086475183409595,12.0,-0.001263793585565318,8.085277699600813e-05,8.085277687625977e-05,0.0001616935789144317,0.001021263455563082,-8.085277699600815e-05
1,0.002650100000000368,1.618413662025888,-0.0001195458774344571,-12.0,-0.8093861510245544,12.0,-0.001263895259070766,8.0926660514712e-05,8.092666039516611e-05,0.0001618413662025888,0.001021143473092956,-8.0926660514712e-05
1,0.002650300000000368,1.619888979211623,-0.000119343185130294,-12.0,-0.8101235055769386,12.0,-0.001263996748315468,8.100041623918084e-05,8.100041611983765e-05,0.0001619888979211623,0.001021023689700251,-8.100041623918084e-05
1,0.0026505000000003683,1.62136173837179,-0.0001191403042857253,-12.0,-0.8108595808337266,12.0,-0.001264098053182658,8.107404405294409e-05,8.107404393380378e-05,0.000162136173837179,0.001020904105617615,-8.107404405294409e-05
1,0.0026507000000003684,1.622831937180707,-0.0001189372352220497,-12.0,-0.811594375632559,12.0,-0.001264199173555872,8.114754383973369e-05,8.114754372079647e-05,0.0001622831937180707,0.001020784721077417,-8.114754383973369e-05
1,0.0026509000000003685,1.62429957331673,-0.0001187339782584562,-12.0,-0.8123278888130926,12.0,-0.001264300109318828,8.122091548348341e-05,8.122091536474945e-05,0.0001624299573316731,0.001020665536311596,-8.122091548348341e-05
1,0.0026511000000003686,1.625764644462258,-0.0001185305337159104,-12.0,-0.8130601192170079,12.0,-0.001264400860355563,8.129415886832922e-05,8.129415874979868e-05,0.0001625764644462258,0.001020546551551774,-8.12941588683292e-05
1,0.0026513000000003687,1.627227148303746,-0.000118326901916932,-12.0,-0.8137910656880174,12.0,-0.00126450142655038,8.136727387861004e-05,8.136727376028314e-05,0.0001627227148303746,0.001020427767029208,-8.136727387861005e-05
1,0.002651500000000369,1.628687082531703,-0.0001181230831814872,-12.0,-0.8145207270718545,12.0,-0.001264601807787771,8.14402603988673e-05,8.144026028074423e-05,0.0001628687082531703,0.001020309182974813,-8.144026039886731e-05
1,0.002651700000000369,1.630144444840689,-0.0001179190778316519,-12.0,-0.8152491022162824,12.0,-0.001264702003952525,8.15131183138451e-05,8.151311819592602e-05,0.0001630144444840689,0.001020190799619167,-8.151311831384508e-05
1,0.002651900000000369,1.631599232929334,-0.0001177148861906119,-12.0,-0.8159761899711016,12.0,-0.001264802014929692,8.158584750849109e-05,8.158584739077621e-05,0.0001631599232929334,0.001020072617192475,-8.158584750849109e-05
1,0.002652100000000369,1.63305144450033,-0.0001175105085791106,-12.0,-0.8167019891881387,12.0,-0.001264901840604613,8.165844786795596e-05,8.165844775044545e-05,0.000163305144450033,0.001019954635924566,-8.165844786795596e-05
1,0.0026523000000003693,1.634501077260433,-0.000117305945320112,-12.0,-0.8174264987212563,12.0,-0.001265001480862782,8.173091927759361e-05,8.173091916028767e-05,0.0001634501077260433,0.001019836856045023,-8.173091927759361e-05
1,0.0026525000000003694,1.635948128920476,-0.000117101196737579,-12.0,-0.8181497174263564,12.0,-0.001265100935590055,8.18032616229619e-05,8.180326150586071e-05,0.0001635948128920477,0.001019719277782896,-8.180326162296189e-05
1,0.0026527000000003695,1.637392597195373,-0.0001168962631542536,-12.0,-0.8188716441613805,12.0,-0.001265200204672468,8.187547478982261e-05,8.187547467292636e-05,0.0001637392597195373,0.001019601901367045,-8.187547478982262e-05
1,0.0026529000000003696,1.638834479804109,-0.0001166911448928776,-12.0,-0.8195922777863053,12.0,-0.00126529928799636,8.194755866414123e-05,8.194755854745008e-05,0.0001638834479804109,0.001019484727025899,-8.194755866414124e-05
1,0.0026531000000003697,1.64027377446975,-0.0001164858422778581,-12.0,-0.8203116171631502,12.0,-0.001265398185448297,8.201951313208727e-05,8.20195130156014e-05,0.000164027377446975,0.00101936775498751,-8.201951313208724e-05
1,0.00265330000000037,1.641710478919459,-0.0001162803556339354,-12.0,-0.8210296611559839,12.0,-0.001265496896915144,8.209133808003502e-05,8.209133796375464e-05,0.0001641710478919459,0.001019250985479628,-8.209133808003499e-05
1,0.00265350000000037,1.643144590884484,-0.0001160746852842953,-12.0,-0.8217464086309152,12.0,-0.001265595422284022,8.21630333945631e-05,8.21630332784884e-05,0.0001643144590884484,0.001019134418729598,-8.21630333945631e-05
1,0.00265370000000037,1.644576108100161,-0.0001158688315540113,-12.0,-0.8224618584560998,12.0,-0.001265693761442199,8.223459896245457e-05,8.223459884658574e-05,0.0001644576108100161,0.001019018054964418,-8.223459896245458e-05
1,0.00265390000000037,1.646005028305935,-0.0001156627947689337,-12.0,-0.8231760095017489,12.0,-0.001265791914277309,8.230603467069797e-05,8.23060345550352e-05,0.0001646005028305935,0.001018901894410798,-8.2306034670698e-05
1,0.0026541000000003703,1.647431349245346,-0.0001154565752530257,-12.0,-0.8238888606401183,12.0,-0.001265889880677246,8.237734040648653e-05,8.237734029102995e-05,0.0001647431349245346,0.001018785937294986,-8.237734040648654e-05
1,0.0026543000000003704,1.648855068666033,-0.0001152501733325817,-12.0,-0.824600410745517,12.0,-0.001265987660530085,8.244851605721848e-05,8.244851594196829e-05,0.0001648855068666033,0.001018670183842885,-8.244851605721845e-05
1,0.0026545000000003705,1.650276184319755,-0.0001150435893338964,-12.0,-0.8253106586943143,12.0,-0.001266085253724195,8.251956151049802e-05,8.251956139545444e-05,0.0001650276184319755,0.001018554634280092,-8.251956151049804e-05
1,0.0026547000000003707,1.651694693962374,-0.0001148368235812658,-12.0,-0.8260196033649274,12.0,-0.001266182660148218,8.259047665413461e-05,8.259047653929778e-05,0.0001651694693962374,0.001018439288831816,-8.259047665413461e-05
1,0.0026549000000003708,1.653110595353871,-0.0001146298764039821,-12.0,-0.8267272436378402,12.0,-0.001266279879691037,8.266126137614364e-05,8.266126126151374e-05,0.0001653110595353871,0.001018324147722904,-8.266126137614363e-05
1,0.002655100000000371,1.654523886258348,-0.0001144227481258975,-12.0,-0.8274335783955901,12.0,-0.001266376912241754,8.273191556474642e-05,8.273191545032368e-05,0.0001654523886258348,0.001018209211177803,-8.273191556474642e-05
1,0.002655300000000371,1.655934564444018,-0.0001142154390751937,-12.0,-0.828138606522776,12.0,-0.001266473757689804,8.280243910837006e-05,8.280243899415464e-05,0.0001655934564444018,0.001018094479420667,-8.280243910837009e-05
1,0.002655500000000371,1.657342627683232,-0.0001140079495804969,-12.0,-0.8288423269060663,12.0,-0.001266570415924789,8.287283189564857e-05,8.287283178164064e-05,0.0001657342627683232,0.001017979952675233,-8.287283189564859e-05
1,0.0026557000000003712,1.65874807375247,-0.0001138002799669913,-12.0,-0.8295447384341884,12.0,-0.001266666886836632,8.294309381542213e-05,8.294309370162186e-05,0.000165874807375247,0.001017865631164891,-8.294309381542214e-05
1,0.0026559000000003713,1.660150900432333,-0.000113592430563747,-12.0,-0.8302458399979367,12.0,-0.001266763170315502,8.301322475673728e-05,8.301322464314487e-05,0.0001660150900432334,0.001017751515112617,-8.30132247567373e-05
1,0.0026561000000003714,1.661551105507572,-0.0001133844016998342,-12.0,-0.83094563049018,12.0,-0.001266859266251752,8.308322460884803e-05,8.308322449546362e-05,0.0001661551105507573,0.001017637604741162,-8.308322460884802e-05
1,0.0026563000000003716,1.662948686767073,-0.0001131761937011033,-12.0,-0.8316441088058498,12.0,-0.00126695517453608,8.315309326121488e-05,8.31530931480387e-05,0.0001662948686767073,0.001017523900272752,-8.315309326121488e-05
1,0.0026565000000003717,1.664343642003861,-0.0001129678068990669,-12.0,-0.8323412738419573,12.0,-0.001267050895059366,8.322283060350584e-05,8.322283049053803e-05,0.0001664343642003861,0.001017410401929333,-8.322283060350583e-05
1,0.002656700000000372,1.665735969015117,-0.0001127592416209078,-12.0,-0.8330371244975819,12.0,-0.001267146427712848,8.329243652559611e-05,8.329243641283689e-05,0.0001665735969015117,0.001017297109932438,-8.329243652559611e-05
1,0.002656900000000372,1.667125665602159,-0.000112550498196029,-12.0,-0.8337316596738784,12.0,-0.001267241772387878,8.336191091756824e-05,8.336191080501774e-05,0.0001667125665602159,0.001017184024503279,-8.336191091756824e-05
1,0.002657100000000372,1.668512729570472,-0.0001123415769554992,-12.0,-0.834424878274085,12.0,-0.001267336928976182,8.343125366971294e-05,8.343125355737138e-05,0.0001668512729570472,0.00101707114586265,-8.343125366971296e-05
1,0.002657300000000372,1.669897158729692,-0.000112132478226723,-12.0,-0.8351167792035107,12.0,-0.001267431897369692,8.35004646725284e-05,8.350046456039591e-05,0.0001669897158729692,0.001016958474231,-8.35004646725284e-05
1,0.0026575000000003722,1.671278950893615,-0.0001119232023427674,-12.0,-0.8358073613695537,12.0,-0.001267526677460565,8.356954381672109e-05,8.356954370479788e-05,0.0001671278950893615,0.001016846009828418,-8.356954381672109e-05
1,0.0026577000000003724,1.672658103880208,-0.0001117137496312592,-12.0,-0.8364966236816884,12.0,-0.00126762126914122,8.363849099320572e-05,8.363849088149196e-05,0.0001672658103880208,0.00101673375287463,-8.363849099320572e-05
1,0.0026579000000003725,1.674034615511592,-0.0001115041204241551,-12.0,-0.8371845650514735,12.0,-0.001267715672304409,8.370730609310495e-05,8.370730598160083e-05,0.0001674034615511592,0.001016621703588919,-8.370730609310494e-05
1,0.0026581000000003726,1.675408483614075,-0.0001112943150528567,-12.0,-0.8378711843925598,12.0,-0.001267809886843066,8.377598900775069e-05,8.37759888964564e-05,0.0001675408483614075,0.001016509862190276,-8.37759890077507e-05
1,0.0026583000000003727,1.676779706018129,-0.0001110843338478773,-12.0,-0.8385564806206796,12.0,-0.001267903912650317,8.384453962868317e-05,8.384453951759884e-05,0.0001676779706018129,0.001016398228897306,-8.384453962868317e-05
1,0.002658500000000373,1.678148280558404,-0.0001108741771403965,-12.0,-0.8392404526536545,12.0,-0.00126799774961972,8.391295784765141e-05,8.391295773677725e-05,0.0001678148280558405,0.001016286803928179,-8.391295784765142e-05
1,0.002658700000000373,1.679514205073738,-0.0001106638452639253,-12.0,-0.8399230994114034,12.0,-0.001268091397644888,8.398124355661396e-05,8.39812434459501e-05,0.0001679514205073738,0.00101617558750082,-8.398124355661396e-05
1,0.002658900000000373,1.680877477407152,-0.0001104533385485329,-12.0,-0.8406044198159319,12.0,-0.00126818485661985,8.404939664773834e-05,8.404939653728502e-05,0.0001680877477407152,0.001016064579832582,-8.404939664773834e-05
1,0.002659100000000373,1.682238095405845,-0.0001102426573272863,-12.0,-0.8412844127913401,12.0,-0.00126827812643876,8.411741701340129e-05,8.411741690315864e-05,0.0001682238095405845,0.001015953781140652,-8.411741701340129e-05
1,0.0026593000000003733,1.683596056921223,-0.0001100318019336965,-12.0,-0.8419630772638301,12.0,-0.001268371206996119,8.418530454618964e-05,8.418530443615786e-05,0.0001683596056921224,0.001015843191641691,-8.418530454618965e-05
1,0.0026595000000003734,1.684951359808879,-0.0001098207726994982,-12.0,-0.8426404121616964,12.0,-0.001268464098186636,8.42530591388997e-05,8.425305902907894e-05,0.0001684951359808879,0.001015732811552053,-8.425305913889969e-05
1,0.0026597000000003735,1.6863040019286,-0.0001096095699578692,-12.0,-0.8433164164153324,12.0,-0.001268556799905271,8.432068068453745e-05,8.432068057492791e-05,0.00016863040019286,0.001015622641087718,-8.432068068453745e-05
1,0.0026599000000003736,1.687653981144381,-0.0001093981940433197,-12.0,-0.8439910889572374,12.0,-0.00126864931204726,8.43881690763194e-05,8.438816896692122e-05,0.0001687653981144381,0.001015512680464264,-8.438816907631941e-05
1,0.0026601000000003737,1.689001295324426,-0.0001091866452892498,-12.0,-0.844664428722013,12.0,-0.001268741634508075,8.445552420767236e-05,8.445552409848574e-05,0.0001689001295324426,0.001015402929896853,-8.445552420767238e-05
1,0.002660300000000374,1.690345942341139,-0.0001089749240289484,-12.0,-0.8453364346463621,12.0,-0.001268833767183397,8.452274597223333e-05,8.452274586325839e-05,0.0001690345942341139,0.001015293389600366,-8.452274597223331e-05
1,0.002660500000000374,1.691687920071137,-0.0001087630305965925,-12.0,-0.8460071056690937,12.0,-0.001268925709969268,8.45898342638497e-05,8.458983415508668e-05,0.0001691687920071137,0.001015184059789231,-8.45898342638497e-05
1,0.002660700000000374,1.693027226395256,-0.0001085509653284689,-12.0,-0.8466764407311302,12.0,-0.001269017462761896,8.465678897658019e-05,8.465678886802923e-05,0.0001693027226395256,0.001015074940677527,-8.465678897658018e-05
1,0.002660900000000374,1.694363859198551,-0.0001083387285574222,-12.0,-0.8473444387754988,12.0,-0.001269109025457779,8.472361000469415e-05,8.472360989635542e-05,0.0001694363859198551,0.001014966032478914,-8.472361000469415e-05
1,0.0026611000000003743,1.69569781637029,-0.000108126320619184,-12.0,-0.848011098747337,12.0,-0.001269200397953613,8.479029724267178e-05,8.479029713454548e-05,0.000169569781637029,0.001014857335406696,-8.47902972426718e-05
1,0.0026613000000003744,1.697029095803979,-0.0001079137418501519,-12.0,-0.8486764195939019,12.0,-0.001269291580146381,8.485685058520518e-05,8.485685047729145e-05,0.0001697029095803979,0.001014748849673841,-8.485685058520518e-05
1,0.0026615000000003745,1.698357695397344,-0.0001077009925845029,-12.0,-0.849340400264559,12.0,-0.001269382571933375,8.492326992719744e-05,8.492326981949646e-05,0.0001698357695397345,0.001014640575492859,-8.492326992719746e-05
1,0.0026617000000003746,1.699683613052343,-0.0001074880731587458,-12.0,-0.8500030397107903,12.0,-0.001269473373212024,8.498955516376314e-05,8.498955505627508e-05,0.0001699683613052343,0.0010145325130759,-8.498955516376315e-05
1,0.0026619000000003747,1.701006846675172,-0.0001072749839091669,-12.0,-0.8506643368861996,12.0,-0.00126956398388009,8.505570619022905e-05,8.505570608295407e-05,0.0001701006846675172,0.001014424662634753,-8.505570619022905e-05
1,0.002662100000000375,1.702327394176271,-0.0001070617251730521,-12.0,-0.8513242907465121,12.0,-0.001269654403835585,8.51217229021339e-05,8.51217227950722e-05,0.0001702327394176271,0.00101431702438079,-8.51217229021339e-05
1,0.002662300000000375,1.703645253470307,-0.0001068482972842455,-12.0,-0.851982900249563,12.0,-0.001269744632976744,8.518760519522789e-05,8.518760508837957e-05,0.0001703645253470307,0.001014209598525023,-8.518760519522789e-05
1,0.002662500000000375,1.7049604224762,-0.0001066347005832524,-12.0,-0.8526401643553219,12.0,-0.00126983467120205,8.525335296547387e-05,8.525335285883916e-05,0.00017049604224762,0.001014102385278076,-8.525335296547387e-05
1,0.002662700000000375,1.706272899117128,-0.0001064209354060264,-12.0,-0.8532960820258827,12.0,-0.001269924518410279,8.531896610904766e-05,8.531896600262672e-05,0.0001706272899117128,0.001013995384850155,-8.531896610904767e-05
1,0.0026629000000003753,1.707582681320504,-0.0001062070020882988,-12.0,-0.8539506522254545,12.0,-0.001270014174500331,8.538444452233662e-05,8.538444441612964e-05,0.0001707582681320504,0.001013888597451176,-8.538444452233663e-05
1,0.0026631000000003754,1.708889767018001,-0.0001059929009702421,-12.0,-0.8546038739203852,12.0,-0.00127010363937155,8.544978810194148e-05,8.544978799594858e-05,0.0001708889767018001,0.001013782023290527,-8.54497881019415e-05
1,0.0026633000000003755,1.710194154145562,-0.000105778632389919,-12.0,-0.8552557460791524,12.0,-0.001270192912923421,8.551499674467625e-05,8.551499663889761e-05,0.0001710194154145562,0.00101367566257729,-8.551499674467625e-05
1,0.0026635000000003756,1.711495840643375,-0.0001055641966829501,-12.0,-0.8559062676723536,12.0,-0.001270281995055675,8.558007034756706e-05,8.558007024200289e-05,0.0001711495840643375,0.00101356951552016,-8.558007034756706e-05
1,0.0026637000000003757,1.712794824455895,-0.00010534959419084,-12.0,-0.8565554376727299,12.0,-0.001270370885668323,8.564500880785388e-05,8.564500870250432e-05,0.0001712794824455896,0.001013463582327429,-8.564500880785391e-05
1,0.002663900000000376,1.714091103531859,-0.0001051348252517625,-12.0,-0.8572032550551554,12.0,-0.001270459584661585,8.570981202299037e-05,8.570981191785551e-05,0.0001714091103531859,0.001013357863206998,-8.570981202299037e-05
1,0.002664100000000376,1.715384675824262,-0.0001049198902038917,-12.0,-0.8578497187966359,12.0,-0.001270548091935955,8.57744798906432e-05,8.57744797857233e-05,0.0001715384675824262,0.001013252358366398,-8.57744798906432e-05
1,0.002664300000000376,1.716675539290374,-0.0001047047893869557,-12.0,-0.8584948278763153,12.0,-0.00127063640739225,8.583901230869283e-05,8.583901220398804e-05,0.0001716675539290374,0.001013147068012685,-8.583901230869283e-05
1,0.002664500000000376,1.717963691891748,-0.0001044895231417931,-12.0,-0.8591385812754818,12.0,-0.001270724530931411,8.590340917523401e-05,8.59034090707445e-05,0.0001717963691891748,0.001013041992352651,-8.590340917523401e-05
1,0.0026647000000003763,1.719249131594218,-0.0001042740918064666,-12.0,-0.8597809779775593,12.0,-0.001270812462454696,8.59676703885753e-05,8.596767028430122e-05,0.0001719249131594218,0.001012937131592617,-8.596767038857529e-05
1,0.0026649000000003764,1.720531856367892,-0.0001040584957217039,-12.0,-0.8604220169681136,12.0,-0.001270900201863615,8.603179584723919e-05,8.603179574318072e-05,0.0001720531856367893,0.001012832485938517,-8.603179584723919e-05
1,0.0026651000000003765,1.721811864187179,-0.0001038427352292315,-12.0,-0.8610616972348606,12.0,-0.001270987749059926,8.609578544996311e-05,8.609578534612039e-05,0.0001721811864187179,0.001012728055595935,-8.609578544996313e-05
1,0.0026653000000003767,1.72308915303077,-0.0001036268106683336,-12.0,-0.8617000177676558,12.0,-0.001271075103945626,8.615963909569874e-05,8.615963899207193e-05,0.000172308915303077,0.001012623840769972,-8.615963909569875e-05
1,0.0026655000000003768,1.72436372088165,-0.0001034107223798486,-12.0,-0.8623369775585022,12.0,-0.001271162266422904,8.622335668361223e-05,8.622335658020151e-05,0.000172436372088165,0.001012519841665449,-8.622335668361224e-05
1,0.002665700000000377,1.725635565727103,-0.0001031944707060584,-12.0,-0.8629725756015552,12.0,-0.001271249236394351,8.628693811308492e-05,8.628693800989043e-05,0.0001725635565727103,0.00101241605848669,-8.628693811308492e-05
1,0.002665900000000377,1.726904685558718,-0.0001029780559885785,-12.0,-0.8636068108931223,12.0,-0.001271336013762642,8.635038328371337e-05,8.635038318073532e-05,0.0001726904685558718,0.001012312491437711,-8.635038328371337e-05
1,0.002666100000000377,1.728171078372375,-0.000102761478566693,-12.0,-0.8642396824316522,12.0,-0.001271422598430841,8.641369209530854e-05,8.641369199254707e-05,0.0001728171078372375,0.001012209140722017,-8.641369209530855e-05
1,0.0026663000000003772,1.729434742168264,-0.0001025447387856815,-12.0,-0.864871189217758,12.0,-0.001271508990302123,8.647686444789722e-05,8.64768643453525e-05,0.0001729434742168264,0.001012106006542876,-8.647686444789723e-05
1,0.0026665000000003773,1.730695674950898,-0.0001023278369857161,-12.0,-0.865501330254206,12.0,-0.001271595189280036,8.653990024172201e-05,8.65399001393942e-05,0.0001730695674950898,0.001012003089103,-8.653990024172202e-05
1,0.0026667000000003774,1.731953874729086,-0.0001021107735099669,-12.0,-0.8661301045459157,12.0,-0.001271681195268271,8.660279937724058e-05,8.660279927512981e-05,0.0001731953874729086,0.001011900388604839,-8.660279937724057e-05
1,0.0026669000000003776,1.733209339515958,-0.0001018935487003825,-12.0,-0.8667575110999649,12.0,-0.001271767008170846,8.666556175512646e-05,8.66655616532329e-05,0.0001733209339515958,0.001011797905250342,-8.666556175512646e-05
1,0.0026671000000003777,1.734462067328965,-0.0001016761629020202,-12.0,-0.8673835489255968,12.0,-0.00127185262789202,8.67281872762695e-05,8.672818717459333e-05,0.0001734462067328965,0.001011695639241084,-8.672818727626948e-05
1,0.002667300000000378,1.735712056189881,-0.0001014586164556075,-12.0,-0.86800821703421,12.0,-0.001271938054336286,8.679067584177546e-05,8.679067574031683e-05,0.0001735712056189881,0.001011593590778237,-8.679067584177545e-05
1,0.002667500000000378,1.736959304124798,-0.0001012409097059797,-12.0,-0.8686315144393669,12.0,-0.0012720232874084,8.68530273529661e-05,8.685302725172521e-05,0.0001736959304124798,0.001011491760062613,-8.68530273529661e-05
1,0.002667700000000378,1.738203809164146,-0.0001010230429973058,-12.0,-0.8692534401567992,12.0,-0.00127210832701323,8.69152417113802e-05,8.691524161035716e-05,0.0001738203809164146,0.001011390147294636,-8.691524171138019e-05
1,0.002667900000000378,1.739445569342681,-0.0001008050166724228,-12.0,-0.8698739932043995,12.0,-0.00127219317305613,8.697731881877268e-05,8.697731871796766e-05,0.0001739445569342681,0.001011288752674214,-8.697731881877271e-05
1,0.0026681000000003782,1.74068458269949,-0.000100586831076499,-12.0,-0.8704931726022281,12.0,-0.001272277825442536,8.703925857711517e-05,8.703925847652834e-05,0.000174068458269949,0.001011187576401007,-8.703925857711517e-05
1,0.0026683000000003784,1.741920847278006,-0.0001003684865545917,-12.0,-0.8711109773725199,12.0,-0.001272362284078232,8.710106088859655e-05,8.710106078822805e-05,0.0001741920847278006,0.001011086618674092,-8.710106088859652e-05
1,0.0026685000000003785,1.743154361126,-0.000100149983450093,-12.0,-0.8717274065396748,12.0,-0.001272446548869141,8.71627256556225e-05,8.716272555547252e-05,0.0001743154361126,0.001010985879692367,-8.716272565562248e-05
1,0.0026687000000003786,1.744385122295579,-9.993132210828204e-05,-12.0,-0.8723424591302655,12.0,-0.00127253061972149,8.722425278081572e-05,8.722425268088439e-05,0.0001744385122295579,0.001010885359654129,-8.722425278081573e-05
1,0.0026689000000003787,1.745613128843209,-9.971250287599265e-05,-12.0,-0.8729561341730434,12.0,-0.001272614496541771,8.728564216701673e-05,8.728564206730425e-05,0.0001745613128843209,0.001010785058757346,-8.728564216701675e-05
1,0.002669100000000379,1.746838378829697,-9.949352609639472e-05,-12.0,-0.8735684306989283,12.0,-0.00127269817923667,8.73468937172832e-05,8.734689361778967e-05,0.0001746838378829697,0.001010684977199652,-8.734689371728319e-05
1,0.002669300000000379,1.748060870320207,-9.927439211776523e-05,-12.0,-0.8741793477410239,12.0,-0.001272781667713233,8.74080073348906e-05,8.740800723561621e-05,0.0001748060870320206,0.001010585115178111,-8.740800733489062e-05
1,0.002669500000000379,1.749280601384258,-9.905510128382922e-05,-12.0,-0.8747888843346054,12.0,-0.001272864961878686,8.746898292333216e-05,8.746898282427708e-05,0.0001749280601384258,0.001010485472889497,-8.746898292333216e-05
1,0.002669700000000379,1.750497570095727,-9.883565394308569e-05,-12.0,-0.8753970395171349,12.0,-0.001272948061640355,8.752982038631919e-05,8.752982028748354e-05,0.0001750497570095728,0.001010386050530249,-8.752982038631919e-05
1,0.0026699000000003793,1.751711774532859,-9.861605044036992e-05,-12.0,-0.8760038123282503,12.0,-0.001273030966906091,8.759051962778101e-05,8.759051952916495e-05,0.0001751711774532859,0.001010286848296169,-8.7590519627781e-05
1,0.0026701000000003794,1.752923212778252,-9.839629112273762e-05,-12.0,-0.8766092018097731,12.0,-0.001273113677583745,8.765108055186504e-05,8.765108045346873e-05,0.0001752923212778252,0.001010187866382906,-8.765108055186504e-05
1,0.0026703000000003795,1.754131882918886,-9.817637633835474e-05,-12.0,-0.8772132070057139,12.0,-0.001273196193581613,8.771150306293755e-05,8.77115029647612e-05,0.0001754131882918886,0.001010089104985498,-8.771150306293757e-05
1,0.0026705000000003796,1.755337783046103,-9.79563064332778e-05,-12.0,-0.8778158269622645,12.0,-0.001273278514808129,8.777178706558311e-05,8.777178696762684e-05,0.0001755337783046104,0.001009990564298707,-8.777178706558313e-05
1,0.0026707000000003797,1.756540911255621,-9.773608175511761e-05,-12.0,-0.8784170607278039,12.0,-0.00127336064117195,8.783193246460483e-05,8.783193236686879e-05,0.0001756540911255621,0.001009892244516794,-8.783193246460489e-05
1,0.00267090000000038,1.757741265647538,-9.751570265281728e-05,-12.0,-0.8790169073529054,12.0,-0.001273442572582051,8.789193916502524e-05,8.789193906750956e-05,0.0001757741265647538,0.00100979414583377,-8.789193916502527e-05
1,0.00267110000000038,1.75893884432633,-9.729516947287742e-05,-12.0,-0.8796153658903259,12.0,-0.001273524308947629,8.795180707208528e-05,8.795180697479013e-05,0.000175893884432633,0.001009696268442981,-8.79518070720853e-05
1,0.00267130000000038,1.760133645400856,-9.707448256524032e-05,-12.0,-0.8802124353950209,12.0,-0.001273605850178092,8.801153609124557e-05,8.801153599417109e-05,0.0001760133645400857,0.001009598612537549,-8.801153609124557e-05
1,0.00267150000000038,1.761325666984367,-9.68536422765176e-05,-12.0,-0.8808081149241347,12.0,-0.001273687196183232,8.807112612818582e-05,8.80711260313322e-05,0.0001761325666984368,0.001009501178310113,-8.807112612818582e-05
1,0.0026717000000003803,1.762514907194491,-9.663264895631851e-05,-12.0,-0.8814024035370063,12.0,-0.001273768346872817,8.813057708880499e-05,8.813057699217235e-05,0.0001762514907194491,0.001009403965953004,-8.8130577088805e-05
1,0.0026719000000003804,1.763701364153259,-9.641150295447432e-05,-12.0,-0.8819953002951761,12.0,-0.001273849302157126,8.818988887922219e-05,8.818988878281067e-05,0.0001763701364153259,0.001009306975658,-8.818988887922217e-05
1,0.0026721000000003805,1.764885035987094,-9.619020461903993e-05,-12.0,-0.8825868042623776,12.0,-0.001273930061946593,8.824906140577587e-05,8.824906130958565e-05,0.0001764885035987094,0.001009210207616518,-8.824906140577585e-05
1,0.0026723000000003806,1.766065920826814,-9.596875429929153e-05,-12.0,-0.8831769145045436,12.0,-0.001274010626151845,8.830809457502443e-05,8.830809447905566e-05,0.0001766065920826814,0.001009113662019598,-8.830809457502443e-05
1,0.0026725000000003807,1.767244016807642,-9.574715234683673e-05,-12.0,-0.8837656300898128,12.0,-0.001274090994683813,8.83669882937466e-05,8.836698819799945e-05,0.0001767244016807642,0.001009017339057824,-8.83669882937466e-05
1,0.002672700000000381,1.768419322069207,-9.552539910939739e-05,-12.0,-0.8843529500885213,12.0,-0.001274171167453667,8.842574246894118e-05,8.842574237341581e-05,0.0001768419322069207,0.001008921238921351,-8.84257424689412e-05
1,0.002672900000000381,1.769591834755533,-9.530349493824808e-05,-12.0,-0.884938873573209,12.0,-0.001274251144372768,8.848435700782708e-05,8.848435691252359e-05,0.0001769591834755534,0.001008825361799984,-8.848435700782708e-05
1,0.002673100000000381,1.770761553015071,-9.508144018421927e-05,-12.0,-0.885523399618626,12.0,-0.001274330925352812,8.854283181784419e-05,8.854283172276274e-05,0.0001770761553015071,0.001008729707883085,-8.854283181784419e-05
1,0.002673300000000381,1.771928475000671,-9.485923519669814e-05,-12.0,-0.8861065273017227,12.0,-0.001274410510305746,8.86011668066526e-05,8.860116671179336e-05,0.0001771928475000671,0.001008634277359505,-8.86011668066526e-05
1,0.0026735000000003813,1.773092598869605,-9.463688032829154e-05,-12.0,-0.886688255701664,12.0,-0.00127448989914361,8.865936188213355e-05,8.865936178749667e-05,0.0001773092598869605,0.001008539070417855,-8.865936188213357e-05
1,0.0026737000000003814,1.774253922783563,-9.441437592860868e-05,-12.0,-0.8872685838998182,12.0,-0.001274569091778865,8.871741695238895e-05,8.871741685797461e-05,0.0001774253922783564,0.001008444087246207,-8.871741695238897e-05
1,0.0026739000000003815,1.775412444908657,-9.419172235047846e-05,-12.0,-0.8878475109797712,12.0,-0.001274648088124067,8.877533192574209e-05,8.877533183155036e-05,0.0001775412444908657,0.001008349328032232,-8.877533192574208e-05
1,0.0026741000000003816,1.776568163415422,-9.396891994428724e-05,-12.0,-0.8884250360273164,12.0,-0.001274726888092215,8.883310671073723e-05,8.883310661676829e-05,0.0001776568163415422,0.00100825479296314,-8.883310671073722e-05
1,0.0026743000000003818,1.777721076478817,-9.374596906197574e-05,-12.0,-0.8890011581304612,12.0,-0.001274805491596323,8.889074121613992e-05,8.889074112239396e-05,0.0001777721076478817,0.001008160482225906,-8.889074121613992e-05
1,0.002674500000000382,1.778871182278239,-9.352287005681692e-05,-12.0,-0.8895758763794336,12.0,-0.001274883898549808,8.894823535093768e-05,8.89482352574148e-05,0.0001778871182278239,0.001008066396006826,-8.894823535093768e-05
1,0.002674700000000382,1.780018478997514,-9.329962327997432e-05,-12.0,-0.8901491898666732,12.0,-0.001274962108866268,8.900558902433933e-05,8.900558893103972e-05,0.0001780018478997514,0.001007972534491974,-8.900558902433933e-05
1,0.002674900000000382,1.7811629648249,-9.307622908427682e-05,-12.0,-0.8907210976868384,12.0,-0.001275040122459603,8.906280214577542e-05,8.906280205269921e-05,0.00017811629648249,0.001007878897866882,-8.906280214577542e-05
1,0.002675100000000382,1.7823046379531,-9.285268782321943e-05,-12.0,-0.8912915989368116,12.0,-0.001275117939243842,8.911987462489884e-05,8.911987453204617e-05,0.00017823046379531,0.001007785486316762,-8.911987462489884e-05
1,0.0026753000000003823,1.783443496579258,-9.262899984863182e-05,-12.0,-0.8918606927156921,12.0,-0.001275195559133385,8.917680637158435e-05,8.917680627895536e-05,0.0001783443496579259,0.001007692300026328,-8.917680637158435e-05
1,0.0026755000000003824,1.784579538904956,-9.240516551467515e-05,-12.0,-0.8924283781248015,12.0,-0.001275272982042816,8.923359729592868e-05,8.923359720352352e-05,0.0001784579538904956,0.001007599339179877,-8.923359729592868e-05
1,0.0026757000000003825,1.785712763136229,-9.218118517484442e-05,-12.0,-0.8929946542676885,12.0,-0.001275350207886966,8.929024730825137e-05,8.929024721607019e-05,0.0001785712763136229,0.001007506603961331,-8.929024730825137e-05
1,0.0026759000000003827,1.786843167483568,-9.195705918318975e-05,-12.0,-0.8935595202501292,12.0,-0.001275427236580917,8.93467563190946e-05,8.934675622713755e-05,0.0001786843167483568,0.001007414094554113,-8.93467563190946e-05
1,0.0026761000000003828,1.787970750161903,-9.173278789154082e-05,-12.0,-0.8941229751801165,12.0,-0.001275504068039959,8.940312423922249e-05,8.940312414748972e-05,0.0001787970750161903,0.001007321811141368,-8.94031242392225e-05
1,0.002676300000000383,1.789095509390624,-9.150837165727843e-05,-12.0,-0.8946850181678816,12.0,-0.001275580702179716,8.945935097962244e-05,8.945935088811405e-05,0.0001789095509390624,0.001007229753905617,-8.945935097962244e-05
1,0.002676500000000383,1.790217443393592,-9.128381083278736e-05,-12.0,-0.8952456483258832,12.0,-0.001275657138915906,8.951543645150505e-05,8.951543636022124e-05,0.0001790217443393592,0.001007137923029158,-8.951543645150504e-05
1,0.002676700000000383,1.791336550399116,-9.105910577300591e-05,-12.0,-0.8958048647688084,12.0,-0.001275733378164667,8.957138056630354e-05,8.957138047524444e-05,0.0001791336550399116,0.001007046318693652,-8.957138056630354e-05
1,0.0026769000000003832,1.792452828639968,-9.08342568329834e-05,-12.0,-0.8963626666135763,12.0,-0.001275809419842289,8.962718323567434e-05,8.962718314484006e-05,0.0001792452828639968,0.001006954941080482,-8.962718323567434e-05
1,0.0026771000000003833,1.793566276353399,-9.060926436865735e-05,-12.0,-0.896919052979345,12.0,-0.001275885263865267,8.968284437149765e-05,8.968284428088838e-05,0.0001793566276353399,0.001006863790370599,-8.968284437149765e-05
1,0.0026773000000003835,1.794676891781122,-9.038412873352275e-05,-12.0,-0.8974740229875029,12.0,-0.001275960910150392,8.973836388587692e-05,8.973836379549278e-05,0.0001794676891781122,0.001006772866744485,-8.973836388587694e-05
1,0.0026775000000003836,1.79578467316932,-9.015885028451631e-05,-12.0,-0.898027575761675,12.0,-0.001276036358614729,8.979374169113902e-05,8.979374160098022e-05,0.000179578467316932,0.001006682170382189,-8.979374169113906e-05
1,0.0026777000000003837,1.796889618768656,-8.993342937779758e-05,-12.0,-0.898579710427729,12.0,-0.001276111609175498,8.984897769983512e-05,8.984897760990169e-05,0.0001796889618768656,0.001006591701463361,-8.984897769983512e-05
1,0.002677900000000384,1.797991726834273,-8.970786636830486e-05,-12.0,-0.8991304261137674,12.0,-0.001276186661750292,8.990407182473991e-05,8.990407173503206e-05,0.0001797991726834273,0.001006501460167175,-8.990407182473991e-05
1,0.002678100000000384,1.799090995625787,-8.948216161241973e-05,-12.0,-0.8996797219501333,12.0,-0.001276261516256802,8.995902397885209e-05,8.995902388936996e-05,0.0001799090995625787,0.00100641144667242,-8.995902397885209e-05
1,0.002678300000000384,1.800187423407305,-8.925631546741197e-05,-12.0,-0.9002275970694168,12.0,-0.001276336172613038,9.001383407539491e-05,9.00138339861386e-05,0.0001800187423407305,0.001006321661157439,-9.001383407539494e-05
1,0.002678500000000384,1.801281008447419,-8.903032828933011e-05,-12.0,-0.9007740506064468,12.0,-0.001276410630737232,9.006850202781574e-05,9.006850193878542e-05,0.0001801281008447419,0.0010062321038002,-9.006850202781575e-05
1,0.0026787000000003842,1.802371749019205,-8.880420043499981e-05,-12.0,-0.9013190816982969,12.0,-0.00127648489054788,9.01230277497862e-05,9.0123027660982e-05,0.0001802371749019205,0.001006142774778118,-9.01230277497862e-05
1,0.0026789000000003844,1.803459643400236,-8.85779322619129e-05,-12.0,-0.9018626894842902,12.0,-0.001276558951963699,9.017741115520282e-05,9.01774110666249e-05,0.0001803459643400236,0.001006053674268315,-9.017741115520283e-05
1,0.0026791000000003845,1.804544689872582,-8.835152412844938e-05,-12.0,-0.9024048731059989,12.0,-0.001276632814903658,9.023165215818707e-05,9.023165206983554e-05,0.0001804544689872582,0.001005964802447371,-9.023165215818706e-05
1,0.0026793000000003846,1.805626886722803,-8.812497638910344e-05,-12.0,-0.9029456317072349,12.0,-0.001276706479286988,9.028575067308457e-05,9.028575058495959e-05,0.0001805626886722803,0.001005876159491464,-9.028575067308457e-05
1,0.0026795000000003847,1.806706232241958,-8.789828940514166e-05,-12.0,-0.9034849644340697,12.0,-0.001276779945033168,9.033970661446642e-05,9.033970652656818e-05,0.0001806706232241958,0.001005787745576345,-9.033970661446646e-05
1,0.002679700000000385,1.807782724725624,-8.76714635332787e-05,-12.0,-0.9040228704348262,12.0,-0.001276853212061779,9.039351989712931e-05,9.039351980945785e-05,0.0001807782724725624,0.001005699560877427,-9.03935198971293e-05
1,0.002679900000000385,1.808856362473862,-8.744449913022923e-05,-12.0,-0.9045593488600715,12.0,-0.00127692628029287,9.044719043609412e-05,9.044719034864964e-05,0.0001808856362473862,0.001005611605569529,-9.044719043609414e-05
1,0.002680100000000385,1.809927143791253,-8.721739655692673e-05,-12.0,-0.9050943988626358,12.0,-0.00127699914964656,9.050071814660787e-05,9.050071805939049e-05,0.0001809927143791253,0.001005523879827108,-9.050071814660789e-05
1,0.002680300000000385,1.810995066986891,-8.69901561711961e-05,-12.0,-0.9056280195976038,12.0,-0.001277071820043288,9.055410294414324e-05,9.055410285715311e-05,0.0001810995066986891,0.001005436383824193,-9.055410294414326e-05
1,0.0026805000000003853,1.812060130374378,-8.676277833141732e-05,-12.0,-0.9061602102223137,12.0,-0.001277144291403728,9.060734474439823e-05,9.060734465763545e-05,0.0001812060130374378,0.001005349117734367,-9.060734474439824e-05
1,0.0026807000000003854,1.81312233227183,-8.65352633969696e-05,-12.0,-0.9066909698963628,12.0,-0.00127721656364875,9.06604434632966e-05,9.066044337676133e-05,0.000181312233227183,0.001005262081730809,-9.066044346329659e-05
1,0.0026809000000003855,1.814181671001888,-8.630761172778723e-05,-12.0,-0.9072202977816118,12.0,-0.001277288636699542,9.071339901698839e-05,9.07133989306808e-05,0.0001814181671001888,0.001005175275986175,-9.07133990169884e-05
1,0.0026811000000003856,1.815238144891713,-8.607982368258327e-05,-12.0,-0.9077481930421784,12.0,-0.001277360510477471,9.076621132184959e-05,9.076621123576977e-05,0.0001815238144891713,0.001005088700672799,-9.076621132184958e-05
1,0.0026813000000003857,1.816291752272983,-8.585189962129203e-05,-12.0,-0.9082746548444424,12.0,-0.001277432184904129,9.081888029448211e-05,9.081888020863021e-05,0.0001816291752272983,0.0010050023559625,-9.081888029448211e-05
1,0.002681500000000386,1.817342491481912,-8.562383990484701e-05,-12.0,-0.9087996823570516,12.0,-0.001277503659901438,9.087140585171467e-05,9.087140576609083e-05,0.0001817342491481912,0.001004916242026643,-9.087140585171468e-05
1,0.002681700000000386,1.818390360859239,-8.539564489229434e-05,-12.0,-0.9093232747509145,12.0,-0.001277574935391448,9.092378791060221e-05,9.092378782520657e-05,0.0001818390360859239,0.001004830359036271,-9.092378791060222e-05
1,0.002681900000000386,1.819435358750233,-8.516731494434548e-05,-12.0,-0.9098454311992058,12.0,-0.00127764601129654,9.097602638842616e-05,9.097602630325885e-05,0.0001819435358750233,0.001004744707161845,-9.097602638842614e-05
1,0.002682100000000386,1.8204774835047,-8.493885042226701e-05,-12.0,-0.910366150877372,12.0,-0.001277716887539332,9.102812120269496e-05,9.102812111775612e-05,0.00018204774835047,0.001004659286573492,-9.102812120269499e-05
1,0.0026823000000003863,1.821516733476984,-8.471025168643731e-05,-12.0,-0.9108854329631244,12.0,-0.001277787564042593,9.108007227114378e-05,9.108007218643355e-05,0.0001821516733476985,0.001004574097440813,-9.10800722711438e-05
1,0.0026825000000003864,1.822553107025965,-8.448151909756785e-05,-12.0,-0.9114032766364442,12.0,-0.001277858040729482,9.113187951173466e-05,9.113187942725313e-05,0.0001822553107025965,0.001004489139932993,-9.113187951173466e-05
1,0.0026827000000003865,1.823586602515067,-8.42526530179244e-05,-12.0,-0.9119196810795868,12.0,-0.001277928317523214,9.118354284265689e-05,9.118354275840426e-05,0.0001823586602515067,0.001004404414218868,-9.118354284265689e-05
1,0.0026829000000003866,1.824617218312263,-8.402365380844046e-05,-12.0,-0.9124346454770808,12.0,-0.001277998394347377,9.123506218232723e-05,9.123506209830358e-05,0.0001824617218312263,0.001004319920466734,-9.123506218232723e-05
1,0.0026831000000003867,1.825644952790069,-8.379452183060465e-05,-12.0,-0.9129481690157255,12.0,-0.00127806827112581,9.128643744938948e-05,9.128643736559499e-05,0.0001825644952790069,0.001004235658844443,-9.128643744938949e-05
1,0.002683300000000387,1.826669804325548,-8.356525744612764e-05,-12.0,-0.9134602508845958,12.0,-0.001278137947782462,9.133766856271498e-05,9.13376684791497e-05,0.0001826669804325548,0.001004151629519459,-9.133766856271498e-05
1,0.002683500000000387,1.827691771300323,-8.333586101838542e-05,-12.0,-0.9139708902750474,12.0,-0.001278207424241645,9.138875544140291e-05,9.138875535806706e-05,0.0001827691771300323,0.001004067832658787,-9.13887554414029e-05
1,0.002683700000000387,1.828710852100567,-8.310633290831149e-05,-12.0,-0.9144800863807097,12.0,-0.001278276700427919,9.143969800478013e-05,9.14396979216738e-05,0.0001828710852100568,0.001003984268428917,-9.143969800478014e-05
1,0.002683900000000387,1.829727045117011,-8.287667347883776e-05,-12.0,-0.9149878383974908,12.0,-0.001278345776265954,9.149049617240121e-05,9.149049608952451e-05,0.0001829727045117011,0.001003900936996011,-9.14904961724012e-05
1,0.0026841000000003873,1.830740348744949,-8.264688309378432e-05,-12.0,-0.9154941455235839,12.0,-0.001278414651680798,9.154114986404902e-05,9.154114978140213e-05,0.0001830740348744949,0.001003817838525753,-9.154114986404901e-05
1,0.0026843000000003874,1.831750761384237,-8.241696211430671e-05,-12.0,-0.9159990069594597,12.0,-0.001278483326597663,9.159165899973451e-05,9.159165891731758e-05,0.0001831750761384237,0.001003734973183304,-9.159165899973454e-05
1,0.0026845000000003875,1.832758281439291,-8.218691090478014e-05,-12.0,-0.9165024219078715,12.0,-0.001278551800942038,9.164202349969668e-05,9.164202341750978e-05,0.0001832758281439291,0.001003652341133462,-9.164202349969667e-05
1,0.0026847000000003876,1.833762907319101,-8.195672982891367e-05,-12.0,-0.9170043895738613,12.0,-0.00127862007463958,9.169224328440325e-05,9.169224320244652e-05,0.0001833762907319101,0.001003569942540569,-9.169224328440325e-05
1,0.0026849000000003878,1.83476463743723,-8.172641924897306e-05,-12.0,-0.9175049091647522,12.0,-0.00127868814761628,9.174231827455033e-05,9.174231819282393e-05,0.000183476463743723,0.001003487777568479,-9.174231827455033e-05
1,0.002685100000000388,1.8357634702118,-8.149597952944454e-05,-12.0,-0.918003979890154,12.0,-0.001278756019798322,9.179224839106244e-05,9.179224830956648e-05,0.00018357634702118,0.001003405846380673,-9.179224839106246e-05
1,0.002685300000000388,1.836759404065524,-8.12654110351474e-05,-12.0,-0.9185016009619688,12.0,-0.00127882369111211,9.184203355509335e-05,9.184203347382795e-05,0.0001836759404065524,0.001003324149140103,-9.184203355509336e-05
1,0.002685500000000388,1.837752437425684,-8.103471412868046e-05,-12.0,-0.9189977715943821,12.0,-0.001278891161484358,9.189167368802535e-05,9.189167360699064e-05,0.0001837752437425684,0.001003242686009292,-9.189167368802535e-05
1,0.002685700000000388,1.838742568724145,-8.080388917608428e-05,-12.0,-0.9194924910038756,12.0,-0.001278958430841914,9.194116871146997e-05,9.194116863066609e-05,0.0001838742568724146,0.001003161457150362,-9.194116871146996e-05
1,0.0026859000000003883,1.839729796397355,-8.05729365400687e-05,-12.0,-0.919985758409217,12.0,-0.001279025499111949,9.199051854726773e-05,9.199051846669477e-05,0.0001839729796397355,0.001003080462724973,-9.19905185472677e-05
1,0.0026861000000003884,1.840714118886345,-8.034185658767345e-05,-12.0,-0.9204775730314726,12.0,-0.001279092366221909,9.203972311748849e-05,9.203972303714665e-05,0.0001840714118886345,0.001002999702894219,-9.20397231174885e-05
1,0.0026863000000003886,1.841695534636738,-8.01106496820525e-05,-12.0,-0.9209679340939986,12.0,-0.001279159032099297,9.208878234443167e-05,9.208878226432103e-05,0.0001841695534636738,0.001002919177818987,-9.208878234443166e-05
1,0.0026865000000003887,1.84267404209874,-7.987931618869126e-05,-12.0,-0.9214568408224464,12.0,-0.00127922549667206,9.213769615062574e-05,9.213769607074645e-05,0.000184267404209874,0.001002838887659438,-9.213769615062577e-05
1,0.0026867000000003888,1.843649639727156,-7.964785647440742e-05,-12.0,-0.9219442924447684,12.0,-0.001279291759868212,9.218646445882939e-05,9.218646437918154e-05,0.0001843649639727156,0.001002758832575529,-9.21864644588294e-05
1,0.002686900000000389,1.844622325981385,-7.941627090379821e-05,-12.0,-0.9224302881912105,12.0,-0.001279357821616187,9.22350871920307e-05,9.223508711261443e-05,0.0001844622325981385,0.001002679012726604,-9.223508719203068e-05
1,0.002687100000000389,1.84559209932542,-7.918455984168293e-05,-12.0,-0.922914827294318,12.0,-0.001279423681844499,9.228356427344763e-05,9.228356419426307e-05,0.000184559209932542,0.001002599428271564,-9.228356427344763e-05
1,0.002687300000000389,1.846558958227856,-7.89527236565446e-05,-12.0,-0.9233979089889399,12.0,-0.001279489340482026,9.233189562652834e-05,9.233189554757564e-05,0.0001846558958227856,0.001002520079368935,-9.233189562652834e-05
1,0.0026875000000003892,1.847522901161893,-7.872076271175921e-05,-12.0,-0.9238795325122218,12.0,-0.001279554797457685,9.2380081174951e-05,9.238008109623024e-05,0.0001847522901161893,0.00100244096617684,-9.2380081174951e-05
1,0.0026877000000003893,1.848483926605332,-7.848867737625387e-05,-12.0,-0.9243596971036169,12.0,-0.001279620052700881,9.242812084262406e-05,9.24281207641354e-05,0.0001848483926605332,0.00100236208885271,-9.242812084262406e-05
1,0.0026879000000003895,1.849442033040583,-7.825646801506991e-05,-12.0,-0.9248384020048785,12.0,-0.001279685106141112,9.247601455368634e-05,9.247601447542989e-05,0.0001849442033040583,0.001002283447553723,-9.247601455368635e-05
1,0.0026881000000003896,1.850397218954661,-7.80241349953581e-05,-12.0,-0.925315646460065,12.0,-0.001279749957708146,9.252376223250697e-05,9.252376215448283e-05,0.0001850397218954661,0.001002205042436616,-9.252376223250697e-05
1,0.0026883000000003897,1.851349482839201,-7.779167868482428e-05,-12.0,-0.9257914297155448,12.0,-0.001279814607331953,9.257136380368598e-05,9.257136372589433e-05,0.0001851349482839202,0.001002126873657541,-9.257136380368601e-05
1,0.00268850000000039,1.852298823190449,-7.755909944973105e-05,-12.0,-0.92626575101999,12.0,-0.001279879054942784,9.261881919205401e-05,9.261881911449493e-05,0.0001852298823190449,0.00100204894137236,-9.261881919205403e-05
1,0.00268870000000039,1.853245238509261,-7.732639765767324e-05,-12.0,-0.9267386096243809,12.0,-0.001279943300471154,9.266612832267234e-05,9.266612824534591e-05,0.0001853245238509261,0.001001971245736269,-9.266612832267234e-05
1,0.00268890000000039,1.854188727301122,-7.709357367713388e-05,-12.0,-0.9272100047820123,12.0,-0.001280007343847728,9.271329112083351e-05,9.271329104373996e-05,0.0001854188727301122,0.001001893786904198,-9.271329112083353e-05
1,0.00268910000000039,1.855129288076135,-7.686062787415349e-05,-12.0,-0.9276799357484852,12.0,-0.001280071185003451,9.27603075120611e-05,9.276030743520048e-05,0.0001855129288076135,0.001001816565030553,-9.27603075120611e-05
1,0.0026893000000003902,1.856066919349021,-7.662756061799225e-05,-12.0,-0.9281484017817133,12.0,-0.001280134823869558,9.280717742210952e-05,9.280717734548196e-05,0.0001856066919349021,0.001001739580269195,-9.280717742210954e-05
1,0.0026895000000003904,1.857001619639136,-7.639437227735524e-05,-12.0,-0.9286154021419275,12.0,-0.00128019826037741,9.285390077696501e-05,9.285390070057067e-05,0.0001857001619639136,0.001001662832773725,-9.285390077696502e-05
1,0.0026897000000003905,1.857933387470458,-7.616106321872707e-05,-12.0,-0.9290809360916678,12.0,-0.001280261494458729,9.29004775028449e-05,9.290047742668383e-05,0.0001857933387470458,0.001001586322697132,-9.29004775028449e-05
1,0.0026899000000003906,1.858862221371599,-7.59276338128112e-05,-12.0,-0.929545002895795,12.0,-0.001280324526045387,9.294690752619821e-05,9.29469074502706e-05,0.0001858862221371599,0.001001510050191945,-9.294690752619822e-05
1,0.0026901000000003907,1.859788119875804,-7.569408442620329e-05,-12.0,-0.9300076018214819,12.0,-0.001280387355069523,9.299319077370557e-05,9.29931906980115e-05,0.0001859788119875804,0.001001434015410307,-9.299319077370557e-05
1,0.002690300000000391,1.86071108152095,-7.546041543005089e-05,-12.0,-0.9304687321382241,12.0,-0.001280449981463483,9.303932717227941e-05,9.303932709681899e-05,0.000186071108152095,0.001001358218503903,-9.303932717227941e-05
1,0.002690500000000391,1.861631104849558,-7.522662719150475e-05,-12.0,-0.9309283931178327,12.0,-0.001280512405159889,9.30853166490641e-05,9.308531657383749e-05,0.0001861631104849558,0.001001282659623889,-9.308531664906413e-05
1,0.002690700000000391,1.862548188408781,-7.499272008082425e-05,-12.0,-0.931386584034439,12.0,-0.001280574626091616,9.31311591314358e-05,9.313115905644309e-05,0.0001862548188408781,0.00100120733892102,-9.313115913143583e-05
1,0.002690900000000391,1.863462330750421,-7.47586944679357e-05,-12.0,-0.9318433041644993,12.0,-0.001280636644191674,9.317685454700315e-05,9.317685447224444e-05,0.0001863462330750421,0.001001132256545606,-9.317685454700315e-05
1,0.0026911000000003913,1.864373530430922,-7.452455072176623e-05,-12.0,-0.9322985527867893,12.0,-0.001280698459393478,9.322240282360677e-05,9.322240274908221e-05,0.0001864373530430922,0.001001057412647333,-9.322240282360676e-05
1,0.0026913000000003914,1.865281786011374,-7.429028921190906e-05,-12.0,-0.9327523291824077,12.0,-0.001280760071630443,9.326780388931957e-05,9.32678038150293e-05,0.0001865281786011374,0.001000982807375733,-9.326780388931959e-05
1,0.0026915000000003915,1.866187096057517,-7.405591030995584e-05,-12.0,-0.9332046326347824,12.0,-0.001280821480836469,9.331305767244725e-05,9.331305759839135e-05,0.0001866187096057517,0.001000908440879592,-9.331305767244724e-05
1,0.0026917000000003916,1.867089459139745,-7.38214143843896e-05,-12.0,-0.933655462429663,12.0,-0.001280882686945567,9.335816410152784e-05,9.335816402770645e-05,0.0001867089459139745,0.001000834313307344,-9.335816410152787e-05
1,0.0026919000000003917,1.867988873833099,-7.35868018063579e-05,-12.0,-0.9341048178551266,12.0,-0.001280943689891942,9.340312310533204e-05,9.340312303174526e-05,0.0001867988873833099,0.001000760424807012,-9.340312310533203e-05
1,0.002692100000000392,1.868885338717279,-7.335207294723034e-05,-12.0,-0.9345526982015809,12.0,-0.001281004489610146,9.344793461286338e-05,9.344793453951129e-05,0.0001868885338717279,0.001000686775526033,-9.344793461286338e-05
1,0.002692300000000392,1.869778852376652,-7.311722817726629e-05,-12.0,-0.9349991027617642,12.0,-0.001281065086034885,9.349259855335871e-05,9.349259848024146e-05,0.0001869778852376652,0.001000613365611497,-9.34925985533587e-05
1,0.002692500000000392,1.870669413400232,-7.288226786617003e-05,-12.0,-0.9354440308307378,12.0,-0.001281125479101086,9.353711485628714e-05,9.35371147834049e-05,0.0001870669413400232,0.001000540195209981,-9.353711485628717e-05
1,0.002692700000000392,1.871557020381699,-7.264719238719852e-05,-12.0,-0.935887481705902,12.0,-0.001281185668744009,9.358148345135147e-05,9.358148337870429e-05,0.0001871557020381699,0.001000467264467619,-9.358148345135149e-05
1,0.0026929000000003923,1.872441671919406,-7.241200211116627e-05,-12.0,-0.9363294546869897,12.0,-0.001281245654899052,9.362570426848786e-05,9.362570419607585e-05,0.0001872441671919406,0.001000394573530017,-9.362570426848786e-05
1,0.0026931000000003924,1.873323366616362,-7.217669740822164e-05,-12.0,-0.9367699490760605,12.0,-0.00128130543750192,9.366977723786521e-05,9.366977716568855e-05,0.0001873323366616362,0.001000322122542349,-9.366977723786523e-05
1,0.0026933000000003925,1.87420210308025,-7.194127865195465e-05,-12.0,-0.937208964177516,12.0,-0.00128136501648847,9.37137022898864e-05,9.37137022179451e-05,0.000187420210308025,0.001000249911649431,-9.37137022898864e-05
1,0.0026935000000003926,1.87507787992343,-7.170574621351289e-05,-12.0,-0.9376464992980927,12.0,-0.001281424391794919,9.375747935518793e-05,9.375747928348217e-05,0.000187507787992343,0.001000177940995411,-9.375747935518793e-05
1,0.0026937000000003927,1.875950695762928,-7.147010046426594e-05,-12.0,-0.9380825537468617,12.0,-0.001281483563357569,9.380110836463974e-05,9.380110829316963e-05,0.0001875950695762928,0.001000106210724119,-9.380110836463975e-05
1,0.002693900000000393,1.876820549220445,-7.123434177747079e-05,-12.0,-0.9385171268352321,12.0,-0.001281542531113067,9.384458924934548e-05,9.384458917811114e-05,0.0001876820549220445,0.001000034720978898,-9.384458924934548e-05
1,0.002694100000000393,1.877687438922366,-7.099847052571828e-05,-12.0,-0.9389502178769564,12.0,-0.001281601294998228,9.388792194064308e-05,9.388792186964459e-05,0.0001877687438922366,0.000999963471902593,-9.388792194064308e-05
1,0.002694300000000393,1.878551363499755,-7.076248708048904e-05,-12.0,-0.9393818261881233,12.0,-0.001281659854950198,9.393110637010426e-05,9.393110629934178e-05,0.0001878551363499755,0.0009998924636375611,-9.393110637010429e-05
1,0.002694500000000393,1.879412321588353,-7.05263918152621e-05,-12.0,-0.9398119510871633,12.0,-0.001281718210906238,9.397414246953479e-05,9.397414239900843e-05,0.0001879412321588353,0.000999821696325759,-9.39741424695348e-05
1,0.0026947000000003933,1.88027031182859,-7.029018510373852e-05,-12.0,-0.9402405918948528,12.0,-0.001281776362803869,9.401703017097492e-05,9.401703010068471e-05,0.000188027031182859,0.0009997511701086426,-9.401703017097491e-05
1,0.0026949000000003934,1.881125332865585,-7.005386731795404e-05,-12.0,-0.9406677479343082,12.0,-0.001281834310580945,9.405976940669901e-05,9.405976933664516e-05,0.0001881125332865585,0.000999680885127155,-9.405976940669903e-05
1,0.0026951000000003935,1.881977383349139,-6.981743883116565e-05,-12.0,-0.9410934185309907,12.0,-0.001281892054175421,9.410236010921595e-05,9.410236003939852e-05,0.0001881977383349139,0.000999610841521864,-9.410236010921595e-05
1,0.0026953000000003936,1.882826461933747,-6.95809000180736e-05,-12.0,-0.9415176030127096,12.0,-0.001281949593525594,9.414480221126916e-05,9.414480214168826e-05,0.0001882826461933747,0.0009995410394327553,-9.414480221126916e-05
1,0.0026955000000003938,1.883672567278603,-6.934425125182386e-05,-12.0,-0.9419403007096219,12.0,-0.001282006928569931,9.418709564583699e-05,9.418709557649275e-05,0.0001883672567278603,0.000999471478999453,-9.4187095645837e-05
1,0.002695700000000394,1.884515698047586,-6.91074929051183e-05,-12.0,-0.9423615109542256,12.0,-0.001282064059247134,9.422924034613204e-05,9.422924027702455e-05,0.0001884515698047586,0.0009994021603610403,-9.422924034613206e-05
1,0.002695900000000394,1.885355852909275,-6.887062535387845e-05,-12.0,-0.9427812330813745,12.0,-0.001282120985496168,9.427123624560205e-05,9.427123617673143e-05,0.0001885355852909275,0.0009993330836561704,-9.427123624560207e-05
1,0.002696100000000394,1.886193030536958,-6.86336489715833e-05,-12.0,-0.9431994664282726,12.0,-0.001282177707256249,9.431308327793011e-05,9.431308320929648e-05,0.0001886193030536958,0.0009992642490229547,-9.43130832779301e-05
1,0.002696300000000394,1.88702722960861,-6.839656413137885e-05,-12.0,-0.9436162103344675,12.0,-0.001282234224466772,9.43547813770336e-05,9.435478130863706e-05,0.000188702722960861,0.0009991956565991306,-9.435478137703362e-05
1,0.0026965000000003943,1.887858448806916,-6.815937120974169e-05,-12.0,-0.9440314641418662,12.0,-0.001282290537067382,9.439633047706566e-05,9.439633040890629e-05,0.0001887858448806916,0.0009991273065218936,-9.439633047706566e-05
1,0.0026967000000003944,1.888686686819272,-6.792207058048394e-05,-12.0,-0.9444452271947272,12.0,-0.001282346644997975,9.443773051241466e-05,9.443773044449263e-05,0.0001888686686819272,0.0009990591989280095,-9.443773051241468e-05
1,0.0026969000000003946,1.889511942337774,-6.768466261841688e-05,-12.0,-0.9448574988396612,12.0,-0.001282402548198669,9.447898141770426e-05,9.447898135001961e-05,0.0001889511942337774,0.0009989913339537165,-9.447898141770428e-05
1,0.0026971000000003947,1.890334214059228,-6.744714769868487e-05,-12.0,-0.9452682784256337,12.0,-0.001282458246609802,9.452008312779349e-05,9.452008306034634e-05,0.0001890334214059228,0.000998923711734892,-9.45200831277935e-05
1,0.0026973000000003948,1.891153500685158,-6.720952619720943e-05,-12.0,-0.9456775653039701,12.0,-0.001282513740171978,9.456103557777727e-05,9.456103551056776e-05,0.0001891153500685158,0.000998856332406789,-9.456103557777729e-05
1,0.002697500000000395,1.891969800921797,-6.697179848835777e-05,-12.0,-0.9460853588283492,12.0,-0.001282569028826064,9.460183870298609e-05,9.460183863601428e-05,0.0001891969800921797,0.0009987891961042439,-9.460183870298609e-05
1,0.002697700000000395,1.892783113480094,-6.67339649480514e-05,-12.0,-0.9464916583548084,12.0,-0.001282624112513023,9.464249243898602e-05,9.46424923722521e-05,0.0001892783113480094,0.000998722302961691,-9.464249243898604e-05
1,0.002697900000000395,1.893593437075717,-6.649602595265591e-05,-12.0,-0.9468964632417476,12.0,-0.00128267899117418,9.46829967215795e-05,9.46829966550835e-05,0.0001893593437075717,0.000998655653113023,-9.46829967215795e-05
1,0.0026981000000003952,1.894400770429056,-6.625798187720466e-05,-12.0,-0.9472997728499234,12.0,-0.001282733664751054,9.472335148680462e-05,9.472335142054664e-05,0.0001894400770429056,0.0009985892466916751,-9.472335148680462e-05
1,0.0026983000000003953,1.895205112265217,-6.601983309784121e-05,-12.0,-0.9477015865424537,12.0,-0.001282788133185442,9.47635566709356e-05,9.476355660491576e-05,0.0001895205112265217,0.0009985230838305131,-9.47635566709356e-05
1,0.0026985000000003955,1.896006461314038,-6.578157999181933e-05,-12.0,-0.9481019036848222,12.0,-0.001282842396419195,9.480361221048304e-05,9.480361214470149e-05,0.0001896006461314038,0.0009984571646621948,-9.480361221048304e-05
1,0.0026987000000003956,1.896804816310077,-6.554322293439441e-05,-12.0,-0.9485007236448723,12.0,-0.001282896454394652,9.484351804219379e-05,9.484351797665056e-05,0.0001896804816310077,0.0009983914893185591,-9.484351804219379e-05
1,0.0026989000000003957,1.897600175992621,-6.530476230237614e-05,-12.0,-0.9488980457928117,12.0,-0.001282950307054248,9.488327410305093e-05,9.488327403774616e-05,0.0001897600175992621,0.0009983260579311676,-9.488327410305093e-05
1,0.002699100000000396,1.898392539105688,-6.506619847335138e-05,-12.0,-0.9492938695012156,12.0,-0.001283003954340611,9.492288033027422e-05,9.492288026520805e-05,0.0001898392539105688,0.0009982608706310958,-9.492288033027424e-05
1,0.002699300000000396,1.899181904398031,-6.482753182335266e-05,-12.0,-0.9496881941450256,12.0,-0.001283057396196718,9.496233666132022e-05,9.49623365964927e-05,0.0001899181904398031,0.0009981959275488644,-9.496233666132023e-05
1,0.002699500000000396,1.899968270623132,-6.458876272963376e-05,-12.0,-0.9500810191015481,12.0,-0.001283110632565615,9.500164303388185e-05,9.500164296929308e-05,0.0001899968270623132,0.0009981312288146471,-9.500164303388185e-05
1,0.002699700000000396,1.90075163653921,-6.434989156933746e-05,-12.0,-0.9504723437504576,12.0,-0.001283163663390763,9.504079938588883e-05,9.504079932153896e-05,0.000190075163653921,0.000998066774557979,-9.504079938588883e-05
1,0.0026999000000003963,1.901532000909223,-6.411091872049468e-05,-12.0,-0.9508621674738015,12.0,-0.00128321648861579,9.507980565550809e-05,9.507980559139717e-05,0.0001901532000909223,0.0009980025649079932,-9.50798056555081e-05
1,0.0027001000000003964,1.902309362500871,-6.387184456002615e-05,-12.0,-0.9512504896559937,12.0,-0.001283269108184451,9.511866178114339e-05,9.511866171727155e-05,0.0001902309362500871,0.000997938599993392,-9.511866178114337e-05
1,0.0027003000000003965,1.903083720086589,-6.363266946551871e-05,-12.0,-0.9516373096838193,12.0,-0.001283321522040873,9.515736770143539e-05,9.515736763780273e-05,0.0001903083720086589,0.000997874879942351,-9.515736770143539e-05
1,0.0027005000000003966,1.903855072443564,-6.33933938154474e-05,-12.0,-0.952022626946439,12.0,-0.00128337373012935,9.519592335526234e-05,9.519592329186898e-05,0.0001903855072443564,0.0009978114048825176,-9.519592335526237e-05
1,0.0027007000000003967,1.904623418353724,-6.315401798739906e-05,-12.0,-0.9524064408353832,12.0,-0.0012834257323944,9.52343286817396e-05,9.523432861858557e-05,0.0001904623418353724,0.0009977481749411515,-9.523432868173958e-05
1,0.002700900000000397,1.905388756603742,-6.291454235984872e-05,-12.0,-0.9527887507445562,12.0,-0.001283477528780844,9.527258362021963e-05,9.52725835573051e-05,0.0001905388756603742,0.0009976851902449152,-9.527258362021963e-05
1,0.002701100000000397,1.906151085985049,-6.267496731104938e-05,-12.0,-0.9531695560702406,12.0,-0.001283529119233601,9.531068811029296e-05,9.5310688047618e-05,0.0001906151085985049,0.0009976224509201659,-9.531068811029296e-05
1,0.002701300000000397,1.906910405293819,-6.243529321880992e-05,-12.0,-0.9535488562110908,12.0,-0.001283580503697937,9.534864209178718e-05,9.534864202935189e-05,0.0001906910405293819,0.0009975599570925947,-9.534864209178719e-05
1,0.002701500000000397,1.907666713330982,-6.219552046371479e-05,-12.0,-0.953926650568142,12.0,-0.001283631682119327,9.538644550476781e-05,9.538644544257231e-05,0.0001907666713330983,0.0009974977088875459,-9.538644550476783e-05
1,0.0027017000000003973,1.908420008902228,-6.195564942268472e-05,-12.0,-0.9543029385448045,12.0,-0.001283682654443466,9.542409828953821e-05,9.542409822758253e-05,0.0001908420008902228,0.0009974357064297668,-9.542409828953818e-05
1,0.0027019000000003974,1.909170290817995,-6.171568047508291e-05,-12.0,-0.9546777195468671,12.0,-0.001283733420616245,9.54616003866392e-05,9.546160032492353e-05,0.0001909170290817996,0.000997373949843658,-9.546160038663921e-05
1,0.0027021000000003975,1.909917557893488,-6.147561400082768e-05,-12.0,-0.9550509929825016,12.0,-0.001283783980583819,9.549895173685006e-05,9.549895167537446e-05,0.0001909917557893489,0.0009973124392529814,-9.549895173685008e-05
1,0.0027023000000003976,1.91066180894867,-6.123545037850509e-05,-12.0,-0.9554227582622571,12.0,-0.001283834334292591,9.553615228118786e-05,9.553615221995242e-05,0.000191066180894867,0.0009972511747811663,-9.553615228118786e-05
1,0.0027025000000003977,1.911403042808262,-6.099518998781139e-05,-12.0,-0.9557930147990645,12.0,-0.001283884481689215,9.557320196090766e-05,9.557320189991248e-05,0.0001911403042808262,0.0009971901565510172,-9.557320196090767e-05
1,0.002702700000000398,1.912141258301758,-6.075483320866493e-05,-12.0,-0.9561617620082404,12.0,-0.001283934422720456,9.561010071750319e-05,9.561010065674836e-05,0.0001912141258301758,0.0009971293846850193,-9.561010071750319e-05
1,0.002702900000000398,1.912876454263414,-6.051438041987378e-05,-12.0,-0.9565289993074804,12.0,-0.001283984157333426,9.564684849270605e-05,9.564684843219168e-05,0.0001912876454263414,0.0009970688593050059,-9.564684849270605e-05
1,0.002703100000000398,1.913608629532253,-6.027383200268854e-05,-12.0,-0.9568947261168688,12.0,-0.001284033685475472,9.568344522848663e-05,9.56834451682128e-05,0.0001913608629532253,0.0009970085805323797,-9.568344522848662e-05
1,0.002703300000000398,1.914337782952073,-6.003318833580629e-05,-12.0,-0.957258941858872,12.0,-0.001284083007094067,9.57198908670536e-05,9.571989080702046e-05,0.0001914337782952073,0.0009969485484881413,-9.571989086705363e-05
1,0.0027035000000003983,1.915063913371436,-5.979244980003351e-05,-12.0,-0.9576216459583425,12.0,-0.001284132122136974,9.575618535085425e-05,9.57561852910618e-05,0.0001915063913371436,0.0009968887632927637,-9.575618535085425e-05
1,0.0027037000000003984,1.915787019643685,-5.95516167766208e-05,-12.0,-0.9579828378425234,12.0,-0.001284181030552278,9.579232862257468e-05,9.57923285630231e-05,0.0001915787019643685,0.0009968292250661231,-9.579232862257468e-05
1,0.0027039000000003985,1.916507100626935,-5.931068964426522e-05,-12.0,-0.958342516941041,12.0,-0.001284229732288145,9.582832062513967e-05,9.582832056582899e-05,0.0001916507100626936,0.0009967699339277492,-9.582832062513968e-05
1,0.0027041000000003986,1.91722415518408,-5.906966878554964e-05,-12.0,-0.958700682685915,12.0,-0.001284278227292962,9.586416130171296e-05,9.586416124264328e-05,0.000191722415518408,0.0009967108899966715,-9.586416130171296e-05
1,0.0027043000000003987,1.917938182182793,-5.882855457983727e-05,-12.0,-0.9590573345115521,12.0,-0.001284326515515577,9.589985059569723e-05,9.589985053686865e-05,0.0001917938182182793,0.0009966520933913092,-9.589985059569723e-05
1,0.002704500000000399,1.918649180495526,-5.858734740837868e-05,-12.0,-0.959412471854749,12.0,-0.00128437459690478,9.593538845073407e-05,9.593538839214671e-05,0.0001918649180495526,0.0009965935442297624,-9.593538845073407e-05
1,0.002704700000000399,1.919357148999515,-5.834604765309059e-05,-12.0,-0.9597660941546976,12.0,-0.001284422471409793,9.597077481070445e-05,9.597077475235841e-05,0.0001919357148999515,0.0009965352426295065,-9.597077481070445e-05
1,0.002704900000000399,1.920062086576782,-5.810465569411338e-05,-12.0,-0.9601182008529788,12.0,-0.001284470138979948,9.600600961972846e-05,9.600600956162382e-05,0.0001920062086576782,0.0009964771887076146,-9.600600961972848e-05
1,0.002705100000000399,1.920763992114131,-5.786317191336376e-05,-12.0,-0.9604687913935673,12.0,-0.001284517599564883,9.60410928221654e-05,9.604109276430222e-05,0.0001920763992114131,0.000996419382580646,-9.60410928221654e-05
1,0.0027053000000003993,1.921462864503159,-5.76215966929805e-05,-12.0,-0.9608178652228347,12.0,-0.0012845648531144,9.607602436261417e-05,9.607602430499258e-05,0.0001921462864503159,0.000996361824364675,-9.607602436261419e-05
1,0.0027055000000003994,1.92215870264025,-5.73799304137701e-05,-12.0,-0.9611654217895448,12.0,-0.001284611899578625,9.611080418591309e-05,9.611080412853317e-05,0.000192215870264025,0.0009963045141752058,-9.61108041859131e-05
1,0.0027057000000003995,1.922851505426579,-5.713817345742722e-05,-12.0,-0.9615114605448573,12.0,-0.001284658738907762,9.614543223713998e-05,9.614543218000182e-05,0.0001922851505426579,0.0009962474521274384,-9.614543223713998e-05
1,0.0027059000000003997,1.923541271768114,-5.68963262068678e-05,-12.0,-0.9618559809423307,12.0,-0.001284705371052408,9.617990846161238e-05,9.617990840471606e-05,0.0001923541271768114,0.000996190638335906,-9.617990846161239e-05
1,0.0027061000000003998,1.924228000575625,-5.665438904411957e-05,-12.0,-0.9621989824379223,12.0,-0.001284751795963282,9.621423280488782e-05,9.621423274823344e-05,0.0001924228000575625,0.0009961340729147533,-9.621423280488783e-05
1,0.0027063000000004,1.924911690764666,-5.641236235010005e-05,-12.0,-0.9625404644899821,12.0,-0.001284798013591382,9.62484052127632e-05,9.624840515635083e-05,0.0001924911690764667,0.0009960777559775424,-9.624840521276321e-05
1,0.0027065000000004,1.925592341255598,-5.617024650905744e-05,-12.0,-0.9628804265592652,12.0,-0.001284844023887927,9.628242563127561e-05,9.628242557510539e-05,0.0001925592341255598,0.0009960216876374328,-9.628242563127562e-05
1,0.0027067000000004,1.926269950973584,-5.592804190246436e-05,-12.0,-0.963218868108926,12.0,-0.001284889826804372,9.631629400670234e-05,9.63162939507743e-05,0.0001926269950973584,0.0009959658680070982,-9.631629400670236e-05
1,0.0027069000000004002,1.926944518848582,-5.568574891312572e-05,-12.0,-0.9635557886045182,12.0,-0.001284935422292313,9.635001028556053e-05,9.635001022987478e-05,0.0001926944518848582,0.0009959102971986433,-9.635001028556051e-05
1,0.0027071000000004003,1.927616043815356,-5.544336792373539e-05,-12.0,-0.9638911875139973,12.0,-0.00128498081030376,9.638357441460735e-05,9.638357435916399e-05,0.0001927616043815356,0.000995854975323715,-9.638357441460735e-05
1,0.0027073000000004004,1.928284524813477,-5.520089931809746e-05,-12.0,-0.9642250643077247,12.0,-0.001285025990790722,9.641698634084066e-05,9.641698628563975e-05,0.0001928284524813477,0.0009957999024935021,-9.641698634084066e-05
1,0.0027075000000004006,1.928949960787323,-5.495834347846174e-05,-12.0,-0.9645574184584623,12.0,-0.001285070963705656,9.645024601149839e-05,9.645024595654006e-05,0.0001928949960787323,0.0009957450788186523,-9.645024601149839e-05
1,0.0027077000000004007,1.929612350686075,-5.471570078807719e-05,-12.0,-0.9648882494413766,12.0,-0.001285115729001099,9.648335337405886e-05,9.648335331934317e-05,0.0001929612350686075,0.000995690504409369,-9.648335337405886e-05
1,0.002707900000000401,1.930271693463731,-5.447297163119202e-05,-12.0,-0.9652175567340423,12.0,-0.001285160286629852,9.651630837624108e-05,9.651630832176814e-05,0.0001930271693463732,0.0009956361793753005,-9.651630837624111e-05
1,0.002708100000000401,1.9309279880791,-5.423015639038908e-05,-12.0,-0.9655453398164371,12.0,-0.001285204636545009,9.654911096600468e-05,9.654911091177452e-05,0.00019309279880791,0.0009955821038256651,-9.654911096600467e-05
1,0.002708300000000401,1.931581233495797,-5.398725544980554e-05,-12.0,-0.965871598170946,12.0,-0.001285248778699746,9.658176109154961e-05,9.658176103756236e-05,0.0001931581233495797,0.0009955282778692093,-9.658176109154962e-05
1,0.002708500000000401,1.932231428682262,-5.374426919335651e-05,-12.0,-0.9661963312823635,12.0,-0.00128529271304767,9.661425870131702e-05,9.661425864757277e-05,0.0001932231428682262,0.0009954747016139992,-9.661425870131702e-05
1,0.0027087000000004012,1.932878572611748,-5.350119800473507e-05,-12.0,-0.9665195386378934,12.0,-0.00128533643954247,9.664660374398884e-05,9.664660369048766e-05,0.0001932878572611749,0.0009954213751678376,-9.664660374398887e-05
1,0.0027089000000004014,1.933522664262324,-5.325804226763431e-05,-12.0,-0.9668412197271437,12.0,-0.001285379958138058,9.667879616848758e-05,9.667879611522957e-05,0.0001933522664262324,0.000995368298637958,-9.667879616848761e-05
1,0.0027091000000004015,1.934163702616878,-5.301480236707956e-05,-12.0,-0.9671613740421375,12.0,-0.001285423268788638,9.671083592397704e-05,9.671083587096226e-05,0.0001934163702616878,0.0009953154721310392,-9.671083592397705e-05
1,0.0027093000000004016,1.934801686663127,-5.277147868754106e-05,-12.0,-0.9674800010773096,12.0,-0.001285466371448621,9.67427229598622e-05,9.674272290709075e-05,0.0001934801686663127,0.0009952628957533294,-9.674272295986221e-05
1,0.0027095000000004017,1.935436615393604,-5.252807161182371e-05,-12.0,-0.9677971003295007,12.0,-0.00128550926607271,9.677445722578889e-05,9.677445717326082e-05,0.0001935436615393604,0.000995210569610494,-9.677445722578889e-05
1,0.002709700000000402,1.936068487805668,-5.228458152661819e-05,-12.0,-0.9681126712979695,12.0,-0.001285551952615677,9.68060386716443e-05,9.680603861935973e-05,0.0001936068487805668,0.00099515849380781,-9.680603867164429e-05
1,0.002709900000000402,1.93669730290151,-5.204100881561757e-05,-12.0,-0.9684267134843884,12.0,-0.001285594431032655,9.683746724755728e-05,9.683746719551628e-05,0.000193669730290151,0.0009951066684500548,-9.683746724755728e-05
1,0.002710100000000402,1.93732305968814,-5.179735386295903e-05,-12.0,-0.968739226392838,12.0,-0.00128563670127893,9.68687429038975e-05,9.686874285210017e-05,0.000193732305968814,0.0009950550936414643,-9.686874290389752e-05
1,0.002710300000000402,1.937945757177402,-5.155361705533323e-05,-12.0,-0.9690502095298199,12.0,-0.001285678763310136,9.689986559127645e-05,9.689986553972286e-05,0.0001937945757177402,0.0009950037694856917,-9.689986559127647e-05
1,0.0027105000000004023,1.938565394385973,-5.130979877687736e-05,-12.0,-0.9693596624042499,12.0,-0.001285720617081959,9.693083526054729e-05,9.69308352092375e-05,0.0001938565394385973,0.0009949526960860433,-9.69308352605473e-05
1,0.0027107000000004024,1.93918197033536,-5.106589941328288e-05,-12.0,-0.9696675845274589,12.0,-0.001285762262550436,9.696165186280459e-05,9.696165181173868e-05,0.000193918197033536,0.0009949018735452703,-9.696165186280458e-05
1,0.0027109000000004025,1.939795484051904,-5.082191934913105e-05,-12.0,-0.969973975413195,12.0,-0.001285803699671836,9.699231534938461e-05,9.699231529856267e-05,0.0001939795484051904,0.0009948513019656102,-9.69923153493846e-05
1,0.0027111000000004026,1.940405934566783,-5.057785897111255e-05,-12.0,-0.9702788345776269,12.0,-0.001285844928402557,9.702282567186559e-05,9.702282562128773e-05,0.0001940405934566784,0.0009948009814488429,-9.702282567186558e-05
1,0.0027113000000004027,1.941013320916013,-5.03337186635866e-05,-12.0,-0.9705821615393394,12.0,-0.001285885948699314,9.705318278206757e-05,9.705318273173385e-05,0.0001941013320916014,0.000994750912096179,-9.705318278206759e-05
1,0.002711500000000403,1.941617642140445,-5.008949881302183e-05,-12.0,-0.970883955819337,12.0,-0.001285926760519016,9.708338663205239e-05,9.70833865819629e-05,0.0001941617642140445,0.000994701094008399,-9.70833866320524e-05
1,0.002711700000000403,1.942218897285773,-4.984519980566482e-05,-12.0,-0.9711842169410471,12.0,-0.001285967363818849,9.711343717412413e-05,9.711343712427896e-05,0.0001942218897285773,0.0009946515272857281,-9.711343717412415e-05
1,0.002711900000000403,1.942817085402534,-4.960082202687399e-05,-12.0,-0.9714829444303156,12.0,-0.001286007758556057,9.714333436082885e-05,9.714333431122803e-05,0.0001942817085402534,0.0009946022120279896,-9.714333436082887e-05
1,0.002712100000000403,1.943412205546103,-4.935636586311798e-05,-12.0,-0.97178013781541,12.0,-0.001286047944688326,9.71730781449547e-05,9.717307809559832e-05,0.0001943412205546104,0.0009945531483344094,-9.717307814495469e-05
1,0.0027123000000004033,1.944004256776706,-4.911183170075439e-05,-12.0,-0.9720757966270224,12.0,-0.001286087922173468,9.720266847953214e-05,9.720266843042034e-05,0.0001944004256776706,0.0009945043363037143,-9.720266847953217e-05
1,0.0027125000000004034,1.944593238159415,-4.886721992625187e-05,-12.0,-0.9723699203982688,12.0,-0.001286127690969557,9.723210531783423e-05,9.723210526896704e-05,0.0001944593238159415,0.0009944557760341727,-9.723210531783425e-05
1,0.0027127000000004035,1.945179148764142,-4.862253092530189e-05,-12.0,-0.9726625086646842,12.0,-0.001286167251034795,9.72613886133759e-05,9.726138856475337e-05,0.0001945179148764142,0.0009944074676235815,-9.72613886133759e-05
1,0.0027129000000004036,1.945761987665654,-4.837776508570535e-05,-12.0,-0.9729535609642335,12.0,-0.001286206602327686,9.729051831991478e-05,9.729051827153701e-05,0.0001945761987665655,0.0009943594111691684,-9.729051831991478e-05
1,0.0027131000000004037,1.946341753943573,-4.813292279370884e-05,-12.0,-0.9732430768373063,12.0,-0.001286245744807027,9.731949439145126e-05,9.731949434331832e-05,0.0001946341753943573,0.0009943116067676894,-9.731949439145126e-05
1,0.002713300000000404,1.946918446682365,-4.788800443600305e-05,-12.0,-0.9735310558267165,12.0,-0.001286284678431698,9.734831678222803e-05,9.734831673434004e-05,0.0001946918446682365,0.0009942640545153592,-9.734831678222806e-05
1,0.002713500000000404,1.947492064971351,-4.764301039994479e-05,-12.0,-0.9738174974777054,12.0,-0.001286323403160941,9.737698544673055e-05,9.737698539908755e-05,0.0001947492064971351,0.0009942167545080038,-9.737698544673055e-05
1,0.002713700000000404,1.948062607904711,-4.739794107277984e-05,-12.0,-0.974102401337944,12.0,-0.001286361918954093,9.740550033968714e-05,9.740550029228921e-05,0.0001948062607904711,0.000994169706840839,-9.740550033968713e-05
1,0.002713900000000404,1.94863007458148,-4.715279684097684e-05,-12.0,-0.9743857669575294,12.0,-0.001286400225770853,9.743386141606886e-05,9.743386136891605e-05,0.000194863007458148,0.0009941229116085804,-9.743386141606885e-05
1,0.0027141000000004043,1.949194464105546,-4.690757809289181e-05,-12.0,-0.9746675938889879,12.0,-0.001286438323571004,9.746206863108952e-05,9.746206858418195e-05,0.0001949194464105546,0.0009940763689055693,-9.746206863108951e-05
1,0.0027143000000004044,1.949755775585664,-4.666228521532645e-05,-12.0,-0.974947881687278,12.0,-0.00128647621231473,9.749012194020625e-05,9.749012189354397e-05,0.0001949755775585664,0.0009940300788254253,-9.749012194020627e-05
1,0.0027145000000004045,1.950314008135445,-4.641691859619268e-05,-12.0,-0.9752266299097859,12.0,-0.001286513891962271,9.751802129911896e-05,9.751802125270207e-05,0.0001950314008135445,0.0009939840414614348,-9.751802129911897e-05
1,0.0027147000000004046,1.950869160873361,-4.617147862273629e-05,-12.0,-0.9755038381163296,12.0,-0.001286551362474159,9.754576666377066e-05,9.754576661759918e-05,0.0001950869160873361,0.0009939382569063848,-9.754576666377069e-05
1,0.0027149000000004047,1.95142123292275,-4.592596568397944e-05,-12.0,-0.9757795058691608,12.0,-0.001286588623811147,9.757335799034768e-05,9.757335794442171e-05,0.000195142123292275,0.0009938927252524932,-9.757335799034769e-05
1,0.002715100000000405,1.951970223411817,-4.568038016672382e-05,-12.0,-0.976053632732962,12.0,-0.00128662567593428,9.760079523527954e-05,9.760079518959919e-05,0.0001951970223411817,0.000993847446591381,-9.760079523527952e-05
1,0.002715300000000405,1.952516131473625,-4.54347224591034e-05,-12.0,-0.9763262182748484,12.0,-0.001286662518804729,9.762807835523894e-05,9.762807830980423e-05,0.0001952516131473625,0.0009938024210144336,-9.762807835523894e-05
1,0.002715500000000405,1.953058956246114,-4.518899295025136e-05,-12.0,-0.9765972620643721,12.0,-0.001286699152383941,9.76552073071422e-05,9.765520726195322e-05,0.0001953058956246114,0.000993757648612273,-9.76552073071422e-05
1,0.002715700000000405,1.953598696872087,-4.494319202719144e-05,-12.0,-0.9768667636735162,12.0,-0.001286735576633558,9.768218204814891e-05,9.768218200320571e-05,0.0001953598696872087,0.0009937131294751184,-9.768218204814891e-05
1,0.0027159000000004053,1.95413535249922,-4.469732007961191e-05,-12.0,-0.9771347226767025,12.0,-0.001286771791515512,9.770900253566228e-05,9.770900249096496e-05,0.000195413535249922,0.0009936688636927177,-9.77090025356623e-05
1,0.0027161000000004054,1.95466892228006,-4.44513774948696e-05,-12.0,-0.9774011386507856,12.0,-0.001286807796991876,9.773566872732908e-05,9.773566868287772e-05,0.000195466892228006,0.0009936248513542356,-9.773566872732907e-05
1,0.0027163000000004055,1.955199405372025,-4.420536466243075e-05,-12.0,-0.9776660111750598,12.0,-0.001286843593025069,9.776218058103972e-05,9.776218053683437e-05,0.0001955199405372025,0.000993581092548379,-9.776218058103974e-05
1,0.0027165000000004057,1.955726800937411,-4.39592819708734e-05,-12.0,-0.9779293398312544,12.0,-0.001286879179577538,9.778853805492835e-05,9.77885380109691e-05,0.0001955726800937411,0.0009935375873633967,-9.778853805492836e-05
1,0.0027167000000004058,1.956251108143385,-4.371312980855357e-05,-12.0,-0.9781911242035369,12.0,-0.001286914556612131,9.781474110737283e-05,9.781474106365969e-05,0.0001956251108143386,0.000993494335886913,-9.781474110737284e-05
1,0.002716900000000406,1.956772326161997,-4.34669085653816e-05,-12.0,-0.9784513638785155,12.0,-0.001286949724091921,9.784078969699501e-05,9.784078965352811e-05,0.0001956772326161997,0.000993451338206136,-9.784078969699502e-05
1,0.002717100000000406,1.957290454170169,-4.322061862982451e-05,-12.0,-0.9787100584452355,12.0,-0.001286984681980061,9.786668378266057e-05,9.786668373943995e-05,0.0001957290454170169,0.0009934085944077048,-9.786668378266057e-05
1,0.002717300000000406,1.957805491349706,-4.297426039090446e-05,-12.0,-0.9789672074951821,12.0,-0.001287019430240066,9.789242332347911e-05,9.789242328050485e-05,0.0001957805491349706,0.000993366104577828,-9.789242332347913e-05
1,0.0027175000000004062,1.958317436887295,-4.272783423830973e-05,-12.0,-0.9792228106222833,12.0,-0.001287053968835591,9.79180082788045e-05,9.791800823607665e-05,0.0001958317436887295,0.0009933238688021595,-9.79180082788045e-05
1,0.0027177000000004063,1.958826289974501,-4.248134056117348e-05,-12.0,-0.9794768674229055,12.0,-0.00128708829773061,9.794343860823446e-05,9.794343856575312e-05,0.0001958826289974501,0.0009932818871658394,-9.794343860823444e-05
1,0.0027179000000004064,1.959332049807776,-4.223477974929501e-05,-12.0,-0.9797293774958596,12.0,-0.001287122416889205,9.796871427161104e-05,9.796871422937625e-05,0.0001959332049807776,0.0009932401597535223,-9.796871427161104e-05
1,0.0027181000000004066,1.959834715588455,-4.19881521922516e-05,-12.0,-0.9799803404423973,12.0,-0.001287156326275768,9.799383522902052e-05,9.799383518703238e-05,0.0001959834715588455,0.0009931986866493492,-9.799383522902052e-05
1,0.0027183000000004067,1.960334286522758,-4.174145827928744e-05,-12.0,-0.9802297558662129,12.0,-0.001287190025854867,9.801880144079335e-05,9.801880139905188e-05,0.0001960334286522758,0.0009931574679369615,-9.801880144079336e-05
1,0.002718500000000407,1.960830761821796,-4.149469840108999e-05,-12.0,-0.9804776233734469,12.0,-0.001287223515591324,9.804361286750456e-05,9.804361282600988e-05,0.0001960830761821797,0.0009931165036994594,-9.804361286750459e-05
1,0.002718700000000407,1.961324140701566,-4.124787294679244e-05,-12.0,-0.9807239425726819,12.0,-0.001287256795450234,9.806826946997351e-05,9.806826942872565e-05,0.0001961324140701566,0.0009930757940194296,-9.806826946997351e-05
1,0.002718900000000407,1.961814422382951,-4.100098230697125e-05,-12.0,-0.9809687130749457,12.0,-0.001287289865396807,9.809277120926387e-05,9.80927711682629e-05,0.0001961814422382951,0.0009930353389790286,-9.809277120926389e-05
1,0.002719100000000407,1.962301606091732,-4.075402687175878e-05,-12.0,-0.9812119344937135,12.0,-0.001287322725396514,9.811711804668417e-05,9.811711800593018e-05,0.0001962301606091732,0.0009929951386598301,-9.811711804668417e-05
1,0.0027193000000004072,1.962785691058577,-4.050700703095433e-05,-12.0,-0.9814536064449049,12.0,-0.00128735537541512,9.81413099437874e-05,9.814130990328041e-05,0.0001962785691058577,0.000992955193142936,-9.81413099437874e-05
1,0.0027195000000004074,1.963266676519048,-4.02599231752454e-05,-12.0,-0.9816937285468862,12.0,-0.001287387815418553,9.816534686237111e-05,9.816534682211118e-05,0.0001963266676519048,0.0009929155025088648,-9.81653468623711e-05
1,0.0027197000000004075,1.963744561713606,-4.001277569509742e-05,-12.0,-0.9819323004204732,12.0,-0.001287420045372953,9.818922876447781e-05,9.818922872446506e-05,0.0001963744561713606,0.0009928760668377057,-9.818922876447781e-05
1,0.0027199000000004076,1.9642193458876,-3.976556498064276e-05,-12.0,-0.9821693216889269,12.0,-0.001287452065244651,9.82129556123946e-05,9.821295557262905e-05,0.00019642193458876,0.000992836886209103,-9.821295561239464e-05
1,0.0027201000000004077,1.964691028291282,-3.951829142390118e-05,-12.0,-0.9824047919779598,12.0,-0.001287483875000425,9.823652736865359e-05,9.82365273291353e-05,0.0001964691028291282,0.0009927979607019383,-9.82365273686536e-05
1,0.002720300000000408,1.965159608179802,-3.927095541367276e-05,-12.0,-0.9826387109157307,12.0,-0.001287515474606898,9.825994399603172e-05,9.825994395676078e-05,0.0001965159608179802,0.0009927592903948984,-9.825994399603172e-05
1,0.002720500000000408,1.965625084813205,-3.902355734219931e-05,-12.0,-0.9828710781328514,12.0,-0.001287546864031278,9.828320545755091e-05,9.828320541852737e-05,0.0001965625084813205,0.0009927208753659489,-9.828320545755092e-05
1,0.002720700000000408,1.96608745745644,-3.877609759994627e-05,-12.0,-0.9831018932623812,12.0,-0.001287578043240797,9.830631171647813e-05,9.830631167770203e-05,0.0001966087457456441,0.0009926827156925833,-9.830631171647813e-05
1,0.002720900000000408,1.966546725379357,-3.852857657793418e-05,-12.0,-0.983331155939831,12.0,-0.001287609012202956,9.832926273632532e-05,9.832926269779674e-05,0.0001966546725379357,0.0009926448114518233,-9.832926273632532e-05
1,0.0027211000000004083,1.967002887856709,-3.828099466729462e-05,-12.0,-0.9835588658031652,12.0,-0.001287639770885488,9.835205848084978e-05,9.83520584425688e-05,0.0001967002887856709,0.0009926071627201355,-9.83520584808498e-05
1,0.0027213000000004084,1.967455944168149,-3.803335225993631e-05,-12.0,-0.983785022492798,12.0,-0.001287670319256362,9.83746989140538e-05,9.837469887602047e-05,0.0001967455944168149,0.0009925697695735147,-9.83746989140538e-05
1,0.0027215000000004085,1.967905893598242,-3.778564974599163e-05,-12.0,-0.9840096256515966,12.0,-0.001287700657283716,9.839718400018507e-05,9.839718396239942e-05,0.0001967905893598242,0.0009925326320874561,-9.839718400018506e-05
1,0.0027217000000004086,1.968352735436455,-3.753788751792442e-05,-12.0,-0.9842326749248832,12.0,-0.001287730784936048,9.841951370373653e-05,9.841951366619865e-05,0.0001968352735436455,0.0009924957503368442,-9.841951370373654e-05
1,0.0027219000000004087,1.968796468977162,-3.729006596675521e-05,-12.0,-0.9844541699604319,12.0,-0.001287760702181853,9.844168798944649e-05,9.844168795215645e-05,0.0001968796468977162,0.0009924591243962166,-9.844168798944652e-05
1,0.002722100000000409,1.969237093519646,-3.704218548417071e-05,-12.0,-0.9846741104084711,12.0,-0.001287790408990033,9.846370682229868e-05,9.84637067852565e-05,0.0001969237093519646,0.0009924227543393893,-9.84637068222987e-05
1,0.002722300000000409,1.969674608368099,-3.679424646252372e-05,-12.0,-0.9848924959216856,12.0,-0.00128781990532971,9.84855701675223e-05,9.848557013072807e-05,0.0001969674608368099,0.0009923866402398868,-9.848557016752232e-05
1,0.002722500000000409,1.970109012831628,-3.654624929305683e-05,-12.0,-0.9851093261552161,12.0,-0.001287849191170115,9.850727799059231e-05,9.850727795404603e-05,0.0001970109012831628,0.0009923507821705396,-9.850727799059231e-05
1,0.002722700000000409,1.970540306224246,-3.629819436712367e-05,-12.0,-0.9853246007666554,12.0,-0.00128787826648076,9.852883025722886e-05,9.852883022093065e-05,0.0001970540306224246,0.0009923151802037344,-9.852883025722883e-05
1,0.0027229000000004093,1.97096848786488,-3.605008207752114e-05,-12.0,-0.985538319416057,12.0,-0.001287907131231433,9.855022693339792e-05,9.855022689734787e-05,0.000197096848786488,0.0009922798344114275,-9.855022693339795e-05
1,0.0027231000000004094,1.971393557077374,-3.580191281649103e-05,-12.0,-0.9857504817659308,12.0,-0.001287935785392047,9.857146798531141e-05,9.85714679495095e-05,0.0001971393557077374,0.000992244744864923,-9.857146798531143e-05
1,0.0027233000000004095,1.971815513190483,-3.555368697549799e-05,-12.0,-0.9859610874812416,12.0,-0.001287964228932847,9.85925533794266e-05,9.859255334387291e-05,0.0001971815513190483,0.0009922099116350253,-9.859255337942661e-05
1,0.0027235000000004096,1.97223435553788,-3.530540494733891e-05,-12.0,-0.986170136229415,12.0,-0.001287992461824247,9.861348308244674e-05,9.861348304714136e-05,0.000197223435553788,0.0009921753347921086,-9.861348308244677e-05
1,0.0027237000000004097,1.972650083458156,-3.505706712436663e-05,-12.0,-0.9863776276803353,12.0,-0.001288020484036784,9.86342570613211e-05,9.863425702626402e-05,0.0001972650083458156,0.0009921410144060477,-9.86342570613211e-05
1,0.00272390000000041,1.973062696294819,-3.480867389882292e-05,-12.0,-0.9865835615063445,12.0,-0.001288048295541439,9.865487528324456e-05,9.865487524843591e-05,0.0001973062696294819,0.000992106950546079,-9.865487528324457e-05
1,0.00272410000000041,1.973472193396295,-3.456022566306061e-05,-12.0,-0.9867879373822445,12.0,-0.001288075896309207,9.867533771565815e-05,9.867533768109791e-05,0.0001973472193396295,0.0009920731432809943,-9.867533771565815e-05
1,0.00272430000000041,1.973878574115932,-3.431172281043171e-05,-12.0,-0.9869907549852989,12.0,-0.001288103286311432,9.869564432624885e-05,9.869564429193713e-05,0.0001973878574115932,0.0009920395926790726,-9.869564432624885e-05
1,0.00272450000000041,1.974281837811999,-3.406316573284496e-05,-12.0,-0.9871920139952305,12.0,-0.001288130465519635,9.871579508294976e-05,9.871579504888662e-05,0.0001974281837811999,0.0009920062988081207,-9.871579508294977e-05
1,0.0027247000000004103,1.974681983847686,-3.381455482320828e-05,-12.0,-0.9873917140942233,12.0,-0.001288157433905535,9.873578995394001e-05,9.873578992012547e-05,0.0001974681983847686,0.0009919732617353627,-9.873578995394001e-05
1,0.0027249000000004104,1.975079011591106,-3.356589047498471e-05,-12.0,-0.9875898549669248,12.0,-0.001288184191441125,9.875562890764495e-05,9.875562887407907e-05,0.0001975079011591106,0.0009919404815274951,-9.875562890764498e-05
1,0.0027251000000004105,1.975472920415301,-3.331717308052706e-05,-12.0,-0.9877864363004428,12.0,-0.001288210738098622,9.877531191273623e-05,9.877531187941906e-05,0.0001975472920415301,0.000991907958250729,-9.877531191273623e-05
1,0.0027253000000004106,1.975863709698229,-3.306840303329839e-05,-12.0,-0.9879814577843481,12.0,-0.001288237073850396,9.879483893813148e-05,9.87948389050631e-05,0.0001975863709698229,0.0009918756919708172,-9.879483893813148e-05
1,0.0027255000000004108,1.976251378822781,-3.281958072631763e-05,-12.0,-0.9881749191106757,12.0,-0.001288263198669148,9.881420995299494e-05,9.881420992017537e-05,0.0001976251378822781,0.0009918436827528604,-9.881420995299494e-05
1,0.002725700000000411,1.976635927176776,-3.257070655304783e-05,-12.0,-0.9883668199739248,12.0,-0.001288289112527694,9.883342492673718e-05,9.883342489416648e-05,0.0001976635927176776,0.0009918119306616124,-9.883342492673718e-05
1,0.002725900000000411,1.977017354152958,-3.232178090584181e-05,-12.0,-0.9885571600710557,12.0,-0.001288314815399136,9.885248382901497e-05,9.885248379669321e-05,0.0001977017354152958,0.0009917804357611332,-9.885248382901499e-05
1,0.002726100000000411,1.977395659148998,-3.207280417938385e-05,-12.0,-0.9887459391014962,12.0,-0.001288340307256747,9.887138662973168e-05,9.887138659765887e-05,0.0001977395659148998,0.0009917491981150939,-9.887138662973168e-05
1,0.002726300000000411,1.977770841567505,-3.182377676624881e-05,-12.0,-0.9889331567671398,12.0,-0.001288365588074145,9.889013329903735e-05,9.889013326721357e-05,0.0001977770841567505,0.0009917182177866385,-9.889013329903736e-05
1,0.0027265000000004113,1.97814290081601,-3.15746990602328e-05,-12.0,-0.989118812772342,12.0,-0.001288390657824962,9.89087238073282e-05,9.89087237757535e-05,0.000197814290081601,0.000991687494838342,-9.890872380732818e-05
1,0.0027267000000004114,1.978511836306979,-3.132557145513193e-05,-12.0,-0.9893029068239277,12.0,-0.00128841551648326,9.892715812524727e-05,9.89271580939217e-05,0.0001978511836306979,0.000991657029332238,-9.892715812524727e-05
1,0.0027269000000004115,1.978877647457814,-3.107639434440923e-05,-12.0,-0.9894854386311878,12.0,-0.001288440164023172,9.894543622368431e-05,9.894543619260795e-05,0.0001978877647457815,0.000991626821329944,-9.894543622368434e-05
1,0.0027271000000004117,1.97924033369085,-3.082716812186082e-05,-12.0,-0.9896664079058791,12.0,-0.00128846460041919,9.896355807377573e-05,9.896355804294857e-05,0.000197924033369085,0.0009915968708924944,-9.896355807377573e-05
1,0.0027273000000004118,1.979599894433349,-3.057789318161586e-05,-12.0,-0.989845814362226,12.0,-0.001288488825645931,9.898152364690442e-05,9.898152361632656e-05,0.000197959989443335,0.0009915671780803548,-9.898152364690444e-05
1,0.002727500000000412,1.979956329117521,-3.032856991735944e-05,-12.0,-0.9900236577169221,12.0,-0.001288512839678208,9.899933291470046e-05,9.899933288437191e-05,0.0001979956329117521,0.0009915377429536437,-9.899933291470048e-05
1,0.002727700000000412,1.980309637180502,-3.007919872322073e-05,-12.0,-0.9901999376891281,12.0,-0.00128853664249115,9.901698584904048e-05,9.901698581896128e-05,0.0001980309637180503,0.0009915085655717581,-9.901698584904049e-05
1,0.002727900000000412,1.980659818064372,-2.982977999310688e-05,-12.0,-0.9903746540004732,12.0,-0.001288560234060071,9.9034482422048e-05,9.903448239221824e-05,0.0001980659818064372,0.0009914796459937064,-9.903448242204802e-05
1,0.0027281000000004122,1.981006871216144,-2.958031412159112e-05,-12.0,-0.9905478063750577,12.0,-0.001288583614360531,9.905182260609359e-05,9.905182257651329e-05,0.0001981006871216144,0.0009914509842779001,-9.905182260609362e-05
1,0.0027283000000004123,1.981350796087776,-2.933080150269163e-05,-12.0,-0.9907193945394497,12.0,-0.001288606783368187,9.906900637379469e-05,9.906900634446392e-05,0.0001981350796087776,0.0009914225804823346,-9.90690063737947e-05
1,0.0027285000000004125,1.981691592136159,-2.908124253053757e-05,-12.0,-0.9908894182226876,12.0,-0.001288629741059047,9.908603369801572e-05,9.90860336689345e-05,0.0001981691592136159,0.0009913944346643944,-9.908603369801571e-05
1,0.0027287000000004126,1.982029258823132,-2.883163759959118e-05,-12.0,-0.9910578771562818,12.0,-0.00128865248740935,9.91029045518682e-05,9.910290452303658e-05,0.0001982029258823132,0.0009913665468809923,-9.910290455186822e-05
1,0.0027289000000004127,1.982363795615471,-2.858198710464777e-05,-12.0,-0.9912247710742123,12.0,-0.001288675022395491,9.911961890871075e-05,9.911961888012878e-05,0.0001982363795615471,0.0009913389171884446,-9.911961890871076e-05
1,0.002729100000000413,1.982695201984895,-2.833229143983651e-05,-12.0,-0.99139009971293,12.0,-0.001288697345994072,9.913617674214901e-05,9.913617671381674e-05,0.0001982695201984895,0.0009913115456426647,-9.913617674214903e-05
1,0.002729300000000413,1.983023477408067,-2.808255099995272e-05,-12.0,-0.9915538628113593,12.0,-0.001288719458182,9.915257802603593e-05,9.915257799795336e-05,0.0001983023477408067,0.0009912844322989833,-9.915257802603593e-05
1,0.002729500000000413,1.983348621366597,-2.783276618001373e-05,-12.0,-0.991716060110896,12.0,-0.001288741358936363,9.916882273447161e-05,9.916882270663883e-05,0.0001983348621366597,0.0009912575772121623,-9.91688227344716e-05
1,0.002729700000000413,1.983670633347035,-2.758293737425976e-05,-12.0,-0.9918766913554082,12.0,-0.001288763048234415,9.91849108418034e-05,9.918491081422048e-05,0.0001983670633347035,0.000991230980436561,-9.918491084180341e-05
1,0.0027299000000004132,1.98398951284088,-2.733306497737509e-05,-12.0,-0.9920357562912369,12.0,-0.001288784526053716,9.920084232262594e-05,9.920084229529288e-05,0.000198398951284088,0.0009912046420259418,-9.920084232262595e-05
1,0.0027301000000004134,1.984305259344576,-2.708314938504319e-05,-12.0,-0.9921932546671973,12.0,-0.001288805792372033,9.921661715178124e-05,9.921661712469807e-05,0.0001984305259344577,0.000991178562033554,-9.921661715178124e-05
1,0.0027303000000004135,1.984617872359518,-2.683319099139325e-05,-12.0,-0.992349186234578,12.0,-0.001288826847167274,9.923223530435867e-05,9.923223527752549e-05,0.0001984617872359518,0.0009911527405121051,-9.923223530435867e-05
1,0.0027305000000004136,1.984927351392043,-2.658319019188671e-05,-12.0,-0.9925035507471411,12.0,-0.001288847690417663,9.924769675569494e-05,9.924769672911174e-05,0.0001984927351392043,0.000991127177513873,-9.924769675569494e-05
1,0.0027307000000004137,1.985233695953441,-2.633314738176296e-05,-12.0,-0.9926563479611249,12.0,-0.001288868322101608,9.926300148137431e-05,9.926300145504115e-05,0.0001985233695953441,0.0009911018730904692,-9.926300148137432e-05
1,0.002730900000000414,1.985536905559954,-2.60830629558173e-05,-12.0,-0.9928075776352412,12.0,-0.00128888874219775,9.927814945722856e-05,9.927814943114548e-05,0.0001985536905559954,0.0009910768272931442,-9.927814945722854e-05
1,0.002731100000000414,1.985836979732768,-2.583293730928915e-05,-12.0,-0.9929572395306774,12.0,-0.001288908950684953,9.929314065933681e-05,9.929314063350387e-05,0.0001985836979732768,0.0009910520401724965,-9.929314065933681e-05
1,0.002731300000000414,1.986133917998027,-2.558277083775096e-05,-12.0,-0.9931053334110977,12.0,-0.001288928947542275,9.930797506402601e-05,9.930797503844322e-05,0.0001986133917998027,0.0009910275117786527,-9.9307975064026e-05
1,0.002731500000000414,1.986427719886823,-2.533256393622008e-05,-12.0,-0.9932518590426413,12.0,-0.001288948732748957,9.93226526478705e-05,9.932265262253794e-05,0.0001986427719886823,0.0009910032421612813,-9.932265264787052e-05
1,0.0027317000000004143,1.9867183849352,-2.508231700049102e-05,-12.0,-0.9933968161939238,12.0,-0.001288968306284638,9.933717338769233e-05,9.933717336261004e-05,0.00019867183849352,0.000990979231369385,-9.933717338769233e-05
1,0.0027319000000004144,1.987005912684159,-2.48320304259142e-05,-12.0,-0.993540204636039,12.0,-0.001288987668128988,9.93515372605613e-05,9.935153723572927e-05,0.000198700591268416,0.0009909554794515774,-9.935153726056131e-05
1,0.0027321000000004145,1.987290302679654,-2.458170460784004e-05,-12.0,-0.9936820241425559,12.0,-0.001289006818261954,9.93657442437948e-05,9.936574421921312e-05,0.0001987290302679655,0.0009909319864559174,-9.936574424379482e-05
1,0.0027323000000004146,1.987571554472593,-2.433133994217407e-05,-12.0,-0.9938222744895231,12.0,-0.001289025756663703,9.937979431495809e-05,9.937979429062675e-05,0.0001987571554472593,0.0009909087524298948,-9.93797943149581e-05
1,0.0027325000000004147,1.987849667618839,-2.408093682459977e-05,-12.0,-0.9939609554554657,12.0,-0.001289044483314739,9.93936874518641e-05,9.939368742778318e-05,0.0001987849667618839,0.000990885777420486,-9.939368745186411e-05
1,0.002732700000000415,1.988124641679214,-2.383049565024553e-05,-12.0,-0.9940980668213872,12.0,-0.001289062998195561,9.940742363257369e-05,9.94074236087432e-05,0.0001988124641679214,0.000990863061474237,-9.94074236325737e-05
1,0.002732900000000415,1.988396476219494,-2.358001681590505e-05,-12.0,-0.9942336083707709,12.0,-0.00128908130128709,9.942100283539549e-05,9.942100281181547e-05,0.0001988396476219494,0.0009908406046370416,-9.94210028353955e-05
1,0.002733100000000415,1.988665170810415,-2.332950071659567e-05,-12.0,-0.9943675798895772,12.0,-0.001289099392570353,9.943442503888607e-05,9.943442501555659e-05,0.0001988665170810415,0.0009908184069543496,-9.943442503888607e-05
1,0.002733300000000415,1.98893072502767,-2.307894774877806e-05,-12.0,-0.9944999811662478,12.0,-0.001289117272026671,9.94476902218499e-05,9.944769019877096e-05,0.000198893072502767,0.0009907964684710557,-9.944769022184992e-05
1,0.0027335000000004153,1.989193138451914,-2.282835830802465e-05,-12.0,-0.9946308119917024,12.0,-0.00128913493963749,9.946079836333944e-05,9.94607983405111e-05,0.0001989193138451914,0.0009907747892315827,-9.946079836333944e-05
1,0.0027337000000004154,1.989452410668756,-2.257773279057407e-05,-12.0,-0.994760072159341,12.0,-0.001289152395384602,9.947374944265503e-05,9.947374942007732e-05,0.0001989452410668756,0.0009907533692797704,-9.947374944265504e-05
1,0.0027339000000004155,1.989708541268771,-2.232707159266489e-05,-12.0,-0.994887761465045,12.0,-0.001289169639249951,9.948654343934523e-05,9.948654341701816e-05,0.0001989708541268771,0.0009907322086589454,-9.948654343934523e-05
1,0.0027341000000004156,1.989961529847492,-2.207637510975857e-05,-12.0,-0.9950138797071746,12.0,-0.001289186671215664,9.949918033320646e-05,9.949918031113011e-05,0.0001989961529847492,0.0009907113074119206,-9.949918033320649e-05
1,0.0027343000000004157,1.990211376005415,-2.182564373920393e-05,-12.0,-0.9951384266865728,12.0,-0.001289203491264171,9.951166010428337e-05,9.951166008245773e-05,0.0001990211376005415,0.0009906906655810233,-9.951166010428337e-05
1,0.002734500000000416,1.990458079347999,-2.157487787624035e-05,-12.0,-0.9952614022065625,12.0,-0.001289220099378083,9.952398273286862e-05,9.952398271129376e-05,0.0001990458079347999,0.0009906702832079561,-9.952398273286862e-05
1,0.002734700000000416,1.990701639485662,-2.132407791755053e-05,-12.0,-0.995382806072948,12.0,-0.001289236495540164,9.953614819950303e-05,9.953614817817897e-05,0.0001990701639485662,0.0009906501603340612,-9.953614819950305e-05
1,0.002734900000000416,1.99094205603379,-2.107324425959511e-05,-12.0,-0.9955026380940171,12.0,-0.001289252679733566,9.954815648497575e-05,9.95481564639025e-05,0.0001990942056033791,0.0009906302969999725,-9.954815648497575e-05
1,0.002735100000000416,1.991179328612732,-2.082237729883474e-05,-12.0,-0.9956208980805381,12.0,-0.001289268651941497,9.95600075703239e-05,9.956000754950153e-05,0.0001991179328612732,0.0009906106932459219,-9.956000757032393e-05
1,0.0027353000000004163,1.991413456847801,-2.057147743128596e-05,-12.0,-0.995737585845762,12.0,-0.001289284412147443,9.957170143683308e-05,9.95717014162616e-05,0.0001991413456847801,0.0009905913491115997,-9.957170143683308e-05
1,0.0027355000000004164,1.991644440369274,-2.032054505418657e-05,-12.0,-0.9958527012054237,12.0,-0.00128929996033518,9.958323806603695e-05,9.958323804571641e-05,0.0001991644440369274,0.0009905722646361276,-9.958323806603695e-05
1,0.0027357000000004165,1.991872278812398,-2.00695805634421e-05,-12.0,-0.9959662439777399,12.0,-0.001289315296488597,9.959461743971764e-05,9.959461741964806e-05,0.0001991872278812398,0.0009905534398581273,-9.959461743971765e-05
1,0.0027359000000004166,1.992096971817381,-1.981858435617934e-05,-12.0,-0.9960782139834108,12.0,-0.001289330420591844,9.960583953990546e-05,9.960583952008686e-05,0.0001992096971817381,0.0009905348748157072,-9.960583953990547e-05
1,0.0027361000000004168,1.992318519029404,-1.956755682896993e-05,-12.0,-0.996188611045621,12.0,-0.001289345332629269,9.961690434887923e-05,9.961690432931166e-05,0.0001992318519029404,0.000990516569546504,-9.96169043488792e-05
1,0.002736300000000417,1.992536920098612,-1.931649837816352e-05,-12.0,-0.9962974349900382,12.0,-0.001289360032585576,9.962781184916602e-05,9.962781182984951e-05,0.0001992536920098612,0.0009904985240874464,-9.9627811849166e-05
1,0.002736500000000417,1.992752174680118,-1.906540940088686e-05,-12.0,-0.9964046856448143,12.0,-0.001289374520445516,9.963856202354135e-05,9.963856200447594e-05,0.0001992752174680118,0.0009904807384751024,-9.963856202354135e-05
1,0.002736700000000417,1.992964282434005,-1.881429029371162e-05,-12.0,-0.9965103628405861,12.0,-0.001289388796194085,9.964915485502923e-05,9.964915483621496e-05,0.0001992964282434005,0.0009904632127455265,-9.964915485502925e-05
1,0.002736900000000417,1.993173243025326,-1.856314145420868e-05,-12.0,-0.9966144664104754,12.0,-0.001289402859816616,9.96595903269021e-05,9.9659590308339e-05,0.0001993173243025326,0.0009904459469341487,-9.965959032690212e-05
1,0.0027371000000004173,1.993379056124101,-1.831196327839457e-05,-12.0,-0.9967169961900878,12.0,-0.001289416711298494,9.966986842268095e-05,9.966986840436899e-05,0.0001993379056124102,0.0009904289410759548,-9.966986842268095e-05
1,0.0027373000000004174,1.993581721405324,-1.806075616361813e-05,-12.0,-0.9968179520175148,12.0,-0.001289430350625495,9.96799891261351e-05,9.967998910807437e-05,0.0001993581721405324,0.000990412195205334,-9.967998912613512e-05
1,0.0027375000000004176,1.993781238548955,-1.780952050733919e-05,-12.0,-0.9969173337333337,12.0,-0.001289443777783547,9.968995242128266e-05,9.968995240347312e-05,0.0001993781238548955,0.00099039570935619,-9.968995242128264e-05
1,0.0027377000000004177,1.993977607239932,-1.755825670579636e-05,-12.0,-0.9970151411806071,12.0,-0.001289456992758703,9.969975829239014e-05,9.969975827483186e-05,0.0001993977607239932,0.0009903794835619262,-9.969975829239014e-05
1,0.0027379000000004178,1.994170827168158,-1.730696515633845e-05,-12.0,-0.9971113742048834,12.0,-0.001289469995537418,9.970940672397269e-05,9.970940670666572e-05,0.0001994170827168158,0.00099036351785535,-9.970940672397272e-05
1,0.002738100000000418,1.994360898028512,-1.705564625686939e-05,-12.0,-0.9972060326541979,12.0,-0.001289482786106175,9.971889770079408e-05,9.971889768373844e-05,0.0001994360898028512,0.0009903478122688658,-9.971889770079411e-05
1,0.002738300000000418,1.994547819520847,-1.680430040351677e-05,-12.0,-0.997299116379072,12.0,-0.001289495364451831,9.972823120786682e-05,9.972823119106254e-05,0.0001994547819520847,0.0009903323668341568,-9.972823120786685e-05
1,0.002738500000000418,1.994731591349986,-1.655292799407349e-05,-12.0,-0.9973906252325132,12.0,-0.00128950773056144,9.973740723045189e-05,9.973740721389899e-05,0.0001994731591349986,0.0009903171815825451,-9.973740723045191e-05
1,0.0027387000000004182,1.994912213225726,-1.630152942588836e-05,-12.0,-0.9974805590700171,12.0,-0.001289519884422149,9.974642575405913e-05,9.974642573775759e-05,0.0001994912213225726,0.0009903022565448533,-9.974642575405913e-05
1,0.0027389000000004183,1.995089684862842,-1.605010509608817e-05,-12.0,-0.9975689177495661,12.0,-0.00128953182602147,9.9755286764447e-05,9.975528674839689e-05,0.0001995089684862842,0.00099028759175121,-9.975528676444701e-05
1,0.0027391000000004185,1.99526400598108,-1.579865540191072e-05,-12.0,-0.997655701131629,12.0,-0.001289543555347064,9.97639902476227e-05,9.976399023182408e-05,0.000199526400598108,0.0009902731872313136,-9.976399024762272e-05
1,0.0027393000000004186,1.995435176305161,-1.554718074103789e-05,-12.0,-0.9977409090791635,12.0,-0.001289555072386886,9.977253618984223e-05,9.97725361742951e-05,0.0001995435176305161,0.0009902590430143493,-9.977253618984225e-05
1,0.0027395000000004187,1.995603195564784,-1.529568151092953e-05,-12.0,-0.997824541457615,12.0,-0.001289566377129014,9.978092457761043e-05,9.978092456231474e-05,0.0001995603195564784,0.0009902451591289468,-9.978092457761042e-05
1,0.002739700000000419,1.995768063494622,-1.504415810860138e-05,-12.0,-0.9979065981349157,12.0,-0.001289577469561751,9.97891553976807e-05,9.978915538263656e-05,0.0001995768063494622,0.0009902315356032643,-9.978915539768072e-05
1,0.002739900000000419,1.995929779834326,-1.479261093184636e-05,-12.0,-0.9979870789814872,12.0,-0.001289588349673715,9.97972286370555e-05,9.97972286222629e-05,0.0001995929779834326,0.0009902181724648629,-9.979722863705554e-05
1,0.002740100000000419,1.996088344328523,-1.454104037845738e-05,-12.0,-0.9980659838702396,12.0,-0.001289599017453624,9.98051442829861e-05,9.980514426844506e-05,0.0001996088344328523,0.0009902050697407766,-9.980514428298612e-05
1,0.002740300000000419,1.996243756726815,-1.42894468460053e-05,-12.0,-0.9981433126765711,12.0,-0.001289609472890543,9.981290232297251e-05,9.981290230868308e-05,0.0001996243756726815,0.0009901922274575953,-9.981290232297251e-05
1,0.0027405000000004192,1.996396016783786,-1.403783073172793e-05,-12.0,-0.9982190652783688,12.0,-0.001289619715973633,9.982050274476372e-05,9.982050273072587e-05,0.0001996396016783786,0.000990179645641312,-9.982050274476371e-05
1,0.0027407000000004194,1.996545124258994,-1.378619243330714e-05,-12.0,-0.9982932415560093,12.0,-0.001289629746692403,9.982794553635759e-05,9.982794552257138e-05,0.0001996545124258994,0.0009901673243173648,-9.98279455363576e-05
1,0.0027409000000004195,1.996691078916978,-1.353453234920199e-05,-12.0,-0.998365841392358,12.0,-0.001289639565036416,9.983523068600088e-05,9.983523067246637e-05,0.0001996691078916978,0.000990155263510803,-9.983523068600088e-05
1,0.0027411000000004196,1.996833880527254,-1.328285087609515e-05,-12.0,-0.9984368646727696,12.0,-0.001289649170995652,9.984235818218935e-05,9.984235816890649e-05,0.0001996833880527254,0.0009901434632459127,-9.984235818218935e-05
1,0.0027413000000004197,1.996973528864317,-1.303114841277875e-05,-12.0,-0.9985063112850892,12.0,-0.001289658564560106,9.984932801366766e-05,9.98493280006365e-05,0.0001996973528864317,0.0009901319235467165,-9.984932801366765e-05
1,0.00274150000000042,1.997110023707645,-1.277942535582444e-05,-12.0,-0.9985741811196506,12.0,-0.001289667745720174,9.985614016942948e-05,9.985614015665005e-05,0.0001997110023707645,0.0009901206444365707,-9.985614016942948e-05
1,0.00274170000000042,1.99724336484169,-1.252768210424637e-05,-12.0,-0.9986404740692781,12.0,-0.001289676714466365,9.986279463871739e-05,9.98627946261897e-05,0.000199724336484169,0.0009901096259382902,-9.986279463871739e-05
1,0.00274190000000042,1.997373552055889,-1.227591905517134e-05,-12.0,-0.9987051900292866,12.0,-0.001289685470789434,9.986929141102312e-05,9.986929139874722e-05,0.0001997373552055889,0.0009900988680742046,-9.986929141102315e-05
1,0.00274210000000042,1.997500585144657,-1.202413660694734e-05,-12.0,-0.9987683288974802,12.0,-0.001289694014680362,9.987563047608733e-05,9.987563046406321e-05,0.0001997500585144657,0.0009900883708661157,-9.987563047608733e-05
1,0.0027423000000004203,1.99762446390739,-1.177233515725629e-05,-12.0,-0.9988298905741542,12.0,-0.001289702346130364,9.988181182389966e-05,9.988181181212737e-05,0.000199762446390739,0.0009900781343352566,-9.988181182389969e-05
1,0.0027425000000004204,1.997745188148465,-1.152051510422414e-05,-12.0,-0.9988898749620942,12.0,-0.00128971046513085,9.988783544469898e-05,9.988783543317848e-05,0.0001997745188148466,0.0009900681585023885,-9.9887835444699e-05
1,0.0027427000000004205,1.997862757677243,-1.126867684586585e-05,-12.0,-0.9989482819665773,12.0,-0.00128971837167341,9.989370132897313e-05,9.989370131770447e-05,0.0001997862757677244,0.0009900584433877313,-9.989370132897314e-05
1,0.0027429000000004206,1.997977172308064,-1.101682077997435e-05,-12.0,-0.9990051114953699,12.0,-0.001289726065749966,9.989940946745899e-05,9.989940945644218e-05,0.0001997977172308064,0.0009900489890109915,-9.989940946745899e-05
1,0.0027431000000004207,1.99808843186025,-1.076494730445354e-05,-12.0,-0.999060363458731,12.0,-0.001289733547352553,9.990495985114263e-05,9.990495984037771e-05,0.000199808843186025,0.000990039795391251,-9.990495985114266e-05
1,0.002743300000000421,1.998196536158105,-1.051305681809556e-05,-12.0,-0.9991140377694101,12.0,-0.001289740816473456,9.991035247125921e-05,9.991035246074616e-05,0.0001998196536158105,0.000990030862547231,-9.991035247125921e-05
1,0.002743500000000421,1.998301485030918,-1.026114971824921e-05,-12.0,-0.9991661343426481,12.0,-0.001289747873105235,9.991558731929298e-05,9.991558730903183e-05,0.0001998301485030918,0.0009900221904969309,-9.9915587319293e-05
1,0.002743700000000421,1.998403278312961,-1.000922640326252e-05,-12.0,-0.9992166530961774,12.0,-0.00128975471724059,9.99206643869774e-05,9.99206643769682e-05,0.0001998403278312961,0.0009900137792580033,-9.992066438697742e-05
1,0.002743900000000421,1.998501915843484,-9.757287271594528e-06,-12.0,-0.9992655939502221,12.0,-0.001289761348872473,9.992558366629505e-05,9.992558365653776e-05,0.0001998501915843484,0.0009900056288474485,-9.992558366629505e-05
1,0.0027441000000004213,1.998597397466726,-9.505332721038151e-06,-12.0,-0.9993129568274978,12.0,-0.001289767767994054,9.993034514947767e-05,9.993034513997235e-05,0.0001998597397466726,0.0009899977392818227,-9.993034514947768e-05
1,0.0027443000000004214,1.998689723031907,-9.253363149941407e-06,-12.0,-0.999358741653212,12.0,-0.001289773974598757,9.993494882900623e-05,9.993494881975285e-05,0.0001998689723031907,0.0009899901105770853,-9.993494882900622e-05
1,0.0027445000000004215,1.998778892393231,-9.001378956541295e-06,-12.0,-0.9994029483550644,12.0,-0.00128977996868021,9.993939469761077e-05,9.99393946886094e-05,0.0001998778892393232,0.0009899827427486685,-9.993939469761078e-05
1,0.0027447000000004216,1.998864905409887,-8.749380539185836e-06,-12.0,-0.9994455768632464,12.0,-0.001289785750232197,9.994368274827071e-05,9.994368273952133e-05,0.0001998864905409887,0.0009899756358115602,-9.994368274827072e-05
1,0.0027449000000004217,1.998947761946049,-8.497368296001007e-06,-12.0,-0.9994866271104419,12.0,-0.001289791319248793,9.994781297421458e-05,9.994781296571723e-05,0.0001998947761946049,0.0009899687897800963,-9.99478129742146e-05
1,0.002745100000000422,1.999027461870871,-8.245342625334828e-06,-12.0,-0.9995260990318269,12.0,-0.00128979667572425,9.995178536892016e-05,9.995178536067483e-05,0.0001999027461870871,0.0009899622046682377,-9.995178536892016e-05
1,0.002745300000000422,1.999104005058497,-7.9933039254243e-06,-12.0,-0.9995639925650698,12.0,-0.001289801819653061,9.995559992611443e-05,9.995559991812111e-05,0.0001999104005058497,0.0009899558804893072,-9.995559992611444e-05
1,0.002745500000000422,1.999177391388054,-7.741252594728465e-06,-12.0,-0.9996003076503315,12.0,-0.001289806751029979,9.995925663977366e-05,9.995925663203243e-05,0.0001999177391388054,0.0009899498172560584,-9.995925663977368e-05
1,0.002745700000000422,1.999247620743653,-7.4891890313733e-06,-12.0,-0.9996350442302657,12.0,-0.001289811469849855,9.996275550412343e-05,9.996275549663424e-05,0.0001999247620743653,0.000989944014980898,-9.996275550412344e-05
1,0.0027459000000004223,1.999314693014393,-7.237113634039893e-06,-12.0,-0.9996682022500185,12.0,-0.00128981597610793,9.996609651363844e-05,9.996609650640134e-05,0.0001999314693014393,0.0009899384736754696,-9.996609651363846e-05
1,0.0027461000000004224,1.999378608094353,-6.985026801298311e-06,-12.0,-0.9996997816572288,12.0,-0.001289820269799513,9.996927966304276e-05,9.996927965605773e-05,0.0001999378608094353,0.0009899331933510835,-9.996927966304276e-05
1,0.0027463000000004225,1.999439365882606,-6.73292893083044e-06,-12.0,-0.9997297824020286,12.0,-0.001289824350920177,9.997230494730977e-05,9.997230494057686e-05,0.0001999439365882606,0.0009899281740184535,-9.997230494730978e-05
1,0.0027465000000004226,1.999496966283203,-6.480820421650435e-06,-12.0,-0.9997582044370424,12.0,-0.001289828219465758,9.997517236166206e-05,9.997517235518125e-05,0.0001999496966283203,0.000989923415687738,-9.997517236166208e-05
1,0.0027467000000004228,1.999551409205185,-6.228701672328363e-06,-12.0,-0.9997850477173881,12.0,-0.001289831875432329,9.997788190157154e-05,9.997788189534287e-05,0.0001999551409205185,0.000989918918368568,-9.997788190157158e-05
1,0.002746900000000423,1.999602694562579,-5.976573080879177e-06,-12.0,-0.9998103122006764,12.0,-0.001289835318816032,9.998043356275956e-05,9.998043355678298e-05,0.0001999602694562579,0.0009899146820700755,-9.998043356275956e-05
1,0.002747100000000423,1.999650822274396,-5.724435045872944e-06,-12.0,-0.9998339978470112,12.0,-0.001289838549613453,9.998282734119652e-05,9.998282733547211e-05,0.0001999650822274396,0.0009899107068008367,-9.998282734119653e-05
1,0.002747300000000423,1.999695792264636,-5.47228796587973e-06,-12.0,-0.9998561046189898,12.0,-0.001289841567821179,9.998506323310237e-05,9.998506322763012e-05,0.0001999695792264637,0.0009899069925689563,-9.998506323310239e-05
1,0.002747500000000423,1.999737604462283,-5.220132239691644e-06,-12.0,-0.9998766324817023,12.0,-0.001289844373436155,9.998714123494628e-05,9.998714122972615e-05,0.0001999737604462283,0.00098990353938197,-9.998714123494627e-05
1,0.0027477000000004233,1.99977625880131,-4.967968265545686e-06,-12.0,-0.9998955814027327,12.0,-0.001289846966455482,9.998906134344674e-05,9.998906133847878e-05,0.000199977625880131,0.000989900347246872,-9.998906134344673e-05
1,0.0027479000000004234,1.999811755220675,-4.715796441678854e-06,-12.0,-0.999912951352158,12.0,-0.001289849346876551,9.999082355557162e-05,9.999082355085584e-05,0.0001999811755220675,0.000989897416170088,-9.999082355557164e-05
1,0.0027481000000004236,1.999844093664323,-4.463617167216327e-06,-12.0,-0.9999287423025486,12.0,-0.001289851514696891,9.999242786853814e-05,9.999242786407452e-05,0.0001999844093664323,0.0009898947461576407,-9.999242786853814e-05
1,0.0027483000000004237,1.999873274081186,-4.211430840506125e-06,-12.0,-0.9999429542289684,12.0,-0.001289853469914337,9.999387427981281e-05,9.999387427560135e-05,0.0001999873274081187,0.000989892337214901,-9.999387427981279e-05
1,0.0027485000000004238,1.999899296425185,-3.959237860007292e-06,-12.0,-0.9999555871089749,12.0,-0.001289855212526794,9.99951627871115e-05,9.999516278315227e-05,0.0001999899296425185,0.0009898901893468648,-9.99951627871115e-05
1,0.002748700000000424,1.999922160655225,-3.707038624067849e-06,-12.0,-0.9999666409226191,12.0,-0.001289856742532527,9.999629338839952e-05,9.999629338469247e-05,0.0001999922160655225,0.000989888302557751,-9.999629338839951e-05
1,0.002748900000000424,1.999941866735199,-3.454833531812973e-06,-12.0,-0.9999761156524454,12.0,-0.001289858059929996,9.999726608189135e-05,9.999726607843656e-05,0.0001999941866735199,0.0009898866768515008,-9.999726608189135e-05
1,0.002749100000000424,1.999958414633986,-3.202622981701708e-06,-12.0,-0.999984011283492,12.0,-0.001289859164717813,9.999808086605102e-05,9.99980808628484e-05,0.0001999958414633986,0.0009898853122313894,-9.999808086605104e-05
1,0.0027493000000004242,1.999971804325456,-2.95040737230412e-06,-12.0,-0.9999903278032906,12.0,-0.001289860056894951,9.999873773959183e-05,9.999873773664143e-05,0.0001999971804325456,0.0009898842087001647,-9.999873773959183e-05
1,0.0027495000000004243,1.999982035788463,-2.698187102301297e-06,-12.0,-0.9999950652018665,12.0,-0.001289860736460424,9.999923670147644e-05,9.999923669877827e-05,0.0001999982035788463,0.000989883366260158,-9.999923670147643e-05
1,0.0027497000000004245,1.999989109006849,-2.445962569819216e-06,-12.0,-0.9999982234717388,12.0,-0.001289861203413567,9.99995777509169e-05,9.999957774847095e-05,0.0001999989109006849,0.0009898827849129932,-9.999957775091691e-05
1,0.0027499000000004246,1.999993023969443,-2.193734174205098e-06,-12.0,-0.9999998026079201,12.0,-0.001289861457753935,9.99997608873746e-05,9.999976088518086e-05,0.0001999993023969443,0.0009898824646599053,-9.99997608873746e-05
1,0.0027501000000004247,1.999993780670062,-1.941502313806964e-06,-12.0,-0.9999998026079168,12.0,-0.001289861499481251,9.99997861105603e-05,9.999978610861878e-05,0.0001999993780670062,0.000989882405501602,-9.99997861105603e-05
1,0.002750300000000425,1.999991379107511,-1.689267387083859e-06,-12.0,-0.9999982234717287,12.0,-0.001289861328595515,9.999965342043419e-05,9.99996534187449e-05,0.0001999991379107511,0.0009898826074381528,-9.999965342043416e-05
1,0.002750500000000425,1.999985819285581,-1.437029792938915e-06,-12.0,-0.9999950652018498,12.0,-0.001289860945096935,9.99993628172057e-05,9.99993628157687e-05,0.0001999985819285581,0.000989883070469183,-9.999936281720568e-05
1,0.002750700000000425,1.99997710121305,-1.184789929498109e-06,-12.0,-0.9999903278032671,12.0,-0.001289860348985913,9.999891430133377e-05,9.999891430014898e-05,0.000199997710121305,0.0009898837945937766,-9.999891430133377e-05
1,0.002750900000000425,1.999965224903684,-9.325481964417293e-07,-12.0,-0.9999840112834618,12.0,-0.001289859540263047,9.999830787352655e-05,9.999830787259401e-05,0.0001999965224903684,0.0009898847798104904,-9.999830787352655e-05
1,0.0027511000000004253,1.999950190376237,-6.803049913406412e-07,-12.0,-0.9999761156524085,12.0,-0.001289858518929279,9.99975435347417e-05,9.999754353406141e-05,0.0001999950190376237,0.000989886026117326,-9.999754353474172e-05
1,0.0027513000000004254,1.999931997654448,-4.280607138751336e-07,-12.0,-0.9999666409225755,12.0,-0.00128985728498561,9.999662128618616e-05,9.99966212857581e-05,0.0001999931997654448,0.000989887533511813,-9.999662128618616e-05
1,0.0027515000000004255,1.999910646767047,-1.758157619491385e-07,-12.0,-0.9999555871089246,12.0,-0.001289855838433343,9.999554112931626e-05,9.999554112914046e-05,0.0001999910646767047,0.0009898893019908706,-9.999554112931628e-05
1,0.0027517000000004256,1.999886137747748,7.642946553421126e-08,-12.0,-0.9999429542289114,12.0,-0.001289854179274005,9.99943030658377e-05,9.999430306591413e-05,0.0001999886137747748,0.0009898913315509322,-9.99943030658377e-05
1,0.0027519000000004257,1.999858470635253,3.286745697828053e-07,-12.0,-0.9999287423024849,12.0,-0.001289852307509304,9.999290709770548e-05,9.999290709803415e-05,0.0001999858470635253,0.0009898936221879595,-9.999290709770546e-05
1,0.002752100000000426,1.99982764547325,5.809191522265778e-07,-12.0,-0.9999129513520876,12.0,-0.001289850223141167,9.999135322712398e-05,9.999135322770492e-05,0.0001999827645473251,0.0009898961738973033,-9.999135322712398e-05
1,0.002752300000000426,1.999793662310418,8.331628146285297e-07,-12.0,-0.9998955814026557,12.0,-0.001289847926171872,9.998964145654703e-05,9.99896414573802e-05,0.0001999793662310419,0.0009898989866737734,-9.998964145654704e-05
1,0.002752500000000426,1.999756521200419,1.085405157752461e-06,-12.0,-0.9998766324816186,12.0,-0.001289845416603708,9.998777178867763e-05,9.998777178976306e-05,0.0001999756521200419,0.0009899020605116937,-9.998777178867765e-05
1,0.002752700000000426,1.9997162222019,1.337645783028307e-06,-12.0,-0.9998561046188992,12.0,-0.001289842694439297,9.998574422646823e-05,9.998574422780587e-05,0.00019997162222019,0.0009899053954049303,-9.998574422646823e-05
1,0.0027529000000004263,1.999672765378501,1.589884291774979e-06,-12.0,-0.999833997846914,12.0,-0.001289839759681541,9.998355877312057e-05,9.998355877471046e-05,0.0001999672765378501,0.0009899089913466413,-9.998355877312058e-05
1,0.0027531000000004264,1.999626150798844,1.842120285644455e-06,-12.0,-0.9998103122005725,12.0,-0.001289836612333367,9.998121543208578e-05,9.998121543392794e-05,0.0001999626150798844,0.000989912848329666,-9.998121543208582e-05
1,0.0027533000000004265,1.99957637853654,2.094353365844626e-06,-12.0,-0.9997850477172775,12.0,-0.00128983325239812,9.997871420706432e-05,9.99787142091587e-05,0.000199957637853654,0.0009899169663461632,-9.997871420706434e-05
1,0.0027535000000004266,1.999523448670181,2.346583133250313e-06,-12.0,-0.9997582044369251,12.0,-0.001289829679879229,9.997605510200582e-05,9.997605510435242e-05,0.0001999523448670181,0.0009899213453877925,-9.997605510200584e-05
1,0.0027537000000004267,1.999467361283355,2.598809190068607e-06,-12.0,-0.9997297824019046,12.0,-0.00128982589478048,9.997323812110945e-05,9.997323812370826e-05,0.0001999467361283355,0.0009899259854457138,-9.997323812110947e-05
1,0.002753900000000427,1.999408116464628,2.851031136952287e-06,-12.0,-0.9996997816570982,12.0,-0.001289821897105775,9.997026326882352e-05,9.997026327167454e-05,0.0001999408116464628,0.0009899308865105316,-9.997026326882351e-05
1,0.002754100000000427,1.999345714307555,3.103248575997419e-06,-12.0,-0.9996682022498811,12.0,-0.001289817686859193,9.996713054984567e-05,9.996713055294894e-05,0.0001999345714307555,0.000989936048572393,-9.996713054984571e-05
1,0.002754300000000427,1.999280154910676,3.355461107745761e-06,-12.0,-0.9996350442301216,12.0,-0.001289813264045148,9.996383996912293e-05,9.99638399724784e-05,0.0001999280154910676,0.0009899414716208477,-9.996383996912293e-05
1,0.002754500000000427,1.999211438377517,3.607668334071334e-06,-12.0,-0.9996003076501807,12.0,-0.00128980862866826,9.996039153185148e-05,9.996039153545916e-05,0.0001999211438377517,0.0009899471556448353,-9.996039153185148e-05
1,0.0027547000000004273,1.999139564816591,3.859869856515097e-06,-12.0,-0.9995639925649121,12.0,-0.001289803780733262,9.995678524347685e-05,9.995678524733673e-05,0.0001999139564816591,0.000989953100632976,-9.995678524347687e-05
1,0.0027549000000004274,1.999064534341394,4.112065275951871e-06,-12.0,-0.9995260990316626,12.0,-0.001289798720245178,9.995302110969382e-05,9.995302111380593e-05,0.0001999064534341395,0.0009899593065732515,-9.995302110969385e-05
1,0.0027551000000004275,1.99898634707041,4.364254194366701e-06,-12.0,-0.999486627110271,12.0,-0.00128979344720935,9.994909913644653e-05,9.994909914081078e-05,0.000199898634707041,0.0009899657734529915,-9.994909913644654e-05
1,0.0027553000000004276,1.998905003127104,4.616436212634412e-06,-12.0,-0.9994455768630687,12.0,-0.001289787961631123,9.994501932992813e-05,9.994501933454458e-05,0.0001998905003127104,0.0009899725012592203,-9.994501932992814e-05
1,0.0027555000000004277,1.99882050263993,4.868610932518003e-06,-12.0,-0.9994029483548801,12.0,-0.001289782263516198,9.994078169658125e-05,9.994078170144988e-05,0.000199882050263993,0.0009899794899783237,-9.994078169658127e-05
1,0.002755700000000428,1.998732845742325,5.120777955669453e-06,-12.0,-0.9993587416530211,12.0,-0.001289776352870517,9.993638624309766e-05,9.993638624821845e-05,0.0001998732845742325,0.0009899867395961603,-9.993638624309769e-05
1,0.002755900000000428,1.998642032572708,5.372936882963586e-06,-12.0,-0.9993129568272999,12.0,-0.001289770229700171,9.99318329764183e-05,9.993183298179124e-05,0.0001998642032572708,0.0009899942500980613,-9.99318329764183e-05
1,0.002756100000000428,1.998548063274486,5.625087316385446e-06,-12.0,-0.9992655939500177,12.0,-0.001289763894011517,9.99271219037334e-05,9.992712190935848e-05,0.0001998548063274486,0.0009900020214688304,-9.992712190373341e-05
1,0.002756300000000428,1.998450937996049,5.877228857253947e-06,-12.0,-0.9992166530959664,12.0,-0.001289757345811063,9.992225303248236e-05,9.99222530383596e-05,0.0001998450937996049,0.0009900100536927442,-9.992225303248237e-05
1,0.0027565000000004283,1.998350656890769,6.129361107221065e-06,-12.0,-0.9991661343424302,12.0,-0.001289750585105678,9.991722637035372e-05,9.991722637648308e-05,0.0001998350656890769,0.0009900183467535517,-9.991722637035375e-05
1,0.0027567000000004284,1.998247220117002,6.381483667272647e-06,-12.0,-0.9991140377691855,12.0,-0.001289743611902303,9.991204192528528e-05,9.991204193166676e-05,0.0001998247220117002,0.0009900269006345164,-9.991204192528528e-05
1,0.0027569000000004285,1.99814062783809,6.63359613950476e-06,-12.0,-0.9990603634584998,12.0,-0.001289736426208152,9.990669970546393e-05,9.990669971209754e-05,0.000199814062783809,0.0009900357153183187,-9.990669970546394e-05
1,0.0027571000000004287,1.998030880222353,6.885698125125295e-06,-12.0,-0.9990051114951319,12.0,-0.001289729028030651,9.990119971932573e-05,9.990119972621142e-05,0.0001998030880222354,0.000990044790787098,-9.990119971932572e-05
1,0.0027573000000004288,1.997917977443098,7.137789225897251e-06,-12.0,-0.9989482819663325,12.0,-0.001289721417377487,9.989554197555584e-05,9.989554198269362e-05,0.0001997917977443098,0.0009900541270225355,-9.989554197555584e-05
1,0.002757500000000429,1.997801919678614,7.389869043472608e-06,-12.0,-0.9988898749618431,12.0,-0.001289713594256545,9.988972648308863e-05,9.988972649047854e-05,0.0001997801919678614,0.0009900637240057159,-9.988972648308866e-05
1,0.002757700000000429,1.99768270711217,7.641937179503344e-06,-12.0,-0.9988298905738962,12.0,-0.001289705558675872,9.988375325110756e-05,9.988375325874952e-05,0.000199768270711217,0.0009900735817172934,-9.988375325110757e-05
1,0.002757900000000429,1.997560339932015,7.893993234975305e-06,-12.0,-0.9987683288972153,12.0,-0.001289697310643864,9.987762228904501e-05,9.987762229693903e-05,0.0001997560339932016,0.000990083700137187,-9.987762228904503e-05
1,0.0027581000000004292,1.997434818331387,8.14603681209558e-06,-12.0,-0.9987051900290151,12.0,-0.001289688850168974,9.987133360658273e-05,9.987133361472879e-05,0.0001997434818331388,0.0009900940792450658,-9.987133360658273e-05
1,0.0027583000000004293,1.997306142508499,8.398067512627172e-06,-12.0,-0.998640474069,12.0,-0.001289680177259916,9.986488721365128e-05,9.986488722204932e-05,0.0001997306142508499,0.0009901047190199186,-9.986488721365127e-05
1,0.0027585000000004294,1.997174312666546,8.650084937888991e-06,-12.0,-0.9985741811193656,12.0,-0.001289671291925823,9.985828312043034e-05,9.985828312908043e-05,0.0001997174312666547,0.0009901156194401517,-9.985828312043036e-05
1,0.0027587000000004296,1.997039329013706,8.902088689866083e-06,-12.0,-0.9985063112847976,12.0,-0.00128966219417577,9.985152133734871e-05,9.985152134625081e-05,0.0001997039329013706,0.0009901267804837827,-9.985152133734876e-05
1,0.0027589000000004297,1.996901191763134,9.154078369766339e-06,-12.0,-0.9984368646724716,12.0,-0.001289652884019207,9.984460187508412e-05,9.984460188423822e-05,0.0001996901191763134,0.0009901382021281768,-9.984460187508414e-05
1,0.00275910000000043,1.996759901132967,9.406053580018892e-06,-12.0,-0.998365841392053,12.0,-0.001289643361465767,9.983752474456327e-05,9.983752475396936e-05,0.0001996759901132967,0.0009901498843502415,-9.98375247445633e-05
1,0.00275930000000043,1.996615457346321,9.65801392172061e-06,-12.0,-0.9982932415556978,12.0,-0.001289633626525288,9.983028995696196e-05,9.983028996661998e-05,0.0001996615457346321,0.0009901618271263984,-9.983028995696195e-05
1,0.00275950000000043,1.996467860631291,9.909958997078583e-06,-12.0,-0.9982190652780507,12.0,-0.001289623679207832,9.982289752370477e-05,9.982289753361471e-05,0.0001996467860631291,0.0009901740304324586,-9.982289752370478e-05
1,0.00275970000000043,1.996317111220954,1.016188840796683e-05,-12.0,-0.9981433126762462,12.0,-0.001289613519523738,9.981534745646543e-05,9.981534746662731e-05,0.0001996317111220954,0.0009901864942436917,-9.981534745646542e-05
1,0.0027599000000004302,1.996163209353361,1.041380175614837e-05,-12.0,-0.998065983869908,12.0,-0.001289603147483512,9.98076397671664e-05,9.980763977758023e-05,0.0001996163209353361,0.0009901992185349373,-9.980763976716641e-05
1,0.0027601000000004304,1.996006155271542,1.066569864338618e-05,-12.0,-0.997987078981149,12.0,-0.001289592563097852,9.979977446797925e-05,9.979977447864496e-05,0.0001996006155271543,0.0009902122032804384,-9.979977446797925e-05
1,0.0027603000000004305,1.995845949223509,1.091757867177634e-05,-12.0,-0.9979065981345706,12.0,-0.001289581766377737,9.979175157132423e-05,9.979175158224184e-05,0.0001995845949223509,0.0009902254484539241,-9.979175157132424e-05
1,0.0027605000000004306,1.995682591462244,1.116944144285981e-05,-12.0,-0.9978245414572631,12.0,-0.00128957075733431,9.978357108987059e-05,9.978357110104005e-05,0.0001995682591462244,0.0009902389540285966,-9.97835710898706e-05
1,0.0027607000000004307,1.995516082245712,1.142128655862162e-05,-12.0,-0.9977409090788053,12.0,-0.001289559535979007,9.977523303653638e-05,9.977523304795768e-05,0.0001995516082245712,0.0009902527199771721,-9.97752330365364e-05
1,0.002760900000000431,1.995346421836855,1.167311362160195e-05,-12.0,-0.997655701131264,12.0,-0.001289548102323387,9.976673742448856e-05,9.976673743616169e-05,0.0001995346421836855,0.000990266746271798,-9.976673742448857e-05
1,0.002761100000000431,1.995173610503586,1.192492223323072e-05,-12.0,-0.9975689177491941,12.0,-0.001289536456379275,9.97580842671427e-05,9.975808427906765e-05,0.0001995173610503586,0.00099028103288408,-9.975808426714273e-05
1,0.002761300000000431,1.994997648518799,1.217671199549297e-05,-12.0,-0.9974805590696388,12.0,-0.001289524598158828,9.974927357816344e-05,9.974927359034016e-05,0.0001994997648518799,0.000990295579785097,-9.974927357816344e-05
1,0.002761500000000431,1.994818536160358,1.242848251092887e-05,-12.0,-0.9973906252321281,12.0,-0.001289512527674244,9.974030537146389e-05,9.974030538389237e-05,0.0001994818536160358,0.0009903103869454422,-9.97403053714639e-05
1,0.0027617000000004313,1.994636273711108,1.268023338130142e-05,-12.0,-0.9972991163786799,12.0,-0.001289500244937999,9.973117966120613e-05,9.973117967388635e-05,0.0001994636273711108,0.0009903254543351808,-9.973117966120612e-05
1,0.0027619000000004314,1.994450861458865,1.293196420870668e-05,-12.0,-0.9972060326537995,12.0,-0.001289487749962848,9.972189646180082e-05,9.97218964747328e-05,0.0001994450861458865,0.0009903407819238375,-9.972189646180082e-05
1,0.0027621000000004315,1.994262299696416,1.318367459557379e-05,-12.0,-0.9971113742044782,12.0,-0.001289475042761695,9.971245578790737e-05,9.971245580109104e-05,0.0001994262299696416,0.0009903563696803813,-9.971245578790737e-05
1,0.0027623000000004316,1.99407058872153,1.343536414399882e-05,-12.0,-0.9970151411801953,12.0,-0.001289462123347671,9.970285765443392e-05,9.970285766786929e-05,0.000199407058872153,0.0009903722175733376,-9.970285765443394e-05
1,0.0027625000000004317,1.99387572883694,1.368703245629987e-05,-12.0,-0.9969173337329151,12.0,-0.001289448991734193,9.969310207653715e-05,9.969310209022418e-05,0.000199387572883694,0.0009903883255705792,-9.969310207653715e-05
1,0.002762700000000432,1.993677720350355,1.393867913379587e-05,-12.0,-0.9968179520170898,12.0,-0.00128943564793485,9.968318906962236e-05,9.968318908356105e-05,0.0001993677720350355,0.0009904046936395489,-9.968318906962236e-05
1,0.002762900000000432,1.993476563574458,1.419030378013719e-05,-12.0,-0.9967169961896559,12.0,-0.001289422091963435,9.967311864934362e-05,9.967311866353392e-05,0.0001993476563574459,0.0009904213217471758,-9.967311864934361e-05
1,0.002763100000000432,1.993272258826903,1.444190599686479e-05,-12.0,-0.9966144664100368,12.0,-0.001289408323833993,9.966289083160337e-05,9.96628908460453e-05,0.0001993272258826903,0.0009904382098598064,-9.966289083160337e-05
1,0.002763300000000432,1.993064806430312,1.469348538674087e-05,-12.0,-0.9965103628401412,12.0,-0.001289394343560749,9.96525056325528e-05,9.965250564724628e-05,0.0001993064806430312,0.0009904553579433012,-9.96525056325528e-05
1,0.0027635000000004323,1.99285420671228,1.494504155163945e-05,-12.0,-0.9964046856443624,12.0,-0.001289380151158204,9.964196306859138e-05,9.964196308353643e-05,0.000199285420671228,0.0009904727659629242,-9.96419630685914e-05
1,0.0027637000000004324,1.992640460005373,1.519657409443376e-05,-12.0,-0.9962974349895792,12.0,-0.001289365746641041,9.963126315636737e-05,9.963126317156395e-05,0.0001992640460005373,0.000990490433883523,-9.963126315636737e-05
1,0.0027639000000004325,1.992423566647125,1.544808261733088e-05,-12.0,-0.9961886110451557,12.0,-0.001289351130024166,9.962040591277732e-05,9.96204059282254e-05,0.0001992423566647125,0.0009905083616693622,-9.96204059127773e-05
1,0.0027641000000004326,1.992203526980038,1.569956672320405e-05,-12.0,-0.9960782139829387,12.0,-0.001289336301322788,9.960939135496619e-05,9.960939137066576e-05,0.0001992203526980039,0.0009905265492841098,-9.96093913549662e-05
1,0.0027643000000004327,1.991980341351586,1.595102601437137e-05,-12.0,-0.9959662439772612,12.0,-0.001289321260552173,9.959821950032753e-05,9.959821951627857e-05,0.0001991980341351586,0.0009905449966910729,-9.959821950032756e-05
1,0.002764500000000433,1.991754010114205,1.620246009326198e-05,-12.0,-0.9958527012049383,12.0,-0.001289306007727892,9.958689036650315e-05,9.958689038270561e-05,0.0001991754010114205,0.0009905637038529203,-9.958689036650316e-05
1,0.002764700000000433,1.991524533625305,1.645386856252706e-05,-12.0,-0.9957375858452701,12.0,-0.00128929054286582,9.957540397138325e-05,9.957540398783714e-05,0.0001991524533625305,0.0009905826707318072,-9.957540397138326e-05
1,0.002764900000000433,1.99129191224726,1.670525102526188e-05,-12.0,-0.9956208980800394,12.0,-0.001289274865981918,9.956376033310646e-05,9.956376034981171e-05,0.000199129191224726,0.0009906018972893477,-9.956376033310647e-05
1,0.002765100000000433,1.991056146347407,1.695660708367352e-05,-12.0,-0.9955026380935117,12.0,-0.001289258977092422,9.955195947005954e-05,9.955195948701615e-05,0.0001991056146347407,0.0009906213834867394,-9.955195947005954e-05
1,0.0027653000000004333,1.990817236298053,1.720793634074624e-05,-12.0,-0.995382806072436,12.0,-0.001289242876213778,9.954000140087768e-05,9.954000141808563e-05,0.0001990817236298053,0.0009906411292845002,-9.954000140087768e-05
1,0.0027655000000004334,1.99057518247647,1.745923839935326e-05,-12.0,-0.9952614022060436,12.0,-0.001289226563362722,9.95278861444443e-05,9.952788616190357e-05,0.000199057518247647,0.000990661134642773,-9.95278861444443e-05
1,0.0027657000000004335,1.990329985264891,1.771051286214576e-05,-12.0,-0.9951384266860474,12.0,-0.001289210038556074,9.951561371989096e-05,9.951561373760148e-05,0.0001990329985264892,0.0009906813995210345,-9.951561371989096e-05
1,0.0027659000000004336,1.990081645050517,1.796175933210797e-05,-12.0,-0.9950138797066426,12.0,-0.001289193301811015,9.950318414659745e-05,9.950318416455925e-05,0.0001990081645050517,0.0009907019238783454,-9.950318414659748e-05
1,0.0027661000000004337,1.989830162225508,1.821297741211314e-05,-12.0,-0.9948877614645062,12.0,-0.001289176353144836,9.949059744419183e-05,9.949059746240481e-05,0.0001989830162225508,0.0009907227076732111,-9.949059744419184e-05
1,0.002766300000000434,1.989575537186991,1.846416670536755e-05,-12.0,-0.9947600721587957,12.0,-0.001289159192575176,9.94778536325501e-05,9.947785365101428e-05,0.0001989575537186991,0.0009907437508635542,-9.947785363255011e-05
1,0.002766500000000434,1.989317770337051,1.871532681474442e-05,-12.0,-0.9946308119911503,12.0,-0.001289141820119702,9.946495273179649e-05,9.946495275051182e-05,0.0001989317770337051,0.0009907650534069085,-9.946495273179651e-05
1,0.002766700000000434,1.989056862082736,1.896645734300595e-05,-12.0,-0.994499981165689,12.0,-0.001289124235796524,9.94518947623032e-05,9.945189478126966e-05,0.0001989056862082736,0.0009907866152601558,-9.945189476230321e-05
1,0.002766900000000434,1.988792812836056,1.921755789335844e-05,-12.0,-0.9943675798890123,12.0,-0.001289106439623808,9.943867974469055e-05,9.943867976390813e-05,0.0001988792812836056,0.0009908084363796782,-9.943867974469057e-05
1,0.0027671000000004343,1.988525623013979,1.946862806967431e-05,-12.0,-0.9942336083701988,12.0,-0.001289088431619984,9.942530769982683e-05,9.942530771929547e-05,0.0001988525623013979,0.0009908305167213999,-9.942530769982686e-05
1,0.0027673000000004344,1.988255293038432,1.971966747393861e-05,-12.0,-0.9940980668208085,12.0,-0.001289070211803758,9.941177864882824e-05,9.941177866854792e-05,0.0001988255293038432,0.000990852856240676,-9.941177864882825e-05
1,0.0027675000000004345,1.987981823336306,1.997067571046784e-05,-12.0,-0.9939609554548803,12.0,-0.001289051780193951,9.939809261305907e-05,9.939809263302976e-05,0.0001987981823336306,0.0009908754548923204,-9.939809261305908e-05
1,0.0027677000000004347,1.987705214339441,2.022165238202422e-05,-12.0,-0.993822274488931,12.0,-0.001289033136809753,9.938424961413131e-05,9.938424963435298e-05,0.0001987705214339441,0.0009908983126306753,-9.938424961413131e-05
1,0.0027679000000004348,1.987425466484644,2.047259709248017e-05,-12.0,-0.9936820241419572,12.0,-0.001289014281670414,9.937024967390497e-05,9.937024969437757e-05,0.0001987425466484644,0.0009909214294094998,-9.937024967390497e-05
1,0.002768100000000435,1.987142580213671,2.072350944437584e-05,-12.0,-0.9935402046354336,12.0,-0.001288995214795571,9.935609281448779e-05,9.935609283521132e-05,0.0001987142580213671,0.0009909448051820813,-9.93560928144878e-05
1,0.002768300000000435,1.986856555973237,2.097438904202775e-05,-12.0,-0.9933968161933118,12.0,-0.001288975936204861,9.934177905823539e-05,9.934177907920977e-05,0.0001986856555973237,0.000990968439901166,-9.934177905823539e-05
1,0.002768500000000435,1.986567394215015,2.122523548842015e-05,-12.0,-0.9932518590420223,12.0,-0.001288956445918407,9.932730842775106e-05,9.932730844897631e-05,0.0001986567394215015,0.0009909923335189724,-9.932730842775108e-05
1,0.0027687000000004352,1.986275095395629,2.147604838753647e-05,-12.0,-0.9931053334104724,12.0,-0.001288936743956373,9.931268094588598e-05,9.931268096736206e-05,0.0001986275095395629,0.00099101648598722,-9.9312680945886e-05
1,0.0027689000000004353,1.985979659976655,2.172682734236098e-05,-12.0,-0.9929572395300458,12.0,-0.001288916830339173,9.929789663573881e-05,9.929789665746562e-05,0.0001985979659976655,0.0009910408972570312,-9.929789663573882e-05
1,0.0027691000000004354,1.985681088424627,2.197757195743222e-05,-12.0,-0.9928075776346021,12.0,-0.001288896705087444,9.928295552065593e-05,9.92829555426335e-05,0.0001985681088424628,0.0009910655672791396,-9.928295552065597e-05
1,0.0027693000000004356,1.985379381211031,2.222828183540138e-05,-12.0,-0.9926563479604795,12.0,-0.001288876368222114,9.926785762423149e-05,9.926785764645979e-05,0.0001985379381211031,0.000991090496003641,-9.92678576242315e-05
1,0.0027695000000004357,1.985074538812302,2.24789565812511e-05,-12.0,-0.9925035507464895,12.0,-0.001288855819764262,9.925260297030707e-05,9.925260299278604e-05,0.0001985074538812302,0.0009911156833801449,-9.925260297030708e-05
1,0.002769700000000436,1.984766561709824,2.272959579807665e-05,-12.0,-0.992349186233919,12.0,-0.001288835059735163,9.923719158297171e-05,9.92371916057013e-05,0.0001984766561709824,0.0009911411293577754,-9.923719158297171e-05
1,0.002769900000000436,1.984455450389937,2.298019908952842e-05,-12.0,-0.9921932546665321,12.0,-0.001288814088156384,9.922162348656213e-05,9.922162350954238e-05,0.0001984455450389937,0.0009911668338850876,-9.922162348656216e-05
1,0.002770100000000436,1.984141205343927,2.323076606025598e-05,-12.0,-0.9920357562905653,12.0,-0.001288792905049713,9.920589870566257e-05,9.920589872889334e-05,0.0001984141205343927,0.000991192796910137,-9.920589870566257e-05
1,0.002770300000000436,1.983823827068027,2.348129631379869e-05,-12.0,-0.9918766913547297,12.0,-0.001288771510437076,9.919001726510434e-05,9.919001728858565e-05,0.0001983823827068027,0.0009912190183804515,-9.919001726510435e-05
1,0.0027705000000004362,1.983503316063421,2.373178945447307e-05,-12.0,-0.9917160601102107,12.0,-0.001288749904340747,9.917397918996653e-05,9.917397921369832e-05,0.0001983503316063421,0.0009912454982430319,-9.917397918996653e-05
1,0.0027707000000004364,1.98317967283624,2.398224508637359e-05,-12.0,-0.9915538628106678,12.0,-0.001288728086783097,9.91577845055754e-05,9.915778452955766e-05,0.000198317967283624,0.0009912722364443516,-9.915778450557542e-05
1,0.0027709000000004365,1.982852897897557,2.423266281370573e-05,-12.0,-0.9913900997122315,12.0,-0.001288706057786748,9.91414332375045e-05,9.914143326173719e-05,0.0001982852897897557,0.0009912992329304399,-9.914143323750452e-05
1,0.0027711000000004366,1.982522991763395,2.448304224056397e-05,-12.0,-0.9912247710735065,12.0,-0.001288683817374653,9.912492541157468e-05,9.912492543605774e-05,0.0001982522991763395,0.0009913264876467154,-9.91249254115747e-05
1,0.0027713000000004367,1.982189954954721,2.473338297093175e-05,-12.0,-0.9910578771555699,12.0,-0.001288661365569793,9.91082610538541e-05,9.910826107858749e-05,0.0001982189954954721,0.0009913540005380833,-9.910826105385408e-05
1,0.002771500000000437,1.981853787997442,2.498368461023581e-05,-12.0,-0.9908894182219691,12.0,-0.001288638702395567,9.909144019065792e-05,9.909144021564161e-05,0.0001981853787997443,0.0009913817715489909,-9.909144019065794e-05
1,0.002771700000000437,1.981514491422412,2.523394676168245e-05,-12.0,-0.990719394538724,12.0,-0.001288615827875442,9.907446284854858e-05,9.907446287378252e-05,0.0001981514491422412,0.000991409800623344,-9.907446284854857e-05
1,0.002771900000000437,1.981172065765427,2.548416903058737e-05,-12.0,-0.9905478063743259,12.0,-0.001288592742033245,9.905732905433566e-05,9.905732907981984e-05,0.0001981172065765427,0.0009914380877044382,-9.905732905433566e-05
1,0.002772100000000437,1.980826511567222,2.573435102137811e-05,-12.0,-0.9903746539997353,12.0,-0.001288569444892917,9.904003883507567e-05,9.904003886081004e-05,0.0001980826511567222,0.0009914666327351523,-9.904003883507567e-05
1,0.0027723000000004373,1.980477829373471,2.598449233881528e-05,-12.0,-0.9901999376883825,12.0,-0.001288545936478661,9.902259221807211e-05,9.902259224405663e-05,0.0001980477829373471,0.0009914954356578382,-9.902259221807214e-05
1,0.0027725000000004374,1.980126019734792,2.623459258643823e-05,-12.0,-0.9900236577161704,12.0,-0.001288522216814803,9.90049892308757e-05,9.90049892571103e-05,0.0001980126019734792,0.0009915244964143616,-9.900498923087568e-05
1,0.0027727000000004375,1.979771083206741,2.648465137033984e-05,-12.0,-0.9898458143614682,12.0,-0.001288498285926115,9.898722990128389e-05,9.898722992776852e-05,0.0001979771083206741,0.0009915538149459363,-9.898722990128386e-05
1,0.0027729000000004376,1.979413020349807,2.673466829539173e-05,-12.0,-0.9896664079051136,12.0,-0.001288474143837412,9.896931425734091e-05,9.896931428407558e-05,0.0001979413020349807,0.0009915833911933458,-9.89693142573409e-05
1,0.0027731000000004377,1.979051831729421,2.69846429653553e-05,-12.0,-0.9894854386304163,12.0,-0.001288449790573812,9.895124232733814e-05,9.895124235432278e-05,0.0001979051831729421,0.0009916132250968324,-9.895124232733816e-05
1,0.002773300000000438,1.978687517915949,2.723457498599036e-05,-12.0,-0.98930290682315,12.0,-0.001288425226160572,9.893301413981361e-05,9.893301416704816e-05,0.0001978687517915949,0.000991643316596208,-9.893301413981361e-05
1,0.002773500000000438,1.97832007948469,2.748446396239057e-05,-12.0,-0.9891188127715571,12.0,-0.001288400450623214,9.891462972355194e-05,9.89146297510364e-05,0.0001978320079484691,0.0009916736656306463,-9.891462972355196e-05
1,0.002773700000000438,1.977949517015878,2.773430949876143e-05,-12.0,-0.9889331567663477,12.0,-0.001288375463987537,9.889608910758466e-05,9.889608913531895e-05,0.0001977949517015878,0.0009917042721388353,-9.889608910758466e-05
1,0.002773900000000438,1.977575831094683,2.798411120130684e-05,-12.0,-0.9887459391006986,12.0,-0.001288350266279534,9.887739232118998e-05,9.88773923491741e-05,0.0001977575831094684,0.0009917351360589632,-9.887739232119e-05
1,0.0027741000000004383,1.977199022311204,2.823386867500943e-05,-12.0,-0.9885571600702509,12.0,-0.001288324857525294,9.885853939389257e-05,9.885853942212644e-05,0.0001977199022311204,0.0009917662573287744,-9.88585393938926e-05
1,0.0027743000000004384,1.976819091260471,2.848358152462982e-05,-12.0,-0.9883668199731129,12.0,-0.001288299237751353,9.883953035546374e-05,9.883953038394733e-05,0.0001976819091260471,0.0009917976358852776,-9.883953035546376e-05
1,0.0027745000000004385,1.97643603854245,2.873324935603883e-05,-12.0,-0.9881749191098582,12.0,-0.001288273406984244,9.882036523592143e-05,9.88203652646547e-05,0.000197643603854245,0.0009918292716652594,-9.882036523592143e-05
1,0.0027747000000004386,1.976049864762028,2.898287177455217e-05,-12.0,-0.9879814577835235,12.0,-0.001288247365250947,9.880104406552982e-05,9.880104409451269e-05,0.0001976049864762028,0.0009918611646047154,-9.880104406552981e-05
1,0.0027749000000004387,1.975660570529028,2.923244838559658e-05,-12.0,-0.987786436299611,12.0,-0.001288221112578439,9.878156687479967e-05,9.878156690403213e-05,0.0001975660570529028,0.0009918933146393083,-9.878156687479967e-05
1,0.002775100000000439,1.975268156458198,2.948197879482084e-05,-12.0,-0.9875898549660869,12.0,-0.001288194648994129,9.876193369448817e-05,9.876193372397016e-05,0.0001975268156458198,0.00099192572170409,-9.876193369448818e-05
1,0.002775300000000439,1.974872623169212,2.97314626082068e-05,-12.0,-0.9873917140933788,12.0,-0.001288167974525481,9.874214455559869e-05,9.874214458533017e-05,0.0001974872623169212,0.0009919583857336406,-9.87421445555987e-05
1,0.002775500000000439,1.974473971286668,2.998089943095916e-05,-12.0,-0.9871920139943788,12.0,-0.001288141089200293,9.872219948938097e-05,9.872219951936186e-05,0.0001974473971286668,0.0009919913066620129,-9.872219948938098e-05
1,0.002775700000000439,1.974072201440095,3.023028886894874e-05,-12.0,-0.9869907549844411,12.0,-0.0012881139930465,9.870209852733099e-05,9.87020985575613e-05,0.0001974072201440095,0.000992024484422746,-9.8702098527331e-05
1,0.0027759000000004393,1.97366731426394,3.047963052849045e-05,-12.0,-0.9867879373813807,12.0,-0.001288086686092288,9.86818417011909e-05,9.868184173167057e-05,0.000197366731426394,0.0009920579189488382,-9.868184170119092e-05
1,0.0027761000000004394,1.973259310397571,3.072892401523308e-05,-12.0,-0.9865835615054735,12.0,-0.001288059168366107,9.866142904294886e-05,9.866142907367782e-05,0.0001973259310397571,0.0009920916101728156,-9.866142904294888e-05
1,0.0027763000000004395,1.972848190485283,3.097816893493643e-05,-12.0,-0.9863776276794577,12.0,-0.001288031439896628,9.864086058483928e-05,9.864086061581744e-05,0.0001972848190485283,0.0009921255580266353,-9.864086058483926e-05
1,0.0027765000000004396,1.972433955176293,3.122736489435951e-05,-12.0,-0.9861701362285314,12.0,-0.001288003500712662,9.862013635934256e-05,9.862013639056995e-05,0.0001972433955176293,0.0009921597624418382,-9.862013635934259e-05
1,0.0027767000000004398,1.97201660512473,3.147651149937314e-05,-12.0,-0.9859610874803507,12.0,-0.001287975350843323,9.859925639918501e-05,9.859925643066152e-05,0.000197201660512473,0.000992194223349313,-9.859925639918501e-05
1,0.00277690000000044,1.971596140989646,3.172560835595917e-05,-12.0,-0.9857504817650329,12.0,-0.001287946990317979,9.857822073733889e-05,9.85782207690645e-05,0.0001971596140989646,0.0009922289406794904,-9.857822073733889e-05
1,0.00277710000000044,1.971172563435013,3.197465507076558e-05,-12.0,-0.9855383194151535,12.0,-0.001287918419166076,9.855702940702244e-05,9.855702943899711e-05,0.0001971172563435013,0.0009922639143623568,-9.855702940702243e-05
1,0.00277730000000044,1.970745873129715,3.222365125088444e-05,-12.0,-0.9853246007657448,12.0,-0.001287889637417411,9.853568244169955e-05,9.853568247392322e-05,0.0001970745873129715,0.0009922991443272883,-9.853568244169958e-05
1,0.00277750000000044,1.970316070747553,3.247259650152046e-05,-12.0,-0.9851093261542982,12.0,-0.001287860645101988,9.851417987507999e-05,9.851417990755259e-05,0.0001970316070747553,0.0009923346305032027,-9.851417987507999e-05
1,0.0027777000000004403,1.969883156967244,3.272149042965466e-05,-12.0,-0.9848924959207624,12.0,-0.001287831442250018,9.849252174111921e-05,9.849252177384073e-05,0.0001969883156967244,0.000992370372818463,-9.849252174111921e-05
1,0.0027779000000004404,1.969447132472417,3.297033264304527e-05,-12.0,-0.9846741104075407,12.0,-0.001287802028891866,9.847070807401837e-05,9.84707081069887e-05,0.0001969447132472417,0.000992406371200974,-9.847070807401837e-05
1,0.0027781000000004405,1.969007997951613,3.321912274689698e-05,-12.0,-0.9844541699594949,12.0,-0.001287772405058243,9.844873890822416e-05,9.84487389414433e-05,0.0001969007997951613,0.0009924426255780577,-9.844873890822417e-05
1,0.0027783000000004407,1.968565754098284,3.346786034919003e-05,-12.0,-0.9842326749239395,12.0,-0.001287742570780001,9.842661427842889e-05,9.842661431189673e-05,0.0001968565754098284,0.000992479135876606,-9.842661427842887e-05
1,0.0027785000000004408,1.968120401610792,3.371654505601729e-05,-12.0,-0.9840096256506464,12.0,-0.001287712526088253,9.840433421957026e-05,9.84043342532868e-05,0.0001968120401610792,0.0009925159020229002,-9.840433421957025e-05
1,0.002778700000000441,1.967671941192411,3.396517647502595e-05,-12.0,-0.9837850224918412,12.0,-0.001287682271014348,9.838189876683162e-05,9.838189880079677e-05,0.0001967671941192411,0.0009925529239427633,-9.838189876683162e-05
1,0.002778900000000441,1.967220373551318,3.421375421308603e-05,-12.0,-0.9835588658022018,12.0,-0.001287651805589735,9.835930795564148e-05,9.835930798985523e-05,0.0001967220373551318,0.0009925902015615606,-9.83593079556415e-05
1,0.002779100000000441,1.9667656994006,3.446227787740064e-05,-12.0,-0.983331155938861,12.0,-0.001287621129846303,9.833656182167383e-05,9.833656185613611e-05,0.00019667656994006,0.000992627734804033,-9.833656182167385e-05
1,0.0027793000000004412,1.966307919458248,3.471074707483979e-05,-12.0,-0.9831018932614045,12.0,-0.001287590243815973,9.831366040084793e-05,9.831366043555869e-05,0.0001966307919458249,0.0009926655235944493,-9.831366040084794e-05
1,0.0027795000000004413,1.96584703444716,3.495916141349475e-05,-12.0,-0.9828710781318681,12.0,-0.001287559147530939,9.829060372932818e-05,9.829060376428734e-05,0.000196584703444716,0.000992703567856676,-9.829060372932816e-05
1,0.0027797000000004415,1.965383045095134,3.520752050012455e-05,-12.0,-0.9826387109147416,12.0,-0.001287527841023747,9.826739184352418e-05,9.82673918787317e-05,0.0001965383045095134,0.00099274186751383,-9.826739184352418e-05
1,0.0027799000000004416,1.964915952134872,3.545582394282043e-05,-12.0,-0.9824047919769634,12.0,-0.001287496324326981,9.824402478009062e-05,9.824402481554644e-05,0.0001964915952134872,0.0009927804224887649,-9.824402478009062e-05
1,0.0027801000000004417,1.964445756303976,3.57040713487855e-05,-12.0,-0.9821693216879239,12.0,-0.001287464597473531,9.822050257592728e-05,9.822050261163136e-05,0.0001964445756303976,0.0009928192327036817,-9.822050257592728e-05
1,0.002780300000000442,1.96397245834495,3.5952262325889e-05,-12.0,-0.9819323004194637,12.0,-0.001287432660496537,9.819682526817896e-05,9.819682530413121e-05,0.000196397245834495,0.0009928582980803097,-9.819682526817896e-05
1,0.002780500000000442,1.963496059005193,3.620039648188911e-05,-12.0,-0.9816937285458701,12.0,-0.001287400513429293,9.817299289423518e-05,9.817299293043558e-05,0.0001963496059005193,0.0009928976185398647,-9.817299289423521e-05
1,0.002780700000000442,1.963016559037007,3.644847342421098e-05,-12.0,-0.9814536064438822,12.0,-0.00128736815630541,9.814900549173066e-05,9.814900552817914e-05,0.0001963016559037007,0.0009929371940030352,-9.814900549173064e-05
1,0.002780900000000442,1.962533959197584,3.669649276216713e-05,-12.0,-0.9812119344926842,12.0,-0.001287335589158667,9.812486309854463e-05,9.812486313524112e-05,0.0001962533959197585,0.0009929770243900377,-9.812486309854464e-05
1,0.0027811000000004422,1.962048260249015,3.69444541021835e-05,-12.0,-0.9809687130739099,12.0,-0.001287302812023036,9.81005657528012e-05,9.810056578974566e-05,0.0001962048260249015,0.0009930171096205476,-9.810056575280121e-05
1,0.0027813000000004424,1.961559462958287,3.71923570535726e-05,-12.0,-0.9807239425716395,12.0,-0.001287269824932824,9.807611349286929e-05,9.807611353006165e-05,0.0001961559462958287,0.0009930574496137268,-9.807611349286932e-05
1,0.0027815000000004425,1.961067568097272,3.744020122409264e-05,-12.0,-0.9804776233723979,12.0,-0.001287236627922392,9.805150635736221e-05,9.80515063948024e-05,0.0001961067568097272,0.0009930980442882376,-9.80515063573622e-05
1,0.0027817000000004426,1.960572576442741,3.768798622216796e-05,-12.0,-0.9802297558651574,12.0,-0.00128720322102642,9.802674438513793e-05,9.802674442282594e-05,0.0001960572576442741,0.0009931388935622842,-9.802674438513796e-05
1,0.0027819000000004427,1.960074488776353,3.793571165622289e-05,-12.0,-0.9799803404413352,12.0,-0.00128716960427995,9.800182761529914e-05,9.800182765323485e-05,0.0001960074488776353,0.0009931799973534328,-9.800182761529914e-05
1,0.002782100000000443,1.959573305884654,3.818337713490383e-05,-12.0,-0.9797293774947909,12.0,-0.001287135777717996,9.797675608719258e-05,9.797675612537596e-05,0.0001959573305884654,0.0009932213555789021,-9.79767560871926e-05
1,0.002782300000000443,1.95906902855908,3.843098226663511e-05,-12.0,-0.9794768674218303,12.0,-0.001287101741375932,9.795152984040968e-05,9.795152987884066e-05,0.000195906902855908,0.000993262968155259,-9.795152984040969e-05
1,0.002782500000000443,1.958561657595954,3.867852666017413e-05,-12.0,-0.9792228106212015,12.0,-0.001287067495289382,9.792614891478617e-05,9.79261489534647e-05,0.0001958561657595954,0.00099330483499864,-9.792614891478618e-05
1,0.002782700000000443,1.958051193796481,3.892600992461137e-05,-12.0,-0.9789672074940937,12.0,-0.001287033039494082,9.790061335040183e-05,9.790061338932784e-05,0.0001958051193796481,0.0009933469560246683,-9.790061335040183e-05
1,0.0027829000000004433,1.957537637966754,3.917343166859322e-05,-12.0,-0.9787100584441398,12.0,-0.001286998374026113,9.787492318758084e-05,9.787492322675429e-05,0.0001957537637966754,0.0009933893311484393,-9.787492318758084e-05
1,0.0027831000000004434,1.957020990917748,3.942079150132116e-05,-12.0,-0.978451363877414,12.0,-0.001286963498921712,9.784907846689153e-05,9.784907850631235e-05,0.0001957020990917748,0.0009934319602845632,-9.784907846689154e-05
1,0.0027833000000004435,1.956501253465316,3.966808903166363e-05,-12.0,-0.9781911242024296,12.0,-0.001286928414217348,9.782307922914613e-05,9.782307926881422e-05,0.0001956501253465316,0.0009934748433471086,-9.782307922914613e-05
1,0.0027835000000004436,1.955978426430194,3.991532386937724e-05,-12.0,-0.9779293398301397,12.0,-0.001286893119949742,9.77969255154009e-05,9.779692555531624e-05,0.0001955978426430194,0.000993517980249714,-9.779692551540091e-05
1,0.0027837000000004437,1.955452510637996,4.016249562288632e-05,-12.0,-0.9776660111739386,12.0,-0.001286857616155879,9.777061736695616e-05,9.777061740711866e-05,0.0001955452510637996,0.0009935613709053243,-9.777061736695615e-05
1,0.002783900000000444,1.954923506919217,4.040960390239157e-05,-12.0,-0.9774011386496586,12.0,-0.00128682190287277,9.774415482535609e-05,9.774415486576571e-05,0.0001954923506919217,0.0009936050152266895,-9.77441548253561e-05
1,0.002784100000000444,1.954391416109221,4.06566483172055e-05,-12.0,-0.9771347226755682,12.0,-0.001286785980137886,9.771753793238855e-05,9.771753797304522e-05,0.0001954391416109221,0.0009936489131257276,-9.771753793238855e-05
1,0.002784300000000444,1.953856239048254,4.090362847675166e-05,-12.0,-0.9768667636723755,12.0,-0.001286749847988863,9.769076673008522e-05,9.769076677098886e-05,0.0001953856239048254,0.0009936930645140646,-9.769076673008522e-05
1,0.002784500000000444,1.953317976581433,4.115054399089768e-05,-12.0,-0.9765972620632247,12.0,-0.001286713506463505,9.766384126072153e-05,9.76638413018721e-05,0.0001953317976581433,0.0009937374693027162,-9.766384126072157e-05
1,0.0027847000000004443,1.952776629558745,4.139739446928914e-05,-12.0,-0.9763262182736946,12.0,-0.001286676955599822,9.763676156681639e-05,9.763676160821382e-05,0.0001952776629558745,0.0009937821274022401,-9.763676156681639e-05
1,0.0027849000000004444,1.952232198835052,4.16441795224598e-05,-12.0,-0.9760536327318007,12.0,-0.001286640195436117,9.760952769113229e-05,9.76095277327765e-05,0.0001952232198835052,0.0009938270387227083,-9.760952769113232e-05
1,0.0027851000000004445,1.951684685270084,4.189089875938912e-05,-12.0,-0.9757795058679938,12.0,-0.001286603226010916,9.75821396766753e-05,9.758213971856623e-05,0.0001951684685270084,0.0009938722031736374,-9.758213967667532e-05
1,0.0027853000000004446,1.951134089728438,4.213755179105494e-05,-12.0,-0.9755038381151567,12.0,-0.001286566047362964,9.755459756669477e-05,9.755459760883234e-05,0.0001951134089728438,0.0009939176206640171,-9.755459756669478e-05
1,0.0027855000000004447,1.950580413079576,4.238413822765796e-05,-12.0,-0.975226629908605,12.0,-0.001286528659531133,9.752690140468326e-05,9.752690144706742e-05,0.0001950580413079576,0.0009939632911025037,-9.752690140468326e-05
1,0.002785700000000445,1.950023656197831,4.263065767862173e-05,-12.0,-0.9749478816860914,12.0,-0.001286491062554726,9.749905123437698e-05,9.749905127700765e-05,0.0001950023656197831,0.0009940092143969348,-9.749905123437701e-05
1,0.002785900000000445,1.949463819962401,4.287710975581227e-05,-12.0,-0.9746675938877956,12.0,-0.001286453256473086,9.747104709975514e-05,9.747104714263226e-05,0.0001949463819962401,0.0009940553904549537,-9.747104709975514e-05
1,0.002786100000000445,1.948900905257335,4.312349406920823e-05,-12.0,-0.974385766956329,12.0,-0.001286415241325847,9.744288904503982e-05,9.744288908816331e-05,0.0001948900905257336,0.0009941018191835516,-9.744288904503982e-05
1,0.002786300000000445,1.948334912971557,4.336981022845521e-05,-12.0,-0.9741024013367378,12.0,-0.001286377017152882,9.741457711469663e-05,9.741457715806646e-05,0.0001948334912971558,0.0009941485004892059,-9.741457711469662e-05
1,0.0027865000000004453,1.947765843998846,4.361605784619638e-05,-12.0,-0.9738174974764935,12.0,-0.001286338583994295,9.738611135343397e-05,9.738611139705001e-05,0.0001947765843998847,0.000994195434277978,-9.738611135343397e-05
1,0.0027867000000004454,1.947193699237834,4.386223653207733e-05,-12.0,-0.9735310558254964,12.0,-0.001286299941890362,9.735749180620283e-05,9.735749185006508e-05,0.0001947193699237834,0.0009942426204553045,-9.735749180620286e-05
1,0.0027869000000004455,1.946618479592018,4.410834589674284e-05,-12.0,-0.9732430768360805,12.0,-0.001286261090881646,9.73287185181977e-05,9.732871856230608e-05,0.0001946618479592018,0.0009942900589262893,-9.732871851819773e-05
1,0.0027871000000004456,1.94604018596975,4.435438555294713e-05,-12.0,-0.9729535609630019,12.0,-0.001286222031008893,9.729979153485545e-05,9.729979157920987e-05,0.0001946040185969751,0.0009943377495953698,-9.729979153485549e-05
1,0.0027873000000004458,1.945458819284229,4.460035511033578e-05,-12.0,-0.9726625086634453,12.0,-0.001286182762313098,9.727071090185558e-05,9.727071094645592e-05,0.0001945458819284229,0.0009943856923665395,-9.727071090185557e-05
1,0.002787500000000446,1.944874380453512,4.484625418066379e-05,-12.0,-0.9723699203970225,12.0,-0.001286143284835492,9.724147666512034e-05,9.72414767099666e-05,0.0001944874380453513,0.000994433887143334,-9.724147666512032e-05
1,0.002787700000000446,1.944286870400511,4.50920823757972e-05,-12.0,-0.9720757966257713,12.0,-0.001286103598617527,9.721208887081468e-05,9.721208891590677e-05,0.0001944286870400511,0.0009944823338287195,-9.721208887081471e-05
1,0.002787900000000446,1.943696290052981,4.533783930704693e-05,-12.0,-0.9717801378141515,12.0,-0.001286063703700852,9.718254756534587e-05,9.718254761068369e-05,0.0001943696290052981,0.000994531032325205,-9.718254756534585e-05
1,0.002788100000000446,1.943102640343527,4.558352458561288e-05,-12.0,-0.9714829444290498,12.0,-0.001286023600127362,9.715285279536354e-05,9.715285284094707e-05,0.0001943102640343527,0.0009945799825348267,-9.715285279536355e-05
1,0.0027883000000004463,1.942505922209606,4.58291378240272e-05,-12.0,-0.9711842169397756,12.0,-0.001285983287939191,9.712300460775996e-05,9.71230046535891e-05,0.0001942505922209606,0.000994629184359011,-9.712300460775997e-05
1,0.0027885000000004464,1.941906136593513,4.607467863382286e-05,-12.0,-0.970883955818059,12.0,-0.001285942767178722,9.70930030496693e-05,9.709300309574398e-05,0.0001941906136593513,0.0009946786376987399,-9.709300304966928e-05
1,0.0027887000000004466,1.941303284442392,4.632014662697692e-05,-12.0,-0.970582161538054,12.0,-0.001285902037888462,9.706284816846808e-05,9.706284821478824e-05,0.0001941303284442392,0.0009947283424546205,-9.70628481684681e-05
1,0.0027889000000004467,1.940697366708229,4.656554141568847e-05,-12.0,-0.9702788345763359,12.0,-0.001285861100111224,9.703254001177513e-05,9.703254005834069e-05,0.0001940697366708229,0.0009947782985265663,-9.703254001177517e-05
1,0.0027891000000004468,1.94008838434785,4.681086261204559e-05,-12.0,-0.9699739754118984,12.0,-0.001285819953890141,9.700207862745103e-05,9.700207867426189e-05,0.000194008838434785,0.0009948285058140327,-9.700207862745106e-05
1,0.002789300000000447,1.939476338322917,4.705610982891351e-05,-12.0,-0.9696675845261541,12.0,-0.001285778599268317,9.69714640635983e-05,9.697146411065443e-05,0.0001939476338322918,0.000994878964216142,-9.69714640635983e-05
1,0.002789500000000447,1.938861229599937,4.730128267749212e-05,-12.0,-0.9693596624029395,12.0,-0.001285737036289383,9.694069636856171e-05,9.694069641586298e-05,0.0001938861229599937,0.0009949296736312951,-9.69406963685617e-05
1,0.002789700000000447,1.938243059150252,4.754638077208995e-05,-12.0,-0.9690502095285037,12.0,-0.001285695264996972,9.69097755909276e-05,9.690977563847397e-05,0.0001938243059150252,0.000994980633957518,-9.690977559092759e-05
1,0.0027899000000004472,1.937621827950031,4.779140372468405e-05,-12.0,-0.9687392263915146,12.0,-0.001285653285435007,9.687870177952393e-05,9.687870182731534e-05,0.0001937621827950032,0.0009950318450923507,-9.687870177952393e-05
1,0.0027901000000004473,1.936997536980285,4.803635114780658e-05,-12.0,-0.9684267134830575,12.0,-0.00128561109764766,9.684747498342055e-05,9.684747503145688e-05,0.0001936997536980286,0.0009950833069327647,-9.684747498342055e-05
1,0.0027903000000004475,1.936370187226856,4.828122265454482e-05,-12.0,-0.9681126712966339,12.0,-0.001285568701679396,9.681609525192884e-05,9.681609530021007e-05,0.0001936370187226856,0.0009951350193752456,-9.681609525192885e-05
1,0.0027905000000004476,1.935739779680411,4.852601785843014e-05,-12.0,-0.9677971003281577,12.0,-0.001285526097574791,9.678456263460159e-05,9.678456268312764e-05,0.0001935739779680411,0.000995186982315835,-9.678456263460162e-05
1,0.0027907000000004477,1.935106315336449,4.877073637177265e-05,-12.0,-0.9674800010759593,12.0,-0.001285483285378669,9.675287718123312e-05,9.675287723000386e-05,0.0001935106315336449,0.0009952391956500328,-9.675287718123311e-05
1,0.002790900000000448,1.934469795195299,4.901537780876986e-05,-12.0,-0.9671613740407825,12.0,-0.001285440265136134,9.67210389418591e-05,9.67210389908745e-05,0.0001934469795195299,0.0009952916592729094,-9.672103894185913e-05
1,0.002791100000000448,1.933830220262109,4.925994178250903e-05,-12.0,-0.9668412197257812,12.0,-0.001285397036892469,9.668904796675636e-05,9.668904801601632e-05,0.0001933830220262109,0.000995344373078924,-9.668904796675638e-05
1,0.002791300000000448,1.933187591546856,4.950442790674359e-05,-12.0,-0.9665195386365236,12.0,-0.001285353600693206,9.665690430644303e-05,9.665690435594746e-05,0.0001933187591546856,0.0009953973369621477,-9.665690430644305e-05
1,0.002791500000000448,1.932541910064339,4.974883579444977e-05,-12.0,-0.9661963312809891,12.0,-0.001285309956584171,9.662460801167836e-05,9.662460806142721e-05,0.0001932541910064339,0.0009954505508160405,-9.662460801167836e-05
1,0.0027917000000004483,1.931893176834173,4.999316506038021e-05,-12.0,-0.9658715981695642,12.0,-0.001285266104611285,9.659215913346246e-05,9.659215918345563e-05,0.0001931893176834173,0.0009955040145337157,-9.659215913346247e-05
1,0.0027919000000004484,1.931241392880798,5.023741531806625e-05,-12.0,-0.9655453398150479,12.0,-0.001285222044820747,9.65595577230366e-05,9.655955777327401e-05,0.0001931241392880798,0.00099555772800769,-9.65595577230366e-05
1,0.0027921000000004485,1.930586559233471,5.048158618148335e-05,-12.0,-0.9652175567326474,12.0,-0.001285177777259033,9.652680383188288e-05,9.652680388236447e-05,0.0001930586559233471,0.0009956116911300078,-9.65268038318829e-05
1,0.0027923000000004486,1.929928676926259,5.072567726494004e-05,-12.0,-0.9648882494399753,12.0,-0.001285133301972843,9.649389751172404e-05,9.649389756244972e-05,0.0001929928676926259,0.0009956659037922005,-9.649389751172402e-05
1,0.0027925000000004487,1.92926774699805,5.096968818252279e-05,-12.0,-0.9645574184570546,12.0,-0.001285088619009056,9.646083881452371e-05,9.646083886549338e-05,0.000192926774699805,0.0009957203658853414,-9.646083881452371e-05
1,0.002792700000000449,1.928603770492541,5.121361854931727e-05,-12.0,-0.9642250643063105,12.0,-0.001285043728414773,9.642762779248597e-05,9.64276278436996e-05,0.0001928603770492541,0.000995775077300018,-9.642762779248598e-05
1,0.002792900000000449,1.927936748458241,5.145746797896589e-05,-12.0,-0.9638911875125776,12.0,-0.001284998630237358,9.639426449805565e-05,9.639426454951313e-05,0.0001927936748458241,0.0009958300379262625,-9.639426449805566e-05
1,0.002793100000000449,1.927266681948468,5.170123608722044e-05,-12.0,-0.9635557886030911,12.0,-0.001284953324524413,9.636074898391782e-05,9.636074903561906e-05,0.0001927266681948468,0.0009958852476536773,-9.636074898391783e-05
1,0.002793300000000449,1.926593572021347,5.194492248794536e-05,-12.0,-0.9632188681074925,12.0,-0.001284907811323732,9.632708130299805e-05,9.632708135494297e-05,0.0001926593572021348,0.0009959407063713788,-9.632708130299804e-05
1,0.0027935000000004493,1.925917419739814,5.218852679678143e-05,-12.0,-0.9628804265578261,12.0,-0.001284862090683417,9.629326150846227e-05,9.629326156065085e-05,0.0001925917419739814,0.0009959964139678729,-9.62932615084623e-05
1,0.0027937000000004494,1.925238226171598,5.24320486285923e-05,-12.0,-0.9625404644885357,12.0,-0.001284816162651678,9.625928965371642e-05,9.625928970614848e-05,0.0001925238226171598,0.0009960523703313462,-9.625928965371643e-05
1,0.0027939000000004495,1.924555992389241,5.267548759824159e-05,-12.0,-0.9621989824364685,12.0,-0.001284770027277019,9.622516579240667e-05,9.622516584508217e-05,0.0001924555992389241,0.0009961085753493748,-9.622516579240668e-05
1,0.0027941000000004496,1.923870719470086,5.291884332148111e-05,-12.0,-0.9618559809408723,12.0,-0.001284723684608177,9.619088997841937e-05,9.61908900313382e-05,0.0001923870719470086,0.0009961650289090906,-9.619088997841938e-05
1,0.0027943000000004497,1.923182408496267,5.316211541417371e-05,-12.0,-0.9615114605433914,12.0,-0.001284677134694101,9.615646226588054e-05,9.615646231904267e-05,0.0001923182408496268,0.0009962217308970983,-9.615646226588057e-05
1,0.00279450000000045,1.922491060554723,5.340530349040584e-05,-12.0,-0.9611654217880725,12.0,-0.001284630377584042,9.61218827091563e-05,9.612188276256161e-05,0.0001922491060554723,0.0009962786811995444,-9.61218827091563e-05
1,0.00279470000000045,1.921796676737185,5.36484071682608e-05,-12.0,-0.960817865221356,12.0,-0.001284583413327336,9.608715136285242e-05,9.608715141650084e-05,0.0001921796676737185,0.00099633587970209,-9.608715136285243e-05
1,0.00279490000000045,1.921099258140178,5.389142606171404e-05,-12.0,-0.9604687913920822,12.0,-0.001284536241973638,9.605226828181437e-05,9.605226833570584e-05,0.0001921099258140178,0.000996393326289896,-9.605226828181439e-05
1,0.00279510000000045,1.920398805865024,5.413435978740555e-05,-12.0,-0.9601182008514872,12.0,-0.001284488863572866,9.601723352112747e-05,9.601723357526182e-05,0.0001920398805865024,0.0009964510208476246,-9.601723352112747e-05
1,0.0027953000000004503,1.919695321017829,5.437720796197532e-05,-12.0,-0.9597660941531996,12.0,-0.00128444127817505,9.598204713611614e-05,9.598204719049335e-05,0.0001919695321017829,0.0009965089632594654,-9.598204713611615e-05
1,0.0027955000000004504,1.918988804709491,5.461997020106413e-05,-12.0,-0.9594124718532445,12.0,-0.001284393485830648,9.594670918234456e-05,9.594670923696452e-05,0.0001918988804709491,0.0009965671534090392,-9.594670918234457e-05
1,0.0027957000000004505,1.918279258055699,5.486264612108993e-05,-12.0,-0.9590573345100412,12.0,-0.00128434548659008,9.591121971561622e-05,9.591121977047887e-05,0.0001918279258055699,0.000996625591179634,-9.591121971561624e-05
1,0.0027959000000004506,1.917566682176919,5.510523533935885e-05,-12.0,-0.9587006826843978,12.0,-0.001284297280504235,9.587557879197371e-05,9.587557884707897e-05,0.0001917566682176919,0.0009966842764539408,-9.587557879197373e-05
1,0.0027961000000004507,1.916851078198404,5.534773747173372e-05,-12.0,-0.9583425169395172,12.0,-0.001284248867624113,9.58397864676989e-05,9.583978652304662e-05,0.0001916851078198404,0.000996743209114151,-9.58397864676989e-05
1,0.002796300000000451,1.916132447250195,5.559015213518759e-05,-12.0,-0.9579828378409931,12.0,-0.001284200248000925,9.580384279931282e-05,9.580384285490298e-05,0.0001916132447250195,0.0009968023890420674,-9.580384279931283e-05
1,0.002796500000000451,1.915410790467104,5.58324789475817e-05,-12.0,-0.957621645956806,12.0,-0.001284151421686169,9.576774784357536e-05,9.576774789940783e-05,0.0001915410790467104,0.0009968618161188825,-9.576774784357536e-05
1,0.002796700000000451,1.914686108988726,5.607471752466786e-05,-12.0,-0.957258941857329,12.0,-0.001284102388731626,9.573150165748535e-05,9.573150171356008e-05,0.0001914686108988726,0.000996921490225372,-9.573150165748536e-05
1,0.002796900000000451,1.913958403959432,5.631686748519549e-05,-12.0,-0.9568947261153193,12.0,-0.00128405314918914,9.569510429828045e-05,9.569510435459732e-05,0.0001913958403959431,0.0009969814112418401,-9.569510429828046e-05
1,0.0027971000000004513,1.913227676528364,5.655892844480537e-05,-12.0,-0.9565289993059256,12.0,-0.001284003703110936,9.565855582343705e-05,9.565855587999599e-05,0.0001913227676528365,0.0009970415790481052,-9.565855582343705e-05
1,0.0027973000000004514,1.912493927849443,5.680090002302407e-05,-12.0,-0.9561617620066781,12.0,-0.00128395405054943,9.562185629067011e-05,9.562185634747101e-05,0.0001912493927849443,0.0009971019935233333,-9.562185629067012e-05
1,0.0027975000000004515,1.911757159081355,5.704278183593647e-05,-12.0,-0.9557930147974959,12.0,-0.001283904191557203,9.55850057579332e-05,9.558500581497598e-05,0.0001911757159081355,0.0009971626545465379,-9.558500575793319e-05
1,0.0027977000000004516,1.911017371387562,5.728457350206995e-05,-12.0,-0.955422758260682,12.0,-0.001283854126187159,9.55480042834184e-05,9.554800434070298e-05,0.0001911017371387562,0.0009972235619958997,-9.554800428341842e-05
1,0.0027979000000004518,1.910274565936284,5.752627463950777e-05,-12.0,-0.9550509929809201,12.0,-0.001283803854492366,9.551085192555598e-05,9.551085198308225e-05,0.0001910274565936284,0.0009972847157493359,-9.551085192555596e-05
1,0.002798100000000452,1.909528743900514,5.776788486600015e-05,-12.0,-0.9546777195452792,12.0,-0.001283753376526156,9.547354874301454e-05,9.54735488007824e-05,0.0001909528743900514,0.0009973461156842778,-9.547354874301453e-05
1,0.002798300000000452,1.908779906458009,5.800940380007447e-05,-12.0,-0.9543029385432102,12.0,-0.001283702692342112,9.543609479470103e-05,9.543609485271044e-05,0.0001908779906458009,0.0009974077616774907,-9.543609479470103e-05
1,0.002798500000000452,1.90802805479128,5.82508310603691e-05,-12.0,-0.9539266505665414,12.0,-0.001283651801993968,9.539849013976017e-05,9.539849019801102e-05,0.0001908028054791281,0.0009974696536054206,-9.539849013976018e-05
1,0.002798700000000452,1.907273190087605,5.849216626463427e-05,-12.0,-0.9535488562094837,12.0,-0.001283600705535765,9.536073483757483e-05,9.536073489606701e-05,0.0001907273190087605,0.000997531791344028,-9.536073483757484e-05
1,0.0027989000000004523,1.906515313539019,5.873340903206348e-05,-12.0,-0.9531695560686272,12.0,-0.001283549403021778,9.53228289477659e-05,9.532282900649933e-05,0.0001906515313539019,0.0009975941747686762,-9.532282894776593e-05
1,0.0027991000000004524,1.905754426342311,5.89745589817392e-05,-12.0,-0.9527887507429375,12.0,-0.001283497894506408,9.528477253019192e-05,9.528477258916649e-05,0.0001905754426342311,0.000997656803754396,-9.528477253019192e-05
1,0.0027993000000004526,1.904990529699023,5.921561573285494e-05,-12.0,-0.9524064408337559,12.0,-0.001283446180044445,9.524656564494888e-05,9.52465657041645e-05,0.0001904990529699023,0.0009977196781755654,-9.524656564494888e-05
1,0.0027995000000004527,1.904223624815454,5.945657890316092e-05,-12.0,-0.9520226269448064,12.0,-0.001283394259690804,9.520820835237093e-05,9.520820841182754e-05,0.0001904223624815454,0.0009977827979062437,-9.520820835237096e-05
1,0.0027997000000004528,1.903453712902653,5.969744811362698e-05,-12.0,-0.9516373096821814,12.0,-0.00128334213350062,9.51697007130295e-05,9.516970077272695e-05,0.0001903453712902653,0.0009978461628198931,-9.516970071302951e-05
1,0.002799900000000453,1.90268079517641,5.993822298278051e-05,-12.0,-0.9512504896543483,12.0,-0.001283289801529322,9.513104278773312e-05,9.513104284767134e-05,0.000190268079517641,0.000997909772789643,-9.513104278773312e-05
1,0.002800100000000453,1.901904872857269,6.017890313037011e-05,-12.0,-0.9508621674721497,12.0,-0.001283237263832587,9.5092234637528e-05,9.509223469770691e-05,0.0001901904872857269,0.000997973627687887,-9.509223463752801e-05
1,0.002800300000000453,1.901125947170519,6.041948817592235e-05,-12.0,-0.9504723437488006,12.0,-0.001283184520466191,9.505327632369766e-05,9.505327638411716e-05,0.0001901125947170519,0.0009980377273867969,-9.505327632369766e-05
1,0.0028005000000004532,1.900344019346188,6.06599777404071e-05,-12.0,-0.9500810190998836,12.0,-0.001283131571486323,9.501416790776238e-05,9.501416796842237e-05,0.0001900344019346188,0.0009981020717579059,-9.501416790776241e-05
1,0.0028007000000004533,1.899559090619044,6.090037144235172e-05,-12.0,-0.9496881941433548,12.0,-0.001283078416949232,9.497490945147973e-05,9.497490951238011e-05,0.0001899559090619044,0.000998166660672345,-9.497490945147972e-05
1,0.0028009000000004535,1.8987711622286,6.114066890261505e-05,-12.0,-0.9492938694995395,12.0,-0.001283025056911538,9.493550101684421e-05,9.493550107798489e-05,0.00018987711622286,0.0009982314940007453,-9.493550101684422e-05
1,0.0028011000000004536,1.8979802354191,6.138086974227797e-05,-12.0,-0.9488980457911281,12.0,-0.001282971491430002,9.489594266608703e-05,9.48959427274679e-05,0.00018979802354191,0.0009982965716132525,-9.489594266608704e-05
1,0.0028013000000004537,1.897186311439524,6.162097358053398e-05,-12.0,-0.9485007236431812,12.0,-0.00128291772056166,9.485623446167616e-05,9.485623452329715e-05,0.0001897186311439524,0.0009983618933795402,-9.485623446167618e-05
1,0.002801500000000454,1.896389391543587,6.186098003868601e-05,-12.0,-0.9481019036831259,12.0,-0.001282863744363746,9.481637646631646e-05,9.481637652817745e-05,0.0001896389391543587,0.0009984274591688241,-9.481637646631646e-05
1,0.002801700000000454,1.895589476989734,6.210088873803699e-05,-12.0,-0.9477015865407511,12.0,-0.001282809562893825,9.47763687429489e-05,9.47763688050498e-05,0.0001895589476989734,0.0009984932688496956,-9.477636874294892e-05
1,0.002801900000000454,1.894786569041137,6.234069929855757e-05,-12.0,-0.9472997728482132,12.0,-0.001282755176209516,9.473621135475119e-05,9.47362114170919e-05,0.0001894786569041137,0.0009985593222905653,-9.473621135475119e-05
1,0.002802100000000454,1.893980668965699,6.258041134199477e-05,-12.0,-0.9468964632400323,12.0,-0.001282700584368829,9.469590436513741e-05,9.469590442771783e-05,0.0001893980668965699,0.0009986256193591087,-9.469590436513744e-05
1,0.0028023000000004543,1.893171778036045,6.282002448942947e-05,-12.0,-0.9464916583530879,12.0,-0.001282645787429981,9.465544783775772e-05,9.465544790057776e-05,0.0001893171778036045,0.0009986921599225984,-9.465544783775774e-05
1,0.0028025000000004544,1.89235989752952,6.305953836305278e-05,-12.0,-0.94608535882662,12.0,-0.001282590785451274,9.461484183649831e-05,9.461484189955784e-05,0.000189235989752952,0.000998758943847891,-9.461484183649831e-05
1,0.0028027000000004545,1.891545028728198,6.329895258250229e-05,-12.0,-0.9456775653022357,12.0,-0.001282535578491478,9.457408642548181e-05,9.457408648878077e-05,0.0001891545028728198,0.0009988259710013159,-9.457408642548182e-05
1,0.0028029000000004546,1.890727172918869,6.35382667719675e-05,-12.0,-0.9452682784238942,12.0,-0.001282480166609451,9.453318166906657e-05,9.453318173260489e-05,0.0001890727172918869,0.0009988932412486745,-9.453318166906662e-05
1,0.0028031000000004547,1.889906331393032,6.377748055219623e-05,-12.0,-0.9448574988379129,12.0,-0.001282424549864256,9.44921276318465e-05,9.449212769562399e-05,0.0001889906331393032,0.0009989607544554219,-9.449212763184651e-05
1,0.002803300000000455,1.889082505446911,6.40165935439363e-05,-12.0,-0.9444452271929739,12.0,-0.001282368728315317,9.445092437865181e-05,9.445092444266838e-05,0.0001889082505446911,0.00099902851048643,-9.445092437865178e-05
1,0.002803500000000455,1.888255696381443,6.425560537215436e-05,-12.0,-0.9440314641401076,12.0,-0.001282312702022143,9.440957197454796e-05,9.440957203880356e-05,0.0001888255696381443,0.0009990965092061543,-9.440957197454799e-05
1,0.002803700000000455,1.887425905502266,6.449451565759823e-05,-12.0,-0.9436162103327015,12.0,-0.001282256471044615,9.43680704848359e-05,9.436807054933042e-05,0.0001887425905502266,0.0009991647504785373,-9.436807048483592e-05
1,0.002803900000000455,1.886593134119734,6.473332402301413e-05,-12.0,-0.9431994664264991,12.0,-0.001282200035442729,9.43264199750522e-05,9.432642003978554e-05,0.0001886593134119734,0.0009992332341670906,-9.432641997505222e-05
1,0.0028041000000004553,1.885757383548907,6.497203009092622e-05,-12.0,-0.942781233079597,12.0,-0.001282143395276783,9.428462051096879e-05,9.428462057594084e-05,0.0001885757383548908,0.0009993019601348269,-9.42846205109688e-05
1,0.0028043000000004554,1.884918655109548,6.52106334848579e-05,-12.0,-0.9423615109524406,12.0,-0.001282086550607325,9.424267215859253e-05,9.424267222380319e-05,0.0001884918655109549,0.0009993709282442864,-9.424267215859255e-05
1,0.0028045000000004555,1.884076950126124,6.544913382744433e-05,-12.0,-0.9419403007078293,12.0,-0.001282029501495086,9.42005749841657e-05,9.420057504961483e-05,0.0001884076950126124,0.000999440138357524,-9.420057498416568e-05
1,0.0028047000000004556,1.883232269927801,6.568753074143174e-05,-12.0,-0.9415176030109131,12.0,-0.001281972248001029,9.415832905416546e-05,9.415832911985297e-05,0.0001883232269927801,0.0009995095903361784,-9.415832905416546e-05
1,0.0028049000000004557,1.882384615848444,6.592582385134271e-05,-12.0,-0.9410934185291867,12.0,-0.001281914790186384,9.411593443530381e-05,9.411593450122964e-05,0.0001882384615848444,0.0009995792840413603,-9.411593443530381e-05
1,0.002805100000000456,1.881533989226613,6.616401277970141e-05,-12.0,-0.9406677479324967,12.0,-0.001281857128112587,9.407339119452766e-05,9.407339126069166e-05,0.0001881533989226613,0.000999649219333723,-9.407339119452765e-05
1,0.002805300000000456,1.880680391405566,6.640209715047529e-05,-12.0,-0.9402405918930362,12.0,-0.00128179926184134,9.403069939901866e-05,9.403069946542078e-05,0.0001880680391405566,0.0009997193960734896,-9.403069939901867e-05
1,0.002805500000000456,1.879823823733247,6.664007658829796e-05,-12.0,-0.9398119510853404,12.0,-0.001281741191434566,9.398785911619289e-05,9.398785918283295e-05,0.0001879823823733247,0.0009997898141203415,-9.398785911619288e-05
1,0.002805700000000456,1.878964287562293,6.687795071602665e-05,-12.0,-0.939381826186293,12.0,-0.00128168291695438,9.394487041370088e-05,9.394487048057885e-05,0.0001878964287562293,0.000999860473333558,-9.394487041370091e-05
1,0.0028059000000004563,1.878101784250032,6.7115719158517e-05,-12.0,-0.9389502178751209,12.0,-0.001281624438463219,9.390173335942792e-05,9.390173342654367e-05,0.0001878101784250032,0.0009999313735718635,-9.390173335942795e-05
1,0.0028061000000004564,1.87723631515847,6.735338153984749e-05,-12.0,-0.9385171268333916,12.0,-0.001281565756023659,9.385844802149312e-05,9.385844808884653e-05,0.000187723631515847,0.001000002514693704,-9.385844802149315e-05
1,0.0028063000000004565,1.876367881654301,6.759093748509581e-05,-12.0,-0.9380825537450136,12.0,-0.001281506869698606,9.381501446824986e-05,9.38150145358408e-05,0.0001876367881654301,0.001000073896556763,-9.381501446824988e-05
1,0.0028065000000004566,1.8754964851089,6.78283866185625e-05,-12.0,-0.9376464992962383,12.0,-0.001281447779551081,9.377143276828567e-05,9.377143283611404e-05,0.00018754964851089,0.00100014551901853,-9.377143276828569e-05
1,0.0028067000000004567,1.874622126898321,6.806572856443704e-05,-12.0,-0.9372089641756566,12.0,-0.001281388485644464,9.372770299042212e-05,9.372770305848783e-05,0.0001874622126898321,0.00100021738193587,-9.37277029904221e-05
1,0.002806900000000457,1.873744808403295,6.83029629495735e-05,-12.0,-0.9367699490741936,12.0,-0.001281328988042257,9.368382520371434e-05,9.368382527201729e-05,0.0001873744808403295,0.001000289485165257,-9.368382520371432e-05
1,0.002807100000000457,1.872864531009225,6.854008939738421e-05,-12.0,-0.9363294546851153,12.0,-0.001281269286808329,9.363979947745128e-05,9.363979954599137e-05,0.0001872864531009225,0.001000361828562599,-9.363979947745127e-05
1,0.002807300000000457,1.871981296106192,6.87771075341681e-05,-12.0,-0.9358874817040237,12.0,-0.001281209382006654,9.35956258811558e-05,9.359562594993288e-05,0.0001871981296106192,0.00100043441198347,-9.35956258811558e-05
1,0.002807500000000457,1.871095105088942,6.901401698578002e-05,-12.0,-0.9354440308288521,12.0,-0.001281149273701487,9.355130448458377e-05,9.355130455359782e-05,0.0001871095105088942,0.001000507235282944,-9.355130448458379e-05
1,0.0028077000000004573,1.87020595935689,6.925081737729766e-05,-12.0,-0.934999102759871,12.0,-0.001281088961957347,9.350683535772482e-05,9.350683542697567e-05,0.0001870205959356891,0.001000580298315512,-9.350683535772483e-05
1,0.0028079000000004574,1.869313860314121,6.94875083343538e-05,-12.0,-0.9345526981996839,12.0,-0.001281028446838986,9.346221857080182e-05,9.346221864028934e-05,0.0001869313860314121,0.001000653600935375,-9.346221857080183e-05
1,0.0028081000000004575,1.868418809369379,6.97240894843576e-05,-12.0,-0.9341048178532221,12.0,-0.001280967728411353,9.341745419427063e-05,9.341745426399472e-05,0.0001868418809369379,0.001000727142996094,-9.341745419427064e-05
1,0.0028083000000004577,1.867520807936071,6.996056045183163e-05,-12.0,-0.9336554624277522,12.0,-0.001280906806739632,9.337254229882039e-05,9.337254236878096e-05,0.0001867520807936071,0.001000800924350939,-9.33725422988204e-05
1,0.0028085000000004578,1.866619857432264,7.019692086507323e-05,-12.0,-0.9332046326328652,12.0,-0.001280845681889298,9.332748295537302e-05,9.332748302556998e-05,0.0001866619857432264,0.001000874944852584,-9.332748295537304e-05
1,0.002808700000000458,1.86571595928068,7.043317034916008e-05,-12.0,-0.9327523291804845,12.0,-0.001280784353925965,9.328227623508336e-05,9.328227630551653e-05,0.000186571595928068,0.001000949204353327,-9.328227623508337e-05
1,0.002808900000000458,1.864809114908698,7.066930853094622e-05,-12.0,-0.9322985527848597,12.0,-0.001280722822915623,9.323692220933907e-05,9.323692228000837e-05,0.0001864809114908698,0.00100102370270494,-9.323692220933907e-05
1,0.002809100000000458,1.86389932574835,7.090533503884e-05,-12.0,-0.9318433041625636,12.0,-0.00128066108892437,9.319142094976023e-05,9.319142102066558e-05,0.0001863899325748351,0.001001098439758763,-9.319142094976025e-05
1,0.0028093000000004582,1.862986593236316,7.114124949814116e-05,-12.0,-0.9313865840324982,12.0,-0.001280599152018572,9.314577252819967e-05,9.31457725993409e-05,0.0001862986593236316,0.001001173415365667,-9.314577252819963e-05
1,0.0028095000000004583,1.862070918813925,7.137705153836826e-05,-12.0,-0.9309283931158845,12.0,-0.001280537012264868,9.30999770167423e-05,9.309997708811936e-05,0.0001862070918813925,0.001001248629376089,-9.309997701674229e-05
1,0.0028097000000004584,1.861152303927149,7.16127407850431e-05,-12.0,-0.9304687321362696,12.0,-0.001280474669730136,9.305403448770544e-05,9.305403455931821e-05,0.0001861152303927149,0.001001324081639929,-9.305403448770546e-05
1,0.0028099000000004586,1.86023075002661,7.184831686612991e-05,-12.0,-0.9300076018195225,12.0,-0.001280412124481392,9.300794501363887e-05,9.300794508548718e-05,0.000186023075002661,0.001001399772006806,-9.300794501363886e-05
1,0.0028101000000004587,1.859306258567563,7.208377941059219e-05,-12.0,-0.929545002893828,12.0,-0.001280349376586054,9.296170866732385e-05,9.296170873940765e-05,0.0001859306258567564,0.001001475700325591,-9.296170866732387e-05
1,0.002810300000000459,1.858378831009908,7.231912804539498e-05,-12.0,-0.9290809360896946,12.0,-0.001280286426111638,9.291532552177399e-05,9.291532559409312e-05,0.0001858378831009908,0.001001551866444961,-9.291532552177399e-05
1,0.002810500000000459,1.85744846881818,7.255436239905766e-05,-12.0,-0.9286154021399481,12.0,-0.001280223273125936,9.28687956502347e-05,9.286879572278908e-05,0.0001857448468818181,0.00100162827021294,-9.286879565023472e-05
1,0.002810700000000459,1.856515173461546,7.27894821005437e-05,-12.0,-0.9281484017797277,12.0,-0.001280159917696963,9.282211912618282e-05,9.282211919897231e-05,0.0001856515173461546,0.001001704911477316,-9.282211912618282e-05
1,0.002810900000000459,1.855578946413807,7.302448677692919e-05,-12.0,-0.9276799357464933,12.0,-0.001280096359893054,9.277529602332703e-05,9.277529609635152e-05,0.0001855578946413807,0.001001781790085143,-9.277529602332703e-05
1,0.0028111000000004592,1.854639789153393,7.325937605917598e-05,-12.0,-0.9272100047800141,12.0,-0.001280032599782641,9.272832641560732e-05,9.272832648886671e-05,0.0001854639789153394,0.001001858905883266,-9.272832641560734e-05
1,0.0028113000000004594,1.85369770316336,7.349414957469325e-05,-12.0,-0.9267386096223766,12.0,-0.001279968637434514,9.268121037719513e-05,9.26812104506893e-05,0.000185369770316336,0.001001936258717931,-9.268121037719513e-05
1,0.0028115000000004595,1.852752689931392,7.372880695244444e-05,-12.0,-0.9262657510179794,12.0,-0.001279904472917634,9.263394798249318e-05,9.263394805622201e-05,0.0001852752689931392,0.001002013848434957,-9.263394798249318e-05
1,0.0028117000000004596,1.851804750949793,7.396334782305836e-05,-12.0,-0.925791429713528,12.0,-0.001279840106301278,9.258653930613511e-05,9.258653938009848e-05,0.0001851804750949793,0.001002091674879718,-9.258653930613511e-05
1,0.0028119000000004597,1.850853887715485,7.419777181483234e-05,-12.0,-0.925315646458042,12.0,-0.001279775537654806,9.253898442298567e-05,9.253898449718348e-05,0.0001850853887715485,0.001002169737897102,-9.253898442298569e-05
1,0.00281210000000046,1.849900101730014,7.443207855772904e-05,-12.0,-0.9248384020028494,12.0,-0.001279710767047984,9.249128340814071e-05,9.24912834825728e-05,0.0001849900101730014,0.001002248037331635,-9.249128340814071e-05
1,0.00281230000000046,1.848943394499535,7.46662676824883e-05,-12.0,-0.9243596971015815,12.0,-0.001279645794550727,9.244343633692638e-05,9.244343641159264e-05,0.0001848943394499535,0.001002326573027207,-9.24434363369264e-05
1,0.00281250000000046,1.847983767534821,7.490033881785152e-05,-12.0,-0.9238795325101802,12.0,-0.001279580620233173,9.23954432848998e-05,9.239544335980015e-05,0.0001847983767534821,0.001002405344827498,-9.239544328489981e-05
1,0.00281270000000046,1.847021222351254,7.513429159466956e-05,-12.0,-0.9233979089868921,12.0,-0.00127951524416571,9.234730432784869e-05,9.234730440298298e-05,0.0001847021222351254,0.00100248435257555,-9.234730432784868e-05
1,0.0028129000000004603,1.846055760468822,7.536812564379325e-05,-12.0,-0.922914827292264,12.0,-0.001279449666419075,9.229901954179077e-05,9.229901961715892e-05,0.0001846055760468822,0.001002563596113934,-9.229901954179078e-05
1,0.0028131000000004604,1.845087383412122,7.56018405948522e-05,-12.0,-0.9224302881891504,12.0,-0.001279383887064042,9.225058900297455e-05,9.225058907857637e-05,0.0001845087383412123,0.001002643075284956,-9.225058900297453e-05
1,0.0028133000000004605,1.844116092710353,7.583543608014054e-05,-12.0,-0.921944292442702,12.0,-0.001279317906171792,9.220201278787821e-05,9.220201286371367e-05,0.0001844116092710354,0.001002722789930272,-9.220201278787823e-05
1,0.0028135000000004606,1.843141889897316,7.60689117289548e-05,-12.0,-0.9214568408203753,12.0,-0.001279251723813671,9.215329097321042e-05,9.215329104927933e-05,0.0001843141889897316,0.001002802739891173,-9.215329097321042e-05
1,0.0028137000000004607,1.842164776511408,7.630226717425526e-05,-12.0,-0.9209679340919199,12.0,-0.001279185340061301,9.210442363590939e-05,9.210442371221169e-05,0.0001842164776511408,0.001002882925008483,-9.210442363590942e-05
1,0.002813900000000461,1.841184754095623,7.65355020456715e-05,-12.0,-0.9204775730293878,12.0,-0.001279118754986416,9.205541085314333e-05,9.205541092967886e-05,0.0001841184754095623,0.001002963345122634,-9.205541085314335e-05
1,0.002814100000000461,1.840201824197555,7.676861597583073e-05,-12.0,-0.9199857584071275,12.0,-0.001279051968661155,9.200625270231032e-05,9.200625277907895e-05,0.0001840201824197555,0.001003044000073519,-9.200625270231033e-05
1,0.002814300000000461,1.839215988369379,7.7001608596583e-05,-12.0,-0.9194924910017784,12.0,-0.001278984981157888,9.195694926103748e-05,9.195694933803911e-05,0.0001839215988369379,0.001003124889700557,-9.19569492610375e-05
1,0.002814500000000461,1.838227248167865,7.723447953922324e-05,-12.0,-0.9189977715922788,12.0,-0.001278917792549031,9.190750060718179e-05,9.190750068441629e-05,0.0001838227248167865,0.001003206013842906,-9.19075006071818e-05
1,0.0028147000000004613,1.837235605154372,7.746722843615661e-05,-12.0,-0.9185016009598593,12.0,-0.001278850402907428,9.185790681882955e-05,9.185790689629679e-05,0.0001837235605154372,0.001003287372339054,-9.185790681882955e-05
1,0.0028149000000004614,1.836241060894835,7.769985492034337e-05,-12.0,-0.9180039798880384,12.0,-0.00127878281230609,9.180816797429588e-05,9.180816805199574e-05,0.0001836241060894835,0.001003368965027188,-9.180816797429588e-05
1,0.0028151000000004615,1.835243616959776,7.793235862352255e-05,-12.0,-0.917504909162629,12.0,-0.001278715020818347,9.175828415212525e-05,9.175828423005762e-05,0.0001835243616959776,0.001003450791744936,-9.175828415212525e-05
1,0.0028153000000004616,1.834243274924298,7.816473917876543e-05,-12.0,-0.9170043895717334,12.0,-0.001278647028517613,9.170825543109122e-05,9.170825550925596e-05,0.0001834243274924298,0.001003532852329514,-9.170825543109122e-05
1,0.0028155000000004617,1.833240036368076,7.839699621925433e-05,-12.0,-0.9165024219057388,12.0,-0.001278578835477689,9.165808189019579e-05,9.165808196859282e-05,0.0001833240036368076,0.001003615146617787,-9.165808189019582e-05
1,0.002815700000000462,1.832233902875354,7.862912937839361e-05,-12.0,-0.9159990069573181,12.0,-0.001278510441772546,9.160776360866964e-05,9.160776368729878e-05,0.0001832233902875354,0.001003697674446025,-9.160776360866966e-05
1,0.002815900000000462,1.83122487603496,7.886113828725616e-05,-12.0,-0.9154941455214375,12.0,-0.001278441847476372,9.155730066597247e-05,9.155730074483362e-05,0.000183122487603496,0.001003780435650151,-9.155730066597248e-05
1,0.002816100000000462,1.830212957440287,7.909302258235495e-05,-12.0,-0.9149878383953396,12.0,-0.001278373052663595,9.150669314179223e-05,9.150669322088521e-05,0.0001830212957440287,0.001003863430065671,-9.15066931417922e-05
1,0.002816300000000462,1.829198148689285,7.932478189676129e-05,-12.0,-0.9144800863785495,12.0,-0.001278304057409016,9.145594111604462e-05,9.145594119536941e-05,0.0001829198148689285,0.001003946657527455,-9.145594111604463e-05
1,0.0028165000000004623,1.82818045138448,7.955641586210316e-05,-12.0,-0.9139708902728827,12.0,-0.001278234861787506,9.140504466887447e-05,9.14050447484309e-05,0.000182818045138448,0.001004030117870133,-9.140504466887448e-05
1,0.0028167000000004624,1.827159867132958,7.978792411544866e-05,-12.0,-0.9134602508824264,12.0,-0.001278165465874226,9.135400388065417e-05,9.135400396044212e-05,0.0001827159867132958,0.001004113810927854,-9.135400388065419e-05
1,0.0028169000000004625,1.826136397546352,8.001930628986909e-05,-12.0,-0.9129481690135485,12.0,-0.00127809586974463,9.130281883198383e-05,9.130281891200314e-05,0.0001826136397546353,0.001004197736534193,-9.130281883198384e-05
1,0.0028171000000004626,1.825110044240865,8.025056201954595e-05,-12.0,-0.9124346454748976,12.0,-0.001278026073474325,9.125148960369172e-05,9.125148968394228e-05,0.0001825110044240865,0.00100428189452248,-9.125148960369172e-05
1,0.0028173000000004628,1.82408080883725,8.048169093921587e-05,-12.0,-0.9119196810773991,12.0,-0.001277956077139264,9.120001627683382e-05,9.120001635731552e-05,0.000182408080883725,0.001004366284725403,-9.120001627683384e-05
1,0.002817500000000463,1.823048692960807,8.071269268505876e-05,-12.0,-0.9114032766342488,12.0,-0.001277885880815566,9.114839893269339e-05,9.114839901340609e-05,0.0001823048692960807,0.001004450906975332,-9.114839893269339e-05
1,0.002817700000000463,1.822013698241386,8.094356689059001e-05,-12.0,-0.9108854329609215,12.0,-0.001277815484579573,9.10966376527812e-05,9.10966377337248e-05,0.0001822013698241386,0.001004535761104194,-9.109663765278121e-05
1,0.002817900000000463,1.820975826313391,8.117431319176749e-05,-12.0,-0.9103661508751645,12.0,-0.001277744888507903,9.104473251883563e-05,9.104473260000994e-05,0.0001820975826313391,0.001004620846943444,-9.104473251883563e-05
1,0.002818100000000463,1.819935078815756,8.140493122454906e-05,-12.0,-0.9098454311969921,12.0,-0.001277674092677455,9.09926836128217e-05,9.09926836942266e-05,0.0001819935078815757,0.001004706164324035,-9.099268361282168e-05
1,0.0028183000000004633,1.818891457391968,8.163542062422646e-05,-12.0,-0.9093232747486932,12.0,-0.001277603097165333,9.094049101693175e-05,9.094049109856717e-05,0.0001818891457391968,0.001004791713076547,-9.094049101693175e-05
1,0.0028185000000004634,1.817844963690047,8.186578102664654e-05,-12.0,-0.9087996823548257,12.0,-0.001277531902048823,9.088815481358524e-05,9.088815489545103e-05,0.0001817844963690047,0.001004877493031159,-9.088815481358524e-05
1,0.0028187000000004635,1.816795599362549,8.209601206843331e-05,-12.0,-0.9082746548422118,12.0,-0.001277460507405515,9.083567508542802e-05,9.083567516752404e-05,0.0001816795599362549,0.001004963504017561,-9.083567508542802e-05
1,0.0028189000000004637,1.815743366066559,8.232611338621076e-05,-12.0,-0.9077481930399389,12.0,-0.001277388913313235,9.078305191533251e-05,9.078305199765862e-05,0.0001815743366066559,0.001005049745864961,-9.078305191533252e-05
1,0.0028191000000004638,1.814688265463701,8.255608461460451e-05,-12.0,-0.9072202977793677,12.0,-0.00127731711985006,9.073028538639821e-05,9.07302854689543e-05,0.0001814688265463701,0.001005136218402189,-9.073028538639824e-05
1,0.002819300000000464,1.813630299220124,8.278592539234797e-05,-12.0,-0.9066909698941141,12.0,-0.00127724512709422,9.067737558195064e-05,9.067737566473657e-05,0.0001813630299220124,0.001005222921457674,-9.067737558195066e-05
1,0.002819500000000464,1.812569469006495,8.301563535662027e-05,-12.0,-0.906160210220056,12.0,-0.00127717293512436,9.062432258554125e-05,9.062432266855692e-05,0.0001812569469006495,0.00100530985485929,-9.062432258554126e-05
1,0.002819700000000464,1.811505776498014,8.324521414238006e-05,-12.0,-0.9056280195953413,12.0,-0.001277100544019208,9.057112648094837e-05,9.057112656419358e-05,0.0001811505776498014,0.001005397018434537,-9.057112648094838e-05
1,0.0028199000000004642,1.810439223374399,8.347466138924897e-05,-12.0,-0.9050943988603689,12.0,-0.001277027953857771,9.051778735217582e-05,9.051778743565049e-05,0.0001810439223374399,0.001005484412010524,-9.051778735217582e-05
1,0.0028201000000004643,1.809369811319876,8.370397673407304e-05,-12.0,-0.904559348857797,12.0,-0.001276955164719332,9.046430528345309e-05,9.046430536715709e-05,0.0001809369811319876,0.001005572035413876,-9.04643052834531e-05
1,0.0028203000000004644,1.808297542023195,8.393315981447547e-05,-12.0,-0.9040228704325441,12.0,-0.001276882176683369,9.041068035923587e-05,9.041068044316905e-05,0.0001808297542023195,0.001005659888470747,-9.041068035923587e-05
1,0.0028205000000004646,1.807222417177619,8.416221026841253e-05,-12.0,-0.9034849644317846,12.0,-0.001276808989829695,9.035691266420529e-05,9.03569127483675e-05,0.0001807222417177619,0.001005747971006901,-9.03569126642053e-05
1,0.0028207000000004647,1.806144438480911,8.439112773450663e-05,-12.0,-0.9029456317049422,12.0,-0.001276735604238244,9.030300228326767e-05,9.030300236765882e-05,0.0001806144438480911,0.001005836282847672,-9.030300228326768e-05
1,0.002820900000000465,1.805063607635348,8.461991185082507e-05,-12.0,-0.9024048731036987,12.0,-0.00127666201998923,9.024894930155496e-05,9.024894938617488e-05,0.0001805063607635348,0.001005924823817977,-9.024894930155495e-05
1,0.002821100000000465,1.803979926347712,8.48485622557682e-05,-12.0,-0.9018626894819869,12.0,-0.001276588237163215,9.019475380442426e-05,9.019475388927284e-05,0.0001803979926347712,0.001006013593742222,-9.019475380442427e-05
1,0.002821300000000465,1.802893396329283,8.507707858962377e-05,-12.0,-0.9013190816959861,12.0,-0.001276514255840799,9.014041587745758e-05,9.014041596253465e-05,0.0001802893396329283,0.001006102592444477,-9.014041587745757e-05
1,0.002821500000000465,1.801804019295836,8.530546048979293e-05,-12.0,-0.9007740506041284,12.0,-0.001276440076103044,9.00859356064618e-05,9.008593569176732e-05,0.0001801804019295836,0.001006191819748273,-9.008593560646183e-05
1,0.0028217000000004652,1.80071179696765,8.553370759623036e-05,-12.0,-0.9002275970670939,12.0,-0.001276365698031079,9.0031313077469e-05,9.003131316300271e-05,0.0001800711796967651,0.001006281275476806,-9.003131307746901e-05
1,0.0028219000000004654,1.799616731069491,8.576181954866868e-05,-12.0,-0.8996797219478044,12.0,-0.001276291121706352,8.99765483767353e-05,8.997654846249713e-05,0.0001799616731069491,0.001006370959452801,-8.997654837673532e-05
1,0.0028221000000004655,1.798518823330617,8.598979598628542e-05,-12.0,-0.8991304261114309,12.0,-0.001276216347210549,8.992164159074174e-05,8.992164167673152e-05,0.0001798518823330617,0.001006460871498541,-8.992164159074172e-05
1,0.0028223000000004656,1.797418075484777,8.621763654936832e-05,-12.0,-0.898579710425388,12.0,-0.001276141374625644,8.986659280619372e-05,8.986659289241138e-05,0.0001797418075484777,0.001006551011435902,-8.986659280619374e-05
1,0.0028225000000004657,1.7963144892702,8.644534087809408e-05,-12.0,-0.8980275757593296,12.0,-0.001276066204033782,8.981140211002077e-05,8.981140219646611e-05,0.00017963144892702,0.001006641379086265,-8.981140211002077e-05
1,0.002822700000000466,1.795208066429596,8.667290861286148e-05,-12.0,-0.8974740229851499,12.0,-0.001275990835517299,8.97560695893763e-05,8.975606967604918e-05,0.0001795208066429596,0.001006731974270744,-8.975606958937628e-05
1,0.002822900000000466,1.794098808710162,8.690033939406927e-05,-12.0,-0.896919052976986,12.0,-0.001275915269158961,8.970059533163803e-05,8.970059541853839e-05,0.0001794098808710162,0.001006822796809775,-8.970059533163802e-05
1,0.002823100000000466,1.792986717863566,8.712763286244929e-05,-12.0,-0.8963626666112129,12.0,-0.001275839505041593,8.964497942440754e-05,8.964497951153517e-05,0.0001792986717863566,0.001006913846523613,-8.964497942440754e-05
1,0.002823300000000466,1.791871795645949,8.735478865962154e-05,-12.0,-0.8958048647664373,12.0,-0.001275763543248362,8.958922195550968e-05,8.958922204286448e-05,0.0001791871795645949,0.001007005123231916,-8.958922195550969e-05
1,0.0028235000000004663,1.790754043817927,8.758180642609581e-05,-12.0,-0.8952456483235062,12.0,-0.001275687383862661,8.953332301299321e-05,8.953332310057503e-05,0.0001790754043817927,0.001007096626754023,-8.953332301299324e-05
1,0.0028237000000004664,1.789633464144584,8.780868580327006e-05,-12.0,-0.8946850181655001,12.0,-0.001275611026968063,8.947728268513033e-05,8.947728277293903e-05,0.0001789633464144584,0.001007188356908786,-8.947728268513033e-05
1,0.0028239000000004665,1.788510058395465,8.803542643365247e-05,-12.0,-0.8941229751777275,12.0,-0.001275534472648512,8.942110106041612e-05,8.942110114845156e-05,0.0001788510058395465,0.001007280313514589,-8.942110106041612e-05
1,0.0028241000000004666,1.787383828344581,8.826202795830795e-05,-12.0,-0.8935595202477326,12.0,-0.001275457720988055,8.936477822756912e-05,8.936477831583113e-05,0.0001787383828344581,0.001007372496389491,-8.936477822756909e-05
1,0.0028243000000004667,1.786254775770407,8.848849001963366e-05,-12.0,-0.8929946542652891,12.0,-0.001275380772071108,8.930831427553086e-05,8.930831436401935e-05,0.0001786254775770407,0.001007464905351085,-8.930831427553088e-05
1,0.002824500000000467,1.785122902455867,8.871481226058187e-05,-12.0,-0.8924283781223945,12.0,-0.001275303625982202,8.925170929346549e-05,8.925170938218032e-05,0.0001785122902455867,0.001007557540216503,-8.925170929346552e-05
1,0.002824700000000467,1.783988210188345,8.894099432210645e-05,-12.0,-0.8918606927132792,12.0,-0.001275226282806269,8.919496337076013e-05,8.919496345970113e-05,0.0001783988210188345,0.001007650400802473,-8.919496337076013e-05
1,0.002824900000000467,1.782850700759674,8.91670358492691e-05,-12.0,-0.8912915989343927,12.0,-0.00127514874262831,8.913807659702419e-05,8.913807668619122e-05,0.0001782850700759674,0.001007743486925367,-8.91380765970242e-05
1,0.002825100000000467,1.781710375966135,8.939293648313473e-05,-12.0,-0.8907210976844134,12.0,-0.001275071005533715,8.908104906208962e-05,8.908104915148259e-05,0.0001781710375966135,0.001007836798401024,-8.908104906208966e-05
1,0.0028253000000004673,1.78056723760846,8.961869586732174e-05,-12.0,-0.8901491898642423,12.0,-0.001274993071608013,8.902388085601097e-05,8.902388094562965e-05,0.000178056723760846,0.001007930335044926,-8.902388085601097e-05
1,0.0028255000000004674,1.779421287491819,8.984431364644774e-05,-12.0,-0.8895758763769966,12.0,-0.00127491494093708,8.896657206906431e-05,8.896657215890862e-05,0.0001779421287491819,0.001008024096672097,-8.896657206906431e-05
1,0.0028257000000004675,1.778272527425821,9.006978946279887e-05,-12.0,-0.8890011581280184,12.0,-0.001274836613606944,8.890912279174814e-05,8.890912288181793e-05,0.0001778272527425821,0.001008118083097212,-8.890912279174812e-05
1,0.0028259000000004676,1.777120959224519,9.029512296065967e-05,-12.0,-0.8884250360248676,12.0,-0.001274758089703912,8.885153311478281e-05,8.885153320507794e-05,0.000177712095922452,0.00100821229413442,-8.885153311478282e-05
1,0.0028261000000004677,1.775966584706394,9.052031378498082e-05,-12.0,-0.8878475109773165,12.0,-0.001274679369314566,8.879380312911015e-05,8.879380321963047e-05,0.0001775966584706394,0.001008306729597536,-8.879380312911015e-05
1,0.002826300000000468,1.774809405694362,9.074536157882562e-05,-12.0,-0.8872685838973592,12.0,-0.001274600452525643,8.873593292589377e-05,8.873593301663914e-05,0.0001774809405694362,0.001008401389299904,-8.87359329258938e-05
1,0.002826500000000468,1.773649424015764,9.09702659879219e-05,-12.0,-0.8866882556991974,12.0,-0.001274521339424253,8.867792259651854e-05,8.86779226874888e-05,0.0001773649424015764,0.001008496273054479,-8.867792259651854e-05
1,0.002826700000000468,1.772486641502369,9.119502665622115e-05,-12.0,-0.8861065272992501,12.0,-0.001274442030097675,8.861977223259063e-05,8.861977232378567e-05,0.0001772486641502369,0.001008591380673718,-8.861977223259063e-05
1,0.002826900000000468,1.771321059990375,9.141964322900709e-05,-12.0,-0.8855233996161475,12.0,-0.001274362524633393,8.856148192593765e-05,8.85614820173573e-05,0.0001771321059990375,0.001008686711969853,-8.856148192593765e-05
1,0.0028271000000004683,1.770152681320389,9.164411535245165e-05,-12.0,-0.8849388735707245,12.0,-0.001274282823119227,8.850305176860769e-05,8.850305186025181e-05,0.0001770152681320389,0.001008782266754438,-8.85030517686077e-05
1,0.0028273000000004684,1.768981507337442,9.186844267050631e-05,-12.0,-0.8843529500860309,12.0,-0.001274202925643203,8.844448185287013e-05,8.844448194473858e-05,0.0001768981507337442,0.001008878044838832,-8.844448185287014e-05
1,0.0028275000000004685,1.767807539890976,9.209262483023117e-05,-12.0,-0.8837656300873165,12.0,-0.001274122832293556,8.838577227121467e-05,8.838577236330729e-05,0.0001767807539890976,0.001008974046033867,-8.838577227121467e-05
1,0.0028277000000004686,1.766630780834846,9.231666147657691e-05,-12.0,-0.8831769145020414,12.0,-0.00127404254315884,8.832692311635179e-05,8.832692320866846e-05,0.0001766630780834846,0.001009070270149959,-8.83269231163518e-05
1,0.0028279000000004688,1.765451232027318,9.254055225593749e-05,-12.0,-0.8825868042598695,12.0,-0.001273962058327735,8.826793448121255e-05,8.826793457375309e-05,0.0001765451232027318,0.001009166716997148,-8.826793448121255e-05
1,0.002828100000000469,1.764268895331057,9.27642968158171e-05,-12.0,-0.881995300292662,12.0,-0.001273881377889363,8.820880645894779e-05,8.820880655171206e-05,0.0001764268895331057,0.00100926338638499,-8.820880645894779e-05
1,0.002828300000000469,1.763083772613135,9.298789480127745e-05,-12.0,-0.8814024035344863,12.0,-0.001273800501932904,8.814953914292875e-05,8.814953923591667e-05,0.0001763083772613135,0.001009360278122748,-8.814953914292876e-05
1,0.002828500000000469,1.761895865745025,9.321134586004476e-05,-12.0,-0.8808081149216088,12.0,-0.00127371943054784,8.809013262674687e-05,8.809013271995822e-05,0.0001761895865745025,0.001009457392019186,-8.809013262674688e-05
1,0.002828700000000469,1.76070517660259,9.34346496395122e-05,-12.0,-0.8802124353924892,12.0,-0.001273638163823934,8.803058700421287e-05,8.803058709764754e-05,0.000176070517660259,0.001009554727882597,-8.803058700421287e-05
1,0.0028289000000004693,1.759511707066092,9.365780578662886e-05,-12.0,-0.8796153658877881,12.0,-0.001273556701851211,8.797090236935746e-05,8.797090246301527e-05,0.0001759511707066092,0.001009652285521023,-8.797090236935747e-05
1,0.0028291000000004694,1.758315459020185,9.38808139483438e-05,-12.0,-0.8790169073503618,12.0,-0.001273475044719821,8.791107881643102e-05,8.791107891031184e-05,0.0001758315459020185,0.001009750064741924,-8.791107881643101e-05
1,0.0028293000000004695,1.757116434353907,9.410367377382656e-05,-12.0,-0.8784170607252562,12.0,-0.001273393192520317,8.785111643990299e-05,8.785111653400668e-05,0.0001757116434353907,0.001009848065352495,-8.7851116439903e-05
1,0.0028295000000004697,1.755914634960675,9.432638491102541e-05,-12.0,-0.8778158269597074,12.0,-0.001273311145343389,8.779101533446184e-05,8.779101542878823e-05,0.0001755914634960675,0.001009946287159405,-8.779101533446185e-05
1,0.0028297000000004698,1.754710062738302,9.454894700600125e-05,-12.0,-0.8772132070031528,12.0,-0.001273228903280021,8.773077559501587e-05,8.77307756895648e-05,0.0001754710062738302,0.001010044729968976,-8.773077559501588e-05
1,0.00282990000000047,1.753502719588974,9.47713597103661e-05,-12.0,-0.8766092018072077,12.0,-0.00127314646642146,8.767039731669181e-05,8.767039741146317e-05,0.0001753502719588974,0.001010143393587057,-8.767039731669181e-05
1,0.00283010000000047,1.752292607419241,9.499362267129108e-05,-12.0,-0.8760038123256774,12.0,-0.001273063834859076,8.760988059483487e-05,8.76098806898285e-05,0.0001752292607419241,0.00101024227781922,-8.760988059483487e-05
1,0.00283030000000047,1.751079728140039,9.521573553750162e-05,-12.0,-0.875397039514556,12.0,-0.001272981008684684,8.754922552500936e-05,8.75492256202251e-05,0.0001751079728140039,0.001010341382470456,-8.754922552500936e-05
1,0.0028305000000004702,1.749864083666675,9.543769795872237e-05,-12.0,-0.8747888843320225,12.0,-0.00127289798799024,8.748843220299812e-05,8.74884322984358e-05,0.0001749864083666675,0.001010440707345461,-8.748843220299812e-05
1,0.0028307000000004703,1.748645675918813,9.565950958512204e-05,-12.0,-0.8741793477384333,12.0,-0.001272814772867906,8.742750072480187e-05,8.742750082046138e-05,0.0001748645675918813,0.00101054025224849,-8.742750072480185e-05
1,0.0028309000000004705,1.747424506820482,9.588117006520402e-05,-12.0,-0.8735684306963318,12.0,-0.001272731363410148,8.73664311866397e-05,8.736643128252086e-05,0.0001747424506820482,0.001010640016983394,-8.736643118663971e-05
1,0.0028311000000004706,1.746200578300083,9.610267904913705e-05,-12.0,-0.872956134170441,12.0,-0.001272647759709658,8.7305223684949e-05,8.73052237810517e-05,0.0001746200578300083,0.001010740001353636,-8.730522368494903e-05
1,0.0028313000000004707,1.744973892290361,9.632403618842211e-05,-12.0,-0.8723424591276573,12.0,-0.001272563961859374,8.72438783163846e-05,8.724387841270861e-05,0.0001744973892290361,0.001010840205162261,-8.724387831638458e-05
1,0.002831500000000471,1.743744450728418,9.654524113178464e-05,-12.0,-0.871727406537059,12.0,-0.001272479969952542,8.718239517781909e-05,8.718239527436434e-05,0.0001743744450728418,0.001010940628211845,-8.718239517781909e-05
1,0.002831700000000471,1.742512255555717,9.676629353050359e-05,-12.0,-0.8711109773699001,12.0,-0.001272395784082572,8.712077436634307e-05,8.712077446310934e-05,0.0001742512255555717,0.00101104127030463,-8.712077436634307e-05
1,0.002831900000000471,1.741277308718061,9.698719303630199e-05,-12.0,-0.8704931725996042,12.0,-0.001272311404343127,8.705901597926406e-05,8.705901607625126e-05,0.0001741277308718061,0.001011142131242523,-8.705901597926406e-05
1,0.002832100000000471,1.740039612165592,9.720793930023675e-05,-12.0,-0.8698739932017662,12.0,-0.001272226830828213,8.699712011410664e-05,8.699712021131457e-05,0.0001740039612165592,0.001011243210826823,-8.699712011410664e-05
1,0.0028323000000004712,1.738799167852808,9.742853197125534e-05,-12.0,-0.8692534401541618,12.0,-0.001272142063631951,8.69350868686133e-05,8.693508696604184e-05,0.0001738799167852808,0.001011344508858605,-8.693508686861332e-05
1,0.0028325000000004714,1.737555977738544,9.764897070441148e-05,-12.0,-0.8686315144367255,12.0,-0.00127205710284882,8.6872916340743e-05,8.687291643839197e-05,0.0001737555977738544,0.00101144602513846,-8.6872916340743e-05
1,0.0028327000000004715,1.736310043785955,9.786925515054001e-05,-12.0,-0.8680082170315593,12.0,-0.00127197194857348,8.681060862867098e-05,8.681060872654022e-05,0.0001736310043785955,0.001011547759466616,-8.681060862867098e-05
1,0.0028329000000004716,1.735061367962551,9.808938495980968e-05,-12.0,-0.8673835489229419,12.0,-0.001271886600900857,8.674816383079016e-05,8.674816392887956e-05,0.0001735061367962551,0.001011649711642887,-8.674816383079018e-05
1,0.0028331000000004717,1.733809952240162,9.830935978727418e-05,-12.0,-0.8667575110973061,12.0,-0.001271801059926123,8.668558204570935e-05,8.668558214401871e-05,0.0001733809952240162,0.001011751881466669,-8.668558204570935e-05
1,0.002833300000000472,1.732555798594933,9.852917928476757e-05,-12.0,-0.8661301045432475,12.0,-0.001271715325744729,8.662286337225323e-05,8.662286347078241e-05,0.0001732555798594933,0.00101185426873697,-8.662286337225323e-05
1,0.002833500000000472,1.731298909007355,9.874884310367982e-05,-12.0,-0.8655013302515338,12.0,-0.001271629398452379,8.656000790946373e-05,8.656000800821258e-05,0.0001731298909007355,0.00101195687325234,-8.656000790946374e-05
1,0.002833700000000472,1.730039285462229,9.896835089961975e-05,-12.0,-0.8648711892150817,12.0,-0.00127154327814491,8.64970157565981e-05,8.649701585556649e-05,0.0001730039285462229,0.001012059694811079,-8.649701575659813e-05
1,0.002833900000000472,1.728776929948664,9.91877023243104e-05,-12.0,-0.8642396824289683,12.0,-0.001271456964918552,8.643388701312927e-05,8.643388711231699e-05,0.0001728776929948664,0.001012162733210961,-8.643388701312927e-05
1,0.0028341000000004723,1.727511844460094,9.940689703147321e-05,-12.0,-0.8636068108904309,12.0,-0.001271370458869756,8.637062177874625e-05,8.637062187815314e-05,0.0001727511844460094,0.001012265988249328,-8.637062177874624e-05
1,0.0028343000000004724,1.726244030994268,9.96259346752737e-05,-12.0,-0.8629725755988615,12.0,-0.001271283760095124,8.630722015335368e-05,8.630722025297963e-05,0.0001726244030994268,0.001012369459723286,-8.630722015335369e-05
1,0.0028345000000004725,1.72497349155323,9.984481491076558e-05,-12.0,-0.862336977555801,12.0,-0.001271196868691579,8.624368223707117e-05,8.624368233691598e-05,0.0001724973491553231,0.001012473147429416,-8.624368223707118e-05
1,0.0028347000000004726,1.723700228143336,0.000100063537390449,-12.0,-0.861700017764947,12.0,-0.00127110978475635,8.618000813023376e-05,8.61800082302973e-05,0.0001723700228143336,0.001012577051163921,-8.618000813023374e-05
1,0.0028349000000004727,1.722424242775248,0.0001002821017699329,-12.0,-0.8610616972321479,12.0,-0.001271022508386815,8.611619793339178e-05,8.611619803367389e-05,0.0001722424242775248,0.001012681170722646,-8.611619793339179e-05
1,0.002835100000000473,1.721145537463915,0.000100500507705048,-12.0,-0.8604220169653951,12.0,-0.001270935039680607,8.605225174731002e-05,8.605225184781052e-05,0.0001721145537463915,0.001012785505901004,-8.605225174731002e-05
1,0.002835300000000473,1.719864114228589,0.0001007187548491828,-12.0,-0.8597809779748331,12.0,-0.001270847378735743,8.598816967296821e-05,8.598816977368697e-05,0.0001719864114228589,0.001012890056494006,-8.598816967296824e-05
1,0.002835500000000473,1.718579975092815,0.0001009368428582791,-12.0,-0.8591385812727518,12.0,-0.001270759525650297,8.5923951811561e-05,8.592395191249785e-05,0.0001718579975092815,0.001012994822296318,-8.592395181156102e-05
1,0.002835700000000473,1.717293122084423,0.0001011547713885008,-12.0,-0.8584948278735812,12.0,-0.00127067148052272,8.585959826449698e-05,8.585959836565175e-05,0.0001717293122084424,0.001013099803102185,-8.585959826449698e-05
1,0.0028359000000004733,1.716003557235525,0.000101372540096234,-12.0,-0.8578497187938925,12.0,-0.001270583243451653,8.579510913339888e-05,8.579510923477142e-05,0.0001716003557235525,0.001013204998705428,-8.579510913339888e-05
1,0.0028361000000004734,1.714711282582524,0.000101590148635089,-12.0,-0.857203255052408,12.0,-0.001270494814536005,8.573048452010429e-05,8.573048462169444e-05,0.0001714711282582524,0.00101331040889957,-8.573048452010432e-05
1,0.0028363000000004735,1.713416300166103,0.0001018075966645604,-12.0,-0.8565554376699787,12.0,-0.001270406193874973,8.56657245266643e-05,8.566572462847192e-05,0.0001713416300166103,0.001013416033477599,-8.566572452666433e-05
1,0.0028365000000004736,1.712118612031206,0.0001020248838394799,-12.0,-0.8559062676695948,12.0,-0.001270317381567992,8.560082925534344e-05,8.560082935736831e-05,0.0001712118612031206,0.001013521872232248,-8.560082925534342e-05
1,0.0028367000000004737,1.710818220227063,0.0001022420098171217,-12.0,-0.855255746076386,12.0,-0.001270228377714663,8.553579880862031e-05,8.553579891086232e-05,0.0001710818220227063,0.001013627924955754,-8.553579880862031e-05
1,0.002836900000000474,1.709515126807177,0.0001024589742545379,-12.0,-0.8546038739176168,12.0,-0.001270139182414975,8.547063328918713e-05,8.547063339164612e-05,0.0001709515126807177,0.001013734191440033,-8.547063328918714e-05
1,0.002837100000000474,1.708209333829303,0.0001026757768101128,-12.0,-0.8539506522226785,12.0,-0.001270049795769029,8.540533279994885e-05,8.540533290262464e-05,0.0001708209333829303,0.001013840671476599,-8.540533279994887e-05
1,0.002837300000000474,1.706900843355467,0.0001028924171400103,-12.0,-0.8532960820230991,12.0,-0.001269960217877258,8.533989744402391e-05,8.533989754691634e-05,0.0001706900843355467,0.001013947364856535,-8.533989744402393e-05
1,0.002837500000000474,1.705589657451959,0.0001031088949027259,-12.0,-0.8526401643525363,12.0,-0.001269870448840332,8.52743273247439e-05,8.52743274278528e-05,0.0001705589657451959,0.001014054271370649,-8.527432732474391e-05
1,0.0028377000000004743,1.704275778189316,0.0001033252097573101,-12.0,-0.8519829002467698,12.0,-0.00126978048875917,8.52086225456527e-05,8.520862264897794e-05,0.0001704275778189316,0.001014161390809218,-8.520862254565271e-05
1,0.0028379000000004744,1.702959207642333,0.000103541361360926,-12.0,-0.8513242907437113,12.0,-0.001269690337734955,8.514278321050722e-05,8.514278331404859e-05,0.0001702959207642333,0.001014268722962147,-8.514278321050722e-05
1,0.0028381000000004745,1.701639947890059,0.000103757349372624,-12.0,-0.8506643368833968,12.0,-0.001269599995869078,8.507680942327695e-05,8.507680952703432e-05,0.0001701639947890059,0.001014376267619091,-8.507680942327695e-05
1,0.0028383000000004746,1.700318001015781,0.000103973173452454,-12.0,-0.8500030397079801,12.0,-0.001269509463263221,8.501070128814327e-05,8.501070139211643e-05,0.0001700318001015781,0.001014484024569204,-8.501070128814325e-05
1,0.0028385000000004748,1.698993369107034,0.0001041888332582452,-12.0,-0.8493404002617412,12.0,-0.00126941874001929,8.494445890949994e-05,8.494445901368879e-05,0.0001698993369107034,0.001014591993601266,-8.494445890949995e-05
1,0.002838700000000475,1.697666054255596,0.0001044043284496032,-12.0,-0.8486764195910803,12.0,-0.001269327826239494,8.487808239195298e-05,8.487808249635733e-05,0.0001697666054255596,0.001014700174503683,-8.4878082391953e-05
1,0.002838900000000475,1.696336058557476,0.000104619658687688,-12.0,-0.8480110987445098,12.0,-0.001269236722026251,8.481157184031976e-05,8.481157194493943e-05,0.0001696336058557476,0.001014808567064471,-8.481157184031975e-05
1,0.002839100000000475,1.695003384112919,0.0001048348236305507,-12.0,-0.8473444387726657,12.0,-0.001269145427482216,8.474492735962961e-05,8.474492746446444e-05,0.0001695003384112919,0.001014917171071314,-8.474492735962964e-05
1,0.002839300000000475,1.693668033026401,0.0001050498229402397,-12.0,-0.8466764407282916,12.0,-0.001269053942710305,8.467814905512319e-05,8.467814916017303e-05,0.0001693668033026401,0.001015025986311438,-8.467814905512319e-05
1,0.0028395000000004753,1.692330007406622,0.0001052646562754722,-12.0,-0.8460071056662511,12.0,-0.001268962267813728,8.461123703225267e-05,8.461123713751731e-05,0.0001692330007406622,0.001015135012571736,-8.461123703225267e-05
1,0.0028397000000004754,1.690989309366509,0.0001054793232994067,-12.0,-0.845336434643512,12.0,-0.001268870402895902,8.454419139668115e-05,8.454419150216047e-05,0.0001690989309366509,0.001015244249638669,-8.454419139668115e-05
1,0.0028399000000004756,1.689645941023204,0.0001056938236708715,-12.0,-0.8446644287191573,12.0,-0.001268778348060454,8.447701225428282e-05,8.447701235997665e-05,0.0001689645941023204,0.001015353697298424,-8.447701225428282e-05
1,0.0028401000000004757,1.688299904498074,0.0001059081570519149,-12.0,-0.8439910889543779,12.0,-0.001268686103411396,8.440969971114297e-05,8.440969981705114e-05,0.0001688299904498075,0.001015463355336671,-8.440969971114299e-05
1,0.0028403000000004758,1.686951201916692,0.00010612232310514,-12.0,-0.8433164164124654,12.0,-0.001268593669052895,8.434225387355704e-05,8.434225397967937e-05,0.0001686951201916692,0.001015573223538763,-8.434225387355705e-05
1,0.002840500000000476,1.685599835408842,0.0001063363214907076,-12.0,-0.8426404121588218,12.0,-0.001268501045089354,8.427467484803124e-05,8.427467495436758e-05,0.0001685599835408842,0.001015683301689718,-8.427467484803126e-05
1,0.002840700000000476,1.684245807108521,0.0001065501518714429,-12.0,-0.8419630772609519,12.0,-0.001268408231625495,8.420696274128235e-05,8.42069628478325e-05,0.0001684245807108522,0.001015793589574085,-8.420696274128234e-05
1,0.002840900000000476,1.682889119153921,0.0001067638139109484,-12.0,-0.8412844127884561,12.0,-0.001268315228766248,8.41391176602367e-05,8.413911776700051e-05,0.0001682889119153921,0.001015904086976133,-8.413911766023671e-05
1,0.0028411000000004762,1.681529773687439,0.0001069773072693847,-12.0,-0.8406044198130423,12.0,-0.00126822203661682,8.407113971203116e-05,8.407113981900846e-05,0.0001681529773687439,0.001016014793679632,-8.407113971203117e-05
1,0.0028413000000004763,1.680167772855665,0.0001071906316121307,-12.0,-0.8399230994085082,12.0,-0.001268128655282627,8.400302900401203e-05,8.400302911120267e-05,0.0001680167772855666,0.001016125709468116,-8.400302900401203e-05
1,0.0028415000000004765,1.678803118809386,0.0001074037866010125,-12.0,-0.8392404526507536,12.0,-0.001268035084869418,8.393478564373547e-05,8.393478575113927e-05,0.0001678803118809386,0.00101623683412462,-8.393478564373547e-05
1,0.0028417000000004766,1.677435813703581,0.0001076167718996324,-12.0,-0.8385564806177731,12.0,-0.00126794132548308,8.386640973896726e-05,8.386640984658407e-05,0.0001677435813703581,0.001016348167431874,-8.386640973896728e-05
1,0.0028419000000004767,1.676065859697405,0.0001078295871727031,-12.0,-0.8378711843896477,12.0,-0.001267847377229889,8.379790139768203e-05,8.379790150551161e-05,0.0001676065859697405,0.001016459709172204,-8.379790139768204e-05
1,0.002842100000000477,1.674693258954203,0.0001080422320822727,-12.0,-0.8371845650485559,12.0,-0.001267753240216232,8.372926072806382e-05,8.372926083610606e-05,0.0001674693258954204,0.001016571459127591,-8.372926072806382e-05
1,0.002842300000000477,1.673318013641506,0.0001082547062940531,-12.0,-0.836496623678765,12.0,-0.0012676589145489,8.36604878385059e-05,8.366048794676062e-05,0.0001673318013641506,0.001016683417079611,-8.36604878385059e-05
1,0.002842500000000477,1.671940125931009,0.00010846700947309,-12.0,-0.8358073613666247,12.0,-0.001267564400334778,8.359158283760977e-05,8.359158294607678e-05,0.0001671940125931009,0.001016795582809496,-8.359158283760978e-05
1,0.002842700000000477,1.670559597998583,0.0001086791412826527,-12.0,-0.8351167792005761,12.0,-0.001267469697681128,8.352254583418588e-05,8.352254594286504e-05,0.0001670559597998583,0.001016907956098045,-8.352254583418588e-05
1,0.0028429000000004773,1.669176432024277,0.000108891101388453,-12.0,-0.8344248782711448,12.0,-0.00126737480669542,8.345337693725333e-05,8.345337704614442e-05,0.0001669176432024277,0.001017020536725755,-8.345337693725333e-05
1,0.0028431000000004774,1.667790630192294,0.000109102889456647,-12.0,-0.8337316596709328,12.0,-0.00126727972748536,8.338407625603893e-05,8.338407636514184e-05,0.0001667790630192294,0.001017133324472716,-8.338407625603895e-05
1,0.0028433000000004775,1.666402194691005,0.0001093145051512812,-12.0,-0.8330371244946306,12.0,-0.001267184460158971,8.331464389997817e-05,8.33146440092927e-05,0.0001666402194691005,0.001017246319118661,-8.33146438999782e-05
1,0.0028435000000004776,1.66501112771294,0.0001095259481401767,-12.0,-0.8323412738390005,12.0,-0.00126708900482439,8.324507997871407e-05,8.324508008824002e-05,0.0001665011127712941,0.001017359520442976,-8.324507997871407e-05
1,0.0028437000000004777,1.663617431454785,0.0001097372180873801,-12.0,-0.8316441088028893,12.0,-0.001266993361590182,8.317538460209768e-05,8.317538471183489e-05,0.0001663617431454785,0.001017472928224586,-8.317538460209768e-05
1,0.002843900000000478,1.662221108117375,0.000109948314661712,-12.0,-0.8309456304872119,12.0,-0.001266897530565095,8.310555788018736e-05,8.310555799013566e-05,0.0001662221108117375,0.001017586542242155,-8.310555788018737e-05
1,0.002844100000000478,1.660822159905694,0.0001101592375278848,-12.0,-0.830245839994963,12.0,-0.001266801511858054,8.303559992324908e-05,8.303560003340833e-05,0.0001660822159905695,0.001017700362273929,-8.303559992324909e-05
1,0.002844300000000478,1.659420589028877,0.0001103699863530538,-12.0,-0.8295447384312091,12.0,-0.001266705305578375,8.296551084175621e-05,8.296551095212619e-05,0.0001659420589028877,0.001017814388097768,-8.296551084175623e-05
1,0.002844500000000478,1.658016397700193,0.0001105805608062616,-12.0,-0.8288423269030815,12.0,-0.001266608911835485,8.289529074638876e-05,8.289529085696934e-05,0.0001658016397700193,0.001017928619491237,-8.289529074638878e-05
1,0.0028447000000004783,1.656609588137051,0.0001107909605534418,-12.0,-0.8281386065197857,12.0,-0.001266512330739225,8.28249397480339e-05,8.282493985882487e-05,0.0001656609588137051,0.001018043056231432,-8.282493974803391e-05
1,0.0028449000000004784,1.655200162560999,0.0001110011852621939,-12.0,-0.8274335783925942,12.0,-0.00126641556239955,8.275445795778563e-05,8.275445806878683e-05,0.0001655200162560999,0.001018157698095157,-8.275445795778565e-05
1,0.0028451000000004785,1.65378812319771,0.0001112112346024485,-12.0,-0.8267272436348388,12.0,-0.00126631860692672,8.268384548694415e-05,8.268384559815537e-05,0.000165378812319771,0.001018272544858839,-8.268384548694414e-05
1,0.0028453000000004786,1.652373472276985,0.0001114211082406946,-12.0,-0.8260196033619205,12.0,-0.001266221464431283,8.261310244701611e-05,8.261310255843724e-05,0.0001652373472276985,0.001018387596298506,-8.261310244701612e-05
1,0.0028455000000004787,1.650956212032758,0.0001116308058459747,-12.0,-0.8253106586913018,12.0,-0.001266124135023985,8.254222894971483e-05,8.254222906134561e-05,0.0001650956212032758,0.001018502852189906,-8.254222894971479e-05
1,0.002845700000000479,1.649536344703075,0.0001118403270886636,-12.0,-0.8246004107425011,12.0,-0.001266026618815905,8.247122510695898e-05,8.24712252187993e-05,0.0001649536344703075,0.001018618312308289,-8.247122510695898e-05
1,0.002845900000000479,1.648113872530091,0.0001120496716373598,-12.0,-0.8238888606370928,12.0,-0.001265928915918271,8.240009103087302e-05,8.24000911429227e-05,0.0001648113872530091,0.001018733976428668,-8.240009103087302e-05
1,0.002846100000000479,1.646688797760093,0.0001122588391591073,-12.0,-0.8231760094987198,12.0,-0.001265831026442635,8.232882683378785e-05,8.232882694604672e-05,0.0001646688797760093,0.001018849844325653,-8.23288268337879e-05
1,0.002846300000000479,1.645261122643473,0.0001124678293271675,-12.0,-0.8224618584530672,12.0,-0.001265732950500767,8.225743262823945e-05,8.225743274070729e-05,0.0001645261122643473,0.001018965915773468,-8.225743262823943e-05
1,0.0028465000000004793,1.64383084943471,0.0001126766418105829,-12.0,-0.8217464086278731,12.0,-0.001265634688204786,8.218590852696834e-05,8.2185908639645e-05,0.0001643830849434711,0.001019082190545958,-8.218590852696837e-05
1,0.0028467000000004794,1.642397980392414,0.0001128852762773969,-12.0,-0.8210296611529383,12.0,-0.001265536239666964,8.211425464292158e-05,8.211425475580686e-05,0.0001642397980392414,0.001019198668416682,-8.211425464292157e-05
1,0.0028469000000004795,1.640962517779281,0.0001130937324015369,-12.0,-0.820311617160101,12.0,-0.001265437604999795,8.204247108925025e-05,8.204247120234399e-05,0.0001640962517779281,0.001019315349158834,-8.204247108925026e-05
1,0.0028471000000004796,1.639524463862095,0.0001133020098524895,-12.0,-0.8195922777832487,12.0,-0.001265338784316186,8.197055797931011e-05,8.197055809261215e-05,0.0001639524463862095,0.001019432232545137,-8.197055797931013e-05
1,0.0028473000000004797,1.638083820911743,0.0001135101083011847,-12.0,-0.8188716441583184,12.0,-0.00126523977772916,8.189851542666194e-05,8.189851554017207e-05,0.0001638083820911743,0.001019549318348079,-8.189851542666196e-05
1,0.00284750000000048,1.636640591203199,0.0001137180274188854,-12.0,-0.8181497174232909,12.0,-0.001265140585352029,8.182634354507097e-05,8.1826343658789e-05,0.0001636640591203199,0.001019666606339772,-8.182634354507098e-05
1,0.00284770000000048,1.635194777015518,0.0001139257668789639,-12.0,-0.8174264987181832,12.0,-0.001265041207298423,8.175404244850621e-05,8.175404256243198e-05,0.0001635194777015518,0.001019784096291873,-8.175404244850622e-05
1,0.00284790000000048,1.633746380631837,0.0001141333263512401,-12.0,-0.8167019891850582,12.0,-0.001264941643682127,8.168161225114096e-05,8.168161236527429e-05,0.0001633746380631837,0.001019901787975827,-8.168161225114095e-05
1,0.00284810000000048,1.632295404339377,0.0001143407055094192,-12.0,-0.8159761899680175,12.0,-0.001264841894617244,8.160905306735269e-05,8.160905318169338e-05,0.0001632295404339377,0.001020019681162609,-8.160905306735269e-05
1,0.0028483000000004803,1.630841850429424,0.0001145479040265407,-12.0,-0.815249102213193,12.0,-0.001264741960218196,8.153636501172197e-05,8.153636512626988e-05,0.0001630841850429424,0.001020137775622876,-8.153636501172197e-05
1,0.0028485000000004804,1.629385721197337,0.0001147549215743116,-12.0,-0.8145207270687576,12.0,-0.001264641840599504,8.14635481990332e-05,8.146354831378813e-05,0.0001629385721197337,0.001020256071126963,-8.14635481990332e-05
1,0.0028487000000004805,1.627927018942547,0.0001149617578261042,-12.0,-0.813791065684917,12.0,-0.001264541535876018,8.139060274427428e-05,8.139060285923607e-05,0.0001627927018942547,0.001020374567444846,-8.139060274427431e-05
1,0.0028489000000004806,1.626465745968546,0.0001151684124564012,-12.0,-0.8130601192139042,12.0,-0.001264441046162912,8.131752876263606e-05,8.131752887780449e-05,0.0001626465745968546,0.001020493264346056,-8.131752876263606e-05
1,0.0028491000000004808,1.625001904582873,0.000115374885138797,-12.0,-0.8123278888099793,12.0,-0.001264340371575523,8.124432636951182e-05,8.12443264848867e-05,0.0001625001904582873,0.00102061216159989,-8.124432636951182e-05
1,0.002849300000000481,1.623535497097143,0.0001155811755451097,-12.0,-0.8115943756294423,12.0,-0.001264239512229523,8.117099568049871e-05,8.117099579607991e-05,0.0001623535497097143,0.001020731258975213,-8.117099568049874e-05
1,0.002849500000000481,1.622066525827016,0.0001157872833525975,-12.0,-0.8108595808306065,12.0,-0.001264138468240791,8.109753681139591e-05,8.109753692718319e-05,0.0001622066525827016,0.001020850556240571,-8.109753681139591e-05
1,0.002849700000000481,1.620594993092189,0.0001159932082356319,-12.0,-0.810123505573809,12.0,-0.00126403723972543,8.102394987820443e-05,8.102394999419767e-05,0.0001620594993092189,0.001020970053164219,-8.102394987820447e-05
1,0.002849900000000481,1.61912090121642,0.0001161989498659199,-12.0,-0.8093861510214214,12.0,-0.001263935826799845,8.095023499712872e-05,8.09502351133277e-05,0.000161912090121642,0.001021089749513954,-8.095023499712873e-05
1,0.0028501000000004813,1.617644252527504,0.0001164045079226073,-12.0,-0.8086475183378231,12.0,-0.001263834229580693,8.087639228457459e-05,8.087639240097909e-05,0.0001617644252527504,0.001021209645057281,-8.087639228457458e-05
1,0.0028503000000004814,1.616165049357264,0.0001166098820795103,-12.0,-0.8079076086894138,12.0,-0.001263732448184965,8.080242185714933e-05,8.080242197375922e-05,0.0001616165049357264,0.001021329739561316,-8.080242185714934e-05
1,0.0028505000000004816,1.614683294041566,0.0001168150720123329,-12.0,-0.807166423244614,12.0,-0.001263630482729733,8.072832383166263e-05,8.07283239484777e-05,0.0001614683294041566,0.001021450032792914,-8.072832383166263e-05
1,0.0028507000000004817,1.61319898892031,0.0001170200773970009,-12.0,-0.8064239631738586,12.0,-0.001263528333332486,8.065409832512554e-05,8.065409844214563e-05,0.000161319898892031,0.001021570524518484,-8.065409832512557e-05
1,0.0028509000000004818,1.61171213633741,0.0001172248979113277,-12.0,-0.8056802296495893,12.0,-0.001263426000110882,8.057974545475004e-05,8.057974557197496e-05,0.000161171213633741,0.001021691214504142,-8.057974545475007e-05
1,0.002851100000000482,1.61022273864081,0.0001174295332297959,-12.0,-0.804935223846265,12.0,-0.001263323483182879,8.050526533794948e-05,8.050526545537902e-05,0.000161022273864081,0.00102181210251566,-8.050526533794949e-05
1,0.002851300000000482,1.608730798182478,0.0001176339830304407,-12.0,-0.8041889469403537,12.0,-0.001263220782666677,8.043065809233841e-05,8.043065820997238e-05,0.0001608730798182478,0.001021933188318433,-8.043065809233842e-05
1,0.002851500000000482,1.607236317318388,0.0001178382469916306,-12.0,-0.803441400110324,12.0,-0.001263117898680693,8.035592383573156e-05,8.035592395356981e-05,0.0001607236317318388,0.00102205447167758,-8.035592383573157e-05
1,0.0028517000000004822,1.605739298408527,0.0001180423247888474,-12.0,-0.8026925845366569,12.0,-0.001263014831343723,8.02810626861446e-05,8.028106280418691e-05,0.0001605739298408527,0.001022175952357735,-8.028106268614458e-05
1,0.0028519000000004823,1.6042397438169,0.0001182462161011255,-12.0,-0.8019425014018362,12.0,-0.00126291158077467,8.020607476179374e-05,8.020607488003996e-05,0.00016042397438169,0.001022297630123334,-8.020607476179373e-05
1,0.0028521000000004825,1.602737655911503,0.0001184499206072775,-12.0,-0.8011911518903414,12.0,-0.001262808147092787,8.013096018109486e-05,8.013096029954478e-05,0.0001602737655911503,0.001022419504738414,-8.013096018109488e-05
1,0.0028523000000004826,1.601233037064338,0.0001186534379842286,-12.0,-0.8004385371886582,12.0,-0.001262704530417616,8.005571906266425e-05,8.005571918131767e-05,0.0001601233037064338,0.001022541575966665,-8.005571906266425e-05
1,0.0028525000000004827,1.599725889651409,0.0001188567679112351,-12.0,-0.7996846584852698,12.0,-0.001262600730868799,7.99803515253181e-05,7.998035164417488e-05,0.0001599725889651409,0.00102266384357147,-7.998035152531811e-05
1,0.002852700000000483,1.598216216052705,0.0001190599100678869,-12.0,-0.7989295169706517,12.0,-0.001262496748566405,7.990485768807196e-05,7.990485780713186e-05,0.0001598216216052705,0.001022786307315796,-7.990485768807197e-05
1,0.002852900000000483,1.596704018652205,0.0001192628641335514,-12.0,-0.7981731138372732,12.0,-0.001262392583630714,7.982923767014066e-05,7.982923778940355e-05,0.0001596704018652205,0.00102290896696236,-7.982923767014067e-05
1,0.002853100000000483,1.595189299837874,0.0001194656297870411,-12.0,-0.7974154502796001,12.0,-0.001262288236182185,7.975349159093871e-05,7.975349171040433e-05,0.0001595189299837874,0.001023031822273465,-7.975349159093873e-05
1,0.002853300000000483,1.593672062001667,0.0001196682067081678,-12.0,-0.796656527494089,12.0,-0.001262183706341666,7.96776195700797e-05,7.967761968974792e-05,0.0001593672062001667,0.001023154873011134,-7.967761957007972e-05
1,0.0028535000000004833,1.592152307539505,0.0001198705945789635,-12.0,-0.7958963466791781,12.0,-0.001262078994230184,7.960162172737572e-05,7.960162184724632e-05,0.0001592152307539505,0.001023278118936988,-7.96016217273757e-05
1,0.0028537000000004834,1.590630038851286,0.0001200727930776857,-12.0,-0.7951349090352987,12.0,-0.00126197409996899,7.952549818283764e-05,7.952549830291044e-05,0.0001590630038851287,0.001023401559812398,-7.952549818283764e-05
1,0.0028539000000004835,1.589105258340889,0.0001202748018863664,-12.0,-0.7943722157648672,12.0,-0.00126186902367971,7.944924905667535e-05,7.944924917695016e-05,0.000158910525834089,0.001023525195398292,-7.944924905667535e-05
1,0.0028541000000004836,1.587577968416145,0.0001204766206868157,-12.0,-0.7936082680722758,12.0,-0.00126176376548405,7.937287446929626e-05,7.937287458977289e-05,0.0001587577968416145,0.001023649025455362,-7.937287446929626e-05
1,0.0028543000000004837,1.58604817148885,0.0001206782491587344,-12.0,-0.7928430671639045,12.0,-0.001261658325504206,7.929637454130632e-05,7.929637466198458e-05,0.000158604817148885,0.001023773049743881,-7.929637454130633e-05
1,0.002854500000000484,1.584515869974772,0.0001208796869845985,-12.0,-0.7920766142481122,12.0,-0.00126155270386244,7.921974939350969e-05,7.921974951438937e-05,0.0001584515869974772,0.001023897268023849,-7.921974939350968e-05
1,0.002854700000000484,1.582981066293618,0.0001210809338476615,-12.0,-0.7913089105352281,12.0,-0.001261446900681348,7.914299914690758e-05,7.914299926798851e-05,0.0001582981066293618,0.001024021680054943,-7.914299914690758e-05
1,0.002854900000000484,1.581443762869055,0.0001212819894279571,-12.0,-0.7905399572375658,12.0,-0.001261340916083833,7.906612392269936e-05,7.906612404398135e-05,0.0001581443762869055,0.001024146285596383,-7.906612392269938e-05
1,0.002855100000000484,1.579903962128695,0.0001214828534107371,-12.0,-0.7897697555694029,12.0,-0.001261234750192936,7.898912384228135e-05,7.89891239637642e-05,0.0001579903962128695,0.001024271084407238,-7.898912384228136e-05
1,0.0028553000000004843,1.57836166650409,0.0001216835254764792,-12.0,-0.7889983067469953,12.0,-0.001261128403132028,7.891199902724719e-05,7.891199914893071e-05,0.0001578361666504091,0.001024396076246104,-7.891199902724719e-05
1,0.0028555000000004844,1.576816878430745,0.0001218840053094361,-12.0,-0.7882256119885681,12.0,-0.00126102187502479,7.883474959938777e-05,7.883474972127177e-05,0.0001576816878430745,0.001024521260871297,-7.883474959938775e-05
1,0.0028557000000004845,1.575269600348085,0.0001220842925946375,-12.0,-0.7874516725143075,12.0,-0.001260915165995066,7.875737568069022e-05,7.875737580277452e-05,0.0001575269600348085,0.001024646638040805,-7.875737568069022e-05
1,0.0028559000000004846,1.573719834699471,0.0001222843870133383,-12.0,-0.7866764895463717,12.0,-0.001260808276167008,7.867987739333851e-05,7.867987751562289e-05,0.0001573719834699471,0.001024772207512306,-7.867987739333851e-05
1,0.0028561000000004847,1.572167583932204,0.0001224842882510124,-12.0,-0.7859000643088826,12.0,-0.001260701205665099,7.860225485971335e-05,7.860225498219763e-05,0.0001572167583932204,0.001024897969043023,-7.860225485971336e-05
1,0.002856300000000485,1.570612850497493,0.0001226839959929116,-12.0,-0.7851223980279172,12.0,-0.001260593954613878,7.852450820239101e-05,7.852450832507501e-05,0.0001570612850497493,0.001025023922390095,-7.852450820239101e-05
1,0.002856500000000485,1.569055636850478,0.000122883509921734,-12.0,-0.7843434919315212,12.0,-0.001260486523138357,7.84466375441443e-05,7.844663766702782e-05,0.0001569055636850478,0.001025150067310063,-7.84466375441443e-05
1,0.002856700000000485,1.567495945450211,0.0001230828297253961,-12.0,-0.7835633472496891,12.0,-0.001260378911363672,7.836864300794145e-05,7.836864313102427e-05,0.0001567495945450211,0.001025276403559372,-7.836864300794145e-05
1,0.002856900000000485,1.565933778759655,0.000123281955086485,-12.0,-0.7827819652143783,12.0,-0.001260271119415332,7.829052471694649e-05,7.829052484022846e-05,0.0001565933778759656,0.001025402930893898,-7.829052471694647e-05
1,0.0028571000000004853,1.564369139245693,0.0001234808856920289,-12.0,-0.7819993470594997,12.0,-0.001260163147419016,7.821228279451918e-05,7.821228291800007e-05,0.0001564369139245693,0.001025529649069407,-7.821228279451918e-05
1,0.0028573000000004854,1.562802029379099,0.0001236796212289448,-12.0,-0.7812154940209097,12.0,-0.001260054995500651,7.813391736421387e-05,7.81339174878935e-05,0.0001562802029379099,0.001025656557841301,-7.813391736421387e-05
1,0.0028575000000004855,1.561232451634555,0.0001238781613811524,-12.0,-0.7804304073364239,12.0,-0.00125994666378651,7.80554285497805e-05,7.805542867365867e-05,0.0001561232451634555,0.001025783656964527,-7.805542854978051e-05
1,0.0028577000000004856,1.559660408490638,0.0001240765058380111,-12.0,-0.7796440882457968,12.0,-0.001259838152403062,7.797681647516348e-05,7.797681659923998e-05,0.0001559660408490638,0.001025910946193823,-7.797681647516348e-05
1,0.0028579000000004857,1.558085902429817,0.0001242746542843287,-12.0,-0.7788565379907356,12.0,-0.001259729461477024,7.789808126450198e-05,7.789808138877665e-05,0.0001558085902429817,0.001026038425283635,-7.7898081264502e-05
1,0.002858100000000486,1.55650893593846,0.0001244726064077994,-12.0,-0.7780677578148922,12.0,-0.001259620591135463,7.781922304213001e-05,7.781922316660262e-05,0.000155650893593846,0.001026166093987937,-7.781922304213001e-05
1,0.002858300000000486,1.554929511506807,0.0001246703618976719,-12.0,-0.7772777489638535,12.0,-0.001259511541505623,7.77402419325751e-05,7.774024205724549e-05,0.0001554929511506807,0.001026293952060497,-7.774024193257511e-05
1,0.002858500000000486,1.553347631628984,0.0001248679204395309,-12.0,-0.7764865126851536,12.0,-0.001259402312715041,7.76611380605593e-05,7.766113818542723e-05,0.0001553347631628984,0.001026421999254748,-7.766113806055931e-05
1,0.002858700000000486,1.551763298803003,0.0001250652817222919,-12.0,-0.7756940502282649,12.0,-0.001259292904891476,7.758191155099872e-05,7.758191167606402e-05,0.0001551763298803003,0.001026550235323789,-7.758191155099872e-05
1,0.0028589000000004863,1.550176515530734,0.0001252624454357587,-12.0,-0.7749003628445891,12.0,-0.001259183318163021,7.750256252900247e-05,7.750256265426493e-05,0.0001550176515530734,0.001026678660020389,-7.750256252900248e-05
1,0.0028591000000004864,1.548587284317927,0.0001254594112666263,-12.0,-0.7741054517874694,12.0,-0.001259073552657961,7.742309111987359e-05,7.742309124533302e-05,0.0001548587284317927,0.001026807273096994,-7.74230911198736e-05
1,0.0028593000000004865,1.546995607674201,0.0001256561789052535,-12.0,-0.7733093183121809,12.0,-0.001258963608504846,7.73434974491086e-05,7.73434975747648e-05,0.0001546995607674201,0.001026936074305804,-7.734349744910862e-05
1,0.0028595000000004867,1.545401488113028,0.0001258527480412219,-12.0,-0.7725119636759248,12.0,-0.001258853485832573,7.72637816423966e-05,7.726378176824935e-05,0.0001545401488113028,0.001027065063398558,-7.726378164239661e-05
1,0.0028597000000004868,1.543804928151737,0.0001260491183642243,-12.0,-0.7717133891378308,12.0,-0.00125874318477022,7.71839438256195e-05,7.718394395166863e-05,0.0001543804928151737,0.001027194240126789,-7.71839438256195e-05
1,0.002859900000000487,1.542205930311515,0.0001262452895636201,-12.0,-0.7709135959589594,12.0,-0.001258632705447044,7.710398412485231e-05,7.71039842510976e-05,0.0001542205930311516,0.001027323604241764,-7.71039841248523e-05
1,0.002860100000000487,1.540604497117405,0.0001264412613297683,-12.0,-0.7701125854022952,12.0,-0.001258522047992788,7.70239026663625e-05,7.702390279280377e-05,0.0001540604497117405,0.00102745315549424,-7.70239026663625e-05
1,0.002860300000000487,1.539000631098284,0.000126637033355137,-12.0,-0.7693103587327388,12.0,-0.001258411212537253,7.694369957660941e-05,7.694369970324646e-05,0.0001539000631098284,0.001027582893634846,-7.69436995766094e-05
1,0.0028605000000004872,1.537394334786873,0.0001268326053285307,-12.0,-0.768506917217118,12.0,-0.001258300199210652,7.686337498224465e-05,7.686337510907724e-05,0.0001537394334786873,0.001027712818413767,-7.686337498224465e-05
1,0.0028607000000004873,1.535785610719743,0.0001270279769419735,-12.0,-0.7677022621241787,12.0,-0.001258189008143312,7.678292901011208e-05,7.678292913714004e-05,0.0001535785610719743,0.001027842929580983,-7.678292901011207e-05
1,0.0028609000000004874,1.534174461437281,0.0001272231478883779,-12.0,-0.7668963947245766,12.0,-0.001258077639465935,7.670236178724652e-05,7.670236191446965e-05,0.0001534174461437281,0.001027973226886067,-7.670236178724651e-05
1,0.0028611000000004876,1.532560889483713,0.0001274181178578804,-12.0,-0.7660893162908887,12.0,-0.001257966093309484,7.662167344087465e-05,7.662167356829277e-05,0.0001532560889483713,0.001028103710078318,-7.662167344087466e-05
1,0.0028613000000004877,1.530944897407097,0.0001276128865433934,-12.0,-0.7652810280976043,12.0,-0.00125785436980505,7.654086409841478e-05,7.654086422602766e-05,0.0001530944897407097,0.001028234378906798,-7.654086409841478e-05
1,0.002861500000000488,1.529326487759298,0.0001278074536387175,-12.0,-0.7644715314211161,12.0,-0.001257742469084153,7.645993388747548e-05,7.645993401528296e-05,0.0001529326487759298,0.001028365233120096,-7.645993388747548e-05
1,0.002861700000000488,1.527705663096006,0.0001280018188348775,-12.0,-0.7636608275397323,12.0,-0.001257630391278464,7.637888293585673e-05,7.637888306385855e-05,0.0001527705663096006,0.00102849627246665,-7.637888293585672e-05
1,0.002861900000000488,1.526082425976731,0.000128195981825896,-12.0,-0.7628489177336671,12.0,-0.001257518136519975,7.62977113715493e-05,7.629771149974527e-05,0.0001526082425976731,0.00102862749669444,-7.62977113715493e-05
1,0.002862100000000488,1.524456778964785,0.0001283899423056845,-12.0,-0.7620358032850347,12.0,-0.001257405704940928,7.621641932273405e-05,7.621641945112398e-05,0.0001524456778964786,0.001028758905551319,-7.621641932273405e-05
1,0.0028623000000004882,1.52282872462728,0.0001285836999692647,-12.0,-0.7612214854778492,12.0,-0.001257293096673814,7.613500691778183e-05,7.613500704636555e-05,0.000152282872462728,0.001028890498784601,-7.613500691778185e-05
1,0.0028625000000004884,1.521198265535143,0.0001287772545067734,-12.0,-0.7604059655980387,12.0,-0.001257180311851389,7.605347428525456e-05,7.605347441403181e-05,0.0001521198265535143,0.001029022276141517,-7.605347428525456e-05
1,0.0028627000000004885,1.519565404263096,0.0001289706056172291,-12.0,-0.759589244933416,12.0,-0.001257067350606697,7.597182155390334e-05,7.597182168287393e-05,0.0001519565404263096,0.001029154237368837,-7.597182155390333e-05
1,0.0028629000000004886,1.517930143389637,0.0001291637529942102,-12.0,-0.7587713247736897,12.0,-0.00125695421307298,7.58900488526684e-05,7.589004898183216e-05,0.0001517930143389637,0.001029286382213099,-7.589004885266839e-05
1,0.0028631000000004887,1.516292485497079,0.0001293566963304071,-12.0,-0.7579522064104767,12.0,-0.001256840899383813,7.580815631068071e-05,7.58081564400374e-05,0.0001516292485497079,0.001029418710420518,-7.580815631068071e-05
1,0.002863300000000489,1.514652433171507,0.0001295494353247273,-12.0,-0.757131891137272,12.0,-0.001256727409672934,7.572614405725968e-05,7.57261441868091e-05,0.0001514652433171506,0.001029551221737021,-7.572614405725968e-05
1,0.002863500000000489,1.51300998900278,0.0001297419696715263,-12.0,-0.7563103802494631,12.0,-0.001256613744074583,7.564401222191345e-05,7.564401235165543e-05,0.000151300998900278,0.001029683915908117,-7.564401222191346e-05
1,0.002863700000000489,1.511365155584545,0.000129934299066381,-12.0,-0.7554876750443301,12.0,-0.001256499902722918,7.556176093433967e-05,7.556176106427396e-05,0.0001511365155584545,0.001029816792679258,-7.556176093433966e-05
1,0.002863900000000489,1.509717935514226,0.0001301264232062005,-12.0,-0.7546637768210394,12.0,-0.001256385885752651,7.547939032442456e-05,7.547939045455099e-05,0.0001509717935514226,0.001029949851795317,-7.547939032442456e-05
1,0.0028641000000004893,1.508068331393002,0.0001303183417892262,-12.0,-0.7538386868806338,12.0,-0.001256271693298561,7.539690052224229e-05,7.539690065256064e-05,0.0001508068331393002,0.001030083093001025,-7.539690052224231e-05
1,0.0028643000000004894,1.506416345825822,0.0001305100545102578,-12.0,-0.7530124065260454,12.0,-0.001256157325495805,7.531429165805558e-05,7.531429178856559e-05,0.0001506416345825822,0.001030216516040766,-7.531429165805557e-05
1,0.0028645000000004895,1.504761981421405,0.0001307015610674256,-12.0,-0.7521849370620859,12.0,-0.001256042782479774,7.523156386231533e-05,7.523156399301689e-05,0.0001504761981421405,0.001030350120658663,-7.523156386231533e-05
1,0.0028647000000004896,1.503105240792213,0.0001308928611600813,-12.0,-0.751356279795438,12.0,-0.001255928064386153,7.51487172656598e-05,7.514871739655266e-05,0.0001503105240792214,0.001030483906598434,-7.514871726565981e-05
1,0.0028649000000004897,1.501446126554465,0.0001310839544839126,-12.0,-0.7505264360346668,12.0,-0.001255813171350761,7.50657519989151e-05,7.506575212999904e-05,0.0001501446126554465,0.001030617873603673,-7.506575199891508e-05
1,0.00286510000000049,1.499784641328136,0.0001312748407387709,-12.0,-0.7496954070902114,12.0,-0.001255698103509853,7.498266819309502e-05,7.498266832436985e-05,0.0001499784641328136,0.001030752021417461,-7.498266819309503e-05
1,0.00286530000000049,1.498120787736933,0.0001314655196241743,-12.0,-0.7488631942743752,12.0,-0.001255582860999832,7.489946597939993e-05,7.489946611086547e-05,0.0001498120787736933,0.001030886349782767,-7.489946597939994e-05
1,0.00286550000000049,1.496454568408307,0.0001316559908370873,-12.0,-0.748029798901338,12.0,-0.001255467443957436,7.481614548921751e-05,7.48161456208735e-05,0.0001496454568408307,0.001031020858442144,-7.481614548921751e-05
1,0.00286570000000049,1.494785985973454,0.0001318462540779719,-12.0,-0.7471952222871474,12.0,-0.001255351852519571,7.473270685412255e-05,7.47327069859688e-05,0.0001494785985973454,0.001031155547137938,-7.473270685412255e-05
1,0.0028659000000004903,1.493115043067291,0.0001320363090472343,-12.0,-0.7463594657497115,12.0,-0.001255236086823527,7.464915020587588e-05,7.464915033791217e-05,0.0001493115043067291,0.001031290415612104,-7.464915020587588e-05
1,0.0028661000000004904,1.491441742328457,0.0001322261554452808,-12.0,-0.7455225306087989,12.0,-0.001255120147006766,7.456547567642441e-05,7.456547580865059e-05,0.0001491441742328457,0.00103142546360635,-7.456547567642443e-05
1,0.0028663000000004905,1.489766086399332,0.0001324157929690761,-12.0,-0.7446844181860542,12.0,-0.001255004033207024,7.448168339790234e-05,7.448168353031813e-05,0.0001489766086399332,0.00103156069086216,-7.448168339790234e-05
1,0.0028665000000004906,1.488088077926009,0.000132605221323856,-12.0,-0.7438451298049664,12.0,-0.001254887745562358,7.439777350262904e-05,7.439777363523423e-05,0.0001488088077926009,0.001031696097120574,-7.439777350262903e-05
1,0.0028667000000004907,1.486407719558282,0.0001327944402083614,-12.0,-0.7430046667908842,12.0,-0.001254771284211059,7.431374612310925e-05,7.43137462559037e-05,0.0001486407719558282,0.001031831682122439,-7.431374612310926e-05
1,0.002866900000000491,1.484725013949673,0.0001329834493241644,-12.0,-0.7421630304710156,12.0,-0.001254654649291656,7.422960139203397e-05,7.422960152501743e-05,0.0001484725013949673,0.001031967445608267,-7.422960139203399e-05
1,0.002867100000000491,1.483039963757406,0.0001331722483725595,-12.0,-0.7413202221744217,12.0,-0.001254537840942926,7.414533944227942e-05,7.414533957545169e-05,0.0001483039963757406,0.001032103387318323,-7.414533944227944e-05
1,0.002867300000000491,1.481352571642404,0.0001333608370575057,-12.0,-0.7404762432320071,12.0,-0.001254420859303981,7.406096040690645e-05,7.406096054026731e-05,0.0001481352571642404,0.001032239506992577,-7.406096040690646e-05
1,0.002867500000000491,1.479662840269286,0.0001335492150789097,-12.0,-0.7396310949765322,12.0,-0.001254303704514154,7.397646441916113e-05,7.397646455271033e-05,0.0001479662840269285,0.001032375804370683,-7.397646441916111e-05
1,0.0028677000000004913,1.477970772306377,0.0001337373821407306,-12.0,-0.7387847787426037,12.0,-0.001254186376713068,7.389185161247446e-05,7.389185174621182e-05,0.0001477970772306377,0.001032512279191961,-7.389185161247446e-05
1,0.0028679000000004914,1.476276370425679,0.0001339253379470384,-12.0,-0.7379372958666657,12.0,-0.001254068876040598,7.380712212046128e-05,7.380712225438661e-05,0.0001476276370425679,0.001032648931195521,-7.380712212046128e-05
1,0.0028681000000004915,1.474579637302883,0.0001341130821991832,-12.0,-0.7370886476870119,12.0,-0.001253951202636841,7.372227607692111e-05,7.37222762110342e-05,0.0001474579637302883,0.001032785760120142,-7.37222760769211e-05
1,0.0028683000000004916,1.472880575617369,0.000134300614601901,-12.0,-0.7362388355437757,12.0,-0.00125383335664217,7.363731361583777e-05,7.363731375013836e-05,0.0001472880575617369,0.001032922765704339,-7.363731361583777e-05
1,0.0028685000000004918,1.471179188052183,0.0001344879348602057,-12.0,-0.7353878607789219,12.0,-0.001253715338197334,7.355223487137821e-05,7.355223500586614e-05,0.0001471179188052183,0.001033059947686321,-7.355223487137821e-05
1,0.002868700000000492,1.469475477294047,0.000134675042676613,-12.0,-0.7345357247362582,12.0,-0.00125359714744315,7.346703997789349e-05,7.346704011256855e-05,0.0001469475477294047,0.001033197305804062,-7.346703997789348e-05
1,0.002868900000000492,1.467769446033361,0.0001348619377568028,-12.0,-0.7336824287614261,12.0,-0.001253478784520895,7.338172906991828e-05,7.338172920478024e-05,0.0001467769446033362,0.001033334839795133,-7.33817290699183e-05
1,0.002869100000000492,1.466061096964179,0.0001350486198063439,-12.0,-0.7328279742018939,12.0,-0.001253360249572011,7.329630228217004e-05,7.329630241721864e-05,0.0001466061096964179,0.001033472549396924,-7.329630228217004e-05
1,0.002869300000000492,1.464350432784212,0.00013523508853025,-12.0,-0.7319723624069597,12.0,-0.001253241542738204,7.321075974954898e-05,7.32107598847841e-05,0.0001464350432784212,0.00103361043434648,-7.321075974954901e-05
1,0.0028695000000004923,1.462637456194836,0.0001354213436338125,-12.0,-0.7311155947277538,12.0,-0.001253122664161443,7.312510160713875e-05,7.312510174256011e-05,0.0001462637456194836,0.001033748494380649,-7.312510160713877e-05
1,0.0028697000000004924,1.46092216990108,0.0001356073848230999,-12.0,-0.7302576725172315,12.0,-0.001253003613983936,7.303932799020547e-05,7.303932812581287e-05,0.000146092216990108,0.001033886729235947,-7.303932799020546e-05
1,0.0028699000000004925,1.459204576611612,0.0001357932118060678,-12.0,-0.7293985971301644,12.0,-0.001252884392348302,7.295343903419705e-05,7.295343916999028e-05,0.0001459204576611612,0.001034025138648517,-7.295343903419705e-05
1,0.0028701000000004927,1.457484679038743,0.0001359788242872861,-12.0,-0.7285383699231521,12.0,-0.001252764999397291,7.286743487474395e-05,7.286743501072278e-05,0.0001457484679038743,0.001034163722354375,-7.286743487474394e-05
1,0.0028703000000004928,1.455762479898436,0.0001361642219748216,-12.0,-0.7276769922546134,12.0,-0.001252645435273897,7.278131564765881e-05,7.278131578382305e-05,0.0001455762479898436,0.00103430248008915,-7.278131564765881e-05
1,0.002870500000000493,1.454037981910272,0.0001363494045772407,-12.0,-0.7268144654847761,12.0,-0.001252525700121437,7.269508148893533e-05,7.269508162528476e-05,0.0001454037981910272,0.001034441411588233,-7.269508148893533e-05
1,0.002870700000000493,1.452311187797469,0.0001365343718005008,-12.0,-0.7259507909756904,12.0,-0.001252405794083561,7.260873253474908e-05,7.260873267128346e-05,0.0001452311187797469,0.001034580516586711,-7.26087325347491e-05
1,0.002870900000000493,1.450582100286879,0.0001367191233533904,-12.0,-0.7250859700912184,12.0,-0.001252285717304,7.252226892145717e-05,7.252226905817629e-05,0.0001450582100286879,0.001034719794819464,-7.252226892145719e-05
1,0.0028711000000004932,1.448850722108961,0.0001369036589454198,-12.0,-0.7242200041970257,12.0,-0.001252165469926889,7.243569078559712e-05,7.243569092250076e-05,0.0001448850722108961,0.001034859246020994,-7.24356907855971e-05
1,0.0028713000000004933,1.4471170559978,0.0001370879782833789,-12.0,-0.7233528946605954,12.0,-0.001252045052096709,7.234899826388786e-05,7.234899840097586e-05,0.0001447117055997801,0.001034998869925571,-7.234899826388789e-05
1,0.0028715000000004934,1.445381104691092,0.000137272081078943,-12.0,-0.7224846428512068,12.0,-0.001251924463957915,7.226219149322859e-05,7.226219163050067e-05,0.0001445381104691092,0.001035138666267213,-7.226219149322858e-05
1,0.0028717000000004936,1.443642870930138,0.000137455967039235,-12.0,-0.7216152501399508,12.0,-0.001251803705655544,7.217527061069899e-05,7.217527074815495e-05,0.0001443642870930138,0.001035278634779577,-7.2175270610699e-05
1,0.0028719000000004937,1.441902357459856,0.0001376396358747645,-12.0,-0.7207447178997193,12.0,-0.001251682777334714,7.208823575355941e-05,7.208823589119905e-05,0.0001441902357459856,0.001035418775196181,-7.208823575355941e-05
1,0.002872100000000494,1.440159567028747,0.0001378230872972619,-12.0,-0.7198730475051968,12.0,-0.001251561679140853,7.20010870592494e-05,7.20010871970725e-05,0.0001440159567028747,0.001035559087250185,-7.200108705924941e-05
1,0.002872300000000494,1.438414502388916,0.0001380063210150717,-12.0,-0.7190002403328721,12.0,-0.00125144041121962,7.191382466538871e-05,7.191382480339503e-05,0.0001438414502388916,0.001035699570674453,-7.191382466538871e-05
1,0.002872500000000494,1.436667166296066,0.000138189336739869,-12.0,-0.7181262977610297,12.0,-0.00125131897371708,7.182644870977694e-05,7.182644884796628e-05,0.0001436667166296065,0.001035840225201617,-7.182644870977695e-05
1,0.002872700000000494,1.434917561509472,0.000138372134183995,-12.0,-0.7172512211697388,12.0,-0.001251197366779394,7.173895933039229e-05,7.173895946876443e-05,0.0001434917561509473,0.00103598105056403,-7.173895933039229e-05
1,0.0028729000000004942,1.433165690792005,0.0001385547130567932,-12.0,-0.71637501194087,12.0,-0.001251075590553027,7.165135666539269e-05,7.16513568039474e-05,0.0001433165690792005,0.001036122046493768,-7.165135666539269e-05
1,0.0028731000000004944,1.431411556910105,0.0001387370730726589,-12.0,-0.7154976714580724,12.0,-0.001250953645184821,7.15636408531145e-05,7.15636409918516e-05,0.0001431411556910105,0.001036263212722613,-7.15636408531145e-05
1,0.0028733000000004945,1.429655162633787,0.0001389192139418793,-12.0,-0.7146192011067887,12.0,-0.001250831530821728,7.147581203207307e-05,7.147581217099227e-05,0.0001429655162633787,0.001036404548982156,-7.147581203207306e-05
1,0.0028735000000004946,1.427896510736648,0.0001391011353775728,-12.0,-0.7137396022742459,12.0,-0.001250709247611087,7.138787034096236e-05,7.138787048006352e-05,0.0001427896510736648,0.001036546055003598,-7.138787034096234e-05
1,0.0028737000000004947,1.42613560399583,0.0001392828370939125,-12.0,-0.7128588763494459,12.0,-0.001250586795700448,7.1299815918654e-05,7.129981605793682e-05,0.000142613560399583,0.001036687730517988,-7.129981591865398e-05
1,0.002873900000000495,1.424372445192051,0.0001394643188017963,-12.0,-0.7119770247231799,12.0,-0.001250464175237609,7.121164890419816e-05,7.121164904366249e-05,0.0001424372445192052,0.001036829575256054,-7.121164890419818e-05
1,0.002874100000000495,1.422607037109579,0.0001396455802178398,-12.0,-0.7110940487880071,12.0,-0.001250341386370674,7.112336943682249e-05,7.112336957646806e-05,0.0001422607037109579,0.001036971588948221,-7.11233694368225e-05
1,0.002874300000000495,1.420839382536231,0.0001398266210533849,-12.0,-0.7102099499382695,12.0,-0.001250218429247996,7.103497765593228e-05,7.10349777957589e-05,0.0001420839382536231,0.001037113771324746,-7.103497765593228e-05
1,0.002874500000000495,1.419069484263385,0.0001400074410237706,-12.0,-0.7093247295700824,12.0,-0.001250095304018234,7.094647370111063e-05,7.094647384111806e-05,0.0001419069484263385,0.001037256122115512,-7.094647370111063e-05
1,0.0028747000000004953,1.417297345085944,0.0001401880398447797,-12.0,-0.7084383890813245,12.0,-0.001249972010830228,7.085785771211694e-05,7.085785785230498e-05,0.0001417297345085944,0.001037398641050194,-7.085785771211692e-05
1,0.0028749000000004954,1.415522967802359,0.0001403684172295305,-12.0,-0.707550929871651,12.0,-0.001249848549833163,7.076912982888806e-05,7.076912996925647e-05,0.0001415522967802359,0.001037541327858202,-7.076912982888806e-05
1,0.0028751000000004955,1.413746355214621,0.0001405485728941391,-12.0,-0.7066623533424836,12.0,-0.001249724921176448,7.068029019153777e-05,7.068029033208634e-05,0.0001413746355214621,0.001037684182268656,-7.068029019153779e-05
1,0.0028753000000004956,1.411967510128239,0.0001407285065556096,-12.0,-0.705772660897001,12.0,-0.001249601125009769,7.059133894035567e-05,7.059133908108419e-05,0.0001411967510128239,0.001037827204010452,-7.059133894035566e-05
1,0.0028755000000004957,1.410186435352252,0.0001409082179282817,-12.0,-0.7048818539401513,12.0,-0.00124947716148309,7.050227621580797e-05,7.05022763567162e-05,0.0001410186435352252,0.001037970392812226,-7.050227621580795e-05
1,0.002875700000000496,1.408403133699227,0.0001410877067289928,-12.0,-0.7039899338786431,12.0,-0.001249353030746608,7.04131021585372e-05,7.041310229962491e-05,0.0001408403133699227,0.001038113748402264,-7.041310215853721e-05
1,0.002875900000000496,1.40661760798524,0.0001412669726755245,-12.0,-0.7030969021209371,12.0,-0.001249228732950858,7.032381690936125e-05,7.032381705062824e-05,0.000140661760798524,0.001038257270508713,-7.032381690936127e-05
1,0.002876100000000496,1.404829861029871,0.0001414460154851027,-12.0,-0.7022027600772475,12.0,-0.001249104268246537,7.023442060927325e-05,7.023442075071928e-05,0.0001404829861029871,0.001038400958859362,-7.023442060927326e-05
1,0.002876300000000496,1.403039895656226,0.0001416248348720117,-12.0,-0.7013075091595565,12.0,-0.001248979636784692,7.014491339944287e-05,7.014491354106769e-05,0.0001403039895656226,0.001038544813181816,-7.014491339944286e-05
1,0.0028765000000004963,1.40124771469091,0.0001418034305586957,-12.0,-0.7004111507815828,12.0,-0.001248854838716645,7.005529542121414e-05,7.005529556301759e-05,0.000140124771469091,0.001038688833203349,-7.005529542121415e-05
1,0.0028767000000004964,1.399453320964011,0.0001419818022609376,-12.0,-0.6995136863587958,12.0,-0.001248729874193916,6.996556681610569e-05,6.996556695808749e-05,0.0001399453320964011,0.001038833018651028,-6.996556681610569e-05
1,0.0028769000000004965,1.397656717309125,0.0001421599496972403,-12.0,-0.6986151173084171,12.0,-0.001248604743368284,6.987572772581145e-05,6.987572786797138e-05,0.0001397656717309125,0.001038977369251681,-6.987572772581143e-05
1,0.0028771000000004966,1.395857906563342,0.000142337872586662,-12.0,-0.6977154450494122,12.0,-0.001248479446391906,6.978577829219989e-05,6.978577843453776e-05,0.0001395857906563342,0.001039121884731847,-6.978577829219989e-05
1,0.0028773000000004967,1.394056891567223,0.0001425155706497594,-12.0,-0.6968146710024813,12.0,-0.001248353983417105,6.96957186573131e-05,6.969571879982868e-05,0.0001394056891567223,0.001039266564817745,-6.96957186573131e-05
1,0.002877500000000497,1.392253675164819,0.0001426930436043139,-12.0,-0.6959127965900723,12.0,-0.001248228354596523,6.960554896336767e-05,6.960554910606072e-05,0.0001392253675164819,0.001039411409235469,-6.960554896336767e-05
1,0.002877700000000497,1.390448260203659,0.0001428702911708823,-12.0,-0.6950098232363705,12.0,-0.001248102560083023,6.951526935275415e-05,6.951526949562444e-05,0.0001390448260203659,0.001039556417710752,-6.951526935275415e-05
1,0.002877900000000497,1.388640649534738,0.0001430473130712429,-12.0,-0.6941057523672889,12.0,-0.00124797660002976,6.942487996803601e-05,6.942488011108334e-05,0.0001388640649534738,0.001039701589969161,-6.942487996803601e-05
1,0.002878100000000497,1.386830846012517,0.0001432241090241204,-12.0,-0.6932005854104814,12.0,-0.001247850474590195,6.933438095195055e-05,6.933438109517467e-05,0.0001386830846012517,0.001039846925735943,-6.933438095195055e-05
1,0.0028783000000004973,1.385018852494932,0.0001434006787509601,-12.0,-0.6922943237953326,12.0,-0.00124772418391797,6.924377244740838e-05,6.924377259080905e-05,0.0001385018852494932,0.001039992424736097,-6.924377244740837e-05
1,0.0028785000000004974,1.383204671843366,0.0001435770219743726,-12.0,-0.691386968952951,12.0,-0.001247597728167127,6.915305459749254e-05,6.915305474106957e-05,0.0001383204671843366,0.001040138086694342,-6.915305459749255e-05
1,0.0028787000000004975,1.381388306922648,0.0001437531384161361,-12.0,-0.6904785223161686,12.0,-0.001247471107491779,6.906222754545848e-05,6.906222768921163e-05,0.0001381388306922649,0.001040283911335302,-6.906222754545848e-05
1,0.0028789000000004976,1.37956976060108,0.0001439290277952532,-12.0,-0.6895689853195566,12.0,-0.00124734432204647,6.897129143473519e-05,6.897129157866422e-05,0.000137956976060108,0.001040429898383183,-6.897129143473519e-05
1,0.0028791000000004978,1.377749035750396,0.0001441046898386644,-12.0,-0.6886583593993931,12.0,-0.001247217371985965,6.888024640892316e-05,6.888024655302785e-05,0.0001377749035750396,0.001040576047562011,-6.888024640892319e-05
1,0.002879300000000498,1.375926135245756,0.0001442801242673708,-12.0,-0.6877466459936757,12.0,-0.001247090257465278,6.878909261179431e-05,6.878909275607444e-05,0.0001375926135245756,0.001040722358595522,-6.878909261179431e-05
1,0.002879500000000498,1.374101061965782,0.0001444553308020402,-12.0,-0.6868338465421345,12.0,-0.001246962978639715,6.869783018729368e-05,6.869783033174899e-05,0.0001374101061965782,0.00104086883120727,-6.869783018729365e-05
1,0.002879700000000498,1.372273818792517,0.0001446303091707235,-12.0,-0.6859199624861992,12.0,-0.00124683553566482,6.860645927953701e-05,6.86064594241673e-05,0.0001372273818792517,0.001041015465120518,-6.8606459279537e-05
1,0.002879900000000498,1.370444408611413,0.0001448050590955319,-12.0,-0.6850049952690125,12.0,-0.001246707928696425,6.851498003281079e-05,6.851498017761586e-05,0.0001370444408611413,0.001041162260058237,-6.85149800328108e-05
1,0.0028801000000004983,1.368612834311371,0.0001449795802981324,-12.0,-0.6840889463354427,12.0,-0.001246580157890642,6.84233925915741e-05,6.842339273655367e-05,0.0001368612834311371,0.001041309215743302,-6.842339259157408e-05
1,0.0028803000000004984,1.366779098784701,0.0001451538725073531,-12.0,-0.683171817132051,12.0,-0.001246452223403846,6.833169710045583e-05,6.83316972456097e-05,0.0001366779098784701,0.001041456331898172,-6.833169710045584e-05
1,0.0028805000000004985,1.364943204927112,0.0001453279354464709,-12.0,-0.682253609107107,12.0,-0.00124632412539262,6.823989370425534e-05,6.82398938495833e-05,0.0001364943204927112,0.001041603608245151,-6.823989370425534e-05
1,0.0028807000000004987,1.363105155637734,0.000145501768840095,-12.0,-0.681334323710589,12.0,-0.001246195864013908,6.81479825479429e-05,6.814798269344468e-05,0.0001363105155637734,0.001041751044506295,-6.81479825479429e-05
1,0.0028809000000004988,1.361264953819104,0.0001456753724142779,-12.0,-0.6804139623941767,12.0,-0.001246067439424847,6.80559637766591e-05,6.805596392233447e-05,0.0001361264953819104,0.001041898640403417,-6.80559637766591e-05
1,0.002881100000000499,1.359422602377148,0.0001458487458968483,-12.0,-0.6794925266112414,12.0,-0.00124593885178291,6.796383753571382e-05,6.796383768156256e-05,0.0001359422602377148,0.001042046395658018,-6.796383753571382e-05
1,0.002881300000000499,1.35757810422119,0.0001460218890118603,-12.0,-0.6785700178168581,12.0,-0.001245810101245762,6.787160397058699e-05,6.787160411660888e-05,0.000135757810422119,0.001042194309991508,-6.7871603970587e-05
1,0.002881500000000499,1.355731462263952,0.0001461948014871983,-12.0,-0.6776464374677971,12.0,-0.001245681187971401,6.777926322692843e-05,6.777926337312323e-05,0.0001355731462263952,0.001042342383124895,-6.777926322692843e-05
1,0.0028817000000004992,1.353882679421528,0.0001463674830510797,-12.0,-0.6767217870225123,12.0,-0.001245552112118006,6.768681545055635e-05,6.768681559692384e-05,0.0001353882679421528,0.001042490614779068,-6.768681545055634e-05
1,0.0028819000000004993,1.352031758613398,0.0001465399334293904,-12.0,-0.6757960679411558,12.0,-0.00124542287384416,6.759426078745851e-05,6.759426093399845e-05,0.0001352031758613398,0.001042639004674592,-6.759426078745851e-05
1,0.0028821000000004995,1.350178702762428,0.0001467121523503478,-12.0,-0.6748692816855669,12.0,-0.001245293473308581,6.750159938379173e-05,6.750159953050387e-05,0.0001350178702762428,0.001042787552531836,-6.750159938379172e-05
1,0.0028823000000004996,1.348323514794844,0.0001468841395434461,-12.0,-0.6739414297192651,12.0,-0.001245163910670366,6.740883138588085e-05,6.740883153276501e-05,0.0001348323514794844,0.001042936258070885,-6.740883138588085e-05
1,0.0028825000000004997,1.34646619764023,0.0001470558947377354,-12.0,-0.6730125135074498,12.0,-0.001245034186088761,6.731595694021876e-05,6.731595708727463e-05,0.000134646619764023,0.0010430851210117,-6.731595694021876e-05
1,0.0028827000000005,1.344606754231558,0.0001472274176583244,-12.0,-0.6720825345170173,12.0,-0.00124490429972339,6.722297619346755e-05,6.722297634069498e-05,0.0001344606754231558,0.001043234141073893,-6.722297619346756e-05
1,0.0028829000000005,1.342745187505145,0.0001473987080396477,-12.0,-0.671151494216526,12.0,-0.001244774251734054,6.712988929245656e-05,6.712988943985528e-05,0.0001342745187505145,0.00104338331797689,-6.712988929245656e-05
1,0.0028831000000005,1.340881500400648,0.0001475697656088681,-12.0,-0.6702193940762128,12.0,-0.001244644042280918,6.703669638418216e-05,6.703669653175194e-05,0.0001340881500400648,0.001043532651439839,-6.703669638418217e-05
1,0.0028833000000005,1.339015695861088,0.0001477405900960904,-12.0,-0.6692862355679939,12.0,-0.001244513671524353,6.694339761580901e-05,6.69433977635496e-05,0.0001339015695861088,0.001043682141181702,-6.694339761580901e-05
1,0.0028835000000005002,1.337147776832832,0.0001479111812318634,-12.0,-0.6683520201654566,12.0,-0.00124438313962498,6.684999313466882e-05,6.684999328258e-05,0.0001337147776832832,0.001043831786921204,-6.684999313466885e-05
1,0.0028837000000005004,1.335277746265575,0.0001480815387485679,-12.0,-0.6674167493438492,12.0,-0.00124425244674374,6.675648308825978e-05,6.675648323634132e-05,0.0001335277746265575,0.001043981588376812,-6.675648308825978e-05
1,0.0028839000000005005,1.333405607112349,0.0001482516623756425,-12.0,-0.6664804245800946,12.0,-0.001244121593041783,6.666286762424703e-05,6.66628677724987e-05,0.000133340560711235,0.001044131545266794,-6.666286762424703e-05
1,0.0028841000000005006,1.331531362329526,0.0001484215518450238,-12.0,-0.66554304735278,12.0,-0.001243990578680645,6.656914689046251e-05,6.656914703888406e-05,0.0001331531362329526,0.001044281657309111,-6.656914689046251e-05
1,0.0028843000000005007,1.329655014876789,0.0001485912068903694,-12.0,-0.6646046191421469,12.0,-0.001243859403821962,6.647532103490371e-05,6.647532118349494e-05,0.0001329655014876789,0.001044431924221594,-6.647532103490373e-05
1,0.002884500000000501,1.327776567717145,0.000148760627241562,-12.0,-0.6636651414301039,12.0,-0.001243728068627742,6.638139020573456e-05,6.638139035449517e-05,0.0001327776567717145,0.001044582345721808,-6.638139020573455e-05
1,0.002884700000000501,1.325896023816929,0.0001489298126325367,-12.0,-0.6627246157002175,12.0,-0.001243596573260286,6.628735455128499e-05,6.628735470021482e-05,0.0001325896023816929,0.001044732921527042,-6.6287354551285e-05
1,0.002884900000000501,1.324013386145769,0.0001490987627975615,-12.0,-0.6617830434377006,12.0,-0.001243464917882089,6.619321422004982e-05,6.619321436914858e-05,0.0001324013386145769,0.001044883651354425,-6.619321422004982e-05
1,0.002885100000000501,1.322128657676607,0.000149267477467907,-12.0,-0.6608404261294272,12.0,-0.001243333102655952,6.60989693606895e-05,6.609896950995698e-05,0.0001322128657676608,0.001045034534920802,-6.609896936068951e-05
1,0.0028853000000005013,1.320241841385696,0.0001494359563781189,-12.0,-0.6598967652639213,12.0,-0.001243201127744953,6.600462012202994e-05,6.60046202714659e-05,0.0001320241841385696,0.001045185571942844,-6.600462012202995e-05
1,0.0028855000000005014,1.31835294025257,0.0001496041992639641,-12.0,-0.6589520623313468,12.0,-0.001243068993312418,6.591016665306109e-05,6.591016680266529e-05,0.000131835294025257,0.001045336762136952,-6.591016665306109e-05
1,0.0028857000000005015,1.316461957260064,0.0001497722058572126,-12.0,-0.6580063188235241,12.0,-0.001242936699521899,6.581560910293814e-05,6.581560925271035e-05,0.0001316461957260064,0.001045488105219344,-6.581560910293814e-05
1,0.0028859000000005016,1.3145688953943,0.0001499399758964071,-12.0,-0.6570595362339058,12.0,-0.00124280424653736,6.572094762098021e-05,6.572094777092018e-05,0.00013145688953943,0.00104563960090593,-6.572094762098022e-05
1,0.0028861000000005017,1.312673757644681,0.0001501075091128734,-12.0,-0.6561117160575962,12.0,-0.001242671634522866,6.562618235667091e-05,6.562618250677842e-05,0.0001312673757644681,0.001045791248912513,-6.562618235667091e-05
1,0.002886300000000502,1.31077654700389,0.0001502748052463754,-12.0,-0.6551628597913274,12.0,-0.001242538863642839,6.553131345965737e-05,6.553131360993219e-05,0.000131077654700389,0.001045943048954577,-6.553131345965737e-05
1,0.002886500000000502,1.308877266467877,0.0001504418640296268,-12.0,-0.6542129689334756,12.0,-0.001242405934061969,6.543634107975053e-05,6.543634123019238e-05,0.0001308877266467877,0.001046095000747455,-6.543634107975052e-05
1,0.002886700000000502,1.306975919035876,0.0001506086852001709,-12.0,-0.6532620449840509,12.0,-0.001242272845945178,6.534126536692513e-05,6.53412655175338e-05,0.0001306975919035876,0.001046247104006186,-6.534126536692511e-05
1,0.002886900000000502,1.305072507710369,0.0001507752684968278,-12.0,-0.6523100894446866,12.0,-0.001242139599457723,6.524608647131834e-05,6.524608662209359e-05,0.0001305072507710369,0.001046399358445659,-6.524608647131835e-05
1,0.0028871000000005023,1.303167035497099,0.000150941613653699,-12.0,-0.6513571038186531,12.0,-0.001242006194765014,6.515080454323069e-05,6.51508046941723e-05,0.0001303167035497099,0.001046551763780462,-6.515080454323069e-05
1,0.0028873000000005024,1.301259505405078,0.0001511077204097155,-12.0,-0.6504030896108474,12.0,-0.001241872632032848,6.505541973312572e-05,6.505541988423344e-05,0.0001301259505405079,0.001046704319725089,-6.505541973312572e-05
1,0.0028875000000005025,1.299349920446551,0.0001512735885043082,-12.0,-0.6494480483277829,12.0,-0.001241738911427259,6.495993219162872e-05,6.495993234290232e-05,0.0001299349920446551,0.001046857025993664,-6.495993219162872e-05
1,0.0028877000000005026,1.297438283637013,0.0001514392176727997,-12.0,-0.6484919814776055,12.0,-0.001241605033114504,6.486434206952781e-05,6.486434222096703e-05,0.0001297438283637013,0.001047009882300179,-6.486434206952782e-05
1,0.0028879000000005027,1.295524597995203,0.0001516046076571187,-12.0,-0.6475348905700699,12.0,-0.001241470997261074,6.47686495177727e-05,6.476864966937731e-05,0.0001295524597995203,0.00104716288835846,-6.476864951777271e-05
1,0.002888100000000503,1.293608866543088,0.0001517697581939204,-12.0,-0.6465767771165558,12.0,-0.001241336804033918,6.467285468747498e-05,6.467285483924473e-05,0.0001293608866543088,0.001047316043881967,-6.467285468747498e-05
1,0.002888300000000503,1.29169109230588,0.0001519346690234125,-12.0,-0.645617642630058,12.0,-0.001241202453600071,6.457695772990814e-05,6.457695788184281e-05,0.0001291691092305879,0.001047469348584074,-6.457695772990816e-05
1,0.002888500000000503,1.289771278311998,0.0001520993398866355,-12.0,-0.6446574886251754,12.0,-0.001241067946126884,6.448095879650621e-05,6.448095894860555e-05,0.0001289771278311998,0.001047622802177885,-6.44809587965062e-05
1,0.002888700000000503,1.287849427593091,0.0001522637705220209,-12.0,-0.6436963166181248,12.0,-0.001240933281781986,6.438485803886468e-05,6.438485819112844e-05,0.0001287849427593091,0.00104777640437631,-6.438485803886468e-05
1,0.0028889000000005033,1.285925543184033,0.0001524279606708312,-12.0,-0.6427341281267307,12.0,-0.0012407984607333,6.428865560874015e-05,6.428865576116812e-05,0.0001285925543184033,0.001047930154892004,-6.428865560874015e-05
1,0.0028891000000005034,1.283999628122894,0.0001525919100754392,-12.0,-0.6417709246704147,12.0,-0.001240663483148968,6.419235165804902e-05,6.419235181064092e-05,0.0001283999628122894,0.001048084053437488,-6.419235165804902e-05
1,0.0028893000000005035,1.282071685450956,0.0001527556184750534,-12.0,-0.6408067077702093,12.0,-0.001240528349197481,6.409594633886844e-05,6.409594649162405e-05,0.0001282071685450956,0.001048238099724964,-6.409594633886844e-05
1,0.0028895000000005036,1.280141718212713,0.0001529190856123797,-12.0,-0.6398414789487472,12.0,-0.001240393059047454,6.399943980343595e-05,6.399943995635503e-05,0.0001280141718212713,0.001048392293466538,-6.399943980343597e-05
1,0.0028897000000005038,1.27820972945584,0.0001530823112304569,-12.0,-0.6388752397302512,12.0,-0.001240257612867932,6.390283220414816e-05,6.390283235723048e-05,0.000127820972945584,0.001048546634374023,-6.390283220414816e-05
1,0.002889900000000504,1.276275722231215,0.0001532452950696594,-12.0,-0.6379079916405501,12.0,-0.001240122010828085,6.380612369356198e-05,6.380612384680726e-05,0.0001276275722231215,0.001048701122159067,-6.380612369356198e-05
1,0.002890100000000504,1.274339699592899,0.0001534080368758572,-12.0,-0.6369397362070555,12.0,-0.001239986253097541,6.370931442439312e-05,6.370931457780117e-05,0.0001274339699592899,0.001048855756533046,-6.370931442439313e-05
1,0.002890300000000504,1.272401664598138,0.0001535705363888695,-12.0,-0.6359704749587801,12.0,-0.001239850339845944,6.361240454951692e-05,6.361240470308743e-05,0.0001272401664598138,0.001049010537207226,-6.36124045495169e-05
1,0.002890500000000504,1.270461620307353,0.000153732793356065,-12.0,-0.6350002094263143,12.0,-0.001239714271243447,6.351539422196705e-05,6.351539437569984e-05,0.0001270461620307353,0.001049165463892589,-6.351539422196705e-05
1,0.0028907000000005043,1.268519569784137,0.0001538948075184843,-12.0,-0.6340289411418427,12.0,-0.001239578047460346,6.341828359493613e-05,6.341828374883092e-05,0.0001268519569784137,0.001049320536299893,-6.341828359493612e-05
1,0.0028909000000005044,1.266575516095262,0.0001540565786213866,-12.0,-0.633056671639133,12.0,-0.001239441668667157,6.332107282177545e-05,6.332107297583203e-05,0.0001266575516095262,0.0010494757541398,-6.332107282177544e-05
1,0.0028911000000005046,1.264629462310649,0.0001542181064112524,-12.0,-0.6320834024535262,12.0,-0.001239305135034854,6.322376205599376e-05,6.322376221021187e-05,0.0001264629462310649,0.001049631117122626,-6.322376205599375e-05
1,0.0028913000000005047,1.262681411503381,0.0001543793906310653,-12.0,-0.6311091351219499,12.0,-0.001239168446734482,6.312635145125809e-05,6.312635160563747e-05,0.0001262681411503381,0.001049786624958582,-6.312635145125809e-05
1,0.0028915000000005048,1.260731366749705,0.0001545404310269727,-12.0,-0.6301338711829078,12.0,-0.001239031603937429,6.302884116139349e-05,6.30288413159339e-05,0.0001260731366749705,0.001049942277357656,-6.302884116139348e-05
1,0.002891700000000505,1.258779331129003,0.0001547012273466208,-12.0,-0.6291576121764693,12.0,-0.001238894606815366,6.29312313403816e-05,6.293123149508283e-05,0.0001258779331129003,0.001050098074029622,-6.29312313403816e-05
1,0.002891900000000505,1.256825307723805,0.0001548617793341589,-12.0,-0.6281803596442835,12.0,-0.001238757455540279,6.283352214236178e-05,6.283352229722356e-05,0.0001256825307723805,0.001050254014684018,-6.283352214236178e-05
1,0.002892100000000505,1.254869299619789,0.0001550220867369001,-12.0,-0.6272021151295682,12.0,-0.001238620150284322,6.273571372163053e-05,6.27357138766526e-05,0.0001254869299619789,0.001050410099030216,-6.273571372163052e-05
1,0.0028923000000005052,1.252911309905757,0.0001551821493031569,-12.0,-0.6262228801771024,12.0,-0.001238482691219955,6.263780623264055e-05,6.263780638782272e-05,0.0001252911309905758,0.00105056632677742,-6.263780623264055e-05
1,0.0028925000000005053,1.250951341673633,0.0001553419667806311,-12.0,-0.6252426563332261,12.0,-0.001238345078519928,6.253979983000067e-05,6.253979998534264e-05,0.0001250951341673633,0.001050722697634572,-6.253979983000067e-05
1,0.0028927000000005055,1.248989398018486,0.0001555015389134162,-12.0,-0.6242614451458576,12.0,-0.001238207312357256,6.24416946684771e-05,6.244169482397863e-05,0.0001248989398018486,0.001050879211310425,-6.24416946684771e-05
1,0.0028929000000005056,1.247025482038498,0.0001556608654549319,-12.0,-0.6232792481644578,12.0,-0.001238069392905203,6.234349090299125e-05,6.234349105865215e-05,0.0001247025482038498,0.001051035867513574,-6.234349090299128e-05
1,0.0028931000000005057,1.245059596834943,0.0001558199461518806,-12.0,-0.6222960669400442,12.0,-0.001237931320337338,6.224518868861962e-05,6.224518884443957e-05,0.0001245059596834943,0.001051192665952341,-6.224518868861962e-05
1,0.002893300000000506,1.243091745512238,0.0001559787807506319,-12.0,-0.6213119030252053,12.0,-0.001237793094827438,6.214678818059559e-05,6.214678833657438e-05,0.0001243091745512238,0.001051349606334975,-6.21467881805956e-05
1,0.002893500000000506,1.241121931177892,0.0001561373690051604,-12.0,-0.6203267579740648,12.0,-0.001237654716549602,6.2048289534307e-05,6.204828969044438e-05,0.0001241121931177893,0.001051506688369383,-6.2048289534307e-05
1,0.002893700000000506,1.2391501569425,0.0001562957106631124,-12.0,-0.6193406333422983,12.0,-0.001237516185678175,6.194969290529614e-05,6.194969306159185e-05,0.00012391501569425,0.001051663911763388,-6.194969290529614e-05
1,0.002893900000000506,1.237176425919767,0.0001564538054743547,-12.0,-0.618353530687134,12.0,-0.001237377502387796,6.185099844926082e-05,6.185099860571463e-05,0.0001237176425919767,0.001051821276224559,-6.185099844926084e-05
1,0.0028941000000005063,1.235200741226491,0.0001566116531895867,-12.0,-0.6173654515673445,12.0,-0.001237238666853338,6.175220632205341e-05,6.175220647866506e-05,0.0001235200741226491,0.001051978781460253,-6.175220632205341e-05
1,0.0028943000000005064,1.233223105982543,0.0001567692535618392,-12.0,-0.616376397543236,12.0,-0.001237099679249995,6.16533166796798e-05,6.165331683644905e-05,0.0001233223105982543,0.001052136427177691,-6.16533166796798e-05
1,0.0028945000000005065,1.231243523310877,0.0001569266063398689,-12.0,-0.6153863701766626,12.0,-0.00123696053975314,6.155432967830026e-05,6.155432983522687e-05,0.0001231243523310877,0.0010522942130839,-6.155432967830026e-05
1,0.0028947000000005066,1.229261996337534,0.0001570837112760959,-12.0,-0.6143953710310156,12.0,-0.001236821248538494,6.145524547422917e-05,6.145524563131287e-05,0.0001229261996337534,0.001052452138885669,-6.145524547422917e-05
1,0.0028949000000005067,1.22727852819161,0.0001572405681248279,-12.0,-0.6134034016712122,12.0,-0.001236681805782028,6.135606422393372e-05,6.135606438117427e-05,0.000122727852819161,0.001052610204289615,-6.135606422393371e-05
1,0.002895100000000507,1.225293122005272,0.0001573971766360982,-12.0,-0.6124104636637101,12.0,-0.001236542211659961,6.125678608403461e-05,6.125678624143181e-05,0.0001225293122005272,0.001052768409002161,-6.125678608403463e-05
1,0.002895300000000507,1.223305780913755,0.0001575535365634928,-12.0,-0.611416558576497,12.0,-0.001236402466348818,6.115741121130607e-05,6.115741136885959e-05,0.0001223305780913755,0.001052926752729569,-6.115741121130605e-05
1,0.002895500000000507,1.221316508055341,0.0001577096476615414,-12.0,-0.6104216879790817,12.0,-0.001236262570025348,6.105793976267433e-05,6.105793992038396e-05,0.0001221316508055341,0.001053085235177852,-6.105793976267433e-05
1,0.002895700000000507,1.219325306571353,0.000157865509684163,-12.0,-0.6094258534424952,12.0,-0.001236122522866576,6.095837189521794e-05,6.095837205308346e-05,0.0001219325306571353,0.001053243856052891,-6.095837189521794e-05
1,0.0028959000000005073,1.217332179606183,0.0001580211223821126,-12.0,-0.6084290565393072,12.0,-0.001235982325049872,6.085870776616893e-05,6.085870792419005e-05,0.0001217332179606183,0.001053402615060373,-6.085870776616893e-05
1,0.0028961000000005074,1.215337130307254,0.0001581764855143053,-12.0,-0.6074312988435907,12.0,-0.001235841976752763,6.07589475329105e-05,6.075894769108698e-05,0.0001215337130307254,0.001053561511905735,-6.07589475329105e-05
1,0.0028963000000005075,1.213340161825006,0.0001583315988345491,-12.0,-0.6064325819309354,12.0,-0.001235701478153134,6.065909135297701e-05,6.06590915113086e-05,0.0001213340161825006,0.001053720546294337,-6.065909135297701e-05
1,0.0028965000000005076,1.21134127731294,0.0001584864620949311,-12.0,-0.6054329073784631,12.0,-0.001235560829429064,6.05591393840558e-05,6.055913954254228e-05,0.000121134127731294,0.001053879717931236,-6.05591393840558e-05
1,0.0028967000000005077,1.209340479927571,0.0001586410750559764,-12.0,-0.6044322767647906,12.0,-0.001235420030758966,6.045909178398465e-05,6.045909194262575e-05,0.0001209340479927571,0.001054039026521382,-6.045909178398465e-05
1,0.002896900000000508,1.207337772828418,0.0001587954374713818,-12.0,-0.6034306916700476,12.0,-0.001235279082321461,6.035894871075189e-05,6.035894886954734e-05,0.0001207337772828418,0.001054198471769532,-6.035894871075189e-05
1,0.002897100000000508,1.205333159178035,0.000158949549097287,-12.0,-0.6024281536758762,12.0,-0.00123513798429549,6.025871032249735e-05,6.02587104814469e-05,0.0001205333159178035,0.001054358053380257,-6.025871032249735e-05
1,0.002897300000000508,1.203326642141988,0.0001591034096908306,-12.0,-0.6014246643654237,12.0,-0.001234996736860297,6.015837677751146e-05,6.015837693661487e-05,0.0001203326642141988,0.001054517771057861,-6.015837677751146e-05
1,0.002897500000000508,1.201318224888837,0.0001592570190115383,-12.0,-0.6004202253233312,12.0,-0.001234855340195254,6.005794823423428e-05,6.00579483934913e-05,0.0001201318224888838,0.001054677624506624,-6.005794823423427e-05
1,0.0028977000000005083,1.199307910590145,0.0001594103768139954,-12.0,-0.5994148381357476,12.0,-0.001234713794480147,5.995742485125615e-05,5.995742501066655e-05,0.0001199307910590145,0.001054837613430532,-5.995742485125616e-05
1,0.0028979000000005084,1.197295702420482,0.000159563482857672,-12.0,-0.5984085043903196,12.0,-0.001234572099894943,5.985680678731771e-05,5.985680694688119e-05,0.0001197295702420482,0.001054997737533411,-5.985680678731773e-05
1,0.0028981000000005085,1.195281603557393,0.0001597163369023713,-12.0,-0.5974012256761796,12.0,-0.001234430256619942,5.975609420130819e-05,5.975609436102454e-05,0.0001195281603557393,0.001055157996518903,-5.97560942013082e-05
1,0.0028983000000005086,1.193265617181415,0.000159868938704788,-12.0,-0.5963930035839612,12.0,-0.001234288264835626,5.965528725226659e-05,5.965528741213553e-05,0.0001193265617181415,0.001055318390090529,-5.96552872522666e-05
1,0.0028985000000005087,1.191247746476075,0.0001600212880248919,-12.0,-0.5953838397057875,12.0,-0.00123414612472289,5.955438609938124e-05,5.955438625940253e-05,0.0001191247746476075,0.001055478917951519,-5.955438609938125e-05
1,0.002898700000000509,1.189227994627861,0.000160173384624207,-12.0,-0.5943737356352603,12.0,-0.001234003836462702,5.945339090198845e-05,5.945339106216185e-05,0.0001189227994627861,0.001055639579805055,-5.945339090198845e-05
1,0.002898900000000509,1.187206364826235,0.0001603252282602607,-12.0,-0.5933626929674748,12.0,-0.001233861400236499,5.935230181957351e-05,5.935230197989874e-05,0.0001187206364826235,0.001055800375354035,-5.935230181957351e-05
1,0.002899100000000509,1.185182860263637,0.0001604768186947436,-12.0,-0.592350713299008,12.0,-0.001233718816225804,5.925111901177027e-05,5.92511191722471e-05,0.0001185182860263637,0.001055961304301252,-5.925111901177027e-05
1,0.002899300000000509,1.183157484135453,0.0001606281556890687,-12.0,-0.5913377982279112,12.0,-0.001233576084612581,5.914984263836003e-05,5.914984279898818e-05,0.0001183157484135453,0.001056122366349256,-5.914984263836003e-05
1,0.0028995000000005093,1.181130239640023,0.0001607792390043161,-12.0,-0.5903239493537127,12.0,-0.001233433205578907,5.90484728592717e-05,5.904847302005093e-05,0.0001181130239640023,0.001056283561200543,-5.904847285927171e-05
1,0.0028997000000005094,1.179101129978648,0.0001609300684014547,-12.0,-0.5893091682774211,12.0,-0.001233290179307234,5.894700983458226e-05,5.894700999551233e-05,0.0001179101129978648,0.001056444888557301,-5.894700983458226e-05
1,0.0028999000000005095,1.177070158355575,0.0001610806436427303,-12.0,-0.588293456601517,12.0,-0.001233147005980248,5.884545372451598e-05,5.884545388559661e-05,0.0001177070158355575,0.001056606348121589,-5.884545372451598e-05
1,0.0029001000000005096,1.17503732797798,0.0001612309644922205,-12.0,-0.5872768159299422,12.0,-0.001233003685780915,5.874380468944344e-05,5.87438048506744e-05,0.000117503732797798,0.001056767939595332,-5.874380468944345e-05
1,0.0029003000000005098,1.173002642055981,0.0001613810307107277,-12.0,-0.5862592478681139,12.0,-0.001232860218892406,5.864206288988247e-05,5.864206305126352e-05,0.0001173002642055981,0.001056929662680242,-5.864206288988247e-05
1,0.00290050000000051,1.170966103802631,0.0001615308420622741,-12.0,-0.5852407540229139,12.0,-0.001232716605498264,5.854022848649762e-05,5.854022864802846e-05,0.0001170966103802631,0.001057091517077884,-5.854022848649762e-05
1,0.00290070000000051,1.168927716433898,0.0001616803983121584,-12.0,-0.584221336002677,12.0,-0.001232572845782244,5.84383016400989e-05,5.843830180177931e-05,0.0001168927716433899,0.001057253502489613,-5.843830164009891e-05
1,0.00290090000000051,1.166887483168674,0.0001618296992221269,-12.0,-0.5832009954172066,12.0,-0.001232428939928344,5.833628251164288e-05,5.833628267347257e-05,0.0001166887483168674,0.001057415618616685,-5.833628251164287e-05
1,0.00290110000000051,1.164845407228773,0.0001619787445576448,-12.0,-0.5821797338777625,12.0,-0.001232284888120903,5.823417126223201e-05,5.823417142421076e-05,0.0001164845407228773,0.001057577865160107,-5.823417126223201e-05
1,0.0029013000000005103,1.162801491838906,0.0001621275340848993,-12.0,-0.5811575529970502,12.0,-0.001232140690544448,5.813196805311352e-05,5.813196821524105e-05,0.0001162801491838906,0.001057740241820787,-5.813196805311352e-05
1,0.0029015000000005104,1.160755740226699,0.0001622760675665802,-12.0,-0.5801344543892388,12.0,-0.001231996347383822,5.802967304568055e-05,5.802967320795661e-05,0.0001160755740226699,0.001057902748299422,-5.802967304568054e-05
1,0.0029017000000005106,1.158708155622672,0.0001624243447719276,-12.0,-0.5791104396699348,12.0,-0.001231851858824115,5.792728640147067e-05,5.792728656389503e-05,0.0001158708155622672,0.001058065384296598,-5.792728640147067e-05
1,0.0029019000000005107,1.156658741260239,0.0001625723654639644,-12.0,-0.5780855104562,12.0,-0.00123170722505074,5.782480828216639e-05,5.782480844473877e-05,0.0001156658741260239,0.001058228149512612,-5.782480828216641e-05
1,0.0029021000000005108,1.154607500375714,0.0001627201294100433,-12.0,-0.5770596683665405,12.0,-0.001231562446249321,5.772223884959506e-05,5.772223901231518e-05,0.0001154607500375714,0.001058391043647744,-5.772223884959506e-05
1,0.002902300000000511,1.15255443620828,0.0001628676363789605,-12.0,-0.5760329150208954,12.0,-0.001231417522605763,5.761957826572743e-05,5.761957842859508e-05,0.0001152554436208281,0.001058554066402012,-5.761957826572744e-05
1,0.002902500000000511,1.150499552000007,0.0001630148861357927,-12.0,-0.5750052520406509,12.0,-0.001231272454306202,5.751682669267867e-05,5.751682685569356e-05,0.0001150499552000007,0.00105871721747533,-5.751682669267867e-05
1,0.002902700000000511,1.148442850995844,0.0001631618784487254,-12.0,-0.5739766810486302,12.0,-0.001231127241537122,5.741398429270789e-05,5.741398445586978e-05,0.0001148442850995844,0.001058880496567396,-5.74139842927079e-05
1,0.0029029000000005112,1.146384336443599,0.0001633086130878869,-12.0,-0.5729472036690816,12.0,-0.001230981884485255,5.731105122821694e-05,5.731105139152556e-05,0.0001146384336443599,0.001059043903377778,-5.731105122821695e-05
1,0.0029031000000005113,1.14432401159395,0.0001634550898187426,-12.0,-0.571916821527696,12.0,-0.001230836383337527,5.720802766175148e-05,5.720802782520655e-05,0.000114432401159395,0.001059207437605882,-5.720802766175148e-05
1,0.0029033000000005115,1.142261879700431,0.0001636013084136967,-12.0,-0.5708855362515818,12.0,-0.00123069073828122,5.710491375599954e-05,5.710491391960087e-05,0.0001142261879700431,0.001059371098950962,-5.710491375599956e-05
1,0.0029035000000005116,1.140197944019427,0.0001637472686393249,-12.0,-0.5698533494692819,12.0,-0.001230544949503858,5.700170967379212e-05,5.700170983753939e-05,0.0001140197944019427,0.001059534887112051,-5.700170967379212e-05
1,0.0029037000000005117,1.138132207810185,0.000163892970266144,-12.0,-0.5688202628107634,12.0,-0.001230399017193198,5.689841557810295e-05,5.689841574199593e-05,0.0001138132207810185,0.001059698801788127,-5.689841557810296e-05
1,0.002903900000000512,1.136064674334777,0.0001640384130661698,-12.0,-0.567786277907405,12.0,-0.001230252941537328,5.679503163204712e-05,5.679503179608553e-05,0.0001136064674334777,0.001059862842677894,-5.679503163204711e-05
1,0.002904100000000512,1.133995346858125,0.0001641835968069771,-12.0,-0.5667513963920159,12.0,-0.001230106722724521,5.66915579988823e-05,5.669155816306588e-05,0.0001133995346858125,0.001060027009480026,-5.669155799888229e-05
1,0.002904300000000512,1.131924228647979,0.0001643285212631906,-12.0,-0.5657156198988095,12.0,-0.00122996036094343,5.658799484200728e-05,5.658799500633579e-05,0.0001131924228647979,0.001060191301892895,-5.658799484200728e-05
1,0.002904500000000512,1.129851322974916,0.0001644731862031623,-12.0,-0.5646789500634212,12.0,-0.001229813856382857,5.648434232496242e-05,5.648434248943563e-05,0.0001129851322974916,0.001060355719614853,-5.648434232496243e-05
1,0.0029047000000005123,1.127776633112345,0.000164617591399685,-12.0,-0.563641388522897,12.0,-0.001229667209231976,5.638060061142968e-05,5.638060077604728e-05,0.0001127776633112345,0.001060520262343996,-5.638060061142967e-05
1,0.0029049000000005124,1.12570016233648,0.0001647617366266063,-12.0,-0.5626029369156824,12.0,-0.001229520419680122,5.62767698652309e-05,5.627677002999265e-05,0.000112570016233648,0.001060684929778351,-5.627676986523091e-05
1,0.0029051000000005125,1.123621913926349,0.0001649056216542211,-12.0,-0.5615635968816372,12.0,-0.001229373487916997,5.617285025032915e-05,5.617285041523477e-05,0.000112362191392635,0.001060849721615707,-5.617285025032914e-05
1,0.0029053000000005126,1.121541891163802,0.0001650492462564879,-12.0,-0.5605233700620239,12.0,-0.001229226414132541,5.606884193082804e-05,5.606884209587731e-05,0.0001121541891163803,0.001061014637553731,-5.606884193082804e-05
1,0.0029055000000005127,1.119460097333472,0.0001651926102085866,-12.0,-0.559482258099497,12.0,-0.001229079198516884,5.596474507097057e-05,5.596474523616319e-05,0.0001119460097333472,0.001061179677290004,-5.596474507097056e-05
1,0.002905700000000513,1.117376535722794,0.0001653357132817557,-12.0,-0.5584402626381174,12.0,-0.001228931841260578,5.586055983513992e-05,5.586056000047563e-05,0.0001117376535722794,0.001061344840521831,-5.586055983513991e-05
1,0.002905900000000513,1.115291209622007,0.0001654785552514526,-12.0,-0.5573973853233408,12.0,-0.001228784342554315,5.575628638785923e-05,5.575628655333778e-05,0.0001115291209622007,0.001061510126946455,-5.575628638785923e-05
1,0.002906100000000513,1.113204122324122,0.0001656211358930793,-12.0,-0.5563536278020103,12.0,-0.001228636702589082,5.565192489379033e-05,5.565192505941146e-05,0.0001113204122324122,0.001061675536260957,-5.565192489379034e-05
1,0.002906300000000513,1.111115277124927,0.0001657634549824816,-12.0,-0.555308991722355,12.0,-0.001228488921556144,5.554747551773375e-05,5.554747568349721e-05,0.0001111115277124927,0.001061841068162268,-5.554747551773376e-05
1,0.0029065000000005133,1.109024677323004,0.0001659055122909536,-12.0,-0.5542634787340103,12.0,-0.001228340999647082,5.544293842463013e-05,5.544293859053564e-05,0.0001109024677323004,0.001062006722347117,-5.544293842463013e-05
1,0.0029067000000005134,1.106932326219701,0.000166047307599837,-12.0,-0.5532170904879776,12.0,-0.00122819293705366,5.533831377955775e-05,5.533831394560505e-05,0.0001106932326219701,0.001062172498512155,-5.533831377955775e-05
1,0.0029069000000005135,1.104838227119114,0.0001661888406830347,-12.0,-0.552169828636644,12.0,-0.001228044733967947,5.52336017477327e-05,5.523360191392155e-05,0.0001104838227119114,0.001062338396353855,-5.523360174773271e-05
1,0.0029071000000005136,1.102742383328116,0.0001663301113170035,-12.0,-0.5511216948337817,12.0,-0.001227896390582302,5.512880249450987e-05,5.512880266083997e-05,0.0001102742383328117,0.001062504415568565,-5.512880249450987e-05
1,0.0029073000000005137,1.10064479815634,0.000166471119279088,-12.0,-0.5500726907345402,12.0,-0.001227747907089308,5.502391618538194e-05,5.502391635185307e-05,0.000110064479815634,0.001062670555852428,-5.502391618538194e-05
1,0.002907500000000514,1.098545474916152,0.0001666118643487979,-12.0,-0.5490228179954342,12.0,-0.001227599283681859,5.49189429859783e-05,5.491894315259015e-05,0.0001098545474916152,0.001062836816901509,-5.49189429859783e-05
1,0.002907700000000514,1.096444416922669,0.0001667523463015907,-12.0,-0.5479720782743588,12.0,-0.001227450520553099,5.481388306206603e-05,5.481388322881839e-05,0.0001096444416922669,0.00106300319841169,-5.481388306206604e-05
1,0.002907900000000514,1.094341627493759,0.0001668925649168096,-12.0,-0.5469204732305787,12.0,-0.001227301617896422,5.470873657954953e-05,5.470873674644213e-05,0.0001094341627493759,0.001063169700078734,-5.470873657954956e-05
1,0.002908100000000514,1.092237109950007,0.0001670325199750189,-12.0,-0.5458680045247156,12.0,-0.001227152575905457,5.460350370446907e-05,5.46035038715016e-05,0.0001092237109950007,0.001063336321598281,-5.460350370446907e-05
1,0.0029083000000005143,1.090130867614732,0.0001671722112528973,-12.0,-0.5448146738187645,12.0,-0.001227003394774225,5.449818460300174e-05,5.449818477017395e-05,0.0001090130867614732,0.00106350306266572,-5.449818460300173e-05
1,0.0029085000000005144,1.088022903813989,0.0001673116385313422,-12.0,-0.5437604827760811,12.0,-0.001226854074696908,5.439277944146122e-05,5.439277960877289e-05,0.0001088022903813989,0.001063669922976428,-5.439277944146125e-05
1,0.0029087000000005145,1.085913221876538,0.0001674508015910847,-12.0,-0.5427054330613742,12.0,-0.00122670461586797,5.428728838629654e-05,5.428728855374734e-05,0.0001085913221876538,0.001063836902225584,-5.428728838629653e-05
1,0.0029089000000005146,1.083801825133844,0.0001675897002132443,-12.0,-0.5416495263407051,12.0,-0.001226555018482137,5.418171160409184e-05,5.418171177168154e-05,0.0001083801825133844,0.001064004000108226,-5.418171160409184e-05
1,0.0029091000000005147,1.081688716920104,0.0001677283341747215,-12.0,-0.5405927642815066,12.0,-0.001226405282734475,5.407604926156814e-05,5.407604942929647e-05,0.0001081688716920104,0.00106417121631925,-5.407604926156813e-05
1,0.002909300000000515,1.07957390057221,0.0001678667032622982,-12.0,-0.5395351485525445,12.0,-0.00122625540882023,5.397030152558068e-05,5.397030169344738e-05,0.000107957390057221,0.001064338550553427,-5.397030152558068e-05
1,0.002909500000000515,1.077457379429728,0.0001680048072557061,-12.0,-0.5384766808239322,12.0,-0.001226105396934928,5.38644685631188e-05,5.386446873112362e-05,0.0001077457379429728,0.001064506002505405,-5.38644685631188e-05
1,0.002909700000000515,1.07533915683495,0.0001681426459343438,-12.0,-0.5374173627671468,12.0,-0.001225955247274396,5.375855054130811e-05,5.375855070945078e-05,0.000107533915683495,0.001064673571869658,-5.375855054130811e-05
1,0.002909900000000515,1.07321923613284,0.0001682802190853261,-12.0,-0.53635719605499,12.0,-0.001225804960034702,5.365254762740755e-05,5.365254779568776e-05,0.000107321923613284,0.001064841258340561,-5.365254762740753e-05
1,0.0029101000000005153,1.071097620671033,0.000168417526489717,-12.0,-0.5352961823616068,12.0,-0.001225654535412221,5.354645998880966e-05,5.354646015722719e-05,0.0001071097620671033,0.001065009061612297,-5.354645998880965e-05
1,0.0029103000000005154,1.068974313799854,0.0001685545679305234,-12.0,-0.5342343233624858,12.0,-0.001225503973603527,5.344028779304163e-05,5.344028796159619e-05,0.0001068974313799854,0.001065176981379,-5.344028779304163e-05
1,0.0029105000000005155,1.066849318872302,0.0001686913431915293,-12.0,-0.5331716207344501,12.0,-0.001225353274805538,5.333403120776417e-05,5.333403137645552e-05,0.0001066849318872302,0.001065345017334539,-5.333403120776417e-05
1,0.0029107000000005157,1.064722639244028,0.00016882785205935,-12.0,-0.5321080761556463,12.0,-0.001225202439215374,5.322769040077056e-05,5.322769056959842e-05,0.0001064722639244028,0.001065513169172819,-5.322769040077056e-05
1,0.0029109000000005158,1.062594278273348,0.0001689640943157156,-12.0,-0.5310436913055593,12.0,-0.001225051467030412,5.312126553998752e-05,5.312126570895159e-05,0.0001062594278273348,0.001065681436587522,-5.312126553998751e-05
1,0.002911100000000516,1.060464239321245,0.0001691000697470191,-12.0,-0.5299784678650012,12.0,-0.001224900358448369,5.301475679347483e-05,5.301475696257489e-05,0.0001060464239321245,0.001065849819272158,-5.301475679347483e-05
1,0.002911300000000516,1.058332525751335,0.0001692357781403198,-12.0,-0.5289124075160994,12.0,-0.001224749113667226,5.290816432942395e-05,5.290816449865974e-05,0.0001058332525751335,0.001066018316920145,-5.290816432942397e-05
1,0.002911500000000516,1.056199140929885,0.0001693712192792907,-12.0,-0.5278455119423113,12.0,-0.001224597732885115,5.280148831615906e-05,5.280148848553028e-05,0.0001056199140929885,0.001066186929224805,-5.280148831615907e-05
1,0.0029117000000005162,1.054064088225809,0.00016950639295088,-12.0,-0.526777782828414,12.0,-0.001224446216300544,5.269472892213648e-05,5.26947290916429e-05,0.0001054064088225809,0.001066355655879321,-5.269472892213649e-05
1,0.0029119000000005163,1.05192737101064,0.0001696412989439788,-12.0,-0.5257092218604913,12.0,-0.001224294564112251,5.258788631594353e-05,5.258788648558481e-05,0.000105192737101064,0.001066524496576682,-5.258788631594353e-05
1,0.0029121000000005164,1.049788992658548,0.0001697759370431484,-12.0,-0.5246398307259499,12.0,-0.00122414277651927,5.24809606662993e-05,5.248096083607523e-05,0.0001049788992658548,0.00106669345100982,-5.24809606662993e-05
1,0.0029123000000005166,1.047648956546332,0.0001699103070371133,-12.0,-0.5235696111135073,12.0,-0.001223990853720859,5.237395214205444e-05,5.237395231196475e-05,0.0001047648956546332,0.001066862518871489,-5.237395214205445e-05
1,0.0029125000000005167,1.045507266053399,0.000170044408714709,-12.0,-0.5224985647131835,12.0,-0.001223838795916553,5.226686091218982e-05,5.226686108223422e-05,0.0001045507266053399,0.001067031699854358,-5.226686091218982e-05
1,0.002912700000000517,1.043363924561761,0.0001701782418649933,-12.0,-0.5214266932163006,12.0,-0.001223686603306129,5.215968714581657e-05,5.215968731599481e-05,0.0001043363924561761,0.001067200993650992,-5.215968714581656e-05
1,0.002912900000000517,1.04121893545606,0.0001703118062730269,-12.0,-0.5203539983155026,12.0,-0.001223534276089733,5.205243101217756e-05,5.205243118248937e-05,0.000104121893545606,0.001067370399953728,-5.205243101217756e-05
1,0.002913100000000517,1.039072302123532,0.000170445101733474,-12.0,-0.5192804817047146,12.0,-0.001223381814467635,5.194509268064481e-05,5.194509285108991e-05,0.0001039072302123532,0.001067539918454853,-5.194509268064481e-05
1,0.002913300000000517,1.036924027953989,0.000170578128033394,-12.0,-0.5182061450791632,12.0,-0.00122322921864048,5.183767232071966e-05,5.183767249129777e-05,0.0001036924027953989,0.001067709548846552,-5.183767232071966e-05
1,0.0029135000000005172,1.034774116339857,0.0001707108849628436,-12.0,-0.5171309901353754,12.0,-0.001223076488809094,5.173017010203383e-05,5.173017027274472e-05,0.0001034774116339857,0.001067879290820854,-5.173017010203383e-05
1,0.0029137000000005174,1.032622570676147,0.0001708433723126013,-12.0,-0.5160550185711708,12.0,-0.001222923625174677,5.162258619434834e-05,5.162258636519171e-05,0.0001032622570676147,0.001068049144069619,-5.162258619434835e-05
1,0.0029139000000005175,1.030469394360437,0.0001709755898756105,-12.0,-0.5149782320856491,12.0,-0.001222770627938574,5.151492076755248e-05,5.151492093852807e-05,0.0001030469394360437,0.001068219108284689,-5.151492076755246e-05
1,0.0029141000000005176,1.028314590792886,0.0001711075374408733,-12.0,-0.5139006323792062,12.0,-0.001222617497302465,5.140717399166471e-05,5.140717416277225e-05,0.0001028314590792886,0.001068389183157693,-5.140717399166471e-05
1,0.0029143000000005177,1.026158163376233,0.0001712392148011666,-12.0,-0.5128222211535224,12.0,-0.001222464233468293,5.129934603683235e-05,5.129934620807157e-05,0.0001026158163376233,0.001068559368380184,-5.129934603683235e-05
1,0.002914500000000518,1.024000115515764,0.000171370621750544,-12.0,-0.5117430001115499,12.0,-0.001222310836638235,5.119143707333005e-05,5.119143724470069e-05,0.0001024000115515764,0.001068729663643617,-5.119143707333005e-05
1,0.002914700000000518,1.021840450619331,0.0001715017580793399,-12.0,-0.5106629709575292,12.0,-0.00122215730701479,5.108344727156086e-05,5.108344744306261e-05,0.0001021840450619332,0.001068900068639259,-5.108344727156086e-05
1,0.002914900000000518,1.019679172097351,0.0001716326235815524,-12.0,-0.5095821353969768,12.0,-0.001222003644800643,5.097537680205584e-05,5.097537697368846e-05,0.0001019679172097351,0.001069070583058308,-5.097537680205584e-05
1,0.002915100000000518,1.017516283362769,0.0001717632180525119,-12.0,-0.5085004951366734,12.0,-0.00122184985019879,5.08672258354726e-05,5.086722600723581e-05,0.0001017516283362769,0.001069241206591874,-5.086722583547259e-05
1,0.0029153000000005183,1.015351787831082,0.0001718935412839406,-12.0,-0.5074180518846797,12.0,-0.001221695923412508,5.075899454259636e-05,5.075899471448989e-05,0.0001015351787831082,0.00106941193893087,-5.075899454259636e-05
1,0.0029155000000005184,1.013185688920334,0.0001720235930710023,-12.0,-0.5063348073503244,12.0,-0.001221541864645313,5.065068309433955e-05,5.065068326636315e-05,0.0001013185688920334,0.001069582779766147,-5.065068309433955e-05
1,0.0029157000000005185,1.011017990051084,0.0001721533732105263,-12.0,-0.5052507632441924,12.0,-0.001221387674100988,5.054229166174028e-05,5.054229183389367e-05,0.0001011017990051084,0.001069753728788446,-5.054229166174029e-05
1,0.0029159000000005186,1.008848694646427,0.0001722828814944011,-12.0,-0.5041659212781434,12.0,-0.001221233351983597,5.043382041596379e-05,5.043382058824666e-05,0.0001008848694646427,0.001069924785688355,-5.043382041596379e-05
1,0.0029161000000005187,1.006677806131979,0.000172412117722287,-12.0,-0.5030802831652849,12.0,-0.001221078898497437,5.032526952830072e-05,5.032526970071284e-05,0.0001006677806131979,0.001070095950156391,-5.032526952830072e-05
1,0.002916300000000519,1.004505327935869,0.0001725410816867945,-12.0,-0.5019938506199936,12.0,-0.001220924313847079,5.021663917016804e-05,5.021663934270911e-05,0.0001004505327935869,0.001070267221882949,-5.021663917016803e-05
1,0.002916500000000519,1.002331263488737,0.0001726697731880833,-12.0,-0.5009066253578888,12.0,-0.001220769598237414,5.010792951310769e-05,5.010792968577745e-05,0.0001002331263488737,0.001070438600558263,-5.010792951310768e-05
1,0.002916700000000519,1.000155616223726,0.0001727981920202071,-12.0,-0.4998186090958506,12.0,-0.00122061475187351,4.999914072878707e-05,4.999914090158528e-05,0.0001000155616223726,0.001070610085872531,-4.999914072878708e-05
1,0.002916900000000519,0.9979783895764885,0.0001729263379818269,-12.0,-0.4987298035520082,12.0,-0.001220459774960769,4.989027298899901e-05,4.989027316192534e-05,9.979783895764886e-05,0.001070781677515786,-4.989027298899901e-05
1,0.0029171000000005193,0.9957995869851576,0.0001730542108722699,-12.0,-0.4976402104457283,12.0,-0.0012203046677048,4.978132646566006e-05,4.978132663871426e-05,9.957995869851576e-05,0.001070953375177999,-4.978132646566006e-05
1,0.0029173000000005194,0.9936192118903591,0.0001731818104876992,-12.0,-0.4965498314976299,12.0,-0.00122014943031154,4.967230133081176e-05,4.967230150399357e-05,9.936192118903591e-05,0.001071125178548946,-4.967230133081176e-05
1,0.0029175000000005195,0.991437267735212,0.0001733091366274975,-12.0,-0.4954586684295734,12.0,-0.001219994062987111,4.95631977566201e-05,4.956319792992923e-05,9.91437267735212e-05,0.001071297087318415,-4.956319775662009e-05
1,0.0029177000000005196,0.9892537579652986,0.0001734361890928793,-12.0,-0.4943667229646481,12.0,-0.001219838565937985,4.945401591537409e-05,4.945401608881028e-05,9.892537579652986e-05,0.001071469101175969,-4.945401591537411e-05
1,0.0029179000000005197,0.9870686860286816,0.0001735629676800077,-12.0,-0.4932739968271911,12.0,-0.001219682939370831,4.934475597948711e-05,4.934475615305008e-05,9.870686860286817e-05,0.001071641219811167,-4.934475597948711e-05
1,0.00291810000000052,0.9848820553758885,0.0001736894721931503,-12.0,-0.4921804917427599,12.0,-0.001219527183492608,4.923541812149529e-05,4.923541829518476e-05,9.848820553758886e-05,0.001071813442913391,-4.92354181214953e-05
1,0.00291830000000052,0.9826938694599039,0.000173815702429081,-12.0,-0.4910862094381513,12.0,-0.001219371298510567,4.912600251405804e-05,4.912600268787374e-05,9.826938694599039e-05,0.001071985770171924,-4.912600251405804e-05
1,0.00291850000000052,0.9805041317361833,0.0001739416581902353,-12.0,-0.4899911516413896,12.0,-0.001219215284632182,4.901650932995799e-05,4.901650950389966e-05,9.805041317361834e-05,0.001072158201275972,-4.901650932995799e-05
1,0.00291870000000052,0.9783128456626142,0.0001740673392794934,-12.0,-0.4888953200817144,12.0,-0.001219059142065181,4.89069387420994e-05,4.890693891616674e-05,9.783128456626143e-05,0.001072330735914631,-4.89069387420994e-05
1,0.0029189000000005203,0.9761200146995366,0.0001741927454962933,-12.0,-0.4877987164895964,12.0,-0.001218902871017585,4.879729092350928e-05,4.879729109770201e-05,9.761200146995366e-05,0.00107250337377688,-4.879729092350927e-05
1,0.0029191000000005204,0.9739256423097395,0.0001743178766437925,-12.0,-0.4867013425967254,12.0,-0.001218746471697695,4.868756604733692e-05,4.868756622165479e-05,9.739256423097396e-05,0.001072676114551606,-4.868756604733692e-05
1,0.0029193000000005205,0.9717297319584296,0.0001744427325261477,-12.0,-0.4856032001359983,12.0,-0.001218589944314022,4.857776428685244e-05,4.857776446129517e-05,9.717297319584296e-05,0.001072848957927593,-4.857776428685245e-05
1,0.0029195000000005206,0.9695322871132535,0.0001745673129435188,-12.0,-0.4845042908415382,12.0,-0.00121843328907538,4.846788581544818e-05,4.84678859900155e-05,9.695322871132536e-05,0.00107302190359352,-4.846788581544818e-05
1,0.0029197000000005208,0.9673333112442755,0.000174691617703171,-12.0,-0.4834046164486668,12.0,-0.00121827650619083,4.835793080663699e-05,4.835793098132861e-05,9.673333112442756e-05,0.00107319495123797,-4.8357930806637e-05
1,0.002919900000000521,0.9651328078239761,0.0001748156466057638,-12.0,-0.4823041786939229,12.0,-0.001218119595869684,4.824789943405288e-05,4.824789960886852e-05,9.651328078239762e-05,0.001073368100549449,-4.824789943405287e-05
1,0.002920100000000521,0.9629307803272618,0.0001749393994570636,-12.0,-0.4812029793150513,12.0,-0.001217962558321593,4.813779187145083e-05,4.813779204639024e-05,9.629307803272618e-05,0.001073541351216276,-4.813779187145084e-05
1,0.002920300000000521,0.9607272322314271,0.0001750628760633921,-12.0,-0.4801010200509898,12.0,-0.001217805393756349,4.802760829270532e-05,4.802760846776819e-05,9.607272322314271e-05,0.00107371470292679,-4.802760829270532e-05
1,0.002920500000000521,0.9585221670161795,0.0001751860762269075,-12.0,-0.4789983026418886,12.0,-0.001217648102384117,4.791734887181155e-05,4.791734904699763e-05,9.585221670161796e-05,0.001073888155369143,-4.791734887181156e-05
1,0.0029207000000005213,0.9563155881636177,0.0001753089997573176,-12.0,-0.477894828829083,12.0,-0.001217490684415228,4.780701378288403e-05,4.780701395819303e-05,9.563155881636178e-05,0.001074061708231475,-4.780701378288403e-05
1,0.0029209000000005214,0.9541074991582275,0.0001754316464570582,-12.0,-0.4767906003551117,12.0,-0.001217333140060367,4.769660320015687e-05,4.769660337558853e-05,9.541074991582275e-05,0.001074235361201728,-4.769660320015688e-05
1,0.0029211000000005215,0.9518979034868944,0.0001755540161344493,-12.0,-0.4756856189637054,12.0,-0.001217175469530422,4.758611729798398e-05,4.7586117473538e-05,9.518979034868945e-05,0.001074409113967827,-4.758611729798398e-05
1,0.0029213000000005217,0.9496868046388641,0.0001756761085978109,-12.0,-0.4745798863997742,12.0,-0.001217017673036558,4.74755562508372e-05,4.747555642651332e-05,9.496868046388641e-05,0.001074582966217576,-4.74755562508372e-05
1,0.0029215000000005218,0.9474742061057634,0.0001757979236522988,-12.0,-0.473473404409424,12.0,-0.001216859750790202,4.736492023330763e-05,4.736492040910556e-05,9.474742061057635e-05,0.001074756917638683,-4.736492023330764e-05
1,0.002921700000000522,0.9452601113815972,0.0001759194611066217,-12.0,-0.472366174739944,12.0,-0.001216701703003066,4.725420942010507e-05,4.725420959602453e-05,9.452601113815973e-05,0.001074930967918754,-4.725420942010507e-05
1,0.002921900000000522,0.9430445239627167,0.0001760407207709314,-12.0,-0.4712581991397947,12.0,-0.001216543529887072,4.714342398605657e-05,4.714342416209729e-05,9.430445239627167e-05,0.001075105116745349,-4.714342398605656e-05
1,0.002922100000000522,0.9408274473478363,0.0001761617024514939,-12.0,-0.4701494793586238,12.0,-0.001216385231654467,4.703256410610754e-05,4.703256428226924e-05,9.408274473478363e-05,0.001075279363805866,-4.703256410610754e-05
1,0.0029223000000005222,0.9386088850380319,0.0001762824059582391,-12.0,-0.4690400171472546,12.0,-0.001216226808517719,4.692162995532129e-05,4.692163013160368e-05,9.386088850380319e-05,0.001075453708787644,-4.692162995532129e-05
1,0.0029225000000005223,0.9363888405367151,0.000176402831102207,-12.0,-0.4679298142576759,12.0,-0.001216068260689554,4.681062170887781e-05,4.681062188528064e-05,9.363888405367152e-05,0.001075628151377975,-4.681062170887781e-05
1,0.0029227000000005224,0.9341673173496277,0.0001765229776937716,-12.0,-0.4668188724430436,12.0,-0.001215909588382989,4.669953954207373e-05,4.669953971859669e-05,9.341673173496277e-05,0.001075802691263991,-4.669953954207374e-05
1,0.0029229000000005226,0.9319443189848722,0.0001766428455391988,-12.0,-0.4657071934576988,12.0,-0.001215750791811285,4.658838363032381e-05,4.658838380696665e-05,9.319443189848722e-05,0.001075977328132777,-4.658838363032381e-05
1,0.0029231000000005227,0.9297198489528711,0.000176762434455191,-12.0,-0.4645947790571283,12.0,-0.001215591871187936,4.647715414915836e-05,4.64771543259208e-05,9.297198489528711e-05,0.001076152061671332,-4.647715414915835e-05
1,0.002923300000000523,0.9274939107663527,0.0001768817442506232,-12.0,-0.463481630997983,12.0,-0.001215432826726766,4.636585127422336e-05,4.63658514511051e-05,9.274939107663527e-05,0.001076326891566531,-4.636585127422337e-05
1,0.002923500000000523,0.9252665079403831,0.0001770007747367019,-12.0,-0.4623677510380788,12.0,-0.001215273658641811,4.625447518128154e-05,4.625447535828232e-05,9.252665079403832e-05,0.001076501817505217,-4.625447518128155e-05
1,0.002923700000000523,0.9230376439923436,0.0001771195257261327,-12.0,-0.4612531409363873,12.0,-0.001215114367147378,4.614302604621135e-05,4.614302622333087e-05,9.230376439923437e-05,0.001076676839174062,-4.614302604621135e-05
1,0.002923900000000523,0.9208073224419088,0.0001772379970337856,-12.0,-0.4601378024530238,12.0,-0.001214954952458033,4.603150404500575e-05,4.603150422224375e-05,9.208073224419089e-05,0.001076851956259776,-4.603150404500576e-05
1,0.0029241000000005232,0.9185755468110596,0.0001773561884699792,-12.0,-0.459021737349263,12.0,-0.001214795414788604,4.59199093537733e-05,4.591990953112948e-05,9.185755468110596e-05,0.001077027168448867,-4.59199093537733e-05
1,0.0029243000000005234,0.9163423206240842,0.0001774740998491398,-12.0,-0.4579049473875274,12.0,-0.001214635754354175,4.580824214873766e-05,4.580824232621176e-05,9.163423206240842e-05,0.001077202475427835,-4.580824214873765e-05
1,0.0029245000000005235,0.9141076474075458,0.0001775917309875252,-12.0,-0.4567874343313742,12.0,-0.001214475971370109,4.569650260623618e-05,4.569650278382792e-05,9.141076474075459e-05,0.001077377876883077,-4.569650260623618e-05
1,0.0029247000000005236,0.9118715306902969,0.0001777090816968419,-12.0,-0.4556691999455124,12.0,-0.001214316066052004,4.558469090272092e-05,4.558469108043001e-05,9.11871530690297e-05,0.001077553372500865,-4.558469090272093e-05
1,0.0029249000000005237,0.9096339740034819,0.0001778261517930146,-12.0,-0.4545502459957899,12.0,-0.001214156038615744,4.54728072147583e-05,4.547280739258445e-05,9.09633974003482e-05,0.001077728961967478,-4.547280721475829e-05
1,0.002925100000000524,0.9073949808805015,0.0001779429410933009,-12.0,-0.4534305742491814,12.0,-0.00121399588927746,4.536085171902747e-05,4.536085189697041e-05,9.073949808805016e-05,0.001077904644969006,-4.536085171902747e-05
1,0.002925300000000524,0.90515455485703,0.0001780594494106835,-12.0,-0.4523101864738044,12.0,-0.001213835618253521,4.524882459232153e-05,4.524882477038097e-05,9.0515455485703e-05,0.001078080421191584,-4.524882459232151e-05
1,0.002925500000000524,0.9029126994710166,0.0001781756765626974,-12.0,-0.4511890844389075,12.0,-0.00121367522576063,4.513672601154701e-05,4.51367261897227e-05,9.029126994710167e-05,0.001078256290321114,-4.513672601154703e-05
1,0.002925700000000524,0.9006694182626546,0.0001782916223668773,-12.0,-0.4500672699148607,12.0,-0.001213514712015647,4.502455615372276e-05,4.502455633201439e-05,9.006694182626546e-05,0.001078432252043571,-4.502455615372276e-05
1,0.0029259000000005243,0.8984247147743802,0.0001784072866410358,-12.0,-0.4489447446731556,12.0,-0.001213354077235759,4.491231519597967e-05,4.491231537438696e-05,8.984247147743802e-05,0.001078608306044782,-4.491231519597967e-05
1,0.0029261000000005244,0.8961785925509002,0.0001785226691983777,-12.0,-0.4478215104864259,12.0,-0.001213193321638405,4.480000331556243e-05,4.480000349408509e-05,8.961785925509002e-05,0.00107878445201047,-4.480000331556243e-05
1,0.0029263000000005245,0.8939310551391536,0.0001786377698627106,-12.0,-0.446697569128405,12.0,-0.001213032445441291,4.468762068982677e-05,4.468762086846454e-05,8.939310551391537e-05,0.001078960689626325,-4.468762068982677e-05
1,0.0029265000000005246,0.8916821060882906,0.0001787525884506813,-12.0,-0.4455729223739435,12.0,-0.00121287144886232,4.457516749623941e-05,4.457516767499199e-05,8.916821060882907e-05,0.001079137018577959,-4.457516749623943e-05
1,0.0029267000000005247,0.889431748949725,0.0001788671247775486,-12.0,-0.4444475719990249,12.0,-0.001212710332119747,4.446264391238025e-05,4.446264409124737e-05,8.89431748949725e-05,0.001079313438550888,-4.446264391238025e-05
1,0.002926900000000525,0.8871799872770825,0.0001789813786685079,-12.0,-0.4433215197807246,12.0,-0.001212549095432017,4.435005011593931e-05,4.435005029492069e-05,8.871799872770825e-05,0.001079489949230565,-4.435005011593931e-05
1,0.002927100000000525,0.8849268246261879,0.000179095349940539,-12.0,-0.4421947674972296,12.0,-0.001212387739017877,4.423738628471702e-05,4.423738646381237e-05,8.84926824626188e-05,0.001079666550302359,-4.423738628471701e-05
1,0.002927300000000525,0.8826722645550992,0.0001792090384136191,-12.0,-0.4410673169278387,12.0,-0.001212226263096285,4.412465259662525e-05,4.412465277583428e-05,8.826722645550992e-05,0.001079843241451599,-4.412465259662524e-05
1,0.002927500000000525,0.8804163106240827,0.0001793224439088914,-12.0,-0.4399391698529536,12.0,-0.001212064667886516,4.401184922968624e-05,4.401184940900869e-05,8.804163106240827e-05,0.001080020022363501,-4.401184922968625e-05
1,0.0029277000000005253,0.8781589663955909,0.0001794355662492753,-12.0,-0.4388103280540659,12.0,-0.001211902953608061,4.389897636203152e-05,4.389897654146709e-05,8.78158966395591e-05,0.001080196892723241,-4.389897636203152e-05
1,0.0029279000000005254,0.875900235434278,0.0001795484052538043,-12.0,-0.4376807933137742,12.0,-0.001211741120480662,4.378603417190279e-05,4.378603435145121e-05,8.759002354342781e-05,0.001080373852215905,-4.37860341719028e-05
1,0.0029281000000005255,0.873640121306998,0.0001796609607455091,-12.0,-0.4365505674157712,12.0,-0.001211579168724386,4.367302283765167e-05,4.367302301731262e-05,8.73640121306998e-05,0.001080550900526507,-4.367302283765167e-05
1,0.0029283000000005256,0.8713786275827734,0.0001797732325486412,-12.0,-0.4354196521448315,12.0,-0.001211417098559493,4.355994253773802e-05,4.355994271751124e-05,8.713786275827734e-05,0.001080728037340002,-4.355994253773802e-05
1,0.0029285000000005257,0.8691157578328111,0.0001798852204836776,-12.0,-0.4342880492868279,12.0,-0.001211254910206516,4.344679345073116e-05,4.344679363061638e-05,8.691157578328112e-05,0.00108090526234126,-4.344679345073116e-05
1,0.002928700000000526,0.866851515630501,0.000179996924374981,-12.0,-0.4331557606287189,12.0,-0.001211092603886244,4.333357575530939e-05,4.33335759353063e-05,8.66851515630501e-05,0.001081082575215123,-4.333357575530939e-05
1,0.002928900000000526,0.8645859045513887,0.0001801083440474693,-12.0,-0.4320227879585397,12.0,-0.001210930179819734,4.322028963025872e-05,4.322028981036707e-05,8.645859045513888e-05,0.001081259975646336,-4.322028963025872e-05
1,0.002929100000000526,0.862318928173172,0.0001802194793258938,-12.0,-0.4308891330654023,12.0,-0.001210767638228298,4.310693525447282e-05,4.310693543469231e-05,8.623189281731721e-05,0.001081437463319582,-4.310693525447282e-05
1,0.002929300000000526,0.8600505900757295,0.0001803303300306203,-12.0,-0.4297547977395155,12.0,-0.001210604979333535,4.299351280695461e-05,4.299351298728495e-05,8.600505900757296e-05,0.001081615037919439,-4.299351280695461e-05
1,0.0029295000000005263,0.8577808938410821,0.0001804408959926729,-12.0,-0.428619783772143,12.0,-0.001210442203357233,4.288002246681358e-05,4.288002264725448e-05,8.577808938410822e-05,0.001081792699130495,-4.288002246681358e-05
1,0.0029297000000005264,0.8555098430533762,0.0001805511770350821,-12.0,-0.4274840929556237,12.0,-0.001210279310521471,4.276646441326588e-05,4.276646459381705e-05,8.555098430533763e-05,0.001081970446637256,-4.276646441326588e-05
1,0.0029299000000005265,0.8532374412989172,0.0001806611729835428,-12.0,-0.4263477270833717,12.0,-0.001210116301048621,4.265283882563552e-05,4.265283900629669e-05,8.532374412989172e-05,0.001082148280124109,-4.265283882563552e-05
1,0.0029301000000005266,0.8509636921661455,0.0001807708836646937,-12.0,-0.4252106879498668,12.0,-0.001209953175161267,4.253914588335316e-05,4.253914606412405e-05,8.509636921661456e-05,0.00108232619927541,-4.253914588335315e-05
1,0.0029303000000005268,0.8486885992456153,0.0001808803089078936,-12.0,-0.4240729773506428,12.0,-0.001209789933082274,4.242538576595508e-05,4.242538594683537e-05,8.486885992456155e-05,0.001082504203775495,-4.242538576595507e-05
1,0.002930500000000527,0.8464121661300081,0.0001809894485376717,-12.0,-0.422934597082303,12.0,-0.00120962657503474,4.231155865308407e-05,4.231155883407353e-05,8.464121661300082e-05,0.001082682293308559,-4.231155865308407e-05
1,0.002930700000000527,0.844134396414132,0.0001810983023828872,-12.0,-0.4217955489425087,12.0,-0.001209463101242036,4.219766472448917e-05,4.219766490558746e-05,8.44134396414132e-05,0.001082860467558816,-4.219766472448916e-05
1,0.002930900000000527,0.8418552936948905,0.0001812068702737868,-12.0,-0.4206558347299658,12.0,-0.001209299511927796,4.208370416002397e-05,4.208370434123084e-05,8.418552936948906e-05,0.001083038726210357,-4.208370416002396e-05
1,0.002931100000000527,0.8395748615712967,0.0001813151520366763,-12.0,-0.4195154562444419,12.0,-0.001209135807315909,4.196967713964785e-05,4.1969677320963e-05,8.395748615712967e-05,0.001083217068947248,-4.196967713964786e-05
1,0.0029313000000005273,0.8372931036444743,0.0001814231475014694,-12.0,-0.4183744152867535,12.0,-0.001208971987630501,4.185558384342549e-05,4.185558402484864e-05,8.372931036444744e-05,0.001083395495453471,-4.185558384342549e-05
1,0.0029315000000005274,0.8350100235176238,0.0001815308565000229,-12.0,-0.4172327136587534,12.0,-0.00120880805309595,4.174142445152534e-05,4.174142463305619e-05,8.350100235176238e-05,0.001083574005413,-4.174142445152534e-05
1,0.0029317000000005275,0.8327256247960436,0.0001816382788586979,-12.0,-0.4160903531633511,12.0,-0.001208644003936922,4.162719914422098e-05,4.162719932585924e-05,8.327256247960437e-05,0.001083752598509707,-4.162719914422098e-05
1,0.0029319000000005277,0.8304399110871123,0.0001817454144126263,-12.0,-0.414947335604483,12.0,-0.001208479840378321,4.151290810188957e-05,4.151290828363499e-05,8.304399110871124e-05,0.001083931274427401,-4.151290810188956e-05
1,0.0029321000000005278,0.8281528860002788,0.0001818522629891128,-12.0,-0.4138036627871332,12.0,-0.001208315562645328,4.139855150501223e-05,4.139855168686449e-05,8.281528860002788e-05,0.001084110032849861,-4.139855150501223e-05
1,0.002932300000000528,0.8258645531470806,0.0001819588244211801,-12.0,-0.4126593365173203,12.0,-0.001208151170963331,4.128412953417415e-05,4.128412971613298e-05,8.258645531470807e-05,0.001084288873460813,-4.128412953417415e-05
1,0.002932500000000528,0.8235749161411,0.000182065098542461,-12.0,-0.4115143586020854,12.0,-0.001207986665558006,4.116964237006279e-05,4.116964255212788e-05,8.235749161411e-05,0.001084467795943914,-4.116964237006279e-05
1,0.002932700000000528,0.82128397859799,0.0001821710851818703,-12.0,-0.4103687308495113,12.0,-0.001207822046655288,4.105509019346932e-05,4.10550903756404e-05,8.2128397859799e-05,0.001084646799982769,-4.105509019346932e-05
1,0.0029329000000005282,0.8189917441354532,0.0001822767841764272,-12.0,-0.4092224550686941,12.0,-0.001207657314481372,4.094047318528705e-05,4.094047336756383e-05,8.189917441354532e-05,0.001084825885260939,-4.094047318528705e-05
1,0.0029331000000005283,0.8166982163732381,0.0001823821953561011,-12.0,-0.4080755330697629,12.0,-0.001207492469262682,4.08257915265119e-05,4.08257917088941e-05,8.166982163732382e-05,0.001085005051461897,-4.082579152651191e-05
1,0.0029333000000005285,0.8144033989331488,0.0001824873185558018,-12.0,-0.4069279666638675,12.0,-0.00120732751122591,4.071104539824232e-05,4.071104558072966e-05,8.144033989331489e-05,0.001085184298269141,-4.071104539824233e-05
1,0.0029335000000005286,0.8121072954390085,0.0001825921536116604,-12.0,-0.4057797576631652,12.0,-0.001207162440598007,4.059623498167768e-05,4.059623516426985e-05,8.121072954390085e-05,0.001085363625366043,-4.059623498167769e-05
1,0.0029337000000005287,0.8098099095166768,0.0001826967003554225,-12.0,-0.4046309078808382,12.0,-0.00120699725760616,4.048136045811937e-05,4.048136064081607e-05,8.098099095166767e-05,0.001085543032435979,-4.048136045811936e-05
1,0.002933900000000529,0.8075112447940505,0.0001828009586236079,-12.0,-0.4034814191310802,12.0,-0.00120683196247786,4.036642200897038e-05,4.036642219177135e-05,8.075112447940506e-05,0.001085722519162183,-4.036642200897038e-05
1,0.002934100000000529,0.8052113049010279,0.0001829049282536244,-12.0,-0.4023312932290843,12.0,-0.001206666555440786,4.025141981573379e-05,4.025141999863872e-05,8.05211304901028e-05,0.001085902085227991,-4.02514198157338e-05
1,0.002934300000000529,0.8029100934695313,0.0001830086090777172,-12.0,-0.401180531991063,12.0,-0.001206501036722908,4.013635406001408e-05,4.013635424302268e-05,8.029100934695314e-05,0.001086081730316553,-4.013635406001407e-05
1,0.002934500000000529,0.8006076141334885,0.000183112000936958,-12.0,-0.4000291372342187,12.0,-0.001206335406552433,4.002122492351556e-05,4.002122510662758e-05,8.006076141334885e-05,0.001086261454111059,-4.002122492351556e-05
1,0.0029347000000005292,0.7983038705288246,0.0001832151036647023,-12.0,-0.3988771107767642,12.0,-0.001206169665157845,3.99060325880429e-05,3.9906032771258e-05,7.983038705288246e-05,0.001086441256294604,-3.990603258804289e-05
1,0.0029349000000005294,0.7959988662934765,0.0001833179170995791,-12.0,-0.3977244544379097,12.0,-0.001206003812767892,3.979077723550093e-05,3.979077741881884e-05,7.959988662934765e-05,0.001086621136550232,-3.979077723550093e-05
1,0.0029351000000005295,0.7936926050673533,0.0001834204410811613,-12.0,-0.3965711700378505,12.0,-0.001205837849611514,3.967545904789317e-05,3.96754592313136e-05,7.936926050673533e-05,0.00108680109456101,-3.967545904789317e-05
1,0.0029353000000005296,0.7913850904923557,0.0001835226754452468,-12.0,-0.3954172593977833,12.0,-0.00120567177591796,3.956007820732285e-05,3.956007839084553e-05,7.913850904923557e-05,0.001086981130009858,-3.956007820732286e-05
1,0.0029355000000005297,0.7890763262123749,0.0001836246200316305,-12.0,-0.3942627243398937,12.0,-0.001205505591916706,3.944463489599253e-05,3.944463507961717e-05,7.89076326212375e-05,0.001087161242579772,-3.944463489599254e-05
1,0.00293570000000053,0.7867663158732571,0.0001837262746813839,-12.0,-0.3931075666873438,12.0,-0.001205339297837497,3.932912929620251e-05,3.932912947992878e-05,7.867663158732571e-05,0.001087341431953576,-3.932912929620252e-05
1,0.00293590000000053,0.7844550631228232,0.0001838276392314153,-12.0,-0.3919517882642882,12.0,-0.001205172893910346,3.921356159035196e-05,3.921356177417959e-05,7.844550631228233e-05,0.001087521697814127,-3.921356159035196e-05
1,0.00293610000000053,0.7821425716108678,0.0001839287135230183,-12.0,-0.3907953908958622,12.0,-0.001205006380365449,3.909793196093852e-05,3.909793214486724e-05,7.821425716108678e-05,0.001087702039844249,-3.909793196093852e-05
1,0.00293630000000053,0.7798288449891235,0.0001840294973987633,-12.0,-0.3896383764081686,12.0,-0.001204839757433331,3.898224059055674e-05,3.898224077458624e-05,7.798288449891236e-05,0.001087882457726716,-3.898224059055674e-05
1,0.0029365000000005303,0.7775138869112838,0.0001841299906961691,-12.0,-0.3884807466282977,12.0,-0.001204673025344723,3.886648766189939e-05,3.886648784602938e-05,7.775138869112838e-05,0.00108806295114422,-3.886648766189939e-05
1,0.0029367000000005304,0.7751977010329832,0.0001842301932608592,-12.0,-0.3873225033842984,12.0,-0.001204506184330642,3.875067335775593e-05,3.875067354198612e-05,7.751977010329832e-05,0.001088243519779451,-3.875067335775593e-05
1,0.0029369000000005305,0.7728802910117971,0.0001843301049306856,-12.0,-0.3861636485052015,12.0,-0.001204339234622327,3.86347978610132e-05,3.863479804534333e-05,7.728802910117971e-05,0.00108842416331506,-3.863479786101322e-05
1,0.0029371000000005306,0.7705616605072324,0.0001844297255524929,-12.0,-0.3850041838209902,12.0,-0.001204172176451274,3.851886135465428e-05,3.8518861539084e-05,7.705616605072325e-05,0.001088604881433662,-3.851886135465428e-05
1,0.0029373000000005307,0.7682418131807202,0.0001845290549655765,-12.0,-0.3838441111626211,12.0,-0.001204005010049261,3.840286402175868e-05,3.840286420628773e-05,7.682418131807202e-05,0.001088785673817816,-3.840286402175867e-05
1,0.002937500000000531,0.7659207526956269,0.000184628093014727,-12.0,-0.3826834323620104,12.0,-0.001203837735648292,3.828680604550252e-05,3.828680623013061e-05,7.659207526956269e-05,0.001088966540150026,-3.828680604550252e-05
1,0.002937700000000531,0.7635984827172168,0.0001847268395454571,-12.0,-0.3815221492520218,12.0,-0.001203670353480603,3.817068760915672e-05,3.817068779388356e-05,7.635984827172168e-05,0.001089147480112837,-3.817068760915673e-05
1,0.002937900000000531,0.7612750069126705,0.0001848252943993378,-12.0,-0.3803602636664832,12.0,-0.001203502863778703,3.805450889608825e-05,3.805450908091356e-05,7.612750069126705e-05,0.001089328493388664,-3.805450889608826e-05
1,0.002938100000000531,0.7589503289510838,0.0001849234574223813,-12.0,-0.3791977774401737,12.0,-0.001203335266775352,3.793827008975961e-05,3.793827027468307e-05,7.589503289510838e-05,0.001089509579659975,-3.793827008975961e-05
1,0.0029383000000005313,0.7566244525034329,0.0001850213284612656,-12.0,-0.3780346924088113,12.0,-0.001203167562703576,3.782197137372725e-05,3.782197155874858e-05,7.566244525034329e-05,0.00108969073860913,-3.782197137372725e-05
1,0.0029385000000005314,0.7542973812425942,0.0001851189073591719,-12.0,-0.3768710104090692,12.0,-0.001202999751796635,3.770561293164284e-05,3.770561311676175e-05,7.542973812425941e-05,0.001089871969918485,-3.770561293164284e-05
1,0.0029387000000005315,0.7519691188433406,0.0001852161939633334,-12.0,-0.3757067332785634,12.0,-0.001202831834288022,3.758919494725267e-05,3.758919513246887e-05,7.519691188433406e-05,0.001090053273270386,-3.758919494725267e-05
1,0.0029389000000005316,0.7496396689823138,0.0001853131881213443,-12.0,-0.3745418628558431,12.0,-0.001202663810411515,3.747271760439644e-05,3.747271778970962e-05,7.496396689823138e-05,0.001090234648347108,-3.747271760439645e-05
1,0.0029391000000005317,0.7473090353380223,0.0001854098896807155,-12.0,-0.3733764009803912,12.0,-0.001202495680401108,3.735618108700719e-05,3.735618127241708e-05,7.473090353380223e-05,0.001090416094830918,-3.735618108700719e-05
1,0.002939300000000532,0.7449772215908688,0.0001855062984847944,-12.0,-0.3722103494926442,12.0,-0.001202327444491072,3.72395855791129e-05,3.72395857646192e-05,7.449772215908689e-05,0.00109059761240405,-3.72395855791129e-05
1,0.002939500000000532,0.7426442314231094,0.0001856024143870871,-12.0,-0.37104371023395,12.0,-0.001202159102915913,3.712293126483371e-05,3.712293145043612e-05,7.426442314231095e-05,0.001090779200748709,-3.712293126483371e-05
1,0.002939700000000532,0.7403100685188367,0.0001856982372342719,-12.0,-0.3698764850465847,12.0,-0.001201990655910395,3.700621832838189e-05,3.700621851408013e-05,7.403100685188368e-05,0.001090960859547054,-3.700621832838189e-05
1,0.002939900000000532,0.7379747365640287,0.0001857937668716669,-12.0,-0.3687086757737692,12.0,-0.001201822103709511,3.688944695406409e-05,3.688944713985785e-05,7.379747365640288e-05,0.001091142588481246,-3.688944695406409e-05
1,0.0029401000000005323,0.7356382392464978,0.0001858890031543048,-12.0,-0.3675402842596273,12.0,-0.001201653446548545,3.677261732627818e-05,3.677261751216718e-05,7.356382392464979e-05,0.001091324387233396,-3.677261732627816e-05
1,0.0029403000000005324,0.7333005802558781,0.0001859839459294743,-12.0,-0.3663713123492053,12.0,-0.001201484684662968,3.665572962951347e-05,3.665572981549743e-05,7.333005802558781e-05,0.001091506255485583,-3.665572962951348e-05
1,0.0029405000000005325,0.7309617632836578,0.000186078595046768,-12.0,-0.3652017618884728,12.0,-0.001201315818288584,3.653878404835196e-05,3.653878423443056e-05,7.309617632836579e-05,0.001091688192919861,-3.653878404835196e-05
1,0.0029407000000005326,0.7286217920231571,0.0001861729503574716,-12.0,-0.3640316347243129,12.0,-0.001201146847661365,3.642178076746703e-05,3.642178095363998e-05,7.286217920231571e-05,0.001091870199218289,-3.642178076746704e-05
1,0.0029409000000005328,0.7262806701695034,0.0001862670117147858,-12.0,-0.3628609327045094,12.0,-0.001200977773017559,3.630471997162242e-05,3.630472015788943e-05,7.262806701695034e-05,0.001092052274062887,-3.630471997162242e-05
1,0.002941100000000533,0.7239384014196462,0.0001863607789675259,-12.0,-0.361689657677764,12.0,-0.001200808594593684,3.618760184567316e-05,3.618760203203394e-05,7.239384014196462e-05,0.001092234417135594,-3.618760184567316e-05
1,0.002941300000000533,0.7215949894723583,0.0001864542519691148,-12.0,-0.3605178114936831,12.0,-0.00120063931262647,3.607042657456521e-05,3.607042676101946e-05,7.215949894723583e-05,0.001092416628118438,-3.607042657456522e-05
1,0.002941500000000533,0.7192504380282001,0.0001865474305737524,-12.0,-0.3593453960027652,12.0,-0.001200469927352919,3.595319434333389e-05,3.595319452988132e-05,7.192504380282001e-05,0.001092598906693304,-3.59531943433339e-05
1,0.002941700000000533,0.7169047507895374,0.0001866403146320861,-12.0,-0.3581724130564176,12.0,-0.001200300439010295,3.583590533710496e-05,3.583590552374527e-05,7.169047507895374e-05,0.001092781252542127,-3.583590533710497e-05
1,0.0029419000000005333,0.7145579314605407,0.0001867329039983157,-12.0,-0.3569988645069438,12.0,-0.001200130847836059,3.571855974109422e-05,3.571855992782712e-05,7.145579314605407e-05,0.001092963665346829,-3.571855974109421e-05
1,0.0029421000000005334,0.7122099837471559,0.0001868251985279457,-12.0,-0.3558247522075341,12.0,-0.001199961154067973,3.56011577406062e-05,3.56011579274314e-05,7.12209983747156e-05,0.001093146144789253,-3.560115774060621e-05
1,0.0029423000000005336,0.7098609113571013,0.0001869171980757312,-12.0,-0.3546500780122651,12.0,-0.001199791357943993,3.548369952103408e-05,3.548369970795128e-05,7.098609113571013e-05,0.001093328690551287,-3.548369952103408e-05
1,0.0029425000000005337,0.7075107179998964,0.0001870089024920418,-12.0,-0.3534748437761212,12.0,-0.001199621459702399,3.536618526786132e-05,3.536618545487022e-05,7.075107179998965e-05,0.001093511302314727,-3.536618526786132e-05
1,0.0029427000000005338,0.7051594073868234,0.0001871003116384884,-12.0,-0.3522990513549508,12.0,-0.001199451459581613,3.524861516665894e-05,3.524861535375925e-05,7.051594073868235e-05,0.001093693979761425,-3.524861516665893e-05
1,0.002942900000000534,0.7028069832309033,0.000187191425368799,-12.0,-0.3511227026054842,12.0,-0.001199281357820388,3.51309894030853e-05,3.513098959027672e-05,7.028069832309034e-05,0.001093876722573169,-3.51309894030853e-05
1,0.002943100000000534,0.7004534492469517,0.0001872822435357302,-12.0,-0.3499457993853499,12.0,-0.001199111154657713,3.501330816288856e-05,3.50133083501708e-05,7.004534492469518e-05,0.001094059530431721,-3.501330816288856e-05
1,0.002943300000000534,0.6980988091515244,0.0001873727660017532,-12.0,-0.348768343553032,12.0,-0.001198940850332772,3.489557163190337e-05,3.489557181927614e-05,6.980988091515245e-05,0.00109424240301887,-3.489557163190338e-05
1,0.0029435000000005342,0.695743066662906,0.0001874629926215399,-12.0,-0.3475903369678907,12.0,-0.001198770445085054,3.477777999605122e-05,3.477778018351422e-05,6.95743066662906e-05,0.001094425340016351,-3.477777999605123e-05
1,0.0029437000000005343,0.6933862255011406,0.0001875529232523709,-12.0,-0.3464117814901625,12.0,-0.001198599939154249,3.465993344134149e-05,3.465993362889441e-05,6.933862255011406e-05,0.001094608341105911,-3.465993344134148e-05
1,0.0029439000000005345,0.6910282893880105,0.0001876425577526375,-12.0,-0.3452326789809507,12.0,-0.001198429332780318,3.454203215387035e-05,3.45420323415129e-05,6.910282893880105e-05,0.001094791405969256,-3.454203215387034e-05
1,0.0029441000000005346,0.6886692620470126,0.0001877318959832841,-12.0,-0.3440530313022125,12.0,-0.001198258626203472,3.442407631981957e-05,3.442407650755147e-05,6.886692620470126e-05,0.001094974534288091,-3.442407631981958e-05
1,0.0029443000000005347,0.6863091472033716,0.0001878209378004536,-12.0,-0.3428728403167758,12.0,-0.001198087819664136,3.430606612545763e-05,3.430606631327856e-05,6.863091472033715e-05,0.001095157725744117,-3.430606612545763e-05
1,0.002944500000000535,0.6839479485840418,0.0001879096830648408,-12.0,-0.3416921078883267,12.0,-0.001197916913403013,3.418800175713916e-05,3.418800194504885e-05,6.839479485840419e-05,0.001095340980018997,-3.418800175713915e-05
1,0.002944700000000535,0.6815856699176703,0.0001879981316384449,-12.0,-0.3405108358813962,12.0,-0.001197745907661023,3.406988340130347e-05,3.40698835893016e-05,6.815856699176703e-05,0.001095524296794409,-3.406988340130347e-05
1,0.002944900000000535,0.6792223149346175,0.0001880862833790187,-12.0,-0.3393290261613774,12.0,-0.001197574802679367,3.395171124447564e-05,3.395171143256193e-05,6.792223149346175e-05,0.001095707675751997,-3.395171124447564e-05
1,0.002945100000000535,0.6768578873669532,0.0001881741381486168,-12.0,-0.3381466805945124,12.0,-0.001197403598699451,3.38334854732661e-05,3.383348566144023e-05,6.768578873669533e-05,0.001095891116573412,-3.38334854732661e-05
1,0.0029453000000005353,0.6744923909484247,0.0001882616958105154,-12.0,-0.3369638010478796,12.0,-0.001197232295962934,3.371520627436901e-05,3.371520646263071e-05,6.744923909484247e-05,0.001096074618940304,-3.371520627436902e-05
1,0.0029455000000005354,0.6721258294144725,0.000188348956224077,-12.0,-0.3357803893894106,12.0,-0.001197060894711756,3.359687383456347e-05,3.359687402291242e-05,6.721258294144725e-05,0.001096258182534254,-3.359687383456347e-05
1,0.0029457000000005355,0.6697582065022308,0.0001884359192526053,-12.0,-0.3345964474878773,12.0,-0.001196889395188035,3.347848834071299e-05,3.347848852914891e-05,6.697582065022308e-05,0.001096441807036927,-3.347848834071299e-05
1,0.0029459000000005356,0.6673895259504968,0.0001885225847601812,-12.0,-0.3334119772128822,12.0,-0.001196717797634195,3.336004997976424e-05,3.336005016828683e-05,6.673895259504969e-05,0.001096625492129889,-3.336004997976424e-05
1,0.0029461000000005357,0.665019791499733,0.0001886089526098034,-12.0,-0.3322269804348623,12.0,-0.001196546102292861,3.32415589387472e-05,3.324155912735616e-05,6.65019791499733e-05,0.001096809237494771,-3.324155893874721e-05
1,0.002946300000000536,0.6626490068920776,0.0001886950226641093,-12.0,-0.3310414590250924,12.0,-0.001196374309406903,3.312301540477566e-05,3.312301559347068e-05,6.626490068920776e-05,0.001096993042813167,-3.312301540477566e-05
1,0.002946500000000536,0.6602771758713314,0.0001887807947877629,-12.0,-0.3298554148556762,12.0,-0.0011962024192195,3.300441956504639e-05,3.300441975382718e-05,6.602771758713314e-05,0.001097176907766638,-3.300441956504639e-05
1,0.002946700000000536,0.6579043021829333,0.0001888662688476483,-12.0,-0.3286688497995324,12.0,-0.001196030431973971,3.288577160683802e-05,3.288577179570429e-05,6.579043021829333e-05,0.001097360832036778,-3.288577160683801e-05
1,0.002946900000000536,0.6555303895739734,0.0001889514447063201,-12.0,-0.3274817657304128,12.0,-0.001195858347913942,3.276707171751191e-05,3.276707190646335e-05,6.555303895739734e-05,0.001097544815305176,-3.276707171751191e-05
1,0.0029471000000005363,0.6531554417931942,0.0001890363222304126,-12.0,-0.3262941645228883,12.0,-0.001195686167283272,3.264832008451186e-05,3.264832027354819e-05,6.531554417931942e-05,0.001097728857253413,-3.264832008451188e-05
1,0.0029473000000005364,0.6507794625909552,0.000189120901287837,-12.0,-0.3251060480523367,12.0,-0.001195513890326051,3.252951689536246e-05,3.252951708448337e-05,6.507794625909552e-05,0.001097912957563028,-3.252951689536246e-05
1,0.0029475000000005365,0.6484024557192508,0.0001892051817427298,-12.0,-0.3239174181949594,12.0,-0.001195341517286598,3.241066233767023e-05,3.241066252687541e-05,6.484024557192508e-05,0.00109809711591561,-3.241066233767021e-05
1,0.0029477000000005366,0.6460244249317096,0.0001892891634630023,-12.0,-0.3227282768277687,12.0,-0.001195169048409536,3.229175659912317e-05,3.229175678841233e-05,6.460244249317097e-05,0.001098281331992725,-3.229175659912317e-05
1,0.0029479000000005367,0.6436453739835605,0.0001893728463183697,-12.0,-0.3215386258285742,12.0,-0.001194996483939635,3.217279986748925e-05,3.217280005686211e-05,6.436453739835605e-05,0.001098465605475944,-3.217279986748926e-05
1,0.002948100000000537,0.6412653066316523,0.0001894562301732183,-12.0,-0.320348467076004,12.0,-0.001194823824122004,3.205379233061772e-05,3.205379252007395e-05,6.412653066316523e-05,0.001098649936046813,-3.205379233061773e-05
1,0.002948300000000537,0.6388842266344361,0.0001895393149002611,-12.0,-0.3191578024494746,12.0,-0.001194651069201899,3.193473417643748e-05,3.193473436597679e-05,6.388842266344361e-05,0.001098834323386907,-3.193473417643749e-05
1,0.002948500000000537,0.6365021377519593,0.0001896221003649945,-12.0,-0.3179666338292111,12.0,-0.001194478219424887,3.181562559295761e-05,3.181562578257972e-05,6.365021377519594e-05,0.00109901876717779,-3.181562559295762e-05
1,0.002948700000000537,0.6341190437458767,0.0001897045864382996,-12.0,-0.316774963096235,12.0,-0.001194305275036729,3.169646676826734e-05,3.169646695797192e-05,6.341190437458768e-05,0.00109920326710105,-3.169646676826734e-05
1,0.0029489000000005373,0.6317349483794111,0.0001897867729918346,-12.0,-0.3155827921323501,12.0,-0.001194132236283479,3.15772578905342e-05,3.157725808032097e-05,6.317349483794112e-05,0.001099387822838211,-3.15772578905342e-05
1,0.0029491000000005374,0.6293498554173736,0.0001898686598930943,-12.0,-0.3143901228201606,12.0,-0.001193959103411392,3.145799914800537e-05,3.145799933787403e-05,6.293498554173736e-05,0.00109957243407087,-3.145799914800537e-05
1,0.0029493000000005375,0.6269637686261622,0.0001899502470142089,-12.0,-0.3131969570430574,12.0,-0.001193785876666936,3.133869072900716e-05,3.133869091895741e-05,6.269637686261623e-05,0.00109975710048062,-3.133869072900716e-05
1,0.0029495000000005376,0.6245766917737264,0.0001900315342283909,-12.0,-0.3120032966852054,12.0,-0.00119361255629688,3.121933282194338e-05,3.12193330119749e-05,6.245766917737264e-05,0.001099941821749016,-3.121933282194338e-05
1,0.0029497000000005377,0.6221886286295899,0.0001901125214038846,-12.0,-0.310809143631564,12.0,-0.001193439142548207,3.109992561529679e-05,3.10999258054093e-05,6.221886286295899e-05,0.001100126597557639,-3.109992561529679e-05
1,0.002949900000000538,0.6197995829648303,0.0001901932084173441,-12.0,-0.309614499767857,12.0,-0.001193265635668128,3.098046929762744e-05,3.098046948782065e-05,6.197995829648303e-05,0.001100311427588086,-3.098046929762744e-05
1,0.002950100000000538,0.6174095585520729,0.0001902735951378465,-12.0,-0.3084193669805937,12.0,-0.001193092035904113,3.086096405757316e-05,3.086096424784676e-05,6.17409558552073e-05,0.00110049631152196,-3.086096405757316e-05
1,0.002950300000000538,0.6150185591655044,0.0001903536814400753,-12.0,-0.3072237471570552,12.0,-0.001192918343503831,3.074141008384954e-05,3.074141027420322e-05,6.150185591655044e-05,0.001100681249040857,-3.074141008384953e-05
1,0.002950500000000538,0.6126265885808311,0.0001904334671994357,-12.0,-0.3060276421852817,12.0,-0.001192744558715257,3.062180756524811e-05,3.062180775568159e-05,6.12626588580831e-05,0.001100866239826373,-3.062180756524811e-05
1,0.0029507000000005383,0.6102336505753048,0.0001905129522866977,-12.0,-0.3048310539540928,12.0,-0.001192570681786524,3.050215669063796e-05,3.050215688115091e-05,6.102336505753048e-05,0.00110105128356015,-3.050215669063795e-05
1,0.0029509000000005384,0.6078397489277011,0.0001905921365807084,-12.0,-0.3036339843530581,12.0,-0.001192396712966077,3.038245764896388e-05,3.038245783955602e-05,6.078397489277011e-05,0.001101236379923782,-3.038245764896388e-05
1,0.0029511000000005385,0.6054448874183138,0.0001906710199531814,-12.0,-0.302436435272517,12.0,-0.001192222652502534,3.026271062924702e-05,3.026271081991803e-05,6.054448874183138e-05,0.001101421528598941,-3.026271062924702e-05
1,0.0029513000000005386,0.6030490698289677,0.0001907496022807986,-12.0,-0.3012384086035667,12.0,-0.001192048500644815,3.014291582058475e-05,3.014291601133434e-05,6.030490698289677e-05,0.001101606729267252,-3.014291582058475e-05
1,0.0029515000000005388,0.6006522999429786,0.0001908278834418242,-12.0,-0.3000399062380477,12.0,-0.001191874257642011,3.002307341214895e-05,3.002307360297684e-05,6.006522999429787e-05,0.001101791981610374,-3.002307341214896e-05
1,0.002951700000000539,0.5982545815451716,0.0001909058633097482,-12.0,-0.2988409300685625,12.0,-0.001191699923743485,2.990318359318723e-05,2.99031837840931e-05,5.982545815451716e-05,0.001101977285309981,-2.990318359318723e-05
1,0.002951900000000539,0.5958559184218817,0.0001909835417626959,-12.0,-0.2976414819884614,12.0,-0.001191525499198865,2.978324655302241e-05,2.978324674400595e-05,5.958559184218817e-05,0.001102162640047741,-2.978324655302242e-05
1,0.002952100000000539,0.5934563143609188,0.0001910609186802359,-12.0,-0.2964415638918299,12.0,-0.001191350984257957,2.966326248105101e-05,2.966326267211193e-05,5.934563143609189e-05,0.001102348045505359,-2.966326248105101e-05
1,0.002952300000000539,0.591055773151584,0.0001911379939374958,-12.0,-0.2952411776735058,12.0,-0.001191176379170836,2.954323156674433e-05,2.954323175788233e-05,5.91055773151584e-05,0.001102533501364529,-2.954323156674433e-05
1,0.0029525000000005393,0.58865429858467,0.0001912147674140996,-12.0,-0.2940403252290661,12.0,-0.001191001684187808,2.942315399964802e-05,2.94231541908628e-05,5.8865429858467e-05,0.001102719007306983,-2.942315399964802e-05
1,0.0029527000000005394,0.5862518944524298,0.0001912912389899768,-12.0,-0.2928390084548175,12.0,-0.001190826899559416,2.930302996938075e-05,2.930303016067199e-05,5.862518944524298e-05,0.001102904563014449,-2.930302996938075e-05
1,0.0029529000000005396,0.583848564548576,0.0001913674085450845,-12.0,-0.2916372292477963,12.0,-0.001190652025536431,2.918285966563414e-05,2.918285985700155e-05,5.83848564548576e-05,0.001103090168168674,-2.918285966563414e-05
1,0.0029531000000005397,0.5814443126683089,0.0001914432759548002,-12.0,-0.2904349895057895,12.0,-0.001190477062369872,2.906264327817443e-05,2.90626434696177e-05,5.814443126683089e-05,0.00110327582245142,-2.906264327817443e-05
1,0.0029533000000005398,0.5790391426082755,0.0001915188411055757,-12.0,-0.2892322911272909,12.0,-0.001190302010310975,2.894238099683965e-05,2.89423811883585e-05,5.790391426082755e-05,0.00110346152554449,-2.894238099683965e-05
1,0.00295350000000054,0.5766330581665526,0.0001915941038754254,-12.0,-0.2880291360115221,12.0,-0.00119012686961123,2.882207301153976e-05,2.882207320313386e-05,5.766330581665526e-05,0.001103647277129662,-2.882207301153976e-05
1,0.00295370000000054,0.5742260631426825,0.0001916690641453334,-12.0,-0.2868255260584326,12.0,-0.001189951640522359,2.87017195122578e-05,2.870171970392686e-05,5.742260631426826e-05,0.001103833076888758,-2.87017195122578e-05
1,0.00295390000000054,0.5718181613376468,0.0001917437217972828,-12.0,-0.2856214631686902,12.0,-0.001189776323296299,2.858132068904876e-05,2.858132088079248e-05,5.718181613376469e-05,0.001104018924503621,-2.858132068904875e-05
1,0.0029541000000005402,0.5694093565538445,0.0001918180767158106,-12.0,-0.2844169492436678,12.0,-0.001189600918185235,2.846087673203837e-05,2.846087692385644e-05,5.694093565538446e-05,0.001104204819656108,-2.846087673203836e-05
1,0.0029543000000005403,0.5669996525951062,0.0001918921287807906,-12.0,-0.2832119861854606,12.0,-0.001189425425441589,2.834038783142414e-05,2.834038802331627e-05,5.669996525951062e-05,0.00110439076202809,-2.834038783142414e-05
1,0.0029545000000005405,0.5645890532666933,0.0001919658778763988,-12.0,-0.2820065758968733,12.0,-0.001189249845318017,2.821985417747497e-05,2.821985436944084e-05,5.645890532666933e-05,0.001104576751301458,-2.821985417747497e-05
1,0.0029547000000005406,0.5621775623752644,0.0001920393238884488,-12.0,-0.2808007202814063,12.0,-0.001189074178067403,2.809927596052947e-05,2.80992761525688e-05,5.621775623752644e-05,0.001104762787158122,-2.809927596052948e-05
1,0.0029549000000005407,0.5597651837288912,0.0001921124666981466,-12.0,-0.2795944212432737,12.0,-0.001188898423942854,2.797865337099719e-05,2.797865356310965e-05,5.597651837288912e-05,0.001104948869280042,-2.797865337099719e-05
1,0.002955100000000541,0.5573519211370597,0.0001921853061913059,-12.0,-0.2783876806873898,12.0,-0.001188722583197736,2.785798659935811e-05,2.785798679154342e-05,5.573519211370597e-05,0.001105134997349159,-2.785798659935811e-05
1,0.002955300000000541,0.5549377784106378,0.0001922578422542676,-12.0,-0.2771805005193591,12.0,-0.001188546656085619,2.773727583616134e-05,2.773727602841918e-05,5.549377784106379e-05,0.001105321171047478,-2.773727583616133e-05
1,0.002955500000000541,0.552522759361875,0.0001923300747730672,-12.0,-0.2759728826454771,12.0,-0.001188370642860304,2.761652127202502e-05,2.76165214643551e-05,5.525227593618751e-05,0.001105507390057006,-2.761652127202502e-05
1,0.002955700000000541,0.55010686780443,0.0001924020036292717,-12.0,-0.2747648289727511,12.0,-0.001188194543775868,2.749572309763804e-05,2.749572329004004e-05,5.5010686780443e-05,0.001105693654059759,-2.749572309763804e-05
1,0.0029559000000005413,0.5476901075533306,0.0001924736287156614,-12.0,-0.2735563414088556,12.0,-0.001188018359086579,2.737488150375713e-05,2.737488169623075e-05,5.476901075533306e-05,0.0011058799627378,-2.737488150375713e-05
1,0.0029561000000005414,0.5452724824249516,0.0001925449499170229,-12.0,-0.2723474218621508,12.0,-0.001187842089046948,2.725399668120679e-05,2.725399687375173e-05,5.452724824249517e-05,0.001106066315773216,-2.725399668120678e-05
1,0.0029563000000005415,0.5428539962370705,0.0001926159671175598,-12.0,-0.2711380722416993,12.0,-0.001187665733911707,2.713306882088168e-05,2.713306901349765e-05,5.428539962370706e-05,0.001106252712848112,-2.713306882088168e-05
1,0.0029565000000005416,0.5404346528088105,0.0001926866802107463,-12.0,-0.2699282944572223,12.0,-0.001187489293935844,2.701209811374331e-05,2.701209830642999e-05,5.404346528088105e-05,0.001106439153644629,-2.701209811374331e-05
1,0.0029567000000005417,0.5380144559606265,0.0001927570890833397,-12.0,-0.2687180904191173,12.0,-0.001187312769374539,2.689108475082007e-05,2.689108494357716e-05,5.380144559606265e-05,0.001106625637844937,-2.689108475082007e-05
1,0.002956900000000542,0.5355934095143566,0.0001928271936206538,-12.0,-0.2675074620384754,12.0,-0.001187136160483254,2.677002892320961e-05,2.67700291160368e-05,5.355934095143566e-05,0.001106812165131216,-2.67700289232096e-05
1,0.002957100000000542,0.5331715172931678,0.0001928969937178837,-12.0,-0.2662964112270371,12.0,-0.00118695946751763,2.66489308220755e-05,2.66489310149725e-05,5.331715172931678e-05,0.001106998735185702,-2.66489308220755e-05
1,0.002957300000000542,0.5307487831215437,0.0001929664892623417,-12.0,-0.2650849398972135,12.0,-0.001186782690733558,2.652779063864758e-05,2.652779083161407e-05,5.307487831215438e-05,0.001107185347690644,-2.652779063864759e-05
1,0.002957500000000542,0.5283252108253186,0.0001930356801438382,-12.0,-0.2638730499620867,12.0,-0.001186605830387193,2.640660856422306e-05,2.640660875725874e-05,5.283252108253186e-05,0.0011073720023283,-2.640660856422306e-05
1,0.0029577000000005423,0.5259008042316519,0.0001931045662536823,-12.0,-0.2626607433353997,12.0,-0.001186428886734838,2.628538479016534e-05,2.628538498326991e-05,5.259008042316519e-05,0.001107558698781028,-2.628538479016535e-05
1,0.0029579000000005424,0.5234755671690057,0.0001931731474852927,-12.0,-0.2614480219315434,12.0,-0.001186251860033127,2.616411950790287e-05,2.616411970107602e-05,5.234755671690057e-05,0.00110774543673112,-2.616411950790287e-05
1,0.0029581000000005425,0.5210495034671593,0.0001932414237278413,-12.0,-0.2602348876655737,12.0,-0.001186074750538828,2.604281290893016e-05,2.604281310217157e-05,5.210495034671593e-05,0.001107932215860995,-2.604281290893015e-05
1,0.0029583000000005426,0.518622616957209,0.0001933093948745801,-12.0,-0.2590213424531987,12.0,-0.001185897558509005,2.592146518480733e-05,2.592146537811672e-05,5.186226169572091e-05,0.001108119035853047,-2.592146518480733e-05
1,0.0029585000000005427,0.5161949114715322,0.0001933770608203156,-12.0,-0.257807388210765,12.0,-0.001185720284200917,2.580007652715853e-05,2.580007672053559e-05,5.161949114715322e-05,0.001108305896389702,-2.580007652715854e-05
1,0.002958700000000543,0.5137663908438064,0.000193444421455552,-12.0,-0.2565930268552756,12.0,-0.001185542927872069,2.567864712767312e-05,2.567864732111754e-05,5.137663908438064e-05,0.001108492797153453,-2.567864712767312e-05
1,0.002958900000000543,0.5113370589090073,0.0001935114766750679,-12.0,-0.2553782603043762,12.0,-0.001185365489780158,2.555717717810513e-05,2.555717737161661e-05,5.113370589090073e-05,0.001108679737826818,-2.555717717810513e-05
1,0.002959100000000543,0.5089069195033789,0.0001935782263743635,-12.0,-0.2541630904763456,12.0,-0.001185187970183164,2.5435666870272e-05,2.543566706385023e-05,5.089069195033788e-05,0.001108866718092322,-2.5435666870272e-05
1,0.002959300000000543,0.5064759764644311,0.0001936446704486339,-12.0,-0.2529475192900959,12.0,-0.00118501036933924,2.531411639605445e-05,2.531411658969912e-05,5.064759764644312e-05,0.001109053737632572,-2.531411639605446e-05
1,0.0029595000000005433,0.5040442336309692,0.000193710808788522,-12.0,-0.2517315486651938,12.0,-0.001184832687506798,2.519252594739822e-05,2.519252614110904e-05,5.040442336309692e-05,0.001109240796130177,-2.519252594739823e-05
1,0.0029597000000005434,0.5016116948430519,0.0001937766412958564,-12.0,-0.2505151805218158,12.0,-0.001184654924944489,2.507089571631116e-05,2.50708959100878e-05,5.016116948430519e-05,0.001109427893267779,-2.507089571631116e-05
1,0.0029599000000005435,0.4991783639419753,0.0001938421678640279,-12.0,-0.2492984167807699,12.0,-0.001184477081911144,2.49492258948634e-05,2.494922608870556e-05,4.991783639419753e-05,0.001109615028728094,-2.494922589486339e-05
1,0.0029601000000005436,0.496744244770307,0.0001939073883893694,-12.0,-0.2480812593634956,12.0,-0.001184299158665861,2.48275166751885e-05,2.482751686909588e-05,4.967442447703071e-05,0.001109802202193838,-2.48275166751885e-05
1,0.0029603000000005437,0.4943093411718614,0.0001939723027691298,-12.0,-0.246863710192054,12.0,-0.001184121155467944,2.470576824948232e-05,2.470576844345462e-05,4.943093411718614e-05,0.001109989413347796,-2.470576824948232e-05
1,0.002960500000000544,0.4918736569916772,0.000194036910903278,-12.0,-0.2456457711891146,12.0,-0.001183943072576937,2.458398081000178e-05,2.45839810040387e-05,4.918736569916772e-05,0.001110176661872776,-2.458398081000179e-05
1,0.002960700000000544,0.4894371960760307,0.0001941012126870367,-12.0,-0.2444274442779727,12.0,-0.001183764910252582,2.446215454906597e-05,2.446215474316718e-05,4.894371960760307e-05,0.001110363947451624,-2.446215454906598e-05
1,0.002960900000000544,0.4869999622724367,0.000194165208020014,-12.0,-0.2432087313825363,12.0,-0.001183586668754889,2.434028965905563e-05,2.434028985322084e-05,4.869999622724367e-05,0.001110551269767231,-2.434028965905563e-05
1,0.002961100000000544,0.4845619594296124,0.0001942288968032058,-12.0,-0.2419896344273125,12.0,-0.001183408348344048,2.421838633241157e-05,2.421838652664046e-05,4.845619594296125e-05,0.001110738628502542,-2.421838633241157e-05
1,0.0029613000000005443,0.4821231913974962,0.0001942922789334445,-12.0,-0.2407701553374252,12.0,-0.001183229949280495,2.409644476163587e-05,2.409644495592814e-05,4.821231913974963e-05,0.001110926023340536,-2.409644476163586e-05
1,0.0029615000000005444,0.4796836620272463,0.0001943553543118648,-12.0,-0.2395502960386018,12.0,-0.001183051471824896,2.397446513929137e-05,2.397446533364672e-05,4.796836620272464e-05,0.001111113453964224,-2.397446513929137e-05
1,0.0029617000000005445,0.4772433751712047,0.0001944181228409059,-12.0,-0.2383300584571598,12.0,-0.001182872916238135,2.385244765800008e-05,2.385244785241819e-05,4.772433751712048e-05,0.001111300920056676,-2.385244765800007e-05
1,0.0029619000000005447,0.4748023346829212,0.0001944805844179831,-12.0,-0.2371094445200277,12.0,-0.001182694282781314,2.373039251044457e-05,2.373039270492516e-05,4.748023346829212e-05,0.001111488421300984,-2.373039251044458e-05
1,0.0029621000000005448,0.4723605444171311,0.0001945427389489218,-12.0,-0.2358884561547148,12.0,-0.001182515571715764,2.360829988936637e-05,2.360830008390911e-05,4.723605444171311e-05,0.001111675957380324,-2.360829988936637e-05
1,0.002962300000000545,0.4699180082297512,0.0001946045863320811,-12.0,-0.2346670952893316,12.0,-0.001182336783303033,2.348616998756637e-05,2.348617018217096e-05,4.699180082297512e-05,0.001111863527977874,-2.348616998756637e-05
1,0.002962500000000545,0.4674747299778909,0.0001946661264713156,-12.0,-0.2334453638525772,12.0,-0.001182157917804898,2.336400299790485e-05,2.336400319257098e-05,4.674747299778909e-05,0.001112051132776889,-2.336400299790485e-05
1,0.002962700000000545,0.4650307135198122,0.0001947273592713683,-12.0,-0.2322232637737254,12.0,-0.001181978975483357,2.324179911329968e-05,2.324179930802704e-05,4.650307135198122e-05,0.001112238771460668,-2.324179911329968e-05
1,0.0029629000000005452,0.462585962714954,0.0001947882846321247,-12.0,-0.2310007969826459,12.0,-0.001181799956600633,2.311955852672781e-05,2.311955872151609e-05,4.625859627149541e-05,0.001112426443712525,-2.311955852672781e-05
1,0.0029631000000005453,0.4601404814239116,0.0001948489024619637,-12.0,-0.2297779654097738,12.0,-0.001181620861419163,2.299728143122357e-05,2.299728162607248e-05,4.601404814239116e-05,0.001112614149215863,-2.299728143122358e-05
1,0.0029633000000005454,0.4576942735084291,0.0001949092126613539,-12.0,-0.2285547709861304,12.0,-0.001181441690201613,2.287496801987918e-05,2.287496821478839e-05,4.576942735084291e-05,0.00111280188765411,-2.287496801987918e-05
1,0.0029635000000005456,0.455247342831415,0.0001949692151367588,-12.0,-0.2273312156433102,12.0,-0.001181262443210856,2.27526184858447e-05,2.275261868081391e-05,4.55247342831415e-05,0.001112989658710768,-2.27526184858447e-05
1,0.0029637000000005457,0.4527996932568989,0.0001950289097954194,-12.0,-0.2261073013134672,12.0,-0.001181083120710014,2.263023302232626e-05,2.263023321735517e-05,4.527996932568989e-05,0.001113177462069345,-2.263023302232626e-05
1,0.002963900000000546,0.4503513286500518,0.0001950882965403022,-12.0,-0.2248830299293325,12.0,-0.001180903722962406,2.250781182258729e-05,2.250781201767558e-05,4.503513286500518e-05,0.001113365297413425,-2.250781182258728e-05
1,0.002964100000000546,0.4479022528771869,0.0001951473752788979,-12.0,-0.2236584034242013,12.0,-0.00118072425023158,2.238535507994803e-05,2.23853552750954e-05,4.479022528771869e-05,0.001113553164426663,-2.238535507994803e-05
1,0.002964300000000546,0.4454524698057211,0.0001952061459199461,-12.0,-0.2224334237319192,12.0,-0.00118054470278129,2.226286298778392e-05,2.226286318299006e-05,4.454524698057212e-05,0.001113741062792741,-2.226286298778391e-05
1,0.002964500000000546,0.4430019833041996,0.0001952646083671628,-12.0,-0.221208092786903,12.0,-0.001180365080875528,2.214033573952702e-05,2.214033593479162e-05,4.430019833041996e-05,0.001113928992195392,-2.214033573952702e-05
1,0.0029647000000005462,0.4405507972422749,0.0001953227625326737,-12.0,-0.2199824125241108,12.0,-0.001180185384778522,2.201777352866435e-05,2.201777372398711e-05,4.40550797242275e-05,0.001114116952318393,-2.201777352866435e-05
1,0.0029649000000005464,0.4380989154907005,0.000195380608321194,-12.0,-0.2187563848790623,12.0,-0.001180005614754662,2.189517654873835e-05,2.189517674411896e-05,4.380989154907005e-05,0.001114304942845621,-2.189517654873836e-05
1,0.0029651000000005465,0.4356463419213437,0.0001954381456427401,-12.0,-0.2175300117878262,12.0,-0.001179825771068614,2.17725449933469e-05,2.177254518878505e-05,4.356463419213437e-05,0.001114492963460941,-2.17725449933469e-05
1,0.0029653000000005466,0.4331930804071452,0.0001954953744086052,-12.0,-0.216303295187006,12.0,-0.001179645853985233,2.164987905614146e-05,2.164987925163683e-05,4.331930804071452e-05,0.001114681013848338,-2.164987905614146e-05
1,0.0029655000000005467,0.4307391348221383,0.0001955522945254751,-12.0,-0.215076237013758,12.0,-0.001179465863769602,2.152717893082835e-05,2.152717912638064e-05,4.307391348221383e-05,0.001114869093691802,-2.152717893082835e-05
1,0.002965700000000547,0.428284509041449,0.0001956089059048371,-12.0,-0.2138488392057781,12.0,-0.001179285800687015,2.14044448111683e-05,2.140444500677721e-05,4.28284509041449e-05,0.001115057202675407,-2.14044448111683e-05
1,0.002965900000000547,0.4258292069412584,0.0001956652084593724,-12.0,-0.2126211037012881,12.0,-0.00117910566500299,2.128167689097475e-05,2.128167708663995e-05,4.258292069412584e-05,0.001115245340483271,-2.128167689097474e-05
1,0.002966100000000547,0.4233732323988227,0.0001957212020974042,-12.0,-0.2113930324390533,12.0,-0.001178925456983268,2.115887536411507e-05,2.115887555983627e-05,4.233732323988227e-05,0.001115433506799574,-2.115887536411507e-05
1,0.002966300000000547,0.4209165892924716,0.0001957768867316967,-12.0,-0.2101646273583694,12.0,-0.001178745176893776,2.103604042451011e-05,2.103604062028699e-05,4.209165892924716e-05,0.001115621701308557,-2.103604042451011e-05
1,0.0029665000000005473,0.4184592815015717,0.0001958322622763742,-12.0,-0.2089358903990486,12.0,-0.001178564825000707,2.091317226613251e-05,2.091317246196477e-05,4.184592815015718e-05,0.001115809923694505,-2.09131722661325e-05
1,0.0029667000000005474,0.4160013129065513,0.0001958873286405649,-12.0,-0.2077068235014415,12.0,-0.001178384401570434,2.079027108300821e-05,2.079027127889554e-05,4.160013129065513e-05,0.001115998173641785,-2.079027108300821e-05
1,0.0029669000000005475,0.4135426873888777,0.0001959420857417793,-12.0,-0.2064774286064053,12.0,-0.001178203906869551,2.066733706921471e-05,2.06673372651568e-05,4.135426873888777e-05,0.001116186450834805,-2.066733706921471e-05
1,0.0029671000000005476,0.4110834088310568,0.0001959965334890901,-12.0,-0.2052477076553294,12.0,-0.001178023341164885,2.054437041888186e-05,2.054437061487839e-05,4.110834088310569e-05,0.001116374754958044,-2.054437041888185e-05
1,0.0029673000000005477,0.4086234811166261,0.0001960506718014787,-12.0,-0.2040176625901041,12.0,-0.001177842704723459,2.042137132619056e-05,2.042137152224123e-05,4.086234811166261e-05,0.001116563085696024,-2.042137132619056e-05
1,0.002967500000000548,0.4061629081301426,0.0001961045005895723,-12.0,-0.2027872953531419,12.0,-0.00117766199781252,2.029833998537315e-05,2.029834018147765e-05,4.061629081301426e-05,0.00111675144273336,-2.029833998537314e-05
1,0.002967700000000548,0.4037016937571988,0.0001961580197701041,-12.0,-0.201556607887364,12.0,-0.001177481220699543,2.017527659071342e-05,2.017527678687144e-05,4.037016937571989e-05,0.001116939825754684,-2.017527659071342e-05
1,0.002967900000000548,0.4012398418843798,0.0001962112292603346,-12.0,-0.2003256021361871,12.0,-0.001177300373652181,2.005218133654475e-05,2.005218153275598e-05,4.012398418843798e-05,0.001117128234444743,-2.005218133654475e-05
1,0.002968100000000548,0.3987773563992847,0.0001962641289735556,-12.0,-0.1990942800435407,12.0,-0.001177119456938335,1.992905441725143e-05,1.992905461351556e-05,3.987773563992847e-05,0.00111731666848832,-1.992905441725143e-05
1,0.0029683000000005483,0.3963142411905249,0.0001963167188275272,-12.0,-0.197862643553854,12.0,-0.001176938470826113,1.980589602726815e-05,1.980589622358487e-05,3.963142411905249e-05,0.001117505127570247,-1.980589602726815e-05
1,0.0029685000000005484,0.3938505001476876,0.0001963689987411754,-12.0,-0.196630694612042,12.0,-0.001176757415583818,1.968270636107832e-05,1.968270655744732e-05,3.938505001476876e-05,0.00111769361137545,-1.968270636107832e-05
1,0.0029687000000005485,0.3913861371613547,0.0001964209686291796,-12.0,-0.1953984351635239,12.0,-0.001176576291480002,1.955948561321531e-05,1.955948580963627e-05,3.913861371613547e-05,0.001117882119588895,-1.955948561321531e-05
1,0.0029689000000005486,0.3889211561231026,0.0001964726284107154,-12.0,-0.194165867154209,12.0,-0.001176395098783384,1.943623397826197e-05,1.94362341747346e-05,3.889211561231027e-05,0.001118070651895644,-1.943623397826197e-05
1,0.0029691000000005487,0.38645556092547,0.0001965239780054862,-12.0,-0.1929329925304869,12.0,-0.001176213837762948,1.931295165084924e-05,1.931295184737322e-05,3.8645556092547e-05,0.001118259207980785,-1.931295165084924e-05
1,0.002969300000000549,0.3839893554619553,0.0001965750173330005,-12.0,-0.191699813239228,12.0,-0.001176032508687835,1.91896388256561e-05,1.918963902223111e-05,3.839893554619553e-05,0.001118447787529515,-1.91896388256561e-05
1,0.002969500000000549,0.3815225436270483,0.0001966257463080767,-12.0,-0.1904663312278046,12.0,-0.001175851111827442,1.906629569741127e-05,1.906629589403701e-05,3.815225436270483e-05,0.001118636390227072,-1.906629569741127e-05
1,0.002969700000000549,0.3790551293161869,0.0001966761648570237,-12.0,-0.1892325484440462,12.0,-0.001175669647451361,1.894292246089033e-05,1.894292265756649e-05,3.790551293161869e-05,0.001118825015758756,-1.894292246089033e-05
1,0.002969900000000549,0.3765871164257391,0.0001967262728973518,-12.0,-0.1879984668362608,12.0,-0.001175488115829383,1.881951931091582e-05,1.881951950764209e-05,3.765871164257391e-05,0.001119013663809964,-1.881951931091582e-05
1,0.0029701000000005493,0.3741185088530409,0.0001967760703497079,-12.0,-0.1867640883532352,12.0,-0.001175306517231536,1.869608644235849e-05,1.869608663913456e-05,3.741185088530409e-05,0.001119202334066143,-1.869608644235849e-05
1,0.0029703000000005494,0.3716493104963683,0.0001968255571357796,-12.0,-0.1855294149442249,12.0,-0.001175124851928049,1.857262405013607e-05,1.857262424696163e-05,3.716493104963683e-05,0.001119391026212804,-1.857262405013607e-05
1,0.0029705000000005495,0.3691795252549155,0.0001968747331797249,-12.0,-0.1842944485589408,12.0,-0.001174943120189339,1.844913232921206e-05,1.844913252608679e-05,3.691795252549155e-05,0.001119579739935553,-1.844913232921206e-05
1,0.0029707000000005496,0.3667091570288092,0.0001969235984010942,-12.0,-0.183059191147567,12.0,-0.001174761322286066,1.832561147459681e-05,1.832561167152041e-05,3.667091570288092e-05,0.001119768474920037,-1.832561147459681e-05
1,0.0029709000000005498,0.3642382097191084,0.0001969721527238788,-12.0,-0.1818236446607469,12.0,-0.001174579458489089,1.820206168134708e-05,1.820206187831923e-05,3.642382097191084e-05,0.001119957230851995,-1.820206168134708e-05
1,0.00297110000000055,0.3617666872277687,0.0001970203960735134,-12.0,-0.1805878110495701,12.0,-0.001174397529069456,1.807848314456436e-05,1.807848334158476e-05,3.617666872277687e-05,0.001120146007417243,-1.807848314456436e-05
1,0.00297130000000055,0.3592945934576596,0.0001970683283710056,-12.0,-0.1793516922655901,12.0,-0.001174215534298452,1.795487605939611e-05,1.795487625646443e-05,3.592945934576597e-05,0.00112033480430164,-1.795487605939611e-05
1,0.00297150000000055,0.3568219323125655,0.0001971159495417901,-12.0,-0.1781152902608106,12.0,-0.001174033474447573,1.783124062103524e-05,1.783124081815119e-05,3.568219323125656e-05,0.001120523621191149,-1.783124062103524e-05
1,0.00297170000000055,0.3543487076971483,0.0001971632595128558,-12.0,-0.1768786069876722,12.0,-0.00117385134978849,1.770757702471851e-05,1.770757722188177e-05,3.543487076971483e-05,0.001120712457771792,-1.770757702471851e-05
1,0.0029719000000005503,0.3518749235169653,0.000197210258206626,-12.0,-0.1756416443990702,12.0,-0.0011736691605931,1.758388546572768e-05,1.758388566293793e-05,3.518749235169654e-05,0.001120901313729689,-1.758388546572768e-05
1,0.0029721000000005504,0.3494005836784704,0.0001972569455500894,-12.0,-0.1744044044483406,12.0,-0.001173486907133526,1.746016613938907e-05,1.746016633664602e-05,3.494005836784704e-05,0.001121090188750985,-1.746016613938907e-05
1,0.0029723000000005505,0.3469256920889808,0.0001973033214708736,-12.0,-0.1731668890892509,12.0,-0.001173304589682067,1.733641924107217e-05,1.73364194383755e-05,3.469256920889808e-05,0.001121279082521947,-1.733641924107218e-05
1,0.0029725000000005507,0.3444502526566754,0.0001973493858961339,-12.0,-0.1719291002759996,12.0,-0.001173122208511266,1.721264496618958e-05,1.721264516353897e-05,3.444502526566754e-05,0.001121467994728908,-1.721264496618958e-05
1,0.0029727000000005508,0.3419742692906256,0.0001973951387487238,-12.0,-0.1706910399632383,12.0,-0.001172939763893828,1.70888435101987e-05,1.708884370759385e-05,3.419742692906256e-05,0.001121656925058265,-1.70888435101987e-05
1,0.002972900000000551,0.3394977459007519,0.0001974405799626405,-12.0,-0.1694527101060262,12.0,-0.001172757256102698,1.696501506859889e-05,1.696501526603947e-05,3.39497745900752e-05,0.001121845873196508,-1.696501506859889e-05
1,0.002973100000000551,0.337020686397803,0.0001974857094641236,-12.0,-0.1682141126598482,12.0,-0.001172574685411019,1.684115983693123e-05,1.684116003441694e-05,3.37020686397803e-05,0.001122034838830183,-1.684115983693123e-05
1,0.002973300000000551,0.3345430946934108,0.0001975305271783301,-12.0,-0.1669752495806326,12.0,-0.00117239205209212,1.67172780107811e-05,1.671727820831163e-05,3.345430946934109e-05,0.001122223821645951,-1.67172780107811e-05
1,0.0029735000000005512,0.3320649747000352,0.0001975750330405063,-12.0,-0.1657361228247065,12.0,-0.001172209356419582,1.65933697857747e-05,1.659336998334974e-05,3.320649747000353e-05,0.001122412821330514,-1.65933697857747e-05
1,0.0029737000000005513,0.3295863303309505,0.0001976192269776272,-12.0,-0.1644967343488165,12.0,-0.001172026598667143,1.646943535757941e-05,1.646943555519864e-05,3.295863303309505e-05,0.001122601837570673,-1.646943535757942e-05
1,0.0029739000000005514,0.3271071655002804,0.0001976631089195269,-12.0,-0.1632570861101298,12.0,-0.001171843779108752,1.634547492190493e-05,1.634547511956804e-05,3.271071655002804e-05,0.001122790870053323,-1.634547492190493e-05
1,0.0029741000000005516,0.3246274841229725,0.0001977066787972603,-12.0,-0.1620171800662236,12.0,-0.001171660898018607,1.622148867450209e-05,1.622148887220877e-05,3.246274841229725e-05,0.001122979918465408,-1.622148867450209e-05
1,0.0029743000000005517,0.3221472901147757,0.0001977499365444224,-12.0,-0.1607770181750719,12.0,-0.001171477955671046,1.609747681116163e-05,1.609747700891157e-05,3.221472901147758e-05,0.001123168982493972,-1.609747681116163e-05
1,0.002974500000000552,0.3196665873922526,0.0001977928820897229,-12.0,-0.1595366023950629,12.0,-0.001171294952340661,1.597343952771527e-05,1.597343972550815e-05,3.196665873922526e-05,0.001123358061826146,-1.597343952771527e-05
1,0.002974700000000552,0.3171853798727824,0.0001978355153666178,-12.0,-0.1582959346849861,12.0,-0.001171111888302235,1.584937702003527e-05,1.584937721787079e-05,3.171853798727824e-05,0.001123547156149117,-1.584937702003528e-05
1,0.002974900000000552,0.3147036714745223,0.0001978778363097844,-12.0,-0.1570550170040182,12.0,-0.001170928763830724,1.57252894840328e-05,1.572528968191063e-05,3.147036714745223e-05,0.001123736265150213,-1.57252894840328e-05
1,0.002975100000000552,0.3122214661164274,0.0001979198448495839,-12.0,-0.1558138513117409,12.0,-0.001170745579201325,1.560117711565905e-05,1.560117731357889e-05,3.122214661164274e-05,0.001123925388516772,-1.560117711565905e-05
1,0.0029753000000005522,0.3097387677182492,0.000197961540920874,-12.0,-0.1545724395681279,12.0,-0.001170562334689424,1.547704011090487e-05,1.547704030886642e-05,3.097387677182493e-05,0.001124114525936273,-1.547704011090488e-05
1,0.0029755000000005524,0.3072555802004994,0.0001980029244598031,-12.0,-0.1533307837335307,12.0,-0.001170379030570596,1.535287866579905e-05,1.535287886380198e-05,3.072555802004994e-05,0.001124303677096254,-1.535287866579905e-05
1,0.0029757000000005525,0.3047719074844685,0.0001980439953982727,-12.0,-0.1520888857686969,12.0,-0.001170195667120644,1.522869297640952e-05,1.522869317445351e-05,3.047719074844685e-05,0.00112449284168435,-1.522869297640952e-05
1,0.0029759000000005526,0.3022877534922258,0.0001980847536726116,-12.0,-0.1508467476347564,12.0,-0.001170012244615538,1.510448323884291e-05,1.510448343692766e-05,3.022877534922258e-05,0.001124682019388271,-1.510448323884291e-05
1,0.0029761000000005527,0.2998031221465858,0.000198125199219662,-12.0,-0.1496043712932114,12.0,-0.001169828763331483,1.498024964924311e-05,1.49802498473683e-05,2.998031221465858e-05,0.001124871209895821,-1.498024964924311e-05
1,0.002976300000000553,0.2973180173711131,0.000198165331975364,-12.0,-0.1483617587059401,12.0,-0.001169645223544867,1.485599240379156e-05,1.485599260195689e-05,2.973180173711131e-05,0.001125060412894896,-1.485599240379155e-05
1,0.002976500000000553,0.2948324430901303,0.0001982051518750472,-12.0,-0.1471189118352011,12.0,-0.001169461625532274,1.473171169870761e-05,1.473171189691276e-05,2.948324430901303e-05,0.001125249628073467,-1.473171169870761e-05
1,0.002976700000000553,0.2923464032287077,0.0001982446588565112,-12.0,-0.1458758326436225,12.0,-0.0011692779695705,1.46074077302479e-05,1.460740792849256e-05,2.923464032287077e-05,0.0011254388551196,-1.46074077302479e-05
1,0.002976900000000553,0.2898599017126339,0.0001982838528595127,-12.0,-0.1446325230941891,12.0,-0.001169094255936528,1.448308069470487e-05,1.448308089298872e-05,2.898599017126339e-05,0.001125628093721463,-1.448308069470487e-05
1,0.0029771000000005533,0.2873729424684326,0.0001983227338193116,-12.0,-0.14338898515026,12.0,-0.00116891048490755,1.435873078840793e-05,1.435873098673067e-05,2.873729424684327e-05,0.001125817343567299,-1.435873078840793e-05
1,0.0029773000000005534,0.2848855294233626,0.0001983613016756924,-12.0,-0.1421452207755547,12.0,-0.001168726656760957,1.423435820772304e-05,1.423435840608435e-05,2.848855294233627e-05,0.001126006604345432,-1.423435820772305e-05
1,0.0029775000000005535,0.2823976665053805,0.0001983995563697716,-12.0,-0.1409012319341401,12.0,-0.00116854277177433,1.410996314905099e-05,1.410996334745053e-05,2.823976665053804e-05,0.001126195875744298,-1.410996314905098e-05
1,0.0029777000000005536,0.2799093576431603,0.0001984374978383496,-12.0,-0.1396570205904477,12.0,-0.001168358830225457,1.39855458088286e-05,1.39855460072661e-05,2.799093576431603e-05,0.001126385157452413,-1.39855458088286e-05
1,0.0029779000000005537,0.2774206067660918,0.0001984751260226958,-12.0,-0.1384125887092606,12.0,-0.001168174832392314,1.386110638352833e-05,1.386110658200345e-05,2.774206067660918e-05,0.001126574449158391,-1.386110638352833e-05
1,0.002978100000000554,0.274931417804244,0.0001985124408653144,-12.0,-0.1371679382556996,12.0,-0.001167990778553084,1.373664506965649e-05,1.373664526816893e-05,2.74931417804244e-05,0.001126763750550932,-1.373664506965649e-05
1,0.002978300000000554,0.2724417946883897,0.0001985494423038248,-12.0,-0.1359230711952447,12.0,-0.001167806668986133,1.361216206375485e-05,1.36121622623043e-05,2.724417946883897e-05,0.001126953061318841,-1.361216206375485e-05
1,0.002978500000000554,0.2699517413499828,0.0001985861302841729,-12.0,-0.1346779894937039,12.0,-0.001167622503970046,1.34876575623988e-05,1.348765776098493e-05,2.699517413499828e-05,0.001127142381150992,-1.34876575623988e-05
1,0.002978700000000554,0.2674612617211534,0.0001986225047447415,-12.0,-0.1334326951172345,12.0,-0.001167438283783573,1.336313176219793e-05,1.336313196082044e-05,2.674612617211534e-05,0.001127331709736383,-1.336313176219793e-05
1,0.0029789000000005543,0.2649703597347203,0.0001986585656296169,-12.0,-0.1321871900323301,12.0,-0.001167254008705699,1.323858485979597e-05,1.323858505845453e-05,2.649703597347203e-05,0.001127521046764085,-1.323858485979597e-05
1,0.0029791000000005544,0.2624790393241494,0.0001986943128837182,-12.0,-0.130941476205806,12.0,-0.001167069679015566,1.311401705186897e-05,1.311401725056328e-05,2.624790393241494e-05,0.001127710391923276,-1.311401705186897e-05
1,0.0029793000000005545,0.2599873044235789,0.0001987297464470378,-12.0,-0.1296955556048214,12.0,-0.001166885294992545,1.298942853512685e-05,1.298942873385659e-05,2.599873044235789e-05,0.001127899744903222,-1.298942853512685e-05
1,0.0029795000000005546,0.2574951589677978,0.0001987648662680891,-12.0,-0.1284494301968481,12.0,-0.001166700856916161,1.286481950631162e-05,1.286481970507649e-05,2.574951589677978e-05,0.001128089105393302,-1.286481950631162e-05
1,0.0029797000000005547,0.2550026068922397,0.0001987996722877389,-12.0,-0.1272031019496916,12.0,-0.001166516365066178,1.274019016219793e-05,1.27401903609976e-05,2.550026068922397e-05,0.001128278473082963,-1.274019016219793e-05
1,0.002979900000000555,0.2525096521329963,0.0001988341644524327,-12.0,-0.1259565728314778,12.0,-0.001166331819722524,1.261554069959303e-05,1.261554089842719e-05,2.525096521329963e-05,0.001128467847661775,-1.261554069959303e-05
1,0.002980100000000555,0.2500162986267748,0.0001988683427096155,-12.0,-0.1247098448106395,12.0,-0.001166147221165328,1.249087131533492e-05,1.249087151420326e-05,2.500162986267748e-05,0.001128657228819406,-1.249087131533491e-05
1,0.002980300000000555,0.2475225503109194,0.0001989022070025825,-12.0,-0.1234629198559337,12.0,-0.001165962569674921,1.236618220629363e-05,1.236618240519584e-05,2.475225503109194e-05,0.001128846616245596,-1.236618220629363e-05
1,0.002980500000000555,0.2450284111234097,0.0001989357572790146,-12.0,-0.1222157999364288,12.0,-0.001165777865531811,1.224147356937078e-05,1.224147376830654e-05,2.450284111234097e-05,0.001129036009630222,-1.224147356937078e-05
1,0.0029807000000005553,0.2425338850028237,0.0001989689934877859,-12.0,-0.1209684870214902,12.0,-0.00116559310901671,1.21167456014978e-05,1.21167458004668e-05,2.425338850028237e-05,0.001129225408663228,-1.21167456014978e-05
1,0.0029809000000005554,0.2400389758883621,0.0001990019155729966,-12.0,-0.1197209830808024,12.0,-0.001165408300410519,1.199199849963754e-05,1.199199869863946e-05,2.400389758883621e-05,0.00112941481303468,-1.199199849963754e-05
1,0.0029811000000005555,0.2375436877198261,0.0001990345234870045,-12.0,-0.1184732900843373,12.0,-0.001165223439994329,1.186723246078243e-05,1.186723265981696e-05,2.375436877198262e-05,0.001129604222434731,-1.186723246078243e-05
1,0.0029813000000005556,0.2350480244376123,0.0001990668171746451,-12.0,-0.117225410002376,12.0,-0.001165038528049431,1.174244768195507e-05,1.174244788102188e-05,2.350480244376123e-05,0.001129793636553647,-1.174244768195507e-05
1,0.0029815000000005558,0.2325519899827251,0.0001990987965864027,-12.0,-0.115977344805495,12.0,-0.001164853564857288,1.161764436020814e-05,1.161764455930693e-05,2.325519899827251e-05,0.001129983055081787,-1.161764436020814e-05
1,0.002981700000000556,0.2300555882967351,0.0001991304616736217,-12.0,-0.1147290964645525,12.0,-0.001164668550699577,1.149282269262261e-05,1.149282289175307e-05,2.300555882967351e-05,0.001130172477709617,-1.149282269262261e-05
1,0.002981900000000556,0.2275588233217999,0.0001991618123834971,-12.0,-0.1134806669507066,12.0,-0.001164483485858145,1.136798287630901e-05,1.136798307547082e-05,2.275588233217999e-05,0.001130361904127707,-1.136798287630901e-05
1,0.002982100000000556,0.2250616990006628,0.0001991928486676925,-12.0,-0.1122320582354014,12.0,-0.00116429837061504,1.124312510840691e-05,1.124312530759975e-05,2.250616990006628e-05,0.00113055133402673,-1.124312510840691e-05
1,0.002982300000000556,0.2225642192766159,0.0001992235704792178,-12.0,-0.1109832722903534,12.0,-0.001164113205252495,1.111824958608327e-05,1.111824978530683e-05,2.225642192766159e-05,0.001130740767097458,-1.111824958608327e-05
1,0.0029825000000005563,0.2200663880935189,0.0001992539777666419,-12.0,-0.1097343110875697,12.0,-0.001163927990052934,1.099335650653364e-05,1.099335670578762e-05,2.200663880935189e-05,0.00113093020303078,-1.099335650653364e-05
1,0.0029827000000005564,0.2175682093957989,0.0001992840704831411,-12.0,-0.108485176599334,12.0,-0.001163742725298969,1.086844606698172e-05,1.086844626626579e-05,2.175682093957989e-05,0.001131119641517676,-1.086844606698172e-05
1,0.0029829000000005565,0.2150696871284175,0.0001993138485824469,-12.0,-0.1072358707981966,12.0,-0.001163557411273405,1.07435184646779e-05,1.074351866399176e-05,2.150696871284175e-05,0.001131309082249239,-1.074351846467791e-05
1,0.0029831000000005567,0.2125708252368747,0.0001993433120172222,-12.0,-0.1059863956569784,12.0,-0.001163372048259226,1.061857389689956e-05,1.061857409624287e-05,2.125708252368747e-05,0.001131498524916667,-1.061857389689956e-05
1,0.0029833000000005568,0.2100716276672173,0.0001993724607396025,-12.0,-0.1047367531487746,12.0,-0.001163186636539604,1.049361256095143e-05,1.049361276032389e-05,2.100716276672173e-05,0.001131687969211276,-1.049361256095143e-05
1,0.002983500000000557,0.2075720983660286,0.0001994012947042073,-12.0,-0.103486945246945,12.0,-0.001163001176397905,1.036863465416493e-05,1.036863485356622e-05,2.075720983660286e-05,0.001131877414824472,-1.036863465416493e-05
1,0.002983700000000557,0.2050722412803989,0.0001994298138676825,-12.0,-0.1022369739250998,12.0,-0.001162815668117684,1.024364037389674e-05,1.024364057332656e-05,2.050722412803989e-05,0.001132066861447772,-1.024364037389674e-05
1,0.002983900000000557,0.2025720603579418,0.0001994580181820388,-12.0,-0.1009868411571177,12.0,-0.001162630111982666,1.011862991752997e-05,1.011863011698799e-05,2.025720603579419e-05,0.001132256308772818,-1.011862991752997e-05
1,0.0029841000000005572,0.2000715595467952,0.0001994859076039496,-12.0,-0.0997365489171326,12.0,-0.001162444508276779,9.993603482473655e-06,9.993603681959565e-06,2.000715595467952e-05,0.001132445756491338,-9.993603482473655e-06
1,0.0029843000000005573,0.1975707427955828,0.0001995134820913375,-12.0,-0.09848609917951959,12.0,-0.001162258857284128,9.868561266161094e-06,9.868561465674573e-06,1.975707427955828e-05,0.00113263520429519,-9.868561266161094e-06
1,0.0029845000000005575,0.195069614053434,0.0001995407415977535,-12.0,-0.09723549391891295,12.0,-0.001162073159289005,9.74350346605107e-06,9.743503665591811e-06,1.95069614053434e-05,0.00113282465187633,-9.74350346605107e-06
1,0.0029847000000005576,0.1925681772699832,0.0001995676860813561,-12.0,-0.09598473511019268,12.0,-0.001161887414575893,9.618430279627404e-06,9.61843047919509e-06,1.925681772699832e-05,0.001133014098926825,-9.618430279627404e-06
1,0.0029849000000005577,0.1900664363953321,0.0001995943155015528,-12.0,-0.09473382472847056,12.0,-0.001161701623429436,9.49334190439721e-06,9.493342103991527e-06,1.900664363953321e-05,0.001133203545138867,-9.493341904397212e-06
1,0.002985100000000558,0.1875643953800696,0.0001996206298134351,-12.0,-0.09348276474910837,12.0,-0.001161515786134494,9.36823853789218e-06,9.36823873751281e-06,1.875643953800696e-05,0.001133392990204742,-9.368238537892181e-06
1,0.002985300000000558,0.1850620581752705,0.00019964662897657,-12.0,-0.09223155714770412,12.0,-0.001161329902976091,9.243120377668072e-06,9.243120577314698e-06,1.850620581752705e-05,0.001133582433816857,-9.243120377668069e-06
1,0.002985500000000558,0.1825594287324633,0.0001996723129511213,-12.0,-0.09098020390008185,12.0,-0.001161143974239437,9.117987621303298e-06,9.117987820975611e-06,1.825594287324633e-05,0.001133771875667733,-9.117987621303298e-06
1,0.002985700000000558,0.1800565110036289,0.0001996976816970378,-12.0,-0.0897287069822921,12.0,-0.001160958000209928,8.992840466398913e-06,8.992840666096595e-06,1.800565110036289e-05,0.001133961315450002,-8.992840466398913e-06
1,0.0029859000000005582,0.1775533089412303,0.0001997227351695496,-12.0,-0.08847706837063345,12.0,-0.001160771981173135,8.8676791105803e-06,8.867679310303035e-06,1.775533089412303e-05,0.001134150752856411,-8.8676791105803e-06
1,0.0029861000000005584,0.1750498264981699,0.0001997474733354543,-12.0,-0.08722529004160703,12.0,-0.001160585917414827,8.742503751494247e-06,8.742503951241721e-06,1.750498264981699e-05,0.001134340187579819,-8.742503751494249e-06
1,0.0029863000000005585,0.1725460676277679,0.0001997718961535833,-12.0,-0.08597337397193464,12.0,-0.001160399809220935,8.617314586808821e-06,8.617314786580717e-06,1.725460676277679e-05,0.001134529619313204,-8.617314586808823e-06
1,0.0029865000000005586,0.1700420362838184,0.0001997960035815885,-12.0,-0.08472132213857676,12.0,-0.001160213656877583,8.492111814215834e-06,8.49211201401184e-06,1.700420362838184e-05,0.001134719047749659,-8.492111814215836e-06
1,0.0029867000000005587,0.1675377364205325,0.0001998197955874886,-12.0,-0.08346913651868708,12.0,-0.00116002746067107,8.366895631427455e-06,8.366895831247254e-06,1.675377364205326e-05,0.001134908472582389,-8.366895631427457e-06
1,0.002986900000000559,0.165033171992526,0.000199843272130823,-12.0,-0.08221681908963406,12.0,-0.001159841220887881,8.24166623617649e-06,8.24166643601976e-06,1.65033171992526e-05,0.001135097893504721,-8.241666236176489e-06
1,0.002987100000000559,0.162528346954854,0.000199866433174177,-12.0,-0.0809643718290014,12.0,-0.001159654937814675,8.116423826217557e-06,8.116424026083991e-06,1.62528346954854e-05,0.001135287310210101,-8.116423826217558e-06
1,0.002987300000000559,0.1600232652629848,0.0001998892786812048,-12.0,-0.07971179671457782,12.0,-0.001159468611738296,7.9911685993259e-06,7.991168799215181e-06,1.600232652629848e-05,0.001135476722392082,-7.991168599325902e-06
1,0.002987500000000559,0.157517930872777,0.0001999118086180723,-12.0,-0.07845909572434331,12.0,-0.001159282242945758,7.865900753296138e-06,7.86590095320795e-06,1.57517930872777e-05,0.001135666129744344,-7.86590075329614e-06
1,0.0029877000000005593,0.1550123477404939,0.0001999340229462826,-12.0,-0.07720627083648728,12.0,-0.001159095831724266,7.740620485943354e-06,7.740620685877378e-06,1.550123477404939e-05,0.001135855531960686,-7.740620485943356e-06
1,0.0029879000000005594,0.1525065198228034,0.0001999559216318281,-12.0,-0.07595332402939475,12.0,-0.001158909378361198,7.615327995102659e-06,7.61532819505858e-06,1.525065198228034e-05,0.001136044928735022,-7.615327995102658e-06
1,0.0029881000000005595,0.1500004510767419,0.0001999775046421584,-12.0,-0.0747002572816327,12.0,-0.001158722883144105,7.490023478627485e-06,7.490023678604989e-06,1.500004510767419e-05,0.001136234319761391,-7.490023478627486e-06
1,0.0029883000000005596,0.1474941454597325,0.0001999987719402824,-12.0,-0.07344707257196809,12.0,-0.00115853634636072,7.364707134390838e-06,7.364707334389609e-06,1.474941454597325e-05,0.001136423704733942,-7.364707134390837e-06
1,0.0029885000000005597,0.1449876069295841,0.0002000197234937676,-12.0,-0.07219377187935415,12.0,-0.001158349768298949,7.239379160284792e-06,7.239379360304517e-06,1.449876069295841e-05,0.001136613083346965,-7.239379160284792e-06
1,0.00298870000000056,0.1424808394444597,0.0002000403592706673,-12.0,-0.07094035718292024,12.0,-0.001158163149246883,7.114039754219092e-06,7.114039954259452e-06,1.424808394444597e-05,0.001136802455294851,-7.114039754219092e-06
1,0.00298890000000056,0.1399738469628746,0.0002000606792388962,-12.0,-0.06968683046197215,12.0,-0.001157976489492786,6.988689114121105e-06,6.988689314181786e-06,1.399738469628746e-05,0.001136991820272116,-6.988689114121105e-06
1,0.00298910000000056,0.1374666334437263,0.0002000806833616503,-12.0,-0.06843319369601385,12.0,-0.001157789789325086,6.863327437937551e-06,6.863327638018235e-06,1.374666334437263e-05,0.001137181177973413,-6.86332743793755e-06
1,0.00298930000000056,0.1349592028462523,0.0002001003716137414,-12.0,-0.06717944886470181,12.0,-0.001157603049032405,6.737954923631555e-06,6.737955123731926e-06,1.349592028462523e-05,0.001137370528093502,-6.737954923631557e-06
1,0.0029895000000005603,0.1324515591300069,0.0002001197439618838,-12.0,-0.06592559794786318,12.0,-0.001157416268903526,6.612571769182507e-06,6.612571969302249e-06,1.324515591300069e-05,0.001137559870327279,-6.612571769182507e-06
1,0.0029897000000005604,0.1299437062549189,0.0002001388003717089,-12.0,-0.06467164292551388,12.0,-0.001157229449227414,6.487178172588559e-06,6.487178372727359e-06,1.299437062549189e-05,0.001137749204369752,-6.487178172588559e-06
1,0.0029899000000005605,0.1274356481812342,0.0002001575408191597,-12.0,-0.06341758577781295,12.0,-0.001157042590293206,6.36177433186321e-06,6.361774532020753e-06,1.274356481812342e-05,0.001137938529916057,-6.361774331863211e-06
1,0.0029901000000005606,0.1249273888695033,0.0002001759652717969,-12.0,-0.06216342848508427,12.0,-0.001156855692390208,6.236360445035607e-06,6.236360645211574e-06,1.249273888695033e-05,0.001138127846661468,-6.236360445035607e-06
1,0.0029903000000005607,0.1224189322806157,0.000200194073700144,-12.0,-0.06090917302781692,12.0,-0.001156668755807906,6.110936710151706e-06,6.110936910345781e-06,1.224189322806158e-05,0.001138317154301362,-6.110936710151707e-06
1,0.002990500000000561,0.1199102823757747,0.0002002118660757793,-12.0,-0.05965482138665503,12.0,-0.001156481780835958,5.98550332527308e-06,5.985503525484948e-06,1.199102823757747e-05,0.001138506452531262,-5.985503325273082e-06
1,0.002990700000000561,0.1174014431164734,0.0002002293423728832,-12.0,-0.05840037554238395,12.0,-0.00115629476776419,5.860060488475685e-06,5.860060688705026e-06,1.174014431164734e-05,0.001138695741046807,-5.860060488475684e-06
1,0.002990900000000561,0.1148924184645095,0.0002002465025608552,-12.0,-0.05714583747594846,12.0,-0.001156107716882602,5.734608397850933e-06,5.734608598097434e-06,1.148924184645095e-05,0.001138885019543765,-5.734608397850932e-06
1,0.002991100000000561,0.1123832123819861,0.0002002633466137715,-12.0,-0.05589120916843893,12.0,-0.001155920628481369,5.609147251505271e-06,5.609147451768617e-06,1.123832123819861e-05,0.001139074287718036,-5.609147251505271e-06
1,0.0029913000000005613,0.1098738288312736,0.0002002798745069367,-12.0,-0.05463649260107764,12.0,-0.001155733502850829,5.483677247558461e-06,5.483677447838334e-06,1.098738288312736e-05,0.001139263545265641,-5.483677247558458e-06
1,0.0029915000000005614,0.1073642717750295,0.000200296086211374,-12.0,-0.05338168975523685,12.0,-0.0011555463402815,5.358198584144821e-06,5.358198784440907e-06,1.073642717750295e-05,0.001139452791882736,-5.358198584144823e-06
1,0.0029917000000005615,0.1048545451761974,0.0002003119817025542,-12.0,-0.05212680261242507,12.0,-0.001155359141064066,5.232711459412762e-06,5.232711659724744e-06,1.048545451761974e-05,0.001139642027265602,-5.232711459412763e-06
1,0.0029919000000005616,0.1023446529979699,0.000200327560957371,-12.0,-0.0508718331542733,12.0,-0.001155171905489377,5.107216071523066e-06,5.107216271850629e-06,1.023446529979699e-05,0.00113983125111065,-5.107216071523068e-06
1,0.0029921000000005618,0.09983459920380755,0.0002003428239482491,-12.0,-0.04961678336255316,12.0,-0.00115498463384846,4.981712618650142e-06,4.981712818992966e-06,9.983459920380755e-06,0.001140020463114425,-4.981712618650141e-06
1,0.002992300000000562,0.09732438775743837,0.0002003577706522416,-12.0,-0.04836165521916313,12.0,-0.001154797326432506,4.85620129898154e-06,4.856201499339307e-06,9.732438775743838e-06,0.001140209662973596,-4.856201298981537e-06
1,0.002992500000000562,0.09481402262282537,0.0002003724010469152,-12.0,-0.04710645070611831,12.0,-0.001154609983532876,4.730682310716524e-06,4.730682511088922e-06,9.481402262282538e-06,0.001140398850384972,-4.730682310716523e-06
1,0.002992700000000562,0.09230350776416966,0.000200386715108837,-12.0,-0.04585117180555442,12.0,-0.001154422605441099,4.605155852066326e-06,4.605156052453041e-06,9.230350776416966e-06,0.001140588025045484,-4.605155852066327e-06
1,0.002992900000000562,0.08979284714591981,0.000200400712814023,-12.0,-0.04459582049973174,12.0,-0.001154235192448867,4.479622121254577e-06,4.479622321655289e-06,8.979284714591982e-06,0.001140777186652207,-4.479622121254576e-06
1,0.0029931000000005623,0.08728204473276038,0.0002004143941409207,-12.0,-0.04334039877102486,12.0,-0.001154047744848051,4.354081316516579e-06,4.354081516930973e-06,8.728204473276039e-06,0.001140966334902334,-4.354081316516578e-06
1,0.0029933000000005624,0.0847711044895833,0.0002004277590700564,-12.0,-0.04208490860190897,12.0,-0.001153860262930676,4.228533636097903e-06,4.228533836525662e-06,8.477110448958331e-06,0.001141155469493205,-4.228533636097903e-06
1,0.0029935000000005626,0.08226003038150421,0.0002004408075773761,-12.0,-0.04082935197497797,12.0,-0.00115367274698894,4.102979278255534e-06,4.102979478696342e-06,8.226003038150422e-06,0.001141344590122283,-4.102979278255535e-06
1,0.0029937000000005627,0.07974882637386216,0.0002004535396433332,-12.0,-0.03957373087293068,12.0,-0.001153485197315205,3.977418441257402e-06,3.977418641710941e-06,7.974882637386216e-06,0.001141533696487175,-3.977418441257402e-06
1,0.0029939000000005628,0.07723749643218279,0.0002004659552498136,-12.0,-0.03831804727855712,12.0,-0.001153297614201999,3.851851323380693e-06,3.851851523846649e-06,7.72374964321828e-06,0.001141722788285615,-3.851851323380694e-06
1,0.002994100000000563,0.07472604452219707,0.0002004780543742382,-12.0,-0.03706230317475664,12.0,-0.001153109997942018,3.726278122913089e-06,3.726278323391141e-06,7.472604452219708e-06,0.001141911865215476,-3.726278122913088e-06
1,0.002994300000000563,0.07221447460984085,0.0002004898369986213,-12.0,-0.03580650054452413,12.0,-0.001152922348828117,3.600699038152275e-06,3.600699238642111e-06,7.221447460984085e-06,0.001142100926974764,-3.600699038152275e-06
1,0.002994500000000563,0.06970279066121747,0.0002005013031063062,-12.0,-0.03455064137093624,12.0,-0.001152734667153318,3.475114267404255e-06,3.475114467905558e-06,6.970279066121748e-06,0.001142289973261621,-3.475114267404254e-06
1,0.0029947000000005632,0.06719099664262176,0.0002005124526754699,-12.0,-0.03329472763717314,12.0,-0.001152546953210806,3.349524008984861e-06,3.349524209497315e-06,6.719099664262176e-06,0.001142479003774334,-3.349524008984861e-06
1,0.0029949000000005633,0.06467909652051838,0.0002005232856929252,-12.0,-0.03203876132648695,12.0,-0.001152359207293932,3.223928461217988e-06,3.223928661741273e-06,6.467909652051839e-06,0.001142668018211315,-3.223928461217989e-06
1,0.0029951000000005635,0.06216709426153622,0.0002005338021377583,-12.0,-0.03078274442222345,12.0,-0.001152171429696204,3.098327822436122e-06,3.098328022969923e-06,6.216709426153622e-06,0.001142857016271123,-3.098327822436121e-06
1,0.0029953000000005636,0.05965499383248085,0.0002005440019947242,-12.0,-0.02952667890780832,12.0,-0.0011519836207113,2.972722290980304e-06,2.972722491524307e-06,5.965499383248086e-06,0.001143045997652451,-2.972722290980305e-06
1,0.0029955000000005637,0.05714279920029324,0.0002005538852496019,-12.0,-0.02827056676673336,12.0,-0.001151795780633053,2.847112065198297e-06,2.847112265752182e-06,5.714279920029325e-06,0.001143234962054128,-2.847112065198297e-06
1,0.002995700000000564,0.05463051433206984,0.0002005634518838402,-12.0,-0.02701440998257465,12.0,-0.00115160790975546,2.721497343445849e-06,2.7214975440093e-06,5.463051433206984e-06,0.001143423909175131,-2.721497343445849e-06
1,0.002995900000000564,0.05211814319506175,0.0002005727018834016,-12.0,-0.02575821053897876,12.0,-0.001151420008372681,2.595878324086216e-06,2.595878524658918e-06,5.211814319506176e-06,0.001143612838714567,-2.595878324086216e-06
1,0.002996100000000564,0.04960568975663761,0.0002005816352356575,-12.0,-0.02450197041964897,12.0,-0.001151232076779034,2.470255205488463e-06,2.470255406070098e-06,4.960568975663761e-06,0.001143801750371689,-2.470255205488463e-06
1,0.002996300000000564,0.0470931579843073,0.0002005902519227436,-12.0,-0.02324569160836701,12.0,-0.001151044115268998,2.344628186028977e-06,2.344628386619228e-06,4.709315798430731e-06,0.001143990643845888,-2.344628186028976e-06
1,0.0029965000000005643,0.04458055184570053,0.0002005985519354971,-12.0,-0.0219893760889615,12.0,-0.001150856124137212,2.218997464089699e-06,2.218997664688252e-06,4.458055184570054e-06,0.001144179518836698,-2.2189974640897e-06
1,0.0029967000000005644,0.04206787530856098,0.0002006065352569766,-12.0,-0.02073302584532967,12.0,-0.001150668103678474,2.093363238058664e-06,2.0933634386652e-06,4.206787530856098e-06,0.001144368375043796,-2.093363238058665e-06
1,0.0029969000000005645,0.03955513234075901,0.000200614201875917,-12.0,-0.0194766428614236,12.0,-0.00115048005418774,1.967725706329953e-06,1.967725906944155e-06,3.955513234075901e-06,0.001144557212166995,-1.967725706329952e-06
1,0.0029971000000005646,0.0370423269102502,0.0002006215517821128,-12.0,-0.01822022912123642,12.0,-0.001150291975960124,1.842085067301853e-06,1.842085267923405e-06,3.70423269102502e-06,0.001144746029906257,-1.842085067301853e-06
1,0.0029973000000005647,0.03452946298510035,0.0002006285849602153,-12.0,-0.016963786608824,12.0,-0.001150103869290901,1.716441519378422e-06,1.716441720007007e-06,3.452946298510035e-06,0.001144934827961682,-1.716441519378422e-06
1,0.002997500000000565,0.03201654453346362,0.0002006353014035386,-12.0,-0.01570731730827349,12.0,-0.0011499157344755,1.590795260967702e-06,1.590795461603004e-06,3.201654453346362e-06,0.00114512360603352,-1.590795260967702e-06
1,0.002997700000000565,0.02950357552357683,0.0002006417010976362,-12.0,-0.01445082320372495,12.0,-0.001149727571809509,1.465146490482258e-06,1.46514669112396e-06,2.950357552357683e-06,0.001145312363822158,-1.465146490482258e-06
1,0.002997900000000565,0.02699055992377234,0.0002006477840337979,-12.0,-0.01319430627935764,12.0,-0.00114953938158867,1.339495406339143e-06,1.339495606986927e-06,2.699055992377235e-06,0.001145501101028133,-1.339495406339144e-06
1,0.002998100000000565,0.02447750170243601,0.0002006535502042089,-12.0,-0.01193776851937619,12.0,-0.001149351164108883,1.21384220695804e-06,1.21384240761159e-06,2.447750170243601e-06,0.001145689817352122,-1.21384220695804e-06
1,0.0029983000000005653,0.02196440482802819,0.0002006589995968804,-12.0,-0.01068121190802878,12.0,-0.001149162919666205,1.088187090762567e-06,1.088187291421566e-06,2.196440482802819e-06,0.001145878512494953,-1.088187090762566e-06
1,0.0029985000000005654,0.01945127326908208,0.0002006641322042273,-12.0,-0.009424638429593376,12.0,-0.001148974648556844,9.625302561797598e-07,9.625304568438926e-07,1.945127326908208e-06,0.001146067186157596,-9.625302561797605e-07
1,0.0029987000000005655,0.01693811099416708,0.0002006689480200993,-12.0,-0.00816805006836391,12.0,-0.001148786351077166,8.368719016384011e-07,8.368721023073491e-07,1.693811099416708e-06,0.00114625583804117,-8.368719016384009e-07
1,0.0029989000000005656,0.01442492197190763,0.0002006734470339101,-12.0,-0.006911448808668478,12.0,-0.00114859802752369,7.112122255702387e-07,7.11212426243686e-07,1.442492197190763e-06,0.001146444467846936,-7.112122255702388e-07
1,0.0029991000000005657,0.01191171017098257,0.0002006776292396355,-12.0,-0.005654836634855542,12.0,-0.001148409678193089,5.855514264095179e-07,5.855516270871469e-07,1.191171017098257e-06,0.00114663307527631,-5.855514264095177e-07
1,0.002999300000000566,0.00939847956009272,0.0002006814946318124,-12.0,-0.004398215531283695,12.0,-0.001148221303382189,4.598897025915508e-07,4.598899032730454e-07,9.39847956009272e-07,0.001146821660030849,-4.598897025915507e-07
1,0.002999500000000566,0.006885234107959233,0.0002006850432047379,-12.0,-0.003141587482322078,12.0,-0.001148032903387969,3.342272525526817e-07,3.342274532377247e-07,6.885234107959234e-07,0.001147010221812264,-3.342272525526816e-07
1,0.002999700000000566,0.004371977783353864,0.0002006882749480447,-12.0,-0.001884954472372116,12.0,-0.001147844478507559,2.085642747320161e-07,2.08564475420291e-07,4.371977783353865e-07,0.00114719876032241,-2.085642747320161e-07
1,0.002999900000000566,0.001858714555056073,0.0002006911898629232,-12.0,-0.000628318485821753,12.0,-0.001147656029038245,8.290096756846728e-08,8.290116825965748e-08,1.858714555056073e-07,0.001147387275263293,-8.290096756846763e-08
1,0.003000100000000566,-0.0006545516081645422,0.0002006937879417761,-12.0,0.0006283184929328148,12.0,-0.001147467555277458,-4.276247049910321e-08,-4.276226980531592e-08,-6.545516081645422e-08,0.001147575766337071,4.276247049910387e-08
1,0.003000300000000566,-0.003167816737511865,0.0002006960691800631,-12.0,0.001884954479486719,12.0,-0.001147279057522784,-1.684258410306654e-07,-1.684256403345964e-07,-3.167816737511865e-07,0.00114776423324605,1.684258410306656e-07
1,0.003000500000000566,-0.005681076864189727,0.0002006980335743059,-12.0,0.003141587489436658,12.0,-0.00114709053607196,-2.940889455862354e-07,-2.940887448882017e-07,-5.681076864189727e-07,0.001147952675692686,2.940889455862353e-07
1,0.003000700000000567,-0.008194328019424718,0.0002006996811236791,-12.0,0.004398215538394689,12.0,-0.001146901991222872,-4.197515857271014e-07,-4.197513850274199e-07,-8.194328019424718e-07,0.001148141093379588,4.19751585727101e-07
1,0.003000900000000567,-0.01070756623445254,0.000200701011822436,-12.0,0.005654836641970044,12.0,-0.001146713423273554,-5.454135630147596e-07,-5.45413362313749e-07,-1.070756623445254e-06,0.001148329486009517,5.454135630147609e-07
1,0.003001100000000567,-0.01322078754051647,0.0002007020256696223,-12.0,0.006911448815782924,12.0,-0.001146524832522192,-6.710746790113293e-07,-6.710744783093045e-07,-1.322078754051647e-06,0.001148517853285383,6.710746790113302e-07
1,0.003001300000000567,-0.0157339879689056,0.0002007027226655087,-12.0,0.008168050075478288,12.0,-0.001146336219267117,-7.967347352812777e-07,-7.967345345785552e-07,-1.57339879689056e-06,0.001148706194910251,7.967347352812779e-07
1,0.003001500000000567,-0.01824716355093516,0.0002007031028060467,-12.0,0.009424638436707676,12.0,-0.00114614758380681,-9.223935333901637e-07,-9.223933326870601e-07,-1.824716355093516e-06,0.001148894510587341,9.22393533390163e-07
1,0.0030017000000005668,-0.02076031031794772,0.0002007031660916456,-12.0,0.01068121191514299,12.0,-0.001145958926439901,-1.048050874905134e-06,-1.048050674201968e-06,-2.076031031794772e-06,0.001149082800020022,1.048050874905134e-06
1,0.0030019000000005673,-0.02327342430134505,0.0002007029125233942,-12.0,0.01193776852648674,12.0,-0.001145770247465165,-1.173706561396336e-06,-1.173706360693422e-06,-2.327342430134505e-06,0.001149271062911819,1.173706561396335e-06
1,0.003002100000000567,-0.02578650153259041,0.000200702342102007,-12.0,0.01319430628647163,12.0,-0.001145581547181524,-1.299360394436962e-06,-1.299360193734621e-06,-2.578650153259041e-06,0.001149459298966414,1.299360394436963e-06
1,0.003002300000000567,-0.02829953804317756,0.0002007014548236624,-12.0,0.01445082321083882,12.0,-0.001145392825888047,-1.425012175601517e-06,-1.425011974900061e-06,-2.829953804317756e-06,0.001149647507887641,1.425012175601516e-06
1,0.003002500000000568,-0.03081252986467429,0.0002007002506960124,-12.0,0.01570731731538367,12.0,-0.001145204083883949,-1.550661706468766e-06,-1.550661505768515e-06,-3.081252986467429e-06,0.001149835689379486,1.550661706468766e-06
1,0.0030027000000005678,-0.03332547302874431,0.0002006987297187603,-12.0,0.01696378661593759,12.0,-0.001145015321468587,-1.676308788621883e-06,-1.676308587923154e-06,-3.332547302874432e-06,0.001150023843146101,1.676308788621883e-06
1,0.0030029000000005683,-0.0358383635670905,0.0002006968918904541,-12.0,0.01822022912834985,12.0,-0.001144826538941468,-1.801953223645941e-06,-1.801953022949048e-06,-3.58383635670905e-06,0.001150211968891784,1.80195322364594e-06
1,0.003003100000000568,-0.03835119751151211,0.0002006947372199287,-12.0,0.01947664286853332,12.0,-0.00114463773660224,-1.927594813131339e-06,-1.927594612436602e-06,-3.835119751151211e-06,0.001150400066320994,1.927594813131339e-06
1,0.003003300000000568,-0.0408639708939219,0.0002006922657084714,-12.0,0.02073302585244631,12.0,-0.001144448914750691,-2.053233358673785e-06,-2.053233157981519e-06,-4.08639708939219e-06,0.00115058813513835,2.053233358673784e-06
1,0.003003500000000568,-0.04337667974629087,0.0002006894773561273,-12.0,0.0219893760960744,12.0,-0.001144260073686763,-2.178868661871827e-06,-2.17886846118235e-06,-4.337667974629087e-06,0.001150776175048622,2.178868661871827e-06
1,0.003003700000000568,-0.04588932010070523,0.0002006863721732127,-12.0,0.02324569161547616,12.0,-0.001144071213710531,-2.304500524330294e-06,-2.304500323643922e-06,-4.588932010070523e-06,0.001150964185756744,2.304500524330294e-06
1,0.003003900000000568,-0.04840188798937854,0.0002006829501617867,-12.0,0.02450197042676145,12.0,-0.001143882335122215,-2.430128747659966e-06,-2.430128546977016e-06,-4.840188798937854e-06,0.001151152166967806,2.430128747659967e-06
1,0.003004100000000569,-0.05091437944461779,0.0002006792113266667,-12.0,0.02575821054609101,12.0,-0.001143693438222179,-2.555753133476436e-06,-2.555752932797223e-06,-5.091437944461779e-06,0.001151340118387057,2.555753133476435e-06
1,0.003004300000000569,-0.05342679049884833,0.0002006751556739676,-12.0,0.02701440998968667,12.0,-0.001143504523310926,-2.681373483401271e-06,-2.681373282726115e-06,-5.342679049884833e-06,0.001151528039719906,2.681373483401271e-06
1,0.003004500000000569,-0.05593911718463789,0.0002006707832122416,-12.0,0.02827056677384514,12.0,-0.001143315590689101,-2.806989599063291e-06,-2.806989398392506e-06,-5.59391171846379e-06,0.001151715930671923,2.80698959906329e-06
1,0.003004700000000569,-0.05845135553468175,0.0002006660939453467,-12.0,0.02952667891491983,12.0,-0.001143126640657489,-2.93260128209745e-06,-2.932601081431355e-06,-5.845135553468175e-06,0.001151903790948835,2.932601282097449e-06
1,0.003004900000000569,-0.0609635015818025,0.0002006610878817067,-12.0,0.03078274442933469,12.0,-0.001142937673517015,-3.0582083341453e-06,-3.058208133484211e-06,-6.09635015818025e-06,0.001152091620256535,3.058208334145299e-06
1,0.003005100000000569,-0.06347555135898708,0.0002006557650311505,-12.0,0.03203876133359792,12.0,-0.001142748689568744,-3.183810556856677e-06,-3.183810356200911e-06,-6.347555135898708e-06,0.001152279418301072,3.183810556856677e-06
1,0.003005300000000569,-0.06598750089936797,0.0002006501253990489,-12.0,0.03329472764428382,12.0,-0.001142559689113877,-3.309407751888478e-06,-3.309407551238351e-06,-6.598750089936798e-06,0.00115246718478866,3.309407751888477e-06
1,0.0030055000000005693,-0.0684993462362237,0.00020064416899538,-12.0,0.03455064137804661,12.0,-0.001142370672453759,-3.434999720905125e-06,-3.434999520260954e-06,-6.84993462362237e-06,0.001152654919425674,3.434999720905123e-06
1,0.003005700000000569,-0.07101108340301152,0.0002006378958306111,-12.0,0.03580650055163063,12.0,-0.001142181639889867,-3.560586265580003e-06,-3.560586064942106e-06,-7.101108340301152e-06,0.001152842621918651,3.560586265580001e-06
1,0.00300590000000057,-0.07352270843336861,0.0002006313059150361,-12.0,0.03706230318186992,12.0,-0.00114199259172382,-3.68616718759549e-06,-3.686166986964183e-06,-7.352270843336862e-06,0.001153030291974293,3.686167187595488e-06
1,0.00300610000000057,-0.0760342173610822,0.0002006243992542824,-12.0,0.03831804728566651,12.0,-0.00114180352825737,-3.811742288641223e-06,-3.811742088016824e-06,-7.603421736108219e-06,0.001153217929299465,3.811742288641223e-06
1,0.00300630000000057,-0.07854560622013235,0.0002006171758654925,-12.0,0.03957373088003617,12.0,-0.001141614449792408,-3.937311370417067e-06,-3.937311169799892e-06,-7.854560622013236e-06,0.001153405533601195,3.937311370417068e-06
1,0.0030065000000005703,-0.08105687104470947,0.0002006096357570417,-12.0,0.04082935198208665,12.0,-0.001141425356630961,-4.06287423463296e-06,-4.062874034023326e-06,-8.105687104470949e-06,0.001153593104586672,4.062874234632961e-06
1,0.00300670000000057,-0.0835680078691779,0.0002006017789403618,-12.0,0.04208490860901729,12.0,-0.00114123624907519,-4.188430683007692e-06,-4.188430482405913e-06,-8.35680078691779e-06,0.001153780641963261,4.188430683007692e-06
1,0.00300690000000057,-0.08607901272810242,0.0002005936054279844,-12.0,0.04334039877812924,12.0,-0.001141047127427393,-4.313980517270126e-06,-4.313980316676521e-06,-8.607901272810243e-06,0.001153968145438479,4.313980517270126e-06
1,0.0030071000000005703,-0.08858988165627124,0.0002005851152349983,-12.0,0.04459582050683927,12.0,-0.001140857991989999,-4.439523539160428e-06,-4.439523338575312e-06,-8.858988165627125e-06,0.001154155614720018,4.439523539160428e-06
1,0.00300730000000057,-0.09110061068868183,0.000200576308371711,-12.0,0.04585117181266156,12.0,-0.001140668843065575,-4.565059550428987e-06,-4.565059349852677e-06,-9.110061068868184e-06,0.00115434304951573,4.565059550428985e-06
1,0.00300750000000057,-0.09361119586054019,0.000200567184853024,-12.0,0.04710645071322148,12.0,-0.001140479680956818,-4.690588352836845e-06,-4.69058815226966e-06,-9.36111958605402e-06,0.001154530449533639,4.690588352836845e-06
1,0.003007700000000571,-0.09612163320729813,0.0002005577446952678,-12.0,0.04836165522626942,12.0,-0.001140290505966562,-4.816109748157417e-06,-4.81610954759967e-06,-9.612163320729815e-06,0.001154717814481931,4.816109748157415e-06
1,0.003007900000000571,-0.09863191876463434,0.0002005479879103461,-12.0,0.04961678336966256,12.0,-0.001140101318397765,-4.941623538175221e-06,-4.941623337627234e-06,-9.863191876463435e-06,0.001154905144068966,4.941623538175222e-06
1,0.0030081000000005713,-0.1011420485684552,0.0002005379145146313,-12.0,0.0508718331613787,12.0,-0.001139912118553531,-5.067129524686407e-06,-5.067129324148493e-06,-1.011420485684552e-05,0.001155092438003264,5.067129524686407e-06
1,0.003008300000000571,-0.1036520186549316,0.0002005275245259563,-12.0,0.05212680261953001,12.0,-0.00113972290673708,-5.192627509500404e-06,-5.19262730897288e-06,-1.036520186549317e-05,0.001155279695993518,5.192627509500406e-06
1,0.003008500000000571,-0.1061618250604756,0.0002005168179569014,-12.0,0.05338168976234132,12.0,-0.001139533683251774,-5.318117294438441e-06,-5.318117093921624e-06,-1.061618250604756e-05,0.00115546691774859,5.318117294438442e-06
1,0.003008700000000571,-0.1086714638217611,0.0002005057948287481,-12.0,0.05463649260818162,12.0,-0.001139344448401102,-5.443598681335287e-06,-5.443598480829493e-06,-1.086714638217611e-05,0.001155654102977507,5.443598681335288e-06
1,0.003008900000000571,-0.1111809309757308,0.0002004944551549925,-12.0,0.05589120917554243,12.0,-0.00113915520248868,-5.569071472038744e-06,-5.569071271544288e-06,-1.111809309757308e-05,0.001155841251389475,5.569071472038744e-06
1,0.003009100000000571,-0.1136902225595824,0.0002004827989548486,-12.0,0.05714583748305144,12.0,-0.001138965945818259,-5.694535468409659e-06,-5.69453526792686e-06,-1.136902225595824e-05,0.001156028362693856,5.69453546840966e-06
1,0.003009300000000571,-0.1161993346108108,0.0002004708262485014,-12.0,0.05840037554948643,12.0,-0.001138776678693711,-5.819990472323793e-06,-5.819990271852967e-06,-1.161993346108108e-05,0.001156215436600197,5.819990472323793e-06
1,0.003009500000000572,-0.1187082631671828,0.0002004585370510986,-12.0,0.05965482139375343,12.0,-0.001138587401419046,-5.945436285670234e-06,-5.945436085211696e-06,-1.187082631671828e-05,0.001156402472818207,5.945436285670234e-06
1,0.003009700000000572,-0.121217004266759,0.0002004459313863574,-12.0,0.06090917303491833,12.0,-0.001138398114298394,-6.070872710353198e-06,-6.070872509907266e-06,-1.21217004266759e-05,0.001156589471057766,6.070872710353198e-06
1,0.003009900000000572,-0.1237255539478992,0.0002004330092703066,-12.0,0.06216342849218513,12.0,-0.001138208817636016,-6.19629954829148e-06,-6.196299347858474e-06,-1.237255539478992e-05,0.001156776431028935,6.196299548291483e-06
1,0.003010100000000572,-0.1262339082492501,0.0002004197707246441,-12.0,0.0634175857849097,12.0,-0.001138019511736301,-6.321716601418505e-06,-6.321716400998737e-06,-1.262339082492501e-05,0.001156963352441934,6.321716601418507e-06
1,0.003010300000000572,-0.1287420632097867,0.0002004062157720601,-12.0,0.0646716429326136,12.0,-0.001137830196903761,-6.447123671684154e-06,-6.447123471277938e-06,-1.287420632097867e-05,0.001157150235007161,6.447123671684155e-06
1,0.0030105000000005717,-0.1312500148687921,0.0002003923444309219,-12.0,0.06592559795496587,12.0,-0.001137640873443033,-6.572520561053496e-06,-6.572520360661153e-06,-1.312500148687921e-05,0.001157337078435199,6.572520561053496e-06
1,0.0030107000000005723,-0.1337577592658581,0.0002003781567241486,-12.0,0.06717944887179682,12.0,-0.001137451541658889,-6.697907071507268e-06,-6.697906871129111e-06,-1.337577592658581e-05,0.00115752388243678,6.697907071507267e-06
1,0.003010900000000572,-0.1362652924409225,0.0002003636526760055,-12.0,0.06843319370311178,12.0,-0.001137262201856209,-6.823283005043578e-06,-6.823282804679925e-06,-1.362652924409225e-05,0.001157710646722835,6.823283005043578e-06
1,0.003011100000000572,-0.1387726104342454,0.0002003488323056232,-12.0,0.06968683046906947,12.0,-0.001137072854340012,-6.948648163676384e-06,-6.948647963327552e-06,-1.387726104342454e-05,0.001157897371004452,6.948648163676386e-06
1,0.003011300000000573,-0.1412797092864308,0.0002003336956406879,-12.0,0.07094035719001339,12.0,-0.001136883499415436,-7.074002349437271e-06,-7.074002149103574e-06,-1.412797092864308e-05,0.001158084054992905,7.07400234943727e-06
1,0.0030115000000005727,-0.1437865850384319,0.0002003182427012321,-12.0,0.07219377188645021,12.0,-0.001136694137387742,-7.1993453643749e-06,-7.199345164056654e-06,-1.437865850384319e-05,0.001158270698399626,7.199345364374899e-06
1,0.0030117000000005733,-0.1462932337315388,0.0002003024735129019,-12.0,0.07344707257906348,12.0,-0.001136504768562311,-7.324677010555057e-06,-7.324676810252586e-06,-1.462932337315388e-05,0.00115845730093625,7.324677010555059e-06
1,0.003011900000000573,-0.1487996514074199,0.0002002863881024053,-12.0,0.07470025728872744,12.0,-0.001136315393244647,-7.449997090062503e-06,-7.449996889776116e-06,-1.487996514074199e-05,0.001158643862314563,7.449997090062503e-06
1,0.003012100000000573,-0.1513058341081016,0.0002002699864921131,-12.0,0.07595332403648883,12.0,-0.001136126011740379,-7.575305404999672e-06,-7.575305204729684e-06,-1.513058341081016e-05,0.00115883038224654,7.575305404999671e-06
1,0.003012300000000573,-0.1538117778759691,0.0002002532687089276,-12.0,0.07720627084358066,12.0,-0.001135936624355261,-7.700601757487173e-06,-7.700601557233904e-06,-1.538117778759691e-05,0.001159016860444327,7.700601757487173e-06
1,0.003012500000000573,-0.1563174787538042,0.0002002362347810482,-12.0,0.078459095731436,12.0,-0.001135747231395151,-7.825885949665493e-06,-7.82588574942926e-06,-1.563174787538042e-05,0.001159203296620254,7.825885949665496e-06
1,0.003012700000000573,-0.1588229327847647,0.0002002188847324074,-12.0,0.0797117967216698,12.0,-0.001135557833166047,-7.951157783693738e-06,-7.951157583474854e-06,-1.588229327847647e-05,0.001159389690486821,7.951157783693738e-06
1,0.003012900000000573,-0.1613281360123869,0.0002002012185913504,-12.0,0.08096437183609266,12.0,-0.001135368429974056,-8.076417061750133e-06,-8.076416861548913e-06,-1.613281360123869e-05,0.001159576041756713,8.076417061750131e-06
1,0.003013100000000574,-0.1638330844806169,0.0002001832363868403,-12.0,0.08221681909672104,12.0,-0.001135179022125402,-8.201663586033421e-06,-8.201663385850186e-06,-1.638330844806169e-05,0.001159762350142786,8.20166358603342e-06
1,0.003013300000000574,-0.1663377742338075,0.0002001649381468129,-12.0,0.08346913652577333,12.0,-0.001134989609926433,-8.326897158762651e-06,-8.326896958597714e-06,-1.663377742338075e-05,0.001159948615358085,8.326897158762651e-06
1,0.003013500000000574,-0.1688422013167089,0.0002001463238987186,-12.0,0.0847213221456658,12.0,-0.001134800193683621,-8.452117582176707e-06,-8.452117382030384e-06,-1.688422013167089e-05,0.00116013483711582,8.452117582176708e-06
1,0.003013700000000574,-0.1713463617744809,0.0002001273936723599,-12.0,0.08597337397902291,12.0,-0.001134610773703536,-8.577324658535056e-06,-8.577324458407662e-06,-1.713463617744809e-05,0.001160321015129397,8.577324658535054e-06
1,0.003013900000000574,-0.17385025165272,0.0002001081474996905,-12.0,0.08722529004869099,12.0,-0.001134421350292883,-8.702518190119131e-06,-8.702517990010984e-06,-1.7385025165272e-05,0.001160507149112391,8.70251819011913e-06
1,0.003014100000000574,-0.1763538669974447,0.0002000885854079454,-12.0,0.08847706837772015,12.0,-0.001134231923758474,-8.827697979231221e-06,-8.827697779142635e-06,-1.763538669974447e-05,0.001160693238778562,8.827697979231221e-06
1,0.0030143000000005743,-0.1788572038550947,0.0002000687074290644,-12.0,0.08972870698937802,12.0,-0.001134042494407244,-8.952863828194895e-06,-8.952863628126187e-06,-1.788572038550947e-05,0.001160879283841844,8.952863828194896e-06
1,0.003014500000000574,-0.1813602582725679,0.0002000485135962293,-12.0,0.09098020390716342,12.0,-0.001133853062546233,-9.078015539356723e-06,-9.078015339308205e-06,-1.813602582725679e-05,0.001161065284016369,9.07801553935672e-06
1,0.003014700000000575,-0.1838630262972018,0.0002000280039383059,-12.0,0.09223155715478841,12.0,-0.00113366362848261,-9.203152915085011e-06,-9.203152715057005e-06,-1.838630262972018e-05,0.001161251239016428,9.203152915085011e-06
1,0.003014900000000575,-0.1863655039767742,0.0002000071784886287,-12.0,0.09348276475619183,12.0,-0.001133474192523649,-9.328275757770322e-06,-9.328275557763144e-06,-1.863655039767743e-05,0.00116143714855651,9.32827575777032e-06
1,0.003015100000000575,-0.1888676873595398,0.0001999860372819268,-12.0,0.09473382473555318,12.0,-0.001133284754976729,-9.453383869827126e-06,-9.45338366984109e-06,-1.888676873595398e-05,0.001161623012351291,9.453383869827126e-06
1,0.0030153000000005753,-0.1913695724942115,0.0001999645803485717,-12.0,0.09598473511727444,12.0,-0.001133095316149364,-9.578477053692585e-06,-9.578476853728007e-06,-1.913695724942116e-05,0.00116180883011561,9.578477053692587e-06
1,0.003015500000000575,-0.1938711554299615,0.0001999428077233689,-12.0,0.09723549392599386,12.0,-0.001132905876349163,-9.703555111827048e-06,-9.703554911884243e-06,-1.938711554299615e-05,0.001161994601564503,9.70355511182705e-06
1,0.003015700000000575,-0.1963724322164523,0.0001999207194418318,-12.0,0.09848609918659608,12.0,-0.001132716435883863,-9.828617846715428e-06,-9.828617646794705e-06,-1.963724322164523e-05,0.001162180326413187,9.828617846715426e-06
1,0.0030159000000005752,-0.19887339890384,0.0001998983155390571,-12.0,0.09973654892421174,12.0,-0.00113252699506129,-9.953665060867271e-06,-9.953664860968956e-06,-1.9887339890384e-05,0.00116236600437707,9.95366506086727e-06
1,0.003016100000000575,-0.2013740515427431,0.0001998755960456039,-12.0,0.1009868411641959,12.0,-0.001132337554189398,-1.007869655681503e-05,-1.007869635693943e-05,-2.013740515427431e-05,0.001162551635171734,1.007869655681503e-05
1,0.003016300000000575,-0.2038743861842851,0.0001998525610035773,-12.0,0.1022369739321736,12.0,-0.001132148113576249,-1.0203712137117e-05,-1.020371193726444e-05,-2.038743861842851e-05,0.00116273721851295,1.0203712137117e-05
1,0.003016500000000576,-0.2063743988801175,0.0001998292104470473,-12.0,0.1034869452540215,12.0,-0.001131958673530015,-1.032871160435744e-05,-1.032871140452823e-05,-2.063743988801176e-05,0.001162922754116672,1.032871160435744e-05
1,0.003016700000000576,-0.2088740856823625,0.0001998055444089458,-12.0,0.1047367531558501,12.0,-0.001131769234358973,-1.045369476114412e-05,-1.045369456133857e-05,-2.088740856823625e-05,0.001163108241699042,1.045369476114412e-05
1,0.0030169000000005762,-0.2113734426436701,0.0001997815629324745,-12.0,0.1059863956640494,12.0,-0.001131579796371511,-1.057866141011169e-05,-1.057866121033013e-05,-2.113734426436701e-05,0.001163293680976394,1.057866141011169e-05
1,0.003017100000000576,-0.2138724658172301,0.000199757266052647,-12.0,0.1072358708052667,12.0,-0.001131390359876128,-1.07036113539214e-05,-1.070361115416414e-05,-2.138724658172301e-05,0.00116347907166524,1.07036113539214e-05
1,0.003017300000000576,-0.2163711512567388,0.0001997326538071414,-12.0,0.1084851766064066,12.0,-0.001131200925181429,-1.082854439525995e-05,-1.08285441955273e-05,-2.163711512567388e-05,0.001163664413482278,1.082854439525995e-05
1,0.003017500000000576,-0.2188694950164234,0.0001997077262349545,-12.0,0.1097343110946414,12.0,-0.001131011492596121,-1.095346033684064e-05,-1.095346013713292e-05,-2.188694950164234e-05,0.001163849706144405,1.095346033684064e-05
1,0.003017700000000576,-0.221367493151066,0.000199682483377539,-12.0,0.1109832722974241,12.0,-0.001130822062429033,-1.107835898140466e-05,-1.107835878172218e-05,-2.21367493151066e-05,0.001164034949368689,1.107835898140466e-05
1,0.003017900000000576,-0.2238651417159887,0.0001996569252716157,-12.0,0.1122320582424711,12.0,-0.001130632634989083,-1.120324013171994e-05,-1.120323993206302e-05,-2.238651417159887e-05,0.001164220142872398,1.120324013171994e-05
1,0.003018100000000576,-0.2263624367670539,0.0001996310519585126,-12.0,0.1134806669577752,12.0,-0.001130443210585299,-1.132810359058167e-05,-1.132810339095062e-05,-2.263624367670539e-05,0.001164405286372986,1.132810359058167e-05
1,0.003018300000000577,-0.2288593743607002,0.0001996048634809316,-12.0,0.1147290964716201,12.0,-0.001130253789526831,-1.145294916081392e-05,-1.145294896120906e-05,-2.288593743607002e-05,0.001164590379588095,1.145294916081392e-05
1,0.003018500000000577,-0.2313559505539246,0.0001995783598771339,-12.0,0.1159773448125616,12.0,-0.0011300643721229,-1.157777664526845e-05,-1.157777644569009e-05,-2.313559505539246e-05,0.001164775422235555,1.157777664526845e-05
1,0.003018700000000577,-0.2338521614042825,0.0001995515411899323,-12.0,0.1172254100094416,12.0,-0.001129874958682865,-1.170258584682516e-05,-1.170258564727362e-05,-2.338521614042825e-05,0.001164960414033385,1.170258584682516e-05
1,0.003018900000000577,-0.2363480029699203,0.0001995244074627228,-12.0,0.1184732900913983,12.0,-0.001129685549516167,-1.182737656839356e-05,-1.182737636886915e-05,-2.363480029699203e-05,0.001165145354699802,1.182737656839356e-05
1,0.003019100000000577,-0.2388434713095768,0.000199496958738582,-12.0,0.1197209830878659,12.0,-0.001129496144932355,-1.195214861291273e-05,-1.195214841341577e-05,-2.388434713095768e-05,0.001165330243953204,1.195214861291273e-05
1,0.0030193000000005767,-0.241338562482553,0.0001994691950561178,-12.0,0.1209684870285526,12.0,-0.001129306745241089,-1.207690178334965e-05,-1.207690158388046e-05,-2.41338562482553e-05,0.001165515081512176,1.207690178334965e-05
1,0.0030195000000005773,-0.2438332725487551,0.0001994411164652349,-12.0,0.1222157999434866,12.0,-0.001129117350752121,-1.220163588270213e-05,-1.220163568326102e-05,-2.438332725487551e-05,0.001165699867095514,1.220163588270213e-05
1,0.003019700000000577,-0.2463275975687164,0.0001994127230079829,-12.0,0.1234629198629974,12.0,-0.001128927961775304,-1.232635071399894e-05,-1.232635051458622e-05,-2.463275975687165e-05,0.001165884600422181,1.232635071399895e-05
1,0.003019900000000577,-0.2488215336035408,0.0001993840147253567,-12.0,0.1247098448176986,12.0,-0.001128738578620598,-1.245104608029732e-05,-1.245104588091331e-05,-2.488215336035408e-05,0.001166069281211355,1.245104608029732e-05
1,0.003020100000000578,-0.2513150767149594,0.0001993549916684267,-12.0,0.1259565728385323,12.0,-0.001128549201598057,-1.257572178468639e-05,-1.257572158533139e-05,-2.513150767149594e-05,0.001166253909182383,1.257572178468639e-05
1,0.0030203000000005777,-0.2538082229653435,0.000199325653880103,-12.0,0.1272031019567484,12.0,-0.001128359831017835,-1.270037763028683e-05,-1.270037743096118e-05,-2.538082229653435e-05,0.001166438484054831,1.270037763028683e-05
1,0.0030205000000005783,-0.2563009684176694,0.0001992960014060019,-12.0,0.1284494302039038,12.0,-0.001128170467190196,-1.282501342024977e-05,-1.282501322095377e-05,-2.563009684176694e-05,0.00116662300554843,1.282501342024978e-05
1,0.003020700000000578,-0.2587933091355445,0.0001992660342931968,-12.0,0.1296955556118724,12.0,-0.00112798111042549,-1.294962895775792e-05,-1.294962875849189e-05,-2.587933091355446e-05,0.001166807473383118,1.294962895775793e-05
1,0.003020900000000578,-0.2612852411832308,0.0001992357525909261,-12.0,0.1309414762128593,12.0,-0.001127791761034169,-1.307422404602684e-05,-1.307422384679109e-05,-2.612852411832308e-05,0.001166991887279032,1.307422404602684e-05
1,0.003021100000000578,-0.2637767606256296,0.0001992051563439456,-12.0,0.1321871900393823,12.0,-0.001127602419326778,-1.319879848830383e-05,-1.319879828909868e-05,-2.637767606256296e-05,0.001167176246956501,1.319879848830383e-05
1,0.003021300000000578,-0.2662678635282817,0.0001991742456014939,-12.0,0.1334326951242855,12.0,-0.00112741308561397,-1.332335208786841e-05,-1.332335188869416e-05,-2.662678635282817e-05,0.001167360552136036,1.332335208786841e-05
1,0.003021500000000578,-0.2687585459574043,0.000199143020414197,-12.0,0.1346779895007537,12.0,-0.001127223760206479,-1.344788464803395e-05,-1.344788444889093e-05,-2.687585459574044e-05,0.001167544802538365,1.344788464803395e-05
1,0.003021700000000578,-0.2712488039798723,0.0001991114808282402,-12.0,0.1359230712022933,12.0,-0.001127034443415149,-1.357239597214651e-05,-1.357239577303503e-05,-2.712488039798723e-05,0.00116772899788439,1.357239597214651e-05
1,0.003021900000000579,-0.273738633663218,0.0001990796268944439,-12.0,0.137167938262747,12.0,-0.001126845135550907,-1.369688586358525e-05,-1.369688566450562e-05,-2.73738633663218e-05,0.001167913137895217,1.369688586358525e-05
1,0.003022100000000579,-0.2762280310756697,0.00019904745866485,-12.0,0.1384125887163067,12.0,-0.001126655836924787,-1.382135412576418e-05,-1.382135392671673e-05,-2.762280310756697e-05,0.001168097222292153,1.382135412576419e-05
1,0.003022300000000579,-0.2787169922861312,0.0001990149761871701,-12.0,0.1396570205974961,12.0,-0.001126466547847909,-1.394580056213089e-05,-1.394580036311592e-05,-2.787169922861312e-05,0.001168281250796689,1.394580056213089e-05
1,0.003022500000000579,-0.281205513364183,0.0001989821795135988,-12.0,0.1409012319411837,12.0,-0.001126277268631484,-1.407022497616701e-05,-1.407022477718483e-05,-2.81205513364183e-05,0.001168465223130528,1.407022497616701e-05
1,0.003022700000000579,-0.2836935903801146,0.0001989490686970657,-12.0,0.1421452207825936,12.0,-0.001126087999586826,-1.419462717138965e-05,-1.419462697244058e-05,-2.836935903801146e-05,0.001168649139015555,1.419462717138965e-05
1,0.0030229000000005788,-0.2861812194049217,0.0001989156437891826,-12.0,0.1433889851573011,12.0,-0.001125898741025325,-1.431900695135119e-05,-1.431900675243554e-05,-2.861812194049217e-05,0.00116883299817387,1.431900695135119e-05
1,0.0030231000000005793,-0.2886683965102957,0.0001988819048413665,-12.0,0.1446325231012289,12.0,-0.00112570949325848,-1.444336411963875e-05,-1.444336392075685e-05,-2.886683965102957e-05,0.001169016800327752,1.444336411963876e-05
1,0.003023300000000579,-0.2911551177686363,0.0001988478519071857,-12.0,0.1458758326506575,12.0,-0.001125520256597873,-1.456769847987504e-05,-1.456769828102718e-05,-2.911551177686364e-05,0.001169200545199688,1.456769847987503e-05
1,0.00302350000000058,-0.2936413792530796,0.0001988134850423873,-12.0,0.1471189118422382,12.0,-0.001125331031355172,-1.469200983571958e-05,-1.46920096369061e-05,-2.936413792530797e-05,0.001169384232512373,1.469200983571959e-05
1,0.00302370000000058,-0.2961271770374817,0.0001987788042981109,-12.0,0.148361758712976,12.0,-0.001125141817842146,-1.481629799086779e-05,-1.481629779208899e-05,-2.961271770374817e-05,0.001169567861988678,1.481629799086779e-05
1,0.0030239000000005798,-0.2986125071964186,0.0001987438097300481,-12.0,0.1496043713002425,12.0,-0.001124952616370649,-1.494056274905124e-05,-1.494056255030743e-05,-2.986125071964186e-05,0.001169751433351686,1.494056274905124e-05
1,0.0030241000000005803,-0.3010973658052233,0.000198708501395306,-12.0,0.1508467476417897,12.0,-0.00112476342725262,-1.506480391403944e-05,-1.506480371533093e-05,-3.010973658052233e-05,0.001169934946324686,1.506480391403944e-05
1,0.00302430000000058,-0.3035817489399675,0.0001986728793465092,-12.0,0.1520888857757323,12.0,-0.001124574250800084,-1.518902128963858e-05,-1.51890210909657e-05,-3.035817489399675e-05,0.001170118400631158,1.518902128963858e-05
1,0.00302450000000058,-0.3060656526774612,0.0001986369436407787,-12.0,0.1533307837405612,12.0,-0.001124385087325161,-1.531321467969204e-05,-1.53132144810551e-05,-3.060656526774612e-05,0.001170301795994783,1.531321467969204e-05
1,0.0030247000000005802,-0.3085490730952901,0.0001986006943366647,-12.0,0.154572439575157,12.0,-0.001124195937140061,-1.543738388808203e-05,-1.543738368948134e-05,-3.085490730952901e-05,0.001170485132139453,1.543738388808203e-05
1,0.00302490000000058,-0.3110320062717918,0.000198564131487583,-12.0,0.1558138513187686,12.0,-0.001124006800557072,-1.556152871872811e-05,-1.556152852016397e-05,-3.110320062717919e-05,0.001170668408789238,1.55615287187281e-05
1,0.00302510000000058,-0.3135144482860773,0.0001985272551555117,-12.0,0.1570550170110445,12.0,-0.001123817677888574,-1.56856489755889e-05,-1.568564877706164e-05,-3.135144482860773e-05,0.001170851625668433,1.56856489755889e-05
1,0.003025300000000581,-0.3159963952180367,0.0001984900653946992,-12.0,0.1582959346920111,12.0,-0.001123628569447029,-1.580974446266164e-05,-1.580974426417157e-05,-3.159963952180368e-05,0.001171034782501518,1.580974446266164e-05
1,0.003025500000000581,-0.3184778431483262,0.0001984525622651112,-12.0,0.1595366024020864,12.0,-0.001123439475544972,-1.593381498398214e-05,-1.593381478552956e-05,-3.184778431483263e-05,0.001171217879013194,1.593381498398213e-05
1,0.0030257000000005812,-0.3209587881584102,0.0001984147458275604,-12.0,0.1607770181820939,12.0,-0.001123250396495048,-1.605786034362663e-05,-1.605786014521189e-05,-3.209587881584103e-05,0.00117140091492835,1.605786034362663e-05
1,0.003025900000000581,-0.3234392263305398,0.0001983766161387929,-12.0,0.1620171800732442,12.0,-0.001123061332609976,-1.618188034571054e-05,-1.618188014733393e-05,-3.234392263305398e-05,0.001171583889972074,1.618188034571054e-05
1,0.003026100000000581,-0.3259191537477548,0.0001983381732598849,-12.0,0.163257086117149,12.0,-0.001122872284202533,-1.630587479438891e-05,-1.630587459605073e-05,-3.259191537477548e-05,0.00117176680386968,1.630587479438891e-05
1,0.003026300000000581,-0.32839856649392,0.0001982994172533559,-12.0,0.1644967343558342,12.0,-0.001122683251585627,-1.642984349385809e-05,-1.642984329555867e-05,-3.2839856649392e-05,0.001171949656346653,1.642984349385808e-05
1,0.003026500000000581,-0.3308774606537021,0.0001982603481764794,-12.0,0.1657361228317192,12.0,-0.001122494235072199,-1.655378624835428e-05,-1.655378605009393e-05,-3.308774606537021e-05,0.001172132447128705,1.655378624835427e-05
1,0.0030267000000005814,-0.3333558323125899,0.0001982209660951612,-12.0,0.1669752495876474,12.0,-0.001122305234975311,-1.667770286215522e-05,-1.667770266393426e-05,-3.3335583231259e-05,0.001172315175941744,1.667770286215522e-05
1,0.003026900000000581,-0.3358336775569013,0.0001981812710677017,-12.0,0.1682141126668649,12.0,-0.001122116251608078,-1.680159313957972e-05,-1.680159294139845e-05,-3.358336775569013e-05,0.001172497842511892,1.680159313957972e-05
1,0.003027100000000582,-0.3383109924737697,0.0001981412631579804,-12.0,0.1694527101130344,12.0,-0.001121927285283712,-1.692545688498765e-05,-1.692545668684638e-05,-3.383109924737697e-05,0.001172680446565461,1.692545688498765e-05
1,0.003027300000000582,-0.340787773151186,0.0001981009424307234,-12.0,0.1706910399702485,12.0,-0.001121738336315486,-1.704929390278178e-05,-1.704929370468083e-05,-3.40787773151186e-05,0.001172862987828972,1.704929390278178e-05
1,0.003027500000000582,-0.3432640156779725,0.0001980603089459382,-12.0,0.1719291002830083,12.0,-0.001121549405016773,-1.717310399740623e-05,-1.717310379934593e-05,-3.432640156779725e-05,0.001173045466029171,1.717310399740624e-05
1,0.0030277000000005824,-0.3457397161438061,0.0001980193627718757,-12.0,0.1731668890962545,12.0,-0.001121360491701015,-1.729688697334826e-05,-1.72968867753289e-05,-3.457397161438062e-05,0.001173227880892972,1.729688697334827e-05
1,0.003027900000000582,-0.3482148706392224,0.0001979781039693068,-12.0,0.1744044044553462,12.0,-0.001121171596681729,-1.742064263513769e-05,-1.742064243715959e-05,-3.482148706392225e-05,0.001173410232147534,1.742064263513769e-05
1,0.003028100000000582,-0.3506894752556042,0.0001979365326045118,-12.0,0.1756416444060742,12.0,-0.001120982720272515,-1.754437078734697e-05,-1.754437058941044e-05,-3.506894752556042e-05,0.001173592519520209,1.754437078734696e-05
1,0.0030283000000005823,-0.3531635260852219,0.0001978946487448258,-12.0,0.1768786069946747,12.0,-0.001120793862787049,-1.766807123459299e-05,-1.766807103669834e-05,-3.53163526085222e-05,0.001173774742738536,1.766807123459299e-05
1,0.003028500000000582,-0.355637019221214,0.0001978524524532677,-12.0,0.1781152902678114,12.0,-0.001120605024539083,-1.779174378153582e-05,-1.779174358368337e-05,-3.55637019221214e-05,0.001173956901530285,1.779174378153582e-05
1,0.003028700000000582,-0.3581099507575874,0.0001978099437974362,-12.0,0.1793516922725893,12.0,-0.001120416205842432,-1.791538823287918e-05,-1.791538803506924e-05,-3.581099507575875e-05,0.001174138995623433,1.791538823287919e-05
1,0.003028900000000583,-0.3605823167892543,0.0001977671228462347,-12.0,0.1805878110565677,12.0,-0.00112022740701101,-1.803900439337215e-05,-1.803900419560503e-05,-3.605823167892543e-05,0.001174321024746152,1.803900439337215e-05
1,0.003029100000000583,-0.3630541134120137,0.0001977239896640975,-12.0,0.1818236446677429,12.0,-0.001120038628358775,-1.816259206780788e-05,-1.816259187008389e-05,-3.630541134120137e-05,0.001174502988626841,1.816259206780788e-05
1,0.0030293000000005833,-0.3655253367225519,0.0001976805443199836,-12.0,0.1830591911545614,12.0,-0.001119849870199797,-1.828615106102414e-05,-1.828615086334359e-05,-3.655253367225519e-05,0.001174684886994085,1.828615106102414e-05
1,0.003029500000000583,-0.3679959828184734,0.0001976367868836565,-12.0,0.1842944485659301,12.0,-0.001119661132848178,-1.840968117790464e-05,-1.840968098026785e-05,-3.679959828184734e-05,0.001174866719576687,1.840968117790464e-05
1,0.003029700000000583,-0.3704660477983049,0.0001975927174242553,-12.0,0.185529414951216,12.0,-0.001119472416618122,-1.853318222337917e-05,-1.853318202578646e-05,-3.704660477983049e-05,0.001175048486103676,1.853318222337917e-05
1,0.003029900000000583,-0.3729355277614625,0.0001975483360066171,-12.0,0.1867640883602246,12.0,-0.001119283721823901,-1.86566540024218e-05,-1.865665380487346e-05,-3.729355277614625e-05,0.001175230186304253,1.86566540024218e-05
1,0.003030100000000583,-0.3754044188082966,0.0001975036427069032,-12.0,0.1879984668432451,12.0,-0.001119095048779849,-1.878009632005382e-05,-1.878009612255018e-05,-3.754044188082967e-05,0.001175411819907862,1.878009632005382e-05
1,0.003030300000000583,-0.3778727170401075,0.0001974586375924348,-12.0,0.1892325484510288,12.0,-0.001118906397800368,-1.890350898134364e-05,-1.8903508783885e-05,-3.778727170401075e-05,0.001175593386644153,1.890350898134364e-05
1,0.003030500000000583,-0.38034041855911,0.000197413320733808,-12.0,0.190466331234789,12.0,-0.001118717769199942,-1.902689179140552e-05,-1.902689159399219e-05,-3.8034041855911e-05,0.001175774886242976,1.902689179140552e-05
1,0.003030700000000584,-0.3828075194684598,0.0001973676922025491,-12.0,0.1916998132462106,12.0,-0.001118529163293115,-1.915024455540081e-05,-1.915024435803311e-05,-3.828075194684598e-05,0.001175956318434392,1.915024455540081e-05
1,0.003030900000000584,-0.3852740158722757,0.0001973217520726545,-12.0,0.1929329925374643,12.0,-0.001118340580394509,-1.927356707853917e-05,-1.927356688121742e-05,-3.852740158722758e-05,0.001176137682948688,1.927356707853917e-05
1,0.003031100000000584,-0.3877399038756257,0.0001972755004135684,-12.0,0.1941658671611882,12.0,-0.00111815202081882,-1.939685916607746e-05,-1.939685896880196e-05,-3.877399038756257e-05,0.001176318979516339,1.939685916607747e-05
1,0.003031300000000584,-0.3902051795845263,0.000197228937299232,-12.0,0.1953984351705014,12.0,-0.001117963484880777,-1.952012062332022e-05,-1.952012042609128e-05,-3.902051795845263e-05,0.001176500207868057,1.952012062332022e-05
1,0.003031500000000584,-0.3926698391059796,0.0001971820628048626,-12.0,0.1966306946190177,12.0,-0.001117774972895218,-1.964335125562129e-05,-1.964335105843922e-05,-3.926698391059797e-05,0.001176681367734748,1.964335125562129e-05
1,0.0030317000000005838,-0.3951338785479541,0.0001971348770014036,-12.0,0.1978626435608279,12.0,-0.001117586485177031,-1.976655086838265e-05,-1.976655067124777e-05,-3.951338785479541e-05,0.001176862458847537,1.976655086838265e-05
1,0.0030319000000005843,-0.3975972940193854,0.0001970873799642947,-12.0,0.1990942800505129,12.0,-0.001117398022041152,-1.988971926705487e-05,-1.988971906996748e-05,-3.975972940193854e-05,0.001177043480937764,1.988971926705486e-05
1,0.003032100000000584,-0.4000600816302088,0.0001970395717693085,-12.0,0.2003256021431541,12.0,-0.001117209583802625,-2.001285625713848e-05,-2.00128560600989e-05,-4.000600816302088e-05,0.001177224433736978,2.001285625713848e-05
1,0.003032300000000584,-0.4025222374913592,0.0001969914524923566,-12.0,0.2015566078943327,12.0,-0.001117021170776514,-2.013596164418403e-05,-2.013596144719258e-05,-4.025222374913593e-05,0.001177405316976948,2.013596164418403e-05
1,0.003032500000000585,-0.4049837577147434,0.0001969430222044932,-12.0,0.2027872953601087,12.0,-0.001116832783277965,-2.025903523379042e-05,-2.02590350368474e-05,-4.049837577147435e-05,0.001177586130389655,2.025903523379042e-05
1,0.0030327000000005848,-0.4074446384132811,0.0001968942809881802,-12.0,0.2040176625970656,12.0,-0.001116644421622206,-2.038207683160774e-05,-2.038207663471347e-05,-4.074446384132811e-05,0.001177766873707277,2.038207683160774e-05
1,0.0030329000000005853,-0.4099048757009262,0.0001968452289181077,-12.0,0.2052477076622926,12.0,-0.001116456086124498,-2.050508624333745e-05,-2.050508604649222e-05,-4.099048757009262e-05,0.001177947546662235,2.050508624333744e-05
1,0.003033100000000585,-0.4123644656926126,0.0001967958660678004,-12.0,0.2064774286133666,12.0,-0.001116267777100187,-2.062806327472989e-05,-2.062806307793402e-05,-4.123644656926127e-05,0.001178128148987143,2.062806327472988e-05
1,0.003033300000000585,-0.414823404504309,0.0001967461925206915,-12.0,0.2077068235083974,12.0,-0.001116079494864666,-2.075100773158768e-05,-2.075100753484149e-05,-4.14823404504309e-05,0.001178308680414835,2.075100773158768e-05
1,0.003033500000000585,-0.4172816882530305,0.0001966962083525814,-12.0,0.2089358904060062,12.0,-0.00111589123973338,-2.087391941976537e-05,-2.087391922306915e-05,-4.172816882530305e-05,0.001178489140678383,2.087391941976537e-05
1,0.003033700000000585,-0.4197393130568077,0.0001966459136413801,-12.0,0.2101646273653251,12.0,-0.001115703012021872,-2.099679814516837e-05,-2.099679794852246e-05,-4.197393130568077e-05,0.001178669529511036,2.099679814516837e-05
1,0.003033900000000585,-0.4221962750347079,0.0001965953084667182,-12.0,0.2113930324460071,12.0,-0.001115514812045717,-2.111964371375404e-05,-2.111964351715873e-05,-4.221962750347079e-05,0.001178849846646277,2.111964371375404e-05
1,0.003034100000000586,-0.4246525703068608,0.0001965443929104749,-12.0,0.21262110370824,12.0,-0.001115326640120547,-2.124245593153296e-05,-2.124245573498856e-05,-4.246525703068608e-05,0.001179030091817811,2.124245593153295e-05
1,0.003034300000000586,-0.4271081949944436,0.0001964931670498382,-12.0,0.2138488392127282,12.0,-0.00111513849656206,-2.136523460456783e-05,-2.136523440807467e-05,-4.271081949944436e-05,0.001179210264759561,2.136523460456783e-05
1,0.003034500000000586,-0.42956314521968,0.0001964416309664929,-12.0,0.2150762370207061,12.0,-0.001114950381686016,-2.148797953897396e-05,-2.148797934253233e-05,-4.2956314521968e-05,0.001179390365205663,2.148797953897396e-05
1,0.003034700000000586,-0.4320174171058776,0.0001963897847437057,-12.0,0.2163032951939522,12.0,-0.001114762295808227,-2.161069054092084e-05,-2.161069034453106e-05,-4.320174171058776e-05,0.001179570392890447,2.161069054092085e-05
1,0.003034900000000586,-0.4344710067774082,0.0001963376284600804,-12.0,0.2175300117947705,12.0,-0.001114574239244565,-2.173336741663104e-05,-2.173336722029342e-05,-4.344710067774082e-05,0.001179750347548504,2.173336741663104e-05
1,0.003035100000000586,-0.4369239103597091,0.0001962851621989947,-12.0,0.2187563848860047,12.0,-0.001114386212310945,-2.185600997238057e-05,-2.185600977609541e-05,-4.369239103597091e-05,0.001179930228914619,2.185600997238057e-05
1,0.003035300000000586,-0.4393761239793201,0.0001962323860447979,-12.0,0.2199824125310511,12.0,-0.001114198215323367,-2.197861801450063e-05,-2.197861781826824e-05,-4.393761239793201e-05,0.001180110036723782,2.197861801450063e-05
1,0.0030355000000005863,-0.441827643763863,0.00019617930007787,-12.0,0.2212080927938413,12.0,-0.001114010248597863,-2.210119134937635e-05,-2.210119115319705e-05,-4.41827643763863e-05,0.001180289770711232,2.210119134937635e-05
1,0.003035700000000586,-0.4442784658420444,0.0001961259043828378,-12.0,0.2224334237388555,12.0,-0.001113822312450524,-2.222372978344726e-05,-2.222372958732136e-05,-4.442784658420444e-05,0.0011804694306124,2.222372978344727e-05
1,0.003035900000000587,-0.4467285863436856,0.0001960721990449943,-12.0,0.2236584034311323,12.0,-0.001113634407197486,-2.234623312320872e-05,-2.234623292713653e-05,-4.467285863436856e-05,0.001180649016162948,2.234623312320873e-05
1,0.003036100000000587,-0.4491780013997249,0.0001960181841493824,-12.0,0.2248830299362684,12.0,-0.001113446533154958,-2.24687011752119e-05,-2.246870097919372e-05,-4.491780013997249e-05,0.001180828527098766,2.24687011752119e-05
1,0.003036300000000587,-0.4516267071421887,0.0001959638597763824,-12.0,0.2261073013203975,12.0,-0.00111325869063918,-2.259113374606212e-05,-2.259113355009825e-05,-4.516267071421887e-05,0.001181007963155956,2.259113374606212e-05
1,0.0030365000000005873,-0.4540746997042326,0.0001959092260177264,-12.0,0.2273312156502351,12.0,-0.001113070879966482,-2.271353064242173e-05,-2.271353044651251e-05,-4.540746997042326e-05,0.001181187324070816,2.271353064242174e-05
1,0.003036700000000587,-0.4565219752201583,0.0001958542829565146,-12.0,0.2285547709930567,12.0,-0.001112883101453188,-2.283589167101002e-05,-2.283589147515574e-05,-4.565219752201584e-05,0.001181366609579917,2.283589167101002e-05
1,0.003036900000000587,-0.4589685298253783,0.0001957990306790669,-12.0,0.2297779654166981,12.0,-0.001112695355415715,-2.29582166386019e-05,-2.295821644280287e-05,-4.589685298253784e-05,0.00118154581942,2.29582166386019e-05
1,0.0030371000000005872,-0.4614143596564426,0.0001957434692724525,-12.0,0.2310007969895647,12.0,-0.001112507642170527,-2.308050535202922e-05,-2.308050515628575e-05,-4.614143596564427e-05,0.001181724953328047,2.308050535202922e-05
1,0.003037300000000587,-0.4638594608510599,0.0001956875988264328,-12.0,0.2322232637806455,12.0,-0.00111231996203412,-2.320275761818191e-05,-2.320275742249432e-05,-4.638594608510599e-05,0.001181904011041266,2.320275761818191e-05
1,0.003037500000000587,-0.4663038295480839,0.0001956314194260511,-12.0,0.2334453638594953,12.0,-0.001112132315323044,-2.332497324400693e-05,-2.33249730483755e-05,-4.663038295480839e-05,0.001182082992297089,2.332497324400692e-05
1,0.003037700000000588,-0.4687474618875139,0.0001955749311608468,-12.0,0.2346670952962475,12.0,-0.001111944702353908,-2.344715203650867e-05,-2.344715184093374e-05,-4.687474618875139e-05,0.00118226189683315,2.344715203650867e-05
1,0.003037900000000588,-0.4711903540105296,0.0001955181341216361,-12.0,0.2358884561616286,12.0,-0.001111757123443361,-2.356929380275069e-05,-2.356929360723256e-05,-4.711903540105297e-05,0.001182440724387324,2.35692938027507e-05
1,0.0030381000000005882,-0.4736325020594728,0.000195461028395183,-12.0,0.2371094445269395,12.0,-0.001111569578908095,-2.369139834985443e-05,-2.36913981543934e-05,-4.736325020594728e-05,0.001182619474697704,2.369139834985443e-05
1,0.003038300000000588,-0.4760739021778493,0.0001954036140724147,-12.0,0.2383300584640694,12.0,-0.001111382069064863,-2.38134654849997e-05,-2.381346528959609e-05,-4.760739021778493e-05,0.001182798147502592,2.38134654849997e-05
1,0.003038500000000588,-0.4785145505103638,0.0001953458912456463,-12.0,0.2395502960455093,12.0,-0.001111194594230442,-2.393549501542637e-05,-2.393549482008047e-05,-4.785145505103638e-05,0.001182976742540545,2.393549501542637e-05
1,0.003038700000000588,-0.4809544432029019,0.0001952878600029462,-12.0,0.2407701553443339,12.0,-0.001111007154721681,-2.40574867484331e-05,-2.405748655314524e-05,-4.80954443202902e-05,0.001183155259550303,2.40574867484331e-05
1,0.003038900000000588,-0.4833935764025306,0.0001952295204367682,-12.0,0.2419896344342156,12.0,-0.001110819750855429,-2.417944049137789e-05,-2.417944029614837e-05,-4.833935764025306e-05,0.00118333369827087,2.417944049137789e-05
1,0.003039100000000588,-0.4858319462575297,0.0001951708726401769,-12.0,0.2432087313894338,12.0,-0.001110632382948649,-2.430135605167936e-05,-2.43013558565085e-05,-4.858319462575297e-05,0.001183512058441416,2.430135605167937e-05
1,0.003039300000000588,-0.4882695489173893,0.0001951119167051263,-12.0,0.2444274442848715,12.0,-0.001110445051318267,-2.442323323681664e-05,-2.442323304170472e-05,-4.882695489173893e-05,0.001183690339801414,2.442323323681664e-05
1,0.003039500000000589,-0.4907063805327994,0.000195052652723321,-12.0,0.2456457711960112,12.0,-0.001110257756281319,-2.454507185432879e-05,-2.454507165927613e-05,-4.907063805327994e-05,0.001183868542090499,2.454507185432879e-05
1,0.003039700000000589,-0.4931424372556626,0.0001949930807885747,-12.0,0.246863710198945,12.0,-0.001110070498154838,-2.466687171181564e-05,-2.466687151682256e-05,-4.931424372556627e-05,0.001184046665048552,2.466687171181564e-05
1,0.003039900000000589,-0.4955777152391218,0.0001949332009966165,-12.0,0.2480812593703878,12.0,-0.001109883277255926,-2.478863261693912e-05,-2.478863242200592e-05,-4.955777152391217e-05,0.001184224708415681,2.478863261693912e-05
1,0.003040100000000589,-0.4980122106375423,0.0001948730134390952,-12.0,0.2492984167876599,12.0,-0.001109696093901717,-2.491035437742208e-05,-2.491035418254907e-05,-4.980122106375423e-05,0.001184402671932212,2.491035437742208e-05
1,0.003040300000000589,-0.5004459196065143,0.0001948125182118232,-12.0,0.2505151805287001,12.0,-0.001109508948409377,-2.503203680104883e-05,-2.503203660623631e-05,-5.004459196065143e-05,0.0011845805553387,2.503203680104883e-05
1,0.0030405000000005887,-0.5028788383028885,0.0001947517154119172,-12.0,0.2517315486720793,12.0,-0.001109321841096116,-2.515367969566673e-05,-2.515367950091502e-05,-5.028788383028885e-05,0.001184758358375924,2.515367969566673e-05
1,0.0030407000000005893,-0.5053109628847562,0.000194690605132275,-12.0,0.2529475192969826,12.0,-0.001109134772279186,-2.527528286918504e-05,-2.527528267449443e-05,-5.053109628847562e-05,0.001184936080784908,2.527528286918504e-05
1,0.003040900000000589,-0.5077422895114514,0.000194629187470402,-12.0,0.2541630904832232,12.0,-0.001108947742275875,-2.539684612957528e-05,-2.539684593494609e-05,-5.077422895114514e-05,0.001185113722306876,2.539684612957528e-05
1,0.003041100000000589,-0.5101728143435864,0.0001945674625247196,-12.0,0.2553782603112549,12.0,-0.00110876075140352,-2.551836928487302e-05,-2.551836909030556e-05,-5.101728143435864e-05,0.001185291282683281,2.551836928487302e-05
1,0.00304130000000059,-0.5126025335430285,0.0001945054303889859,-12.0,0.256593026862152,12.0,-0.001108573799979477,-2.563985214317631e-05,-2.563985194867088e-05,-5.126025335430286e-05,0.001185468761655803,2.56398521431763e-05
1,0.0030415000000005897,-0.515031443272921,0.0001944430911651751,-12.0,0.2578073882176392,12.0,-0.001108386888321138,-2.57612945126474e-05,-2.576129431820431e-05,-5.150314432729211e-05,0.001185646158966387,2.57612945126474e-05
1,0.0030417000000005903,-0.5174595396976888,0.0001943804449477393,-12.0,0.2590213424600705,12.0,-0.001108200016745952,-2.588269620151228e-05,-2.588269600713182e-05,-5.174595396976888e-05,0.001185823474357146,2.588269620151227e-05
1,0.00304190000000059,-0.519886818983026,0.0001943174918367929,-12.0,0.2602348876724432,12.0,-0.001108013185571376,-2.600405701806063e-05,-2.600405682374314e-05,-5.198868189830261e-05,0.001186000707570464,2.600405701806064e-05
1,0.00304210000000059,-0.5223132772959367,0.0001942542319332552,-12.0,0.2614480219384105,12.0,-0.001107826395114916,-2.612537677064773e-05,-2.61253765763935e-05,-5.223132772959367e-05,0.001186177858348941,2.612537677064773e-05
1,0.00304230000000059,-0.5247389108047139,0.0001941906653339376,-12.0,0.2626607433422645,12.0,-0.001107639645694124,-2.624665526769306e-05,-2.624665507350239e-05,-5.247389108047139e-05,0.001186354926435387,2.624665526769306e-05
1,0.00304250000000059,-0.5271637156789424,0.0001941267921400369,-12.0,0.2638730499689492,12.0,-0.001107452937626558,-2.636789231768091e-05,-2.636789212355412e-05,-5.271637156789424e-05,0.00118653191157287,2.636789231768091e-05
1,0.00304270000000059,-0.5295876880895325,0.0001940626124541378,-12.0,0.2650849399040736,12.0,-0.001107266271229829,-2.648908772916194e-05,-2.648908753509933e-05,-5.295876880895325e-05,0.001186708813504668,2.648908772916194e-05
1,0.00304290000000059,-0.5320108242086993,0.0001939981263736346,-12.0,0.2662964112338914,12.0,-0.001107079646821579,-2.661024131075177e-05,-2.661024111675365e-05,-5.320108242086993e-05,0.001186885631974284,2.661024131075177e-05
1,0.003043100000000591,-0.5344331202099816,0.0001939333340043869,-12.0,0.2675074620453307,12.0,-0.001106893064719443,-2.673135287113263e-05,-2.67313526771993e-05,-5.344331202099816e-05,0.001187062366725489,2.673135287113263e-05
1,0.003043300000000591,-0.536854572268248,0.0001938682354448718,-12.0,0.2687180904259737,12.0,-0.001106706525241166,-2.685242221905289e-05,-2.685242202518464e-05,-5.36854572268248e-05,0.001187239017502208,2.685242221905288e-05
1,0.003043500000000591,-0.5392751765596855,0.0001938028307989503,-12.0,0.2699282944640694,12.0,-0.001106520028704434,-2.697344916332705e-05,-2.697344896952422e-05,-5.392751765596855e-05,0.001187415584048689,2.697344916332705e-05
1,0.003043700000000591,-0.5416949292618384,0.000193737120171289,-12.0,0.2711380722485474,12.0,-0.001106333575427033,-2.709443351283761e-05,-2.709443331910049e-05,-5.416949292618384e-05,0.001187592066109328,2.709443351283761e-05
1,0.003043900000000591,-0.5441138265535844,0.000193671103662113,-12.0,0.2723474218689965,12.0,-0.001106147165726733,-2.721537507653343e-05,-2.721537488286233e-05,-5.441138265535845e-05,0.001187768463428798,2.721537507653343e-05
1,0.0030441000000005908,-0.546531864615157,0.0001936047813794473,-12.0,0.2735563414156955,12.0,-0.001105960799921351,-2.73362736634316e-05,-2.733627346982682e-05,-5.46531864615157e-05,0.001187944775752001,2.73362736634316e-05
1,0.0030443000000005913,-0.5489490396281477,0.0001935381534243219,-12.0,0.2747648289795919,12.0,-0.001105774478328728,-2.745712908261676e-05,-2.74571288890786e-05,-5.489490396281477e-05,0.001188121002824047,2.745712908261676e-05
1,0.003044500000000591,-0.5513653477754984,0.0001934712199027633,-12.0,0.2759728826523155,12.0,-0.00110558820126673,-2.757794114324128e-05,-2.757794094977006e-05,-5.513653477754984e-05,0.001188297144390286,2.757794114324128e-05
1,0.003044700000000592,-0.5537807852415368,0.0001934039809222132,-12.0,0.2771805005261915,12.0,-0.001105401969053264,-2.769870965452693e-05,-2.769870946112295e-05,-5.537807852415369e-05,0.00118847320019631,2.769870965452693e-05
1,0.003044900000000592,-0.5561953482119604,0.0001933364365857282,-12.0,0.2783876806942231,12.0,-0.001105215782006216,-2.781943442576374e-05,-2.78194342324273e-05,-5.561953482119604e-05,0.001188649169987947,2.781943442576375e-05
1,0.0030451000000005918,-0.5586090328738352,0.0001932685870007222,-12.0,0.2795944212501046,12.0,-0.001105029640443567,-2.794011526631039e-05,-2.79401150730418e-05,-5.586090328738353e-05,0.001188825053511224,2.794011526631039e-05
1,0.0030453000000005923,-0.5610218354156328,0.0001932004322759973,-12.0,0.2808007202882347,12.0,-0.001104843544683265,-2.806075198559586e-05,-2.806075179239544e-05,-5.610218354156328e-05,0.00118900085051243,2.806075198559587e-05
1,0.003045500000000592,-0.5634337520272107,0.0001931319725160252,-12.0,0.2820065759036991,12.0,-0.0011046574950433,-2.818134439311831e-05,-2.818134419998634e-05,-5.634337520272107e-05,0.001189176560738091,2.818134439311831e-05
1,0.003045700000000592,-0.5658447788998142,0.0001930632078298022,-12.0,0.2832119861922839,12.0,-0.001104471491841699,-2.830189229844542e-05,-2.83018921053822e-05,-5.658447788998142e-05,0.001189352183934931,2.830189229844541e-05
1,0.0030459000000005922,-0.5682549122261072,0.0001929941383267408,-12.0,0.2844169492504852,12.0,-0.001104285535396494,-2.842239551121584e-05,-2.84223953182217e-05,-5.682549122261073e-05,0.001189527719849943,2.842239551121584e-05
1,0.003046100000000592,-0.5706641482001734,0.0001929247641160869,-12.0,0.2856214631755085,12.0,-0.001104099626025732,-2.854285384113924e-05,-2.854285364821447e-05,-5.706641482001734e-05,0.001189703168230336,2.854285384113924e-05
1,0.003046300000000592,-0.5730724830174876,0.0001928550853024513,-12.0,0.2868255260652483,12.0,-0.0011039137640475,-2.866326709799459e-05,-2.86632669051395e-05,-5.730724830174876e-05,0.001189878528823556,2.866326709799458e-05
1,0.003046500000000593,-0.5754799128749564,0.0001927851020017413,-12.0,0.2880291360183319,12.0,-0.001103727949779896,-2.878363509163301e-05,-2.87836348988479e-05,-5.754799128749564e-05,0.001190053801377291,2.878363509163301e-05
1,0.003046700000000593,-0.5778864339709352,0.0001927148143215651,-12.0,0.2892322911340981,12.0,-0.001103542183541039,-2.890395763197766e-05,-2.890395743926284e-05,-5.778864339709352e-05,0.00119022898563944,2.890395763197765e-05
1,0.0030469000000005932,-0.5802920425051944,0.0001926442223719738,-12.0,0.2904349895125974,12.0,-0.001103356465649061,-2.902423452902255e-05,-2.902423433637832e-05,-5.802920425051944e-05,0.001190404081358159,2.902423452902255e-05
1,0.003047100000000593,-0.5826967346789435,0.0001925733262644891,-12.0,0.2916372292546017,12.0,-0.001103170796422123,-2.914446559283372e-05,-2.91444654002604e-05,-5.826967346789435e-05,0.001190579088281823,2.914446559283372e-05
1,0.003047300000000593,-0.5851005066948525,0.000192502126112909,-12.0,0.2928390084616169,12.0,-0.001102985176178409,-2.92646506335504e-05,-2.926465044104827e-05,-5.851005066948525e-05,0.001190754006159048,2.926465063355039e-05
1,0.003047500000000593,-0.5875033547570404,0.0001924306220265348,-12.0,0.2940403252358662,12.0,-0.001102799605236088,-2.938478946138397e-05,-2.938478926895335e-05,-5.875033547570405e-05,0.001190928834738692,2.938478946138397e-05
1,0.003047700000000593,-0.5899052750710728,0.0001923588141191368,-12.0,0.2952411776803032,12.0,-0.001102614083913378,-2.950488188661842e-05,-2.95048816942596e-05,-5.899052750710729e-05,0.00119110357376985,2.950488188661841e-05
1,0.0030479000000005934,-0.5923062638439989,0.0001922867025054842,-12.0,0.2964415638986247,12.0,-0.001102428612528503,-2.962492771961192e-05,-2.962492752732522e-05,-5.923062638439989e-05,0.001191278223001822,2.962492771961192e-05
1,0.003048100000000593,-0.5947063172843314,0.0001922142872966826,-12.0,0.2976414819952536,12.0,-0.001102243191399701,-2.974492677079569e-05,-2.97449265785814e-05,-5.947063172843315e-05,0.001191452782184171,2.974492677079569e-05
1,0.003048300000000594,-0.5971054316020499,0.00019214156860764,-12.0,0.298840930075352,12.0,-0.001102057820845211,-2.986487885067444e-05,-2.986487865853288e-05,-5.971054316020499e-05,0.001191627251066713,2.986487885067444e-05
1,0.003048500000000594,-0.5995036030086293,0.000192068546554014,-12.0,0.3000399062448312,12.0,-0.0011018725011833,-2.998478376982771e-05,-2.998478357775917e-05,-5.995036030086293e-05,0.001191801629399466,2.998478376982772e-05
1,0.003048700000000594,-0.6019008277170427,0.0001919952212514897,-12.0,0.3012384086103508,12.0,-0.001101687232732271,-3.010464133890994e-05,-3.010464114691471e-05,-6.019008277170427e-05,0.001191975916932674,3.010464133890993e-05
1,0.0030489000000005944,-0.6042971019417326,0.0001919215928108675,-12.0,0.3024364352792985,12.0,-0.001101502015810388,-3.022445136864877e-05,-3.022445117672717e-05,-6.042971019417326e-05,0.001192150113416866,3.022445136864876e-05
1,0.003049100000000594,-0.6066924218986509,0.0001918476613542164,-12.0,0.3036339843598334,12.0,-0.001101316850735959,-3.034421366984792e-05,-3.034421347800026e-05,-6.066924218986509e-05,0.001192324218602783,3.034421366984792e-05
1,0.0030493000000005937,-0.6090867838052814,0.000191773426995917,-12.0,0.3048310539608688,12.0,-0.001101131737827311,-3.04639280533873e-05,-3.046392786161387e-05,-6.090867838052814e-05,0.001192498232241372,3.046392805338729e-05
1,0.0030495000000005943,-0.6114801838805841,0.0001916988898493788,-12.0,0.306027642192055,12.0,-0.001100946677402754,-3.058359433022056e-05,-3.058359413852167e-05,-6.114801838805841e-05,0.00119267215408388,3.058359433022056e-05
1,0.003049700000000594,-0.6138726183450509,0.0001916240500376143,-12.0,0.3072237471638224,12.0,-0.001100761669780626,-3.070321231137847e-05,-3.070321211975443e-05,-6.13872618345051e-05,0.001192845983881738,3.070321231137848e-05
1,0.003049900000000594,-0.6162640834207214,0.0001915489076768084,-12.0,0.3084193669873649,12.0,-0.001100576715279255,-3.082278180796881e-05,-3.082278161641991e-05,-6.162640834207213e-05,0.001193019721386669,3.082278180796881e-05
1,0.003050100000000595,-0.6186545753311309,0.0001914734628813419,-12.0,0.3096144997746221,12.0,-0.001100391814217016,-3.094230263117408e-05,-3.094230243970061e-05,-6.186545753311309e-05,0.001193193366350542,3.094230263117408e-05
1,0.0030503000000005947,-0.6210440903013631,0.0001913977157760594,-12.0,0.3108091436383228,12.0,-0.001100206966912265,-3.106177459225467e-05,-3.106177440085696e-05,-6.210440903013631e-05,0.001193366918525562,3.106177459225468e-05
1,0.0030505000000005953,-0.6234326245580638,0.0001913216664775619,-12.0,0.3120032966919649,12.0,-0.001100022173683355,-3.118119750254873e-05,-3.118119731122707e-05,-6.234326245580638e-05,0.001193540377664136,3.118119750254873e-05
1,0.003050700000000595,-0.6258201743294066,0.0001912453151050597,-12.0,0.313196957049814,12.0,-0.00109983743484866,-3.13005711734709e-05,-3.130057098222559e-05,-6.258201743294066e-05,0.001193713743518891,3.13005711734709e-05
1,0.003050900000000595,-0.6282067358451182,0.0001911686617791508,-12.0,0.3143901228269145,12.0,-0.001099652750726571,-3.141989541651352e-05,-3.141989522534487e-05,-6.282067358451183e-05,0.001193887015842714,3.141989541651353e-05
1,0.003051100000000595,-0.6305923053365,0.0001910917066227369,-12.0,0.3155827921391012,12.0,-0.001099468121635451,-3.153917004324784e-05,-3.153916985215613e-05,-6.305923053365001e-05,0.001194060194388738,3.153917004324785e-05
1,0.003051300000000595,-0.6329768790364149,0.0001910144497542787,-12.0,0.3167749631029833,12.0,-0.001099283547893713,-3.165839486532291e-05,-3.165839467430845e-05,-6.32976879036415e-05,0.001194233278910307,3.16583948653229e-05
1,0.003051500000000595,-0.6353604531792864,0.0001909368912962894,-12.0,0.3179666338359565,12.0,-0.001099099029819722,-3.177756969446603e-05,-3.177756950352914e-05,-6.353604531792863e-05,0.001194406269161029,3.177756969446602e-05
1,0.003051700000000595,-0.6377430240011341,0.0001908590313730862,-12.0,0.3191578024562171,12.0,-0.001098914567731889,-3.18966943424844e-05,-3.189669415162536e-05,-6.377430240011342e-05,0.001194579164894738,3.18966943424844e-05
1,0.003051900000000596,-0.6401245877395567,0.0001907808701044345,-12.0,0.3203484670827437,12.0,-0.001098730161948606,-3.201576862126392e-05,-3.201576843048306e-05,-6.401245877395567e-05,0.001194751965865527,3.201576862126392e-05
1,0.003052100000000596,-0.6425051406337304,0.0001907024076144292,-12.0,0.321538625835311,12.0,-0.001098545812788263,-3.213479234276965e-05,-3.213479215206724e-05,-6.425051406337305e-05,0.001194924671827712,3.213479234276966e-05
1,0.003052300000000596,-0.6448846789244417,0.000190623644027943,-12.0,0.3227282768344992,12.0,-0.001098361520569285,-3.225376531904713e-05,-3.225376512842349e-05,-6.448846789244417e-05,0.001195097282535834,3.225376531904713e-05
1,0.003052500000000596,-0.647263198854088,0.0001905445794693761,-12.0,0.3239174182016938,12.0,-0.001098177285610048,-3.237268736222245e-05,-3.237268717167787e-05,-6.47263198854088e-05,0.001195269797744723,3.237268736222245e-05
1,0.003052700000000596,-0.6496406966666485,0.000190465214058938,-12.0,0.3251060480590648,12.0,-0.001097993108228966,-3.249155828450059e-05,-3.249155809403537e-05,-6.496406966666485e-05,0.001195442217209401,3.249155828450059e-05
1,0.0030529000000005958,-0.6520171686077268,0.0001903855479274685,-12.0,0.3262941645296101,12.0,-0.001097808988744425,-3.261037789816826e-05,-3.261037770778272e-05,-6.520171686077269e-05,0.001195614540685168,3.261037789816826e-05
1,0.0030531000000005963,-0.6543926109245648,0.0001903055811979248,-12.0,0.3274817657371351,12.0,-0.001097624927474825,-3.272914601559372e-05,-3.272914582528814e-05,-6.543926109245649e-05,0.001195786767927545,3.272914601559372e-05
1,0.003053300000000596,-0.6567670198660103,0.0001902253139956789,-12.0,0.3286688498062518,12.0,-0.001097440924738582,-3.284786244922561e-05,-3.28478622590003e-05,-6.567670198660104e-05,0.001195958898692284,3.284786244922561e-05
1,0.003053500000000596,-0.6591403916825411,0.0001901447464474348,-12.0,0.3298554148623892,12.0,-0.001097256980854062,-3.296652701159418e-05,-3.296652682144943e-05,-6.591403916825411e-05,0.001196130932735413,3.296652701159418e-05
1,0.003053700000000597,-0.661512722626287,0.0001900638786823394,-12.0,0.3310414590318059,12.0,-0.001097073096139656,-3.308513951531236e-05,-3.308513932524847e-05,-6.61512722626287e-05,0.001196302869813197,3.308513951531236e-05
1,0.0030539000000005968,-0.6638840089510166,0.0001899827108249319,-12.0,0.3322269804415728,12.0,-0.001096889270913767,-3.320369977307479e-05,-3.320369958309208e-05,-6.638840089510166e-05,0.001196474709682094,3.320369977307479e-05
1,0.0030541000000005973,-0.6662542469121358,0.0001899012430039981,-12.0,0.3334119772195864,12.0,-0.001096705505494747,-3.332220759765823e-05,-3.332220740775699e-05,-6.662542469121357e-05,0.001196646452098861,3.332220759765824e-05
1,0.003054300000000597,-0.6686234327667244,0.0001898194753499061,-12.0,0.3345964474945818,12.0,-0.001096521800200999,-3.344066280192319e-05,-3.344066261210372e-05,-6.686234327667244e-05,0.001196818096820464,3.344066280192319e-05
1,0.003054500000000597,-0.6709915627735167,0.0001897374079886383,-12.0,0.3357803893961155,12.0,-0.00109633815535088,-3.355906519881268e-05,-3.355906500907527e-05,-6.709915627735167e-05,0.001196989643604124,3.355906519881269e-05
1,0.003054700000000597,-0.6733586331929037,0.0001896550410505904,-12.0,0.3369638010545781,12.0,-0.001096154571262747,-3.367741460135276e-05,-3.367741441169772e-05,-6.733586331929037e-05,0.00119716109220732,3.367741460135275e-05
1,0.003054900000000597,-0.6757246402869665,0.0001895723746672406,-12.0,0.3381466806012079,12.0,-0.001095971048254964,-3.379571082265407e-05,-3.379571063308169e-05,-6.757246402869666e-05,0.001197332442387747,3.379571082265407e-05
1,0.003055100000000597,-0.678089580319455,0.000189489408965543,-12.0,0.3393290261680699,12.0,-0.001095787586645844,-3.391395367591043e-05,-3.391395348642103e-05,-6.780895803194551e-05,0.001197503693903375,3.391395367591044e-05
1,0.003055300000000598,-0.6804534495558082,0.0001894061440800843,-12.0,0.3405108358880857,12.0,-0.001095604186753758,-3.403214297440055e-05,-3.403214278499441e-05,-6.804534495558083e-05,0.001197674846512377,3.403214297440056e-05
1,0.003055500000000598,-0.682816244263158,0.0001893225801389009,-12.0,0.3416921078950131,12.0,-0.001095420848897015,-3.415027853148743e-05,-3.415027834216485e-05,-6.828162442631581e-05,0.00119784589997321,3.415027853148742e-05
1,0.003055700000000598,-0.6851779607103202,0.0001892387172745813,-12.0,0.3428728403234592,12.0,-0.001095237573393942,-3.426836016061846e-05,-3.426835997137974e-05,-6.851779607103202e-05,0.001198016854044533,3.426836016061846e-05
1,0.003055900000000598,-0.6875385951678308,0.0001891545556211849,-12.0,0.3440530313088928,12.0,-0.001095054360562828,-3.438638767532716e-05,-3.43863874861726e-05,-6.875385951678308e-05,0.001198187708485302,3.438638767532716e-05
1,0.003056100000000598,-0.6898981439079238,0.0001890700953078028,-12.0,0.3452326789876246,12.0,-0.001094871210721979,-3.450436088923167e-05,-3.450436070016158e-05,-6.898981439079238e-05,0.001198358463054675,3.450436088923168e-05
1,0.003056300000000598,-0.6922566032045515,0.000188985336471631,-12.0,0.3464117814968366,12.0,-0.001094688124189669,-3.46222796160365e-05,-3.462227942705116e-05,-6.922566032045515e-05,0.00119852911751208,3.46222796160365e-05
1,0.003056500000000598,-0.6946139693333897,0.0001889002792427319,-12.0,0.3475903369745617,12.0,-0.001094505101284171,-3.47401436695319e-05,-3.474014348063163e-05,-6.946139693333897e-05,0.001198699671617162,3.47401436695319e-05
1,0.0030567000000005983,-0.6969702385718256,0.0001888149237563586,-12.0,0.3487683435596965,12.0,-0.001094322142323724,-3.485795286359403e-05,-3.48579526747791e-05,-6.969702385718257e-05,0.001198870125129849,3.485795286359403e-05
1,0.003056900000000598,-0.6993254071989974,0.0001887292701487908,-12.0,0.3499457993920146,12.0,-0.001094139247626601,-3.497570701218659e-05,-3.497570682345731e-05,-6.993254071989974e-05,0.001199040477810276,3.497570701218659e-05
1,0.003057100000000599,-0.7016794714957749,0.0001886433185523118,-12.0,0.3511227026121492,12.0,-0.001093956417510984,-3.509340592935969e-05,-3.509340574071636e-05,-7.01679471495775e-05,0.001199210729418858,3.509340592935969e-05
1,0.003057300000000599,-0.704032427744761,0.0001885570691031457,-12.0,0.3522990513616059,12.0,-0.001093773652295106,-3.521104942925028e-05,-3.521104924069321e-05,-7.040324277447611e-05,0.00119938087971623,3.521104942925028e-05
1,0.003057500000000599,-0.7063842722303249,0.000188470521939238,-12.0,0.3534748437827764,12.0,-0.001093590952297163,-3.532863732608373e-05,-3.532863713761321e-05,-7.063842722303249e-05,0.001199550928463265,3.532863732608372e-05
1,0.0030577000000005993,-0.7087350012385811,0.0001883836771932601,-12.0,0.3546500780189172,12.0,-0.001093408317835311,-3.544616943417239e-05,-3.544616924578872e-05,-7.087350012385812e-05,0.001199720875421119,3.54461694341724e-05
1,0.003057900000000599,-0.7110846110574092,0.0001882965350064603,-12.0,0.3558247522141797,12.0,-0.001093225749227711,-3.556364556791732e-05,-3.556364537962078e-05,-7.110846110574092e-05,0.001199890720351197,3.556364556791732e-05
1,0.003058100000000599,-0.7134330979764599,0.0001882090955125093,-12.0,0.3569988645135896,12.0,-0.00109304324679254,-3.568106554180772e-05,-3.568106535359862e-05,-7.134330979764599e-05,0.001200060463015074,3.568106554180771e-05
1,0.0030583000000005993,-0.7157804582871423,0.0001881213588502961,-12.0,0.3581724130630602,12.0,-0.001092860810847848,-3.579842917042099e-05,-3.579842898229963e-05,-7.157804582871423e-05,0.001200230103174695,3.579842917042099e-05
1,0.003058500000000599,-0.7181266882826627,0.0001880333251600141,-12.0,0.3593453960094045,12.0,-0.001092678441711799,-3.591573626842445e-05,-3.591573608039114e-05,-7.181266882826627e-05,0.001200399640592119,3.591573626842445e-05
1,0.003058700000000599,-0.7204717842580058,0.0001879449945775546,-12.0,0.3605178115003193,12.0,-0.001092496139702435,-3.603298665057417e-05,-3.603298646262917e-05,-7.204717842580059e-05,0.001200569075029752,3.603298665057417e-05
1,0.0030589000000006,-0.722815742509937,0.0001878563672431666,-12.0,0.3616896576843969,12.0,-0.001092313905137844,-3.615018013171538e-05,-3.615017994385901e-05,-7.22815742509937e-05,0.001200738406250179,3.615018013171538e-05
1,0.0030591000000006,-0.7251585593370347,0.0001877674432982368,-12.0,0.3628609327111391,12.0,-0.00109213173833602,-3.626731652678408e-05,-3.626731633901664e-05,-7.251585593370346e-05,0.001200907634016327,3.626731652678409e-05
1,0.0030593000000006003,-0.7275002310396738,0.0001876782228801832,-12.0,0.3640316347309394,12.0,-0.001091949639614981,-3.638439565080592e-05,-3.638439546312769e-05,-7.275002310396738e-05,0.001201076758091259,3.638439565080592e-05
1,0.0030595000000006,-0.729840753920026,0.0001875887061306702,-12.0,0.365201761895096,12.0,-0.001091767609292776,-3.650141731889654e-05,-3.650141713130784e-05,-7.298407539200261e-05,0.001201245778238345,3.650141731889654e-05
1,0.0030597000000006,-0.7321801242820908,0.0001874988931917509,-12.0,0.366371312355822,12.0,-0.001091585647687306,-3.661838134626303e-05,-3.661838115876412e-05,-7.321801242820909e-05,0.001201414694221213,3.661838134626303e-05
1,0.0030599000000006,-0.7345183384316916,0.0001874087842046734,-12.0,0.3675402842662406,12.0,-0.001091403755116543,-3.673528754820359e-05,-3.673528736079481e-05,-7.345183384316917e-05,0.001201583505803683,3.67352875482036e-05
1,0.0030601000000006,-0.7368553926764673,0.000187318379310103,-12.0,0.3687086757803825,12.0,-0.001091221931898388,-3.685213574010724e-05,-3.685213555278887e-05,-7.368553926764673e-05,0.001201752212749915,3.685213574010724e-05
1,0.0030603000000006,-0.7391912833258828,0.0001872276786510363,-12.0,0.3698764850531947,12.0,-0.001091040178350731,-3.696892573745437e-05,-3.696892555022669e-05,-7.391912833258828e-05,0.001201920814824203,3.696892573745437e-05
1,0.0030605000000006,-0.7415260066912561,0.0001871366823723852,-12.0,0.3710437102405534,12.0,-0.001090858494791465,-3.70856573558181e-05,-3.708565716868143e-05,-7.415260066912562e-05,0.001202089311791214,3.70856573558181e-05
1,0.003060700000000601,-0.7438595590857435,0.0001870453906146763,-12.0,0.3722103494992476,12.0,-0.00109067688153839,-3.720233041086329e-05,-3.720233022381791e-05,-7.438595590857436e-05,0.001202257703415741,3.72023304108633e-05
1,0.003060900000000601,-0.7461919368243376,0.0001869538035229601,-12.0,0.3733764009869913,12.0,-0.001090495338909328,-3.731894471834683e-05,-3.731894453139303e-05,-7.461919368243376e-05,0.001202425989462928,3.731894471834683e-05
1,0.003061100000000601,-0.7485231362239049,0.000186861921243231,-12.0,0.3745418628624365,12.0,-0.001090313867222047,-3.743550009411932e-05,-3.743549990725741e-05,-7.485231362239049e-05,0.001202594169698125,3.743550009411933e-05
1,0.003061300000000601,-0.7508531536031661,0.0001867697439175142,-12.0,0.3757067332851567,12.0,-0.001090132466794319,-3.755199635412393e-05,-3.755199616735418e-05,-7.508531536031661e-05,0.0012027622438869,3.755199635412393e-05
1,0.003061500000000601,-0.7531819852826965,0.0001866772716921927,-12.0,0.3768710104156592,12.0,-0.001089951137943836,-3.766843331439671e-05,-3.766843312771944e-05,-7.531819852826966e-05,0.001202930211795135,3.76684333143967e-05
1,0.0030617000000006007,-0.7555096275849619,0.0001865845047145376,-12.0,0.3780346924153979,12.0,-0.001089769880988307,-3.778481079106834e-05,-3.778481060448382e-05,-7.55509627584962e-05,0.001203098073188927,3.778481079106834e-05
1,0.0030619000000006013,-0.7578360768343,0.0001864914431284337,-12.0,0.379197777446757,12.0,-0.001089588696245383,-3.790112860036286e-05,-3.790112841387142e-05,-7.578360768343e-05,0.001203265827834601,3.790112860036286e-05
1,0.003062100000000601,-0.760161329356921,0.0001863980870810966,-12.0,0.3803602636730631,12.0,-0.001089407584032691,-3.80173865585982e-05,-3.801738637220011e-05,-7.60161329356921e-05,0.001203433475498797,3.80173865585982e-05
1,0.003062300000000601,-0.762485381480938,0.0001863044367210742,-12.0,0.381522149258595,12.0,-0.00108922654466781,-3.81335844821874e-05,-3.813358429588295e-05,-7.62485381480938e-05,0.001203601015948345,3.81335844821874e-05
1,0.003062500000000602,-0.764808229536369,0.0001862104921960261,-12.0,0.3826834323685835,12.0,-0.001089045578468305,-3.824972218763874e-05,-3.824972200142825e-05,-7.64808229536369e-05,0.001203768448950357,3.824972218763875e-05
1,0.0030627000000006017,-0.7671298698551068,0.0001861162536498373,-12.0,0.3838441111691908,12.0,-0.001088864685751707,-3.836579949155409e-05,-3.836579930543783e-05,-7.671298698551069e-05,0.00120393577427217,3.836579949155409e-05
1,0.0030629000000006023,-0.7694502987709616,0.0001860217212367177,-12.0,0.3850041838275531,12.0,-0.001088683866835499,-3.848181621063163e-05,-3.848181602460992e-05,-7.694502987709616e-05,0.001204102991681395,3.848181621063164e-05
1,0.003063100000000602,-0.7717695126196791,0.0001859268951037718,-12.0,0.3861636485117642,12.0,-0.001088503122037114,-3.859777216166604e-05,-3.859777197573914e-05,-7.717695126196791e-05,0.001204270100945905,3.859777216166604e-05
1,0.003063300000000602,-0.7740875077388896,0.000185831775396772,-12.0,0.3873225033908577,12.0,-0.001088322451673999,-3.871366716154609e-05,-3.871366697571432e-05,-7.740875077388896e-05,0.001204437101833794,3.871366716154609e-05
1,0.003063500000000602,-0.7764042804681595,0.0001857363622712604,-12.0,0.3884807466348503,12.0,-0.001088141856063519,-3.882950102725789e-05,-3.882950084152154e-05,-7.764042804681595e-05,0.001204603994113436,3.88295010272579e-05
1,0.003063700000000602,-0.7787198271490045,0.0001856406558748414,-12.0,0.389638376414721,12.0,-0.001087961335523017,-3.894527357588461e-05,-3.894527339024396e-05,-7.787198271490045e-05,0.001204770777553391,3.894527357588462e-05
1,0.003063900000000602,-0.7810341441248552,0.0001855446563578944,-12.0,0.3907953909024111,12.0,-0.001087780890369802,-3.906098462460531e-05,-3.906098443906065e-05,-7.810341441248552e-05,0.001204937451922572,3.906098462460532e-05
1,0.003064100000000602,-0.7833472277410836,0.0001854483638720761,-12.0,0.3919517882708335,12.0,-0.00108760052092112,-3.917663399069615e-05,-3.917663380524779e-05,-7.833472277410836e-05,0.001205104016990081,3.917663399069615e-05
1,0.003064300000000603,-0.7856590743450224,0.0001853517785710967,-12.0,0.3931075666938856,12.0,-0.001087420227494196,-3.929222149153145e-05,-3.929222130617968e-05,-7.856590743450225e-05,0.001205270472525284,3.929222149153145e-05
1,0.003064500000000603,-0.7879696802859534,0.0001852549006042259,-12.0,0.3942627243464321,12.0,-0.001087240010406235,-3.940774694458279e-05,-3.940774675932788e-05,-7.879696802859535e-05,0.001205436818297795,3.940774694458278e-05
1,0.003064700000000603,-0.7902790419151053,0.0001851577301254514,-12.0,0.3954172594043181,12.0,-0.001087059869974372,-3.952321016741927e-05,-3.952320998226155e-05,-7.902790419151054e-05,0.001205603054077478,3.952321016741927e-05
1,0.003064900000000603,-0.7925871555856902,0.000185060267289372,-12.0,0.3965711700443817,12.0,-0.001086879806515673,-3.963861097770924e-05,-3.963861079264898e-05,-7.925871555856901e-05,0.001205769179634497,3.963861097770924e-05
1,0.003065100000000603,-0.7948940176528835,0.0001849625122470333,-12.0,0.3977244544444374,12.0,-0.001086699820347231,-3.975394919321903e-05,-3.975394900825653e-05,-7.948940176528835e-05,0.001205935194739174,3.975394919321904e-05
1,0.003065300000000603,-0.7971996244738266,0.0001848644651535891,-12.0,0.3988771107832883,12.0,-0.001086519911786051,-3.986922463181348e-05,-3.986922444694902e-05,-7.971996244738267e-05,0.00120610109916218,3.986922463181348e-05
1,0.0030655000000006033,-0.7995039724076559,0.0001847661261645261,-12.0,0.400029137240736,12.0,-0.001086340081149106,-3.998443711145716e-05,-3.998443692669102e-05,-7.99503972407656e-05,0.001206266892674362,3.998443711145715e-05
1,0.003065700000000603,-0.8018070578155048,0.0001846674954351091,-12.0,0.40118053199758,12.0,-0.001086160328753298,-4.009958645021448e-05,-4.0099586265547e-05,-8.018070578155048e-05,0.001206432575046906,4.009958645021449e-05
1,0.003065900000000604,-0.8041088770604744,0.0001845685731164948,-12.0,0.4023312932355977,12.0,-0.001085980654915539,-4.021467246624812e-05,-4.021467228167954e-05,-8.041088770604745e-05,0.001206598146051147,4.021467246624812e-05
1,0.003066100000000604,-0.806409426507675,0.0001844693593704427,-12.0,0.4034814191375867,12.0,-0.001085801059952644,-4.032969497782162e-05,-4.032969479335227e-05,-8.06409426507675e-05,0.001206763605458773,4.032969497782162e-05
1,0.003066300000000604,-0.8087087025242446,0.0001843698543511629,-12.0,0.4046309078873476,12.0,-0.001085621544181396,-4.044465380329965e-05,-4.044465361892979e-05,-8.087087025242447e-05,0.001206928953041649,4.044465380329964e-05
1,0.0030665000000006043,-0.8110067014792974,0.0001842700582123102,-12.0,0.4057797576696678,12.0,-0.001085442107918534,-4.055954876114556e-05,-4.055954857687549e-05,-8.110067014792975e-05,0.001207094188571955,4.055954876114555e-05
1,0.003066700000000604,-0.8133034197439782,0.0001841699711161993,-12.0,0.4069279666703631,12.0,-0.001085262751480742,-4.067437966992469e-05,-4.067437948575472e-05,-8.133034197439782e-05,0.001207259311822091,4.067437966992469e-05
1,0.003066900000000604,-0.8155988536914698,0.0001840695932182612,-12.0,0.4080755330762582,12.0,-0.001085083475184677,-4.0789146348304e-05,-4.07891461642344e-05,-8.155988536914698e-05,0.00120742432256471,4.0789146348304e-05
1,0.0030671000000006042,-0.8178929996969649,0.0001839689246759812,-12.0,0.4092224550751857,12.0,-0.001084904279346932,-4.090384861505097e-05,-4.090384843108205e-05,-8.17892999696965e-05,0.001207589220572701,4.090384861505097e-05
1,0.003067300000000604,-0.8201858541376872,0.0001838679656485098,-12.0,0.410368730855996,12.0,-0.001084725164284026,-4.101848628903476e-05,-4.101848610516679e-05,-8.201858541376872e-05,0.001207754005619288,4.101848628903475e-05
1,0.003067500000000604,-0.8224774133929146,0.0001837667162968293,-12.0,0.4115143586085697,12.0,-0.001084546130312461,-4.113305918922728e-05,-4.113305900546057e-05,-8.224774133929147e-05,0.001207918677477868,4.113305918922729e-05
1,0.003067700000000605,-0.8247676738439651,0.0001836651767778141,-12.0,0.4126593365238009,12.0,-0.00108436717774868,-4.124756713470232e-05,-4.124756695103715e-05,-8.247676738439652e-05,0.001208083235922114,4.124756713470231e-05
1,0.003067900000000605,-0.8270566318741959,0.0001835633472524467,-12.0,0.4138036627936101,12.0,-0.001084188306909054,-4.136200994463577e-05,-4.136200976107242e-05,-8.270566318741959e-05,0.001208247680725964,4.136200994463577e-05
1,0.0030681000000006052,-0.8293442838690389,0.0001834612278829861,-12.0,0.4149473356109561,12.0,-0.001084009518109906,-4.147638743830731e-05,-4.14763872548461e-05,-8.29344283869039e-05,0.00120841201166362,4.147638743830731e-05
1,0.003068300000000605,-0.8316306262159815,0.0001833588188276947,-12.0,0.4160903531698205,12.0,-0.00108383081166756,-4.159069943509928e-05,-4.159069925174046e-05,-8.316306262159815e-05,0.001208576228509499,4.159069943509928e-05
1,0.003068500000000605,-0.8339156553045687,0.000183256120248998,-12.0,0.4172327136652192,12.0,-0.001083652187898188,-4.170494575449702e-05,-4.170494557124088e-05,-8.339156553045687e-05,0.001208740331038335,4.170494575449702e-05
1,0.003068700000000605,-0.8361993675264371,0.0001831531323103763,-12.0,0.4183744152932155,12.0,-0.001083473647117986,-4.18191262160905e-05,-4.181912603293737e-05,-8.361993675264372e-05,0.001208904319025046,4.181912621609051e-05
1,0.003068900000000605,-0.8384817592752949,0.0001830498551715354,-12.0,0.4195154562509034,12.0,-0.001083295189643056,-4.193324063957319e-05,-4.193324045652332e-05,-8.384817592752949e-05,0.001209068192244887,4.193324063957319e-05
1,0.003069100000000605,-0.8407628269469256,0.0001829462889963995,-12.0,0.4206558347364203,12.0,-0.001083116815789452,-4.204728884474239e-05,-4.204728866179611e-05,-8.407628269469256e-05,0.001209231950473288,4.204728884474239e-05
1,0.003069300000000605,-0.8430425669392168,0.0001828424339490597,-12.0,0.4217955489489563,12.0,-0.001082938525873177,-4.216127065150071e-05,-4.216127046865829e-05,-8.430425669392168e-05,0.001209395593485998,4.216127065150072e-05
1,0.003069500000000606,-0.8453209756521558,0.0001827382901928298,-12.0,0.42293459708875,12.0,-0.001082760320210159,-4.227518587985572e-05,-4.227518569711744e-05,-8.453209756521559e-05,0.001209559121058995,4.227518587985572e-05
1,0.003069700000000606,-0.8475980494878227,0.0001826338578906905,-12.0,0.4240729773570859,12.0,-0.001082582199116285,-4.238903434991952e-05,-4.238903416728567e-05,-8.475980494878228e-05,0.001209722532968506,4.238903434991953e-05
1,0.003069900000000606,-0.8498737848503998,0.0001825291372077875,-12.0,0.425210687956303,12.0,-0.001082404162907377,-4.250281588190953e-05,-4.250281569938038e-05,-8.498737848503999e-05,0.001209885828991036,4.250281588190953e-05
1,0.003070100000000606,-0.8521481781461991,0.0001824241283109873,-12.0,0.4263477270898073,12.0,-0.001082226211899212,-4.261653029614964e-05,-4.261653011372551e-05,-8.521481781461991e-05,0.001210049008903306,4.261653029614963e-05
1,0.003070300000000606,-0.8544212257836457,0.0001823188313629931,-12.0,0.4274840929620555,12.0,-0.001082048346407433,-4.273017741306925e-05,-4.273017723075043e-05,-8.544212257836457e-05,0.00121021207248237,4.273017741306925e-05
1,0.0030705000000006057,-0.8566929241732777,0.0001822132465310045,-12.0,0.4286197837785678,12.0,-0.001081870566747738,-4.284375705320367e-05,-4.284375687099044e-05,-8.566929241732777e-05,0.001210375019505466,4.284375705320368e-05
1,0.0030707000000006063,-0.8589632697277826,0.0001821073739830537,-12.0,0.4297547977459396,12.0,-0.001081692873235666,-4.295726903719565e-05,-4.295726885508829e-05,-8.589632697277826e-05,0.001210537849750094,4.295726903719566e-05
1,0.003070900000000606,-0.8612322588619776,0.0001820012138831761,-12.0,0.4308891330718258,12.0,-0.001081515266186772,-4.307071318579426e-05,-4.307071300379304e-05,-8.612322588619777e-05,0.001210700562994049,4.307071318579427e-05
1,0.003071100000000606,-0.8634998879928107,0.0001818947663999038,-12.0,0.4320227879649529,12.0,-0.001081337745916441,-4.31840893198553e-05,-4.318408913796053e-05,-8.634998879928108e-05,0.001210863159015384,4.31840893198553e-05
1,0.003071300000000607,-0.8657661535393942,0.0001817880317026566,-12.0,0.4331557606351314,12.0,-0.001081160312740109,-4.329739726034288e-05,-4.329739707855485e-05,-8.657661535393943e-05,0.001211025637592358,4.329739726034288e-05
1,0.0030715000000006067,-0.8680310519229839,0.0001816810099563582,-12.0,0.4342880492932366,12.0,-0.001080982966973058,-4.341063682832803e-05,-4.341063664664702e-05,-8.68031051922984e-05,0.00121118799850356,4.341063682832802e-05
1,0.0030717000000006073,-0.8702945795669979,0.0001815737013335372,-12.0,0.4354196521512363,12.0,-0.001080805708930543,-4.352380784499027e-05,-4.352380766341657e-05,-8.70294579566998e-05,0.001211350241527798,4.352380784499028e-05
1,0.003071900000000607,-0.8725567328970218,0.0001814661060000611,-12.0,0.4365505674221721,12.0,-0.001080628538927784,-4.363691013161721e-05,-4.36369099501511e-05,-8.72556732897022e-05,0.001211512366444088,4.363691013161721e-05
1,0.003072100000000607,-0.8748175083407977,0.000181358224126682,-12.0,0.4376807933201712,12.0,-0.001080451457279849,-4.374994350960446e-05,-4.374994332824622e-05,-8.748175083407978e-05,0.001211674373031803,4.374994350960445e-05
1,0.003072300000000607,-0.8770769023282616,0.000181250055884985,-12.0,0.4388103280604589,12.0,-0.001080274464301839,-4.386290780045739e-05,-4.386290761920733e-05,-8.770769023282617e-05,0.001211836261070499,4.38629078004574e-05
1,0.003072500000000607,-0.8793349112915243,0.0001811416014430578,-12.0,0.4399391698593427,12.0,-0.00108009756030869,-4.397580282578996e-05,-4.397580264464837e-05,-8.793349112915243e-05,0.001211998030340042,4.397580282578996e-05
1,0.003072700000000607,-0.8815915316648734,0.0001810328609724299,-12.0,0.4410673169342239,12.0,-0.001079920745615331,-4.408862840732514e-05,-4.408862822629229e-05,-8.815915316648734e-05,0.001212159680620516,4.408862840732515e-05
1,0.003072900000000607,-0.8838467598848048,0.0001809238346466846,-12.0,0.4421947675036108,12.0,-0.001079744020536601,-4.420138436689641e-05,-4.420138418597257e-05,-8.838467598848048e-05,0.001212321211692263,4.420138436689642e-05
1,0.003073100000000608,-0.8861005923900043,0.0001808145226341318,-12.0,0.4433215197870987,12.0,-0.001079567385387274,-4.431407052644645e-05,-4.431407034563192e-05,-8.861005923900043e-05,0.001212482623335925,4.431407052644645e-05
1,0.003073300000000608,-0.8883530256213648,0.0001807049251110193,-12.0,0.4444475720053982,12.0,-0.001079390840482038,-4.442668670802872e-05,-4.442668652732379e-05,-8.883530256213648e-05,0.001212643915332386,4.442668670802872e-05
1,0.003073500000000608,-0.8906040560219917,0.0001805950422465452,-12.0,0.445572922380316,12.0,-0.001079214386135542,-4.453923273380695e-05,-4.453923255321191e-05,-8.906040560219917e-05,0.001212805087462743,4.453923273380695e-05
1,0.003073700000000608,-0.8928536800371908,0.0001804848742153475,-12.0,0.4466975691347672,12.0,-0.0010790380226623,-4.465170842605518e-05,-4.465170824557031e-05,-8.928536800371909e-05,0.001212966139508415,4.465170842605518e-05
1,0.003073900000000608,-0.8951018941145082,0.0001803744211926195,-12.0,0.4478215104927872,12.0,-0.00107886175037681,-4.476411360715947e-05,-4.476411342678505e-05,-8.951018941145083e-05,0.001213127071251069,4.476411360715946e-05
1,0.0030741000000006078,-0.8973486947037047,0.0001802636833492244,-12.0,0.448944744679513,12.0,-0.001078685569593472,-4.487644809961638e-05,-4.48764479193527e-05,-8.973486947037048e-05,0.001213287882472588,4.487644809961638e-05
1,0.0030743000000006083,-0.8995940782567783,0.000180152660863464,-12.0,0.4500672699212108,12.0,-0.001078509480626627,-4.498871172603475e-05,-4.498871154588209e-05,-8.995940782567783e-05,0.001213448572955154,4.498871172603474e-05
1,0.003074500000000608,-0.9018380412279655,0.0001800413539070345,-12.0,0.4511890844452568,12.0,-0.001078333483790495,-4.510090430913497e-05,-4.510090412909363e-05,-9.018380412279656e-05,0.001213609142481226,4.510090430913499e-05
1,0.003074700000000609,-0.9040805800737344,0.0001799297626566276,-12.0,0.4523101864801497,12.0,-0.001078157579399316,-4.521302567174931e-05,-4.521302549181955e-05,-9.040805800737345e-05,0.001213769590833413,4.521302567174931e-05
1,0.003074900000000609,-0.9063216912528178,0.0001798178872898792,-12.0,0.4534305742555226,12.0,-0.001077981767767119,-4.532507563682328e-05,-4.532507545700538e-05,-9.063216912528178e-05,0.001213929917794752,4.532507563682327e-05
1,0.0030751000000006088,-0.9085613712261984,0.0001797057279803171,-12.0,0.4545502460021271,12.0,-0.001077806049207937,-4.543705402741468e-05,-4.543705384770894e-05,-9.085613712261984e-05,0.001214090123148437,4.543705402741468e-05
1,0.0030753000000006093,-0.9107996164571082,0.0001795932849057436,-12.0,0.4556691999518455,12.0,-0.001077630424035733,-4.554896066669399e-05,-4.55489604871007e-05,-9.107996164571082e-05,0.001214250206677918,4.554896066669398e-05
1,0.003075500000000609,-0.91303642341106,0.0001794805582451264,-12.0,0.4567874343377032,12.0,-0.001077454892564347,-4.56607953779458e-05,-4.566079519846526e-05,-9.1303642341106e-05,0.001214410168166938,4.566079537794581e-05
1,0.003075700000000609,-0.9152717885558325,0.000179367548173659,-12.0,0.4579049473938522,12.0,-0.001077279455107591,-4.577255798456785e-05,-4.577255780520031e-05,-9.152717885558325e-05,0.001214570007399468,4.577255798456786e-05
1,0.0030759000000006092,-0.9175057083614717,0.0001792542548703091,-12.0,0.4590217373555838,12.0,-0.001077104111979123,-4.588424831007135e-05,-4.58842481308171e-05,-9.175057083614717e-05,0.001214729724159785,4.588424831007135e-05
1,0.003076100000000609,-0.9197381793003171,0.0001791406785146554,-12.0,0.4601378024593373,12.0,-0.001076928863492595,-4.599586617808227e-05,-4.599586599894159e-05,-9.197381793003171e-05,0.001214889318232382,4.599586617808227e-05
1,0.003076300000000609,-0.9219691978470048,0.0001790268192861655,-12.0,0.4612531409426999,12.0,-0.00107675370996152,-4.610741141234137e-05,-4.610741123331455e-05,-9.219691978470048e-05,0.001215048789402054,4.610741141234137e-05
1,0.00307650000000061,-0.9241987604784407,0.000178912677360088,-12.0,0.4623677510443873,12.0,-0.001076578651699363,-4.621888383670272e-05,-4.621888365779004e-05,-9.241987604784407e-05,0.001215208137453822,4.621888383670272e-05
1,0.00307670000000061,-0.9264268636738379,0.0001787982529218302,-12.0,0.4634816310042842,12.0,-0.001076403689019491,-4.633028327513624e-05,-4.633028309633799e-05,-9.264268636738378e-05,0.001215367362172981,4.633028327513624e-05
1,0.0030769000000006102,-0.9286535039147321,0.0001786835461491942,-12.0,0.4645947790634253,12.0,-0.001076228822235174,-4.644160955172761e-05,-4.644160937304407e-05,-9.286535039147321e-05,0.0012155264633451,4.644160955172761e-05
1,0.00307710000000061,-0.9308786776849501,0.0001785685572228135,-12.0,0.4657071934639949,12.0,-0.001076054051659621,-4.655286249067722e-05,-4.655286231210864e-05,-9.308786776849501e-05,0.001215685440755954,4.655286249067721e-05
1,0.00307730000000061,-0.9331023814706336,0.0001784532863238208,-12.0,0.4668188724493354,12.0,-0.001075879377605941,-4.666404191630117e-05,-4.666404173784788e-05,-9.331023814706336e-05,0.001215844294191665,4.666404191630116e-05
1,0.00307750000000061,-0.9353246117602585,0.0001783377336359027,-12.0,0.4679298142639605,12.0,-0.001075704800387156,-4.677514765303245e-05,-4.677514747469473e-05,-9.353246117602586e-05,0.001216003023438564,4.677514765303246e-05
1,0.00307770000000061,-0.9375453650446219,0.0001782218993386375,-12.0,0.469040017153538,12.0,-0.001075530320316209,-4.688617952541993e-05,-4.688617934719803e-05,-9.375453650446219e-05,0.001216161628283245,4.688617952541994e-05
1,0.0030779000000006104,-0.9397646378168434,0.0001781057836157118,-12.0,0.4701494793649031,12.0,-0.001075355937705948,-4.699713735812874e-05,-4.699713718002295e-05,-9.397646378168434e-05,0.001216320108512574,4.699713735812874e-05
1,0.00307810000000061,-0.9419824265723968,0.0001779893866515336,-12.0,0.4712581991460697,12.0,-0.001075181652869128,-4.710802097594182e-05,-4.710802079795242e-05,-9.419824265723969e-05,0.001216478463913671,4.710802097594182e-05
1,0.003078300000000611,-0.9441987278090933,0.0001778727086273468,-12.0,0.4723661747462148,12.0,-0.001075007466118418,-4.721883020375876e-05,-4.721883002588604e-05,-9.441987278090933e-05,0.001216636694273923,4.721883020375875e-05
1,0.003078500000000611,-0.9464135380270837,0.0001777557497275595,-12.0,0.4734734044156906,12.0,-0.001074833377766413,-4.73295648665963e-05,-4.732956468884057e-05,-9.464135380270838e-05,0.001216794799380971,4.732956486659631e-05
1,0.003078700000000611,-0.9486268537288828,0.0001776385101380229,-12.0,0.4745798864060335,12.0,-0.001074659388125579,-4.744022478958954e-05,-4.744022461195105e-05,-9.486268537288829e-05,0.001216952779022736,4.744022478958955e-05
1,0.0030789000000006114,-0.9508386714193762,0.0001775209900436447,-12.0,0.4756856189699635,12.0,-0.001074485497508326,-4.755080979799199e-05,-4.755080962047099e-05,-9.508386714193763e-05,0.001217110632987392,4.755080979799199e-05
1,0.003079100000000611,-0.9530489876057902,0.0001774031896257244,-12.0,0.4767906003613656,12.0,-0.001074311706226967,-4.7661319717174e-05,-4.76613195397708e-05,-9.530489876057902e-05,0.001217268361063353,4.766131971717398e-05
1,0.003079300000000611,-0.9552577987977312,0.0001772851090752203,-12.0,0.4778948288353295,12.0,-0.001074138014593676,-4.777175437262544e-05,-4.777175419534032e-05,-9.552577987977312e-05,0.001217425963039358,4.777175437262543e-05
1,0.0030795000000006113,-0.9574651015072037,0.0001771667485764294,-12.0,0.478998302648134,12.0,-0.001073964422920626,-4.788211358995575e-05,-4.788211341278901e-05,-9.574651015072037e-05,0.00121758343870431,4.788211358995576e-05
1,0.003079700000000611,-0.9596708922485613,0.0001770481083127051,-12.0,0.4801010200572308,12.0,-0.001073790931519769,-4.799239719489183e-05,-4.79923970178437e-05,-9.596708922485614e-05,0.00121774078784747,4.799239719489182e-05
1,0.003079900000000611,-0.9618751675385574,0.000176929188476227,-12.0,0.4812029793212849,12.0,-0.001073617540703085,-4.810260501328087e-05,-4.810260483635169e-05,-9.618751675385575e-05,0.001217898010258303,4.810260501328087e-05
1,0.003080100000000612,-0.9640779238963595,0.0001768099892525687,-12.0,0.4823041787001585,12.0,-0.001073444250782395,-4.821273687109059e-05,-4.82127366942806e-05,-9.640779238963595e-05,0.001218055105726555,4.82127368710906e-05
1,0.003080300000000612,-0.9662791578435004,0.0001766905108263606,-12.0,0.4834046164548949,12.0,-0.001073271062069413,-4.832279259440686e-05,-4.832279241771634e-05,-9.662791578435004e-05,0.001218212074042262,4.832279259440686e-05
1,0.0030805000000006123,-0.968478865903929,0.0001765707533912808,-12.0,0.4845042908477589,12.0,-0.001073097974875786,-4.843277200943676e-05,-4.843277183286601e-05,-9.68478865903929e-05,0.001218368914995667,4.843277200943677e-05
1,0.003080700000000612,-0.9706770446040209,0.0001764507171334029,-12.0,0.4856032001422178,12.0,-0.001072924989513065,-4.854267494250844e-05,-4.854267476605772e-05,-9.706770446040209e-05,0.001218525628377293,4.854267494250844e-05
1,0.003080900000000612,-0.9728736904725482,0.0001763304022415202,-12.0,0.4867013426029405,12.0,-0.001072752106292658,-4.865250122006988e-05,-4.865250104373949e-05,-9.728736904725482e-05,0.001218682213977966,4.86525012200699e-05
1,0.003081100000000612,-0.9750688000407008,0.0001762098089057029,-12.0,0.4877987164958071,12.0,-0.001072579325525916,-4.876225066869014e-05,-4.876225049248033e-05,-9.750688000407009e-05,0.001218838671588757,4.876225066869015e-05
1,0.003081300000000612,-0.977262369842109,0.0001760889373179642,-12.0,0.4888953200879208,12.0,-0.001072406647524074,-4.887192311506028e-05,-4.887192293897135e-05,-9.772623698421091e-05,0.001218995001000964,4.887192311506028e-05
1,0.003081500000000612,-0.9794543964128292,0.0001759677876660981,-12.0,0.4899911516475917,12.0,-0.00107223407259828,-4.898151838599256e-05,-4.898151821002477e-05,-9.794543964128292e-05,0.001219151202006177,4.898151838599256e-05
1,0.003081700000000612,-0.9816448762913452,0.0001758463601417848,-12.0,0.4910862094443489,12.0,-0.001072061601059535,-4.909103630842071e-05,-4.909103613257435e-05,-9.816448762913453e-05,0.001219307274396265,4.909103630842072e-05
1,0.003081900000000613,-0.983833806018597,0.0001757246549386471,-12.0,0.4921804917489531,12.0,-0.001071889233218819,-4.920047670940146e-05,-4.920047653367679e-05,-9.83833806018597e-05,0.001219463217963311,4.920047670940144e-05
1,0.003082100000000613,-0.9860211821379694,0.000175602672245645,-12.0,0.4932739968333799,12.0,-0.001071716969386911,-4.930983941611342e-05,-4.930983924051076e-05,-9.860211821379695e-05,0.001219619032499744,4.930983941611343e-05
1,0.003082300000000613,-0.9882070011952886,0.0001754804122560127,-12.0,0.4943667229708325,12.0,-0.001071544809874557,-4.941912425585765e-05,-4.941912408037723e-05,-9.882070011952886e-05,0.001219774717798175,4.941912425585765e-05
1,0.003082500000000613,-0.9903912597388523,0.0001753578751636509,-12.0,0.4954586684357503,12.0,-0.001071372754992368,-4.952833105605866e-05,-4.95283308807008e-05,-9.903912597388524e-05,0.001219930273651505,4.952833105605867e-05
1,0.003082700000000613,-0.9925739543194301,0.0001752350611619602,-12.0,0.4965498315038085,12.0,-0.001071200805050868,-4.963745964426467e-05,-4.96374594690296e-05,-9.925739543194301e-05,0.001220085699852921,4.963745964426466e-05
1,0.0030829000000006128,-0.9947550814902377,0.0001751119704405113,-12.0,0.4976402104518994,12.0,-0.001071028960360466,-4.974650984814589e-05,-4.974650967303391e-05,-9.947550814902377e-05,0.001220240996195825,4.974650984814589e-05
1,0.0030831000000006133,-0.9969346378069754,0.0001749886031987558,-12.0,0.4987298035581718,12.0,-0.001070857221231437,-4.985548149549731e-05,-4.985548132050871e-05,-9.969346378069754e-05,0.00122039616247395,4.985548149549731e-05
1,0.003083300000000613,-0.9991126198278404,0.0001748649596285956,-12.0,0.4998186091020128,12.0,-0.001070685587973977,-4.996437441423841e-05,-4.996437423937345e-05,-9.991126198278404e-05,0.001220551198481246,4.996437441423842e-05
1,0.003083500000000613,-1.001289024113498,0.0001747410399247085,-12.0,0.5009066253640465,12.0,-0.001070514060898177,-5.00731884324122e-05,-5.007318825767114e-05,-0.0001001289024113498,0.001220706104011926,5.007318843241218e-05
1,0.003083700000000614,-1.003463847227103,0.0001746168442823826,-12.0,0.5019938506261437,12.0,-0.001070342640314012,-5.018192337818613e-05,-5.018192320356928e-05,-0.0001003463847227103,0.001220860878860502,5.018192337818613e-05
1,0.0030839000000006138,-1.005637085734321,0.0001744923728996262,-12.0,0.5030802831714336,12.0,-0.001070171326531325,-5.029057907985339e-05,-5.029057890536103e-05,-0.0001005637085734321,0.001221015522821743,5.029057907985339e-05
1,0.0030841000000006143,-1.007808736203313,0.0001743676259697291,-12.0,0.5041659212842876,12.0,-0.00107000011985988,-5.03991553658318e-05,-5.039915519146416e-05,-0.0001007808736203314,0.001221170035690639,5.03991553658318e-05
1,0.003084300000000614,-1.009978795204741,0.0001742426036904776,-12.0,0.5052507632503321,12.0,-0.001069829020609314,-5.050765206466415e-05,-5.050765189042157e-05,-0.0001009978795204741,0.001221324417262491,5.050765206466417e-05
1,0.003084500000000614,-1.012147259311792,0.0001741173062605461,-12.0,0.5063348073564596,12.0,-0.00106965802908919,-5.06160690050199e-05,-5.06160688309026e-05,-0.0001012147259311792,0.001221478667332805,5.061606900501992e-05
1,0.003084700000000614,-1.014314125100167,0.0001739917338751673,-12.0,0.5074180518908135,12.0,-0.001069487145608866,-5.072440601569384e-05,-5.072440584170211e-05,-0.0001014314125100167,0.001221632785697445,5.072440601569383e-05
1,0.003084900000000614,-1.016479389148083,0.0001738658867328491,-12.0,0.5085004951427995,12.0,-0.001069316370477663,-5.083266292560667e-05,-5.083266275174079e-05,-0.0001016479389148083,0.001221786772152483,5.083266292560667e-05
1,0.003085100000000614,-1.018643048036299,0.0001737397650340422,-12.0,0.5095821354030984,12.0,-0.001069145704004772,-5.094083956380644e-05,-5.094083939006667e-05,-0.0001018643048036299,0.001221940626494257,5.094083956380644e-05
1,0.003085300000000615,-1.020805098348103,0.0001736133689739794,-12.0,0.5106629709636462,12.0,-0.001068975146499278,-5.104893575946722e-05,-5.104893558585385e-05,-0.0001020805098348103,0.001222094348519352,5.104893575946723e-05
1,0.003085500000000615,-1.022965536669323,0.0001734866987560535,-12.0,0.5117430001176624,12.0,-0.001068804698270101,-5.115695134189063e-05,-5.115695116840393e-05,-0.0001022965536669323,0.001222247938024675,5.115695134189064e-05
1,0.003085700000000615,-1.025124359588336,0.0001733597545764409,-12.0,0.5128222211596303,12.0,-0.001068634359626106,-5.126488614050539e-05,-5.126488596714562e-05,-0.0001025124359588336,0.001222401394807358,5.126488614050538e-05
1,0.003085900000000615,-1.027281563696059,0.0001732325366365917,-12.0,0.5139006323853096,12.0,-0.001068464130876023,-5.13727399848673e-05,-5.137273981163477e-05,-0.0001027281563696059,0.001222554718664774,5.13727399848673e-05
1,0.003086100000000615,-1.029437145585979,0.0001731050451386218,-12.0,0.5149782320917478,12.0,-0.00106829401232842,-5.148051270466091e-05,-5.148051253155586e-05,-0.0001029437145585979,0.001222707909394646,5.148051270466092e-05
1,0.003086300000000615,-1.031591101854137,0.0001729772802804841,-12.0,0.5160550185772618,12.0,-0.001068124004291814,-5.158820412969813e-05,-5.158820395672086e-05,-0.0001031591101854137,0.001222860966794859,5.158820412969814e-05
1,0.003086500000000615,-1.033743429099144,0.0001728492422669592,-12.0,0.5171309901414649,12.0,-0.001067954107074547,-5.169581408991979e-05,-5.169581391707057e-05,-0.0001033743429099144,0.001223013890663635,5.169581408991979e-05
1,0.0030867000000006153,-1.035894123922186,0.0001727209312971656,-12.0,0.518206145085248,12.0,-0.001067784320984873,-5.180334241539509e-05,-5.180334224267417e-05,-0.0001035894123922186,0.001223166680799442,5.180334241539508e-05
1,0.003086900000000615,-1.038043182927014,0.0001725923475742186,-12.0,0.5192804817107918,12.0,-0.001067614646330928,-5.191078893632176e-05,-5.19107887637294e-05,-0.0001038043182927014,0.00122331933700099,5.191078893632175e-05
1,0.003087100000000616,-1.040190602719979,0.0001724634913026768,-12.0,0.5203539983215781,12.0,-0.001067445083420673,-5.201815348302756e-05,-5.201815331056408e-05,-0.0001040190602719979,0.001223471859067314,5.201815348302755e-05
1,0.003087300000000616,-1.042336379910014,0.0001723343626827689,-12.0,0.5214266932223746,12.0,-0.001067275632562023,-5.212543588596918e-05,-5.212543571363482e-05,-0.0001042336379910014,0.001223624246797658,5.212543588596918e-05
1,0.003087500000000616,-1.044480511108636,0.0001722049619194976,-12.0,0.5224985647192466,12.0,-0.001067106294062738,-5.223263597573273e-05,-5.223263580352776e-05,-0.0001044480511108636,0.001223776499991509,5.223263597573271e-05
1,0.0030877000000006163,-1.046622992929978,0.0001720752892179211,-12.0,0.5235696111195688,12.0,-0.001066937068230411,-5.233975358303509e-05,-5.23397534109598e-05,-0.0001046622992929978,0.001223928618448736,5.233975358303509e-05
1,0.003087900000000616,-1.048763821990767,0.0001719453447798225,-12.0,0.5246398307320067,12.0,-0.001066767955372562,-5.244678853872269e-05,-5.244678836677734e-05,-0.0001048763821990767,0.001224080601969352,5.244678853872269e-05
1,0.003088100000000616,-1.050902994910343,0.0001718151288137015,-12.0,0.5257092218665435,12.0,-0.001066598955796576,-5.255374067377297e-05,-5.255374050195785e-05,-0.0001050902994910343,0.001224232450353704,5.255374067377298e-05
1,0.0030883000000006162,-1.053040508310666,0.0001716846415215079,-12.0,0.5267777828344614,12.0,-0.001066430069809748,-5.266060981929399e-05,-5.266060964760935e-05,-0.0001053040508310666,0.001224384163402342,5.266060981929399e-05
1,0.003088500000000616,-1.0551763588163,0.0001715538831102426,-12.0,0.527845511948354,12.0,-0.001066261297719147,-5.276739580652438e-05,-5.276739563497051e-05,-0.00010551763588163,0.001224535740916174,5.276739580652439e-05
1,0.003088700000000616,-1.057310543054455,0.0001714228537874618,-12.0,0.5289124075221374,12.0,-0.001066092639831789,-5.287409846683499e-05,-5.287409829541214e-05,-0.0001057310543054455,0.001224687182696312,5.2874098466835e-05
1,0.003088900000000617,-1.059443057654965,0.0001712915537574466,-12.0,0.5299784678710345,12.0,-0.001065924096454576,-5.298071763172771e-05,-5.298071746043615e-05,-0.0001059443057654965,0.001224838488544107,5.298071763172771e-05
1,0.003089100000000617,-1.061573899250291,0.0001711599832281419,-12.0,0.5310436913115878,12.0,-0.001065755667894214,-5.308725313283596e-05,-5.308725296167598e-05,-0.0001061573899250291,0.001224989658261275,5.308725313283597e-05
1,0.0030893000000006172,-1.063703064475552,0.0001710281424083249,-12.0,0.53210807616167,12.0,-0.001065587354457311,-5.319370480192617e-05,-5.319370463089803e-05,-0.0001063703064475552,0.001225140691649723,5.319370480192617e-05
1,0.003089500000000617,-1.065830549968507,0.00017089603150372,-12.0,0.5331716207404691,12.0,-0.001065419156450371,-5.330007247089654e-05,-5.330007230000051e-05,-0.0001065830549968507,0.001225291588511618,5.330007247089655e-05
1,0.003089700000000617,-1.067956352369557,0.0001707636507232713,-12.0,0.5342343233685001,12.0,-0.001065251074179756,-5.340635597177768e-05,-5.340635580101404e-05,-0.0001067956352369558,0.001225442348649429,5.340635597177768e-05
1,0.003089900000000617,-1.07008046832178,0.0001706310002774214,-12.0,0.5352961823676163,12.0,-0.001065083107951656,-5.351255513673389e-05,-5.351255496610289e-05,-0.000107008046832178,0.001225592971865863,5.35125551367339e-05
1,0.003090100000000617,-1.072202894470905,0.0001704980803721168,-12.0,0.5363571960609916,12.0,-0.001064915258072167,-5.361866979806194e-05,-5.361866962756387e-05,-0.0001072202894470905,0.001225743457963946,5.361866979806196e-05
1,0.003090300000000617,-1.074323627465333,0.0001703648912209088,-12.0,0.5374173627731467,12.0,-0.001064747524847261,-5.372469978819259e-05,-5.372469961782769e-05,-0.0001074323627465333,0.001225893806746897,5.372469978819258e-05
1,0.003090500000000617,-1.076442663956138,0.0001702314330294663,-12.0,0.5384766808299273,12.0,-0.001064579908582712,-5.383064493968978e-05,-5.383064476945835e-05,-0.0001076442663956138,0.001226044018018263,5.383064493968979e-05
1,0.003090700000000618,-1.078560000597072,0.0001700977060125619,-12.0,0.5395351485585318,12.0,-0.001064412409584214,-5.393650508525193e-05,-5.393650491515423e-05,-0.0001078560000597072,0.001226194091581846,5.393650508525192e-05
1,0.003090900000000618,-1.080675634044578,0.0001699637103774743,-12.0,0.540592764287492,12.0,-0.001064245028157371,-5.404228005771147e-05,-5.404227988774775e-05,-0.0001080675634044578,0.001226344027241637,5.404228005771146e-05
1,0.003091100000000618,-1.082789560957771,0.0001698294463369776,-12.0,0.5416495263466856,12.0,-0.001064077764607506,-5.414796969003487e-05,-5.414796952020542e-05,-0.0001082789560957771,0.001226493824802062,5.414796969003486e-05
1,0.003091300000000618,-1.084901777998484,0.0001696949141038462,-12.0,0.5427054330673469,12.0,-0.001063910619239966,-5.425357381532431e-05,-5.425357364562939e-05,-0.0001084901777998484,0.001226643484067605,5.42535738153243e-05
1,0.003091500000000618,-1.087012281831238,0.0001695601138880232,-12.0,0.543760482782052,12.0,-0.001063743592359855,-5.435909226681641e-05,-5.435909209725629e-05,-0.0001087012281831238,0.001226793004843185,5.435909226681641e-05
1,0.0030917000000006177,-1.089121069123251,0.0001694250459029489,-12.0,0.5448146738247305,12.0,-0.001063576684272163,-5.446452487788275e-05,-5.446452470845771e-05,-0.0001089121069123251,0.001226942386933917,5.446452487788276e-05
1,0.0030919000000006183,-1.09122813654447,0.0001692897103631186,-12.0,0.5458680045306767,12.0,-0.001063409895281732,-5.456987148203137e-05,-5.456987131274166e-05,-0.000109122813654447,0.001227091630145193,5.456987148203137e-05
1,0.003092100000000618,-1.093333480767549,0.000169154107479641,-12.0,0.5469204732365349,12.0,-0.001063243225693296,-5.467513191290553e-05,-5.467513174375143e-05,-0.0001093333480767549,0.001227240734282695,5.467513191290553e-05
1,0.003092300000000618,-1.095437098467855,0.0001690182374669558,-12.0,0.5479720782803101,12.0,-0.001063076675811479,-5.478030600428432e-05,-5.478030583526608e-05,-0.0001095437098467855,0.001227389699152266,5.478030600428432e-05
1,0.003092500000000619,-1.097538986323492,0.0001688821005402796,-12.0,0.5490228180013776,12.0,-0.00106291024594065,-5.488539359008374e-05,-5.488539342120164e-05,-0.0001097538986323492,0.001227538524560187,5.488539359008374e-05
1,0.0030927000000006187,-1.099639141015305,0.0001687456969148293,-12.0,0.5500726907404817,12.0,-0.001062743936385113,-5.499039450435669e-05,-5.499039433561101e-05,-0.0001099639141015305,0.00122768721031289,5.499039450435669e-05
1,0.0030929000000006193,-1.101737559226852,0.0001686090268016027,-12.0,0.5511216948397184,12.0,-0.001062577747449028,-5.509530858129168e-05,-5.509530841268267e-05,-0.0001101737559226852,0.001227835756217092,5.509530858129168e-05
1,0.003093100000000619,-1.10383423764444,0.0001684720904212011,-12.0,0.5521698286425727,12.0,-0.001062411679436409,-5.520013565521515e-05,-5.520013548674305e-05,-0.000110383423764444,0.001227984162079788,5.520013565521516e-05
1,0.003093300000000619,-1.105929172957143,0.0001683348879874536,-12.0,0.5532170904939014,12.0,-0.001062245732651075,-5.530487556059139e-05,-5.530487539225652e-05,-0.0001105929172957143,0.001228132427708278,5.530487556059141e-05
1,0.003093500000000619,-1.108022361856768,0.0001681974197158542,-12.0,0.5542634787399321,12.0,-0.00106207990739679,-5.540952813202164e-05,-5.54095279638242e-05,-0.0001108022361856768,0.001228280552910042,5.540952813202163e-05
1,0.003093700000000619,-1.110113801037879,0.0001680596858235073,-12.0,0.5553089917282719,12.0,-0.00106191420397711,-5.551409320424484e-05,-5.551409303618516e-05,-0.0001110113801037879,0.001228428537492894,5.551409320424483e-05
1,0.003093900000000619,-1.112203487197816,0.0001679216865295152,-12.0,0.5563536278079191,12.0,-0.001061748622695438,-5.561857061213897e-05,-5.561857044421727e-05,-0.0001112203487197816,0.001228576381264904,5.561857061213896e-05
1,0.003094100000000619,-1.11429141703668,0.0001677834220489283,-12.0,0.5573973853292478,12.0,-0.001061583163855039,-5.572296019071989e-05,-5.572296002293647e-05,-0.0001114291417036681,0.001228724084034426,5.572296019071989e-05
1,0.00309430000000062,-1.116377587257339,0.0001676448926004048,-12.0,0.5584402626440192,12.0,-0.001061417827759099,-5.582726177514188e-05,-5.582726160749698e-05,-0.0001116377587257339,0.001228871645610023,5.582726177514188e-05
1,0.00309450000000062,-1.118461994565453,0.0001675060984044352,-12.0,0.559482258105394,12.0,-0.001061252614710496,-5.593147520069895e-05,-5.593147503319285e-05,-0.0001118461994565453,0.00122901906580062,5.593147520069896e-05
1,0.00309470000000062,-1.120544635669459,0.0001673670396771798,-12.0,0.5605233700679159,12.0,-0.001061087525012154,-5.603560030282388e-05,-5.603560013545682e-05,-0.0001120544635669459,0.001229166344415271,5.603560030282386e-05
1,0.00309490000000062,-1.122625507280578,0.0001672277166385738,-12.0,0.561563596887524,12.0,-0.001060922558966691,-5.613963691708853e-05,-5.613963674986085e-05,-0.0001122625507280578,0.001229313481263455,5.613963691708855e-05
1,0.00309510000000062,-1.124704606112835,0.0001670881295103288,-12.0,0.5626029369215643,12.0,-0.001060757716876665,-5.624358487920539e-05,-5.624358471211727e-05,-0.0001124704606112835,0.001229460476154791,5.62435848792054e-05
1,0.0030953000000006198,-1.126781928883053,0.0001669482785097709,-12.0,0.5636413885287738,12.0,-0.001060592999044437,-5.63474440250264e-05,-5.634744385807813e-05,-0.0001126781928883053,0.001229607328899256,5.634744402502641e-05
1,0.0030955000000006203,-1.128857472310847,0.0001668081638585006,-12.0,0.5646789500692929,12.0,-0.001060428405772224,-5.645121419054344e-05,-5.645121402373528e-05,-0.0001128857472310847,0.001229754039307043,5.645121419054345e-05
1,0.00309570000000062,-1.130931233118656,0.000166667785778285,-12.0,0.5657156199046733,12.0,-0.00106026393736209,-5.655489521188951e-05,-5.655489504522172e-05,-0.0001130931233118656,0.001229900607188611,5.65548952118895e-05
1,0.003095900000000621,-1.133003208031739,0.0001665271444909466,-12.0,0.5667513963978775,12.0,-0.001060099594115932,-5.665848692533864e-05,-5.665848675881151e-05,-0.0001133003208031739,0.001230047032354749,5.665848692533866e-05
1,0.003096100000000621,-1.135073393778156,0.0001663862402142002,-12.0,0.5677862779132615,12.0,-0.001059935376335565,-5.676198916730474e-05,-5.676198900091849e-05,-0.0001135073393778156,0.001230193314616421,5.676198916730473e-05
1,0.0030963000000006208,-1.137141787088796,0.000166245073175586,-12.0,0.5688202628166119,12.0,-0.001059771284322525,-5.686540177434364e-05,-5.686540160809858e-05,-0.0001137141787088796,0.001230339453784951,5.686540177434363e-05
1,0.0030965000000006213,-1.139208384697403,0.0001661036435956498,-12.0,0.5698533494751312,12.0,-0.001059607318378272,-5.696872458315355e-05,-5.696872441704991e-05,-0.0001139208384697403,0.001230485449671866,5.696872458315356e-05
1,0.003096700000000621,-1.141273183340523,0.0001659619516944932,-12.0,0.570885536257423,12.0,-0.001059443478804149,-5.707195743057285e-05,-5.70719572646109e-05,-0.0001141273183340523,0.001230631302088947,5.707195743057286e-05
1,0.003096900000000621,-1.143336179757558,0.0001658199977003783,-12.0,0.5719168215335293,12.0,-0.001059279765901214,-5.71751001535829e-05,-5.71750999877629e-05,-0.0001143336179757558,0.001230777010848338,5.71751001535829e-05
1,0.0030971000000006212,-1.145397370690765,0.0001656777818347388,-12.0,0.5729472036749126,12.0,-0.001059116179970496,-5.727815258930779e-05,-5.727815242362999e-05,-0.0001145397370690765,0.001230922575762343,5.727815258930779e-05
1,0.003097300000000621,-1.147456752885242,0.0001655353043216179,-12.0,0.5739766810544562,12.0,-0.001058952721312768,-5.738111457501346e-05,-5.738111440947815e-05,-0.0001147456752885242,0.001231067996643638,5.738111457501346e-05
1,0.003097500000000621,-1.149514323088936,0.0001653925653853916,-12.0,0.5750052520464717,12.0,-0.001058789390228708,-5.748398594810863e-05,-5.748398578271607e-05,-0.0001149514323088936,0.001231213273305054,5.748398594810863e-05
1,0.003097700000000622,-1.15157007805267,0.0001652495652536001,-12.0,0.5760329150267111,12.0,-0.001058626187018775,-5.758676654614575e-05,-5.758676638089618e-05,-0.000115157007805267,0.001231358405559789,5.758676654614575e-05
1,0.003097900000000622,-1.15362401453013,0.0001651063041486212,-12.0,0.5770596683723511,12.0,-0.001058463111983335,-5.768945620682023e-05,-5.768945604171394e-05,-0.000115362401453013,0.001231503393221256,5.768945620682025e-05
1,0.0030981000000006222,-1.155676129277861,0.0001649627822978283,-12.0,0.5780855104620054,12.0,-0.001058300165422528,-5.779205476797076e-05,-5.779205460300796e-05,-0.0001155676129277861,0.001231648236103139,5.779205476797076e-05
1,0.003098300000000622,-1.157726419055303,0.0001648189999289285,-12.0,0.579110439675735,12.0,-0.001058137347636372,-5.789456206758061e-05,-5.789456190276159e-05,-0.0001157726419055303,0.001231792934019448,5.789456206758061e-05
1,0.003098500000000622,-1.159774880624771,0.0001646749572659645,-12.0,0.5801344543950339,12.0,-0.001057974658924703,-5.799697794377679e-05,-5.799697777910182e-05,-0.0001159774880624771,0.001231937486784351,5.799697794377679e-05
1,0.003098700000000622,-1.161821510751455,0.0001645306545371428,-12.0,0.58115755300284,12.0,-0.001057812099587226,-5.809930223483028e-05,-5.809930207029964e-05,-0.0001161821510751455,0.00123208189421236,5.809930223483029e-05
1,0.003098900000000622,-1.163866306203457,0.0001643860919717799,-12.0,0.582179733883547,12.0,-0.001057649669923388,-5.820153477915753e-05,-5.820153461477144e-05,-0.0001163866306203457,0.001232226156118295,5.820153477915753e-05
1,0.0030991000000006224,-1.165909263751767,0.0001642412697951401,-12.0,0.5832009954229889,12.0,-0.00105748737023259,-5.830367541531938e-05,-5.83036752510781e-05,-0.0001165909263751767,0.001232370272317131,5.830367541531938e-05
1,0.003099300000000622,-1.167950380170269,0.0001640961882364289,-12.0,0.5842213360084512,12.0,-0.001057325200814009,-5.840572398202146e-05,-5.840572381792528e-05,-0.0001167950380170269,0.001232514242624196,5.840572398202148e-05
1,0.003099500000000623,-1.169989652235765,0.0001639508475258511,-12.0,0.5852407540286799,12.0,-0.0010571631619666,-5.850768031811541e-05,-5.850768015416457e-05,-0.0001169989652235765,0.001232658066855082,5.850768031811541e-05
1,0.003099700000000623,-1.172027076727975,0.000163805247891835,-12.0,0.5862592478738776,12.0,-0.001057001253989276,-5.860954426259859e-05,-5.860954409879334e-05,-0.0001172027076727975,0.001232801744825616,5.860954426259858e-05
1,0.003099900000000623,-1.174062650429525,0.0001636593895629201,-12.0,0.5872768159357007,12.0,-0.001056839477180653,-5.871131565461378e-05,-5.871131549095439e-05,-0.0001174062650429525,0.001232945276351885,5.871131565461378e-05
1,0.0031001000000006234,-1.17609637012596,0.0001635132727696997,-12.0,0.5882934566072674,12.0,-0.001056677831839263,-5.881299433344978e-05,-5.881299416993651e-05,-0.000117609637012596,0.001233088661250326,5.881299433344978e-05
1,0.003100300000000623,-1.178128232605768,0.0001633668977441549,-12.0,0.589309168283169,12.0,-0.00105651631826343,-5.891458013854249e-05,-5.89145799751756e-05,-0.0001178128232605768,0.00123323189933755,5.89145801385425e-05
1,0.0031005000000006227,-1.180158234660361,0.0001632202647149361,-12.0,0.5903239493594553,12.0,-0.001056354936751325,-5.901607290947404e-05,-5.901607274625378e-05,-0.0001180158234660361,0.001233374990430497,5.901607290947404e-05
1,0.0031007000000006233,-1.182186373084083,0.0001630733739138024,-12.0,0.5913377982336457,12.0,-0.001056193687600938,-5.91174724859732e-05,-5.911747232289982e-05,-0.0001182186373084083,0.001233517934346298,5.911747248597319e-05
1,0.003100900000000623,-1.184212644674233,0.0001629262255740116,-12.0,0.5923507133047401,12.0,-0.001056032571110081,-5.92187787079166e-05,-5.921877854499037e-05,-0.0001184212644674233,0.001233660730902461,5.921877870791661e-05
1,0.003101100000000623,-1.186237046231056,0.0001627788199255464,-12.0,0.5933626929732044,12.0,-0.00105587158757639,-5.93199914153279e-05,-5.931999125254908e-05,-0.0001186237046231056,0.001233803379916715,5.931999141532789e-05
1,0.003101300000000624,-1.188259574557736,0.0001626311572014427,-12.0,0.5943737356409818,12.0,-0.00105571073729735,-5.942111044837805e-05,-5.942111028574688e-05,-0.0001188259574557736,0.001233945881206983,5.942111044837804e-05
1,0.0031015000000006237,-1.190280226460434,0.000162483237636124,-12.0,0.5953838397115037,12.0,-0.001055550020570242,-5.952213564738675e-05,-5.952213548490352e-05,-0.0001190280226460434,0.001234088234591604,5.952213564738676e-05
1,0.0031017000000006243,-1.192298998748263,0.0001623350614600727,-12.0,0.5963930035896721,12.0,-0.001055389437692199,-5.962306685282121e-05,-5.962306669048614e-05,-0.0001192298998748263,0.0012342304398891,5.96230668528212e-05
1,0.003101900000000624,-1.194315888233306,0.0001621866289103213,-12.0,0.597401225681885,12.0,-0.001055228988960127,-5.972390390529746e-05,-5.972390374311084e-05,-0.0001194315888233307,0.001234372496918226,5.972390390529747e-05
1,0.003102100000000624,-1.196330891730627,0.0001620379402179073,-12.0,0.5984085043960197,12.0,-0.001055068674670846,-5.982464664558018e-05,-5.982464648354225e-05,-0.0001196330891730627,0.001234514405498072,5.982464664558018e-05
1,0.003102300000000624,-1.19834400605825,0.00016188899561842,-12.0,0.5994148381414424,12.0,-0.00105490849512091,-5.99252949145824e-05,-5.99252947526934e-05,-0.000119834400605825,0.001234656165447975,5.99252949145824e-05
1,0.003102500000000624,-1.2003552280372,0.0001617397953482813,-12.0,0.6004202253290206,12.0,-0.00105474845060672,-6.002584855336724e-05,-6.002584839162744e-05,-0.00012003552280372,0.001234797776587554,6.002584855336724e-05
1,0.003102700000000624,-1.202364554491483,0.0001615903396399165,-12.0,0.601424664371105,12.0,-0.001054588541424546,-6.012630740314652e-05,-6.012630724155617e-05,-0.0001202364554491483,0.001234939238736646,6.012630740314651e-05
1,0.003102900000000624,-1.204371982248101,0.0001614406287320236,-12.0,0.6024281536815549,12.0,-0.001054428767870395,-6.022667130528228e-05,-6.022667114384166e-05,-0.0001204371982248101,0.001235080551715451,6.022667130528229e-05
1,0.003103100000000625,-1.206377508137054,0.0001612906628580824,-12.0,0.6034306916757208,12.0,-0.001054269130240176,-6.032694010128628e-05,-6.032693993999561e-05,-0.0001206377508137054,0.001235221715344292,6.032694010128628e-05
1,0.003103300000000625,-1.208381128991335,0.0001611404422558471,-12.0,0.6044322767704557,12.0,-0.001054109628829528,-6.042711363281999e-05,-6.042711347167954e-05,-0.0001208381128991335,0.001235362729443981,6.042711363281999e-05
1,0.003103500000000625,-1.210382841646962,0.0001609899671633497,-12.0,0.6054329073841256,12.0,-0.001053950263933984,-6.052719174169622e-05,-6.052719158070625e-05,-0.0001210382841646962,0.001235503593835341,6.052719174169623e-05
1,0.003103700000000625,-1.212382642942959,0.0001608392378156243,-12.0,0.6064325819365953,12.0,-0.001053791035848878,-6.062717426987798e-05,-6.062717410903873e-05,-0.0001212382642942959,0.001235644308339653,6.062717426987798e-05
1,0.003103900000000625,-1.21438052972136,0.0001606882544514798,-12.0,0.6074312988492395,12.0,-0.001053631944869314,-6.072706105947881e-05,-6.072706089879056e-05,-0.000121438052972136,0.001235784872778409,6.072706105947881e-05
1,0.0031041000000006248,-1.216376498827236,0.0001605370173101694,-12.0,0.6084290565449535,12.0,-0.001053472991290272,-6.082685195276433e-05,-6.082685179222731e-05,-0.0001216376498827236,0.001235925286973361,6.082685195276434e-05
1,0.0031043000000006253,-1.218370547108679,0.000160385526627338,-12.0,0.6094258534481359,12.0,-0.001053314175406495,-6.092654679215084e-05,-6.092654663176534e-05,-0.0001218370547108679,0.001236065550746512,6.092654679215086e-05
1,0.003104500000000625,-1.220362671416816,0.0001602337826457356,-12.0,0.6104216879847143,12.0,-0.001053155497512615,-6.102614542020686e-05,-6.102614525997308e-05,-0.0001220362671416816,0.001236205663920173,6.102614542020686e-05
1,0.003104700000000625,-1.222352868605813,0.0001600817856013959,-12.0,0.6114165585821268,12.0,-0.001052996957903,-6.112564767965254e-05,-6.112564751957074e-05,-0.0001222352868605813,0.001236345626316873,6.112564767965254e-05
1,0.003104900000000626,-1.224341135532873,0.000159929535735126,-12.0,0.6124104636693345,12.0,-0.001052838556871827,-6.122505341335994e-05,-6.12250532534304e-05,-0.0001224341135532873,0.001236485437759519,6.122505341335993e-05
1,0.0031051000000006258,-1.226327469058256,0.0001597770332883997,-12.0,0.613403401676831,12.0,-0.001052680294713143,-6.132436246435428e-05,-6.132436230457725e-05,-0.0001226327469058256,0.001236625098071167,6.132436246435426e-05
1,0.0031053000000006263,-1.228311866045274,0.0001596242784994706,-12.0,0.614395371036629,12.0,-0.001052522171720797,-6.142357467581294e-05,-6.142357451618868e-05,-0.0001228311866045274,0.001236764607075183,6.142357467581296e-05
1,0.003105500000000626,-1.230294323360285,0.0001594712716102009,-12.0,0.6153863701822706,12.0,-0.001052364188188395,-6.152268989106604e-05,-6.152268973159477e-05,-0.0001230294323360285,0.001236903964595235,6.152268989106604e-05
1,0.003105700000000626,-1.232274837872726,0.0001593180128633964,-12.0,0.6163763975488384,12.0,-0.001052206344409425,-6.162170795359752e-05,-6.162170779427948e-05,-0.0001232274837872726,0.001237043170455185,6.16217079535975e-05
1,0.003105900000000626,-1.234253406455098,0.0001591645024982546,-12.0,0.6173654515729413,12.0,-0.001052048640677122,-6.172062870704431e-05,-6.17206285478798e-05,-0.0001234253406455098,0.001237182224479258,6.172062870704431e-05
1,0.003106100000000626,-1.236230025982962,0.0001590107407579699,-12.0,0.6183535306927254,12.0,-0.001051891077284553,-6.181945199519675e-05,-6.181945183618598e-05,-0.0001236230025982962,0.001237321126491858,6.181945199519674e-05
1,0.003106300000000626,-1.238204693334971,0.0001588567278857367,-12.0,0.6193406333478814,12.0,-0.001051733654524586,-6.191817766199956e-05,-6.191817750314284e-05,-0.0001238204693334971,0.001237459876317751,6.191817766199957e-05
1,0.003106500000000627,-1.240177405392863,0.0001587024641243051,-12.0,0.6203267579796423,12.0,-0.001051576372689919,-6.20168055515518e-05,-6.201680539284935e-05,-0.0001240177405392863,0.001237598473781909,6.20168055515518e-05
1,0.003106700000000627,-1.242148159041454,0.0001585479497159814,-12.0,0.6213119030307801,12.0,-0.00105141923207306,-6.211533550810643e-05,-6.211533534955848e-05,-0.0001242148159041454,0.001237736918709556,6.211533550810642e-05
1,0.003106900000000627,-1.244116951168649,0.0001583931849046816,-12.0,0.6222960669456135,12.0,-0.001051262232966282,-6.221376737607089e-05,-6.22137672176777e-05,-0.0001244116951168649,0.001237875210926234,6.221376737607087e-05
1,0.003107100000000627,-1.246083778665465,0.000158238169936098,-12.0,0.6232792481700187,12.0,-0.001051105375661658,-6.231210100000827e-05,-6.231210084177008e-05,-0.0001246083778665465,0.001238013350257736,6.231210100000827e-05
1,0.003107300000000627,-1.248048638426015,0.0001580829050525923,-12.0,0.6242614451514157,12.0,-0.00105094866045112,-6.24103362246363e-05,-6.24103360665534e-05,-0.0001248048638426015,0.001238151336530116,6.241033622463632e-05
1,0.003107500000000627,-1.25001152734751,0.0001579273904998568,-12.0,0.6252426563387785,12.0,-0.00105079208762638,-6.250847289482786e-05,-6.250847273690048e-05,-0.000125001152734751,0.001238289169569695,6.250847289482786e-05
1,0.003107700000000627,-1.251972442330287,0.0001577716265244722,-12.0,0.6262228801826465,12.0,-0.001050635657478906,-6.260651085561221e-05,-6.260651069784059e-05,-0.0001251972442330288,0.001238426849203125,6.26065108556122e-05
1,0.0031079000000006273,-1.253931380277798,0.0001576156133697437,-12.0,0.6272021151351095,12.0,-0.001050479370300027,-6.270444995217398e-05,-6.270444979455837e-05,-0.0001253931380277798,0.00123856437525724,6.270444995217398e-05
1,0.003108100000000627,-1.255888338096603,0.0001574593512828626,-12.0,0.6281803596498192,12.0,-0.001050323226380864,-6.280229002985363e-05,-6.280228987239428e-05,-0.0001255888338096603,0.001238701747559134,6.280229002985363e-05
1,0.003108300000000628,-1.257843312696407,0.0001573028405116861,-12.0,0.6291576121819994,12.0,-0.001050167226012297,-6.290003093414878e-05,-6.290003077684593e-05,-0.0001257843312696407,0.001238838965936281,6.290003093414878e-05
1,0.003108500000000628,-1.25979630099004,0.0001571460813007408,-12.0,0.6301338711884321,12.0,-0.001050011369485064,-6.299767251071313e-05,-6.299767235356706e-05,-0.0001259796300990041,0.001238976030216332,6.299767251071314e-05
1,0.003108700000000628,-1.261747299893461,0.0001569890738981061,-12.0,0.6311091351274686,12.0,-0.001049855657089663,-6.309521460535704e-05,-6.309521444836798e-05,-0.0001261747299893462,0.00123911294022723,6.309521460535705e-05
1,0.0031089000000006283,-1.26369630632578,0.0001568318185523609,-12.0,0.6320834024590366,12.0,-0.001049700089116382,-6.319265706404842e-05,-6.31926569072166e-05,-0.000126369630632578,0.001239249695797154,6.319265706404842e-05
1,0.003109100000000628,-1.26564331720926,0.0001566743155116956,-12.0,0.6330566716446405,12.0,-0.001049544665855329,-6.328999973291288e-05,-6.328999957623856e-05,-0.000126564331720926,0.001239386296754671,6.328999973291289e-05
1,0.003109300000000628,-1.267588329469295,0.0001565165650209144,-12.0,0.6340289411473444,12.0,-0.001049389387596425,-6.338724245823235e-05,-6.33872423017158e-05,-0.0001267588329469295,0.001239522742928448,6.338724245823236e-05
1,0.0031095000000006283,-1.269531340034442,0.0001563585673339252,-12.0,0.6350002094318077,12.0,-0.001049234254629321,-6.348438508644735e-05,-6.34843849300888e-05,-0.0001269531340034442,0.001239659034147564,6.348438508644738e-05
1,0.003109700000000628,-1.271472345836441,0.0001562003226979192,-12.0,0.6359704749642705,12.0,-0.001049079267243548,-6.358142746415726e-05,-6.358142730795694e-05,-0.0001271472345836441,0.001239795170241267,6.358142746415726e-05
1,0.003109900000000628,-1.273411343810165,0.0001560418313597545,-12.0,0.6369397362125402,12.0,-0.001048924425728369,-6.367836943811803e-05,-6.367836928207623e-05,-0.0001273411343810165,0.001239931151039139,6.367836943811805e-05
1,0.003110100000000629,-1.275348330893669,0.0001558830935738387,-12.0,0.6379079916460264,12.0,-0.00104876973037283,-6.377521085524526e-05,-6.377521069936214e-05,-0.0001275348330893669,0.001240066976370996,6.377521085524526e-05
1,0.003110300000000629,-1.277283304028201,0.0001557241095886952,-12.0,0.6388752397357245,12.0,-0.001048615181465852,-6.387195156261358e-05,-6.387195140688947e-05,-0.0001277283304028201,0.00124020264606696,6.387195156261359e-05
1,0.0031105000000006293,-1.27921626015817,0.0001555648796541798,-12.0,0.6398414789542148,12.0,-0.001048460779296087,-6.396859140745608e-05,-6.396859125189119e-05,-0.000127921626015817,0.001240338159957333,6.396859140745607e-05
1,0.003110700000000629,-1.281147196231168,0.0001554054040218134,-12.0,0.6408067077756712,12.0,-0.001048306524151943,-6.406513023716493e-05,-6.406513008175952e-05,-0.0001281147196231168,0.00124047351787282,6.406513023716494e-05
1,0.003110900000000629,-1.283076109197993,0.0001552456829451709,-12.0,0.6417709246758708,12.0,-0.001048152416321703,-6.416156789929259e-05,-6.41615677440469e-05,-0.0001283076109197993,0.001240608719644279,6.416156789929257e-05
1,0.003111100000000629,-1.285002996012628,0.0001550857166732755,-12.0,0.6427341281321811,12.0,-0.001047998456093338,-6.425790424155078e-05,-6.425790408646505e-05,-0.0001285002996012628,0.001240743765102956,6.425790424155078e-05
1,0.003111300000000629,-1.286927853632249,0.0001549255054597021,-12.0,0.6436963166235694,12.0,-0.001047844643754778,-6.435413911181098e-05,-6.435413895688547e-05,-0.000128692785363225,0.001240878654080166,6.435413911181098e-05
1,0.003111500000000629,-1.288850679017252,0.0001547650495583031,-12.0,0.6446574886306142,12.0,-0.001047690979593542,-6.445027235810557e-05,-6.445027220334055e-05,-0.0001288850679017253,0.001241013386407738,6.445027235810559e-05
1,0.003111700000000629,-1.290771469131234,0.000154604349220433,-12.0,0.6456176426354912,12.0,-0.00104753746389704,-6.454630382862707e-05,-6.454630367402274e-05,-0.0001290771469131234,0.001241147961917599,6.454630382862708e-05
1,0.00311190000000063,-1.292690220940999,0.0001544434046998333,-12.0,0.6465767771219831,12.0,-0.001047384096952479,-6.464223337172834e-05,-6.464223321728493e-05,-0.0001292690220940999,0.001241282380441966,6.464223337172834e-05
1,0.00311210000000063,-1.294606931416579,0.0001542822162514113,-12.0,0.6475348905754887,12.0,-0.001047230879046825,-6.473806083592372e-05,-6.47380606816415e-05,-0.0001294606931416579,0.001241416641813431,6.473806083592373e-05
1,0.00311230000000063,-1.296521597531237,0.0001541207841299075,-12.0,0.6484919814830212,12.0,-0.001047077810466812,-6.483378606988915e-05,-6.483378591576836e-05,-0.0001296521597531237,0.001241550745864711,6.483378606988913e-05
1,0.00311250000000063,-1.298434216261445,0.0001539591085862324,-12.0,0.6494480483331929,12.0,-0.001046924891499004,-6.492940892246069e-05,-6.492940876850157e-05,-0.0001298434216261445,0.001241684692428871,6.492940892246067e-05
1,0.00311270000000063,-1.300344784586914,0.0001537971898799562,-12.0,0.6504030896162489,12.0,-0.001046772122429693,-6.502492924263689e-05,-6.502492908883971e-05,-0.0001300344784586914,0.001241818481339321,6.50249292426369e-05
1,0.0031129000000006297,-1.302253299490612,0.0001536350282649868,-12.0,0.6513571038240541,12.0,-0.001046619503545024,-6.512034687957891e-05,-6.512034672594387e-05,-0.0001302253299490612,0.001241952112429501,6.512034687957891e-05
1,0.0031131000000006303,-1.304159757958723,0.000153472623994455,-12.0,0.6523100894500791,12.0,-0.001046467035130838,-6.521566168260846e-05,-6.521566152913585e-05,-0.0001304159757958723,0.001242085585533403,6.521566168260846e-05
1,0.00311330000000063,-1.306064156980684,0.0001533099773287638,-12.0,0.653262044989435,12.0,-0.001046314717472858,-6.531087350121061e-05,-6.531087334790064e-05,-0.0001306064156980684,0.001242218900485079,6.531087350121062e-05
1,0.00311350000000063,-1.307966493549204,0.0001531470885224318,-12.0,0.6542129689388565,12.0,-0.001046162550856482,-6.54059821850334e-05,-6.540598203188633e-05,-0.0001307966493549204,0.001242352057118964,6.54059821850334e-05
1,0.003113700000000631,-1.30986676466023,0.0001529839578319203,-12.0,0.6551628597967024,12.0,-0.001046010535566959,-6.550098758388706e-05,-6.550098743090307e-05,-0.000130986676466023,0.001242485055269693,6.550098758388706e-05
1,0.0031139000000006307,-1.311764967312969,0.0001528205855146902,-12.0,0.6561117160629627,12.0,-0.001045858671889333,-6.55958895477448e-05,-6.55958893949242e-05,-0.000131176496731297,0.001242617894772244,6.55958895477448e-05
1,0.0031141000000006313,-1.313661098509908,0.0001526569718302007,-12.0,0.657059536239269,12.0,-0.001045706960108361,-6.569068792674388e-05,-6.569068777408691e-05,-0.0001313661098509908,0.00124275057546179,6.569068792674389e-05
1,0.003114300000000631,-1.315555155256798,0.000152493117034358,-12.0,0.6580063188288815,12.0,-0.001045555400508623,-6.578538257118471e-05,-6.578538241869161e-05,-0.0001315555155256798,0.001242883097173811,6.578538257118471e-05
1,0.003114500000000631,-1.317447134562658,0.0001523290213861217,-12.0,0.6589520623366983,12.0,-0.001045403993374432,-6.587997333153123e-05,-6.587997317920219e-05,-0.0001317447134562658,0.001243015459744062,6.587997333153122e-05
1,0.003114700000000631,-1.319337033439802,0.0001521646851460057,-12.0,0.6598967652692669,12.0,-0.001045252738989928,-6.597446005841208e-05,-6.59744599062474e-05,-0.0001319337033439802,0.001243147663008537,6.597446005841209e-05
1,0.003114900000000631,-1.321224848903824,0.0001520001085710265,-12.0,0.6608404261347696,12.0,-0.001045101637639025,-6.606884260261984e-05,-6.606884245061974e-05,-0.0001321224848903824,0.001243279706803532,6.606884260261986e-05
1,0.003115100000000631,-1.323110577973599,0.0001518352919214205,-12.0,0.6617830434430344,12.0,-0.00104495068960539,-6.616312081511129e-05,-6.6163120663276e-05,-0.0001323110577973599,0.00124341159096554,6.61631208151113e-05
1,0.003115300000000631,-1.324994217671309,0.0001516702354588118,-12.0,0.6627246157055453,12.0,-0.001044799895172435,-6.625729454700864e-05,-6.625729439533842e-05,-0.0001324994217671309,0.001243543315331483,6.625729454700865e-05
1,0.003115500000000632,-1.326875765022431,0.0001515049394407719,-12.0,0.6636651414354259,12.0,-0.001044649254623428,-6.635136364959851e-05,-6.635136349809357e-05,-0.0001326875765022431,0.001243674879738324,6.635136364959851e-05
1,0.003115700000000632,-1.328755217055744,0.0001513394041312011,-12.0,0.6646046191474628,12.0,-0.001044498768241357,-6.644532797433316e-05,-6.644532782299376e-05,-0.0001328755217055744,0.001243806284023471,6.644532797433316e-05
1,0.003115900000000632,-1.330632570803338,0.0001511736297879485,-12.0,0.6655430473580874,12.0,-0.00104434843630892,-6.653918737282995e-05,-6.65391872216563e-05,-0.0001330632570803338,0.001243937528024583,6.653918737282996e-05
1,0.003116100000000632,-1.332507823300618,0.0001510076166758578,-12.0,0.6664804245853987,12.0,-0.001044198259108731,-6.663294169687229e-05,-6.663294154586468e-05,-0.0001332507823300618,0.001244068611579469,6.663294169687229e-05
1,0.003116300000000632,-1.334380971586306,0.0001508413650537221,-12.0,0.6674167493491473,12.0,-0.001044048236923056,-6.672659079840935e-05,-6.672659064756799e-05,-0.0001334380971586306,0.001244199534526355,6.672659079840936e-05
1,0.003116500000000632,-1.336252012702438,0.0001506748751854414,-12.0,0.6683520201707461,12.0,-0.001043898370033977,-6.682013452955607e-05,-6.682013437888119e-05,-0.0001336252012702439,0.001244330296703663,6.682013452955606e-05
1,0.0031167000000006323,-1.338120943694394,0.0001505081473343051,-12.0,0.6692862355732802,12.0,-0.001043748658723344,-6.691357274259456e-05,-6.691357259208643e-05,-0.0001338120943694394,0.001244460897950023,6.691357274259459e-05
1,0.003116900000000632,-1.339987761610877,0.0001503411817617706,-12.0,0.670219394081493,12.0,-0.00104359910327282,-6.700690528997311e-05,-6.700690513963194e-05,-0.0001339987761610877,0.001244591338104395,6.700690528997313e-05
1,0.003117100000000633,-1.341852463503921,0.0001501739787314604,-12.0,0.6711514942217975,12.0,-0.001043449703963667,-6.71001320243066e-05,-6.710013187413264e-05,-0.0001341852463503921,0.001244721617006131,6.710013202430661e-05
1,0.003117300000000633,-1.343715046428914,0.0001500065385088289,-12.0,0.6720825345222855,12.0,-0.001043300461077153,-6.719325279837765e-05,-6.719325264837113e-05,-0.0001343715046428914,0.001244851734494623,6.719325279837767e-05
1,0.003117500000000633,-1.345575507444584,0.0001498388613558888,-12.0,0.6730125135127146,12.0,-0.001043151374894122,-6.728626746513586e-05,-6.728626731529699e-05,-0.0001345575507444584,0.001244981690409694,6.728626746513587e-05
1,0.0031177000000006333,-1.347433843613004,0.0001496709475380387,-12.0,0.6739414297245186,12.0,-0.001043002445695308,-6.737917587769807e-05,-6.737917572802712e-05,-0.0001347433843613004,0.001245111484591319,6.737917587769806e-05
1,0.003117900000000633,-1.349290051999615,0.0001495027973209551,-12.0,0.6748692816908171,12.0,-0.001042853673761127,-6.747197788934959e-05,-6.747197773984681e-05,-0.0001349290051999616,0.001245241116879861,6.747197788934962e-05
1,0.003118100000000633,-1.351144129673208,0.0001493344109679273,-12.0,0.6757960679463999,12.0,-0.00104270505937179,-6.75646733535432e-05,-6.75646732042088e-05,-0.0001351144129673208,0.001245370587115852,6.756467335354319e-05
1,0.0031183000000006332,-1.352996073705943,0.0001491657887473519,-12.0,0.6767217870277504,12.0,-0.001042556602807242,-6.76572621239003e-05,-6.765726197473451e-05,-0.0001352996073705943,0.001245499895140154,6.765726212390031e-05
1,0.003118500000000633,-1.354845881173351,0.0001489969309226291,-12.0,0.6776464374730291,12.0,-0.001042408304347264,-6.774974405421065e-05,-6.774974390521372e-05,-0.0001354845881173352,0.001245629040793853,6.774974405421065e-05
1,0.003118700000000633,-1.356693549154328,0.0001488278377609897,-12.0,0.678570017822084,12.0,-0.001042260164271357,-6.784211899843232e-05,-6.784211884960448e-05,-0.0001356693549154328,0.001245758023918367,6.784211899843232e-05
1,0.003118900000000634,-1.35853907473116,0.0001486585095307191,-12.0,0.6794925266164612,12.0,-0.001042112182858747,-6.793438681069304e-05,-6.793438666203455e-05,-0.000135853907473116,0.001245886844355323,6.793438681069304e-05
1,0.003119100000000634,-1.360382454989513,0.0001484889464964945,-12.0,0.6804139623993906,12.0,-0.001041964360388462,-6.802654734528939e-05,-6.802654719680046e-05,-0.0001360382454989513,0.001246015501946585,6.802654734528942e-05
1,0.0031193000000006342,-1.36222368701843,0.0001483191489269342,-12.0,0.6813343237157966,12.0,-0.001041816697139299,-6.811860045668696e-05,-6.811860030836784e-05,-0.000136222368701843,0.00124614399653436,6.811860045668696e-05
1,0.003119500000000634,-1.364062767910361,0.0001481491170911564,-12.0,0.6822536091123085,12.0,-0.001041669193389758,-6.821054599952173e-05,-6.821054585137262e-05,-0.0001364062767910361,0.001246272327961151,6.821054599952173e-05
1,0.003119700000000634,-1.365899694761147,0.0001479788512547264,-12.0,0.6831718171372438,12.0,-0.001041521849418178,-6.830238382859892e-05,-6.830238368062007e-05,-0.0001365899694761147,0.001246400496069625,6.830238382859892e-05
1,0.003119900000000634,-1.367734464670029,0.0001478083516893158,-12.0,0.6840889463406321,12.0,-0.001041374665502623,-6.839411379889427e-05,-6.839411365108593e-05,-0.0001367734464670029,0.001246528500702754,6.83941137988943e-05
1,0.003120100000000634,-1.369567074739661,0.0001476376186611006,-12.0,0.6850049952741983,12.0,-0.001041227641920842,-6.84857357655537e-05,-6.84857356179161e-05,-0.0001369567074739661,0.001246656341703817,6.848573576555373e-05
1,0.003120300000000634,-1.371397522076092,0.0001474666524408641,-12.0,0.6859199624913739,12.0,-0.001041080778950473,-6.857724958389331e-05,-6.857724943642665e-05,-0.0001371397522076092,0.0012467840189163,6.857724958389331e-05
1,0.003120500000000634,-1.373225803788805,0.0001472954532990012,-12.0,0.6868338465473055,12.0,-0.001040934076868782,-6.866865510940066e-05,-6.86686549621052e-05,-0.0001373225803788805,0.001246911532184009,6.866865510940066e-05
1,0.003120700000000635,-1.375051916990691,0.0001471240215032421,-12.0,0.6877466459988406,12.0,-0.001040787535952881,-6.875995219773373e-05,-6.87599520506097e-05,-0.0001375051916990691,0.001247038881351012,6.875995219773374e-05
1,0.003120900000000635,-1.376875858798069,0.0001469523573274234,-12.0,0.6886583594045493,12.0,-0.00104064115647956,-6.885114070472219e-05,-6.885114055776985e-05,-0.0001376875858798069,0.001247166066261643,6.885114070472219e-05
1,0.003121100000000635,-1.378697626330692,0.0001467804610391088,-12.0,0.6895689853247091,12.0,-0.001040494938725489,-6.8942220486367e-05,-6.894222033958653e-05,-0.0001378697626330692,0.001247293086760415,6.8942220486367e-05
1,0.003121300000000635,-1.380517216711731,0.0001466083329109136,-12.0,0.6904785223213149,12.0,-0.001040348882966932,-6.903319139884041e-05,-6.903319125223207e-05,-0.0001380517216711731,0.001247419942692243,6.903319139884041e-05
1,0.003121500000000635,-1.382334627067812,0.000146435973215342,-12.0,0.6913869689580887,12.0,-0.001040202989479974,-6.912405329848734e-05,-6.912405315205137e-05,-0.0001382334627067812,0.001247546633902266,6.912405329848735e-05
1,0.0031217000000006347,-1.384149854528998,0.0001462633822225667,-12.0,0.6922943238004667,12.0,-0.001040057258540478,-6.921480604182444e-05,-6.921480589556104e-05,-0.0001384149854528998,0.001247673160235885,6.921480604182442e-05
1,0.0031219000000006353,-1.385962896228791,0.0001460905602053697,-12.0,0.6932005854156091,12.0,-0.001039911690424056,-6.930544948554037e-05,-6.93054493394498e-05,-0.0001385962896228791,0.001247799521538667,6.930544948554038e-05
1,0.003122100000000635,-1.387773749304157,0.0001459175074378649,-12.0,0.6941057523724105,12.0,-0.00103976628540603,-6.939598348649726e-05,-6.939598334057976e-05,-0.0001387773749304157,0.001247925717656612,6.939598348649726e-05
1,0.003122300000000635,-1.389582410895514,0.0001457442241909468,-12.0,0.6950098232414859,12.0,-0.001039621043761471,-6.948640790172949e-05,-6.948640775598527e-05,-0.0001389582410895514,0.001248051748435924,6.948640790172949e-05
1,0.003122500000000636,-1.391388878146733,0.0001455707107387294,-12.0,0.6959127965951815,12.0,-0.001039475965765216,-6.957672258844427e-05,-6.957672244287356e-05,-0.0001391388878146733,0.00124817761372302,6.957672258844428e-05
1,0.0031227000000006357,-1.393193148205156,0.0001453969673559374,-12.0,0.6968146710075818,12.0,-0.001039331051691891,-6.966692740402259e-05,-6.966692725862563e-05,-0.0001393193148205157,0.001248303313364646,6.966692740402259e-05
1,0.0031229000000006363,-1.394995218221608,0.0001452229943166294,-12.0,0.6977154450545089,12.0,-0.001039186301815764,-6.975702220601923e-05,-6.975702206079621e-05,-0.0001394995218221608,0.001248428847207855,6.975702220601923e-05
1,0.003123100000000636,-1.396795085350362,0.0001450487918924215,-12.0,0.6986151173135076,12.0,-0.001039041716410963,-6.984700685216151e-05,-6.984700670711273e-05,-0.0001396795085350362,0.001248554215099798,6.984700685216152e-05
1,0.003123300000000636,-1.398592746749182,0.000144874360362035,-12.0,0.6995136863638776,12.0,-0.001038897295751323,-6.993688120035156e-05,-6.99368810554772e-05,-0.0001398592746749182,0.001248679416888082,6.993688120035156e-05
1,0.003123500000000636,-1.400388199579325,0.0001446996999990846,-12.0,0.7004111507866583,12.0,-0.001038753040110363,-7.002664510866593e-05,-7.002664496396622e-05,-0.0001400388199579325,0.001248804452420482,7.002664510866592e-05
1,0.003123700000000636,-1.402181441005525,0.0001445248110783504,-12.0,0.7013075091646283,12.0,-0.001038608949761433,-7.0116298435355e-05,-7.011629829083018e-05,-0.0001402181441005525,0.00124892932154505,7.011629843535499e-05
1,0.003123900000000636,-1.403972468196003,0.0001443496938762223,-12.0,0.7022027600823129,12.0,-0.00103846502497755,-7.020584103884367e-05,-7.020584089449398e-05,-0.0001403972468196003,0.001249054024110144,7.020584103884367e-05
1,0.003124100000000636,-1.405761278322489,0.0001441743486704228,-12.0,0.7030969021259937,12.0,-0.001038321266031539,-7.029527277773234e-05,-7.029527263355797e-05,-0.0001405761278322489,0.001249178559964328,7.029527277773233e-05
1,0.003124300000000637,-1.407547868560211,0.0001439987757353989,-12.0,0.7039899338836959,12.0,-0.001038177673195931,-7.038459351079605e-05,-7.03845933667973e-05,-0.0001407547868560211,0.001249302928956517,7.038459351079605e-05
1,0.003124500000000637,-1.40933223608789,0.0001438229753488174,-12.0,0.704881853945198,12.0,-0.001038034246743008,-7.047380309698491e-05,-7.047380295316194e-05,-0.000140933223608789,0.001249427130935815,7.047380309698492e-05
1,0.003124700000000637,-1.411114378087774,0.0001436469477899549,-12.0,0.7057726609020413,12.0,-0.001037890986944776,-7.056290139542515e-05,-7.05629012517782e-05,-0.0001411114378087774,0.001249551165751608,7.056290139542515e-05
1,0.003124900000000637,-1.41289429174562,0.0001434706933338692,-12.0,0.7066623533475176,12.0,-0.001037747894073016,-7.065188826541837e-05,-7.06518881219477e-05,-0.000141289429174562,0.001249675033253572,7.065188826541837e-05
1,0.003125100000000637,-1.414671974250694,0.0001432942122595593,-12.0,0.7075509298766787,12.0,-0.001037604968399219,-7.074076356644192e-05,-7.074076342314769e-05,-0.0001414671974250694,0.001249798733291632,7.074076356644192e-05
1,0.0031253000000006368,-1.416447422795797,0.0001431175048463573,-12.0,0.7084383890863434,12.0,-0.001037462210194601,-7.08295271581497e-05,-7.08295270150322e-05,-0.0001416447422795797,0.001249922265715991,7.08295271581497e-05
1,0.0031255000000006373,-1.418220634577264,0.0001429405713732068,-12.0,0.7093247295750974,12.0,-0.001037319619730151,-7.091817890037242e-05,-7.091817875743186e-05,-0.0001418220634577264,0.001250045630377131,7.091817890037242e-05
1,0.003125700000000637,-1.41999160679494,0.0001427634121158872,-12.0,0.7102099499432781,12.0,-0.001037177197276598,-7.100671865311624e-05,-7.100671851035281e-05,-0.000141999160679494,0.001250168827125711,7.100671865311623e-05
1,0.003125900000000638,-1.421760336652218,0.0001425860273586155,-12.0,0.7110940487930069,12.0,-0.001037034943104365,-7.10951462765648e-05,-7.10951461339788e-05,-0.0001421760336652218,0.001250291855812824,7.109514627656483e-05
1,0.003126100000000638,-1.423526821356045,0.0001424084173795581,-12.0,0.7119770247281758,12.0,-0.001036892857483623,-7.118346163107963e-05,-7.118346148867124e-05,-0.0001423526821356045,0.001250414716289699,7.118346163107963e-05
1,0.0031263000000006378,-1.425291058116891,0.0001422305824561598,-12.0,0.7128588763544355,12.0,-0.001036750940684339,-7.127166457719791e-05,-7.127166443496735e-05,-0.0001425291058116891,0.001250537408407845,7.127166457719794e-05
1,0.0031265000000006383,-1.427053044148783,0.0001420525228732483,-12.0,0.7137396022792266,12.0,-0.001036609192976115,-7.135975497563535e-05,-7.135975483358281e-05,-0.0001427053044148783,0.001250659932019088,7.135975497563535e-05
1,0.003126700000000638,-1.428812776669319,0.0001418742389105998,-12.0,0.7146192011117679,12.0,-0.001036467614628347,-7.144773268728573e-05,-7.14477325454115e-05,-0.000142881277666932,0.001250782286975449,7.144773268728573e-05
1,0.003126900000000638,-1.430570252899632,0.0001416957308463807,-12.0,0.7154976714630428,12.0,-0.001036326205910168,-7.153559757321964e-05,-7.15355974315239e-05,-0.0001430570252899632,0.001250904473129297,7.153559757321964e-05
1,0.0031271000000006382,-1.432325470064423,0.0001415169989668064,-12.0,0.7163750119458315,12.0,-0.001036184967090376,-7.162334949468648e-05,-7.162334935316948e-05,-0.0001432325470064423,0.001251026490333235,7.162334949468648e-05
1,0.003127300000000638,-1.434078425391978,0.0001413380435513201,-12.0,0.7172512211746964,12.0,-0.001036043898437616,-7.17109883131145e-05,-7.171098817177646e-05,-0.0001434078425391978,0.001251148338440089,7.171098831311451e-05
1,0.003127500000000638,-1.435829116114137,0.0001411588648825846,-12.0,0.7181262977659808,12.0,-0.001035903000220106,-7.179851389010982e-05,-7.179851374895095e-05,-0.0001435829116114137,0.001251270017303033,7.179851389010983e-05
1,0.003127700000000639,-1.437577539466316,0.0001409794632430406,-12.0,0.719000240337817,12.0,-0.001035762272706048,-7.188592608745739e-05,-7.188592594647793e-05,-0.0001437577539466316,0.00125139152677535,7.188592608745739e-05
1,0.003127900000000639,-1.439323692687522,0.0001407998389171827,-12.0,0.719873047510135,12.0,-0.001035621716163004,-7.197322476712175e-05,-7.197322462632195e-05,-0.0001439323692687522,0.001251512866710838,7.197322476712178e-05
1,0.0031281000000006392,-1.441067573020341,0.0001406199921869522,-12.0,0.7207447179046511,12.0,-0.001035481330858595,-7.20604097912464e-05,-7.206040965062642e-05,-0.0001441067573020341,0.001251634036963364,7.206040979124643e-05
1,0.003128300000000639,-1.442809177710945,0.000140439923336344,-12.0,0.7216152501448762,12.0,-0.001035341117060037,-7.214748102215399e-05,-7.214748088171406e-05,-0.0001442809177710945,0.001251755037387087,7.214748102215398e-05
1,0.003128500000000639,-1.444548504009106,0.0001402596326508521,-12.0,0.7224846428561258,12.0,-0.001035201075034242,-7.22344383223475e-05,-7.223443818208786e-05,-0.0001444548504009106,0.001251875867836497,7.22344383223475e-05
1,0.003128700000000639,-1.446285549168194,0.0001400791204129725,-12.0,0.7233528946655079,12.0,-0.001035061205047899,-7.23212815545095e-05,-7.232128141443036e-05,-0.0001446285549168194,0.001251996528166321,7.23212815545095e-05
1,0.003128900000000639,-1.448020310445171,0.0001398983869082548,-12.0,0.7242200042019317,12.0,-0.001034921507367434,-7.240801058150236e-05,-7.240801044160396e-05,-0.0001448020310445171,0.001252117018231538,7.240801058150235e-05
1,0.0031291000000006394,-1.449752785100615,0.0001397174324225259,-12.0,0.7250859700961155,12.0,-0.001034781982258912,-7.249462526636931e-05,-7.249462512665187e-05,-0.0001449752785100615,0.001252237337887444,7.24946252663693e-05
1,0.003129300000000639,-1.451482970398721,0.0001395362572418901,-12.0,0.7259507909805859,12.0,-0.001034642629988258,-7.25811254723344e-05,-7.258112533279815e-05,-0.0001451482970398721,0.001252357486989458,7.25811254723344e-05
1,0.00312950000000064,-1.453210863607282,0.0001393548616487883,-12.0,0.7268144654896627,12.0,-0.001034503450820984,-7.26675110628014e-05,-7.266751092344652e-05,-0.0001453210863607282,0.00125247746539342,7.266751106280139e-05
1,0.00312970000000064,-1.454936461997716,0.0001391732459338213,-12.0,0.727676992259491,12.0,-0.001034364445022432,-7.275378190135573e-05,-7.275378176218248e-05,-0.0001454936461997716,0.001252597272955402,7.275378190135573e-05
1,0.00312990000000064,-1.456659762845079,0.0001389914103813172,-12.0,0.7285383699280257,12.0,-0.00103422561285757,-7.283993785176444e-05,-7.283993771277303e-05,-0.0001456659762845079,0.001252716909531701,7.283993785176444e-05
1,0.0031301000000006404,-1.458380763428041,0.0001388093552781577,-12.0,0.7293985971350314,12.0,-0.00103408695459116,-7.292597877797532e-05,-7.292597863916596e-05,-0.0001458380763428041,0.001252836374978888,7.292597877797533e-05
1,0.00313030000000064,-1.460099461028903,0.0001386270809115575,-12.0,0.7302576725220896,12.0,-0.001033948470487669,-7.301190454411779e-05,-7.301190440549073e-05,-0.0001460099461028903,0.001252955669153816,7.301190454411781e-05
1,0.00313050000000064,-1.461815852933612,0.0001384445875706741,-12.0,0.7311155947326078,12.0,-0.001033810160811263,-7.309771501450371e-05,-7.309771487605913e-05,-0.0001461815852933612,0.001253074791913611,7.309771501450371e-05
1,0.0031307000000006403,-1.463529936431752,0.0001382618755416676,-12.0,0.7319723624118072,12.0,-0.001033672025825869,-7.318341005362656e-05,-7.31834099153647e-05,-0.0001463529936431752,0.001253193743115569,7.318341005362656e-05
1,0.00313090000000064,-1.465241708816547,0.0001380789451129738,-12.0,0.7328279742067324,12.0,-0.001033534065795011,-7.326898952616194e-05,-7.3268989388083e-05,-0.0001465241708816547,0.001253312522617497,7.326898952616194e-05
1,0.00313110000000064,-1.466951167384879,0.0001378957965750827,-12.0,0.7336824287662603,12.0,-0.001033396280982146,-7.335445329696851e-05,-7.335445315907273e-05,-0.000146695116738488,0.001253431130277108,7.335445329696853e-05
1,0.003131300000000641,-1.468658309437284,0.0001377124302147648,-12.0,0.7345357247410884,12.0,-0.001033258671650217,-7.343980123108736e-05,-7.343980109337494e-05,-0.0001468658309437284,0.001253549565952722,7.343980123108736e-05
1,0.003131500000000641,-1.470363132277943,0.0001375288463220103,-12.0,0.7353878607837431,12.0,-0.001033121238062068,-7.352503319374209e-05,-7.352503305621326e-05,-0.0001470363132277943,0.001253667829502689,7.35250331937421e-05
1,0.0031317000000006413,-1.472065633214716,0.0001373450451880864,-12.0,0.7362388355485903,12.0,-0.001032983980480157,-7.361014905034023e-05,-7.361014891299518e-05,-0.0001472065633214716,0.001253785920785705,7.361014905034022e-05
1,0.003131900000000641,-1.473765809559118,0.0001371610271002077,-12.0,0.7370886476918198,12.0,-0.00103284689916662,-7.369514866647193e-05,-7.369514852931093e-05,-0.0001473765809559119,0.001253903839660842,7.369514866647196e-05
1,0.003132100000000641,-1.475463658626342,0.0001369767923520837,-12.0,0.7379372958714672,12.0,-0.001032709994383443,-7.378003190791151e-05,-7.378003177093472e-05,-0.0001475463658626342,0.001254021585987197,7.378003190791152e-05
1,0.003132300000000641,-1.477159177735256,0.0001367923412314842,-12.0,0.7387847787473986,12.0,-0.001032573266392209,-7.38647986406167e-05,-7.386479850382438e-05,-0.0001477159177735256,0.001254139159624329,7.38647986406167e-05
1,0.003132500000000641,-1.478852364208396,0.0001366076740303979,-12.0,0.7396310949813204,12.0,-0.001032436715454277,-7.3949448730729e-05,-7.394944859412133e-05,-0.0001478852364208396,0.001254256560431988,7.3949448730729e-05
1,0.003132700000000641,-1.480543215371997,0.0001364227910415905,-12.0,0.7404762432367887,12.0,-0.001032300341830675,-7.403398204457472e-05,-7.403398190815193e-05,-0.0001480543215371997,0.001254373788270174,7.403398204457473e-05
1,0.003132900000000641,-1.482231728555972,0.0001362376925544417,-12.0,0.7413202221791944,12.0,-0.001032164145782152,-7.4118398448664e-05,-7.411839831242632e-05,-0.0001482231728555972,0.001254490842999237,7.4118398448664e-05
1,0.003133100000000642,-1.483917901093929,0.0001360523788638823,-12.0,0.7421630304757839,12.0,-0.001032028127569209,-7.4202697809692e-05,-7.420269767363964e-05,-0.0001483917901093929,0.001254607724479676,7.4202697809692e-05
1,0.003133300000000642,-1.485601730323176,0.0001358668502595695,-12.0,0.7430046667956459,12.0,-0.001031892287451985,-7.428687999453864e-05,-7.42868798586718e-05,-0.0001485601730323176,0.001254724432572338,7.428687999453864e-05
1,0.003133500000000642,-1.487283213584711,0.0001356811070351571,-12.0,0.7438451298097192,12.0,-0.001031756625690453,-7.437094487026839e-05,-7.43709447345873e-05,-0.0001487283213584711,0.001254840967138224,7.43709448702684e-05
1,0.003133700000000642,-1.488962348223246,0.0001354951494855205,-12.0,0.7446844181908026,12.0,-0.001031621142544112,-7.445489230413171e-05,-7.445489216863656e-05,-0.0001488962348223246,0.001254957328038764,7.445489230413171e-05
1,0.003133900000000642,-1.490639131587201,0.0001353089779017047,-12.0,0.745522530613543,12.0,-0.001031485838272284,-7.453872216356413e-05,-7.453872202825516e-05,-0.0001490639131587201,0.001255073515135555,7.453872216356413e-05
1,0.0031341000000006418,-1.492313561028702,0.0001351225925780852,-12.0,0.7463594657544441,12.0,-0.00103135071313401,-7.46224343161866e-05,-7.462243418106402e-05,-0.0001492313561028702,0.001255189528290443,7.46224343161866e-05
1,0.0031343000000006423,-1.493985633903601,0.0001349359938104255,-12.0,0.7471952222918758,12.0,-0.001031215767388002,-7.470602862980657e-05,-7.470602849487057e-05,-0.0001493985633903601,0.001255305367365595,7.470602862980655e-05
1,0.003134500000000642,-1.495655347571464,0.0001347491818904922,-12.0,0.7480297989060598,12.0,-0.001031081001292691,-7.478950497241693e-05,-7.478950483766775e-05,-0.0001495655347571465,0.001255421032223356,7.478950497241694e-05
1,0.003134700000000642,-1.49732269939559,0.0001345621571158806,-12.0,0.7488631942790902,12.0,-0.001030946415106163,-7.487286321219742e-05,-7.487286307763528e-05,-0.000149732269939559,0.001255536522726447,7.487286321219744e-05
1,0.003134900000000643,-1.498987686743002,0.000134374919779634,-12.0,0.7496954070949198,12.0,-0.001030812009086307,-7.495610321751404e-05,-7.495610308313909e-05,-0.0001498987686743002,0.001255651838737756,7.495610321751402e-05
1,0.0031351000000006428,-1.500650306984455,0.0001341874701776824,-12.0,0.7505264360393685,12.0,-0.001030677783490613,-7.503922485691908e-05,-7.503922472273162e-05,-0.0001500650306984455,0.001255766980120518,7.503922485691909e-05
1,0.0031353000000006433,-1.502310557494448,0.000133999808607288,-12.0,0.7513562798001329,12.0,-0.001030543738576334,-7.512222799915255e-05,-7.512222786515278e-05,-0.0001502310557494448,0.001255881946738147,7.512222799915256e-05
1,0.003135500000000643,-1.503968435651222,0.0001338119353624379,-12.0,0.7521849370667741,12.0,-0.001030409874600444,-7.520511251314117e-05,-7.520511237932924e-05,-0.0001503968435651222,0.001255996738454335,7.520511251314117e-05
1,0.003135700000000643,-1.505623938836755,0.0001336238507404497,-12.0,0.7530124065307268,12.0,-0.001030276191819529,-7.528787826799862e-05,-7.528787813437477e-05,-0.0001505623938836755,0.001256111355133108,7.528787826799864e-05
1,0.003135900000000643,-1.507277064436787,0.0001334355550395294,-12.0,0.7538386868853085,12.0,-0.001030142690489941,-7.537052513302688e-05,-7.537052499959135e-05,-0.0001507277064436787,0.001256225796638769,7.53705251330269e-05
1,0.003136100000000643,-1.50892780984081,0.0001332470485546633,-12.0,0.7546637768257074,12.0,-0.001030009370867765,-7.545305297771528e-05,-7.545305284446823e-05,-0.000150892780984081,0.001256340062835704,7.545305297771528e-05
1,0.003136300000000643,-1.510576172442063,0.0001330583315841682,-12.0,0.7554876750489914,12.0,-0.001029876233208701,-7.553546167174071e-05,-7.553546153868238e-05,-0.0001510576172442064,0.001256454153588757,7.553546167174073e-05
1,0.003136500000000644,-1.512222149637563,0.0001328694044265832,-12.0,0.7563103802541152,12.0,-0.001029743277768239,-7.561775108496887e-05,-7.561775095209946e-05,-0.0001512222149637563,0.001256568068762925,7.561775108496887e-05
1,0.003136700000000644,-1.51386573882809,0.0001326802673796701,-12.0,0.7571318911419174,12.0,-0.001029610504801479,-7.569992108745377e-05,-7.56999209547735e-05,-0.000151386573882809,0.001256681808223525,7.569992108745377e-05
1,0.003136900000000644,-1.515506937418194,0.0001324909207410796,-12.0,0.7579522064151175,12.0,-0.001029477914563259,-7.578197154943763e-05,-7.578197141694674e-05,-0.0001515506937418194,0.001256795371836122,7.578197154943765e-05
1,0.003137100000000644,-1.51714574281619,0.0001323013648100169,-12.0,0.7587713247783238,12.0,-0.001029345507308099,-7.586390234135137e-05,-7.586390220905002e-05,-0.000151714574281619,0.00125690875946656,7.586390234135138e-05
1,0.003137300000000644,-1.518782152434188,0.0001321115998872413,-12.0,0.759589244938041,12.0,-0.001029213283290253,-7.594571333381539e-05,-7.594571320170378e-05,-0.0001518782152434188,0.001257021970980876,7.594571333381539e-05
1,0.003137500000000644,-1.520416163688077,0.0001319216262697376,-12.0,0.7604059656026593,12.0,-0.001029081242763658,-7.602740439763896e-05,-7.602740426571733e-05,-0.0001520416163688077,0.001257135006245441,7.602740439763896e-05
1,0.003137700000000644,-1.522047773997522,0.0001317314442583761,-12.0,0.7612214854824629,12.0,-0.001028949385981914,-7.610897540382044e-05,-7.6108975272089e-05,-0.0001522047773997522,0.001257247865126848,7.610897540382045e-05
1,0.0031379000000006443,-1.523676980785995,0.0001315410541543605,-12.0,0.7620358032896394,12.0,-0.001028817713198307,-7.61904262235485e-05,-7.619042609200746e-05,-0.0001523676980785995,0.001257360547491995,7.619042622354851e-05
1,0.003138100000000644,-1.525303781480756,0.0001313504562565626,-12.0,0.7628489177382672,12.0,-0.001028686224665884,-7.627175672820106e-05,-7.627175659685062e-05,-0.0001525303781480756,0.001257473053208016,7.627175672820107e-05
1,0.003138300000000645,-1.52692817351286,0.000131159650865964,-12.0,0.7636608275443256,12.0,-0.001028554920637331,-7.635296678934596e-05,-7.635296665818632e-05,-0.0001526928173512861,0.001257585382142309,7.635296678934597e-05
1,0.003138500000000645,-1.528550154317177,0.0001309686382852115,-12.0,0.7644715314257027,12.0,-0.001028423801365044,-7.643405627874174e-05,-7.643405614777312e-05,-0.0001528550154317177,0.001257697534162494,7.643405627874175e-05
1,0.003138700000000645,-1.530169721332378,0.0001307774188138433,-12.0,0.765281028102184,12.0,-0.001028292867101085,-7.651502506833701e-05,-7.65150249375596e-05,-0.0001530169721332378,0.001257809509136565,7.651502506833702e-05
1,0.0031389000000006453,-1.53178687200094,0.0001305859927543951,-12.0,0.7660893162954615,12.0,-0.001028162118097267,-7.659587303027071e-05,-7.659587289968473e-05,-0.000153178687200094,0.001257921306932613,7.659587303027071e-05
1,0.003139100000000645,-1.533401603769164,0.0001303943604097357,-12.0,0.7668963947291403,12.0,-0.001028031554604986,-7.667660003687306e-05,-7.667659990647871e-05,-0.0001533401603769164,0.001258032927419217,7.667660003687306e-05
1,0.003139300000000645,-1.535013914087178,0.00013020252208229,-12.0,0.7677022621287377,12.0,-0.00102790117687547,-7.675720596066555e-05,-7.675720583046302e-05,-0.0001535013914087178,0.001258144370464953,7.675720596066555e-05
1,0.0031395000000006452,-1.536623800408915,0.0001300104780719291,-12.0,0.7685069172216702,12.0,-0.001027770985159479,-7.683769067435984e-05,-7.683769054434936e-05,-0.0001536623800408915,0.001258255635938885,7.683769067435984e-05
1,0.003139700000000645,-1.538231260192142,0.0001298182286856298,-12.0,0.7693103587372819,12.0,-0.001027640979707589,-7.691805405085962e-05,-7.691805392104139e-05,-0.0001538231260192142,0.0012583667237102,7.691805405085964e-05
1,0.003139900000000645,-1.539836290898475,0.0001296257742257056,-12.0,0.7701125854068337,12.0,-0.001027511160769989,-7.699829596326077e-05,-7.699829583363502e-05,-0.0001539836290898475,0.001258477633648392,7.69982959632608e-05
1,0.003140100000000646,-1.54143888999334,0.0001294331149931383,-12.0,0.770913595963491,12.0,-0.001027381528596646,-7.707841628484978e-05,-7.707841615541667e-05,-0.000154143888999334,0.001258588365623217,7.707841628484978e-05
1,0.003140300000000646,-1.543039054946013,0.0001292402512961255,-12.0,0.7717133891423533,12.0,-0.001027252083437041,-7.715841488910572e-05,-7.715841475986547e-05,-0.0001543039054946013,0.001258698919504725,7.715841488910572e-05
1,0.0031405000000006462,-1.544636783229627,0.000129047183436759,-12.0,0.7725119636804404,12.0,-0.001027122825540502,-7.723829164970036e-05,-7.723829152065318e-05,-0.0001544636783229627,0.001258809295163171,7.723829164970037e-05
1,0.003140700000000646,-1.546232072321146,0.0001288539117199061,-12.0,0.7733093183166917,12.0,-0.001026993755155983,-7.73180464404972e-05,-7.731804631164329e-05,-0.0001546232072321146,0.001258919492469104,7.731804644049718e-05
1,0.003140900000000646,-1.547824919701387,0.000128660436450545,-12.0,0.7741054517919733,12.0,-0.001026864872532104,-7.739767913555228e-05,-7.739767900689187e-05,-0.0001547824919701387,0.001259029511293308,7.739767913555228e-05
1,0.003141100000000646,-1.549415322855031,0.0001284667579352083,-12.0,0.7749003628490861,12.0,-0.001026736177917195,-7.747718960911509e-05,-7.747718948064832e-05,-0.0001549415322855032,0.001259139351506913,7.74771896091151e-05
1,0.003141300000000646,-1.551003279270618,0.0001282728764779861,-12.0,0.775694050232755,12.0,-0.001026607671559293,-7.75565777356277e-05,-7.755657760735482e-05,-0.0001551003279270618,0.001259249012981134,7.75565777356277e-05
1,0.003141500000000646,-1.552588786440542,0.0001280787923853,-12.0,0.7764865126896368,12.0,-0.001026479353706047,-7.763584338972515e-05,-7.763584326164637e-05,-0.0001552588786440542,0.001259358495587615,7.763584338972515e-05
1,0.003141700000000646,-1.554171841861075,0.0001278845059647926,-12.0,0.7772777489683297,12.0,-0.001026351224604816,-7.771498644623648e-05,-7.771498631835199e-05,-0.0001554171841861075,0.001259467799198236,7.77149864462365e-05
1,0.003141900000000647,-1.555752443032358,0.0001276900175213314,-12.0,0.7780677578193614,12.0,-0.001026223284502678,-7.7794006780184e-05,-7.779400665249399e-05,-0.0001555752443032358,0.001259576923685057,7.779400678018402e-05
1,0.003142100000000647,-1.557330587458402,0.000127495327362448,-12.0,0.7788565379951979,12.0,-0.001026095533646298,-7.787290426678355e-05,-7.787290413928823e-05,-0.0001557330587458402,0.001259685868920474,7.787290426678355e-05
1,0.003142300000000647,-1.558906272647103,0.0001273004357960072,-12.0,0.7796440882502499,12.0,-0.001025967972282202,-7.79516787814454e-05,-7.795167865414497e-05,-0.0001558906272647103,0.001259794634777059,7.79516787814454e-05
1,0.003142500000000647,-1.560479496110247,0.0001271053431300961,-12.0,0.7804304073408722,12.0,-0.001025840600656344,-7.80303301997742e-05,-7.803033007266889e-05,-0.0001560479496110247,0.001259903221127803,7.803033019977422e-05
1,0.003142700000000647,-1.562050255363493,0.0001269100496695819,-12.0,0.7812154940253512,12.0,-0.001025713419014598,-7.810885839756816e-05,-7.810885827065811e-05,-0.0001562050255363493,0.001260011627845725,7.810885839756816e-05
1,0.0031429000000006467,-1.563618547926393,0.0001267145557265481,-12.0,0.7819993470639318,12.0,-0.001025586427602254,-7.818726325082053e-05,-7.8187263124106e-05,-0.0001563618547926393,0.001260119854804384,7.818726325082053e-05
1,0.0031431000000006473,-1.565184371322414,0.0001265188616083046,-12.0,0.7827819652188079,12.0,-0.001025459626664546,-7.826554463571997e-05,-7.82655445092011e-05,-0.0001565184371322414,0.001260227901877367,7.826554463571997e-05
1,0.003143300000000647,-1.566747723078896,0.0001263229676210509,-12.0,0.7835633472541096,12.0,-0.001025333016446237,-7.834370242864883e-05,-7.834370230232588e-05,-0.0001566747723078897,0.001260335768938609,7.834370242864886e-05
1,0.003143500000000647,-1.568308600727093,0.0001261268740779808,-12.0,0.7843434919359323,12.0,-0.001025206597191797,-7.842173650618544e-05,-7.842173638005856e-05,-0.0001568308600727093,0.00126044345586232,7.842173650618544e-05
1,0.003143700000000648,-1.569867001802176,0.0001259305812867373,-12.0,0.7851223980323235,12.0,-0.001025080369145337,-7.849964674510369e-05,-7.849964661917313e-05,-0.0001569867001802176,0.001260550962522949,7.849964674510369e-05
1,0.0031439000000006477,-1.571422923843212,0.0001257340895567394,-12.0,0.7859000643132819,12.0,-0.001024954332550704,-7.85774330223725e-05,-7.857743289663843e-05,-0.0001571422923843212,0.001260658288795194,7.857743302237252e-05
1,0.0031441000000006483,-1.572976364393185,0.0001255373991985165,-12.0,0.786676489550764,12.0,-0.001024828487651355,-7.865509521515654e-05,-7.865509508961917e-05,-0.0001572976364393185,0.001260765434554029,7.865509521515654e-05
1,0.003144300000000648,-1.574527320999005,0.0001253405105233751,-12.0,0.7874516725186927,12.0,-0.00102470283469043,-7.873263320081694e-05,-7.873263307547643e-05,-0.0001574527320999005,0.001260872399674734,7.873263320081694e-05
1,0.003144500000000648,-1.576075791211502,0.0001251434238407345,-12.0,0.7882256119929464,12.0,-0.001024577373910804,-7.881004685691056e-05,-7.881004673176714e-05,-0.0001576075791211502,0.001260979184032729,7.881004685691056e-05
1,0.003144700000000648,-1.577621772585424,0.0001249461394621232,-12.0,0.7889983067513665,12.0,-0.001024452105554935,-7.888733606119045e-05,-7.88873359362443e-05,-0.0001577621772585424,0.001261085787503835,7.888733606119044e-05
1,0.003144900000000648,-1.579165262679461,0.0001247486577000689,-12.0,0.789769755573767,12.0,-0.001024327029865019,-7.89645006916067e-05,-7.896450056685806e-05,-0.0001579165262679461,0.001261192209964013,7.89645006916067e-05
1,0.003145100000000648,-1.580706259056234,0.000124550978864213,-12.0,0.7905399572419228,12.0,-0.001024202147082889,-7.904154062630588e-05,-7.90415405017549e-05,-0.0001580706259056234,0.001261298451289555,7.904154062630587e-05
1,0.003145300000000648,-1.582244759282291,0.0001243531032676382,-12.0,0.7913089105395782,12.0,-0.001024077457450062,-7.911845574363104e-05,-7.911845561927793e-05,-0.0001582244759282291,0.001261404511357006,7.911845574363106e-05
1,0.003145500000000649,-1.583780760928138,0.0001241550312238715,-12.0,0.7920766142524551,12.0,-0.001023952961207691,-7.919524592212312e-05,-7.919524579796812e-05,-0.0001583780760928139,0.001261510390043144,7.919524592212312e-05
1,0.003145700000000649,-1.58531426156822,0.0001239567630434424,-12.0,0.7928430671682425,12.0,-0.001023828658596654,-7.927191104051991e-05,-7.927191091656316e-05,-0.000158531426156822,0.001261616087224998,7.927191104051991e-05
1,0.003145900000000649,-1.586845258780923,0.0001237582990402109,-12.0,0.7936082680766046,12.0,-0.001023704549857396,-7.934845097775645e-05,-7.934845085399814e-05,-0.0001586845258780923,0.001261721602779889,7.934845097775644e-05
1,0.003146100000000649,-1.588373750148597,0.0001235596395278149,-12.0,0.7943722157691866,12.0,-0.001023580635230142,-7.94248656129659e-05,-7.942486548940623e-05,-0.0001588373750148597,0.001261826936585442,7.942486561296589e-05
1,0.003146300000000649,-1.589899733257551,0.0001233607848200036,-12.0,0.7951349090396133,12.0,-0.001023456914954757,-7.950115482547932e-05,-7.950115470211856e-05,-0.0001589899733257551,0.001261932088519394,7.950115482547932e-05
1,0.0031465000000006488,-1.591423205698049,0.0001231617352293046,-12.0,0.7958963466834855,12.0,-0.0010233333892707,-7.957731849482565e-05,-7.95773183716639e-05,-0.0001591423205698049,0.001262037058459897,7.957731849482562e-05
1,0.0031467000000006493,-1.592944165064313,0.0001229624910703553,-12.0,0.7966565274983872,12.0,-0.001023210058417157,-7.965335650073168e-05,-7.965335637776919e-05,-0.0001592944165064314,0.001262141846285245,7.965335650073169e-05
1,0.003146900000000649,-1.594462608954548,0.000122763052659236,-12.0,0.7974154502838934,12.0,-0.001023086922632976,-7.972926872312342e-05,-7.972926860036036e-05,-0.0001594462608954548,0.001262246451874088,7.972926872312342e-05
1,0.00314710000000065,-1.595978534970924,0.0001225634203089188,-12.0,0.7981731138415593,12.0,-0.001022963982156691,-7.980505504212505e-05,-7.980505491956163e-05,-0.0001595978534970924,0.001262350875105261,7.980505504212505e-05
1,0.00314730000000065,-1.597491940719581,0.0001223635943347068,-12.0,0.7989295169749285,12.0,-0.001022841237226346,-7.988071533805938e-05,-7.98807152156958e-05,-0.0001597491940719581,0.001262455115857902,7.988071533805939e-05
1,0.0031475000000006498,-1.599002823810651,0.0001221635750535688,-12.0,0.7996846584895416,12.0,-0.001022718688079877,-7.995624949144879e-05,-7.995624936928524e-05,-0.0001599002823810651,0.001262559174011357,7.995624949144881e-05
1,0.0031477000000006503,-1.600511181858244,0.0001219633627793648,-12.0,0.8004385371929249,12.0,-0.00102259633495469,-8.003165738301455e-05,-8.003165726105119e-05,-0.0001600511181858244,0.001262663049445306,8.003165738301455e-05
1,0.00314790000000065,-1.602017012480452,0.0001217629578290635,-12.0,0.8011911518945989,12.0,-0.001022474178087956,-8.010693889367699e-05,-8.010693877191404e-05,-0.0001602017012480452,0.001262766742039678,8.010693889367699e-05
1,0.00314810000000065,-1.603520313299368,0.0001215623605193006,-12.0,0.8019425014060865,12.0,-0.001022352217716474,-8.018209390455672e-05,-8.018209378299436e-05,-0.0001603520313299368,0.001262870251674555,8.018209390455672e-05
1,0.0031483000000006502,-1.605021081941073,0.0001213615711652682,-12.0,0.8026925845409,12.0,-0.001022230454076734,-8.025712229697347e-05,-8.02571221756119e-05,-0.0001605021081941073,0.001262973578230367,8.025712229697348e-05
1,0.00314850000000065,-1.60651931603565,0.0001211605900860446,-12.0,0.80344140011456,12.0,-0.001022108887404852,-8.033202395244738e-05,-8.033202383128681e-05,-0.000160651931603565,0.001263076721587764,8.03320239524474e-05
1,0.00314870000000065,-1.608015013217186,0.0001209594175969331,-12.0,0.8041889469445824,12.0,-0.001021987517936543,-8.040679875269855e-05,-8.040679863173914e-05,-0.0001608015013217186,0.001263179681627744,8.040679875269855e-05
1,0.003148900000000651,-1.609508171123763,0.0001207580540163455,-12.0,0.8049352238504865,12.0,-0.001021866345907285,-8.048144657964702e-05,-8.048144645888896e-05,-0.0001609508171123763,0.001263282458231457,8.048144657964702e-05
1,0.003149100000000651,-1.610998787397488,0.000120556499662916,-12.0,0.8056802296538037,12.0,-0.00102174537155221,-8.055596731541408e-05,-8.055596719485757e-05,-0.0001610998787397489,0.001263385051280291,8.055596731541408e-05
1,0.0031493000000006512,-1.612486859684477,0.0001203547548531692,-12.0,0.8064239631780658,12.0,-0.001021624595105977,-8.063036084232124e-05,-8.063036072196652e-05,-0.0001612486859684477,0.001263487460656076,8.063036084232127e-05
1,0.003149500000000651,-1.613972385634853,0.000120152819906072,-12.0,0.8071664232488138,12.0,-0.001021504016803051,-8.070462704289076e-05,-8.070462692273794e-05,-0.0001613972385634853,0.001263589686240643,8.070462704289077e-05
1,0.003149700000000651,-1.615455362902773,0.0001199506951421458,-12.0,0.8079076086936066,12.0,-0.00102138363687744,-8.077876579984646e-05,-8.077876567989575e-05,-0.0001615455362902773,0.001263691727916308,8.077876579984645e-05
1,0.003149900000000651,-1.616935789146414,0.0001197483808773603,-12.0,0.8086475183420064,12.0,-0.001021263455562901,-8.085277699611292e-05,-8.085277687636454e-05,-0.0001616935789146414,0.001263793585565484,8.085277699611291e-05
1,0.003150100000000651,-1.618413662027979,0.0001195458774342351,-12.0,0.8093861510255996,12.0,-0.001021143473092762,-8.092666051481654e-05,-8.092666039527066e-05,-0.0001618413662027979,0.001263895259070918,8.092666051481654e-05
1,0.0031503000000006514,-1.61988897921371,0.0001193431851300719,-12.0,0.8101235055779821,12.0,-0.001021023689700071,-8.100041623928522e-05,-8.100041611994202e-05,-0.000161988897921371,0.001263996748315607,8.10004162392852e-05
1,0.003150500000000651,-1.621361738373873,0.0001191403042856143,-12.0,0.8108595808347682,12.0,-0.001020904105617462,-8.107404405304828e-05,-8.107404393390796e-05,-0.0001621361738373874,0.001264098053182811,8.107404405304825e-05
1,0.003150700000000652,-1.622831937182788,0.0001189372352217166,-12.0,0.8115943756335988,12.0,-0.00102078472107725,-8.11475438398377e-05,-8.114754372090047e-05,-0.0001622831937182788,0.00126419917355601,8.114754383983772e-05
1,0.003150900000000652,-1.624299573318805,0.000118733978257457,-12.0,0.8123278888141285,12.0,-0.00102066553631143,-8.12209154835871e-05,-8.122091536485314e-05,-0.0001624299573318806,0.001264300109318967,8.122091548358712e-05
1,0.003151100000000652,-1.625764644464329,0.0001185305337162434,-12.0,0.8130601192180441,12.0,-0.001020546551551579,-8.12941588684328e-05,-8.129415874990227e-05,-0.0001625764644464329,0.00126440086035573,8.129415886843278e-05
1,0.0031513000000006524,-1.627227148305815,0.0001183269019167099,-12.0,0.8137910656890517,12.0,-0.001020427767029056,-8.136727387871353e-05,-8.136727376038662e-05,-0.0001627227148305815,0.001264501426550491,8.13672738787135e-05
1,0.003151500000000652,-1.628687082533766,0.0001181230831809321,-12.0,0.814520727072885,12.0,-0.001020309182974632,-8.14402603989704e-05,-8.144026028084732e-05,-0.0001628687082533766,0.001264601807787924,8.144026039897042e-05
1,0.0031517000000006517,-1.630144444842749,0.0001179190778318739,-12.0,0.8152491022173132,12.0,-0.001020190799619,-8.151311831394813e-05,-8.151311819602907e-05,-0.0001630144444842749,0.001264702003952664,8.151311831394813e-05
1,0.0031519000000006523,-1.631599232931393,0.0001177148861902788,-12.0,0.8159761899721304,12.0,-0.001020072617192308,-8.158584750859404e-05,-8.158584739087916e-05,-0.0001631599232931393,0.001264802014929844,8.158584750859401e-05
1,0.003152100000000652,-1.633051444502382,0.0001175105085783335,-12.0,0.8167019891891638,12.0,-0.001019954635924414,-8.165844786805853e-05,-8.165844775054803e-05,-0.0001633051444502382,0.001264901840604765,8.165844786805855e-05
1,0.003152300000000652,-1.634501077262483,0.000117305945320445,-12.0,0.8174264987222815,12.0,-0.001019836856044856,-8.173091927769611e-05,-8.173091916039018e-05,-0.0001634501077262483,0.001265001480862935,8.173091927769611e-05
1,0.003152500000000653,-1.635948128922527,0.000117101196737468,-12.0,0.8181497174273819,12.0,-0.001019719277782744,-8.180326162306443e-05,-8.180326150596325e-05,-0.0001635948128922527,0.00126510093559018,8.180326162306444e-05
1,0.0031527000000006527,-1.637392597197418,0.0001168962631534765,-12.0,0.818871644162402,12.0,-0.001019601901366893,-8.187547478992485e-05,-8.187547467302858e-05,-0.0001637392597197418,0.001265200204672592,8.187547478992485e-05
1,0.0031529000000006533,-1.638834479806146,0.0001166911448924335,-12.0,0.819592277787323,12.0,-0.001019484727025718,-8.194755866424306e-05,-8.194755854755191e-05,-0.0001638834479806146,0.001265299287996499,8.194755866424306e-05
1,0.003153100000000653,-1.640273774471785,0.0001164858422778581,-12.0,0.820311617164168,12.0,-0.001019367754987344,-8.201951313218899e-05,-8.201951301570316e-05,-0.0001640273774471786,0.001265398185448463,8.201951313218902e-05
1,0.003153300000000653,-1.641710478921492,0.0001162803556334913,-12.0,0.8210296611569999,12.0,-0.001019250985479461,-8.209133808013665e-05,-8.209133796385628e-05,-0.0001641710478921492,0.001265496896915297,8.209133808013665e-05
1,0.003153500000000653,-1.643144590886511,0.0001160746852835182,-12.0,0.8217464086319274,12.0,-0.001019134418729445,-8.216303339466439e-05,-8.21630332785897e-05,-0.0001643144590886511,0.001265595422284133,8.216303339466439e-05
1,0.003153700000000653,-1.644576108102186,0.0001158688315540113,-12.0,0.8224618584571122,12.0,-0.00101901805496428,-8.223459896255581e-05,-8.223459884668699e-05,-0.0001644576108102186,0.00126569376144231,8.223459896255582e-05
1,0.003153900000000653,-1.646005028307957,0.0001156627947686006,-12.0,0.8231760095027594,12.0,-0.001018901894410645,-8.230603467079908e-05,-8.230603455513628e-05,-0.0001646005028307957,0.001265791914277462,8.230603467079908e-05
1,0.003154100000000653,-1.647431349247361,0.0001154565752524706,-12.0,0.823888860641125,12.0,-0.001018785937294819,-8.237734040658724e-05,-8.237734029113068e-05,-0.0001647431349247361,0.001265889880677384,8.237734040658725e-05
1,0.003154300000000654,-1.648855068668046,0.0001152501733325817,-12.0,0.8246004107465239,12.0,-0.001018670183842746,-8.244851605731912e-05,-8.244851594206894e-05,-0.0001648855068668046,0.00126598766053021,8.244851605731913e-05
1,0.003154500000000654,-1.650276184321767,0.0001150435893333412,-12.0,0.8253106586953193,12.0,-0.001018554634279925,-8.251956151059858e-05,-8.2519561395555e-05,-0.0001650276184321767,0.001266085253724333,8.25195615105986e-05
1,0.003154700000000654,-1.651694693964381,0.0001148368235811548,-12.0,0.8260196033659306,12.0,-0.001018439288831677,-8.259047665423493e-05,-8.259047653939813e-05,-0.0001651694693964381,0.001266182660148357,8.259047665423496e-05
1,0.003154900000000654,-1.653110595355875,0.0001146298764035381,-12.0,0.8267272436388415,12.0,-0.00101832414772271,-8.266126137624378e-05,-8.266126126161393e-05,-0.0001653110595355875,0.001266279879691176,8.266126137624381e-05
1,0.003155100000000654,-1.654523886260347,0.0001144227481257865,-12.0,0.8274335783965896,12.0,-0.001018209211177651,-8.273191556484638e-05,-8.273191545042363e-05,-0.0001654523886260347,0.001266376912241907,8.273191556484638e-05
1,0.0031553000000006538,-1.655934564446013,0.0001142154390751937,-12.0,0.8281386065237736,12.0,-0.0010180944794205,-8.280243910846984e-05,-8.28024389942544e-05,-0.0001655934564446013,0.001266473757689943,8.280243910846984e-05
1,0.0031555000000006543,-1.657342627685221,0.0001140079495799418,-12.0,0.8288423269070601,12.0,-0.001017979952675038,-8.287283189574801e-05,-8.287283178174006e-05,-0.0001657342627685221,0.001266570415924956,8.287283189574801e-05
1,0.003155700000000654,-1.658748073754457,0.0001138002799673243,-12.0,0.8295447384351823,12.0,-0.001017865631164683,-8.29430938155215e-05,-8.294309370172122e-05,-0.0001658748073754457,0.001266666886836812,8.29430938155215e-05
1,0.003155900000000654,-1.660150900434319,0.0001135924305630809,-12.0,0.8302458399989286,12.0,-0.001017751515112464,-8.301322475683655e-05,-8.301322464324412e-05,-0.000166015090043432,0.001266763170315627,8.301322475683655e-05
1,0.003156100000000655,-1.661551105509552,0.000113384401698724,-12.0,0.8309456304911682,12.0,-0.001017637604741009,-8.308322460894695e-05,-8.308322449556257e-05,-0.0001661551105509552,0.001266859266251877,8.308322460894695e-05
1,0.0031563000000006548,-1.662948686769051,0.0001131761937015474,-12.0,0.8316441088068401,12.0,-0.001017523900272585,-8.315309326131384e-05,-8.315309314813766e-05,-0.0001662948686769052,0.001266955174536219,8.315309326131387e-05
1,0.0031565000000006553,-1.664343642005838,0.0001129678068978457,-12.0,0.8323412738429439,12.0,-0.001017410401929153,-8.322283060360458e-05,-8.322283049063679e-05,-0.0001664343642005838,0.001267050895059518,8.322283060360461e-05
1,0.003156700000000655,-1.665735969017084,0.0001127592416202416,-12.0,0.8330371244985646,12.0,-0.001017297109932272,-8.329243652569443e-05,-8.329243641293521e-05,-0.0001665735969017084,0.001267146427713001,8.329243652569445e-05
1,0.003156900000000655,-1.667125665604124,0.00011255049819614,-12.0,0.8337316596748612,12.0,-0.001017184024503112,-8.336191091766651e-05,-8.336191080511601e-05,-0.0001667125665604124,0.001267241772388031,8.336191091766651e-05
1,0.003157100000000655,-1.668512729572435,0.0001123415769550551,-12.0,0.8344248782750658,12.0,-0.001017071145862469,-8.343125366981109e-05,-8.343125355746949e-05,-0.0001668512729572435,0.001267336928976348,8.343125366981108e-05
1,0.003157300000000655,-1.66989715873165,0.000112132478226501,-12.0,0.8351167792044898,12.0,-0.001016958474230847,-8.350046467262631e-05,-8.350046456049386e-05,-0.0001669897158731651,0.001267431897369831,8.350046467262633e-05
1,0.003157500000000655,-1.671278950895571,0.0001119232023421013,-12.0,0.8358073613705308,12.0,-0.001016846009828265,-8.356954381681886e-05,-8.356954370489567e-05,-0.0001671278950895571,0.001267526677460676,8.356954381681887e-05
1,0.003157700000000656,-1.67265810388216,0.0001117137496308152,-12.0,0.8364966236826636,12.0,-0.001016733752874463,-8.363849099330328e-05,-8.363849088158953e-05,-0.000167265810388216,0.001267621269141359,8.363849099330328e-05
1,0.003157900000000656,-1.67403461551354,0.0001115041204237111,-12.0,0.837184565052447,12.0,-0.00101662170358878,-8.370730609320233e-05,-8.370730598169821e-05,-0.000167403461551354,0.00126771567230452,8.370730609320233e-05
1,0.003158100000000656,-1.675408483616018,0.0001112943150527457,-12.0,0.8378711843935314,12.0,-0.001016509862190124,-8.377598900784784e-05,-8.377598889655354e-05,-0.0001675408483616018,0.001267809886843191,8.377598900784787e-05
1,0.003158300000000656,-1.676779706020069,0.0001110843338475442,-12.0,0.8385564806216492,12.0,-0.001016398228897153,-8.384453962878017e-05,-8.384453951769584e-05,-0.0001676779706020069,0.001267903912650442,8.384453962878017e-05
1,0.003158500000000656,-1.678148280560341,0.0001108741771401744,-12.0,0.8392404526546223,12.0,-0.00101628680392804,-8.391295784774823e-05,-8.391295773687407e-05,-0.0001678148280560341,0.001267997749619831,8.391295784774821e-05
1,0.003158700000000656,-1.679514205075672,0.0001106638452634812,-12.0,0.8399230994123693,12.0,-0.001016175587500626,-8.398124355671059e-05,-8.398124344604675e-05,-0.0001679514205075672,0.001268091397645027,8.398124355671059e-05
1,0.003158900000000656,-1.680877477409081,0.0001104533385481998,-12.0,0.8406044198168959,12.0,-0.001016064579832429,-8.404939664783477e-05,-8.404939653738144e-05,-0.0001680877477409081,0.001268184856619961,8.404939664783478e-05
1,0.0031591000000006563,-1.682238095407771,0.0001102426573268422,-12.0,0.8412844127923023,12.0,-0.001015953781140458,-8.411741701349754e-05,-8.41174169032549e-05,-0.0001682238095407771,0.001268278126438926,8.411741701349754e-05
1,0.003159300000000656,-1.683596056923142,0.0001100318019330304,-12.0,0.8419630772647885,12.0,-0.001015843191641511,-8.418530454628555e-05,-8.418530443625376e-05,-0.0001683596056923142,0.001268371206996244,8.418530454628555e-05
1,0.003159500000000657,-1.684951359810795,0.0001098207726996092,-12.0,0.8426404121626547,12.0,-0.001015732811551887,-8.42530591389955e-05,-8.425305902917476e-05,-0.0001684951359810795,0.001268464098186775,8.425305913899552e-05
1,0.003159700000000657,-1.686304001930514,0.0001096095699574251,-12.0,0.8433164164162888,12.0,-0.001015622641087538,-8.432068068463316e-05,-8.432068057502358e-05,-0.0001686304001930514,0.00126855679990541,8.432068068463315e-05
1,0.003159900000000657,-1.687653981146291,0.0001093981940430977,-12.0,0.843991088958192,12.0,-0.001015512680464098,-8.438816907641489e-05,-8.43881689670167e-05,-0.0001687653981146291,0.001268649312047385,8.438816907641489e-05
1,0.0031601000000006573,-1.689001295326332,0.0001091866452888057,-12.0,0.8446644287229658,12.0,-0.0010154029298967,-8.445552420776768e-05,-8.445552409858104e-05,-0.0001689001295326332,0.001268741634508186,8.44555242077677e-05
1,0.003160300000000657,-1.690345942343041,0.0001089749240287263,-12.0,0.8453364346473129,12.0,-0.001015293389600214,-8.452274597232844e-05,-8.452274586335349e-05,-0.0001690345942343041,0.001268833767183522,8.452274597232843e-05
1,0.003160500000000657,-1.691687920073035,0.0001087630305963705,-12.0,0.8460071056700426,12.0,-0.001015184059789051,-8.458983426394462e-05,-8.45898341551816e-05,-0.0001691687920073035,0.001268925709969421,8.458983426394463e-05
1,0.0031607000000006573,-1.693027226397151,0.0001085509653281358,-12.0,0.8466764407320773,12.0,-0.00101507494067736,-8.465678897667492e-05,-8.465678886812397e-05,-0.0001693027226397151,0.001269017462762034,8.465678897667491e-05
1,0.003160900000000657,-1.694363859200442,0.0001083387285570891,-12.0,0.8473444387764439,12.0,-0.001014966032478762,-8.472361000478869e-05,-8.472360989644999e-05,-0.0001694363859200443,0.001269109025457904,8.472361000478869e-05
1,0.003161100000000657,-1.695697816372178,0.0001081263206186289,-12.0,0.8480110987482803,12.0,-0.001014857335406572,-8.479029724276615e-05,-8.479029713463984e-05,-0.0001695697816372178,0.001269200397953724,8.479029724276617e-05
1,0.003161300000000658,-1.697029095805862,0.0001079137418500409,-12.0,0.8486764195948433,12.0,-0.001014748849673688,-8.485685058529933e-05,-8.485685047738558e-05,-0.0001697029095805862,0.00126929158014652,8.485685058529933e-05
1,0.003161500000000658,-1.698357695399224,0.0001077009925842809,-12.0,0.8493404002654985,12.0,-0.00101464057549272,-8.492326992729142e-05,-8.492326981959042e-05,-0.0001698357695399224,0.001269382571933472,8.492326992729143e-05
1,0.0031617000000006583,-1.69968361305422,0.0001074880731583017,-12.0,0.8500030397117279,12.0,-0.001014532513075747,-8.498955516385694e-05,-8.498955505636889e-05,-0.000169968361305422,0.001269473373212135,8.498955516385697e-05
1,0.003161900000000658,-1.701006846677047,0.0001072749839092779,-12.0,0.850664336887137,12.0,-0.0010144246626346,-8.505570619032279e-05,-8.505570608304782e-05,-0.0001701006846677047,0.001269563983880201,8.505570619032278e-05
1,0.003162100000000658,-1.702327394178138,0.0001070617251717199,-12.0,0.8513242907474439,12.0,-0.001014317024380651,-8.51217229022272e-05,-8.51217227951655e-05,-0.0001702327394178138,0.001269654403835682,8.512172290222722e-05
1,0.003162300000000658,-1.703645253472169,0.0001068482972848006,-12.0,0.8519829002504948,12.0,-0.001014209598524871,-8.518760519532102e-05,-8.51876050884727e-05,-0.0001703645253472169,0.001269744632976855,8.5187605195321e-05
1,0.003162500000000658,-1.704960422478061,0.0001066347005828083,-12.0,0.8526401643562519,12.0,-0.001014102385277924,-8.525335296556691e-05,-8.525335285893221e-05,-0.0001704960422478061,0.001269834671202175,8.525335296556691e-05
1,0.003162700000000658,-1.706272899118983,0.0001064209354053602,-12.0,0.8532960820268088,12.0,-0.00101399538485003,-8.531896610914035e-05,-8.531896600271941e-05,-0.0001706272899118983,0.001269924518410376,8.531896610914036e-05
1,0.003162900000000658,-1.707582681322356,0.0001062070020881878,-12.0,0.8539506522263806,12.0,-0.001013888597451038,-8.538444452242924e-05,-8.538444441622224e-05,-0.0001707582681322356,0.001270014174500428,8.538444452242924e-05
1,0.003163100000000659,-1.708889767019851,0.000105992900969798,-12.0,0.8546038739213094,12.0,-0.001013782023290388,-8.544978810203395e-05,-8.544978799604106e-05,-0.0001708889767019851,0.001270103639371661,8.544978810203397e-05
1,0.003163300000000659,-1.710194154147405,0.0001057786323891419,-12.0,0.8552557460800728,12.0,-0.001013675662577138,-8.551499674476837e-05,-8.551499663898972e-05,-0.0001710194154147405,0.001270192912923546,8.551499674476837e-05
1,0.003163500000000659,-1.711495840645214,0.0001055641966832832,-12.0,0.8559062676732739,12.0,-0.001013569515520035,-8.558007034765908e-05,-8.558007024209489e-05,-0.0001711495840645214,0.001270281995055786,8.558007034765907e-05
1,0.003163700000000659,-1.712794824457733,0.0001053495941903959,-12.0,0.8565554376736484,12.0,-0.001013463582327276,-8.564500880794578e-05,-8.564500870259619e-05,-0.0001712794824457733,0.001270370885668448,8.56450088079458e-05
1,0.003163900000000659,-1.714091103533693,0.0001051348252516515,-12.0,0.8572032550560719,12.0,-0.00101335786320686,-8.570981202308202e-05,-8.570981191794721e-05,-0.0001714091103533693,0.001270459584661709,8.570981202308202e-05
1,0.0031641000000006587,-1.715384675826092,0.0001049198902035586,-12.0,0.8578497187975506,12.0,-0.001013252358366246,-8.57744798907347e-05,-8.57744797858148e-05,-0.0001715384675826093,0.001270548091936094,8.57744798907347e-05
1,0.0031643000000006593,-1.7166755392922,0.0001047047893866226,-12.0,0.858494827877228,12.0,-0.001013147068012546,-8.583901230878414e-05,-8.583901220407934e-05,-0.0001716675539292201,0.001270636407392375,8.583901230878414e-05
1,0.003164500000000659,-1.717963691893571,0.000104489523141349,-12.0,0.8591385812763926,12.0,-0.001013041992352512,-8.590340917532514e-05,-8.59034090708356e-05,-0.0001717963691893571,0.001270724530931494,8.590340917532514e-05
1,0.003164700000000659,-1.719249131596033,0.0001042740918059115,-12.0,0.8597809779784663,12.0,-0.001012937131592465,-8.596767038866605e-05,-8.596767028439194e-05,-0.0001719249131596033,0.001270812462454821,8.596767038866605e-05
1,0.00316490000000066,-1.720531856369705,0.000104058495722037,-12.0,0.8604220169690205,12.0,-0.001012832485938378,-8.603179584732984e-05,-8.603179574327136e-05,-0.0001720531856369705,0.001270900201863753,8.603179584732985e-05
1,0.0031651000000006597,-1.72181186418899,0.0001038427352287874,-12.0,0.8610616972357656,12.0,-0.001012728055595796,-8.609578545005368e-05,-8.609578534621095e-05,-0.000172181186418899,0.001270987749060024,8.609578545005369e-05
1,0.0031653000000006603,-1.723089153032575,0.0001036268106676674,-12.0,0.8617000177685571,12.0,-0.001012623840769819,-8.615963909578896e-05,-8.615963899216215e-05,-0.0001723089153032575,0.001271075103945737,8.615963909578894e-05
1,0.00316550000000066,-1.724363720883452,0.0001034107223802927,-12.0,0.8623369775594034,12.0,-0.001012519841665296,-8.62233566837023e-05,-8.62233565802916e-05,-0.0001724363720883452,0.001271162266423043,8.622335668370231e-05
1,0.00316570000000066,-1.725635565728905,0.0001031944707060584,-12.0,0.8629725756024562,12.0,-0.001012416058486537,-8.628693811317503e-05,-8.628693800998055e-05,-0.0001725635565728905,0.001271249236394476,8.628693811317503e-05
1,0.00316590000000066,-1.726904685560512,0.0001029780559875793,-12.0,0.8636068108940178,12.0,-0.001012312491437545,-8.635038328380302e-05,-8.635038318082497e-05,-0.0001726904685560512,0.00127133601376278,8.635038328380302e-05
1,0.00316610000000066,-1.728171078374164,0.0001027614785672482,-12.0,0.8642396824325476,12.0,-0.001012209140721906,-8.641369209539804e-05,-8.641369199263656e-05,-0.0001728171078374164,0.001271422598430952,8.641369209539804e-05
1,0.00316630000000066,-1.729434742170052,0.0001025447387851264,-12.0,0.8648711892186514,12.0,-0.001012106006542737,-8.647686444798663e-05,-8.647686434544189e-05,-0.0001729434742170053,0.001271508990302234,8.647686444798663e-05
1,0.00316650000000066,-1.730695674952681,0.0001023278369858271,-12.0,0.8655013302550975,12.0,-0.001012003089102875,-8.653990024181117e-05,-8.653990013948333e-05,-0.0001730695674952681,0.001271595189280147,8.653990024181117e-05
1,0.003166700000000661,-1.731953874730864,0.0001021107735091897,-12.0,0.8661301045468035,12.0,-0.001011900388604686,-8.660279937732942e-05,-8.660279927521866e-05,-0.0001731953874730864,0.001271681195268382,8.660279937732943e-05
1,0.003166900000000661,-1.733209339517733,0.0001018935487007155,-12.0,0.8667575111008526,12.0,-0.001011797905250189,-8.666556175521519e-05,-8.666556165332167e-05,-0.0001733209339517733,0.001271767008170999,8.666556175521519e-05
1,0.003167100000000661,-1.734462067330737,0.0001016761629014651,-12.0,0.8673835489264824,12.0,-0.001011695639240917,-8.67281872763581e-05,-8.672818717468194e-05,-0.0001734462067330738,0.001271852627892145,8.672818727635809e-05
1,0.003167300000000661,-1.735712056191646,0.0001014586164550524,-12.0,0.868008217035092,12.0,-0.001011593590778112,-8.67906758418637e-05,-8.679067574040507e-05,-0.0001735712056191646,0.001271938054336397,8.67906758418637e-05
1,0.003167500000000661,-1.736959304126561,0.0001012409097062017,-12.0,0.8686315144402487,12.0,-0.001011491760062461,-8.685302735305425e-05,-8.685302725181334e-05,-0.0001736959304126561,0.001272023287408497,8.685302735305425e-05
1,0.003167700000000661,-1.738203809165906,0.0001010230429970838,-12.0,0.869253440157679,12.0,-0.001011390147294455,-8.691524171146821e-05,-8.691524161044516e-05,-0.0001738203809165906,0.001272108327013355,8.69152417114682e-05
1,0.0031679000000006613,-1.739445569344435,0.0001008050166718677,-12.0,0.8698739932052757,12.0,-0.001011288752674075,-8.697731881886037e-05,-8.697731871805537e-05,-0.0001739445569344435,0.001272193173056255,8.697731881886038e-05
1,0.003168100000000661,-1.740684582701242,0.00010058683107661,-12.0,0.8704931726031041,12.0,-0.00101118757640084,-8.703925857720275e-05,-8.703925847661593e-05,-0.0001740684582701242,0.001272277825442689,8.703925857720276e-05
1,0.003168300000000662,-1.741920847279757,0.0001003684865539256,-12.0,0.8711109773733939,12.0,-0.001011086618673968,-8.7101060888684e-05,-8.710106078831553e-05,-0.0001741920847279757,0.001272362284078343,8.7101060888684e-05
1,0.003168500000000662,-1.743154361127743,0.0001001499834490938,-12.0,0.8717274065405451,12.0,-0.001010985879692214,-8.71627256557096e-05,-8.716272555555962e-05,-0.0001743154361127743,0.001272446548869252,8.716272565570961e-05
1,0.003168700000000662,-1.744385122297319,9.993132210850408e-05,-12.0,0.8723424591311356,12.0,-0.00101088535965399,-8.722425278090271e-05,-8.722425268097139e-05,-0.0001744385122297319,0.001272530619721587,8.722425278090271e-05
1,0.0031689000000006623,-1.745613128844946,9.971250287543754e-05,-12.0,0.8729561341739115,12.0,-0.001010785058757208,-8.728564216710358e-05,-8.728564206739109e-05,-0.0001745613128844947,0.001272614496541896,8.72856421671036e-05
1,0.003169100000000662,-1.74683837883143,9.949352609617268e-05,-12.0,0.8735684306997945,12.0,-0.001010684977199486,-8.734689371736983e-05,-8.734689361787631e-05,-0.000174683837883143,0.001272698179236809,8.734689371736983e-05
1,0.003169300000000662,-1.748060870321934,9.927439211698807e-05,-12.0,0.8741793477418864,12.0,-0.001010585115177959,-8.740800733497692e-05,-8.740800723570254e-05,-0.0001748060870321934,0.001272781667713371,8.740800733497695e-05
1,0.0031695000000006622,-1.749280601385983,9.905510128449535e-05,-12.0,0.8747888843354695,12.0,-0.001010485472889386,-8.746898292341852e-05,-8.74689828243634e-05,-0.0001749280601385983,0.00127286496187877,8.74689829234185e-05
1,0.003169700000000662,-1.750497570097451,9.883565394230853e-05,-12.0,0.8753970395179952,12.0,-0.00101038605053011,-8.75298203864053e-05,-8.752982028756964e-05,-0.0001750497570097451,0.001272948061640439,8.752982038640529e-05
1,0.003169900000000662,-1.751711774534573,9.861605043992583e-05,-12.0,0.8760038123291071,12.0,-0.001010286848296058,-8.759051962786672e-05,-8.759051952925065e-05,-0.0001751711774534573,0.001273030966906188,8.759051962786672e-05
1,0.003170100000000663,-1.752923212779964,9.839629112295967e-05,-12.0,0.8766092018106295,12.0,-0.001010187866382767,-8.765108055195065e-05,-8.765108045355437e-05,-0.0001752923212779964,0.001273113677583856,8.765108055195065e-05
1,0.003170300000000663,-1.754131882920596,9.817637633791065e-05,-12.0,0.8772132070065685,12.0,-0.001010089104985346,-8.771150306302304e-05,-8.771150296484669e-05,-0.0001754131882920596,0.001273196193581752,8.771150306302306e-05
1,0.0031705000000006632,-1.755337783047807,9.795630643261166e-05,-12.0,0.8778158269631153,12.0,-0.001009990564298596,-8.777178706566827e-05,-8.777178696771195e-05,-0.0001755337783047807,0.001273278514808199,8.777178706566828e-05
1,0.003170700000000663,-1.756540911257321,9.773608175533965e-05,-12.0,0.8784170607286544,12.0,-0.001009892244516697,-8.783193246468991e-05,-8.783193236695382e-05,-0.0001756540911257321,0.001273360641172075,8.783193246468991e-05
1,0.003170900000000663,-1.757741265649236,9.751570265248422e-05,-12.0,0.8790169073537539,12.0,-0.001009794145833631,-8.789193916511013e-05,-8.789193906759445e-05,-0.0001757741265649236,0.001273442572582162,8.789193916511014e-05
1,0.003171100000000663,-1.758938844328023,9.729516947254435e-05,-12.0,0.8796153658911725,12.0,-0.001009696268442828,-8.795180707216998e-05,-8.79518069748748e-05,-0.0001758938844328023,0.00127352430894774,8.795180707217e-05
1,0.003171300000000663,-1.760133645402547,9.70744825646852e-05,-12.0,0.8802124353958656,12.0,-0.001009598612537396,-8.801153609133007e-05,-8.80115359942556e-05,-0.0001760133645402547,0.001273605850178217,8.80115360913301e-05
1,0.003171500000000663,-1.761325666986054,9.685364227596249e-05,-12.0,0.8808081149249775,12.0,-0.001009501178309974,-8.807112612827013e-05,-8.807112603141652e-05,-0.0001761325666986054,0.001273687196183357,8.807112612827016e-05
1,0.003171700000000663,-1.762514907196173,9.663264895587442e-05,-12.0,0.881402403537847,12.0,-0.001009403965952879,-8.813057708888911e-05,-8.813057699225646e-05,-0.0001762514907196173,0.001273768346872928,8.813057708888912e-05
1,0.003171900000000664,-1.763701364154936,9.641150295369716e-05,-12.0,0.8819953002960131,12.0,-0.001009306975657848,-8.818988887930594e-05,-8.818988878289447e-05,-0.0001763701364154936,0.001273849302157265,8.818988887930595e-05
1,0.003172100000000664,-1.764885035988768,9.619020461892891e-05,-12.0,0.8825868042632143,12.0,-0.001009210207616379,-8.824906140585954e-05,-8.824906130966935e-05,-0.0001764885035988768,0.001273930061946718,8.824906140585955e-05
1,0.003172300000000664,-1.766065920828485,9.596875429884744e-05,-12.0,0.8831769145053784,12.0,-0.001009113662019445,-8.830809457510794e-05,-8.830809447913919e-05,-0.0001766065920828485,0.001274010626151956,8.830809457510795e-05
1,0.003172500000000664,-1.767244016809306,9.574715234605957e-05,-12.0,0.8837656300906439,12.0,-0.0010090173390577,-8.836698829382979e-05,-8.836698819808262e-05,-0.0001767244016809307,0.001274090994683896,8.836698829382979e-05
1,0.003172700000000664,-1.768419322070867,9.552539910961944e-05,-12.0,0.8843529500893521,12.0,-0.001008921238921226,-8.842574246902424e-05,-8.842574237349884e-05,-0.0001768419322070867,0.001274171167453736,8.842574246902426e-05
1,0.0031729000000006637,-1.769591834757193,9.530349493769297e-05,-12.0,0.8849388735740379,12.0,-0.001008825361799845,-8.848435700791003e-05,-8.848435691260653e-05,-0.0001769591834757193,0.001274251144372907,8.848435700791003e-05
1,0.0031731000000006643,-1.770761553016723,9.508144018366416e-05,-12.0,0.8855233996194513,12.0,-0.001008729707882933,-8.854283181792675e-05,-8.854283172284532e-05,-0.0001770761553016723,0.001274330925352923,8.854283181792676e-05
1,0.003173300000000664,-1.771928475002322,9.485923519736428e-05,-12.0,0.8861065273025492,12.0,-0.001008634277359394,-8.86011668067352e-05,-8.860116671187597e-05,-0.0001771928475002322,0.001274410510305843,8.860116680673519e-05
1,0.003173500000000664,-1.773092598871254,9.46368803276254e-05,-12.0,0.8866882557024869,12.0,-0.001008539070417744,-8.865936188221593e-05,-8.865936178757907e-05,-0.0001773092598871254,0.001274489899143708,8.865936188221593e-05
1,0.003173700000000665,-1.774253922785206,9.441437592838664e-05,-12.0,0.8872685839006392,12.0,-0.001008444087246069,-8.871741695247107e-05,-8.87174168580567e-05,-0.0001774253922785206,0.001274569091778963,8.871741695247108e-05
1,0.0031739000000006647,-1.775412444910295,9.419172235003437e-05,-12.0,0.8878475109805901,12.0,-0.001008349328032093,-8.877533192582401e-05,-8.877533183163228e-05,-0.0001775412444910296,0.001274648088124206,8.877533192582401e-05
1,0.0031741000000006653,-1.776568163417057,9.396891994384315e-05,-12.0,0.8884250360281334,12.0,-0.001008254792963043,-8.883310671081894e-05,-8.883310661685005e-05,-0.0001776568163417057,0.001274726888092312,8.883310671081895e-05
1,0.003174300000000665,-1.777721076480448,9.374596906153165e-05,-12.0,0.8890011581312762,12.0,-0.001008160482225767,-8.889074121622147e-05,-8.889074112247548e-05,-0.0001777721076480448,0.00127480549159642,8.889074121622147e-05
1,0.003174500000000665,-1.778871182279866,9.352287005659488e-05,-12.0,0.8895758763802466,12.0,-0.001008066396006702,-8.894823535101899e-05,-8.894823525749612e-05,-0.0001778871182279866,0.001274883898549919,8.8948235351019e-05
1,0.003174700000000665,-1.780018478999137,9.329962327975228e-05,-12.0,0.8901491898674843,12.0,-0.001007972534491836,-8.900558902442047e-05,-8.900558893112084e-05,-0.0001780018478999137,0.001274962108866406,8.900558902442046e-05
1,0.003174900000000665,-1.781162964826519,9.307622908383273e-05,-12.0,0.8907210976876474,12.0,-0.001007878897866757,-8.906280214585635e-05,-8.906280205278013e-05,-0.0001781162964826519,0.001275040122459714,8.906280214585637e-05
1,0.003175100000000665,-1.782304637954715,9.285268782299738e-05,-12.0,0.8912915989376187,12.0,-0.001007785486316609,-8.911987462497958e-05,-8.911987453212689e-05,-0.0001782304637954715,0.001275117939243967,8.911987462497958e-05
1,0.003175300000000665,-1.783443496580869,9.26289998485208e-05,-12.0,0.8918606927164971,12.0,-0.001007692300026161,-8.917680637166485e-05,-8.917680627903589e-05,-0.0001783443496580869,0.00127519555913351,8.917680637166486e-05
1,0.003175500000000666,-1.784579538906563,9.240516551412004e-05,-12.0,0.8924283781256045,12.0,-0.001007599339179724,-8.9233597296009e-05,-8.923359720360388e-05,-0.0001784579538906563,0.001275272982042941,8.923359729600904e-05
1,0.003175700000000666,-1.785712763137832,9.218118517440033e-05,-12.0,0.8929946542684896,12.0,-0.001007506603961206,-8.929024730833152e-05,-8.929024721615034e-05,-0.0001785712763137832,0.001275350207887049,8.929024730833152e-05
1,0.003175900000000666,-1.786843167485166,9.19570591829677e-05,-12.0,0.8935595202509282,12.0,-0.001007414094554002,-8.934675631917452e-05,-8.934675622721747e-05,-0.0001786843167485166,0.001275427236581028,8.934675631917453e-05
1,0.003176100000000666,-1.787970750163498,9.173278789120776e-05,-12.0,0.8941229751809135,12.0,-0.001007321811141257,-8.940312423930222e-05,-8.940312414756943e-05,-0.0001787970750163498,0.001275504068040056,8.940312423930223e-05
1,0.003176300000000666,-1.789095509392215,9.150837165694536e-05,-12.0,0.8946850181686766,12.0,-0.00100722975390552,-8.945935097970198e-05,-8.945935088819362e-05,-0.0001789095509392215,0.001275580702179813,8.945935097970198e-05
1,0.0031765000000006658,-1.790217443395179,9.128381083245429e-05,-12.0,0.8952456483266762,12.0,-0.001007137923029033,-8.951543645158437e-05,-8.951543636030057e-05,-0.0001790217443395179,0.001275657138915989,8.951543645158437e-05
1,0.0031767000000006663,-1.791336550400698,9.105910577278387e-05,-12.0,0.8958048647695993,12.0,-0.001007046318693514,-8.957138056638265e-05,-8.957138047532353e-05,-0.0001791336550400698,0.001275733378164765,8.957138056638266e-05
1,0.003176900000000666,-1.792452828641548,9.083425683265034e-05,-12.0,0.8963626666143654,12.0,-0.001006954941080385,-8.962718323575327e-05,-8.962718314491903e-05,-0.0001792452828641548,0.001275809419842344,8.962718323575327e-05
1,0.003177100000000667,-1.793566276354974,9.060926436832428e-05,-12.0,0.8969190529801321,12.0,-0.001006863790370488,-8.96828443715764e-05,-8.968284428096712e-05,-0.0001793566276354974,0.001275885263865378,8.968284437157637e-05
1,0.003177300000000667,-1.794676891782693,9.038412873352275e-05,-12.0,0.8974740229882879,12.0,-0.001006772866744388,-8.973836388595543e-05,-8.973836379557132e-05,-0.0001794676891782693,0.001275960910150475,8.973836388595544e-05
1,0.0031775000000006668,-1.795784673170886,9.015885028440529e-05,-12.0,0.898027575762458,12.0,-0.001006682170382051,-8.979374169121737e-05,-8.979374160105852e-05,-0.0001795784673170886,0.00127603635861484,8.979374169121735e-05
1,0.0031777000000006673,-1.796889618770218,8.993342937779758e-05,-12.0,0.89857971042851,12.0,-0.001006591701463222,-8.984897769991324e-05,-8.98489776099798e-05,-0.0001796889618770218,0.001276111609175623,8.984897769991323e-05
1,0.003177900000000667,-1.797991726835832,8.970786636797179e-05,-12.0,0.8991304261145463,12.0,-0.001006501460167022,-8.990407182481785e-05,-8.990407173510998e-05,-0.0001797991726835832,0.001276186661750417,8.990407182481783e-05
1,0.003178100000000667,-1.799090995627341,8.948216161197564e-05,-12.0,0.8996797219509103,12.0,-0.001006411446672267,-8.995902397892981e-05,-8.995902388944767e-05,-0.0001799090995627341,0.001276261516256927,8.995902397892984e-05
1,0.0031783000000006672,-1.800187423408855,8.925631546730095e-05,-12.0,0.9002275970701917,12.0,-0.001006321661157328,-9.001383407547243e-05,-9.001383398621611e-05,-0.0001800187423408855,0.001276336172613149,9.001383407547245e-05
1,0.003178500000000667,-1.801281008448964,8.9030328288775e-05,-12.0,0.9007740506072182,12.0,-0.001006232103800062,-9.006850202789294e-05,-9.006850193886263e-05,-0.0001801281008448964,0.001276410630737329,9.006850202789294e-05
1,0.003178700000000667,-1.802371749020746,8.880420043499981e-05,-12.0,0.9013190816990678,12.0,-0.001006142774778021,-9.012302774986328e-05,-9.012302766105908e-05,-0.0001802371749020747,0.001276484890547963,9.012302774986328e-05
1,0.003178900000000668,-1.803459643401777,8.85779322619129e-05,-12.0,0.9018626894850607,12.0,-0.001006053674268176,-9.017741115527987e-05,-9.017741106670193e-05,-0.0001803459643401777,0.00127655895196381,9.017741115527988e-05
1,0.003179100000000668,-1.804544689874116,8.835152412733915e-05,-12.0,0.9024048731067642,12.0,-0.001005964802447232,-9.023165215826368e-05,-9.023165206991216e-05,-0.0001804544689874116,0.001276632814903769,9.02316521582637e-05
1,0.0031793000000006682,-1.805626886724332,8.81249763894365e-05,-12.0,0.9029456317079998,12.0,-0.001005876159491326,-9.028575067316102e-05,-9.028575058503605e-05,-0.0001805626886724332,0.001276706479287099,9.028575067316104e-05
1,0.003179500000000668,-1.806706232243486,8.789828940458655e-05,-12.0,0.9034849644348325,12.0,-0.001005787745576248,-9.033970661454279e-05,-9.033970652664453e-05,-0.0001806706232243486,0.001276779945033252,9.03397066145428e-05
1,0.003179700000000668,-1.807782724727144,8.767146353261257e-05,-12.0,0.9040228704355855,12.0,-0.001005699560877302,-9.039351989720528e-05,-9.039351980953384e-05,-0.0001807782724727144,0.001276853212061904,9.03935198972053e-05
1,0.003179900000000668,-1.80885636247538,8.744449913022923e-05,-12.0,0.9045593488608302,12.0,-0.00100561160556939,-9.044719043617e-05,-9.044719034872551e-05,-0.000180885636247538,0.001276926280292981,9.044719043617e-05
1,0.003180100000000668,-1.809927143792768,8.721739655648264e-05,-12.0,0.9050943988633926,12.0,-0.001005523879826983,-9.050071814668359e-05,-9.050071805946621e-05,-0.0001809927143792768,0.001276999149646657,9.050071814668362e-05
1,0.0031803000000006684,-1.810995066988401,8.699015617108508e-05,-12.0,0.9056280195983585,12.0,-0.001005436383824082,-9.055410294421874e-05,-9.055410285722858e-05,-0.0001810995066988401,0.001277071820043413,9.055410294421874e-05
1,0.003180500000000668,-1.812060130375884,8.676277833119528e-05,-12.0,0.9061602102230665,12.0,-0.001005349117734242,-9.060734474447352e-05,-9.060734465771077e-05,-0.0001812060130375884,0.001277144291403839,9.060734474447354e-05
1,0.003180700000000669,-1.813122332273332,8.653526339663653e-05,-12.0,0.9066909698971135,12.0,-0.001005262081730685,-9.066044346337171e-05,-9.066044337683643e-05,-0.0001813122332273332,0.001277216563648861,9.066044346337169e-05
1,0.003180900000000669,-1.814181671003386,8.63076117276762e-05,-12.0,0.9072202977823606,12.0,-0.00100517527598605,-9.071339901706331e-05,-9.07133989307557e-05,-0.0001814181671003386,0.001277288636699653,9.07133990170633e-05
1,0.003181100000000669,-1.815238144893205,8.607982368191713e-05,-12.0,0.9077481930429235,12.0,-0.001005088700672688,-9.076621132192416e-05,-9.076621123584436e-05,-0.0001815238144893205,0.001277360510477554,9.076621132192417e-05
1,0.0031813000000006694,-1.816291752274472,8.585189962140305e-05,-12.0,0.908274654845187,12.0,-0.001005002355962376,-9.081888029455657e-05,-9.081888020870465e-05,-0.0001816291752274472,0.00127743218490424,9.081888029455657e-05
1,0.003181500000000669,-1.817342491483398,8.562383990440292e-05,-12.0,0.9087996823577942,12.0,-0.00100491624202656,-9.087140585178895e-05,-9.087140576616515e-05,-0.0001817342491483399,0.001277503659901508,9.087140585178899e-05
1,0.003181700000000669,-1.818390360860719,8.539564489151719e-05,-12.0,0.9093232747516535,12.0,-0.00100483035903616,-9.09237879106762e-05,-9.092378782528055e-05,-0.0001818390360860719,0.001277574935391559,9.092378791067621e-05
1,0.0031819000000006693,-1.819435358751709,8.516731494445651e-05,-12.0,0.9098454311999443,12.0,-0.001004744707161748,-9.097602638849999e-05,-9.097602630333267e-05,-0.0001819435358751709,0.001277646011296638,9.097602638849999e-05
1,0.003182100000000669,-1.820477483506173,8.493885042215599e-05,-12.0,0.9103661508781086,12.0,-0.001004659286573367,-9.102812120276863e-05,-9.102812111782979e-05,-0.0001820477483506174,0.001277716887539429,9.102812120276864e-05
1,0.003182300000000669,-1.821516733478452,8.47102516858822e-05,-12.0,0.9108854329638574,12.0,-0.001004574097440675,-9.108007227121714e-05,-9.108007218650688e-05,-0.0001821516733478452,0.001277787564042704,9.108007227121716e-05
1,0.00318250000000067,-1.822553107027429,8.448151909778989e-05,-12.0,0.9114032766371766,12.0,-0.001004489139932896,-9.113187951180788e-05,-9.113187942732635e-05,-0.0001822553107027429,0.001277858040729551,9.113187951180788e-05
1,0.00318270000000067,-1.823586602516531,8.425265301770235e-05,-12.0,0.9119196810803186,12.0,-0.001004404414218743,-9.11835428427301e-05,-9.118354275847744e-05,-0.0001823586602516531,0.001277928317523325,9.11835428427301e-05
1,0.0031829000000006703,-1.824617218313722,8.40236538076633e-05,-12.0,0.9124346454778092,12.0,-0.001004319920466609,-9.123506218240016e-05,-9.123506209837649e-05,-0.0001824617218313722,0.001277998394347474,9.123506218240016e-05
1,0.00318310000000067,-1.825644952791521,8.379452182971647e-05,-12.0,0.9129481690164504,12.0,-0.001004235658844305,-9.128643744946204e-05,-9.128643736566756e-05,-0.0001825644952791521,0.001278068271125907,9.128643744946206e-05
1,0.00318330000000067,-1.826669804326997,8.356525744601662e-05,-12.0,0.9134602508853201,12.0,-0.001004151629519348,-9.133766856278742e-05,-9.133766847922215e-05,-0.0001826669804326997,0.001278137947782559,9.133766856278742e-05
1,0.00318350000000067,-1.827691771301768,8.333586101794133e-05,-12.0,0.9139708902757696,12.0,-0.001004067832658634,-9.138875544147516e-05,-9.13887553581393e-05,-0.0001827691771301768,0.001278207424241784,9.138875544147518e-05
1,0.00318370000000067,-1.828710852102007,8.310633290764535e-05,-12.0,0.9144800863814283,12.0,-0.001003984268428793,-9.143969800485207e-05,-9.143969792174575e-05,-0.0001828710852102007,0.001278276700428002,9.143969800485207e-05
1,0.00318390000000067,-1.829727045118448,8.287667347872674e-05,-12.0,0.9149878383982089,12.0,-0.0010039009369959,-9.149049617247299e-05,-9.149049608959632e-05,-0.0001829727045118448,0.001278345776266065,9.149049617247301e-05
1,0.00318410000000067,-1.830740348746382,8.26468830932292e-05,-12.0,0.9154941455243,12.0,-0.001003817838525614,-9.154114986412066e-05,-9.154114978147377e-05,-0.0001830740348746382,0.001278414651680923,9.154114986412068e-05
1,0.003184300000000671,-1.831750761385663,8.241696211397365e-05,-12.0,0.9159990069601722,12.0,-0.001003734973183193,-9.159165899980583e-05,-9.159165891738886e-05,-0.0001831750761385663,0.001278483326597746,9.159165899980583e-05
1,0.003184500000000671,-1.832758281440714,8.218691090489116e-05,-12.0,0.9165024219085834,12.0,-0.001003652341133338,-9.164202349976785e-05,-9.164202341758095e-05,-0.0001832758281440714,0.001278551800942135,9.164202349976786e-05
1,0.003184700000000671,-1.833762907320523,8.195672982835855e-05,-12.0,0.9170043895745712,12.0,-0.001003569942540458,-9.169224328447427e-05,-9.169224320251755e-05,-0.0001833762907320523,0.001278620074639664,9.169224328447429e-05
1,0.003184900000000671,-1.834764637438644,8.172641924841795e-05,-12.0,0.9175049091654587,12.0,-0.001003487777568368,-9.174231827462102e-05,-9.17423181928946e-05,-0.0001834764637438644,0.001278688147616378,9.174231827462103e-05
1,0.003185100000000671,-1.835763470213212,8.149597952944454e-05,-12.0,0.9180039798908598,12.0,-0.001003405846380548,-9.179224839113302e-05,-9.179224830963706e-05,-0.0001835763470213212,0.001278756019798433,9.179224839113304e-05
1,0.0031853000000006708,-1.836759404066933,8.126541103459228e-05,-12.0,0.9185016009626725,12.0,-0.001003324149140006,-9.184203355516378e-05,-9.18420334738984e-05,-0.0001836759404066933,0.001278823691112194,9.18420335551638e-05
1,0.0031855000000006713,-1.837752437427088,8.103471412823637e-05,-12.0,0.9189977715950838,12.0,-0.001003242686009181,-9.189167368809555e-05,-9.189167360706084e-05,-0.0001837752437427089,0.001278891161484427,9.189167368809556e-05
1,0.003185700000000671,-1.838742568725544,8.080388917530712e-05,-12.0,0.9194924910045739,12.0,-0.001003161457150265,-9.194116871153986e-05,-9.194116863073595e-05,-0.0001838742568725544,0.001278958430841998,9.194116871153986e-05
1,0.003185900000000671,-1.839729796398752,8.057293654062381e-05,-12.0,0.919985758409916,12.0,-0.001003080462724792,-9.199051854733755e-05,-9.19905184667646e-05,-0.0001839729796398752,0.001279025499112102,9.199051854733755e-05
1,0.003186100000000672,-1.84071411888774,8.034185658656323e-05,-12.0,0.9204775730321682,12.0,-0.001002999702894122,-9.203972311755815e-05,-9.203972303721631e-05,-0.000184071411888774,0.001279092366221979,9.203972311755816e-05
1,0.0031863000000006718,-1.841695534638124,8.011064968138637e-05,-12.0,0.9209679340946906,12.0,-0.001002919177818848,-9.20887823445009e-05,-9.208878226439028e-05,-0.0001841695534638124,0.001279159032099395,9.208878234450093e-05
1,0.0031865000000006723,-1.842674042100124,7.98793161893574e-05,-12.0,0.9214568408231392,12.0,-0.001002838887659327,-9.213769615069498e-05,-9.21376960708157e-05,-0.0001842674042100124,0.001279225496672143,9.213769615069498e-05
1,0.003186700000000672,-1.843649639728537,7.964785647374129e-05,-12.0,0.9219442924454577,12.0,-0.001002758832575418,-9.218646445889843e-05,-9.218646437925056e-05,-0.0001843649639728538,0.001279291759868323,9.21864644588984e-05
1,0.003186900000000672,-1.844622325982759,7.941627090302106e-05,-12.0,0.9224302881918965,12.0,-0.001002679012726479,-9.223508719209937e-05,-9.223508711268309e-05,-0.0001844622325982759,0.00127935782161627,9.223508719209935e-05
1,0.003187100000000672,-1.845592099326789,7.918455984190498e-05,-12.0,0.9229148272950032,12.0,-0.001002599428271439,-9.228356427351613e-05,-9.228356419433158e-05,-0.000184559209932679,0.00127942368184461,9.228356427351613e-05
1,0.003187300000000672,-1.846558958229224,7.895272365587847e-05,-12.0,0.923397908989623,12.0,-0.001002520079368865,-9.233189562659671e-05,-9.233189554764401e-05,-0.0001846558958229224,0.001279489340482082,9.233189562659672e-05
1,0.003187500000000672,-1.847522901163255,7.872076271153716e-05,-12.0,0.9238795325129028,12.0,-0.001002440966176688,-9.238008117501912e-05,-9.238008109629836e-05,-0.0001847522901163255,0.001279554797457796,9.238008117501913e-05
1,0.003187700000000673,-1.848483926606689,7.848867737614285e-05,-12.0,0.9243596971042959,12.0,-0.001002362088852571,-9.242812084269198e-05,-9.242812076420329e-05,-0.0001848483926606689,0.001279620052700992,9.242812084269198e-05
1,0.003187900000000673,-1.849442033041937,7.825646801495889e-05,-12.0,0.9248384020055554,12.0,-0.001002283447553626,-9.247601455375404e-05,-9.247601447549761e-05,-0.0001849442033041937,0.001279685106141196,9.247601455375405e-05
1,0.003188100000000673,-1.850397218956012,7.802413499502503e-05,-12.0,0.9253156464607398,12.0,-0.001002205042436505,-9.25237622325745e-05,-9.252376215455034e-05,-0.0001850397218956012,0.001279749957708215,9.252376223257448e-05
1,0.003188300000000673,-1.851349482840548,7.779167868471326e-05,-12.0,0.9257914297162176,12.0,-0.001002126873657458,-9.257136380375331e-05,-9.257136372596163e-05,-0.0001851349482840548,0.001279814607332064,9.25713638037533e-05
1,0.003188500000000673,-1.852298823191791,7.755909944928696e-05,-12.0,0.9262657510206607,12.0,-0.001002048941372222,-9.261881919212113e-05,-9.261881911456204e-05,-0.0001852298823191791,0.001279879054942909,9.261881919212115e-05
1,0.003188700000000673,-1.8532452385106,7.732639765722915e-05,-12.0,0.9267386096250496,12.0,-0.001001971245736172,-9.266612832273923e-05,-9.266612824541285e-05,-0.00018532452385106,0.001279943300471237,9.266612832273925e-05
1,0.003188900000000673,-1.854188727302455,7.709357367613467e-05,-12.0,0.9272100047826776,12.0,-0.001001893786904087,-9.271329112090012e-05,-9.271329104380655e-05,-0.0001854188727302455,0.001280007343847811,9.271329112090015e-05
1,0.0031891000000006733,-1.855129288077464,7.686062787437553e-05,-12.0,0.9276799357491498,12.0,-0.001001816565030442,-9.276030751212755e-05,-9.276030743526691e-05,-0.0001855129288077464,0.001280071185003534,9.276030751212754e-05
1,0.003189300000000673,-1.856066919350347,7.662756061765919e-05,-12.0,0.9281484017823758,12.0,-0.001001739580269112,-9.280717742217582e-05,-9.280717734554826e-05,-0.0001856066919350347,0.001280134823869655,9.280717742217582e-05
1,0.003189500000000674,-1.857001619640456,7.639437227680013e-05,-12.0,0.9286154021425865,12.0,-0.001001662832773614,-9.285390077703097e-05,-9.285390070063662e-05,-0.0001857001619640456,0.001280198260377508,9.285390077703098e-05
1,0.003189700000000674,-1.857933387471776,7.616106321906013e-05,-12.0,0.9290809360923273,12.0,-0.001001586322697007,-9.290047750291081e-05,-9.29004774267498e-05,-0.0001857933387471776,0.001280261494458854,9.290047750291084e-05
1,0.003189900000000674,-1.858862221372914,7.592763381192302e-05,-12.0,0.9295450028964513,12.0,-0.001001510050191806,-9.294690752626394e-05,-9.29469074503363e-05,-0.0001858862221372914,0.001280324526045512,9.294690752626394e-05
1,0.0031901000000006743,-1.859788119877112,7.569408442620329e-05,-12.0,0.930007601822136,12.0,-0.00100143401541021,-9.299319077377099e-05,-9.299319069807691e-05,-0.0001859788119877112,0.00128038735506962,9.299319077377099e-05
1,0.003190300000000674,-1.860711081522256,7.546041542927373e-05,-12.0,0.9304687321388762,12.0,-0.001001358218503792,-9.303932717234468e-05,-9.303932709688427e-05,-0.0001860711081522256,0.001280449981463594,9.303932717234469e-05
1,0.003190500000000674,-1.861631104850859,7.522662719117168e-05,-12.0,0.9309283931184827,12.0,-0.001001282659623778,-9.308531664912917e-05,-9.308531657390253e-05,-0.0001861631104850859,0.001280512405159973,9.308531664912917e-05
1,0.0031907000000006742,-1.862548188410078,7.499272008049118e-05,-12.0,0.9313865840350869,12.0,-0.001001207338920923,-9.313115913150065e-05,-9.313115905650791e-05,-0.0001862548188410078,0.001280574626091685,9.313115913150065e-05
1,0.003190900000000674,-1.863462330751713,7.475869446760264e-05,-12.0,0.9318433041651452,12.0,-0.001001132256545481,-9.317685454706777e-05,-9.317685447230905e-05,-0.0001863462330751713,0.001280636644191785,9.317685454706776e-05
1,0.003191100000000674,-1.864373530432211,7.452455072121111e-05,-12.0,0.932298552787433,12.0,-0.001001057412647235,-9.322240282367116e-05,-9.322240274914661e-05,-0.0001864373530432211,0.001280698459393562,9.322240282367118e-05
1,0.003191300000000675,-1.865281786012658,7.429028921157599e-05,-12.0,0.9327523291830494,12.0,-0.001000982807375622,-9.326780388938378e-05,-9.32678038150935e-05,-0.0001865281786012659,0.001280760071630568,9.326780388938378e-05
1,0.003191500000000675,-1.866187096058797,7.405591030928971e-05,-12.0,0.9332046326354219,12.0,-0.00100090844087948,-9.331305767251125e-05,-9.331305759845535e-05,-0.0001866187096058797,0.00128082148083658,9.331305767251126e-05
1,0.0031917000000006752,-1.86708945914102,7.382141438405654e-05,-12.0,0.9336554624303004,12.0,-0.001000834313307233,-9.335816410159163e-05,-9.335816402777022e-05,-0.000186708945914102,0.001280882686945664,9.335816410159163e-05
1,0.003191900000000675,-1.86798887383437,7.358680180613586e-05,-12.0,0.9341048178557619,12.0,-0.001000760424806901,-9.340312310539559e-05,-9.340312303180878e-05,-0.000186798887383437,0.001280943689892039,9.340312310539559e-05
1,0.003192100000000675,-1.868885338718549,7.335207294689727e-05,-12.0,0.9345526982022154,12.0,-0.001000686775525936,-9.344793461292683e-05,-9.344793453957478e-05,-0.0001868885338718549,0.00128100448961023,9.344793461292686e-05
1,0.003192300000000675,-1.869778852377917,7.311722817637811e-05,-12.0,0.9349991027623954,12.0,-0.001000613365611414,-9.34925985534219e-05,-9.349259848030467e-05,-0.0001869778852377917,0.001281065086034941,9.34925985534219e-05
1,0.003192500000000675,-1.870669413401491,7.288226786594798e-05,-12.0,0.9354440308313668,12.0,-0.001000540195209884,-9.353711485635008e-05,-9.353711478346783e-05,-0.0001870669413401491,0.001281125479101197,9.35371148563501e-05
1,0.003192700000000675,-1.871557020382953,7.264719238675443e-05,-12.0,0.9358874817065289,12.0,-0.001000467264467508,-9.358148345141421e-05,-9.358148337876702e-05,-0.0001871557020382954,0.001281185668744092,9.358148345141422e-05
1,0.003192900000000675,-1.872441671920655,7.241200211050014e-05,-12.0,0.9363294546876134,12.0,-0.001000394573529906,-9.362570426855027e-05,-9.362570419613829e-05,-0.0001872441671920655,0.001281245654899149,9.36257042685503e-05
1,0.003193100000000676,-1.873323366617608,7.217669740822164e-05,-12.0,0.9367699490766833,12.0,-0.001000322122542238,-9.366977723792752e-05,-9.366977716575081e-05,-0.0001873323366617608,0.001281305437502003,9.366977723792752e-05
1,0.003193300000000676,-1.874202103081493,7.194127865162159e-05,-12.0,0.9372089641781367,12.0,-0.001000249911649306,-9.371370228994851e-05,-9.371370221800724e-05,-0.0001874202103081493,0.001281365016488567,9.371370228994851e-05
1,0.003193500000000676,-1.875077879924668,7.170574621317982e-05,-12.0,0.9376464992987114,12.0,-0.001000177940995287,-9.375747935524982e-05,-9.375747928354408e-05,-0.0001875077879924669,0.001281424391795002,9.375747935524982e-05
1,0.003193700000000676,-1.875950695764162,7.147010046393287e-05,-12.0,0.9380825537474782,12.0,-0.001000106210723994,-9.38011083647014e-05,-9.38011082932313e-05,-0.0001875950695764162,0.001281483563357694,9.380110836470143e-05
1,0.003193900000000676,-1.876820549221674,7.123434177724874e-05,-12.0,0.9385171268358465,12.0,-0.001000034720978787,-9.384458924940692e-05,-9.384458917817258e-05,-0.0001876820549221675,0.001281542531113164,9.384458924940694e-05
1,0.0031941000000006757,-1.877687438923592,7.099847052527419e-05,-12.0,0.9389502178775687,12.0,-0.000999963471902482,-9.388792194070434e-05,-9.388792186970587e-05,-0.0001877687438923592,0.001281601294998325,9.388792194070435e-05
1,0.0031943000000006763,-1.878551363500977,7.076248708004496e-05,-12.0,0.9393818261887336,12.0,-0.000999892463637464,-9.393110637016535e-05,-9.393110629940287e-05,-0.0001878551363500977,0.001281659854950268,9.393110637016535e-05
1,0.003194500000000676,-1.87941232158957,7.052639181492903e-05,-12.0,0.9398119510877714,12.0,-0.0009998216963256895,-9.397414246959563e-05,-9.397414239906923e-05,-0.000187941232158957,0.00128171821090628,9.397414246959566e-05
1,0.003194700000000676,-1.880270311829803,7.029018510340546e-05,-12.0,0.9402405918954587,12.0,-0.0009997511701085732,-9.401703017103554e-05,-9.401703010074535e-05,-0.0001880270311829804,0.00128177636280391,9.401703017103554e-05
1,0.003194900000000677,-1.881125332866793,7.005386731739893e-05,-12.0,0.9406677479349109,12.0,-0.0009996808851270717,-9.405976940675938e-05,-9.405976933670551e-05,-0.0001881125332866793,0.001281834310581001,9.405976940675936e-05
1,0.0031951000000006767,-1.881977383350342,6.981743883138769e-05,-12.0,0.9410934185315926,12.0,-0.000999610841521767,-9.410236010927611e-05,-9.410236003945868e-05,-0.0001881977383350342,0.00128189205417549,9.410236010927613e-05
1,0.0031953000000006773,-1.88282646193495,6.958090001785155e-05,-12.0,0.9415176030133104,12.0,-0.0009995410394326582,-9.414480221132926e-05,-9.414480214174837e-05,-0.000188282646193495,0.001281949593525677,9.414480221132926e-05
1,0.003195500000000677,-1.883672567279799,6.934425125071364e-05,-12.0,0.9419403007102183,12.0,-0.0009994714789993558,-9.418709564589673e-05,-9.41870955765525e-05,-0.0001883672567279799,0.001282006928570015,9.418709564589676e-05
1,0.003195700000000677,-1.884515698048777,6.91074929051183e-05,-12.0,0.9423615109548211,12.0,-0.0009994021603609432,-9.422924034619159e-05,-9.42292402770841e-05,-0.0001884515698048777,0.001282064059247232,9.42292403461916e-05
1,0.003195900000000677,-1.885355852910465,6.887062535343436e-05,-12.0,0.9427812330819691,12.0,-0.0009993330836560593,-9.427123624566156e-05,-9.427123617679094e-05,-0.0001885355852910465,0.001282120985496266,9.427123624566158e-05
1,0.003196100000000677,-1.886193030538142,6.863364897036206e-05,-12.0,0.9431994664288628,12.0,-0.0009992642490228576,-9.431308327798923e-05,-9.43130832093556e-05,-0.0001886193030538142,0.001282177707256305,9.431308327798924e-05
1,0.003196300000000677,-1.887027229609788,6.839656413137885e-05,-12.0,0.9436162103350567,12.0,-0.0009991956565990334,-9.435478137709253e-05,-9.435478130869599e-05,-0.0001887027229609788,0.001282234224466841,9.435478137709254e-05
1,0.003196500000000677,-1.887858448808091,6.815937120918658e-05,-12.0,0.9440314641424532,12.0,-0.0009991273065217965,-9.43963304771244e-05,-9.439633040896502e-05,-0.0001887858448808091,0.001282290537067451,9.439633047712441e-05
1,0.003196700000000678,-1.888686686820442,6.792207058048394e-05,-12.0,0.9444452271953122,12.0,-0.0009990591989279124,-9.443773051247316e-05,-9.443773044455111e-05,-0.0001888686686820442,0.001282346644998031,9.443773051247318e-05
1,0.003196900000000678,-1.88951194233894,6.768466261819484e-05,-12.0,0.9448574988402441,12.0,-0.0009989913339536194,-9.447898141776258e-05,-9.447898135007793e-05,-0.0001889511942338941,0.001282402548198752,9.44789814177626e-05
1,0.003197100000000678,-1.890334214060391,6.744714769846283e-05,-12.0,0.9452682784262144,12.0,-0.0009989237117347671,-9.45200831278516e-05,-9.452008306040446e-05,-0.0001890334214060391,0.001282458246609899,9.45200831278516e-05
1,0.003197300000000678,-1.891153500686316,6.720952619698739e-05,-12.0,0.9456775653045487,12.0,-0.000998856332406678,-9.456103557783517e-05,-9.456103551062565e-05,-0.0001891153500686316,0.001282513740172062,9.456103557783518e-05
1,0.003197500000000678,-1.89196980092295,6.697179848780266e-05,-12.0,0.9460853588289246,12.0,-0.0009987891961041606,-9.460183870304367e-05,-9.46018386360719e-05,-0.000189196980092295,0.001282569028826105,9.460183870304369e-05
1,0.0031977000000006778,-1.892783113481242,6.67339649480514e-05,-12.0,0.9464916583553828,12.0,-0.0009987223029616077,-9.464249243904349e-05,-9.464249237230952e-05,-0.0001892783113481242,0.001282624112513106,9.464249243904349e-05
1,0.0031979000000006783,-1.893593437076863,6.64960259521008e-05,-12.0,0.9468964632423199,12.0,-0.000998655653112926,-9.468299672163678e-05,-9.468299665514075e-05,-0.0001893593437076863,0.001282678991174263,9.468299672163678e-05
1,0.003198100000000678,-1.894400770430195,6.625798187653853e-05,-12.0,0.9472997728504924,12.0,-0.0009985892466915502,-9.472335148686158e-05,-9.47233514206036e-05,-0.0001894400770430195,0.001282733664751137,9.472335148686158e-05
1,0.003198300000000679,-1.895205112266354,6.601983309773019e-05,-12.0,0.9477015865430217,12.0,-0.0009985230838304715,-9.476355667099242e-05,-9.476355660497259e-05,-0.0001895205112266354,0.00128278813318547,9.47635566709924e-05
1,0.003198500000000679,-1.896006461315171,6.578157999126422e-05,-12.0,0.948101903685388,12.0,-0.0009984571646620977,-9.480361221053968e-05,-9.480361214475811e-05,-0.0001896006461315171,0.001282842396419265,9.480361221053969e-05
1,0.0031987000000006788,-1.896804816311204,6.55432229338393e-05,-12.0,0.9485007236454349,12.0,-0.0009983914893184481,-9.484351804225009e-05,-9.484351797670687e-05,-0.0001896804816311204,0.00128289645439475,9.484351804225012e-05
1,0.0031989000000006793,-1.897600175993744,6.530476230259818e-05,-12.0,0.9488980457933733,12.0,-0.0009983260579310427,-9.488327410310707e-05,-9.48832740378023e-05,-0.0001897600175993743,0.001282950307054359,9.488327410310708e-05
1,0.003199100000000679,-1.898392539106809,6.506619847312933e-05,-12.0,0.9492938695017763,12.0,-0.0009982608706310125,-9.492288033033034e-05,-9.492288026526413e-05,-0.000189839253910681,0.001283003954340681,9.492288033033032e-05
1,0.003199300000000679,-1.899181904399147,6.482753182290857e-05,-12.0,0.949688194145583,12.0,-0.0009981959275487812,-9.496233666137601e-05,-9.49623365965485e-05,-0.0001899181904399147,0.001283057396196788,9.496233666137601e-05
1,0.0031995000000006792,-1.899968270624242,6.458876272918967e-05,-12.0,0.9500810191021023,12.0,-0.000998131228814536,-9.50016430339373e-05,-9.500164296934855e-05,-0.0001899968270624242,0.001283110632565712,9.500164303393732e-05
1,0.003199700000000679,-1.900751636540317,6.434989156967053e-05,-12.0,0.9504723437510119,12.0,-0.000998066774557868,-9.504079938594422e-05,-9.504079932159436e-05,-0.0001900751636540317,0.001283163663390874,9.504079938594422e-05
1,0.003199900000000679,-1.901532000910327,6.411091871971752e-05,-12.0,0.9508621674743525,12.0,-0.000998002564907896,-9.507980565556329e-05,-9.507980559145235e-05,-0.0001901532000910328,0.001283216488615874,9.507980565556327e-05
1,0.00320010000000068,-1.902309362501968,6.387184455947104e-05,-12.0,0.9512504896565415,12.0,-0.0009979385999933088,-9.511866178119818e-05,-9.511866171732635e-05,-0.0001902309362501968,0.001283269108184548,9.511866178119821e-05
1,0.00320030000000068,-1.903083720087683,6.363266946529667e-05,-12.0,0.9516373096843661,12.0,-0.0009978748799422399,-9.515736770149009e-05,-9.515736763785741e-05,-0.0001903083720087683,0.00128332152204097,9.515736770149009e-05
1,0.0032005000000006802,-1.903855072444654,6.339339381522535e-05,-12.0,0.9520226269469837,12.0,-0.0009978114048824205,-9.519592335531686e-05,-9.519592329192347e-05,-0.0001903855072444654,0.00128337373012942,9.519592335531685e-05
1,0.00320070000000068,-1.904623418354808,6.315401798695497e-05,-12.0,0.9524064408359246,12.0,-0.0009977481749410405,-9.523432868179377e-05,-9.523432861863975e-05,-0.0001904623418354808,0.001283425732394497,9.523432868179377e-05
1,0.00320090000000068,-1.905388756604824,6.291454235962668e-05,-12.0,0.9527887507450966,12.0,-0.000997685190244832,-9.52725836202737e-05,-9.527258355735919e-05,-0.0001905388756604824,0.001283477528780913,9.527258362027371e-05
1,0.00320110000000068,-1.906151085986127,6.267496731038324e-05,-12.0,0.9531695560707789,12.0,-0.0009976224509200687,-9.531068811034685e-05,-9.531068804767189e-05,-0.0001906151085986127,0.00128352911923367,9.531068811034685e-05
1,0.00320130000000068,-1.906910405294892,6.24352932186989e-05,-12.0,0.9535488562116269,12.0,-0.0009975599570925114,-9.534864209184082e-05,-9.534864202940555e-05,-0.0001906910405294892,0.00128358050369802,9.534864209184082e-05
1,0.0032015000000006804,-1.907666713332052,6.219552046338173e-05,-12.0,0.953926650568676,12.0,-0.0009974977088874626,-9.538644550482128e-05,-9.538644544262576e-05,-0.0001907666713332052,0.001283631682119396,9.538644550482126e-05
1,0.00320170000000068,-1.908420008903293,6.195564942224063e-05,-12.0,0.9543029385453364,12.0,-0.0009974357064296835,-9.54240982895914e-05,-9.542409822763576e-05,-0.0001908420008903293,0.001283682654443521,9.542409828959142e-05
1,0.003201900000000681,-1.909170290819056,6.171568047486087e-05,-12.0,0.9546777195473969,12.0,-0.0009973739498435608,-9.546160038669221e-05,-9.546160032497652e-05,-0.0001909170290819056,0.001283733420616301,9.546160038669221e-05
1,0.003202100000000681,-1.909917557894543,6.14756140003836e-05,-12.0,0.9550509929830281,12.0,-0.0009973124392528981,-9.549895173690277e-05,-9.549895167542716e-05,-0.0001909917557894543,0.001283783980583889,9.549895173690277e-05
1,0.003202300000000681,-1.91066180894972,6.123545037850509e-05,-12.0,0.9554227582627826,12.0,-0.000997251174781083,-9.553615228124042e-05,-9.553615222000495e-05,-0.0001910661808949721,0.001283834334292674,9.553615228124041e-05
1,0.0032025000000006814,-1.91140304280931,6.099518998747833e-05,-12.0,0.9557930147995879,12.0,-0.0009971901565509617,-9.557320196096004e-05,-9.557320189996486e-05,-0.000191140304280931,0.001283884481689257,9.557320196096004e-05
1,0.003202700000000681,-1.9121412583028,6.075483320822084e-05,-12.0,0.9561617620087606,12.0,-0.0009971293846849222,-9.561010071755524e-05,-9.561010065680043e-05,-0.00019121412583028,0.00128393442272054,9.561010071755524e-05
1,0.0032029000000006807,-1.912876454264453,6.05143804199848e-05,-12.0,0.9565289993080005,12.0,-0.0009970688593049226,-9.564684849275807e-05,-9.564684843224366e-05,-0.0001912876454264453,0.001283984157333481,9.564684849275805e-05
1,0.0032031000000006813,-1.913608629533289,6.027383200191139e-05,-12.0,0.9568947261173857,12.0,-0.0009970085805323242,-9.568344522853839e-05,-9.568344516826457e-05,-0.0001913608629533289,0.001284033685475514,9.568344522853838e-05
1,0.003203300000000681,-1.914337782953101,6.003318833547322e-05,-12.0,0.9572589418593858,12.0,-0.0009969485484880858,-9.571989086710504e-05,-9.571989080707185e-05,-0.0001914337782953101,0.001284083007094108,9.571989086710503e-05
1,0.003203500000000681,-1.915063913372461,5.979244980014453e-05,-12.0,0.9576216459588552,12.0,-0.0009968887632926804,-9.57561853509055e-05,-9.575618529111306e-05,-0.0001915063913372461,0.001284132122137044,9.575618535090552e-05
1,0.003203700000000682,-1.915787019644706,5.955161677617671e-05,-12.0,0.9579828378430338,12.0,-0.0009968292250660399,-9.579232862262574e-05,-9.579232856307413e-05,-0.0001915787019644707,0.001284181030552334,9.579232862262577e-05
1,0.0032039000000006817,-1.916507100627953,5.931068964404318e-05,-12.0,0.9583425169415493,12.0,-0.0009967699339276936,-9.582832062519052e-05,-9.582832056587984e-05,-0.0001916507100627953,0.001284229732288159,9.582832062519053e-05
1,0.0032041000000006823,-1.917224155185094,5.906966878510556e-05,-12.0,0.9587006826864213,12.0,-0.0009967108899965743,-9.586416130176361e-05,-9.586416124269398e-05,-0.0001917224155185094,0.001284278227293045,9.586416130176363e-05
1,0.003204300000000682,-1.917938182183804,5.882855457906011e-05,-12.0,0.9590573345120561,12.0,-0.000996652093391212,-9.589985059574768e-05,-9.589985053691913e-05,-0.0001917938182183804,0.00128432651551566,9.589985059574771e-05
1,0.003204500000000682,-1.918649180496531,5.858734740793459e-05,-12.0,0.9594124718552509,12.0,-0.0009965935442296653,-9.593538845078428e-05,-9.593538839219694e-05,-0.0001918649180496531,0.001284374596904864,9.59353884507843e-05
1,0.003204700000000682,-1.919357149000516,5.834604765253548e-05,-12.0,0.9597660941551973,12.0,-0.0009965352426294094,-9.597077481075446e-05,-9.597077475240843e-05,-0.0001919357149000516,0.001284422471409877,9.597077481075449e-05
1,0.003204900000000682,-1.920062086577779,5.810465569366929e-05,-12.0,0.9601182008534764,12.0,-0.0009964771887075174,-9.600600961977827e-05,-9.600600956167363e-05,-0.0001920062086577779,0.001284470138980032,9.600600961977828e-05
1,0.003205100000000682,-1.920763992115123,5.78631719130307e-05,-12.0,0.9604687913940628,12.0,-0.000996419382580549,-9.604109282221499e-05,-9.604109276435182e-05,-0.0001920763992115123,0.001284517599564938,9.604109282221499e-05
1,0.003205300000000682,-1.921462864504146,5.762159669275846e-05,-12.0,0.9608178652233281,12.0,-0.0009963618243645916,-9.607602436266355e-05,-9.607602430504194e-05,-0.0001921462864504146,0.00128456485311447,9.607602436266355e-05
1,0.003205500000000683,-1.922158702641233,5.737993041332601e-05,-12.0,0.961165421790036,12.0,-0.0009963045141751503,-9.611080418596227e-05,-9.611080412858234e-05,-0.0001922158702641234,0.001284611899578667,9.611080418596226e-05
1,0.003205700000000683,-1.922851505427558,5.713817345709415e-05,-12.0,0.9615114605453463,12.0,-0.000996247452127355,-9.614543223718891e-05,-9.614543218005075e-05,-0.0001922851505427558,0.001284658738907832,9.614543223718892e-05
1,0.003205900000000683,-1.923541271769089,5.689632620653473e-05,-12.0,0.9618559809428177,12.0,-0.0009961906383358504,-9.61799084616611e-05,-9.617990840476478e-05,-0.0001923541271769089,0.00128470537105245,9.617990846166111e-05
1,0.003206100000000683,-1.924228000576595,5.665438904367548e-05,-12.0,0.9621989824384071,12.0,-0.0009961340729146562,-9.621423280493635e-05,-9.621423274828194e-05,-0.0001924228000576595,0.001284751795963351,9.621423280493635e-05
1,0.003206300000000683,-1.924911690765632,5.641236234998903e-05,-12.0,0.9625404644904647,12.0,-0.000996077755977473,-9.624840521281148e-05,-9.624840515639913e-05,-0.0001924911690765632,0.001284798013591451,9.624840521281147e-05
1,0.0032065000000006828,-1.925592341256561,5.617024650850233e-05,-12.0,0.9628804265597456,12.0,-0.0009960216876373773,-9.628242563132371e-05,-9.628242557515346e-05,-0.0001925592341256561,0.00128484402388801,9.628242563132371e-05
1,0.0032067000000006833,-1.926269950974541,5.592804190202028e-05,-12.0,0.9632188681094043,12.0,-0.0009959658680070427,-9.63162940067502e-05,-9.631629395082218e-05,-0.0001926269950974541,0.001284889826804414,9.631629400675022e-05
1,0.003206900000000683,-1.926944518849536,5.568574891268163e-05,-12.0,0.9635557886049942,12.0,-0.00099591029719856,-9.635001028560816e-05,-9.635001022992243e-05,-0.0001926944518849536,0.001284935422292396,9.635001028560816e-05
1,0.003207100000000683,-1.927616043816305,5.54433679232913e-05,-12.0,0.9638911875144712,12.0,-0.0009958549753236456,-9.63835744146548e-05,-9.638357435921141e-05,-0.0001927616043816305,0.001284980810303801,9.63835744146548e-05
1,0.003207300000000684,-1.928284524814422,5.520089931787542e-05,-12.0,0.9642250643081964,12.0,-0.000995799902493405,-9.641698634088788e-05,-9.641698628568698e-05,-0.0001928284524814422,0.001285025990790806,9.641698634088786e-05
1,0.0032075000000006838,-1.928949960788263,5.495834347801765e-05,-12.0,0.964557418458932,12.0,-0.0009957450788185829,-9.645024601154539e-05,-9.645024595658705e-05,-0.0001928949960788263,0.001285070963705739,9.64502460115454e-05
1,0.0032077000000006843,-1.92961235068701,5.471570078785515e-05,-12.0,0.964888249441844,12.0,-0.0009956905044092995,-9.648335337410562e-05,-9.648335331938992e-05,-0.0001929612350687011,0.001285115729001154,9.648335337410562e-05
1,0.003207900000000684,-1.930271693464663,5.447297163096998e-05,-12.0,0.9652175567345076,12.0,-0.0009956361793752172,-9.651630837628768e-05,-9.651630832181472e-05,-0.0001930271693464663,0.001285160286629949,9.651630837628766e-05
1,0.003208100000000684,-1.930927988080027,5.423015639005602e-05,-12.0,0.9655453398169003,12.0,-0.0009955821038255958,-9.6549110966051e-05,-9.654911091182088e-05,-0.0001930927988080027,0.001285204636545079,9.654911096605103e-05
1,0.003208300000000684,-1.931581233496721,5.398725544936145e-05,-12.0,0.9658715981714071,12.0,-0.0009955282778690983,-9.658176109159577e-05,-9.658176103760852e-05,-0.0001931581233496721,0.001285248778699816,9.658176109159578e-05
1,0.003208500000000684,-1.932231428683182,5.374426919291242e-05,-12.0,0.9661963312828233,12.0,-0.000995474701613902,-9.6614258701363e-05,-9.661425864761875e-05,-0.0001932231428683182,0.001285292713047753,9.661425870136305e-05
1,0.003208700000000684,-1.932878572612662,5.350119800406894e-05,-12.0,0.9665195386383493,12.0,-0.0009954213751677543,-9.664660374403451e-05,-9.664660369053331e-05,-0.0001932878572612662,0.001285336439542553,9.664660374403453e-05
1,0.003208900000000685,-1.933522664263232,5.325804226763431e-05,-12.0,0.9668412197275982,12.0,-0.000995368298637847,-9.667879616853304e-05,-9.6678796115275e-05,-0.0001933522664263232,0.001285379958138169,9.667879616853306e-05
1,0.003209100000000685,-1.934163702617784,5.301480236696854e-05,-12.0,0.9671613740425908,12.0,-0.000995315472130956,-9.671083592402237e-05,-9.671083587100758e-05,-0.0001934163702617785,0.001285423268788694,9.671083592402239e-05
1,0.003209300000000685,-1.934801686664028,5.277147868676391e-05,-12.0,0.9674800010777589,12.0,-0.0009952628957532461,-9.674272295990721e-05,-9.674272290713573e-05,-0.0001934801686664028,0.00128546637144869,9.674272295990722e-05
1,0.003209500000000685,-1.9354366153945,5.252807161182371e-05,-12.0,0.9677971003299487,12.0,-0.0009952105696104108,-9.677445722583368e-05,-9.677445717330559e-05,-0.00019354366153945,0.001285509266072765,9.67744572258337e-05
1,0.003209700000000685,-1.936068487806561,5.228458152606308e-05,-12.0,0.9681126712984154,12.0,-0.0009951584938077546,-9.680603867168892e-05,-9.680603861940435e-05,-0.0001936068487806561,0.001285551952615732,9.680603867168893e-05
1,0.003209900000000685,-1.936697302902397,5.204100881517348e-05,-12.0,0.9684267134848311,12.0,-0.0009951066684499993,-9.683746724760161e-05,-9.683746719556062e-05,-0.0001936697302902397,0.001285594431032697,9.68374672476016e-05
1,0.003210100000000685,-1.937323059689023,5.179735386295903e-05,-12.0,0.9687392263932796,12.0,-0.0009950550936413532,-9.686874290394165e-05,-9.686874285214432e-05,-0.0001937323059689023,0.001285636701279014,9.686874290394167e-05
1,0.0032103000000006853,-1.937945757178282,5.155361705477812e-05,-12.0,0.9690502095302592,12.0,-0.0009950037694856223,-9.689986559132046e-05,-9.689986553976685e-05,-0.0001937945757178282,0.001285678763310164,9.689986559132044e-05
1,0.003210500000000685,-1.938565394386848,5.130979877676634e-05,-12.0,0.9693596624046871,12.0,-0.000994952696085974,-9.693083526059103e-05,-9.693083520928123e-05,-0.0001938565394386848,0.001285720617082028,9.693083526059103e-05
1,0.003210700000000686,-1.939181970336231,5.106589941283879e-05,-12.0,0.9696675845278939,12.0,-0.0009949018735452148,-9.696165186284813e-05,-9.696165181178221e-05,-0.0001939181970336231,0.001285762262550519,9.696165186284812e-05
1,0.003210900000000686,-1.939795484052771,5.082191934879798e-05,-12.0,0.9699739754136278,12.0,-0.0009948513019655547,-9.699231534942792e-05,-9.6992315298606e-05,-0.0001939795484052771,0.001285803699671892,9.699231534942791e-05
1,0.003211100000000686,-1.940405934567646,5.057785897055744e-05,-12.0,0.9702788345780575,12.0,-0.0009948009814487596,-9.702282567190871e-05,-9.702282562133083e-05,-0.0001940405934567646,0.001285844928402641,9.70228256719087e-05
1,0.0032113000000006863,-1.94101332091687,5.033371866325353e-05,-12.0,0.9705821615397671,12.0,-0.0009947509120960957,-9.705318278211038e-05,-9.705318273177667e-05,-0.000194101332091687,0.001285885948699397,9.705318278211039e-05
1,0.003211500000000686,-1.941617642141299,5.008949881279978e-05,-12.0,0.9708839558197634,12.0,-0.0009947010940083018,-9.708338663209507e-05,-9.70833865820056e-05,-0.0001941617642141299,0.001285926760519127,9.708338663209507e-05
1,0.003211700000000686,-1.942218897286623,4.984519980522073e-05,-12.0,0.9711842169414713,12.0,-0.0009946515272856726,-9.711343717416661e-05,-9.71134371243214e-05,-0.0001942218897286623,0.001285967363818891,9.711343717416661e-05
1,0.0032119000000006863,-1.942817085403377,4.96008220264299e-05,-12.0,0.9714829444307367,12.0,-0.000994602212027934,-9.714333436087101e-05,-9.714333431127021e-05,-0.0001942817085403378,0.001286007758556099,9.714333436087104e-05
1,0.003212100000000686,-1.943412205546943,4.935636586311798e-05,-12.0,0.9717801378158298,12.0,-0.00099455314833434,-9.717307814499669e-05,-9.717307809564029e-05,-0.0001943412205546943,0.001286047944688395,9.717307814499667e-05
1,0.003212300000000686,-1.944004256777544,4.911183170042133e-05,-12.0,0.9720757966274408,12.0,-0.0009945043363036449,-9.720266847957402e-05,-9.720266843046222e-05,-0.0001944004256777544,0.001286087922173537,9.720266847957405e-05
1,0.003212500000000687,-1.944593238160245,4.886721992569676e-05,-12.0,0.9723699203986834,12.0,-0.0009944557760341172,-9.723210531787577e-05,-9.723210526900855e-05,-0.0001944593238160245,0.001286127690969585,9.723210531787578e-05
1,0.003212700000000687,-1.945179148764968,4.862253092519087e-05,-12.0,0.9726625086650974,12.0,-0.0009944074676234982,-9.72613886134172e-05,-9.726138856479468e-05,-0.0001945179148764968,0.001286167251034823,9.726138861341722e-05
1,0.0032129000000006873,-1.945761987666477,4.83777650854833e-05,-12.0,0.9729535609646446,12.0,-0.000994359411169099,-9.729051831995592e-05,-9.729051827157813e-05,-0.0001945761987666477,0.001286206602327741,9.729051831995591e-05
1,0.003213100000000687,-1.946341753944391,4.81329227934868e-05,-12.0,0.9732430768377152,12.0,-0.0009943116067675922,-9.731949439149218e-05,-9.731949434335925e-05,-0.0001946341753944392,0.001286245744807069,9.731949439149218e-05
1,0.003213300000000687,-1.946918446683178,4.788800443566998e-05,-12.0,0.9735310558271225,12.0,-0.0009942640545152898,-9.734831678226867e-05,-9.734831673438068e-05,-0.0001946918446683178,0.00128628467843174,9.734831678226869e-05
1,0.003213500000000687,-1.94749206497216,4.764301039983376e-05,-12.0,0.97381749747811,12.0,-0.0009942167545079206,-9.737698544677102e-05,-9.7376985399128e-05,-0.000194749206497216,0.001286323403160997,9.737698544677102e-05
1,0.003213700000000687,-1.948062607905517,4.739794107244677e-05,-12.0,0.9741024013383465,12.0,-0.0009941697068407557,-9.74055003397274e-05,-9.740550029232949e-05,-0.0001948062607905517,0.001286361918954149,9.74055003397274e-05
1,0.003213900000000687,-1.948630074582281,4.715279684042173e-05,-12.0,0.9743857669579289,12.0,-0.0009941229116085387,-9.743386141610884e-05,-9.743386136895606e-05,-0.0001948630074582281,0.001286400225770909,9.743386141610885e-05
1,0.003214100000000687,-1.949194464106343,4.690757809255874e-05,-12.0,0.9746675938893861,12.0,-0.0009940763689054999,-9.746206863112935e-05,-9.746206858422175e-05,-0.0001949194464106343,0.00128643832357106,9.746206863112935e-05
1,0.003214300000000688,-1.949755775586457,4.666228521499338e-05,-12.0,0.9749478816876739,12.0,-0.000994030078825342,-9.749012194024588e-05,-9.74901218935836e-05,-0.0001949755775586457,0.001286476212314772,9.74901219402459e-05
1,0.003214500000000688,-1.950314008136232,4.641691859563757e-05,-12.0,0.9752266299101788,12.0,-0.000993984041461407,-9.751802129915832e-05,-9.75180212527414e-05,-0.0001950314008136232,0.001286513891962299,9.751802129915833e-05
1,0.003214700000000688,-1.950869160874144,4.617147862284732e-05,-12.0,0.975503838116721,12.0,-0.0009939382569063432,-9.754576666380982e-05,-9.754576661763835e-05,-0.0001950869160874144,0.001286551362474173,9.754576666380982e-05
1,0.003214900000000688,-1.95142123292353,4.592596568364637e-05,-12.0,0.9757795058695502,12.0,-0.00099389272525241,-9.757335799038665e-05,-9.75733579444607e-05,-0.000195142123292353,0.001286588623811202,9.757335799038667e-05
1,0.003215100000000688,-1.95197022341259,4.568038016616871e-05,-12.0,0.9760536327333483,12.0,-0.0009938474465913533,-9.760079523531822e-05,-9.760079518963782e-05,-0.000195197022341259,0.001286625675934294,9.760079523531822e-05
1,0.0032153000000006877,-1.952516131474396,4.543472245899238e-05,-12.0,0.9763262182752335,12.0,-0.0009938024210143503,-9.762807835527745e-05,-9.762807830984274e-05,-0.0001952516131474396,0.001286662518804799,9.762807835527745e-05
1,0.0032155000000006883,-1.953058956246881,4.518899294969625e-05,-12.0,0.976597262064755,12.0,-0.0009937576486122035,-9.765520730718051e-05,-9.76552072619915e-05,-0.0001953058956246881,0.001286699152383983,9.765520730718054e-05
1,0.003215700000000688,-1.953598696872849,4.494319202708041e-05,-12.0,0.9768667636738969,12.0,-0.0009937131294750767,-9.7682182048187e-05,-9.768218200324379e-05,-0.0001953598696872849,0.001286735576633599,9.768218204818698e-05
1,0.003215900000000688,-1.954135352499977,4.469732007916782e-05,-12.0,0.9771347226770802,12.0,-0.0009936688636926344,-9.770900253570012e-05,-9.770900249100282e-05,-0.0001954135352499977,0.001286771791515581,9.770900253570011e-05
1,0.003216100000000689,-1.954668922280813,4.44513774948696e-05,-12.0,0.9774011386511625,12.0,-0.0009936248513541662,-9.773566872736675e-05,-9.773566868291538e-05,-0.0001954668922280813,0.001286807796991946,9.773566872736677e-05
1,0.0032163000000006887,-1.955199405372774,4.420536466209768e-05,-12.0,0.9776660111754338,12.0,-0.0009935810925483651,-9.776218058107715e-05,-9.77621805368718e-05,-0.0001955199405372774,0.001286843593025069,9.776218058107718e-05
1,0.0032165000000006893,-1.955726800938154,4.395928197042931e-05,-12.0,0.9779293398316256,12.0,-0.0009935375873633412,-9.77885380549655e-05,-9.778853801100622e-05,-0.0001955726800938154,0.001286879179577566,9.778853805496551e-05
1,0.003216700000000689,-1.956251108144125,4.37131298086646e-05,-12.0,0.9781911242039066,12.0,-0.0009934943358868437,-9.78147411074098e-05,-9.781474106369668e-05,-0.0001956251108144125,0.001286914556612187,9.78147411074098e-05
1,0.003216900000000689,-1.956772326162733,4.346690856504853e-05,-12.0,0.978451363878883,12.0,-0.0009934513382060667,-9.784078969703178e-05,-9.784078965356489e-05,-0.0001956772326162733,0.001286949724091949,9.78407896970318e-05
1,0.003217100000000689,-1.9572904541709,4.32206186292694e-05,-12.0,0.9787100584456001,12.0,-0.0009934085944076493,-9.786668378269708e-05,-9.786668373947646e-05,-0.00019572904541709,0.001286984681980102,9.786668378269709e-05
1,0.003217300000000689,-1.957805491350433,4.297426039057139e-05,-12.0,0.9789672074955452,12.0,-0.0009933661045777725,-9.789242332351545e-05,-9.78924232805412e-05,-0.0001957805491350433,0.001287019430240122,9.789242332351547e-05
1,0.003217500000000689,-1.958317436888018,4.272783423786564e-05,-12.0,0.9792228106226443,12.0,-0.0009933238688020762,-9.791800827884062e-05,-9.791800823611281e-05,-0.0001958317436888018,0.001287053968835661,9.791800827884065e-05
1,0.003217700000000689,-1.95882628997522,4.248134056072939e-05,-12.0,0.9794768674232642,12.0,-0.00099328188716577,-9.794343860827034e-05,-9.794343856578903e-05,-0.000195882628997522,0.001287088297730665,9.794343860827036e-05
1,0.00321790000000069,-1.95933204980849,4.223477974907297e-05,-12.0,0.9797293774962162,12.0,-0.0009932401597534668,-9.79687142716467e-05,-9.796871422941194e-05,-0.000195933204980849,0.001287122416889261,9.796871427164672e-05
1,0.00321810000000069,-1.959834715589165,4.198815219180752e-05,-12.0,0.9799803404427516,12.0,-0.0009931986866492937,-9.799383522905597e-05,-9.799383518706783e-05,-0.0001959834715589165,0.00128715632627581,9.799383522905598e-05
1,0.00321830000000069,-1.960334286523464,4.174145827895437e-05,-12.0,0.980229755866565,12.0,-0.0009931574679368782,-9.80188014408286e-05,-9.801880139908714e-05,-0.0001960334286523464,0.001287190025854909,9.801880144082861e-05
1,0.00321850000000069,-1.960830761822498,4.14946984006459e-05,-12.0,0.9804776233737968,12.0,-0.0009931165036993622,-9.804361286753959e-05,-9.804361282604491e-05,-0.0001960830761822498,0.001287223515591435,9.804361286753962e-05
1,0.00321870000000069,-1.961324140702262,4.124787294668142e-05,-12.0,0.9807239425730296,12.0,-0.0009930757940193602,-9.806826947000829e-05,-9.806826942876041e-05,-0.0001961324140702262,0.001287256795450289,9.80682694700083e-05
1,0.00321890000000069,-1.961814422383643,4.100098230663818e-05,-12.0,0.9809687130752912,12.0,-0.0009930353389789731,-9.809277120929847e-05,-9.80927711682975e-05,-0.0001961814422383643,0.001287289865396848,9.809277120929846e-05
1,0.0032191000000006903,-1.962301606092419,4.075402687131469e-05,-12.0,0.9812119344940562,12.0,-0.0009929951386597746,-9.81171180467185e-05,-9.81171180059645e-05,-0.0001962301606092419,0.001287322725396584,9.811711804671849e-05
1,0.00321930000000069,-1.962785691059259,4.050700703084331e-05,-12.0,0.981453606445246,12.0,-0.0009929551931428665,-9.814130994382152e-05,-9.814130990331451e-05,-0.0001962785691059259,0.001287355375415175,9.814130994382152e-05
1,0.003219500000000691,-1.963266676519728,4.025992317480132e-05,-12.0,0.9816937285472251,12.0,-0.0009929155025087816,-9.816534686240503e-05,-9.816534682214512e-05,-0.0001963266676519728,0.001287387815418636,9.816534686240504e-05
1,0.003219700000000691,-1.963744561714278,4.001277569476436e-05,-12.0,0.9819323004208093,12.0,-0.000992876066837664,-9.818922876451145e-05,-9.818922872449866e-05,-0.0001963744561714278,0.001287420045372967,9.818922876451145e-05
1,0.003219900000000691,-1.96421934588827,3.976556498086481e-05,-12.0,0.9821693216892622,12.0,-0.000992836886209006,-9.821295561242812e-05,-9.821295557266256e-05,-0.000196421934588827,0.001287452065244721,9.821295561242814e-05
1,0.0032201000000006913,-1.964691028291949,3.951829142323504e-05,-12.0,0.9824047919782922,12.0,-0.0009927979607018966,-9.823652736868693e-05,-9.823652732916863e-05,-0.0001964691028291949,0.001287483875000425,9.82365273686869e-05
1,0.003220300000000691,-1.965159608180463,3.927095541345071e-05,-12.0,0.982638710916061,12.0,-0.000992759290394843,-9.825994399606476e-05,-9.825994395679383e-05,-0.0001965159608180463,0.001287515474606968,9.825994399606476e-05
1,0.003220500000000691,-1.965625084813862,3.902355734186624e-05,-12.0,0.9828710781331793,12.0,-0.0009927208753658795,-9.828320545758373e-05,-9.82832054185602e-05,-0.0001965625084813862,0.001287546864031319,9.828320545758375e-05
1,0.0032207000000006912,-1.966087457457094,3.877609759950218e-05,-12.0,0.9831018932627069,12.0,-0.0009926827156925416,-9.830631171651075e-05,-9.830631167773468e-05,-0.0001966087457457094,0.001287578043240825,9.830631171651075e-05
1,0.003220900000000691,-1.966546725380006,3.852857657737907e-05,-12.0,0.9833311559401546,12.0,-0.0009926448114517539,-9.832926273635775e-05,-9.832926269782916e-05,-0.0001966546725380006,0.001287609012202998,9.832926273635774e-05
1,0.003221100000000691,-1.967002887857352,3.828099466696155e-05,-12.0,0.9835588658034866,12.0,-0.00099260716272008,-9.835205848088194e-05,-9.835205844260096e-05,-0.0001967002887857352,0.001287639770885543,9.835205848088197e-05
1,0.003221300000000692,-1.967455944168789,3.80333522593812e-05,-12.0,0.9837850224931172,12.0,-0.0009925697695734592,-9.837469891408578e-05,-9.837469887605244e-05,-0.0001967455944168789,0.001287670319256418,9.837469891408579e-05
1,0.003221500000000692,-1.967905893598877,3.778564974554754e-05,-12.0,0.9840096256519136,12.0,-0.0009925326320874145,-9.839718400021678e-05,-9.839718396243114e-05,-0.0001967905893598877,0.001287700657283786,9.839718400021681e-05
1,0.0032217000000006922,-1.968352735437085,3.753788751759135e-05,-12.0,0.984232674925198,12.0,-0.0009924957503368165,-9.841951370376803e-05,-9.841951366623015e-05,-0.0001968352735437085,0.001287730784936048,9.841951370376803e-05
1,0.003221900000000692,-1.968796468977787,3.729006596653317e-05,-12.0,0.9844541699607444,12.0,-0.0009924591243961611,-9.844168798947778e-05,-9.844168795218772e-05,-0.0001968796468977788,0.001287760702181867,9.84416879894778e-05
1,0.003222100000000692,-1.969237093520267,3.704218548405969e-05,-12.0,0.9846741104087815,12.0,-0.0009924227543393616,-9.846370682232975e-05,-9.846370678528756e-05,-0.0001969237093520267,0.001287790408990075,9.846370682232975e-05
1,0.003222300000000692,-1.969674608368716,3.679424646207963e-05,-12.0,0.9848924959219938,12.0,-0.0009923866402398313,-9.848557016755316e-05,-9.84855701307589e-05,-0.0001969674608368716,0.001287819905329751,9.848557016755318e-05
1,0.003222500000000692,-1.970109012832241,3.654624929272376e-05,-12.0,0.985109326155522,12.0,-0.0009923507821704841,-9.850727799062295e-05,-9.850727795407668e-05,-0.0001970109012832241,0.001287849191170143,9.850727799062294e-05
1,0.003222700000000692,-1.970540306224854,3.629819436667958e-05,-12.0,0.9853246007669592,12.0,-0.0009923151802037067,-9.852883025725923e-05,-9.852883022096105e-05,-0.0001970540306224854,0.001287878266480816,9.852883025725925e-05
1,0.003222900000000692,-1.970968487865483,3.605008207729909e-05,-12.0,0.9855383194163585,12.0,-0.000992279834411386,-9.855022693342813e-05,-9.855022689737801e-05,-0.0001970968487865483,0.001287907131231447,9.855022693342813e-05
1,0.003223100000000693,-1.971393557077973,3.580191281593592e-05,-12.0,0.9857504817662296,12.0,-0.0009922447448648397,-9.857146798534134e-05,-9.857146794953944e-05,-0.0001971393557077973,0.001287935785392103,9.857146798534137e-05
1,0.003223300000000693,-1.971815513191078,3.555368697527594e-05,-12.0,0.9859610874815388,12.0,-0.0009922099116349697,-9.859255337945633e-05,-9.859255334390265e-05,-0.0001971815513191078,0.001287964228932903,9.859255337945635e-05
1,0.003223500000000693,-1.972234355538471,3.530540494700585e-05,-12.0,0.98617013622971,12.0,-0.0009921753347920809,-9.86134830824763e-05,-9.861348304717088e-05,-0.0001972234355538471,0.001287992461824275,9.86134830824763e-05
1,0.003223700000000693,-1.972650083458743,3.505706712414458e-05,-12.0,0.9863776276806281,12.0,-0.000992141014406006,-9.863425706135039e-05,-9.863425702629335e-05,-0.0001972650083458743,0.001288020484036811,9.86342570613504e-05
1,0.003223900000000693,-1.973062696295401,3.480867389848985e-05,-12.0,0.9865835615066351,12.0,-0.0009921069505460373,-9.865487528327367e-05,-9.8654875248465e-05,-0.0001973062696295401,0.001288048295541466,9.865487528327366e-05
1,0.0032241000000006927,-1.973472193396873,3.456022566272754e-05,-12.0,0.9867879373825328,12.0,-0.0009920731432809388,-9.8675337715687e-05,-9.867533768112678e-05,-0.0001973472193396873,0.001288075896309249,9.867533771568701e-05
1,0.0032243000000006933,-1.973878574116506,3.43117228098766e-05,-12.0,0.986990754985585,12.0,-0.0009920395926790726,-9.86956443262775e-05,-9.869564429196578e-05,-0.0001973878574116506,0.001288103286311446,9.869564432627752e-05
1,0.003224500000000693,-1.974281837812569,3.406316573228985e-05,-12.0,0.9871920139955144,12.0,-0.0009920062988080791,-9.87157950829782e-05,-9.871579504891506e-05,-0.0001974281837812569,0.001288130465519663,9.871579508297821e-05
1,0.003224700000000693,-1.974681983848251,3.381455482287521e-05,-12.0,0.987391714094505,12.0,-0.0009919732617352933,-9.873578995396821e-05,-9.873578992015367e-05,-0.0001974681983848251,0.001288157433905576,9.873578995396821e-05
1,0.003224900000000694,-1.975079011591667,3.356589047454062e-05,-12.0,0.9875898549672043,12.0,-0.0009919404815274119,-9.875562890767297e-05,-9.87556288741071e-05,-0.0001975079011591667,0.001288184191441208,9.875562890767298e-05
1,0.0032251000000006937,-1.975472920415855,3.3317173080194e-05,-12.0,0.9877864363007196,12.0,-0.0009919079582507012,-9.877531191276394e-05,-9.877531187944679e-05,-0.0001975472920415856,0.00128821073809865,9.877531191276394e-05
1,0.0032253000000006943,-1.975863709698779,3.306840303318737e-05,-12.0,0.9879814577846232,12.0,-0.0009918756919707616,-9.8794838938159e-05,-9.879483890509061e-05,-0.0001975863709698779,0.001288237073850437,9.8794838938159e-05
1,0.003225500000000694,-1.976251378823328,3.281958072620661e-05,-12.0,0.9881749191109491,12.0,-0.0009918436827528049,-9.88142099530223e-05,-9.881420992020273e-05,-0.0001976251378823328,0.001288263198669218,9.88142099530223e-05
1,0.003225700000000694,-1.976635927177318,3.257070655249272e-05,-12.0,0.988366819974195,12.0,-0.0009918119306615847,-9.883342492676425e-05,-9.883342489419353e-05,-0.0001976635927177318,0.001288289112527707,9.883342492676425e-05
1,0.003225900000000694,-1.977017354153495,3.232178090573079e-05,-12.0,0.9885571600713241,12.0,-0.0009917804357610777,-9.885248382904183e-05,-9.885248379672005e-05,-0.0001977017354153495,0.001288314815399164,9.885248382904185e-05
1,0.003226100000000694,-1.977395659149533,3.207280417871772e-05,-12.0,0.9887459391017624,12.0,-0.00099174919811508,-9.887138662975833e-05,-9.887138659768557e-05,-0.0001977395659149533,0.001288340307256788,9.887138662975838e-05
1,0.003226300000000694,-1.977770841568033,3.182377676591575e-05,-12.0,0.9889331567674033,12.0,-0.000991718217786569,-9.889013329906375e-05,-9.889013326723997e-05,-0.0001977770841568033,0.001288365588074172,9.889013329906375e-05
1,0.003226500000000694,-1.978142900816534,3.157469905978871e-05,-12.0,0.9891188127726038,12.0,-0.0009916874948382864,-9.890872380735438e-05,-9.890872377577972e-05,-0.0001978142900816535,0.001288390657824989,9.890872380735441e-05
1,0.003226700000000695,-1.978511836307499,3.132557145468784e-05,-12.0,0.9893029068241873,12.0,-0.0009916570293321825,-9.892715812527325e-05,-9.892715809394768e-05,-0.0001978511836307499,0.001288415516483302,9.892715812527326e-05
1,0.003226900000000695,-1.97887764745833,3.107639434429821e-05,-12.0,0.9894854386314452,12.0,-0.0009916268213299023,-9.894543622371012e-05,-9.894543619263373e-05,-0.000197887764745833,0.001288440164023213,9.89454362237101e-05
1,0.003227100000000695,-1.979240333691361,3.082716812152775e-05,-12.0,0.9896664079061344,12.0,-0.0009915968708924389,-9.896355807380129e-05,-9.896355804297414e-05,-0.0001979240333691361,0.001288464600419231,9.896355807380129e-05
1,0.003227300000000695,-1.979599894433856,3.057789318128279e-05,-12.0,0.989845814362479,12.0,-0.000991567178080341,-9.898152364692977e-05,-9.898152361635188e-05,-0.0001979599894433856,0.001288488825645945,9.898152364692978e-05
1,0.003227500000000695,-1.979956329118023,3.032856991724842e-05,-12.0,0.9900236577171729,12.0,-0.0009915377429535882,-9.899933291472556e-05,-9.899933288439703e-05,-0.0001979956329118023,0.001288512839678263,9.899933291472558e-05
1,0.0032277000000006948,-1.980309637181001,3.00791987225546e-05,-12.0,0.9901999376893762,12.0,-0.0009915085655717165,-9.901698584906536e-05,-9.901698581898618e-05,-0.0001980309637181001,0.001288536642491206,9.901698584906538e-05
1,0.0032279000000006953,-1.980659818064865,2.982977999288483e-05,-12.0,0.9903746540007196,12.0,-0.000991479645993637,-9.903448242207265e-05,-9.903448239224289e-05,-0.0001980659818064865,0.001288560234060113,9.903448242207267e-05
1,0.003228100000000695,-1.981006871216634,2.958031412125806e-05,-12.0,0.9905478063753018,12.0,-0.0009914509842779001,-9.905182260611805e-05,-9.905182257653774e-05,-0.0001981006871216634,0.001288583614360531,9.905182260611807e-05
1,0.003228300000000696,-1.981350796088259,2.933080150224754e-05,-12.0,0.990719394539691,12.0,-0.0009914225804823068,-9.906900637381888e-05,-9.90690063444881e-05,-0.000198135079608826,0.001288606783368201,9.906900637381888e-05
1,0.003228500000000696,-1.98169159213664,2.908124253009348e-05,-12.0,0.9908894182229273,12.0,-0.0009913944346643389,-9.908603369803971e-05,-9.908603366895848e-05,-0.000198169159213664,0.001288629741059102,9.908603369803973e-05
1,0.0032287000000006958,-1.982029258823609,2.883163759925811e-05,-12.0,0.9910578771565193,12.0,-0.0009913665468809507,-9.9102904551892e-05,-9.910290452306039e-05,-0.0001982029258823609,0.001288652487409364,9.910290455189201e-05
1,0.0032289000000006963,-1.982363795615942,2.858198710420368e-05,-12.0,0.991224771074447,12.0,-0.000991338917188389,-9.911961890873426e-05,-9.911961888015231e-05,-0.0001982363795615942,0.001288675022395505,9.911961890873428e-05
1,0.003229100000000696,-1.982695201985361,2.833229143961447e-05,-12.0,0.991390099713163,12.0,-0.000991311545642623,-9.913617674217232e-05,-9.913617671384005e-05,-0.0001982695201985361,0.001288697345994128,9.913617674217235e-05
1,0.003229300000000696,-1.983023477408531,2.808255099973067e-05,-12.0,0.9915538628115905,12.0,-0.0009912844322989556,-9.915257802605908e-05,-9.915257799797654e-05,-0.0001983023477408531,0.001288719458182028,9.915257802605908e-05
1,0.0032295000000006962,-1.983348621367056,2.783276617945862e-05,-12.0,0.9917160601111247,12.0,-0.0009912575772121207,-9.916882273449453e-05,-9.916882270666177e-05,-0.0001983348621367056,0.001288741358936404,9.916882273449453e-05
1,0.003229700000000696,-1.983670633347489,2.758293737359363e-05,-12.0,0.9918766913556342,12.0,-0.0009912309804365471,-9.918491084182604e-05,-9.918491081424312e-05,-0.0001983670633347489,0.001288763048234443,9.918491084182607e-05
1,0.003229900000000696,-1.983989512841329,2.733306497726407e-05,-12.0,0.992035756291461,12.0,-0.0009912046420258863,-9.920084232264836e-05,-9.920084229531532e-05,-0.0001983989512841329,0.001288784526053771,9.920084232264838e-05
1,0.003230100000000697,-1.984305259345022,2.70831493845991e-05,-12.0,0.9921932546674194,12.0,-0.0009911785620335262,-9.92166171518035e-05,-9.921661712472032e-05,-0.0001984305259345022,0.001288805792372033,9.921661715180348e-05
1,0.003230300000000697,-1.984617872359958,2.683319099094916e-05,-12.0,0.9923491862347973,12.0,-0.0009911527405120912,-9.923223530438064e-05,-9.923223527754743e-05,-0.0001984617872359958,0.001288826847167288,9.923223530438064e-05
1,0.0032305000000006972,-1.984927351392479,2.658319019144262e-05,-12.0,0.9925035507473586,12.0,-0.0009911271775138314,-9.92476967557167e-05,-9.924769672913353e-05,-0.0001984927351392479,0.001288847690417677,9.924769675571673e-05
1,0.003230700000000697,-1.985233695953873,2.633314738131887e-05,-12.0,0.9926563479613402,12.0,-0.0009911018730904553,-9.92630014813959e-05,-9.926300145506274e-05,-0.0001985233695953873,0.001288868322101649,9.926300148139589e-05
1,0.003230900000000697,-1.98553690556038,2.608306295537322e-05,-12.0,0.9928075776354539,12.0,-0.0009910768272930887,-9.927814945724986e-05,-9.92781494311668e-05,-0.000198553690556038,0.001288888742197805,9.927814945724986e-05
1,0.003231100000000697,-1.985836979733192,2.583293730873404e-05,-12.0,0.9929572395308883,12.0,-0.0009910520401724549,-9.929314065935794e-05,-9.929314063352502e-05,-0.0001985836979733192,0.00128890895068498,9.929314065935797e-05
1,0.003231300000000697,-1.986133917998446,2.558277083719585e-05,-12.0,0.9931053334113064,12.0,-0.000991027511778625,-9.930797506404691e-05,-9.930797503846414e-05,-0.0001986133917998446,0.001288928947542303,9.930797506404692e-05
1,0.0032315000000006974,-1.986427719887236,2.533256393577599e-05,-12.0,0.9932518590428474,12.0,-0.0009910032421612397,-9.932265264789116e-05,-9.93226526225586e-05,-0.0001986427719887236,0.001288948732749012,9.932265264789117e-05
1,0.003231700000000697,-1.986718384935609,2.508231700015795e-05,-12.0,0.993396816194128,12.0,-0.0009909792313693572,-9.933717338771279e-05,-9.933717336263046e-05,-0.0001986718384935609,0.001288968306284666,9.933717338771279e-05
1,0.003231900000000698,-1.987005912684565,2.483203042547011e-05,-12.0,0.9935402046362409,12.0,-0.0009909554794515357,-9.935153726058153e-05,-9.93515372357495e-05,-0.0001987005912684565,0.001288987668129016,9.935153726058155e-05
1,0.003232100000000698,-1.987290302680055,2.458170460739595e-05,-12.0,0.9936820241427556,12.0,-0.0009909319864558619,-9.936574424381483e-05,-9.936574421923314e-05,-0.0001987290302680055,0.001289006818261995,9.936574424381483e-05
1,0.003232300000000698,-1.987571554472988,2.433133994172998e-05,-12.0,0.9938222744897202,12.0,-0.0009909087524298393,-9.937979431497783e-05,-9.937979429064649e-05,-0.0001987571554472988,0.001289025756663745,9.937979431497784e-05
1,0.0032325000000006984,-1.98784966761923,2.408093682437773e-05,-12.0,0.993960955455661,12.0,-0.0009908857774204444,-9.939368745188367e-05,-9.939368742780274e-05,-0.000198784966761923,0.001289044483314766,9.939368745188367e-05
1,0.003232700000000698,-1.988124641679601,2.383049564991246e-05,-12.0,0.9940980668215803,12.0,-0.0009908630614741953,-9.940742363259305e-05,-9.940742360876253e-05,-0.0001988124641679601,0.001289062998195589,9.940742363259304e-05
1,0.003232900000000698,-1.988396476219876,2.3580016815683e-05,-12.0,0.9942336083709614,12.0,-0.000990840604636986,-9.942100283541457e-05,-9.94210028118346e-05,-0.0001988396476219876,0.001289081301287132,9.942100283541458e-05
1,0.0032331000000006983,-1.988665170810794,2.332950071637363e-05,-12.0,0.9943675798897663,12.0,-0.0009908184069542941,-9.9434425038905e-05,-9.94344250155755e-05,-0.0001988665170810794,0.001289099392570381,9.9434425038905e-05
1,0.003233300000000698,-1.988930725028045,2.307894774833397e-05,-12.0,0.9944999811664342,12.0,-0.000990796468471014,-9.944769022186859e-05,-9.944769019878965e-05,-0.0001988930725028045,0.001289117272026671,9.944769022186859e-05
1,0.003233500000000698,-1.989193138452283,2.282835830769159e-05,-12.0,0.9946308119918863,12.0,-0.0009907747892315688,-9.946079836335787e-05,-9.946079834052952e-05,-0.0001989193138452283,0.001289134939637504,9.946079836335787e-05
1,0.003233700000000699,-1.98945241066912,2.257773279035202e-05,-12.0,0.994760072159523,12.0,-0.0009907533692797427,-9.947374944267327e-05,-9.947374942009555e-05,-0.0001989452410669121,0.00128915239538463,9.947374944267327e-05
1,0.003233900000000699,-1.989708541269132,2.232707159210978e-05,-12.0,0.9948877614652247,12.0,-0.0009907322086589176,-9.948654343936326e-05,-9.948654341703618e-05,-0.0001989708541269132,0.001289169639249937,9.948654343936327e-05
1,0.0032341000000006993,-1.989961529847848,2.207637510953653e-05,-12.0,0.9950138797073521,12.0,-0.0009907113074118928,-9.949918033322426e-05,-9.94991803111479e-05,-0.0001989961529847848,0.001289186671215692,9.949918033322427e-05
1,0.003234300000000699,-1.990211376005767,2.182564373875984e-05,-12.0,0.9951384266867481,12.0,-0.0009906906655809677,-9.951166010430094e-05,-9.951166008247531e-05,-0.0001990211376005768,0.001289203491264171,9.951166010430094e-05
1,0.003234500000000699,-1.990458079348346,2.157487787579626e-05,-12.0,0.9952614022067354,12.0,-0.0009906702832079284,-9.952398273288596e-05,-9.952398271131108e-05,-0.0001990458079348346,0.001289220099378097,9.952398273288597e-05
1,0.003234700000000699,-1.990701639486005,2.132407791721747e-05,-12.0,0.9953828060731189,12.0,-0.0009906501603340334,-9.953614819952015e-05,-9.95361481781961e-05,-0.0001990701639486005,0.001289236495540191,9.953614819952018e-05
1,0.003234900000000699,-1.990942056034129,2.107324425926205e-05,-12.0,0.9955026380941857,12.0,-0.0009906302969999586,-9.954815648499264e-05,-9.954815646391942e-05,-0.0001990942056034129,0.00128925267973358,9.954815648499265e-05
1,0.003235100000000699,-1.991179328613066,2.082237729827963e-05,-12.0,0.9956208980807044,12.0,-0.0009906106932458941,-9.95600075703406e-05,-9.956000754951822e-05,-0.0001991179328613066,0.001289268651941497,9.956000757034062e-05
1,0.003235300000000699,-1.991413456848129,2.057147743117493e-05,-12.0,0.9957375858459262,12.0,-0.000990591349111572,-9.957170143684951e-05,-9.957170141627803e-05,-0.000199141345684813,0.001289284412147471,9.957170143684951e-05
1,0.0032355000000007,-1.991644440369599,2.032054505374248e-05,-12.0,0.9958527012055853,12.0,-0.0009905722646360998,-9.958323806605314e-05,-9.958323804573262e-05,-0.0001991644440369599,0.00128929996033518,9.958323806605317e-05
1,0.0032357000000007,-1.991872278812717,2.006958056322006e-05,-12.0,0.9959662439778996,12.0,-0.0009905534398581134,-9.959461743973363e-05,-9.959461741966404e-05,-0.0001991872278812717,0.001289315296488625,9.959461743973364e-05
1,0.0032359000000007,-1.992096971817697,1.981858435584627e-05,-12.0,0.9960782139835682,12.0,-0.0009905348748157072,-9.960583953992123e-05,-9.960583952010267e-05,-0.0001992096971817697,0.001289330420591858,9.960583953992124e-05
1,0.0032361000000007,-1.992318519029715,1.956755682852584e-05,-12.0,0.9961886110457759,12.0,-0.0009905165695464346,-9.961690434889475e-05,-9.96169043293272e-05,-0.0001992318519029715,0.00128934533262931,9.961690434889475e-05
1,0.0032363000000007,-1.992536920098919,1.931649837771943e-05,-12.0,0.9962974349901912,12.0,-0.0009904985240873632,-9.962781184918133e-05,-9.962781182986483e-05,-0.0001992536920098919,0.001289360032585618,9.962781184918135e-05
1,0.0032365000000006998,-1.992752174680421,1.906540940044277e-05,-12.0,0.9964046856449651,12.0,-0.0009904807384750886,-9.963856202355646e-05,-9.963856200449106e-05,-0.0001992752174680421,0.00128937452044553,9.963856202355648e-05
1,0.0032367000000007003,-1.992964282434303,1.88142902936006e-05,-12.0,0.9965103628407348,12.0,-0.0009904632127455126,-9.964915485504412e-05,-9.964915483622982e-05,-0.0001992964282434303,0.001289388796194085,9.964915485504412e-05
1,0.0032369000000007,-1.993173243025619,1.856314145365356e-05,-12.0,0.9966144664106217,12.0,-0.0009904459469341348,-9.965959032691679e-05,-9.965959030835366e-05,-0.000199317324302562,0.001289402859816588,9.96595903269168e-05
1,0.0032371000000007,-1.99337905612439,1.831196327817253e-05,-12.0,0.9967169961902319,12.0,-0.0009904289410759132,-9.966986842269537e-05,-9.966986840438342e-05,-0.000199337905612439,0.001289416711298536,9.966986842269538e-05
1,0.003237300000000701,-1.993581721405608,1.806075616339609e-05,-12.0,0.9968179520176567,12.0,-0.0009904121952053202,-9.967998912614933e-05,-9.967998910808858e-05,-0.0001993581721405608,0.001289430350625509,9.967998912614933e-05
1,0.0032375000000007008,-1.993781238549236,1.780952050700613e-05,-12.0,0.9969173337334734,12.0,-0.0009903957093561622,-9.968995242129664e-05,-9.968995240348713e-05,-0.0001993781238549236,0.001289443777783561,9.968995242129664e-05
1,0.0032377000000007013,-1.993977607240207,1.755825670568534e-05,-12.0,0.9970151411807445,12.0,-0.0009903794835618984,-9.969975829240391e-05,-9.969975827484565e-05,-0.0001993977607240207,0.001289456992758731,9.96997582924039e-05
1,0.003237900000000701,-1.99417082716843,1.730696515600538e-05,-12.0,0.9971113742050186,12.0,-0.000990363517855336,-9.970940672398625e-05,-9.97094067066793e-05,-0.000199417082716843,0.001289469995537404,9.970940672398627e-05
1,0.003238100000000701,-1.99436089802878,1.705564625631428e-05,-12.0,0.9972060326543309,12.0,-0.000990347812268852,-9.971889770080744e-05,-9.971889768375182e-05,-0.000199436089802878,0.001289482786106175,9.971889770080747e-05
1,0.003238300000000701,-1.99454781952111,1.680430040307268e-05,-12.0,0.9972991163792027,12.0,-0.000990332366834129,-9.972823120787994e-05,-9.972823119107566e-05,-0.000199454781952111,0.001289495364451859,9.972823120787997e-05
1,0.003238500000000701,-1.994731591350243,1.655292799385144e-05,-12.0,0.9973906252326417,12.0,-0.0009903171815825729,-9.973740723046479e-05,-9.973740721391184e-05,-0.0001994731591350243,0.001289507730561426,9.973740723046479e-05
1,0.003238700000000701,-1.99491221322598,1.630152942566632e-05,-12.0,0.9974805590701435,12.0,-0.0009903022565448116,-9.97464257540718e-05,-9.974642573777028e-05,-0.000199491221322598,0.001289519884422163,9.97464257540718e-05
1,0.003238900000000702,-1.995089684863091,1.605010509564408e-05,-12.0,0.9975689177496899,12.0,-0.0009902875917511683,-9.975528676445944e-05,-9.975528674840934e-05,-0.0001995089684863091,0.001289531826021498,9.975528676445944e-05
1,0.003239100000000702,-1.995264005981324,1.579865540157765e-05,-12.0,0.9976557011317508,12.0,-0.0009902731872312859,-9.976399024763492e-05,-9.976399023183627e-05,-0.0001995264005981324,0.001289543555347106,9.976399024763494e-05
1,0.003239300000000702,-1.995435176305401,1.55471807405938e-05,-12.0,0.997740909079283,12.0,-0.0009902590430143215,-9.977253618985423e-05,-9.977253617430707e-05,-0.0001995435176305401,0.0012895550723869,9.977253618985426e-05
1,0.003239500000000702,-1.99560319556502,1.529568151026339e-05,-12.0,0.9978245414577321,12.0,-0.000990245159128919,-9.978092457762216e-05,-9.978092456232649e-05,-0.000199560319556502,0.001289566377129056,9.97809245776222e-05
1,0.003239700000000702,-1.995768063494853,1.504415810826831e-05,-12.0,0.9979065981350307,12.0,-0.0009902315356032643,-9.978915539769226e-05,-9.978915538264808e-05,-0.0001995768063494853,0.001289577469561751,9.978915539769225e-05
1,0.003239900000000702,-1.995929779834553,1.479261093151329e-05,-12.0,0.9979870789816,12.0,-0.0009902181724648351,-9.979722863706683e-05,-9.979722862227425e-05,-0.0001995929779834554,0.001289588349673729,9.979722863706685e-05
1,0.003240100000000702,-1.996088344328745,1.454104037812431e-05,-12.0,0.9980659838703503,12.0,-0.0009902050697407627,-9.980514428299724e-05,-9.980514426845617e-05,-0.0001996088344328745,0.001289599017453652,9.980514428299722e-05
1,0.0032403000000007023,-1.996243756727034,1.428944684556122e-05,-12.0,0.9981433126766796,12.0,-0.0009901922274575814,-9.981290232298338e-05,-9.981290230869397e-05,-0.0001996243756727034,0.001289609472890557,9.981290232298341e-05
1,0.003240500000000702,-1.996396016784,1.40378307310618e-05,-12.0,0.9982190652784749,12.0,-0.0009901796456412981,-9.98205027447744e-05,-9.982050273073657e-05,-0.0001996396016784,0.001289619715973647,9.982050274477439e-05
1,0.003240700000000703,-1.996545124259203,1.378619243330714e-05,-12.0,0.9982932415561132,12.0,-0.0009901673243173648,-9.982794553636798e-05,-9.982794552258181e-05,-0.0001996545124259203,0.001289629746692389,9.9827945536368e-05
1,0.003240900000000703,-1.996691078917183,1.353453234864688e-05,-12.0,0.9983658413924598,12.0,-0.0009901552635107475,-9.983523068601109e-05,-9.983523067247657e-05,-0.0001996691078917183,0.001289639565036471,9.983523068601111e-05
1,0.003241100000000703,-1.996833880527454,1.328285087587311e-05,-12.0,0.9984368646728691,12.0,-0.0009901434632458989,-9.984235818219932e-05,-9.984235816891648e-05,-0.0001996833880527454,0.001289649170995638,9.984235818219932e-05
1,0.0032413000000007033,-1.996973528864514,1.303114841211261e-05,-12.0,0.9985063112851864,12.0,-0.0009901319235467443,-9.984932801367744e-05,-9.98493280006463e-05,-0.0001996973528864514,0.001289658564560106,9.984932801367743e-05
1,0.003241500000000703,-1.997110023707836,1.277942535538035e-05,-12.0,0.9985741811197454,12.0,-0.0009901206444365707,-9.985614016943899e-05,-9.985614015665957e-05,-0.0001997110023707836,0.001289667745720174,9.9856140169439e-05
1,0.003241700000000703,-1.997243364841877,1.252768210402433e-05,-12.0,0.998640474069371,12.0,-0.0009901096259382763,-9.98627946387267e-05,-9.986279462619903e-05,-0.0001997243364841877,0.001289676714466378,9.98627946387267e-05
1,0.0032419000000007032,-1.99737355205607,1.227591905517134e-05,-12.0,0.9987051900293771,12.0,-0.000990098868074163,-9.98692914110322e-05,-9.986929139875627e-05,-0.000199737355205607,0.001289685470789476,9.986929141103219e-05
1,0.003242100000000703,-1.997500585144834,1.202413660661428e-05,-12.0,0.9987683288975684,12.0,-0.000990088370866074,-9.987563047609616e-05,-9.987563046407204e-05,-0.0001997500585144834,0.001289694014680376,9.987563047609618e-05
1,0.003242300000000703,-1.997624463907563,1.177233515714526e-05,-12.0,0.9988298905742402,12.0,-0.0009900781343352288,-9.988181182390831e-05,-9.988181181213599e-05,-0.0001997624463907563,0.001289702346130378,9.988181182390831e-05
1,0.003242500000000704,-1.997745188148634,1.152051510389107e-05,-12.0,0.9988898749621783,12.0,-0.0009900681585024024,-9.988783544470743e-05,-9.988783543318692e-05,-0.0001997745188148634,0.001289710465130836,9.988783544470745e-05
1,0.003242700000000704,-1.997862757677407,1.126867684564381e-05,-12.0,0.9989482819666587,12.0,-0.0009900584433877313,-9.989370132898133e-05,-9.989370131771266e-05,-0.0001997862757677407,0.001289718371673437,9.989370132898131e-05
1,0.0032429000000007042,-1.997977172308224,1.101682077953026e-05,-12.0,0.9990051114954492,12.0,-0.0009900489890109776,-9.989940946746697e-05,-9.989940945645015e-05,-0.0001997977172308224,0.001289726065749966,9.989940946746697e-05
1,0.003243100000000704,-1.998088431860404,1.076494730434252e-05,-12.0,0.999060363458808,12.0,-0.000990039795391251,-9.990495985115037e-05,-9.990495984038543e-05,-0.0001998088431860404,0.001289733547352567,9.990495985115037e-05
1,0.003243300000000704,-1.998196536158255,1.051305681787351e-05,-12.0,0.9991140377694849,12.0,-0.000990030862547217,-9.991035247126673e-05,-9.991035246075364e-05,-0.0001998196536158255,0.001289740816473456,9.991035247126672e-05
1,0.003243500000000704,-1.998301485031065,1.026114971791614e-05,-12.0,0.9991661343427208,12.0,-0.0009900221904969309,-9.991558731930027e-05,-9.991558730903914e-05,-0.0001998301485031065,0.001289747873105235,9.99155873193003e-05
1,0.003243700000000704,-1.998403278313102,1.000922640304047e-05,-12.0,0.9992166530962479,12.0,-0.0009900137792580033,-9.992066438698451e-05,-9.992066437697527e-05,-0.0001998403278313102,0.00128975471724059,9.992066438698448e-05
1,0.003243900000000704,-1.998501915843621,9.757287271261461e-06,-12.0,0.9992655939502902,12.0,-0.0009900056288474346,-9.99255836663019e-05,-9.99255836565446e-05,-0.0001998501915843621,0.001289761348872487,9.99255836663019e-05
1,0.003244100000000704,-1.998597397466859,9.505332720594062e-06,-12.0,0.9993129568275636,12.0,-0.0009899977392818088,-9.993034514948428e-05,-9.993034513997899e-05,-0.0001998597397466859,0.001289767767994082,9.993034514948431e-05
1,0.003244300000000705,-1.998689723032035,9.25336314960834e-06,-12.0,0.9993587416532758,12.0,-0.0009899901105770575,-9.993494882901261e-05,-9.993494881975925e-05,-0.0001998689723032035,0.001289773974598799,9.993494882901261e-05
1,0.003244500000000705,-1.998778892393355,9.00137895631925e-06,-12.0,0.9994029483551259,12.0,-0.0009899827427486546,-9.993939469761698e-05,-9.993939468861558e-05,-0.0001998778892393355,0.00128977996868021,9.993939469761696e-05
1,0.003244700000000705,-1.998864905410008,8.749380538741747e-06,-12.0,0.9994455768633056,12.0,-0.0009899756358115186,-9.994368274827669e-05,-9.994368273952732e-05,-0.0001998864905410008,0.001289785750232225,9.994368274827669e-05
1,0.003244900000000705,-1.998947761946164,8.497368295556917e-06,-12.0,0.9994866271104988,12.0,-0.0009899687897801102,-9.994781297422034e-05,-9.994781296572298e-05,-0.0001998947761946164,0.001289791319248793,9.994781297422033e-05
1,0.003245100000000705,-1.999027461870982,8.245342624890739e-06,-12.0,0.9995260990318816,12.0,-0.0009899622046682377,-9.995178536892567e-05,-9.995178536068033e-05,-0.0001999027461870982,0.00128979667572425,9.995178536892567e-05
1,0.0032453000000007047,-1.999104005058603,7.99330392498021e-06,-12.0,0.9995639925651222,12.0,-0.0009899558804892794,-9.995559992611972e-05,-9.995559991812642e-05,-0.0001999104005058603,0.001289801819653089,9.995559992611973e-05
1,0.0032455000000007053,-1.999177391388156,7.741252594284376e-06,-12.0,0.9996003076503818,12.0,-0.0009899498172560584,-9.995925663977875e-05,-9.99592566320375e-05,-0.0001999177391388156,0.001289806751029965,9.995925663977875e-05
1,0.003245700000000705,-1.999247620743751,7.489189031040233e-06,-12.0,0.9996350442303138,12.0,-0.0009899440149808703,-9.996275550412828e-05,-9.996275549663909e-05,-0.0001999247620743751,0.001289811469849855,9.996275550412828e-05
1,0.003245900000000705,-1.999314693014485,7.237113633817849e-06,-12.0,0.9996682022500643,12.0,-0.0009899384736754835,-9.996609651364305e-05,-9.996609650640596e-05,-0.0001999314693014485,0.001289815976107903,9.996609651364305e-05
1,0.003246100000000706,-1.999378608094442,6.985026800743199e-06,-12.0,0.9996997816572724,12.0,-0.0009899331933511113,-9.996927966304716e-05,-9.996927965606213e-05,-0.0001999378608094442,0.001289820269799472,9.996927966304716e-05
1,0.0032463000000007057,-1.999439365882689,6.732928930608395e-06,-12.0,0.99972978240207,12.0,-0.0009899281740184673,-9.997230494731395e-05,-9.9972304940581e-05,-0.0001999439365882689,0.001289824350920149,9.997230494731394e-05
1,0.0032465000000007063,-1.999496966283282,6.480820421539413e-06,-12.0,0.9997582044370815,12.0,-0.000989923415687724,-9.9975172361666e-05,-9.997517235518518e-05,-0.0001999496966283282,0.001289828219465758,9.9975172361666e-05
1,0.003246700000000706,-1.99955140920526,6.228701671884274e-06,-12.0,0.9997850477174249,12.0,-0.0009899189183685403,-9.997788190157528e-05,-9.997788189534661e-05,-0.000199955140920526,0.001289831875432343,9.997788190157531e-05
1,0.003246900000000706,-1.999602694562649,5.97657308054611e-06,-12.0,0.999810312200711,12.0,-0.0009899146820700755,-9.998043356276306e-05,-9.998043355678648e-05,-0.0001999602694562649,0.001289835318816018,9.998043356276306e-05
1,0.003247100000000706,-1.999650822274463,5.724435045428855e-06,-12.0,0.9998339978470436,12.0,-0.0009899107068008506,-9.998282734119981e-05,-9.998282733547542e-05,-0.0001999650822274463,0.001289838549613426,9.998282734119983e-05
1,0.003247300000000706,-1.999695792264698,5.47228796543564e-06,-12.0,0.9998561046190199,12.0,-0.0009899069925689563,-9.998506323310544e-05,-9.998506322763316e-05,-0.0001999695792264698,0.001289841567821165,9.998506323310545e-05
1,0.003247500000000706,-1.99973760446234,5.220132239358577e-06,-12.0,0.9998766324817303,12.0,-0.00098990353938197,-9.998714123494909e-05,-9.998714122972896e-05,-0.000199973760446234,0.001289844373436169,9.99871412349491e-05
1,0.003247700000000706,-1.999776258801363,4.967968264990574e-06,-12.0,0.9998955814027585,12.0,-0.0009899003472468582,-9.998906134344937e-05,-9.998906133848138e-05,-0.0001999776258801363,0.001289846966455468,9.998906134344936e-05
1,0.003247900000000707,-1.999811755220723,4.715796441345788e-06,-12.0,0.9999129513521815,12.0,-0.000989897416170088,-9.999082355557401e-05,-9.999082355085823e-05,-0.0001999811755220723,0.001289849346876565,9.999082355557402e-05
1,0.003248100000000707,-1.999844093664367,4.463617166661216e-06,-12.0,0.9999287423025698,12.0,-0.0009898947461576268,-9.999242786854031e-05,-9.99924278640767e-05,-0.0001999844093664367,0.001289851514696919,9.999242786854032e-05
1,0.003248300000000707,-1.999873274081226,4.211430839839991e-06,-12.0,0.9999429542289874,12.0,-0.0009898923372149426,-9.999387427981475e-05,-9.999387427560332e-05,-0.0001999873274081227,0.001289853469914296,9.999387427981475e-05
1,0.003248500000000707,-1.99989929642522,3.959237859341158e-06,-12.0,0.9999555871089917,12.0,-0.000989890189346851,-9.999516278711324e-05,-9.999516278315399e-05,-0.0001999899296425221,0.001289855212526808,9.999516278711324e-05
1,0.003248700000000707,-1.999922160655255,3.707038623956826e-06,-12.0,0.9999666409226335,12.0,-0.000989888302557751,-9.999629338840099e-05,-9.999629338469394e-05,-0.0001999922160655255,0.001289856742532527,9.999629338840096e-05
1,0.0032489000000007068,-1.999941866735224,3.454833531701951e-06,-12.0,0.9999761156524577,12.0,-0.0009898866768515147,-9.999726608189261e-05,-9.999726607843778e-05,-0.0001999941866735224,0.001289858059929982,9.99972660818926e-05
1,0.0032491000000007073,-1.999958414634007,3.202622981368641e-06,-12.0,0.999984011283502,12.0,-0.0009898853122313894,-9.999808086605207e-05,-9.999808086284946e-05,-0.0001999958414634008,0.001289859164717813,9.999808086605207e-05
1,0.003249300000000707,-1.999971804325473,2.950407371860031e-06,-12.0,0.9999903278032984,12.0,-0.0009898842087001924,-9.999873773959264e-05,-9.999873773664226e-05,-0.0001999971804325473,0.001289860056894937,9.999873773959267e-05
1,0.003249500000000708,-1.999982035788475,2.698187101746186e-06,-12.0,0.9999950652018721,12.0,-0.000989883366260158,-9.999923670147705e-05,-9.999923669877884e-05,-0.0001999982035788475,0.001289860736460396,9.999923670147704e-05
1,0.003249700000000708,-1.999989109006856,2.445962569819216e-06,-12.0,0.9999982234717422,12.0,-0.000989882784913007,-9.999957775091723e-05,-9.999957774847127e-05,-0.0001999989109006856,0.001289861203413539,9.999957775091723e-05
1,0.0032499000000007078,-1.999993023969446,2.193734173983053e-06,-12.0,0.9999998026079213,12.0,-0.000989882464659933,-9.999976088737474e-05,-9.999976088518101e-05,-0.0001999993023969446,0.001289861457753907,9.999976088737474e-05
1,0.0032501000000007083,-1.999993780670061,1.941502313362875e-06,-12.0,0.9999998026079157,12.0,-0.000989882405501602,-9.999978611056025e-05,-9.999978610861873e-05,-0.0001999993780670061,0.001289861499481237,9.999978611056024e-05
1,0.003250300000000708,-1.999991379107505,1.689267386861815e-06,-12.0,0.9999982234717254,12.0,-0.0009898826074381112,-9.999965342043385e-05,-9.999965341874461e-05,-0.0001999991379107505,0.001289861328595529,9.999965342043385e-05
1,0.003250500000000708,-1.999985819285571,1.437029792383804e-06,-12.0,0.9999950652018442,12.0,-0.0009898830704691691,-9.999936281720518e-05,-9.999936281576818e-05,-0.0001999985819285571,0.001289860945096949,9.999936281720518e-05
1,0.0032507000000007082,-1.999977101213035,1.184789929276064e-06,-12.0,0.9999903278032592,12.0,-0.0009898837945937766,-9.999891430133301e-05,-9.999891430014823e-05,-0.0001999977101213035,0.001289860348985913,9.999891430133301e-05
1,0.003250900000000708,-1.999965224903665,9.325481961086624e-07,-12.0,0.9999840112834517,12.0,-0.0009898847798104904,-9.999830787352557e-05,-9.999830787259306e-05,-0.0001999965224903665,0.001289859540263102,9.999830787352557e-05
1,0.003251100000000708,-1.999950190376213,6.803049911185965e-07,-12.0,0.9999761156523962,12.0,-0.000989886026117326,-9.99975435347405e-05,-9.99975435340602e-05,-0.0001999950190376213,0.001289858518929279,9.999754353474052e-05
1,0.003251300000000709,-1.99993199765442,4.280607135420667e-07,-12.0,0.9999666409225609,12.0,-0.0009898875335118268,-9.999662128618474e-05,-9.99966212857567e-05,-0.000199993199765442,0.001289857284985596,9.999662128618474e-05
1,0.003251500000000709,-1.999910646767015,1.758157615050493e-07,-12.0,0.9999555871089079,12.0,-0.0009898893019908844,-9.999554112931464e-05,-9.999554112913882e-05,-0.0001999910646767015,0.001289855838433343,9.999554112931464e-05
1,0.0032517000000007092,-1.999886137747711,-7.642946597830047e-08,-12.0,0.9999429542288923,12.0,-0.00098989133155096,-9.999430306583583e-05,-9.999430306591227e-05,-0.0001999886137747711,0.001289854179273991,9.999430306583583e-05
1,0.003251900000000709,-1.999858470635211,-3.286745701158722e-07,-12.0,0.9999287423024636,12.0,-0.0009898936221879595,-9.999290709770338e-05,-9.999290709803206e-05,-0.0001999858470635211,0.00128985230750929,9.999290709770338e-05
1,0.003252100000000709,-1.999827645473205,-5.809191528927116e-07,-12.0,0.999912951352064,12.0,-0.0009898961738973033,-9.999135322712169e-05,-9.99913532277026e-05,-0.0001999827645473205,0.001289850223141181,9.99913532271217e-05
1,0.003252300000000709,-1.999793662310368,-8.331628148505743e-07,-12.0,0.9998955814026299,12.0,-0.0009898989866737734,-9.998964145654449e-05,-9.998964145737763e-05,-0.0001999793662310368,0.001289847926171872,9.998964145654448e-05
1,0.003252500000000709,-1.999756521200364,-1.085405157974506e-06,-12.0,0.9998766324815906,12.0,-0.0009899020605117076,-9.998777178867486e-05,-9.998777178976029e-05,-0.0001999756521200364,0.001289845416603722,9.998777178867487e-05
1,0.0032527000000007094,-1.999716222201842,-1.337645783472396e-06,-12.0,0.999856104618869,12.0,-0.0009899053954049442,-9.998574422646524e-05,-9.998574422780292e-05,-0.0001999716222201842,0.001289842694439283,9.998574422646524e-05
1,0.003252900000000709,-1.999672765378438,-1.589884292219068e-06,-12.0,0.9998339978468815,12.0,-0.0009899089913466552,-9.998355877311737e-05,-9.998355877470729e-05,-0.0001999672765378438,0.001289839759681527,9.998355877311738e-05
1,0.00325310000000071,-1.999626150798777,-1.842120286088544e-06,-12.0,0.9998103122005378,12.0,-0.000989912848329666,-9.998121543208239e-05,-9.998121543392454e-05,-0.0001999626150798777,0.001289836612333367,9.99812154320824e-05
1,0.00325330000000071,-1.999576378536467,-2.094353366177693e-06,-12.0,0.9997850477172406,12.0,-0.0009899169663461632,-9.997871420706066e-05,-9.997871420915506e-05,-0.0001999576378536467,0.001289833252398107,9.997871420706069e-05
1,0.00325350000000071,-1.999523448670105,-2.346583133694402e-06,-12.0,0.999758204436886,12.0,-0.0009899213453878064,-9.997605510200197e-05,-9.997605510434855e-05,-0.0001999523448670105,0.001289829679879229,9.997605510200197e-05
1,0.0032537000000007104,-1.999467361283274,-2.598809190401674e-06,-12.0,0.9997297824018633,12.0,-0.0009899259854457138,-9.997323812110534e-05,-9.997323812370419e-05,-0.0001999467361283274,0.001289825894780494,9.997323812110537e-05
1,0.00325390000000071,-1.999408116464542,-2.851031137507398e-06,-12.0,0.9996997816570545,12.0,-0.0009899308865105594,-9.99702632688192e-05,-9.997026327167023e-05,-0.0001999408116464542,0.001289821897105747,9.997026326881921e-05
1,0.0032541000000007097,-1.999345714307465,-3.103248576441509e-06,-12.0,0.9996682022498352,12.0,-0.000989936048572393,-9.996713054984115e-05,-9.996713055294442e-05,-0.0001999345714307465,0.001289817686859193,9.996713054984117e-05
1,0.0032543000000007103,-1.99928015491058,-3.355461107967805e-06,-12.0,0.9996350442300735,12.0,-0.000989941471620806,-9.996383996911816e-05,-9.996383997247362e-05,-0.000199928015491058,0.001289813264045162,9.996383996911815e-05
1,0.00325450000000071,-1.999211438377417,-3.607668334293379e-06,-12.0,0.9996003076501304,12.0,-0.000989947155644863,-9.996039153184647e-05,-9.996039153545415e-05,-0.0001999211438377417,0.001289808628668232,9.996039153184648e-05
1,0.00325470000000071,-1.999139564816487,-3.859869856848164e-06,-12.0,0.9995639925648596,12.0,-0.0009899531006329898,-9.995678524347161e-05,-9.995678524733153e-05,-0.0001999139564816487,0.001289803780733262,9.995678524347165e-05
1,0.003254900000000711,-1.999064534341286,-4.112065276284937e-06,-12.0,0.9995260990316078,12.0,-0.0009899593065732099,-9.995302110968842e-05,-9.995302111380047e-05,-0.0001999064534341286,0.001289798720245219,9.995302110968842e-05
1,0.0032551000000007107,-1.998986347070296,-4.364254194477724e-06,-12.0,0.9994866271102139,12.0,-0.0009899657734530054,-9.994909913644082e-05,-9.994909914080509e-05,-0.0001998986347070296,0.001289793447209309,9.994909913644084e-05
1,0.0032553000000007113,-1.998905003126987,-4.616436212967479e-06,-12.0,0.9994455768630096,12.0,-0.0009899725012592342,-9.994501932992226e-05,-9.994501933453871e-05,-0.0001998905003126987,0.001289787961631081,9.994501932992226e-05
1,0.003255500000000711,-1.998820502639808,-4.868610932962092e-06,-12.0,0.9994029483548186,12.0,-0.0009899794899783515,-9.994078169657515e-05,-9.994078170144374e-05,-0.0001998820502639808,0.001289782263516184,9.994078169657515e-05
1,0.003255700000000711,-1.998732845742198,-5.120777955780476e-06,-12.0,0.9993587416529572,12.0,-0.0009899867395961742,-9.99363862430913e-05,-9.993638624821211e-05,-0.0001998732845742198,0.001289776352870531,9.99363862430913e-05
1,0.003255900000000711,-1.998642032572577,-5.372936883407675e-06,-12.0,0.9993129568272341,12.0,-0.000989994250098089,-9.993183297641174e-05,-9.993183298178468e-05,-0.0001998642032572577,0.001289770229700143,9.993183297641175e-05
1,0.003256100000000711,-1.998548063274351,-5.625087316718513e-06,-12.0,0.9992655939499495,12.0,-0.0009900020214688443,-9.992712190372662e-05,-9.992712190935172e-05,-0.0001998548063274351,0.001289763894011489,9.992712190372662e-05
1,0.003256300000000711,-1.998450937995909,-5.877228857698036e-06,-12.0,0.9992166530958959,12.0,-0.000990010053692758,-9.992225303247538e-05,-9.992225303835258e-05,-0.000199845093799591,0.001289757345811077,9.992225303247537e-05
1,0.003256500000000711,-1.998350656890625,-6.12936110744311e-06,-12.0,0.9991661343423577,12.0,-0.0009900183467535656,-9.991722637034651e-05,-9.991722637647587e-05,-0.0001998350656890625,0.001289750585105706,9.991722637034651e-05
1,0.003256700000000712,-1.998247220116854,-6.381483667494692e-06,-12.0,0.9991140377691107,12.0,-0.0009900269006345164,-9.991204192527783e-05,-9.991204193165932e-05,-0.0001998247220116854,0.001289743611902289,9.991204192527783e-05
1,0.003256900000000712,-1.998140627837937,-6.633596139726805e-06,-12.0,0.9990603634584228,12.0,-0.0009900357153183187,-9.990669970545624e-05,-9.990669971208985e-05,-0.0001998140627837937,0.001289736426208152,9.990669970545626e-05
1,0.003257100000000712,-1.998030880222196,-6.885698125458362e-06,-12.0,0.9990051114950526,12.0,-0.0009900447907871257,-9.990119971931782e-05,-9.99011997262035e-05,-0.0001998030880222196,0.001289729028030637,9.99011997193178e-05
1,0.003257300000000712,-1.997917977442937,-7.13778922634134e-06,-12.0,0.9989482819662509,12.0,-0.0009900541270225494,-9.989554197554771e-05,-9.989554198268553e-05,-0.0001997917977442937,0.001289721417377473,9.989554197554772e-05
1,0.003257500000000712,-1.997801919678448,-7.389869043916697e-06,-12.0,0.9988898749617593,12.0,-0.0009900637240057436,-9.988972648308034e-05,-9.988972649047022e-05,-0.0001997801919678448,0.001289713594256531,9.988972648308032e-05
1,0.0032577000000007118,-1.997682707111998,-7.641937179836411e-06,-12.0,0.9988298905738101,12.0,-0.0009900735817172657,-9.988375325109899e-05,-9.988375325874094e-05,-0.0001997682707111999,0.001289705558675872,9.988375325109899e-05
1,0.0032579000000007123,-1.99756033993184,-7.893993235308372e-06,-12.0,0.9987683288971272,12.0,-0.0009900837001372287,-9.987762228903627e-05,-9.987762229693026e-05,-0.000199756033993184,0.001289697310643823,9.987762228903625e-05
1,0.003258100000000712,-1.997434818331207,-8.14603681253967e-06,-12.0,0.9987051900289247,12.0,-0.0009900940792451074,-9.987133360657371e-05,-9.987133361471975e-05,-0.0001997434818331207,0.001289688850168932,9.987133360657373e-05
1,0.003258300000000712,-1.997306142508315,-8.398067512849217e-06,-12.0,0.9986404740689073,12.0,-0.0009901047190199325,-9.986488721364202e-05,-9.986488722204008e-05,-0.0001997306142508315,0.001289680177259916,9.986488721364202e-05
1,0.003258500000000713,-1.997174312666358,-8.650084938222058e-06,-12.0,0.9985741811192708,12.0,-0.0009901156194401795,-9.985828312042088e-05,-9.9858283129071e-05,-0.0001997174312666358,0.001289671291925809,9.98582831204209e-05
1,0.0032587000000007128,-1.997039329013513,-8.902088690088128e-06,-12.0,0.9985063112847004,12.0,-0.0009901267804837965,-9.985152133733904e-05,-9.985152134624114e-05,-0.0001997039329013513,0.00128966219417577,9.985152133733905e-05
1,0.0032589000000007133,-1.996901191762935,-9.154078369877361e-06,-12.0,0.998436864672372,12.0,-0.0009901382021281768,-9.984460187507418e-05,-9.984460188422828e-05,-0.0001996901191762935,0.001289652884019207,9.98446018750742e-05
1,0.003259100000000713,-1.996759901132764,-9.406053580129914e-06,-12.0,0.9983658413919514,12.0,-0.0009901498843502693,-9.983752474455315e-05,-9.983752475395917e-05,-0.0001996759901132764,0.001289643361465739,9.983752474455316e-05
1,0.003259300000000713,-1.996615457346114,-9.658013922053676e-06,-12.0,0.9982932415555938,12.0,-0.0009901618271264123,-9.983028995695158e-05,-9.983028996660959e-05,-0.0001996615457346114,0.001289633626525274,9.98302899569516e-05
1,0.003259500000000713,-1.996467860631081,-9.909958997744717e-06,-12.0,0.9982190652779444,12.0,-0.0009901740304324308,-9.98228975236942e-05,-9.982289753360417e-05,-0.0001996467860631081,0.001289623679207846,9.982289752369421e-05
1,0.003259700000000713,-1.996317111220739,-1.016188840841092e-05,-12.0,0.9981433126761378,12.0,-0.0009901864942436778,-9.981534745645463e-05,-9.981534746661652e-05,-0.0001996317111220739,0.001289613519523752,9.981534745645462e-05
1,0.003259900000000713,-1.996163209353141,-1.041380175670348e-05,-12.0,0.9980659838697976,12.0,-0.0009901992185349512,-9.980763976715542e-05,-9.980763977756924e-05,-0.0001996163209353141,0.001289603147483484,9.980763976715543e-05
1,0.003260100000000714,-1.996006155271318,-1.066569864405231e-05,-12.0,0.9979870789810362,12.0,-0.000990212203280466,-9.979977446796804e-05,-9.979977447863373e-05,-0.0001996006155271318,0.001289592563097838,9.979977446796803e-05
1,0.003260300000000714,-1.995845949223279,-1.091757867199838e-05,-12.0,0.9979065981344555,12.0,-0.0009902254484539519,-9.979175157131276e-05,-9.979175158223035e-05,-0.0001995845949223279,0.001289581766377709,9.979175157131275e-05
1,0.003260500000000714,-1.99568259146201,-1.11694414433039e-05,-12.0,0.9978245414571459,12.0,-0.0009902389540286244,-9.97835710898589e-05,-9.978357110102836e-05,-0.0001995682591462011,0.001289570757334282,9.978357108985893e-05
1,0.003260700000000714,-1.995516082245475,-1.142128655917674e-05,-12.0,0.9977409090786857,12.0,-0.0009902527199772138,-9.977523303652448e-05,-9.977523304794578e-05,-0.0001995516082245475,0.001289559535978951,9.97752330365245e-05
1,0.003260900000000714,-1.995346421836612,-1.167311362193502e-05,-12.0,0.9976557011311422,12.0,-0.0009902667462718118,-9.976673742447642e-05,-9.976673743614953e-05,-0.0001995346421836612,0.001289548102323346,9.976673742447642e-05
1,0.003261100000000714,-1.99517361050334,-1.192492223356378e-05,-12.0,0.9975689177490703,12.0,-0.0009902810328840939,-9.975808426713037e-05,-9.975808427905531e-05,-0.000199517361050334,0.001289536456379289,9.975808426713039e-05
1,0.003261300000000714,-1.994997648518547,-1.217671199604808e-05,-12.0,0.9974805590695126,12.0,-0.0009902955797850832,-9.974927357815084e-05,-9.974927359032757e-05,-0.0001994997648518547,0.001289524598158828,9.974927357815087e-05
1,0.0032615000000007143,-1.994818536160103,-1.242848251126194e-05,-12.0,0.9973906252319996,12.0,-0.0009903103869454422,-9.97403053714511e-05,-9.974030538387958e-05,-0.0001994818536160103,0.00128951252767423,9.97403053714511e-05
1,0.003261700000000714,-1.994636273710849,-1.268023338174551e-05,-12.0,0.9972991163785494,12.0,-0.0009903254543351947,-9.97311796611931e-05,-9.973117967387335e-05,-0.0001994636273710849,0.001289500244937999,9.973117966119312e-05
1,0.003261900000000715,-1.9944508614586,-1.293196420915077e-05,-12.0,0.9972060326536665,12.0,-0.0009903407819238375,-9.972189646178758e-05,-9.972189647471956e-05,-0.00019944508614586,0.001289487749962848,9.972189646178756e-05
1,0.003262100000000715,-1.994262299696148,-1.318367459623992e-05,-12.0,0.997111374204343,12.0,-0.000990356369680423,-9.971245578789391e-05,-9.97124558010776e-05,-0.0001994262299696148,0.00128947504276164,9.971245578789393e-05
1,0.003262300000000715,-1.994070588721256,-1.343536414444291e-05,-12.0,0.9970151411800579,12.0,-0.0009903722175733237,-9.970285765442021e-05,-9.970285766785559e-05,-0.0001994070588721256,0.001289462123347657,9.970285765442024e-05
1,0.0032625000000007153,-1.993875728836661,-1.368703245629987e-05,-12.0,0.9969173337327758,12.0,-0.000990388325570593,-9.96931020765232e-05,-9.969310209021024e-05,-0.0001993875728836661,0.001289448991734179,9.969310207652321e-05
1,0.003262700000000715,-1.993677720350073,-1.393867913457303e-05,-12.0,0.9968179520169477,12.0,-0.0009904046936395905,-9.968318906960821e-05,-9.96831890835469e-05,-0.0001993677720350073,0.001289435647934808,9.968318906960822e-05
1,0.003262900000000715,-1.993476563574172,-1.41903037806923e-05,-12.0,0.9967169961895118,12.0,-0.0009904213217472174,-9.967311864932923e-05,-9.967311866351955e-05,-0.0001993476563574172,0.001289422091963394,9.967311864932926e-05
1,0.0032631000000007153,-1.993272258826612,-1.444190599719786e-05,-12.0,0.9966144664098907,12.0,-0.000990438209859834,-9.966289083158882e-05,-9.966289084603073e-05,-0.0001993272258826612,0.001289408323833965,9.966289083158879e-05
1,0.003263300000000715,-1.993064806430016,-1.469348538707393e-05,-12.0,0.9965103628399926,12.0,-0.000990455357943329,-9.965250563253797e-05,-9.965250564723146e-05,-0.0001993064806430016,0.001289394343560721,9.965250563253797e-05
1,0.003263500000000715,-1.99285420671198,-1.494504155208354e-05,-12.0,0.9964046856442116,12.0,-0.0009904727659629659,-9.964196306857636e-05,-9.964196308352141e-05,-0.000199285420671198,0.001289380151158148,9.964196306857637e-05
1,0.003263700000000716,-1.992640460005069,-1.519657409498887e-05,-12.0,0.9962974349894266,12.0,-0.0009904904338835369,-9.963126315635213e-05,-9.963126317154872e-05,-0.0001992640460005069,0.001289365746641027,9.963126315635216e-05
1,0.003263900000000716,-1.992423566646816,-1.544808261788599e-05,-12.0,0.9961886110450003,12.0,-0.0009905083616693483,-9.962040591276182e-05,-9.96204059282099e-05,-0.0001992423566646816,0.00128935113002418,9.962040591276183e-05
1,0.0032641000000007163,-1.992203526979725,-1.569956672364814e-05,-12.0,0.9960782139827813,12.0,-0.0009905265492841514,-9.960939135495048e-05,-9.960939137065007e-05,-0.0001992203526979725,0.001289336301322747,9.96093913549505e-05
1,0.003264300000000716,-1.991980341351268,-1.595102601481546e-05,-12.0,0.9959662439771015,12.0,-0.0009905449966911006,-9.959821950031162e-05,-9.959821951626267e-05,-0.0001991980341351268,0.001289321260552145,9.959821950031163e-05
1,0.003264500000000716,-1.991754010113883,-1.620246009370607e-05,-12.0,0.9958527012047764,12.0,-0.0009905637038529341,-9.9586890366487e-05,-9.958689038268947e-05,-0.0001991754010113883,0.001289306007727906,9.958689036648702e-05
1,0.003264700000000716,-1.991524533624978,-1.645386856308217e-05,-12.0,0.9957375858451059,12.0,-0.000990582670731835,-9.957540397136688e-05,-9.957540398782077e-05,-0.0001991524533624978,0.001289290542865792,9.95754039713669e-05
1,0.003264900000000716,-1.991291912246928,-1.670525102548392e-05,-12.0,0.995620898079873,12.0,-0.0009906018972894032,-9.956376033308985e-05,-9.956376034979511e-05,-0.0001991291912246928,0.001289274865981876,9.956376033308985e-05
1,0.003265100000000716,-1.991056146347071,-1.695660708411761e-05,-12.0,0.995502638093343,12.0,-0.0009906213834867672,-9.955195947004273e-05,-9.955195948699933e-05,-0.0001991056146347071,0.001289258977092395,9.955195947004272e-05
1,0.003265300000000716,-1.990817236297713,-1.720793634119033e-05,-12.0,0.9953828060722651,12.0,-0.0009906411292845418,-9.954000140086063e-05,-9.954000141806857e-05,-0.0001990817236297713,0.001289242876213778,9.954000140086064e-05
1,0.003265500000000717,-1.990575182476126,-1.745923839990837e-05,-12.0,0.9952614022058707,12.0,-0.0009906611346428007,-9.952788614442705e-05,-9.952788616188629e-05,-0.0001990575182476126,0.001289226563362694,9.952788614442707e-05
1,0.003265700000000717,-1.990329985264543,-1.771051286258984e-05,-12.0,0.9951384266858725,12.0,-0.0009906813995210484,-9.95156137198735e-05,-9.951561373758404e-05,-0.0001990329985264543,0.001289210038556046,9.951561371987352e-05
1,0.003265900000000717,-1.990081645050163,-1.796175933255206e-05,-12.0,0.995013879706465,12.0,-0.0009907019238783454,-9.950318414657975e-05,-9.950318416454153e-05,-0.0001990081645050163,0.001289193301811001,9.950318414657977e-05
1,0.003266100000000717,-1.98983016222515,-1.821297741233519e-05,-12.0,0.9948877614643266,12.0,-0.0009907227076731973,-9.949059744417391e-05,-9.949059746238687e-05,-0.000198983016222515,0.001289176353144864,9.94905974441739e-05
1,0.003266300000000717,-1.989575537186629,-1.846416670570061e-05,-12.0,0.9947600721586141,12.0,-0.000990743750863582,-9.947785363253197e-05,-9.947785365099616e-05,-0.0001989575537186629,0.001289159192575162,9.947785363253198e-05
1,0.0032665000000007167,-1.989317770336683,-1.871532681507748e-05,-12.0,0.9946308119909658,12.0,-0.0009907650534069223,-9.946495273177808e-05,-9.946495275049342e-05,-0.0001989317770336683,0.001289141820119716,9.94649527317781e-05
1,0.0032667000000007173,-1.989056862082363,-1.896645734300595e-05,-12.0,0.9944999811655026,12.0,-0.0009907866152601696,-9.945189476228458e-05,-9.945189478125101e-05,-0.0001989056862082363,0.001289124235796496,9.945189476228458e-05
1,0.003266900000000717,-1.98879281283568,-1.921755789369151e-05,-12.0,0.9943675798888236,12.0,-0.000990808436379692,-9.943867974467172e-05,-9.94386797638893e-05,-0.000198879281283568,0.001289106439623794,9.943867974467174e-05
1,0.003267100000000717,-1.988525623013598,-1.946862806989635e-05,-12.0,0.994233608370008,12.0,-0.0009908305167214415,-9.942530769980779e-05,-9.94253077192764e-05,-0.0001988525623013598,0.001289088431619942,9.942530769980779e-05
1,0.003267300000000718,-1.988255293038047,-1.971966747427167e-05,-12.0,0.9940980668206154,12.0,-0.0009908528562406899,-9.941177864880898e-05,-9.941177866852865e-05,-0.0001988255293038047,0.001289070211803703,9.941177864880898e-05
1,0.0032675000000007177,-1.987981823335916,-1.997067571080091e-05,-12.0,0.993960955454685,12.0,-0.000990875454892362,-9.939809261303958e-05,-9.939809263301026e-05,-0.0001987981823335916,0.001289051780193923,9.939809261303958e-05
1,0.0032677000000007183,-1.987705214339048,-2.022165238257934e-05,-12.0,0.9938222744887335,12.0,-0.000990898312630703,-9.938424961411162e-05,-9.938424963433326e-05,-0.0001987705214339048,0.001289033136809697,9.938424961411162e-05
1,0.003267900000000718,-1.987425466484245,-2.047259709270222e-05,-12.0,0.9936820241417573,12.0,-0.0009909214294095553,-9.937024967388499e-05,-9.93702496943576e-05,-0.0001987425466484245,0.001289014281670386,9.9370249673885e-05
1,0.003268100000000718,-1.987142580213268,-2.072350944470891e-05,-12.0,0.9935402046352316,12.0,-0.000990944805182109,-9.935609281446765e-05,-9.935609283519117e-05,-0.0001987142580213268,0.00128899521479553,9.935609281446763e-05
1,0.003268300000000718,-1.98685655597283,-2.097438904258286e-05,-12.0,0.9933968161931076,12.0,-0.0009909684399011937,-9.9341779058215e-05,-9.934177907918938e-05,-0.000198685655597283,0.001288975936204875,9.934177905821502e-05
1,0.003268500000000718,-1.986567394214602,-2.122523548875321e-05,-12.0,0.9932518590418158,12.0,-0.0009909923335189863,-9.932730842773042e-05,-9.932730844895567e-05,-0.0001986567394214602,0.001288956445918421,9.932730842773046e-05
1,0.003268700000000718,-1.986275095395212,-2.147604838786954e-05,-12.0,0.9931053334102637,12.0,-0.0009910164859872478,-9.931268094586515e-05,-9.931268096734122e-05,-0.0001986275095395212,0.001288936743956345,9.931268094586517e-05
1,0.003268900000000718,-1.985979659976234,-2.172682734291609e-05,-12.0,0.9929572395298345,12.0,-0.0009910408972571005,-9.929789663571773e-05,-9.929789665744455e-05,-0.0001985979659976234,0.001288916830339118,9.929789663571775e-05
1,0.003269100000000719,-1.985681088424202,-2.197757195743222e-05,-12.0,0.9928075776343894,12.0,-0.0009910655672791951,-9.928295552063472e-05,-9.928295554261226e-05,-0.0001985681088424203,0.001288896705087417,9.928295552063469e-05
1,0.003269300000000719,-1.985379381210602,-2.222828183595649e-05,-12.0,0.9926563479602643,12.0,-0.0009910904960036687,-9.926785762421002e-05,-9.926785764643831e-05,-0.0001985379381210602,0.001288876368222086,9.926785762421002e-05
1,0.003269500000000719,-1.985074538811868,-2.247895658147314e-05,-12.0,0.9925035507462721,12.0,-0.0009911156833801865,-9.925260297028535e-05,-9.925260299276431e-05,-0.0001985074538811868,0.00128885581976422,9.925260297028536e-05
1,0.003269700000000719,-1.984766561709386,-2.272959579818767e-05,-12.0,0.9923491862336996,12.0,-0.0009911411293578032,-9.923719158294978e-05,-9.923719160567939e-05,-0.0001984766561709386,0.001288835059735163,9.923719158294978e-05
1,0.003269900000000719,-1.984455450389494,-2.298019908986149e-05,-12.0,0.9921932546663101,12.0,-0.0009911668338851154,-9.922162348654e-05,-9.922162350952021e-05,-0.0001984455450389494,0.001288814088156384,9.922162348654e-05
1,0.003270100000000719,-1.984141205343479,-2.323076606047803e-05,-12.0,0.9920357562903411,12.0,-0.0009911927969101508,-9.920589870564018e-05,-9.920589872887094e-05,-0.0001984141205343479,0.001288792905049699,9.920589870564016e-05
1,0.0032703000000007193,-1.983823827067575,-2.348129631424278e-05,-12.0,0.9918766913545033,12.0,-0.0009912190183804653,-9.919001726508173e-05,-9.919001728856303e-05,-0.0001983823827067575,0.001288771510437089,9.919001726508176e-05
1,0.003270500000000719,-1.983503316062965,-2.373178945480614e-05,-12.0,0.9917160601099821,12.0,-0.0009912454982430596,-9.917397918994368e-05,-9.917397921367551e-05,-0.0001983503316062965,0.001288749904340705,9.91739791899437e-05
1,0.00327070000000072,-1.983179672835779,-2.398224508670666e-05,-12.0,0.991553862810437,12.0,-0.0009912722364443793,-9.915778450555236e-05,-9.915778452953462e-05,-0.0001983179672835779,0.00128872808678307,9.915778450555237e-05
1,0.00327090000000072,-1.982852897897092,-2.423266281392777e-05,-12.0,0.9913900997119984,12.0,-0.0009912992329304815,-9.914143323748123e-05,-9.91414332617139e-05,-0.0001982852897897092,0.00128870605778672,9.914143323748124e-05
1,0.00327110000000072,-1.982522991762926,-2.448304224078601e-05,-12.0,0.9912247710732712,12.0,-0.000991326487646757,-9.912492541155122e-05,-9.912492543603426e-05,-0.0001982522991762926,0.001288683817374583,9.91249254115512e-05
1,0.0032713000000007203,-1.982189954954247,-2.473338297148686e-05,-12.0,0.9910578771553324,12.0,-0.000991354000538125,-9.910826105383037e-05,-9.910826107856376e-05,-0.0001982189954954247,0.001288661365569793,9.91082610538304e-05
1,0.00327150000000072,-1.981853787996963,-2.498368461034683e-05,-12.0,0.9908894182217294,12.0,-0.0009913817715490464,-9.909144019063396e-05,-9.909144021561765e-05,-0.0001981853787996963,0.001288638702395525,9.909144019063397e-05
1,0.00327170000000072,-1.98151449142193,-2.523394676201551e-05,-12.0,0.9907193945384827,12.0,-0.0009914098006233857,-9.90744628485245e-05,-9.907446287375844e-05,-0.0001981514491421931,0.001288615827875414,9.907446284852447e-05
1,0.0032719000000007202,-1.98117206576494,-2.548416903114248e-05,-12.0,0.9905478063740818,12.0,-0.0009914380877044798,-9.905732905431129e-05,-9.905732907979546e-05,-0.000198117206576494,0.00128859274203319,9.90573290543113e-05
1,0.00327210000000072,-1.98082651156673,-2.573435102193322e-05,-12.0,0.9903746539994885,12.0,-0.000991466632735194,-9.904003883505102e-05,-9.904003886078541e-05,-0.000198082651156673,0.00128856944489289,9.904003883505105e-05
1,0.00327230000000072,-1.980477829372975,-2.59844923389263e-05,-12.0,0.9901999376881345,12.0,-0.0009914954356579075,-9.902259221804734e-05,-9.902259224403183e-05,-0.0001980477829372975,0.001288545936478591,9.902259221804735e-05
1,0.003272500000000721,-1.980126019734293,-2.623459258710437e-05,-12.0,0.9900236577159197,12.0,-0.000991524496414417,-9.900498923085067e-05,-9.900498925708528e-05,-0.0001980126019734293,0.001288522216814775,9.900498923085069e-05
1,0.003272700000000721,-1.979771083206237,-2.648465137100597e-05,-12.0,0.9898458143612152,12.0,-0.000991553814945964,-9.898722990125864e-05,-9.898722992774327e-05,-0.0001979771083206237,0.001288498285926101,9.898722990125863e-05
1,0.0032729000000007212,-1.979413020349298,-2.673466829572479e-05,-12.0,0.9896664079048589,12.0,-0.0009915833911933597,-9.896931425731545e-05,-9.896931428405011e-05,-0.0001979413020349298,0.001288474143837398,9.896931425731548e-05
1,0.003273100000000721,-1.979051831728908,-2.698464296557734e-05,-12.0,0.9894854386301588,12.0,-0.0009916132250968879,-9.895124232731244e-05,-9.895124235429711e-05,-0.0001979051831728908,0.001288449790573798,9.895124232731244e-05
1,0.003273300000000721,-1.978687517915431,-2.723457498632342e-05,-12.0,0.9893029068228903,12.0,-0.0009916433165962496,-9.893301413978767e-05,-9.893301416702225e-05,-0.0001978687517915431,0.001288425226160531,9.893301413978767e-05
1,0.003273500000000721,-1.978320079484167,-2.748446396250159e-05,-12.0,0.9891188127712953,12.0,-0.000991673665630674,-9.891462972352579e-05,-9.891462975101025e-05,-0.0001978320079484167,0.001288400450623187,9.891462972352579e-05
1,0.003273700000000721,-1.977949517015352,-2.773430949942757e-05,-12.0,0.9889331567660837,12.0,-0.000991704272138877,-9.88960891075583e-05,-9.889608913529264e-05,-0.0001977949517015352,0.001288375463987523,9.889608910755832e-05
1,0.003273900000000721,-1.977575831094152,-2.798411120175093e-05,-12.0,0.9887459391004324,12.0,-0.0009917351360590188,-9.887739232116343e-05,-9.887739234914752e-05,-0.0001977575831094152,0.001288350266279478,9.887739232116343e-05
1,0.003274100000000721,-1.977199022310668,-2.823386867523148e-05,-12.0,0.9885571600699824,12.0,-0.000991766257328816,-9.885853939386576e-05,-9.885853942209963e-05,-0.0001977199022310668,0.001288324857525253,9.885853939386576e-05
1,0.003274300000000722,-1.976819091259932,-2.848358152496289e-05,-12.0,0.9883668199728428,12.0,-0.000991797635885347,-9.883953035543677e-05,-9.883953038392036e-05,-0.0001976819091259932,0.001288299237751284,9.883953035543678e-05
1,0.003274500000000722,-1.976436038541906,-2.873324935670496e-05,-12.0,0.9881749191095853,12.0,-0.0009918292716652871,-9.882036523589419e-05,-9.882036526462746e-05,-0.0001976436038541906,0.001288273406984231,9.88203652358942e-05
1,0.003274700000000722,-1.976049864761479,-2.898287177488523e-05,-12.0,0.9879814577832484,12.0,-0.000991861164604757,-9.880104406550232e-05,-9.88010440944852e-05,-0.0001976049864761479,0.001288247365250905,9.880104406550234e-05
1,0.003274900000000722,-1.975660570528475,-2.923244838592964e-05,-12.0,0.9877864362993343,12.0,-0.000991893314639336,-9.8781566874772e-05,-9.878156690400447e-05,-0.0001975660570528475,0.001288221112578453,9.878156687477202e-05
1,0.003275100000000722,-1.975268156457641,-2.948197879537595e-05,-12.0,0.9875898549658074,12.0,-0.0009919257217041316,-9.876193369446026e-05,-9.876193372394227e-05,-0.0001975268156457641,0.001288194648994101,9.876193369446029e-05
1,0.0032753000000007217,-1.974872623168649,-2.973146260842885e-05,-12.0,0.9873917140930971,12.0,-0.0009919583857336822,-9.874214455557055e-05,-9.874214458530202e-05,-0.0001974872623168649,0.001288167974525453,9.874214455557055e-05
1,0.0032755000000007223,-1.974473971286101,-2.998089943095916e-05,-12.0,0.9871920139940954,12.0,-0.0009919913066620545,-9.872219948935264e-05,-9.872219951933353e-05,-0.0001974473971286101,0.001288141089200223,9.872219948935264e-05
1,0.003275700000000722,-1.974072201439524,-3.023028886939283e-05,-12.0,0.986990754984155,12.0,-0.0009920244844227738,-9.870209852730244e-05,-9.870209855753272e-05,-0.0001974072201439524,0.001288113993046444,9.870209852730245e-05
1,0.003275900000000722,-1.973667314263362,-3.04796305287125e-05,-12.0,0.9867879373810917,12.0,-0.0009920579189489076,-9.868184170116203e-05,-9.868184173164168e-05,-0.0001973667314263362,0.001288086686092232,9.868184170116204e-05
1,0.003276100000000723,-1.97325931039699,-3.072892401534411e-05,-12.0,0.986583561505183,12.0,-0.000992091610172885,-9.866142904291984e-05,-9.866142907364876e-05,-0.000197325931039699,0.001288059168366065,9.866142904291984e-05
1,0.0032763000000007227,-1.9728481904847,-3.097816893538052e-05,-12.0,0.9863776276791655,12.0,-0.0009921255580267047,-9.864086058481007e-05,-9.864086061578826e-05,-0.00019728481904847,0.001288031439896586,9.86408605848101e-05
1,0.0032765000000007233,-1.972433955175704,-3.122736489458156e-05,-12.0,0.9861701362282365,12.0,-0.0009921597624418937,-9.862013635931311e-05,-9.862013639054048e-05,-0.0001972433955175704,0.001288003500712606,9.862013635931311e-05
1,0.003276700000000723,-1.972016605124137,-3.147651149959518e-05,-12.0,0.9859610874800536,12.0,-0.0009921942233493408,-9.859925639915532e-05,-9.859925643063186e-05,-0.0001972016605124137,0.001287975350843309,9.859925639915532e-05
1,0.003276900000000723,-1.971596140989049,-3.172560835618121e-05,-12.0,0.9857504817647341,12.0,-0.000992228940679532,-9.857822073730902e-05,-9.857822076903466e-05,-0.0001971596140989049,0.001287946990317937,9.857822073730904e-05
1,0.003277100000000723,-1.971172563434411,-3.197465507132069e-05,-12.0,0.9855383194148519,12.0,-0.0009922639143624262,-9.855702940699233e-05,-9.855702943896701e-05,-0.0001971172563434411,0.001287918419165993,9.855702940699233e-05
1,0.003277300000000723,-1.970745873129108,-3.222365125088444e-05,-12.0,0.985324600765441,12.0,-0.00099229914432733,-9.853568244166919e-05,-9.853568247389286e-05,-0.0001970745873129108,0.001287889637417397,9.853568244166919e-05
1,0.003277500000000723,-1.970316070746942,-3.247259650163148e-05,-12.0,0.9851093261539928,12.0,-0.0009923346305032443,-9.851417987504945e-05,-9.851417990752205e-05,-0.0001970316070746943,0.00128786064510196,9.851417987504945e-05
1,0.003277700000000723,-1.96988315696663,-3.272149043043182e-05,-12.0,0.9848924959204542,12.0,-0.0009923703728185046,-9.849252174108846e-05,-9.849252177380997e-05,-0.000196988315696663,0.001287831442249976,9.849252174108848e-05
1,0.003277900000000724,-1.969447132471797,-3.297033264326732e-05,-12.0,0.9846741104072303,12.0,-0.0009924063712010295,-9.847070807398737e-05,-9.847070810695768e-05,-0.0001969447132471797,0.00128780202889181,9.847070807398737e-05
1,0.003278100000000724,-1.969007997950989,-3.321912274734107e-05,-12.0,0.9844541699591822,12.0,-0.0009924426255781271,-9.844873890819295e-05,-9.844873894141209e-05,-0.0001969007997950989,0.001287772405058202,9.844873890819296e-05
1,0.003278300000000724,-1.968565754097655,-3.346786034952309e-05,-12.0,0.9842326749236248,12.0,-0.0009924791358766338,-9.842661427839743e-05,-9.842661431186529e-05,-0.0001968565754097655,0.001287742570779987,9.842661427839743e-05
1,0.003278500000000724,-1.968120401610159,-3.37165450565724e-05,-12.0,0.9840096256503293,12.0,-0.000992515902022928,-9.840433421953858e-05,-9.840433425325512e-05,-0.0001968120401610159,0.001287712526088239,9.84043342195386e-05
1,0.003278700000000724,-1.967671941191773,-3.396517647513697e-05,-12.0,0.983785022491522,12.0,-0.0009925529239428188,-9.838189876679972e-05,-9.83818988007649e-05,-0.0001967671941191773,0.001287682271014293,9.838189876679972e-05
1,0.0032789000000007238,-1.967220373550677,-3.421375421353012e-05,-12.0,0.983558865801881,12.0,-0.0009925902015616161,-9.835930795560944e-05,-9.83593079898232e-05,-0.0001967220373550677,0.001287651805589707,9.835930795560946e-05
1,0.0032791000000007243,-1.966765699399954,-3.446227787795575e-05,-12.0,0.9833311559385374,12.0,-0.0009926277348040746,-9.833656182164152e-05,-9.83365618561038e-05,-0.0001966765699399954,0.001287621129846261,9.833656182164154e-05
1,0.003279300000000724,-1.966307919457598,-3.471074707517285e-05,-12.0,0.9831018932610788,12.0,-0.0009926655235945187,-9.831366040081539e-05,-9.831366043552617e-05,-0.0001966307919457598,0.001287590243815931,9.83136604008154e-05
1,0.003279500000000725,-1.965847034446507,-3.49591614137168e-05,-12.0,0.9828710781315408,12.0,-0.0009927035678567175,-9.829060372929546e-05,-9.829060376425465e-05,-0.0001965847034446507,0.001287559147530912,9.829060372929546e-05
1,0.003279700000000725,-1.965383045094475,-3.520752050101272e-05,-12.0,0.9826387109144108,12.0,-0.0009927418675138855,-9.826739184349118e-05,-9.826739187869871e-05,-0.0001965383045094475,0.00128752784102372,9.826739184349118e-05
1,0.0032799000000007248,-1.964915952134208,-3.545582394326452e-05,-12.0,0.982404791976631,12.0,-0.0009927804224888204,-9.824402478005743e-05,-9.824402481551324e-05,-0.0001964915952134208,0.001287496324326939,9.824402478005743e-05
1,0.0032801000000007253,-1.964445756303309,-3.570407134900755e-05,-12.0,0.98216932168759,12.0,-0.0009928192327037233,-9.822050257589391e-05,-9.8220502611598e-05,-0.0001964445756303309,0.001287464597473489,9.82205025758939e-05
1,0.003280300000000725,-1.963972458344278,-3.595226232633308e-05,-12.0,0.9819323004191268,12.0,-0.0009928582980803513,-9.819682526814532e-05,-9.819682530409758e-05,-0.0001963972458344278,0.001287432660496468,9.819682526814532e-05
1,0.003280500000000725,-1.963496059004516,-3.620039648211115e-05,-12.0,0.981693728545531,12.0,-0.0009928976185399202,-9.817299289420133e-05,-9.817299293040171e-05,-0.0001963496059004517,0.001287400513429252,9.817299289420133e-05
1,0.0032807000000007252,-1.963016559036326,-3.644847342476609e-05,-12.0,0.9814536064435411,12.0,-0.0009929371940031045,-9.814900549169659e-05,-9.814900552814505e-05,-0.0001963016559036326,0.001287368156305368,9.814900549169659e-05
1,0.003280900000000725,-1.962533959196899,-3.669649276238918e-05,-12.0,0.9812119344923409,12.0,-0.000992977024390121,-9.812486309851034e-05,-9.812486313520683e-05,-0.0001962533959196899,0.001287335589158597,9.812486309851033e-05
1,0.003281100000000725,-1.962048260248326,-3.694445410262759e-05,-12.0,0.9809687130735643,12.0,-0.000993017109620603,-9.810056575276668e-05,-9.810056578971116e-05,-0.0001962048260248326,0.001287302812022995,9.81005657527667e-05
1,0.003281300000000726,-1.961559462957592,-3.719235705368362e-05,-12.0,0.9807239425712917,12.0,-0.0009930574496137823,-9.807611349283453e-05,-9.807611353002692e-05,-0.0001961559462957592,0.001287269824932755,9.807611349283454e-05
1,0.003281500000000726,-1.961067568096574,-3.744020122453673e-05,-12.0,0.9804776233720479,12.0,-0.000993098044288307,-9.805150635732724e-05,-9.805150639476745e-05,-0.0001961067568096574,0.001287236627922322,9.805150635732724e-05
1,0.0032817000000007262,-1.960572576442038,-3.768798622250102e-05,-12.0,0.9802297558648052,12.0,-0.0009931388935623259,-9.802674438510275e-05,-9.802674442279077e-05,-0.0001960572576442038,0.001287203221026392,9.802674438510278e-05
1,0.003281900000000726,-1.960074488775645,-3.793571165644494e-05,-12.0,0.9799803404409808,12.0,-0.0009931799973535022,-9.800182761526371e-05,-9.800182765319945e-05,-0.0001960074488775645,0.001287169604279895,9.800182761526373e-05
1,0.003282100000000726,-1.959573305883943,-3.818337713501485e-05,-12.0,0.9797293774944351,12.0,-0.0009932213555789715,-9.797675608715703e-05,-9.797675612534038e-05,-0.0001959573305883943,0.00128713577771794,9.797675608715702e-05
1,0.003282300000000726,-1.959069028558364,-3.843098226707919e-05,-12.0,0.9794768674214716,12.0,-0.0009932629681553146,-9.795152984037384e-05,-9.795152987880483e-05,-0.0001959069028558364,0.001287101741375876,9.795152984037387e-05
1,0.003282500000000726,-1.958561657595233,-3.867852666039617e-05,-12.0,0.9792228106208406,12.0,-0.0009933048349987095,-9.79261489147501e-05,-9.792614895342862e-05,-0.0001958561657595233,0.001287067495289312,9.79261489147501e-05
1,0.0032827000000007264,-1.958051193795757,-3.892600992483342e-05,-12.0,0.9789672074937313,12.0,-0.0009933469560247238,-9.790061335036561e-05,-9.790061338929162e-05,-0.0001958051193795757,0.00128703303949404,9.790061335036562e-05
1,0.003282900000000726,-1.957537637966025,-3.917343166914833e-05,-12.0,0.9787100584437746,12.0,-0.0009933893311484948,-9.787492318754436e-05,-9.78749232267178e-05,-0.0001957537637966025,0.001286998374026058,9.787492318754437e-05
1,0.003283100000000727,-1.957020990917013,-3.942079150132116e-05,-12.0,0.9784513638770466,12.0,-0.0009934319602846187,-9.784907846685479e-05,-9.784907850627558e-05,-0.0001957020990917013,0.00128696349892167,9.784907846685479e-05
1,0.003283300000000727,-1.956501253464578,-3.966808903210772e-05,-12.0,0.9781911242020599,12.0,-0.0009934748433471918,-9.782307922910918e-05,-9.78230792687773e-05,-0.0001956501253464578,0.001286928414217306,9.782307922910921e-05
1,0.003283500000000727,-1.955978426429452,-3.991532386971031e-05,-12.0,0.9779293398297679,12.0,-0.0009935179802497557,-9.779692551536378e-05,-9.779692555527909e-05,-0.0001955978426429452,0.001286893119949714,9.779692551536377e-05
1,0.0032837000000007274,-1.955452510637249,-4.016249562333041e-05,-12.0,0.9776660111735646,12.0,-0.0009935613709054075,-9.777061736691878e-05,-9.777061740708129e-05,-0.0001955452510637249,0.001286857616155809,9.77706173669188e-05
1,0.003283900000000727,-1.954923506918465,-4.040960390272463e-05,-12.0,0.9774011386492824,12.0,-0.000993605015226745,-9.77441548253185e-05,-9.77441548657281e-05,-0.0001954923506918465,0.001286821902872701,9.774415482531852e-05
1,0.003284100000000727,-1.954391416108465,-4.065664831764959e-05,-12.0,0.9771347226751897,12.0,-0.000993648913125783,-9.771753793235072e-05,-9.771753797300738e-05,-0.0001954391416108465,0.001286785980137845,9.771753793235075e-05
1,0.0032843000000007273,-1.953856239047493,-4.090362847697371e-05,-12.0,0.9768667636719948,12.0,-0.0009936930645141479,-9.769076673004719e-05,-9.76907667709508e-05,-0.0001953856239047493,0.001286749847988808,9.769076673004718e-05
1,0.003284500000000727,-1.953317976580668,-4.115054399123075e-05,-12.0,0.9765972620628419,12.0,-0.0009937374693027856,-9.76638412606833e-05,-9.766384130183385e-05,-0.0001953317976580668,0.001286713506463408,9.766384126068332e-05
1,0.003284700000000727,-1.952776629557976,-4.139739446973323e-05,-12.0,0.9763262182733096,12.0,-0.0009937821274023095,-9.763676156677793e-05,-9.763676160817533e-05,-0.0001952776629557976,0.001286676955599753,9.763676156677794e-05
1,0.003284900000000728,-1.952232198834278,-4.164417952257082e-05,-12.0,0.9760536327314135,12.0,-0.0009938270387227777,-9.760952769109359e-05,-9.760952773273778e-05,-0.0001952232198834278,0.001286640195436062,9.760952769109361e-05
1,0.003285100000000728,-1.951684685269306,-4.189089875950014e-05,-12.0,0.9757795058676044,12.0,-0.0009938722031737068,-9.75821396766364e-05,-9.758213971852732e-05,-0.0001951684685269306,0.001286603226010874,9.75821396766364e-05
1,0.0032853000000007283,-1.951134089727654,-4.213755179149903e-05,-12.0,0.9755038381147644,12.0,-0.0009939176206641143,-9.755459756665559e-05,-9.755459760879315e-05,-0.0001951134089727654,0.001286566047362908,9.755459756665559e-05
1,0.003285500000000728,-1.95058041307879,-4.238413822765796e-05,-12.0,0.9752266299082121,12.0,-0.0009939632911025176,-9.752690140464395e-05,-9.752690144702812e-05,-0.000195058041307879,0.001286528659531105,9.752690140464398e-05
1,0.003285700000000728,-1.950023656197042,-4.263065767928786e-05,-12.0,0.9749478816856955,12.0,-0.0009940092143969903,-9.749905123433747e-05,-9.749905127696815e-05,-0.0001950023656197042,0.001286491062554684,9.749905123433747e-05
1,0.003285900000000728,-1.949463819961606,-4.287710975603432e-05,-12.0,0.9746675938873975,12.0,-0.0009940553904550092,-9.747104709971538e-05,-9.747104714259249e-05,-0.0001949463819961606,0.001286453256473016,9.747104709971537e-05
1,0.003286100000000728,-1.948900905256537,-4.312349406931926e-05,-12.0,0.9743857669559295,12.0,-0.0009941018191835932,-9.74428890449999e-05,-9.744288908812337e-05,-0.0001948900905256537,0.001286415241325792,9.744288904499988e-05
1,0.003286300000000728,-1.948334912970755,-4.336981022912134e-05,-12.0,0.9741024013363354,12.0,-0.0009941485004892753,-9.741457711465646e-05,-9.741457715802627e-05,-0.0001948334912970755,0.001286377017152854,9.741457711465646e-05
1,0.003286500000000728,-1.947765843998038,-4.361605784641842e-05,-12.0,0.9738174974760888,12.0,-0.0009941954342780057,-9.738611135339351e-05,-9.73861113970096e-05,-0.0001947765843998039,0.001286338583994254,9.738611135339353e-05
1,0.003286700000000729,-1.947193699237023,-4.386223653229937e-05,-12.0,0.9735310558250905,12.0,-0.000994242620455374,-9.735749180616228e-05,-9.735749185002452e-05,-0.0001947193699237023,0.00128629994189032,9.735749180616228e-05
1,0.003286900000000729,-1.946618479591202,-4.410834589740897e-05,-12.0,0.9732430768356715,12.0,-0.0009942900589263587,-9.732871851815688e-05,-9.732871856226525e-05,-0.0001946618479591202,0.001286261090881591,9.732871851815689e-05
1,0.003287100000000729,-1.946040185968929,-4.435438555305815e-05,-12.0,0.9729535609625908,12.0,-0.0009943377495954114,-9.729979153481438e-05,-9.72997915791688e-05,-0.0001946040185968929,0.001286222031008852,9.729979153481438e-05
1,0.003287300000000729,-1.945458819283403,-4.460035511077987e-05,-12.0,0.9726625086630319,12.0,-0.0009943856923666228,-9.727071090181427e-05,-9.727071094641462e-05,-0.0001945458819283403,0.001286182762313029,9.727071090181427e-05
1,0.003287500000000729,-1.944874380452682,-4.484625418110788e-05,-12.0,0.972369920396607,12.0,-0.000994433887143431,-9.724147666507881e-05,-9.724147670992505e-05,-0.0001944874380452682,0.001286143284835423,9.724147666507881e-05
1,0.0032877000000007288,-1.944286870399677,-4.509208237601925e-05,-12.0,0.9720757966253536,12.0,-0.000994482333828789,-9.721208887077297e-05,-9.721208891586506e-05,-0.0001944286870399677,0.001286103598617472,9.721208887077297e-05
1,0.0032879000000007293,-1.943696290052142,-4.533783930726898e-05,-12.0,0.9717801378137317,12.0,-0.0009945310323252743,-9.71825475653039e-05,-9.718254761064173e-05,-0.0001943696290052142,0.00128606370370081,9.718254756530391e-05
1,0.003288100000000729,-1.943102640342685,-4.558352458583492e-05,-12.0,0.9714829444286286,12.0,-0.0009945799825348683,-9.715285279532144e-05,-9.715285284090497e-05,-0.0001943102640342685,0.001286023600127306,9.715285279532144e-05
1,0.003288300000000729,-1.942505922208759,-4.582913782447129e-05,-12.0,0.9711842169393514,12.0,-0.0009946291843590527,-9.71230046077176e-05,-9.712300465354672e-05,-0.0001942505922208759,0.001285983287939163,9.71230046077176e-05
1,0.00328850000000073,-1.941906136592661,-4.607467863393389e-05,-12.0,0.9708839558176326,12.0,-0.0009946786376988231,-9.709300304962666e-05,-9.709300309570135e-05,-0.0001941906136592661,0.001285942767178652,9.709300304962666e-05
1,0.0032887000000007298,-1.941303284441537,-4.632014662697692e-05,-12.0,0.9705821615376263,12.0,-0.0009947283424547038,-9.706284816842535e-05,-9.706284821474548e-05,-0.0001941303284441537,0.001285902037888365,9.706284816842533e-05
1,0.0032889000000007303,-1.940697366707369,-4.656554141602154e-05,-12.0,0.9702788345759052,12.0,-0.000994778298526608,-9.703254001173212e-05,-9.703254005829767e-05,-0.0001940697366707369,0.00128586110011121,9.703254001173214e-05
1,0.00328910000000073,-1.940088384346984,-4.681086261248968e-05,-12.0,0.9699739754114647,12.0,-0.0009948285058141298,-9.70020786274077e-05,-9.700207867421858e-05,-0.0001940088384346984,0.001285819953890058,9.700207862740772e-05
1,0.00328930000000073,-1.939476338322049,-4.705610982891351e-05,-12.0,0.9696675845257199,12.0,-0.0009948789642162253,-9.697146406355488e-05,-9.697146411061099e-05,-0.0001939476338322049,0.001285778599268261,9.697146406355488e-05
1,0.00328950000000073,-1.938861229599064,-4.730128267804723e-05,-12.0,0.9693596624025023,12.0,-0.0009949296736313645,-9.694069636851802e-05,-9.694069641581932e-05,-0.0001938861229599064,0.001285737036289328,9.694069636851804e-05
1,0.00328970000000073,-1.938243059149374,-4.754638077242301e-05,-12.0,0.9690502095280644,12.0,-0.000994980633957629,-9.690977559088369e-05,-9.690977563843009e-05,-0.0001938243059149374,0.001285695264996889,9.690977559088369e-05
1,0.00328990000000073,-1.937621827949149,-4.779140372501711e-05,-12.0,0.968739226391073,12.0,-0.00099503184509242,-9.68787017794798e-05,-9.687870182727122e-05,-0.0001937621827949149,0.001285653285434951,9.687870177947981e-05
1,0.003290100000000731,-1.9369975369794,-4.803635114780658e-05,-12.0,0.9684267134826147,12.0,-0.000995083306932848,-9.684747498337624e-05,-9.68474750314126e-05,-0.00019369975369794,0.00128561109764759,9.684747498337626e-05
1,0.003290300000000731,-1.936370187225966,-4.828122265498891e-05,-12.0,0.9681126712961882,12.0,-0.0009951350193753011,-9.68160952518843e-05,-9.681609530016555e-05,-0.0001936370187225966,0.00128556870167934,9.681609525188432e-05
1,0.003290500000000731,-1.935739779679515,-4.852601785854116e-05,-12.0,0.9677971003277097,12.0,-0.0009951869823159043,-9.678456263455682e-05,-9.678456268308284e-05,-0.0001935739779679515,0.001285526097574721,9.678456263455682e-05
1,0.003290700000000731,-1.935106315335551,-4.877073637210572e-05,-12.0,0.96748000107551,12.0,-0.00099523919565013,-9.67528771811882e-05,-9.675287722995896e-05,-0.0001935106315335551,0.0012854832853786,9.675287718118821e-05
1,0.003290900000000731,-1.934469795194396,-4.901537780943599e-05,-12.0,0.9671613740403302,12.0,-0.0009952916592729927,-9.672103894181395e-05,-9.672103899082932e-05,-0.0001934469795194396,0.001285440265136051,9.672103894181396e-05
1,0.003291100000000731,-1.933830220261201,-4.925994178295312e-05,-12.0,0.9668412197253267,12.0,-0.0009953443730789935,-9.668904796671096e-05,-9.66890480159709e-05,-0.0001933830220261201,0.001285397036892386,9.668904796671096e-05
1,0.003291300000000731,-1.933187591545944,-4.950442790663256e-05,-12.0,0.9665195386360679,12.0,-0.000995397336962217,-9.665690430639746e-05,-9.665690435590188e-05,-0.0001933187591545944,0.001285353600693151,9.665690430639746e-05
1,0.0032915000000007313,-1.932541910063422,-4.974883579500489e-05,-12.0,0.9661963312805303,12.0,-0.0009954505508161238,-9.662460801163253e-05,-9.662460806138135e-05,-0.0001932541910063422,0.001285309956584102,9.662460801163254e-05
1,0.003291700000000731,-1.931893176833252,-4.99931650608243e-05,-12.0,0.9658715981691033,12.0,-0.0009955040145337851,-9.659215913341639e-05,-9.659215918340958e-05,-0.0001931893176833253,0.00128526610461123,9.659215913341642e-05
1,0.003291900000000732,-1.931241392879875,-5.023741531851034e-05,-12.0,0.9655453398145857,12.0,-0.0009955577280077593,-9.655955772299041e-05,-9.655955777322785e-05,-0.0001931241392879875,0.001285222044820691,9.655955772299043e-05
1,0.003292100000000732,-1.930586559232542,-5.048158618192744e-05,-12.0,0.9652175567321821,12.0,-0.0009956116911300772,-9.652680383183642e-05,-9.652680388231799e-05,-0.0001930586559232542,0.001285177777258992,9.652680383183641e-05
1,0.003292300000000732,-1.929928676925325,-5.072567726516208e-05,-12.0,0.9648882494395079,12.0,-0.0009956659037922977,-9.649389751167732e-05,-9.6493897562403e-05,-0.0001929928676925325,0.00128513330197276,9.649389751167731e-05
1,0.0032925000000007323,-1.929267746997112,-5.096968818274483e-05,-12.0,0.9645574184565849,12.0,-0.0009957203658854524,-9.646083881447679e-05,-9.646083886544646e-05,-0.0001929267746997112,0.001285088619008959,9.646083881447678e-05
1,0.003292700000000732,-1.9286037704916,-5.12136185494283e-05,-12.0,0.9642250643058397,12.0,-0.0009957750773001012,-9.64276277924389e-05,-9.642762784365253e-05,-0.00019286037704916,0.001285043728414703,9.642762779243891e-05
1,0.003292900000000732,-1.927936748457294,-5.145746797996509e-05,-12.0,0.9638911875121027,12.0,-0.0009958300379263596,-9.639426449800827e-05,-9.639426454946573e-05,-0.0001927936748457295,0.001284998630237288,9.639426449800827e-05
1,0.0032931000000007322,-1.927266681947517,-5.170123608722044e-05,-12.0,0.9635557886026149,12.0,-0.0009958852476537744,-9.636074898387021e-05,-9.636074903557148e-05,-0.0001927266681947517,0.001284953324524329,9.636074898387022e-05
1,0.003293300000000732,-1.926593572020394,-5.194492248827842e-05,-12.0,0.9632188681070152,12.0,-0.000995940706371476,-9.632708130295035e-05,-9.632708135489527e-05,-0.0001926593572020394,0.001284907811323677,9.632708130295035e-05
1,0.003293500000000732,-1.925917419738854,-5.218852679722552e-05,-12.0,0.9628804265573457,12.0,-0.0009959964139679839,-9.62932615084143e-05,-9.629326156060282e-05,-0.0001925917419738854,0.001284862090683334,9.62932615084143e-05
1,0.003293700000000733,-1.925238226170633,-5.243204862881434e-05,-12.0,0.9625404644880531,12.0,-0.0009960523703314295,-9.625928965366819e-05,-9.625928970610023e-05,-0.0001925238226170633,0.001284816162651609,9.62592896536682e-05
1,0.003293900000000733,-1.924555992388275,-5.267548759835261e-05,-12.0,0.9621989824359848,12.0,-0.000996108575349458,-9.622516579235831e-05,-9.622516584503383e-05,-0.0001924555992388275,0.001284770027276963,9.622516579235832e-05
1,0.0032941000000007332,-1.923870719469114,-5.291884332203622e-05,-12.0,0.9618559809403855,12.0,-0.000996165028909174,-9.619088997837074e-05,-9.619089003128961e-05,-0.0001923870719469114,0.00128472368460808,9.619088997837076e-05
1,0.003294300000000733,-1.92318240849529,-5.316211541428473e-05,-12.0,0.9615114605429025,12.0,-0.0009962217308971816,-9.615646226583166e-05,-9.615646231899382e-05,-0.000192318240849529,0.001284677134694032,9.615646226583168e-05
1,0.003294500000000733,-1.922491060553742,-5.340530349096095e-05,-12.0,0.9611654217875814,12.0,-0.0009962786811996416,-9.612188270910723e-05,-9.612188276251253e-05,-0.0001922491060553742,0.001284630377583959,9.612188270910723e-05
1,0.003294700000000733,-1.921796676736199,-5.364840716848285e-05,-12.0,0.9608178652208628,12.0,-0.0009963358797021593,-9.608715136280313e-05,-9.608715141645155e-05,-0.00019217966767362,0.001284583413327281,9.608715136280313e-05
1,0.003294900000000733,-1.921099258139188,-5.389142606215813e-05,-12.0,0.9604687913915867,12.0,-0.000996393326290007,-9.605226828176488e-05,-9.605226833565632e-05,-0.0001921099258139188,0.001284536241973555,9.60522682817649e-05
1,0.003295100000000733,-1.920398805864029,-5.413435978773862e-05,-12.0,0.9601182008509896,12.0,-0.000996451020847694,-9.601723352107773e-05,-9.601723357521207e-05,-0.0001920398805864029,0.001284488863572783,9.601723352107775e-05
1,0.003295300000000733,-1.919695321016831,-5.437720796197532e-05,-12.0,0.9597660941527008,12.0,-0.0009965089632595209,-9.59820471360663e-05,-9.598204719044348e-05,-0.0001919695321016832,0.00128444127817498,9.598204713606628e-05
1,0.003295500000000734,-1.918988804708489,-5.461997020173026e-05,-12.0,0.9594124718527426,12.0,-0.0009965671534091225,-9.594670918229442e-05,-9.594670923691438e-05,-0.000191898880470849,0.001284393485830565,9.594670918229444e-05
1,0.003295700000000734,-1.918279258054691,-5.486264612120095e-05,-12.0,0.9590573345095371,12.0,-0.0009966255911797173,-9.591121971556583e-05,-9.591121977042848e-05,-0.0001918279258054691,0.001284345486590024,9.591121971556583e-05
1,0.003295900000000734,-1.917566682175908,-5.510523533946987e-05,-12.0,0.9587006826838925,12.0,-0.000996684276454024,-9.58755787919232e-05,-9.587557884702844e-05,-0.0001917566682175908,0.001284297280504137,9.58755787919232e-05
1,0.003296100000000734,-1.916851078197389,-5.534773747239985e-05,-12.0,0.9583425169390088,12.0,-0.000996743209114248,-9.583978646764812e-05,-9.583978652299585e-05,-0.0001916851078197389,0.001284248867624016,9.583978646764813e-05
1,0.003296300000000734,-1.916132447249174,-5.559015213540963e-05,-12.0,0.9579828378404827,12.0,-0.0009968023890421507,-9.580384279926181e-05,-9.580384285485196e-05,-0.0001916132447249175,0.001284200248000841,9.580384279926181e-05
1,0.0032965000000007337,-1.915410790466081,-5.583247894769272e-05,-12.0,0.9576216459562944,12.0,-0.0009968618161189796,-9.576774784352421e-05,-9.576774789935668e-05,-0.0001915410790466081,0.0012841514216861,9.576774784352421e-05
1,0.0032967000000007343,-1.914686108987697,-5.607471752544502e-05,-12.0,0.9572589418568132,12.0,-0.0009969214902254553,-9.573150165743385e-05,-9.57315017135086e-05,-0.0001914686108987697,0.001284102388731528,9.573150165743386e-05
1,0.003296900000000734,-1.913958403958397,-5.631686748497344e-05,-12.0,0.9568947261148024,12.0,-0.0009969814112419373,-9.569510429822874e-05,-9.56951043545456e-05,-0.0001913958403958397,0.001284053149189071,9.569510429822874e-05
1,0.003297100000000734,-1.913227676527327,-5.655892844513843e-05,-12.0,0.9565289993054066,12.0,-0.0009970415790481607,-9.565855582338516e-05,-9.56585558799441e-05,-0.0001913227676527327,0.001284003703110881,9.565855582338517e-05
1,0.003297300000000735,-1.912493927848401,-5.680090002313509e-05,-12.0,0.956161762006157,12.0,-0.0009971019935234304,-9.562185629061803e-05,-9.562185634741892e-05,-0.0001912493927848401,0.001283954050549374,9.562185629061801e-05
1,0.0032975000000007347,-1.911757159080309,-5.704278183626954e-05,-12.0,0.9557930147969725,12.0,-0.0009971626545466072,-9.558500575788088e-05,-9.558500581492364e-05,-0.0001911757159080309,0.001283904191557148,9.558500575788088e-05
1,0.0032977000000007353,-1.911017371386512,-5.728457350251404e-05,-12.0,0.9554227582601565,12.0,-0.0009972235619959968,-9.55480042833659e-05,-9.55480043406505e-05,-0.0001911017371386512,0.001283854126187076,9.554800428336591e-05
1,0.003297900000000735,-1.910274565935231,-5.752627464006288e-05,-12.0,0.9550509929803925,12.0,-0.0009972847157494469,-9.551085192550327e-05,-9.551085198302953e-05,-0.0001910274565935231,0.001283803854492283,9.551085192550326e-05
1,0.003298100000000735,-1.909528743899457,-5.776788486655526e-05,-12.0,0.9546777195447496,12.0,-0.0009973461156843333,-9.54735487429616e-05,-9.547354880072951e-05,-0.0001909528743899457,0.001283753376526114,9.547354874296162e-05
1,0.003298300000000735,-1.908779906456947,-5.800940380062958e-05,-12.0,0.9543029385426783,12.0,-0.000997407761677574,-9.543609479464789e-05,-9.54360948526573e-05,-0.0001908779906456947,0.001283702692342015,9.54360947946479e-05
1,0.003298500000000735,-1.908028054790213,-5.825083106048012e-05,-12.0,0.9539266505660073,12.0,-0.0009974696536055039,-9.53984901397068e-05,-9.539849019795762e-05,-0.0001908028054790213,0.001283651801993912,9.539849013970679e-05
1,0.003298700000000735,-1.907273190086533,-5.849216626485632e-05,-12.0,0.9535488562089476,12.0,-0.0009975317913440973,-9.536073483752127e-05,-9.536073489601342e-05,-0.0001907273190086533,0.001283600705535709,9.536073483752124e-05
1,0.003298900000000735,-1.906515313537943,-5.873340903228552e-05,-12.0,0.9531695560680888,12.0,-0.0009975941747687733,-9.532282894771213e-05,-9.532282900644553e-05,-0.0001906515313537943,0.001283549403021694,9.532282894771211e-05
1,0.003299100000000736,-1.905754426341231,-5.897455898196124e-05,-12.0,0.952788750742397,12.0,-0.0009976568037544653,-9.52847725301379e-05,-9.528477258911245e-05,-0.0001905754426341231,0.001283497894506352,9.52847725301379e-05
1,0.003299300000000736,-1.904990529697938,-5.921561573318801e-05,-12.0,0.9524064408332134,12.0,-0.0009977196781756487,-9.524656564489464e-05,-9.524656570411025e-05,-0.0001904990529697938,0.001283446180044404,9.524656564489465e-05
1,0.003299500000000736,-1.904223624814365,-5.945657890316092e-05,-12.0,0.9520226269442618,12.0,-0.0009977827979063547,-9.52082083523165e-05,-9.520820841177308e-05,-0.0001904223624814365,0.001283394259690707,9.520820835231649e-05
1,0.003299700000000736,-1.90345371290156,-5.969744811384903e-05,-12.0,0.9516373096816346,12.0,-0.0009978461628199903,-9.516970071297482e-05,-9.516970077267228e-05,-0.000190345371290156,0.001283342133500565,9.516970071297485e-05
1,0.003299900000000736,-1.902680795175313,-5.99382229832246e-05,-12.0,0.9512504896537993,12.0,-0.0009979097727897263,-9.513104278767825e-05,-9.51310428476165e-05,-0.0001902680795175313,0.001283289801529253,9.513104278767826e-05
1,0.0033001000000007358,-1.901904872856167,-6.017890313070318e-05,-12.0,0.9508621674715987,12.0,-0.0009979736276879703,-9.509223463747293e-05,-9.509223469765183e-05,-0.0001901904872856167,0.001283237263832504,9.509223463747295e-05
1,0.0033003000000007363,-1.901125947169414,-6.041948817636644e-05,-12.0,0.9504723437482474,12.0,-0.0009980377273868801,-9.505327632364239e-05,-9.505327638406189e-05,-0.0001901125947169414,0.001283184520466135,9.505327632364238e-05
1,0.003300500000000736,-1.900344019345078,-6.065997774074017e-05,-12.0,0.9500810190993283,12.0,-0.000998102071758003,-9.50141679077069e-05,-9.501416796836689e-05,-0.0001900344019345078,0.00128313157148624,9.501416790770691e-05
1,0.003300700000000737,-1.89955909061793,-6.090037144268479e-05,-12.0,0.9496881941427974,12.0,-0.0009981666606724282,-9.497490945142403e-05,-9.49749095123244e-05,-0.0001899559090617931,0.001283078416949177,9.497490945142402e-05
1,0.003300900000000737,-1.898771162227482,-6.114066890294811e-05,-12.0,0.94929386949898,12.0,-0.0009982314940008424,-9.493550101678828e-05,-9.493550107792897e-05,-0.0001898771162227482,0.001283025056911469,9.49355010167883e-05
1,0.0033011000000007368,-1.897980235417977,-6.138086974238899e-05,-12.0,0.9488980457905665,12.0,-0.0009982965716133496,-9.489594266603089e-05,-9.489594272741175e-05,-0.0001897980235417977,0.001282971491429918,9.489594266603089e-05
1,0.0033013000000007373,-1.897186311438397,-6.162097358097807e-05,-12.0,0.9485007236426174,12.0,-0.0009983618933796234,-9.485623446161981e-05,-9.485623452324082e-05,-0.0001897186311438397,0.001282917720561577,9.485623446161984e-05
1,0.003301500000000737,-1.896389391542456,-6.186098003879703e-05,-12.0,0.94810190368256,12.0,-0.0009984274591688935,-9.48163764662599e-05,-9.481637652812088e-05,-0.0001896389391542456,0.001282863744363663,9.481637646625988e-05
1,0.003301700000000737,-1.895589476988599,-6.210088873825903e-05,-12.0,0.947701586540183,12.0,-0.0009984932688497927,-9.477636874289213e-05,-9.477636880499302e-05,-0.0001895589476988599,0.001282809562893755,9.477636874289213e-05
1,0.0033019000000007372,-1.894786569039998,-6.234069929866859e-05,-12.0,0.9472997728476442,12.0,-0.0009985593222906486,-9.473621135469428e-05,-9.473621141703497e-05,-0.0001894786569039998,0.00128275517620946,9.47362113546943e-05
1,0.003302100000000737,-1.893980668964555,-6.258041134232784e-05,-12.0,0.94689646323946,12.0,-0.0009986256193592058,-9.469590436508025e-05,-9.469590442766064e-05,-0.0001893980668964555,0.001282700584368759,9.469590436508023e-05
1,0.003302300000000737,-1.893171778034894,-6.282002448976254e-05,-12.0,0.9464916583525124,12.0,-0.0009986921599226956,-9.465544783770023e-05,-9.465544790052023e-05,-0.0001893171778034894,0.001282645787429898,9.465544783770021e-05
1,0.003302500000000738,-1.892359897528368,-6.305953836271971e-05,-12.0,0.9460853588260447,12.0,-0.0009987589438479882,-9.461484183644074e-05,-9.46148418995003e-05,-0.0001892359897528368,0.001282590785451218,9.461484183644075e-05
1,0.003302700000000738,-1.891545028727043,-6.329895258316842e-05,-12.0,0.945677565301657,12.0,-0.000998825971001413,-9.457408642542403e-05,-9.4574086488723e-05,-0.0001891545028727043,0.001282535578491409,9.457408642542402e-05
1,0.0033029000000007382,-1.890727172917708,-6.353826677207852e-05,-12.0,0.9452682784233134,12.0,-0.0009988932412487717,-9.453318166900853e-05,-9.453318173254681e-05,-0.0001890727172917709,0.001282480166609382,9.453318166900856e-05
1,0.003303100000000738,-1.88990633139187,-6.37774805525293e-05,-12.0,0.9448574988373313,12.0,-0.000998960754455533,-9.449212763178837e-05,-9.449212769556586e-05,-0.000188990633139187,0.001282424549864186,9.449212763178839e-05
1,0.003303300000000738,-1.889082505445743,-6.401659354460243e-05,-12.0,0.9444452271923889,12.0,-0.0009990285104865132,-9.445092437859338e-05,-9.445092444260995e-05,-0.0001889082505445743,0.001282368728315247,9.445092437859336e-05
1,0.003303500000000738,-1.88825569638027,-6.425560537215436e-05,-12.0,0.9440314641395205,12.0,-0.0009990965092062376,-9.440957197448927e-05,-9.44095720387449e-05,-0.000188825569638027,0.001282312702022087,9.440957197448928e-05
1,0.003303700000000738,-1.887425905501089,-6.449451565815334e-05,-12.0,0.9436162103321123,12.0,-0.0009991647504786483,-9.436807048477703e-05,-9.436807054927157e-05,-0.0001887425905501089,0.001282256471044532,9.436807048477705e-05
1,0.0033039000000007384,-1.886593134118552,-6.473332402323617e-05,-12.0,0.9431994664259078,12.0,-0.0009992332341672017,-9.432641997499313e-05,-9.432642003972642e-05,-0.0001886593134118552,0.001282200035442632,9.432641997499311e-05
1,0.003304100000000738,-1.885757383547721,-6.497203009103725e-05,-12.0,0.9427812330790036,12.0,-0.000999301960134924,-9.428462051090947e-05,-9.42846205758815e-05,-0.0001885757383547721,0.001282143395276714,9.428462051090947e-05
1,0.003304300000000739,-1.884918655108359,-6.521063348530198e-05,-12.0,0.9423615109518451,12.0,-0.0009993709282443836,-9.424267215853303e-05,-9.424267222374367e-05,-0.0001884918655108359,0.001282086550607256,9.424267215853304e-05
1,0.003304500000000739,-1.88407695012493,-6.54491338273333e-05,-12.0,0.9419403007072329,12.0,-0.0009994401383576351,-9.420057498410604e-05,-9.420057504955515e-05,-0.000188407695012493,0.001282029501494975,9.420057498410602e-05
1,0.003304700000000739,-1.883232269926604,-6.568753074209788e-05,-12.0,0.9415176030103134,12.0,-0.0009995095903362755,-9.415832905410557e-05,-9.415832911979308e-05,-0.0001883232269926604,0.001281972248000932,9.415832905410555e-05
1,0.0033049000000007394,-1.882384615847241,-6.592582385156476e-05,-12.0,0.941093418528585,12.0,-0.0009995792840414713,-9.411593443524366e-05,-9.411593450116948e-05,-0.0001882384615847241,0.001281914790186287,9.411593443524366e-05
1,0.003305100000000739,-1.881533989225408,-6.616401277992345e-05,-12.0,0.940667747931894,12.0,-0.0009996492193338202,-9.40733911944674e-05,-9.407339126063142e-05,-0.0001881533989225408,0.001281857128112504,9.40733911944674e-05
1,0.0033053000000007387,-1.880680391404357,-6.640209715147449e-05,-12.0,0.9402405918924301,12.0,-0.0009997193960735729,-9.403069939895815e-05,-9.403069946536026e-05,-0.0001880680391404357,0.001281799261841285,9.403069939895816e-05
1,0.0033055000000007393,-1.879823823732031,-6.664007658852e-05,-12.0,0.9398119510847323,12.0,-0.0009997898141204525,-9.398785911613208e-05,-9.398785918277215e-05,-0.0001879823823732031,0.001281741191434468,9.398785911613208e-05
1,0.003305700000000739,-1.878964287561075,-6.687795071613767e-05,-12.0,0.9393818261856839,12.0,-0.0009998604733336552,-9.394487041364e-05,-9.394487048051797e-05,-0.0001878964287561075,0.001281682916954283,9.394487041364e-05
1,0.003305900000000739,-1.878101784248808,-6.711571915885006e-05,-12.0,0.9389502178745086,12.0,-0.0009999313735719884,-9.390173335936676e-05,-9.390173342648248e-05,-0.0001878101784248808,0.001281624438463122,9.390173335936674e-05
1,0.00330610000000074,-1.877236315157241,-6.73533815404026e-05,-12.0,0.9385171268327759,12.0,-0.001000002514693801,-9.385844802143162e-05,-9.385844808878501e-05,-0.0001877236315157241,0.001281565756023589,9.385844802143163e-05
1,0.0033063000000007397,-1.876367881653068,-6.759093748509581e-05,-12.0,0.9380825537443971,12.0,-0.001000073896556888,-9.381501446818821e-05,-9.381501453577916e-05,-0.0001876367881653068,0.001281506869698482,9.381501446818823e-05
1,0.0033065000000007403,-1.875496485107666,-6.782838661867352e-05,-12.0,0.9376464992956209,12.0,-0.001000145519018628,-9.377143276822392e-05,-9.377143283605235e-05,-0.0001875496485107666,0.001281447779550984,9.377143276822396e-05
1,0.00330670000000074,-1.874622126897083,-6.806572856532522e-05,-12.0,0.9372089641750359,12.0,-0.001000217381935981,-9.37277029903601e-05,-9.372770305842587e-05,-0.0001874622126897083,0.001281388485644366,9.372770299036012e-05
1,0.00330690000000074,-1.87374480840205,-6.830296294968452e-05,-12.0,0.9367699490735708,12.0,-0.00100028948516534,-9.368382520365206e-05,-9.368382527195503e-05,-0.000187374480840205,0.001281328988042216,9.368382520365205e-05
1,0.00330710000000074,-1.872864531007979,-6.85400893978283e-05,-12.0,0.9363294546844916,12.0,-0.00100036182856271,-9.363979947738894e-05,-9.363979954592905e-05,-0.0001872864531007979,0.001281269286808231,9.363979947738894e-05
1,0.00330730000000074,-1.871981296104941,-6.877710753494526e-05,-12.0,0.9358874817033968,12.0,-0.001000434411983608,-9.359562588109317e-05,-9.35956259498703e-05,-0.0001871981296104941,0.001281209382006571,9.359562588109317e-05
1,0.00330750000000074,-1.871095105087684,-6.901401698600207e-05,-12.0,0.9354440308282229,12.0,-0.001000507235283013,-9.355130448452089e-05,-9.355130455353491e-05,-0.0001871095105087684,0.001281149273701432,9.35513044845209e-05
1,0.00330770000000074,-1.87020595935563,-6.925081737718664e-05,-12.0,0.934999102759241,12.0,-0.001000580298315609,-9.350683535766181e-05,-9.350683542691265e-05,-0.000187020595935563,0.001281088961957277,9.350683535766182e-05
1,0.003307900000000741,-1.869313860312857,-6.948750833501993e-05,-12.0,0.9345526981990506,12.0,-0.001000653600935444,-9.346221857073856e-05,-9.346221864022609e-05,-0.0001869313860312856,0.001281028446838917,9.346221857073857e-05
1,0.003308100000000741,-1.868418809368109,-6.972408948446862e-05,-12.0,0.9341048178525867,12.0,-0.001000727142996219,-9.341745419420712e-05,-9.341745426393122e-05,-0.0001868418809368109,0.001280967728411242,9.341745419420712e-05
1,0.003308300000000741,-1.867520807934797,-6.99605604521647e-05,-12.0,0.9336554624271147,12.0,-0.001000800924351022,-9.337254229875668e-05,-9.337254236871724e-05,-0.0001867520807934797,0.001280906806739548,9.33725422987567e-05
1,0.003308500000000741,-1.866619857430985,-7.019692086518425e-05,-12.0,0.9332046326322258,12.0,-0.001000874944852695,-9.33274829553091e-05,-9.3327483025506e-05,-0.0001866619857430985,0.001280845681889201,9.33274829553091e-05
1,0.003308700000000741,-1.865715959279396,-7.043317034916008e-05,-12.0,0.9327523291798427,12.0,-0.001000949204353424,-9.328227623501919e-05,-9.328227630545235e-05,-0.0001865715959279396,0.001280784353925896,9.32822762350192e-05
1,0.0033089000000007408,-1.864809114907412,-7.066930853127928e-05,-12.0,0.932298552784216,12.0,-0.001001023702705037,-9.323692220927472e-05,-9.323692227994407e-05,-0.0001864809114907412,0.001280722822915539,9.323692220927474e-05
1,0.0033091000000007413,-1.863899325747062,-7.090533503906205e-05,-12.0,0.9318433041619191,12.0,-0.001001098439758874,-9.31914209496958e-05,-9.319142102060115e-05,-0.0001863899325747062,0.001280661088924287,9.319142094969582e-05
1,0.003309300000000741,-1.862986593235021,-7.114124949947342e-05,-12.0,0.931386584031849,12.0,-0.001001173415365791,-9.314577252813485e-05,-9.31457725992761e-05,-0.0001862986593235022,0.001280599152018475,9.314577252813485e-05
1,0.003309500000000741,-1.862070918812625,-7.13770515380352e-05,-12.0,0.9309283931152345,12.0,-0.001001248629376186,-9.309997701667726e-05,-9.309997708805433e-05,-0.0001862070918812625,0.001280537012264785,9.309997701667725e-05
1,0.003309700000000742,-1.861152303925847,-7.161274078493207e-05,-12.0,0.9304687321356189,12.0,-0.001001324081640054,-9.305403448764038e-05,-9.305403455925312e-05,-0.0001861152303925847,0.001280474669730067,9.305403448764038e-05
1,0.0033099000000007418,-1.860230750025301,-7.184831686701809e-05,-12.0,0.930007601818867,12.0,-0.001001399772006889,-9.300794501357339e-05,-9.30079450854217e-05,-0.0001860230750025301,0.00128041212448135,9.30079450135734e-05
1,0.0033101000000007423,-1.859306258566251,-7.208377941048116e-05,-12.0,0.9295450028931718,12.0,-0.001001475700325674,-9.296170866725821e-05,-9.2961708739342e-05,-0.0001859306258566251,0.001280349376585985,9.296170866725822e-05
1,0.003310300000000742,-1.858378831008595,-7.231912804572804e-05,-12.0,0.9290809360890375,12.0,-0.001001551866445044,-9.291532552170833e-05,-9.291532559402748e-05,-0.0001858378831008595,0.001280286426111554,9.291532552170833e-05
1,0.003310500000000742,-1.857448468816861,-7.255436239950175e-05,-12.0,0.9286154021392877,12.0,-0.001001628270213065,-9.286879565016874e-05,-9.286879572272308e-05,-0.0001857448468816861,0.001280223273125852,9.286879565016872e-05
1,0.003310700000000742,-1.856515173460223,-7.278948210076575e-05,-12.0,0.9281484017790652,12.0,-0.001001704911477413,-9.28221191261166e-05,-9.282211919890612e-05,-0.0001856515173460223,0.00128015991769688,9.28221191261166e-05
1,0.003310900000000742,-1.855578946412479,-7.30244867774843e-05,-12.0,0.9276799357458287,12.0,-0.001001781790085254,-9.277529602326062e-05,-9.27752960962851e-05,-0.000185557894641248,0.001280096359892971,9.277529602326062e-05
1,0.003311100000000742,-1.854639789152061,-7.325937605950905e-05,-12.0,0.9272100047793476,12.0,-0.001001858905883377,-9.27283264155407e-05,-9.272832648880009e-05,-0.0001854639789152061,0.001280032599782543,9.272832641554071e-05
1,0.003311300000000743,-1.853697703162024,-7.349414957502631e-05,-12.0,0.926738609621708,12.0,-0.001001936258718042,-9.268121037712829e-05,-9.268121045062245e-05,-0.0001853697703162024,0.001279968637434431,9.26812103771283e-05
1,0.003311500000000743,-1.852752689930051,-7.372880695255546e-05,-12.0,0.9262657510173087,12.0,-0.00100201384843504,-9.263394798242613e-05,-9.263394805615494e-05,-0.0001852752689930051,0.001279904472917592,9.263394798242613e-05
1,0.003311700000000743,-1.851804750948447,-7.396334782350245e-05,-12.0,0.9257914297128552,12.0,-0.001002091674879801,-9.258653930606786e-05,-9.25865393800312e-05,-0.0001851804750948447,0.001279840106301194,9.258653930606787e-05
1,0.003311900000000743,-1.850853887714135,-7.419777181494336e-05,-12.0,0.9253156464573672,12.0,-0.001002169737897213,-9.253898442291822e-05,-9.2538984497116e-05,-0.0001850853887714135,0.001279775537654737,9.253898442291822e-05
1,0.003312100000000743,-1.84990010172866,-7.443207855806211e-05,-12.0,0.9248384020021724,12.0,-0.001002248037331732,-9.249128340807306e-05,-9.249128348250511e-05,-0.000184990010172866,0.001279710767047887,9.249128340807304e-05
1,0.003312300000000743,-1.84894339449818,-7.46662676824883e-05,-12.0,0.9243596971009038,12.0,-0.001002326573027332,-9.244343633685862e-05,-9.24434364115249e-05,-0.000184894339449818,0.00127964579455063,9.244343633685864e-05
1,0.003312500000000743,-1.847983767533461,-7.49003388187397e-05,-12.0,0.9238795325094991,12.0,-0.001002405344827637,-9.239544328483176e-05,-9.239544335973213e-05,-0.0001847983767533461,0.001279580620233048,9.239544328483179e-05
1,0.0033127000000007433,-1.847021222349889,-7.51342915948916e-05,-12.0,0.923397908986209,12.0,-0.001002484352575633,-9.234730432778037e-05,-9.234730440291467e-05,-0.0001847021222349889,0.001279515244165655,9.23473043277804e-05
1,0.003312900000000743,-1.846055760467454,-7.536812564390427e-05,-12.0,0.9229148272915801,12.0,-0.001002563596114059,-9.229901954172238e-05,-9.229901961709054e-05,-0.0001846055760467454,0.001279449666418978,9.229901954172241e-05
1,0.003313100000000744,-1.845087383410748,-7.56018405958514e-05,-12.0,0.9224302881884618,12.0,-0.001002643075285081,-9.225058900290577e-05,-9.225058907850762e-05,-0.0001845087383410748,0.001279383887063945,9.225058900290577e-05
1,0.003313300000000744,-1.844116092708975,-7.583543608014054e-05,-12.0,0.9219442924420127,12.0,-0.001002722789930369,-9.220201278780929e-05,-9.220201286364474e-05,-0.0001844116092708975,0.001279317906171709,9.220201278780929e-05
1,0.003313500000000744,-1.843141889895935,-7.606891172950991e-05,-12.0,0.9214568408196838,12.0,-0.00100280273989127,-9.215329097314134e-05,-9.215329104921027e-05,-0.0001843141889895935,0.001279251723813588,9.215329097314134e-05
1,0.0033137000000007443,-1.842164776510021,-7.630226717425526e-05,-12.0,0.9209679340912265,12.0,-0.001002882925008608,-9.210442363584008e-05,-9.210442371214234e-05,-0.0001842164776510021,0.001279185340061176,9.210442363584007e-05
1,0.003313900000000744,-1.841184754094233,-7.653550204589354e-05,-12.0,0.9204775730286923,12.0,-0.001002963345122732,-9.205541085307382e-05,-9.205541092960935e-05,-0.0001841184754094233,0.001279118754986319,9.205541085307382e-05
1,0.003314100000000744,-1.84020182419616,-7.676861597583073e-05,-12.0,0.9199857584064298,12.0,-0.001003044000073602,-9.200625270224056e-05,-9.200625277900918e-05,-0.000184020182419616,0.001279051968661099,9.200625270224058e-05
1,0.0033143000000007443,-1.83921598836798,-7.700160859669403e-05,-12.0,0.9194924910010788,12.0,-0.00100312488970071,-9.195694926096756e-05,-9.195694933796917e-05,-0.000183921598836798,0.001278984981157763,9.195694926096755e-05
1,0.003314500000000744,-1.838227248166462,-7.723447953955631e-05,-12.0,0.918997771591577,12.0,-0.001003206013843044,-9.190750060711163e-05,-9.190750068434613e-05,-0.0001838227248166462,0.001278917792548892,9.190750060711166e-05
1,0.003314700000000744,-1.837235605152965,-7.746722843648968e-05,-12.0,0.9185016009591556,12.0,-0.001003287372339179,-9.18579068187592e-05,-9.185790689622644e-05,-0.0001837235605152965,0.001278850402907331,9.185790681875921e-05
1,0.003314900000000745,-1.836241060893425,-7.769985492067644e-05,-12.0,0.9180039798873326,12.0,-0.001003368965027285,-9.180816797422534e-05,-9.18081680519252e-05,-0.0001836241060893425,0.001278782812306048,9.180816797422534e-05
1,0.003315100000000745,-1.835243616958361,-7.793235862396664e-05,-12.0,0.9175049091619212,12.0,-0.001003450791745034,-9.175828415205452e-05,-9.175828422998686e-05,-0.0001835243616958361,0.001278715020818236,9.175828415205452e-05
1,0.0033153000000007453,-1.834243274922879,-7.81647391790985e-05,-12.0,0.9170043895710235,12.0,-0.001003532852329653,-9.170825543102024e-05,-9.1708255509185e-05,-0.0001834243274922879,0.001278647028517516,9.170825543102026e-05
1,0.003315500000000745,-1.83324003636665,-7.839699621969842e-05,-12.0,0.9165024219050254,12.0,-0.001003615146617898,-9.16580818901245e-05,-9.165808196852151e-05,-0.000183324003636665,0.001278578835477592,9.165808189012452e-05
1,0.003315700000000745,-1.832233902873926,-7.862912937772748e-05,-12.0,0.9159990069566054,12.0,-0.00100369767444615,-9.160776360859833e-05,-9.160776368722744e-05,-0.0001832233902873926,0.001278510441772407,9.160776360859832e-05
1,0.003315900000000745,-1.831224876033529,-7.88611382879223e-05,-12.0,0.9154941455207215,12.0,-0.001003780435650276,-9.155730066590095e-05,-9.155730074476208e-05,-0.000183122487603353,0.001278441847476247,9.155730066590095e-05
1,0.003316100000000745,-1.830212957438851,-7.909302258279904e-05,-12.0,0.9149878383946215,12.0,-0.001003863430065741,-9.150669314172041e-05,-9.150669322081345e-05,-0.0001830212957438851,0.001278373052663553,9.150669314172044e-05
1,0.003316300000000745,-1.829198148687848,-7.932478189687231e-05,-12.0,0.9144800863778308,12.0,-0.001003946657527552,-9.145594111597275e-05,-9.145594119529755e-05,-0.0001829198148687848,0.001278304057408947,9.145594111597277e-05
1,0.003316500000000745,-1.828180451383038,-7.955641586299134e-05,-12.0,0.9139708902721605,12.0,-0.001004030117870258,-9.140504466880234e-05,-9.140504474835878e-05,-0.0001828180451383039,0.001278234861787408,9.140504466880236e-05
1,0.003316700000000746,-1.82715986713151,-7.978792411578173e-05,-12.0,0.9134602508817021,12.0,-0.001004113810927978,-9.13540038805818e-05,-9.135400396036973e-05,-0.000182715986713151,0.001278165465874115,9.135400388058179e-05
1,0.003316900000000746,-1.826136397544901,-8.001930629020215e-05,-12.0,0.9129481690128223,12.0,-0.001004197736534332,-9.130281883191125e-05,-9.130281891193056e-05,-0.0001826136397544901,0.001278095869744519,9.130281883191125e-05
1,0.003317100000000746,-1.825110044239409,-8.025056201976799e-05,-12.0,0.9124346454741693,12.0,-0.001004281894522591,-9.12514896036189e-05,-9.125148968386947e-05,-0.0001825110044239409,0.001278026073474228,9.125148960361892e-05
1,0.003317300000000746,-1.82408080883579,-8.048169093965996e-05,-12.0,0.9119196810766687,12.0,-0.001004366284725541,-9.120001627676082e-05,-9.120001635724251e-05,-0.000182408080883579,0.001277956077139139,9.120001627676083e-05
1,0.003317500000000746,-1.823048692959343,-8.071269268528081e-05,-12.0,0.9114032766335164,12.0,-0.001004450906975485,-9.114839893262018e-05,-9.114839901333287e-05,-0.0001823048692959343,0.001277885880815455,9.114839893262018e-05
1,0.0033177000000007457,-1.822013698239918,-8.09435668910341e-05,-12.0,0.9108854329601871,12.0,-0.001004535761104347,-9.109663765270779e-05,-9.109663773365135e-05,-0.0001822013698239918,0.001277815484579448,9.109663765270781e-05
1,0.0033179000000007463,-1.820975826311919,-8.117431319210056e-05,-12.0,0.910366150874428,12.0,-0.001004620846943555,-9.1044732518762e-05,-9.104473259993633e-05,-0.0001820975826311919,0.00127774488850782,9.104473251876202e-05
1,0.003318100000000746,-1.819935078814281,-8.140493122510417e-05,-12.0,0.9098454311962536,12.0,-0.001004706164324146,-9.099268361274787e-05,-9.099268369415282e-05,-0.0001819935078814281,0.001277674092677372,9.099268361274787e-05
1,0.003318300000000746,-1.81889145739049,-8.163542062433748e-05,-12.0,0.9093232747479542,12.0,-0.001004791713076672,-9.094049101685785e-05,-9.094049109849329e-05,-0.000181889145739049,0.001277603097165236,9.094049101685785e-05
1,0.003318500000000747,-1.817844963688564,-8.18657810274237e-05,-12.0,0.9087996823540831,12.0,-0.001004877493031284,-9.088815481351105e-05,-9.088815489537683e-05,-0.0001817844963688564,0.001277531902048712,9.088815481351107e-05
1,0.0033187000000007467,-1.816795599361058,-8.209601206898842e-05,-12.0,0.9082746548414657,12.0,-0.0010049635040177,-9.083567508535347e-05,-9.083567516744949e-05,-0.0001816795599361059,0.001277460507405404,9.083567508535348e-05
1,0.0033189000000007473,-1.815743366065067,-8.232611338576667e-05,-12.0,0.9077481930391937,12.0,-0.001005049745865086,-9.078305191525794e-05,-9.078305199758408e-05,-0.0001815743366065067,0.001277388913313138,9.078305191525796e-05
1,0.003319100000000747,-1.814688265462205,-8.255608461527064e-05,-12.0,0.907220297778619,12.0,-0.001005136218402355,-9.073028538632341e-05,-9.07302854688795e-05,-0.0001814688265462205,0.001277317119849949,9.073028538632343e-05
1,0.003319300000000747,-1.813630299218622,-8.27859253930141e-05,-12.0,0.9066909698933618,12.0,-0.001005222921457785,-9.067737558187547e-05,-9.067737566466143e-05,-0.0001813630299218622,0.001277245127094137,9.06773755818755e-05
1,0.003319500000000747,-1.812569469004991,-8.301563535617618e-05,-12.0,0.9061602102193047,12.0,-0.001005309854859415,-9.06243225854661e-05,-9.062432266848173e-05,-0.0001812569469004991,0.001277172935124263,9.062432258546609e-05
1,0.003319700000000747,-1.811505776496507,-8.324521414293518e-05,-12.0,0.9056280195945866,12.0,-0.001005397018434662,-9.057112648087296e-05,-9.057112656411819e-05,-0.0001811505776496507,0.001277100544019097,9.057112648087296e-05
1,0.003319900000000747,-1.810439223372886,-8.347466138958204e-05,-12.0,0.9050943988596121,12.0,-0.001005484412010649,-9.051778735210016e-05,-9.051778743557484e-05,-0.0001810439223372886,0.00127702795385766,9.051778735210017e-05
1,0.003320100000000747,-1.809369811318359,-8.370397673451713e-05,-12.0,0.9045593488570381,12.0,-0.001005572035414001,-9.046430528337727e-05,-9.046430536708125e-05,-0.0001809369811318359,0.001276955164719207,9.046430528337727e-05
1,0.003320300000000748,-1.808297542021676,-8.393315981436444e-05,-12.0,0.9040228704317849,12.0,-0.001005659888470872,-9.041068035915992e-05,-9.041068044309306e-05,-0.0001808297542021676,0.001276882176683272,9.041068035915993e-05
1,0.003320500000000748,-1.807222417176094,-8.416221026885662e-05,-12.0,0.9034849644310218,12.0,-0.001005747971007012,-9.035691266412905e-05,-9.035691274829128e-05,-0.0001807222417176094,0.001276808989829584,9.035691266412907e-05
1,0.003320700000000748,-1.806144438479381,-8.439112773461765e-05,-12.0,0.9029456317041774,12.0,-0.001005836282847825,-9.03030022831912e-05,-9.030300236758233e-05,-0.0001806144438479381,0.001276735604238105,9.03030022831912e-05
1,0.003320900000000748,-1.805063607633817,-8.461991185082507e-05,-12.0,0.9024048731029333,12.0,-0.001005924823818116,-9.02489493014784e-05,-9.024894938609831e-05,-0.0001805063607633817,0.001276662019989133,9.024894930147842e-05
1,0.003321100000000748,-1.803979926346178,-8.484856225665638e-05,-12.0,0.9018626894812181,12.0,-0.001006013593742361,-9.019475380434746e-05,-9.019475388919605e-05,-0.0001803979926346178,0.001276588237163076,9.019475380434747e-05
1,0.003321300000000748,-1.802893396327742,-8.507707859006786e-05,-12.0,0.9013190816952151,12.0,-0.001006102592444588,-9.01404158773805e-05,-9.014041596245761e-05,-0.0001802893396327742,0.001276514255840702,9.014041587738052e-05
1,0.0033215000000007483,-1.801804019294293,-8.530546048990395e-05,-12.0,0.9007740506033569,12.0,-0.001006191819748412,-9.008593560638469e-05,-9.008593569169015e-05,-0.0001801804019294293,0.001276440076102933,9.008593560638469e-05
1,0.003321700000000748,-1.800711796966102,-8.553370759656342e-05,-12.0,0.9002275970663189,12.0,-0.001006281275476945,-9.003131307739156e-05,-9.003131316292526e-05,-0.0001800711796966102,0.001276365698030968,9.003131307739156e-05
1,0.003321900000000749,-1.799616731067938,-8.576181954889073e-05,-12.0,0.8996797219470274,12.0,-0.001006370959452926,-8.997654837665763e-05,-8.997654846241945e-05,-0.0001799616731067938,0.001276291121706241,8.997654837665763e-05
1,0.003322100000000749,-1.798518823329061,-8.598979598628542e-05,-12.0,0.8991304261106534,12.0,-0.001006460871498666,-8.992164159066397e-05,-8.992164167665376e-05,-0.0001798518823329061,0.001276216347210465,8.992164159066397e-05
1,0.003322300000000749,-1.797418075483217,-8.621763655003445e-05,-12.0,0.898579710424607,12.0,-0.001006551011436013,-8.98665928061157e-05,-8.986659289233334e-05,-0.0001797418075483217,0.001276141374625561,8.986659280611572e-05
1,0.0033225000000007493,-1.796314489268632,-8.644534087853817e-05,-12.0,0.898027575758545,12.0,-0.001006641379086418,-8.981140210994235e-05,-8.981140219638771e-05,-0.0001796314489268632,0.001276066204033643,8.981140210994236e-05
1,0.003322700000000749,-1.795208066428027,-8.66729086129725e-05,-12.0,0.897474022984365,12.0,-0.001006731974270855,-8.97560695892978e-05,-8.97560696759707e-05,-0.0001795208066428027,0.001275990835517202,8.97560695892978e-05
1,0.003322900000000749,-1.794098808708591,-8.690033939440234e-05,-12.0,0.8969190529762006,12.0,-0.0010068227968099,-8.97005953315595e-05,-8.970059541845984e-05,-0.0001794098808708591,0.001275915269158864,8.97005953315595e-05
1,0.0033231000000007492,-1.792986717861989,-8.712763286311542e-05,-12.0,0.8963626666104239,12.0,-0.001006913846523738,-8.96449794243287e-05,-8.964497951145632e-05,-0.000179298671786199,0.001275839505041496,8.96449794243287e-05
1,0.003323300000000749,-1.791871795644369,-8.735478866006563e-05,-12.0,0.8958048647656462,12.0,-0.001007005123232055,-8.958922195543061e-05,-8.958922204278544e-05,-0.0001791871795644369,0.001275763543248265,8.958922195543064e-05
1,0.003323500000000749,-1.790754043816343,-8.758180642598479e-05,-12.0,0.8952456483227147,12.0,-0.001007096626754148,-8.953332301291406e-05,-8.953332310049587e-05,-0.0001790754043816343,0.001275687383862564,8.953332301291408e-05
1,0.00332370000000075,-1.789633464142995,-8.780868580382517e-05,-12.0,0.894685018164705,12.0,-0.001007188356908897,-8.947728268505087e-05,-8.947728277285955e-05,-0.0001789633464142995,0.001275611026967979,8.947728268505089e-05
1,0.00332390000000075,-1.788510058393871,-8.803542643387452e-05,-12.0,0.8941229751769305,12.0,-0.001007280313514713,-8.942110106033642e-05,-8.942110114837185e-05,-0.0001788510058393871,0.001275534472648401,8.942110106033645e-05
1,0.0033241000000007502,-1.787383828342986,-8.826202795830795e-05,-12.0,0.8935595202469352,12.0,-0.001007372496389658,-8.936477822748936e-05,-8.936477831575139e-05,-0.0001787383828342986,0.001275457720987944,8.936477822748935e-05
1,0.00332430000000075,-1.786254775768807,-8.848849002018877e-05,-12.0,0.8929946542644881,12.0,-0.001007464905351224,-8.930831427545084e-05,-8.930831436393933e-05,-0.0001786254775768807,0.001275380772070955,8.930831427545083e-05
1,0.00332450000000075,-1.785122902454261,-8.871481226069289e-05,-12.0,0.8924283781215915,12.0,-0.001007557540216641,-8.925170929338522e-05,-8.925170938210003e-05,-0.0001785122902454261,0.001275303625982105,8.925170929338522e-05
1,0.00332470000000075,-1.783988210186736,-8.894099432266156e-05,-12.0,0.8918606927124741,12.0,-0.001007650400802598,-8.919496337067967e-05,-8.919496345962068e-05,-0.0001783988210186736,0.001275226282806158,8.919496337067968e-05
1,0.00332490000000075,-1.782850700758061,-8.916703584960217e-05,-12.0,0.8912915989335857,12.0,-0.001007743486925533,-8.913807659694354e-05,-8.913807668611059e-05,-0.0001782850700758061,0.001275148742628171,8.913807659694354e-05
1,0.00332510000000075,-1.781710375964518,-8.939293648357882e-05,-12.0,0.8907210976836044,12.0,-0.001007836798401163,-8.908104906200878e-05,-8.908104915140174e-05,-0.0001781710375964518,0.001275071005533604,8.90810490620088e-05
1,0.00332530000000075,-1.780567237606839,-8.961869586743276e-05,-12.0,0.8901491898634314,12.0,-0.001007930335045079,-8.902388085592988e-05,-8.90238809455486e-05,-0.0001780567237606839,0.001274993071607888,8.902388085592988e-05
1,0.003325500000000751,-1.779421287490196,-8.984431364644774e-05,-12.0,0.8895758763761853,12.0,-0.001008024096672278,-8.896657206898318e-05,-8.89665721588275e-05,-0.0001779421287490197,0.001274914940936941,8.896657206898318e-05
1,0.003325700000000751,-1.778272527424194,-9.006978946368704e-05,-12.0,0.8890011581272034,12.0,-0.001008118083097351,-8.890912279166671e-05,-8.89091228817365e-05,-0.0001778272527424194,0.001274836613606806,8.890912279166671e-05
1,0.003325900000000751,-1.777120959222886,-9.029512296088171e-05,-12.0,0.8884250360240507,12.0,-0.001008212294134544,-8.885153311470115e-05,-8.885153320499628e-05,-0.0001777120959222886,0.001274758089703815,8.885153311470115e-05
1,0.003326100000000751,-1.77596658470476,-9.052031378520287e-05,-12.0,0.8878475109764992,12.0,-0.001008306729597674,-8.879380312902844e-05,-8.879380321954874e-05,-0.000177596658470476,0.001274679369314427,8.879380312902844e-05
1,0.003326300000000751,-1.774809405692719,-9.074536157960278e-05,-12.0,0.8872685838965366,12.0,-0.001008401389300029,-8.873593292581165e-05,-8.873593301655698e-05,-0.0001774809405692719,0.001274600452525532,8.873593292581163e-05
1,0.0033265000000007507,-1.773649424014118,-9.097026598781088e-05,-12.0,0.8866882556983744,12.0,-0.001008496273054604,-8.867792259643622e-05,-8.867792268740649e-05,-0.0001773649424014118,0.001274521339424114,8.867792259643622e-05
1,0.0033267000000007513,-1.772486641500724,-9.119502665666523e-05,-12.0,0.8861065272984268,12.0,-0.001008591380673871,-8.861977223250833e-05,-8.861977232370335e-05,-0.0001772486641500724,0.001274442030097536,8.861977223250835e-05
1,0.003326900000000751,-1.771321059988724,-9.141964322989526e-05,-12.0,0.8855233996153206,12.0,-0.001008686711969978,-8.856148192585504e-05,-8.85614820172747e-05,-0.0001771321059988724,0.001274362524633282,8.856148192585505e-05
1,0.003327100000000751,-1.770152681318731,-9.164411535256267e-05,-12.0,0.8849388735698956,12.0,-0.00100878226675459,-8.850305176852481e-05,-8.850305186016891e-05,-0.0001770152681318731,0.00127428282311913,8.850305176852483e-05
1,0.003327300000000752,-1.768981507335781,-9.186844267061733e-05,-12.0,0.8843529500852001,12.0,-0.001008878044838971,-8.844448185278705e-05,-8.844448194465551e-05,-0.0001768981507335781,0.001274202925643092,8.844448185278708e-05
1,0.0033275000000007517,-1.767807539889312,-9.209262483067526e-05,-12.0,0.8837656300864837,12.0,-0.001008974046034006,-8.838577227113142e-05,-8.838577236322408e-05,-0.0001767807539889312,0.001274122832293431,8.838577227113145e-05
1,0.0033277000000007523,-1.766630780833177,-9.231666147668793e-05,-12.0,0.8831769145012065,12.0,-0.001009070270150098,-8.832692311626836e-05,-8.8326923208585e-05,-0.0001766630780833177,0.001274042543158702,8.832692311626833e-05
1,0.003327900000000752,-1.765451232025645,-9.254055225627056e-05,-12.0,0.8825868042590327,12.0,-0.001009166716997273,-8.826793448112889e-05,-8.826793457366946e-05,-0.0001765451232025645,0.001273962058327652,8.82679344811289e-05
1,0.003328100000000752,-1.764268895329381,-9.276429681615017e-05,-12.0,0.8819953002918233,12.0,-0.001009263386385142,-8.820880645886394e-05,-8.820880655162824e-05,-0.0001764268895329381,0.001273881377889266,8.820880645886394e-05
1,0.003328300000000752,-1.763083772611454,-9.298789480172154e-05,-12.0,0.8814024035336456,12.0,-0.001009360278122901,-8.814953914284472e-05,-8.814953923583262e-05,-0.0001763083772611454,0.001273800501932779,8.814953914284473e-05
1,0.003328500000000752,-1.761895865743339,-9.321134586015578e-05,-12.0,0.8808081149207662,12.0,-0.001009457392019297,-8.809013262666264e-05,-8.809013271987397e-05,-0.000176189586574334,0.001273719430547743,8.809013262666264e-05
1,0.003328700000000752,-1.760705176600901,-9.343464963984527e-05,-12.0,0.8802124353916445,12.0,-0.00100955472788275,-8.803058700412842e-05,-8.803058709756307e-05,-0.0001760705176600901,0.001273638163823823,8.803058700412843e-05
1,0.003328900000000752,-1.7595117070644,-9.365780578673988e-05,-12.0,0.8796153658869416,12.0,-0.001009652285521148,-8.797090236927282e-05,-8.797090246293065e-05,-0.00017595117070644,0.001273556701851086,8.797090236927284e-05
1,0.003329100000000753,-1.758315459018488,-9.388081394856584e-05,-12.0,0.8790169073495132,12.0,-0.001009750064742077,-8.791107881634618e-05,-8.791107891022699e-05,-0.0001758315459018488,0.001273475044719738,8.791107881634618e-05
1,0.003329300000000753,-1.757116434352207,-9.41036737740486e-05,-12.0,0.8784170607244056,12.0,-0.001009848065352634,-8.785111643981796e-05,-8.785111653392164e-05,-0.0001757116434352207,0.001273393192520206,8.785111643981798e-05
1,0.003329500000000753,-1.755914634958972,-9.432638491135847e-05,-12.0,0.877815826958855,12.0,-0.00100994628715953,-8.779101533437665e-05,-8.779101542870303e-05,-0.0001755914634958972,0.001273311145343306,8.779101533437663e-05
1,0.003329700000000753,-1.754710062736594,-9.454894700611227e-05,-12.0,0.8772132070022982,12.0,-0.001010044729969115,-8.773077559493045e-05,-8.77307756894794e-05,-0.0001754710062736594,0.001273228903279897,8.773077559493043e-05
1,0.003329900000000753,-1.753502719587262,-9.477135971069917e-05,-12.0,0.8766092018063513,12.0,-0.00101014339358721,-8.767039731660619e-05,-8.767039741137758e-05,-0.0001753502719587262,0.001273146466421321,8.76703973166062e-05
1,0.0033301000000007528,-1.752292607417525,-9.499362267162414e-05,-12.0,0.8760038123248189,12.0,-0.001010242277819359,-8.760988059474906e-05,-8.760988068974267e-05,-0.0001752292607417525,0.001273063834858978,8.760988059474906e-05
1,0.0033303000000007533,-1.751079728138319,-9.521573553783469e-05,-12.0,0.8753970395136956,12.0,-0.001010341382470623,-8.754922552492337e-05,-8.754922562013908e-05,-0.0001751079728138319,0.001272981008684559,8.754922552492335e-05
1,0.003330500000000753,-1.749864083664951,-9.543769795894441e-05,-12.0,0.8747888843311602,12.0,-0.0010104407073456,-8.748843220291191e-05,-8.748843229834962e-05,-0.0001749864083664951,0.001272897987990129,8.748843220291191e-05
1,0.003330700000000754,-1.748645675917085,-9.56595095854551e-05,-12.0,0.8741793477375691,12.0,-0.001010540252248643,-8.742750072471546e-05,-8.742750082037499e-05,-0.0001748645675917085,0.001272814772867767,8.742750072471546e-05
1,0.003330900000000754,-1.747424506818751,-9.588117006542607e-05,-12.0,0.8735684306954656,12.0,-0.001010640016983561,-8.73664311865531e-05,-8.736643128243429e-05,-0.0001747424506818751,0.00127273136341001,8.736643118655311e-05
1,0.0033311000000007538,-1.746200578298348,-9.610267904947012e-05,-12.0,0.8729561341695729,12.0,-0.001010740001353788,-8.730522368486224e-05,-8.730522378096493e-05,-0.0001746200578298348,0.001272647759709533,8.730522368486224e-05
1,0.0033313000000007543,-1.744973892288621,-9.632403618864416e-05,-12.0,0.8723424591267872,12.0,-0.001010840205162372,-8.724387831629759e-05,-8.724387841262164e-05,-0.0001744973892288621,0.001272563961859277,8.724387831629759e-05
1,0.003331500000000754,-1.743744450726675,-9.654524113211771e-05,-12.0,0.871727406536187,12.0,-0.001010940628211998,-8.718239517773192e-05,-8.718239527427716e-05,-0.0001743744450726675,0.001272479969952417,8.718239517773191e-05
1,0.003331700000000754,-1.74251225555397,-9.676629353083666e-05,-12.0,0.871110977369026,12.0,-0.001011041270304797,-8.712077436625565e-05,-8.712077446302196e-05,-0.000174251225555397,0.001272395784082447,8.712077436625568e-05
1,0.0033319000000007542,-1.741277308716308,-9.698719303696812e-05,-12.0,0.8704931725987265,12.0,-0.001011142131242648,-8.705901597917635e-05,-8.705901607616353e-05,-0.0001741277308716308,0.001272311404343016,8.705901597917635e-05
1,0.003332100000000754,-1.740039612163837,-9.720793929945959e-05,-12.0,0.8698739932008901,12.0,-0.001011243210826976,-8.699712011401897e-05,-8.69971202112269e-05,-0.0001740039612163837,0.001272226830828102,8.699712011401896e-05
1,0.003332300000000754,-1.738799167851051,-9.742853197225454e-05,-12.0,0.869253440153282,12.0,-0.001011344508858744,-8.693508686852541e-05,-8.693508696595396e-05,-0.0001738799167851052,0.001272142063631812,8.693508686852543e-05
1,0.003332500000000755,-1.73755597773678,-9.764897070441148e-05,-12.0,0.8686315144358436,12.0,-0.001011446025138599,-8.687291634065481e-05,-8.68729164383038e-05,-0.000173755597773678,0.001272057102848709,8.687291634065481e-05
1,0.003332700000000755,-1.736310043784191,-9.786925515031797e-05,-12.0,0.8680082170306772,12.0,-0.001011547759466769,-8.681060862858276e-05,-8.681060872645202e-05,-0.0001736310043784191,0.001271971948573355,8.681060862858276e-05
1,0.0033329000000007552,-1.735061367960782,-9.808938496058683e-05,-12.0,0.8673835489220562,12.0,-0.00101164971164304,-8.674816383070167e-05,-8.674816392879106e-05,-0.0001735061367960782,0.001271886600900718,8.674816383070168e-05
1,0.003333100000000755,-1.733809952238386,-9.830935978749622e-05,-12.0,0.8667575110964184,12.0,-0.001011751881466821,-8.668558204562058e-05,-8.668558214392995e-05,-0.0001733809952238386,0.001271801059925984,8.668558204562059e-05
1,0.003333300000000755,-1.732555798593158,-9.852917928476757e-05,-12.0,0.8661301045423597,12.0,-0.001011854268737081,-8.662286337216446e-05,-8.662286347069365e-05,-0.0001732555798593158,0.001271715325744632,8.662286337216445e-05
1,0.003333500000000755,-1.731298909005575,-9.874884310445697e-05,-12.0,0.8655013302506422,12.0,-0.001011956873252493,-8.656000790937466e-05,-8.656000800812351e-05,-0.0001731298909005575,0.00127162939845224,8.656000790937468e-05
1,0.003333700000000755,-1.730039285460442,-9.896835089961975e-05,-12.0,0.8648711892141883,12.0,-0.001012059694811218,-8.649701575650879e-05,-8.649701585547714e-05,-0.0001730039285460442,0.001271543278144799,8.649701575650879e-05
1,0.0033339000000007554,-1.728776929946873,-9.918770232453245e-05,-12.0,0.8642396824280729,12.0,-0.001012162733211086,-8.643388701303975e-05,-8.643388711222744e-05,-0.0001728776929946873,0.001271456964918427,8.643388701303975e-05
1,0.003334100000000755,-1.7275118444583,-9.940689703169525e-05,-12.0,0.8636068108895335,12.0,-0.001012265988249494,-8.637062177865653e-05,-8.637062187806344e-05,-0.00017275118444583,0.001271370458869617,8.637062177865652e-05
1,0.003334300000000756,-1.726244030992471,-9.962593467582881e-05,-12.0,0.8629725755979624,12.0,-0.001012369459723411,-8.630722015326378e-05,-8.630722025288975e-05,-0.0001726244030992471,0.001271283760095027,8.630722015326382e-05
1,0.003334500000000756,-1.724973491551429,-9.98448149108766e-05,-12.0,0.8623369775548998,12.0,-0.001012473147429541,-8.624368223698107e-05,-8.62436823368259e-05,-0.0001724973491551429,0.001271196868691482,8.624368223698107e-05
1,0.003334700000000756,-1.723700228141534,-0.000100063537390449,-12.0,0.8617000177640457,12.0,-0.00101257705116406,-8.618000813014362e-05,-8.618000823020717e-05,-0.0001723700228141534,0.001271109784756252,8.618000813014362e-05
1,0.0033349000000007564,-1.72242424277344,-0.0001002821017708211,-12.0,0.8610616972312428,12.0,-0.001012681170722771,-8.611619793330138e-05,-8.611619803358346e-05,-0.000172242424277344,0.001271022508386704,8.611619793330137e-05
1,0.003335100000000756,-1.721145537462102,-0.000100500507705048,-12.0,0.8604220169644882,12.0,-0.001012785505901156,-8.605225174721933e-05,-8.605225184771984e-05,-0.0001721145537462102,0.001270935039680496,8.605225174721933e-05
1,0.003335300000000756,-1.719864114226775,-0.0001007187548491828,-12.0,0.859780977973926,12.0,-0.001012890056494145,-8.59881696728775e-05,-8.598816977359628e-05,-0.0001719864114226775,0.001270847378735632,8.598816967287753e-05
1,0.0033355000000007563,-1.718579975090996,-0.0001009368428589452,-12.0,0.859138581271841,12.0,-0.00101299482229647,-8.592395181147001e-05,-8.592395191240683e-05,-0.0001718579975090996,0.001270759525650159,8.592395181147e-05
1,0.003335700000000756,-1.717293122082596,-0.0001011547713889449,-12.0,0.8584948278726667,12.0,-0.00101309980310231,-8.585959826440556e-05,-8.585959836556035e-05,-0.0001717293122082596,0.001270671480522581,8.585959826440558e-05
1,0.003335900000000756,-1.716003557233697,-0.0001013725400956789,-12.0,0.8578497187929797,12.0,-0.001013204998705622,-8.579510913330756e-05,-8.579510923468009e-05,-0.0001716003557233697,0.001270583243451501,8.579510913330754e-05
1,0.003336100000000757,-1.714711282580694,-0.0001015901486361992,-12.0,0.8572032550514914,12.0,-0.001013310408899709,-8.573048452001276e-05,-8.573048462160292e-05,-0.0001714711282580694,0.00127049481453588,8.573048452001277e-05
1,0.003336300000000757,-1.713416300164266,-0.0001018075966644494,-12.0,0.8565554376690602,12.0,-0.001013416033477751,-8.566572452657247e-05,-8.566572462838007e-05,-0.0001713416300164266,0.001270406193874848,8.566572452657246e-05
1,0.0033365000000007573,-1.712118612029366,-0.0001020248838400351,-12.0,0.8559062676686743,12.0,-0.001013521872232373,-8.560082925525144e-05,-8.560082935727632e-05,-0.0001712118612029367,0.001270317381567868,8.560082925525144e-05
1,0.003336700000000757,-1.710818220225223,-0.0001022420098172327,-12.0,0.8552557460754655,12.0,-0.001013627924955893,-8.553579880852826e-05,-8.553579891077028e-05,-0.0001710818220225223,0.001270228377714566,8.553579880852828e-05
1,0.003336900000000757,-1.709515126805331,-0.000102458974255426,-12.0,0.8546038739166926,12.0,-0.001013734191440158,-8.547063328909478e-05,-8.547063339155379e-05,-0.0001709515126805331,0.001270139182414851,8.547063328909481e-05
1,0.003337100000000757,-1.708209333827452,-0.0001026757768104458,-12.0,0.8539506522217524,12.0,-0.001013840671476737,-8.540533279985628e-05,-8.540533290253205e-05,-0.0001708209333827452,0.001270049795768877,8.540533279985629e-05
1,0.003337300000000757,-1.706900843353614,-0.0001028924171400103,-12.0,0.853296082022173,12.0,-0.001013947364856715,-8.533989744393128e-05,-8.533989754682372e-05,-0.0001706900843353615,0.00126996021787712,8.533989744393131e-05
1,0.003337500000000757,-1.705589657450101,-0.000103108894903392,-12.0,0.8526401643516064,12.0,-0.001014054271370801,-8.5274327324651e-05,-8.52743274277599e-05,-0.0001705589657450101,0.00126987044884018,8.527432732465098e-05
1,0.003337700000000757,-1.704275778187453,-0.0001033252097574211,-12.0,0.851982900245838,12.0,-0.001014161390809343,-8.520862254555954e-05,-8.520862264888476e-05,-0.0001704275778187453,0.001269780488759045,8.520862254555955e-05
1,0.003337900000000758,-1.702959207640468,-0.0001035413613608149,-12.0,0.8513242907427794,12.0,-0.001014268722962286,-8.514278321041402e-05,-8.514278331395539e-05,-0.0001702959207640468,0.00126969033773483,8.514278321041402e-05
1,0.003338100000000758,-1.701639947888189,-0.0001037573493732902,-12.0,0.8506643368824612,12.0,-0.00101437626761923,-8.507680942318345e-05,-8.507680952694081e-05,-0.000170163994788819,0.001269599995868967,8.507680942318345e-05
1,0.003338300000000758,-1.700318001013907,-0.0001039731734526761,-12.0,0.8500030397070425,12.0,-0.001014484024569329,-8.501070128804951e-05,-8.50107013920227e-05,-0.0001700318001013907,0.00126950946326311,8.501070128804952e-05
1,0.003338500000000758,-1.698993369105159,-0.0001041888332582452,-12.0,0.8493404002608036,12.0,-0.001014591993601391,-8.494445890940617e-05,-8.494445901359503e-05,-0.0001698993369105159,0.001269418740019193,8.494445890940618e-05
1,0.003338700000000758,-1.697666054253716,-0.0001044043284504914,-12.0,0.848676419590139,12.0,-0.001014700174503835,-8.487808239185896e-05,-8.487808249626328e-05,-0.0001697666054253716,0.001269327826239369,8.487808239185894e-05
1,0.0033389000000007578,-1.696336058555591,-0.0001046196586881321,-12.0,0.8480110987435665,12.0,-0.001014808567064623,-8.481157184022545e-05,-8.481157194484512e-05,-0.0001696336058555591,0.00126923672202614,8.481157184022547e-05
1,0.0033391000000007583,-1.69500338411103,-0.0001048348236307728,-12.0,0.8473444387717206,12.0,-0.001014917171071467,-8.474492735953517e-05,-8.474492746436998e-05,-0.000169500338411103,0.001269145427482077,8.474492735953514e-05
1,0.003339300000000758,-1.69366803302451,-0.0001050498229402397,-12.0,0.8466764407273464,12.0,-0.001015025986311605,-8.467814905502867e-05,-8.46781491600785e-05,-0.000169366803302451,0.00126905394271018,8.467814905502866e-05
1,0.003339500000000758,-1.692330007404724,-0.0001052646562769155,-12.0,0.8460071056653004,12.0,-0.001015135012571902,-8.461123703215772e-05,-8.461123713742236e-05,-0.0001692330007404724,0.001268962267813575,8.461123703215773e-05
1,0.003339700000000759,-1.690989309364606,-0.0001054793232989626,-12.0,0.8453364346425613,12.0,-0.001015244249638836,-8.454419139658603e-05,-8.454419150206534e-05,-0.0001690989309364606,0.001268870402895764,8.454419139658602e-05
1,0.0033399000000007588,-1.689645941021302,-0.0001056938236708715,-12.0,0.8446644287182065,12.0,-0.001015353697298577,-8.447701225418773e-05,-8.447701235988156e-05,-0.0001689645941021302,0.001268778348060315,8.447701225418773e-05
1,0.0033401000000007593,-1.688299904496167,-0.00010590815705247,-12.0,0.8439910889534232,12.0,-0.001015463355336838,-8.440969971104756e-05,-8.440969981695574e-05,-0.0001688299904496167,0.001268686103411271,8.440969971104758e-05
1,0.003340300000000759,-1.68695120191478,-0.00010612232310514,-12.0,0.8433164164115089,12.0,-0.001015573223538901,-8.43422538734614e-05,-8.434225397958374e-05,-0.000168695120191478,0.001268593669052784,8.434225387346141e-05
1,0.003340500000000759,-1.685599835406929,-0.0001063363214905966,-12.0,0.8426404121578652,12.0,-0.001015683301689885,-8.427467484793559e-05,-8.42746749542719e-05,-0.0001685599835406929,0.001268501045089215,8.427467484793559e-05
1,0.003340700000000759,-1.684245807106603,-0.000106550151872109,-12.0,0.8419630772599916,12.0,-0.001015793589574265,-8.42069627411864e-05,-8.420696284773655e-05,-0.0001684245807106603,0.001268408231625356,8.420696274118637e-05
1,0.003340900000000759,-1.682889119151997,-0.0001067638139108373,-12.0,0.841284412787494,12.0,-0.001015904086976285,-8.413911766014049e-05,-8.41391177669043e-05,-0.0001682889119151997,0.001268315228766095,8.413911766014049e-05
1,0.003341100000000759,-1.681529773685511,-0.0001069773072697178,-12.0,0.8406044198120782,12.0,-0.001016014793679798,-8.407113971193477e-05,-8.407113981891208e-05,-0.0001681529773685511,0.001268222036616709,8.40711397119348e-05
1,0.00334130000000076,-1.680167772853735,-0.0001071906316125748,-12.0,0.8399230994075423,12.0,-0.001016125709468255,-8.40030290039155e-05,-8.400302911110613e-05,-0.0001680167772853735,0.001268128655282516,8.40030290039155e-05
1,0.00334150000000076,-1.678803118807452,-0.0001074037866013455,-12.0,0.8392404526497859,12.0,-0.001016236834124787,-8.393478564363874e-05,-8.393478575104252e-05,-0.0001678803118807452,0.001268035084869265,8.393478564363873e-05
1,0.00334170000000076,-1.677435813701642,-0.0001076167718998544,-12.0,0.8385564806168034,12.0,-0.001016348167432013,-8.38664097388703e-05,-8.38664098464871e-05,-0.0001677435813701642,0.001267941325482982,8.386640973887033e-05
1,0.00334190000000076,-1.676065859695465,-0.00010782958717237,-12.0,0.8378711843886781,12.0,-0.001016459709172357,-8.379790139758506e-05,-8.379790150541464e-05,-0.0001676065859695465,0.001267847377229764,8.379790139758506e-05
1,0.00334210000000076,-1.674693258952259,-0.0001080422320831609,-12.0,0.8371845650475824,12.0,-0.001016571459127757,-8.372926072796656e-05,-8.372926083600878e-05,-0.0001674693258952259,0.001267753240216121,8.372926072796656e-05
1,0.00334230000000076,-1.673318013639556,-0.0001082547062941641,-12.0,0.8364966236777898,12.0,-0.001016683417079778,-8.366048783840839e-05,-8.36604879466631e-05,-0.0001673318013639556,0.001267658914548761,8.366048783840839e-05
1,0.00334250000000076,-1.671940125929058,-0.0001084670094728679,-12.0,0.8358073613656496,12.0,-0.001016795582809635,-8.359158283751224e-05,-8.359158294597927e-05,-0.0001671940125929058,0.001267564400334653,8.359158283751225e-05
1,0.0033427000000007603,-1.670559597996628,-0.0001086791412836519,-12.0,0.8351167791995971,12.0,-0.001016907956098198,-8.352254583408808e-05,-8.352254594276722e-05,-0.0001670559597996628,0.00126746969768099,8.352254583408808e-05
1,0.00334290000000076,-1.669176432022315,-0.000108891101388453,-12.0,0.834424878270164,12.0,-0.001017020536725893,-8.345337693715525e-05,-8.345337704604635e-05,-0.0001669176432022316,0.001267374806695296,8.345337693715525e-05
1,0.003343100000000761,-1.667790630190331,-0.000109102889456536,-12.0,0.8337316596699519,12.0,-0.001017133324472896,-8.338407625594085e-05,-8.338407636504375e-05,-0.0001667790630190331,0.001267279727485221,8.338407625594085e-05
1,0.003343300000000761,-1.666402194689036,-0.0001093145051525024,-12.0,0.8330371244936441,12.0,-0.001017246319118814,-8.331464389987966e-05,-8.331464400919417e-05,-0.0001666402194689036,0.001267184460158818,8.331464389987966e-05
1,0.003343500000000761,-1.665011127710966,-0.0001095259481396216,-12.0,0.832341273838014,12.0,-0.001017359520443115,-8.324507997861537e-05,-8.324508008814133e-05,-0.0001665011127710966,0.001267089004824265,8.324507997861537e-05
1,0.0033437000000007613,-1.66361743145281,-0.0001097372180878242,-12.0,0.831644108801901,12.0,-0.001017472928224739,-8.317538460199889e-05,-8.317538471173613e-05,-0.000166361743145281,0.001266993361590071,8.317538460199888e-05
1,0.003343900000000761,-1.662221108115395,-0.000109948314661823,-12.0,0.8309456304862217,12.0,-0.001017586542242307,-8.310555788008837e-05,-8.310555799003667e-05,-0.0001662221108115395,0.001266897530564956,8.310555788008836e-05
1,0.003344100000000761,-1.660822159903711,-0.0001101592375279958,-12.0,0.830245839993971,12.0,-0.00101770036227411,-8.30355999231499e-05,-8.303560003330913e-05,-0.0001660822159903711,0.001266801511857915,8.30355999231499e-05
1,0.0033443000000007612,-1.65942058902689,-0.0001103699863532759,-12.0,0.8295447384302153,12.0,-0.001017814388097921,-8.296551084165686e-05,-8.296551095202685e-05,-0.000165942058902689,0.00126670530557825,8.296551084165686e-05
1,0.003344500000000761,-1.658016397698203,-0.0001105805608065946,-12.0,0.8288423269020857,12.0,-0.001017928619491404,-8.289529074628923e-05,-8.28952908568698e-05,-0.0001658016397698203,0.001266608911835346,8.289529074628924e-05
1,0.003344700000000761,-1.656609588135056,-0.0001107909605534418,-12.0,0.8281386065187881,12.0,-0.001018043056231613,-8.282493974793418e-05,-8.282493985872513e-05,-0.0001656609588135056,0.001266512330739059,8.282493974793417e-05
1,0.003344900000000762,-1.655200162559001,-0.000111001185262527,-12.0,0.8274335783915948,12.0,-0.001018157698095309,-8.275445795768573e-05,-8.275445806868692e-05,-0.0001655200162559001,0.001266415562399412,8.275445795768574e-05
1,0.003345100000000762,-1.653788123195709,-0.0001112112346030036,-12.0,0.8267272436338375,12.0,-0.001018272544859006,-8.268384548684404e-05,-8.268384559805529e-05,-0.0001653788123195709,0.001266318606926581,8.268384548684406e-05
1,0.0033453000000007622,-1.65237347227498,-0.0001114211082410277,-12.0,0.8260196033609174,12.0,-0.0010183875962987,-8.261310244691585e-05,-8.261310255833696e-05,-0.000165237347227498,0.001266221464431144,8.261310244691585e-05
1,0.003345500000000762,-1.650956212030749,-0.0001116308058466409,-12.0,0.8253106586902967,12.0,-0.001018502852190059,-8.254222894961432e-05,-8.254222906124511e-05,-0.0001650956212030749,0.001266124135023888,8.254222894961434e-05
1,0.003345700000000762,-1.649536344701061,-0.0001118403270888857,-12.0,0.8246004107414943,12.0,-0.00101861831230847,-8.247122510685829e-05,-8.247122521869861e-05,-0.0001649536344701061,0.001266026618815752,8.247122510685831e-05
1,0.003345900000000762,-1.648113872528074,-0.0001120496716375818,-12.0,0.8238888606360841,12.0,-0.001018733976428862,-8.240009103077218e-05,-8.240009114282184e-05,-0.0001648113872528074,0.001265928915918091,8.240009103077218e-05
1,0.003346100000000762,-1.646688797758073,-0.0001122588391592183,-12.0,0.8231760094977092,12.0,-0.00101884984432582,-8.232882683368685e-05,-8.232882694594568e-05,-0.0001646688797758073,0.00126583102644251,8.232882683368685e-05
1,0.003346300000000762,-1.645261122641448,-0.0001124678293271675,-12.0,0.8224618584520549,12.0,-0.001018965915773606,-8.22574326281382e-05,-8.225743274060604e-05,-0.0001645261122641448,0.001265732950500656,8.225743262813821e-05
1,0.003346500000000762,-1.643830849432686,-0.0001126766418103609,-12.0,0.8217464086268609,12.0,-0.001019082190546125,-8.218590852686713e-05,-8.218590863954379e-05,-0.0001643830849432686,0.001265634688204662,8.218590852686713e-05
1,0.003346700000000763,-1.642397980390385,-0.000112885276278285,-12.0,0.8210296611519222,12.0,-0.001019198668416862,-8.211425464282003e-05,-8.211425475570531e-05,-0.0001642397980390385,0.001265536239666798,8.211425464282005e-05
1,0.003346900000000763,-1.640962517777246,-0.0001130937324015369,-12.0,0.8203116171590832,12.0,-0.001019315349159014,-8.204247108914848e-05,-8.204247120224222e-05,-0.0001640962517777246,0.001265437604999642,8.204247108914847e-05
1,0.003347100000000763,-1.639524463860057,-0.0001133020098529336,-12.0,0.819592277782229,12.0,-0.001019432232545303,-8.19705579792082e-05,-8.197055809251021e-05,-0.0001639524463860057,0.001265338784316061,8.19705579792082e-05
1,0.003347300000000763,-1.6380838209097,-0.0001135101083011847,-12.0,0.8188716441572969,12.0,-0.001019549318348245,-8.18985154265598e-05,-8.189851554006992e-05,-0.00016380838209097,0.001265239777729008,8.189851542655981e-05
1,0.003347500000000763,-1.636640591201153,-0.0001137180274191074,-12.0,0.8181497174222676,12.0,-0.001019666606339939,-8.182634354496869e-05,-8.18263436586867e-05,-0.0001636640591201153,0.00126514058535189,8.182634354496868e-05
1,0.0033477000000007627,-1.635194777013469,-0.000113925766879186,-12.0,0.817426498717158,12.0,-0.00101978409629204,-8.175404244840371e-05,-8.175404256232948e-05,-0.0001635194777013469,0.001265041207298284,8.175404244840372e-05
1,0.0033479000000007633,-1.633746380629784,-0.0001141333263516842,-12.0,0.8167019891840311,12.0,-0.00101990178797598,-8.168161225103829e-05,-8.168161236517161e-05,-0.0001633746380629784,0.001264941643681988,8.168161225103829e-05
1,0.003348100000000763,-1.632295404337321,-0.0001143407055097523,-12.0,0.8159761899669886,12.0,-0.001020019681162762,-8.160905306724982e-05,-8.160905318159054e-05,-0.0001632295404337321,0.001264841894617147,8.160905306724984e-05
1,0.003348300000000763,-1.630841850427363,-0.0001145479040269848,-12.0,0.8152491022121623,12.0,-0.001020137775623042,-8.153636501161891e-05,-8.153636512616682e-05,-0.0001630841850427363,0.001264741960218072,8.153636501161893e-05
1,0.003348500000000764,-1.629385721195275,-0.0001147549215740895,-12.0,0.814520727067727,12.0,-0.001020256071127129,-8.146354819893014e-05,-8.146354831368504e-05,-0.0001629385721195275,0.001264641840599379,8.146354819893011e-05
1,0.0033487000000007637,-1.627927018940482,-0.0001149617578271034,-12.0,0.8137910656838827,12.0,-0.001020374567444998,-8.139060274417097e-05,-8.139060285913275e-05,-0.0001627927018940482,0.001264541535875893,8.139060274417099e-05
1,0.0033489000000007643,-1.626465745966471,-0.0001151684124568453,-12.0,0.813060119212866,12.0,-0.001020493264346195,-8.131752876253227e-05,-8.13175288777007e-05,-0.0001626465745966471,0.001264441046162787,8.131752876253229e-05
1,0.003349100000000764,-1.625001904580799,-0.0001153748851381309,-12.0,0.8123278888089434,12.0,-0.001020612161600043,-8.124432636940815e-05,-8.124432648478305e-05,-0.0001625001904580799,0.001264340371575398,8.124432636940815e-05
1,0.003349300000000764,-1.623535497095066,-0.0001155811755458869,-12.0,0.8115943756284025,12.0,-0.001020731258975352,-8.117099568039485e-05,-8.117099579597603e-05,-0.0001623535497095067,0.001264239512229398,8.117099568039485e-05
1,0.003349500000000764,-1.622066525824934,-0.0001157872833527085,-12.0,0.8108595808295649,12.0,-0.001020850556240765,-8.109753681129173e-05,-8.109753692707904e-05,-0.0001622066525824934,0.001264138468240625,8.109753681129176e-05
1,0.003349700000000764,-1.620594993090106,-0.0001159932082354098,-12.0,0.8101235055727676,12.0,-0.001020970053164399,-8.10239498781003e-05,-8.102394999409351e-05,-0.0001620594993090106,0.001264037239725263,8.10239498781003e-05
1,0.003349900000000764,-1.619120901214331,-0.0001161989498668081,-12.0,0.8093861510203761,12.0,-0.001021089749514148,-8.095023499702427e-05,-8.095023511322323e-05,-0.0001619120901214331,0.001263935826799678,8.09502349970243e-05
1,0.003350100000000764,-1.61764425252541,-0.0001164045079228293,-12.0,0.8086475183367761,12.0,-0.001021209645057447,-8.087639228446988e-05,-8.087639240087438e-05,-0.0001617644252525411,0.001263834229580554,8.08763922844699e-05
1,0.003350300000000765,-1.616165049355167,-0.0001166098820798434,-12.0,0.807907608688365,12.0,-0.001021329739561511,-8.08024218570445e-05,-8.080242197365437e-05,-0.0001616165049355167,0.001263732448184812,8.080242185704449e-05
1,0.003350500000000765,-1.614683294039466,-0.0001168150720126659,-12.0,0.8071664232435632,12.0,-0.001021450032793081,-8.072832383155759e-05,-8.072832394837269e-05,-0.0001614683294039466,0.001263630482729594,8.07283238315576e-05
1,0.003350700000000765,-1.613198988918205,-0.000117020077397334,-12.0,0.8064239631728062,12.0,-0.001021570524518664,-8.065409832502033e-05,-8.065409844204041e-05,-0.0001613198988918206,0.001263528333332348,8.065409832502036e-05
1,0.003350900000000765,-1.611712136335302,-0.0001172248979113277,-12.0,0.805680229648535,12.0,-0.001021691214504322,-8.057974545464463e-05,-8.057974557186956e-05,-0.0001611712136335302,0.001263426000110743,8.057974545464464e-05
1,0.003351100000000765,-1.610222738638702,-0.0001174295332295738,-12.0,0.8049352238452111,12.0,-0.001021812102515854,-8.050526533784407e-05,-8.050526545527361e-05,-0.0001610222738638702,0.001263323483182727,8.050526533784407e-05
1,0.0033513000000007648,-1.608730798180365,-0.0001176339830312179,-12.0,0.8041889469392958,12.0,-0.001021933188318613,-8.04306580922327e-05,-8.043065820986668e-05,-0.0001608730798180365,0.001263220782666524,8.04306580922327e-05
1,0.0033515000000007653,-1.607236317316269,-0.0001178382469917416,-12.0,0.8034414001092645,12.0,-0.001022054471677719,-8.035592383562562e-05,-8.035592395346385e-05,-0.0001607236317316269,0.001263117898680541,8.035592383562562e-05
1,0.003351700000000765,-1.605739298406408,-0.0001180423247887363,-12.0,0.8026925845355976,12.0,-0.001022175952357887,-8.028106268603862e-05,-8.028106280408096e-05,-0.0001605739298406408,0.001263014831343584,8.028106268603864e-05
1,0.003351900000000766,-1.604239743814776,-0.0001182462161020137,-12.0,0.801942501400773,12.0,-0.001022297630123514,-8.020607476168749e-05,-8.020607487993373e-05,-0.0001604239743814776,0.001262911580774503,8.020607476168749e-05
1,0.003352100000000766,-1.602737655909373,-0.0001184499206072775,-12.0,0.8011911518892764,12.0,-0.001022419504738595,-8.013096018098837e-05,-8.013096029943828e-05,-0.0001602737655909373,0.001262808147092634,8.013096018098837e-05
1,0.0033523000000007658,-1.601233037062207,-0.0001186534379838955,-12.0,0.8004385371875935,12.0,-0.001022541575966845,-8.005571906255774e-05,-8.005571918121117e-05,-0.0001601233037062208,0.001262704530417449,8.005571906255774e-05
1,0.0033525000000007663,-1.599725889649274,-0.0001188567679120123,-12.0,0.7996846584842012,12.0,-0.001022663843571636,-7.998035152521133e-05,-7.99803516440681e-05,-0.0001599725889649274,0.00126260073086866,7.998035152521133e-05
1,0.003352700000000766,-1.598216216050562,-0.0001190599100683309,-12.0,0.7989295169695791,12.0,-0.00102278630731599,-7.990485768796476e-05,-7.990485780702468e-05,-0.0001598216216050562,0.001262496748566252,7.990485768796476e-05
1,0.003352900000000766,-1.596704018650059,-0.0001192628641333293,-12.0,0.798173113836201,12.0,-0.001022908966962541,-7.982923767003343e-05,-7.982923778929631e-05,-0.0001596704018650059,0.001262392583630562,7.982923767003345e-05
1,0.0033531000000007662,-1.59518929983573,-0.0001194656297869301,-12.0,0.7974154502785283,12.0,-0.001023031822273646,-7.975349159083154e-05,-7.975349171029715e-05,-0.000159518929983573,0.001262288236182046,7.975349159083153e-05
1,0.003353300000000766,-1.593672061999518,-0.000119668206708945,-12.0,0.7966565274930133,12.0,-0.001023154873011314,-7.967761956997222e-05,-7.967761968964045e-05,-0.0001593672061999518,0.001262183706341499,7.967761956997223e-05
1,0.003353500000000766,-1.59215230753735,-0.0001198705945790746,-12.0,0.7958963466781005,12.0,-0.001023278118937168,-7.960162172726796e-05,-7.960162184713857e-05,-0.0001592152307537351,0.001262078994230031,7.960162172726796e-05
1,0.003353700000000767,-1.590630038849132,-0.0001200727930776857,-12.0,0.7951349090342216,12.0,-0.001023401559812565,-7.952549818272993e-05,-7.952549830280272e-05,-0.0001590630038849132,0.001261974099968852,7.952549818272993e-05
1,0.003353900000000767,-1.58910525833873,-0.0001202748018871436,-12.0,0.794372215763786,12.0,-0.001023525195398473,-7.944924905656733e-05,-7.944924917684213e-05,-0.000158910525833873,0.001261869023679515,7.944924905656733e-05
1,0.0033541000000007672,-1.587577968413979,-0.0001204766206868157,-12.0,0.7936082680711929,12.0,-0.001023649025455514,-7.937287446918796e-05,-7.937287458966459e-05,-0.0001587577968413979,0.001261763765483911,7.937287446918798e-05
1,0.003354300000000767,-1.586048171486685,-0.0001206782491586234,-12.0,0.792843067162822,12.0,-0.001023773049744062,-7.929637454119807e-05,-7.929637466187633e-05,-0.0001586048171486685,0.001261658325504025,7.929637454119807e-05
1,0.003354500000000767,-1.584515869972602,-0.0001208796869855977,-12.0,0.7920766142470258,12.0,-0.001023897268024043,-7.921974939340114e-05,-7.921974951428083e-05,-0.0001584515869972602,0.001261552703862273,7.921974939340115e-05
1,0.003354700000000767,-1.582981066291442,-0.0001210809338477725,-12.0,0.79130891053414,12.0,-0.001024021680055109,-7.914299914679877e-05,-7.914299926787971e-05,-0.0001582981066291442,0.00126144690068121,7.914299914679878e-05
1,0.003354900000000767,-1.581443762866876,-0.0001212819894282902,-12.0,0.7905399572364759,12.0,-0.001024146285596605,-7.906612392259043e-05,-7.90661240438724e-05,-0.0001581443762866876,0.001261340916083625,7.906612392259042e-05
1,0.0033551000000007674,-1.579903962126512,-0.0001214828534108481,-12.0,0.7897697555683112,12.0,-0.001024271084407433,-7.898912384217222e-05,-7.898912396365507e-05,-0.0001579903962126512,0.001261234750192755,7.89891238421722e-05
1,0.003355300000000767,-1.578361666501905,-0.0001216835254769233,-12.0,0.7889983067459018,12.0,-0.00102439607624627,-7.891199902713786e-05,-7.891199914882141e-05,-0.0001578361666501905,0.001261128403131903,7.891199902713788e-05
1,0.003355500000000768,-1.576816878428556,-0.0001218840053099912,-12.0,0.7882256119874729,12.0,-0.001024521260871478,-7.883474959927826e-05,-7.883474972116229e-05,-0.0001576816878428556,0.001261021875024637,7.883474959927829e-05
1,0.003355700000000768,-1.575269600345894,-0.0001220842925943044,-12.0,0.7874516725132127,12.0,-0.001024646638040999,-7.875737568058071e-05,-7.8757375802665e-05,-0.0001575269600345894,0.001260915165994914,7.87573756805807e-05
1,0.003355900000000768,-1.573719834697277,-0.0001222843870142265,-12.0,0.7866764895452729,12.0,-0.001024772207512473,-7.867987739322873e-05,-7.867987751551313e-05,-0.0001573719834697277,0.001260808276166883,7.867987739322872e-05
1,0.0033561000000007684,-1.572167583930003,-0.0001224842882511235,-12.0,0.785900064307782,12.0,-0.001024897969043245,-7.860225485960331e-05,-7.86022549820876e-05,-0.0001572167583930003,0.001260701205664905,7.860225485960331e-05
1,0.003356300000000768,-1.570612850495292,-0.0001226839959926895,-12.0,0.785122398026817,12.0,-0.001025023922390275,-7.8524508202281e-05,-7.852450832496497e-05,-0.0001570612850495292,0.001260593954613726,7.852450820228098e-05
1,0.0033565000000007677,-1.56905563684827,-0.0001228835099231773,-12.0,0.784343491930415,12.0,-0.001025150067310257,-7.84466375440338e-05,-7.844663766691732e-05,-0.000156905563684827,0.001260486523138191,7.844663754403382e-05
1,0.0033567000000007683,-1.567495945447998,-0.0001230828297247299,-12.0,0.7835633472485833,12.0,-0.001025276403559539,-7.836864300783081e-05,-7.836864313091364e-05,-0.0001567495945447998,0.001260378911363519,7.836864300783081e-05
1,0.003356900000000768,-1.565933778757445,-0.000123281955086707,-12.0,0.7827819652132729,12.0,-0.001025402930894093,-7.829052471683595e-05,-7.829052484011792e-05,-0.0001565933778757445,0.001260271119415152,7.829052471683596e-05
1,0.003357100000000768,-1.564369139243478,-0.000123480885692917,-12.0,0.7819993470583904,12.0,-0.001025529649069587,-7.821228279440832e-05,-7.821228291788923e-05,-0.0001564369139243478,0.001260163147418863,7.821228279440834e-05
1,0.003357300000000769,-1.562802029376877,-0.0001236796212290558,-12.0,0.7812154940197987,12.0,-0.001025656557841481,-7.813391736410276e-05,-7.813391748778241e-05,-0.0001562802029376877,0.001260054995500498,7.813391736410278e-05
1,0.0033575000000007687,-1.56123245163233,-0.0001238781613814854,-12.0,0.7804304073353111,12.0,-0.001025783656964721,-7.805542854966926e-05,-7.805542867354742e-05,-0.000156123245163233,0.001259946663786329,7.805542854966926e-05
1,0.0033577000000007693,-1.55966040848841,-0.0001240765058383442,-12.0,0.7796440882446822,12.0,-0.001025910946194017,-7.797681647505206e-05,-7.797681659912857e-05,-0.000155966040848841,0.001259838152402881,7.797681647505206e-05
1,0.003357900000000769,-1.558085902427586,-0.0001242746542845508,-12.0,0.7788565379896194,12.0,-0.001026038425283787,-7.789808126439039e-05,-7.789808138866506e-05,-0.0001558085902427586,0.001259729461476886,7.78980812643904e-05
1,0.003358100000000769,-1.556508935936225,-0.0001244726064082435,-12.0,0.7780677578137741,12.0,-0.001026166093988104,-7.781922304201824e-05,-7.781922316649086e-05,-0.0001556508935936225,0.001259620591135324,7.781922304201824e-05
1,0.003358300000000769,-1.554929511504568,-0.0001246703618977829,-12.0,0.7772777489627337,12.0,-0.001026293952060678,-7.774024193246318e-05,-7.774024205713353e-05,-0.0001554929511504568,0.001259511541505456,7.774024193246316e-05
1,0.003358500000000769,-1.553347631626742,-0.0001248679204396419,-12.0,0.7764865126840321,12.0,-0.001026421999254928,-7.766113806044719e-05,-7.76611381853151e-05,-0.0001553347631626742,0.001259402312714888,7.766113806044718e-05
1,0.003358700000000769,-1.551763298800756,-0.0001250652817224029,-12.0,0.7756940502271416,12.0,-0.001026550235323956,-7.75819115508864e-05,-7.758191167595168e-05,-0.0001551763298800756,0.001259292904891338,7.75819115508864e-05
1,0.003358900000000769,-1.550176515528488,-0.0001252624454354256,-12.0,0.7749003628434664,12.0,-0.001026678660020555,-7.750256252889019e-05,-7.750256265415263e-05,-0.0001550176515528488,0.001259183318162868,7.750256252889019e-05
1,0.00335910000000077,-1.548587284315676,-0.0001254594112676255,-12.0,0.7741054517863426,12.0,-0.001026807273097188,-7.742309111976104e-05,-7.742309124522043e-05,-0.0001548587284315676,0.001259073552657794,7.742309111976102e-05
1,0.00335930000000077,-1.546995607671944,-0.0001256561789051425,-12.0,0.7733093183110524,12.0,-0.00102693607430597,-7.734349744899575e-05,-7.734349757465194e-05,-0.0001546995607671944,0.001258963608504707,7.734349744899577e-05
1,0.00335950000000077,-1.545401488110769,-0.000125852748041555,-12.0,0.7725119636747947,12.0,-0.001027065063398738,-7.726378164228362e-05,-7.726378176813636e-05,-0.0001545401488110769,0.00125885348583242,7.726378164228362e-05
1,0.00335970000000077,-1.543804928149471,-0.0001260491183650014,-12.0,0.7717133891366967,12.0,-0.001027194240127038,-7.718394382550618e-05,-7.71839439515553e-05,-0.0001543804928149471,0.001258743184769998,7.718394382550618e-05
1,0.00335990000000077,-1.542205930309247,-0.0001262452895632871,-12.0,0.7709135959578257,12.0,-0.001027323604241931,-7.710398412473889e-05,-7.710398425098419e-05,-0.0001542205930309247,0.001258632705446905,7.71039841247389e-05
1,0.0033601000000007698,-1.540604497115136,-0.0001264412613304344,-12.0,0.7701125854011598,12.0,-0.001027453155494448,-7.702390266624902e-05,-7.702390279269028e-05,-0.0001540604497115136,0.001258522047992608,7.702390266624902e-05
1,0.0033603000000007703,-1.53900063109601,-0.000126637033355359,-12.0,0.7693103587316018,12.0,-0.001027582893635026,-7.69436995764957e-05,-7.694369970313273e-05,-0.000153900063109601,0.0012584112125371,7.694369957649572e-05
1,0.00336050000000077,-1.537394334784597,-0.0001268326053288638,-12.0,0.7685069172159792,12.0,-0.001027712818413962,-7.686337498213081e-05,-7.686337510896342e-05,-0.0001537394334784597,0.001258300199210485,7.686337498213081e-05
1,0.00336070000000077,-1.535785610717463,-0.0001270279769421956,-12.0,0.7677022621230382,12.0,-0.001027842929581177,-7.678292900999805e-05,-7.678292913702602e-05,-0.0001535785610717463,0.00125818900814316,7.678292900999804e-05
1,0.003360900000000771,-1.534174461434997,-0.0001272231478885999,-12.0,0.7668963947234344,12.0,-0.001027973226886247,-7.67023617871323e-05,-7.670236191435543e-05,-0.0001534174461434997,0.00125807763946581,7.67023617871323e-05
1,0.0033611000000007708,-1.532560889481427,-0.0001274181178582134,-12.0,0.7660893162897449,12.0,-0.001028103710078526,-7.662167344076031e-05,-7.662167356817842e-05,-0.0001532560889481427,0.001257966093309304,7.662167344076031e-05
1,0.0033613000000007713,-1.530944897404806,-0.0001276128865437265,-12.0,0.7652810280964587,12.0,-0.001028234378906992,-7.654086409830022e-05,-7.65408642259131e-05,-0.0001530944897404806,0.00125785436980487,7.654086409830025e-05
1,0.003361500000000771,-1.529326487757004,-0.0001278074536389395,-12.0,0.7644715314199688,12.0,-0.00102836523312029,-7.645993388736078e-05,-7.645993401516825e-05,-0.0001529326487757004,0.001257742469084,7.645993388736078e-05
1,0.003361700000000771,-1.527705663093708,-0.0001280018188352106,-12.0,0.7636608275385832,12.0,-0.001028496272466817,-7.637888293574183e-05,-7.637888306374366e-05,-0.0001527705663093708,0.001257630391278325,7.637888293574185e-05
1,0.003361900000000771,-1.526082425974431,-0.000128195981826118,-12.0,0.7628489177325163,12.0,-0.001028627496694634,-7.629771137143423e-05,-7.629771149963025e-05,-0.0001526082425974431,0.001257518136519836,7.629771137143424e-05
1,0.003362100000000771,-1.524456778962479,-0.0001283899423066837,-12.0,0.7620358032838799,12.0,-0.001028758905551486,-7.621641932261866e-05,-7.621641945100861e-05,-0.0001524456778962479,0.001257405704940789,7.621641932261866e-05
1,0.003362300000000771,-1.522828724624973,-0.0001285836999682655,-12.0,0.7612214854766973,12.0,-0.001028890498784796,-7.613500691766656e-05,-7.613500704625026e-05,-0.0001522828724624974,0.001257293096673662,7.613500691766657e-05
1,0.003362500000000772,-1.521198265532835,-0.0001287772545079946,-12.0,0.7604059655968829,12.0,-0.001029022276141697,-7.60534742851391e-05,-7.605347441391635e-05,-0.0001521198265532835,0.001257180311851236,7.605347428513909e-05
1,0.003362700000000772,-1.519565404260781,-0.0001289706056174511,-12.0,0.7595892449322584,12.0,-0.001029154237369032,-7.597182155378757e-05,-7.597182168275818e-05,-0.0001519565404260781,0.001257067350606517,7.597182155378759e-05
1,0.003362900000000772,-1.517930143387323,-0.0001291637529943213,-12.0,0.7587713247725327,12.0,-0.001029286382213307,-7.58900488525527e-05,-7.589004898171645e-05,-0.0001517930143387324,0.0012569542130728,7.58900488525527e-05
1,0.003363100000000772,-1.516292485494759,-0.0001293566963311843,-12.0,0.7579522064093156,12.0,-0.001029418710420713,-7.580815631056469e-05,-7.580815643992139e-05,-0.0001516292485494759,0.001256840899383646,7.580815631056469e-05
1,0.003363300000000772,-1.514652433169182,-0.0001295494353248383,-12.0,0.7571318911361092,12.0,-0.001029551221737202,-7.572614405714341e-05,-7.572614418669284e-05,-0.0001514652433169182,0.001256727409672809,7.572614405714341e-05
1,0.003363500000000772,-1.513009989000453,-0.0001297419696719704,-12.0,0.7563103802482987,12.0,-0.001029683915908339,-7.564401222179704e-05,-7.564401235153904e-05,-0.0001513009989000453,0.001256613744074389,7.564401222179707e-05
1,0.003363700000000772,-1.511365155582215,-0.0001299342990669361,-12.0,0.7554876750431642,12.0,-0.001029816792679439,-7.556176093422309e-05,-7.556176106415742e-05,-0.0001511365155582216,0.001256499902722752,7.556176093422312e-05
1,0.0033639000000007723,-1.509717935511892,-0.0001301264232068666,-12.0,0.7546637768198716,12.0,-0.001029949851795497,-7.547939032430784e-05,-7.547939045443426e-05,-0.0001509717935511892,0.00125638588575247,7.547939032430786e-05
1,0.003364100000000772,-1.508068331390664,-0.0001303183417894482,-12.0,0.7538386868794643,12.0,-0.001030083093001191,-7.539690052212536e-05,-7.539690065244372e-05,-0.0001508068331390664,0.001256271693298394,7.539690052212538e-05
1,0.003364300000000773,-1.506416345823481,-0.0001305100545103688,-12.0,0.7530124065248742,12.0,-0.001030216516040947,-7.531429165793846e-05,-7.531429178844852e-05,-0.0001506416345823481,0.001256157325495652,7.531429165793846e-05
1,0.003364500000000773,-1.50476198141906,-0.0001307015610677587,-12.0,0.7521849370609132,12.0,-0.001030350120658829,-7.523156386219809e-05,-7.523156399289964e-05,-0.0001504761981419061,0.001256042782479622,7.52315638621981e-05
1,0.003364700000000773,-1.503105240789865,-0.0001308928611603033,-12.0,0.7513562797942636,12.0,-0.001030483906598628,-7.514871726554239e-05,-7.514871739643526e-05,-0.0001503105240789865,0.001255928064385972,7.514871726554239e-05
1,0.0033649000000007733,-1.501446126552116,-0.0001310839544838016,-12.0,0.750526436033493,12.0,-0.00103061787360384,-7.506575199879769e-05,-7.506575212988162e-05,-0.0001501446126552116,0.001255813171350609,7.506575199879768e-05
1,0.003365100000000773,-1.499784641325783,-0.0001312748407398256,-12.0,0.7496954070890336,12.0,-0.001030752021417641,-7.498266819297733e-05,-7.498266832425218e-05,-0.0001499784641325783,0.001255698103509714,7.498266819297734e-05
1,0.003365300000000773,-1.498120787734574,-0.0001314655196241743,-12.0,0.7488631942731957,12.0,-0.001030886349782961,-7.489946597928198e-05,-7.489946611074752e-05,-0.0001498120787734574,0.001255582860999666,7.489946597928199e-05
1,0.0033655000000007733,-1.496454568405949,-0.0001316559908369763,-12.0,0.7480297989001592,12.0,-0.001031020858442339,-7.48161454890996e-05,-7.48161456207556e-05,-0.0001496454568405949,0.00125546744395727,7.481614548909962e-05
1,0.003365700000000773,-1.494785985971092,-0.0001318462540791376,-12.0,0.7471952222859646,12.0,-0.001031155547138118,-7.473270685400438e-05,-7.473270698585064e-05,-0.0001494785985971092,0.001255351852519432,7.473270685400438e-05
1,0.003365900000000773,-1.493115043064919,-0.0001320363090479559,-12.0,0.7463594657485245,12.0,-0.001031290415612271,-7.464915020575724e-05,-7.464915033779356e-05,-0.0001493115043064919,0.001255236086823375,7.464915020575725e-05
1,0.003366100000000774,-1.491441742326087,-0.0001322261554444482,-12.0,0.7455225306076151,12.0,-0.001031425463606558,-7.456547567630595e-05,-7.456547580853214e-05,-0.0001491441742326087,0.0012551201470066,7.456547567630596e-05
1,0.003366300000000774,-1.489766086396959,-0.0001324157929703529,-12.0,0.7446844181848663,12.0,-0.00103156069086234,-7.448168339778367e-05,-7.448168353019945e-05,-0.0001489766086396959,0.001255004033206872,7.448168339778367e-05
1,0.0033665000000007743,-1.488088077923629,-0.0001326052213236895,-12.0,0.7438451298037769,12.0,-0.001031696097120768,-7.439777350251006e-05,-7.439777363511529e-05,-0.000148808807792363,0.001254887745562205,7.439777350251008e-05
1,0.003366700000000774,-1.486407719555901,-0.00013279444020875,-12.0,0.743004666789693,12.0,-0.001031831682122619,-7.43137461229902e-05,-7.431374625578463e-05,-0.0001486407719555901,0.001254771284210879,7.431374612299018e-05
1,0.003366900000000774,-1.484725013947291,-0.0001329834493238313,-12.0,0.7421630304698251,12.0,-0.001031967445608462,-7.422960139191489e-05,-7.422960152489834e-05,-0.0001484725013947291,0.001254654649291476,7.42296013919149e-05
1,0.003367100000000774,-1.48303996375502,-0.0001331722483735587,-12.0,0.7413202221732272,12.0,-0.001032103387318531,-7.414533944216006e-05,-7.414533957533232e-05,-0.000148303996375502,0.00125453784094276,7.414533944216009e-05
1,0.003367300000000774,-1.481352571640011,-0.0001333608370574502,-12.0,0.740476243230811,12.0,-0.001032239506992785,-7.406096040678683e-05,-7.406096054014767e-05,-0.0001481352571640011,0.001254420859303801,7.406096040678685e-05
1,0.003367500000000774,-1.479662840266894,-0.0001335492150788542,-12.0,0.7396310949753367,12.0,-0.001032375804370864,-7.397646441904158e-05,-7.397646455259077e-05,-0.0001479662840266894,0.001254303704514001,7.397646441904155e-05
1,0.003367700000000774,-1.477970772303981,-0.0001337373821415633,-12.0,0.7387847787414042,12.0,-0.001032512279192127,-7.389185161235457e-05,-7.389185174609198e-05,-0.0001477970772303981,0.001254186376712915,7.389185161235458e-05
1,0.003367900000000775,-1.476276370423277,-0.0001339253379469829,-12.0,0.7379372958654646,12.0,-0.001032648931195701,-7.380712212034116e-05,-7.380712225426652e-05,-0.0001476276370423277,0.001254068876040418,7.380712212034116e-05
1,0.003368100000000775,-1.474579637300482,-0.0001341130821990721,-12.0,0.7370886476858115,12.0,-0.00103278576012035,-7.372227607680107e-05,-7.372227621091414e-05,-0.0001474579637300482,0.001253951202636633,7.372227607680107e-05
1,0.003368300000000775,-1.472880575614963,-0.0001343006146027337,-12.0,0.7362388355425713,12.0,-0.001032922765704547,-7.363731361571742e-05,-7.363731375001803e-05,-0.0001472880575614963,0.001253833356642003,7.363731361571741e-05
1,0.003368500000000775,-1.471179188049771,-0.0001344879348601502,-12.0,0.7353878607777159,12.0,-0.001033059947686515,-7.35522348712576e-05,-7.355223500574555e-05,-0.0001471179188049771,0.001253715338197167,7.35522348712576e-05
1,0.003368700000000775,-1.469475477291636,-0.000134675042676391,-12.0,0.7345357247350529,12.0,-0.001033197305804243,-7.346703997777294e-05,-7.346704011244798e-05,-0.0001469475477291636,0.001253597147442984,7.346703997777293e-05
1,0.0033689000000007747,-1.467769446030945,-0.0001348619377576354,-12.0,0.7336824287602167,12.0,-0.001033334839795313,-7.338172906979743e-05,-7.338172920465936e-05,-0.0001467769446030945,0.001253478784520756,7.338172906979743e-05
1,0.0033691000000007753,-1.466061096961754,-0.0001350486198067324,-12.0,0.7328279742006805,12.0,-0.001033472549397119,-7.329630228204873e-05,-7.329630241709736e-05,-0.0001466061096961754,0.001253360249571844,7.329630228204873e-05
1,0.003369300000000775,-1.464350432781786,-0.0001352350885300835,-12.0,0.7319723624057471,12.0,-0.001033610434346674,-7.321075974942773e-05,-7.321075988466281e-05,-0.0001464350432781786,0.001253241542738037,7.321075974942773e-05
1,0.003369500000000775,-1.462637456192412,-0.000135421343633646,-12.0,0.731115594726542,12.0,-0.001033748494380857,-7.312510160701756e-05,-7.312510174243891e-05,-0.0001462637456192412,0.001253122664161263,7.312510160701756e-05
1,0.003369700000000776,-1.460922169898647,-0.0001356073848243766,-12.0,0.7302576725160131,12.0,-0.001033886729236128,-7.303932799008377e-05,-7.303932812569113e-05,-0.0001460922169898647,0.001253003613983783,7.303932799008375e-05
1,0.0033699000000007757,-1.459204576609174,-0.0001357932118052907,-12.0,0.7293985971289468,12.0,-0.001034025138648698,-7.295343903407521e-05,-7.295343916986844e-05,-0.0001459204576609174,0.001252884392348164,7.295343903407521e-05
1,0.0033701000000007763,-1.45748467903631,-0.0001359788242874527,-12.0,0.7285383699219354,12.0,-0.00103416372235457,-7.286743487462228e-05,-7.286743501060111e-05,-0.000145748467903631,0.001252764999397124,7.286743487462228e-05
1,0.003370300000000776,-1.455762479895997,-0.0001361642219757098,-12.0,0.7276769922533926,12.0,-0.00103430248008933,-7.27813156475368e-05,-7.278131578370105e-05,-0.0001455762479895997,0.001252645435273744,7.278131564753683e-05
1,0.003370500000000776,-1.454037981907828,-0.0001363494045773517,-12.0,0.7268144654835538,12.0,-0.001034441411588427,-7.26950814888131e-05,-7.269508162516252e-05,-0.0001454037981907828,0.001252525700121271,7.269508148881313e-05
1,0.003370700000000776,-1.452311187795026,-0.0001365343718003342,-12.0,0.7259507909744688,12.0,-0.001034580516586905,-7.260873253462693e-05,-7.260873267116131e-05,-0.0001452311187795027,0.001252405794083367,7.260873253462692e-05
1,0.003370900000000776,-1.450582100284431,-0.0001367191233542786,-12.0,0.7250859700899928,12.0,-0.001034719794819644,-7.25222689213347e-05,-7.252226905805381e-05,-0.0001450582100284431,0.001252285717303819,7.252226892133471e-05
1,0.003371100000000776,-1.448850722106506,-0.0001369036589454198,-12.0,0.7242200041957984,12.0,-0.001034859246021175,-7.243569078547437e-05,-7.243569092237805e-05,-0.0001448850722106506,0.00125216546992675,7.243569078547439e-05
1,0.003371300000000776,-1.447117055995344,-0.0001370879782838785,-12.0,0.7233528946593665,12.0,-0.001034998869925752,-7.234899826376502e-05,-7.2348998400853e-05,-0.0001447117055995344,0.001252045052096529,7.234899826376505e-05
1,0.003371500000000777,-1.445381104688632,-0.000137272081079165,-12.0,0.7224846428499764,12.0,-0.001035138666267379,-7.226219149310556e-05,-7.226219163037764e-05,-0.0001445381104688632,0.001251924463957776,7.226219149310556e-05
1,0.003371700000000777,-1.443642870927675,-0.0001374559670392905,-12.0,0.7216152501387186,12.0,-0.001035278634779785,-7.217527061057581e-05,-7.217527074803177e-05,-0.0001443642870927675,0.001251803705655377,7.21752706105758e-05
1,0.003371900000000777,-1.441902357457389,-0.000137639635874931,-12.0,0.7207447178984856,12.0,-0.001035418775196403,-7.208823575343607e-05,-7.20882358910757e-05,-0.0001441902357457389,0.001251682777334534,7.208823575343607e-05
1,0.003372100000000777,-1.44015956702628,-0.0001378230872968733,-12.0,0.7198730475039639,12.0,-0.001035559087250393,-7.200108705912608e-05,-7.200108719694917e-05,-0.000144015956702628,0.001251561679140645,7.200108705912607e-05
1,0.003372300000000777,-1.438414502386445,-0.0001380063210159599,-12.0,0.7190002403316352,12.0,-0.001035699570674647,-7.191382466526511e-05,-7.191382480327145e-05,-0.0001438414502386445,0.001251440411219482,7.191382466526513e-05
1,0.003372500000000777,-1.436667166293589,-0.000138189336739869,-12.0,0.7181262977597911,12.0,-0.001035840225201826,-7.182644870965309e-05,-7.182644884784244e-05,-0.0001436667166293589,0.001251318973716914,7.182644870965309e-05
1,0.0033727000000007773,-1.434917561506996,-0.0001383721341837729,-12.0,0.7172512211685012,12.0,-0.001035981050564225,-7.173895933026849e-05,-7.173895946864062e-05,-0.0001434917561506996,0.0012511973667792,7.17389593302685e-05
1,0.003372900000000777,-1.43316569078952,-0.0001385547130581255,-12.0,0.7163750119396258,12.0,-0.001036122046493948,-7.165135666526839e-05,-7.165135680382311e-05,-0.000143316569078952,0.001251075590552875,7.16513566652684e-05
1,0.003373100000000778,-1.431411556907616,-0.0001387370730720483,-12.0,0.7154976714568291,12.0,-0.001036263212722807,-7.156364085299009e-05,-7.156364099172719e-05,-0.0001431411556907616,0.001250953645184641,7.156364085299012e-05
1,0.003373300000000778,-1.429655162631302,-0.0001389192139418793,-12.0,0.7146192011055462,12.0,-0.001036404548982336,-7.147581203194883e-05,-7.147581217086802e-05,-0.0001429655162631303,0.001250831530821561,7.147581203194882e-05
1,0.003373500000000778,-1.427896510734153,-0.0001391011353788496,-12.0,0.7137396022729969,12.0,-0.001036546055003806,-7.138787034083758e-05,-7.138787047993874e-05,-0.0001427896510734154,0.001250709247610907,7.138787034083758e-05
1,0.0033737000000007783,-1.426135603993332,-0.0001392828370933574,-12.0,0.7128588763481977,12.0,-0.001036687730518168,-7.129981591852909e-05,-7.129981605781194e-05,-0.0001426135603993332,0.001250586795700281,7.12998159185291e-05
1,0.003373900000000778,-1.424372445189554,-0.0001394643188022959,-12.0,0.7119770247219301,12.0,-0.001036829575256248,-7.121164890407325e-05,-7.121164904353756e-05,-0.0001424372445189554,0.001250464175237442,7.121164890407325e-05
1,0.003374100000000778,-1.422607037107077,-0.0001396455802180618,-12.0,0.7110940487867558,12.0,-0.001036971588948429,-7.112336943669737e-05,-7.112336957634298e-05,-0.0001422607037107077,0.001250341386370507,7.112336943669738e-05
1,0.0033743000000007782,-1.420839382533726,-0.0001398266210536625,-12.0,0.7102099499370166,12.0,-0.001037113771324955,-7.103497765580702e-05,-7.103497779563363e-05,-0.0001420839382533726,0.001250218429247829,7.103497765580702e-05
1,0.003374500000000778,-1.419069484260876,-0.0001400074410238261,-12.0,0.7093247295688279,12.0,-0.001037256122115721,-7.094647370098518e-05,-7.094647384099263e-05,-0.0001419069484260876,0.001250095304018053,7.094647370098517e-05
1,0.003374700000000778,-1.417297345083433,-0.0001401880398449462,-12.0,0.7084383890800684,12.0,-0.001037398641050402,-7.085785771199135e-05,-7.085785785217938e-05,-0.0001417297345083433,0.001249972010830047,7.085785771199133e-05
1,0.003374900000000779,-1.415522967799845,-0.0001403684172298081,-12.0,0.7075509298703934,12.0,-0.001037541327858382,-7.076912982876232e-05,-7.076912996913074e-05,-0.0001415522967799845,0.001249848549832996,7.076912982876231e-05
1,0.003375100000000779,-1.413746355212104,-0.0001405485728945832,-12.0,0.7066623533412244,12.0,-0.001037684182268864,-7.06802901914119e-05,-7.068029033196047e-05,-0.0001413746355212104,0.001249724921176282,7.06802901914119e-05
1,0.0033753000000007792,-1.411967510125719,-0.0001407285065561092,-12.0,0.7057726608957401,12.0,-0.001037827204010675,-7.05913389402296e-05,-7.059133908095812e-05,-0.0001411967510125719,0.001249601125009603,7.059133894022962e-05
1,0.003375500000000779,-1.410186435349728,-0.0001409082179286147,-12.0,0.7048818539388889,12.0,-0.001037970392812407,-7.050227621568177e-05,-7.050227635658997e-05,-0.0001410186435349728,0.001249477161482923,7.050227621568175e-05
1,0.003375700000000779,-1.4084031336967,-0.0001410877067291594,-12.0,0.7039899338773791,12.0,-0.001038113748402472,-7.041310215841083e-05,-7.041310229949855e-05,-0.00014084031336967,0.001249353030746442,7.041310215841083e-05
1,0.003375900000000779,-1.40661760798271,-0.000141266972675802,-12.0,0.7030969021196715,12.0,-0.001038257270508908,-7.032381690923473e-05,-7.03238170505017e-05,-0.000140661760798271,0.001249228732950664,7.032381690923473e-05
1,0.003376100000000779,-1.404829861027337,-0.0001414460154852692,-12.0,0.7022027600759803,12.0,-0.001038400958859556,-7.023442060914656e-05,-7.023442075059256e-05,-0.0001404829861027337,0.001249104268246357,7.023442060914656e-05
1,0.003376300000000779,-1.403039895653689,-0.0001416248348722893,-12.0,0.7013075091582879,12.0,-0.00103854481318201,-7.014491339931602e-05,-7.014491354094086e-05,-0.000140303989565369,0.001248979636784525,7.014491339931602e-05
1,0.003376500000000779,-1.401247714688371,-0.0001418034305589733,-12.0,0.7004111507803125,12.0,-0.001038688833203544,-7.005529542108715e-05,-7.005529556289059e-05,-0.0001401247714688371,0.001248854838716479,7.005529542108715e-05
1,0.00337670000000078,-1.399453320961468,-0.0001419818022612152,-12.0,0.699513686357524,12.0,-0.00103883301865125,-6.996556681597852e-05,-6.996556695796033e-05,-0.0001399453320961468,0.001248729874193708,6.996556681597852e-05
1,0.00337690000000078,-1.397656717306579,-0.0001421599496974624,-12.0,0.6986151173071437,12.0,-0.001038977369251917,-6.98757277256841e-05,-6.987572786784406e-05,-0.0001397656717306579,0.00124860474336809,6.987572772568412e-05
1,0.00337710000000078,-1.395857906560792,-0.0001423378725869395,-12.0,0.6977154450481371,12.0,-0.001039121884732042,-6.97857782920724e-05,-6.978577843441027e-05,-0.0001395857906560792,0.001248479446391726,6.97857782920724e-05
1,0.00337730000000078,-1.394056891564671,-0.0001425155706500925,-12.0,0.6968146710012048,12.0,-0.001039266564817953,-6.96957186571855e-05,-6.969571879970105e-05,-0.0001394056891564671,0.001248353983416925,6.96957186571855e-05
1,0.00337750000000078,-1.392253675162263,-0.0001426930436044804,-12.0,0.6959127965887942,12.0,-0.001039411409235663,-6.960554896323986e-05,-6.96055491059329e-05,-0.0001392253675162263,0.001248228354596356,6.960554896323988e-05
1,0.0033777000000007797,-1.390448260201101,-0.0001428702911711044,-12.0,0.6950098232350908,12.0,-0.00103955641771096,-6.95152693526262e-05,-6.951526949549649e-05,-0.0001390448260201101,0.001248102560082842,6.951526935262618e-05
1,0.0033779000000007803,-1.388640649532176,-0.0001430473130714649,-12.0,0.6941057523660077,12.0,-0.001039701589969369,-6.942487996790791e-05,-6.942488011095524e-05,-0.0001388640649532176,0.001247976600029607,6.942487996790791e-05
1,0.00337810000000078,-1.386830846009952,-0.0001432241090242314,-12.0,0.6932005854091986,12.0,-0.001039846925736138,-6.933438095182229e-05,-6.933438109504641e-05,-0.0001386830846009952,0.001247850474590043,6.933438095182229e-05
1,0.00337830000000078,-1.385018852492364,-0.0001434006787512376,-12.0,0.6922943237940483,12.0,-0.001039992424736277,-6.924377244727996e-05,-6.924377259068063e-05,-0.0001385018852492364,0.001247724183917803,6.924377244727996e-05
1,0.003378500000000781,-1.383204671840791,-0.0001435770219751498,-12.0,0.6913869689516626,12.0,-0.001040138086694578,-6.915305459736377e-05,-6.91530547409408e-05,-0.0001383204671840791,0.001247597728166919,6.915305459736379e-05
1,0.0033787000000007807,-1.381388306920076,-0.0001437531384151369,-12.0,0.6904785223148837,12.0,-0.001040283911335538,-6.906222754532989e-05,-6.906222768908303e-05,-0.0001381388306920076,0.001247471107491571,6.906222754532989e-05
1,0.0033789000000007813,-1.379569760598505,-0.0001439290277965855,-12.0,0.6895689853182676,12.0,-0.001040429898383405,-6.897129143460643e-05,-6.897129157853543e-05,-0.0001379569760598505,0.001247344322046304,6.897129143460642e-05
1,0.003379100000000781,-1.377749035747811,-0.0001441046898389975,-12.0,0.6886583593981,12.0,-0.001040576047562219,-6.888024640879391e-05,-6.88802465528986e-05,-0.0001377749035747811,0.001247217371985784,6.888024640879391e-05
1,0.003379300000000781,-1.375926135243174,-0.0001442801242664271,-12.0,0.6877466459923862,12.0,-0.00104072235859573,-6.878909261166527e-05,-6.878909275594539e-05,-0.0001375926135243174,0.001247090257465097,6.878909261166527e-05
1,0.003379500000000781,-1.374101061963198,-0.0001444553308033725,-12.0,0.6868338465408409,12.0,-0.001040868831207464,-6.869783018716443e-05,-6.869783033161976e-05,-0.0001374101061963198,0.001246962978639521,6.869783018716443e-05
1,0.003379700000000781,-1.372273818789926,-0.000144630309170557,-12.0,0.6859199624849042,12.0,-0.001041015465120712,-6.860645927940747e-05,-6.860645942403778e-05,-0.0001372273818789926,0.001246835535664625,6.860645927940747e-05
1,0.003379900000000781,-1.370444408608824,-0.0001448050590953098,-12.0,0.6850049952677184,12.0,-0.001041162260058445,-6.851498003268138e-05,-6.851498017748643e-05,-0.0001370444408608824,0.001246707928696258,6.851498003268138e-05
1,0.003380100000000781,-1.368612834308778,-0.0001449795802990761,-12.0,0.6840889463341445,12.0,-0.001041309215743511,-6.842339259144437e-05,-6.842339273642394e-05,-0.0001368612834308778,0.001246580157890462,6.842339259144437e-05
1,0.003380300000000782,-1.366779098782102,-0.0001451538725072976,-12.0,0.6831718171307513,12.0,-0.001041456331898352,-6.833169710032586e-05,-6.833169724547976e-05,-0.0001366779098782102,0.001246452223403666,6.833169710032585e-05
1,0.003380500000000782,-1.36494320492451,-0.0001453279354466375,-12.0,0.6822536091058057,12.0,-0.001041603608245345,-6.823989370412525e-05,-6.823989384945318e-05,-0.000136494320492451,0.001246324125392453,6.823989370412524e-05
1,0.003380700000000782,-1.363105155635128,-0.0001455017688400395,-12.0,0.6813343237092861,12.0,-0.001041751044506489,-6.814798254781264e-05,-6.81479826933144e-05,-0.0001363105155635128,0.001246195864013727,6.814798254781263e-05
1,0.003380900000000782,-1.361264953816496,-0.0001456753724146664,-12.0,0.6804139623928726,12.0,-0.001041898640403605,-6.80559637765287e-05,-6.805596392220408e-05,-0.0001361264953816497,0.001246067439424681,6.805596377652872e-05
1,0.003381100000000782,-1.359422602374537,-0.0001458487458970703,-12.0,0.6794925266099355,12.0,-0.001042046395658247,-6.796383753558326e-05,-6.796383768143199e-05,-0.0001359422602374537,0.00124593885178273,6.796383753558326e-05
1,0.0033813000000007818,-1.35757810421858,-0.0001460218890116383,-12.0,0.6785700178155535,12.0,-0.001042194309991723,-6.78716039704565e-05,-6.78716041164784e-05,-0.000135757810421858,0.001245810101245567,6.787160397045651e-05
1,0.0033815000000007823,-1.355731462261337,-0.000146194801488253,-12.0,0.6776464374664882,12.0,-0.001042342383125117,-6.777926322679763e-05,-6.777926337299246e-05,-0.0001355731462261337,0.001245681187971207,6.777926322679765e-05
1,0.003381700000000782,-1.353882679418907,-0.0001463674830511907,-12.0,0.676721787021202,12.0,-0.001042490614779283,-6.768681545042533e-05,-6.768681559679282e-05,-0.0001353882679418907,0.001245552112117826,6.768681545042533e-05
1,0.003381900000000783,-1.35203175861078,-0.0001465399334292239,-12.0,0.6757960679398466,12.0,-0.001042639004674793,-6.759426078732758e-05,-6.759426093386752e-05,-0.000135203175861078,0.001245422873843979,6.759426078732758e-05
1,0.003382100000000783,-1.350178702759804,-0.000146712152351347,-12.0,0.6748692816842535,12.0,-0.00104278755253203,-6.750159938366049e-05,-6.750159953037266e-05,-0.0001350178702759804,0.001245293473308415,6.750159938366049e-05
1,0.0033823000000007828,-1.34832351479221,-0.0001468841395441123,-12.0,0.6739414297179476,12.0,-0.001042936258071114,-6.740883138574917e-05,-6.74088315326333e-05,-0.000134832351479221,0.001245163910670186,6.740883138574917e-05
1,0.0033825000000007833,-1.3464661976376,-0.0001470558947366252,-12.0,0.6730125135061361,12.0,-0.001043085121011915,-6.731595694008727e-05,-6.731595708714318e-05,-0.00013464661976376,0.001245034186088581,6.731595694008727e-05
1,0.003382700000000783,-1.344606754228926,-0.0001472274176594901,-12.0,0.6720825345156994,12.0,-0.001043234141074115,-6.72229761933359e-05,-6.722297634056332e-05,-0.0001344606754228926,0.001244904299723182,6.72229761933359e-05
1,0.003382900000000783,-1.342745187502502,-0.0001473987080399808,-12.0,0.6711514942152039,12.0,-0.001043383317977119,-6.71298892923244e-05,-6.712988943972309e-05,-0.0001342745187502502,0.001244774251733846,6.71298892923244e-05
1,0.0033831000000007832,-1.340881500398004,-0.000147569765608313,-12.0,0.670219394074892,12.0,-0.001043532651440061,-6.703669638405003e-05,-6.703669653161979e-05,-0.0001340881500398004,0.001244644042280738,6.703669638405003e-05
1,0.003383300000000783,-1.339015695858448,-0.0001477405900958129,-12.0,0.6692862355666742,12.0,-0.001043682141181917,-6.694339761567701e-05,-6.69433977634176e-05,-0.0001339015695858448,0.001244513671524172,6.694339761567701e-05
1,0.003383500000000783,-1.337147776830187,-0.0001479111812328071,-12.0,0.6683520201641328,12.0,-0.001043831786921433,-6.684999313453655e-05,-6.68499932824477e-05,-0.0001337147776830187,0.001244383139624758,6.684999313453656e-05
1,0.003383700000000784,-1.335277746262924,-0.0001480815387486789,-12.0,0.6674167493425238,12.0,-0.001043981588377034,-6.675648308812725e-05,-6.675648323620879e-05,-0.0001335277746262925,0.001244252446743532,6.675648308812725e-05
1,0.003383900000000784,-1.3334056071097,-0.0001482516623753094,-12.0,0.6664804245787703,12.0,-0.001044131545266995,-6.666286762411457e-05,-6.666286777236623e-05,-0.00013334056071097,0.001244121593041617,6.666286762411457e-05
1,0.0033841000000007842,-1.331531362326872,-0.000148421551846023,-12.0,0.6655430473514516,12.0,-0.001044281657309333,-6.656914689032977e-05,-6.656914703875132e-05,-0.0001331531362326872,0.001243990578680451,6.656914689032977e-05
1,0.003384300000000784,-1.329655014874129,-0.0001485912068902584,-12.0,0.6646046191408169,12.0,-0.001044431924221809,-6.647532103477072e-05,-6.647532118336193e-05,-0.0001329655014874129,0.001243859403821754,6.647532103477072e-05
1,0.003384500000000784,-1.327776567714487,-0.000148760627241451,-12.0,0.6636651414287752,12.0,-0.001044582345722016,-6.638139020560165e-05,-6.638139035436228e-05,-0.0001327776567714487,0.001243728068627561,6.638139020560166e-05
1,0.003384700000000784,-1.325896023814266,-0.0001489298126335914,-12.0,0.6627246156988846,12.0,-0.001044732921527257,-6.628735455115182e-05,-6.628735470008164e-05,-0.0001325896023814266,0.001243596573260092,6.628735455115182e-05
1,0.003384900000000784,-1.3240133861431,-0.000149098762797284,-12.0,0.6617830434363663,12.0,-0.001044883651354619,-6.619321421991636e-05,-6.619321436901513e-05,-0.00013240133861431,0.001243464917881923,6.619321421991635e-05
1,0.0033851000000007844,-1.322128657673941,-0.0001492674774676295,-12.0,0.6608404261280941,12.0,-0.001045034534921011,-6.609896936055616e-05,-6.609896950982365e-05,-0.0001322128657673941,0.001243333102655772,6.609896936055617e-05
1,0.003385300000000784,-1.320241841383025,-0.0001494359563791736,-12.0,0.659896765262584,12.0,-0.001045185571943066,-6.600462012189631e-05,-6.600462027133229e-05,-0.0001320241841383025,0.001243201127744759,6.600462012189632e-05
1,0.003385500000000785,-1.318352940249892,-0.0001496041992640196,-12.0,0.6589520623300081,12.0,-0.001045336762137174,-6.591016665292721e-05,-6.591016680253142e-05,-0.0001318352940249892,0.00124306899331221,6.591016665292721e-05
1,0.003385700000000785,-1.316461957257385,-0.0001497722058576012,-12.0,0.658006318822184,12.0,-0.001045488105219532,-6.581560910280416e-05,-6.581560925257636e-05,-0.0001316461957257385,0.00124293669952176,6.581560910280416e-05
1,0.003385900000000785,-1.314568895391621,-0.0001499399758957964,-12.0,0.6570595362325669,12.0,-0.001045639600906152,-6.572094762084628e-05,-6.572094777078626e-05,-0.0001314568895391621,0.001242804246537152,6.572094762084627e-05
1,0.0033861000000007854,-1.312673757641995,-0.0001501075091146498,-12.0,0.6561117160562504,12.0,-0.001045791248912735,-6.56261823565365e-05,-6.562618250664403e-05,-0.0001312673757641995,0.001242671634522671,6.56261823565365e-05
1,0.003386300000000785,-1.310776547001198,-0.0001502748052455427,-12.0,0.6551628597899828,12.0,-0.001045943048954813,-6.553131345952284e-05,-6.553131360979766e-05,-0.0001310776547001199,0.001242538863642631,6.553131345952283e-05
1,0.003386500000000785,-1.308877266465191,-0.0001504418640297378,-12.0,0.6542129689321322,12.0,-0.001046095000747663,-6.54363410796162e-05,-6.543634123005806e-05,-0.0001308877266465191,0.001242405934061788,6.54363410796162e-05
1,0.0033867000000007853,-1.306975919033184,-0.0001506086852012256,-12.0,0.6532620449827033,12.0,-0.001046247104006401,-6.534126536679046e-05,-6.534126551739915e-05,-0.0001306975919033184,0.001242272845945011,6.534126536679046e-05
1,0.003386900000000785,-1.305072507707671,-0.0001507752684967167,-12.0,0.6523100894433376,12.0,-0.001046399358445874,-6.524608647118342e-05,-6.52460866219587e-05,-0.0001305072507707671,0.001242139599457515,6.524608647118344e-05
1,0.003387100000000785,-1.303167035494403,-0.0001509416136533659,-12.0,0.6513571038173053,12.0,-0.001046551763780698,-6.515080454309588e-05,-6.515080469403749e-05,-0.0001303167035494403,0.001242006194764819,6.515080454309587e-05
1,0.003387300000000786,-1.301259505402377,-0.0001511077204106592,-12.0,0.6504030896094954,12.0,-0.001046704319725304,-6.505541973299061e-05,-6.505541988409835e-05,-0.0001301259505402378,0.001241872632032667,6.505541973299061e-05
1,0.003387500000000786,-1.299349920443843,-0.0001512735885041416,-12.0,0.6494480483264296,12.0,-0.001046857025993879,-6.495993219149338e-05,-6.495993234276697e-05,-0.0001299349920443844,0.001241738911427065,6.495993219149336e-05
1,0.0033877000000007863,-1.297438283634305,-0.0001514392176731327,-12.0,0.6484919814762506,12.0,-0.001047009882300429,-6.486434206939239e-05,-6.48643422208316e-05,-0.0001297438283634305,0.001241605033114282,6.486434206939238e-05
1,0.003387900000000786,-1.295524597992492,-0.0001516046076573963,-12.0,0.6475348905687136,12.0,-0.001047162888358669,-6.47686495176371e-05,-6.476864966924172e-05,-0.0001295524597992492,0.001241470997260907,6.47686495176371e-05
1,0.003388100000000786,-1.293608866540374,-0.0001517697581942534,-12.0,0.6465767771151981,12.0,-0.001047316043882175,-6.467285468733923e-05,-6.467285483910898e-05,-0.0001293608866540374,0.001241336804033738,6.467285468733923e-05
1,0.003388300000000786,-1.291691092303162,-0.0001519346690235235,-12.0,0.6456176426286988,12.0,-0.001047469348584275,-6.457695772977225e-05,-6.457695788170692e-05,-0.0001291691092303162,0.001241202453599904,6.457695772977224e-05
1,0.003388500000000786,-1.289771278309277,-0.0001520993398869686,-12.0,0.6446574886238148,12.0,-0.001047622802178093,-6.448095879637019e-05,-6.448095894846952e-05,-0.0001289771278309277,0.001241067946126717,6.448095879637017e-05
1,0.003388700000000786,-1.287849427590368,-0.0001522637705222984,-12.0,0.6436963166167626,12.0,-0.001047776404376512,-6.43848580387285e-05,-6.438485819099227e-05,-0.0001287849427590368,0.00124093328178182,6.438485803872849e-05
1,0.003388900000000786,-1.285925543181307,-0.0001524279606710532,-12.0,0.6427341281253672,12.0,-0.001047930154892227,-6.428865560860384e-05,-6.42886557610318e-05,-0.0001285925543181307,0.00124079846073312,6.428865560860383e-05
1,0.003389100000000787,-1.283999628120169,-0.0001525919100752171,-12.0,0.6417709246690525,12.0,-0.00104808405343769,-6.419235165791278e-05,-6.419235181050469e-05,-0.0001283999628120169,0.001240663483148774,6.419235165791278e-05
1,0.003389300000000787,-1.282071685448227,-0.0001527556184761636,-12.0,0.640806707768843,12.0,-0.001048238099725207,-6.409594633873191e-05,-6.409594649148752e-05,-0.0001282071685448227,0.001240528349197259,6.409594633873192e-05
1,0.003389500000000787,-1.280141718209977,-0.0001529190856122131,-12.0,0.6398414789473794,12.0,-0.001048392293466753,-6.399943980329916e-05,-6.399943995621825e-05,-0.0001280141718209977,0.001240393059047259,6.399943980329916e-05
1,0.003389700000000787,-1.278209729453107,-0.0001530823112304014,-12.0,0.6388752397288847,12.0,-0.001048546634374245,-6.39028322040115e-05,-6.390283235709383e-05,-0.0001278209729453107,0.001240257612867737,6.390283220401153e-05
1,0.003389900000000787,-1.276275722228473,-0.0001532452950710472,-12.0,0.6379079916391768,12.0,-0.001048701122159282,-6.38061236934248e-05,-6.38061238466701e-05,-0.0001276275722228473,0.001240122010827904,6.380612369342478e-05
1,0.0033901000000007868,-1.274339699590152,-0.0001534080368749691,-12.0,0.6369397362056833,12.0,-0.001048855756533275,-6.370931442425583e-05,-6.370931457766387e-05,-0.0001274339699590152,0.001239986253097319,6.370931442425583e-05
1,0.0033903000000007873,-1.272401664595392,-0.0001535705363894246,-12.0,0.6359704749574066,12.0,-0.001049010537207455,-6.36124045493796e-05,-6.361240470295013e-05,-0.0001272401664595392,0.001239850339845749,6.36124045493796e-05
1,0.003390500000000787,-1.270461620304603,-0.0001537327933561761,-12.0,0.6350002094249394,12.0,-0.00104916546389279,-6.351539422182956e-05,-6.351539437556235e-05,-0.0001270461620304603,0.001239714271243267,6.351539422182956e-05
1,0.003390700000000787,-1.268519569781385,-0.0001538948075187618,-12.0,0.6340289411404664,12.0,-0.001049320536300101,-6.341828359479849e-05,-6.341828374869332e-05,-0.0001268519569781385,0.001239578047460152,6.34182835947985e-05
1,0.003390900000000788,-1.266575516092507,-0.0001540565786217751,-12.0,0.6330566716377554,12.0,-0.001049475754140015,-6.33210728216377e-05,-6.332107297569428e-05,-0.0001266575516092508,0.001239441668666977,6.332107282163772e-05
1,0.0033911000000007878,-1.264629462307891,-0.000154218106411641,-12.0,0.6320834024521471,12.0,-0.001049631117122855,-6.322376205585587e-05,-6.322376221007399e-05,-0.0001264629462307891,0.001239305135034646,6.322376205585588e-05
1,0.0033913000000007883,-1.262681411500621,-0.0001543793906314539,-12.0,0.6311091351205693,12.0,-0.001049786624958811,-6.312635145112007e-05,-6.312635160549947e-05,-0.0001262681411500621,0.001239168446734273,6.312635145112008e-05
1,0.003391500000000788,-1.260731366746942,-0.0001545404310272502,-12.0,0.6301338711815258,12.0,-0.001049942277357892,-6.302884116125531e-05,-6.302884131579574e-05,-0.0001260731366746942,0.001239031603937235,6.302884116125531e-05
1,0.003391700000000788,-1.258779331126237,-0.0001547012273468429,-12.0,0.6291576121750859,12.0,-0.001050098074029837,-6.293123134024328e-05,-6.293123149494452e-05,-0.0001258779331126237,0.001238894606815172,6.293123134024328e-05
1,0.003391900000000788,-1.256825307721037,-0.000154861779334492,-12.0,0.6281803596428988,12.0,-0.00105025401468424,-6.283352214222331e-05,-6.28335222970851e-05,-0.0001256825307721037,0.001238757455540085,6.283352214222334e-05
1,0.003392100000000788,-1.254869299617017,-0.0001550220867372332,-12.0,0.627202115128182,12.0,-0.001050410099030459,-6.273571372149193e-05,-6.2735713876514e-05,-0.0001254869299617017,0.001238620150284114,6.273571372149193e-05
1,0.003392300000000788,-1.252911309902983,-0.0001551821493033234,-12.0,0.6262228801757148,12.0,-0.001050566326777649,-6.263780623250181e-05,-6.263780638768397e-05,-0.0001252911309902983,0.001238482691219761,6.263780623250181e-05
1,0.003392500000000789,-1.25095134167086,-0.0001553419667802425,-12.0,0.6252426563318398,12.0,-0.001050722697634794,-6.2539799829862e-05,-6.253979998520398e-05,-0.000125095134167086,0.001238345078519734,6.253979982986202e-05
1,0.003392700000000789,-1.248989398015708,-0.0001555015389143599,-12.0,0.6242614451444671,12.0,-0.001050879211310654,-6.244169466833815e-05,-6.244169482383971e-05,-0.0001248989398015708,0.001238207312357034,6.244169466833816e-05
1,0.003392900000000789,-1.247025482035714,-0.0001556608654548763,-12.0,0.623279248163066,12.0,-0.001051035867513796,-6.23434909028521e-05,-6.234349105851295e-05,-0.0001247025482035714,0.001238069392905009,6.23434909028521e-05
1,0.003393100000000789,-1.245059596832161,-0.0001558199461515475,-12.0,0.6222960669386538,12.0,-0.001051192665952584,-6.224518868848054e-05,-6.224518884430049e-05,-0.0001245059596832162,0.001237931320337129,6.224518868848054e-05
1,0.003393300000000789,-1.243091745509452,-0.0001559787807516866,-12.0,0.6213119030238108,12.0,-0.00105134960633519,-6.214678818045623e-05,-6.214678833643502e-05,-0.0001243091745509452,0.001237793094827244,6.214678818045626e-05
1,0.003393500000000789,-1.2411219311751,-0.0001561373690051049,-12.0,0.6203267579726688,12.0,-0.001051506688369626,-6.204828953416739e-05,-6.204828969030476e-05,-0.00012411219311751,0.001237654716549408,6.204828953416739e-05
1,0.003393700000000789,-1.239150156939706,-0.0001562957106634455,-12.0,0.619340633340901,12.0,-0.001051663911763617,-6.194969290515643e-05,-6.194969306145215e-05,-0.0001239150156939706,0.001237516185677967,6.194969290515644e-05
1,0.0033939000000007893,-1.23717642591697,-0.0001564538054746323,-12.0,0.6183535306857352,12.0,-0.00105182127622476,-6.185099844912097e-05,-6.185099860557479e-05,-0.000123717642591697,0.001237377502387602,6.185099844912099e-05
1,0.003394100000000789,-1.235200741223691,-0.0001566116531898087,-12.0,0.6173654515659444,12.0,-0.001051978781460475,-6.175220632191341e-05,-6.175220647852506e-05,-0.0001235200741223691,0.001237238666853144,6.175220632191343e-05
1,0.00339430000000079,-1.23322310597974,-0.0001567692535620613,-12.0,0.6163763975418345,12.0,-0.00105213642717792,-6.165331667953965e-05,-6.16533168363089e-05,-0.000123322310597974,0.001237099679249787,6.165331667953966e-05
1,0.00339450000000079,-1.231243523308071,-0.0001569266063398689,-12.0,0.6153863701752598,12.0,-0.001052294213084122,-6.155432967815996e-05,-6.155432983508657e-05,-0.0001231243523308071,0.001236960539752946,6.155432967815998e-05
1,0.00339470000000079,-1.229261996334726,-0.0001570837112764845,-12.0,0.6143953710296114,12.0,-0.001052452138885891,-6.145524547408877e-05,-6.145524563117249e-05,-0.0001229261996334726,0.001236821248538286,6.145524547408878e-05
1,0.0033949000000007903,-1.2272785281888,-0.000157240568125161,-12.0,0.6134034016698066,12.0,-0.001052610204289831,-6.135606422379317e-05,-6.135606438103375e-05,-0.00012272785281888,0.001236681805781834,6.135606422379318e-05
1,0.00339510000000079,-1.225293122002463,-0.0001573971766356541,-12.0,0.612410463662306,12.0,-0.001052768409002376,-6.125678608389417e-05,-6.125678624129134e-05,-0.0001225293122002463,0.001236542211659766,6.125678608389417e-05
1,0.00339530000000079,-1.223305780910942,-0.000157553536564492,-12.0,0.6114165585750887,12.0,-0.001052926752729791,-6.115741121116534e-05,-6.115741136871886e-05,-0.0001223305780910942,0.00123640246634861,6.115741121116532e-05
1,0.0033955000000007902,-1.221316508052517,-0.0001577096476620965,-12.0,0.6104216879776692,12.0,-0.001053085235178074,-6.105793976253313e-05,-6.105793992024277e-05,-0.0001221316508052517,0.00123626257002514,6.105793976253314e-05
1,0.00339570000000079,-1.219325306568533,-0.0001578655096831083,-12.0,0.6094258534410869,12.0,-0.001053243856053113,-6.0958371895077e-05,-6.095837205294251e-05,-0.0001219325306568533,0.001236122522866381,6.0958371895077e-05
1,0.00339590000000079,-1.217332179603362,-0.0001580211223832229,-12.0,0.6084290565378948,12.0,-0.001053402615060595,-6.08587077660278e-05,-6.085870792404893e-05,-0.0001217332179603362,0.001235982325049678,6.08587077660278e-05
1,0.003396100000000791,-1.215337130304426,-0.0001581764855141388,-12.0,0.6074312988421768,12.0,-0.00105356151190597,-6.075894753276911e-05,-6.075894769094559e-05,-0.0001215337130304426,0.001235841976752555,6.075894753276909e-05
1,0.003396300000000791,-1.213340161822181,-0.0001583315988342715,-12.0,0.6064325819295231,12.0,-0.001053720546294552,-6.065909135283574e-05,-6.065909151116732e-05,-0.0001213340161822181,0.001235701478152926,6.065909135283574e-05
1,0.0033965000000007912,-1.21134127731011,-0.0001584864620958193,-12.0,0.6054329073770466,12.0,-0.001053879717931465,-6.055913938391424e-05,-6.05591395424007e-05,-0.000121134127731011,0.001235560829428842,6.055913938391424e-05
1,0.003396700000000791,-1.209340479924734,-0.0001586410750557543,-12.0,0.6044322767633727,12.0,-0.001054039026521611,-6.045909178384287e-05,-6.045909194248393e-05,-0.0001209340479924734,0.001235420030758758,6.045909178384286e-05
1,0.003396900000000791,-1.20733777282558,-0.0001587954374715483,-12.0,0.6034306916686283,12.0,-0.001054198471769768,-6.035894871060999e-05,-6.035894886940542e-05,-0.000120733777282558,0.001235279082321267,6.035894871060998e-05
1,0.003397100000000791,-1.205333159175194,-0.000158949549097398,-12.0,0.6024281536744556,12.0,-0.001054358053380479,-6.02587103223553e-05,-6.025871048130484e-05,-0.0001205333159175194,0.001235137984295309,6.02587103223553e-05
1,0.003397300000000791,-1.203326642139145,-0.0001591034096912192,-12.0,0.6014246643640018,12.0,-0.001054517771058097,-6.01583767773693e-05,-6.015837693647271e-05,-0.0001203326642139145,0.001234996736860103,6.015837677736931e-05
1,0.003397500000000791,-1.201318224885991,-0.0001592570190115938,-12.0,0.6004202253219079,12.0,-0.001054677624506867,-6.005794823409194e-05,-6.005794839334896e-05,-0.0001201318224885991,0.001234855340195046,6.005794823409195e-05
1,0.003397700000000791,-1.1993079105873,-0.0001594103768137178,-12.0,0.5994148381343258,12.0,-0.00105483761343076,-5.995742485111395e-05,-5.995742501052433e-05,-0.00011993079105873,0.001234713794479952,5.995742485111395e-05
1,0.003397900000000792,-1.197295702417633,-0.0001595634828586157,-12.0,0.5984085043888936,12.0,-0.001054997737533647,-5.985680678717522e-05,-5.98568069467387e-05,-0.0001197295702417633,0.001234572099894735,5.985680678717523e-05
1,0.003398100000000792,-1.195281603554538,-0.0001597163369023713,-12.0,0.5974012256747523,12.0,-0.001055157996519139,-5.975609420116545e-05,-5.975609436088181e-05,-0.0001195281603554538,0.001234430256619734,5.975609420116547e-05
1,0.003398300000000792,-1.193265617178563,-0.0001598689387045105,-12.0,0.5963930035825354,12.0,-0.001055318390090744,-5.965528725212399e-05,-5.965528741199295e-05,-0.0001193265617178563,0.001234288264835431,5.965528725212399e-05
1,0.003398500000000792,-1.191247746473219,-0.0001600212880259466,-12.0,0.5953838397043576,12.0,-0.001055478917951769,-5.955438609923835e-05,-5.955438625925966e-05,-0.0001191247746473219,0.001234146124722668,5.955438609923835e-05
1,0.003398700000000792,-1.189227994624998,-0.000160173384624207,-12.0,0.594373735633829,12.0,-0.001055639579805277,-5.945339090184533e-05,-5.945339106201871e-05,-0.0001189227994624998,0.001234003836462508,5.945339090184532e-05
1,0.0033989000000007917,-1.187206364823375,-0.0001603252282601497,-12.0,0.593362692966045,12.0,-0.001055800375354264,-5.935230181943052e-05,-5.935230197975574e-05,-0.0001187206364823375,0.001233861400236291,5.935230181943052e-05
1,0.0033991000000007923,-1.185182860260772,-0.0001604768186956873,-12.0,0.592350713297574,12.0,-0.001055961304301488,-5.925111901162698e-05,-5.92511191721038e-05,-0.0001185182860260772,0.001233718816225596,5.925111901162698e-05
1,0.003399300000000792,-1.183157484132578,-0.0001606281556896794,-12.0,0.591337798226473,12.0,-0.001056122366349513,-5.914984263821626e-05,-5.914984279884443e-05,-0.0001183157484132578,0.001233576084612373,5.914984263821628e-05
1,0.003399500000000792,-1.181130239637149,-0.000160779239003872,-12.0,0.5903239493522761,12.0,-0.001056283561200785,-5.904847285912799e-05,-5.904847301990723e-05,-0.0001181130239637149,0.001233433205578685,5.9048472859128e-05
1,0.003399700000000793,-1.179101129975777,-0.0001609300684012882,-12.0,0.589309168275986,12.0,-0.001056444888557523,-5.894700983443874e-05,-5.894700999536879e-05,-0.0001179101129975777,0.001233290179307026,5.894700983443873e-05
1,0.0033999000000007927,-1.177070158352699,-0.0001610806436435075,-12.0,0.5882934566000778,12.0,-0.001056606348121818,-5.884545372437214e-05,-5.884545388545277e-05,-0.0001177070158352699,0.001233147005980054,5.884545372437214e-05
1,0.0034001000000007933,-1.175037327975099,-0.0001612309644922205,-12.0,0.5872768159285017,12.0,-0.001056767939595554,-5.87438046892994e-05,-5.874380485053036e-05,-0.0001175037327975099,0.00123300368578072,5.874380468929939e-05
1,0.003400300000000793,-1.173002642053102,-0.0001613810307104502,-12.0,0.5862592478666749,12.0,-0.001056929662680457,-5.864206288973853e-05,-5.864206305111958e-05,-0.0001173002642053102,0.001232860218892212,5.864206288973855e-05
1,0.003400500000000793,-1.170966103799748,-0.0001615308420633288,-12.0,0.5852407540214707,12.0,-0.001057091517078092,-5.85402284863534e-05,-5.854022864788423e-05,-0.0001170966103799748,0.00123271660549807,5.854022848635341e-05
1,0.003400700000000793,-1.16892771643101,-0.0001616803983121029,-12.0,0.5842213360012326,12.0,-0.001057253502489842,-5.843830163995446e-05,-5.843830180163488e-05,-0.000116892771643101,0.001232572845782036,5.843830163995447e-05
1,0.003400900000000793,-1.166887483165787,-0.0001618296992219048,-12.0,0.5832009954157638,12.0,-0.0010574156186169,-5.833628251149858e-05,-5.833628267332828e-05,-0.0001166887483165787,0.001232428939928164,5.833628251149856e-05
1,0.003401100000000793,-1.164845407225881,-0.0001619787445585885,-12.0,0.5821797338763154,12.0,-0.001057577865160336,-5.82341712620874e-05,-5.823417142406614e-05,-0.0001164845407225881,0.001232284888120688,5.82341712620874e-05
1,0.003401300000000793,-1.162801491836009,-0.0001621275340849548,-12.0,0.5811575529956019,12.0,-0.001057740241821016,-5.813196805296867e-05,-5.813196821509624e-05,-0.000116280149183601,0.001232140690544239,5.813196805296869e-05
1,0.003401500000000794,-1.160755740223801,-0.0001622760675670243,-12.0,0.5801344543877891,12.0,-0.001057902748299665,-5.802967304553561e-05,-5.802967320781168e-05,-0.0001160755740223801,0.001231996347383614,5.802967304553561e-05
1,0.003401700000000794,-1.158708155619771,-0.0001624243447720386,-12.0,0.5791104396684839,12.0,-0.001058065384296814,-5.792728640132558e-05,-5.792728656374994e-05,-0.0001158708155619771,0.001231851858823921,5.792728640132558e-05
1,0.003401900000000794,-1.156658741257335,-0.0001625723654640754,-12.0,0.5780855104547478,12.0,-0.001058228149512841,-5.78248082820212e-05,-5.782480844459356e-05,-0.0001156658741257335,0.00123170722505056,5.782480828202119e-05
1,0.003402100000000794,-1.154607500372808,-0.0001627201294103764,-12.0,0.577059668365087,12.0,-0.00105839104364798,-5.772223884944973e-05,-5.772223901216987e-05,-0.0001154607500372808,0.001231562446249113,5.772223884944974e-05
1,0.003402300000000794,-1.152554436205375,-0.0001628676363786274,-12.0,0.5760329150194434,12.0,-0.001058554066402241,-5.76195782655822e-05,-5.761957842844985e-05,-0.0001152554436205376,0.001231417522605555,5.761957826558221e-05
1,0.0034025000000007938,-1.150499551997098,-0.000163014886136903,-12.0,0.5750052520391947,12.0,-0.001058717217475566,-5.751682669253316e-05,-5.751682685554804e-05,-0.0001150499551997098,0.001231272454306001,5.751682669253316e-05
1,0.0034027000000007943,-1.148442850992929,-0.0001631618784486144,-12.0,0.5739766810471728,12.0,-0.001058880496567632,-5.741398429256214e-05,-5.741398445572403e-05,-0.0001148442850992929,0.001231127241536928,5.741398429256215e-05
1,0.003402900000000794,-1.146384336440687,-0.0001633086130876094,-12.0,0.5729472036676257,12.0,-0.001059043903378028,-5.731105122807133e-05,-5.731105139137996e-05,-0.0001146384336440687,0.001230981884485026,5.731105122807135e-05
1,0.003403100000000795,-1.144324011591029,-0.0001634550898202969,-12.0,0.5719168215262331,12.0,-0.001059207437606131,-5.720802766160534e-05,-5.720802782506043e-05,-0.0001144324011591029,0.001230836383337319,5.720802766160535e-05
1,0.003403300000000795,-1.142261879697506,-0.000163601308412864,-12.0,0.5708855362501205,12.0,-0.001059371098951177,-5.710491375585333e-05,-5.710491391945465e-05,-0.0001142261879697506,0.001230690738281019,5.710491375585334e-05
1,0.0034035000000007948,-1.140197944016508,-0.0001637472686392138,-12.0,0.5698533494678223,12.0,-0.001059534887112287,-5.700170967364615e-05,-5.700170983739341e-05,-0.0001140197944016508,0.001230544949503649,5.700170967364615e-05
1,0.0034037000000007953,-1.13813220780726,-0.0001638929702669767,-12.0,0.5688202628092995,12.0,-0.001059698801788356,-5.689841557795666e-05,-5.689841574184963e-05,-0.000113813220780726,0.00123039901719299,5.689841557795665e-05
1,0.003403900000000795,-1.136064674331846,-0.0001640384130661698,-12.0,0.5677862779059398,12.0,-0.00105986284267813,-5.67950316319006e-05,-5.679503179593901e-05,-0.0001136064674331846,0.001230252941537134,5.679503163190061e-05
1,0.003404100000000795,-1.133995346855193,-0.0001641835968073102,-12.0,0.5667513963905495,12.0,-0.001060027009480234,-5.669155799873568e-05,-5.669155816291928e-05,-0.0001133995346855193,0.001230106722724333,5.669155799873569e-05
1,0.0034043000000007952,-1.131924228645044,-0.0001643285212633572,-12.0,0.5657156198973419,12.0,-0.001060191301893137,-5.658799484186052e-05,-5.658799500618904e-05,-0.0001131924228645044,0.001229960360943208,5.658799484186053e-05
1,0.003404500000000795,-1.129851322971978,-0.0001644731862032178,-12.0,0.5646789500619522,12.0,-0.001060355719615089,-5.648434232481555e-05,-5.648434248928873e-05,-0.0001129851322971978,0.001229813856382649,5.648434232481554e-05
1,0.003404700000000795,-1.127776633109405,-0.0001646175913997405,-12.0,0.5636413885214269,12.0,-0.001060520262344232,-5.638060061128267e-05,-5.638060077590026e-05,-0.0001127776633109405,0.001229667209231754,5.638060061128267e-05
1,0.003404900000000796,-1.125700162333537,-0.0001647617366268284,-12.0,0.5626029369142109,12.0,-0.001060684929778573,-5.627676986508378e-05,-5.627677002984553e-05,-0.0001125700162333537,0.001229520419679921,5.627676986508378e-05
1,0.003405100000000796,-1.123621913923405,-0.0001649056216543876,-12.0,0.5615635968801644,12.0,-0.00106084972161595,-5.61728502501819e-05,-5.617285041508752e-05,-0.0001123621913923405,0.001229373487916775,5.617285025018188e-05
1,0.0034053000000007962,-1.121541891160855,-0.0001650492462567654,-12.0,0.56052337006055,12.0,-0.001061014637553981,-5.606884193068068e-05,-5.606884209572992e-05,-0.0001121541891160855,0.001229226414132319,5.606884193068067e-05
1,0.003405500000000796,-1.119460097330526,-0.000165192610208087,-12.0,0.5594822580980249,12.0,-0.001061179677290233,-5.596474507082331e-05,-5.596474523601591e-05,-0.0001119460097330526,0.001229079198516683,5.59647450708233e-05
1,0.003405700000000796,-1.117376535719845,-0.0001653357132828659,-12.0,0.5584402626366409,12.0,-0.001061344840522067,-5.586055983499238e-05,-5.586056000032809e-05,-0.0001117376535719845,0.001228931841260363,5.586055983499239e-05
1,0.003405900000000796,-1.115291209619052,-0.0001654785552513416,-12.0,0.5573973853218632,12.0,-0.001061510126946684,-5.575628638771146e-05,-5.575628655319002e-05,-0.0001115291209619052,0.0012287843425541,5.575628638771146e-05
1,0.003406100000000796,-1.113204122321166,-0.0001656211358934678,-12.0,0.5563536278005313,12.0,-0.0010616755362612,-5.565192489364248e-05,-5.565192505926362e-05,-0.0001113204122321166,0.001228636702588874,5.565192489364248e-05
1,0.0034063000000007964,-1.111115277121967,-0.0001657634549826481,-12.0,0.5553089917208749,12.0,-0.00106184106816249,-5.554747551758575e-05,-5.554747568334921e-05,-0.0001111115277121967,0.001228488921555949,5.554747551758576e-05
1,0.003406500000000796,-1.109024677320042,-0.0001659055122911757,-12.0,0.5542634787325289,12.0,-0.001062006722347353,-5.544293842448202e-05,-5.544293859038753e-05,-0.0001109024677320042,0.001228340999646867,5.5442938424482e-05
1,0.003406700000000797,-1.106932326216736,-0.0001660473076000035,-12.0,0.553217090486495,12.0,-0.001062172498512398,-5.53383137794095e-05,-5.533831394545682e-05,-0.0001106932326216736,0.001228192937053431,5.53383137794095e-05
1,0.003406900000000797,-1.104838227116147,-0.0001661888406833678,-12.0,0.5521698286351601,12.0,-0.001062338396354098,-5.523360174758434e-05,-5.523360191377318e-05,-0.0001104838227116147,0.001228044733967738,5.523360174758434e-05
1,0.003407100000000797,-1.102742383325147,-0.00016633011131717,-12.0,0.5511216948322967,12.0,-0.001062504415568787,-5.512880249436139e-05,-5.512880266069149e-05,-0.0001102742383325147,0.001227896390582087,5.512880249436139e-05
1,0.0034073000000007974,-1.100644798153368,-0.000166471119279421,-12.0,0.5500726907330539,12.0,-0.001062670555852657,-5.502391618523332e-05,-5.502391635170444e-05,-0.0001100644798153368,0.001227747907089106,5.502391618523333e-05
1,0.003407500000000797,-1.098545474913178,-0.00016661186434902,-12.0,0.5490228179939466,12.0,-0.001062836816901766,-5.491894298582956e-05,-5.491894315244143e-05,-0.0001098545474913178,0.00122759928368163,5.491894298582956e-05
1,0.0034077000000007967,-1.096444416919692,-0.0001667523463016463,-12.0,0.54797207827287,12.0,-0.00106300319841194,-5.481388306191717e-05,-5.481388322866951e-05,-0.0001096444416919692,0.00122745052055287,5.481388306191717e-05
1,0.0034079000000007973,-1.094341627490779,-0.0001668925649168651,-12.0,0.5469204732290887,12.0,-0.001063169700078984,-5.470873657940055e-05,-5.470873674629314e-05,-0.0001094341627490779,0.001227301617896193,5.470873657940055e-05
1,0.003408100000000797,-1.092237109947025,-0.0001670325199751854,-12.0,0.5458680045232244,12.0,-0.00106333632159851,-5.460350370431996e-05,-5.460350387135248e-05,-0.0001092237109947025,0.001227152575905235,5.460350370431996e-05
1,0.003408300000000797,-1.090130867611747,-0.0001671722112531193,-12.0,0.544814673817272,12.0,-0.001063503062665949,-5.449818460285251e-05,-5.449818477002472e-05,-0.0001090130867611747,0.001227003394774023,5.449818460285252e-05
1,0.003408500000000798,-1.088022903811002,-0.0001673116385314533,-12.0,0.5437604827745874,12.0,-0.001063669922976677,-5.439277944131188e-05,-5.439277960862352e-05,-0.0001088022903811002,0.001226854074696686,5.439277944131189e-05
1,0.0034087000000007977,-1.085913221873544,-0.0001674508015919174,-12.0,0.5427054330598763,12.0,-0.0010638369022258,-5.428728838614682e-05,-5.428728855359763e-05,-0.0001085913221873544,0.001226704615867769,5.428728838614683e-05
1,0.0034089000000007983,-1.083801825130854,-0.000167589700211912,-12.0,0.5416495263392119,12.0,-0.001064004000108455,-5.418171160394239e-05,-5.418171177153208e-05,-0.0001083801825130854,0.001226555018481942,5.418171160394239e-05
1,0.003409100000000798,-1.081688716917113,-0.0001677283341760538,-12.0,0.5405927642800094,12.0,-0.001064171216319479,-5.407604926141854e-05,-5.407604942914687e-05,-0.0001081688716917114,0.00122640528273428,5.407604926141853e-05
1,0.003409300000000798,-1.079573900569212,-0.0001678667032620207,-12.0,0.539535148551046,12.0,-0.001064338550553684,-5.397030152543081e-05,-5.397030169329752e-05,-0.0001079573900569212,0.001226255408820008,5.397030152543081e-05
1,0.003409500000000798,-1.077457379426734,-0.0001680048072554841,-12.0,0.5384766808224355,12.0,-0.001064506002505655,-5.386446856296911e-05,-5.386446873097391e-05,-0.0001077457379426734,0.001226105396934705,5.38644685629691e-05
1,0.003409700000000798,-1.075339156831951,-0.0001681426459352875,-12.0,0.5374173627656459,12.0,-0.001064673571869908,-5.375855054115813e-05,-5.375855070930077e-05,-0.0001075339156831951,0.001225955247274188,5.375855054115813e-05
1,0.003409900000000798,-1.073219236129836,-0.0001682802190852706,-12.0,0.5363571960534879,12.0,-0.00106484125834079,-5.365254762725731e-05,-5.365254779553754e-05,-0.0001073219236129836,0.001225804960034486,5.365254762725731e-05
1,0.003410100000000798,-1.071097620668028,-0.0001684175264899945,-12.0,0.5352961823601036,12.0,-0.001065009061612533,-5.354645998865936e-05,-5.354646015707688e-05,-0.0001071097620668028,0.001225654535412013,5.354645998865936e-05
1,0.003410300000000799,-1.068974313796846,-0.0001685545679306344,-12.0,0.5342343233609813,12.0,-0.001065176981379208,-5.34402877928912e-05,-5.344028796144577e-05,-0.0001068974313796846,0.001225503973603333,5.34402877928912e-05
1,0.003410500000000799,-1.066849318869291,-0.0001686913431917514,-12.0,0.5331716207329443,12.0,-0.001065345017334796,-5.333403120761361e-05,-5.333403137630495e-05,-0.0001066849318869291,0.001225353274805316,5.333403120761361e-05
1,0.003410700000000799,-1.064722639241014,-0.0001688278520594055,-12.0,0.5321080761541394,12.0,-0.001065513169173068,-5.322769040061987e-05,-5.322769056944772e-05,-0.0001064722639241014,0.001225202439215145,5.322769040061988e-05
1,0.003410900000000799,-1.062594278270332,-0.0001689640943159931,-12.0,0.5310436913040513,12.0,-0.001065681436587758,-5.312126553983672e-05,-5.312126570880083e-05,-0.0001062594278270332,0.001225051467030197,5.312126553983673e-05
1,0.003411100000000799,-1.060464239318227,-0.0001691000697471856,-12.0,0.529978467863492,12.0,-0.001065849819272387,-5.301475679332392e-05,-5.301475696242399e-05,-0.0001060464239318227,0.001224900358448182,5.301475679332393e-05
1,0.0034113000000007988,-1.058332525748315,-0.0001692357781404863,-12.0,0.5289124075145889,12.0,-0.001066018316920395,-5.290816432927294e-05,-5.290816449850873e-05,-0.0001058332525748315,0.001224749113666983,5.290816432927295e-05
1,0.0034115000000007993,-1.056199140926866,-0.0001693712192788466,-12.0,0.5278455119408028,12.0,-0.001066186929225055,-5.280148831600815e-05,-5.280148848537938e-05,-0.0001056199140926866,0.001224597732884899,5.280148831600816e-05
1,0.003411700000000799,-1.054064088222786,-0.0001695063929520457,-12.0,0.5267777828269011,12.0,-0.00106635565587955,-5.269472892198531e-05,-5.269472909149171e-05,-0.0001054064088222786,0.001224446216300336,5.269472892198533e-05
1,0.003411900000000799,-1.051927371007612,-0.0001696412989438678,-12.0,0.5257092218589773,12.0,-0.001066524496576918,-5.258788631579212e-05,-5.258788648543344e-05,-0.0001051927371007613,0.001224294564112043,5.258788631579212e-05
1,0.0034121000000008,-1.049788992655522,-0.0001697759370429264,-12.0,0.5246398307244377,12.0,-0.001066693451010063,-5.248096066614806e-05,-5.248096083592397e-05,-0.0001049788992655522,0.001224142776519048,5.248096066614806e-05
1,0.0034123000000007998,-1.047648956543302,-0.000169910307038057,-12.0,0.523569611111991,12.0,-0.001066862518871732,-5.237395214190289e-05,-5.237395231181319e-05,-0.0001047648956543302,0.001223990853720644,5.237395214190291e-05
1,0.0034125000000008003,-1.045507266050359,-0.0001700444087152087,-12.0,0.5224985647116629,12.0,-0.001067031699854615,-5.226686091203782e-05,-5.226686108208222e-05,-0.000104550726605036,0.001223838795916324,5.226686091203781e-05
1,0.0034127000000008,-1.043363924558726,-0.0001701782418638276,-12.0,0.5214266932147851,12.0,-0.001067200993651228,-5.21596871456649e-05,-5.215968731584313e-05,-0.0001043363924558726,0.001223686603305914,5.215968714566489e-05
1,0.0034129000000008,-1.041218935453025,-0.0001703118062744147,-12.0,0.5203539983139828,12.0,-0.00106737039995395,-5.205243101202571e-05,-5.205243118233754e-05,-0.0001041218935453025,0.001223534276089525,5.205243101202573e-05
1,0.0034131000000008,-1.039072302120489,-0.000170445101733363,-12.0,0.5192804817031936,12.0,-0.001067539918455089,-5.19450926804927e-05,-5.194509285093781e-05,-0.0001039072302120489,0.00122338181446742,5.19450926804927e-05
1,0.0034133000000008,-1.036924027950946,-0.000170578128033616,-12.0,0.5182061450776411,12.0,-0.001067709548846787,-5.183767232056748e-05,-5.183767249114559e-05,-0.0001036924027950946,0.001223229218640265,5.183767232056746e-05
1,0.0034135000000008,-1.034774116336815,-0.0001707108849622885,-12.0,0.5171309901338551,12.0,-0.001067879290821083,-5.173017010188175e-05,-5.173017027259262e-05,-0.0001034774116336815,0.001223076488808879,5.173017010188175e-05
1,0.003413700000000801,-1.032622570673101,-0.000170843372313656,-12.0,0.5160550185696463,12.0,-0.001068049144069855,-5.1622586194196e-05,-5.162258636503936e-05,-0.0001032622570673101,0.001222923625174469,5.1622586194196e-05
1,0.003413900000000801,-1.030469394357385,-0.0001709755898755549,-12.0,0.5149782320841234,12.0,-0.001068219108284932,-5.15149207673999e-05,-5.151492093837549e-05,-0.0001030469394357385,0.001222770627938359,5.15149207673999e-05
1,0.003414100000000801,-1.028314590789837,-0.0001711075374404292,-12.0,0.5139006323776826,12.0,-0.001068389183157936,-5.14071739915123e-05,-5.140717416261984e-05,-0.0001028314590789837,0.001222617497302236,5.14071739915123e-05
1,0.003414300000000801,-1.02615816337318,-0.0001712392148022213,-12.0,0.5128222211519945,12.0,-0.00106855936838042,-5.129934603667967e-05,-5.129934620791887e-05,-0.000102615816337318,0.001222464233468085,5.129934603667968e-05
1,0.003414500000000801,-1.024000115512705,-0.0001713706217504884,-12.0,0.5117430001100208,12.0,-0.001068729663643853,-5.119143707317712e-05,-5.119143724454774e-05,-0.0001024000115512705,0.001222310836638027,5.119143707317713e-05
1,0.003414700000000801,-1.021840450616276,-0.0001715017580790068,-12.0,0.5106629709560021,12.0,-0.001068900068639494,-5.108344727140811e-05,-5.108344744290987e-05,-0.0001021840450616276,0.001222157307014575,5.108344727140811e-05
1,0.003414900000000801,-1.019679172094291,-0.0001716326235826626,-12.0,0.5095821353954454,12.0,-0.001069070583058572,-5.097537680190281e-05,-5.097537697353543e-05,-0.0001019679172094291,0.001222003644800407,5.097537680190281e-05
1,0.0034151000000008013,-1.017516283359703,-0.0001717632180524009,-12.0,0.508500495135141,12.0,-0.001069241206592117,-5.086722583531934e-05,-5.086722600708255e-05,-0.0001017516283359703,0.001221849850198575,5.086722583531933e-05
1,0.003415300000000801,-1.01535178782802,-0.0001718935412836076,-12.0,0.5074180518831491,12.0,-0.001069411938931106,-5.075899454244328e-05,-5.075899471433682e-05,-0.000101535178782802,0.001221695923412307,5.075899454244328e-05
1,0.003415500000000802,-1.013185688917267,-0.000172023593071946,-12.0,0.5063348073487897,12.0,-0.001069582779766397,-5.065068309418617e-05,-5.065068326620976e-05,-0.0001013185688917267,0.001221541864645091,5.065068309418617e-05
1,0.003415700000000802,-1.011017990048012,-0.0001721533732103042,-12.0,0.5052507632426565,12.0,-0.001069753728788682,-5.054229166158669e-05,-5.054229183374006e-05,-0.0001011017990048012,0.001221387674100773,5.054229166158669e-05
1,0.003415900000000802,-1.008848694643354,-0.0001722828814946231,-12.0,0.5041659212766064,12.0,-0.001069924785688604,-5.043382041581011e-05,-5.043382058809298e-05,-0.0001008848694643354,0.001221233351983368,5.043382041581011e-05
1,0.0034161000000008023,-1.006677806128907,-0.0001724121177217874,-12.0,0.5030802831637498,12.0,-0.001070095950156641,-5.032526952814716e-05,-5.032526970055929e-05,-0.0001006677806128908,0.001221078898497215,5.032526952814716e-05
1,0.003416300000000802,-1.004505327932789,-0.0001725410816884598,-12.0,0.5019938506184511,12.0,-0.001070267221883192,-5.021663917001396e-05,-5.021663934255505e-05,-0.0001004505327932789,0.001220924313846863,5.021663917001396e-05
1,0.003416500000000802,-1.002331263485653,-0.0001726697731871951,-12.0,0.5009066253563483,12.0,-0.001070438600558513,-5.010792951295355e-05,-5.010792968562331e-05,-0.0001002331263485653,0.001220769598237192,5.010792951295355e-05
1,0.0034167000000008023,-1.000155616220649,-0.0001727981920201516,-12.0,0.4998186090943121,12.0,-0.001070610085872774,-4.999914072863323e-05,-4.999914090143143e-05,-0.0001000155616220649,0.001220614751873295,4.999914072863323e-05
1,0.003416900000000802,-0.997978389573406,-0.0001729263379826596,-12.0,0.4987298035504656,12.0,-0.001070781677516029,-4.989027298884484e-05,-4.989027316177118e-05,-9.97978389573406e-05,0.00122045977496054,4.989027298884483e-05
1,0.003417100000000802,-0.9957995869820698,-0.0001730542108721589,-12.0,0.4976402104441845,12.0,-0.001070953375178242,-4.978132646550567e-05,-4.978132663855989e-05,-9.957995869820699e-05,0.001220304667704571,4.978132646550567e-05
1,0.003417300000000803,-0.9936192118872742,-0.0001731818104872551,-12.0,0.4965498314960881,12.0,-0.001071125178549202,-4.967230133065754e-05,-4.967230150383935e-05,-9.936192118872743e-05,0.001220149430311304,4.967230133065754e-05
1,0.003417500000000803,-0.9914372677321232,-0.0001733091366285522,-12.0,0.4954586684280274,12.0,-0.001071297087318651,-4.956319775646559e-05,-4.956319792977473e-05,-9.914372677321231e-05,0.001219994062986889,4.95631977564656e-05
1,0.0034177000000008033,-0.9892537579622042,-0.0001734361890927683,-12.0,0.494366722963101,12.0,-0.001071469101176219,-4.945401591521938e-05,-4.945401608865557e-05,-9.892537579622041e-05,0.001219838565937763,4.945401591521938e-05
1,0.003417900000000803,-0.987068686025586,-0.0001735629676802852,-12.0,0.4932739968256429,12.0,-0.001071641219811417,-4.934475597933232e-05,-4.934475615289529e-05,-9.87068686025586e-05,0.001219682939370602,4.934475597933232e-05
1,0.003418100000000803,-0.98488205537279,-0.0001736894721932059,-12.0,0.4921804917412105,12.0,-0.001071813442913634,-4.923541812134038e-05,-4.923541829502984e-05,-9.8488205537279e-05,0.001219527183492393,4.923541812134038e-05
1,0.003418300000000803,-0.9826938694568037,-0.000173815702429303,-12.0,0.4910862094366009,12.0,-0.001071985770172167,-4.912600251390302e-05,-4.912600268771872e-05,-9.826938694568038e-05,0.001219371298510352,4.912600251390302e-05
1,0.003418500000000803,-0.980504131733081,-0.0001739416581904574,-12.0,0.4899911516398381,12.0,-0.001072158201276215,-4.901650932980285e-05,-4.901650950374453e-05,-9.80504131733081e-05,0.00121921528463196,4.901650932980286e-05
1,0.003418700000000803,-0.9783128456595144,-0.0001740673392792158,-12.0,0.488895320080165,12.0,-0.001072330735914881,-4.890693874194441e-05,-4.890693891601175e-05,-9.783128456595144e-05,0.001219059142064945,4.890693874194442e-05
1,0.003418900000000803,-0.9761200146964325,-0.000174192745497348,-12.0,0.4877987164880427,12.0,-0.001072503373777116,-4.879729092335402e-05,-4.879729109754676e-05,-9.761200146964325e-05,0.001218902871017377,4.879729092335401e-05
1,0.003419100000000804,-0.9739256423066297,-0.0001743178766436815,-12.0,0.4867013425951706,12.0,-0.001072676114551856,-4.868756604718141e-05,-4.86875662214993e-05,-9.739256423066297e-05,0.001218746471697472,4.868756604718143e-05
1,0.003419300000000804,-0.971729731955323,-0.0001744427325257591,-12.0,0.4856032001344455,12.0,-0.001072848957927842,-4.857776428669714e-05,-4.857776446113986e-05,-9.71729731955323e-05,0.001218589944313793,4.857776428669713e-05
1,0.003419500000000804,-0.9695322871101382,-0.0001745673129451841,-12.0,0.4845042908399782,12.0,-0.001073021903593777,-4.846788581529234e-05,-4.846788598985965e-05,-9.695322871101382e-05,0.001218433289075151,4.846788581529234e-05
1,0.003419700000000804,-0.9673333112411563,-0.0001746916177021163,-12.0,0.4834046164471087,12.0,-0.00107319495123822,-4.835793080648109e-05,-4.835793098117271e-05,-9.673333112411563e-05,0.001218276506190601,4.835793080648109e-05
1,0.003419900000000804,-0.9651328078208637,-0.0001748156466055417,-12.0,0.482304178692367,12.0,-0.001073368100549678,-4.824789943389727e-05,-4.824789960871291e-05,-9.651328078208639e-05,0.001218119595869489,4.824789943389726e-05
1,0.0034201000000008037,-0.9629307803241403,-0.0001749393994586734,-12.0,0.481202979313488,12.0,-0.001073541351216518,-4.813779187129468e-05,-4.813779204623408e-05,-9.629307803241403e-05,0.001217962558321371,4.813779187129468e-05
1,0.0034203000000008043,-0.9607272322283015,-0.0001750628760623374,-12.0,0.4801010200494285,12.0,-0.001073714702927046,-4.802760829254909e-05,-4.802760846761196e-05,-9.607272322283015e-05,0.001217805393756113,4.802760829254909e-05
1,0.003420500000000804,-0.9585221670130569,-0.0001751860762275737,-12.0,0.4789983026403263,12.0,-0.001073888155369386,-4.791734887165538e-05,-4.791734904684147e-05,-9.585221670130569e-05,0.001217648102383888,4.79173488716554e-05
1,0.003420700000000804,-0.9563155881604911,-0.0001753089997572621,-12.0,0.4778948288275196,12.0,-0.001074061708231717,-4.78070137827277e-05,-4.78070139580367e-05,-9.563155881604912e-05,0.001217490684414999,4.780701378272769e-05
1,0.003420900000000805,-0.9541074991550993,-0.0001754316464572803,-12.0,0.4767906003535473,12.0,-0.001074235361201978,-4.769660320000047e-05,-4.76966033754321e-05,-9.541074991550994e-05,0.001217333140060131,4.769660320000046e-05
1,0.0034211000000008047,-0.9518979034837637,-0.0001755540161345603,-12.0,0.4756856189621398,12.0,-0.001074409113968076,-4.758611729782744e-05,-4.758611747338146e-05,-9.518979034837637e-05,0.001217175469530186,4.758611729782744e-05
1,0.0034213000000008053,-0.9496868046357314,-0.0001756761085979774,-12.0,0.4745798863982076,12.0,-0.001074582966217819,-4.747555625068057e-05,-4.747555642635667e-05,-9.496868046357315e-05,0.001217017673036329,4.747555625068056e-05
1,0.003421500000000805,-0.9474742061026286,-0.0001757979236524654,-12.0,0.4734734044078564,12.0,-0.001074756917638926,-4.736492023315089e-05,-4.736492040894881e-05,-9.474742061026287e-05,0.001216859750789979,4.736492023315089e-05
1,0.003421700000000805,-0.9452601113784601,-0.0001759194611067882,-12.0,0.4723661747383753,12.0,-0.001074930967919004,-4.725420941994821e-05,-4.725420959586767e-05,-9.452601113784601e-05,0.001216701703002837,4.725420941994821e-05
1,0.003421900000000805,-0.9430445239595776,-0.0001760407207710979,-12.0,0.4712581991382249,12.0,-0.001075105116745585,-4.71434239858996e-05,-4.714342416194033e-05,-9.430445239595777e-05,0.001216543529886857,4.71434239858996e-05
1,0.003422100000000805,-0.9408274473446953,-0.0001761617024516604,-12.0,0.470149479357053,12.0,-0.001075279363806116,-4.703256410595047e-05,-4.703256428211218e-05,-9.408274473446953e-05,0.001216385231654238,4.703256410595047e-05
1,0.003422300000000805,-0.9386088850348887,-0.0001762824059584056,-12.0,0.4690400171456827,12.0,-0.0010754537087879,-4.692162995516412e-05,-4.692163013144651e-05,-9.386088850348888e-05,0.00121622680851749,4.692162995516411e-05
1,0.003422500000000805,-0.9363888405335699,-0.000176402831102429,-12.0,0.467929814256103,12.0,-0.001075628151378231,-4.681062170872054e-05,-4.681062188512337e-05,-9.3638884053357e-05,0.001216068260689325,4.681062170872055e-05
1,0.003422700000000806,-0.9341673173464852,-0.000176522977693383,-12.0,0.4668188724414727,12.0,-0.001075802691264241,-4.66995395419166e-05,-4.669953971843959e-05,-9.341673173464852e-05,0.00121590958838276,4.669953954191661e-05
1,0.003422900000000806,-0.9319443189817253,-0.000176642845540198,-12.0,0.4657071934561239,12.0,-0.00107597732813304,-4.658838363016641e-05,-4.658838380680925e-05,-9.319443189817253e-05,0.001215750791811042,4.658838363016641e-05
1,0.003423100000000806,-0.9297198489497185,-0.0001767624344550245,-12.0,0.4645947790555523,12.0,-0.001076152061671574,-4.647715414900074e-05,-4.647715432576317e-05,-9.297198489497185e-05,0.001215591871187714,4.647715414900074e-05
1,0.003423300000000806,-0.9274939107631992,-0.0001768817442507897,-12.0,0.4634816309964059,12.0,-0.001076326891566781,-4.636585127406568e-05,-4.636585145094742e-05,-9.274939107631993e-05,0.001215432826726551,4.636585127406568e-05
1,0.003423500000000806,-0.925266507937227,-0.0001770007747367575,-12.0,0.4623677510365007,12.0,-0.001076501817505439,-4.625447518112374e-05,-4.625447535812451e-05,-9.25266507937227e-05,0.001215273658641609,4.625447518112375e-05
1,0.003423700000000806,-0.9230376439891859,-0.0001771195257263547,-12.0,0.4612531409348082,12.0,-0.001076676839174319,-4.614302604605345e-05,-4.614302622317298e-05,-9.230376439891859e-05,0.001215114367147149,4.614302604605346e-05
1,0.0034239000000008063,-0.9208073224387489,-0.0001772379970338966,-12.0,0.4601378024514436,12.0,-0.001076851956260026,-4.603150404484775e-05,-4.603150422208576e-05,-9.20807322438749e-05,0.001214954952457804,4.603150404484775e-05
1,0.003424100000000806,-0.9185755468078978,-0.0001773561884701458,-12.0,0.4590217373476818,12.0,-0.001077027168449124,-4.59199093536152e-05,-4.591990953097138e-05,-9.185755468078978e-05,0.001214795414788368,4.59199093536152e-05
1,0.003424300000000807,-0.9163423206209207,-0.0001774740998494173,-12.0,0.4579049473859451,12.0,-0.001077202475428092,-4.580824214857945e-05,-4.580824232605356e-05,-9.163423206209207e-05,0.001214635754353946,4.580824214857945e-05
1,0.003424500000000807,-0.9141076474043797,-0.0001775917309877473,-12.0,0.456787434329791,12.0,-0.001077377876883313,-4.569650260607787e-05,-4.569650278366959e-05,-9.141076474043797e-05,0.001214475971369887,4.569650260607788e-05
1,0.003424700000000807,-0.9118715306871292,-0.0001777090816970639,-12.0,0.4556691999439282,12.0,-0.001077553372501122,-4.558469090256252e-05,-4.558469108027161e-05,-9.118715306871293e-05,0.001214316066051782,4.558469090256253e-05
1,0.0034249000000008073,-0.9096339740003123,-0.0001778261517932922,-12.0,0.4545502459942046,12.0,-0.001077728961967721,-4.54728072145998e-05,-4.547280739242596e-05,-9.096339740003123e-05,0.001214156038615521,4.54728072145998e-05
1,0.003425100000000807,-0.9073949808773295,-0.0001779429410934674,-12.0,0.4534305742475951,12.0,-0.001077904644969256,-4.536085171886886e-05,-4.536085189681181e-05,-9.073949808773295e-05,0.001213995889277245,4.536085171886886e-05
1,0.003425300000000807,-0.9051545548538603,-0.0001780594494102394,-12.0,0.4523101864722203,12.0,-0.001078080421191827,-4.524882459216306e-05,-4.524882477022251e-05,-9.051545548538603e-05,0.001213835618253299,4.524882459216306e-05
1,0.0034255000000008072,-0.9029126994678431,-0.0001781756765638076,-12.0,0.4511890844373192,12.0,-0.001078256290321371,-4.513672601138831e-05,-4.513672618956397e-05,-9.029126994678432e-05,0.001213675225760394,4.513672601138831e-05
1,0.003425700000000807,-0.900669418259471,-0.0001782916223673769,-12.0,0.4500672699132682,12.0,-0.001078432252043827,-4.502455615356355e-05,-4.502455633185518e-05,-9.006694182594711e-05,0.001213514712015425,4.502455615356356e-05
1,0.003425900000000807,-0.8984247147712019,-0.0001784072866397035,-12.0,0.4489447446715685,12.0,-0.001078608306045038,-4.491231519582083e-05,-4.491231537422811e-05,-8.984247147712019e-05,0.001213354077235523,4.491231519582083e-05
1,0.003426100000000808,-0.8961785925477219,-0.0001785226691997654,-12.0,0.4478215104848345,12.0,-0.00107878445201072,-4.480000331540342e-05,-4.480000349392611e-05,-8.96178592547722e-05,0.001213193321638183,4.480000331540343e-05
1,0.003426300000000808,-0.8939310551359678,-0.0001786377698624331,-12.0,0.4466975691268126,12.0,-0.001078960689626568,-4.468762068966751e-05,-4.468762086830527e-05,-8.939310551359679e-05,0.001213032445441069,4.468762068966751e-05
1,0.0034265000000008082,-0.8916821060851091,-0.0001787525884502372,-12.0,0.4455729223723534,12.0,-0.001079137018578209,-4.457516749608036e-05,-4.457516767483295e-05,-8.916821060851092e-05,0.001212871448862098,4.457516749608036e-05
1,0.003426700000000808,-0.8894317489465398,-0.0001788671247786588,-12.0,0.4444475719974306,12.0,-0.001079313438551138,-4.446264391222092e-05,-4.446264409108806e-05,-8.894317489465398e-05,0.001212710332119525,4.446264391222092e-05
1,0.003426900000000808,-0.8871799872738914,-0.0001789813786683969,-12.0,0.4433215197791293,12.0,-0.001079489949230822,-4.435005011577976e-05,-4.435005029476115e-05,-8.871799872738914e-05,0.001212549095431781,4.435005011577977e-05
1,0.003427100000000808,-0.8849268246229963,-0.0001790953499409276,-12.0,0.4421947674956332,12.0,-0.001079666550302616,-4.423738628455742e-05,-4.423738646365278e-05,-8.849268246229964e-05,0.001212387739017648,4.423738628455742e-05
1,0.003427300000000808,-0.8826722645519053,-0.0001792090384138967,-12.0,0.4410673169262414,12.0,-0.001079843241451856,-4.412465259646553e-05,-4.412465277567457e-05,-8.826722645519054e-05,0.001212226263096063,4.412465259646553e-05
1,0.003427500000000808,-0.8804163106208867,-0.0001793224439090579,-12.0,0.4399391698513552,12.0,-0.001080020022363772,-4.401184922952642e-05,-4.401184940884888e-05,-8.804163106208867e-05,0.00121206466788628,4.401184922952643e-05
1,0.003427700000000808,-0.8781589663923927,-0.0001794355662493863,-12.0,0.4388103280524666,12.0,-0.001080196892723491,-4.38989763618716e-05,-4.389897654130717e-05,-8.781589663923927e-05,0.001211902953607832,4.38989763618716e-05
1,0.003427900000000809,-0.8759002354310822,-0.0001795484052533047,-12.0,0.4376807933121771,12.0,-0.001080373852216161,-4.378603417174304e-05,-4.378603435129145e-05,-8.759002354310822e-05,0.00121174112048044,4.378603417174305e-05
1,0.003428100000000809,-0.8736401213037986,-0.0001796609607465083,-12.0,0.43655056741417,12.0,-0.00108055090052675,-4.367302283749166e-05,-4.367302301715261e-05,-8.736401213037987e-05,0.001211579168724171,4.367302283749165e-05
1,0.003428300000000809,-0.8713786275795687,-0.0001797732325484191,-12.0,0.4354196521432293,12.0,-0.001080728037340245,-4.355994253757777e-05,-4.355994271735102e-05,-8.713786275795688e-05,0.001211417098559257,4.355994253757777e-05
1,0.003428500000000809,-0.8691157578296101,-0.0001798852204833445,-12.0,0.4342880492852279,12.0,-0.001080905262341517,-4.344679345057112e-05,-4.344679363045634e-05,-8.691157578296102e-05,0.001211254910206273,4.344679345057113e-05
1,0.003428700000000809,-0.866851515627296,-0.0001799969243760358,-12.0,0.4331557606271147,12.0,-0.001081082575215379,-4.333357575514908e-05,-4.3333575935146e-05,-8.66851515627296e-05,0.001211092603886008,4.333357575514908e-05
1,0.0034289000000008087,-0.8645859045481734,-0.0001801083440479689,-12.0,0.4320227879569314,12.0,-0.001081259975646599,-4.322028963009794e-05,-4.322028981020627e-05,-8.645859045481734e-05,0.001210930179819492,4.322028963009794e-05
1,0.0034291000000008093,-0.8623189281699619,-0.0001802194793244505,-12.0,0.4308891330637994,12.0,-0.001081437463319825,-4.310693525431239e-05,-4.310693543453187e-05,-8.623189281699619e-05,0.001210767638228076,4.310693525431239e-05
1,0.003429300000000809,-0.8600505900725192,-0.0001803303300319525,-12.0,0.4297547977379084,12.0,-0.001081615037919689,-4.299351280679404e-05,-4.299351298712436e-05,-8.600505900725193e-05,0.001210604979333299,4.299351280679404e-05
1,0.003429500000000809,-0.8577808938378607,-0.0001804408959930615,-12.0,0.4286197837705318,12.0,-0.001081792699130765,-4.288002246665249e-05,-4.288002264709338e-05,-8.577808938378608e-05,0.001210442203356983,4.288002246665249e-05
1,0.00342970000000081,-0.8555098430501566,-0.0001805511770344714,-12.0,0.4274840929540148,12.0,-0.001081970446637513,-4.276646441310493e-05,-4.276646459365611e-05,-8.555098430501567e-05,0.001210279310521235,4.276646441310493e-05
1,0.0034299000000008097,-0.8532374412957032,-0.0001806611729832652,-12.0,0.4263477270817649,12.0,-0.001082148280124359,-4.265283882547482e-05,-4.2652839006136e-05,-8.532374412957032e-05,0.001210116301048385,4.265283882547482e-05
1,0.0034301000000008103,-0.8509636921629271,-0.000180770883665804,-12.0,0.4252106879482559,12.0,-0.001082326199275667,-4.253914588319218e-05,-4.253914606396306e-05,-8.509636921629271e-05,0.001209953175161045,4.253914588319218e-05
1,0.00343030000000081,-0.8486885992423915,-0.0001808803089078381,-12.0,0.4240729773490309,12.0,-0.001082504203775737,-4.242538576579388e-05,-4.242538594667418e-05,-8.486885992423916e-05,0.001209789933082045,4.242538576579388e-05
1,0.00343050000000081,-0.8464121661267875,-0.0001809894485372832,-12.0,0.4229345970806935,12.0,-0.001082682293308816,-4.231155865292307e-05,-4.231155883391251e-05,-8.464121661267875e-05,0.001209626575034504,4.231155865292308e-05
1,0.00343070000000081,-0.8441343964109078,-0.0001810983023839974,-12.0,0.421795548940895,12.0,-0.001082860467559066,-4.219766472432791e-05,-4.219766490542619e-05,-8.441343964109079e-05,0.001209463101241808,4.21976647243279e-05
1,0.00343090000000081,-0.8418552936916607,-0.0001812068702736203,-12.0,0.4206558347283512,12.0,-0.0010830387262106,-4.208370415986248e-05,-4.208370434106935e-05,-8.418552936916608e-05,0.001209299511927581,4.208370415986248e-05
1,0.00343110000000081,-0.8395748615680706,-0.0001813151520361767,-12.0,0.4195154562428295,12.0,-0.001083217068947498,-4.196967713948658e-05,-4.196967732080172e-05,-8.395748615680707e-05,0.001209135807315673,4.196967713948658e-05
1,0.00343130000000081,-0.8372931036412442,-0.0001814231475024686,-12.0,0.4183744152851369,12.0,-0.001083395495453748,-4.185558384326393e-05,-4.185558402468709e-05,-8.372931036412443e-05,0.001208971987630245,4.185558384326394e-05
1,0.003431500000000811,-0.8350100235143884,-0.0001815308564998008,-12.0,0.417232713657136,12.0,-0.001083574005413264,-4.174142445136358e-05,-4.174142463289443e-05,-8.350100235143884e-05,0.0012088080530957,4.174142445136358e-05
1,0.003431700000000811,-0.8327256247928078,-0.0001816382788589754,-12.0,0.4160903531617327,12.0,-0.00108375259850995,-4.162719914405917e-05,-4.162719932569744e-05,-8.327256247928077e-05,0.001208644003936693,4.162719914405917e-05
1,0.003431900000000811,-0.8304399110838737,-0.0001817454144127373,-12.0,0.4149473356028636,12.0,-0.001083931274427644,-4.151290810172764e-05,-4.151290828347305e-05,-8.304399110838737e-05,0.001208479840378099,4.151290810172764e-05
1,0.003432100000000811,-0.8281528859970391,-0.0001818522629893349,-12.0,0.4138036627855129,12.0,-0.001084110032850132,-4.139855150485023e-05,-4.139855168670249e-05,-8.281528859970391e-05,0.001208315562645085,4.139855150485022e-05
1,0.003432300000000811,-0.8258645531438388,-0.0001819588244213466,-12.0,0.4126593365156991,12.0,-0.001084288873461084,-4.128412953401206e-05,-4.128412971597087e-05,-8.258645531438388e-05,0.001208151170963075,4.128412953401205e-05
1,0.0034325000000008108,-0.8235749161378609,-0.0001820650985419059,-12.0,0.4115143586004665,12.0,-0.001084467795944163,-4.116964236990084e-05,-4.116964255196595e-05,-8.23574916137861e-05,0.001207986665557763,4.116964236990085e-05
1,0.0034327000000008113,-0.8212839785947428,-0.0001821710851836467,-12.0,0.4103687308478851,12.0,-0.001084646799983019,-4.105509019330688e-05,-4.105509037547795e-05,-8.212839785947429e-05,0.001207822046655073,4.105509019330687e-05
1,0.003432900000000811,-0.8189917441322018,-0.0001822767841752615,-12.0,0.4092224550670701,12.0,-0.001084825885261181,-4.094047318512454e-05,-4.094047336740133e-05,-8.189917441322018e-05,0.00120765731448115,4.094047318512454e-05
1,0.003433100000000812,-0.8166982163699943,-0.0001823821953558791,-12.0,0.4080755330681413,12.0,-0.001085005051462168,-4.082579152634972e-05,-4.082579170873192e-05,-8.166982163699944e-05,0.001207492469262439,4.082579152634972e-05
1,0.003433300000000812,-0.8144033989298954,-0.0001824873185573561,-12.0,0.4069279666622385,12.0,-0.001085184298269405,-4.071104539807961e-05,-4.071104558056691e-05,-8.144033989298955e-05,0.001207327511225667,4.071104539807959e-05
1,0.0034335000000008118,-0.8121072954357517,-0.0001825921536104946,-12.0,0.4057797576615386,12.0,-0.001085363625366292,-4.05962349815149e-05,-4.059623516410706e-05,-8.121072954357517e-05,0.001207162440597778,4.059623498151491e-05
1,0.0034337000000008123,-0.8098099095134278,-0.0001826967003554225,-12.0,0.4046309078792138,12.0,-0.001085543032436222,-4.048136045795693e-05,-4.048136064065362e-05,-8.098099095134278e-05,0.001206997257605931,4.048136045795693e-05
1,0.003433900000000812,-0.8075112447907962,-0.0001828009586245516,-12.0,0.4034814191294517,12.0,-0.00108572251916244,-4.036642200880763e-05,-4.036642219160858e-05,-8.075112447907962e-05,0.001206831962477624,4.036642200880763e-05
1,0.003434100000000812,-0.8052113048977688,-0.0001829049282534578,-12.0,0.4023312932274549,12.0,-0.001085902085228241,-4.025141981557083e-05,-4.025141999847577e-05,-8.052113048977689e-05,0.001206666555440543,4.025141981557084e-05
1,0.0034343000000008122,-0.8029100934662716,-0.0001830086090780503,-12.0,0.4011805319894327,12.0,-0.00108608173031681,-4.013635405985108e-05,-4.013635424285968e-05,-8.029100934662717e-05,0.001206501036722672,4.013635405985108e-05
1,0.003434500000000812,-0.8006076141302265,-0.0001831120009371245,-12.0,0.4000291372325875,12.0,-0.001086261454111316,-4.002122492335247e-05,-4.002122510646447e-05,-8.006076141302265e-05,0.001206335406552198,4.002122492335247e-05
1,0.003434700000000812,-0.7983038705255608,-0.0001832151036648688,-12.0,0.3988771107751321,12.0,-0.001086441256294847,-3.990603258787969e-05,-3.990603277109481e-05,-7.983038705255609e-05,0.001206169665157616,3.99060325878797e-05
1,0.003434900000000813,-0.795998866290211,-0.0001833179170996901,-12.0,0.3977244544362768,12.0,-0.001086621136550489,-3.979077723533764e-05,-3.979077741865556e-05,-7.95998866290211e-05,0.001206003812767663,3.979077723533765e-05
1,0.003435100000000813,-0.7936926050640861,-0.0001834204410813833,-12.0,0.3965711700362167,12.0,-0.001086801094561267,-3.96754590477298e-05,-3.967545923115023e-05,-7.936926050640862e-05,0.001205837849611271,3.967545904772981e-05
1,0.0034353000000008132,-0.7913850904890867,-0.0001835226754453578,-12.0,0.3954172593961486,12.0,-0.001086981130010115,-3.956007820715939e-05,-3.956007839068206e-05,-7.913850904890867e-05,0.001205671775917724,3.95600782071594e-05
1,0.003435500000000813,-0.7890763262091041,-0.000183624620031797,-12.0,0.3942627243382581,12.0,-0.001087161242580008,-3.944463489582898e-05,-3.944463507945362e-05,-7.89076326209104e-05,0.001205505591916477,3.944463489582899e-05
1,0.003435700000000813,-0.7867663158699888,-0.0001837262746807733,-12.0,0.3931075666857105,12.0,-0.001087341431953819,-3.932912929603912e-05,-3.932912947976541e-05,-7.867663158699888e-05,0.001205339297837268,3.932912929603913e-05
1,0.003435900000000813,-0.7844550631195519,-0.0001838276392325255,-12.0,0.3919517882626508,12.0,-0.00108752169781437,-3.921356159018833e-05,-3.921356177401597e-05,-7.84455063119552e-05,0.00120517289391011,3.921356159018833e-05
1,0.003436100000000813,-0.7821425716075908,-0.0001839287135229073,-12.0,0.390795390894224,12.0,-0.001087702039844499,-3.909793196077469e-05,-3.90979321447034e-05,-7.821425716075908e-05,0.00120500638036522,3.90979319607747e-05
1,0.0034363000000008134,-0.7798288449858505,-0.0001840294973983747,-12.0,0.3896383764065328,12.0,-0.001087882457726959,-3.89822405903931e-05,-3.898224077442261e-05,-7.798288449858505e-05,0.001204839757433088,3.898224059039311e-05
1,0.003436500000000813,-0.7775138869080024,-0.0001841299906978344,-12.0,0.3884807466266545,12.0,-0.001088062951144476,-3.886648766173524e-05,-3.886648784586523e-05,-7.775138869080024e-05,0.001204673025344487,3.886648766173524e-05
1,0.003436700000000814,-0.7751977010296982,-0.0001842301932596935,-12.0,0.3873225033826576,12.0,-0.001088243519779715,-3.875067335759172e-05,-3.875067354182193e-05,-7.751977010296983e-05,0.001204506184330399,3.875067335759172e-05
1,0.003436900000000814,-0.7728802910085152,-0.0001843301049312407,-12.0,0.3861636485035597,12.0,-0.00108842416331531,-3.863479786084909e-05,-3.86347980451792e-05,-7.728802910085153e-05,0.001204339234622098,3.863479786084909e-05
1,0.003437100000000814,-0.7705616605039471,-0.0001844297255524374,-12.0,0.3850041838193476,12.0,-0.001088604881433919,-3.851886135449001e-05,-3.851886153891974e-05,-7.705616605039472e-05,0.001204172176451052,3.851886135449001e-05
1,0.0034373000000008144,-0.7682418131774338,-0.000184529054965743,-12.0,0.3838441111609777,12.0,-0.00108878567381808,-3.840286402159434e-05,-3.84028642061234e-05,-7.682418131774338e-05,0.001204005010049018,3.840286402159435e-05
1,0.003437500000000814,-0.7659207526923386,-0.0001846280930148381,-12.0,0.3826834323603661,12.0,-0.001088966540150296,-3.82868060453381e-05,-3.828680622996619e-05,-7.659207526923387e-05,0.001203837735648042,3.82868060453381e-05
1,0.003437700000000814,-0.763598482713927,-0.0001847268395455681,-12.0,0.3815221492503767,12.0,-0.001089147480113094,-3.817068760899223e-05,-3.817068779371908e-05,-7.635984827139271e-05,0.00120367035348036,3.817068760899223e-05
1,0.0034379000000008143,-0.7612750069093789,-0.0001848252943995043,-12.0,0.3803602636648372,12.0,-0.001089328493388934,-3.805450889592368e-05,-3.805450908074897e-05,-7.612750069093789e-05,0.001203502863778447,3.805450889592368e-05
1,0.003438100000000814,-0.7589503289477905,-0.0001849234574224923,-12.0,0.3791977774385269,12.0,-0.001089509579660239,-3.793827008959494e-05,-3.79382702745184e-05,-7.589503289477905e-05,0.001203335266775116,3.793827008959494e-05
1,0.003438300000000814,-0.756624452500138,-0.0001850213284614322,-12.0,0.3780346924071636,12.0,-0.001089690738609379,-3.78219713735625e-05,-3.782197155858383e-05,-7.56624452500138e-05,0.00120316756270334,3.78219713735625e-05
1,0.003438500000000815,-0.7542973812392975,-0.000185118907359394,-12.0,0.3768710104074206,12.0,-0.001089871969918749,-3.7705612931478e-05,-3.770561311659691e-05,-7.542973812392975e-05,0.001202999751796392,3.7705612931478e-05
1,0.003438700000000815,-0.7519691188400421,-0.0001852161939635,-12.0,0.375706733276914,12.0,-0.001090053273270643,-3.758919494708774e-05,-3.758919513230393e-05,-7.519691188400422e-05,0.001202831834287786,3.758919494708774e-05
1,0.0034389000000008153,-0.7496396689790095,-0.0001853131881221493,-12.0,0.3745418628541896,12.0,-0.001090234648347364,-3.747271760423117e-05,-3.747271778954436e-05,-7.496396689790094e-05,0.001202663810411279,3.747271760423117e-05
1,0.003439100000000815,-0.7473090353347226,-0.0001854098896793277,-12.0,0.3733764009787434,12.0,-0.001090416094831161,-3.735618108684227e-05,-3.735618127225217e-05,-7.473090353347227e-05,0.001202495680400879,3.735618108684228e-05
1,0.003439300000000815,-0.7449772215875693,-0.0001855062984862099,-12.0,0.3722103494909923,12.0,-0.001090597612404307,-3.723958557894785e-05,-3.723958576445415e-05,-7.449772215875694e-05,0.001202327444490836,3.723958557894785e-05
1,0.003439500000000815,-0.742644231419803,-0.0001856024143867263,-12.0,0.3710437102322973,12.0,-0.001090779200748966,-3.71229312646684e-05,-3.712293145027082e-05,-7.42644231419803e-05,0.00120215910291567,3.71229312646684e-05
1,0.003439700000000815,-0.7403100685155349,-0.0001856982372338001,-12.0,0.3698764850449344,12.0,-0.001090960859547324,-3.700621832821682e-05,-3.700621851391506e-05,-7.40310068515535e-05,0.001201990655910146,3.700621832821682e-05
1,0.003439900000000815,-0.7379747365607232,-0.0001857937668727494,-12.0,0.3687086757721148,12.0,-0.001091142588481503,-3.688944695389876e-05,-3.688944713969253e-05,-7.379747365607233e-05,0.001201822103709276,3.688944695389876e-05
1,0.003440100000000815,-0.7356382392431867,-0.0001858890031541938,-12.0,0.3675402842579721,12.0,-0.001091324387233639,-3.677261732611261e-05,-3.677261751200163e-05,-7.356382392431868e-05,0.001201653446548309,3.677261732611263e-05
1,0.003440300000000816,-0.7333005802525665,-0.0001859839459296408,-12.0,0.3663713123475493,12.0,-0.001091506255485833,-3.66557296293479e-05,-3.665572981533185e-05,-7.333005802525666e-05,0.001201484684662746,3.66557296293479e-05
1,0.003440500000000816,-0.7309617632803445,-0.0001860785950468513,-12.0,0.365201761886816,12.0,-0.001091688192920118,-3.653878404818629e-05,-3.653878423426488e-05,-7.309617632803446e-05,0.001201315818288348,3.653878404818628e-05
1,0.003440700000000816,-0.7286217920198421,-0.0001861729503576104,-12.0,0.3640316347226552,12.0,-0.001091870199218539,-3.642178076730128e-05,-3.642178095347423e-05,-7.286217920198422e-05,0.001201146847661129,3.642178076730128e-05
1,0.003440900000000816,-0.7262806701661867,-0.0001862670117148413,-12.0,0.3628609327028509,12.0,-0.001092052274063136,-3.630471997145658e-05,-3.630472015772359e-05,-7.262806701661868e-05,0.001200977773017316,3.630471997145658e-05
1,0.003441100000000816,-0.7239384014163279,-0.0001863607789676924,-12.0,0.3616896576761047,12.0,-0.001092234417135858,-3.618760184550724e-05,-3.618760203186801e-05,-7.23938401416328e-05,0.001200808594593435,3.618760184550723e-05
1,0.0034413000000008158,-0.7215949894690388,-0.0001864542519692813,-12.0,0.360517811492023,12.0,-0.001092416628118681,-3.607042657439922e-05,-3.607042676085347e-05,-7.215949894690388e-05,0.001200639312626234,3.607042657439923e-05
1,0.0034415000000008163,-0.7192504380248789,-0.000186547430573919,-12.0,0.3593453960011042,12.0,-0.001092598906693561,-3.595319434316782e-05,-3.595319452971525e-05,-7.19250438024879e-05,0.001200469927352676,3.595319434316782e-05
1,0.003441700000000816,-0.716904750786219,-0.0001866403146314199,-12.0,0.3581724130547592,12.0,-0.001092781252542391,-3.583590533693905e-05,-3.583590552357938e-05,-7.16904750786219e-05,0.001200300439010059,3.583590533693905e-05
1,0.003441900000000816,-0.7145579314572192,-0.0001867329039994814,-12.0,0.3569988645052813,12.0,-0.001092963665347085,-3.571855974092809e-05,-3.571855992766099e-05,-7.145579314572192e-05,0.001200130847835823,3.571855974092808e-05
1,0.003442100000000817,-0.7122099837438242,-0.0001868251985284453,-12.0,0.3558247522058675,12.0,-0.001093146144789517,-3.560115774043959e-05,-3.560115792726479e-05,-7.122099837438242e-05,0.00119996115406773,3.560115774043959e-05
1,0.0034423000000008168,-0.709860911353775,-0.0001869171980741768,-12.0,0.3546500780106043,12.0,-0.00109332869055153,-3.548369952086786e-05,-3.548369970778504e-05,-7.098609113537751e-05,0.001199791357943764,3.548369952086785e-05
1,0.0034425000000008173,-0.7075107179965708,-0.0001870089024934296,-12.0,0.3534748437744563,12.0,-0.001093511302314991,-3.536618526769498e-05,-3.536618545470387e-05,-7.075107179965708e-05,0.001199621459702156,3.536618526769497e-05
1,0.003442700000000817,-0.7051594073834865,-0.0001871003116388492,-12.0,0.3522990513532818,12.0,-0.001093693979761674,-3.524861516649207e-05,-3.524861535359239e-05,-7.051594073834866e-05,0.00119945145958137,3.524861516649207e-05
1,0.003442900000000817,-0.7028069832275728,-0.0001871914253673834,-12.0,0.3511227026038211,12.0,-0.001093876722573425,-3.513098940291884e-05,-3.513098959011027e-05,-7.028069832275728e-05,0.001199281357820152,3.513098940291884e-05
1,0.003443100000000817,-0.7004534492436215,-0.0001872822435371457,-12.0,0.3499457993836826,12.0,-0.001094059530431978,-3.501330816272198e-05,-3.501330835000422e-05,-7.004534492436215e-05,0.00119911115465747,3.501330816272198e-05
1,0.003443300000000817,-0.6980988091481876,-0.0001873727660014757,-12.0,0.3487683435513639,12.0,-0.001094242403019127,-3.489557163173654e-05,-3.489557181910931e-05,-6.980988091481876e-05,0.001198940850332529,3.489557163173654e-05
1,0.003443500000000817,-0.695743066659569,-0.0001874629926217619,-12.0,0.3475903369662219,12.0,-0.001094425340016608,-3.477777999588437e-05,-3.477778018334737e-05,-6.95743066659569e-05,0.001198770445084811,3.477777999588436e-05
1,0.003443700000000818,-0.6933862254978059,-0.0001875529232516771,-12.0,0.3464117814884962,12.0,-0.001094608341106175,-3.465993344117479e-05,-3.465993362872772e-05,-6.93386225497806e-05,0.001198599939154006,3.465993344117479e-05
1,0.003443900000000818,-0.6910282893846732,-0.0001876425577537477,-12.0,0.3452326789792803,12.0,-0.001094791405969513,-3.454203215370341e-05,-3.454203234134597e-05,-6.910282893846732e-05,0.001198429332780089,3.454203215370341e-05
1,0.003444100000000818,-0.6886692620436697,-0.0001877318959830621,-12.0,0.3440530313005413,12.0,-0.001094974534288355,-3.442407631965244e-05,-3.442407650738433e-05,-6.886692620436697e-05,0.001198258626203222,3.442407631965244e-05
1,0.003444300000000818,-0.6863091472000328,-0.0001878209377998985,-12.0,0.3428728403151072,12.0,-0.001095157725744374,-3.430606612529071e-05,-3.430606631311165e-05,-6.863091472000329e-05,0.001198087819663893,3.430606612529072e-05
1,0.003444500000000818,-0.6839479485806995,-0.0001879096830659233,-12.0,0.3416921078866541,12.0,-0.001095340980019253,-3.4188001756972e-05,-3.418800194488168e-05,-6.839479485806996e-05,0.001197916913402763,3.4188001756972e-05
1,0.003444700000000818,-0.6815856699143229,-0.0001879981316382784,-12.0,0.3405108358797228,12.0,-0.001095524296794666,-3.406988340113611e-05,-3.406988358913423e-05,-6.815856699143229e-05,0.001197745907660787,3.406988340113611e-05
1,0.003444900000000818,-0.6792223149312745,-0.0001880862833785468,-12.0,0.3393290261597065,12.0,-0.001095707675752247,-3.395171124430851e-05,-3.39517114323948e-05,-6.792223149312745e-05,0.001197574802679131,3.395171124430851e-05
1,0.0034451000000008183,-0.6768578873636069,-0.0001881741381497548,-12.0,0.3381466805928374,12.0,-0.001095891116573669,-3.383348547309871e-05,-3.383348566127285e-05,-6.768578873636069e-05,0.001197403598699208,3.383348547309872e-05
1,0.003445300000000818,-0.6744923909450727,-0.0001882616958103767,-12.0,0.3369638010462039,12.0,-0.001096074618940561,-3.371520627420142e-05,-3.371520646246312e-05,-6.744923909450728e-05,0.001197232295962691,3.371520627420143e-05
1,0.003445500000000819,-0.672125829411125,-0.0001883489562236051,-12.0,0.3357803893877375,12.0,-0.001096258182534518,-3.359687383439612e-05,-3.359687402274507e-05,-6.72125829411125e-05,0.001197060894711499,3.359687383439611e-05
1,0.003445700000000819,-0.6697582064988795,-0.00018843591925366,-12.0,0.3345964474862001,12.0,-0.001096441807037184,-3.347848834054538e-05,-3.347848852898129e-05,-6.697582064988796e-05,0.001196889395187778,3.347848834054538e-05
1,0.003445900000000819,-0.6673895259471354,-0.0001885225847606531,-12.0,0.3334119772112009,12.0,-0.00109662549213016,-3.336004997959615e-05,-3.336005016811874e-05,-6.673895259471354e-05,0.001196717797633945,3.336004997959616e-05
1,0.0034461000000008193,-0.6650197914963734,-0.0001886089526090817,-12.0,0.3322269804331835,12.0,-0.001096809237495035,-3.324155893857925e-05,-3.324155912718822e-05,-6.650197914963734e-05,0.001196546102292612,3.324155893857927e-05
1,0.003446300000000819,-0.6626490068887244,-0.000188695022663804,-12.0,0.3310414590234163,12.0,-0.001096993042813431,-3.312301540460801e-05,-3.312301559330303e-05,-6.626490068887244e-05,0.001196374309406667,3.312301540460802e-05
1,0.003446500000000819,-0.6602771758679742,-0.0001887807947887621,-12.0,0.329855414853996,12.0,-0.001097176907766895,-3.300441956487848e-05,-3.300441975365927e-05,-6.602771758679742e-05,0.001196202419219257,3.300441956487848e-05
1,0.0034467000000008192,-0.6579043021795709,-0.0001888662688475373,-12.0,0.3286688497978515,12.0,-0.001097360832037042,-3.288577160666991e-05,-3.288577179553617e-05,-6.579043021795709e-05,0.001196030431973721,3.28857716066699e-05
1,0.003446900000000819,-0.6555303895706152,-0.0001889514447058205,-12.0,0.3274817657287344,12.0,-0.001097544815305433,-3.276707171734402e-05,-3.276707190629547e-05,-6.555303895706152e-05,0.001195858347913699,3.276707171734402e-05
1,0.003447100000000819,-0.6531554417898324,-0.000189036322231384,-12.0,0.3262941645212059,12.0,-0.00109772885725367,-3.264832008434374e-05,-3.264832027338005e-05,-6.531554417898324e-05,0.001195686167283022,3.264832008434373e-05
1,0.00344730000000082,-0.6507794625875881,-0.0001891209012876427,-12.0,0.3251060480506536,12.0,-0.001097912957563285,-3.252951689519413e-05,-3.252951708431502e-05,-6.507794625875881e-05,0.001195513890325794,3.252951689519412e-05
1,0.00344750000000082,-0.648402455715888,-0.000189205181742147,-12.0,0.323917418193279,12.0,-0.001098097115915873,-3.241066233750211e-05,-3.241066252670729e-05,-6.48402455715888e-05,0.001195341517286355,3.241066233750211e-05
1,0.0034477000000008202,-0.6460244249283434,-0.0001892891634640292,-12.0,0.3227282768260841,12.0,-0.001098281331992981,-3.229175659895481e-05,-3.229175678824397e-05,-6.460244249283434e-05,0.0011951690484093,3.229175659895481e-05
1,0.00344790000000082,-0.643645373980189,-0.0001893728463181199,-12.0,0.3215386258268889,12.0,-0.001098465605476197,-3.21727998673207e-05,-3.217280005669354e-05,-6.43645373980189e-05,0.001194996483939399,3.21727998673207e-05
1,0.00344810000000082,-0.641265306628281,-0.0001894562301733849,-12.0,0.320348467074318,12.0,-0.00109864993604708,-3.205379233044915e-05,-3.205379251990538e-05,-6.41265306628281e-05,0.001194823824121741,3.205379233044914e-05
1,0.00344830000000082,-0.6388842266310633,-0.0001895393149003721,-12.0,0.3191578024477879,12.0,-0.001098834323387171,-3.193473417626883e-05,-3.193473436580814e-05,-6.388842266310633e-05,0.001194651069201649,3.193473417626882e-05
1,0.00344850000000082,-0.6365021377485852,-0.0001896221003652443,-12.0,0.3179666338275237,12.0,-0.001099018767178064,-3.18156255927889e-05,-3.1815625782411e-05,-6.365021377485852e-05,0.00119447821942463,3.18156255927889e-05
1,0.00344870000000082,-0.6341190437425008,-0.0001897045864384661,-12.0,0.3167749630945469,12.0,-0.001099203267101306,-3.169646676809854e-05,-3.169646695780312e-05,-6.341190437425008e-05,0.001194305275036486,3.169646676809853e-05
1,0.00344890000000082,-0.6317349483760382,-0.0001897867729910852,-12.0,0.3155827921306647,12.0,-0.001099387822838478,-3.157725789036558e-05,-3.157725808015235e-05,-6.317349483760382e-05,0.001194132236283237,3.157725789036558e-05
1,0.003449100000000821,-0.629349855413998,-0.0001898686598942323,-12.0,0.3143901228184711,12.0,-0.001099572434071137,-3.145799914783652e-05,-3.145799933770519e-05,-6.293498554139981e-05,0.001193959103411142,3.145799914783653e-05
1,0.003449300000000821,-0.6269637686227812,-0.0001899502470139591,-12.0,0.3131969570413671,12.0,-0.001099757100480877,-3.133869072883811e-05,-3.133869091878837e-05,-6.269637686227813e-05,0.001193785876666693,3.133869072883811e-05
1,0.003449500000000821,-0.6245766917703501,-0.0001900315342278913,-12.0,0.3120032966835178,12.0,-0.001099941821749266,-3.121933282177457e-05,-3.121933301180611e-05,-6.245766917703502e-05,0.001193612556296651,3.121933282177457e-05
1,0.003449700000000821,-0.6221886286262055,-0.0001901125214057442,-12.0,0.3108091436298689,12.0,-0.001100126597557902,-3.109992561512747e-05,-3.109992580523999e-05,-6.221886286262055e-05,0.001193439142547964,3.109992561512747e-05
1,0.003449900000000821,-0.6197995829614418,-0.0001901932084160673,-12.0,0.3096144997661647,12.0,-0.001100311427588357,-3.098046929745809e-05,-3.098046948765129e-05,-6.197995829614418e-05,0.001193265635667878,3.098046929745808e-05
1,0.0034501000000008207,-0.6174095585486931,-0.0001902735951376799,-12.0,0.3084193669789041,12.0,-0.001100496311522221,-3.086096405740418e-05,-3.086096424767777e-05,-6.174095585486931e-05,0.001193092035903856,3.086096405740418e-05
1,0.0034503000000008213,-0.6150185591621198,-0.0001903536814410189,-12.0,0.3072237471553615,12.0,-0.00110068124904111,-3.074141008368025e-05,-3.074141027403394e-05,-6.150185591621198e-05,0.001192918343503591,3.074141008368025e-05
1,0.003450500000000821,-0.6126265885774417,-0.0001904334671992969,-12.0,0.3060276421835873,12.0,-0.001100866239826623,-3.062180756507865e-05,-3.062180775551212e-05,-6.126265885774417e-05,0.001192744558715018,3.062180756507866e-05
1,0.003450700000000821,-0.610233650571915,-0.0001905129522868088,-12.0,0.3048310539523977,12.0,-0.001101051283560407,-3.050215669046846e-05,-3.050215688098141e-05,-6.102336505719151e-05,0.001192570681786281,3.050215669046845e-05
1,0.003450900000000822,-0.6078397489243098,-0.0001905921365808194,-12.0,0.3036339843513623,12.0,-0.001101236379924046,-3.038245764879431e-05,-3.038245783938645e-05,-6.078397489243098e-05,0.001192396712965831,3.038245764879432e-05
1,0.0034511000000008217,-0.6054448874149215,-0.0001906710199533201,-12.0,0.3024364352708206,12.0,-0.001101421528599204,-3.02627106290774e-05,-3.026271081974841e-05,-6.054448874149216e-05,0.001192222652502295,3.02627106290774e-05
1,0.0034513000000008223,-0.603049069825574,-0.0001907496022810207,-12.0,0.3012384086018695,12.0,-0.001101606729267519,-3.014291582041505e-05,-3.014291601116465e-05,-6.030490698255741e-05,0.001192048500644562,3.014291582041505e-05
1,0.003451500000000822,-0.6006522999395834,-0.0001908278834419075,-12.0,0.30003990623635,12.0,-0.001101791981610648,-3.002307341197919e-05,-3.002307360280707e-05,-6.006522999395834e-05,0.001191874257641751,3.002307341197919e-05
1,0.003451700000000822,-0.5982545815417748,-0.0001909058633098315,-12.0,0.2988409300668641,12.0,-0.001101977285310238,-2.990318359301739e-05,-2.990318378392325e-05,-5.982545815417748e-05,0.001191699923743246,2.990318359301739e-05
1,0.003451900000000822,-0.5958559184184838,-0.0001909835417628625,-12.0,0.2976414819867623,12.0,-0.001102162640048015,-2.978324655285251e-05,-2.978324674383605e-05,-5.958559184184839e-05,0.001191525499198612,2.978324655285252e-05
1,0.003452100000000822,-0.5934563143575196,-0.0001910609186803469,-12.0,0.2964415638901301,12.0,-0.001102348045505623,-2.966326248088105e-05,-2.966326267194196e-05,-5.934563143575196e-05,0.001191350984257707,2.966326248088105e-05
1,0.003452300000000822,-0.5910557731481835,-0.0001911379939376345,-12.0,0.2952411776718053,12.0,-0.0011025335013648,-2.954323156657429e-05,-2.954323175771229e-05,-5.910557731481835e-05,0.001191176379170582,2.954323156657429e-05
1,0.003452500000000822,-0.5886542985812678,-0.0001912147674141551,-12.0,0.294040325227365,12.0,-0.001102719007307247,-2.942315399947792e-05,-2.942315419069269e-05,-5.886542985812679e-05,0.001191001684187561,2.942315399947791e-05
1,0.003452700000000823,-0.5862518944490265,-0.0001912912389900601,-12.0,0.2928390084531158,12.0,-0.001102904563014699,-2.930302996921058e-05,-2.930303016050182e-05,-5.862518944490265e-05,0.001190826899559176,2.930302996921058e-05
1,0.003452900000000823,-0.5838485645451715,-0.0001913674085451955,-12.0,0.2916372292460939,12.0,-0.001103090168168935,-2.918285966546391e-05,-2.918285985683132e-05,-5.838485645451716e-05,0.001190652025536181,2.918285966546391e-05
1,0.003453100000000823,-0.581444312664903,-0.0001914432759549112,-12.0,0.2904349895040864,12.0,-0.001103275822451684,-2.906264327800413e-05,-2.906264346944741e-05,-5.81444312664903e-05,0.001190477062369622,2.906264327800413e-05
1,0.003453300000000823,-0.5790391426048684,-0.000191518841105659,-12.0,0.2892322911255872,12.0,-0.001103461525544747,-2.894238099666929e-05,-2.894238118818814e-05,-5.790391426048685e-05,0.001190302010310736,2.894238099666929e-05
1,0.003453500000000823,-0.5766330581631444,-0.0001915941038755642,-12.0,0.2880291360098178,12.0,-0.001103647277129926,-2.882207301136934e-05,-2.882207320296344e-05,-5.766330581631444e-05,0.00119012686961098,2.882207301136933e-05
1,0.0034537000000008228,-0.5742260631392728,-0.0001916690641454444,-12.0,0.2868255260567276,12.0,-0.001103833076889018,-2.870171951208731e-05,-2.870171970375637e-05,-5.742260631392729e-05,0.001189951640522109,2.870171951208731e-05
1,0.0034539000000008233,-0.5718181613342362,-0.0001917437217975326,-12.0,0.2856214631669846,12.0,-0.001104018924503885,-2.858132068887821e-05,-2.858132088062194e-05,-5.718181613342363e-05,0.001189776323296053,2.858132068887822e-05
1,0.003454100000000823,-0.5694093565504326,-0.0001918180767159772,-12.0,0.2844169492419615,12.0,-0.001104204819656361,-2.846087673186775e-05,-2.846087692368583e-05,-5.694093565504326e-05,0.001189600918184989,2.846087673186775e-05
1,0.003454300000000824,-0.5669996525916926,-0.0001918921287808462,-12.0,0.2832119861837537,12.0,-0.001104390762028354,-2.834038783125346e-05,-2.834038802314559e-05,-5.669996525916927e-05,0.001189425425441343,2.834038783125346e-05
1,0.003454500000000824,-0.5645890532632785,-0.0001919658778765099,-12.0,0.2820065758951657,12.0,-0.001104576751301708,-2.821985417730422e-05,-2.82198543692701e-05,-5.645890532632785e-05,0.001189249845317777,2.821985417730422e-05
1,0.0034547000000008238,-0.5621775623718482,-0.0001920393238885043,-12.0,0.2808007202796981,12.0,-0.001104762787158389,-2.809927596035866e-05,-2.809927615239799e-05,-5.621775623718483e-05,0.001189074178067146,2.809927596035866e-05
1,0.0034549000000008243,-0.5597651837254739,-0.0001921124666982299,-12.0,0.2795944212415649,12.0,-0.001104948869280302,-2.797865337082631e-05,-2.797865356293878e-05,-5.59765183725474e-05,0.001188898423942607,2.797865337082631e-05
1,0.003455100000000824,-0.5573519211336411,-0.0001921853061914724,-12.0,0.2783876806856803,12.0,-0.001105134997349436,-2.785798659918718e-05,-2.785798679137248e-05,-5.573519211336411e-05,0.001188722583197476,2.785798659918718e-05
1,0.003455300000000824,-0.5549377784072135,-0.0001922578422551002,-12.0,0.2771805005176456,12.0,-0.001105321171047745,-2.773727583599008e-05,-2.773727602824792e-05,-5.549377784072135e-05,0.001188546656085365,2.773727583599007e-05
1,0.0034555000000008242,-0.5525227593584556,-0.0001923300747714574,-12.0,0.2759728826437699,12.0,-0.001105507390057263,-2.761652127185414e-05,-2.761652146418421e-05,-5.525227593584556e-05,0.001188370642860058,2.761652127185413e-05
1,0.003455700000000824,-0.5501068678010117,-0.000192402003630715,-12.0,0.2747648289710398,12.0,-0.001105693654060019,-2.749572309746705e-05,-2.749572328986905e-05,-5.501068678010117e-05,0.001188194543775622,2.749572309746705e-05
1,0.003455900000000824,-0.5476901075499059,-0.0001924736287152451,-12.0,0.2735563414071437,12.0,-0.00110587996273806,-2.737488150358589e-05,-2.737488169605954e-05,-5.476901075499059e-05,0.00118801835908634,2.73748815035859e-05
1,0.003456100000000825,-0.5452724824215324,-0.0001925449499166343,-12.0,0.2723474218604417,12.0,-0.001106066315773473,-2.725399668103584e-05,-2.725399687358079e-05,-5.452724824215324e-05,0.001187842089046695,2.725399668103583e-05
1,0.003456300000000825,-0.5428539962336473,-0.000192615967118559,-12.0,0.2711380722399861,12.0,-0.00110625271284838,-2.713306882071047e-05,-2.713306901332644e-05,-5.428539962336473e-05,0.00118766573391146,2.713306882071047e-05
1,0.0034565000000008252,-0.5404346528053823,-0.0001926866802105243,-12.0,0.2699282944555086,12.0,-0.001106439153644893,-2.701209811357192e-05,-2.701209830625859e-05,-5.404346528053823e-05,0.001187489293935595,2.701209811357192e-05
1,0.003456700000000825,-0.538014455957203,-0.0001927570890828123,-12.0,0.2687180904174064,12.0,-0.001106625637845193,-2.689108475064892e-05,-2.689108494340601e-05,-5.38014455957203e-05,0.0011873127693743,2.689108475064892e-05
1,0.003456900000000825,-0.5355934095109298,-0.0001928271936217085,-12.0,0.2675074620367605,12.0,-0.00110681216513148,-2.677002892303822e-05,-2.677002911586541e-05,-5.355934095109298e-05,0.001187136160483004,2.677002892303822e-05
1,0.003457100000000825,-0.533171517289736,-0.0001928969937176617,-12.0,0.2662964112253215,12.0,-0.001106998735185973,-2.664893082190392e-05,-2.664893101480091e-05,-5.33171517289736e-05,0.00118695946751737,2.664893082190392e-05
1,0.003457300000000825,-0.5307487831181122,-0.0001929664892625915,-12.0,0.2650849398954974,12.0,-0.001107185347690897,-2.652779063847599e-05,-2.652779083144248e-05,-5.307487831181123e-05,0.001186782690733315,2.6527790638476e-05
1,0.0034575000000008254,-0.5283252108218852,-0.0001930356801438937,-12.0,0.26387304996037,12.0,-0.001107372002328567,-2.640660856405139e-05,-2.640660875708707e-05,-5.283252108218853e-05,0.00118660583038694,2.640660856405139e-05
1,0.003457700000000825,-0.5259008042282175,-0.0001931045662537656,-12.0,0.2626607433336824,12.0,-0.001107558698781291,-2.628538478999362e-05,-2.628538498309819e-05,-5.259008042282175e-05,0.001186428886734588,2.628538478999362e-05
1,0.003457900000000826,-0.5234755671655702,-0.0001931731474854315,-12.0,0.2614480219298255,12.0,-0.001107745436731391,-2.616411950773109e-05,-2.616411970090424e-05,-5.234755671655702e-05,0.001186251860032874,2.616411950773109e-05
1,0.003458100000000826,-0.5210495034637274,-0.0001932414237272029,-12.0,0.2602348876638587,12.0,-0.001107932215861255,-2.604281290875858e-05,-2.604281310200001e-05,-5.210495034637274e-05,0.001186074750538585,2.604281290875859e-05
1,0.003458300000000826,-0.5186226169537742,-0.0001933093948757181,-12.0,0.2590213424514796,12.0,-0.001108119035853304,-2.592146518463553e-05,-2.592146537794493e-05,-5.186226169537742e-05,0.001185897558508758,2.592146518463553e-05
1,0.0034585000000008264,-0.516194911468092,-0.0001933770608200103,-12.0,0.2578073882090454,12.0,-0.001108305896389973,-2.580007652698654e-05,-2.58000767203636e-05,-5.161949114680921e-05,0.001185720284200664,2.580007652698654e-05
1,0.003458700000000826,-0.513766390840371,-0.0001934444214549969,-12.0,0.2565930268535588,12.0,-0.001108492797153721,-2.567864712750138e-05,-2.56786473209458e-05,-5.137663908403711e-05,0.001185542927871815,2.567864712750139e-05
1,0.0034589000000008257,-0.5113370589055688,-0.0001935114766760948,-12.0,0.2553782603026555,12.0,-0.001108679737827082,-2.555717717793316e-05,-2.555717737144464e-05,-5.113370589055688e-05,0.001185365489779908,2.555717717793316e-05
1,0.0034591000000008263,-0.5089069194999306,-0.0001935782263748631,-12.0,0.2541630904746208,12.0,-0.001108866718092599,-2.543566687009957e-05,-2.543566706367779e-05,-5.089069194999306e-05,0.0011851879701829,2.543566687009957e-05
1,0.003459300000000826,-0.5064759764609896,-0.0001936446704471073,-12.0,0.2529475192883774,12.0,-0.001109053737632842,-2.531411639588245e-05,-2.531411658952713e-05,-5.064759764609896e-05,0.001185010369338987,2.531411639588246e-05
1,0.003459500000000826,-0.5040442336275284,-0.000193710808789882,-12.0,0.2517315486634712,12.0,-0.001109240796130437,-2.519252594722612e-05,-2.519252614093692e-05,-5.040442336275284e-05,0.001184832687506552,2.519252594722611e-05
1,0.003459700000000827,-0.5016116948396045,-0.0001937766412954678,-12.0,0.2505151805200928,12.0,-0.001109427893268043,-2.507089571613882e-05,-2.507089590991545e-05,-5.016116948396046e-05,0.001184654924944243,2.507089571613882e-05
1,0.0034599000000008267,-0.4991783639385288,-0.0001938421678642777,-12.0,0.2492984167790463,12.0,-0.001109615028728354,-2.494922589469106e-05,-2.494922608853322e-05,-4.991783639385288e-05,0.001184477081910894,2.494922589469106e-05
1,0.0034601000000008273,-0.4967442447668635,-0.0001939073883886477,-12.0,0.2480812593617749,12.0,-0.001109802202194102,-2.482751667501636e-05,-2.482751686892374e-05,-4.967442447668636e-05,0.001184299158665612,2.482751667501635e-05
1,0.003460300000000827,-0.4943093411684154,-0.0001939723027702678,-12.0,0.2468637101903293,12.0,-0.001109989413348052,-2.470576824930995e-05,-2.470576844328226e-05,-4.943093411684154e-05,0.001184121155467701,2.470576824930996e-05
1,0.003460500000000827,-0.491873656988226,-0.0001940369109030282,-12.0,0.2456457711873893,12.0,-0.001110176661873036,-2.458398080982924e-05,-2.458398100386615e-05,-4.91873656988226e-05,0.001183943072576684,2.458398080982924e-05
1,0.003460700000000827,-0.4894371960725846,-0.0001941012126865371,-12.0,0.2444274442762503,12.0,-0.001110363947451884,-2.446215454889369e-05,-2.44621547429949e-05,-4.894371960725847e-05,0.001183764910252339,2.446215454889369e-05
1,0.003460900000000827,-0.4869999622689872,-0.000194165208021041,-12.0,0.24320873138081,12.0,-0.001110551269767501,-2.43402896588831e-05,-2.434028985304831e-05,-4.869999622689873e-05,0.001183586668754632,2.43402896588831e-05
1,0.003461100000000827,-0.4845619594261579,-0.000194228896802956,-12.0,0.2419896344255856,12.0,-0.001110738628502809,-2.421838633223885e-05,-2.421838652646774e-05,-4.845619594261579e-05,0.001183408348343795,2.421838633223885e-05
1,0.003461300000000827,-0.4821231913940468,-0.0001942922789329449,-12.0,0.2407701553357012,12.0,-0.001110926023340793,-2.409644476146342e-05,-2.409644495575569e-05,-4.821231913940468e-05,0.001183229949280249,2.409644476146341e-05
1,0.003461500000000828,-0.4796836620237936,-0.000194355354312975,-12.0,0.2395502960368738,12.0,-0.001111113453964484,-2.397446513911868e-05,-2.397446533347403e-05,-4.796836620237937e-05,0.001183051471824646,2.397446513911868e-05
1,0.003461700000000828,-0.477243375167747,-0.0001944181228406283,-12.0,0.2383300584554313,12.0,-0.001111300920056936,-2.38524476578272e-05,-2.385244785224532e-05,-4.77243375167747e-05,0.001182872916237882,2.385244765782719e-05
1,0.003461900000000828,-0.4748023346794636,-0.0001944805844181496,-12.0,0.2371094445182987,12.0,-0.001111488421301248,-2.373039251027169e-05,-2.373039270475227e-05,-4.748023346794636e-05,0.001182694282781064,2.373039251027169e-05
1,0.003462100000000828,-0.4723605444136723,-0.0001945427389490051,-12.0,0.2358884561529852,12.0,-0.001111675957380591,-2.360829988919342e-05,-2.360830008373616e-05,-4.723605444136723e-05,0.001182515571715503,2.360829988919342e-05
1,0.003462300000000828,-0.4699180082262914,-0.0001946045863321921,-12.0,0.2346670952876015,12.0,-0.001111863527978142,-2.348616998739338e-05,-2.348617018199796e-05,-4.699180082262914e-05,0.001182336783302779,2.348616998739337e-05
1,0.0034625000000008278,-0.4674747299744299,-0.0001946661264713989,-12.0,0.2334453638508466,12.0,-0.001112051132777157,-2.33640029977318e-05,-2.336400319239793e-05,-4.6747472997443e-05,0.001182157917804644,2.33640029977318e-05
1,0.0034627000000008283,-0.4650307135163547,-0.0001947273592706744,-12.0,0.2322232637719978,12.0,-0.001112238771460928,-2.324179911312685e-05,-2.32417993078542e-05,-4.650307135163547e-05,0.001181978975483104,2.324179911312684e-05
1,0.003462900000000828,-0.4625859627114894,-0.0001947882846339843,-12.0,0.2310007969809108,12.0,-0.001112426443712792,-2.311955852655448e-05,-2.311955872134277e-05,-4.625859627114894e-05,0.001181799956600383,2.311955852655448e-05
1,0.003463100000000828,-0.4601404814204433,-0.0001948489024606315,-12.0,0.2297779654080416,12.0,-0.001112614149216123,-2.299728143105023e-05,-2.299728162589913e-05,-4.601404814204433e-05,0.00118162086141891,2.299728143105023e-05
1,0.003463300000000829,-0.4576942735049703,-0.0001949092126612151,-12.0,0.2285547709844012,12.0,-0.001112801887654381,-2.287496801970624e-05,-2.287496821461545e-05,-4.576942735049703e-05,0.001181441690201353,2.287496801970624e-05
1,0.0034635000000008288,-0.4552473428279515,-0.000194969215137758,-12.0,0.227331215641577,12.0,-0.001112989658711028,-2.275261848567148e-05,-2.275261868064069e-05,-4.552473428279516e-05,0.001181262443210606,2.275261848567148e-05
1,0.0034637000000008293,-0.4527996932534309,-0.0001950289097952529,-12.0,0.2261073013117335,12.0,-0.001113177462069605,-2.263023302215287e-05,-2.263023321718178e-05,-4.527996932534309e-05,0.001181083120709765,2.263023302215288e-05
1,0.003463900000000829,-0.4503513286465888,-0.0001950882965397749,-12.0,0.2248830299276018,12.0,-0.001113365297413696,-2.250781182241416e-05,-2.250781201750246e-05,-4.503513286465888e-05,0.001180903722962149,2.250781182241416e-05
1,0.003464100000000829,-0.4479022528737207,-0.0001951473752799804,-12.0,0.2236584034224667,12.0,-0.001113553164426934,-2.238535507977466e-05,-2.238535527492204e-05,-4.479022528737207e-05,0.001180724250231323,2.238535507977467e-05
1,0.003464300000000829,-0.4454524698022499,-0.0001952061459196686,-12.0,0.222433423730184,12.0,-0.001113741062793005,-2.226286298761037e-05,-2.226286318281651e-05,-4.454524698022499e-05,0.001180544702781037,2.226286298761036e-05
1,0.003464500000000829,-0.4430019833007288,-0.000195264608367357,-12.0,0.2212080927851673,12.0,-0.001113928992195652,-2.214033573935346e-05,-2.214033593461807e-05,-4.430019833007288e-05,0.001180365080875281,2.214033573935346e-05
1,0.003464700000000829,-0.4405507972388025,-0.0001953227625326737,-12.0,0.2199824125223746,12.0,-0.00111411695231866,-2.201777352849073e-05,-2.201777372381349e-05,-4.405507972388025e-05,0.001180185384778265,2.201777352849073e-05
1,0.00346490000000083,-0.4380989154872273,-0.0001953806083212772,-12.0,0.2187563848773257,12.0,-0.001114304942845881,-2.189517654856469e-05,-2.18951767439453e-05,-4.380989154872274e-05,0.001180005614754408,2.18951765485647e-05
1,0.00346510000000083,-0.4356463419178696,-0.0001954381456428234,-12.0,0.2175300117860891,12.0,-0.001114492963461215,-2.177254499317319e-05,-2.177254518861134e-05,-4.356463419178695e-05,0.001179825771068357,2.177254499317319e-05
1,0.00346530000000083,-0.4331930804036745,-0.0001954953744078558,-12.0,0.2163032951852718,12.0,-0.001114681013848609,-2.164987905596796e-05,-2.164987925146333e-05,-4.331930804036745e-05,0.00117964585398498,2.164987905596796e-05
1,0.00346550000000083,-0.4307391348186652,-0.0001955522945265298,-12.0,0.2150762370120199,12.0,-0.001114869093692065,-2.152717893065464e-05,-2.152717912620694e-05,-4.307391348186652e-05,0.001179465863769345,2.152717893065464e-05
1,0.00346570000000083,-0.4282845090379709,-0.0001956089059046151,-12.0,0.2138488392040395,12.0,-0.001115057202675667,-2.140444481099441e-05,-2.140444500660331e-05,-4.282845090379709e-05,0.001179285800686766,2.140444481099441e-05
1,0.00346590000000083,-0.4258292069377856,-0.0001956652084588728,-12.0,0.2126211036995524,12.0,-0.001115245340483531,-2.128167689080113e-05,-2.128167708646634e-05,-4.258292069377857e-05,0.00117910566500274,2.128167689080113e-05
1,0.00346610000000083,-0.4233732323953469,-0.0001957212020984311,-12.0,0.2113930324373137,12.0,-0.001115433506799841,-2.115887536394122e-05,-2.115887555966242e-05,-4.233732323953468e-05,0.001178925456983008,2.115887536394122e-05
1,0.0034663000000008303,-0.4209165892889907,-0.0001957768867314469,-12.0,0.2101646273566293,12.0,-0.001115621701308821,-2.103604042433608e-05,-2.103604062011297e-05,-4.209165892889908e-05,0.001178745176893526,2.103604042433608e-05
1,0.00346650000000083,-0.4184592814980961,-0.0001958322622758746,-12.0,0.2089358903973116,12.0,-0.001115809923694776,-2.091317226595875e-05,-2.091317246179101e-05,-4.184592814980962e-05,0.00117856482500045,2.091317226595875e-05
1,0.003466700000000831,-0.4160013129030678,-0.000195887328642369,-12.0,0.207706823499697,12.0,-0.001115998173642056,-2.079027108283395e-05,-2.079027127872127e-05,-4.160013129030678e-05,0.001178384401570174,2.079027108283394e-05
1,0.003466900000000831,-0.413542687385391,-0.0001959420857404748,-12.0,0.2064774286046639,12.0,-0.001116186450835072,-2.066733706904043e-05,-2.066733726498253e-05,-4.13542687385391e-05,0.001178203906869298,2.066733706904043e-05
1,0.003467100000000831,-0.4110834088275748,-0.0001959965334897285,-12.0,0.2052477076535875,12.0,-0.001116374754958304,-2.054437041870773e-05,-2.054437061470425e-05,-4.110834088275748e-05,0.001178023341164632,2.054437041870773e-05
1,0.0034673000000008313,-0.408623481113141,-0.0001960506718013677,-12.0,0.2040176625883617,12.0,-0.001116563085696291,-2.042137132601631e-05,-2.042137152206698e-05,-4.08623481113141e-05,0.001177842704723202,2.042137132601631e-05
1,0.003467500000000831,-0.4061629081266574,-0.0001961045005897388,-12.0,0.2027872953513991,12.0,-0.001116751442733616,-2.029833998519888e-05,-2.029834018130338e-05,-4.061629081266574e-05,0.001177661997812267,2.029833998519888e-05
1,0.003467700000000831,-0.4037016937537124,-0.0001961580197701318,-12.0,0.2015566078856208,12.0,-0.001116939825754948,-2.01752765905391e-05,-2.017527678669711e-05,-4.037016937537124e-05,0.001177481220699286,2.017527659053909e-05
1,0.0034679000000008313,-0.4012398418808926,-0.0001962112292603901,-12.0,0.2003256021344434,12.0,-0.001117128234445007,-2.005218133637039e-05,-2.005218153258161e-05,-4.012398418808926e-05,0.001177300373651928,2.005218133637038e-05
1,0.003468100000000831,-0.3987773563957969,-0.0001962641289736666,-12.0,0.1990942800417966,12.0,-0.001117316668488584,-1.992905441707703e-05,-1.992905461334116e-05,-3.987773563957969e-05,0.001177119456938075,1.992905441707703e-05
1,0.003468300000000831,-0.396314241187036,-0.0001963167188275827,-12.0,0.1978626435521094,12.0,-0.001117505127570508,-1.98058960270937e-05,-1.980589622341042e-05,-3.96314241187036e-05,0.00117693847082586,1.98058960270937e-05
1,0.003468500000000832,-0.3938505001441977,-0.0001963689987412309,-12.0,0.196630694610297,12.0,-0.001117693611375713,-1.968270636090382e-05,-1.968270655727282e-05,-3.938505001441977e-05,0.001176757415583561,1.968270636090383e-05
1,0.003468700000000832,-0.391386137157864,-0.0001964209686292906,-12.0,0.1953984351617784,12.0,-0.001117882119589162,-1.955948561304077e-05,-1.955948580946174e-05,-3.913861371578641e-05,0.001176576291479742,1.955948561304077e-05
1,0.0034689000000008323,-0.388921156119611,-0.0001964726284107432,-12.0,0.1941658671524631,12.0,-0.001118070651895908,-1.943623397808739e-05,-1.943623417456001e-05,-3.889211561196111e-05,0.001176395098783131,1.943623397808738e-05
1,0.003469100000000832,-0.3864555609219775,-0.0001965239780056249,-12.0,0.1929329925287405,12.0,-0.001118259207981056,-1.931295165067462e-05,-1.931295184719859e-05,-3.864555609219775e-05,0.001176213837762688,1.931295165067462e-05
1,0.003469300000000832,-0.3839893554584666,-0.0001965750173323066,-12.0,0.1916998132374847,12.0,-0.001118447787529779,-1.91896388254817e-05,-1.918963902205671e-05,-3.839893554584666e-05,0.001176032508687582,1.91896388254817e-05
1,0.003469500000000832,-0.3815225436235572,-0.0001966257463091869,-12.0,0.1904663312260574,12.0,-0.001118636390227332,-1.906629569723665e-05,-1.90662958938624e-05,-3.815225436235572e-05,0.001175851111827188,1.906629569723665e-05
1,0.003469700000000832,-0.3790551293126906,-0.0001966761648566906,-12.0,0.1892325484422986,12.0,-0.001118825015759026,-1.894292246071553e-05,-1.894292265739169e-05,-3.790551293126906e-05,0.001175669647451097,1.894292246071553e-05
1,0.003469900000000832,-0.3765871164222435,-0.0001967262728975461,-12.0,0.1879984668345128,12.0,-0.001119013663810231,-1.881951931074103e-05,-1.88195195074673e-05,-3.765871164222435e-05,0.001175488115829126,1.881951931074103e-05
1,0.003470100000000832,-0.374118508849544,-0.0001967760703497357,-12.0,0.1867640883514867,12.0,-0.001119202334066413,-1.869608644218364e-05,-1.869608663895971e-05,-3.741185088495441e-05,0.00117530651723128,1.869608644218364e-05
1,0.003470300000000833,-0.3716493104928706,-0.0001968255571358629,-12.0,0.185529414942476,12.0,-0.001119391026213074,-1.857262404996119e-05,-1.857262424678674e-05,-3.716493104928706e-05,0.001175124851927788,1.857262404996119e-05
1,0.003470500000000833,-0.3691795252514171,-0.0001968747331797804,-12.0,0.1842944485571915,12.0,-0.00111957973993582,-1.844913232903713e-05,-1.844913252591187e-05,-3.691795252514171e-05,0.001174943120189082,1.844913232903713e-05
1,0.003470700000000833,-0.36670915702531,-0.0001969235984011913,-12.0,0.1830591911458173,12.0,-0.001119768474920301,-1.832561147442184e-05,-1.832561167134545e-05,-3.667091570253101e-05,0.001174761322285812,1.832561147442185e-05
1,0.003470900000000833,-0.3642382097156084,-0.0001969721527239482,-12.0,0.1818236446589968,12.0,-0.001119957230852266,-1.820206168117207e-05,-1.820206187814422e-05,-3.642382097156085e-05,0.001174579458488829,1.820206168117207e-05
1,0.003471100000000833,-0.3617666872242677,-0.000197020396073555,-12.0,0.1805878110478195,12.0,-0.001120146007417507,-1.807848314438931e-05,-1.807848334140971e-05,-3.617666872242678e-05,0.001174397529069202,1.807848314438931e-05
1,0.0034713000000008327,-0.359294593454158,-0.0001970683283710334,-12.0,0.1793516922638392,12.0,-0.001120334804301903,-1.795487605922102e-05,-1.795487625628935e-05,-3.59294593454158e-05,0.001174215534298206,1.795487605922102e-05
1,0.0034715000000008333,-0.3568219323090632,-0.0001971159495418734,-12.0,0.1781152902590593,12.0,-0.001120523621191413,-1.783124062086012e-05,-1.783124081797607e-05,-3.568219323090632e-05,0.001174033474447313,1.783124062086012e-05
1,0.003471700000000833,-0.3543487076936449,-0.0001971632595128975,-12.0,0.1768786069859205,12.0,-0.001120712457772056,-1.770757702454334e-05,-1.77075772217066e-05,-3.543487076936449e-05,0.001173851349788237,1.770757702454334e-05
1,0.003471900000000833,-0.3518749235134659,-0.0001972102582059321,-12.0,0.1756416443973215,12.0,-0.001120901313729952,-1.758388546555275e-05,-1.7583885662763e-05,-3.51874923513466e-05,0.00117366916059284,1.758388546555275e-05
1,0.003472100000000834,-0.3494005836749685,-0.0001972569455511441,-12.0,0.1744044044465881,12.0,-0.001121090188751245,-1.746016613921393e-05,-1.746016633647087e-05,-3.494005836749684e-05,0.001173486907133269,1.746016613921392e-05
1,0.0034723000000008337,-0.3469256920854693,-0.0001973033214712899,-12.0,0.1731668890874945,12.0,-0.001121279082522218,-1.733641924089658e-05,-1.73364194381999e-05,-3.469256920854693e-05,0.001173304589681817,1.733641924089658e-05
1,0.0034725000000008343,-0.344450252653171,-0.0001973493858945657,-12.0,0.1719291002742498,12.0,-0.001121467994729178,-1.721264496601444e-05,-1.721264516336382e-05,-3.444502526531711e-05,0.001173122208511002,1.721264496601444e-05
1,0.003472700000000834,-0.3419742692871223,-0.00019739513875007,-12.0,0.1706910399614847,12.0,-0.001121656925058528,-1.708884351002348e-05,-1.708884370741861e-05,-3.419742692871224e-05,0.001172939763893571,1.708884351002347e-05
1,0.003472900000000834,-0.3394977458972426,-0.0001974405799622103,-12.0,0.1694527101042722,12.0,-0.001121845873196772,-1.696501506842344e-05,-1.696501526586402e-05,-3.394977458972427e-05,0.001172757256102438,1.696501506842344e-05
1,0.003473100000000834,-0.3370206863942997,-0.0001974857094636517,-12.0,0.1682141126580972,12.0,-0.001122034838830454,-1.684115983675609e-05,-1.68411600342418e-05,-3.370206863942997e-05,0.001172574685410759,1.684115983675609e-05
1,0.003473300000000834,-0.3345430946899045,-0.0001975305271793987,-12.0,0.1669752495788778,12.0,-0.001122223821646215,-1.671727801060573e-05,-1.671727820813625e-05,-3.345430946899045e-05,0.001172392052091863,1.671727801060572e-05
1,0.003473500000000834,-0.332064974696524,-0.0001975750330402287,-12.0,0.1657361228229513,12.0,-0.001122412821330784,-1.659336978559915e-05,-1.659336998317419e-05,-3.320649746965241e-05,0.001172209356419318,1.659336978559916e-05
1,0.003473700000000834,-0.3295863303274398,-0.0001976192269777799,-12.0,0.164496734347061,12.0,-0.001122601837570947,-1.646943535740387e-05,-1.64694355550231e-05,-3.295863303274399e-05,0.00117202659866688,1.646943535740388e-05
1,0.003473900000000835,-0.3271071654967733,-0.0001976631089187775,-12.0,0.1632570861083774,12.0,-0.001122790870053594,-1.634547492172962e-05,-1.634547511939273e-05,-3.271071654967733e-05,0.001171843779108492,1.634547492172962e-05
1,0.003474100000000835,-0.3246274841194635,-0.0001977066787983844,-12.0,0.1620171800644674,12.0,-0.001122979918465678,-1.622148867432658e-05,-1.622148887203326e-05,-3.246274841194635e-05,0.001171660898018342,1.622148867432657e-05
1,0.003474300000000835,-0.3221472901112615,-0.0001977499365441032,-12.0,0.1607770181733152,12.0,-0.001123168982494243,-1.609747681098594e-05,-1.609747700873587e-05,-3.221472901112615e-05,0.001171477955670786,1.609747681098593e-05
1,0.003474500000000835,-0.319666587388744,-0.0001977928820891678,-12.0,0.1595366023933094,12.0,-0.001123358061826406,-1.597343952753986e-05,-1.597343972533275e-05,-3.196665873887441e-05,0.001171294952340408,1.597343952753986e-05
1,0.003474700000000835,-0.3171853798692708,-0.0001978355153676448,-12.0,0.1582959346832288,12.0,-0.001123547156149391,-1.584937701985964e-05,-1.584937721769516e-05,-3.171853798692709e-05,0.001171111888301967,1.584937701985964e-05
1,0.003474900000000835,-0.3147036714710061,-0.0001978778363094791,-12.0,0.1570550170022605,12.0,-0.001123736265150478,-1.572528948385699e-05,-1.572528968173483e-05,-3.147036714710061e-05,0.001170928763830466,1.572528948385699e-05
1,0.0034751000000008353,-0.3122214661129165,-0.0001979198448489733,-12.0,0.1558138513099863,12.0,-0.001123925388517043,-1.560117711548353e-05,-1.560117731340338e-05,-3.122214661129165e-05,0.001170745579201068,1.560117711548353e-05
1,0.003475300000000835,-0.3097387677147355,-0.000197961540921901,-12.0,0.1545724395663695,12.0,-0.00112411452593654,-1.547704011072913e-05,-1.547704030869068e-05,-3.097387677147355e-05,0.001170562334689162,1.547704011072914e-05
1,0.003475500000000836,-0.307255580196981,-0.0001980029244594977,-12.0,0.153330783731772,12.0,-0.001124303677096521,-1.535287866562315e-05,-1.535287886362608e-05,-3.07255580196981e-05,0.001170379030570342,1.535287866562315e-05
1,0.003475700000000836,-0.3047719074809557,-0.0001980439953976898,-12.0,0.1520888857669414,12.0,-0.001124492841684623,-1.522869297623391e-05,-1.52286931742779e-05,-3.047719074809557e-05,0.001170195667120379,1.522869297623391e-05
1,0.003475900000000836,-0.3022877534887101,-0.0001980847536736802,-12.0,0.150846747632997,12.0,-0.001124682019388539,-1.510448323866707e-05,-1.510448343675182e-05,-3.022877534887101e-05,0.001170012244615279,1.510448323866707e-05
1,0.0034761000000008363,-0.2998031221430608,-0.0001981251992201755,-12.0,0.1496043712914482,12.0,-0.001124871209896093,-1.498024964906683e-05,-1.498024984719203e-05,-2.998031221430608e-05,0.001169828763331221,1.498024964906684e-05
1,0.003476300000000836,-0.2973180173675904,-0.0001981653319745452,-12.0,0.1483617587041801,12.0,-0.001125060412895165,-1.485599240361546e-05,-1.485599260178079e-05,-2.973180173675904e-05,0.001169645223544607,1.485599240361546e-05
1,0.003476500000000836,-0.2948324430866153,-0.0001982051518746586,-12.0,0.1471189118334441,12.0,-0.001125249628073734,-1.473171169853188e-05,-1.473171189673703e-05,-2.948324430866153e-05,0.001169461625532013,1.473171169853188e-05
1,0.0034767000000008362,-0.292346403225189,-0.000198244658857441,-12.0,0.1458758326418617,12.0,-0.001125438855119868,-1.460740773007192e-05,-1.460740792831658e-05,-2.92346403225189e-05,0.001169277969570242,1.460740773007192e-05
1,0.003476900000000836,-0.2898599017091109,-0.000198283852859249,-12.0,0.1446325230924281,12.0,-0.00112562809372173,-1.448308069452873e-05,-1.448308089281258e-05,-2.898599017091109e-05,0.001169094255936271,1.448308069452873e-05
1,0.003477100000000836,-0.2873729424649151,-0.0001983227338187149,-12.0,0.1433889851485021,12.0,-0.001125817343567564,-1.435873078823208e-05,-1.435873098655482e-05,-2.873729424649151e-05,0.00116891048490729,1.435873078823208e-05
1,0.003477300000000837,-0.2848855294198422,-0.0001983613016767471,-12.0,0.142145220773793,12.0,-0.001126006604345697,-1.423435820754698e-05,-1.423435840590828e-05,-2.848855294198422e-05,0.0011687266567607,1.423435820754698e-05
1,0.003477500000000837,-0.2823976665018557,-0.0001983995563694663,-12.0,0.140901231932378,12.0,-0.001126195875744564,-1.410996314887475e-05,-1.410996334727431e-05,-2.823976665018557e-05,0.001168542771774075,1.410996314887475e-05
1,0.0034777000000008372,-0.2799093576396408,-0.0001984374978377529,-12.0,0.1396570205886888,12.0,-0.001126385157452682,-1.398554580865266e-05,-1.398554600709015e-05,-2.799093576396408e-05,0.001168358830225199,1.398554580865266e-05
1,0.003477900000000837,-0.2774206067625696,-0.0001984751260237227,-12.0,0.1384125887074979,12.0,-0.001126574449158662,-1.386110638335217e-05,-1.386110658182729e-05,-2.774206067625696e-05,0.00116817483239205,1.386110638335217e-05
1,0.003478100000000837,-0.2749314178007172,-0.000198512440865023,-12.0,0.1371679382539366,12.0,-0.001126763750551206,-1.373664506948017e-05,-1.373664526799261e-05,-2.749314178007172e-05,0.00116799077855282,1.373664506948017e-05
1,0.003478300000000837,-0.2724417946848637,-0.0001985494423039774,-12.0,0.1359230711934814,12.0,-0.001126953061319106,-1.361216206357854e-05,-1.361216226212799e-05,-2.724417946848637e-05,0.001167806668985874,1.361216206357854e-05
1,0.003478500000000837,-0.2699517413464558,-0.0001985861302841868,-12.0,0.1346779894919403,12.0,-0.001127142381151259,-1.348765756222245e-05,-1.348765776080858e-05,-2.699517413464558e-05,0.001167622503969783,1.348765756222245e-05
1,0.003478700000000837,-0.2674612617176257,-0.0001986225047447832,-12.0,0.1334326951154707,12.0,-0.001127331709736654,-1.336313176202155e-05,-1.336313196064405e-05,-2.674612617176258e-05,0.001167438283783313,1.336313176202155e-05
1,0.003478900000000837,-0.2649703597311921,-0.0001986585656296586,-12.0,0.1321871900305659,12.0,-0.00112752104676435,-1.323858485961956e-05,-1.323858505827812e-05,-2.649703597311921e-05,0.00116725400870544,1.323858485961956e-05
1,0.003479100000000838,-0.2624790393206254,-0.0001986943128829965,-12.0,0.1309414762040451,12.0,-0.001127710391923543,-1.311401705169281e-05,-1.311401725038712e-05,-2.624790393206254e-05,0.001167069679015309,1.311401705169281e-05
1,0.003479300000000838,-0.2599873044200477,-0.000198729746448828,-12.0,0.1296955556030532,12.0,-0.001127899744903495,-1.29894285349502e-05,-1.298942873367995e-05,-2.599873044200477e-05,0.001166885294992278,1.29894285349502e-05
1,0.003479500000000838,-0.2574951589642636,-0.0001987648662667291,-12.0,0.128449430195083,12.0,-0.001128089105393564,-1.286481950613498e-05,-1.286481970489984e-05,-2.574951589642636e-05,0.001166700856915903,1.286481950613498e-05
1,0.003479700000000838,-0.2550026068887154,-0.0001987996722874752,-12.0,0.1272031019479298,12.0,-0.001128278473083232,-1.274019016202173e-05,-1.27401903608214e-05,-2.550026068887154e-05,0.001166516365065918,1.274019016202173e-05
1,0.003479900000000838,-0.252509652129463,-0.0001988341644540564,-12.0,0.1259565728297087,12.0,-0.001128467847662046,-1.261554069941628e-05,-1.261554089825045e-05,-2.52509652129463e-05,0.001166331819722262,1.261554069941628e-05
1,0.0034801000000008377,-0.2500162986232392,-0.0001988683427083526,-12.0,0.1247098448088736,12.0,-0.001128657228819671,-1.24908713151582e-05,-1.249087151402654e-05,-2.500162986232392e-05,0.00116614722116507,1.24908713151582e-05
1,0.0034803000000008383,-0.2475225503073933,-0.0001989022070023466,-12.0,0.1234629198541711,12.0,-0.001128846616245868,-1.236618220611735e-05,-1.236618240501955e-05,-2.475225503073933e-05,0.001165962569674658,1.236618220611734e-05
1,0.003480500000000838,-0.2450284111198796,-0.0001989357572798889,-12.0,0.1222157999346624,12.0,-0.001129036009630487,-1.224147356919423e-05,-1.224147376812998e-05,-2.450284111198796e-05,0.001165777865531549,1.224147356919423e-05
1,0.003480700000000838,-0.2425338849992896,-0.0001989689934875777,-12.0,0.1209684870197235,12.0,-0.0011292254086635,-1.211674560132111e-05,-1.21167458002901e-05,-2.425338849992896e-05,0.001165593109016445,1.211674560132111e-05
1,0.003480900000000839,-0.2400389758848286,-0.0001990019155731493,-12.0,0.1197209830790354,12.0,-0.001129414813034947,-1.199199849946086e-05,-1.199199869846277e-05,-2.400389758848287e-05,0.001165408300410257,1.199199849946086e-05
1,0.0034811000000008387,-0.2375436877162917,-0.0001990345234870045,-12.0,0.1184732900825701,12.0,-0.001129604222435002,-1.186723246060571e-05,-1.186723265964023e-05,-2.375436877162917e-05,0.001165223439994067,1.186723246060571e-05
1,0.0034813000000008393,-0.2350480244340775,-0.0001990668171747145,-12.0,0.1172254100006085,12.0,-0.001129793636553912,-1.174244768177832e-05,-1.174244788084514e-05,-2.350480244340775e-05,0.001165038528049171,1.174244768177832e-05
1,0.003481500000000839,-0.2325519899791896,-0.0001990987965864305,-12.0,0.1159773448037272,12.0,-0.001129983055082056,-1.161764436003136e-05,-1.161764455913016e-05,-2.325519899791896e-05,0.001164853564857026,1.161764436003136e-05
1,0.003481700000000839,-0.2300555882931991,-0.0001991304616736633,-12.0,0.1147290964627845,12.0,-0.001130172477709884,-1.149282269244581e-05,-1.149282289157627e-05,-2.300555882931991e-05,0.001164668550699315,1.149282269244581e-05
1,0.003481900000000839,-0.2275588233182635,-0.0001991618123835526,-12.0,0.1134806669489383,12.0,-0.001130361904127977,-1.136798287613219e-05,-1.1367983075294e-05,-2.275588233182635e-05,0.001164483485857881,1.136798287613219e-05
1,0.003482100000000839,-0.2250616989971258,-0.0001991928486677202,-12.0,0.1122320582336328,12.0,-0.001130551334026999,-1.124312510823006e-05,-1.124312530742291e-05,-2.250616989971258e-05,0.001164298370614774,1.124312510823006e-05
1,0.003482300000000839,-0.2225642192730832,-0.0001992235704784684,-12.0,0.1109832722885882,12.0,-0.001130740767097731,-1.111824958590666e-05,-1.111824978513024e-05,-2.225642192730832e-05,0.00116411320525223,1.111824958590667e-05
1,0.003482500000000839,-0.2200663880899842,-0.0001992539777677382,-12.0,0.1097343110858007,12.0,-0.001130930203031047,-1.099335650635684e-05,-1.099335670561082e-05,-2.200663880899842e-05,0.001163927990052672,1.099335650635684e-05
1,0.00348270000000084,-0.2175682093922594,-0.0001992840704828497,-12.0,0.1084851765975647,12.0,-0.001131119641517943,-1.086844606680476e-05,-1.086844626608883e-05,-2.175682093922594e-05,0.001163742725298707,1.086844606680476e-05
1,0.00348290000000084,-0.215069687124879,-0.0001993138485826135,-12.0,0.1072358707964271,12.0,-0.001131309082249506,-1.074351846450097e-05,-1.074351866381482e-05,-2.15069687124879e-05,0.001163557411273145,1.074351846450097e-05
1,0.00348310000000084,-0.2125708252333302,-0.00019934331201793,-12.0,0.1059863956552051,12.0,-0.001131498524916938,-1.061857389672231e-05,-1.061857409606562e-05,-2.125708252333303e-05,0.001163372048258962,1.06185738967223e-05
1,0.00348330000000084,-0.2100716276636745,-0.0001993724607386449,-12.0,0.1047367531470046,12.0,-0.001131687969211542,-1.049361256077433e-05,-1.049361276014679e-05,-2.100716276636745e-05,0.001163186636539346,1.049361256077433e-05
1,0.00348350000000084,-0.2075720983624893,-0.000199401294704582,-12.0,0.1034869452451748,12.0,-0.001131877414824737,-1.036863465398794e-05,-1.036863485338924e-05,-2.075720983624893e-05,0.001163001176397645,1.036863465398794e-05
1,0.0034837000000008398,-0.2050722412768576,-0.0001994298138675993,-12.0,0.1022369739233293,12.0,-0.001132066861448041,-1.024364037371969e-05,-1.02436405731495e-05,-2.050722412768577e-05,0.001162815668117422,1.024364037371969e-05
1,0.0034839000000008403,-0.2025720603544008,-0.0001994580181821359,-12.0,0.100986841155347,12.0,-0.001132256308773083,-1.011862991735291e-05,-1.011863011681093e-05,-2.025720603544008e-05,0.001162630111982402,1.011862991735291e-05
1,0.00348410000000084,-0.2000715595432536,-0.000199485907604019,-12.0,0.0997365489153617,12.0,-0.001132445756491605,-9.99360348229657e-06,-9.993603681782478e-06,-2.000715595432536e-05,0.001162444508276515,9.993603482296573e-06
1,0.003484300000000841,-0.1975707427920406,-0.0001995134820913791,-12.0,0.09848609917774845,12.0,-0.001132635204295455,-9.868561265983986e-06,-9.868561465497463e-06,-1.975707427920407e-05,0.001162258857283868,9.868561265983984e-06
1,0.003484500000000841,-0.1950696140498915,-0.0001995407415977951,-12.0,0.0972354939171416,12.0,-0.001132824651876599,-9.743503465873942e-06,-9.743503665414683e-06,-1.950696140498915e-05,0.001162073159288743,9.74350346587394e-06
1,0.0034847000000008408,-0.1925681772664402,-0.0001995676860813977,-12.0,0.09598473510842111,12.0,-0.001133014098927096,-9.618430279450252e-06,-9.618430479017938e-06,-1.925681772664402e-05,0.001161887414575626,9.618430279450252e-06
1,0.0034849000000008413,-0.1900664363917887,-0.0001995943155015945,-12.0,0.09473382472669878,12.0,-0.001133203545139135,-9.49334190422004e-06,-9.493342103814355e-06,-1.900664363917887e-05,0.001161701623429174,9.493341904220038e-06
1,0.003485100000000841,-0.1875643953765257,-0.0001996206298134767,-12.0,0.09348276474733637,12.0,-0.001133392990205014,-9.368238537714984e-06,-9.368238737335613e-06,-1.875643953765258e-05,0.001161515786134231,9.368238537714985e-06
1,0.003485300000000841,-0.1850620581717262,-0.0001996466289765977,-12.0,0.09223155714593191,12.0,-0.001133582433817127,-9.243120377490854e-06,-9.243120577137479e-06,-1.850620581717262e-05,0.001161329902975827,9.243120377490852e-06
1,0.0034855000000008412,-0.1825594287289137,-0.0001996723129518915,-12.0,0.09098020389830591,12.0,-0.001133771875668004,-9.117987621125782e-06,-9.117987820798091e-06,-1.825594287289137e-05,0.001161143974239172,9.117987621125782e-06
1,0.003485700000000841,-0.1800565110000854,-0.0001996976816952337,-12.0,0.08972870698052303,12.0,-0.001133961315450271,-8.992840466221827e-06,-8.99284066591951e-06,-1.800565110000854e-05,0.001160958000209661,8.992840466221827e-06
1,0.003485900000000841,-0.1775533089376888,-0.0001997227351709444,-12.0,0.08847706836886064,12.0,-0.001134150752856678,-8.867679110403161e-06,-8.867679310125895e-06,-1.775533089376889e-05,0.001160771981172874,8.86767911040316e-06
1,0.003486100000000842,-0.1750498264946225,-0.0001997474733349963,-12.0,0.08722529003983404,12.0,-0.001134340187580086,-8.742503751316904e-06,-8.742503951064376e-06,-1.750498264946225e-05,0.001160585917414562,8.742503751316904e-06
1,0.003486300000000842,-0.1725460676242269,-0.0001997718961530143,-12.0,0.08597337397016498,12.0,-0.001134529619313472,-8.617314586631798e-06,-8.617314786403696e-06,-1.725460676242269e-05,0.001160399809220671,8.6173145866318e-06
1,0.0034865000000008422,-0.1700420362802747,-0.0001997960035826224,-12.0,0.08472132213680338,12.0,-0.001134719047749927,-8.4921118140386e-06,-8.492112013834605e-06,-1.700420362802747e-05,0.001160213656877319,8.4921118140386e-06
1,0.003486700000000842,-0.1675377364169844,-0.0001998197955871694,-12.0,0.08346913651691351,12.0,-0.001134908472582657,-8.366895631250066e-06,-8.366895831069863e-06,-1.675377364169844e-05,0.001160027460670808,8.366895631250068e-06
1,0.003486900000000842,-0.165033171988979,-0.0001998432721309965,-12.0,0.0822168190878603,12.0,-0.00113509789350499,-8.241666235999132e-06,-8.241666435842404e-06,-1.650331719889791e-05,0.001159841220887616,8.241666235999129e-06
1,0.003487100000000842,-0.1625283469513061,-0.0001998664331741701,-12.0,0.08096437182722746,12.0,-0.00113528731021037,-8.116423826040163e-06,-8.116424025906597e-06,-1.625283469513061e-05,0.001159654937814411,8.116423826040163e-06
1,0.003487300000000842,-0.1600232652594367,-0.0001998892786812256,-12.0,0.07971179671280369,12.0,-0.001135476722392351,-7.991168599148494e-06,-7.991168799037772e-06,-1.600232652594367e-05,0.001159468611738029,7.991168599148492e-06
1,0.0034875000000008424,-0.1575179308692284,-0.0001999118086180862,-12.0,0.07845909572256901,12.0,-0.001135666129744613,-7.86590075311871e-06,-7.865900953030517e-06,-1.575179308692284e-05,0.001159282242945495,7.86590075311871e-06
1,0.003487700000000842,-0.155012347736945,-0.0001999340229463034,-12.0,0.0772062708347128,12.0,-0.001135855531960954,-7.740620485765909e-06,-7.740620685699933e-06,-1.55012347736945e-05,0.001159095831724003,7.740620485765912e-06
1,0.003487900000000843,-0.1525065198192543,-0.0001999559216318697,-12.0,0.07595332402762012,12.0,-0.001136044928735289,-7.615327994925197e-06,-7.615328194881122e-06,-1.525065198192543e-05,0.001158909378360933,7.615327994925199e-06
1,0.003488100000000843,-0.1500004510731925,-0.0001999775046422,-12.0,0.07470025727985789,12.0,-0.00113623431976166,-7.490023478450008e-06,-7.490023678427513e-06,-1.500004510731925e-05,0.001158722883143838,7.490023478450009e-06
1,0.003488300000000843,-0.1474941454561874,-0.0001999987719395538,-12.0,0.07344707257019664,12.0,-0.001136423704734213,-7.364707134213619e-06,-7.364707334212392e-06,-1.474941454561874e-05,0.001158536346360454,7.364707134213619e-06
1,0.0034885000000008434,-0.1449876069260369,-0.0002000197234948084,-12.0,0.07219377187757901,12.0,-0.001136613083347234,-7.239379160107386e-06,-7.239379360127105e-06,-1.449876069260369e-05,0.001158349768298685,7.239379160107382e-06
1,0.003488700000000843,-0.1424808394409032,-0.0002000403592710975,-12.0,0.07094035718114139,12.0,-0.001136802455295116,-7.114039754041248e-06,-7.114039954081607e-06,-1.424808394409032e-05,0.00115816314924662,7.114039754041249e-06
1,0.003488900000000843,-0.1399738469593258,-0.0002000606792372725,-12.0,0.06968683046020023,12.0,-0.001136991820272386,-6.988689113943749e-06,-6.988689314004428e-06,-1.399738469593258e-05,0.00115797648949252,6.98868911394375e-06
1,0.0034891000000008433,-0.1374666334401793,-0.000200080683363052,-12.0,0.06843319369423823,12.0,-0.00113718117797368,-6.863327437760128e-06,-6.863327637840811e-06,-1.374666334401793e-05,0.001157789789324823,6.863327437760128e-06
1,0.003489300000000843,-0.1349592028426946,-0.0002001003716140537,-12.0,0.0671794488629225,12.0,-0.001137370528093773,-6.737954923453657e-06,-6.737955123554028e-06,-1.349592028426946e-05,0.00115760304903214,6.737954923453655e-06
1,0.003489500000000843,-0.1324515591264574,-0.0002001197439602878,-12.0,0.06592559794609082,12.0,-0.001137559870327545,-6.612571769005109e-06,-6.612571969124856e-06,-1.324515591264574e-05,0.001157416268903263,6.612571769005111e-06
1,0.003489700000000844,-0.129943706251371,-0.0002001388003730967,-12.0,0.06467164292373782,12.0,-0.00113774920437002,-6.487178172411092e-06,-6.487178372549894e-06,-1.29943706251371e-05,0.001157229449227149,6.487178172411093e-06
1,0.003489900000000844,-0.1274356481776804,-0.0002001575408187017,-12.0,0.06341758577603675,12.0,-0.001137938529916328,-6.361774331685549e-06,-6.361774531843086e-06,-1.274356481776804e-05,0.00115704259029294,6.361774331685545e-06
1,0.0034901000000008443,-0.1249273888659511,-0.0002001759652719981,-12.0,0.06216342848330792,12.0,-0.001138127846661736,-6.236360444857993e-06,-6.236360645033958e-06,-1.249273888659512e-05,0.001156855692389943,6.236360444857992e-06
1,0.003490300000000844,-0.1224189322770675,-0.000200194073699346,-12.0,0.06090917302604398,12.0,-0.001138317154301629,-6.110936709974332e-06,-6.110936910168408e-06,-1.224189322770675e-05,0.001156668755807643,6.110936709974333e-06
1,0.003490500000000844,-0.1199102823722247,-0.0002002118660768479,-12.0,0.05965482138487841,12.0,-0.00113850645253153,-5.985503325095526e-06,-5.985503525307393e-06,-1.199102823722247e-05,0.001156481780835693,5.985503325095526e-06
1,0.003490700000000844,-0.1174014431129188,-0.0002002293423725363,-12.0,0.0584003755406072,12.0,-0.001138695741047074,-5.860060488297973e-06,-5.860060688527317e-06,-1.174014431129189e-05,0.001156294767763925,5.860060488297974e-06
1,0.003490900000000844,-0.1148924184609612,-0.0002002465025602793,-12.0,0.05714583747417513,12.0,-0.001138885019544035,-5.734608397673542e-06,-5.734608597920045e-06,-1.148924184609612e-05,0.001156107716882337,5.734608397673541e-06
1,0.003491100000000844,-0.1123832123784352,-0.0002002633466147846,-12.0,0.05589120916666193,12.0,-0.001139074287718306,-5.60914725132767e-06,-5.609147451591019e-06,-1.123832123784352e-05,0.001155920628481102,5.609147251327672e-06
1,0.003491300000000844,-0.1098738288277184,-0.0002002798745066314,-12.0,0.05463649259930051,12.0,-0.001139263545265909,-5.483677247380713e-06,-5.48367744766059e-06,-1.098738288277184e-05,0.001155733502850566,5.483677247380715e-06
1,0.003491500000000845,-0.1073642717714803,-0.0002002960862107495,-12.0,0.05338168975346314,12.0,-0.001139452791883005,-5.358198583967389e-06,-5.358198784263475e-06,-1.073642717714802e-05,0.001155546340281233,5.35819858396739e-06
1,0.003491700000000845,-0.1048545451726458,-0.0002003119817035881,-12.0,0.0521268026106477,12.0,-0.001139642027265869,-5.23271145923513e-06,-5.232711659547111e-06,-1.048545451726458e-05,0.001155359141063801,5.232711459235129e-06
1,0.003491900000000845,-0.1023446529944139,-0.000200327560957024,-12.0,0.05087183315249581,12.0,-0.001139831251110918,-5.107216071345286e-06,-5.107216271672845e-06,-1.023446529944139e-05,0.001155171905489113,5.107216071345284e-06
1,0.003492100000000845,-0.09983459920025763,-0.0002003428239476385,-12.0,0.04961678336077911,12.0,-0.001140020463114693,-4.981712618472675e-06,-4.981712818815499e-06,-9.983459920025764e-06,0.001154984633848196,4.981712618472676e-06
1,0.003492300000000845,-0.09732438775388601,-0.0002003577706532547,-12.0,0.04836165521738542,12.0,-0.001140209662973864,-4.856201298803867e-06,-4.856201499161637e-06,-9.732438775388601e-06,0.001154797326432242,4.856201298803868e-06
1,0.0034925000000008448,-0.094814022619264,-0.0002003724010473662,-12.0,0.04710645070433695,12.0,-0.00114039885038524,-4.730682310538432e-06,-4.730682510910832e-06,-9.4814022619264e-06,0.00115460998353261,4.730682310538432e-06
1,0.0034927000000008453,-0.09230350776061123,-0.0002003867151079662,-12.0,0.04585117180377651,12.0,-0.001140588025045753,-4.605155851888446e-06,-4.605156052275164e-06,-9.230350776061124e-06,0.001154422605440832,4.605155851888447e-06
1,0.003492900000000845,-0.08979284714236964,-0.0002004007128136066,-12.0,0.04459582049795727,12.0,-0.001140777186652474,-4.47962212107709e-06,-4.479622321477802e-06,-8.979284714236965e-06,0.001154235192448604,4.479622121077089e-06
1,0.003493100000000845,-0.08728204472920213,-0.0002004143941426173,-12.0,0.0433403987692432,12.0,-0.001140966334902602,-4.354081316338582e-06,-4.354081516752976e-06,-8.728204472920214e-06,0.001154047744847786,4.354081316338582e-06
1,0.003493300000000846,-0.08477110448602292,-0.0002004277590687345,-12.0,0.04208490860013076,12.0,-0.001141155469493472,-4.228533635919948e-06,-4.228533836347709e-06,-8.477110448602292e-06,0.001153860262930411,4.22853363591995e-06
1,0.0034935000000008458,-0.0822600303779539,-0.0002004408075771021,-12.0,0.04082935197320321,12.0,-0.001141344590122551,-4.102979278078033e-06,-4.102979478518841e-06,-8.22600303779539e-06,0.001153672746988674,4.102979278078031e-06
1,0.0034937000000008463,-0.07974882637030799,-0.000200453539644211,-12.0,0.03957373087115228,12.0,-0.001141533696487444,-3.977418441079652e-06,-3.977418641533189e-06,-7.974882637030799e-06,0.001153485197314939,3.97741844107965e-06
1,0.003493900000000846,-0.07723749642862489,-0.0002004659552495014,-12.0,0.03831804727677864,12.0,-0.001141722788285883,-3.851851323202814e-06,-3.85185152366877e-06,-7.723749642862488e-06,0.001153297614201734,3.851851323202814e-06
1,0.003494100000000846,-0.07472604451864512,-0.0002004780543735964,-12.0,0.03706230317298163,12.0,-0.001141911865215742,-3.726278122735524e-06,-3.726278323213576e-06,-7.472604451864512e-06,0.001153109997941753,3.726278122735523e-06
1,0.003494300000000846,-0.07221447460628656,-0.000200489836999624,-12.0,0.03580650054274548,12.0,-0.001142100926975031,-3.600699037974512e-06,-3.600699238464347e-06,-7.221447460628657e-06,0.001152922348827851,3.60069903797451e-06
1,0.003494500000000846,-0.06970279065765898,-0.0002005013031059627,-12.0,0.03455064136915752,12.0,-0.00114228997326189,-3.47511426722635e-06,-3.475114467727651e-06,-6.970279065765899e-06,0.001152734667153052,3.475114267226348e-06
1,0.003494700000000846,-0.06719099663906457,-0.0002005124526756122,-12.0,0.03329472763539434,12.0,-0.001142479003774601,-3.349524008806996e-06,-3.349524209319448e-06,-6.719099663906457e-06,0.001152546953210541,3.349524008806996e-06
1,0.003494900000000847,-0.06467909651696055,-0.000200523285692894,-12.0,0.03203876132470808,12.0,-0.001142668018211583,-3.223928461040099e-06,-3.223928661563383e-06,-6.467909651696055e-06,0.001152359207293666,3.223928461040097e-06
1,0.003495100000000847,-0.06216709425797833,-0.0002005338021377583,-12.0,0.03078274442044451,12.0,-0.001142857016271392,-3.098327822258227e-06,-3.098328022792028e-06,-6.216709425797833e-06,0.001152171429695939,3.098327822258226e-06
1,0.003495300000000847,-0.05965499382892288,-0.0002005440019947381,-12.0,0.02952667890602931,12.0,-0.001143045997652718,-2.972722290802404e-06,-2.972722491346407e-06,-5.965499382892288e-06,0.001151983620711033,2.972722290802405e-06
1,0.003495500000000847,-0.05714279919673989,-0.0002005538852488352,-12.0,0.02827056676495784,12.0,-0.001143234962054395,-2.847112065020668e-06,-2.847112265574553e-06,-5.714279919673989e-06,0.001151795780632787,2.847112065020668e-06
1,0.003495700000000847,-0.05463051432851469,-0.0002005634518848776,-12.0,0.02701440998079551,12.0,-0.001143423909175399,-2.721497343268041e-06,-2.721497543831491e-06,-5.463051432851469e-06,0.001151607909755194,2.721497343268039e-06
1,0.003495900000000847,-0.05211814319150225,-0.0002005727018830304,-12.0,0.02575821053719956,12.0,-0.001143612838714834,-2.595878323908261e-06,-2.595878524480961e-06,-5.211814319150225e-06,0.001151420008372415,2.595878323908259e-06
1,0.003496100000000847,-0.04960568975308432,-0.0002005816352350261,-12.0,0.02450197041787327,12.0,-0.001143801750371955,-2.470255205310831e-06,-2.470255405892465e-06,-4.960568975308432e-06,0.001151232076778769,2.47025520531083e-06
1,0.0034963000000008473,-0.04709315798074686,-0.0002005902519245061,-12.0,0.02324569160658415,12.0,-0.001143990643846156,-2.344628185850868e-06,-2.344628386441117e-06,-4.709315798074686e-06,0.001151044115268732,2.344628185850866e-06
1,0.003496500000000847,-0.04458055184213769,-0.0002005985519341179,-12.0,0.02198937608718214,12.0,-0.001144179518836967,-2.218997463911627e-06,-2.218997664510178e-06,-4.458055184213769e-06,0.001150856124136945,2.218997463911626e-06
1,0.003496700000000848,-0.04206787530500839,-0.0002006065352566817,-12.0,0.02073302584355382,12.0,-0.001144368375044064,-2.093363237881052e-06,-2.093363438487585e-06,-4.206787530500839e-06,0.001150668103678208,2.09336323788105e-06
1,0.003496900000000848,-0.03955513233720273,-0.0002006142018767896,-12.0,0.01947664285964416,12.0,-0.001144557212167262,-1.967725706152095e-06,-1.967725906766297e-06,-3.955513233720273e-06,0.001150480054187473,1.967725706152095e-06
1,0.003497100000000848,-0.03704232690669029,-0.0002006215517818041,-12.0,0.01822022911945692,12.0,-0.001144746029906524,-1.842085067123875e-06,-1.842085267745424e-06,-3.70423269066903e-06,0.001150291975959858,1.842085067123873e-06
1,0.0034973000000008483,-0.03452946298154164,-0.0002006285849603349,-12.0,0.01696378660704447,12.0,-0.001144934827961949,-1.71644151920048e-06,-1.716441719829066e-06,-3.452946298154165e-06,0.001150103869290635,1.716441519200481e-06
1,0.003497500000000848,-0.03201654452990436,-0.0002006353014034987,-12.0,0.01570731730649392,12.0,-0.001145123606033787,-1.590795260789742e-06,-1.590795461425043e-06,-3.201654452990436e-06,0.001149915734475234,1.590795260789742e-06
1,0.003497700000000848,-0.02950357552001769,-0.0002006417010976588,-12.0,0.01445082320194535,12.0,-0.001145312363822425,-1.465146490304301e-06,-1.465146690946002e-06,-2.950357552001769e-06,0.001149727571809242,1.4651464903043e-06
1,0.0034979000000008482,-0.02699055992021307,-0.0002006477840337945,-12.0,0.01319430627757801,12.0,-0.0011455011010284,-1.339495406161181e-06,-1.339495606808964e-06,-2.699055992021307e-06,0.001149539381588403,1.33949540616118e-06
1,0.003498100000000848,-0.0244775016988768,-0.0002006535502042505,-12.0,0.01193776851759652,12.0,-0.00114568981735239,-1.213842206780076e-06,-1.213842407433628e-06,-2.44775016988768e-06,0.001149351164108617,1.213842206780077e-06
1,0.003498300000000848,-0.02196440482446892,-0.0002006589995969124,-12.0,0.01068121190624909,12.0,-0.00114587851249522,-1.088187090584599e-06,-1.0881872912436e-06,-2.196440482446892e-06,0.001149162919665938,1.088187090584601e-06
1,0.003498500000000849,-0.01945127326552271,-0.0002006641322042429,-12.0,0.009424638427813667,12.0,-0.001146067186157863,-9.625302560017916e-07,-9.625304566659234e-07,-1.945127326552271e-06,0.001148974648556577,9.62530256001791e-07
1,0.003498700000000849,-0.01693811099060766,-0.0002006689480201131,-12.0,0.008168050066584182,12.0,-0.001146255838041436,-8.368719014604292e-07,-8.368721021293775e-07,-1.693811099060766e-06,0.001148786351076899,8.368719014604296e-07
1,0.0034989000000008492,-0.01442492196834822,-0.0002006734470339387,-12.0,0.006911448806888734,12.0,-0.001146444467847203,-7.112122253922655e-07,-7.112124260657143e-07,-1.442492196834822e-06,0.001148598027523423,7.112122253922673e-07
1,0.003499100000000849,-0.01191171016742307,-0.0002006776292396389,-12.0,0.005654836633075784,12.0,-0.001146633075276577,-5.855514262315439e-07,-5.855516269091714e-07,-1.191171016742307e-06,0.001148409678192822,5.855514262315422e-07
1,0.003499300000000849,-0.009398479556533211,-0.0002006814946318228,-12.0,0.004398215529503925,12.0,-0.001146821660031116,-4.598897024135742e-07,-4.598899030950694e-07,-9.398479556533212e-07,0.001148221303381923,4.598897024135747e-07
1,0.003499500000000849,-0.006885234104399661,-0.0002006850432047327,-12.0,0.003141587480542299,12.0,-0.001147010221812531,-3.342272523747034e-07,-3.342274530597464e-07,-6.885234104399661e-07,0.001148032903387702,3.342272523747032e-07
1,0.003499700000000849,-0.004371977779794281,-0.0002006882749480397,-12.0,0.001884954470592332,12.0,-0.001147198760322677,-2.085642745540367e-07,-2.085644752423121e-07,-4.371977779794281e-07,0.001147844478507292,2.085642745540372e-07
1,0.003499900000000849,-0.001858714551496497,-0.0002006911898629224,-12.0,0.0006283184840419663,12.0,-0.00114738727526356,-8.290096739048762e-08,-8.290116808167875e-08,-1.858714551496498e-07,0.001147656029037977,8.290096739048888e-08
1,0.003500100000000849,0.0006545516117240031,-0.0002006937879418137,-12.0,-0.0006283184947126016,12.0,-0.001147575766337338,4.276247067708e-08,4.276226998329084e-08,6.545516117240031e-08,0.00114746755527719,-4.27624706770788e-08
1,0.00350030000000085,0.003167816741071399,-0.0002006960691800749,-12.0,-0.001884954481266503,12.0,-0.001147764233246317,1.684258412086438e-07,1.684256405125737e-07,3.167816741071399e-07,0.001147279057522517,-1.684258412086428e-07
1,0.00350050000000085,0.005681076867749275,-0.0002006980335743087,-12.0,-0.003141587491216436,12.0,-0.001147952675692953,2.94088945764212e-07,2.940887450661792e-07,5.681076867749275e-07,0.001147090536071693,-2.940889457642128e-07
1,0.00350070000000085,0.00819432802298431,-0.0002006996811236622,-12.0,-0.004398215540174459,12.0,-0.001148141093379855,4.197515859050792e-07,4.197513852053986e-07,8.19432802298431e-07,0.001146901991222605,-4.197515859050797e-07
1,0.00350090000000085,0.01070756623801197,-0.0002007010118224642,-12.0,-0.005654836643749802,12.0,-0.001148329486009783,5.454135631927344e-07,5.45413362491722e-07,1.070756623801198e-06,0.001146713423273287,-5.454135631927338e-07
1,0.00350110000000085,0.01322078754407596,-0.0002007020256696223,-12.0,-0.006911448817562668,12.0,-0.001148517853285649,6.710746791893043e-07,6.71074478487279e-07,1.322078754407596e-06,0.001146524832521924,-6.710746791893046e-07
1,0.0035013000000008497,0.01573398797246498,-0.0002007027226655338,-12.0,-0.008168050077258017,12.0,-0.001148706194910518,7.967347354592506e-07,7.967345347565255e-07,1.573398797246498e-06,0.001146336219266849,-7.967347354592484e-07
1,0.0035015000000008503,0.01824716355449452,-0.0002007031028060623,-12.0,-0.009424638438487384,12.0,-0.001148894510587607,9.223935335681322e-07,9.223933328650291e-07,1.824716355449452e-06,0.001146147583806543,-9.223935335681322e-07
1,0.00350170000000085,0.02076031032150705,-0.000200703166091656,-12.0,-0.01068121191692267,12.0,-0.001149082800020288,1.048050875083103e-06,1.048050674379936e-06,2.076031032150705e-06,0.001145958926439634,-1.048050875083102e-06
1,0.00350190000000085,0.02327342430490917,-0.0002007029125241618,-12.0,-0.01193776852826996,12.0,-0.001149271062912086,1.17370656157458e-06,1.173706360871666e-06,2.327342430490917e-06,0.001145770247464897,-1.173706561574579e-06
1,0.003502100000000851,0.02578650153614799,-0.0002007023421001959,-12.0,-0.01319430628824771,12.0,-0.00114945929896668,1.299360394614751e-06,1.29936019391241e-06,2.5786501536148e-06,0.001145581547181257,-1.299360394614752e-06
1,0.0035023000000008507,0.02829953804673262,-0.0002007014548250415,-12.0,-0.01445082321261842,12.0,-0.001149647507887906,1.425012175779336e-06,1.425011975077883e-06,2.829953804673262e-06,0.001145392825887781,-1.425012175779338e-06
1,0.0035025000000008513,0.03081252986823972,-0.000200700250696283,-12.0,-0.01570731731716679,12.0,-0.001149835689379753,1.550661706647051e-06,1.5506615059468e-06,3.081252986823972e-06,0.001145204083883681,-1.550661706647051e-06
1,0.003502700000000851,0.03332547303230122,-0.0002006987297171088,-12.0,-0.01696378661771357,12.0,-0.001150023843146367,1.676308788799645e-06,1.676308588100917e-06,3.332547303230122e-06,0.001145015321468321,-1.676308788799646e-06
1,0.003502900000000851,0.03583836357064554,-0.0002006968918917672,-12.0,-0.01822022913012934,12.0,-0.00115021196889205,1.801953223823754e-06,1.801953023126866e-06,3.583836357064554e-06,0.001144826538941201,-1.801953223823757e-06
1,0.003503100000000851,0.03835119751507244,-0.0002006947372194517,-12.0,-0.01947664287031277,12.0,-0.001150400066321261,1.927594813309332e-06,1.927594612614595e-06,3.835119751507244e-06,0.001144637736601972,-1.927594813309331e-06
1,0.003503300000000851,0.04086397089747531,-0.0002006922657079007,-12.0,-0.02073302585422216,12.0,-0.001150588135138615,2.053233358851427e-06,2.053233158159161e-06,4.086397089747531e-06,0.001144448914750425,-2.053233358851427e-06
1,0.003503500000000851,0.04337667974984667,-0.000200689477357097,-12.0,-0.02198937609785375,12.0,-0.001150776175048889,2.178868662049666e-06,2.178868461360188e-06,4.337667974984667e-06,0.001144260073686495,-2.178868662049666e-06
1,0.003503700000000851,0.04588932010426486,-0.0002006863721728761,-12.0,-0.02324569161725546,12.0,-0.00115096418575701,2.304500524508259e-06,2.304500323821887e-06,4.588932010426487e-06,0.001144071213710263,-2.304500524508259e-06
1,0.003503900000000852,0.04840188799293668,-0.0002006829501619081,-12.0,-0.0245019704285407,12.0,-0.001151152166968072,2.430128747837882e-06,2.43012854715493e-06,4.840188799293668e-06,0.001143882335121947,-2.43012874783788e-06
1,0.003504100000000852,0.0509143794481763,-0.000200679211326632,-12.0,-0.02575821054787021,12.0,-0.001151340118387323,2.555753133654357e-06,2.555752932975147e-06,5.09143794481763e-06,0.001143693438221911,-2.555753133654358e-06
1,0.003504300000000852,0.05342679050240663,-0.0002006751556739537,-12.0,-0.02701440999146581,12.0,-0.001151528039720173,2.681373483579186e-06,2.68137328290403e-06,5.342679050240664e-06,0.001143504523310658,-2.681373483579186e-06
1,0.003504500000000852,0.05593911718819601,-0.000200670783212252,-12.0,-0.02827056677562421,12.0,-0.001151715930672189,2.806989599241197e-06,2.806989398570413e-06,5.593911718819601e-06,0.001143315590688834,-2.806989599241196e-06
1,0.003504700000000852,0.05845135553823504,-0.0002006660939445591,-12.0,-0.0295266789166953,12.0,-0.001151903790949102,2.932601282275074e-06,2.93260108160898e-06,5.845135553823504e-06,0.001143126640657222,-2.932601282275074e-06
1,0.0035049000000008518,0.06096350158535729,-0.0002006610878827406,-12.0,-0.03078274443111364,12.0,-0.001152091620256801,3.058208334323092e-06,3.058208133662002e-06,6.096350158535729e-06,0.001142937673516748,-3.05820833432309e-06
1,0.0035051000000008523,0.06347555136254597,-0.0002006557650307654,-12.0,-0.03203876133537679,12.0,-0.001152279418301338,3.183810557034603e-06,3.183810356378837e-06,6.347555136254598e-06,0.001142748689568475,-3.183810557034603e-06
1,0.003505300000000852,0.06598750090292035,-0.0002006501253984175,-12.0,-0.03329472764605906,12.0,-0.001152467184788925,3.309407752066066e-06,3.309407551415938e-06,6.598750090292036e-06,0.00114255968911361,-3.309407752066065e-06
1,0.003505500000000853,0.06849934623977816,-0.0002006441689963757,-12.0,-0.03455064137982533,12.0,-0.001152654919425938,3.434999721082897e-06,3.434999520438727e-06,6.849934623977816e-06,0.001142370672453492,-3.434999721082896e-06
1,0.003505700000000853,0.07101108340657467,-0.000200637895831024,-12.0,-0.03580650055341282,12.0,-0.001152842621918918,3.560586265758181e-06,3.560586065120285e-06,7.101108340657467e-06,0.001142181639889599,-3.56058626575818e-06
1,0.0035059000000008528,0.07352270843692371,-0.000200631305913343,-12.0,-0.03706230318364493,12.0,-0.001153030291974558,3.686167187773159e-06,3.686166987141853e-06,7.352270843692372e-06,0.001141992591723552,-3.686167187773159e-06
1,0.0035061000000008533,0.07603421736463517,-0.0002006243992556146,-12.0,-0.03831804728744499,12.0,-0.00115321792929973,3.811742288818935e-06,3.811742088194539e-06,7.603421736463518e-06,0.001141803528257101,-3.811742288818939e-06
1,0.003506300000000853,0.07854560622369065,-0.000200617175864979,-12.0,-0.03957373088181456,12.0,-0.00115340553360146,3.937311370594958e-06,3.937311169977782e-06,7.854560622369066e-06,0.00114161444979214,-3.937311370594958e-06
1,0.003506500000000853,0.0810568710482655,-0.0002006096357572255,-12.0,-0.04082935198386495,12.0,-0.001153593104586938,4.062874234810773e-06,4.062874034201137e-06,8.105687104826552e-06,0.001141425356630693,-4.062874234810772e-06
1,0.0035067000000008532,0.08356800787272971,-0.0002006017789395395,-12.0,-0.04208490861079195,12.0,-0.001153780641963525,4.188430683185241e-06,4.188430482583462e-06,8.356800787272971e-06,0.001141236249074924,-4.188430683185241e-06
1,0.003506900000000853,0.08607901273165554,-0.0002005936054290218,-12.0,-0.04334039877990736,12.0,-0.001153968145438746,4.313980517447832e-06,4.313980316854228e-06,8.607901273165554e-06,0.001141047127427124,-4.313980517447834e-06
1,0.003507100000000853,0.08858988165982846,-0.0002005851152346028,-12.0,-0.04459582050861729,12.0,-0.001154155614720284,4.439523539338267e-06,4.439523338753154e-06,8.858988165982847e-06,0.001140857991989731,-4.439523539338269e-06
1,0.003507300000000854,0.09110061069223255,-0.0002005763083710414,-12.0,-0.04585117181443592,12.0,-0.001154343049515995,4.56505955060649e-06,4.56505935003018e-06,9.110061069223255e-06,0.001140668843065307,-4.565059550606489e-06
1,0.003507500000000854,0.09361119586409289,-0.0002005671848540024,-12.0,-0.04710645071499929,12.0,-0.001154530449533904,4.690588353014528e-06,4.690588152447345e-06,9.36111958640929e-06,0.00114047968095655,-4.690588353014528e-06
1,0.0035077000000008542,0.09612163321085461,-0.0002005577446949139,-12.0,-0.04836165522804712,12.0,-0.001154717814482198,4.816109748335221e-06,4.816109547777477e-06,9.612163321085462e-06,0.001140290505966293,-4.816109748335221e-06
1,0.003507900000000854,0.0986319187681844,-0.00020054798790968,-12.0,-0.04961678337143661,12.0,-0.001154905144069232,4.941623538352693e-06,4.941623337804705e-06,9.86319187681844e-06,0.001140101318397497,-4.941623538352693e-06
1,0.003508100000000854,0.1011420485720072,-0.0002005379145156236,-12.0,-0.05087183316315619,12.0,-0.001155092438003529,5.067129524864058e-06,5.067129324326143e-06,1.011420485720072e-05,0.001139912118553262,-5.067129524864057e-06
1,0.003508300000000854,0.1036520186584875,-0.0002005275245256025,-12.0,-0.05212680262130738,12.0,-0.001155279695993785,5.192627509678179e-06,5.192627309150655e-06,1.036520186584875e-05,0.001139722906736812,-5.192627509678178e-06
1,0.003508500000000854,0.1061618250640297,-0.0002005168179570332,-12.0,-0.05338168976411856,12.0,-0.001155466917748853,5.318117294616155e-06,5.318117094099335e-06,1.061618250640297e-05,0.001139533683251506,-5.318117294616153e-06
1,0.0035087000000008544,0.1086714638253155,-0.0002005057948286995,-12.0,-0.05463649260995876,12.0,-0.001155654102977773,5.443598681513005e-06,5.443598481007211e-06,1.086714638253155e-05,0.001139344448400834,-5.443598681513006e-06
1,0.003508900000000854,0.1111809309792848,-0.0002004944551550064,-12.0,-0.05589120917731943,12.0,-0.001155841251389739,5.569071472216446e-06,5.569071271721988e-06,1.111809309792848e-05,0.001139155202488412,-5.569071472216443e-06
1,0.003509100000000855,0.1136902225631362,-0.0002004827989548277,-12.0,-0.05714583748482833,12.0,-0.001156028362694121,5.694535468587351e-06,5.694535268104551e-06,1.136902225631362e-05,0.00113896594581799,-5.69453546858735e-06
1,0.003509300000000855,0.1161993346143596,-0.0002004708262477173,-12.0,-0.05840037555125963,12.0,-0.001156215436600464,5.819990472501191e-06,5.819990272030366e-06,1.161993346143596e-05,0.001138776678693442,-5.819990472501191e-06
1,0.003509500000000855,0.1187082631707379,-0.0002004585370528542,-12.0,-0.05965482139553359,12.0,-0.00115640247281847,5.945436285848071e-06,5.945436085389537e-06,1.187082631707379e-05,0.001138587401418778,-5.945436285848074e-06
1,0.0035097000000008554,0.1212170042703161,-0.0002004459313849488,-12.0,-0.06090917303669481,12.0,-0.001156589471058031,6.070872710530987e-06,6.070872510085054e-06,1.212170042703161e-05,0.001138398114298127,-6.070872710530986e-06
1,0.003509900000000855,0.1237255539514456,-0.0002004330092700082,-12.0,-0.06216342849395792,12.0,-0.001156776431029197,6.19629954846879e-06,6.19629934803578e-06,1.237255539514456e-05,0.001138208817635749,-6.196299548468792e-06
1,0.0035101000000008547,0.1262339082528,-0.0002004197707254768,-12.0,-0.06341758578668591,12.0,-0.001156963352442197,6.321716601596043e-06,6.321716401176272e-06,1.262339082528e-05,0.001138019511736033,-6.321716601596044e-06
1,0.0035103000000008553,0.1287420632133399,-0.0002004062157717132,-12.0,-0.06467164293438966,12.0,-0.001157150235007425,6.447123671861796e-06,6.447123471455581e-06,1.287420632133399e-05,0.001137830196903495,-6.447123671861796e-06
1,0.003510500000000855,0.1312500148723388,-0.0002003923444302488,-12.0,-0.06592559795673823,12.0,-0.001157337078435462,6.572520561230799e-06,6.572520360838455e-06,1.312500148723388e-05,0.001137640873442767,-6.572520561230799e-06
1,0.003510700000000855,0.1337577592694066,-0.00020037815672512,-12.0,-0.06717944887357258,12.0,-0.001157523882437045,6.697907071684744e-06,6.697906871306589e-06,1.337577592694066e-05,0.00113745154165862,-6.697907071684746e-06
1,0.003510900000000856,0.1362652924444748,-0.0002003636526756378,-12.0,-0.0684331937048874,12.0,-0.0011577106467231,6.823283005221174e-06,6.823282804857524e-06,1.362652924444748e-05,0.001137262201855943,-6.823283005221176e-06
1,0.0035111000000008557,0.138772610437796,-0.0002003488323057273,-12.0,-0.06968683047084492,12.0,-0.001157897371004718,6.948648163853923e-06,6.948647963505087e-06,1.38772610437796e-05,0.001137072854339742,-6.94864816385392e-06
1,0.0035113000000008563,0.1412797092899816,-0.0002003336956406254,-12.0,-0.07094035719178869,12.0,-0.001158084054993169,7.074002349614805e-06,7.074002149281111e-06,1.412797092899816e-05,0.001136883499415168,-7.074002349614807e-06
1,0.003511500000000856,0.1437865850419822,-0.0002003182427011974,-12.0,-0.07219377188822534,12.0,-0.001158270698399893,7.199345364552413e-06,7.199345164234172e-06,1.437865850419823e-05,0.001136694137387474,-7.199345364552415e-06
1,0.003511700000000856,0.1462932337350888,-0.0002003024735129019,-12.0,-0.07344707258083846,12.0,-0.001158457300936516,7.324677010732556e-06,7.324676810430084e-06,1.462932337350888e-05,0.001136504768562041,-7.324677010732555e-06
1,0.003511900000000856,0.1487996514109696,-0.0002002863881023775,-12.0,-0.07470025729050225,12.0,-0.001158643862314828,7.449997090239987e-06,7.449996889953599e-06,1.487996514109696e-05,0.001136315393244376,-7.449997090239988e-06
1,0.003512100000000856,0.1513058341116509,-0.0002002699864920923,-12.0,-0.07595332403826346,12.0,-0.001158830382246805,7.575305405177138e-06,7.575305204907149e-06,1.513058341116509e-05,0.00113612601174011,-7.575305405177138e-06
1,0.003512300000000856,0.1538117778795182,-0.0002002532687088859,-12.0,-0.07720627084535513,12.0,-0.001159016860444591,7.700601757664623e-06,7.700601557411356e-06,1.538117778795182e-05,0.001135936624354989,-7.700601757664625e-06
1,0.003512500000000856,0.156317478757348,-0.000200236234780278,-12.0,-0.07845909573320675,12.0,-0.001159203296620516,7.825885949842647e-06,7.825885749606414e-06,1.56317478757348e-05,0.001135747231394885,-7.825885949842648e-06
1,0.003512700000000857,0.1588229327883099,-0.0002002188847334274,-12.0,-0.07971179672344392,12.0,-0.001159389690487084,7.95115778387105e-06,7.951157583652166e-06,1.588229327883099e-05,0.00113555783316578,-7.951157783871049e-06
1,0.003512900000000857,0.1613281360159359,-0.0002002012185909618,-12.0,-0.0809643718378666,12.0,-0.001159576041756975,8.076417061927564e-06,8.076416861726345e-06,1.61328136015936e-05,0.001135368429973789,-8.076417061927564e-06
1,0.003513100000000857,0.163833084484164,-0.0002001832363869582,-12.0,-0.0822168190984948,12.0,-0.00115976235014305,8.201663586210786e-06,8.201663386027548e-06,1.63833084484164e-05,0.001135179022125133,-8.201663586210785e-06
1,0.003513300000000857,0.1663377742373596,-0.0002001649381475207,-12.0,-0.08346913652755045,12.0,-0.001159948615358345,8.326897158940293e-06,8.326896958775354e-06,1.663377742373596e-05,0.001134989609926168,-8.326897158940293e-06
1,0.003513500000000857,0.1688422013202589,-0.0002001463238976639,-12.0,-0.08472132214743919,12.0,-0.001160134837116084,8.45211758235415e-06,8.452117382207829e-06,1.688422013202589e-05,0.001134800193683356,-8.452117582354152e-06
1,0.0035137000000008568,0.1713463617780263,-0.0002001273936726999,-12.0,-0.08597337398079612,12.0,-0.001160321015129658,8.577324658712341e-06,8.577324458584948e-06,1.713463617780263e-05,0.001134610773703269,-8.577324658712341e-06
1,0.0035139000000008573,0.1738502516562665,-0.0002001081474995239,-12.0,-0.087225290050464,12.0,-0.001160507149112652,8.702518190296449e-06,8.7025179901883e-06,1.738502516562665e-05,0.001134421350292616,-8.702518190296449e-06
1,0.003514100000000857,0.1763538670009903,-0.0002000885854079731,-12.0,-0.08847706837949297,12.0,-0.001160693238778826,8.8276979794085e-06,8.827697779319916e-06,1.763538670009904e-05,0.001134231923758205,-8.8276979794085e-06
1,0.003514300000000857,0.1788572038586401,-0.0002000687074290158,-12.0,-0.08972870699115063,12.0,-0.00116087928384211,8.952863828372162e-06,8.952863628303454e-06,1.788572038586401e-05,0.001134042494406974,-8.952863828372162e-06
1,0.003514500000000858,0.1813602582761128,-0.0002000485135961946,-12.0,-0.09098020390893584,12.0,-0.001161065284016631,9.078015539533964e-06,9.078015339485452e-06,1.813602582761128e-05,0.001133853062545967,-9.078015539533966e-06
1,0.0035147000000008578,0.1838630263007463,-0.0002000280039382504,-12.0,-0.0922315571565606,12.0,-0.00116125123901669,9.203152915262234e-06,9.20315271523423e-06,1.838630263007464e-05,0.001133663628482343,-9.203152915262236e-06
1,0.0035149000000008583,0.1863655039803183,-0.0002000071784886079,-12.0,-0.09348276475796383,12.0,-0.001161437148556776,9.328275757947523e-06,9.328275557940347e-06,1.863655039803183e-05,0.00113347419252338,-9.328275757947521e-06
1,0.003515100000000858,0.1888676873630835,-0.0001999860372818851,-12.0,-0.09473382473732496,12.0,-0.001161623012351553,9.453383870004308e-06,9.45338367001827e-06,1.888676873630835e-05,0.001133284754976462,-9.453383870004308e-06
1,0.003515300000000858,0.1913695724977548,-0.0001999645803485439,-12.0,-0.09598473511904601,12.0,-0.001161808830115872,9.578477053869744e-06,9.578476853905169e-06,1.913695724977548e-05,0.001133095316149095,-9.578477053869747e-06
1,0.003515500000000858,0.1938711554335042,-0.0001999428077233412,-12.0,-0.09723549392776522,12.0,-0.001161994601564765,9.703555112004185e-06,9.70355491206138e-06,1.938711554335043e-05,0.001132905876348898,-9.703555112004188e-06
1,0.003515700000000858,0.1963724322199946,-0.0001999207194418179,-12.0,-0.0984860991883672,12.0,-0.001162180326413452,9.828617846892539e-06,9.828617646971821e-06,1.963724322199946e-05,0.001132716435883592,-9.828617846892539e-06
1,0.003515900000000858,0.1988733989073772,-0.0001998983155382522,-12.0,-0.09973654892597912,12.0,-0.001162366004377333,9.95366506104409e-06,9.953664861145772e-06,1.988733989073772e-05,0.001132526995061023,-9.953665061044088e-06
1,0.003516100000000859,0.2013740515462814,-0.0001998755960466447,-12.0,-0.1009868411659666,12.0,-0.001162551635172,1.0078696556992e-05,1.00786963571164e-05,2.013740515462814e-05,0.001132337554189129,-1.0078696556992e-05
1,0.003516300000000859,0.2038743861878272,-0.0001998525610032026,-12.0,-0.102236973933944,12.0,-0.001162737218513211,1.020371213729408e-05,1.020371193744152e-05,2.038743861878272e-05,0.00113214811357598,-1.020371213729408e-05
1,0.003516500000000859,0.2063743988836529,-0.0001998292104463811,-12.0,-0.1034869452557882,12.0,-0.001162922754116934,1.032871160453418e-05,1.032871140470497e-05,2.06374398883653e-05,0.001131958673529745,-1.032871160453418e-05
1,0.003516700000000859,0.2088740856858998,-0.0001998055444098618,-12.0,-0.1047367531576201,12.0,-0.001163108241699308,1.045369476132103e-05,1.045369456151548e-05,2.088740856858998e-05,0.001131769234358702,-1.045369476132103e-05
1,0.003516900000000859,0.2113734426472107,-0.0001997815629321276,-12.0,-0.1059863956658192,12.0,-0.00116329368097666,1.05786614102887e-05,1.057866121050714e-05,2.113734426472107e-05,0.001131579796371242,-1.05786614102887e-05
1,0.003517100000000859,0.2138724658207689,-0.0001997572660527441,-12.0,-0.1072358708070362,12.0,-0.001163479071665504,1.070361135409835e-05,1.070361115434108e-05,2.138724658207689e-05,0.001131390359875858,-1.070361135409835e-05
1,0.003517300000000859,0.2163711512602775,-0.0001997326538070859,-12.0,-0.1084851766081759,12.0,-0.001163664413482543,1.082854439543689e-05,1.082854419570423e-05,2.163711512602775e-05,0.001131200925181158,-1.082854439543688e-05
1,0.0035175000000008593,0.2188694950199615,-0.0001997077262349545,-12.0,-0.1097343110964104,12.0,-0.001163849706144667,1.095346033701755e-05,1.095346013730982e-05,2.188694950199615e-05,0.001131011492595856,-1.095346033701755e-05
1,0.003517700000000859,0.2213674931546037,-0.0001996824833774974,-12.0,-0.1109832722991929,12.0,-0.001164034949368955,1.107835898158154e-05,1.107835878189906e-05,2.213674931546037e-05,0.00113082206242876,-1.107835898158154e-05
1,0.00351790000000086,0.223865141719526,-0.0001996569252715602,-12.0,-0.1122320582442396,12.0,-0.00116422014287266,1.12032401318968e-05,1.120323993223988e-05,2.23865141719526e-05,0.001130632634988814,-1.12032401318968e-05
1,0.00351810000000086,0.2263624367705906,-0.0001996310519584987,-12.0,-0.1134806669595435,12.0,-0.00116440528637325,1.13281035907585e-05,1.132810339112746e-05,2.263624367705906e-05,0.001130443210585032,-1.13281035907585e-05
1,0.00351830000000086,0.2288593743642365,-0.0001996048634808623,-12.0,-0.1147290964733882,12.0,-0.001164590379588357,1.145294916099073e-05,1.145294896138587e-05,2.288593743642365e-05,0.00113025378952656,-1.145294916099073e-05
1,0.0035185000000008603,0.2313559505574554,-0.0001995783598763706,-12.0,-0.1159773448143258,12.0,-0.001164775422235819,1.157777664544495e-05,1.157777644586659e-05,2.313559505574554e-05,0.001130064372122631,-1.157777664544495e-05
1,0.00351870000000086,0.2338521614078146,-0.0001995515411909315,-12.0,-0.1172254100112091,12.0,-0.001164960414033649,1.170258584700182e-05,1.170258564745028e-05,2.338521614078146e-05,0.001129874958682595,-1.170258584700182e-05
1,0.00351890000000086,0.2363480029734608,-0.0001995244074630698,-12.0,-0.1184732900931691,12.0,-0.001165145354700066,1.18273765685706e-05,1.182737636904619e-05,2.363480029734608e-05,0.001129685549515898,-1.18273765685706e-05
1,0.0035191000000008603,0.2388434713131088,-0.0001994969587369028,-12.0,-0.1197209830896293,12.0,-0.001165330243953462,1.195214861308925e-05,1.195214841359228e-05,2.388434713131088e-05,0.001129496144932088,-1.195214861308924e-05
1,0.00351930000000086,0.2413385624860825,-0.0001994691950574223,-12.0,-0.1209684870303193,12.0,-0.001165515081512442,1.207690178352619e-05,1.2076901584057e-05,2.413385624860825e-05,0.001129306745240821,-1.207690178352619e-05
1,0.00351950000000086,0.2438332725522895,-0.0001994411164647075,-12.0,-0.122215799945253,12.0,-0.001165699867095778,1.220163588287883e-05,1.220163568343771e-05,2.438332725522895e-05,0.001129117350751852,-1.220163588287883e-05
1,0.003519700000000861,0.2463275975722436,-0.0001994127230073861,-12.0,-0.1234629198647601,12.0,-0.001165884600422445,1.232635071417527e-05,1.232635051476255e-05,2.463275975722436e-05,0.001128927961775036,-1.232635071417527e-05
1,0.003519900000000861,0.2488215336070698,-0.0001993840147262727,-12.0,-0.1247098448194645,12.0,-0.001166069281211619,1.245104608047382e-05,1.24510458810898e-05,2.488215336070698e-05,0.001128738578620328,-1.245104608047382e-05
1,0.0035201000000008613,0.2513150767184918,-0.000199354991668052,-12.0,-0.1259565728402979,12.0,-0.001166253909182645,1.257572178486299e-05,1.2575721585508e-05,2.513150767184919e-05,0.00112854920159779,-1.257572178486299e-05
1,0.003520300000000861,0.2538082229688738,-0.0001993256538801863,-12.0,-0.1272031019585137,12.0,-0.001166438484055085,1.270037763046335e-05,1.27003774311377e-05,2.538082229688739e-05,0.001128359831017573,-1.270037763046336e-05
1,0.003520500000000861,0.2563009684211951,-0.0001992960014051692,-12.0,-0.1284494302056653,12.0,-0.001166623005548685,1.282501342042601e-05,1.282501322113001e-05,2.563009684211951e-05,0.001128170467189932,-1.282501342042601e-05
1,0.003520700000000861,0.2587933091390712,-0.0001992660342941543,-12.0,-0.1296955556136372,12.0,-0.001166807473383375,1.29496289579343e-05,1.294962875866827e-05,2.587933091390712e-05,0.001127981110425228,-1.29496289579343e-05
1,0.003520900000000861,0.2612852411867611,-0.0001992357525905236,-12.0,-0.1309414762146238,12.0,-0.001166991887279293,1.307422404620333e-05,1.307422384696758e-05,2.612852411867611e-05,0.001127791761033904,-1.307422404620333e-05
1,0.003521100000000861,0.2637767606291529,-0.0001992051563432795,-12.0,-0.1321871900411429,12.0,-0.00116717624695676,1.319879848847997e-05,1.319879828927481e-05,2.637767606291529e-05,0.001127602419326515,-1.319879848847997e-05
1,0.003521300000000861,0.2662678635318065,-0.0001991742456024376,-12.0,-0.1334326951260494,12.0,-0.001167360552136301,1.33233520880447e-05,1.332335188887045e-05,2.662678635318066e-05,0.001127413085613699,-1.33233520880447e-05
1,0.003521500000000862,0.2687585459609326,-0.0001991430204138223,-12.0,-0.1346779895025172,12.0,-0.001167544802538624,1.344788464821035e-05,1.344788444906732e-05,2.687585459609326e-05,0.001127223760206214,-1.344788464821034e-05
1,0.003521700000000862,0.2712488039833937,-0.0001991114808275879,-12.0,-0.135923071204053,12.0,-0.00116772899788465,1.357239597232255e-05,1.357239577321106e-05,2.712488039833937e-05,0.001127034443414882,-1.357239597232254e-05
1,0.003521900000000862,0.2737386336667411,-0.0001990796268953876,-12.0,-0.1371679382645099,12.0,-0.001167913137895474,1.369688586376145e-05,1.369688566468182e-05,2.737386336667411e-05,0.001126845135550643,-1.369688586376145e-05
1,0.003522100000000862,0.2762280310791962,-0.0001990474586644475,-12.0,-0.1384125887180694,12.0,-0.001168097222292408,1.382135412594049e-05,1.382135392689303e-05,2.762280310791962e-05,0.001126655836924523,-1.382135412594049e-05
1,0.003522300000000862,0.2787169922896509,-0.0001990149761864485,-12.0,-0.1396570205992549,12.0,-0.001168281250796948,1.394580056230684e-05,1.394580036329187e-05,2.787169922896509e-05,0.001126466547847644,-1.394580056230684e-05
1,0.0035225000000008617,0.2812055133677042,-0.0001989821795145424,-12.0,-0.1409012319429457,12.0,-0.001168465223130785,1.407022497634312e-05,1.407022477736094e-05,2.812055133677042e-05,0.00112627726863122,-1.407022497634312e-05
1,0.0035227000000008623,0.2836935903836441,-0.0001989490686973988,-12.0,-0.1421452207843588,12.0,-0.001168649139015817,1.419462717156615e-05,1.419462697261707e-05,2.836935903836441e-05,0.001126087999586557,-1.419462717156614e-05
1,0.003522900000000862,0.2861812194084474,-0.0001989156437882389,-12.0,-0.1433889851590625,12.0,-0.001168832998174132,1.431900695152743e-05,1.431900675261178e-05,2.861812194084474e-05,0.001125898741025054,-1.431900695152743e-05
1,0.003523100000000862,0.2886683965138123,-0.0001988819048408391,-12.0,-0.1446325231029865,12.0,-0.001169016800328012,1.444336411981456e-05,1.444336392093266e-05,2.886683965138123e-05,0.001125709493258213,-1.444336411981457e-05
1,0.003523300000000863,0.2911551177721554,-0.0001988478519079906,-12.0,-0.1458758326524182,12.0,-0.001169200545199948,1.456769848005102e-05,1.456769828120317e-05,2.911551177721554e-05,0.001125520256597607,-1.456769848005102e-05
1,0.0035235000000008627,0.2936413792566016,-0.0001988134850420264,-12.0,-0.1471189118439987,12.0,-0.001169384232512631,1.469200983589567e-05,1.469200963708218e-05,2.936413792566016e-05,0.001125331031354905,-1.469200983589567e-05
1,0.0035237000000008633,0.2961271770409969,-0.0001987788042974031,-12.0,-0.1483617587147326,12.0,-0.001169567861988938,1.481629799104352e-05,1.481629779226472e-05,2.961271770409969e-05,0.001125141817841879,-1.481629799104352e-05
1,0.003523900000000863,0.2986125071999353,-0.0001987438097309918,-12.0,-0.1496043713020022,12.0,-0.001169751433351943,1.494056274922712e-05,1.494056255048331e-05,2.986125071999353e-05,0.001124952616370384,-1.494056274922712e-05
1,0.003524100000000863,0.3010973658087433,-0.0001987085013949313,-12.0,-0.1508467476435491,12.0,-0.001169934946324945,1.506480391421542e-05,1.506480371550691e-05,3.010973658087433e-05,0.001124763427252351,-1.506480391421541e-05
1,0.003524300000000863,0.3035817489434807,-0.0001986728793458292,-12.0,-0.1520888857774879,12.0,-0.001170118400631418,1.51890212898142e-05,1.518902109114133e-05,3.035817489434807e-05,0.001124574250799815,-1.51890212898142e-05
1,0.003524500000000863,0.306065652680976,-0.0001986369436416946,-12.0,-0.1533307837423199,12.0,-0.001170301795995045,1.531321467986782e-05,1.531321448123088e-05,3.06065652680976e-05,0.001124385087324894,-1.531321467986782e-05
1,0.003524700000000863,0.3085490730988081,-0.0001986006943362345,-12.0,-0.1545724395769154,12.0,-0.001170485132139713,1.543738388825791e-05,1.543738368965722e-05,3.085490730988082e-05,0.001124195937139796,-1.543738388825792e-05
1,0.003524900000000863,0.3110320062753077,-0.000198564131487694,-12.0,-0.1558138513205267,12.0,-0.001170668408789495,1.55615287189039e-05,1.556152852033977e-05,3.110320062753077e-05,0.001124006800556807,-1.55615287189039e-05
1,0.003525100000000864,0.3135144482895882,-0.0001985272551546652,-12.0,-0.1570550170127987,12.0,-0.001170851625668682,1.56856489757644e-05,1.568564877723715e-05,3.135144482895883e-05,0.001123817677888309,-1.56856489757644e-05
1,0.003525300000000864,0.3159963952215484,-0.0001984900653956984,-12.0,-0.1582959346937684,12.0,-0.001171034782501785,1.580974446283727e-05,1.58097442643472e-05,3.159963952215484e-05,0.001123628569446755,-1.580974446283727e-05
1,0.003525500000000864,0.3184778431518415,-0.0001984525622646671,-12.0,-0.1595366024038434,12.0,-0.001171217879013454,1.593381498415787e-05,1.593381478570531e-05,3.184778431518415e-05,0.001123439475544705,-1.593381498415788e-05
1,0.003525700000000864,0.3209587881619185,-0.0001984147458268803,-12.0,-0.160777018183847,12.0,-0.001171400914928608,1.605786034380201e-05,1.605786014538727e-05,3.209587881619185e-05,0.001123250396494781,-1.605786034380202e-05
1,0.003525900000000864,0.3234392263340495,-0.0001983766161397643,-12.0,-0.1620171800750005,12.0,-0.001171583889972339,1.618188034588608e-05,1.618188014750946e-05,3.234392263340495e-05,0.001123061332609702,-1.618188034588607e-05
1,0.003526100000000864,0.3259191537512677,-0.0001983381732595241,-12.0,-0.1632570861189049,12.0,-0.001171766803869944,1.630587479456454e-05,1.630587459622636e-05,3.259191537512677e-05,0.001122872284202263,-1.630587479456454e-05
1,0.0035263000000008643,0.3283985664974263,-0.0001982994172526203,-12.0,-0.1644967343575862,12.0,-0.00117194965634692,1.642984349403336e-05,1.642984329573394e-05,3.283985664974263e-05,0.001122683251585353,-1.642984349403336e-05
1,0.003526500000000864,0.3308774606572143,-0.0001982603481781864,-12.0,-0.1657361228334779,12.0,-0.001172132447128962,1.655378624852998e-05,1.655378605026963e-05,3.308774606572143e-05,0.001122494235071936,-1.655378624852997e-05
1,0.003526700000000865,0.3333558323161038,-0.0001982209660937317,-12.0,-0.1669752495894022,12.0,-0.001172315175942004,1.667770286233084e-05,1.667770266410988e-05,3.333558323161038e-05,0.001122305234975043,-1.667770286233084e-05
1,0.003526900000000865,0.3358336775604041,-0.0001981812710674102,-12.0,-0.1682141126686158,12.0,-0.001172497842512152,1.680159313975484e-05,1.680159294157358e-05,3.358336775604041e-05,0.00112211625160781,-1.680159313975484e-05
1,0.003527100000000865,0.3383109924772755,-0.0001981412631587437,-12.0,-0.1694527101147885,12.0,-0.001172680446565721,1.692545688516298e-05,1.692545668702171e-05,3.383109924772755e-05,0.001121927285283441,-1.692545688516298e-05
1,0.0035273000000008653,0.3407877731546943,-0.000198100942430432,-12.0,-0.1706910399720022,12.0,-0.001172862987829228,1.704929390295718e-05,1.704929370485624e-05,3.407877731546943e-05,0.001121738336315219,-1.704929390295718e-05
1,0.003527500000000865,0.3432640156814791,-0.0001980603089459937,-12.0,-0.1719291002847616,12.0,-0.001173045466029424,1.717310399758156e-05,1.717310379952125e-05,3.432640156814791e-05,0.001121549405016506,-1.717310399758156e-05
1,0.003527700000000865,0.3457397161473121,-0.0001980193627717924,-12.0,-0.1731668890980074,12.0,-0.001173227880893232,1.729688697352356e-05,1.72968867755042e-05,3.457397161473121e-05,0.001121360491700748,-1.729688697352356e-05
1,0.0035279000000008652,0.3482148706427275,-0.0001979781039692652,-12.0,-0.1744044044570987,12.0,-0.001173410232147794,1.742064263531294e-05,1.742064243733484e-05,3.482148706427275e-05,0.001121171596681462,-1.742064263531294e-05
1,0.003528100000000865,0.3506894752591085,-0.0001979365326044286,-12.0,-0.1756416444078263,12.0,-0.001173592519520466,1.754437078752219e-05,1.754437058958565e-05,3.506894752591086e-05,0.001120982720272248,-1.754437078752219e-05
1,0.003528300000000865,0.3531635260887256,-0.0001978946487447564,-12.0,-0.1768786069964264,12.0,-0.001173774742738793,1.766807123476817e-05,1.766807103687352e-05,3.531635260887256e-05,0.001120793862786785,-1.766807123476817e-05
1,0.003528500000000866,0.3556370192247169,-0.000197852452453226,-12.0,-0.1781152902695628,12.0,-0.001173956901530548,1.779174378171096e-05,1.779174358385851e-05,3.556370192247169e-05,0.001120605024538812,-1.779174378171096e-05
1,0.003528700000000866,0.3581099507610894,-0.0001978099437974085,-12.0,-0.1793516922743403,12.0,-0.001174138995623693,1.791538823305429e-05,1.791538803524434e-05,3.581099507610894e-05,0.001120416205842169,-1.791538823305429e-05
1,0.0035289000000008662,0.3605823167927507,-0.0001977671228454159,-12.0,-0.1805878110583148,12.0,-0.001174321024746416,1.803900439354693e-05,1.803900419577981e-05,3.605823167927507e-05,0.001120227407010739,-1.803900439354694e-05
1,0.003529100000000866,0.3630541134155111,-0.0001977239896650274,-12.0,-0.181823644669493,12.0,-0.001174502988627105,1.816259206798279e-05,1.816259187025881e-05,3.630541134155112e-05,0.001120038628358508,-1.81625920679828e-05
1,0.003529300000000866,0.3655253367260525,-0.000197680544319595,-12.0,-0.1830591911563111,12.0,-0.001174684886994345,1.828615106119915e-05,1.82861508635186e-05,3.655253367260525e-05,0.001119849870199519,-1.828615106119915e-05
1,0.003529500000000866,0.367995982821972,-0.0001976367868836842,-12.0,-0.1842944485676794,12.0,-0.00117486671957694,1.840968117807957e-05,1.840968098044278e-05,3.67995982821972e-05,0.001119661132847914,-1.840968117807957e-05
1,0.003529700000000866,0.370466047801803,-0.0001975927174241304,-12.0,-0.1855294149529649,12.0,-0.001175048486103926,1.853318222355407e-05,1.853318202596136e-05,3.70466047801803e-05,0.001119472416617862,-1.853318222355407e-05
1,0.003529900000000866,0.3729355277649598,-0.0001975483360065616,-12.0,-0.1867640883619731,12.0,-0.001175230186304509,1.865665400259666e-05,1.865665380504832e-05,3.729355277649598e-05,0.001119283721823634,-1.865665400259665e-05
1,0.003530100000000866,0.3754044188117932,-0.0001975036427067645,-12.0,-0.1879984668449931,12.0,-0.001175411819908118,1.878009632022863e-05,1.8780096122725e-05,3.754044188117931e-05,0.001119095048779585,-1.878009632022864e-05
1,0.003530300000000867,0.3778727170436031,-0.0001974586375923515,-12.0,-0.1892325484527764,12.0,-0.001175593386644403,1.890350898151841e-05,1.890350878405977e-05,3.778727170436031e-05,0.001118906397800101,-1.890350898151841e-05
1,0.003530500000000867,0.3803404185626046,-0.0001974133207337525,-12.0,-0.1904663312365361,12.0,-0.001175774886243229,1.902689179158024e-05,1.902689159416692e-05,3.803404185626046e-05,0.001118717769199674,-1.902689179158024e-05
1,0.003530700000000867,0.3828075194719536,-0.0001973676922024381,-12.0,-0.1916998132479574,12.0,-0.001175956318434656,1.91502445555755e-05,1.91502443582078e-05,3.828075194719537e-05,0.001118529163292848,-1.91502445555755e-05
1,0.003530900000000867,0.3852740158757686,-0.0001973217520725712,-12.0,-0.1929329925392107,12.0,-0.001176137682948941,1.927356707871381e-05,1.927356688139206e-05,3.852740158757686e-05,0.001118340580394252,-1.927356707871381e-05
1,0.003531100000000867,0.3877399038791177,-0.0001972755004135129,-12.0,-0.1941658671629341,12.0,-0.001176318979516592,1.939685916625206e-05,1.939685896897656e-05,3.877399038791177e-05,0.001118152020818552,-1.939685916625206e-05
1,0.0035313000000008667,0.3902051795880175,-0.0001972289372991487,-12.0,-0.1953984351722469,12.0,-0.001176500207868313,1.952012062349477e-05,1.952012042626584e-05,3.902051795880175e-05,0.00111796348488051,-1.952012062349477e-05
1,0.0035315000000008673,0.39266983910947,-0.0001971820628048071,-12.0,-0.1966306946207628,12.0,-0.001176681367735001,1.96433512557958e-05,1.964335105861374e-05,3.9266983910947e-05,0.001117774972894954,-1.96433512557958e-05
1,0.003531700000000867,0.3951338785514434,-0.0001971348770013759,-12.0,-0.1978626435625725,12.0,-0.00117686245884779,1.976655086855712e-05,1.976655067142224e-05,3.951338785514434e-05,0.00111758648517676,-1.976655086855712e-05
1,0.003531900000000867,0.3975972940228741,-0.0001970873799641559,-12.0,-0.1990942800522571,12.0,-0.001177043480938025,1.988971926722929e-05,1.988971907014192e-05,3.975972940228741e-05,0.001117398022040885,-1.988971926722929e-05
1,0.003532100000000868,0.400060081633701,-0.0001970395717700302,-12.0,-0.2003256021449012,12.0,-0.001177224433737238,2.001285625731313e-05,2.001285606027356e-05,4.000600816337011e-05,0.001117209583802351,-2.001285625731312e-05
1,0.0035323000000008677,0.4025222374948443,-0.0001969914524904692,-12.0,-0.2015566078960724,12.0,-0.001177405316977204,2.013596164435819e-05,2.013596144736674e-05,4.025222374948444e-05,0.001117021170776247,-2.01359616443582e-05
1,0.0035325000000008683,0.4049837577182251,-0.0001969430222057977,-12.0,-0.2027872953618515,12.0,-0.001177586130389905,2.025903523396457e-05,2.025903503702155e-05,4.049837577182252e-05,0.001116832783277705,-2.025903523396457e-05
1,0.003532700000000868,0.4074446384167675,-0.0001968942809875696,-12.0,-0.204017662598808,12.0,-0.001177766873707534,2.038207683178203e-05,2.038207663488776e-05,4.074446384167675e-05,0.001116644421621942,-2.038207683178204e-05
1,0.003532900000000868,0.409904875704405,-0.0001968452289174416,-12.0,-0.205247707664031,12.0,-0.001177947546662485,2.050508624351136e-05,2.050508604666612e-05,4.09904875704405e-05,0.001116456086124241,-2.050508624351136e-05
1,0.003533100000000868,0.4123644656960928,-0.0001967958660686608,-12.0,-0.206477428615108,12.0,-0.001178128148987392,2.062806327490394e-05,2.062806307810807e-05,4.123644656960928e-05,0.001116267777099923,-2.062806327490394e-05
1,0.003533300000000868,0.4148234045077919,-0.0001967461925203862,-12.0,-0.2077068235101384,12.0,-0.001178308680415095,2.075100773176181e-05,2.075100753501562e-05,4.148234045077919e-05,0.001116079494864395,-2.075100773176181e-05
1,0.003533500000000868,0.4172816882565116,-0.0001966962083525814,-12.0,-0.2089358904077467,12.0,-0.001178489140678637,2.087391941993942e-05,2.087391922324321e-05,4.172816882565116e-05,0.00111589123973312,-2.087391941993942e-05
1,0.003533700000000868,0.4197393130602881,-0.0001966459136412968,-12.0,-0.2101646273670651,12.0,-0.001178669529511293,2.099679814534239e-05,2.099679794869647e-05,4.197393130602882e-05,0.001115703012021602,-2.099679814534238e-05
1,0.003533900000000869,0.4221962750381872,-0.0001965953084666627,-12.0,-0.2113930324477467,12.0,-0.00117884984664653,2.1119643713928e-05,2.11196435173327e-05,4.221962750381873e-05,0.00111551481204545,-2.1119643713928e-05
1,0.003534100000000869,0.4246525703103393,-0.0001965443929103639,-12.0,-0.2126211037099791,12.0,-0.001179030091818072,2.124245593170688e-05,2.124245573516248e-05,4.246525703103393e-05,0.001115326640120283,-2.124245593170688e-05
1,0.003534300000000869,0.427108194997921,-0.0001964931670497549,-12.0,-0.2138488392144668,12.0,-0.001179210264759815,2.136523460474171e-05,2.136523440824854e-05,4.27108194997921e-05,0.001115138496561797,-2.13652346047417e-05
1,0.003534500000000869,0.4295631452231566,-0.0001964416309664374,-12.0,-0.2150762370224442,12.0,-0.001179390365205917,2.148797953914778e-05,2.148797934270615e-05,4.295631452231566e-05,0.001114950381685745,-2.148797953914778e-05
1,0.003534700000000869,0.4320174171093531,-0.0001963897847435947,-12.0,-0.2163032951956898,12.0,-0.001179570392890707,2.161069054109462e-05,2.161069034470484e-05,4.320174171093531e-05,0.00111476229580796,-2.161069054109462e-05
1,0.0035349000000008688,0.4344710067808779,-0.0001963376284593032,-12.0,-0.2175300117965042,12.0,-0.001179750347548761,2.173336741680449e-05,2.173336722046686e-05,4.344710067808779e-05,0.001114574239244295,-2.173336741680449e-05
1,0.0035351000000008693,0.4369239103631797,-0.0001962851621999107,-12.0,-0.2187563848877413,12.0,-0.001179930228914872,2.185600997255415e-05,2.185600977626898e-05,4.369239103631797e-05,0.001114386212310678,-2.185600997255414e-05
1,0.003535300000000869,0.4393761239827936,-0.0001962323860444093,-12.0,-0.2199824125327873,12.0,-0.001180110036724039,2.197861801467429e-05,2.19786178184419e-05,4.393761239827936e-05,0.0011141982153231,-2.197861801467429e-05
1,0.00353550000000087,0.4418276437673295,-0.0001961793000772594,-12.0,-0.2212080927955736,12.0,-0.001180289770711485,2.210119134954964e-05,2.210119115337034e-05,4.418276437673295e-05,0.001114010248597603,-2.210119134954964e-05
1,0.00353570000000087,0.4442784658455121,-0.0001961259043837815,-12.0,-0.2224334237405907,12.0,-0.001180469430612653,2.222372978362069e-05,2.222372958749479e-05,4.442784658455121e-05,0.001113822312450257,-2.22237297836207e-05
1,0.0035359000000008698,0.4467285863471608,-0.0001960721990453551,-12.0,-0.2236584034328704,12.0,-0.001180649016163209,2.234623312338251e-05,2.234623292731031e-05,4.467285863471608e-05,0.001113634407197216,-2.234623312338251e-05
1,0.0035361000000008703,0.4491780014031915,-0.0001960181841476893,-12.0,-0.2248830299379991,12.0,-0.001180828527099019,2.246870117538514e-05,2.246870097936696e-05,4.491780014031915e-05,0.001113446533154691,-2.246870117538514e-05
1,0.00353630000000087,0.4516267071456526,-0.0001959638597775759,-12.0,-0.2261073013221312,12.0,-0.001181007963156205,2.259113374623537e-05,2.259113355027151e-05,4.516267071456526e-05,0.00111325869063892,-2.259113374623536e-05
1,0.00353650000000087,0.4540746997077006,-0.0001959092260171713,-12.0,-0.2273312156519683,12.0,-0.001181187324071072,2.271353064259511e-05,2.271353044668589e-05,4.540746997077006e-05,0.001113070879966212,-2.271353064259511e-05
1,0.0035367000000008702,0.4565219752236234,-0.0001958542829566257,-12.0,-0.2285547709947894,12.0,-0.001181366609580171,2.283589167118328e-05,2.2835891475329e-05,4.565219752236234e-05,0.001112883101452918,-2.283589167118328e-05
1,0.00353690000000087,0.4589685298288383,-0.0001957990306781787,-12.0,-0.2297779654184268,12.0,-0.001181545819420246,2.295821663877486e-05,2.295821644297583e-05,4.589685298288384e-05,0.001112695355415458,-2.295821663877486e-05
1,0.00353710000000087,0.461414359659903,-0.0001957434692734239,-12.0,-0.2310007969912963,12.0,-0.001181724953328297,2.308050535220229e-05,2.308050515645882e-05,4.61414359659903e-05,0.001112507642170264,-2.308050535220229e-05
1,0.003537300000000871,0.4638594608545232,-0.0001956875988260443,-12.0,-0.2322232637823767,12.0,-0.001181904011041523,2.320275761835507e-05,2.320275742266747e-05,4.638594608545233e-05,0.001112319962033849,-2.320275761835506e-05
1,0.003537500000000871,0.4663038295515405,-0.0001956314194253017,-12.0,-0.2334453638612224,12.0,-0.001182082992297332,2.332497324417971e-05,2.332497304854829e-05,4.663038295515406e-05,0.001112132315322784,-2.332497324417971e-05
1,0.0035377000000008712,0.4687474618909717,-0.0001955749311616795,-12.0,-0.2346670952979776,12.0,-0.0011822618968334,2.34471520366816e-05,2.344715184110667e-05,4.687474618909717e-05,0.001111944702353651,-2.34471520366816e-05
1,0.003537900000000871,0.47119035401399,-0.0001955181341212475,-12.0,-0.2358884561633582,12.0,-0.001182440724387581,2.356929380292369e-05,2.356929360740556e-05,4.7119035401399e-05,0.00111175712344309,-2.35692938029237e-05
1,0.003538100000000871,0.4736325020629261,-0.0001954610283944891,-12.0,-0.2371094445286651,12.0,-0.001182619474697957,2.369139835002706e-05,2.369139815456603e-05,4.736325020629262e-05,0.001111569578907831,-2.369139835002706e-05
1,0.003538300000000871,0.4760739021813036,-0.0001954036140733029,-12.0,-0.2383300584657979,12.0,-0.001182798147502852,2.381346548517246e-05,2.381346528976885e-05,4.760739021813036e-05,0.001111382069064599,-2.381346548517246e-05
1,0.003538500000000871,0.478514550513821,-0.0001953458912452299,-12.0,-0.2395502960472372,12.0,-0.001182976742540795,2.39354950155992e-05,2.393549482025331e-05,4.78514550513821e-05,0.001111194594230185,-2.39354950155992e-05
1,0.0035387000000008714,0.4809544432063521,-0.0001952878600022245,-12.0,-0.2407701553460579,12.0,-0.001183155259550556,2.405748674860557e-05,2.405748655331772e-05,4.809544432063521e-05,0.00111100715472141,-2.405748674860557e-05
1,0.003538900000000871,0.4833935764059816,-0.0001952295204376564,-12.0,-0.2419896344359425,12.0,-0.001183333698271123,2.417944049155049e-05,2.417944029632097e-05,4.833935764059817e-05,0.001110819750855165,-2.417944049155049e-05
1,0.003539100000000872,0.4858319462609883,-0.0001951708726405099,-12.0,-0.2432087313911636,12.0,-0.001183512058441673,2.430135605185231e-05,2.430135585668144e-05,4.858319462609883e-05,0.001110632382948382,-2.430135605185231e-05
1,0.003539300000000872,0.4882695489208435,-0.0001951119167042659,-12.0,-0.2444274442865973,12.0,-0.001183690339801671,2.442323323698931e-05,2.442323304187739e-05,4.882695489208435e-05,0.001110445051318004,-2.442323323698931e-05
1,0.003539500000000872,0.4907063805362445,-0.0001950526527228214,-12.0,-0.245645771197733,12.0,-0.001183868542090752,2.454507185450102e-05,2.454507165944837e-05,4.907063805362446e-05,0.001110257756281052,-2.454507185450102e-05
1,0.0035397000000008724,0.4931424372591143,-0.000194993080790129,-12.0,-0.2468637102006731,12.0,-0.001184046665048802,2.46668717119883e-05,2.466687151699522e-05,4.931424372591144e-05,0.001110070498154574,-2.46668717119883e-05
1,0.003539900000000872,0.495577715242574,-0.0001949332009952565,-12.0,-0.248081259372112,12.0,-0.001184224708415931,2.478863261711167e-05,2.478863242217847e-05,4.95577715242574e-05,0.001109883277255662,-2.478863261711167e-05
1,0.003540100000000872,0.4980122106409834,-0.0001948730134387899,-12.0,-0.24929841678938,12.0,-0.001184402671932452,2.491035437759412e-05,2.491035418272111e-05,4.980122106409835e-05,0.001109696093901456,-2.491035437759412e-05
1,0.0035403000000008723,0.5004459196099581,-0.0001948125182125726,-12.0,-0.2505151805304231,12.0,-0.001184580555338943,2.503203680122106e-05,2.503203660640854e-05,5.004459196099581e-05,0.001109508948409121,-2.503203680122105e-05
1,0.003540500000000872,0.5028788383063343,-0.0001947517154115841,-12.0,-0.2517315486738017,12.0,-0.00118475835837618,2.515367969583902e-05,2.51536795010873e-05,5.028788383063343e-05,0.001109321841095849,-2.515367969583901e-05
1,0.003540700000000872,0.5053109628881953,-0.0001946906051315811,-12.0,-0.2529475192987011,12.0,-0.001184936080785157,2.527528286935695e-05,2.527528267466635e-05,5.053109628881954e-05,0.001109134772278926,-2.527528286935695e-05
1,0.003540900000000873,0.5077422895148915,-0.0001946291874712347,-12.0,-0.2541630904849445,12.0,-0.001185113722307118,2.539684612974733e-05,2.539684593511814e-05,5.077422895148915e-05,0.001108947742275622,-2.539684612974733e-05
1,0.003541100000000873,0.5101728143470293,-0.0001945674625243032,-12.0,-0.2553782603129757,12.0,-0.001185291282683527,2.551836928504515e-05,2.551836909047768e-05,5.101728143470294e-05,0.001108760751403259,-2.551836928504514e-05
1,0.0035413000000008733,0.5126025335464688,-0.0001945054303890692,-12.0,-0.2565930268638723,12.0,-0.001185468761656053,2.563985214334832e-05,2.56398519488429e-05,5.126025335464688e-05,0.001108573799979209,-2.563985214334832e-05
1,0.003541500000000873,0.5150314432763605,-0.0001944430911650641,-12.0,-0.2578073882193588,12.0,-0.001185646158966627,2.576129451281937e-05,2.576129431837628e-05,5.150314432763606e-05,0.001108386888320882,-2.576129451281937e-05
1,0.003541700000000873,0.5174595397011272,-0.0001943804449476838,-12.0,-0.2590213424617895,12.0,-0.0011858234743574,2.588269620168419e-05,2.588269600730375e-05,5.174595397011272e-05,0.001108200016745685,-2.588269620168419e-05
1,0.003541900000000873,0.5198868189864634,-0.0001943174918366541,-12.0,-0.2602348876741616,12.0,-0.001186000707570717,2.60040570182325e-05,2.6004056823915e-05,5.198868189864634e-05,0.001108013185571109,-2.60040570182325e-05
1,0.003542100000000873,0.522313277299368,-0.0001942542319324225,-12.0,-0.261448021940125,12.0,-0.001186177858349183,2.612537677081925e-05,2.612537657656502e-05,5.22313277299368e-05,0.001107826395114656,-2.612537677081925e-05
1,0.003542300000000873,0.5247389108081459,-0.0001941906653348535,-12.0,-0.2626607433439818,12.0,-0.001186354926435644,2.62466552678647e-05,2.624665507367404e-05,5.247389108081459e-05,0.001107639645693853,-2.624665526786469e-05
1,0.003542500000000873,0.527163715682377,-0.0001941267921396206,-12.0,-0.2638730499706659,12.0,-0.00118653191157312,2.636789231785263e-05,2.636789212372583e-05,5.27163715682377e-05,0.001107452937626298,-2.636789231785263e-05
1,0.003542700000000874,0.5295876880929601,-0.0001940626124533607,-12.0,-0.2650849399057862,12.0,-0.001186708813504904,2.648908772933329e-05,2.648908753527067e-05,5.295876880929601e-05,0.001107266271229576,-2.648908772933329e-05
1,0.003542900000000874,0.5320108242121324,-0.0001939981263752166,-12.0,-0.2662964112356103,12.0,-0.001186885631974541,2.661024131092351e-05,2.661024111692538e-05,5.320108242121325e-05,0.001107079646821305,-2.66102413109235e-05
1,0.003543100000000874,0.5344331202134156,-0.0001939333340029437,-12.0,-0.2675074620470456,12.0,-0.001187062366725732,2.673135287130427e-05,2.673135267737093e-05,5.344331202134156e-05,0.001106893064719189,-2.673135287130427e-05
1,0.003543300000000874,0.5368545722716708,-0.0001938682354445387,-12.0,-0.2687180904276846,12.0,-0.001187239017502461,2.6852422219224e-05,2.685242202535577e-05,5.368545722716708e-05,0.001106706525240898,-2.685242221922401e-05
1,0.003543500000000874,0.5392751765631155,-0.0001938028308003381,-12.0,-0.2699282944657865,12.0,-0.001187415584048938,2.697344916349863e-05,2.697344896969579e-05,5.392751765631155e-05,0.001106520028704171,-2.697344916349862e-05
1,0.0035437000000008738,0.5416949292652687,-0.0001937371201699289,-12.0,-0.2711380722502605,12.0,-0.001187592066109581,2.709443351300905e-05,2.709443331927193e-05,5.416949292652688e-05,0.00110633357542677,-2.709443351300905e-05
1,0.0035439000000008743,0.5441138265570085,-0.0001936711036624461,-12.0,-0.272347421870709,12.0,-0.001187768463429058,2.721537507670465e-05,2.721537488303354e-05,5.441138265570085e-05,0.001106147165726466,-2.721537507670465e-05
1,0.003544100000000874,0.5465318646185812,-0.0001936047813792807,-12.0,-0.2735563414174074,12.0,-0.00118794477575225,2.733627366360281e-05,2.733627346999802e-05,5.465318646185812e-05,0.001105960799921084,-2.733627366360281e-05
1,0.003544300000000874,0.5489490396315705,-0.0001935381534242664,-12.0,-0.2747648289813032,12.0,-0.00118812100282429,2.745712908278789e-05,2.745712888924974e-05,5.489490396315705e-05,0.001105774478328467,-2.745712908278789e-05
1,0.003544500000000875,0.5513653477789199,-0.0001934712199026523,-12.0,-0.2759728826540261,12.0,-0.001188297144390536,2.757794114341236e-05,2.757794094994113e-05,5.513653477789199e-05,0.00110558820126647,-2.757794114341235e-05
1,0.0035447000000008748,0.553780785244957,-0.0001934039809221855,-12.0,-0.2771805005279016,12.0,-0.00118847320019656,2.769870965469794e-05,2.769870946129396e-05,5.53780785244957e-05,0.001105401969053003,-2.769870965469794e-05
1,0.0035449000000008753,0.5561953482153796,-0.0001933364365855894,-12.0,-0.2783876806959326,12.0,-0.001188649169988201,2.781943442593469e-05,2.781943423259826e-05,5.561953482153797e-05,0.001105215782005953,-2.78194344259347e-05
1,0.003545100000000875,0.5586090328772532,-0.000193268587000639,-12.0,-0.2795944212518134,12.0,-0.001188825053511467,2.794011526648128e-05,2.794011507321269e-05,5.586090328772532e-05,0.001105029640443306,-2.794011526648128e-05
1,0.003545300000000875,0.5610218354190494,-0.0001932004322758862,-12.0,-0.2808007202899429,12.0,-0.001189000850512673,2.80607519857667e-05,2.806075179256627e-05,5.610218354190494e-05,0.001104843544683012,-2.80607519857667e-05
1,0.003545500000000875,0.5634337520306261,-0.0001931319725159419,-12.0,-0.2820065759054067,12.0,-0.001189176560738334,2.818134439328907e-05,2.81813442001571e-05,5.634337520306261e-05,0.001104657495043047,-2.818134439328908e-05
1,0.003545700000000875,0.5658447789032286,-0.0001930632078296912,-12.0,-0.2832119861939909,12.0,-0.001189352183935174,2.830189229861612e-05,2.830189210555292e-05,5.658447789032286e-05,0.001104471491841445,-2.830189229861612e-05
1,0.003545900000000875,0.5682549122295203,-0.0001929941383266298,-12.0,-0.2844169492521915,12.0,-0.001189527719850193,2.842239551138648e-05,2.842239531839235e-05,5.682549122295203e-05,0.001104285535396227,-2.842239551138649e-05
1,0.003546100000000876,0.5706641482035807,-0.000192924764115171,-12.0,-0.2856214631772107,12.0,-0.001189703168230593,2.854285384130956e-05,2.854285364838479e-05,5.706641482035807e-05,0.001104099626025465,-2.854285384130956e-05
1,0.003546300000000876,0.5730724830208949,-0.0001928550853033117,-12.0,-0.2868255260669533,12.0,-0.00118987852882381,2.866326709816501e-05,2.866326690530991e-05,5.730724830208949e-05,0.001103913764047237,-2.8663267098165e-05
1,0.003546500000000876,0.5754799128783664,-0.0001927851020013527,-12.0,-0.2880291360200362,12.0,-0.001190053801377544,2.878363509180349e-05,2.878363489901839e-05,5.754799128783664e-05,0.001103727949779629,-2.878363509180348e-05
1,0.003546700000000876,0.5778864339743428,-0.0001927148143215096,-12.0,-0.2892322911358018,12.0,-0.001190228985639689,2.890395763214803e-05,2.890395743943321e-05,5.778864339743428e-05,0.001103542183540765,-2.890395763214803e-05
1,0.003546900000000876,0.5802920425086012,-0.000192644222371835,-12.0,-0.2904349895143005,12.0,-0.001190404081358409,2.902423452919287e-05,2.902423433654866e-05,5.802920425086012e-05,0.001103356465648797,-2.902423452919287e-05
1,0.003547100000000876,0.5826967346823485,-0.0001925733262643781,-12.0,-0.2916372292563041,12.0,-0.00119057908828207,2.914446559300397e-05,2.914446540043064e-05,5.826967346823485e-05,0.001103170796421856,-2.914446559300397e-05
1,0.003547300000000876,0.5851005066982565,-0.0001925021261127702,-12.0,-0.2928390084633186,12.0,-0.001190754006159297,2.926465063372059e-05,2.926465044121847e-05,5.851005066982566e-05,0.001102985176178142,-2.926465063372059e-05
1,0.0035475000000008763,0.587503354760443,-0.000192430622026396,-12.0,-0.2940403252375673,12.0,-0.001190928834738945,2.93847894615541e-05,2.938478926912347e-05,5.87503354760443e-05,0.001102799605235821,-2.93847894615541e-05
1,0.003547700000000876,0.5899052750744741,-0.0001923588141189425,-12.0,-0.2952411776820036,12.0,-0.001191103573770096,2.950488188678847e-05,2.950488169442965e-05,5.899052750744741e-05,0.001102614083913118,-2.950488188678847e-05
1,0.003547900000000877,0.5923062638473987,-0.0001922867025054287,-12.0,-0.2964415639003245,12.0,-0.001191278223002069,2.962492771978191e-05,2.96249275274952e-05,5.923062638473987e-05,0.001102428612528246,-2.962492771978191e-05
1,0.003548100000000877,0.5947063172877302,-0.0001922142872965715,-12.0,-0.2976414819969527,12.0,-0.001191452782184431,2.974492677096562e-05,2.974492657875134e-05,5.947063172877302e-05,0.001102243191399427,-2.974492677096562e-05
1,0.003548300000000877,0.5971054316054472,-0.0001921415686074734,-12.0,-0.2988409300770505,12.0,-0.001191627251066966,2.98648788508443e-05,2.986487865870273e-05,5.971054316054472e-05,0.001102057820844948,-2.98648788508443e-05
1,0.0035485000000008773,0.5995036030120295,-0.0001920685465547356,-12.0,-0.3000399062465324,12.0,-0.001191801629399705,2.998478376999777e-05,2.998478357792922e-05,5.995036030120296e-05,0.001101872501183047,-2.998478376999777e-05
1,0.003548700000000877,0.6019008277204355,-0.0001919952212496856,-12.0,-0.3012384086120445,12.0,-0.001191975916932923,3.010464133907948e-05,3.010464114708426e-05,6.019008277204356e-05,0.001101687232732008,-3.010464133907949e-05
1,0.003548900000000877,0.6042971019451217,-0.000191921592812061,-12.0,-0.3024364352809949,12.0,-0.001192150113417119,3.022445136881829e-05,3.022445117689668e-05,6.042971019451217e-05,0.001101502015810118,-3.022445136881829e-05
1,0.0035491000000008772,0.6066924219020486,-0.0001918476613543829,-12.0,-0.3036339843615325,12.0,-0.001192324218603026,3.034421367001782e-05,3.034421347817015e-05,6.066924219020487e-05,0.001101316850735702,-3.034421367001782e-05
1,0.003549300000000877,0.6090867838086695,-0.0001917734269942795,-12.0,-0.3048310539625605,12.0,-0.001192498232241625,3.046392805355663e-05,3.046392786178319e-05,6.090867838086696e-05,0.001101131737827048,-3.046392805355662e-05
1,0.003549500000000877,0.6114801838839692,-0.0001916988898505445,-12.0,-0.3060276421937493,12.0,-0.001192672154084119,3.058359433038988e-05,3.058359413869099e-05,6.114801838839692e-05,0.001100946677402494,-3.058359433038988e-05
1,0.003549700000000878,0.6138726183484399,-0.0001916240500371147,-12.0,-0.3072237471655161,12.0,-0.001192845983881991,3.070321231154789e-05,3.070321211992385e-05,6.1387261834844e-05,0.001100761669780355,-3.07032123115479e-05
1,0.003549900000000878,0.6162640834241027,-0.0001915489076760868,-12.0,-0.3084193669890546,12.0,-0.001193019721386891,3.082278180813785e-05,3.082278161658893e-05,6.162640834241027e-05,0.001100576715279002,-3.082278180813785e-05
1,0.0035501000000008782,0.6186545753345128,-0.0001914734628821746,-12.0,-0.3096144997763144,12.0,-0.001193193366350785,3.094230263134322e-05,3.094230243986975e-05,6.186545753345129e-05,0.001100391814216763,-3.094230263134323e-05
1,0.003550300000000878,0.6210440903047477,-0.000191397715775643,-12.0,-0.3108091436400145,12.0,-0.001193366918525812,3.106177459242389e-05,3.106177440102617e-05,6.210440903047477e-05,0.001100206966912005,-3.106177459242389e-05
1,0.003550500000000878,0.6234326245614457,-0.0001913216664775064,-12.0,-0.3120032966936558,12.0,-0.001193540377664379,3.118119750271783e-05,3.118119731139616e-05,6.234326245614457e-05,0.001100022173683098,-3.118119750271783e-05
1,0.003550700000000878,0.6258201743327876,-0.0001912453151048932,-12.0,-0.3131969570515043,12.0,-0.001193713743519134,3.130057117363994e-05,3.130057098239463e-05,6.258201743327876e-05,0.0010998374348484,-3.130057117363994e-05
1,0.003550900000000878,0.6282067358484975,-0.0001911686617790398,-12.0,-0.314390122828604,12.0,-0.001193887015842963,3.141989541668249e-05,3.141989522551383e-05,6.282067358484975e-05,0.001099652750726307,-3.14198954166825e-05
1,0.003551100000000878,0.6305923053398779,-0.0001910917066227091,-12.0,-0.31558279214079,12.0,-0.001194060194388988,3.153917004341674e-05,3.153916985232503e-05,6.30592305339878e-05,0.001099468121635184,-3.153917004341673e-05
1,0.003551300000000878,0.6329768790397867,-0.0001910144497534461,-12.0,-0.316774963104668,12.0,-0.001194233278910557,3.165839486549146e-05,3.165839467447701e-05,6.329768790397868e-05,0.001099283547893445,-3.165839486549146e-05
1,0.003551500000000879,0.6353604531826585,-0.0001909368912971499,-12.0,-0.317966633837644,12.0,-0.001194406269161272,3.177756969463468e-05,3.177756950369779e-05,6.353604531826586e-05,0.001099099029819462,-3.177756969463468e-05
1,0.003551700000000879,0.637743024004509,-0.0001908590313726699,-12.0,-0.3191578024579038,12.0,-0.001194579164894981,3.189669434265312e-05,3.189669415179408e-05,6.37743024004509e-05,0.001098914567731622,-3.189669434265312e-05
1,0.003551900000000879,0.6401245877429241,-0.0001907808701036851,-12.0,-0.3203484670844263,12.0,-0.00119475196586577,3.201576862143226e-05,3.20157684306514e-05,6.401245877429241e-05,0.001098730161948343,-3.201576862143227e-05
1,0.003552100000000879,0.6425051406370985,-0.0001907024076152897,-12.0,-0.3215386258369962,12.0,-0.001194924671827961,3.213479234293809e-05,3.213479215223569e-05,6.425051406370986e-05,0.001098545812787999,-3.213479234293809e-05
1,0.003552300000000879,0.6448846789278164,-0.000190623644028276,-12.0,-0.3227282768361871,12.0,-0.001195097282536063,3.22537653192159e-05,3.225376512859224e-05,6.448846789278164e-05,0.001098361520569031,-3.225376531921588e-05
1,0.0035525000000008787,0.6472631988574534,-0.0001905445794678218,-12.0,-0.3239174182033743,12.0,-0.001195269797744959,3.237268736239065e-05,3.237268717184606e-05,6.472631988574535e-05,0.001098177285609792,-3.237268736239065e-05
1,0.0035527000000008793,0.6496406966700111,-0.000190465214060187,-12.0,-0.3251060480607479,12.0,-0.001195442217209637,3.249155828466878e-05,3.249155809420357e-05,6.496406966700111e-05,0.001097993108228709,-3.249155828466878e-05
1,0.003552900000000879,0.6520171686110978,-0.0001903855479276351,-12.0,-0.3262941645312958,12.0,-0.001195614540685411,3.261037789833682e-05,3.261037770795127e-05,6.520171686110978e-05,0.001097808988744162,-3.261037789833682e-05
1,0.003553100000000879,0.654392610927931,-0.0001903055811969812,-12.0,-0.3274817657388167,12.0,-0.001195786767927788,3.272914601576198e-05,3.27291458254564e-05,6.54392610927931e-05,0.001097624927474561,-3.272914601576197e-05
1,0.00355330000000088,0.656767019869367,-0.000190225313995096,-12.0,-0.3286688498079293,12.0,-0.001195958898692541,3.284786244939342e-05,3.28478622591681e-05,6.56767019869367e-05,0.001097440924738319,-3.284786244939342e-05
1,0.0035535000000008797,0.6591403916858991,-0.0001901447464482398,-12.0,-0.3298554148640694,12.0,-0.00119613093273567,3.296652701176212e-05,3.296652682161737e-05,6.591403916858991e-05,0.001097256980853806,-3.296652701176211e-05
1,0.0035537000000008803,0.6615127226296473,-0.0001900638786819231,-12.0,-0.3310414590334853,12.0,-0.001196302869813433,3.308513951548034e-05,3.308513932541646e-05,6.615127226296473e-05,0.001097073096139399,-3.308513951548034e-05
1,0.00355390000000088,0.6638840089543696,-0.000189982710824127,-12.0,-0.3322269804432481,12.0,-0.00119647470968233,3.32036997732424e-05,3.320369958325969e-05,6.638840089543697e-05,0.001096889270913504,-3.32036997732424e-05
1,0.00355410000000088,0.6662542469154893,-0.000189901243004803,-12.0,-0.3334119772212644,12.0,-0.001196646452099097,3.332220759782595e-05,3.332220740792471e-05,6.662542469154893e-05,0.00109670550549449,-3.332220759782596e-05
1,0.00355430000000088,0.6686234327700802,-0.0001898194753494897,-12.0,-0.3345964474962591,12.0,-0.0011968180968207,3.344066280209095e-05,3.344066261227149e-05,6.686234327700803e-05,0.001096521800200749,-3.344066280209096e-05
1,0.00355450000000088,0.6709915627768651,-0.0001897374079879999,-12.0,-0.3357803893977886,12.0,-0.00119698964360436,3.355906519898006e-05,3.355906500924266e-05,6.709915627768651e-05,0.001096338155350624,-3.355906519898006e-05
1,0.00355470000000088,0.6733586331962527,-0.0001896550410514231,-12.0,-0.3369638010562538,12.0,-0.001197161092207549,3.367741460152025e-05,3.367741441186521e-05,6.733586331962527e-05,0.001096154571262498,-3.367741460152024e-05
1,0.00355490000000088,0.6757246402903179,-0.0001895723746667966,-12.0,-0.3381466806028828,12.0,-0.00119733244238799,3.379571082282161e-05,3.379571063324923e-05,6.757246402903179e-05,0.001095971048254693,-3.37957108228216e-05
1,0.003555100000000881,0.6780895803228035,-0.0001894894089654875,-12.0,-0.339329026169744,12.0,-0.001197503693903618,3.391395367607786e-05,3.391395348658845e-05,6.780895803228035e-05,0.001095787586645594,-3.391395367607786e-05
1,0.003555300000000881,0.6804534495591553,-0.0001894061440799732,-12.0,-0.3405108358897591,12.0,-0.00119767484651262,3.403214297456791e-05,3.403214278516177e-05,6.804534495591553e-05,0.001095604186753495,-3.403214297456792e-05
1,0.003555500000000881,0.6828162442665037,-0.0001893225801387344,-12.0,-0.3416921078966858,12.0,-0.001197845899973446,3.415027853165471e-05,3.415027834233212e-05,6.828162442665037e-05,0.001095420848896765,-3.415027853165471e-05
1,0.003555700000000881,0.6851779607136644,-0.0001892387172744425,-12.0,-0.342872840325131,12.0,-0.001198016854044776,3.426836016078566e-05,3.426835997154695e-05,6.851779607136644e-05,0.001095237573393686,-3.426836016078566e-05
1,0.003555900000000881,0.687538595171169,-0.0001891545556203245,-12.0,-0.3440530313105605,12.0,-0.001198187708485551,3.438638767549403e-05,3.438638748633947e-05,6.87538595171169e-05,0.001095054360562571,-3.438638767549403e-05
1,0.0035561000000008808,0.6898981439112664,-0.0001890700953094127,-12.0,-0.3452326789892983,12.0,-0.001198358463054924,3.450436088939889e-05,3.450436070032879e-05,6.898981439112664e-05,0.001094871210721715,-3.450436088939889e-05
1,0.0035563000000008813,0.692256603207895,-0.0001889853364702154,-12.0,-0.3464117814985062,12.0,-0.001198529117512316,3.46222796162036e-05,3.462227942721826e-05,6.92256603207895e-05,0.001094688124189419,-3.462227961620359e-05
1,0.003556500000000881,0.6946139693367217,-0.0001889002792423711,-12.0,-0.3475903369762272,12.0,-0.001198699671617419,3.474014366969848e-05,3.47401434807982e-05,6.946139693367217e-05,0.001094505101283907,-3.474014366969848e-05
1,0.003556700000000882,0.6969702385751595,-0.0001888149237570802,-12.0,-0.3487683435613646,12.0,-0.001198870125130098,3.485795286376076e-05,3.485795267494583e-05,6.969702385751596e-05,0.001094322142323467,-3.485795286376076e-05
1,0.003556900000000882,0.6993254072023334,-0.0001887292701483467,-12.0,-0.3499457993936819,12.0,-0.001199040477810519,3.497570701235335e-05,3.497570682362409e-05,6.993254072023334e-05,0.001094139247626337,-3.497570701235336e-05
1,0.0035571000000008818,0.7016794714991039,-0.0001886433185513958,-12.0,-0.3511227026138123,12.0,-0.001199210729419094,3.509340592952608e-05,3.509340574088277e-05,7.016794714991039e-05,0.001093956417510721,-3.509340592952609e-05
1,0.0035573000000008823,0.7040324277480902,-0.0001885570691039229,-12.0,-0.3522990513632717,12.0,-0.001199380879716452,3.521104942941678e-05,3.521104924085971e-05,7.040324277480901e-05,0.001093773652294856,-3.521104942941678e-05
1,0.003557500000000882,0.7063842722336559,-0.0001884705219387384,-12.0,-0.3534748437844413,12.0,-0.001199550928463501,3.532863732625026e-05,3.532863713777973e-05,7.06384272233656e-05,0.001093590952296906,-3.532863732625026e-05
1,0.003557700000000882,0.7087350012419092,-0.0001883836771933434,-12.0,-0.3546500780205813,12.0,-0.001199720875421355,3.54461694343388e-05,3.544616924595513e-05,7.087350012419093e-05,0.001093408317835054,-3.54461694343388e-05
1,0.0035579000000008822,0.7110846110607365,-0.0001882965350062937,-12.0,-0.355824752215843,12.0,-0.001199890720351419,3.556364556808368e-05,3.556364537978714e-05,7.110846110607365e-05,0.001093225749227475,-3.556364556808368e-05
1,0.003558100000000882,0.7134330979797853,-0.0001882090955123705,-12.0,-0.3569988645152521,12.0,-0.001200060463015323,3.568106554197397e-05,3.568106535376489e-05,7.134330979797853e-05,0.001093043246792276,-3.568106554197398e-05
1,0.003558300000000882,0.7157804582904659,-0.0001881213588501851,-12.0,-0.3581724130647219,12.0,-0.001200230103174924,3.579842917058717e-05,3.579842898246581e-05,7.15780458290466e-05,0.001092860810847605,-3.579842917058717e-05
1,0.003558500000000883,0.7181266882859848,-0.0001880333251598476,-12.0,-0.3593453960110655,12.0,-0.001200399640592348,3.591573626859055e-05,3.591573608055724e-05,7.181266882859848e-05,0.001092678441711549,-3.591573626859056e-05
1,0.003558700000000883,0.7204717842613267,-0.0001879449945774159,-12.0,-0.3605178115019794,12.0,-0.001200569075029981,3.60329866507402e-05,3.603298646279521e-05,7.204717842613268e-05,0.001092496139702193,-3.60329866507402e-05
1,0.0035589000000008832,0.7228157425132561,-0.000187856367243,-12.0,-0.3616896576860562,12.0,-0.001200738406250422,3.615018013188133e-05,3.615017994402496e-05,7.228157425132562e-05,0.00109231390513758,-3.615018013188133e-05
1,0.003559100000000883,0.7251585593403478,-0.0001877674432973486,-12.0,-0.3628609327127943,12.0,-0.001200907634016563,3.62673165269497e-05,3.626731633918226e-05,7.251585593403478e-05,0.001092131738335757,-3.626731652694969e-05
1,0.003559300000000883,0.7275002310429867,-0.0001876782228810159,-12.0,-0.364031634732597,12.0,-0.001201076758091502,3.63843956509716e-05,3.638439546329339e-05,7.275002310429867e-05,0.001091949639614731,-3.63843956509716e-05
1,0.003559500000000883,0.7298407539233409,-0.0001875887061301706,-12.0,-0.3652017618967529,12.0,-0.001201245778238588,3.650141731906228e-05,3.650141713147356e-05,7.298407539233409e-05,0.001091767609292506,-3.650141731906227e-05
1,0.003559700000000883,0.7321801242854029,-0.0001874988931917509,-12.0,-0.366371312357478,12.0,-0.001201414694221456,3.661838134642862e-05,3.661838115892974e-05,7.32180124285403e-05,0.001091585647687035,-3.661838134642862e-05
1,0.0035599000000008834,0.7345183384350072,-0.0001874087842051453,-12.0,-0.3675402842678991,12.0,-0.001201583505803919,3.67352875483694e-05,3.673528736096062e-05,7.345183384350073e-05,0.001091403755116294,-3.67352875483694e-05
1,0.003560100000000883,0.736855392679779,-0.0001873183793090205,-12.0,-0.3687086757820369,12.0,-0.001201752212750144,3.685213574027279e-05,3.685213555295441e-05,7.36855392679779e-05,0.001091221931898124,-3.685213574027279e-05
1,0.003560300000000884,0.7391912833291892,-0.0001872276786512861,-12.0,-0.3698764850548483,12.0,-0.00120192081482446,3.69689257376197e-05,3.696892555039203e-05,7.391912833291891e-05,0.001091040178350475,-3.69689257376197e-05
1,0.003560500000000884,0.7415260066945624,-0.0001871366823721354,-12.0,-0.3710437102422062,12.0,-0.001202089311791443,3.708565735598342e-05,3.708565716884673e-05,7.415260066945624e-05,0.001090858494791194,-3.70856573559834e-05
1,0.003560700000000884,0.7438595590890471,-0.0001870453906147318,-12.0,-0.3722103495008995,12.0,-0.00120225770341599,3.720233041102849e-05,3.720233022398309e-05,7.438595590890471e-05,0.001090676881538119,-3.720233041102849e-05
1,0.0035609000000008844,0.7461919368276403,-0.0001869538035228213,-12.0,-0.3733764009886423,12.0,-0.001202425989463171,3.731894471851195e-05,3.731894453155816e-05,7.461919368276404e-05,0.001090495338909057,-3.731894471851195e-05
1,0.003561100000000884,0.748523136227206,-0.0001868619212430089,-12.0,-0.3745418628640867,12.0,-0.001202594169698354,3.743550009428437e-05,3.743549990742245e-05,7.48523136227206e-05,0.00109031386722179,-3.743550009428437e-05
1,0.0035613000000008837,0.7508531536064651,-0.0001867697439174032,-12.0,-0.3757067332868061,12.0,-0.001202762243887136,3.755199635428888e-05,3.755199616751913e-05,7.508531536064651e-05,0.001090132466794062,-3.755199635428888e-05
1,0.0035615000000008843,0.7531819852859938,-0.0001866772716920817,-12.0,-0.3768710104173078,12.0,-0.001202930211795378,3.766843331456157e-05,3.766843312788429e-05,7.531819852859938e-05,0.001089951137943586,-3.766843331456157e-05
1,0.003561700000000884,0.7555096275882577,-0.0001865845047144821,-12.0,-0.3780346924170456,12.0,-0.001203098073189156,3.778481079123312e-05,3.778481060464861e-05,7.555096275882577e-05,0.001089769880988058,-3.778481079123312e-05
1,0.003561900000000884,0.7578360768375945,-0.0001864914431281561,-12.0,-0.3791977774484039,12.0,-0.001203265827834844,3.790112860052757e-05,3.790112841403613e-05,7.578360768375945e-05,0.00108958869624514,-3.790112860052757e-05
1,0.003562100000000885,0.7601613293602135,-0.0001863980870809856,-12.0,-0.3803602636747091,12.0,-0.001203433475499033,3.801738655876282e-05,3.801738637236472e-05,7.601613293602136e-05,0.001089407584032441,-3.801738655876282e-05
1,0.0035623000000008847,0.7624853814842333,-0.0001863044367216293,-12.0,-0.3815221492602435,12.0,-0.001203601015948588,3.813358448235218e-05,3.813358429604775e-05,7.624853814842333e-05,0.001089226544667546,-3.813358448235219e-05
1,0.0035625000000008853,0.7648082295396565,-0.0001862104921941943,-12.0,-0.3826834323702245,12.0,-0.001203768448950579,3.824972218780303e-05,3.824972200159254e-05,7.648082295396566e-05,0.001089045578468062,-3.824972218780303e-05
1,0.003562700000000885,0.7671298698583903,-0.000186116253651003,-12.0,-0.3838441111708342,12.0,-0.001203935774272399,3.836579949171832e-05,3.836579930560207e-05,7.671298698583903e-05,0.001088864685751458,-3.836579949171832e-05
1,0.003562900000000885,0.7694502987742486,-0.0001860217212361626,-12.0,-0.3850041838291958,12.0,-0.001204102991681638,3.848181621079596e-05,3.848181602477424e-05,7.694502987742486e-05,0.001088683866835242,-3.848181621079597e-05
1,0.003563100000000885,0.7717695126229581,-0.0001859268951031057,-12.0,-0.3861636485134026,12.0,-0.001204270100946141,3.859777216182996e-05,3.859777197590307e-05,7.717695126229582e-05,0.001088503122036864,-3.859777216182996e-05
1,0.003563300000000885,0.7740875077421688,-0.0001858317753976046,-12.0,-0.3873225033924986,12.0,-0.001204437101834037,3.87136671617101e-05,3.871366697587833e-05,7.740875077421689e-05,0.00108832245167375,-3.87136671617101e-05
1,0.003563500000000885,0.7764042804714409,-0.0001857363622708164,-12.0,-0.3884807466364903,12.0,-0.001204603994113658,3.882950102742195e-05,3.882950084168559e-05,7.76404280471441e-05,0.00108814185606327,-3.882950102742195e-05
1,0.003563700000000885,0.7787198271522826,-0.0001856406558747858,-12.0,-0.3896383764163601,12.0,-0.001204770777553633,3.894527357604853e-05,3.894527339040787e-05,7.787198271522826e-05,0.001087961335522761,-3.894527357604853e-05
1,0.003563900000000886,0.7810341441281321,-0.0001855446563577834,-12.0,-0.3907953909040494,12.0,-0.001204937451922815,3.906098462476915e-05,3.90609844392245e-05,7.810341441281321e-05,0.001087780890369532,-3.906098462476916e-05
1,0.003564100000000886,0.7833472277443587,-0.0001854483638719651,-12.0,-0.3919517882724709,12.0,-0.00120510401699031,3.91766339908599e-05,3.917663380541153e-05,7.833472277443588e-05,0.001087600520920863,-3.91766339908599e-05
1,0.003564300000000886,0.785659074348296,-0.0001853517785708747,-12.0,-0.393107566695522,12.0,-0.001205270472525513,3.929222149169512e-05,3.929222130634334e-05,7.85659074348296e-05,0.001087420227493946,-3.929222149169512e-05
1,0.003564500000000886,0.7879696802892251,-0.0001852549006041149,-12.0,-0.3942627243480677,12.0,-0.001205436818298031,3.940774694474636e-05,3.940774675949146e-05,7.879696802892252e-05,0.001087240010405978,-3.940774694474636e-05
1,0.003564700000000886,0.7902790419183756,-0.0001851577301251739,-12.0,-0.3954172594059528,12.0,-0.001205603054077721,3.952321016758277e-05,3.952320998242504e-05,7.902790419183756e-05,0.001087059869974108,-3.952321016758277e-05
1,0.0035649000000008858,0.7925871555889583,-0.0001850602672892054,-12.0,-0.3965711700460156,12.0,-0.001205769179634726,3.963861097787264e-05,3.963861079281238e-05,7.925871555889583e-05,0.001086879806515416,-3.963861097787264e-05
1,0.0035651000000008863,0.7948940176561451,-0.0001849625122463117,-12.0,-0.3977244544460671,12.0,-0.00120593519473941,3.975394919338209e-05,3.975394900841957e-05,7.948940176561451e-05,0.001086699820346974,-3.975394919338209e-05
1,0.003565300000000886,0.7971996244770883,-0.0001848644651544218,-12.0,-0.3988771107849204,12.0,-0.001206101099162402,3.98692246319766e-05,3.986922444711213e-05,7.971996244770882e-05,0.001086519911785801,-3.98692246319766e-05
1,0.003565500000000886,0.7995039724109243,-0.0001847661261647482,-12.0,-0.4000291372423704,12.0,-0.001206266892674591,3.998443711162058e-05,3.998443692685445e-05,7.995039724109243e-05,0.00108634008114885,-3.998443711162057e-05
1,0.003565700000000887,0.8018070578187638,-0.0001846674954334437,-12.0,-0.401180531999207,12.0,-0.001206432575047128,4.009958645037737e-05,4.009958626570986e-05,8.018070578187639e-05,0.001086160328753055,-4.009958645037736e-05
1,0.0035659000000008868,0.8041088770637298,-0.0001845685731176605,-12.0,-0.4023312932372271,12.0,-0.001206598146051382,4.021467246641096e-05,4.021467228184238e-05,8.041088770637298e-05,0.001085980654915282,-4.021467246641094e-05
1,0.0035661000000008873,0.8064094265109335,-0.0001844693593698876,-12.0,-0.4034814191392151,12.0,-0.001206763605459002,4.032969497798453e-05,4.032969479351517e-05,8.064094265109336e-05,0.001085801059952395,-4.032969497798453e-05
1,0.003566300000000887,0.8087087025274947,-0.0001843698543506078,-12.0,-0.4046309078889719,12.0,-0.001206928953041884,4.044465380346213e-05,4.044465361909227e-05,8.087087025274948e-05,0.001085621544181133,-4.044465380346213e-05
1,0.003566500000000887,0.8110067014825484,-0.0001842700582130874,-12.0,-0.4057797576712944,12.0,-0.001207094188572191,4.055954876130815e-05,4.055954857703807e-05,8.110067014825485e-05,0.001085442107918277,-4.055954876130814e-05
1,0.003566700000000887,0.8133034197472313,-0.0001841699711156997,-12.0,-0.4069279666719889,12.0,-0.00120725931182232,4.067437967008732e-05,4.067437948591735e-05,8.133034197472314e-05,0.001085262751480492,-4.067437967008732e-05
1,0.003566900000000887,0.8155988536947198,-0.0001840695932181502,-12.0,-0.4080755330778831,12.0,-0.001207424322564932,4.07891463484665e-05,4.07891461643969e-05,8.155988536947199e-05,0.001085083475184427,-4.078914634846649e-05
1,0.003567100000000887,0.8178929997002089,-0.0001839689246750931,-12.0,-0.4092224550768064,12.0,-0.001207589220572944,4.090384861521313e-05,4.09038484312442e-05,8.17892999700209e-05,0.001084904279346668,-4.090384861521313e-05
1,0.003567300000000888,0.8201858541409309,-0.0001838679656493425,-12.0,-0.410368730857619,12.0,-0.001207754005619524,4.101848628919697e-05,4.101848610532901e-05,8.20185854140931e-05,0.001084725164283769,-4.101848628919697e-05
1,0.003567500000000888,0.8224774133961599,-0.0001837667162964962,-12.0,-0.4115143586101918,12.0,-0.001207918677478104,4.113305918938954e-05,4.113305900562282e-05,8.2247741339616e-05,0.001084546130312211,-4.113305918938954e-05
1,0.003567700000000888,0.8247676738472027,-0.0001836651767770925,-12.0,-0.4126593365254189,12.0,-0.00120808323592235,4.124756713486418e-05,4.124756695119899e-05,8.247676738472028e-05,0.001084367177748409,-4.124756713486418e-05
1,0.003567900000000888,0.827056631877434,-0.0001835633472532239,-12.0,-0.4138036627952303,12.0,-0.001208247680726179,4.136200994479772e-05,4.136200976123436e-05,8.27056631877434e-05,0.001084188306908811,-4.136200994479771e-05
1,0.003568100000000888,0.8293442838722789,-0.000183461227882542,-12.0,-0.4149473356125755,12.0,-0.001208412011663842,4.14763874384693e-05,4.147638725500808e-05,8.293442838722789e-05,0.001084009518109663,-4.14763874384693e-05
1,0.003568300000000888,0.831630626219214,-0.0001833588188270285,-12.0,-0.4160903531714357,12.0,-0.001208576228509721,4.159069943526088e-05,4.159069925190205e-05,8.31630626219214e-05,0.001083830811667311,-4.159069943526087e-05
1,0.003568500000000888,0.8339156553078017,-0.0001832561202497196,-12.0,-0.4172327136668367,12.0,-0.001208740331038564,4.17049457546587e-05,4.170494557140257e-05,8.339156553078017e-05,0.001083652187897931,-4.17049457546587e-05
1,0.0035687000000008883,0.8361993675296716,-0.0001831531323098767,-12.0,-0.418374415294832,12.0,-0.001208904319025275,4.181912621625221e-05,4.181912603309908e-05,8.361993675296716e-05,0.001083473647117736,-4.181912621625221e-05
1,0.003568900000000888,0.8384817592785219,-0.0001830498551709248,-12.0,-0.4195154562525158,12.0,-0.001209068192245109,4.19332406397345e-05,4.193324045668464e-05,8.384817592785219e-05,0.001083295189642806,-4.193324063973449e-05
1,0.003569100000000889,0.8407628269501528,-0.0001829462889970657,-12.0,-0.420655834738035,12.0,-0.001209231950473538,4.204728884490379e-05,4.20472886619575e-05,8.407628269501529e-05,0.001083116815789181,-4.204728884490379e-05
1,0.003569300000000889,0.8430425669424498,-0.0001828424339493373,-12.0,-0.4217955489505732,12.0,-0.001209395593486234,4.21612706516624e-05,4.216127046881996e-05,8.430425669424499e-05,0.00108293852587292,-4.216127065166239e-05
1,0.003569500000000889,0.8453209756553842,-0.0001827382901918861,-12.0,-0.4229345970903628,12.0,-0.001209559121059245,4.22751858800171e-05,4.227518569727881e-05,8.453209756553842e-05,0.001082760320209902,-4.227518588001709e-05
1,0.0035697000000008893,0.8475980494910412,-0.0001826338578902464,-12.0,-0.4240729773586945,12.0,-0.001209722532968749,4.238903435008043e-05,4.238903416744657e-05,8.475980494910412e-05,0.001082582199116028,-4.238903435008043e-05
1,0.003569900000000889,0.8498737848536196,-0.0001825291372085092,-12.0,-0.4252106879579139,12.0,-0.001209885828991272,4.250281588207054e-05,4.250281569954141e-05,8.498737848536197e-05,0.001082404162907113,-4.250281588207054e-05
1,0.003570100000000889,0.8521481781494201,-0.0001824241283104877,-12.0,-0.4263477270914172,12.0,-0.001210049008903556,4.261653029631067e-05,4.261653011388653e-05,8.521481781494202e-05,0.001082226211898948,-4.261653029631067e-05
1,0.0035703000000008893,0.8544212257868586,-0.000182318831362438,-12.0,-0.4274840929636613,12.0,-0.001210212072482598,4.273017741322989e-05,4.273017723091106e-05,8.544212257868586e-05,0.00108204834640719,-4.273017741322989e-05
1,0.003570500000000889,0.8566929241764915,-0.0001822132465317261,-12.0,-0.4286197837801758,12.0,-0.001210375019505681,4.28437570533644e-05,4.284375687115116e-05,8.566929241764915e-05,0.001081870566747488,-4.284375705336441e-05
1,0.003570700000000889,0.8589632697309981,-0.0001821073739825541,-12.0,-0.4297547977475467,12.0,-0.001210537849750323,4.295726903735642e-05,4.295726885524903e-05,8.589632697309982e-05,0.001081692873235424,-4.295726903735641e-05
1,0.00357090000000089,0.8612322588651855,-0.00018200121388251,-12.0,-0.4308891330734287,12.0,-0.001210700562994285,4.307071318595463e-05,4.30707130039534e-05,8.612322588651856e-05,0.001081515266186509,-4.307071318595462e-05
1,0.00357110000000089,0.8634998879960188,-0.0001818947664006254,-12.0,-0.432022787966558,12.0,-0.001210863159015599,4.318408932001573e-05,4.318408913812098e-05,8.634998879960189e-05,0.001081337745916192,-4.318408932001574e-05
1,0.0035713000000008903,0.8657661535426038,-0.0001817880317022125,-12.0,-0.4331557606367356,12.0,-0.001211025637592594,4.329739726050334e-05,4.32973970787153e-05,8.657661535426038e-05,0.001081160312739853,-4.329739726050334e-05
1,0.00357150000000089,0.8680310519261906,-0.0001816810099561916,-12.0,-0.4342880492948397,12.0,-0.001211187998503803,4.341063682848834e-05,4.341063664680734e-05,8.680310519261906e-05,0.001080982966972802,-4.341063682848835e-05
1,0.00357170000000089,0.870294579570203,-0.0001815737013333707,-12.0,-0.4354196521528385,12.0,-0.001211350241528006,4.352380784515051e-05,4.352380766357682e-05,8.70294579570203e-05,0.001080805708930307,-4.352380784515052e-05
1,0.00357190000000089,0.8725567329002247,-0.0001814661059999501,-12.0,-0.4365505674237734,12.0,-0.00121151236644431,4.363691013177734e-05,4.363690995031123e-05,8.725567329002248e-05,0.001080628538927528,-4.363691013177734e-05
1,0.00357210000000089,0.8748175083439991,-0.00018135822412646,-12.0,-0.4376807933217714,12.0,-0.001211674373032018,4.37499435097645e-05,4.374994332840628e-05,8.748175083439991e-05,0.001080451457279613,-4.37499435097645e-05
1,0.00357230000000089,0.8770769023314564,-0.0001812500558841523,-12.0,-0.438810328062055,12.0,-0.001211836261070721,4.386290780061709e-05,4.386290761936703e-05,8.770769023314564e-05,0.001080274464301589,-4.386290780061709e-05
1,0.00357250000000089,0.8793349112947186,-0.0001811416014437794,-12.0,-0.4399391698609409,12.0,-0.001211998030340271,4.397580282594972e-05,4.397580264480813e-05,8.793349112947186e-05,0.001080097560308441,-4.397580282594972e-05
1,0.003572700000000891,0.8815915316680695,-0.0001810328609719858,-12.0,-0.4410673169358212,12.0,-0.001212159680620738,4.408862840748492e-05,4.408862822645208e-05,8.815915316680695e-05,0.001079920745615075,-4.408862840748492e-05
1,0.003572900000000891,0.8838467598879932,-0.0001809238346460185,-12.0,-0.442194767505204,12.0,-0.001212321211692485,4.42013843670558e-05,4.420138418613197e-05,8.838467598879932e-05,0.001079744020536351,-4.42013843670558e-05
1,0.003573100000000891,0.8861005923931972,-0.0001808145226355751,-12.0,-0.4433215197886972,12.0,-0.001212482623336161,4.431407052660616e-05,4.431407034579163e-05,8.861005923931971e-05,0.001079567385387017,-4.431407052660616e-05
1,0.003573300000000891,0.8883530256245578,-0.0001807049251096315,-12.0,-0.4444475720069925,12.0,-0.001212643915332608,4.442668670818829e-05,4.442668652748337e-05,8.883530256245577e-05,0.001079390840481795,-4.442668670818829e-05
1,0.003573500000000891,0.8906040560251732,-0.0001805950422461566,-12.0,-0.4455729223819062,12.0,-0.001212805087462979,4.453923273396601e-05,4.453923255337097e-05,8.906040560251733e-05,0.001079214386135285,-4.453923273396601e-05
1,0.0035737000000008907,0.8928536800403736,-0.0001804848742159582,-12.0,-0.4466975691363595,12.0,-0.001212966139508657,4.465170842621435e-05,4.465170824572948e-05,8.928536800403736e-05,0.00107903802266205,-4.465170842621435e-05
1,0.0035739000000008913,0.895101894117692,-0.0001803744211922309,-12.0,-0.4478215104943786,12.0,-0.001213127071251291,4.476411360731864e-05,4.476411342694422e-05,8.95101894117692e-05,0.001078861750376553,-4.476411360731863e-05
1,0.003574100000000891,0.8973486947068856,-0.0001802636833491134,-12.0,-0.4489447446811033,12.0,-0.00121328788247281,4.487644809977543e-05,4.487644791951174e-05,8.973486947068857e-05,0.001078685569593237,-4.487644809977543e-05
1,0.003574300000000891,0.8995940782599574,-0.000180152660863242,-12.0,-0.4500672699228002,12.0,-0.001213448572955383,4.498871172619369e-05,4.498871154604103e-05,8.995940782599575e-05,0.001078509480626377,-4.49887117261937e-05
1,0.003574500000000892,0.9018380412311429,-0.0001800413539068679,-12.0,-0.4511890844468452,12.0,-0.001213609142481434,4.510090430929383e-05,4.510090412925249e-05,9.018380412311429e-05,0.001078333483790266,-4.510090430929383e-05
1,0.0035747000000008917,0.9040805800769095,-0.0001799297626564611,-12.0,-0.452310186481737,12.0,-0.001213769590833656,4.521302567190806e-05,4.52130254919783e-05,9.040805800769096e-05,0.001078157579399053,-4.521302567190806e-05
1,0.0035749000000008923,0.9063216912559909,-0.0001798178872896572,-12.0,-0.4534305742571089,12.0,-0.001213929917794995,4.532507563698192e-05,4.532507545716403e-05,9.06321691255991e-05,0.001077981767766856,-4.532507563698192e-05
1,0.003575100000000892,0.9085613712293699,-0.0001797057279800951,-12.0,-0.4545502460037124,12.0,-0.001214090123148666,4.543705402757322e-05,4.54370538478675e-05,9.085613712293699e-05,0.001077806049207687,-4.543705402757323e-05
1,0.003575300000000892,0.9107996164602773,-0.0001795932849055215,-12.0,-0.4556691999534298,12.0,-0.00121425020667814,4.554896066685243e-05,4.554896048725914e-05,9.107996164602773e-05,0.001077630424035483,-4.554896066685243e-05
1,0.003575500000000892,0.9130364234142223,-0.0001794805582444048,-12.0,-0.4567874343392833,12.0,-0.00121441016816716,4.566079537810389e-05,4.566079519862334e-05,9.130364234142223e-05,0.001077454892564098,-4.566079537810389e-05
1,0.003575700000000892,0.9152717885589948,-0.0001793675481743806,-12.0,-0.4579049473954345,12.0,-0.00121457000739969,4.577255798472602e-05,4.577255780535846e-05,9.152717885589948e-05,0.001077279455107334,-4.577255798472601e-05
1,0.003575900000000892,0.9175057083646357,-0.000179254254869754,-12.0,-0.459021737357165,12.0,-0.001214729724160007,4.588424831022953e-05,4.588424813097528e-05,9.175057083646358e-05,0.00107710411197888,-4.588424831022953e-05
1,0.003576100000000892,0.9197381793034777,-0.0001791406785145444,-12.0,-0.4601378024609175,12.0,-0.001214889318232597,4.599586617824029e-05,4.599586599909962e-05,9.197381793034777e-05,0.001076928863492366,-4.59958661782403e-05
1,0.003576300000000893,0.9219691978501597,-0.0001790268192852218,-12.0,-0.4612531409442759,12.0,-0.001215048789402283,4.610741141249907e-05,4.610741123347225e-05,9.219691978501598e-05,0.00107675370996127,-4.610741141249907e-05
1,0.003576500000000893,0.9241987604815944,-0.0001789126773608651,-12.0,-0.4623677510459653,12.0,-0.00121520813745403,4.621888383686046e-05,4.621888365794776e-05,9.241987604815945e-05,0.001076578651699134,-4.621888383686045e-05
1,0.003576700000000893,0.9264268636769932,-0.0001787982529213861,-12.0,-0.4634816310058613,12.0,-0.00121536736217321,4.633028327529399e-05,4.633028309649573e-05,9.264268636769933e-05,0.001076403689019241,-4.633028327529399e-05
1,0.003576900000000893,0.9286535039178844,-0.0001786835461491387,-12.0,-0.4645947790650014,12.0,-0.001215526463345322,4.644160955188522e-05,4.644160937320168e-05,9.286535039178845e-05,0.001076228822234924,-4.644160955188523e-05
1,0.003577100000000893,0.9308786776881008,-0.000178568557222536,-12.0,-0.4657071934655699,12.0,-0.001215685440756183,4.655286249083473e-05,4.655286231226617e-05,9.30878677688101e-05,0.001076054051659371,-4.655286249083474e-05
1,0.003577300000000893,0.9331023814737817,-0.0001784532863237098,-12.0,-0.4668188724509094,12.0,-0.001215844294191908,4.666404191645856e-05,4.666404173800527e-05,9.331023814737817e-05,0.001075879377605692,-4.666404191645856e-05
1,0.0035775000000008933,0.9353246117634045,-0.0001783377336358472,-12.0,-0.4679298142655334,12.0,-0.001216003023438793,4.677514765318976e-05,4.677514747485202e-05,9.353246117634045e-05,0.001075704800386913,-4.677514765318976e-05
1,0.003577700000000893,0.9375453650477659,-0.0001782218993386375,-12.0,-0.4690400171551099,12.0,-0.001216161628283467,4.688617952557713e-05,4.688617934735523e-05,9.37545365047766e-05,0.001075530320315973,-4.688617952557713e-05
1,0.003577900000000894,0.9397646378199859,-0.0001781057836154343,-12.0,-0.4701494793664739,12.0,-0.001216320108512796,4.699713735828584e-05,4.699713718018007e-05,9.397646378199859e-05,0.001075355937705705,-4.699713735828586e-05
1,0.003578100000000894,0.9419824265755369,-0.0001779893866514226,-12.0,-0.4712581991476395,12.0,-0.001216478463913886,4.710802097609882e-05,4.710802079810942e-05,9.419824265755369e-05,0.001075181652868892,-4.710802097609881e-05
1,0.003578300000000894,0.9441987278122315,-0.0001778727086271803,-12.0,-0.4723661747477836,12.0,-0.001216636694274138,4.721883020391564e-05,4.721883002604293e-05,9.441987278122315e-05,0.001075007466118182,-4.721883020391564e-05
1,0.0035785000000008943,0.9464135380302194,-0.0001777557497273929,-12.0,-0.4734734044172583,12.0,-0.001216794799381214,4.732956486675309e-05,4.732956468899734e-05,9.464135380302195e-05,0.001074833377766156,-4.73295648667531e-05
1,0.003578700000000894,0.9486268537320203,-0.000177638510138578,-12.0,-0.4745798864076032,12.0,-0.001216952779022965,4.744022478974647e-05,4.744022461210795e-05,9.486268537320203e-05,0.001074659388125336,-4.744022478974646e-05
1,0.003578900000000894,0.9508386714225061,-0.0001775209900419239,-12.0,-0.4756856189715259,12.0,-0.001217110632987628,4.75508097981484e-05,4.75508096206274e-05,9.508386714225062e-05,0.001074485497508076,-4.75508097981484e-05
1,0.0035791000000008942,0.9530489876089161,-0.0001774031896267236,-12.0,-0.47679060036293,12.0,-0.001217268361063589,4.766131971733034e-05,4.766131953992714e-05,9.530489876089162e-05,0.001074311706226717,-4.766131971733033e-05
1,0.003579300000000894,0.9552577988008598,-0.0001772851090745542,-12.0,-0.4778948288368928,12.0,-0.001217425963039573,4.777175437278183e-05,4.777175419549672e-05,9.552577988008598e-05,0.001074138014593433,-4.777175437278183e-05
1,0.003579500000000894,0.9574651015103242,-0.0001771667485757078,-12.0,-0.4789983026496932,12.0,-0.001217583438704525,4.788211359011174e-05,4.7882113412945e-05,9.574651015103242e-05,0.001073964422920376,-4.788211359011175e-05
1,0.003579700000000895,0.9596708922516818,-0.0001770481083134268,-12.0,-0.4801010200587921,12.0,-0.001217740787847692,4.799239719504788e-05,4.799239701799977e-05,9.596708922516819e-05,0.001073790931519526,-4.799239719504787e-05
1,0.003579900000000895,0.9618751675416795,-0.0001769291884756719,-12.0,-0.4812029793228451,12.0,-0.001217898010258525,4.810260501343694e-05,4.810260483650776e-05,9.618751675416795e-05,0.001073617540702843,-4.810260501343695e-05
1,0.0035801000000008952,0.9640779238994737,-0.0001768099892517916,-12.0,-0.4823041787017145,12.0,-0.001218055105726784,4.821273687124627e-05,4.821273669443628e-05,9.640779238994737e-05,0.001073444250782145,-4.821273687124627e-05
1,0.003580300000000895,0.9662791578466141,-0.0001766905108271377,-12.0,-0.4834046164564529,12.0,-0.001218212074042477,4.832279259456258e-05,4.832279241787207e-05,9.662791578466141e-05,0.001073271062069177,-4.832279259456258e-05
1,0.003580500000000895,0.9684788659070441,-0.0001765707533908367,-12.0,-0.4845042908493158,12.0,-0.001218368914995875,4.843277200959251e-05,4.843277183302175e-05,9.684788659070442e-05,0.00107309797487555,-4.84327720095925e-05
1,0.003580700000000895,0.9706770446071324,-0.0001764507171334584,-12.0,-0.4856032001437736,12.0,-0.001218525628377515,4.854267494266402e-05,4.85426747662133e-05,9.706770446071324e-05,0.001072924989512822,-4.854267494266402e-05
1,0.003580900000000895,0.9728736904756582,-0.0001763304022414092,-12.0,-0.4867013426044952,12.0,-0.001218682213978188,4.865250122022539e-05,4.865250104389498e-05,9.728736904756583e-05,0.001072752106292423,-4.865250122022538e-05
1,0.003581100000000895,0.9750688000438084,-0.0001762098089056474,-12.0,-0.4877987164973608,12.0,-0.001218838671588965,4.876225066884551e-05,4.87622504926357e-05,9.750688000438085e-05,0.00107257932552568,-4.876225066884552e-05
1,0.003581300000000895,0.9772623698452148,-0.0001760889373177976,-12.0,-0.4888953200894734,12.0,-0.001218995001001179,4.887192311521555e-05,4.887192293912663e-05,9.772623698452148e-05,0.001072406647523831,-4.887192311521556e-05
1,0.003581500000000896,0.9794543964159288,-0.0001759677876651544,-12.0,-0.48999115164914,12.0,-0.001219151202006406,4.898151838614748e-05,4.89815182101797e-05,9.794543964159289e-05,0.001072234072598023,-4.898151838614749e-05
1,0.003581700000000896,0.9816448762944436,-0.0001758463601426175,-12.0,-0.4910862094458993,12.0,-0.001219307274396481,4.909103630857567e-05,4.909103613272932e-05,9.816448762944437e-05,0.001072061601059299,-4.909103630857567e-05
1,0.003581900000000896,0.9838338060216973,-0.0001757246549381475,-12.0,-0.4921804917505023,12.0,-0.001219463217963554,4.920047670955643e-05,4.920047653383177e-05,9.838338060216974e-05,0.001071889233218562,-4.920047670955642e-05
1,0.003582100000000896,0.9860211821410618,-0.0001756026722449233,-12.0,-0.493273996834925,12.0,-0.001219619032499966,4.930983941626801e-05,4.930983924066534e-05,9.860211821410619e-05,0.001071716969386662,-4.930983941626801e-05
1,0.003582300000000896,0.9882070011983809,-0.0001754804122566234,-12.0,-0.4943667229723796,12.0,-0.001219774717798411,4.941912425601229e-05,4.941912408053188e-05,9.88207001198381e-05,0.001071544809874307,-4.94191242560123e-05
1,0.0035825000000008957,0.9903912597419494,-0.0001753578751639284,-12.0,-0.4954586684372994,12.0,-0.001219930273651727,4.952833105621354e-05,4.952833088085566e-05,9.903912597419494e-05,0.001071372754992132,-4.952833105621355e-05
1,0.0035827000000008963,0.9925739543225186,-0.0001752350611602393,-12.0,-0.4965498315053503,12.0,-0.001220085699853123,4.9637459644419e-05,4.963745946918394e-05,9.925739543225186e-05,0.001071200805050639,-4.963745964441901e-05
1,0.003582900000000896,0.9947550814933223,-0.000175111970441566,-12.0,-0.4976402104534431,12.0,-0.001220240996196026,4.974650984830016e-05,4.974650967318819e-05,9.947550814933223e-05,0.00107102896036023,-4.974650984830016e-05
1,0.003583100000000896,0.9969346378100625,-0.0001749886031980896,-12.0,-0.4987298035597145,12.0,-0.001220396162474165,4.985548149565164e-05,4.985548132066303e-05,9.969346378100626e-05,0.001070857221231201,-4.985548149565164e-05
1,0.003583300000000897,0.9991126198309236,-0.0001748649596285956,-12.0,-0.4998186091035542,12.0,-0.001220551198481468,4.996437441439257e-05,4.996437423952761e-05,9.991126198309236e-05,0.001070685587973727,-4.996437441439257e-05
1,0.0035835000000008967,1.001289024116575,-0.0001747410399238203,-12.0,-0.5009066253655838,12.0,-0.001220706104012155,5.007318843256601e-05,5.007318825782496e-05,0.0001001289024116576,0.001070514060897941,-5.007318843256601e-05
1,0.0035837000000008973,1.00346384723018,-0.0001746168442831042,-12.0,-0.501993850627683,12.0,-0.001220860878860731,5.018192337833999e-05,5.018192320372314e-05,0.000100346384723018,0.001070342640313769,-5.018192337833999e-05
1,0.003583900000000897,1.005637085737399,-0.000174492372899071,-12.0,-0.5030802831729717,12.0,-0.001221015522821965,5.029057908000727e-05,5.029057890551488e-05,0.0001005637085737399,0.001070171326531082,-5.029057908000727e-05
1,0.003584100000000897,1.007808736206384,-0.0001743676259690075,-12.0,-0.5041659212858216,12.0,-0.001221170035690847,5.039915536598526e-05,5.039915519161764e-05,0.0001007808736206384,0.001070000119859638,-5.039915536598526e-05
1,0.003584300000000897,1.00997879520781,-0.0001742426036911993,-12.0,-0.505250763251868,12.0,-0.001221324417262692,5.050765206481769e-05,5.050765189057508e-05,0.000100997879520781,0.001069829020609092,-5.050765206481769e-05
1,0.003584500000000897,1.012147259314862,-0.000174117306260102,-12.0,-0.5063348073579944,12.0,-0.001221478667333006,5.061606900517343e-05,5.061606883105613e-05,0.0001012147259314862,0.001069658029088948,-5.061606900517344e-05
1,0.003584700000000897,1.01431412510323,-0.0001739917338744457,-12.0,-0.507418051892344,12.0,-0.001221632785697667,5.072440601584696e-05,5.072440584185523e-05,0.000101431412510323,0.001069487145608623,-5.072440601584696e-05
1,0.003584900000000897,1.016479389151145,-0.0001738658867336818,-12.0,-0.508500495144332,12.0,-0.001221786772152698,5.083266292575984e-05,5.083266275189396e-05,0.0001016479389151145,0.001069316370477427,-5.083266292575983e-05
1,0.003585100000000898,1.018643048039363,-0.0001737397650335426,-12.0,-0.5095821354046297,12.0,-0.001221940626494465,5.094083956395962e-05,5.094083939021985e-05,0.0001018643048039363,0.001069145704004529,-5.094083956395962e-05
1,0.003585300000000898,1.020805098351163,-0.0001736133689740349,-12.0,-0.5106629709651764,12.0,-0.001222094348519567,5.104893575962024e-05,5.104893558600688e-05,0.0001020805098351163,0.001068975146499042,-5.104893575962024e-05
1,0.003585500000000898,1.022965536672382,-0.0001734866987557759,-12.0,-0.5117430001191915,12.0,-0.001222247938024904,5.115695134204358e-05,5.115695116855688e-05,0.0001022965536672382,0.001068804698269858,-5.115695134204357e-05
1,0.003585700000000898,1.025124359591393,-0.0001733597545763299,-12.0,-0.5128222211611583,12.0,-0.00122240139480756,5.12648861406582e-05,5.126488596729845e-05,0.0001025124359591393,0.001068634359625877,-5.12648861406582e-05
1,0.003585900000000898,1.027281563699112,-0.0001732325366365361,-12.0,-0.5139006323868364,12.0,-0.001222554718664989,5.137273998501999e-05,5.137273981178745e-05,0.0001027281563699112,0.001068464130875788,-5.137273998501999e-05
1,0.0035861000000008978,1.029437145589026,-0.0001731050451378446,-12.0,-0.5149782320932703,12.0,-0.001222707909394868,5.148051270481324e-05,5.148051253170819e-05,0.0001029437145589026,0.001068294012328184,-5.148051270481324e-05
1,0.0035863000000008983,1.031591101857187,-0.0001729772802818164,-12.0,-0.5160550185787893,12.0,-0.001222860966795074,5.158820412985076e-05,5.158820395687347e-05,0.0001031591101857188,0.001068124004291571,-5.158820412985075e-05
1,0.003586500000000898,1.033743429102195,-0.0001728492422656824,-12.0,-0.5171309901429882,12.0,-0.00122301389066385,5.169581409007226e-05,5.169581391722301e-05,0.0001033743429102195,0.001067954107074304,-5.169581409007226e-05
1,0.003586700000000899,1.035894123925225,-0.0001727209312967215,-12.0,-0.5182061450867672,12.0,-0.001223166680799657,5.180334241554704e-05,5.180334224282611e-05,0.0001035894123925225,0.001067784320984637,-5.180334241554705e-05
1,0.003586900000000899,1.038043182930054,-0.0001725923475748292,-12.0,-0.5192804817123128,12.0,-0.001223319337001219,5.191078893647381e-05,5.191078876388146e-05,0.0001038043182930054,0.001067614646330678,-5.19107889364738e-05
1,0.0035871000000008988,1.04019060272302,-0.0001724634913020662,-12.0,-0.5203539983230979,12.0,-0.001223471859067536,5.201815348317958e-05,5.201815331071609e-05,0.000104019060272302,0.001067445083420424,-5.201815348317958e-05
1,0.0035873000000008993,1.042336379913047,-0.0001723343626819918,-12.0,-0.5214266932238902,12.0,-0.001223624246797873,5.212543588612083e-05,5.212543571378648e-05,0.0001042336379913047,0.001067275632561773,-5.212543588612082e-05
1,0.003587500000000899,1.04448051111167,-0.0001722049619198862,-12.0,-0.5224985647207642,12.0,-0.001223776499991738,5.223263597588442e-05,5.223263580367948e-05,0.000104448051111167,0.001067106294062488,-5.223263597588443e-05
1,0.003587700000000899,1.046622992933012,-0.000172075289217366,-12.0,-0.5235696111210851,12.0,-0.001223928618448958,5.233975358318677e-05,5.233975341111148e-05,0.0001046622992933012,0.001066937068230155,-5.233975358318678e-05
1,0.0035879000000008992,1.048763821993797,-0.000171945344779767,-12.0,-0.5246398307335218,12.0,-0.001224080601969553,5.244678853887421e-05,5.244678836692885e-05,0.0001048763821993797,0.001066767955372333,-5.244678853887422e-05
1,0.003588100000000899,1.050902994913371,-0.000171815128813535,-12.0,-0.5257092218680575,12.0,-0.001224232450353913,5.255374067392438e-05,5.255374050210925e-05,0.0001050902994913372,0.001066598955796347,-5.25537406739244e-05
1,0.003588300000000899,1.053040508313692,-0.0001716846415212858,-12.0,-0.5267777828359743,12.0,-0.001224384163402557,5.266060981944529e-05,5.266060964776067e-05,0.0001053040508313692,0.001066430069809506,-5.266060981944531e-05
1,0.0035885000000009,1.055176358819324,-0.0001715538831100205,-12.0,-0.5278455119498657,12.0,-0.001224535740916403,5.276739580667557e-05,5.276739563512169e-05,0.0001055176358819324,0.001066261297718897,-5.276739580667558e-05
1,0.0035887000000009,1.057310543057473,-0.0001714228537866846,-12.0,-0.5289124075236449,12.0,-0.001224687182696527,5.287409846698582e-05,5.287409829556296e-05,0.0001057310543057473,0.001066092639831547,-5.287409846698582e-05
1,0.0035889000000009002,1.059443057657982,-0.0001712915537583348,-12.0,-0.5299784678725439,12.0,-0.001224838488544336,5.298071763187856e-05,5.298071746058701e-05,0.0001059443057657982,0.00106592409645434,-5.298071763187855e-05
1,0.0035891000000009,1.061573899253309,-0.0001711599832276423,-12.0,-0.5310436913130959,12.0,-0.001224989658261504,5.308725313298683e-05,5.308725296182686e-05,0.0001061573899253309,0.001065755667893971,-5.308725313298684e-05
1,0.0035893000000009,1.063703064478562,-0.0001710281424076587,-12.0,-0.5321080761631739,12.0,-0.001225140691649931,5.319370480207662e-05,5.319370463104848e-05,0.0001063703064478562,0.001065587354457075,-5.319370480207663e-05
1,0.0035895000000009,1.065830549971516,-0.0001708960315043306,-12.0,-0.5331716207419748,12.0,-0.001225291588511833,5.330007247104703e-05,5.3300072300151e-05,0.0001065830549971516,0.001065419156450136,-5.330007247104705e-05
1,0.0035897000000009,1.067956352372568,-0.0001707636507227717,-12.0,-0.5342343233700045,12.0,-0.001225442348649623,5.340635597192818e-05,5.340635580116453e-05,0.0001067956352372568,0.001065251074179534,-5.340635597192818e-05
1,0.0035899000000009004,1.070080468324783,-0.0001706310002767553,-12.0,-0.5352961823691167,12.0,-0.001225592971866078,5.3512555136884e-05,5.351255496625299e-05,0.0001070080468324783,0.001065083107951427,-5.3512555136884e-05
1,0.0035901000000009,1.072202894473912,-0.0001704980803735601,-12.0,-0.5363571960624968,12.0,-0.001225743457964175,5.361866979821234e-05,5.361866962771427e-05,0.0001072202894473912,0.001064915258071911,-5.361866979821233e-05
1,0.003590300000000901,1.074323627468339,-0.0001703648912195765,-12.0,-0.5374173627746476,12.0,-0.001225893806747126,5.372469978834282e-05,5.372469961797793e-05,0.0001074323627468339,0.001064747524847004,-5.37246997883428e-05
1,0.003590500000000901,1.076442663959136,-0.0001702314330296884,-12.0,-0.538476680831427,12.0,-0.001226044018018464,5.383064493983972e-05,5.383064476960829e-05,0.0001076442663959136,0.00106457990858249,-5.383064493983974e-05
1,0.003590700000000901,1.07856000060007,-0.0001700977060121733,-12.0,-0.5395351485600303,12.0,-0.001226194091582047,5.393650508540181e-05,5.393650491530411e-05,0.000107856000060007,0.001064412409583985,-5.393650508540181e-05
1,0.0035909000000009014,1.080675634047573,-0.0001699637103773632,-12.0,-0.5405927642889894,12.0,-0.001226344027241852,5.404228005786121e-05,5.404227988789751e-05,0.0001080675634047573,0.001064245028157142,-5.404228005786121e-05
1,0.003591100000000901,1.082789560960765,-0.0001698294463365335,-12.0,-0.5416495263481818,12.0,-0.001226493824802277,5.414796969018451e-05,5.414796952035507e-05,0.0001082789560960765,0.001064077764607277,-5.414796969018452e-05
1,0.003591300000000901,1.084901778001474,-0.0001696949141036797,-12.0,-0.5427054330688418,12.0,-0.00122664348406782,5.425357381547381e-05,5.42535736457789e-05,0.0001084901778001474,0.001063910619239723,-5.425357381547381e-05
1,0.0035915000000009013,1.087012281834225,-0.0001695601138879121,-12.0,-0.5437604827835457,12.0,-0.001226793004843407,5.435909226696577e-05,5.435909209740566e-05,0.0001087012281834225,0.001063743592359605,-5.435909226696578e-05
1,0.003591700000000901,1.089121069126237,-0.0001694250459027269,-12.0,-0.544814673826223,12.0,-0.001226942386934125,5.446452487803202e-05,5.446452470860698e-05,0.0001089121069126237,0.00106357668427192,-5.446452487803202e-05
1,0.003591900000000901,1.091228136547453,-0.0001692897103630076,-12.0,-0.545868004532168,12.0,-0.001227091630145408,5.45698714821805e-05,5.456987131289077e-05,0.0001091228136547453,0.001063409895281503,-5.45698714821805e-05
1,0.003592100000000902,1.093333480770529,-0.00016915410747953,-12.0,-0.546920473238025,12.0,-0.001227240734282875,5.467513191305456e-05,5.467513174390043e-05,0.0001093333480770529,0.001063243225693095,-5.467513191305454e-05
1,0.003592300000000902,1.095437098470833,-0.0001690182374667337,-12.0,-0.547972078281799,12.0,-0.001227389699152495,5.478030600443323e-05,5.478030583541499e-05,0.0001095437098470833,0.001063076675811229,-5.478030600443323e-05
1,0.0035925000000009023,1.097538986326468,-0.0001688821005401686,-12.0,-0.5490228180028651,12.0,-0.001227538524560395,5.48853935902325e-05,5.48853934213504e-05,0.0001097538986326468,0.001062910245940421,-5.48853935902325e-05
1,0.003592700000000902,1.099639141018274,-0.0001687456969141077,-12.0,-0.5500726907419651,12.0,-0.001227687210313091,5.49903945045051e-05,5.49903943357594e-05,0.0001099639141018274,0.001062743936384884,-5.499039450450509e-05
1,0.003592900000000902,1.101737559229819,-0.0001686090268023244,-12.0,-0.5511216948412034,12.0,-0.001227835756217287,5.509530858144011e-05,5.509530841283108e-05,0.0001101737559229819,0.001062577747448799,-5.509530858144012e-05
1,0.003593100000000902,1.103834237647409,-0.0001684720904207571,-12.0,-0.5521698286440565,12.0,-0.001227984162080011,5.520013565536357e-05,5.520013548689149e-05,0.0001103834237647409,0.001062411679436173,-5.520013565536357e-05
1,0.003593300000000902,1.105929172960109,-0.000168334887987176,-12.0,-0.553217090495384,12.0,-0.00122813242770848,5.530487556073968e-05,5.530487539240479e-05,0.0001105929172960109,0.001062245732650853,-5.530487556073969e-05
1,0.003593500000000902,1.108022361859732,-0.0001681974197155212,-12.0,-0.5542634787414135,12.0,-0.001228280552910251,5.54095281321698e-05,5.540952796397236e-05,0.0001108022361859732,0.001062079907396561,-5.54095281321698e-05
1,0.003593700000000902,1.11011380104084,-0.0001680596858234518,-12.0,-0.5553089917297521,12.0,-0.001228428537493109,5.551409320439287e-05,5.551409303633317e-05,0.000111011380104084,0.001061914203976867,-5.551409320439287e-05
1,0.003593900000000903,1.112203487200774,-0.0001679216865292377,-12.0,-0.556353627809398,12.0,-0.001228576381265119,5.561857061228687e-05,5.561857044436518e-05,0.0001112203487200775,0.001061748622695195,-5.561857061228688e-05
1,0.003594100000000903,1.114291417039637,-0.0001677834220485952,-12.0,-0.5573973853307254,12.0,-0.001228724084034655,5.572296019086767e-05,5.572296002308426e-05,0.0001114291417039637,0.001061583163854803,-5.572296019086768e-05
1,0.003594300000000903,1.116377587260293,-0.0001676448926002938,-12.0,-0.5584402626454957,12.0,-0.001228871645610245,5.582726177528954e-05,5.582726160764465e-05,0.0001116377587260293,0.00106141782775885,-5.582726177528954e-05
1,0.003594500000000903,1.118461994568403,-0.0001675060984042687,-12.0,-0.5594822581068691,12.0,-0.001229019065800807,5.59314752008465e-05,5.593147503334039e-05,0.0001118461994568403,0.001061252614710274,-5.59314752008465e-05
1,0.003594700000000903,1.120544635672408,-0.0001673670396769578,-12.0,-0.5605233700693898,12.0,-0.001229166344415486,5.603560030297127e-05,5.603560013560425e-05,0.0001120544635672408,0.001061087525011918,-5.603560030297128e-05
1,0.0035949000000009028,1.122625507283524,-0.0001672277166382963,-12.0,-0.5615635968889966,12.0,-0.001229313481263643,5.613963691723582e-05,5.613963675000811e-05,0.0001122625507283524,0.001060922558966476,-5.613963691723583e-05
1,0.0035951000000009033,1.124704606115778,-0.0001670881295102178,-12.0,-0.5626029369230356,12.0,-0.001229460476155013,5.624358487935255e-05,5.624358471226442e-05,0.0001124704606115778,0.001060757716876429,-5.624358487935255e-05
1,0.003595300000000903,1.126781928885989,-0.0001669482785090493,-12.0,-0.563641388530241,12.0,-0.001229607328899464,5.634744402517319e-05,5.634744385822492e-05,0.0001126781928885989,0.001060592999044201,-5.63474440251732e-05
1,0.003595500000000903,1.128857472313783,-0.0001668081638591112,-12.0,-0.5646789500707619,12.0,-0.001229754039307231,5.645121419069028e-05,5.645121402388212e-05,0.0001128857472313783,0.001060428405772008,-5.645121419069028e-05
1,0.003595700000000904,1.130931233121597,-0.000166667785778507,-12.0,-0.5657156199061438,12.0,-0.001229900607188819,5.655489521203653e-05,5.655489504536876e-05,0.0001130931233121597,0.001060263937361854,-5.655489521203654e-05
1,0.0035959000000009038,1.133003208034671,-0.0001665271444892813,-12.0,-0.566751396399341,12.0,-0.001230047032354957,5.665848692548517e-05,5.665848675895803e-05,0.0001133003208034671,0.00106009959411571,-5.665848692548517e-05
1,0.0035961000000009043,1.135073393781083,-0.0001663862402151994,-12.0,-0.5677862779147266,12.0,-0.001230193314616629,5.676198916745114e-05,5.67619890010649e-05,0.0001135073393781083,0.001059935376335329,-5.676198916745115e-05
1,0.003596300000000904,1.137141787091725,-0.0001662450731749754,-12.0,-0.5688202628180757,12.0,-0.001230339453785159,5.686540177449009e-05,5.6865401608245e-05,0.0001137141787091725,0.001059771284322282,-5.686540177449008e-05
1,0.003596500000000904,1.139208384700324,-0.0001661036435949836,-12.0,-0.5698533494765909,12.0,-0.00123048544967206,5.69687245832996e-05,5.696872441719595e-05,0.0001139208384700324,0.001059607318378057,-5.69687245832996e-05
1,0.003596700000000904,1.141273183343444,-0.0001659619516951039,-12.0,-0.5708855362588843,12.0,-0.001230631302089162,5.707195743071892e-05,5.707195726475697e-05,0.0001141273183343444,0.001059443478803906,-5.707195743071892e-05
1,0.003596900000000904,1.143336179760479,-0.0001658199976998787,-12.0,-0.5719168215349892,12.0,-0.001230777010848533,5.717510015372893e-05,5.717509998790894e-05,0.0001143336179760479,0.001059279765901006,-5.717510015372893e-05
1,0.003597100000000904,1.145397370693683,-0.0001656777818346833,-12.0,-0.5729472036763713,12.0,-0.001230922575762558,5.727815258945367e-05,5.727815242377589e-05,0.0001145397370693683,0.001059116179970253,-5.727815258945366e-05
1,0.003597300000000905,1.147456752888153,-0.0001655353043207297,-12.0,-0.5739766810559107,12.0,-0.001231067996643839,5.7381114575159e-05,5.738111440962371e-05,0.0001147456752888153,0.001058952721312539,-5.7381114575159e-05
1,0.003597500000000905,1.149514323091846,-0.0001653925653860577,-12.0,-0.5750052520479279,12.0,-0.001231213273305276,5.748398594825417e-05,5.74839857828616e-05,0.0001149514323091846,0.001058789390228458,-5.748398594825418e-05
1,0.003597700000000905,1.151570078055581,-0.000165249565253045,-12.0,-0.5760329150281659,12.0,-0.001231358405560004,5.758676654629129e-05,5.758676638104172e-05,0.0001151570078055581,0.001058626187018546,-5.758676654629129e-05
1,0.003597900000000905,1.153624014533033,-0.000165106304148066,-12.0,-0.5770596683738017,12.0,-0.001231503393221478,5.768945620696536e-05,5.768945604185908e-05,0.0001153624014533034,0.001058463111983092,-5.768945620696538e-05
1,0.003598100000000905,1.155676129280764,-0.0001649627822986055,-12.0,-0.5780855104634577,12.0,-0.001231648236103361,5.779205476811591e-05,5.779205460315313e-05,0.0001155676129280764,0.001058300165422299,-5.779205476811591e-05
1,0.003598300000000905,1.157726419058207,-0.0001648189999283733,-12.0,-0.5791104396771859,12.0,-0.001231792934019642,5.789456206772575e-05,5.789456190290675e-05,0.0001157726419058207,0.001058137347636157,-5.789456206772575e-05
1,0.003598500000000905,1.159774880627666,-0.0001646749572651873,-12.0,-0.5801344543964806,12.0,-0.001231937486784573,5.799697794392154e-05,5.799697777924657e-05,0.0001159774880627666,0.001057974658924474,-5.799697794392154e-05
1,0.0035987000000009053,1.16182151075435,-0.0001645306545378089,-12.0,-0.5811575530042884,12.0,-0.001232081894212589,5.809930223497507e-05,5.80993020704444e-05,0.000116182151075435,0.001057812099586983,-5.809930223497506e-05
1,0.003598900000000905,1.163866306206353,-0.0001643860919712803,-12.0,-0.5821797338849941,12.0,-0.001232226156118489,5.82015347793023e-05,5.82015346149162e-05,0.0001163866306206353,0.001057649669923152,-5.820153477930228e-05
1,0.003599100000000906,1.165909263754655,-0.0001642412697944184,-12.0,-0.5832009954244318,12.0,-0.001232370272317339,5.830367541546375e-05,5.830367525122246e-05,0.0001165909263754655,0.001057487370232355,-5.830367541546375e-05
1,0.003599300000000906,1.167950380173157,-0.0001640961882370395,-12.0,-0.5842213360098957,12.0,-0.001232514242624404,5.840572398216585e-05,5.840572381806968e-05,0.0001167950380173157,0.001057325200813766,-5.840572398216586e-05
1,0.003599500000000906,1.169989652238657,-0.0001639508475259066,-12.0,-0.585240754030126,12.0,-0.001232658066855297,5.850768031826001e-05,5.850768015430915e-05,0.0001169989652238657,0.001057163161966364,-5.850768031826001e-05
1,0.0035997000000009063,1.172027076730861,-0.0001638052478908358,-12.0,-0.5862592478753195,12.0,-0.001232801744825825,5.860954426274287e-05,5.86095440989376e-05,0.0001172027076730861,0.001057001253989026,-5.860954426274287e-05
1,0.003599900000000906,1.174062650432402,-0.000163659389562254,-12.0,-0.5872768159371383,12.0,-0.001232945276352107,5.87113156547576e-05,5.871131549109822e-05,0.0001174062650432402,0.001056839477180424,-5.87113156547576e-05
1,0.003600100000000906,1.176096370128838,-0.0001635132727700883,-12.0,-0.5882934566087066,12.0,-0.001233088661250548,5.881299433359364e-05,5.881299417008039e-05,0.0001176096370128838,0.001056677831839027,-5.881299433359365e-05
1,0.0036003000000009062,1.178128232608645,-0.0001633668977435998,-12.0,-0.5893091682846069,12.0,-0.001233231899337772,5.891458013868633e-05,5.891457997531943e-05,0.0001178128232608645,0.001056516318263194,-5.891458013868634e-05
1,0.003600500000000906,1.18015823466323,-0.0001632202647141034,-12.0,-0.590323949360889,12.0,-0.001233374990430677,5.90160729096175e-05,5.901607274639724e-05,0.000118015823466323,0.001056354936751117,-5.90160729096175e-05
1,0.003600700000000906,1.182186373086952,-0.0001630733739143575,-12.0,-0.591337798235081,12.0,-0.001233517934346492,5.911747248611668e-05,5.91174723230433e-05,0.0001182186373086952,0.001056193687600709,-5.911747248611668e-05
1,0.003600900000000907,1.184212644677103,-0.0001629262255735675,-12.0,-0.5923507133061741,12.0,-0.001233660730902683,5.921877870806005e-05,5.921877854513383e-05,0.0001184212644677103,0.001056032571109845,-5.921877870806005e-05
1,0.003601100000000907,1.186237046233918,-0.0001627788199247693,-12.0,-0.5933626929746342,12.0,-0.001233803379916909,5.931999141547094e-05,5.931999125269212e-05,0.0001186237046233918,0.001055871587576168,-5.931999141547094e-05
1,0.0036013000000009072,1.188259574560597,-0.0001626311572020533,-12.0,-0.5943737356424131,12.0,-0.001233945881207218,5.942111044852112e-05,5.942111028588994e-05,0.0001188259574560597,0.0010557107372971,-5.942111044852111e-05
1,0.003601500000000907,1.190280226463296,-0.00016248323763568,-12.0,-0.5953838397129336,12.0,-0.001234088234591826,5.952213564752979e-05,5.952213548504657e-05,0.0001190280226463296,0.001055550020570006,-5.95221356475298e-05
1,0.003601700000000907,1.192298998751121,-0.0001623350614599062,-12.0,-0.5963930035911007,12.0,-0.001234230439889281,5.962306685296408e-05,5.962306669062903e-05,0.0001192298998751121,0.00105538943769197,-5.962306685296408e-05
1,0.003601900000000907,1.194315888236162,-0.0001621866289100438,-12.0,-0.5974012256833123,12.0,-0.001234372496918434,5.972390390544023e-05,5.97239037432536e-05,0.0001194315888236162,0.001055228988959898,-5.972390390544023e-05
1,0.003602100000000907,1.196330891733479,-0.0001620379402177408,-12.0,-0.5984085043974456,12.0,-0.001234514405498266,5.98246466457228e-05,5.982464648368484e-05,0.0001196330891733479,0.001055068674670624,-5.982464664572279e-05
1,0.003602300000000907,1.198344006061099,-0.0001618889956182534,-12.0,-0.599414838142867,12.0,-0.001234656165448197,5.992529491472487e-05,5.992529475283589e-05,0.0001198344006061099,0.001054908495120688,-5.992529491472487e-05
1,0.003602500000000907,1.200355228040044,-0.0001617397953475597,-12.0,-0.600420225330441,12.0,-0.001234797776587734,6.002584855350937e-05,6.002584839176956e-05,0.0001200355228040044,0.001054748450606505,-6.002584855350935e-05
1,0.003602700000000908,1.20236455449433,-0.0001615903396410268,-12.0,-0.6014246643725297,12.0,-0.00123493923873684,6.012630740328888e-05,6.012630724169854e-05,0.000120236455449433,0.001054588541424324,-6.012630740328887e-05
1,0.003602900000000908,1.204371982250946,-0.0001614406287306358,-12.0,-0.6024281536829754,12.0,-0.001235080551715659,6.022667130542447e-05,6.022667114398385e-05,0.0001204371982250946,0.001054428767870173,-6.022667130542447e-05
1,0.003603100000000908,1.206377508139888,-0.0001612906628578048,-12.0,-0.6034306916771373,12.0,-0.001235221715344501,6.032694010142794e-05,6.032693994013727e-05,0.0001206377508139888,0.001054269130239961,-6.032694010142794e-05
1,0.003603300000000908,1.208381128994173,-0.0001611404422569573,-12.0,-0.6044322767718764,12.0,-0.001235362729444175,6.042711363296195e-05,6.042711347182151e-05,0.0001208381128994173,0.001054109628829299,-6.042711363296194e-05
1,0.003603500000000908,1.210382841649799,-0.0001609899671621284,-12.0,-0.6054329073855421,12.0,-0.001235503593835521,6.052719174183801e-05,6.052719158084804e-05,0.0001210382841649799,0.001053950263933769,-6.052719174183801e-05
1,0.0036037000000009077,1.212382642945785,-0.0001608392378152912,-12.0,-0.6064325819380076,12.0,-0.001235644308339862,6.062717427001924e-05,6.062717410918e-05,0.0001212382642945785,0.001053791035848656,-6.062717427001924e-05
1,0.0036039000000009083,1.214380529724186,-0.0001606882544517574,-12.0,-0.6074312988506533,12.0,-0.001235784872778631,6.072706105962014e-05,6.072706089893191e-05,0.0001214380529724186,0.001053631944869078,-6.072706105962016e-05
1,0.003604100000000908,1.216376498830063,-0.0001605370173095588,-12.0,-0.6084290565463659,12.0,-0.001235925286973541,6.082685195290563e-05,6.082685179236862e-05,0.0001216376498830063,0.001053472991290057,-6.082685195290564e-05
1,0.003604300000000908,1.218370547111502,-0.0001603855266272824,-12.0,-0.609425853449547,12.0,-0.001236065550746693,6.092654679229197e-05,6.092654663190645e-05,0.0001218370547111502,0.001053314175406286,-6.092654679229197e-05
1,0.003604500000000909,1.220362671419635,-0.0001602337826455136,-12.0,-0.610421687986124,12.0,-0.001236205663920353,6.102614542034785e-05,6.102614526011405e-05,0.0001220362671419635,0.001053155497512399,-6.102614542034784e-05
1,0.0036047000000009087,1.222352868608631,-0.0001600817856011183,-12.0,-0.6114165585835353,12.0,-0.001236345626317095,6.11256476797934e-05,6.112564751971162e-05,0.0001222352868608631,0.001052996957902765,-6.112564767979342e-05
1,0.0036049000000009093,1.224341135535688,-0.0001599295357348485,-12.0,-0.6124104636707415,12.0,-0.001236485437759727,6.122505341350068e-05,6.122505325357115e-05,0.0001224341135535688,0.001052838556871605,-6.122505341350067e-05
1,0.003605100000000909,1.226327469061068,-0.0001597770332881776,-12.0,-0.6134034016782367,12.0,-0.001236625098071376,6.132436246449486e-05,6.132436230471781e-05,0.0001226327469061068,0.001052680294712928,-6.132436246449486e-05
1,0.003605300000000909,1.228311866048083,-0.0001596242784992485,-12.0,-0.6143953710380333,12.0,-0.001236764607075377,6.14235746759534e-05,6.142357451632913e-05,0.0001228311866048084,0.001052522171720575,-6.142357467595341e-05
1,0.003605500000000909,1.230294323363092,-0.0001594712716099234,-12.0,-0.6153863701836735,12.0,-0.001236903964595415,6.152268989120636e-05,6.152268973173509e-05,0.0001230294323363092,0.00105236418818818,-6.152268989120635e-05
1,0.003605700000000909,1.232274837875526,-0.0001593180128625082,-12.0,-0.6163763975502371,12.0,-0.001237043170455379,6.162170795373746e-05,6.162170779441945e-05,0.0001232274837875526,0.001052206344409189,-6.162170795373746e-05
1,0.003605900000000909,1.234253406457897,-0.0001591645024987542,-12.0,-0.6173654515743414,12.0,-0.001237182224479438,6.172062870718427e-05,6.172062854801978e-05,0.0001234253406457897,0.001052048640676893,-6.172062870718427e-05
1,0.003606100000000909,1.236230025985761,-0.0001590107407573593,-12.0,-0.618353530694124,12.0,-0.001237321126492053,6.181945199533665e-05,6.181945183632592e-05,0.0001236230025985761,0.001051891077284331,-6.181945199533668e-05
1,0.00360630000000091,1.238204693337766,-0.0001588567278857367,-12.0,-0.6193406333492787,12.0,-0.001237459876317959,6.19181776621393e-05,6.191817750328257e-05,0.0001238204693337766,0.001051733654524371,-6.19181776621393e-05
1,0.00360650000000091,1.240177405395658,-0.0001587024641248047,-12.0,-0.6203267579810411,12.0,-0.001237598473782089,6.201680555169165e-05,6.201680539298917e-05,0.0001240177405395658,0.001051576372689725,-6.201680555169162e-05
1,0.00360670000000091,1.242148159044246,-0.0001585479497149822,-12.0,-0.6213119030321747,12.0,-0.00123773691870975,6.211533550824597e-05,6.211533534969804e-05,0.0001242148159044246,0.001051419232072838,-6.211533550824598e-05
1,0.00360690000000091,1.244116951171435,-0.0001583931849047371,-12.0,-0.6222960669470066,12.0,-0.001237875210926428,6.22137673762102e-05,6.221376721781701e-05,0.0001244116951171436,0.00105126223296606,-6.221376737621019e-05
1,0.00360710000000091,1.24608377866825,-0.0001582381699358759,-12.0,-0.6232792481714104,12.0,-0.001238013350257916,6.231210100014745e-05,6.231210084190928e-05,0.000124608377866825,0.001051105375661443,-6.231210100014746e-05
1,0.0036073000000009098,1.248048638428797,-0.0001580829050524257,-12.0,-0.624261445152806,12.0,-0.001238151336530297,6.241033622477535e-05,6.241033606669245e-05,0.0001248048638428797,0.001050948660450912,-6.241033622477536e-05
1,0.0036075000000009103,1.250011527350289,-0.0001579273904995238,-12.0,-0.6252426563401675,12.0,-0.001238289169569903,6.25084728949668e-05,6.25084727370394e-05,0.0001250011527350289,0.001050792087626151,-6.25084728949668e-05
1,0.00360770000000091,1.251972442333063,-0.0001577716265241391,-12.0,-0.6262228801840342,12.0,-0.001238426849203306,6.260651085575102e-05,6.260651069797938e-05,0.0001251972442333063,0.001050635657478684,-6.2606510855751e-05
1,0.003607900000000911,1.253931380280571,-0.0001576156133694662,-12.0,-0.6272021151364957,12.0,-0.00123856437525742,6.270444995231262e-05,6.2704449794697e-05,0.0001253931380280571,0.001050479370299805,-6.270444995231263e-05
1,0.003608100000000911,1.255888338099373,-0.000157459351282585,-12.0,-0.628180359651204,12.0,-0.001238701747559329,6.280229002999213e-05,6.280228987253277e-05,0.0001255888338099373,0.001050323226380642,-6.280229002999214e-05
1,0.0036083000000009108,1.257843312699174,-0.000157302840511464,-12.0,-0.6291576121833827,12.0,-0.001238838965936462,6.290003093428713e-05,6.29000307769843e-05,0.0001257843312699174,0.001050167226012082,-6.290003093428714e-05
1,0.0036085000000009113,1.259796300992805,-0.0001571460813005188,-12.0,-0.6301338711898141,12.0,-0.00123897603021654,6.299767251085135e-05,6.299767235370528e-05,0.0001259796300992805,0.001050011369484842,-6.299767251085136e-05
1,0.003608700000000911,1.261747299896224,-0.0001569890738977731,-12.0,-0.6311091351288491,12.0,-0.00123911294022741,6.309521460549514e-05,6.309521444850606e-05,0.0001261747299896224,0.001049855657089441,-6.309521460549515e-05
1,0.003608900000000911,1.263696306328542,-0.0001568318185527495,-12.0,-0.6320834024604185,12.0,-0.001239249695797376,6.319265706418656e-05,6.319265690735477e-05,0.0001263696306328542,0.001049700089116146,-6.319265706418658e-05
1,0.0036091000000009112,1.265643317212015,-0.0001566743155100858,-12.0,-0.6330566716460155,12.0,-0.001239386296754838,6.328999973305055e-05,6.328999957637623e-05,0.0001265643317212015,0.001049544665855134,-6.328999973305055e-05
1,0.003609300000000911,1.267588329472044,-0.0001565165650219136,-12.0,-0.6340289411487208,12.0,-0.001239522742928642,6.338724245836988e-05,6.338724230185331e-05,0.0001267588329472044,0.001049389387596196,-6.338724245836989e-05
1,0.003609500000000911,1.269531340037194,-0.0001563585673333145,-12.0,-0.6350002094331826,12.0,-0.00123965903414773,6.348438508658492e-05,6.348438493022637e-05,0.0001269531340037194,0.001049234254629113,-6.348438508658492e-05
1,0.003609700000000912,1.271472345839185,-0.0001562003226971975,-12.0,-0.6359704749656413,12.0,-0.001239795170241462,6.358142746429442e-05,6.358142730809409e-05,0.0001271472345839185,0.001049079267243333,-6.35814274642944e-05
1,0.003609900000000912,1.273411343812907,-0.0001560418313603651,-12.0,-0.6369397362139123,12.0,-0.00123993115103932,6.36783694382552e-05,6.367836928221338e-05,0.0001273411343812907,0.001048924425728147,-6.36783694382552e-05
1,0.0036101000000009122,1.275348330896412,-0.0001558830935733946,-12.0,-0.6379079916473971,12.0,-0.00124006697637119,6.377521085538238e-05,6.377521069949928e-05,0.0001275348330896412,0.001048769730372601,-6.377521085538237e-05
1,0.003610300000000912,1.27728330403094,-0.0001557241095884176,-12.0,-0.6388752397370937,12.0,-0.001240202646067126,6.387195156275052e-05,6.387195140702642e-05,0.000127728330403094,0.001048615181465644,-6.387195156275054e-05
1,0.003610500000000912,1.279216260160906,-0.0001555648796538467,-12.0,-0.6398414789555826,12.0,-0.001240338159957555,6.39685914075929e-05,6.3968591252028e-05,0.0001279216260160906,0.001048460779295837,-6.396859140759288e-05
1,0.003610700000000912,1.281147196233901,-0.0001554054040217023,-12.0,-0.6408067077770375,12.0,-0.001240473517873014,6.406513023730158e-05,6.406513008189616e-05,0.0001281147196233901,0.001048306524151728,-6.406513023730158e-05
1,0.003610900000000912,1.283076109200723,-0.0001552456829449489,-12.0,-0.6417709246772358,12.0,-0.001240608719644501,6.416156789942909e-05,6.416156774418341e-05,0.0001283076109200723,0.001048152416321453,-6.416156789942909e-05
1,0.0036111000000009124,1.285002996015356,-0.000155085716673109,-12.0,-0.6427341281335446,12.0,-0.00124074376510315,6.425790424168715e-05,6.425790408660145e-05,0.0001285002996015356,0.00104799845609313,-6.425790424168715e-05
1,0.003611300000000912,1.286927853634974,-0.0001549255054595355,-12.0,-0.6436963166249314,12.0,-0.001240878654080374,6.43541391119472e-05,6.43541389570217e-05,0.0001286927853634974,0.001047844643754563,-6.435413911194718e-05
1,0.003611500000000913,1.288850679019974,-0.0001547650495583031,-12.0,-0.6446574886319748,12.0,-0.001241013386407946,6.445027235824167e-05,6.445027220347662e-05,0.0001288850679019974,0.001047690979593306,-6.445027235824165e-05
1,0.003611700000000913,1.29077146913395,-0.0001546043492195448,-12.0,-0.6456176426368476,12.0,-0.00124114796191778,6.45463038287628e-05,6.454630367415845e-05,0.000129077146913395,0.001047537463896832,-6.454630382876281e-05
1,0.003611900000000913,1.292690220943712,-0.0001544434047003884,-12.0,-0.6465767771233408,12.0,-0.00124128238044216,6.464223337186405e-05,6.464223321742064e-05,0.0001292690220943712,0.001047384096952278,-6.464223337186405e-05
1,0.0036121000000009134,1.294606931419296,-0.0001542822162516333,-12.0,-0.6475348905768477,12.0,-0.001241416641813611,6.473806083605961e-05,6.47380606817774e-05,0.0001294606931419296,0.001047230879046609,-6.47380608360596e-05
1,0.003612300000000913,1.296521597533946,-0.0001541207841284642,-12.0,-0.6484919814843734,12.0,-0.001241550745864919,6.48337860700245e-05,6.483378591590371e-05,0.0001296521597533946,0.001047077810466583,-6.48337860700245e-05
1,0.0036125000000009127,1.29843421626415,-0.0001539591085869541,-12.0,-0.6494480483345463,12.0,-0.001241684692429065,6.492940892259593e-05,6.492940876863685e-05,0.000129843421626415,0.001046924891498789,-6.492940892259594e-05
1,0.0036127000000009133,1.300344784589624,-0.0001537971898797896,-12.0,-0.6504030896176035,12.0,-0.001241818481339488,6.502492924277238e-05,6.502492908897518e-05,0.0001300344784589624,0.001046772122429485,-6.502492924277238e-05
1,0.003612900000000913,1.302253299493312,-0.0001536350282635435,-12.0,-0.6513571038254019,12.0,-0.001241952112429681,6.512034687971385e-05,6.512034672607881e-05,0.0001302253299493313,0.001046619503544802,-6.512034687971385e-05
1,0.003613100000000913,1.304159757961418,-0.0001534726239951767,-12.0,-0.6523100894514281,12.0,-0.00124208558553357,6.521566168274328e-05,6.521566152927066e-05,0.0001304159757961418,0.00104646703513063,-6.521566168274328e-05
1,0.003613300000000914,1.306064156983381,-0.0001533099773280977,-12.0,-0.6532620449907824,12.0,-0.001242218900485273,6.531087350134543e-05,6.531087334803547e-05,0.0001306064156983381,0.001046314717472629,-6.531087350134544e-05
1,0.0036135000000009137,1.307966493551896,-0.0001531470885222652,-12.0,-0.6542129689402025,12.0,-0.001242352057119131,6.540598218516802e-05,6.540598203202093e-05,0.0001307966493551896,0.001046162550856274,-6.540598218516802e-05
1,0.0036137000000009143,1.309866764662916,-0.0001529839578310876,-12.0,-0.6551628597980443,12.0,-0.001242485055269887,6.550098758402132e-05,6.550098743103737e-05,0.0001309866764662916,0.001046010535566744,-6.550098758402132e-05
1,0.003613900000000914,1.311764967315654,-0.0001528205855151343,-12.0,-0.6561117160643058,12.0,-0.001242617894772424,6.559588954787905e-05,6.559588939505848e-05,0.0001311764967315654,0.001045858671889117,-6.559588954787908e-05
1,0.003614100000000914,1.313661098512592,-0.0001526569718297566,-12.0,-0.6570595362406108,12.0,-0.001242750575461984,6.56906879268781e-05,6.569068777422111e-05,0.0001313661098512592,0.001045706960108139,-6.56906879268781e-05
1,0.003614300000000914,1.315555155259475,-0.0001524931170334698,-12.0,-0.658006318830219,12.0,-0.001242883097173991,6.578538257131855e-05,6.578538241882544e-05,0.0001315555155259475,0.001045555400508401,-6.578538257131856e-05
1,0.003614500000000914,1.317447134565334,-0.0001523290213865658,-12.0,-0.6589520623380372,12.0,-0.001243015459744257,6.587997333166506e-05,6.587997317933604e-05,0.0001317447134565334,0.00104540399337421,-6.587997333166507e-05
1,0.003614700000000914,1.319337033442478,-0.0001521646851454506,-12.0,-0.6598967652706041,12.0,-0.001243147663008731,6.597446005854588e-05,6.597445990638118e-05,0.0001319337033442478,0.001045252738989706,-6.597446005854587e-05
1,0.003614900000000914,1.321224848906492,-0.0001520001085703049,-12.0,-0.6608404261361027,12.0,-0.001243279706803713,6.606884260275323e-05,6.606884245075314e-05,0.0001321224848906492,0.001045101637638816,-6.606884260275324e-05
1,0.003615100000000915,1.323110577976266,-0.0001518352919218646,-12.0,-0.6617830434443687,12.0,-0.001243411590965762,6.616312081524467e-05,6.61631206634094e-05,0.0001323110577976266,0.001044950689605154,-6.616312081524469e-05
1,0.003615300000000915,1.324994217673976,-0.0001516702354583677,-12.0,-0.6627246157068781,12.0,-0.001243543315331649,6.625729454714198e-05,6.625729439547174e-05,0.0001324994217673977,0.001044799895172241,-6.625729454714198e-05
1,0.003615500000000915,1.326875765025094,-0.0001515049394406609,-12.0,-0.6636651414367571,12.0,-0.001243674879738504,6.635136364973164e-05,6.635136349822673e-05,0.0001326875765025094,0.001044649254623227,-6.635136364973164e-05
1,0.003615700000000915,1.328755217058404,-0.0001513394041310345,-12.0,-0.6646046191487927,12.0,-0.00124380628402368,6.644532797446617e-05,6.644532782312676e-05,0.0001328755217058404,0.001044498768241114,-6.644532797446617e-05
1,0.003615900000000915,1.330632570805999,-0.000151173629788226,-12.0,-0.6655430473594184,12.0,-0.001243937528024763,6.6539187372963e-05,6.653918722178938e-05,0.0001330632570805999,0.001044348436308705,-6.653918737296302e-05
1,0.0036161000000009148,1.332507823303275,-0.0001510076166748031,-12.0,-0.6664804245867255,12.0,-0.001244068611579663,6.663294169700508e-05,6.663294154599747e-05,0.0001332507823303275,0.001044198259108522,-6.663294169700506e-05
1,0.0036163000000009153,1.334380971588953,-0.0001508413650532781,-12.0,-0.66741674935047,12.0,-0.001244199534526536,6.672659079854166e-05,6.672659064770032e-05,0.0001334380971588953,0.001044048236922834,-6.672659079854168e-05
1,0.003616500000000915,1.336252012705085,-0.0001506748751858855,-12.0,-0.6683520201720701,12.0,-0.001244330296703816,6.682013452968842e-05,6.682013437901355e-05,0.0001336252012705085,0.001043898370033769,-6.682013452968843e-05
1,0.003616700000000915,1.33812094369704,-0.000150508147334083,-12.0,-0.6692862355746025,12.0,-0.001244460897950189,6.691357274272686e-05,6.69135725922187e-05,0.000133812094369704,0.00104374865872315,-6.691357274272685e-05
1,0.003616900000000916,1.339987761613516,-0.0001503411817611044,-12.0,-0.6702193940828113,12.0,-0.001244591338104603,6.700690529010502e-05,6.700690513976384e-05,0.0001339987761613516,0.001043599103272577,-6.700690529010502e-05
1,0.0036171000000009158,1.341852463506558,-0.0001501739787320711,-12.0,-0.6711514942231169,12.0,-0.001244721617006311,6.710013202443849e-05,6.710013187426451e-05,0.0001341852463506558,0.001043449703963459,-6.710013202443849e-05
1,0.0036173000000009163,1.343715046431551,-0.0001500065385084404,-12.0,-0.6720825345236034,12.0,-0.001244851734494817,6.71932527985095e-05,6.719325264850295e-05,0.0001343715046431551,0.001043300461076931,-6.71932527985095e-05
1,0.003617500000000916,1.345575507447214,-0.0001498388613552226,-12.0,-0.6730125135140285,12.0,-0.00124498169040986,6.728626746526732e-05,6.728626731542848e-05,0.0001345575507447214,0.001043151374893928,-6.728626746526733e-05
1,0.003617700000000916,1.347433843615633,-0.0001496709475383162,-12.0,-0.6739414297258335,12.0,-0.001245111484591485,6.737917587782952e-05,6.737917572815857e-05,0.0001347433843615633,0.001043002445695114,-6.737917587782952e-05
1,0.003617900000000916,1.349290052002243,-0.0001495027973205665,-12.0,-0.6748692816921305,12.0,-0.001245241116880041,6.747197788948098e-05,6.747197773997819e-05,0.0001349290052002243,0.001042853673760918,-6.747197788948098e-05
1,0.003618100000000916,1.351144129675832,-0.0001493344109677053,-12.0,-0.6757960679477117,12.0,-0.001245370587116018,6.756467335367439e-05,6.756467320434e-05,0.0001351144129675832,0.001042705059371575,-6.75646733536744e-05
1,0.003618300000000916,1.352996073708564,-0.0001491657887471298,-12.0,-0.6767217870290607,12.0,-0.001245499895140334,6.765726212403136e-05,6.765726197486557e-05,0.0001352996073708564,0.001042556602807027,-6.765726212403136e-05
1,0.003618500000000917,1.35484588117597,-0.0001489969309224071,-12.0,-0.677646437474338,12.0,-0.001245629040794047,6.774974405434155e-05,6.774974390534464e-05,0.000135484588117597,0.001042408304347056,-6.774974405434155e-05
1,0.003618700000000917,1.356693549156944,-0.0001488278377608232,-12.0,-0.6785700178233914,12.0,-0.001245758023918547,6.784211899856307e-05,6.784211884973523e-05,0.0001356693549156944,0.001042260164271148,-6.784211899856307e-05
1,0.003618900000000917,1.358539074733769,-0.000148658509529831,-12.0,-0.6794925266177644,12.0,-0.00124588684435549,6.793438681082345e-05,6.793438666216494e-05,0.0001358539074733769,0.001042112182858525,-6.793438681082346e-05
1,0.003619100000000917,1.36038245499212,-0.0001484889464971051,-12.0,-0.6804139624006948,12.0,-0.001246015501946737,6.802654734541978e-05,6.802654719693084e-05,0.000136038245499212,0.001041964360388253,-6.802654734541978e-05
1,0.003619300000000917,1.362223687021036,-0.0001483191489264346,-12.0,-0.6813343237170995,12.0,-0.001246143996534568,6.81186004568173e-05,6.811860030849814e-05,0.0001362223687021036,0.001041816697139063,-6.811860045681731e-05
1,0.003619500000000917,1.36406276791296,-0.0001481491170905458,-12.0,-0.6822536091136071,12.0,-0.001246272327961345,6.821054599965166e-05,6.821054585150255e-05,0.000136406276791296,0.001041669193389549,-6.821054599965166e-05
1,0.003619700000000917,1.365899694763748,-0.0001479788512557256,-12.0,-0.6831718171385461,12.0,-0.001246400496069777,6.830238382872905e-05,6.830238368075019e-05,0.0001365899694763748,0.001041521849417998,-6.830238382872904e-05
1,0.0036199000000009173,1.367734464672629,-0.0001478083516880946,-12.0,-0.6840889463419303,12.0,-0.001246528500702934,6.839411379902421e-05,6.839411365121588e-05,0.0001367734464672629,0.001041374665502415,-6.839411379902422e-05
1,0.003620100000000917,1.36956707474225,-0.000147637618660712,-12.0,-0.6850049952754924,12.0,-0.001246656341703983,6.848573576568315e-05,6.848573561804556e-05,0.000136956707474225,0.001041227641920647,-6.848573576568318e-05
1,0.003620300000000918,1.371397522078682,-0.0001474666524410861,-12.0,-0.685919962492669,12.0,-0.001246784018916494,6.857724958402278e-05,6.857724943655613e-05,0.0001371397522078682,0.001041080778950251,-6.857724958402278e-05
1,0.003620500000000918,1.373225803791394,-0.0001472954532986126,-12.0,-0.6868338465485991,12.0,-0.001246911532184203,6.866865510953005e-05,6.866865496223461e-05,0.0001373225803791394,0.001040934076868574,-6.866865510953006e-05
1,0.003620700000000918,1.375051916993275,-0.0001471240215032421,-12.0,-0.6877466460001326,12.0,-0.001247038881351206,6.875995219786295e-05,6.875995205073891e-05,0.0001375051916993275,0.001040787535952659,-6.875995219786293e-05
1,0.0036209000000009183,1.376875858800652,-0.0001469523573269793,-12.0,-0.6886583594058397,12.0,-0.001247166066261809,6.885114070485126e-05,6.885114055789893e-05,0.0001376875858800652,0.001040641156479352,-6.885114070485128e-05
1,0.003621100000000918,1.37869762633327,-0.0001467804610388868,-12.0,-0.6895689853259981,12.0,-0.001247293086760595,6.894222048649594e-05,6.894222033971547e-05,0.0001378697626333271,0.001040494938725281,-6.894222048649593e-05
1,0.003621300000000918,1.380517216714306,-0.000146608332910525,-12.0,-0.6904785223226023,12.0,-0.001247419942692438,6.903319139896917e-05,6.903319125236085e-05,0.0001380517216714307,0.00104034888296671,-6.903319139896917e-05
1,0.0036215000000009183,1.382334627070384,-0.0001464359732151754,-12.0,-0.6913869689593746,12.0,-0.001247546633902447,6.912405329861594e-05,6.912405315217997e-05,0.0001382334627070384,0.001040202989479752,-6.912405329861594e-05
1,0.003621700000000918,1.384149854531567,-0.0001462633822224002,-12.0,-0.692294323801751,12.0,-0.001247673160236037,6.921480604195287e-05,6.921480589568949e-05,0.0001384149854531567,0.001040057258540283,-6.921480604195287e-05
1,0.003621900000000918,1.385962896231357,-0.0001460905602050921,-12.0,-0.6932005854168919,12.0,-0.001247799521538834,6.930544948566868e-05,6.930544933957812e-05,0.0001385962896231357,0.001039911690423875,-6.930544948566868e-05
1,0.003622100000000919,1.387773749306721,-0.0001459175074375874,-12.0,-0.6941057523736917,12.0,-0.001247925717656806,6.939598348662541e-05,6.939598334070791e-05,0.0001387773749306721,0.001039766285405794,-6.939598348662541e-05
1,0.003622300000000919,1.389582410898075,-0.0001457442241905582,-12.0,-0.6950098232427655,12.0,-0.001248051748436091,6.948640790185748e-05,6.948640775611328e-05,0.0001389582410898075,0.001039621043761249,-6.948640790185749e-05
1,0.0036225000000009193,1.39138887814929,-0.0001455707107385074,-12.0,-0.6959127965964597,12.0,-0.001248177613723214,6.957672258857212e-05,6.95767224430014e-05,0.000139138887814929,0.001039475965765008,-6.957672258857212e-05
1,0.003622700000000919,1.39319314820771,-0.0001453969673556599,-12.0,-0.6968146710088583,12.0,-0.001248303313364826,6.966692740415027e-05,6.96669272587533e-05,0.000139319314820771,0.001039331051691669,-6.966692740415027e-05
1,0.003622900000000919,1.394995218224155,-0.0001452229943157968,-12.0,-0.6977154450557813,12.0,-0.001248428847208008,6.975702220614655e-05,6.975702206092357e-05,0.0001394995218224156,0.00103918630181557,-6.975702220614655e-05
1,0.003623100000000919,1.396795085352908,-0.000145048791892699,-12.0,-0.698615117314781,12.0,-0.001248554215099965,6.984700685228882e-05,6.984700670724003e-05,0.0001396795085352908,0.001039041716410768,-6.984700685228883e-05
1,0.003623300000000919,1.398592746751727,-0.0001448743603616465,-12.0,-0.6995136863651494,12.0,-0.001248679416888263,6.993688120047879e-05,6.993688105560443e-05,0.0001398592746751727,0.001038897295751129,-6.993688120047879e-05
1,0.003623500000000919,1.400388199581867,-0.0001446996999988626,-12.0,-0.7004111507879286,12.0,-0.001248804452420621,7.002664510879299e-05,7.002664496409328e-05,0.0001400388199581867,0.001038753040110182,-7.002664510879297e-05
1,0.003623700000000919,1.402181441008064,-0.0001445248110779618,-12.0,-0.701307509165897,12.0,-0.001248929321545231,7.01162984354819e-05,7.01162982909571e-05,0.0001402181441008064,0.001038608949761238,-7.011629843548191e-05
1,0.00362390000000092,1.403972468198538,-0.0001443496938760558,-12.0,-0.7022027600835801,12.0,-0.001249054024110324,7.020584103897041e-05,7.020584089462072e-05,0.0001403972468198538,0.001038465024977356,-7.020584103897041e-05
1,0.00362410000000092,1.405761278325021,-0.0001441743486701452,-12.0,-0.7030969021272593,12.0,-0.001249178559964523,7.029527277785893e-05,7.029527263368457e-05,0.0001405761278325021,0.001038321266031317,-7.029527277785893e-05
1,0.00362430000000092,1.407547868562739,-0.0001439987757351213,-12.0,-0.7039899338849599,12.0,-0.001249302928956711,7.038459351092248e-05,7.03845933669237e-05,0.0001407547868562739,0.001038177673195723,-7.038459351092248e-05
1,0.00362450000000092,1.409332236090415,-0.0001438229753487619,-12.0,-0.7048818539464604,12.0,-0.001249427130936023,7.047380309711117e-05,7.04738029532882e-05,0.0001409332236090415,0.001038034246742786,-7.047380309711117e-05
1,0.00362470000000092,1.411114378090297,-0.0001436469477894553,-12.0,-0.7057726609033022,12.0,-0.001249551165751789,7.056290139555125e-05,7.05629012519043e-05,0.0001411114378090297,0.001037890986944595,-7.056290139555128e-05
1,0.0036249000000009197,1.412894291748139,-0.0001434706933335916,-12.0,-0.7066623533487769,12.0,-0.001249675033253753,7.065188826554434e-05,7.065188812207366e-05,0.0001412894291748139,0.001037747894072807,-7.065188826554434e-05
1,0.0036251000000009203,1.414671974253211,-0.0001432942122593373,-12.0,-0.7075509298779363,12.0,-0.001249798733291799,7.074076356656771e-05,7.07407634232735e-05,0.0001414671974253211,0.001037604968398997,-7.07407635665677e-05
1,0.00362530000000092,1.416447422798314,-0.0001431175048464683,-12.0,-0.7084383890876019,12.0,-0.001249922265716158,7.082952715827554e-05,7.082952701515804e-05,0.0001416447422798314,0.001037462210194406,-7.082952715827555e-05
1,0.00362550000000092,1.418220634579773,-0.000142940571371597,-12.0,-0.7093247295763494,12.0,-0.001250045630377269,7.091817890049778e-05,7.09181787575572e-05,0.0001418220634579773,0.001037319619729971,-7.091817890049778e-05
1,0.003625700000000921,1.419991606797444,-0.0001427634121167198,-12.0,-0.7102099499445311,12.0,-0.001250168827125905,7.100671865324144e-05,7.100671851047803e-05,0.0001419991606797444,0.001037177197276404,-7.100671865324144e-05
1,0.0036259000000009207,1.421760336654722,-0.0001425860273578938,-12.0,-0.7110940487942582,12.0,-0.001250291855813018,7.109514627669003e-05,7.109514613410399e-05,0.0001421760336654722,0.001037034943104156,-7.109514627669003e-05
1,0.0036261000000009213,1.423526821358541,-0.0001424084173788365,-12.0,-0.711977024729423,12.0,-0.00125041471628988,7.118346163120443e-05,7.118346148879602e-05,0.0001423526821358541,0.001036892857483429,-7.118346163120441e-05
1,0.003626300000000921,1.425291058119387,-0.0001422305824563819,-12.0,-0.7128588763556836,12.0,-0.001250537408408012,7.12716645773227e-05,7.127166443509214e-05,0.0001425291058119387,0.001036750940684131,-7.127166457732273e-05
1,0.003626500000000921,1.427053044151277,-0.0001420525228729708,-12.0,-0.7137396022804732,12.0,-0.001250659932019255,7.135975497576006e-05,7.135975483370752e-05,0.0001427053044151277,0.001036609192975907,-7.135975497576002e-05
1,0.003626700000000921,1.428812776671806,-0.0001418742389101002,-12.0,-0.7146192011130105,12.0,-0.00125078228697563,7.144773268741005e-05,7.144773254553582e-05,0.0001428812776671806,0.001036467614628139,-7.144773268741005e-05
1,0.003626900000000921,1.430570252902117,-0.0001416957308468803,-12.0,-0.7154976714642862,12.0,-0.001250904473129477,7.153559757334394e-05,7.153559743164822e-05,0.0001430570252902117,0.00103632620590996,-7.153559757334394e-05
1,0.003627100000000921,1.432325470066908,-0.0001415169989660847,-12.0,-0.7163750119470733,12.0,-0.001251026490333429,7.162334949481071e-05,7.162334935329372e-05,0.0001432325470066908,0.001036184967090167,-7.162334949481074e-05
1,0.003627300000000921,1.434078425394458,-0.0001413380435514866,-12.0,-0.7172512211759365,12.0,-0.001251148338440269,7.171098831323852e-05,7.171098817190047e-05,0.0001434078425394458,0.001036043898437394,-7.17109883132385e-05
1,0.003627500000000922,1.435829116116611,-0.0001411588648817519,-12.0,-0.7181262977672169,12.0,-0.001251270017303185,7.179851389023351e-05,7.179851374907465e-05,0.0001435829116116611,0.00103590300021994,-7.179851389023351e-05
1,0.003627700000000922,1.437577539468788,-0.0001409794632434846,-12.0,-0.7190002403390539,12.0,-0.00125139152677553,7.188592608758103e-05,7.188592594660157e-05,0.0001437577539468788,0.001035762272705826,-7.188592608758105e-05
1,0.003627900000000922,1.439323692689993,-0.0001407998389169052,-12.0,-0.7198730475113704,12.0,-0.001251512866711019,7.197322476724535e-05,7.19732246264455e-05,0.0001439323692689993,0.00103562171616281,-7.197322476724535e-05
1,0.003628100000000922,1.441067573022806,-0.0001406199921862861,-12.0,-0.7207447179058825,12.0,-0.001251634036963531,7.206040979136962e-05,7.206040965074963e-05,0.0001441067573022806,0.001035481330858387,-7.206040979136962e-05
1,0.003628300000000922,1.442809177713408,-0.0001404399233366771,-12.0,-0.7216152501461083,12.0,-0.001251755037387267,7.214748102227717e-05,7.214748088183725e-05,0.0001442809177713408,0.001035341117059829,-7.214748102227716e-05
1,0.003628500000000922,1.44454850401157,-0.0001402596326501304,-12.0,-0.7224846428573564,12.0,-0.001251875867836705,7.22344383224706e-05,7.223443818221099e-05,0.000144454850401157,0.001035201075034034,-7.223443832247063e-05
1,0.0036287000000009223,1.44628554917065,-0.0001400791204121399,-12.0,-0.7233528946667342,12.0,-0.001251996528166516,7.232128155463222e-05,7.232128141455309e-05,0.000144628554917065,0.001035061205047691,-7.232128155463222e-05
1,0.003628900000000922,1.448020310447625,-0.0001398983869083659,-12.0,-0.724220004203159,12.0,-0.001252117018231733,7.240801058162504e-05,7.240801044172667e-05,0.0001448020310447625,0.001034921507367212,-7.240801058162507e-05
1,0.003629100000000923,1.449752785103071,-0.0001397174324225259,-12.0,-0.7250859700973437,12.0,-0.001252237337887596,7.249462526649211e-05,7.249462512677467e-05,0.0001449752785103071,0.001034781982258717,-7.249462526649211e-05
1,0.003629300000000923,1.451482970401168,-0.0001395362572406134,-12.0,-0.7259507909818075,12.0,-0.001252357486989611,7.258112547245669e-05,7.258112533292044e-05,0.0001451482970401168,0.00103464262998805,-7.258112547245669e-05
1,0.003629500000000923,1.453210863609725,-0.0001393548616494544,-12.0,-0.7268144654908851,12.0,-0.001252477465393614,7.266751106292359e-05,7.266751092356871e-05,0.0001453210863609725,0.001034503450820776,-7.266751106292358e-05
1,0.0036297000000009233,1.454936462000159,-0.0001391732459332662,-12.0,-0.7276769922607118,12.0,-0.001252597272955569,7.275378190147786e-05,7.27537817623046e-05,0.0001454936462000159,0.001034364445022237,-7.275378190147786e-05
1,0.003629900000000923,1.456659762847518,-0.0001389914103812062,-12.0,-0.7285383699292448,12.0,-0.001252716909531881,7.283993785188636e-05,7.283993771289496e-05,0.0001456659762847518,0.001034225612857362,-7.283993785188636e-05
1,0.003630100000000923,1.458380763430474,-0.0001388093552774361,-12.0,-0.7293985971362466,12.0,-0.001252836374979041,7.292597877809693e-05,7.292597863928757e-05,0.0001458380763430474,0.001034086954590979,-7.292597877809691e-05
1,0.0036303000000009232,1.460099461031333,-0.0001386270809121681,-12.0,-0.7302576725233055,12.0,-0.00125295566915401,7.301190454423934e-05,7.301190440561225e-05,0.0001460099461031333,0.001033948470487461,-7.301190454423934e-05
1,0.003630500000000923,1.461815852936041,-0.0001384445875702855,-12.0,-0.731115594733822,12.0,-0.001253074791913777,7.309771501462518e-05,7.309771487618059e-05,0.0001461815852936041,0.001033810160811083,-7.309771501462518e-05
1,0.003630700000000923,1.463529936434175,-0.0001382618755408904,-12.0,-0.7319723624130174,12.0,-0.001253193743115763,7.318341005374765e-05,7.31834099154858e-05,0.0001463529936434175,0.00103367202582566,-7.318341005374766e-05
1,0.003630900000000924,1.465241708818968,-0.0001380789451133624,-12.0,-0.7328279742079434,12.0,-0.001253312522617664,7.326898952628302e-05,7.326898938820407e-05,0.0001465241708818968,0.001033534065794831,-7.3268989526283e-05
1,0.003631100000000924,1.4669511673873,-0.0001378957965745831,-12.0,-0.7336824287674697,12.0,-0.001253431130277288,7.335445329708951e-05,7.335445315919371e-05,0.00014669511673873,0.001033396280981952,-7.335445329708952e-05
1,0.0036313000000009242,1.468658309439696,-0.0001377124302142096,-12.0,-0.7345357247422937,12.0,-0.001253549565952888,7.343980123120794e-05,7.343980109349552e-05,0.0001468658309439696,0.001033258671650036,-7.343980123120795e-05
1,0.003631500000000924,1.470363132280354,-0.0001375288463225655,-12.0,-0.7353878607849492,12.0,-0.001253667829502828,7.352503319386267e-05,7.352503305633383e-05,0.0001470363132280354,0.001033121238061901,-7.352503319386267e-05
1,0.003631700000000924,1.472065633217126,-0.0001373450451875313,-12.0,-0.7362388355497947,12.0,-0.001253785920785899,7.361014905046072e-05,7.361014891311568e-05,0.0001472065633217126,0.001032983980479948,-7.361014905046073e-05
1,0.003631900000000924,1.473765809561524,-0.0001371610271000967,-12.0,-0.7370886476930226,12.0,-0.001253903839660994,7.369514866659225e-05,7.369514852943123e-05,0.0001473765809561525,0.001032846899166412,-7.369514866659227e-05
1,0.003632100000000924,1.475463658628746,-0.0001369767923518062,-12.0,-0.7379372958726683,12.0,-0.001254021585987364,7.378003190803165e-05,7.378003177105488e-05,0.0001475463658628746,0.001032709994383235,-7.378003190803165e-05
1,0.003632300000000924,1.477159177737656,-0.0001367923412312066,-12.0,-0.738784778748598,12.0,-0.001254139159624482,7.386479864073668e-05,7.386479850394436e-05,0.0001477159177737656,0.001032573266392028,-7.386479864073668e-05
1,0.003632500000000924,1.478852364210793,-0.0001366076740300648,-12.0,-0.7396310949825182,12.0,-0.001254256560432168,7.39494487308488e-05,7.394944859424115e-05,0.0001478852364210793,0.001032436715454055,-7.394944873084882e-05
1,0.003632700000000925,1.480543215374387,-0.0001364227910407578,-12.0,-0.7404762432379826,12.0,-0.001254373788270341,7.403398204469417e-05,7.403398190827138e-05,0.0001480543215374387,0.00103230034183048,-7.403398204469418e-05
1,0.003632900000000925,1.482231728558363,-0.0001362376925553299,-12.0,-0.7413202221803912,12.0,-0.001254490842999417,7.411839844878358e-05,7.411839831254591e-05,0.0001482231728558363,0.001032164145781958,-7.41183984487836e-05
1,0.003633100000000925,1.483917901096318,-0.0001360523788626056,-12.0,-0.7421630304769768,12.0,-0.001254607724479828,7.420269780981145e-05,7.420269767375905e-05,0.0001483917901096318,0.001032028127569029,-7.420269780981143e-05
1,0.003633300000000925,1.485601730325555,-0.0001358668502590143,-12.0,-0.7430046667968346,12.0,-0.001254724432572463,7.428687999465755e-05,7.42868798587907e-05,0.0001485601730325555,0.001031892287451805,-7.428687999465756e-05
1,0.003633500000000925,1.487283213587089,-0.0001356811070355457,-12.0,-0.7438451298109087,12.0,-0.001254840967138376,7.437094487038732e-05,7.43709447347062e-05,0.0001487283213587089,0.001031756625690244,-7.437094487038732e-05
1,0.0036337000000009247,1.488962348225623,-0.0001354951494850209,-12.0,-0.7446844181919905,12.0,-0.001254957328038958,7.445489230425055e-05,7.44548921687554e-05,0.0001488962348225623,0.00103162114254389,-7.445489230425055e-05
1,0.0036339000000009253,1.490639131589572,-0.000135308977900761,-12.0,-0.7455225306147268,12.0,-0.001255073515135721,7.45387221636826e-05,7.453872202837364e-05,0.0001490639131589572,0.001031485838272103,-7.453872216368261e-05
1,0.003634100000000925,1.49231356103107,-0.0001351225925785293,-12.0,-0.7463594657556287,12.0,-0.001255189528290596,7.462243431630503e-05,7.462243418118243e-05,0.000149231356103107,0.00103135071313383,-7.462243431630503e-05
1,0.003634300000000925,1.493985633905968,-0.0001349359938098149,-12.0,-0.7471952222930587,12.0,-0.001255305367365761,7.470602862992489e-05,7.47060284949889e-05,0.0001493985633905968,0.001031215767387808,-7.470602862992489e-05
1,0.003634500000000926,1.495655347573827,-0.0001347491818903257,-12.0,-0.748029798907241,12.0,-0.00125542103222355,7.478950497253506e-05,7.478950483778588e-05,0.0001495655347573827,0.001031081001292469,-7.478950497253508e-05
1,0.0036347000000009257,1.497322699397949,-0.000134562157115603,-12.0,-0.7488631942802697,12.0,-0.0012555365227266,7.48728632123154e-05,7.487286307775325e-05,0.0001497322699397949,0.001030946415105996,-7.487286321231541e-05
1,0.0036349000000009263,1.498987686745358,-0.0001343749197794675,-12.0,-0.7496954070960976,12.0,-0.001255651838737909,7.495610321763183e-05,7.49561030832569e-05,0.0001498987686745358,0.001030812009086113,-7.495610321763182e-05
1,0.003635100000000926,1.500650306986807,-0.0001341874701774604,-12.0,-0.7505264360405446,12.0,-0.001255766980120684,7.503922485703672e-05,7.503922472284924e-05,0.0001500650306986807,0.001030677783490419,-7.503922485703672e-05
1,0.003635300000000926,1.502310557496794,-0.0001339998086063998,-12.0,-0.751356279801305,12.0,-0.001255881946738285,7.512222799926987e-05,7.512222786527003e-05,0.0001502310557496794,0.001030543738576167,-7.512222799926987e-05
1,0.003635500000000926,1.503968435653567,-0.0001338119353627709,-12.0,-0.7521849370679469,12.0,-0.001255996738454501,7.520511251325842e-05,7.520511237944647e-05,0.0001503968435653567,0.001030409874600235,-7.520511251325842e-05
1,0.003635700000000926,1.505623938839099,-0.0001336238507400056,-12.0,-0.7530124065318979,12.0,-0.001256111355133316,7.528787826811579e-05,7.528787813449196e-05,0.0001505623938839099,0.001030276191819321,-7.52878782681158e-05
1,0.003635900000000926,1.507277064439123,-0.0001334355550388633,-12.0,-0.7538386868864756,12.0,-0.001256225796638921,7.537052513314368e-05,7.537052499970811e-05,0.0001507277064439123,0.001030142690489746,-7.537052513314368e-05
1,0.003636100000000926,1.508927809843144,-0.0001332470485551074,-12.0,-0.7546637768268751,12.0,-0.001256340062835884,7.5453052977832e-05,7.545305284458496e-05,0.0001508927809843144,0.001030009370867571,-7.545305297783201e-05
1,0.003636300000000927,1.510576172444397,-0.0001330583315837242,-12.0,-0.7554876750501575,12.0,-0.00125645415358891,7.553546167185739e-05,7.553546153879906e-05,0.0001510576172444397,0.001029876233208521,-7.553546167185737e-05
1,0.003636500000000927,1.512222149639892,-0.0001328694044262502,-12.0,-0.7563103802552795,12.0,-0.001256568068763092,7.561775108508531e-05,7.561775095221593e-05,0.0001512222149639892,0.001029743277768058,-7.561775108508533e-05
1,0.003636700000000927,1.513865738830419,-0.0001326802673798921,-12.0,-0.7571318911430823,12.0,-0.001256681808223706,7.569992108757024e-05,7.569992095488995e-05,0.0001513865738830419,0.00102961050480127,-7.569992108757025e-05
1,0.003636900000000927,1.515506937420517,-0.0001324909207401914,-12.0,-0.7579522064162785,12.0,-0.001256795371836289,7.578197154955382e-05,7.578197141706289e-05,0.0001515506937420518,0.001029477914563051,-7.578197154955383e-05
1,0.003637100000000927,1.517145742818508,-0.0001323013648102389,-12.0,-0.7587713247794831,12.0,-0.001256908759466727,7.586390234146728e-05,7.586390220916591e-05,0.0001517145742818508,0.001029345507307905,-7.586390234146728e-05
1,0.0036373000000009268,1.518782152436505,-0.0001321115998869082,-12.0,-0.7595892449391987,12.0,-0.001257021970981015,7.594571333393118e-05,7.594571320181959e-05,0.0001518782152436505,0.001029213283290073,-7.594571333393118e-05
1,0.0036375000000009273,1.520416163690389,-0.0001319216262696266,-12.0,-0.7604059656038152,12.0,-0.001257135006245552,7.602740439775458e-05,7.602740426583296e-05,0.000152041616369039,0.001029081242763477,-7.602740439775456e-05
1,0.003637700000000927,1.522047773999831,-0.0001317314442582651,-12.0,-0.7612214854836171,12.0,-0.001257247865127015,7.610897540393588e-05,7.610897527220444e-05,0.0001522047773999831,0.001028949385981706,-7.61089754039359e-05
1,0.003637900000000928,1.5236769807883,-0.0001315410541541384,-12.0,-0.7620358032907918,12.0,-0.001257360547492148,7.619042622366377e-05,7.61904260921227e-05,0.00015236769807883,0.001028817713198127,-7.619042622366377e-05
1,0.003638100000000928,1.525303781483058,-0.0001313504562563406,-12.0,-0.762848917739418,12.0,-0.001257473053208155,7.627175672831617e-05,7.627175659696572e-05,0.0001525303781483058,0.001028686224665717,-7.627175672831617e-05
1,0.0036383000000009278,1.526928173515159,-0.000131159650865742,-12.0,-0.7636608275454747,12.0,-0.001257585382142462,7.635296678946088e-05,7.635296665830125e-05,0.0001526928173515159,0.001028554920637165,-7.63529667894609e-05
1,0.0036385000000009283,1.528550154319472,-0.0001309686382851005,-12.0,-0.76447153142685,12.0,-0.001257697534162674,7.643405627885647e-05,7.643405614788785e-05,0.0001528550154319472,0.00102842380136485,-7.643405627885649e-05
1,0.003638700000000928,1.530169721334669,-0.0001307774188138433,-12.0,-0.7652810281033297,12.0,-0.00125780950913669,7.651502506845158e-05,7.651502493767417e-05,0.0001530169721334669,0.001028292867100919,-7.651502506845158e-05
1,0.003638900000000928,1.531786872003228,-0.000130585992754173,-12.0,-0.7660893162966055,12.0,-0.001257921306932766,7.659587303038513e-05,7.659587289979912e-05,0.0001531786872003228,0.001028162118097101,-7.659587303038513e-05
1,0.0036391000000009282,1.533401603771449,-0.0001303943604094027,-12.0,-0.7668963947302825,12.0,-0.001258032927419342,7.66766000369873e-05,7.667659990659294e-05,0.0001533401603771449,0.001028031554604819,-7.667660003698731e-05
1,0.003639300000000928,1.535013914089457,-0.0001302025220815128,-12.0,-0.767702262129876,12.0,-0.001258144370465092,7.675720596077945e-05,7.675720583057693e-05,0.0001535013914089457,0.00102790117687529,-7.675720596077946e-05
1,0.003639500000000928,1.536623800411192,-0.0001300104780721512,-12.0,-0.768506917222809,12.0,-0.001258255635939037,7.683769067447368e-05,7.683769054446319e-05,0.0001536623800411192,0.001027770985159285,-7.683769067447368e-05
1,0.003639700000000929,1.538231260194418,-0.0001298182286849636,-12.0,-0.7693103587384189,12.0,-0.001258366723710325,7.69180540509734e-05,7.691805392115516e-05,0.0001538231260194418,0.001027640979707409,-7.69180540509734e-05
1,0.003639900000000929,1.539836290900743,-0.0001296257742249285,-12.0,-0.7701125854079667,12.0,-0.001258477633648544,7.699829596337417e-05,7.699829583374839e-05,0.0001539836290900743,0.001027511160769823,-7.699829596337418e-05
1,0.0036401000000009292,1.541438889995606,-0.0001294331149934713,-12.0,-0.7709135959646245,12.0,-0.001258588365623384,7.70784162849631e-05,7.707841615552998e-05,0.0001541438889995606,0.001027381528596438,-7.707841628496311e-05
1,0.003640300000000929,1.543039054948279,-0.0001292402512956814,-12.0,-0.7717133891434852,12.0,-0.001258698919504878,7.715841488921896e-05,7.715841475997873e-05,0.0001543039054948279,0.001027252083436847,-7.715841488921895e-05
1,0.003640500000000929,1.544636783231887,-0.000129047183436648,-12.0,-0.7725119636815705,12.0,-0.001258809295163338,7.723829164981338e-05,7.723829152076621e-05,0.0001544636783231887,0.001027122825540308,-7.723829164981338e-05
1,0.003640700000000929,1.546232072323403,-0.0001288539117195731,-12.0,-0.7733093183178201,12.0,-0.001258919492469271,7.731804644061006e-05,7.731804631175614e-05,0.0001546232072323403,0.001026993755155775,-7.731804644061006e-05
1,0.003640900000000929,1.547824919703641,-0.000128660436450212,-12.0,-0.7741054517931,12.0,-0.001259029511293489,7.739767913566497e-05,7.739767900700454e-05,0.0001547824919703641,0.00102686487253191,-7.739767913566499e-05
1,0.0036411000000009294,1.549415322857282,-0.0001284667579349863,-12.0,-0.7749003628502111,12.0,-0.001259139351507038,7.747718960922763e-05,7.747718948076088e-05,0.0001549415322857283,0.001026736177917029,-7.747718960922761e-05
1,0.003641300000000929,1.551003279272866,-0.0001282728764776531,-12.0,-0.7756940502338782,12.0,-0.001259249012981301,7.755657773574004e-05,7.755657760746717e-05,0.0001551003279272866,0.001026607671559099,-7.755657773574005e-05
1,0.00364150000000093,1.552588786442785,-0.0001280787923850779,-12.0,-0.7764865126907583,12.0,-0.001259358495587795,7.763584338983732e-05,7.763584326175853e-05,0.0001552588786442786,0.001026479353705853,-7.763584338983732e-05
1,0.00364170000000093,1.554171841863315,-0.0001278845059646816,-12.0,-0.7772777489694495,12.0,-0.001259467799198388,7.77149864463485e-05,7.771498631846398e-05,0.0001554171841863315,0.001026351224604607,-7.771498644634848e-05
1,0.00364190000000093,1.555752443034592,-0.0001276900175206652,-12.0,-0.7780677578204772,12.0,-0.00125957692368521,7.779400678029565e-05,7.779400665260564e-05,0.0001555752443034592,0.001026223284502498,-7.779400678029565e-05
1,0.0036421000000009304,1.557330587460633,-0.000127495327362892,-12.0,-0.7788565379963143,12.0,-0.001259685868920599,7.787290426689514e-05,7.787290413939981e-05,0.0001557330587460633,0.001026095533646146,-7.787290426689514e-05
1,0.00364230000000093,1.558906272649337,-0.0001273004357960072,-12.0,-0.7796440882513667,12.0,-0.001259794634777184,7.795167878155706e-05,7.795167865425664e-05,0.0001558906272649337,0.001025967972282021,-7.795167878155707e-05
1,0.00364250000000093,1.560479496112473,-0.0001271053431287639,-12.0,-0.7804304073419829,12.0,-0.001259903221127942,7.803033019988542e-05,7.803033007278009e-05,0.0001560479496112473,0.001025840600656178,-7.803033019988542e-05
1,0.0036427000000009303,1.562050255365713,-0.0001269100496700259,-12.0,-0.7812154940264622,12.0,-0.001260011627845892,7.81088583976792e-05,7.810885827076917e-05,0.0001562050255365713,0.00102571341901439,-7.810885839767922e-05
1,0.00364290000000093,1.563618547928614,-0.000126714555725882,-12.0,-0.7819993470650412,12.0,-0.001260119854804537,7.818726325093153e-05,7.818726312421698e-05,0.0001563618547928614,0.001025586427602074,-7.818726325093153e-05
1,0.00364310000000093,1.565184371324627,-0.0001265188616075275,-12.0,-0.7827819652199133,12.0,-0.001260227901877506,7.826554463583059e-05,7.826554450931171e-05,0.0001565184371324627,0.001025459626664366,-7.826554463583057e-05
1,0.003643300000000931,1.566747723081107,-0.000126322967621384,-12.0,-0.7835633472552154,12.0,-0.001260335768938761,7.834370242875941e-05,7.834370230243644e-05,0.0001566747723081107,0.00102533301644607,-7.83437024287594e-05
1,0.0036435000000009307,1.568308600729303,-0.0001261268740774257,-12.0,-0.7843434919370365,12.0,-0.001260443455862473,7.842173650629589e-05,7.842173638016903e-05,0.0001568308600729303,0.001025206597191616,-7.84217365062959e-05
1,0.0036437000000009313,1.569867001804381,-0.0001259305812864042,-12.0,-0.7851223980334259,12.0,-0.001260550962523102,7.849964674521395e-05,7.849964661928337e-05,0.0001569867001804381,0.001025080369145157,-7.849964674521395e-05
1,0.003643900000000931,1.571422923845411,-0.0001257340895559622,-12.0,-0.7859000643143802,12.0,-0.001260658288795333,7.857743302248242e-05,7.857743289674833e-05,0.0001571422923845411,0.001024954332550509,-7.857743302248243e-05
1,0.003644100000000931,1.572976364395382,-0.0001255373991986275,-12.0,-0.7866764895518628,12.0,-0.001260765434554195,7.865509521526642e-05,7.865509508972903e-05,0.0001572976364395382,0.001024828487651133,-7.865509521526642e-05
1,0.003644300000000931,1.574527321001201,-0.000125340510522931,-12.0,-0.7874516725197898,12.0,-0.001260872399674887,7.873263320092667e-05,7.873263307558618e-05,0.0001574527321001201,0.00102470283469025,-7.873263320092669e-05
1,0.003644500000000931,1.57607579121369,-0.0001251434238400684,-12.0,-0.7882256119940394,12.0,-0.001260979184032909,7.881004685701995e-05,7.881004673187653e-05,0.0001576075791213691,0.00102457737391061,-7.881004685701993e-05
1,0.003644700000000931,1.57762177258761,-0.0001249461394623452,-12.0,-0.78899830675246,12.0,-0.001261085787503988,7.888733606129977e-05,7.888733593635362e-05,0.000157762177258761,0.001024452105554741,-7.888733606129977e-05
1,0.003644900000000931,1.579165262681646,-0.0001247486576994028,-12.0,-0.7897697555748587,12.0,-0.001261192209964165,7.896450069171594e-05,7.896450056696727e-05,0.0001579165262681646,0.001024327029864838,-7.896450069171594e-05
1,0.003645100000000932,1.58070625905841,-0.0001245509788637689,-12.0,-0.7905399572430106,12.0,-0.001261298451289708,7.904154062641468e-05,7.904154050186372e-05,0.0001580706259058411,0.001024202147082723,-7.904154062641469e-05
1,0.003645300000000932,1.582244759284466,-0.0001243531032681933,-12.0,-0.7913089105406663,12.0,-0.001261404511357159,7.911845574373982e-05,7.911845561938674e-05,0.0001582244759284467,0.001024077457449868,-7.911845574373982e-05
1,0.003645500000000932,1.583780760930312,-0.0001241550312234274,-12.0,-0.7920766142535415,12.0,-0.001261510390043297,7.91952459222318e-05,7.919524579807676e-05,0.0001583780760930312,0.001023952961207511,-7.919524592223181e-05
1,0.003645700000000932,1.585314261570386,-0.0001239567630429983,-12.0,-0.7928430671693251,12.0,-0.001261616087225137,7.92719110406282e-05,7.927191091667143e-05,0.0001585314261570386,0.00102382865859646,-7.927191104062821e-05
1,0.003645900000000932,1.586845258783087,-0.0001237582990404329,-12.0,-0.7936082680776875,12.0,-0.001261721602780042,7.93484509778647e-05,7.934845085410641e-05,0.0001586845258783088,0.001023704549857243,-7.934845097786471e-05
1,0.0036461000000009318,1.588373750150763,-0.0001235596395278149,-12.0,-0.79437221577027,12.0,-0.001261826936585581,7.942486561307421e-05,7.942486548951456e-05,0.0001588373750150763,0.001023580635229976,-7.942486561307421e-05
1,0.0036463000000009323,1.589899733259713,-0.0001233607848188933,-12.0,-0.7951349090406926,12.0,-0.001261932088519546,7.950115482558737e-05,7.950115470222658e-05,0.0001589899733259713,0.001023456914954576,-7.950115482558738e-05
1,0.003646500000000932,1.591423205700202,-0.0001231617352285275,-12.0,-0.7958963466845609,12.0,-0.001262037058460008,7.957731849493323e-05,7.957731837177152e-05,0.0001591423205700202,0.001023333389270548,-7.957731849493324e-05
1,0.003646700000000932,1.592944165066464,-0.0001229624910706884,-12.0,-0.7966565274994629,12.0,-0.001262141846285411,7.965335650083922e-05,7.965335637787674e-05,0.0001592944165066464,0.001023210058417004,-7.965335650083923e-05
1,0.003646900000000933,1.594462608956697,-0.000122763052659014,-12.0,-0.7974154502849674,12.0,-0.001262246451874213,7.972926872323085e-05,7.97292686004678e-05,0.0001594462608956697,0.001023086922632838,-7.972926872323084e-05
1,0.0036471000000009328,1.595978534973066,-0.0001225634203081416,-12.0,-0.7981731138426293,12.0,-0.0012623508751054,7.98050550422321e-05,7.980505491966869e-05,0.0001595978534973066,0.001022963982156497,-7.980505504223212e-05
1,0.0036473000000009333,1.597491940721721,-0.0001223635943351509,-12.0,-0.7989295169759989,12.0,-0.001262455115858069,7.988071533816637e-05,7.988071521580278e-05,0.0001597491940721721,0.001022841237226166,-7.988071533816637e-05
1,0.003647500000000933,1.599002823812789,-0.0001221635750533467,-12.0,-0.7996846584906102,12.0,-0.00126255917401151,7.99562494915557e-05,7.995624936939214e-05,0.0001599002823812789,0.001022718688079682,-7.995624949155569e-05
1,0.003647700000000933,1.600511181860375,-0.0001219633627786987,-12.0,-0.8004385371939896,12.0,-0.001262663049445487,8.003165738312106e-05,8.003165726115771e-05,0.0001600511181860376,0.001022596334954509,-8.003165738312109e-05
1,0.003647900000000933,1.602017012482581,-0.0001217629578290635,-12.0,-0.8011911518956639,12.0,-0.001262766742039803,8.010693889378349e-05,8.010693877202051e-05,0.0001602017012482581,0.00102247417808779,-8.010693889378349e-05
1,0.003648100000000933,1.603520313301496,-0.0001215623605188565,-12.0,-0.8019425014071497,12.0,-0.00126287025167468,8.01820939046631e-05,8.018209378310074e-05,0.0001603520313301496,0.001022352217716307,-8.01820939046631e-05
1,0.003648300000000933,1.605021081943197,-0.0001213615711649352,-12.0,-0.8026925845419615,12.0,-0.001262973578230506,8.025712229707964e-05,8.02571221757181e-05,0.0001605021081943197,0.001022230454076581,-8.025712229707965e-05
1,0.003648500000000934,1.606519316037768,-0.0001211605900851564,-12.0,-0.8034414001156176,12.0,-0.001263076721587889,8.033202395255324e-05,8.033202383139267e-05,0.0001606519316037768,0.001022108887404685,-8.033202395255325e-05
1,0.003648700000000934,1.6080150132193,-0.0001209594175972661,-12.0,-0.8041889469456402,12.0,-0.001263179681627896,8.040679875280428e-05,8.040679863184488e-05,0.00016080150132193,0.001021987517936376,-8.04067987528043e-05
1,0.003648900000000934,1.609508171125877,-0.0001207580540157904,-12.0,-0.8049352238515426,12.0,-0.001263282458231568,8.048144657975269e-05,8.048144645899463e-05,0.0001609508171125877,0.00102186634590716,-8.048144657975269e-05
1,0.003649100000000934,1.610998787399595,-0.0001205564996621389,-12.0,-0.8056802296548559,12.0,-0.00126338505128043,8.055596731551937e-05,8.055596719496288e-05,0.0001610998787399595,0.00102174537155203,-8.055596731551938e-05
1,0.003649300000000934,1.61248685968658,-0.0001203547548535022,-12.0,-0.8064239631791181,12.0,-0.001263487460656187,8.063036084242646e-05,8.063036072207171e-05,0.0001612486859686581,0.001021624595105811,-8.063036084242646e-05
1,0.003649500000000934,1.613972385636955,-0.0001201528199057389,-12.0,-0.8071664232498645,12.0,-0.001263589686240796,8.070462704299587e-05,8.070462692284306e-05,0.0001613972385636955,0.001021504016802871,-8.070462704299589e-05
1,0.003649700000000934,1.615455362904868,-0.0001199506951414797,-12.0,-0.8079076086946533,12.0,-0.001263691727916461,8.07787657999512e-05,8.07787656800005e-05,0.0001615455362904868,0.001021383636877274,-8.077876579995118e-05
1,0.0036499000000009343,1.61693578914851,-0.0001197483808779154,-12.0,-0.8086475183430556,12.0,-0.001263793585565609,8.085277699621775e-05,8.08527768764694e-05,0.000161693578914851,0.001021263455562749,-8.085277699621778e-05
1,0.003650100000000934,1.618413662030073,-0.0001195458774332359,-12.0,-0.8093861510266449,12.0,-0.001263895259071043,8.092666051492118e-05,8.092666039537531e-05,0.0001618413662030073,0.001021143473092623,-8.092666051492118e-05
1,0.003650300000000935,1.619888979215795,-0.0001193431851295168,-12.0,-0.8101235055790234,12.0,-0.00126399674831576,8.10004162393894e-05,8.100041612004621e-05,0.0001619888979215795,0.001021023689699904,-8.100041623938938e-05
1,0.003650500000000935,1.621361738375957,-0.0001191403042856143,-12.0,-0.8108595808358098,12.0,-0.001264098053182935,8.107404405315242e-05,8.107404393401213e-05,0.0001621361738375957,0.00102090410561731,-8.107404405315242e-05
1,0.003650700000000935,1.622831937184869,-0.0001189372352212725,-12.0,-0.8115943756346385,12.0,-0.001264199173556135,8.114754383994172e-05,8.114754372100449e-05,0.0001622831937184869,0.001020784721077098,-8.114754383994174e-05
1,0.0036509000000009353,1.624299573320881,-0.000118733978257457,-12.0,-0.8123278888151665,12.0,-0.001264300109319105,8.122091548369092e-05,8.122091536495693e-05,0.0001624299573320881,0.001020665536311277,-8.12209154836909e-05
1,0.003651100000000935,1.625764644466402,-0.0001185305337160214,-12.0,-0.8130601192190803,12.0,-0.001264400860355869,8.129415886853642e-05,8.12941587500059e-05,0.0001625764644466402,0.001020546551551427,-8.129415886853643e-05
1,0.003651300000000935,1.627227148307886,-0.0001183269019162658,-12.0,-0.8137910656900861,12.0,-0.001264501426550685,8.136727387881697e-05,8.136727376049009e-05,0.0001627227148307885,0.001020427767028848,-8.136727387881699e-05
1,0.0036515000000009352,1.628687082535831,-0.0001181230831805991,-12.0,-0.8145207270739175,12.0,-0.001264601807788049,8.14402603990737e-05,8.144026028095061e-05,0.0001628687082535832,0.001020309182974494,-8.14402603990737e-05
1,0.003651700000000935,1.630144444844811,-0.0001179190778316519,-12.0,-0.8152491022183438,12.0,-0.001264702003952803,8.151311831405123e-05,8.151311819613214e-05,0.0001630144444844811,0.001020190799618834,-8.151311831405121e-05
1,0.003651900000000935,1.631599232933451,-0.0001177148861900568,-12.0,-0.8159761899731592,12.0,-0.001264802014929983,8.158584750869693e-05,8.158584739098205e-05,0.0001631599232933451,0.001020072617192155,-8.158584750869693e-05
1,0.003652100000000936,1.633051444504437,-0.0001175105085781114,-12.0,-0.8167019891901908,12.0,-0.001264901840604876,8.165844786816127e-05,8.165844775065078e-05,0.0001633051444504437,0.001019954635924233,-8.165844786816127e-05
1,0.003652300000000936,1.634501077264531,-0.0001173059453197789,-12.0,-0.8174264987233046,12.0,-0.001265001480863059,8.173091927779849e-05,8.173091916049256e-05,0.0001634501077264532,0.00101983685604469,-8.173091927779849e-05
1,0.0036525000000009362,1.635948128924573,-0.0001171011967379121,-12.0,-0.8181497174284053,12.0,-0.001265100935590305,8.180326162316675e-05,8.180326150606554e-05,0.0001635948128924573,0.001019719277782591,-8.180326162316674e-05
1,0.003652700000000936,1.637392597199463,-0.0001168962631530324,-12.0,-0.8188716441634236,12.0,-0.001265200204672731,8.187547479002705e-05,8.18754746731308e-05,0.0001637392597199463,0.001019601901366726,-8.187547479002706e-05
1,0.003652900000000936,1.638834479808186,-0.0001166911448922114,-12.0,-0.8195922777883428,12.0,-0.001265299287996624,8.194755866434507e-05,8.194755854765391e-05,0.0001638834479808186,0.001019484727025566,-8.194755866434506e-05
1,0.003653100000000936,1.640273774473825,-0.0001164858422780801,-12.0,-0.820311617165188,12.0,-0.001265398185448602,8.201951313229097e-05,8.201951301580515e-05,0.0001640273774473825,0.001019367754987163,-8.201951313229099e-05
1,0.003653300000000936,1.641710478923527,-0.0001162803556326031,-12.0,-0.821029661158016,12.0,-0.001265496896915422,8.209133808023836e-05,8.209133796395798e-05,0.0001641710478923527,0.001019250985479295,-8.209133808023835e-05
1,0.003653500000000936,1.643144590888538,-0.0001160746852836292,-12.0,-0.8217464086329416,12.0,-0.001265595422284299,8.21630333947658e-05,8.21630332786911e-05,0.0001643144590888539,0.001019134418729264,-8.21630333947658e-05
1,0.003653700000000936,1.644576108104211,-0.0001158688315539003,-12.0,-0.8224618584581245,12.0,-0.001265693761442463,8.223459896265706e-05,8.223459884678822e-05,0.0001644576108104211,0.001019018054964113,-8.223459896265706e-05
1,0.003653900000000937,1.646005028309979,-0.0001156627947682676,-12.0,-0.8231760095037699,12.0,-0.001265791914277614,8.230603467090015e-05,8.230603455523738e-05,0.0001646005028309979,0.001018901894410479,-8.230603467090016e-05
1,0.003654100000000937,1.64743134924938,-0.0001154565752520265,-12.0,-0.8238888606421337,12.0,-0.001265889880677537,8.237734040668816e-05,8.237734029123158e-05,0.000164743134924938,0.001018785937294653,-8.237734040668818e-05
1,0.003654300000000937,1.64885506867006,-0.0001152501733325817,-12.0,-0.8246004107475308,12.0,-0.001265987660530349,8.244851605741983e-05,8.244851594216965e-05,0.0001648855068670061,0.001018670183842552,-8.244851605741983e-05
1,0.003654500000000937,1.650276184323777,-0.0001150435893330082,-12.0,-0.8253106586963243,12.0,-0.001266085253724486,8.251956151069912e-05,8.251956139565554e-05,0.0001650276184323778,0.001018554634279772,-8.251956151069913e-05
1,0.003654700000000937,1.651694693966389,-0.0001148368235808217,-12.0,-0.8260196033669338,12.0,-0.001266182660148482,8.259047665433531e-05,8.259047653949849e-05,0.0001651694693966389,0.00101843928883151,-8.25904766543353e-05
1,0.0036549000000009367,1.653110595357879,-0.000114629876403205,-12.0,-0.8267272436398428,12.0,-0.001266279879691343,8.266126137634396e-05,8.26612612617141e-05,0.0001653110595357879,0.001018324147722544,-8.266126137634396e-05
1,0.0036551000000009373,1.654523886262347,-0.0001144227481254534,-12.0,-0.827433578397589,12.0,-0.001266376912242059,8.273191556494636e-05,8.27319154505236e-05,0.0001654523886262347,0.00101820921117747,-8.273191556494636e-05
1,0.003655300000000937,1.655934564448009,-0.0001142154390749717,-12.0,-0.8281386065247712,12.0,-0.001266473757690095,8.280243910856963e-05,8.28024389943542e-05,0.0001655934564448009,0.001018094479420334,-8.280243910856963e-05
1,0.003655500000000937,1.657342627687217,-0.0001140079495798307,-12.0,-0.8288423269080578,12.0,-0.001266570415925081,8.287283189584778e-05,8.287283178183983e-05,0.0001657342627687217,0.001017979952674886,-8.28728318958478e-05
1,0.003655700000000938,1.658748073756444,-0.0001138002799661031,-12.0,-0.8295447384361742,12.0,-0.001266666886836923,8.294309381562082e-05,8.294309370182054e-05,0.0001658748073756444,0.001017865631164544,-8.294309381562081e-05
1,0.0036559000000009377,1.660150900436302,-0.000113592430563747,-12.0,-0.8302458399999207,12.0,-0.001266763170315766,8.301322475693569e-05,8.301322464334329e-05,0.0001660150900436302,0.001017751515112311,-8.30132247569357e-05
1,0.0036561000000009383,1.661551105511534,-0.0001133844016981689,-12.0,-0.8309456304921584,12.0,-0.001266859266252029,8.3083224609046e-05,8.308322449566162e-05,0.0001661551105511534,0.001017637604740843,-8.308322460904603e-05
1,0.003656300000000938,1.662948686771026,-0.0001131761937012143,-12.0,-0.8316441088078265,12.0,-0.001266955174536344,8.315309326141253e-05,8.315309314823637e-05,0.0001662948686771026,0.001017523900272418,-8.315309326141253e-05
1,0.003656500000000938,1.66434364200781,-0.0001129678068980677,-12.0,-0.8323412738439303,12.0,-0.001267050895059629,8.32228306037032e-05,8.322283049073542e-05,0.0001664343642007811,0.001017410401929028,-8.322283060370323e-05
1,0.003656700000000938,1.665735969019055,-0.0001127592416197976,-12.0,-0.8330371244995493,12.0,-0.001267146427713139,8.329243652579296e-05,8.329243641303372e-05,0.0001665735969019055,0.001017297109932105,-8.329243652579294e-05
1,0.003656900000000938,1.66712566560609,-0.000112550498195918,-12.0,-0.833731659675844,12.0,-0.00126724177238817,8.33619109177648e-05,8.336191080521432e-05,0.000166712566560609,0.001017184024502946,-8.33619109177648e-05
1,0.003657100000000938,1.668512729574398,-0.0001123415769545,-12.0,-0.8344248782760467,12.0,-0.001267336928976459,8.343125366990922e-05,8.343125355756765e-05,0.0001668512729574399,0.001017071145862303,-8.343125366990922e-05
1,0.003657300000000938,1.66989715873361,-0.0001121324782260569,-12.0,-0.8351167792054688,12.0,-0.001267431897369956,8.350046467272426e-05,8.350046456059179e-05,0.000166989715873361,0.001016958474230667,-8.350046467272427e-05
1,0.003657500000000939,1.671278950897526,-0.0001119232023419903,-12.0,-0.835807361371508,12.0,-0.001267526677460801,8.35695438169166e-05,8.35695437049934e-05,0.0001671278950897526,0.001016846009828112,-8.35695438169166e-05
1,0.003657700000000939,1.672658103884111,-0.0001117137496304821,-12.0,-0.8364966236836389,12.0,-0.001267621269141483,8.363849099340083e-05,8.363849088168708e-05,0.0001672658103884111,0.001016733752874324,-8.363849099340085e-05
1,0.003657900000000939,1.674034615515488,-0.000111504120423378,-12.0,-0.8371845650534203,12.0,-0.001267715672304687,8.370730609329969e-05,8.370730598179557e-05,0.0001674034615515488,0.001016621703588599,-8.37073060932997e-05
1,0.003658100000000939,1.675408483617962,-0.0001112943150524126,-12.0,-0.8378711843945029,12.0,-0.001267809886843316,8.377598900794504e-05,8.377598889665075e-05,0.0001675408483617962,0.001016509862189971,-8.377598900794506e-05
1,0.003658300000000939,1.676779706022007,-0.0001110843338467671,-12.0,-0.8385564806226169,12.0,-0.001267903912650595,8.3844539628877e-05,8.384453951779267e-05,0.0001676779706022007,0.001016398228896986,-8.384453962887702e-05
1,0.0036585000000009388,1.678148280562276,-0.0001108741771405075,-12.0,-0.8392404526555901,12.0,-0.001267997749619984,8.391295784784496e-05,8.39129577369708e-05,0.0001678148280562276,0.001016286803927874,-8.391295784784496e-05
1,0.0036587000000009393,1.679514205077605,-0.0001106638452630371,-12.0,-0.8399230994133352,12.0,-0.001268091397645166,8.398124355680722e-05,8.398124344614339e-05,0.0001679514205077605,0.001016175587500487,-8.398124355680722e-05
1,0.003658900000000939,1.680877477411007,-0.0001104533385475337,-12.0,-0.840604419817858,12.0,-0.0012681848566201,8.404939664793106e-05,8.404939653747772e-05,0.0001680877477411007,0.001016064579832263,-8.404939664793106e-05
1,0.00365910000000094,1.682238095409694,-0.0001102426573270643,-12.0,-0.8412844127932644,12.0,-0.001268278126439024,8.411741701359372e-05,8.411741690335108e-05,0.0001682238095409694,0.001015953781140333,-8.411741701359374e-05
1,0.00365930000000094,1.683596056925066,-0.0001100318019329194,-12.0,-0.8419630772657507,12.0,-0.001268371206996383,8.418530454638177e-05,8.418530443634997e-05,0.0001683596056925066,0.001015843191641372,-8.418530454638179e-05
1,0.0036595000000009398,1.684951359812711,-0.00010982077269861,-12.0,-0.8426404121636112,12.0,-0.0012684640981869,8.425305913909128e-05,8.42530590292705e-05,0.0001684951359812711,0.001015732811551748,-8.425305913909126e-05
1,0.0036597000000009403,1.686304001932426,-0.0001096095699577582,-12.0,-0.8433164164172454,12.0,-0.001268556799905535,8.432068068472876e-05,8.432068057511919e-05,0.0001686304001932426,0.001015622641087399,-8.432068068472878e-05
1,0.00365990000000094,1.687653981148202,-0.0001093981940424316,-12.0,-0.8439910889591465,12.0,-0.001268649312047537,8.43881690765104e-05,8.438816896711221e-05,0.0001687653981148202,0.001015512680463918,-8.438816907651042e-05
1,0.00366010000000094,1.689001295328238,-0.0001091866452886947,-12.0,-0.8446644287239184,12.0,-0.001268741634508339,8.445552420786297e-05,8.445552409867634e-05,0.0001689001295328238,0.001015402929896533,-8.445552420786298e-05
1,0.0036603000000009402,1.690345942344942,-0.0001089749240277271,-12.0,-0.8453364346482618,12.0,-0.001268833767183702,8.452274597242341e-05,8.452274586344848e-05,0.0001690345942344942,0.001015293389600033,-8.452274597242341e-05
1,0.00366050000000094,1.691687920074932,-0.0001087630305965925,-12.0,-0.8460071056709915,12.0,-0.001268925709969559,8.458983426403947e-05,8.458983415527645e-05,0.0001691687920074933,0.001015184059788912,-8.45898342640395e-05
1,0.00366070000000094,1.693027226399047,-0.0001085509653275807,-12.0,-0.8466764407330244,12.0,-0.001269017462762159,8.46567889767697e-05,8.465678886821872e-05,0.0001693027226399047,0.001015074940677194,-8.465678897676968e-05
1,0.003660900000000941,1.69436385920233,-0.000108338728556534,-12.0,-0.8473444387773872,12.0,-0.001269109025458015,8.472361000488307e-05,8.472360989654434e-05,0.000169436385920233,0.001014966032478623,-8.472361000488307e-05
1,0.003661100000000941,1.695697816374063,-0.0001081263206192951,-12.0,-0.8480110987492236,12.0,-0.001269200397953876,8.479029724286045e-05,8.479029713473411e-05,0.0001695697816374063,0.001014857335406377,-8.479029724286045e-05
1,0.0036613000000009412,1.697029095807746,-0.0001079137418495968,-12.0,-0.8486764195957847,12.0,-0.001269291580146645,8.485685058539349e-05,8.485685047747977e-05,0.0001697029095807746,0.001014748849673536,-8.485685058539352e-05
1,0.003661500000000941,1.698357695401101,-0.0001077009925836148,-12.0,-0.8493404002664361,12.0,-0.001269382571933583,8.492326992738524e-05,8.492326981968425e-05,0.0001698357695401101,0.001014640575492567,-8.492326992738525e-05
1,0.003661700000000941,1.699683613056094,-0.0001074880731585237,-12.0,-0.8500030397126654,12.0,-0.001269473373212288,8.498955516395068e-05,8.498955505646262e-05,0.0001699683613056094,0.001014532513075567,-8.49895551639507e-05
1,0.003661900000000941,1.701006846678919,-0.0001072749839090559,-12.0,-0.8506643368880727,12.0,-0.001269563983880367,8.505570619041637e-05,8.505570608314141e-05,0.0001701006846678919,0.001014424662634447,-8.505570619041637e-05
1,0.003662100000000941,1.702327394180006,-0.0001070617251716088,-12.0,-0.8513242907483777,12.0,-0.001269654403835849,8.51217229023206e-05,8.512172279525888e-05,0.0001702327394180006,0.001014317024380471,-8.51217229023206e-05
1,0.0036623000000009414,1.703645253474034,-0.0001068482972845786,-12.0,-0.8519829002514266,12.0,-0.001269744632977035,8.518760519541422e-05,8.518760508856592e-05,0.0001703645253474034,0.00101420959852469,-8.51876051954142e-05
1,0.003662500000000941,1.704960422479924,-0.0001066347005829194,-12.0,-0.8526401643571836,12.0,-0.001269834671202286,8.525335296566008e-05,8.525335285902537e-05,0.0001704960422479924,0.001014102385277799,-8.525335296566007e-05
1,0.003662700000000942,1.706272899120842,-0.0001064209354044721,-12.0,-0.8532960820277369,12.0,-0.001269924518410473,8.531896610923322e-05,8.53189660028123e-05,0.0001706272899120842,0.001013995384849892,-8.531896610923325e-05
1,0.003662900000000942,1.707582681324206,-0.0001062070020877437,-12.0,-0.8539506522273048,12.0,-0.001270014174500581,8.538444452252172e-05,8.53844444163147e-05,0.0001707582681324206,0.001013888597450885,-8.53844445225217e-05
1,0.003663100000000942,1.708889767021702,-0.0001059929009704641,-12.0,-0.8546038739222355,12.0,-0.0012701036393718,8.544978810212649e-05,8.544978799613361e-05,0.0001708889767021702,0.001013782023290236,-8.54497881021265e-05
1,0.0036633000000009424,1.710194154149254,-0.0001057786323880316,-12.0,-0.8552557460809952,12.0,-0.001270192912923671,8.55149967448607e-05,8.551499663908209e-05,0.0001710194154149254,0.001013675662577013,-8.551499674486072e-05
1,0.003663500000000942,1.711495840647053,-0.0001055641966825061,-12.0,-0.8559062676741924,12.0,-0.001270281995055925,8.558007034775098e-05,8.558007024218679e-05,0.0001711495840647053,0.001013569515519869,-8.5580070347751e-05
1,0.0036637000000009417,1.712794824459569,-0.00010534959419084,-12.0,-0.8565554376745669,12.0,-0.001270370885668559,8.564500880803762e-05,8.564500870268801e-05,0.0001712794824459569,0.001013463582327137,-8.56450088080376e-05
1,0.0036639000000009423,1.714091103535527,-0.0001051348252510964,-12.0,-0.8572032550569885,12.0,-0.001270459584661834,8.570981202317373e-05,8.570981191803893e-05,0.0001714091103535527,0.001013357863206707,-8.570981202317375e-05
1,0.003664100000000942,1.71538467582792,-0.0001049198902028925,-12.0,-0.8578497187984633,12.0,-0.001270548091936219,8.577447989082602e-05,8.577447978590616e-05,0.000171538467582792,0.001013252358366093,-8.577447989082605e-05
1,0.003664300000000942,1.716675539294025,-0.0001047047893868447,-12.0,-0.8584948278781407,12.0,-0.0012706364073925,8.583901230887537e-05,8.583901220417059e-05,0.0001716675539294025,0.001013147068012393,-8.583901230887538e-05
1,0.003664500000000943,1.717963691895394,-0.0001044895231409049,-12.0,-0.8591385812773034,12.0,-0.001270724530931674,8.590340917541625e-05,8.590340907092673e-05,0.0001717963691895394,0.001013041992352345,-8.590340917541625e-05
1,0.0036647000000009427,1.719249131597852,-0.0001042740918054674,-12.0,-0.8597809779793751,12.0,-0.001270812462454959,8.596767038875697e-05,8.596767028448289e-05,0.0001719249131597853,0.001012937131592326,-8.596767038875697e-05
1,0.0036649000000009433,1.72053185637152,-0.0001040584957217039,-12.0,-0.8604220169699275,12.0,-0.001270900201863864,8.603179584742057e-05,8.603179574336208e-05,0.000172053185637152,0.001012832485938239,-8.603179584742059e-05
1,0.003665100000000943,1.721811864190801,-0.0001038427352285654,-12.0,-0.8610616972366706,12.0,-0.001270987749060162,8.609578545014421e-05,8.60957853463015e-05,0.0001721811864190801,0.001012728055595644,-8.609578545014421e-05
1,0.003665300000000943,1.723089153034382,-0.0001036268106672233,-12.0,-0.8617000177694601,12.0,-0.001271075103945848,8.615963909587929e-05,8.615963899225248e-05,0.0001723089153034382,0.00101262384076968,-8.61596390958793e-05
1,0.003665500000000943,1.724363720885253,-0.0001034107223794045,-12.0,-0.8623369775603027,12.0,-0.001271162266423181,8.622335668379233e-05,8.622335658038161e-05,0.0001724363720885253,0.001012519841665144,-8.622335668379233e-05
1,0.003665700000000943,1.725635565730702,-0.0001031944707063914,-12.0,-0.8629725756033555,12.0,-0.0012712492363946,8.628693811326489e-05,8.628693801007044e-05,0.0001725635565730702,0.001012416058486398,-8.628693811326492e-05
1,0.003665900000000943,1.726904685562308,-0.0001029780559869131,-12.0,-0.8636068108949151,12.0,-0.001271336013762905,8.63503832838928e-05,8.635038318091476e-05,0.0001726904685562308,0.001012312491437392,-8.635038328389282e-05
1,0.003666100000000943,1.728171078375953,-0.000102761478566582,-12.0,-0.8642396824334412,12.0,-0.001271422598431063,8.641369209548747e-05,8.6413691992726e-05,0.0001728171078375953,0.001012209140721754,-8.641369209548746e-05
1,0.003666300000000944,1.729434742171842,-0.0001025447387854594,-12.0,-0.8648711892195466,12.0,-0.001271508990302359,8.647686444807613e-05,8.647686434553138e-05,0.0001729434742171842,0.001012106006542585,-8.647686444807613e-05
1,0.003666500000000944,1.730695674954467,-0.0001023278369847169,-12.0,-0.865501330255989,12.0,-0.001271595189280286,8.653990024190041e-05,8.65399001395726e-05,0.0001730695674954467,0.001012003089102709,-8.653990024190043e-05
1,0.003666700000000944,1.731953874732643,-0.0001021107735090787,-12.0,-0.866130104547693,12.0,-0.001271681195268506,8.660279937741841e-05,8.660279927530761e-05,0.0001731953874732643,0.001011900388604561,-8.66027993774184e-05
1,0.003666900000000944,1.733209339519511,-0.0001018935487007155,-12.0,-0.866757511101742,12.0,-0.00127176700817111,8.666556175530414e-05,8.666556165341059e-05,0.0001733209339519511,0.001011797905250036,-8.666556175530414e-05
1,0.003667100000000944,1.734462067332512,-0.0001016761629003549,-12.0,-0.8673835489273681,12.0,-0.001271852627892256,8.672818727644676e-05,8.67281871747706e-05,0.0001734462067332512,0.001011695639240792,-8.672818727644678e-05
1,0.0036673000000009438,1.735712056193414,-0.0001014586164549414,-12.0,-0.8680082170359757,12.0,-0.001271938054336536,8.679067584195209e-05,8.679067574049346e-05,0.0001735712056193414,0.001011593590777932,-8.679067584195208e-05
1,0.0036675000000009443,1.736959304128326,-0.0001012409097055356,-12.0,-0.8686315144411305,12.0,-0.001272023287408608,8.685302735314247e-05,8.685302725190156e-05,0.0001736959304128326,0.001011491760062322,-8.68530273531425e-05
1,0.003667700000000944,1.738203809167667,-0.0001010230429966397,-12.0,-0.8692534401585589,12.0,-0.00127210832701348,8.691524171155624e-05,8.691524161053322e-05,0.0001738203809167668,0.001011390147294344,-8.691524171155622e-05
1,0.003667900000000944,1.739445569346192,-0.0001008050166717567,-12.0,-0.8698739932061536,12.0,-0.00127219317305638,8.697731881894822e-05,8.697731871814319e-05,0.0001739445569346192,0.001011288752673922,-8.697731881894819e-05
1,0.003668100000000945,1.740684582702994,-0.000100586831076499,-12.0,-0.8704931726039801,12.0,-0.001272277825442814,8.703925857729036e-05,8.703925847670353e-05,0.0001740684582702994,0.001011187576400688,-8.703925857729036e-05
1,0.0036683000000009448,1.741920847281505,-0.0001003684865535925,-12.0,-0.8711109773742679,12.0,-0.001272362284078468,8.710106088877142e-05,8.710106078840295e-05,0.0001741920847281505,0.001011086618673829,-8.710106088877143e-05
1,0.0036685000000009453,1.743154361129488,-0.0001001499834489827,-12.0,-0.8717274065414172,12.0,-0.001272446548869349,8.716272565579681e-05,8.716272555564684e-05,0.0001743154361129488,0.001010985879692089,-8.716272565579683e-05
1,0.003668700000000945,1.744385122299061,-9.993132210817102e-05,-12.0,-0.8723424591320058,12.0,-0.001272530619721726,8.722425278098975e-05,8.722425268105844e-05,0.000174438512229906,0.001010885359653838,-8.722425278098977e-05
1,0.003668900000000945,1.745613128846684,-9.971250287510447e-05,-12.0,-0.8729561341747797,12.0,-0.001272614496542021,8.728564216719046e-05,8.728564206747796e-05,0.0001745613128846684,0.001010785058757069,-8.728564216719046e-05
1,0.003669100000000945,1.746838378833163,-9.949352609583961e-05,-12.0,-0.8735684307006607,12.0,-0.001272698179236961,8.734689371745649e-05,8.734689361796297e-05,0.0001746838378833164,0.001010684977199347,-8.734689371745649e-05
1,0.003669300000000945,1.748060870323663,-9.927439211676603e-05,-12.0,-0.8741793477427507,12.0,-0.001272781667713482,8.74080073350634e-05,8.740800723578901e-05,0.0001748060870323663,0.00101058511517782,-8.74080073350634e-05
1,0.003669500000000945,1.749280601387706,-9.905510128394024e-05,-12.0,-0.8747888843363301,12.0,-0.001272864961878895,8.746898292350462e-05,8.746898282444951e-05,0.0001749280601387706,0.001010485472889233,-8.746898292350462e-05
1,0.003669700000000946,1.750497570099171,-9.883565394230853e-05,-12.0,-0.8753970395188556,12.0,-0.001272948061640591,8.752982038649132e-05,8.752982028765568e-05,0.0001750497570099171,0.001010386050529943,-8.752982038649133e-05
1,0.003669900000000946,1.751711774536292,-9.86160504392597e-05,-12.0,-0.8760038123299655,12.0,-0.001273030966906299,8.759051962795261e-05,8.759051952933656e-05,0.0001751711774536292,0.001010286848295905,-8.759051962795263e-05
1,0.003670100000000946,1.752923212781678,-9.839629112284864e-05,-12.0,-0.876609201811486,12.0,-0.001273113677583981,8.765108055203633e-05,8.765108045364004e-05,0.0001752923212781678,0.001010187866382642,-8.765108055203632e-05
1,0.003670300000000946,1.754131882922305,-9.817637633768861e-05,-12.0,-0.8772132070074229,12.0,-0.001273196193581835,8.771150306310852e-05,8.771150296493214e-05,0.0001754131882922305,0.001010089104985235,-8.771150306310852e-05
1,0.003670500000000946,1.755337783049512,-9.795630643250064e-05,-12.0,-0.8778158269639679,12.0,-0.001273278514808351,8.777178706575355e-05,8.777178696779724e-05,0.0001755337783049512,0.001009990564298457,-8.777178706575354e-05
1,0.003670700000000946,1.756540911259023,-9.773608175511761e-05,-12.0,-0.878417060729505,12.0,-0.001273360641172144,8.783193246477498e-05,8.783193236703891e-05,0.0001756540911259023,0.001009892244516572,-8.7831932464775e-05
1,0.003670900000000946,1.757741265650935,-9.751570265215115e-05,-12.0,-0.8790169073546026,12.0,-0.001273442572582273,8.789193916519504e-05,8.789193906767937e-05,0.0001757741265650935,0.001009794145833492,-8.789193916519505e-05
1,0.0036711000000009463,1.758938844329719,-9.729516947210026e-05,-12.0,-0.879615365892019,12.0,-0.001273524308947852,8.795180707225469e-05,8.795180697495955e-05,0.0001758938844329719,0.001009696268442703,-8.79518070722547e-05
1,0.003671300000000946,1.760133645404237,-9.707448256457418e-05,-12.0,-0.8802124353967102,12.0,-0.001273605850178328,8.801153609141458e-05,8.801153599434009e-05,0.0001760133645404237,0.001009598612537271,-8.801153609141457e-05
1,0.003671500000000947,1.76132566698774,-9.685364227585147e-05,-12.0,-0.8808081149258201,12.0,-0.001273687196183426,8.807112612835443e-05,8.807112603150078e-05,0.000176132566698774,0.001009501178309863,-8.807112612835443e-05
1,0.003671700000000947,1.762514907197856,-9.663264895565238e-05,-12.0,-0.8814024035386877,12.0,-0.001273768346873067,8.813057708897319e-05,8.813057699234057e-05,0.0001762514907197856,0.001009403965952727,-8.81305770889732e-05
1,0.003671900000000947,1.763701364156616,-9.641150295358614e-05,-12.0,-0.8819953002968536,12.0,-0.001273849302157362,8.818988887938998e-05,8.818988878297848e-05,0.0001763701364156616,0.001009306975657709,-8.818988887939001e-05
1,0.0036721000000009473,1.764885035990441,-9.619020461792971e-05,-12.0,-0.8825868042640495,12.0,-0.001273930061946815,8.824906140594317e-05,8.824906130975296e-05,0.0001764885035990441,0.001009210207616254,-8.824906140594316e-05
1,0.003672300000000947,1.766065920830153,-9.59687542991805e-05,-12.0,-0.8831769145062132,12.0,-0.001274010626152067,8.830809457519138e-05,8.830809447922263e-05,0.0001766065920830153,0.00100911366201932,-8.83080945751914e-05
1,0.003672500000000947,1.767244016810977,-9.574715234583753e-05,-12.0,-0.8837656300914785,12.0,-0.001274090994684035,8.836698829391327e-05,8.836698819816613e-05,0.0001767244016810977,0.001009017339057533,-8.836698829391326e-05
1,0.0036727000000009473,1.768419322072529,-9.552539910862023e-05,-12.0,-0.8843529500901813,12.0,-0.001274171167453847,8.842574246910728e-05,8.842574237358187e-05,0.0001768419322072529,0.001008921238921087,-8.842574246910728e-05
1,0.003672900000000947,1.76959183475885,-9.530349493791501e-05,-12.0,-0.8849388735748667,12.0,-0.001274251144372976,8.848435700799287e-05,8.848435691268939e-05,0.000176959183475885,0.001008825361799734,-8.848435700799289e-05
1,0.003673100000000947,1.770761553018378,-9.5081440182887e-05,-12.0,-0.8855233996202782,12.0,-0.001274330925353062,8.854283181800951e-05,8.854283172292807e-05,0.0001770761553018378,0.001008729707882794,-8.854283181800953e-05
1,0.003673300000000948,1.771928475003971,-9.48592351964761e-05,-12.0,-0.8861065273033725,12.0,-0.001274410510305926,8.860116680681757e-05,8.860116671195837e-05,0.0001771928475003971,0.001008634277359269,-8.86011668068176e-05
1,0.003673500000000948,1.773092598872899,-9.463688032773643e-05,-12.0,-0.8866882557033099,12.0,-0.001274489899143846,8.865936188229821e-05,8.865936178766135e-05,0.0001773092598872899,0.001008539070417591,-8.865936188229822e-05
1,0.0036737000000009483,1.774253922786849,-9.441437592794255e-05,-12.0,-0.8872685839014601,12.0,-0.001274569091779074,8.871741695255321e-05,8.871741685813885e-05,0.0001774253922786849,0.001008444087245944,-8.871741695255322e-05
1,0.003673900000000948,1.775412444911934,-9.419172234992335e-05,-12.0,-0.8878475109814091,12.0,-0.001274648088124303,8.877533192590595e-05,8.877533183171422e-05,0.0001775412444911935,0.001008349328031968,-8.877533192590593e-05
1,0.003674100000000948,1.776568163418689,-9.396891994317702e-05,-12.0,-0.8884250360289486,12.0,-0.001274726888092437,8.883310671090051e-05,8.883310661693163e-05,0.0001776568163418689,0.001008254792962904,-8.883310671090055e-05
1,0.003674300000000948,1.777721076482078,-9.37459690617537e-05,-12.0,-0.8890011581320911,12.0,-0.001274805491596559,8.889074121630292e-05,8.889074112255699e-05,0.0001777721076482078,0.001008160482225615,-8.889074121630295e-05
1,0.003674500000000948,1.778871182281493,-9.352287005603976e-05,-12.0,-0.8895758763810595,12.0,-0.00127488389855003,8.894823535110035e-05,8.894823525757747e-05,0.0001778871182281493,0.001008066396006563,-8.894823535110035e-05
1,0.003674700000000948,1.780018479000758,-9.329962327897512e-05,-12.0,-0.8901491898682936,12.0,-0.001274962108866518,8.900558902450146e-05,8.900558893120184e-05,0.0001780018479000758,0.001007972534491683,-8.900558902450146e-05
1,0.003674900000000948,1.781162964828136,-9.307622908394375e-05,-12.0,-0.8907210976884564,12.0,-0.001275040122459811,8.906280214593725e-05,8.906280205286101e-05,0.0001781162964828136,0.001007878897866632,-8.906280214593725e-05
1,0.003675100000000949,1.78230463795633,-9.285268782244227e-05,-12.0,-0.8912915989384257,12.0,-0.001275117939244078,8.911987462506032e-05,8.911987453220762e-05,0.000178230463795633,0.001007785486316484,-8.911987462506032e-05
1,0.003675300000000949,1.783443496582477,-9.262899984796569e-05,-12.0,-0.8918606927173006,12.0,-0.001275195559133621,8.917680637174527e-05,8.917680627911628e-05,0.0001783443496582478,0.00100769230002605,-8.917680637174527e-05
1,0.003675500000000949,1.784579538908168,-9.240516551456412e-05,-12.0,-0.8924283781264075,12.0,-0.001275272982043038,8.92335972960893e-05,8.923359720368413e-05,0.0001784579538908168,0.001007599339179627,-8.92335972960893e-05
1,0.003675700000000949,1.785712763139437,-9.218118517451135e-05,-12.0,-0.8929946542692923,12.0,-0.001275350207887174,8.929024730841178e-05,8.929024721623058e-05,0.0001785712763139437,0.001007506603961067,-8.929024730841178e-05
1,0.003675900000000949,1.786843167486764,-9.19570591819685e-05,-12.0,-0.8935595202517257,12.0,-0.001275427236581139,8.93467563192544e-05,8.934675622729733e-05,0.0001786843167486764,0.001007414094553863,-8.934675631925437e-05
1,0.0036761000000009487,1.787970750165091,-9.173278789165185e-05,-12.0,-0.8941229751817106,12.0,-0.001275504068040181,8.940312423938188e-05,8.940312414764911e-05,0.0001787970750165091,0.001007321811141104,-8.94031242393819e-05
1,0.0036763000000009493,1.789095509393807,-9.150837165650128e-05,-12.0,-0.8946850181694717,12.0,-0.00127558070217991,8.945935097978152e-05,8.945935088827315e-05,0.0001789095509393807,0.001007229753905381,-8.945935097978152e-05
1,0.003676500000000949,1.790217443396765,-9.128381083234327e-05,-12.0,-0.8952456483274692,12.0,-0.001275657138916128,8.95154364516637e-05,8.951543636037986e-05,0.0001790217443396765,0.001007137923028867,-8.95154364516637e-05
1,0.003676700000000949,1.791336550402279,-9.105910577222875e-05,-12.0,-0.8958048647703888,12.0,-0.001275733378164876,8.957138056646167e-05,8.957138047540254e-05,0.0001791336550402279,0.001007046318693375,-8.957138056646166e-05
1,0.00367690000000095,1.792452828643124,-9.08342568329834e-05,-12.0,-0.8963626666151544,12.0,-0.001275809419842483,8.962718323583215e-05,8.962718314499787e-05,0.0001792452828643124,0.001006954941080246,-8.962718323583215e-05
1,0.0036771000000009497,1.793566276356549,-9.06092643678802e-05,-12.0,-0.8969190529809191,12.0,-0.001275885263865462,8.968284437165513e-05,8.968284428104587e-05,0.0001793566276356549,0.001006863790370349,-8.968284437165513e-05
1,0.0036773000000009503,1.794676891784262,-9.03841287327456e-05,-12.0,-0.8974740229890714,12.0,-0.001275960910150573,8.973836388603387e-05,8.973836379564975e-05,0.0001794676891784262,0.001006772866744263,-8.973836388603387e-05
1,0.00367750000000095,1.795784673172451,-9.015885028451631e-05,-12.0,-0.898027575763241,12.0,-0.001276036358614938,8.979374169129563e-05,8.979374160113681e-05,0.0001795784673172452,0.00100668217038194,-8.979374169129565e-05
1,0.00367770000000095,1.796889618771782,-8.993342937713145e-05,-12.0,-0.898579710429291,12.0,-0.00127611160917572,8.984897769999137e-05,8.984897761005797e-05,0.0001796889618771782,0.001006591701463097,-8.984897769999139e-05
1,0.00367790000000095,1.797991726837389,-8.970786636730566e-05,-12.0,-0.8991304261153238,12.0,-0.0012761866617505,8.990407182489567e-05,8.99040717351878e-05,0.0001797991726837389,0.001006501460166898,-8.990407182489565e-05
1,0.00367810000000095,1.799090995628895,-8.948216161230871e-05,-12.0,-0.8996797219516872,12.0,-0.001276261516257038,8.99590239790075e-05,8.995902388952535e-05,0.0001799090995628895,0.001006411446672156,-8.99590239790075e-05
1,0.00367830000000095,1.800187423410407,-8.925631546685686e-05,-12.0,-0.9002275970709668,12.0,-0.001276336172613232,9.001383407555e-05,9.001383398629369e-05,0.0001800187423410407,0.001006321661157203,-9.001383407555e-05
1,0.00367850000000095,1.80128100845051,-8.903032828844193e-05,-12.0,-0.9007740506079911,12.0,-0.001276410630737454,9.006850202797025e-05,9.006850193893995e-05,0.0001801281008450511,0.001006232103799923,-9.006850202797027e-05
1,0.003678700000000951,1.802371749022287,-8.88042004344447e-05,-12.0,-0.9013190816998372,12.0,-0.001276484890548088,9.012302774994028e-05,9.012302766113607e-05,0.0001802371749022287,0.001006142774777855,-9.012302774994028e-05
1,0.003678900000000951,1.803459643403314,-8.857793226213495e-05,-12.0,-0.9018626894858295,12.0,-0.001276558951963894,9.017741115535672e-05,9.017741106677882e-05,0.0001803459643403314,0.001006053674268065,-9.017741115535674e-05
1,0.003679100000000951,1.804544689875652,-8.8351524126562e-05,-12.0,-0.9024048731075311,12.0,-0.00127663281490388,9.023165215834043e-05,9.023165206998892e-05,0.0001804544689875652,0.001005964802447107,-9.023165215834046e-05
1,0.003679300000000951,1.80562688672586,-8.812497638877037e-05,-12.0,-0.9029456317087631,12.0,-0.001276706479287223,9.028575067323742e-05,9.028575058511246e-05,0.000180562688672586,0.001005876159491201,-9.028575067323743e-05
1,0.003679500000000951,1.806706232245013,-8.789828940503064e-05,-12.0,-0.9034849644355969,12.0,-0.001276779945033363,9.033970661461917e-05,9.033970652672091e-05,0.0001806706232245013,0.001005787745576137,-9.03397066146192e-05
1,0.003679700000000951,1.807782724728668,-8.767146353172439e-05,-12.0,-0.9040228704363463,12.0,-0.001276853212062015,9.039351989728144e-05,9.039351980960999e-05,0.0001807782724728668,0.001005699560877177,-9.039351989728146e-05
1,0.0036799000000009513,1.808856362476895,-8.74444991301182e-05,-12.0,-0.9045593488615875,12.0,-0.001276926280293106,9.044719043624575e-05,9.044719034880125e-05,0.0001808856362476895,0.001005611605569251,-9.044719043624575e-05
1,0.003680100000000951,1.809927143794281,-8.721739655670468e-05,-12.0,-0.9050943988641493,12.0,-0.001276999149646782,9.050071814675925e-05,9.050071805954188e-05,0.0001809927143794281,0.001005523879826858,-9.050071814675927e-05
1,0.003680300000000952,1.810995066989912,-8.699015617052996e-05,-12.0,-0.9056280195991132,12.0,-0.001277071820043538,9.055410294429426e-05,9.05541028573041e-05,0.0001810995066989912,0.001005436383823929,-9.055410294429427e-05
1,0.003680500000000952,1.812060130377388,-8.676277833064017e-05,-12.0,-0.9061602102238178,12.0,-0.00127714429140395,9.060734474454871e-05,9.060734465778595e-05,0.0001812060130377388,0.001005349117734103,-9.060734474454871e-05
1,0.003680700000000952,1.813122332274833,-8.653526339663653e-05,-12.0,-0.9066909698978642,12.0,-0.001277216563649,9.066044346344675e-05,9.066044337691151e-05,0.0001813122332274833,0.001005262081730546,-9.066044346344677e-05
1,0.0036809000000009523,1.814181671004885,-8.630761172712109e-05,-12.0,-0.9072202977831092,12.0,-0.001277288636699764,9.07133990171382e-05,9.07133989308306e-05,0.0001814181671004885,0.001005175275985926,-9.071339901713822e-05
1,0.003681100000000952,1.815238144894698,-8.607982368169509e-05,-12.0,-0.9077481930436702,12.0,-0.001277360510477665,9.076621132199884e-05,9.0766211235919e-05,0.0001815238144894699,0.001005088700672563,-9.076621132199884e-05
1,0.003681300000000952,1.816291752275962,-8.585189962106998e-05,-12.0,-0.9082746548459316,12.0,-0.001277432184904323,9.081888029463105e-05,9.081888020877915e-05,0.0001816291752275962,0.001005002355962265,-9.081888029463106e-05
1,0.0036815000000009522,1.817342491484884,-8.562383990395883e-05,-12.0,-0.9087996823585367,12.0,-0.001277503659901619,9.087140585186327e-05,9.087140576623942e-05,0.0001817342491484885,0.001004916242026449,-9.087140585186328e-05
1,0.003681700000000952,1.8183903608622,-8.539564489151719e-05,-12.0,-0.909323274752394,12.0,-0.001277574935391657,9.092378791075026e-05,9.09237878253546e-05,0.00018183903608622,0.001004830359036035,-9.092378791075026e-05
1,0.003681900000000952,1.819435358753187,-8.516731494423446e-05,-12.0,-0.9098454312006828,12.0,-0.001277646011296735,9.097602638857385e-05,9.097602630340656e-05,0.0001819435358753187,0.001004744707161623,-9.097602638857387e-05
1,0.003682100000000953,1.820477483507648,-8.49388504217119e-05,-12.0,-0.910366150878845,12.0,-0.001277716887539512,9.102812120284231e-05,9.102812111790349e-05,0.0001820477483507648,0.001004659286573256,-9.102812120284233e-05
1,0.003682300000000953,1.821516733479922,-8.471025168554913e-05,-12.0,-0.9108854329645919,12.0,-0.001277787564042815,9.108007227129063e-05,9.108007218658039e-05,0.0001821516733479922,0.001004574097440536,-9.108007227129064e-05
1,0.0036825000000009532,1.822553107028894,-8.448151909712376e-05,-12.0,-0.9114032766379075,12.0,-0.001277858040729662,9.113187951188103e-05,9.113187942739953e-05,0.0001822553107028894,0.001004489139932757,-9.113187951188104e-05
1,0.003682700000000953,1.823586602517992,-8.425265301781337e-05,-12.0,-0.911919681081049,12.0,-0.001277928317523408,9.118354284280314e-05,9.118354275855048e-05,0.0001823586602517992,0.001004404414218618,-9.118354284280312e-05
1,0.003682900000000953,1.82461721831518,-8.402365380710819e-05,-12.0,-0.9124346454785375,12.0,-0.001277998394347571,9.123506218247303e-05,9.123506209844938e-05,0.000182461721831518,0.001004319920466498,-9.123506218247304e-05
1,0.003683100000000953,1.825644952792974,-8.379452182960545e-05,-12.0,-0.9129481690171767,12.0,-0.00127806827112599,9.12864374495347e-05,9.12864373657402e-05,0.0001825644952792974,0.001004235658844194,-9.12864374495347e-05
1,0.003683300000000953,1.826669804328448,-8.356525744612764e-05,-12.0,-0.9134602508860458,12.0,-0.00127813794778267,9.133766856285996e-05,9.133766847929473e-05,0.0001826669804328448,0.001004151629519223,-9.133766856285996e-05
1,0.003683500000000953,1.827691771303215,-8.333586101716417e-05,-12.0,-0.9139708902764918,12.0,-0.001278207424241867,9.138875544154747e-05,9.138875535821161e-05,0.0001827691771303215,0.001004067832658523,-9.138875544154747e-05
1,0.003683700000000953,1.828710852103448,-8.310633290742331e-05,-12.0,-0.9144800863821485,12.0,-0.001278276700428085,9.14396980049241e-05,9.143969792181778e-05,0.0001828710852103448,0.001003984268428695,-9.143969800492411e-05
1,0.003683900000000954,1.829727045119885,-8.287667347850469e-05,-12.0,-0.914987838398927,12.0,-0.001278345776266177,9.149049617254484e-05,9.149049608966817e-05,0.0001829727045119885,0.001003900936995775,-9.149049617254484e-05
1,0.003684100000000954,1.830740348747816,-8.264688309289614e-05,-12.0,-0.9154941455250161,12.0,-0.001278414651680992,9.154114986419233e-05,9.154114978154544e-05,0.0001830740348747816,0.001003817838525517,-9.154114986419233e-05
1,0.003684300000000954,1.831750761387093,-8.241696211352956e-05,-12.0,-0.9159990069608863,12.0,-0.001278483326597885,9.159165899987728e-05,9.159165891746033e-05,0.0001831750761387093,0.001003734973183068,-9.159165899987729e-05
1,0.003684500000000954,1.832758281442139,-8.218691090444707e-05,-12.0,-0.9165024219092954,12.0,-0.001278551800942218,9.164202349983909e-05,9.164202341765218e-05,0.0001832758281442139,0.00100365234113324,-9.16420234998391e-05
1,0.003684700000000954,1.833762907321943,-8.195672982813651e-05,-12.0,-0.9170043895752812,12.0,-0.001278620074639789,9.169224328454532e-05,9.169224320258858e-05,0.0001833762907321943,0.001003569942540333,-9.16922432845453e-05
1,0.0036849000000009537,1.834764637440061,-8.172641924797386e-05,-12.0,-0.9175049091661666,12.0,-0.001278688147616475,9.174231827469184e-05,9.174231819296546e-05,0.0001834764637440061,0.001003487777568257,-9.174231827469186e-05
1,0.0036851000000009543,1.835763470214624,-8.14959795292225e-05,-12.0,-0.9180039798915657,12.0,-0.001278756019798516,9.179224839120365e-05,9.179224830970767e-05,0.0001835763470214624,0.001003405846380437,-9.179224839120365e-05
1,0.003685300000000954,1.836759404068341,-8.126541103437024e-05,-12.0,-0.9185016009633763,12.0,-0.001278823691112305,9.184203355523419e-05,9.184203347396877e-05,0.0001836759404068341,0.001003324149139853,-9.18420335552342e-05
1,0.003685500000000954,1.837752437428493,-8.103471412779228e-05,-12.0,-0.9189977715957856,12.0,-0.001278891161484538,9.189167368816578e-05,9.189167360713104e-05,0.0001837752437428493,0.001003242686009043,-9.189167368816578e-05
1,0.003685700000000955,1.838742568726944,-8.080388917508508e-05,-12.0,-0.9194924910052735,12.0,-0.001278958430842123,9.194116871160983e-05,9.194116863080594e-05,0.0001838742568726944,0.001003161457150126,-9.194116871160985e-05
1,0.0036859000000009547,1.839729796400146,-8.057293653984665e-05,-12.0,-0.9199857584106123,12.0,-0.001279025499112157,9.199051854740722e-05,9.19905184668343e-05,0.0001839729796400146,0.001003080462724709,-9.199051854740725e-05
1,0.0036861000000009553,1.84071411888913,-8.034185658667425e-05,-12.0,-0.9204775730328637,12.0,-0.001279092366222104,9.203972311762771e-05,9.203972303728582e-05,0.000184071411888913,0.00100299970289397,-9.203972311762771e-05
1,0.003686300000000955,1.841695534639512,-8.01106496810533e-05,-12.0,-0.9209679340953841,12.0,-0.001279159032099478,9.208878234457032e-05,9.208878226445965e-05,0.0001841695534639512,0.001002919177818751,-9.208878234457032e-05
1,0.003686500000000955,1.842674042101506,-7.987931618880229e-05,-12.0,-0.9214568408238292,12.0,-0.00127922549667224,9.213769615076406e-05,9.213769607088472e-05,0.0001842674042101506,0.00100283888765923,-9.213769615076404e-05
1,0.003686700000000955,1.843649639729915,-7.964785647385231e-05,-12.0,-0.9219442924461471,12.0,-0.001279291759868392,9.218646445896733e-05,9.218646437931946e-05,0.0001843649639729915,0.001002758832575307,-9.218646445896733e-05
1,0.003686900000000955,1.844622325984135,-7.941627090257697e-05,-12.0,-0.9224302881925838,12.0,-0.001279357821616381,9.223508719216812e-05,9.223508711275187e-05,0.0001844622325984135,0.001002679012726368,-9.223508719216812e-05
1,0.003687100000000955,1.845592099328161,-7.918455984157191e-05,-12.0,-0.9229148272956884,12.0,-0.001279423681844694,9.228356427358468e-05,9.228356419440013e-05,0.0001845592099328161,0.001002599428271328,-9.228356427358468e-05
1,0.003687300000000955,1.846558958230591,-7.89527236555454e-05,-12.0,-0.9233979089903063,12.0,-0.001279489340482193,9.233189562666508e-05,9.233189554771234e-05,0.0001846558958230591,0.001002520079368727,-9.233189562666508e-05
1,0.003687500000000956,1.847522901164619,-7.872076271109307e-05,-12.0,-0.9238795325135839,12.0,-0.001279554797457866,9.238008117508727e-05,9.238008109636651e-05,0.0001847522901164619,0.001002440966176604,-9.238008117508729e-05
1,0.003687700000000956,1.848483926608049,-7.848867737580978e-05,-12.0,-0.9243596971049749,12.0,-0.001279620052701061,9.24281208427599e-05,9.242812076427123e-05,0.0001848483926608049,0.001002362088852474,-9.242812084275992e-05
1,0.003687900000000956,1.849442033043292,-7.825646801440378e-05,-12.0,-0.9248384020062325,12.0,-0.001279685106141307,9.247601455382181e-05,9.247601447556535e-05,0.0001849442033043292,0.001002283447553515,-9.247601455382181e-05
1,0.003688100000000956,1.850397218957362,-7.802413499480298e-05,-12.0,-0.9253156464614147,12.0,-0.001279749957708326,9.252376223264199e-05,9.252376215461787e-05,0.0001850397218957362,0.001002205042436394,-9.2523762232642e-05
1,0.003688300000000956,1.851349482841894,-7.779167868426917e-05,-12.0,-0.9257914297168904,12.0,-0.001279814607332105,9.257136380382062e-05,9.257136372602894e-05,0.0001851349482841894,0.001002126873657375,-9.257136380382062e-05
1,0.0036885000000009558,1.852298823193132,-7.755909944884287e-05,-12.0,-0.9262657510213301,12.0,-0.001279879054942978,9.261881919218814e-05,9.261881911462903e-05,0.0001852298823193132,0.001002048941372138,-9.261881919218814e-05
1,0.0036887000000009563,1.853245238511937,-7.732639765722915e-05,-12.0,-0.9267386096257183,12.0,-0.001279943300471334,9.266612832280609e-05,9.266612824547972e-05,0.0001853245238511937,0.001001971245736061,-9.266612832280611e-05
1,0.003688900000000956,1.854188727303791,-7.70935736762457e-05,-12.0,-0.9272100047833455,12.0,-0.001280007343847936,9.271329112096695e-05,9.271329104387337e-05,0.0001854188727303791,0.001001893786903976,-9.271329112096692e-05
1,0.003689100000000957,1.855129288078793,-7.686062787359838e-05,-12.0,-0.927679935749813,12.0,-0.001280071185003631,9.276030751219397e-05,9.276030743533332e-05,0.0001855129288078793,0.001001816565030303,-9.276030751219394e-05
1,0.003689300000000957,1.856066919351672,-7.662756061777021e-05,-12.0,-0.9281484017830383,12.0,-0.001280134823869739,9.280717742224205e-05,9.280717734561448e-05,0.0001856066919351672,0.001001739580269001,-9.280717742224205e-05
1,0.0036895000000009568,1.857001619641777,-7.639437227635604e-05,-12.0,-0.928615402143247,12.0,-0.001280198260377577,9.285390077709706e-05,9.285390070070269e-05,0.0001857001619641777,0.001001662832773517,-9.285390077709706e-05
1,0.0036897000000009573,1.857933387473091,-7.616106321872707e-05,-12.0,-0.9290809360929844,12.0,-0.001280261494458951,9.290047750297658e-05,9.290047742681551e-05,0.0001857933387473092,0.001001586322696882,-9.290047750297657e-05
1,0.003689900000000957,1.858862221374227,-7.5927633811812e-05,-12.0,-0.9295450028971075,12.0,-0.001280324526045595,9.294690752632956e-05,9.294690745040193e-05,0.0001858862221374227,0.001001510050191723,-9.294690752632957e-05
1,0.003690100000000957,1.859788119878422,-7.569408442564818e-05,-12.0,-0.9300076018227902,12.0,-0.00128038735506969,9.299319077383646e-05,9.299319069814239e-05,0.0001859788119878422,0.001001434015410113,-9.299319077383646e-05
1,0.0036903000000009572,1.860711081523561,-7.546041542905169e-05,-12.0,-0.9304687321395283,12.0,-0.001280449981463649,9.30393271724099e-05,9.303932709694949e-05,0.0001860711081523561,0.001001358218503681,-9.303932717240993e-05
1,0.003690500000000957,1.861631104852159,-7.522662719050555e-05,-12.0,-0.9309283931191314,12.0,-0.001280512405160056,9.30853166491941e-05,9.308531657396749e-05,0.0001861631104852159,0.001001282659623695,-9.30853166491941e-05
1,0.003690700000000957,1.862548188411373,-7.499272008049118e-05,-12.0,-0.9313865840357347,12.0,-0.001280574626091796,9.313115913156543e-05,9.313115905657271e-05,0.0001862548188411373,0.001001207338920798,-9.313115913156543e-05
1,0.003690900000000958,1.863462330753006,-7.475869446715855e-05,-12.0,-0.931843304165791,12.0,-0.001280636644191854,9.317685454713239e-05,9.317685447237368e-05,0.0001863462330753006,0.00100113225654537,-9.317685454713239e-05
1,0.003691100000000958,1.864373530433498,-7.452455072054498e-05,-12.0,-0.9322985527880755,12.0,-0.001280698459393631,9.322240282373548e-05,9.322240274921094e-05,0.0001864373530433498,0.001001057412647138,-9.32224028237355e-05
1,0.0036913000000009582,1.865281786013942,-7.429028921157599e-05,-12.0,-0.932752329183691,12.0,-0.001280760071630624,9.326780388944794e-05,9.326780381515768e-05,0.0001865281786013942,0.001000982807375525,-9.326780388944794e-05
1,0.003691500000000958,1.866187096060078,-7.405591030895664e-05,-12.0,-0.9332046326360615,12.0,-0.001280821480836636,9.331305767257524e-05,9.331305759851934e-05,0.0001866187096060078,0.001000908440879383,-9.331305767257526e-05
1,0.003691700000000958,1.867089459142295,-7.382141438350143e-05,-12.0,-0.9336554624309367,12.0,-0.001280882686945747,9.335816410165532e-05,9.33581640278339e-05,0.0001867089459142295,0.001000834313307136,-9.335816410165532e-05
1,0.003691900000000958,1.86798887383564,-7.358680180613586e-05,-12.0,-0.9341048178563973,12.0,-0.001280943689892122,9.340312310545912e-05,9.340312303187233e-05,0.000186798887383564,0.00100076042480679,-9.340312310545912e-05
1,0.003692100000000958,1.868885338719816,-7.33520729465642e-05,-12.0,-0.9345526982028487,12.0,-0.001281004489610327,9.34479346129902e-05,9.344793453963813e-05,0.0001868885338719816,0.001000686775525811,-9.344793461299022e-05
1,0.0036923000000009584,1.869778852379178,-7.311722817615607e-05,-12.0,-0.9349991027630253,12.0,-0.001281065086035052,9.349259855348493e-05,9.349259848036771e-05,0.0001869778852379178,0.001000613365611275,-9.349259855348493e-05
1,0.003692500000000958,1.870669413402749,-7.2882267866059e-05,-12.0,-0.935444030831996,12.0,-0.001281125479101253,9.353711485641299e-05,9.353711478353074e-05,0.0001870669413402749,0.001000540195209787,-9.3537114856413e-05
1,0.003692700000000959,1.871557020384211,-7.264719238675443e-05,-12.0,-0.9358874817071572,12.0,-0.001281185668744161,9.358148345147704e-05,9.358148337882988e-05,0.0001871557020384211,0.001000467264467411,-9.358148345147705e-05
1,0.003692900000000959,1.872441671921907,-7.241200210994503e-05,-12.0,-0.9363294546882384,12.0,-0.001281245654899218,9.362570426861285e-05,9.362570419620085e-05,0.0001872441671921907,0.001000394573529809,-9.362570426861284e-05
1,0.003693100000000959,1.873323366618853,-7.217669740766652e-05,-12.0,-0.9367699490773049,12.0,-0.001281305437502073,9.366977723798972e-05,9.366977716581304e-05,0.0001873323366618853,0.001000322122542169,-9.366977723798974e-05
1,0.0036933000000009594,1.874202103082735,-7.194127865139954e-05,-12.0,-0.9372089641787574,12.0,-0.00128136501648865,9.37137022900106e-05,9.371370221806933e-05,0.0001874202103082735,0.001000249911649195,-9.371370229001061e-05
1,0.003693500000000959,1.875077879925907,-7.170574621262471e-05,-12.0,-0.93764649929933,12.0,-0.001281424391795086,9.375747935531173e-05,9.375747928360598e-05,0.0001875077879925907,0.001000177940995176,-9.375747935531174e-05
1,0.0036937000000009587,1.875950695765394,-7.147010046371083e-05,-12.0,-0.9380825537480935,12.0,-0.001281483563357749,9.380110836476297e-05,9.380110829329288e-05,0.0001875950695765394,0.001000106210723911,-9.380110836476298e-05
1,0.0036939000000009593,1.876820549222904,-7.123434177713772e-05,-12.0,-0.938517126836461,12.0,-0.001281542531113233,9.384458924946838e-05,9.384458917823404e-05,0.0001876820549222904,0.001000034720978704,-9.38445892494684e-05
1,0.003694100000000959,1.877687438924818,-7.099847052494113e-05,-12.0,-0.938950217878181,12.0,-0.001281601294998422,9.388792194076561e-05,9.388792186976713e-05,0.0001877687438924818,0.0009999634719023848,-9.388792194076561e-05
1,0.003694300000000959,1.878551363502196,-7.076248707971189e-05,-12.0,-0.9393818261893425,12.0,-0.001281659854950351,9.393110637022627e-05,9.393110629946381e-05,0.0001878551363502196,0.0009998924636373668,-9.393110637022629e-05
1,0.00369450000000096,1.879412321590786,-7.052639181515108e-05,-12.0,-0.9398119510883796,12.0,-0.001281718210906391,9.397414246965645e-05,9.397414239913008e-05,0.0001879412321590786,0.0009998216963255646,-9.397414246965644e-05
1,0.0036947000000009597,1.880270311831016,-7.029018510307239e-05,-12.0,-0.9402405918960648,12.0,-0.001281776362804035,9.401703017109619e-05,9.401703010080598e-05,0.0001880270311831017,0.0009997511701084344,-9.401703017109618e-05
1,0.0036949000000009603,1.881125332868002,-7.005386731695484e-05,-12.0,-0.9406677479355149,12.0,-0.001281834310581098,9.405976940681978e-05,9.405976933676593e-05,0.0001881125332868002,0.0009996808851269745,-9.405976940681979e-05
1,0.00369510000000096,1.881977383351546,-6.981743883061053e-05,-12.0,-0.9410934185321932,12.0,-0.00128189205417556,9.410236010933626e-05,9.410236003951882e-05,0.0001881977383351546,0.0009996108415216837,-9.410236010933626e-05
1,0.00369530000000096,1.882826461936149,-6.958090001785155e-05,-12.0,-0.9415176030139102,12.0,-0.001281949593525733,9.414480221138922e-05,9.414480214180834e-05,0.0001882826461936149,0.0009995410394325749,-9.414480221138923e-05
1,0.00369550000000096,1.883672567280995,-6.934425125038057e-05,-12.0,-0.9419403007108159,12.0,-0.00128200692857007,9.418709564595654e-05,9.41870955766123e-05,0.0001883672567280995,0.0009994714789992865,-9.418709564595655e-05
1,0.00369570000000096,1.884515698049967,-6.910749290467422e-05,-12.0,-0.9423615109554154,12.0,-0.001282064059247287,9.422924034625109e-05,9.42292402771436e-05,0.0001884515698049967,0.00099940216036086,-9.422924034625108e-05
1,0.00369590000000096,1.885355852911652,-6.887062535343436e-05,-12.0,-0.9427812330825626,12.0,-0.001282120985496335,9.42712362457209e-05,9.427123617685027e-05,0.0001885355852911652,0.000999333083655976,-9.427123624572092e-05
1,0.00369610000000096,1.886193030539325,-6.863364897014002e-05,-12.0,-0.9431994664294541,12.0,-0.001282177707256416,9.431308327804839e-05,9.431308320941476e-05,0.0001886193030539325,0.0009992642490227605,-9.43130832780484e-05
1,0.003696300000000961,1.887027229610965,-6.839656413093476e-05,-12.0,-0.9436162103356447,12.0,-0.00128223422446691,9.435478137715138e-05,9.435478130875482e-05,0.0001887027229610965,0.0009991956565989363,-9.435478137715138e-05
1,0.003696500000000961,1.887858448809267,-6.815937120951965e-05,-12.0,-0.9440314641430415,12.0,-0.001282290537067535,9.439633047718319e-05,9.439633040902383e-05,0.0001887858448809267,0.0009991273065217132,-9.43963304771832e-05
1,0.003696700000000961,1.888686686821615,-6.792207057948474e-05,-12.0,-0.9444452271958972,12.0,-0.001282346644998142,9.443773051253176e-05,9.443773044460971e-05,0.0001888686686821615,0.0009990591989278014,-9.443773051253178e-05
1,0.003696900000000961,1.889511942340105,-6.768466261775075e-05,-12.0,-0.9448574988408257,12.0,-0.001282402548198808,9.447898141782078e-05,9.447898135013612e-05,0.0001889511942340105,0.0009989913339535361,-9.44789814178208e-05
1,0.003697100000000961,1.890334214061552,-6.74471476983518e-05,-12.0,-0.9452682784267952,12.0,-0.001282458246609941,9.45200831279097e-05,9.452008306046254e-05,0.0001890334214061552,0.0009989237117347116,-9.452008312790969e-05
1,0.0036973000000009608,1.891153500687474,-6.720952619665432e-05,-12.0,-0.9456775653051273,12.0,-0.001282513740172117,9.456103557789308e-05,9.456103551068355e-05,0.0001891153500687474,0.0009988563324065808,-9.456103557789307e-05
1,0.0036975000000009613,1.891969800924103,-6.697179848758061e-05,-12.0,-0.9460853588295011,12.0,-0.001282569028826203,9.460183870310135e-05,9.460183863612955e-05,0.0001891969800924103,0.0009987891961040635,-9.460183870310135e-05
1,0.003697700000000961,1.892783113482392,-6.673396494782935e-05,-12.0,-0.9464916583559573,12.0,-0.001282624112513148,9.464249243910095e-05,9.464249237236699e-05,0.0001892783113482392,0.0009987223029615105,-9.464249243910095e-05
1,0.003697900000000961,1.893593437078008,-6.649602595176773e-05,-12.0,-0.9468964632428921,12.0,-0.001282678991174332,9.468299672169404e-05,9.4682996655198e-05,0.0001893593437078008,0.0009986556531128288,-9.468299672169404e-05
1,0.003698100000000962,1.894400770431336,-6.625798187642751e-05,-12.0,-0.9472997728510626,12.0,-0.001282733664751193,9.472335148691864e-05,9.472335142066063e-05,0.0001894400770431336,0.0009985892466914947,-9.472335148691863e-05
1,0.0036983000000009618,1.89520511226749,-6.601983309750814e-05,-12.0,-0.9477015865435897,12.0,-0.001282788133185567,9.476355667104922e-05,9.476355660502939e-05,0.000189520511226749,0.0009985230838303605,-9.476355667104922e-05
1,0.0036985000000009623,1.896006461316303,-6.578157999093115e-05,-12.0,-0.948101903685954,12.0,-0.001282842396419362,9.48036122105963e-05,9.480361214481473e-05,0.0001896006461316304,0.0009984571646620005,-9.480361221059631e-05
1,0.003698700000000962,1.896804816312332,-6.554322293350623e-05,-12.0,-0.9485007236459987,12.0,-0.001282896454394805,9.484351804230651e-05,9.484351797676329e-05,0.0001896804816312332,0.000998391489318351,-9.484351804230652e-05
1,0.003698900000000962,1.897600175994867,-6.530476230193205e-05,-12.0,-0.9488980457939339,12.0,-0.001282950307054401,9.488327410316319e-05,9.488327403785847e-05,0.0001897600175994867,0.0009983260579309733,-9.48832741031632e-05
1,0.003699100000000962,1.898392539107928,-6.506619847312933e-05,-12.0,-0.9492938695023359,12.0,-0.001283003954340778,9.492288033038628e-05,9.492288026532006e-05,0.0001898392539107928,0.0009982608706308876,-9.492288033038628e-05
1,0.003699300000000962,1.899181904400263,-6.482753182246448e-05,-12.0,-0.9496881941461405,12.0,-0.001283057396196857,9.496233666143178e-05,9.496233659660427e-05,0.0001899181904400263,0.000998195927548684,-9.496233666143181e-05
1,0.003699500000000962,1.899968270625353,-6.458876272885661e-05,-12.0,-0.9500810191026575,12.0,-0.001283110632565768,9.500164303399288e-05,9.50016429694041e-05,0.0001899968270625353,0.000998131228814439,-9.500164303399287e-05
1,0.003699700000000963,1.900751636541422,-6.434989156922644e-05,-12.0,-0.950472343751564,12.0,-0.001283163663390929,9.504079938599949e-05,9.504079932164957e-05,0.0001900751636541422,0.0009980667745577987,-9.504079938599948e-05
1,0.003699900000000963,1.90153200091143,-6.41109187196065e-05,-12.0,-0.9508621674749036,12.0,-0.001283216488615943,9.507980565561839e-05,9.507980559150747e-05,0.000190153200091143,0.0009980025649078267,-9.50798056556184e-05
1,0.003700100000000963,1.902309362503067,-6.387184455902695e-05,-12.0,-0.9512504896570904,12.0,-0.001283269108184576,9.511866178125315e-05,9.511866171738131e-05,0.0001902309362503067,0.0009979385999932255,-9.511866178125314e-05
1,0.003700300000000963,1.903083720088778,-6.363266946507462e-05,-12.0,-0.9516373096849129,12.0,-0.001283321522041053,9.515736770154479e-05,9.515736763791215e-05,0.0001903083720088778,0.0009978748799421427,-9.515736770154479e-05
1,0.003700500000000963,1.903855072445745,-6.339339381478126e-05,-12.0,-0.9520226269475284,12.0,-0.001283373730129489,9.519592335537137e-05,9.519592329197797e-05,0.0001903855072445745,0.0009978114048823233,-9.519592335537137e-05
1,0.003700700000000963,1.904623418355895,-6.315401798651088e-05,-12.0,-0.9524064408364672,12.0,-0.001283425732394539,9.523432868184807e-05,9.523432861869405e-05,0.0001904623418355895,0.0009977481749409711,-9.523432868184807e-05
1,0.003700900000000963,1.905388756605906,-6.291454235918259e-05,-12.0,-0.952788750745637,12.0,-0.001283477528780982,9.527258362032777e-05,9.527258355741324e-05,0.0001905388756605906,0.0009976851902447487,-9.527258362032778e-05
1,0.0037011000000009633,1.906151085987204,-6.267496731038324e-05,-12.0,-0.9531695560713171,12.0,-0.001283529119233753,9.531068811040068e-05,9.531068804772572e-05,0.0001906151085987204,0.0009976224509199855,-9.531068811040068e-05
1,0.003701300000000963,1.906910405295965,-6.243529321836583e-05,-12.0,-0.953548856212163,12.0,-0.001283580503698062,9.534864209189446e-05,9.534864202945916e-05,0.0001906910405295965,0.000997559957092456,-9.534864209189447e-05
1,0.003701500000000964,1.907666713333121,-6.219552046293764e-05,-12.0,-0.95392665056921,12.0,-0.001283631682119493,9.53864455048747e-05,9.538644544267919e-05,0.0001907666713333121,0.0009974977088873516,-9.538644550487472e-05
1,0.003701700000000964,1.908420008904358,-6.195564942190757e-05,-12.0,-0.9543029385458682,12.0,-0.001283682654443605,9.542409828964464e-05,9.542409822768899e-05,0.0001908420008904358,0.000997435706429614,-9.542409828964464e-05
1,0.003701900000000964,1.909170290820117,-6.171568047441678e-05,-12.0,-0.9546777195479266,12.0,-0.001283733420616384,9.546160038674522e-05,9.546160032502955e-05,0.0001909170290820117,0.0009973739498434636,-9.546160038674522e-05
1,0.0037021000000009643,1.909917557895601,-6.147561400005053e-05,-12.0,-0.9550509929835568,12.0,-0.001283783980583958,9.549895173695568e-05,9.549895167548005e-05,0.0001909917557895601,0.0009973124392528288,-9.549895173695568e-05
1,0.003702300000000964,1.910661808950772,-6.123545037761691e-05,-12.0,-0.955422758263307,12.0,-0.001283834334292785,9.553615228129292e-05,9.55361522200575e-05,0.0001910661808950772,0.0009972511747809581,-9.553615228129295e-05
1,0.003702500000000964,1.911403042810357,-6.09951899873673e-05,-12.0,-0.9557930148001113,12.0,-0.001283884481689354,9.557320196101238e-05,9.55732019000172e-05,0.0001911403042810357,0.0009971901565508645,-9.55732019610124e-05
1,0.0037027000000009642,1.912141258303844,-6.07548332075547e-05,-12.0,-0.9561617620092817,12.0,-0.001283934422720581,9.561010071760742e-05,9.561010065685256e-05,0.0001912141258303844,0.000997129384684839,-9.561010071760742e-05
1,0.003702900000000964,1.912876454265491,-6.051438041965174e-05,-12.0,-0.9565289993085185,12.0,-0.001283984157333565,9.564684849280988e-05,9.564684843229553e-05,0.0001912876454265491,0.0009970688593048255,-9.564684849280989e-05
1,0.003703100000000964,1.913608629534323,-6.027383200180036e-05,-12.0,-0.9568947261179026,12.0,-0.001284033685475597,9.568344522859008e-05,9.568344516831622e-05,0.0001913608629534323,0.0009970085805322132,-9.568344522859009e-05
1,0.003703300000000965,1.914337782954131,-6.003318833514015e-05,-12.0,-0.9572589418599005,12.0,-0.001284083007094206,9.57198908671565e-05,9.571989080712333e-05,0.0001914337782954132,0.0009969485484879748,-9.571989086715653e-05
1,0.003703500000000965,1.915063913373487,-5.979244979981146e-05,-12.0,-0.9576216459593678,12.0,-0.001284132122137113,9.57561853509568e-05,9.575618529116437e-05,0.0001915063913373488,0.0009968887632925832,-9.57561853509568e-05
1,0.0037037000000009652,1.915787019645729,-5.955161677584364e-05,-12.0,-0.9579828378435443,12.0,-0.001284181030552431,9.579232862267685e-05,9.579232856312524e-05,0.0001915787019645729,0.0009968292250659427,-9.579232862267685e-05
1,0.003703900000000965,1.91650710062897,-5.931068964359909e-05,-12.0,-0.9583425169420576,12.0,-0.001284229732288256,9.58283206252414e-05,9.582832056593071e-05,0.0001916507100628971,0.0009967699339275965,-9.582832062524141e-05
1,0.003704100000000965,1.917224155186106,-5.906966878499453e-05,-12.0,-0.9587006826869274,12.0,-0.001284278227293115,9.586416130181426e-05,9.586416124274457e-05,0.0001917224155186106,0.000996710889996505,-9.586416130181425e-05
1,0.003704300000000965,1.917938182184812,-5.882855457928216e-05,-12.0,-0.9590573345125601,12.0,-0.001284326515515716,9.589985059579809e-05,9.589985053696955e-05,0.0001917938182184812,0.0009966520933911427,-9.589985059579809e-05
1,0.003704500000000965,1.918649180497536,-5.858734740760152e-05,-12.0,-0.9594124718557528,12.0,-0.001284374596904933,9.593538845083452e-05,9.593538839224718e-05,0.0001918649180497536,0.000996593544229582,-9.593538845083452e-05
1,0.003704700000000965,1.919357149001516,-5.834604765231344e-05,-12.0,-0.9597660941556971,12.0,-0.001284422471409918,9.597077481080447e-05,9.597077475245844e-05,0.0001919357149001516,0.00099653524262934,-9.597077481080448e-05
1,0.003704900000000965,1.920062086578774,-5.81046556932252e-05,-12.0,-0.9601182008539731,12.0,-0.001284470138980087,9.6006009619828e-05,9.600600956172334e-05,0.0001920062086578774,0.000996477188707462,-9.6006009619828e-05
1,0.003705100000000966,1.920763992116114,-5.78631719130307e-05,-12.0,-0.9604687913945583,12.0,-0.001284517599565022,9.604109282226453e-05,9.604109276440136e-05,0.0001920763992116114,0.0009964193825804935,-9.604109282226453e-05
1,0.003705300000000966,1.921462864505134,-5.762159669220335e-05,-12.0,-0.9608178652238214,12.0,-0.001284564853114553,9.607602436271293e-05,9.607602430509133e-05,0.0001921462864505134,0.0009963618243644806,-9.607602436271293e-05
1,0.003705500000000966,1.922158702642215,-5.737993041299294e-05,-12.0,-0.9611654217905262,12.0,-0.001284611899578722,9.611080418601135e-05,9.61108041286314e-05,0.0001922158702642215,0.000996304514175067,-9.611080418601132e-05
1,0.003705700000000966,1.922851505428536,-5.71381734573162e-05,-12.0,-0.9615114605458354,12.0,-0.001284658738907901,9.614543223723783e-05,9.614543218009966e-05,0.0001922851505428536,0.0009962474521272718,-9.61454322372378e-05
1,0.003705900000000966,1.923541271770066,-5.689632620642371e-05,-12.0,-0.9618559809433055,12.0,-0.001284705371052547,9.617990846170991e-05,9.617990840481361e-05,0.0001923541271770066,0.0009961906383357255,-9.617990846170991e-05
1,0.0037061000000009657,1.924228000577566,-5.66543890427873e-05,-12.0,-0.9621989824388909,12.0,-0.001284751795963421,9.621423280498479e-05,9.621423274833043e-05,0.0001924228000577566,0.0009961340729145868,-9.621423280498481e-05
1,0.0037063000000009663,1.924911690766598,-5.641236234976699e-05,-12.0,-0.9625404644909473,12.0,-0.001284798013591479,9.624840521285976e-05,9.624840515644739e-05,0.0001924911690766598,0.0009960777559774037,-9.624840521285976e-05
1,0.003706500000000966,1.925592341257523,-5.617024650794722e-05,-12.0,-0.962880426560226,12.0,-0.001284844023888052,9.628242563137179e-05,9.628242557520155e-05,0.0001925592341257523,0.000996021687637308,-9.62824256313718e-05
1,0.003706700000000966,1.926269950975499,-5.592804190157619e-05,-12.0,-0.9632188681098826,12.0,-0.001284889826804497,9.631629400679809e-05,9.631629395087005e-05,0.00019262699509755,0.0009959658680069317,-9.63162940067981e-05
1,0.003706900000000967,1.926944518850488,-5.56857489120155e-05,-12.0,-0.9635557886054694,12.0,-0.001284935422292466,9.635001028565575e-05,9.635001022996999e-05,0.0001926944518850488,0.0009959102971984768,-9.635001028565575e-05
1,0.0037071000000009667,1.927616043817253,-5.544336792340232e-05,-12.0,-0.9638911875149452,12.0,-0.001284980810303871,9.638357441470217e-05,9.63835743592588e-05,0.0001927616043817253,0.0009958549753235624,-9.638357441470218e-05
1,0.0037073000000009673,1.928284524815367,-5.520089931732031e-05,-12.0,-0.9642250643086683,12.0,-0.001285025990790875,9.641698634093508e-05,9.64169862857342e-05,0.0001928284524815367,0.0009957999024933356,-9.64169863409351e-05
1,0.003707500000000967,1.928949960789202,-5.495834347746253e-05,-12.0,-0.9645574184594006,12.0,-0.001285070963705795,9.645024601159231e-05,9.645024595663397e-05,0.0001928949960789202,0.0009957450788184857,-9.645024601159231e-05
1,0.003707700000000967,1.929612350687946,-5.471570078752208e-05,-12.0,-0.9648882494423116,12.0,-0.001285115729001196,9.64833533741524e-05,9.64833533194367e-05,0.0001929612350687947,0.0009956905044092162,-9.648335337415241e-05
1,0.003707900000000967,1.930271693465595,-5.447297163041487e-05,-12.0,-0.9652175567349729,12.0,-0.001285160286629977,9.651630837633424e-05,9.651630832186127e-05,0.0001930271693465595,0.000995636179375134,-9.651630837633426e-05
1,0.003708100000000967,1.930927988080953,-5.423015638972295e-05,-12.0,-0.9655453398173626,12.0,-0.001285204636545106,9.654911096609731e-05,9.654911091186713e-05,0.0001930927988080953,0.0009955821038255402,-9.654911096609729e-05
1,0.003708300000000967,1.931581233497643,-5.398725544936145e-05,-12.0,-0.9658715981718681,12.0,-0.001285248778699913,9.658176109164187e-05,9.658176103765464e-05,0.0001931581233497643,0.0009955282778690289,-9.658176109164187e-05
1,0.003708500000000967,1.932231428684101,-5.374426919257935e-05,-12.0,-0.9661963312832822,12.0,-0.001285292713047795,9.661425870140895e-05,9.66142586476647e-05,0.0001932231428684101,0.0009954747016138465,-9.661425870140896e-05
1,0.003708700000000968,1.932878572613576,-5.350119800373587e-05,-12.0,-0.9665195386388059,12.0,-0.001285336439542609,9.664660374408021e-05,9.664660369057901e-05,0.0001932878572613577,0.000995421375167671,-9.664660374408022e-05
1,0.003708900000000968,1.933522664264143,-5.325804226719022e-05,-12.0,-0.9668412197280527,12.0,-0.001285379958138197,9.667879616857853e-05,9.667879611532052e-05,0.0001933522664264143,0.0009953682986377915,-9.667879616857856e-05
1,0.003709100000000968,1.934163702618691,-5.301480236641343e-05,-12.0,-0.9671613740430431,12.0,-0.001285423268788763,9.671083592406766e-05,9.671083587105288e-05,0.0001934163702618691,0.0009953154721308866,-9.671083592406768e-05
1,0.003709300000000968,1.93480168666493,-5.277147868631982e-05,-12.0,-0.9674800010782091,12.0,-0.00128546637144876,9.674272295995227e-05,9.67427229071808e-05,0.000193480168666493,0.0009952628957531767,-9.674272295995228e-05
1,0.003709500000000968,1.935436615395397,-5.25280716112686e-05,-12.0,-0.9677971003303958,12.0,-0.001285509266072821,9.677445722587845e-05,9.67744571733504e-05,0.0001935436615395397,0.0009952105696103553,-9.677445722587846e-05
1,0.0037097000000009678,1.936068487807454,-5.228458152628512e-05,-12.0,-0.9681126712988621,12.0,-0.001285551952615788,9.68060386717336e-05,9.680603861944902e-05,0.0001936068487807454,0.000995158493807699,-9.680603867173359e-05
1,0.0037099000000009683,1.936697302903286,-5.204100881450735e-05,-12.0,-0.9684267134852749,12.0,-0.001285594431032738,9.683746724764603e-05,9.683746719560502e-05,0.0001936697302903286,0.0009951066684499438,-9.683746724764605e-05
1,0.003710100000000968,1.937323059689906,-5.179735386251494e-05,-12.0,-0.9687392263937202,12.0,-0.001285636701279069,9.686874290398575e-05,9.686874285218841e-05,0.0001937323059689906,0.0009950550936412977,-9.686874290398577e-05
1,0.003710300000000969,1.937945757179161,-5.155361705477812e-05,-12.0,-0.9690502095306986,12.0,-0.001285678763310247,9.689986559136438e-05,9.689986553981079e-05,0.0001937945757179161,0.000995003769485539,-9.68998655913644e-05
1,0.003710500000000969,1.938565394387724,-5.130979877632225e-05,-12.0,-0.9693596624051243,12.0,-0.001285720617082084,9.693083526063481e-05,9.6930835209325e-05,0.0001938565394387724,0.0009949526960859045,-9.69308352606348e-05
1,0.0037107000000009688,1.939181970337101,-5.106589941228368e-05,-12.0,-0.9696675845283281,12.0,-0.001285762262550588,9.696165186289158e-05,9.696165181182569e-05,0.0001939181970337101,0.0009949018735451176,-9.69616518628916e-05
1,0.0037109000000009693,1.939795484053637,-5.082191934868696e-05,-12.0,-0.9699739754140607,12.0,-0.001285803699671947,9.69923153494712e-05,9.699231529864929e-05,0.0001939795484053637,0.0009948513019654853,-9.699231534947121e-05
1,0.003711100000000969,1.940405934568508,-5.057785897022438e-05,-12.0,-0.9702788345784882,12.0,-0.001285844928402696,9.702282567195181e-05,9.702282562137393e-05,0.0001940405934568508,0.000994800981448704,-9.70228256719518e-05
1,0.003711300000000969,1.941013320917729,-5.033371866269842e-05,-12.0,-0.9705821615401955,12.0,-0.001285885948699439,9.705318278215328e-05,9.705318273181958e-05,0.0001941013320917729,0.0009947509120960402,-9.705318278215328e-05
1,0.0037115000000009692,1.941617642142152,-5.008949881246672e-05,-12.0,-0.9708839558201897,12.0,-0.001285926760519127,9.708338663213773e-05,9.708338658204823e-05,0.0001941617642142152,0.0009947010940082601,-9.708338663213773e-05
1,0.003711700000000969,1.942218897287472,-4.984519980488766e-05,-12.0,-0.9711842169418955,12.0,-0.001285967363818932,9.711343717420907e-05,9.711343712436388e-05,0.0001942218897287472,0.0009946515272856032,-9.711343717420907e-05
1,0.003711900000000969,1.942817085404222,-4.960082202609684e-05,-12.0,-0.9714829444311587,12.0,-0.001286007758556182,9.714333436091324e-05,9.714333431131243e-05,0.0001942817085404222,0.0009946022120278647,-9.714333436091327e-05
1,0.00371210000000097,1.943412205547783,-4.935636586234082e-05,-12.0,-0.9717801378162488,12.0,-0.001286047944688465,9.717307814503864e-05,9.717307809568228e-05,0.0001943412205547783,0.0009945531483342707,-9.717307814503866e-05
1,0.00371230000000097,1.94400425677838,-4.911183170019928e-05,-12.0,-0.9720757966278585,12.0,-0.001286087922173593,9.720266847961581e-05,9.720266843050399e-05,0.000194400425677838,0.0009945043363035755,-9.720266847961583e-05
1,0.0037125000000009702,1.944593238161078,-4.886721992525267e-05,-12.0,-0.9723699203990989,12.0,-0.001286127690969641,9.723210531791737e-05,9.723210526905014e-05,0.0001944593238161078,0.0009944557760340478,-9.723210531791737e-05
1,0.00371270000000097,1.945179148765795,-4.86225309248578e-05,-12.0,-0.97266250866551,12.0,-0.001286167251034878,9.726138861345853e-05,9.7261388564836e-05,0.0001945179148765795,0.0009944074676234427,-9.726138861345851e-05
1,0.00371290000000097,1.945761987667302,-4.837776508526126e-05,-12.0,-0.9729535609650566,12.0,-0.001286206602327797,9.729051831999712e-05,9.729051827161936e-05,0.0001945761987667302,0.0009943594111690157,-9.729051831999714e-05
1,0.00371310000000097,1.946341753945211,-4.813292279282066e-05,-12.0,-0.9732430768381242,12.0,-0.00128624574480711,9.731949439153312e-05,9.731949434340021e-05,0.0001946341753945211,0.0009943116067675506,-9.731949439153315e-05
1,0.00371330000000097,1.946918446683992,-4.788800443544794e-05,-12.0,-0.9735310558275293,12.0,-0.001286284678431809,9.73483167823094e-05,9.734831673442138e-05,0.0001946918446683992,0.0009942640545152343,-9.734831678230939e-05
1,0.0037135000000009704,1.947492064972972,-4.764301039961172e-05,-12.0,-0.9738174974785154,12.0,-0.001286323403161024,9.737698544681158e-05,9.737698539916858e-05,0.0001947492064972972,0.000994216754507879,-9.737698544681159e-05
1,0.00371370000000097,1.948062607906323,-4.739794107166961e-05,-12.0,-0.9741024013387488,12.0,-0.001286361918954246,9.74055003397677e-05,9.740550029236977e-05,0.0001948062607906324,0.0009941697068406863,-9.740550033976773e-05
1,0.003713900000000971,1.948630074583082,-4.715279684019968e-05,-12.0,-0.9743857669583291,12.0,-0.001286400225770978,9.743386141614889e-05,9.74338613689961e-05,0.0001948630074583082,0.0009941229116084555,-9.74338614161489e-05
1,0.003714100000000971,1.94919446410714,-4.690757809211465e-05,-12.0,-0.9746675938897841,12.0,-0.001286438323571129,9.746206863116918e-05,9.746206858426164e-05,0.0001949194464107141,0.0009940763689054166,-9.74620686311692e-05
1,0.003714300000000971,1.94975577558725,-4.666228521466032e-05,-12.0,-0.9749478816880697,12.0,-0.001286476212314813,9.749012194028551e-05,9.749012189362324e-05,0.000194975577558725,0.0009940300788253004,-9.749012194028551e-05
1,0.0037145000000009714,1.950314008137021,-4.641691859519348e-05,-12.0,-0.9752266299105725,12.0,-0.001286513891962354,9.751802129919771e-05,9.751802125278082e-05,0.0001950314008137021,0.0009939840414613377,-9.751802129919774e-05
1,0.003714700000000971,1.950869160874929,-4.617147862229221e-05,-12.0,-0.9755038381171126,12.0,-0.001286551362474242,9.754576666384903e-05,9.754576661767758e-05,0.0001950869160874929,0.0009939382569062877,-9.754576666384904e-05
1,0.0037149000000009707,1.95142123292431,-4.592596568309126e-05,-12.0,-0.9757795058699394,12.0,-0.001286588623811244,9.757335799042563e-05,9.757335794449968e-05,0.000195142123292431,0.0009938927252523405,-9.757335799042564e-05
1,0.0037151000000009713,1.951970223413366,-4.568038016572462e-05,-12.0,-0.9760536327337355,12.0,-0.001286625675934405,9.760079523535696e-05,9.76007951896766e-05,0.0001951970223413366,0.00099384744659127,-9.760079523535698e-05
1,0.003715300000000971,1.952516131475166,-4.543472245854829e-05,-12.0,-0.9763262182756184,12.0,-0.001286662518804813,9.762807835531595e-05,9.762807830988125e-05,0.0001952516131475167,0.0009938024210142948,-9.762807835531599e-05
1,0.003715500000000971,1.953058956247647,-4.51889929494742e-05,-12.0,-0.9765972620651378,12.0,-0.001286699152384038,9.765520730721884e-05,9.765520726202983e-05,0.0001953058956247647,0.000993757648612148,-9.765520730721884e-05
1,0.003715700000000972,1.953598696873612,-4.494319202641428e-05,-12.0,-0.9768667636742775,12.0,-0.001286735576633669,9.768218204822508e-05,9.768218200328192e-05,0.0001953598696873612,0.0009937131294750212,-9.768218204822512e-05
1,0.0037159000000009717,1.954135352500735,-4.469732007861271e-05,-12.0,-0.9771347226774586,12.0,-0.001286771791515609,9.7709002535738e-05,9.77090024910407e-05,0.0001954135352500735,0.000993668863692579,-9.7709002535738e-05
1,0.0037161000000009723,1.954668922281565,-4.445137749453654e-05,-12.0,-0.977401138651538,12.0,-0.001286807796992015,9.773566872740434e-05,9.773566868295299e-05,0.0001954668922281565,0.0009936248513540968,-9.773566872740436e-05
1,0.003716300000000972,1.955199405373523,-4.420536466187563e-05,-12.0,-0.9776660111758079,12.0,-0.001286843593025139,9.77621805811146e-05,9.776218053690925e-05,0.0001955199405373523,0.000993581092548268,-9.77621805811146e-05
1,0.003716500000000972,1.955726800938899,-4.395928196998522e-05,-12.0,-0.9779293398319974,12.0,-0.001286879179577621,9.778853805500273e-05,9.778853801104344e-05,0.0001955726800938899,0.0009935375873632718,-9.778853805500274e-05
1,0.003716700000000972,1.956251108144865,-4.371312980822051e-05,-12.0,-0.9781911242042762,12.0,-0.001286914556612256,9.781474110744678e-05,9.781474106373368e-05,0.0001956251108144865,0.0009934943358867604,-9.781474110744681e-05
1,0.003716900000000972,1.956772326163469,-4.346690856471547e-05,-12.0,-0.9784513638792505,12.0,-0.001286949724092018,9.784078969706859e-05,9.784078965360167e-05,0.0001956772326163469,0.0009934513382059973,-9.784078969706859e-05
1,0.003717100000000972,1.957290454171631,-4.322061862904736e-05,-12.0,-0.9787100584459654,12.0,-0.001286984681980144,9.786668378273364e-05,9.786668373951302e-05,0.0001957290454171631,0.0009934085944075938,-9.786668378273364e-05
1,0.003717300000000972,1.957805491351161,-4.297426039012731e-05,-12.0,-0.9789672074959084,12.0,-0.001287019430240177,9.789242332355181e-05,9.789242328057754e-05,0.0001957805491351161,0.000993366104577717,-9.789242332355183e-05
1,0.003717500000000973,1.958317436888741,-4.272783423764359e-05,-12.0,-0.9792228106230052,12.0,-0.001287053968835689,9.791800827887675e-05,9.791800823614893e-05,0.0001958317436888741,0.0009933238688020346,-9.791800827887676e-05
1,0.003717700000000973,1.958826289975938,-4.24813405602853e-05,-12.0,-0.9794768674236229,12.0,-0.001287088297730693,9.794343860830626e-05,9.794343856582493e-05,0.0001958826289975938,0.0009932818871657284,-9.794343860830627e-05
1,0.003717900000000973,1.959332049809204,-4.223477974862888e-05,-12.0,-0.9797293774965727,12.0,-0.001287122416889275,9.79687142716824e-05,9.796871422944765e-05,0.0001959332049809204,0.0009932401597534113,-9.796871427168242e-05
1,0.003718100000000973,1.959834715589874,-4.198815219158547e-05,-12.0,-0.979980340443106,12.0,-0.001287156326275851,9.799383522909145e-05,9.79938351871033e-05,0.0001959834715589874,0.0009931986866492382,-9.799383522909145e-05
1,0.003718300000000973,1.960334286524169,-4.17414582786213e-05,-12.0,-0.9802297558669172,12.0,-0.001287190025854978,9.801880144086384e-05,9.801880139912237e-05,0.0001960334286524169,0.0009931574679368088,-9.801880144086386e-05
1,0.0037185000000009728,1.960830761823198,-4.149469840042386e-05,-12.0,-0.9804776233741468,12.0,-0.001287223515591421,9.804361286757464e-05,9.804361282607993e-05,0.0001960830761823198,0.0009931165036993622,-9.804361286757464e-05
1,0.0037187000000009733,1.961324140702958,-4.124787294612631e-05,-12.0,-0.9807239425733767,12.0,-0.001287256795450331,9.806826947004305e-05,9.806826942879519e-05,0.0001961324140702958,0.0009930757940193324,-9.806826947004306e-05
1,0.003718900000000973,1.961814422384334,-4.100098230652716e-05,-12.0,-0.9809687130756368,12.0,-0.001287289865396904,9.809277120933303e-05,9.809277116833204e-05,0.0001961814422384334,0.0009930353389789176,-9.809277120933303e-05
1,0.003719100000000973,1.962301606093107,-4.075402687109264e-05,-12.0,-0.9812119344944003,12.0,-0.001287322725396625,9.811711804675292e-05,9.811711800599892e-05,0.0001962301606093107,0.0009929951386597191,-9.811711804675292e-05
1,0.003719300000000974,1.962785691059942,-4.05070070302882e-05,-12.0,-0.9814536064455865,12.0,-0.001287355375415217,9.814130994385562e-05,9.814130990334862e-05,0.0001962785691059942,0.0009929551931428249,-9.814130994385564e-05
1,0.0037195000000009738,1.963266676520406,-4.025992317491234e-05,-12.0,-0.9816937285475642,12.0,-0.001287387815418622,9.816534686243894e-05,9.816534682217904e-05,0.0001963266676520406,0.00099291550250874,-9.816534686243894e-05
1,0.0037197000000009743,1.963744561714954,-4.001277569432027e-05,-12.0,-0.9819323004211461,12.0,-0.001287420045373022,9.818922876454517e-05,9.818922872453241e-05,0.0001963744561714954,0.0009928760668376085,-9.818922876454518e-05
1,0.003719900000000974,1.96421934588894,-3.97655649803097e-05,-12.0,-0.982169321689596,12.0,-0.00128745206524479,9.821295561246157e-05,9.8212955572696e-05,0.000196421934588894,0.0009928368862089643,-9.821295561246157e-05
1,0.003720100000000974,1.964691028292615,-3.951829142290197e-05,-12.0,-0.9824047919786246,12.0,-0.001287483875000481,9.823652736872017e-05,9.82365273292019e-05,0.0001964691028292615,0.000992797960701855,-9.823652736872017e-05
1,0.003720300000000974,1.965159608181125,-3.927095541278458e-05,-12.0,-0.9826387109163912,12.0,-0.001287515474607009,9.825994399609783e-05,9.82599439568269e-05,0.0001965159608181125,0.0009927592903947874,-9.825994399609785e-05
1,0.003720500000000974,1.965625084814519,-3.902355734153318e-05,-12.0,-0.9828710781335074,12.0,-0.001287546864031389,9.828320545761659e-05,9.828320541859303e-05,0.0001965625084814519,0.000992720875365824,-9.828320545761659e-05
1,0.003720700000000974,1.966087457457745,-3.877609759894707e-05,-12.0,-0.9831018932630321,12.0,-0.001287578043240895,9.830631171654331e-05,9.830631167776723e-05,0.0001966087457457745,0.0009926827156924722,-9.830631171654331e-05
1,0.003720900000000975,1.966546725380653,-3.852857657737907e-05,-12.0,-0.9833311559404783,12.0,-0.001287609012203053,9.832926273639009e-05,9.832926269786152e-05,0.0001966546725380653,0.0009926448114516984,-9.83292627363901e-05
1,0.003721100000000975,1.967002887857996,-3.828099466651746e-05,-12.0,-0.983558865803808,12.0,-0.001287639770885571,9.835205848091412e-05,9.835205844263315e-05,0.0001967002887857996,0.0009926071627200106,-9.835205848091416e-05
1,0.003721300000000975,1.967455944169429,-3.803335225871507e-05,-12.0,-0.9837850224934358,12.0,-0.001287670319256445,9.837469891411769e-05,9.837469887608437e-05,0.0001967455944169429,0.0009925697695734176,-9.837469891411772e-05
1,0.003721500000000975,1.967905893599512,-3.778564974543652e-05,-12.0,-0.9840096256522306,12.0,-0.001287700657283813,9.839718400024851e-05,9.839718396246288e-05,0.0001967905893599512,0.000992532632087345,-9.839718400024852e-05
1,0.003721700000000975,1.968352735437717,-3.753788751714726e-05,-12.0,-0.9842326749255128,12.0,-0.001287730784936103,9.841951370379957e-05,9.84195136662617e-05,0.0001968352735437717,0.0009924957503367748,-9.841951370379957e-05
1,0.003721900000000975,1.968796468978413,-3.729006596597806e-05,-12.0,-0.9844541699610564,12.0,-0.001287760702181923,9.844168798950903e-05,9.844168795221897e-05,0.0001968796468978413,0.0009924591243961056,-9.844168798950905e-05
1,0.003722100000000975,1.969237093520888,-3.704218548394866e-05,-12.0,-0.9846741104090919,12.0,-0.001287790408990117,9.846370682236081e-05,9.846370678531862e-05,0.0001969237093520888,0.000992422754339306,-9.84637068223608e-05
1,0.0037223000000009753,1.969674608369335,-3.679424646174656e-05,-12.0,-0.9848924959223027,12.0,-0.001287819905329779,9.848557016758408e-05,9.848557013078983e-05,0.0001969674608369335,0.0009923866402397896,-9.84855701675841e-05
1,0.003722500000000975,1.970109012832854,-3.654624929194661e-05,-12.0,-0.9851093261558275,12.0,-0.001287849191170171,9.850727799065355e-05,9.850727795410729e-05,0.0001970109012832854,0.0009923507821704564,-9.850727799065355e-05
1,0.003722700000000976,1.970540306225463,-3.629819436645754e-05,-12.0,-0.985324600767263,12.0,-0.001287878266480844,9.852883025728967e-05,9.852883022099146e-05,0.0001970540306225462,0.0009923151802036512,-9.852883025728967e-05
1,0.003722900000000976,1.970968487866089,-3.605008207696603e-05,-12.0,-0.9855383194166607,12.0,-0.001287907131231489,9.855022693345836e-05,9.855022689740829e-05,0.0001970968487866089,0.0009922798344113304,-9.855022693345838e-05
1,0.003723100000000976,1.971393557078573,-3.580191281560285e-05,-12.0,-0.985750481766529,12.0,-0.001287935785392116,9.857146798537135e-05,9.857146794956942e-05,0.0001971393557078573,0.000992244744864798,-9.857146798537135e-05
1,0.0037233000000009763,1.971815513191672,-3.555368697483186e-05,-12.0,-0.9859610874818353,12.0,-0.001287964228932931,9.859255337948604e-05,9.859255334393235e-05,0.0001971815513191672,0.0009922099116349142,-9.859255337948605e-05
1,0.003723500000000976,1.972234355539061,-3.530540494667278e-05,-12.0,-0.9861701362300049,12.0,-0.001287992461824289,9.861348308250583e-05,9.861348304720041e-05,0.0001972234355539062,0.0009921753347920392,-9.861348308250583e-05
1,0.003723700000000976,1.97265008345933,-3.505706712358947e-05,-12.0,-0.9863776276809209,12.0,-0.001288020484036881,9.863425706137973e-05,9.863425702632267e-05,0.000197265008345933,0.0009921410144059506,-9.863425706137973e-05
1,0.0037239000000009763,1.973062696295984,-3.480867389771269e-05,-12.0,-0.986583561506925,12.0,-0.001288048295541508,9.865487528330271e-05,9.865487524849408e-05,0.0001973062696295984,0.0009921069505459679,-9.865487528330274e-05
1,0.003724100000000976,1.973472193397451,-3.456022566239447e-05,-12.0,-0.9867879373828211,12.0,-0.001288075896309263,9.867533771571588e-05,9.867533768115566e-05,0.0001973472193397451,0.0009920731432809249,-9.867533771571588e-05
1,0.003724300000000976,1.973878574117079,-3.431172280954353e-05,-12.0,-0.9869907549858711,12.0,-0.001288103286311501,9.869564432630615e-05,9.869564429199443e-05,0.0001973878574117079,0.000992039592679017,-9.869564432630615e-05
1,0.003724500000000977,1.974281837813136,-3.406316573195678e-05,-12.0,-0.9871920139957978,12.0,-0.001288130465519677,9.871579508300657e-05,9.871579504894342e-05,0.0001974281837813136,0.0009920062988080652,-9.871579508300659e-05
1,0.003724700000000977,1.974681983848814,-3.381455482265316e-05,-12.0,-0.9873917140947868,12.0,-0.001288157433905618,9.87357899539964e-05,9.873578992018186e-05,0.0001974681983848815,0.0009919732617352517,-9.873578995399642e-05
1,0.0037249000000009773,1.975079011592228,-3.356589047409653e-05,-12.0,-0.9875898549674839,12.0,-0.001288184191441194,9.875562890770097e-05,9.87556288741351e-05,0.0001975079011592228,0.0009919404815274119,-9.875562890770098e-05
1,0.003725100000000977,1.975472920416411,-3.331717307974991e-05,-12.0,-0.9877864363009969,12.0,-0.001288210738098705,9.877531191279171e-05,9.877531187947455e-05,0.0001975472920416411,0.0009919079582506318,-9.877531191279173e-05
1,0.003725300000000977,1.975863709699329,-3.306840303274328e-05,-12.0,-0.9879814577848978,12.0,-0.001288237073850493,9.87948389381865e-05,9.879483890511809e-05,0.0001975863709699329,0.00099187569197072,-9.87948389381865e-05
1,0.003725500000000977,1.976251378823875,-3.281958072576252e-05,-12.0,-0.988174919111222,12.0,-0.001288263198669232,9.881420995304961e-05,9.881420992023004e-05,0.0001976251378823875,0.0009918436827527632,-9.881420995304964e-05
1,0.003725700000000977,1.976635927177861,-3.257070655193761e-05,-12.0,-0.9883668199744656,12.0,-0.001288289112527777,9.883342492679137e-05,9.883342489422064e-05,0.0001976635927177861,0.0009918119306615014,-9.883342492679138e-05
1,0.003725900000000977,1.977017354154033,-3.23217809052867e-05,-12.0,-0.988557160071592,12.0,-0.001288314815399205,9.885248382906867e-05,9.88524837967469e-05,0.0001977017354154033,0.00099178043576105,-9.885248382906868e-05
1,0.003726100000000977,1.977395659150066,-3.207280417882874e-05,-12.0,-0.9887459391020292,12.0,-0.001288340307256816,9.887138662978504e-05,9.887138659771224e-05,0.0001977395659150066,0.0009917491981150384,-9.887138662978504e-05
1,0.003726300000000978,1.977770841568562,-3.182377676558268e-05,-12.0,-0.9889331567676674,12.0,-0.001288365588074172,9.88901332990902e-05,9.88901332672664e-05,0.0001977770841568563,0.0009917182177865552,-9.889013329909019e-05
1,0.003726500000000978,1.978142900817058,-3.157469905967769e-05,-12.0,-0.9891188127728652,12.0,-0.001288390657825045,9.890872380738056e-05,9.890872377580587e-05,0.0001978142900817058,0.000991687494838231,-9.890872380738055e-05
1,0.003726700000000978,1.978511836308019,-3.132557145468784e-05,-12.0,-0.9893029068244474,12.0,-0.001288415516483316,9.892715812529931e-05,9.89271580939737e-05,0.0001978511836308019,0.0009916570293321547,-9.892715812529928e-05
1,0.003726900000000978,1.978877647458847,-3.107639434352105e-05,-12.0,-0.9894854386317027,12.0,-0.001288440164023269,9.894543622373592e-05,9.894543619265953e-05,0.0001978877647458847,0.0009916268213298746,-9.894543622373592e-05
1,0.003727100000000978,1.979240333691872,-3.082716812119468e-05,-12.0,-0.989666407906389,12.0,-0.001288464600419259,9.896355807382678e-05,9.896355804299964e-05,0.0001979240333691872,0.0009915968708923972,-9.89635580738268e-05
1,0.0037273000000009777,1.979599894434363,-3.057789318094972e-05,-12.0,-0.989845814362732,12.0,-0.001288488825646,9.898152364695511e-05,9.898152361637722e-05,0.0001979599894434364,0.0009915671780802854,-9.898152364695511e-05
1,0.0037275000000009783,1.979956329118526,-3.032856991647126e-05,-12.0,-0.9900236577174237,12.0,-0.001288512839678277,9.899933291475069e-05,9.899933288442214e-05,0.0001979956329118526,0.0009915377429535466,-9.899933291475073e-05
1,0.003727700000000978,1.980309637181499,-3.007919872244358e-05,-12.0,-0.9901999376896247,12.0,-0.00128853664249122,9.901698584909024e-05,9.901698581901106e-05,0.0001980309637181499,0.0009915085655716888,-9.901698584909023e-05
1,0.003727900000000978,1.980659818065359,-2.982977999255176e-05,-12.0,-0.9903746540009659,12.0,-0.001288560234060168,9.90344824220973e-05,9.903448239226757e-05,0.0001980659818065359,0.0009914796459936093,-9.903448242209735e-05
1,0.003728100000000979,1.981006871217123,-2.958031412070294e-05,-12.0,-0.990547806375546,12.0,-0.001288583614360572,9.905182260614252e-05,9.90518225765622e-05,0.0001981006871217123,0.0009914509842778307,-9.905182260614253e-05
1,0.0037283000000009787,1.981350796088744,-2.933080150191447e-05,-12.0,-0.990719394539933,12.0,-0.001288606783368229,9.906900637384311e-05,9.906900634451233e-05,0.0001981350796088745,0.0009914225804822652,-9.906900637384311e-05
1,0.0037285000000009793,1.981691592137119,-2.908124252987143e-05,-12.0,-0.990889418223167,12.0,-0.00128862974105913,9.908603369806371e-05,9.908603366898247e-05,0.0001981691592137119,0.000991394434664325,-9.908603369806371e-05
1,0.003728700000000979,1.982029258824084,-2.883163759892504e-05,-12.0,-0.9910578771567568,12.0,-0.001288652487409392,9.910290455191578e-05,9.910290452308413e-05,0.0001982029258824084,0.000991366546880909,-9.910290455191579e-05
1,0.003728900000000979,1.982363795616413,-2.858198710398163e-05,-12.0,-0.9912247710746822,12.0,-0.001288675022395547,9.911961890875783e-05,9.911961888017586e-05,0.0001982363795616413,0.0009913389171883613,-9.911961890875783e-05
1,0.003729100000000979,1.982695201985828,-2.833229143905935e-05,-12.0,-0.9913900997133956,12.0,-0.001288697345994128,9.913617674219565e-05,9.913617671386334e-05,0.0001982695201985828,0.0009913115456425953,-9.913617674219566e-05
1,0.003729300000000979,1.983023477408993,-2.80825509993976e-05,-12.0,-0.9915538628118213,12.0,-0.001288719458182055,9.915257802608216e-05,9.915257799799964e-05,0.0001983023477408994,0.0009912844322988862,-9.91525780260822e-05
1,0.003729500000000979,1.983348621367514,-2.783276617890351e-05,-12.0,-0.9917160601113533,12.0,-0.001288741358936404,9.916882273451743e-05,9.916882270668466e-05,0.0001983348621367514,0.0009912575772121068,-9.916882273451745e-05
1,0.003729700000000979,1.983670633347942,-2.758293737359363e-05,-12.0,-0.9918766913558605,12.0,-0.00128876304823447,9.91849108418487e-05,9.918491081426577e-05,0.0001983670633347942,0.0009912309804365194,-9.91849108418487e-05
1,0.00372990000000098,1.983989512841779,-2.733306497670895e-05,-12.0,-0.9920357562916852,12.0,-0.001288784526053813,9.920084232267083e-05,9.920084229533778e-05,0.0001983989512841779,0.0009912046420258447,-9.920084232267085e-05
1,0.00373010000000098,1.984305259345467,-2.708314938415501e-05,-12.0,-0.9921932546676413,12.0,-0.001288805792372061,9.92166171518257e-05,9.921661712474255e-05,0.0001984305259345467,0.0009911785620334984,-9.921661715182572e-05
1,0.00373030000000098,1.984617872360399,-2.68331909906161e-05,-12.0,-0.9923491862350171,12.0,-0.001288826847167301,9.923223530440266e-05,9.923223527756948e-05,0.0001984617872360399,0.0009911527405120774,-9.923223530440266e-05
1,0.00373050000000098,1.984927351392915,-2.658319019110955e-05,-12.0,-0.9925035507475761,12.0,-0.001288847690417733,9.924769675573847e-05,9.924769672915532e-05,0.0001984927351392915,0.0009911271775137759,-9.924769675573851e-05
1,0.00373070000000098,1.985233695954306,-2.633314738076376e-05,-12.0,-0.9926563479615554,12.0,-0.001288868322101663,9.926300148141745e-05,9.926300145508433e-05,0.0001985233695954306,0.0009911018730903998,-9.926300148141748e-05
1,0.00373090000000098,1.985536905560809,-2.608306295470708e-05,-12.0,-0.992807577635667,12.0,-0.001288888742197833,9.927814945727122e-05,9.927814943118819e-05,0.0001985536905560809,0.000991076827293047,-9.927814945727123e-05
1,0.0037311000000009803,1.985836979733615,-2.583293730828995e-05,-12.0,-0.9929572395310992,12.0,-0.001288908950685008,9.929314065937907e-05,9.929314063354615e-05,0.0001985836979733615,0.0009910520401724132,-9.92931406593791e-05
1,0.00373130000000098,1.986133917998864,-2.55827708369738e-05,-12.0,-0.9931053334115151,12.0,-0.001288928947542331,9.930797506406782e-05,9.930797503848504e-05,0.0001986133917998864,0.0009910275117785694,-9.930797506406782e-05
1,0.003731500000000981,1.98642771988765,-2.533256393544292e-05,-12.0,-0.9932518590430538,12.0,-0.00128894873274904,9.932265264791185e-05,9.932265262257926e-05,0.000198642771988765,0.000991003242161198,-9.932265264791184e-05
1,0.003731700000000981,1.986718384936019,-2.508231699993591e-05,-12.0,-0.9933968161943323,12.0,-0.001288968306284721,9.933717338773325e-05,9.933717336265094e-05,0.0001986718384936019,0.0009909792313693017,-9.933717338773324e-05
1,0.003731900000000981,1.98700591268497,-2.483203042524806e-05,-12.0,-0.9935402046364429,12.0,-0.001288987668129044,9.935153726060176e-05,9.935153723576975e-05,0.000198700591268497,0.000990955479451508,-9.935153726060176e-05
1,0.0037321000000009813,1.987290302680456,-2.458170460706288e-05,-12.0,-0.9936820241429554,12.0,-0.001289006818262009,9.936574424383482e-05,9.936574421925313e-05,0.0001987290302680456,0.000990931986455848,-9.936574424383484e-05
1,0.003732300000000981,1.987571554473385,-2.433133994161896e-05,-12.0,-0.9938222744899181,12.0,-0.001289025756663773,9.937979431499765e-05,9.937979429066633e-05,0.0001987571554473385,0.0009909087524298393,-9.937979431499766e-05
1,0.003732500000000981,1.987849667619622,-2.408093682348955e-05,-12.0,-0.9939609554558559,12.0,-0.00128904448331478,9.939368745190324e-05,9.93936874278223e-05,0.0001987849667619623,0.0009908857774204166,-9.939368745190325e-05
1,0.0037327000000009812,1.988124641679988,-2.383049564980144e-05,-12.0,-0.9940980668217735,12.0,-0.001289062998195631,9.940742363261237e-05,9.940742360878187e-05,0.0001988124641679988,0.0009908630614741398,-9.940742363261237e-05
1,0.003732900000000981,1.988396476220259,-2.358001681512789e-05,-12.0,-0.9942336083711523,12.0,-0.001289081301287145,9.94210028354337e-05,9.94210028118537e-05,0.0001988396476220259,0.0009908406046369445,-9.942100283543372e-05
1,0.003733100000000981,1.988665170811171,-2.332950071604056e-05,-12.0,-0.9943675798899545,12.0,-0.001289099392570409,9.943442503892385e-05,9.943442501559434e-05,0.0001988665170811171,0.0009908184069542803,-9.943442503892385e-05
1,0.003733300000000982,1.988930725028418,-2.307894774811192e-05,-12.0,-0.9944999811666206,12.0,-0.001289117272026713,9.944769022188725e-05,9.94476901988083e-05,0.0001988930725028418,0.0009907964684710002,-9.944769022188725e-05
1,0.003733500000000982,1.989193138452652,-2.282835830713648e-05,-12.0,-0.9946308119920705,12.0,-0.001289134939637532,9.946079836337632e-05,9.946079834054798e-05,0.0001989193138452652,0.0009907747892315272,-9.946079836337634e-05
1,0.0037337000000009822,1.989452410669486,-2.257773278990793e-05,-12.0,-0.994760072159705,12.0,-0.001289152395384657,9.94737494426915e-05,9.947374942011378e-05,0.0001989452410669486,0.000990753369279701,-9.947374944269151e-05
1,0.003733900000000982,1.989708541269492,-2.232707159177671e-05,-12.0,-0.9948877614654045,12.0,-0.001289169639249979,9.948654343938125e-05,9.94865434170542e-05,0.0001989708541269492,0.0009907322086588899,-9.948654343938128e-05
1,0.003734100000000982,1.989961529848204,-2.207637510931448e-05,-12.0,-0.9950138797075296,12.0,-0.00128918667121572,9.949918033324204e-05,9.949918031116567e-05,0.0001989961529848204,0.0009907113074118512,-9.949918033324204e-05
1,0.003734300000000982,1.990211376006118,-2.182564373842677e-05,-12.0,-0.9951384266869233,12.0,-0.001289203491264226,9.951166010431849e-05,9.951166008249285e-05,0.0001990211376006119,0.00099069066558094,-9.95116601043185e-05
1,0.003734500000000982,1.990458079348693,-2.157487787557422e-05,-12.0,-0.9952614022069085,12.0,-0.001289220099378097,9.952398273290328e-05,9.952398271132843e-05,0.0001990458079348693,0.0009906702832079145,-9.95239827329033e-05
1,0.003734700000000982,1.990701639486347,-2.132407791677338e-05,-12.0,-0.9953828060732897,12.0,-0.001289236495540233,9.953614819953727e-05,9.953614817821322e-05,0.0001990701639486348,0.0009906501603339918,-9.95361481995373e-05
1,0.003734900000000982,1.990942056034467,-2.107324425915102e-05,-12.0,-0.9955026380943544,12.0,-0.001289252679733607,9.954815648500952e-05,9.954815646393632e-05,0.0001990942056034467,0.0009906302969999309,-9.954815648500952e-05
1,0.003735100000000983,1.991179328613399,-2.082237729794656e-05,-12.0,-0.9956208980808705,12.0,-0.001289268651941525,9.956000757035725e-05,9.956000754953488e-05,0.0001991179328613399,0.0009906106932458941,-9.956000757035727e-05
1,0.003735300000000983,1.991413456848459,-2.057147743084187e-05,-12.0,-0.9957375858460904,12.0,-0.001289284412147498,9.957170143686599e-05,9.95717014162945e-05,0.0001991413456848459,0.0009905913491115442,-9.957170143686596e-05
1,0.003735500000000983,1.991644440369924,-2.032054505340941e-05,-12.0,-0.9958527012057475,12.0,-0.001289299960335194,9.95832380660694e-05,9.958323804574887e-05,0.0001991644440369924,0.000990572264636072,-9.958323806606942e-05
1,0.003735700000000983,1.991872278813038,-2.006958056277597e-05,-12.0,-0.995966243978059,12.0,-0.001289315296488652,9.959461743974962e-05,9.959461741968005e-05,0.0001991872278813038,0.0009905534398580579,-9.959461743974963e-05
1,0.003735900000000983,1.992096971818013,-1.981858435562422e-05,-12.0,-0.9960782139837256,12.0,-0.001289330420591886,9.9605839539937e-05,9.960583952011843e-05,0.0001992096971818013,0.0009905348748156795,-9.9605839539937e-05
1,0.0037361000000009827,1.992318519030027,-1.956755682819278e-05,-12.0,-0.9961886110459315,12.0,-0.001289345332629352,9.961690434891034e-05,9.961690432934278e-05,0.0001992318519030027,0.0009905165695464069,-9.961690434891034e-05
1,0.0037363000000009833,1.992536920099226,-1.931649837727534e-05,-12.0,-0.996297434990344,12.0,-0.001289360032585646,9.962781184919667e-05,9.962781182988016e-05,0.0001992536920099226,0.0009904985240873632,-9.962781184919667e-05
1,0.003736500000000983,1.992752174680724,-1.906540939999868e-05,-12.0,-0.9964046856451159,12.0,-0.001289374520445544,9.963856202357156e-05,9.963856200450619e-05,0.0001992752174680724,0.000990480738475047,-9.963856202357159e-05
1,0.003736700000000983,1.992964282434602,-1.881429029304549e-05,-12.0,-0.9965103628408833,12.0,-0.001289388796194127,9.964915485505901e-05,9.964915483624474e-05,0.0001992964282434602,0.0009904632127454849,-9.964915485505904e-05
1,0.003736900000000984,1.993173243025913,-1.856314145354254e-05,-12.0,-0.996614466410768,12.0,-0.00128940285981663,9.965959032693145e-05,9.965959030836834e-05,0.0001993173243025913,0.000990445946934107,-9.965959032693145e-05
1,0.0037371000000009837,1.99337905612468,-1.831196327772844e-05,-12.0,-0.9967169961903758,12.0,-0.001289416711298563,9.966986842270983e-05,9.966986840439787e-05,0.000199337905612468,0.0009904289410758993,-9.966986842270981e-05
1,0.0037373000000009843,1.993581721405893,-1.806075616317404e-05,-12.0,-0.9968179520177985,12.0,-0.001289430350625537,9.967998912616355e-05,9.967998910810279e-05,0.0001993581721405893,0.0009904121952053063,-9.967998912616354e-05
1,0.003737500000000984,1.993781238549515,-1.780952050667306e-05,-12.0,-0.996917333733613,12.0,-0.001289443777783561,9.968995242131064e-05,9.96899524035011e-05,0.0001993781238549516,0.0009903957093561483,-9.968995242131064e-05
1,0.003737700000000984,1.993977607240483,-1.755825670490818e-05,-12.0,-0.9970151411808816,12.0,-0.001289456992758758,9.969975829241764e-05,9.969975827485943e-05,0.0001993977607240483,0.0009903794835618707,-9.969975829241768e-05
1,0.003737900000000984,1.9941708271687,-1.730696515589436e-05,-12.0,-0.9971113742051537,12.0,-0.001289469995537432,9.970940672399979e-05,9.970940670669281e-05,0.00019941708271687,0.0009903635178553222,-9.970940672399979e-05
1,0.003738100000000984,1.994360898029046,-1.705564625609224e-05,-12.0,-0.9972060326544638,12.0,-0.001289482786106202,9.971889770082075e-05,9.971889768376513e-05,0.0001994360898029046,0.0009903478122688103,-9.971889770082078e-05
1,0.003738300000000984,1.994547819521372,-1.680430040273961e-05,-12.0,-0.9972991163793331,12.0,-0.001289495364451859,9.972823120789305e-05,9.972823119108875e-05,0.0001994547819521372,0.000990332366834143,-9.972823120789305e-05
1,0.003738500000000984,1.994731591350501,-1.655292799351837e-05,-12.0,-0.9973906252327702,12.0,-0.001289507730561426,9.973740723047766e-05,9.973740721392475e-05,0.0001994731591350501,0.000990317181582559,-9.973740723047768e-05
1,0.003738700000000985,1.994912213226234,-1.630152942511121e-05,-12.0,-0.9974805590702698,12.0,-0.001289519884422191,9.974642575408446e-05,9.974642573778296e-05,0.0001994912213226234,0.0009903022565448116,-9.974642575408447e-05
1,0.003738900000000985,1.99508968486334,-1.60501050952e-05,-12.0,-0.9975689177498139,12.0,-0.001289531826021498,9.975528676447187e-05,9.975528674842176e-05,0.000199508968486334,0.0009902875917511683,-9.975528676447188e-05
1,0.003739100000000985,1.995264005981568,-1.579865540135561e-05,-12.0,-0.9976557011318726,12.0,-0.001289543555347133,9.976399024764712e-05,9.976399023184848e-05,0.0001995264005981568,0.0009902731872312442,-9.976399024764713e-05
1,0.003739300000000985,1.995435176305641,-1.554718074026074e-05,-12.0,-0.9977409090794028,12.0,-0.001289555072386928,9.977253618986624e-05,9.977253617431907e-05,0.0001995435176305641,0.0009902590430143077,-9.977253618986626e-05
1,0.003739500000000985,1.995603195565255,-1.529568150993033e-05,-12.0,-0.9978245414578494,12.0,-0.001289566377129014,9.978092457763393e-05,9.978092456233828e-05,0.0001995603195565255,0.000990245159128933,-9.978092457763395e-05
1,0.0037397000000009848,1.995768063495085,-1.504415810782422e-05,-12.0,-0.9979065981351456,12.0,-0.001289577469561778,9.978915539770378e-05,9.978915538265965e-05,0.0001995768063495085,0.0009902315356032643,-9.978915539770378e-05
1,0.0037399000000009853,1.99592977983478,-1.479261093106921e-05,-12.0,-0.9979870789817129,12.0,-0.001289588349673743,9.979722863707818e-05,9.979722862228557e-05,0.000199592977983478,0.0009902181724648212,-9.979722863707819e-05
1,0.003740100000000985,1.996088344328968,-1.45410403775692e-05,-12.0,-0.9980659838704609,12.0,-0.001289599017453652,9.980514428300834e-05,9.980514426846727e-05,0.0001996088344328968,0.0009902050697407627,-9.980514428300834e-05
1,0.003740300000000986,1.996243756727251,-1.428944684522815e-05,-12.0,-0.9981433126767877,12.0,-0.001289609472890557,9.981290232299425e-05,9.981290230870482e-05,0.0001996243756727251,0.0009901922274575814,-9.981290232299425e-05
1,0.003740500000000986,1.996396016784213,-1.403783073083975e-05,-12.0,-0.9982190652785812,12.0,-0.001289619715973689,9.982050274478501e-05,9.982050273074721e-05,0.0001996396016784213,0.0009901796456412704,-9.982050274478504e-05
1,0.0037407000000009858,1.996545124259412,-1.378619243275203e-05,-12.0,-0.9982932415562172,12.0,-0.001289629746692417,9.982794553637845e-05,9.982794552259225e-05,0.0001996545124259412,0.0009901673243173509,-9.982794553637845e-05
1,0.0037409000000009863,1.996691078917388,-1.353453234809177e-05,-12.0,-0.9983658413925612,12.0,-0.001289639565036443,9.983523068602129e-05,9.983523067248679e-05,0.0001996691078917388,0.0009901552635107475,-9.983523068602132e-05
1,0.003741100000000986,1.996833880527655,-1.3282850875318e-05,-12.0,-0.9984368646729685,12.0,-0.00128964917099568,9.984235818220934e-05,9.984235816892651e-05,0.0001996833880527655,0.000990143463245885,-9.984235818220933e-05
1,0.003741300000000986,1.996973528864709,-1.303114841189057e-05,-12.0,-0.9985063112852836,12.0,-0.00128965856456012,9.984932801368719e-05,9.984932800065605e-05,0.0001996973528864709,0.0009901319235467165,-9.984932801368717e-05
1,0.0037415000000009862,1.997110023708027,-1.277942535504728e-05,-12.0,-0.9985741811198404,12.0,-0.001289667745720216,9.985614016944855e-05,9.985614015666908e-05,0.0001997110023708027,0.0009901206444365152,-9.985614016944855e-05
1,0.003741700000000986,1.997243364842063,-1.252768210346922e-05,-12.0,-0.9986404740694637,12.0,-0.001289676714466378,9.986279463873601e-05,9.986279462620834e-05,0.0001997243364842063,0.0009901096259382486,-9.986279463873602e-05
1,0.003741900000000986,1.997373552056253,-1.227591905472725e-05,-12.0,-0.9987051900294677,12.0,-0.001289685470789489,9.98692914110413e-05,9.98692913987654e-05,0.0001997373552056253,0.000990098868074149,-9.98692914110413e-05
1,0.003742100000000987,1.997500585145012,-1.202413660639223e-05,-12.0,-0.9987683288976567,12.0,-0.001289694014680404,9.987563047610503e-05,9.98756304640809e-05,0.0001997500585145012,0.0009900883708660602,-9.987563047610503e-05
1,0.003742300000000987,1.997624463907735,-1.17723351568122e-05,-12.0,-0.9988298905743261,12.0,-0.001289702346130392,9.988181182391697e-05,9.98818118121446e-05,0.0001997624463907735,0.0009900781343352288,-9.988181182391694e-05
1,0.0037425000000009872,1.997745188148803,-1.1520515103558e-05,-12.0,-0.9988898749622621,12.0,-0.001289710465130836,9.988783544471584e-05,9.988783543319533e-05,0.0001997745188148803,0.0009900681585023746,-9.988783544471586e-05
1,0.003742700000000987,1.997862757677572,-1.126867684486665e-05,-12.0,-0.9989482819667403,12.0,-0.00128971837167341,9.989370132898954e-05,9.989370131772087e-05,0.0001997862757677573,0.0009900584433877452,-9.989370132898955e-05
1,0.003742900000000987,1.997977172308383,-1.101682077919719e-05,-12.0,-0.9990051114955285,12.0,-0.001289726065749966,9.989940946747496e-05,9.989940945645813e-05,0.0001997977172308383,0.0009900489890109637,-9.989940946747494e-05
1,0.003743100000000987,1.99808843186056,-1.076494730400945e-05,-12.0,-0.9990603634588853,12.0,-0.001289733547352567,9.990495985115813e-05,9.99049598403932e-05,0.000199808843186056,0.000990039795391237,-9.990495985115813e-05
1,0.003743300000000987,1.998196536158407,-1.051305681720738e-05,-12.0,-0.9991140377695599,12.0,-0.001289740816473497,9.991035247127425e-05,9.991035246076122e-05,0.0001998196536158407,0.0009900308625471893,-9.991035247127426e-05
1,0.0037435000000009874,1.998301485031211,-1.026114971747205e-05,-12.0,-0.9991661343427933,12.0,-0.001289747873105235,9.991558731930756e-05,9.991558730904644e-05,0.0001998301485031211,0.0009900221904969309,-9.991558731930759e-05
1,0.003743700000000987,1.998403278313244,-1.000922640270741e-05,-12.0,-0.9992166530963182,12.0,-0.001289754717240604,9.992066438699157e-05,9.992066437698234e-05,0.0001998403278313244,0.0009900137792579894,-9.992066438699155e-05
1,0.003743900000000988,1.998501915843759,-9.757287270928394e-06,-12.0,-0.9992655939503585,12.0,-0.001289761348872501,9.992558366630876e-05,9.992558365655149e-05,0.0001998501915843759,0.0009900056288474207,-9.992558366630877e-05
1,0.003744100000000988,1.998597397466991,-9.505332720372017e-06,-12.0,-0.9993129568276297,12.0,-0.001289767767994096,9.993034514949094e-05,9.993034513998558e-05,0.0001998597397466991,0.000989997739281795,-9.993034514949094e-05
1,0.003744300000000988,1.998689723032163,-9.253363149386296e-06,-12.0,-0.9993587416533395,12.0,-0.001289773974598826,9.993494882901901e-05,9.993494881976564e-05,0.0001998689723032163,0.000989990110577016,-9.993494882901901e-05
1,0.0037445000000009884,1.99877889239348,-9.001378955875161e-06,-12.0,-0.9994029483551874,12.0,-0.001289779968680238,9.993939469762314e-05,9.993939468862178e-05,0.000199877889239348,0.0009899827427486407,-9.993939469762316e-05
1,0.003744700000000988,1.998864905410127,-8.749380538297657e-06,-12.0,-0.9994455768633649,12.0,-0.001289785750232239,9.994368274828265e-05,9.994368273953329e-05,0.0001998864905410127,0.0009899756358114908,-9.994368274828266e-05
1,0.0037449000000009877,1.998947761946279,-8.497368295445895e-06,-12.0,-0.9994866271105559,12.0,-0.001289791319248806,9.994781297422606e-05,9.994781296572871e-05,0.0001998947761946279,0.0009899687897800824,-9.994781297422605e-05
1,0.0037451000000009883,1.999027461871092,-8.245342624557672e-06,-12.0,-0.9995260990319365,12.0,-0.00128979667572425,9.995178536893119e-05,9.995178536068583e-05,0.0001999027461871092,0.0009899622046682238,-9.995178536893119e-05
1,0.003745300000000988,1.99910400505871,-7.993303924647144e-06,-12.0,-0.9995639925651748,12.0,-0.001289801819653075,9.9955599926125e-05,9.995559991813172e-05,0.000199910400505871,0.0009899558804892794,-9.995559992612501e-05
1,0.003745500000000988,1.999177391388258,-7.741252593729264e-06,-12.0,-0.9996003076504321,12.0,-0.001289806751029993,9.995925663978383e-05,9.995925663204257e-05,0.0001999177391388258,0.0009899498172560306,-9.995925663978384e-05
1,0.003745700000000989,1.999247620743847,-7.489189030929211e-06,-12.0,-0.9996350442303619,12.0,-0.001289811469849869,9.99627555041331e-05,9.996275549664391e-05,0.0001999247620743847,0.0009899440149808703,-9.99627555041331e-05
1,0.0037459000000009887,1.999314693014577,-7.23711363337376e-06,-12.0,-0.9996682022501101,12.0,-0.001289815976107903,9.996609651364766e-05,9.996609650641053e-05,0.0001999314693014577,0.0009899384736754696,-9.996609651364767e-05
1,0.0037461000000009893,1.99937860809453,-6.985026800521155e-06,-12.0,-0.999699781657316,12.0,-0.001289820269799485,9.996927966305155e-05,9.996927965606652e-05,0.000199937860809453,0.0009899331933510974,-9.996927966305155e-05
1,0.003746300000000989,1.999439365882773,-6.732928930275328e-06,-12.0,-0.9997297824021113,12.0,-0.001289824350920177,9.997230494731811e-05,9.997230494058518e-05,0.0001999439365882773,0.0009899281740184535,-9.997230494731811e-05
1,0.003746500000000989,1.999496966283362,-6.480820421095324e-06,-12.0,-0.9997582044371207,12.0,-0.001289828219465786,9.997517236166996e-05,9.997517235518914e-05,0.0001999496966283362,0.0009899234156877101,-9.997517236166997e-05
1,0.003746700000000989,1.999551409205335,-6.228701671662229e-06,-12.0,-0.9997850477174618,12.0,-0.001289831875432315,9.9977881901579e-05,9.997788189535031e-05,0.0001999551409205335,0.0009899189183685542,-9.997788190157902e-05
1,0.003746900000000989,1.999602694562719,-5.976573080102021e-06,-12.0,-0.9998103122007457,12.0,-0.001289835318816046,9.998043356276657e-05,9.998043355678999e-05,0.0001999602694562719,0.0009899146820700477,-9.998043356276657e-05
1,0.003747100000000989,1.999650822274527,-5.724435045428855e-06,-12.0,-0.999833997847076,12.0,-0.001289838549613453,9.998282734120308e-05,9.998282733547863e-05,0.0001999650822274527,0.0009899107068008367,-9.998282734120307e-05
1,0.003747300000000989,1.999695792264759,-5.472287965213596e-06,-12.0,-0.9998561046190501,12.0,-0.001289841567821179,9.998506323310849e-05,9.99850632276362e-05,0.0001999695792264759,0.0009899069925689563,-9.998506323310849e-05
1,0.00374750000000099,1.999737604462397,-5.220132238914488e-06,-12.0,-0.9998766324817583,12.0,-0.001289844373436169,9.998714123495193e-05,9.998714122973182e-05,0.0001999737604462397,0.0009899035393819422,-9.998714123495195e-05
1,0.00374770000000099,1.999776258801416,-4.967968264435463e-06,-12.0,-0.9998955814027842,12.0,-0.001289846966455524,9.998906134345195e-05,9.9989061338484e-05,0.0001999776258801416,0.0009899003472468165,-9.998906134345199e-05
1,0.00374790000000099,1.999811755220771,-4.715796440901698e-06,-12.0,-0.9999129513522049,12.0,-0.001289849346876565,9.999082355557639e-05,9.999082355086061e-05,0.0001999811755220771,0.000989897416170074,-9.99908235555764e-05
1,0.00374810000000099,1.999844093664411,-4.463617166328149e-06,-12.0,-0.999928742302591,12.0,-0.001289851514696932,9.999242786854248e-05,9.999242786407886e-05,0.0001999844093664411,0.0009898947461576268,-9.999242786854248e-05
1,0.00374830000000099,1.999873274081265,-4.211430839617947e-06,-12.0,-0.9999429542290064,12.0,-0.001289853469914323,9.999387427981666e-05,9.999387427560524e-05,0.0001999873274081265,0.0009898923372149149,-9.999387427981668e-05
1,0.0037485000000009898,1.999899296425255,-3.959237859230136e-06,-12.0,-0.9999555871090084,12.0,-0.001289855212526794,9.999516278711493e-05,9.999516278315571e-05,0.0001999899296425255,0.000989890189346851,-9.999516278711493e-05
1,0.0037487000000009903,1.999922160655285,-3.707038623401715e-06,-12.0,-0.9999666409226481,12.0,-0.001289856742532541,9.999629338840246e-05,9.999629338469541e-05,0.0001999922160655285,0.000989888302557751,-9.999629338840248e-05
1,0.00374890000000099,1.99994186673525,-3.454833531257862e-06,-12.0,-0.99997611565247,12.0,-0.001289858059929969,9.999726608189389e-05,9.999726607843907e-05,0.000199994186673525,0.0009898866768515285,-9.999726608189388e-05
1,0.00374910000000099,1.999958414634029,-3.20262298081353e-06,-12.0,-0.9999840112835121,12.0,-0.001289859164717827,9.999808086605311e-05,9.99980808628505e-05,0.0001999958414634029,0.0009898853122313894,-9.999808086605314e-05
1,0.003749300000000991,1.99997180432549,-2.950407371526964e-06,-12.0,-0.9999903278033062,12.0,-0.001289860056894923,9.999873773959348e-05,9.999873773664308e-05,0.000199997180432549,0.0009898842087002063,-9.999873773959347e-05
1,0.0037495000000009908,1.999982035788488,-2.698187101191074e-06,-12.0,-0.9999950652018778,12.0,-0.001289860736460396,9.999923670147765e-05,9.999923669877946e-05,0.0001999982035788488,0.0009898833662601442,-9.999923670147766e-05
1,0.0037497000000009913,1.999989109006865,-2.445962569042059e-06,-12.0,-0.9999982234717455,12.0,-0.001289861203413539,9.999957775091764e-05,9.999957774847168e-05,0.0001999989109006865,0.0009898827849129932,-9.999957775091765e-05
1,0.003749900000000991,1.999993023969449,-2.193734173538964e-06,-12.0,-0.9999998026079224,12.0,-0.001289861457753907,9.999976088737488e-05,9.999976088518114e-05,0.000199999302396945,0.000989882464659933,-9.999976088737489e-05
1,0.003750100000000991,1.999993780670061,-1.941502312807764e-06,-12.0,-0.9999998026079145,12.0,-0.001289861499481237,9.999978611056017e-05,9.999978610861869e-05,0.0001999993780670061,0.000989882405501602,-9.999978611056018e-05
1,0.003750300000000991,1.9999913791075,-1.689267386195681e-06,-12.0,-0.9999982234717221,12.0,-0.001289861328595501,9.999965342043362e-05,9.999965341874431e-05,0.00019999913791075,0.0009898826074381528,-9.99996534204336e-05
1,0.003750500000000991,1.99998581928556,-1.437029792161759e-06,-12.0,-0.9999950652018386,12.0,-0.001289860945096949,9.999936281720463e-05,9.999936281576763e-05,0.000199998581928556,0.0009898830704691691,-9.999936281720464e-05
1,0.003750700000000991,1.99997710121302,-1.184789928942998e-06,-12.0,-0.9999903278032515,12.0,-0.001289860348985913,9.999891430133226e-05,9.999891430014745e-05,0.000199997710121302,0.0009898837945937905,-9.999891430133226e-05
1,0.003750900000000992,1.999965224903645,-9.325481958866177e-07,-12.0,-0.9999840112834417,12.0,-0.001289859540263033,9.99983078735246e-05,9.999830787259206e-05,0.0001999965224903645,0.0009898847798105181,-9.99983078735246e-05
1,0.003751100000000992,1.999950190376189,-6.803049908965519e-07,-12.0,-0.999976115652384,12.0,-0.001289858518929279,9.999754353473931e-05,9.999754353405901e-05,0.0001999950190376189,0.000989886026117326,-9.999754353473931e-05
1,0.003751300000000992,1.999931997654392,-4.28060713320022e-07,-12.0,-0.9999666409225464,12.0,-0.001289857284985596,9.999662128618332e-05,9.999662128575526e-05,0.0001999931997654392,0.000989887533511813,-9.999662128618332e-05
1,0.003751500000000992,1.999910646766982,-1.75815761394027e-07,-12.0,-0.9999555871088911,12.0,-0.001289855838433343,9.999554112931298e-05,9.999554112913717e-05,0.0001999910646766982,0.0009898893019908706,-9.999554112931297e-05
1,0.003751700000000992,1.999886137747674,7.642946620034508e-08,-12.0,-0.9999429542288734,12.0,-0.001289854179274019,9.999430306583395e-05,9.99943030659104e-05,0.0001999886137747674,0.000989891331550946,-9.999430306583396e-05
1,0.003751900000000992,1.99985847063517,3.286745705599614e-07,-12.0,-0.9999287423024423,12.0,-0.001289852307509276,9.99929070977013e-05,9.999290709802998e-05,0.000199985847063517,0.0009898936221879734,-9.999290709770129e-05
1,0.003752100000000992,1.999827645473159,5.809191531147562e-07,-12.0,-0.9999129513520406,12.0,-0.001289850223141209,9.999135322711937e-05,9.99913532277003e-05,0.0001999827645473159,0.0009898961738972756,-9.999135322711937e-05
1,0.0037523000000009923,1.999793662310318,8.331628152946635e-07,-12.0,-0.9998955814026043,12.0,-0.001289847926171844,9.998964145654196e-05,9.998964145737513e-05,0.0001999793662310318,0.0009898989866737734,-9.998964145654196e-05
1,0.003752500000000992,1.999756521200309,1.085405158307573e-06,-12.0,-0.9998766324815627,12.0,-0.001289845416603708,9.998777178867208e-05,9.998777178975751e-05,0.0001999756521200309,0.0009899020605117076,-9.99877717886721e-05
1,0.003752700000000993,1.999716222201782,1.337645783694441e-06,-12.0,-0.9998561046188389,12.0,-0.001289842694439297,9.998574422646226e-05,9.998574422779992e-05,0.0001999716222201782,0.0009899053954049303,-9.998574422646226e-05
1,0.003752900000000993,1.999672765378374,1.589884292552135e-06,-12.0,-0.9998339978468491,12.0,-0.001289839759681485,9.998355877311417e-05,9.998355877470407e-05,0.0001999672765378374,0.000989908991346683,-9.998355877311417e-05
1,0.003753100000000993,1.999626150798708,1.842120286199567e-06,-12.0,-0.9998103122005032,12.0,-0.001289836612333339,9.998121543207896e-05,9.998121543392107e-05,0.0001999626150798708,0.0009899128483296799,-9.998121543207895e-05
1,0.0037533000000009933,1.999576378536394,2.094353366399737e-06,-12.0,-0.9997850477172037,12.0,-0.00128983325239812,9.9978714207057e-05,9.997871420915137e-05,0.0001999576378536394,0.0009899169663461632,-9.997871420705702e-05
1,0.003753500000000993,1.999523448670028,2.346583134138491e-06,-12.0,-0.9997582044368469,12.0,-0.001289829679879215,9.997605510199811e-05,9.997605510434466e-05,0.0001999523448670028,0.0009899213453878064,-9.997605510199811e-05
1,0.003753700000000993,1.999467361283192,2.598809190623719e-06,-12.0,-0.9997297824018219,12.0,-0.00128982589478048,9.997323812110125e-05,9.997323812370005e-05,0.0001999467361283192,0.0009899259854457276,-9.997323812110126e-05
1,0.0037539000000009932,1.999408116464457,2.85103113806251e-06,-12.0,-0.9996997816570109,12.0,-0.001289821897105761,9.997026326881488e-05,9.997026327166594e-05,0.0001999408116464457,0.0009899308865105594,-9.99702632688149e-05
1,0.003754100000000993,1.999345714307374,3.103248576552531e-06,-12.0,-0.9996682022497895,12.0,-0.001289817686859165,9.996713054983661e-05,9.996713055293986e-05,0.0001999345714307374,0.0009899360485724068,-9.996713054983661e-05
1,0.003754300000000993,1.999280154910486,3.355461108522917e-06,-12.0,-0.9996350442300255,12.0,-0.001289813264045175,9.99638399691134e-05,9.996383997246886e-05,0.0001999280154910486,0.000989941471620806,-9.996383996911341e-05
1,0.003754500000000994,1.999211438377318,3.607668334737468e-06,-12.0,-0.99960030765008,12.0,-0.001289808628668218,9.996039153184148e-05,9.996039153544915e-05,0.0001999211438377318,0.000989947155644877,-9.996039153184148e-05
1,0.003754700000000994,1.999139564816383,3.859869856959186e-06,-12.0,-0.9995639925648071,12.0,-0.00128980378073322,9.995678524346642e-05,9.995678524732627e-05,0.0001999139564816383,0.0009899531006330176,-9.995678524346642e-05
1,0.0037549000000009942,1.999064534341177,4.112065276618004e-06,-12.0,-0.9995260990315531,12.0,-0.001289798720245192,9.995302110968295e-05,9.995302111379504e-05,0.0001999064534341177,0.0009899593065732237,-9.995302110968298e-05
1,0.003755100000000994,1.998986347070184,4.364254194921813e-06,-12.0,-0.9994866271101569,12.0,-0.001289793447209309,9.994909913643517e-05,9.994909914079945e-05,0.0001998986347070184,0.0009899657734530054,-9.994909913643519e-05
1,0.003755300000000994,1.99890500312687,4.616436213300545e-06,-12.0,-0.9994455768629503,12.0,-0.001289787961631095,9.994501932991635e-05,9.994501933453281e-05,0.000199890500312687,0.000989972501259262,-9.994501932991636e-05
1,0.003755500000000994,1.998820502639686,4.868610933184137e-06,-12.0,-0.9994029483547571,12.0,-0.001289782263516212,9.994078169656904e-05,9.994078170143764e-05,0.0001998820502639686,0.0009899794899783376,-9.994078169656903e-05
1,0.003755700000000994,1.998732845742071,5.120777956335587e-06,-12.0,-0.9993587416528935,12.0,-0.001289776352870489,9.993638624308497e-05,9.993638624820576e-05,0.0001998732845742072,0.0009899867395961742,-9.993638624308499e-05
1,0.003755900000000994,1.998642032572446,5.372936883518697e-06,-12.0,-0.9993129568271681,12.0,-0.001289770229700116,9.99318329764052e-05,9.993183298177813e-05,0.0001998642032572446,0.000989994250098103,-9.993183297640517e-05
1,0.003756100000000994,1.998548063274216,5.625087317162603e-06,-12.0,-0.9992655939498813,12.0,-0.001289763894011503,9.992712190371982e-05,9.992712190934494e-05,0.0001998548063274216,0.0009900020214688304,-9.992712190371986e-05
1,0.003756300000000995,1.998450937995769,5.87722885792008e-06,-12.0,-0.9992166530958254,12.0,-0.001289757345811063,9.992225303246833e-05,9.992225303834558e-05,0.0001998450937995769,0.000990010053692772,-9.992225303246833e-05
1,0.003756500000000995,1.99835065689048,6.129361107554132e-06,-12.0,-0.999166134342285,12.0,-0.001289750585105678,9.991722637033926e-05,9.991722637646864e-05,0.000199835065689048,0.0009900183467535795,-9.991722637033926e-05
1,0.003756700000000995,1.998247220116705,6.381483667938781e-06,-12.0,-0.9991140377690358,12.0,-0.001289743611902275,9.991204192527039e-05,9.991204193165188e-05,0.0001998247220116706,0.000990026900634558,-9.991204192527039e-05
1,0.003756900000000995,1.998140627837784,6.633596140281917e-06,-12.0,-0.9990603634583456,12.0,-0.001289736426208124,9.990669970544857e-05,9.99066997120822e-05,0.0001998140627837784,0.0009900357153183326,-9.990669970544859e-05
1,0.003757100000000995,1.998030880222038,6.885698125680406e-06,-12.0,-0.9990051114949733,12.0,-0.001289729028030651,9.990119971930989e-05,9.990119972619562e-05,0.0001998030880222038,0.0009900447907871118,-9.99011997193099e-05
1,0.0037573000000009947,1.997917977442775,7.137789226674407e-06,-12.0,-0.9989482819661695,12.0,-0.001289721417377501,9.98955419755396e-05,9.989554198267741e-05,0.0001997917977442775,0.0009900541270225355,-9.989554197553962e-05
1,0.0037575000000009953,1.997801919678281,7.389869044249764e-06,-12.0,-0.9988898749616755,12.0,-0.001289713594256531,9.988972648307196e-05,9.988972649046183e-05,0.0001997801919678281,0.0009900637240057575,-9.988972648307197e-05
1,0.003757700000000995,1.997682707111827,7.641937180058456e-06,-12.0,-0.9988298905737241,12.0,-0.001289705558675872,9.98837532510904e-05,9.988375325873233e-05,0.0001997682707111827,0.0009900735817173073,-9.988375325109041e-05
1,0.003757900000000995,1.997560339931664,7.893993235530417e-06,-12.0,-0.9987683288970389,12.0,-0.001289697310643823,9.987762228902744e-05,9.987762229692144e-05,0.0001997560339931664,0.0009900837001372287,-9.987762228902746e-05
1,0.003758100000000996,1.997434818331028,8.146036812983759e-06,-12.0,-0.9987051900288341,12.0,-0.001289688850168919,9.98713336065647e-05,9.987133361471075e-05,0.0001997434818331028,0.0009900940792451352,-9.987133360656472e-05
1,0.0037583000000009957,1.99730614250813,8.398067513293306e-06,-12.0,-0.9986404740688145,12.0,-0.001289680177259916,9.986488721363279e-05,9.986488722203085e-05,0.000199730614250813,0.0009901047190199463,-9.986488721363278e-05
1,0.0037585000000009963,1.997174312666169,8.650084938444103e-06,-12.0,-0.9985741811191758,12.0,-0.001289671291925767,9.985828312041144e-05,9.985828312906154e-05,0.0001997174312666169,0.0009901156194402072,-9.985828312041144e-05
1,0.003758700000000996,1.997039329013319,8.902088690310173e-06,-12.0,-0.9985063112846033,12.0,-0.001289662194175756,9.985152133732938e-05,9.985152134623146e-05,0.0001997039329013319,0.0009901267804837827,-9.985152133732936e-05
1,0.003758900000000996,1.996901191762738,9.154078370432472e-06,-12.0,-0.9984368646722726,12.0,-0.00128965288401918,9.984460187506429e-05,9.98446018842184e-05,0.0001996901191762738,0.0009901382021282046,-9.98446018750643e-05
1,0.003759100000000996,1.996759901132563,9.406053580685025e-06,-12.0,-0.9983658413918497,12.0,-0.001289643361465712,9.983752474454305e-05,9.98375247539491e-05,0.0001996759901132563,0.000990149884350297,-9.983752474454304e-05
1,0.003759300000000996,1.996615457345908,9.658013922386743e-06,-12.0,-0.99829324155549,12.0,-0.001289633626525247,9.983028995694125e-05,9.983028996659927e-05,0.0001996615457345908,0.00099016182712644,-9.983028995694125e-05
1,0.003759500000000996,1.996467860630869,9.909958997855739e-06,-12.0,-0.9982190652778382,12.0,-0.001289623679207846,9.982289752368361e-05,9.982289753359356e-05,0.0001996467860630869,0.0009901740304324308,-9.982289752368361e-05
1,0.003759700000000996,1.996317111220523,1.016188840874399e-05,-12.0,-0.9981433126760294,12.0,-0.001289613519523738,9.981534745644382e-05,9.98153474666057e-05,0.0001996317111220523,0.0009901864942437194,-9.981534745644382e-05
1,0.003759900000000997,1.996163209352921,1.041380175703654e-05,-12.0,-0.9980659838696869,12.0,-0.00128960314748347,9.980763976714436e-05,9.98076397775582e-05,0.0001996163209352921,0.0009901992185349512,-9.98076397671444e-05
1,0.003760100000000997,1.996006155271093,1.066569864438538e-05,-12.0,-0.9979870789809231,12.0,-0.001289592563097811,9.979977446795675e-05,9.979977447862245e-05,0.0001996006155271093,0.00099021220328048,-9.979977446795675e-05
1,0.003760300000000997,1.995845949223049,1.091757867233145e-05,-12.0,-0.9979065981343404,12.0,-0.001289581766377695,9.979175157130125e-05,9.979175158221885e-05,0.0001995845949223049,0.0009902254484539658,-9.979175157130127e-05
1,0.003760500000000997,1.995682591461777,1.116944144352594e-05,-12.0,-0.9978245414570286,12.0,-0.001289570757334282,9.978357108984722e-05,9.978357110101667e-05,0.0001995682591461777,0.000990238954028666,-9.978357108984722e-05
1,0.003760700000000997,1.995516082245237,1.142128655928776e-05,-12.0,-0.9977409090785663,12.0,-0.001289559535978965,9.977523303651256e-05,9.977523304793388e-05,0.0001995516082245237,0.0009902527199771999,-9.977523303651256e-05
1,0.0037609000000009968,1.995346421836371,1.167311362237911e-05,-12.0,-0.9976557011310204,12.0,-0.001289548102323346,9.976673742446427e-05,9.976673743613742e-05,0.0001995346421836371,0.0009902667462718118,-9.976673742446429e-05
1,0.0037611000000009973,1.995173610503093,1.192492223389685e-05,-12.0,-0.9975689177489463,12.0,-0.001289536456379275,9.975808426711801e-05,9.975808427904294e-05,0.0001995173610503093,0.00099028103288408,-9.975808426711803e-05
1,0.003761300000000997,1.994997648518296,1.217671199649217e-05,-12.0,-0.9974805590693864,12.0,-0.0012895245981588,9.974927357813826e-05,9.974927359031499e-05,0.0001994997648518296,0.0009902955797851248,-9.974927357813829e-05
1,0.003761500000000998,1.994818536159847,1.242848251170603e-05,-12.0,-0.997390625231871,12.0,-0.001289512527674216,9.974030537143826e-05,9.974030538386676e-05,0.0001994818536159847,0.00099031038694547,-9.974030537143828e-05
1,0.003761700000000998,1.994636273710588,1.268023338196755e-05,-12.0,-0.9972991163784187,12.0,-0.001289500244937972,9.973117966118007e-05,9.973117967386031e-05,0.0001994636273710588,0.0009903254543352225,-9.973117966118007e-05
1,0.0037619000000009978,1.994450861458335,1.293196420959486e-05,-12.0,-0.9972060326535336,12.0,-0.001289487749962778,9.972189646177432e-05,9.972189647470627e-05,0.0001994450861458335,0.000990340781923879,-9.972189646177432e-05
1,0.0037621000000009983,1.994262299695878,1.318367459646197e-05,-12.0,-0.9971113742042078,12.0,-0.001289475042761612,9.971245578788043e-05,9.97124558010641e-05,0.0001994262299695878,0.0009903563696804507,-9.971245578788043e-05
1,0.003762300000000998,1.994070588720983,1.343536414477597e-05,-12.0,-0.9970151411799204,12.0,-0.001289462123347643,9.970285765440652e-05,9.97028576678419e-05,0.0001994070588720983,0.0009903722175733654,-9.970285765440652e-05
1,0.003762500000000998,1.993875728836383,1.368703245663294e-05,-12.0,-0.9969173337326361,12.0,-0.001289448991734152,9.969310207650928e-05,9.96931020901963e-05,0.0001993875728836383,0.0009903883255706208,-9.969310207650928e-05
1,0.0037627000000009982,1.99367772034979,1.393867913479507e-05,-12.0,-0.9968179520168061,12.0,-0.001289435647934822,9.968318906959409e-05,9.968318908353278e-05,0.000199367772034979,0.0009904046936395905,-9.96831890695941e-05
1,0.003762900000000998,1.993476563573884,1.419030378091435e-05,-12.0,-0.9967169961893677,12.0,-0.001289422091963352,9.967311864931487e-05,9.967311866350519e-05,0.0001993476563573884,0.0009904213217472452,-9.967311864931487e-05
1,0.003763100000000998,1.99327225882632,1.444190599764195e-05,-12.0,-0.9966144664097444,12.0,-0.00128940832383391,9.966289083157418e-05,9.966289084601612e-05,0.000199327225882632,0.0009904382098598757,-9.96628908315742e-05
1,0.003763300000000999,1.99306480642972,1.4693485387407e-05,-12.0,-0.9965103628398441,12.0,-0.001289394343560679,9.965250563252314e-05,9.965250564721664e-05,0.000199306480642972,0.0009904553579433428,-9.965250563252316e-05
1,0.003763500000000999,1.99285420671168,1.494504155252763e-05,-12.0,-0.9964046856440608,12.0,-0.001289380151158176,9.964196306856132e-05,9.964196308350637e-05,0.000199285420671168,0.000990472765962952,-9.964196306856135e-05
1,0.0037637000000009992,1.992640460004764,1.519657409509989e-05,-12.0,-0.9962974349892735,12.0,-0.001289365746641,9.963126315633686e-05,9.963126317153344e-05,0.0001992640460004764,0.0009904904338835785,-9.963126315633686e-05
1,0.003763900000000999,1.992423566646506,1.544808261821906e-05,-12.0,-0.9961886110448451,12.0,-0.001289351130024166,9.962040591274631e-05,9.962040592819442e-05,0.0001992423566646506,0.0009905083616694038,-9.962040591274634e-05
1,0.003764100000000999,1.992203526979411,1.569956672398121e-05,-12.0,-0.9960782139826238,12.0,-0.001289336301322747,9.960939135493476e-05,9.960939137063435e-05,0.0001992203526979411,0.0009905265492841653,-9.960939135493477e-05
1,0.003764300000000999,1.991980341350948,1.595102601481546e-05,-12.0,-0.9959662439769418,12.0,-0.001289321260552131,9.959821950029567e-05,9.959821951624668e-05,0.0001991980341350949,0.0009905449966911145,-9.959821950029567e-05
1,0.003764500000000999,1.99175401011356,1.620246009392812e-05,-12.0,-0.9958527012046144,12.0,-0.001289306007727878,9.958689036647082e-05,9.95868903826733e-05,0.000199175401011356,0.0009905637038529619,-9.958689036647084e-05
1,0.0037647000000009994,1.991524533624651,1.645386856341524e-05,-12.0,-0.9957375858449417,12.0,-0.001289290542865779,9.957540397135049e-05,9.957540398780437e-05,0.0001991524533624651,0.0009905826707318488,-9.95754039713505e-05
1,0.003764900000000999,1.991291912246596,1.670525102581699e-05,-12.0,-0.9956208980797067,12.0,-0.001289274865981849,9.956376033307323e-05,9.95637603497785e-05,0.0001991291912246596,0.000990601897289431,-9.956376033307326e-05
1,0.003765100000001,1.991056146346734,1.695660708433966e-05,-12.0,-0.9955026380931745,12.0,-0.001289258977092353,9.955195947002591e-05,9.955195948698248e-05,0.0001991056146346734,0.000990621383486795,-9.955195947002589e-05
1,0.003765300000001,1.990817236297372,1.720793634141238e-05,-12.0,-0.9953828060720946,12.0,-0.001289242876213764,9.954000140084359e-05,9.954000141805152e-05,0.0001990817236297372,0.0009906411292845696,-9.95400014008436e-05
1,0.003765500000001,1.99057518247578,1.745923840013042e-05,-12.0,-0.9952614022056976,12.0,-0.001289226563362667,9.952788614440979e-05,9.952788616186902e-05,0.0001990575182475781,0.0009906611346428146,-9.952788614440977e-05
1,0.0037657000000010004,1.990329985264193,1.771051286303393e-05,-12.0,-0.9951384266856969,12.0,-0.001289210038556005,9.9515613719856e-05,9.95156137375665e-05,0.0001990329985264193,0.000990681399521104,-9.9515613719856e-05
1,0.003765900000001,1.990081645049809,1.796175933288513e-05,-12.0,-0.9950138797062879,12.0,-0.001289193301810987,9.950318414656207e-05,9.950318416452383e-05,0.000199008164504981,0.0009907019238783732,-9.950318414656208e-05
1,0.0037661000000009997,1.989830162224791,1.82129774128903e-05,-12.0,-0.9948877614641468,12.0,-0.001289176353144822,9.949059744415595e-05,9.949059746236892e-05,0.0001989830162224792,0.0009907227076732389,-9.949059744415598e-05
1,0.0037663000000010003,1.989575537186265,1.846416670603368e-05,-12.0,-0.9947600721584321,12.0,-0.001289159192575107,9.94778536325138e-05,9.947785365097797e-05,0.0001989575537186265,0.0009907437508636235,-9.947785363251382e-05
1,0.003766500000001,1.989317770336317,1.871532681529953e-05,-12.0,-0.994630811990782,12.0,-0.001289141820119688,9.946495273175972e-05,9.946495275047507e-05,0.0001989317770336316,0.00099076505340695,-9.946495273175973e-05
1,0.003766700000001,1.989056862081992,1.896645734345004e-05,-12.0,-0.9944999811653162,12.0,-0.001289124235796482,9.9451894762266e-05,9.945189478123242e-05,0.0001989056862081992,0.0009907866152601974,-9.945189476226597e-05
1,0.003766900000001001,1.988792812835303,1.921755789402457e-05,-12.0,-0.994367579888635,12.0,-0.001289106439623766,9.943867974465288e-05,9.943867976387047e-05,0.0001988792812835303,0.0009908084363797337,-9.94386797446529e-05
1,0.0037671000000010007,1.988525623013218,1.946862807034044e-05,-12.0,-0.9942336083698171,12.0,-0.001289088431619956,9.942530769978872e-05,9.942530771925739e-05,0.0001988525623013218,0.0009908305167214415,-9.942530769978875e-05
1,0.0037673000000010013,1.988255293037663,1.971966747460474e-05,-12.0,-0.9940980668204228,12.0,-0.001289070211803689,9.941177864878973e-05,9.941177866850942e-05,0.0001988255293037663,0.0009908528562407454,-9.941177864878975e-05
1,0.003767500000001001,1.987981823335527,1.997067571135602e-05,-12.0,-0.9939609554544897,12.0,-0.001289051780193881,9.939809261302012e-05,9.93980926329908e-05,0.0001987981823335527,0.0009908754548924037,-9.939809261302012e-05
1,0.003767700000001001,1.987705214338654,2.02216523829124e-05,-12.0,-0.993822274488536,12.0,-0.001289033136809697,9.938424961409188e-05,9.938424963431354e-05,0.0001987705214338654,0.0009908983126307308,-9.93842496140919e-05
1,0.003767900000001001,1.987425466483847,2.047259709292426e-05,-12.0,-0.993682024141558,12.0,-0.001289014281670373,9.937024967386511e-05,9.937024969433771e-05,0.0001987425466483847,0.000990921429409583,-9.93702496738651e-05
1,0.003768100000001001,1.987142580212865,2.072350944526402e-05,-12.0,-0.9935402046350296,12.0,-0.001288995214795502,9.935609281444748e-05,9.9356092835171e-05,0.0001987142580212865,0.0009909448051821645,-9.935609281444748e-05
1,0.003768300000001001,1.986856555972423,2.097438904269389e-05,-12.0,-0.9933968161929034,12.0,-0.001288975936204848,9.93417790581946e-05,9.934177907916901e-05,0.0001986856555972423,0.0009909684399012075,-9.934177905819462e-05
1,0.003768500000001001,1.986567394214192,2.122523548930833e-05,-12.0,-0.9932518590416098,12.0,-0.001288956445918379,9.93273084277099e-05,9.932730844893514e-05,0.0001986567394214192,0.0009909923335190418,-9.932730842770992e-05
1,0.003768700000001002,1.986275095394796,2.147604838809158e-05,-12.0,-0.9931053334100551,12.0,-0.001288936743956318,9.931268094584434e-05,9.931268096732039e-05,0.0001986275095394796,0.0009910164859872755,-9.931268094584432e-05
1,0.003768900000001002,1.985979659975813,2.172682734313813e-05,-12.0,-0.9929572395296237,12.0,-0.001288916830339118,9.929789663569666e-05,9.92978966574235e-05,0.0001985979659975813,0.0009910408972571144,-9.929789663569669e-05
1,0.003769100000001002,1.985681088423778,2.197757195809835e-05,-12.0,-0.9928075776341764,12.0,-0.001288896705087389,9.928295552061345e-05,9.9282955542591e-05,0.0001985681088423778,0.000991065567279223,-9.928295552061345e-05
1,0.003769300000001002,1.985379381210173,2.222828183640058e-05,-12.0,-0.992656347960049,12.0,-0.001288876368222086,9.926785762418853e-05,9.926785764641681e-05,0.0001985379381210173,0.0009910904960037104,-9.926785762418854e-05
1,0.003769500000001002,1.985074538811433,2.247895658191723e-05,-12.0,-0.9925035507460541,12.0,-0.001288855819764234,9.92526029702636e-05,9.925260299274256e-05,0.0001985074538811433,0.0009911156833802004,-9.925260297026361e-05
1,0.0037697000000010018,1.984766561708947,2.27295957982987e-05,-12.0,-0.9923491862334799,12.0,-0.001288835059735108,9.923719158292784e-05,9.923719160565743e-05,0.0001984766561708947,0.0009911411293578448,-9.923719158292782e-05
1,0.0037699000000010023,1.984455450389052,2.298019909019455e-05,-12.0,-0.9921932546660887,12.0,-0.001288814088156343,9.922162348651786e-05,9.922162350949808e-05,0.0001984455450389052,0.000991166833885171,-9.922162348651788e-05
1,0.003770100000001002,1.984141205343032,2.323076606092211e-05,-12.0,-0.992035756290117,12.0,-0.001288792905049643,9.92058987056178e-05,9.920589872884858e-05,0.0001984141205343032,0.0009911927969102063,-9.92058987056178e-05
1,0.003770300000001002,1.983823827067123,2.348129631446483e-05,-12.0,-0.9918766913542768,12.0,-0.001288771510437048,9.919001726505912e-05,9.919001728854042e-05,0.0001983823827067123,0.000991219018380493,-9.919001726505914e-05
1,0.003770500000001003,1.983503316062509,2.373178945513921e-05,-12.0,-0.991716060109754,12.0,-0.001288749904340664,9.917397918992091e-05,9.917397921365269e-05,0.0001983503316062509,0.0009912454982431151,-9.917397918992091e-05
1,0.0037707000000010028,1.983179672835318,2.398224508715074e-05,-12.0,-0.9915538628102061,12.0,-0.001288728086783014,9.91577845055293e-05,9.915778452951156e-05,0.0001983179672835318,0.0009912722364444349,-9.915778450552933e-05
1,0.0037709000000010033,1.982852897896627,2.423266281426084e-05,-12.0,-0.9913900997117654,12.0,-0.001288706057786679,9.914143323745794e-05,9.914143326169064e-05,0.0001982852897896627,0.000991299232930537,-9.914143323745797e-05
1,0.003771100000001003,1.982522991762458,2.44830422412301e-05,-12.0,-0.9912247710730365,12.0,-0.001288683817374556,9.912492541152777e-05,9.912492543601085e-05,0.0001982522991762458,0.0009913264876467986,-9.912492541152778e-05
1,0.003771300000001003,1.982189954953773,2.473338297204197e-05,-12.0,-0.991057877155095,12.0,-0.001288661365569752,9.91082610538067e-05,9.910826107854008e-05,0.0001982189954953774,0.0009913540005381666,-9.91082610538067e-05
1,0.003771500000001003,1.981853787996485,2.498368461090195e-05,-12.0,-0.9908894182214897,12.0,-0.001288638702395484,9.909144019061004e-05,9.909144021559373e-05,0.0001981853787996486,0.0009913817715490603,-9.909144019061007e-05
1,0.003771700000001003,1.981514491421448,2.52339467624596e-05,-12.0,-0.9907193945382408,12.0,-0.0012886158278754,9.907446284850032e-05,9.907446287373428e-05,0.0001981514491421448,0.0009914098006234134,-9.907446284850032e-05
1,0.003771900000001003,1.981172065764454,2.548416903136452e-05,-12.0,-0.9905478063738381,12.0,-0.001288592742033204,9.905732905428695e-05,9.905732907977112e-05,0.0001981172065764454,0.0009914380877044937,-9.905732905428695e-05
1,0.003772100000001004,1.980826511566238,2.573435102226629e-05,-12.0,-0.9903746539992422,12.0,-0.001288569444892848,9.904003883502645e-05,9.904003886076079e-05,0.0001980826511566238,0.0009914666327352495,-9.904003883502645e-05
1,0.003772300000001004,1.980477829372479,2.598449233925937e-05,-12.0,-0.990199937687886,12.0,-0.00128854593647855,9.90225922180225e-05,9.902259224400701e-05,0.000198047782937248,0.000991495435657963,-9.902259221802252e-05
1,0.003772500000001004,1.980126019733792,2.623459258732641e-05,-12.0,-0.9900236577156694,12.0,-0.001288522216814719,9.900498923082568e-05,9.900498925706025e-05,0.0001980126019733793,0.0009915244964144448,-9.900498923082568e-05
1,0.003772700000001004,1.979771083205731,2.648465137156109e-05,-12.0,-0.9898458143609618,12.0,-0.00128849828592606,9.898722990123332e-05,9.898722992771798e-05,0.0001979771083205731,0.0009915538149460196,-9.898722990123334e-05
1,0.003772900000001004,1.979413020348789,2.673466829605786e-05,-12.0,-0.9896664079046038,12.0,-0.00128847414383737,9.896931425728997e-05,9.896931428402463e-05,0.0001979413020348789,0.0009915833911934152,-9.896931425729e-05
1,0.003773100000001004,1.979051831728394,2.698464296591041e-05,-12.0,-0.9894854386299019,12.0,-0.001288449790573742,9.895124232728679e-05,9.895124235427144e-05,0.0001979051831728395,0.0009916132250969295,-9.895124232728679e-05
1,0.003773300000001004,1.978687517914913,2.723457498687853e-05,-12.0,-0.9893029068226302,12.0,-0.001288425226160489,9.893301413976169e-05,9.89330141669963e-05,0.0001978687517914913,0.0009916433165963051,-9.893301413976172e-05
1,0.0037735000000010043,1.978320079483645,2.748446396283466e-05,-12.0,-0.9891188127710334,12.0,-0.001288400450623159,9.891462972349962e-05,9.891462975098409e-05,0.0001978320079483645,0.0009916736656307018,-9.891462972349963e-05
1,0.003773700000001004,1.977949517014825,2.773430949953859e-05,-12.0,-0.9889331567658202,12.0,-0.001288375463987468,9.889608910753196e-05,9.889608913526629e-05,0.0001977949517014825,0.0009917042721389324,-9.889608910753198e-05
1,0.003773900000001005,1.977575831093621,2.798411120208399e-05,-12.0,-0.9887459391001661,12.0,-0.001288350266279423,9.887739232113681e-05,9.887739234912096e-05,0.0001977575831093621,0.0009917351360590743,-9.887739232113682e-05
1,0.003774100000001005,1.977199022310132,2.823386867567557e-05,-12.0,-0.988557160069714,12.0,-0.001288324857525197,9.885853939383896e-05,9.885853942207283e-05,0.0001977199022310132,0.0009917662573288577,-9.885853939383897e-05
1,0.003774300000001005,1.976819091259392,2.848358152540698e-05,-12.0,-0.988366819972572,12.0,-0.001288299237751284,9.883953035540972e-05,9.883953038389333e-05,0.0001976819091259392,0.000991797635885347,-9.883953035540974e-05
1,0.0037745000000010053,1.976436038541361,2.873324935703803e-05,-12.0,-0.9881749191093124,12.0,-0.001288273406984189,9.882036523586693e-05,9.882036526460019e-05,0.0001976436038541361,0.0009918292716653287,-9.882036523586695e-05
1,0.003774700000001005,1.97604986476093,2.89828717752183e-05,-12.0,-0.9879814577829733,12.0,-0.001288247365250877,9.880104406547485e-05,9.880104409445774e-05,0.000197604986476093,0.0009918611646048126,-9.880104406547485e-05
1,0.003774900000001005,1.975660570527922,2.923244838626271e-05,-12.0,-0.9877864362990569,12.0,-0.001288221112578355,9.878156687474433e-05,9.878156690397678e-05,0.0001975660570527922,0.0009918933146394054,-9.878156687474432e-05
1,0.0037751000000010053,1.975268156457082,2.9481978795598e-05,-12.0,-0.9875898549655279,12.0,-0.001288194648994073,9.876193369443236e-05,9.876193372391435e-05,0.0001975268156457083,0.0009919257217041871,-9.876193369443236e-05
1,0.003775300000001005,1.974872623168086,2.973146260887294e-05,-12.0,-0.9873917140928153,12.0,-0.001288167974525398,9.87421445555424e-05,9.874214458527389e-05,0.0001974872623168086,0.0009919583857337377,-9.874214455554242e-05
1,0.003775500000001005,1.974473971285535,2.998089943140325e-05,-12.0,-0.9871920139938115,12.0,-0.001288141089200195,9.872219948932429e-05,9.872219951930522e-05,0.0001974473971285535,0.00099199130666211,-9.872219948932429e-05
1,0.003775700000001006,1.974072201438954,3.023028886961487e-05,-12.0,-0.9869907549838693,12.0,-0.001288113993046375,9.870209852727391e-05,9.87020985575042e-05,0.0001974072201438954,0.000992024484422857,-9.87020985272739e-05
1,0.003775900000001006,1.973667314262787,3.047963052926761e-05,-12.0,-0.9867879373808034,12.0,-0.001288086686092177,9.868184170113328e-05,9.86818417316129e-05,0.0001973667314262787,0.0009920579189489631,-9.868184170113327e-05
1,0.0037761000000010063,1.97325931039641,3.072892401567717e-05,-12.0,-0.9865835615048925,12.0,-0.001288059168366024,9.86614290428908e-05,9.866142907361973e-05,0.000197325931039641,0.0009920916101729266,-9.866142904289082e-05
1,0.003776300000001006,1.972848190484116,3.097816893571359e-05,-12.0,-0.9863776276788727,12.0,-0.001288031439896531,9.864086058478084e-05,9.864086061575901e-05,0.0001972848190484116,0.0009921255580267602,-9.864086058478085e-05
1,0.003776500000001006,1.972433955175116,3.122736489513667e-05,-12.0,-0.9861701362279415,12.0,-0.001288003500712578,9.862013635928366e-05,9.862013639051104e-05,0.0001972433955175116,0.0009921597624419493,-9.862013635928366e-05
1,0.003776700000001006,1.972016605123543,3.147651149981723e-05,-12.0,-0.9859610874797564,12.0,-0.001287975350843226,9.859925639912564e-05,9.859925643060214e-05,0.0001972016605123543,0.0009921942233494102,-9.859925639912563e-05
1,0.003776900000001006,1.971596140988452,3.172560835673632e-05,-12.0,-0.9857504817644347,12.0,-0.001287946990317895,9.857822073727914e-05,9.857822076900475e-05,0.0001971596140988452,0.0009922289406796014,-9.857822073727915e-05
1,0.003777100000001006,1.971172563433809,3.197465507176478e-05,-12.0,-0.9855383194145503,12.0,-0.001287918419166006,9.855702940696219e-05,9.855702943893686e-05,0.0001971172563433809,0.00099226391436244,-9.855702940696222e-05
1,0.003777300000001006,1.970745873128501,3.222365125121751e-05,-12.0,-0.9853246007651372,12.0,-0.001287889637417328,9.853568244163885e-05,9.853568247386252e-05,0.0001970745873128501,0.0009922991443273993,-9.853568244163885e-05
1,0.003777500000001007,1.970316070746331,3.247259650196455e-05,-12.0,-0.9851093261536868,12.0,-0.001287860645101918,9.851417987501886e-05,9.851417990749145e-05,0.0001970316070746331,0.0009923346305033137,-9.851417987501889e-05
1,0.003777700000001007,1.969883156966014,3.272149043054284e-05,-12.0,-0.984892495920146,12.0,-0.001287831442249934,9.849252174105767e-05,9.849252177377916e-05,0.0001969883156966014,0.0009923703728185601,-9.849252174105767e-05
1,0.003777900000001007,1.969447132471177,3.297033264371141e-05,-12.0,-0.9846741104069199,12.0,-0.001287802028891782,9.847070807395636e-05,9.847070810692666e-05,0.0001969447132471177,0.000992406371201085,-9.847070807395636e-05
1,0.003778100000001007,1.969007997950364,3.321912274734107e-05,-12.0,-0.9844541699588696,12.0,-0.001287772405058174,9.84487389081617e-05,9.844873894138083e-05,0.0001969007997950364,0.0009924426255781549,-9.84487389081617e-05
1,0.003778300000001007,1.968565754097027,3.346786034985616e-05,-12.0,-0.9842326749233099,12.0,-0.001287742570779918,9.842661427836598e-05,9.842661431183385e-05,0.0001968565754097027,0.0009924791358767032,-9.842661427836598e-05
1,0.0037785000000010067,1.968120401609526,3.371654505668342e-05,-12.0,-0.9840096256500124,12.0,-0.001287712526088183,9.840433421950688e-05,9.840433425322346e-05,0.0001968120401609526,0.0009925159020229835,-9.840433421950692e-05
1,0.0037787000000010073,1.967671941191137,3.396517647569208e-05,-12.0,-0.9837850224912028,12.0,-0.001287682271014237,9.838189876676787e-05,9.838189880073305e-05,0.0001967671941191137,0.0009925529239428882,-9.838189876676786e-05
1,0.003778900000001007,1.967220373550035,3.421375421408523e-05,-12.0,-0.9835588658015589,12.0,-0.001287651805589665,9.83593079555773e-05,9.835930798979107e-05,0.0001967220373550035,0.0009925902015616578,-9.835930795557731e-05
1,0.003779100000001007,1.966765699399308,3.446227787806677e-05,-12.0,-0.9833311559382144,12.0,-0.00128762112984622,9.833656182160924e-05,9.833656185607152e-05,0.0001966765699399308,0.0009926277348041163,-9.833656182160926e-05
1,0.003779300000001008,1.966307919456948,3.471074707583899e-05,-12.0,-0.9831018932607529,12.0,-0.001287590243815875,9.831366040078285e-05,9.831366043549361e-05,0.0001966307919456948,0.0009926655235945742,-9.831366040078288e-05
1,0.0037795000000010077,1.965847034445851,3.495916141404987e-05,-12.0,-0.9828710781312128,12.0,-0.001287559147530856,9.829060372926269e-05,9.829060376422186e-05,0.0001965847034445851,0.000992703567856773,-9.829060372926269e-05
1,0.0037797000000010083,1.965383045093816,3.520752050112375e-05,-12.0,-0.9826387109140813,12.0,-0.001287527841023664,9.826739184345822e-05,9.826739187866576e-05,0.0001965383045093816,0.0009927418675139271,-9.826739184345825e-05
1,0.003779900000001008,1.964915952133545,3.545582394359759e-05,-12.0,-0.9824047919762986,12.0,-0.001287496324326884,9.824402478002423e-05,9.824402481548008e-05,0.0001964915952133545,0.0009927804224888759,-9.824402478002423e-05
1,0.003780100000001008,1.964445756302641,3.570407134956266e-05,-12.0,-0.9821693216872553,12.0,-0.001287464597473434,9.822050257586048e-05,9.822050261156454e-05,0.0001964445756302641,0.0009928192327037788,-9.822050257586049e-05
1,0.003780300000001008,1.963972458343604,3.595226232644411e-05,-12.0,-0.98193230041879,12.0,-0.001287432660496454,9.819682526811165e-05,9.81968253040639e-05,0.0001963972458343604,0.0009928582980804068,-9.819682526811165e-05
1,0.003780500000001008,1.96349605900384,3.620039648255524e-05,-12.0,-0.9816937285451921,12.0,-0.001287400513429196,9.817299289416747e-05,9.817299293036786e-05,0.000196349605900384,0.0009928976185399757,-9.817299289416747e-05
1,0.003780700000001008,1.963016559035645,3.64484734253212e-05,-12.0,-0.9814536064431998,12.0,-0.001287368156305299,9.81490054916625e-05,9.814900552811097e-05,0.0001963016559035645,0.0009929371940031878,-9.814900549166252e-05
1,0.003780900000001008,1.962533959196213,3.669649276261122e-05,-12.0,-0.9812119344919975,12.0,-0.001287335589158584,9.812486309847601e-05,9.812486313517253e-05,0.0001962533959196213,0.0009929770243901348,-9.812486309847601e-05
1,0.003781100000001009,1.962048260247636,3.694445410284963e-05,-12.0,-0.9809687130732193,12.0,-0.001287302812022939,9.810056575273222e-05,9.810056578967668e-05,0.0001962048260247637,0.0009930171096206725,-9.810056575273222e-05
1,0.003781300000001009,1.961559462956898,3.719235705434976e-05,-12.0,-0.980723942570944,12.0,-0.001287269824932699,9.807611349279982e-05,9.807611352999217e-05,0.0001961559462956898,0.000993057449613824,-9.807611349279984e-05
1,0.003781500000001009,1.961067568095874,3.744020122475877e-05,-12.0,-0.980477623371698,12.0,-0.001287236627922253,9.805150635729228e-05,9.805150639473249e-05,0.0001961067568095874,0.0009930980442883763,-9.805150635729228e-05
1,0.003781700000001009,1.960572576441335,3.768798622261205e-05,-12.0,-0.9802297558644537,12.0,-0.001287203221026351,9.802674438506764e-05,9.802674442275563e-05,0.0001960572576441335,0.0009931388935624091,-9.802674438506764e-05
1,0.003781900000001009,1.960074488774938,3.793571165688903e-05,-12.0,-0.9799803404406264,12.0,-0.001287169604279853,9.800182761522833e-05,9.800182765316403e-05,0.0001960074488774938,0.0009931799973535715,-9.800182761522834e-05
1,0.003782100000001009,1.959573305883229,3.81833771352369e-05,-12.0,-0.979729377494078,12.0,-0.001287135777717885,9.797675608712134e-05,9.797675612530471e-05,0.000195957330588323,0.000993221355579027,-9.797675608712132e-05
1,0.0037823000000010093,1.959069028557648,3.843098226707919e-05,-12.0,-0.9794768674211135,12.0,-0.001287101741375821,9.795152984033806e-05,9.795152987876906e-05,0.0001959069028557648,0.000993262968155384,-9.795152984033806e-05
1,0.003782500000001009,1.958561657594513,3.867852666095128e-05,-12.0,-0.9792228106204797,12.0,-0.001287067495289271,9.792614891471404e-05,9.792614895339259e-05,0.0001958561657594513,0.000993304834998765,-9.792614891471407e-05
1,0.00378270000000101,1.958051193795031,3.892600992538853e-05,-12.0,-0.9789672074933675,12.0,-0.001287033039493998,9.790061335032927e-05,9.79006133892553e-05,0.0001958051193795031,0.0009933469560247654,-9.79006133503293e-05
1,0.00378290000000101,1.957537637965296,3.917343166903731e-05,-12.0,-0.97871005844341,12.0,-0.001286998374026016,9.787492318750793e-05,9.787492322668135e-05,0.0001957537637965296,0.0009933893311485503,-9.78749231875079e-05
1,0.00378310000000101,1.957020990916281,3.942079150209832e-05,-12.0,-0.9784513638766791,12.0,-0.001286963498921587,9.784907846681812e-05,9.784907850623892e-05,0.0001957020990916281,0.000993431960284688,-9.784907846681812e-05
1,0.0037833000000010103,1.95650125346384,3.966808903232977e-05,-12.0,-0.9781911242016903,12.0,-0.00128692841421725,9.782307922907227e-05,9.782307926874036e-05,0.000195650125346384,0.0009934748433472612,-9.782307922907227e-05
1,0.00378350000000101,1.955978426428709,3.991532387004337e-05,-12.0,-0.977929339829396,12.0,-0.001286893119949645,9.77969255153266e-05,9.779692555524194e-05,0.0001955978426428709,0.0009935179802498112,-9.77969255153266e-05
1,0.00378370000000101,1.955452510636503,4.016249562355245e-05,-12.0,-0.9776660111731912,12.0,-0.001286857616155726,9.777061736688147e-05,9.777061740704398e-05,0.0001955452510636503,0.0009935613709054908,-9.777061736688147e-05
1,0.0037839000000010102,1.954923506917714,4.040960390316872e-05,-12.0,-0.9774011386489061,12.0,-0.001286821902872673,9.774415482528094e-05,9.774415486569053e-05,0.0001954923506917714,0.0009936050152267728,-9.774415482528094e-05
1,0.00378410000000101,1.954391416107709,4.065664831764959e-05,-12.0,-0.9771347226748114,12.0,-0.001286785980137803,9.771753793231291e-05,9.771753797296956e-05,0.0001954391416107709,0.0009936489131258525,-9.771753793231291e-05
1,0.00378430000000101,1.953856239046734,4.090362847730677e-05,-12.0,-0.976866763671615,12.0,-0.001286749847988766,9.769076673000922e-05,9.769076677091284e-05,0.0001953856239046734,0.0009936930645141895,-9.769076673000923e-05
1,0.003784500000001011,1.953317976579904,4.115054399156381e-05,-12.0,-0.9765972620624591,12.0,-0.001286713506463366,9.766384126064507e-05,9.766384130179562e-05,0.0001953317976579904,0.000993737469302855,-9.766384126064508e-05
1,0.003784700000001011,1.952776629557207,4.13973944700663e-05,-12.0,-0.9763262182729247,12.0,-0.001286676955599725,9.763676156673947e-05,9.763676160813687e-05,0.0001952776629557207,0.000993782127402379,-9.763676156673948e-05
1,0.0037849000000010112,1.952232198833506,4.164417952279287e-05,-12.0,-0.9760536327310272,12.0,-0.001286640195436034,9.760952769105498e-05,9.760952773269918e-05,0.0001952232198833506,0.0009938270387228193,-9.7609527691055e-05
1,0.003785100000001011,1.951684685268529,4.189089876038832e-05,-12.0,-0.9757795058672151,12.0,-0.001286603226010791,9.758213967659753e-05,9.758213971848844e-05,0.0001951684685268529,0.0009938722031737623,-9.758213967659755e-05
1,0.003785300000001011,1.951134089726872,4.213755179172107e-05,-12.0,-0.9755038381143729,12.0,-0.001286566047362853,9.755459756661646e-05,9.755459760875402e-05,0.0001951134089726872,0.000993917620664156,-9.755459756661646e-05
1,0.003785500000001011,1.950580413078003,4.238413822788001e-05,-12.0,-0.9752266299078184,12.0,-0.001286528659531092,9.752690140460465e-05,9.752690144698875e-05,0.0001950580413078003,0.0009939632911025592,-9.752690140460463e-05
1,0.003785700000001011,1.950023656196251,4.263065767962093e-05,-12.0,-0.9749478816852996,12.0,-0.00128649106255467,9.749905123429789e-05,9.749905127692858e-05,0.0001950023656196251,0.000994009214397032,-9.749905123429793e-05
1,0.003785900000001011,1.949463819960809,4.287710975670045e-05,-12.0,-0.9746675938869986,12.0,-0.001286453256472975,9.747104709967553e-05,9.747104714255264e-05,0.0001949463819960809,0.0009940553904550786,-9.747104709967553e-05
1,0.003786100000001011,1.948900905255737,4.312349406943028e-05,-12.0,-0.9743857669555293,12.0,-0.001286415241325764,9.744288904495988e-05,9.744288908808337e-05,0.0001948900905255737,0.0009941018191836487,-9.744288904495988e-05
1,0.003786300000001012,1.948334912969951,4.336981022934339e-05,-12.0,-0.9741024013359337,12.0,-0.001286377017152798,9.741457711461631e-05,9.74145771579861e-05,0.0001948334912969952,0.0009941485004893447,-9.741457711461631e-05
1,0.003786500000001012,1.947765843997229,4.361605784708456e-05,-12.0,-0.9738174974756835,12.0,-0.001286338583994198,9.738611135335304e-05,9.738611139696912e-05,0.0001947765843997229,0.000994195434278075,-9.738611135335306e-05
1,0.003786700000001012,1.947193699236209,4.386223653241039e-05,-12.0,-0.9735310558246837,12.0,-0.001286299941890265,9.735749180612162e-05,9.735749184998385e-05,0.0001947193699236209,0.0009942426204554433,-9.735749180612161e-05
1,0.003786900000001012,1.946618479590387,4.410834589763102e-05,-12.0,-0.9732430768352633,12.0,-0.001286261090881521,9.73287185181161e-05,9.732871856222445e-05,0.0001946618479590387,0.0009942900589264142,-9.73287185181161e-05
1,0.003787100000001012,1.946040185968108,4.435438555361326e-05,-12.0,-0.9729535609621797,12.0,-0.001286222031008755,9.729979153477333e-05,9.72997915791277e-05,0.0001946040185968108,0.0009943377495955086,-9.729979153477333e-05
1,0.0037873000000010117,1.945458819282577,4.460035511100191e-05,-12.0,-0.9726625086626186,12.0,-0.001286182762312973,9.727071090177296e-05,9.727071094637333e-05,0.0001945458819282578,0.0009943856923666783,-9.727071090177296e-05
1,0.0037875000000010123,1.944874380451854,4.484625418132993e-05,-12.0,-0.9723699203961924,12.0,-0.001286143284835381,9.724147666503738e-05,9.724147670988364e-05,0.0001944874380451854,0.0009944338871434588,-9.724147666503738e-05
1,0.003787700000001012,1.944286870398843,4.509208237657436e-05,-12.0,-0.9720757966249359,12.0,-0.001286103598617389,9.721208887073125e-05,9.721208891582334e-05,0.0001944286870398843,0.000994482333828886,-9.721208887073125e-05
1,0.003787900000001012,1.943696290051303,4.533783930771307e-05,-12.0,-0.9717801378133119,12.0,-0.001286063703700741,9.718254756526195e-05,9.718254761059979e-05,0.0001943696290051303,0.0009945310323253714,-9.718254756526196e-05
1,0.003788100000001013,1.943102640341842,4.558352458616799e-05,-12.0,-0.9714829444282066,12.0,-0.001286023600127251,9.715285279527928e-05,9.71528528408628e-05,0.0001943102640341842,0.0009945799825349516,-9.715285279527928e-05
1,0.0037883000000010127,1.942505922207912,4.582913782491538e-05,-12.0,-0.9711842169389273,12.0,-0.001285983287939066,9.712300460767522e-05,9.712300465350437e-05,0.0001942505922207912,0.0009946291843591637,-9.712300460767523e-05
1,0.0037885000000010133,1.94190613659181,4.607467863471104e-05,-12.0,-0.9708839558172063,12.0,-0.001285942767178583,9.709300304958408e-05,9.709300309565878e-05,0.000194190613659181,0.0009946786376989064,-9.70930030495841e-05
1,0.003788700000001013,1.941303284440681,4.632014662753203e-05,-12.0,-0.9705821615371979,12.0,-0.001285902037888309,9.706284816838253e-05,9.706284821470271e-05,0.0001941303284440682,0.0009947283424547732,-9.706284816838255e-05
1,0.003788900000001013,1.940697366706511,4.656554141635461e-05,-12.0,-0.9702788345754754,12.0,-0.001285861100111113,9.703254001168916e-05,9.703254005825472e-05,0.0001940697366706511,0.0009947782985266912,-9.703254001168918e-05
1,0.003789100000001013,1.940088384346121,4.681086261315581e-05,-12.0,-0.9699739754110318,12.0,-0.001285819953889974,9.700207862736448e-05,9.700207867417537e-05,0.0001940088384346121,0.000994828505814227,-9.70020786273645e-05
1,0.003789300000001013,1.939476338321179,4.705610982902453e-05,-12.0,-0.9696675845252849,12.0,-0.00128577859926822,9.697146406351139e-05,9.69714641105675e-05,0.0001939476338321179,0.0009948789642162947,-9.697146406351139e-05
1,0.003789500000001013,1.938861229598193,4.73012826783803e-05,-12.0,-0.969359662402066,12.0,-0.001285737036289245,9.694069636847444e-05,9.694069641577575e-05,0.0001938861229598193,0.0009949296736314478,-9.694069636847444e-05
1,0.003789700000001013,1.938243059148496,4.754638077320017e-05,-12.0,-0.9690502095276242,12.0,-0.00128569526499682,9.690977559083975e-05,9.690977563838612e-05,0.0001938243059148496,0.0009949806339576983,-9.690977559083975e-05
1,0.003789900000001014,1.937621827948266,4.779140372501711e-05,-12.0,-0.9687392263906315,12.0,-0.001285653285434854,9.687870177943565e-05,9.687870182722705e-05,0.0001937621827948266,0.0009950318450925033,-9.687870177943566e-05
1,0.003790100000001014,1.936997536978514,4.803635114825067e-05,-12.0,-0.968426713482171,12.0,-0.001285611097647549,9.684747498333193e-05,9.684747503136829e-05,0.0001936997536978514,0.0009950833069329174,-9.684747498333193e-05
1,0.003790300000001014,1.936370187225075,4.8281222655433e-05,-12.0,-0.9681126712957423,12.0,-0.001285568701679285,9.681609525183976e-05,9.681609530012099e-05,0.0001936370187225075,0.0009951350193753844,-9.681609525183978e-05
1,0.003790500000001014,1.935739779678621,4.852601785898525e-05,-12.0,-0.9677971003272616,12.0,-0.001285526097574666,9.678456263451206e-05,9.678456268303808e-05,0.0001935739779678621,0.0009951869823159876,-9.678456263451206e-05
1,0.003790700000001014,1.935106315334652,4.877073637243878e-05,-12.0,-0.9674800010750598,12.0,-0.00128548328537853,9.675287718114323e-05,9.675287722991398e-05,0.0001935106315334652,0.0009952391956501994,-9.675287718114323e-05
1,0.0037909000000010138,1.934469795193492,4.901537780965803e-05,-12.0,-0.9671613740398778,12.0,-0.001285440265135995,9.672103894176874e-05,9.672103899078412e-05,0.0001934469795193492,0.000995291659273062,-9.672103894176875e-05
1,0.0037911000000010143,1.933830220260293,4.925994178328619e-05,-12.0,-0.9668412197248721,12.0,-0.001285397036892344,9.668904796666555e-05,9.668904801592546e-05,0.0001933830220260293,0.0009953443730790906,-9.668904796666555e-05
1,0.003791300000001014,1.933187591545032,4.950442790718768e-05,-12.0,-0.9665195386356112,12.0,-0.001285353600693068,9.665690430635182e-05,9.665690435585626e-05,0.0001933187591545032,0.0009953973369623142,-9.665690430635185e-05
1,0.003791500000001015,1.932541910062506,4.974883579533795e-05,-12.0,-0.9661963312800714,12.0,-0.001285309956584033,9.662460801158669e-05,9.662460806133552e-05,0.0001932541910062506,0.000995450550816221,-9.662460801158668e-05
1,0.003791700000001015,1.931893176832331,4.999316506104634e-05,-12.0,-0.9658715981686422,12.0,-0.001285266104611146,9.659215913337033e-05,9.65921591833635e-05,0.0001931893176832331,0.0009955040145338684,-9.659215913337033e-05
1,0.0037919000000010148,1.931241392878949,5.023741531851034e-05,-12.0,-0.9655453398141225,12.0,-0.001285222044820608,9.655955772294409e-05,9.65595577731815e-05,0.0001931241392878949,0.0009955577280078565,-9.65595577229441e-05
1,0.0037921000000010153,1.930586559231612,5.048158618248255e-05,-12.0,-0.9652175567317168,12.0,-0.001285177777258936,9.652680383178989e-05,9.65268038822715e-05,0.0001930586559231613,0.0009956116911301605,-9.652680383178994e-05
1,0.003792300000001015,1.929928676924391,5.072567726560617e-05,-12.0,-0.9648882494390404,12.0,-0.001285133301972718,9.64938975116306e-05,9.649389756235629e-05,0.0001929928676924392,0.000995665903792367,-9.649389751163061e-05
1,0.003792500000001015,1.929267746996174,5.096968818318892e-05,-12.0,-0.9645574184561153,12.0,-0.001285088619008903,9.646083881442986e-05,9.646083886539954e-05,0.0001929267746996174,0.0009957203658855218,-9.646083881442986e-05
1,0.0037927000000010152,1.928603770490657,5.121361854987239e-05,-12.0,-0.9642250643053678,12.0,-0.001285043728414634,9.642762779239175e-05,9.642762784360537e-05,0.0001928603770490657,0.0009957750773001844,-9.642762779239178e-05
1,0.003792900000001015,1.927936748456349,5.145746797996509e-05,-12.0,-0.9638911875116297,12.0,-0.001284998630237219,9.639426449796097e-05,9.639426454941844e-05,0.0001927936748456349,0.000995830037926429,-9.639426449796097e-05
1,0.003793100000001015,1.927266681946567,5.170123608799759e-05,-12.0,-0.9635557886021389,12.0,-0.00128495332452426,9.636074898382268e-05,9.636074903552395e-05,0.0001927266681946567,0.0009958852476538577,-9.63607489838227e-05
1,0.003793300000001016,1.926593572019438,5.194492248872251e-05,-12.0,-0.9632188681065369,12.0,-0.001284907811323607,9.632708130290256e-05,9.632708135484749e-05,0.0001926593572019438,0.0009959407063715453,-9.632708130290256e-05
1,0.003793500000001016,1.925917419737894,5.218852679755859e-05,-12.0,-0.9628804265568653,12.0,-0.001284862090683278,9.629326150836628e-05,9.629326156055483e-05,0.0001925917419737894,0.0009959964139680533,-9.62932615083663e-05
1,0.0037937000000010162,1.925238226169669,5.243204862914741e-05,-12.0,-0.9625404644875706,12.0,-0.001284816162651525,9.625928965361997e-05,9.625928970605202e-05,0.0001925238226169669,0.0009960523703315127,-9.625928965361998e-05
1,0.003793900000001016,1.924555992387306,5.26754875987967e-05,-12.0,-0.9621989824355001,12.0,-0.001284770027276894,9.622516579230987e-05,9.622516584498538e-05,0.0001924555992387306,0.0009961085753495413,-9.622516579230989e-05
1,0.003794100000001016,1.923870719468141,5.291884332248031e-05,-12.0,-0.9618559809398985,12.0,-0.001284723684608066,9.61908899783221e-05,9.619089003124095e-05,0.0001923870719468141,0.0009961650289092294,-9.61908899783221e-05
1,0.003794300000001016,1.923182408494313,5.316211541461779e-05,-12.0,-0.9615114605424134,12.0,-0.00128467713469399,9.615646226578279e-05,9.615646231894493e-05,0.0001923182408494313,0.0009962217308972648,-9.615646226578281e-05
1,0.003794500000001016,1.92249106055276,5.340530349129402e-05,-12.0,-0.9611654217870902,12.0,-0.001284630377583904,9.612188270905816e-05,9.612188276246345e-05,0.000192249106055276,0.000996278681199711,-9.612188270905815e-05
1,0.0037947000000010164,1.921796676735214,5.364840716903796e-05,-12.0,-0.9608178652203694,12.0,-0.001284583413327184,9.608715136275384e-05,9.608715141640226e-05,0.0001921796676735214,0.0009963358797022703,-9.608715136275385e-05
1,0.003794900000001016,1.921099258138199,5.389142606238018e-05,-12.0,-0.9604687913910913,12.0,-0.0012845362419735,9.605226828171537e-05,9.605226833560682e-05,0.0001921099258138199,0.0009963933262900626,-9.605226828171537e-05
1,0.003795100000001017,1.920398805863036,5.413435978807168e-05,-12.0,-0.960118200850492,12.0,-0.001284488863572714,9.601723352102802e-05,9.601723357516238e-05,0.0001920398805863036,0.0009964510208477773,-9.601723352102802e-05
1,0.003795300000001017,1.919695321015833,5.437720796275247e-05,-12.0,-0.9597660941522,12.0,-0.001284441278174925,9.598204713601629e-05,9.59820471903935e-05,0.0001919695321015833,0.0009965089632596041,-9.598204713601629e-05
1,0.003795500000001017,1.918988804707487,5.461997020128617e-05,-12.0,-0.9594124718522417,12.0,-0.001284393485830496,9.594670918224432e-05,9.594670923686429e-05,0.0001918988804707487,0.0009965671534092058,-9.59467091822443e-05
1,0.0037957000000010174,1.918279258053685,5.486264612197811e-05,-12.0,-0.9590573345090331,12.0,-0.001284345486589969,9.59112197155155e-05,9.591121977037816e-05,0.0001918279258053685,0.0009966255911798005,-9.591121971551551e-05
1,0.003795900000001017,1.917566682174895,5.510523533991396e-05,-12.0,-0.9587006826833854,12.0,-0.001284297280504096,9.587557879187254e-05,9.587557884697777e-05,0.0001917566682174895,0.0009966842764541073,-9.587557879187253e-05
1,0.0037961000000010167,1.916851078196374,5.53477374721778e-05,-12.0,-0.9583425169385016,12.0,-0.001284248867623933,9.583978646759739e-05,9.58397865229451e-05,0.0001916851078196374,0.0009967432091143313,-9.583978646759737e-05
1,0.0037963000000010173,1.916132447248156,5.559015213607577e-05,-12.0,-0.9579828378399722,12.0,-0.001284200248000758,9.580384279921084e-05,9.5803842854801e-05,0.0001916132447248156,0.0009968023890422617,-9.580384279921084e-05
1,0.003796500000001017,1.915410790465056,5.583247894780374e-05,-12.0,-0.9576216459557817,12.0,-0.001284151421686058,9.576774784347295e-05,9.576774789930543e-05,0.0001915410790465057,0.000996861816119049,-9.576774784347296e-05
1,0.003796700000001017,1.91468610898667,5.607471752544502e-05,-12.0,-0.9572589418562995,12.0,-0.001284102388731487,9.57315016573825e-05,9.573150171345722e-05,0.000191468610898667,0.0009969214902255386,-9.57315016573825e-05
1,0.003796900000001018,1.913958403957365,5.631686748563958e-05,-12.0,-0.9568947261142855,12.0,-0.001284053149189016,9.569510429817711e-05,9.569510435449398e-05,0.0001913958403957365,0.0009969814112420067,-9.569510429817712e-05
1,0.0037971000000010177,1.91322767652629,5.65589284454715e-05,-12.0,-0.9565289993048874,12.0,-0.001284003703110811,9.56585558233333e-05,9.56585558798922e-05,0.000191322767652629,0.00099704157904823,-9.56585558233333e-05
1,0.0037973000000010183,1.91249392784736,5.680090002357918e-05,-12.0,-0.9561617620056357,12.0,-0.001283954050549291,9.562185629056593e-05,9.562185634736682e-05,0.000191249392784736,0.0009971019935235276,-9.562185629056593e-05
1,0.003797500000001018,1.911757159079265,5.704278183638056e-05,-12.0,-0.9557930147964503,12.0,-0.001283904191557064,9.558500575782866e-05,9.558500581487144e-05,0.0001911757159079265,0.0009971626545466905,-9.558500575782868e-05
1,0.003797700000001018,1.911017371385463,5.728457350306915e-05,-12.0,-0.9554227582596311,12.0,-0.001283854126187006,9.554800428331341e-05,9.5548004340598e-05,0.0001911017371385463,0.00099722356199608,-9.554800428331342e-05
1,0.003797900000001018,1.910274565934176,5.752627464028492e-05,-12.0,-0.9550509929798648,12.0,-0.001283803854492213,9.55108519254505e-05,9.551085198297677e-05,0.0001910274565934176,0.0009972847157495301,-9.551085192545051e-05
1,0.003798100000001018,1.909528743898399,5.776788486655526e-05,-12.0,-0.9546777195442209,12.0,-0.001283753376526017,9.547354874290876e-05,9.547354880067664e-05,0.0001909528743898399,0.0009973461156844304,-9.547354874290875e-05
1,0.003798300000001018,1.908779906455884,5.800940380096264e-05,-12.0,-0.9543029385421465,12.0,-0.001283702692341959,9.543609479459474e-05,9.543609485260418e-05,0.0001908779906455885,0.000997407761677671,-9.543609479459475e-05
1,0.003798500000001018,1.908028054789146,5.825083106103524e-05,-12.0,-0.9539266505654733,12.0,-0.001283651801993829,9.539849013965343e-05,9.539849019790428e-05,0.0001908028054789146,0.000997469653605601,-9.539849013965344e-05
1,0.003798700000001019,1.907273190085464,5.849216626518938e-05,-12.0,-0.9535488562084125,12.0,-0.001283600705535626,9.536073483746777e-05,9.536073489595993e-05,0.0001907273190085464,0.0009975317913441806,-9.536073483746777e-05
1,0.003798900000001019,1.906515313536869,5.873340903328472e-05,-12.0,-0.9531695560675506,12.0,-0.001283549403021611,9.532282894765839e-05,9.53228290063918e-05,0.0001906515313536869,0.0009975941747688566,-9.532282894765839e-05
1,0.003799100000001019,1.90575442634015,5.897455898251636e-05,-12.0,-0.9527887507418555,12.0,-0.001283497894506269,9.528477253008381e-05,9.528477258905838e-05,0.000190575442634015,0.0009976568037545486,-9.528477253008381e-05
1,0.003799300000001019,1.904990529696855,5.921561573296596e-05,-12.0,-0.9524064408326719,12.0,-0.001283446180044293,9.524656564484049e-05,9.52465657040561e-05,0.0001904990529696855,0.0009977196781757736,-9.524656564484049e-05
1,0.003799500000001019,1.904223624813278,5.945657890393807e-05,-12.0,-0.9520226269437171,12.0,-0.001283394259690651,9.520820835226212e-05,9.52082084117187e-05,0.0001904223624813278,0.000997782797906438,-9.52082083522621e-05
1,0.0037997000000010188,1.903453712900467,5.969744811407107e-05,-12.0,-0.9516373096810878,12.0,-0.001283342133500454,9.516970071292019e-05,9.516970077261764e-05,0.0001903453712900467,0.0009978461628201013,-9.516970071292019e-05
1,0.0037999000000010193,1.902680795174217,5.993822298377971e-05,-12.0,-0.9512504896532504,12.0,-0.001283289801529183,9.51310427876234e-05,9.513104284756165e-05,0.0001902680795174217,0.0009979097727898095,-9.513104278762343e-05
1,0.003800100000001019,1.901904872855068,6.01789031308142e-05,-12.0,-0.9508621674710487,12.0,-0.001283237263832393,9.509223463741797e-05,9.509223469759685e-05,0.0001901904872855068,0.0009979736276880952,-9.509223463741795e-05
1,0.003800300000001019,1.901125947168309,6.041948817681053e-05,-12.0,-0.9504723437476943,12.0,-0.001283184520466052,9.50532763235871e-05,9.505327638400661e-05,0.0001901125947168309,0.0009980377273869773,-9.505327632358711e-05
1,0.00380050000000102,1.900344019343968,6.065997774096221e-05,-12.0,-0.950081019098773,12.0,-0.001283131571486157,9.50141679076514e-05,9.501416796831137e-05,0.0001900344019343968,0.0009981020717581002,-9.50141679076514e-05
1,0.0038007000000010198,1.899559090616818,6.090037144268479e-05,-12.0,-0.949688194142241,12.0,-0.001283078416949093,9.497490945136838e-05,9.497490951226875e-05,0.0001899559090616818,0.0009981666606725392,-9.497490945136838e-05
1,0.0038009000000010203,1.898771162226365,6.114066890361425e-05,-12.0,-0.9492938694984204,12.0,-0.001283025056911399,9.49355010167324e-05,9.493550107787308e-05,0.0001898771162226365,0.0009982314940009257,-9.493550101673241e-05
1,0.00380110000000102,1.897980235416855,6.138086974272206e-05,-12.0,-0.9488980457900047,12.0,-0.001282971491429835,9.489594266597474e-05,9.489594272735562e-05,0.0001897980235416855,0.0009982965716134329,-9.489594266597474e-05
1,0.00380130000000102,1.897186311437272,6.162097358097807e-05,-12.0,-0.9485007236420547,12.0,-0.001282917720561536,9.485623446156356e-05,9.485623452318455e-05,0.0001897186311437272,0.0009983618933797067,-9.485623446156358e-05
1,0.00380150000000102,1.896389391541327,6.186098003968521e-05,-12.0,-0.9481019036819941,12.0,-0.001282863744363594,9.481637646620338e-05,9.481637652806434e-05,0.0001896389391541327,0.0009984274591689907,-9.481637646620338e-05
1,0.00380170000000102,1.895589476987463,6.21008887385921e-05,-12.0,-0.947701586539615,12.0,-0.001282809562893658,9.477636874283534e-05,9.477636880493623e-05,0.0001895589476987463,0.0009984932688498899,-9.477636874283537e-05
1,0.00380190000000102,1.894786569038859,6.234069929900166e-05,-12.0,-0.9472997728470741,12.0,-0.001282755176209363,9.473621135463732e-05,9.473621141697802e-05,0.0001894786569038859,0.0009985593222907735,-9.473621135463732e-05
1,0.003802100000001021,1.893980668963414,6.258041134254988e-05,-12.0,-0.9468964632388889,12.0,-0.001282700584368704,9.469590436502314e-05,9.469590442760356e-05,0.0001893980668963414,0.0009986256193592752,-9.469590436502315e-05
1,0.003802300000001021,1.893171778033748,6.282002449031765e-05,-12.0,-0.946491658351938,12.0,-0.001282645787429801,9.465544783764286e-05,9.465544790046287e-05,0.0001893171778033748,0.0009986921599227927,-9.465544783764285e-05
1,0.003802500000001021,1.892359897527216,6.305953836305278e-05,-12.0,-0.9460853588254682,12.0,-0.001282590785451149,9.461484183638311e-05,9.461484189944267e-05,0.0001892359897527216,0.0009987589438480576,-9.461484183638313e-05
1,0.003802700000001021,1.891545028725889,6.329895258350149e-05,-12.0,-0.9456775653010796,12.0,-0.001282535578491339,9.457408642536631e-05,9.457408648866528e-05,0.0001891545028725889,0.0009988259710014963,-9.457408642536631e-05
1,0.003802900000001021,1.890727172916547,6.35382667729667e-05,-12.0,-0.9452682784227315,12.0,-0.001282480166609298,9.453318166895044e-05,9.453318173248873e-05,0.0001890727172916547,0.0009988932412488688,-9.453318166895046e-05
1,0.003803100000001021,1.889906331390703,6.377748055208521e-05,-12.0,-0.9448574988367484,12.0,-0.001282424549864117,9.449212763173004e-05,9.449212769550753e-05,0.0001889906331390703,0.0009989607544556162,-9.449212763173006e-05
1,0.003803300000001021,1.889082505444577,6.40165935449355e-05,-12.0,-0.9444452271918051,12.0,-0.001282368728315178,9.445092437853501e-05,9.44509244425516e-05,0.0001889082505444577,0.0009990285104865965,-9.445092437853501e-05
1,0.0038035000000010213,1.888255696379098,6.425560537293151e-05,-12.0,-0.9440314641389335,12.0,-0.001282312702022004,9.440957197443062e-05,9.440957203868623e-05,0.0001888255696379098,0.0009990965092063486,-9.440957197443064e-05
1,0.003803700000001021,1.887425905499911,6.449451565837538e-05,-12.0,-0.9436162103315231,12.0,-0.001282256471044463,9.436807048471813e-05,9.436807054921265e-05,0.0001887425905499911,0.0009991647504787454,-9.436807048471815e-05
1,0.003803900000001022,1.886593134117372,6.47333240233472e-05,-12.0,-0.9431994664253177,12.0,-0.001282200035442591,9.432641997493412e-05,9.432642003966745e-05,0.0001886593134117372,0.000999233234167285,-9.43264199749341e-05
1,0.003804100000001022,1.885757383546537,6.49720300918144e-05,-12.0,-0.9427812330784102,12.0,-0.00128214339527663,9.42846205108502e-05,9.428462057582226e-05,0.0001885757383546537,0.0009993019601350212,-9.42846205108502e-05
1,0.003804300000001022,1.884918655107168,6.521063348530198e-05,-12.0,-0.9423615109512495,12.0,-0.001282086550607187,9.42426721584735e-05,9.424267222368413e-05,0.0001884918655107168,0.0009993709282444668,-9.424267215847349e-05
1,0.0038045000000010223,1.884076950123736,6.544913382766637e-05,-12.0,-0.9419403007066353,12.0,-0.001282029501494905,9.420057498404628e-05,9.420057504949543e-05,0.0001884076950123736,0.0009994401383577323,-9.42005749840463e-05
1,0.003804700000001022,1.883232269925405,6.568753074243094e-05,-12.0,-0.9415176030097137,12.0,-0.001281972248000876,9.41583290540456e-05,9.415832911973312e-05,0.0001883232269925405,0.0009995095903363588,-9.415832905404561e-05
1,0.003804900000001022,1.882384615846038,6.592582385189782e-05,-12.0,-0.9410934185279831,12.0,-0.001281914790186189,9.41159344351835e-05,9.411593450110934e-05,0.0001882384615846038,0.0009995792840415824,-9.41159344351835e-05
1,0.0038051000000010222,1.881533989224201,6.61640127801455e-05,-12.0,-0.94066774793129,12.0,-0.001281857128112421,9.4073391194407e-05,9.407339126057103e-05,0.0001881533989224201,0.0009996492193339312,-9.407339119440702e-05
1,0.003805300000001022,1.880680391403144,6.640209715147449e-05,-12.0,-0.9402405918918241,12.0,-0.001281799261841174,9.403069939889755e-05,9.403069946529964e-05,0.0001880680391403144,0.0009997193960736839,-9.403069939889755e-05
1,0.003805500000001022,1.879823823730816,6.664007658885307e-05,-12.0,-0.9398119510841241,12.0,-0.001281741191434399,9.398785911607129e-05,9.398785918271135e-05,0.0001879823823730816,0.0009997898141205358,-9.39878591160713e-05
1,0.003805700000001023,1.878964287559856,6.687795071658176e-05,-12.0,-0.9393818261850737,12.0,-0.001281682916954199,9.394487041357902e-05,9.3944870480457e-05,0.0001878964287559856,0.0009998604733337801,-9.394487041357903e-05
1,0.003805900000001023,1.878101784247587,6.711571915918313e-05,-12.0,-0.9389502178738974,12.0,-0.00128162443846308,9.390173335930564e-05,9.39017334264214e-05,0.0001878101784247587,0.0009999313735720855,-9.390173335930566e-05
1,0.0038061000000010232,1.877236315156014,6.735338154117976e-05,-12.0,-0.9385171268321615,12.0,-0.001281565756023492,9.385844802137027e-05,9.385844808872363e-05,0.0001877236315156014,0.001000002514693898,-9.385844802137027e-05
1,0.003806300000001023,1.876367881651835,6.759093748520684e-05,-12.0,-0.9380825537437805,12.0,-0.001281506869698412,9.381501446812658e-05,9.381501453571751e-05,0.0001876367881651835,0.001000073896556972,-9.381501446812658e-05
1,0.003806500000001023,1.875496485106429,6.782838661889556e-05,-12.0,-0.9376464992950023,12.0,-0.001281447779550915,9.377143276816213e-05,9.377143283599053e-05,0.0001875496485106429,0.001000145519018739,-9.377143276816212e-05
1,0.003806700000001023,1.87462212689584,6.806572856588033e-05,-12.0,-0.9372089641744139,12.0,-0.001281388485644297,9.372770299029798e-05,9.37277030583637e-05,0.000187462212689584,0.001000217381936078,-9.372770299029798e-05
1,0.003806900000001023,1.873744808400805,6.830296294968452e-05,-12.0,-0.936769949072948,12.0,-0.001281328988042091,9.368382520358978e-05,9.368382527189274e-05,0.0001873744808400805,0.001000289485165465,-9.368382520358976e-05
1,0.003807100000001023,1.872864531006729,6.854008939805034e-05,-12.0,-0.9363294546838667,12.0,-0.001281269286808148,9.363979947732648e-05,9.363979954586657e-05,0.0001872864531006729,0.001000361828562807,-9.363979947732648e-05
1,0.003807300000001023,1.871981296103687,6.87771075351673e-05,-12.0,-0.9358874817027697,12.0,-0.001281209382006487,9.359562588103049e-05,9.359562594980761e-05,0.0001871981296103687,0.001000434411983678,-9.359562588103049e-05
1,0.003807500000001024,1.871095105086428,6.901401698655718e-05,-12.0,-0.9354440308275939,12.0,-0.001281149273701349,9.355130448445805e-05,9.355130455347207e-05,0.0001871095105086428,0.001000507235283124,-9.355130448445805e-05
1,0.003807700000001024,1.870205959354369,6.92508173775197e-05,-12.0,-0.9349991027586099,12.0,-0.001281088961957166,9.350683535759875e-05,9.350683542684958e-05,0.0001870205959354369,0.001000580298315734,-9.350683535759875e-05
1,0.003807900000001024,1.869313860311591,6.9487508335353e-05,-12.0,-0.9345526981984174,12.0,-0.001281028446838819,9.346221857067528e-05,9.346221864016279e-05,0.0001869313860311591,0.001000653600935555,-9.346221857067528e-05
1,0.003808100000001024,1.868418809366839,6.972408948480169e-05,-12.0,-0.9341048178519513,12.0,-0.001280967728411173,9.341745419414362e-05,9.34174542638677e-05,0.0001868418809366839,0.001000727142996302,-9.341745419414362e-05
1,0.003808300000001024,1.867520807933523,6.996056045227572e-05,-12.0,-0.9336554624264772,12.0,-0.001280906806739451,9.337254229869294e-05,9.337254236865354e-05,0.0001867520807933523,0.001000800924351161,-9.337254229869296e-05
1,0.0038085000000010237,1.866619857429707,7.019692086551732e-05,-12.0,-0.9332046326315862,12.0,-0.001280845681889131,9.332748295524517e-05,9.33274830254421e-05,0.0001866619857429707,0.001000874944852778,-9.332748295524517e-05
1,0.0038087000000010243,1.865715959278114,7.043317034960417e-05,-12.0,-0.9327523291792011,12.0,-0.001280784353925798,9.328227623495507e-05,9.328227630538823e-05,0.0001865715959278114,0.001000949204353535,-9.328227623495508e-05
1,0.003808900000001024,1.864809114906126,7.06693085318344e-05,-12.0,-0.9322985527835723,12.0,-0.001280722822915428,9.323692220921039e-05,9.32369222798797e-05,0.0001864809114906126,0.001001023702705148,-9.323692220921042e-05
1,0.003809100000001024,1.863899325745771,7.090533503928409e-05,-12.0,-0.9318433041612733,12.0,-0.001280661088924162,9.319142094963125e-05,9.319142102053661e-05,0.0001863899325745772,0.001001098439758985,-9.319142094963125e-05
1,0.003809300000001025,1.862986593233729,7.114124949947342e-05,-12.0,-0.9313865840312024,12.0,-0.001280599152018405,9.314577252807019e-05,9.314577259921147e-05,0.0001862986593233729,0.001001173415365875,-9.314577252807019e-05
1,0.0038095000000010247,1.862070918811327,7.137705153881235e-05,-12.0,-0.9309283931145845,12.0,-0.001280537012264701,9.309997701661232e-05,9.30999770879894e-05,0.0001862070918811327,0.001001248629376311,-9.309997701661233e-05
1,0.0038097000000010253,1.861152303924544,7.161274078526514e-05,-12.0,-0.9304687321349668,12.0,-0.001280474669729942,9.305403448757522e-05,9.305403455918796e-05,0.0001861152303924544,0.001001324081640206,-9.305403448757521e-05
1,0.003809900000001025,1.860230750023995,7.184831686701809e-05,-12.0,-0.9300076018182142,12.0,-0.001280412124481226,9.300794501350812e-05,9.300794508535642e-05,0.0001860230750023996,0.001001399772007014,-9.300794501350812e-05
1,0.003810100000001025,1.85930625856494,7.20837794111473e-05,-12.0,-0.9295450028925155,12.0,-0.001280349376585901,9.296170866719266e-05,9.296170873927645e-05,0.000185930625856494,0.001001475700325785,-9.296170866719267e-05
1,0.003810300000001025,1.858378831007279,7.231912804583907e-05,-12.0,-0.9290809360883793,12.0,-0.001280286426111457,9.29153255216425e-05,9.291532559396165e-05,0.0001858378831007279,0.001001551866445183,-9.291532552164252e-05
1,0.003810500000001025,1.857448468815542,7.255436240005686e-05,-12.0,-0.9286154021386273,12.0,-0.001280223273125727,9.286879565010272e-05,9.286879572265711e-05,0.0001857448468815542,0.001001628270213176,-9.286879565010273e-05
1,0.003810700000001025,1.856515173458898,7.278948210109881e-05,-12.0,-0.9281484017784027,12.0,-0.001280159917696769,9.282211912605037e-05,9.282211919883987e-05,0.0001856515173458899,0.001001704911477524,-9.282211912605039e-05
1,0.003810900000001025,1.855578946411151,7.302448677759532e-05,-12.0,-0.9276799357451643,12.0,-0.00128009635989286,9.27752960231942e-05,9.277529609621869e-05,0.0001855578946411151,0.001001781790085393,-9.277529602319419e-05
1,0.003811100000001026,1.854639789150729,7.32593760597311e-05,-12.0,-0.927210004778681,12.0,-0.001280032599782474,9.272832641547407e-05,9.272832648873345e-05,0.0001854639789150729,0.001001858905883474,-9.272832641547407e-05
1,0.003811300000001026,1.853697703160687,7.349414957524836e-05,-12.0,-0.9267386096210393,12.0,-0.001279968637434334,9.268121037706145e-05,9.268121045055561e-05,0.0001853697703160688,0.001001936258718167,-9.268121037706145e-05
1,0.003811500000001026,1.852752689928711,7.372880695311057e-05,-12.0,-0.9262657510166379,12.0,-0.001279904472917495,9.263394798235911e-05,9.263394805608792e-05,0.0001852752689928712,0.001002013848435165,-9.263394798235911e-05
1,0.003811700000001026,1.851804750947103,7.396334782361347e-05,-12.0,-0.9257914297121824,12.0,-0.001279840106301097,9.258653930600061e-05,9.258653937996395e-05,0.0001851804750947103,0.001002091674879912,-9.258653930600061e-05
1,0.003811900000001026,1.850853887712788,7.419777181527643e-05,-12.0,-0.9253156464566936,12.0,-0.001279775537654612,9.25389844228509e-05,9.253898449704866e-05,0.0001850853887712788,0.001002169737897338,-9.25389844228509e-05
1,0.0038121000000010258,1.849900101727309,7.443207855872824e-05,-12.0,-0.9248384020014955,12.0,-0.001279710767047762,9.249128340800544e-05,9.249128348243752e-05,0.0001849900101727309,0.001002248037331871,-9.249128340800543e-05
1,0.0038123000000010263,1.848943394496821,7.466626768293239e-05,-12.0,-0.9243596971002235,12.0,-0.001279645794550532,9.244343633679064e-05,9.244343641145691e-05,0.0001848943394496821,0.001002326573027457,-9.244343633679064e-05
1,0.003812500000001026,1.8479837675321,7.490033881818459e-05,-12.0,-0.9238795325088194,12.0,-0.001279580620232965,9.239544328476375e-05,9.239544335966408e-05,0.00018479837675321,0.001002405344827734,-9.239544328476377e-05
1,0.003812700000001027,1.847021222348524,7.513429159544671e-05,-12.0,-0.9233979089855259,12.0,-0.001279515244165558,9.234730432771215e-05,9.234730440284644e-05,0.0001847021222348524,0.001002484352575744,-9.234730432771213e-05
1,0.003812900000001027,1.846055760466085,7.536812564423734e-05,-12.0,-0.9229148272908949,12.0,-0.001279449666418866,9.229901954165392e-05,9.229901961702203e-05,0.0001846055760466085,0.001002563596114184,-9.229901954165392e-05
1,0.0038131000000010268,1.845087383409376,7.560184059607344e-05,-12.0,-0.9224302881877758,12.0,-0.001279383887063862,9.225058900283716e-05,9.225058907843902e-05,0.0001845087383409377,0.001002643075285178,-9.225058900283719e-05
1,0.0038133000000010273,1.844116092707597,7.583543608069565e-05,-12.0,-0.9219442924413234,12.0,-0.001279317906171612,9.22020127877404e-05,9.220201286357584e-05,0.0001844116092707597,0.001002722789930494,-9.220201278774041e-05
1,0.003813500000001027,1.843141889894552,7.606891172939889e-05,-12.0,-0.9214568408189924,12.0,-0.00127925172381349,9.215329097307221e-05,9.215329104914111e-05,0.0001843141889894552,0.001002802739891395,-9.215329097307219e-05
1,0.003813700000001027,1.842164776508635,7.630226717469935e-05,-12.0,-0.9209679340905329,12.0,-0.001279185340061106,9.210442363577075e-05,9.210442371207302e-05,0.0001842164776508635,0.001002882925008691,-9.210442363577076e-05
1,0.0038139000000010272,1.841184754092845,7.653550204600457e-05,-12.0,-0.9204775730279982,12.0,-0.001279118754986208,9.205541085300442e-05,9.205541092953993e-05,0.0001841184754092845,0.00100296334512287,-9.205541085300442e-05
1,0.003814100000001027,1.840201824194767,7.676861597660789e-05,-12.0,-0.9199857584057323,12.0,-0.001279051968660988,9.20062527021709e-05,9.200625277893953e-05,0.0001840201824194767,0.001003044000073741,-9.200625270217089e-05
1,0.003814300000001027,1.839215988366581,7.700160859691607e-05,-12.0,-0.9194924910003791,12.0,-0.00127898498115768,9.195694926089761e-05,9.19569493378992e-05,0.0001839215988366581,0.001003124889700807,-9.19569492608976e-05
1,0.003814500000001028,1.838227248165062,7.723447953955631e-05,-12.0,-0.9189977715908768,12.0,-0.001278917792548837,9.190750060704165e-05,9.190750068427612e-05,0.0001838227248165062,0.001003206013843141,-9.190750060704165e-05
1,0.003814700000001028,1.83723560515156,7.746722843704479e-05,-12.0,-0.9185016009584518,12.0,-0.001278850402907206,9.185790681868892e-05,9.185790689615614e-05,0.000183723560515156,0.001003287372339304,-9.185790681868889e-05
1,0.0038149000000010282,1.836241060892013,7.769985492089848e-05,-12.0,-0.9180039798866267,12.0,-0.001278782812305923,9.180816797415477e-05,9.180816805185462e-05,0.0001836241060892013,0.001003368965027382,-9.180816797415477e-05
1,0.003815100000001028,1.835243616956948,7.793235862407766e-05,-12.0,-0.9175049091612146,12.0,-0.00127871502081818,9.175828415198386e-05,9.175828422991621e-05,0.0001835243616956948,0.001003450791745131,-9.175828415198387e-05
1,0.003815300000001028,1.834243274921461,7.816473917976463e-05,-12.0,-0.9170043895703135,12.0,-0.001278647028517446,9.170825543094931e-05,9.170825550911404e-05,0.0001834243274921461,0.001003532852329736,-9.170825543094932e-05
1,0.003815500000001028,1.833240036365226,7.839699621980944e-05,-12.0,-0.9165024219043135,12.0,-0.001278578835477523,9.165808189005333e-05,9.165808196845032e-05,0.0001833240036365226,0.001003615146617995,-9.165808189005334e-05
1,0.003815700000001028,1.8322339028725,7.862912937828259e-05,-12.0,-0.9159990069558914,12.0,-0.001278510441772338,9.160776360852696e-05,9.160776368715611e-05,0.00018322339028725,0.001003697674446261,-9.160776360852697e-05
1,0.0038159000000010284,1.831224876032099,7.88611382884774e-05,-12.0,-0.9154941455200054,12.0,-0.001278441847476164,9.155730066582941e-05,9.155730074469054e-05,0.0001831224876032099,0.001003780435650414,-9.15573006658294e-05
1,0.003816100000001028,1.830212957437414,7.909302258313211e-05,-12.0,-0.914987838393902,12.0,-0.001278373052663428,9.150669314164852e-05,9.150669322074154e-05,0.0001830212957437414,0.001003863430065879,-9.150669314164852e-05
1,0.003816300000001029,1.829198148686407,7.932478189665026e-05,-12.0,-0.9144800863771106,12.0,-0.001278304057408822,9.145594111590073e-05,9.145594119522551e-05,0.0001829198148686407,0.001003946657527705,-9.145594111590073e-05
1,0.003816500000001029,1.828180451381597,7.955641586299134e-05,-12.0,-0.9139708902714397,12.0,-0.001278234861787311,9.140504466873027e-05,9.140504474828671e-05,0.0001828180451381597,0.001004030117870383,-9.140504466873027e-05
1,0.003816700000001029,1.827159867130063,7.978792411633684e-05,-12.0,-0.9134602508809779,12.0,-0.001278165465874032,9.135400388050942e-05,9.135400396029735e-05,0.0001827159867130063,0.001004113810928076,-9.135400388050943e-05
1,0.0038169000000010294,1.826136397543449,8.001930629031317e-05,-12.0,-0.912948169012096,12.0,-0.001278095869744408,9.130281883183862e-05,9.130281891185795e-05,0.0001826136397543449,0.001004197736534457,-9.130281883183864e-05
1,0.003817100000001029,1.825110044237956,8.025056201987901e-05,-12.0,-0.9124346454734424,12.0,-0.001278026073474117,9.125148960354623e-05,9.125148968379679e-05,0.0001825110044237956,0.001004281894522729,-9.125148960354623e-05
1,0.0038173000000010287,1.824080808834332,8.048169094043711e-05,-12.0,-0.9119196810759382,12.0,-0.001277956077139084,9.120001627668785e-05,9.120001635716957e-05,0.0001824080808834332,0.001004366284725638,-9.120001627668788e-05
1,0.0038175000000010293,1.823048692957879,8.071269268550285e-05,-12.0,-0.911403276632784,12.0,-0.00127788588081533,9.114839893254695e-05,9.114839901325966e-05,0.0001823048692957879,0.00100445090697561,-9.114839893254695e-05
1,0.003817700000001029,1.822013698238453,8.09435668910341e-05,-12.0,-0.9108854329594541,12.0,-0.001277815484579364,9.109663765263452e-05,9.10966377335781e-05,0.0001822013698238453,0.001004535761104472,-9.109663765263452e-05
1,0.003817900000001029,1.820975826310448,8.117431319287771e-05,-12.0,-0.9103661508736915,12.0,-0.001277744888507723,9.104473251868844e-05,9.104473259986275e-05,0.0001820975826310448,0.00100462084694368,-9.104473251868845e-05
1,0.00381810000000103,1.819935078812805,8.140493122532622e-05,-12.0,-0.9098454311955151,12.0,-0.001277674092677303,9.099268361267404e-05,9.099268369407896e-05,0.0001819935078812805,0.001004706164324243,-9.099268361267405e-05
1,0.0038183000000010297,1.81889145738901,8.163542062467055e-05,-12.0,-0.9093232747472136,12.0,-0.001277603097165153,9.094049101678383e-05,9.094049109841926e-05,0.000181889145738901,0.001004791713076783,-9.094049101678384e-05
1,0.0038185000000010303,1.817844963687082,8.186578102753472e-05,-12.0,-0.908799682353342,12.0,-0.001277531902048629,9.088815481343695e-05,9.088815489530274e-05,0.0001817844963687082,0.001004877493031395,-9.088815481343696e-05
1,0.00381870000000103,1.816795599359572,8.209601206976558e-05,-12.0,-0.9082746548407211,12.0,-0.00127746050740532,9.083567508527908e-05,9.08356751673751e-05,0.0001816795599359572,0.001004963504017797,-9.08356750852791e-05
1,0.00381890000000103,1.815743366063575,8.232611338598872e-05,-12.0,-0.9077481930384471,12.0,-0.001277388913313041,9.07830519151833e-05,9.078305199750944e-05,0.0001815743366063575,0.001005049745865183,-9.078305191518331e-05
1,0.00381910000000103,1.814688265460711,8.255608461527064e-05,-12.0,-0.9072202977778718,12.0,-0.001277317119849838,9.073028538624871e-05,9.07302854688048e-05,0.0001814688265460711,0.001005136218402453,-9.073028538624871e-05
1,0.00381930000000103,1.813630299217122,8.278592539368024e-05,-12.0,-0.9066909698926112,12.0,-0.001277245127094012,9.067737558180048e-05,9.067737566458643e-05,0.0001813630299217122,0.001005222921457952,-9.06773755818005e-05
1,0.00381950000000103,1.812569469003486,8.301563535650924e-05,-12.0,-0.906160210218552,12.0,-0.001277172935124166,9.062432258539083e-05,9.062432266840648e-05,0.0001812569469003486,0.00100530985485954,-9.062432258539086e-05
1,0.00381970000000103,1.811505776495,8.324521414315722e-05,-12.0,-0.9056280195938333,12.0,-0.001277100544018986,9.057112648079765e-05,9.057112656404285e-05,0.0001811505776495,0.0010053970184348,-9.057112648079765e-05
1,0.003819900000001031,1.810439223371372,8.347466139058124e-05,-12.0,-0.9050943988588538,12.0,-0.001277027953857576,9.051778735202443e-05,9.05177874354991e-05,0.0001810439223371373,0.001005484412010774,-9.051778735202444e-05
1,0.003820100000001031,1.809369811316841,8.37039767344061e-05,-12.0,-0.9045593488562793,12.0,-0.00127695516471911,9.046430528330137e-05,9.046430536700534e-05,0.0001809369811316841,0.001005572035414098,-9.046430528330137e-05
1,0.003820300000001031,1.808297542020156,8.393315981480853e-05,-12.0,-0.904022870431024,12.0,-0.001276882176683161,9.041068035908389e-05,9.041068044301706e-05,0.0001808297542020156,0.001005659888470997,-9.041068035908389e-05
1,0.003820500000001031,1.807222417174569,8.416221026918969e-05,-12.0,-0.9034849644302588,12.0,-0.0012768089898295,9.03569126640528e-05,9.035691274821502e-05,0.0001807222417174569,0.001005747971007137,-9.035691266405281e-05
1,0.003820700000001031,1.806144438477852,8.439112773506174e-05,-12.0,-0.9029456317034125,12.0,-0.001276735604238008,9.030300228311476e-05,9.030300236750587e-05,0.0001806144438477852,0.001005836282847949,-9.030300228311476e-05
1,0.0038209000000010308,1.805063607632284,8.461991185115814e-05,-12.0,-0.9024048731021664,12.0,-0.001276662019989022,9.024894930140175e-05,9.024894938602167e-05,0.0001805063607632284,0.001005924823818213,-9.024894930140176e-05
1,0.0038211000000010313,1.80397992634464,8.484856225687842e-05,-12.0,-0.9018626894804491,12.0,-0.001276588237162993,9.01947538042706e-05,9.019475388911918e-05,0.000180397992634464,0.0010060135937425,-9.01947538042706e-05
1,0.003821300000001031,1.8028933963262,8.507707859006786e-05,-12.0,-0.9013190816944442,12.0,-0.001276514255840605,9.014041587730345e-05,9.014041596238051e-05,0.00018028933963262,0.001006102592444713,-9.014041587730343e-05
1,0.003821500000001031,1.801804019292747,8.530546049001497e-05,-12.0,-0.900774050602584,12.0,-0.001276440076102836,9.008593560630741e-05,9.008593569161287e-05,0.0001801804019292747,0.001006191819748509,-9.008593560630741e-05
1,0.003821700000001032,1.800711796964554,8.553370759711854e-05,-12.0,-0.900227597065544,12.0,-0.001276365698030843,9.003131307731409e-05,9.003131316284783e-05,0.0001800711796964554,0.001006281275477069,-9.003131307731412e-05
1,0.0038219000000010318,1.799616731066385,8.57618195492238e-05,-12.0,-0.8996797219462505,12.0,-0.001276291121706116,8.997654837657997e-05,8.997654846234178e-05,0.0001799616731066385,0.001006370959453065,-8.997654837657998e-05
1,0.0038221000000010323,1.798518823327505,8.598979598661849e-05,-12.0,-0.8991304261098745,12.0,-0.001276216347210368,8.992164159058611e-05,8.992164167657592e-05,0.0001798518823327505,0.001006460871498777,-8.992164159058611e-05
1,0.003822300000001032,1.797418075481658,8.621763655003445e-05,-12.0,-0.8985797104238276,12.0,-0.001276141374625422,8.986659280603776e-05,8.98665928922554e-05,0.0001797418075481658,0.001006551011436152,-8.986659280603776e-05
1,0.003822500000001032,1.796314489267069,8.644534087931532e-05,-12.0,-0.898027575757762,12.0,-0.001276066204033532,8.981140210986413e-05,8.981140219630948e-05,0.0001796314489267069,0.001006641379086542,-8.981140210986413e-05
1,0.003822700000001032,1.795208066426457,8.667290861319454e-05,-12.0,-0.8974740229835799,12.0,-0.001275990835517077,8.97560695892193e-05,8.975606967589221e-05,0.0001795208066426457,0.001006731974270994,-8.975606958921931e-05
1,0.003822900000001032,1.794098808707018,8.69003393947354e-05,-12.0,-0.8969190529754135,12.0,-0.001275915269158753,8.970059533148081e-05,8.970059541838116e-05,0.0001794098808707018,0.001006822796810039,-8.970059533148083e-05
1,0.003823100000001032,1.792986717860413,8.712763286355951e-05,-12.0,-0.8963626666096348,12.0,-0.001275839505041371,8.964497942424983e-05,8.964497951137747e-05,0.0001792986717860413,0.001006913846523877,-8.964497942424984e-05
1,0.003823300000001033,1.791871795642787,8.73547886603987e-05,-12.0,-0.8958048647648552,12.0,-0.001275763543248126,8.958922195535156e-05,8.958922204270635e-05,0.0001791871795642788,0.001007005123232207,-8.958922195535157e-05
1,0.003823500000001033,1.790754043814758,8.758180642631785e-05,-12.0,-0.8952456483219217,12.0,-0.001275687383862439,8.95333230128348e-05,8.95333231004166e-05,0.0001790754043814758,0.001007096626754272,-8.953332301283481e-05
1,0.003823700000001033,1.789633464141407,8.780868580426926e-05,-12.0,-0.89468501816391,12.0,-0.001275611026967827,8.947728268497142e-05,8.947728277278012e-05,0.0001789633464141407,0.00100718835690905,-8.947728268497143e-05
1,0.003823900000001033,1.788510058392278,8.803542643409656e-05,-12.0,-0.8941229751761335,12.0,-0.001275534472648263,8.942110106025678e-05,8.942110114829217e-05,0.0001788510058392278,0.001007280313514866,-8.942110106025676e-05
1,0.003824100000001033,1.787383828341389,8.826202795864102e-05,-12.0,-0.8935595202461362,12.0,-0.001275457720987833,8.936477822740948e-05,8.936477831567152e-05,0.0001787383828341389,0.001007372496389769,-8.936477822740948e-05
1,0.003824300000001033,1.786254775767206,8.848849002052184e-05,-12.0,-0.8929946542636871,12.0,-0.001275380772070858,8.930831427537076e-05,8.930831436385928e-05,0.0001786254775767206,0.001007464905351349,-8.930831427537076e-05
1,0.003824500000001033,1.785122902452656,8.871481226113698e-05,-12.0,-0.8924283781207885,12.0,-0.001275303625981994,8.925170929330496e-05,8.925170938201976e-05,0.0001785122902452656,0.001007557540216766,-8.925170929330496e-05
1,0.0038247000000010333,1.783988210185127,8.894099432299463e-05,-12.0,-0.8918606927116691,12.0,-0.001275226282806033,8.91949633705992e-05,8.919496345954022e-05,0.0001783988210185127,0.001007650400802751,-8.919496337059921e-05
1,0.003824900000001033,1.782850700756447,8.91670358497132e-05,-12.0,-0.8912915989327787,12.0,-0.001275148742628102,8.913807659686284e-05,8.913807668602987e-05,0.0001782850700756447,0.001007743486925644,-8.913807659686284e-05
1,0.003825100000001034,1.7817103759629,8.939293648368984e-05,-12.0,-0.8907210976827954,12.0,-0.001275071005533451,8.90810490619279e-05,8.908104915132083e-05,0.00017817103759629,0.001007836798401329,-8.908104906192791e-05
1,0.003825300000001034,1.780567237605219,8.96186958680989e-05,-12.0,-0.8901491898626204,12.0,-0.001274993071607791,8.902388085584884e-05,8.902388094546755e-05,0.0001780567237605219,0.001007930335045204,-8.902388085584885e-05
1,0.003825500000001034,1.77942128748857,8.98443136472249e-05,-12.0,-0.8895758763753707,12.0,-0.001274914940936872,8.89665720689018e-05,8.896657215874612e-05,0.000177942128748857,0.001008024096672361,-8.89665720689018e-05
1,0.0038257000000010343,1.778272527422565,9.006978946302091e-05,-12.0,-0.88900115812639,12.0,-0.001274836613606722,8.89091227915853e-05,8.89091228816551e-05,0.0001778272527422565,0.00100811808309749,-8.89091227915853e-05
1,0.003825900000001034,1.777120959221255,9.029512296176989e-05,-12.0,-0.8884250360232336,12.0,-0.00127475808970369,8.885153311461953e-05,8.885153320491465e-05,0.0001777120959221255,0.001008212294134711,-8.885153311461954e-05
1,0.003826100000001034,1.775966584703122,9.052031378509184e-05,-12.0,-0.8878475109756802,12.0,-0.00127467936931433,8.879380312894653e-05,8.879380321946684e-05,0.0001775966584703122,0.001008306729597785,-8.879380312894653e-05
1,0.0038263000000010343,1.774809405691081,9.074536157982482e-05,-12.0,-0.8872685838957173,12.0,-0.001274600452525448,8.873593292572973e-05,8.87359330164751e-05,0.0001774809405691082,0.001008401389300154,-8.873593292572972e-05
1,0.003826500000001034,1.773649424012474,9.0970265988366e-05,-12.0,-0.8866882556975515,12.0,-0.001274521339424031,8.8677922596354e-05,8.867792268732428e-05,0.0001773649424012474,0.001008496273054729,-8.867792259635399e-05
1,0.003826700000001034,1.772486641499074,9.119502665655421e-05,-12.0,-0.8861065272976019,12.0,-0.001274442030097439,8.861977223242586e-05,8.861977232362088e-05,0.0001772486641499074,0.001008591380673995,-8.861977223242585e-05
1,0.003826900000001035,1.771321059987071,9.141964323011731e-05,-12.0,-0.8855233996144937,12.0,-0.001274362524633171,8.856148192577238e-05,8.856148201719204e-05,0.0001771321059987071,0.00100868671197013,-8.856148192577238e-05
1,0.003827100000001035,1.770152681317074,9.164411535278472e-05,-12.0,-0.8849388735690668,12.0,-0.001274282823119019,8.850305176844197e-05,8.850305186008607e-05,0.0001770152681317074,0.001008782266754701,-8.850305176844195e-05
1,0.0038273000000010353,1.76898150733412,9.18684426709504e-05,-12.0,-0.8843529500843692,12.0,-0.001274202925642981,8.844448185270403e-05,8.844448194457246e-05,0.000176898150733412,0.001008878044839109,-8.844448185270401e-05
1,0.003827500000001035,1.767807539887646,9.209262483078628e-05,-12.0,-0.8837656300856508,12.0,-0.001274122832293348,8.838577227104815e-05,8.838577236314079e-05,0.0001767807539887647,0.001008974046034131,-8.838577227104816e-05
1,0.003827700000001035,1.76663078083151,9.231666147679896e-05,-12.0,-0.8831769145003734,12.0,-0.001274042543158591,8.832692311618502e-05,8.832692320850168e-05,0.000176663078083151,0.001009070270150236,-8.832692311618502e-05
1,0.003827900000001035,1.765451232023973,9.254055225693669e-05,-12.0,-0.8825868042581959,12.0,-0.001273962058327527,8.826793448104528e-05,8.826793457358582e-05,0.0001765451232023974,0.001009166716997412,-8.82679344810453e-05
1,0.003828100000001035,1.764268895327703,9.276429681615017e-05,-12.0,-0.8819953002909845,12.0,-0.001273881377889141,8.820880645878005e-05,8.820880655154435e-05,0.0001764268895327703,0.001009263386385281,-8.820880645878007e-05
1,0.003828300000001035,1.763083772609776,9.298789480172154e-05,-12.0,-0.8814024035328065,12.0,-0.001273800501932681,8.814953914276082e-05,8.814953923574872e-05,0.0001763083772609776,0.001009360278123025,-8.814953914276083e-05
1,0.003828500000001035,1.761895865741658,9.321134586115498e-05,-12.0,-0.8808081149199235,12.0,-0.001273719430547618,8.809013262657847e-05,8.809013271978983e-05,0.0001761895865741658,0.00100945739201945,-8.809013262657847e-05
1,0.003828700000001036,1.760705176599213,9.343464963995629e-05,-12.0,-0.8802124353907999,12.0,-0.001273638163823726,8.8030587004044e-05,8.803058709747866e-05,0.0001760705176599213,0.001009554727882889,-8.803058700404399e-05
1,0.003828900000001036,1.75951170706271,9.36578057868509e-05,-12.0,-0.8796153658860966,12.0,-0.001273556701850975,8.797090236918834e-05,8.797090246284617e-05,0.000175951170706271,0.001009652285521301,-8.797090236918835e-05
1,0.003829100000001036,1.758315459016794,9.388081394945402e-05,-12.0,-0.8790169073486647,12.0,-0.001273475044719585,8.791107881626141e-05,8.791107891014223e-05,0.0001758315459016794,0.001009750064742229,-8.791107881626141e-05
1,0.003829300000001036,1.757116434350504,9.410367377471474e-05,-12.0,-0.8784170607235533,12.0,-0.001273393192520095,8.785111643973278e-05,8.785111653383648e-05,0.0001757116434350504,0.001009848065352759,-8.785111643973281e-05
1,0.003829500000001036,1.755914634957269,9.432638491080336e-05,-12.0,-0.8778158269580041,12.0,-0.001273311145343181,8.77910153342915e-05,8.77910154286179e-05,0.0001755914634957269,0.001009946287159683,-8.77910153342915e-05
1,0.0038297000000010357,1.754710062734889,9.45489470072225e-05,-12.0,-0.8772132070014438,12.0,-0.001273228903279799,8.773077559484512e-05,8.773077568939408e-05,0.0001754710062734889,0.001010044729969253,-8.77307755948451e-05
1,0.0038299000000010363,1.753502719585549,9.477135971069917e-05,-12.0,-0.8766092018054948,12.0,-0.001273146466421224,8.767039731652054e-05,8.767039741129192e-05,0.0001753502719585549,0.001010143393587334,-8.767039731652056e-05
1,0.003830100000001036,1.752292607415809,9.499362267195721e-05,-12.0,-0.8760038123239605,12.0,-0.001273063834858867,8.760988059466324e-05,8.760988068965687e-05,0.0001752292607415809,0.001010242277819498,-8.760988059466325e-05
1,0.003830300000001036,1.751079728136603,9.521573553805673e-05,-12.0,-0.875397039512837,12.0,-0.001272981008684476,8.754922552483748e-05,8.754922562005324e-05,0.0001751079728136603,0.001010341382470734,-8.75492255248375e-05
1,0.003830500000001037,1.749864083663229,9.543769795994361e-05,-12.0,-0.8747888843302978,12.0,-0.001272897987990018,8.748843220282577e-05,8.748843229826347e-05,0.0001749864083663229,0.001010440707345711,-8.748843220282577e-05
1,0.0038307000000010367,1.748645675915356,9.56595095854551e-05,-12.0,-0.8741793477367048,12.0,-0.00127281477286767,8.742750072462905e-05,8.742750082028855e-05,0.0001748645675915356,0.001010540252248768,-8.742750072462903e-05
1,0.0038309000000010373,1.747424506817022,9.588117006553709e-05,-12.0,-0.8735684306946011,12.0,-0.001272731363409899,8.736643118646668e-05,8.736643128234784e-05,0.0001747424506817022,0.001010640016983699,-8.736643118646666e-05
1,0.003831100000001037,1.746200578296614,9.610267905024727e-05,-12.0,-0.8729561341687047,12.0,-0.001272647759709408,8.730522368477547e-05,8.730522378087819e-05,0.0001746200578296614,0.001010740001353927,-8.73052236847755e-05
1,0.003831300000001037,1.744973892286882,9.632403618897722e-05,-12.0,-0.8723424591259171,12.0,-0.001272563961859152,8.724387831621062e-05,8.724387841253465e-05,0.0001744973892286882,0.001010840205162525,-8.724387831621062e-05
1,0.003831500000001037,1.743744450724934,9.654524113200669e-05,-12.0,-0.8717274065353167,12.0,-0.001272479969952292,8.718239517764489e-05,8.718239527419012e-05,0.0001743744450724934,0.001010940628212137,-8.718239517764487e-05
1,0.003831700000001037,1.742512255552225,9.676629353183586e-05,-12.0,-0.8711109773681519,12.0,-0.001272395784082322,8.712077436616838e-05,8.712077446293467e-05,0.0001742512255552225,0.001011041270304963,-8.712077436616838e-05
1,0.003831900000001037,1.741277308714556,9.698719303707914e-05,-12.0,-0.8704931725978505,12.0,-0.001272311404342891,8.705901597908875e-05,8.705901607607596e-05,0.0001741277308714556,0.001011142131242787,-8.705901597908876e-05
1,0.003832100000001037,1.740039612162083,9.720793929990368e-05,-12.0,-0.8698739932000121,12.0,-0.001272226830827963,8.699712011393119e-05,8.699712021113915e-05,0.0001740039612162083,0.001011243210827101,-8.69971201139312e-05
1,0.003832300000001038,1.738799167849294,9.742853197214352e-05,-12.0,-0.8692534401524038,12.0,-0.001272142063631715,8.693508686843761e-05,8.693508696586612e-05,0.0001738799167849295,0.001011344508858883,-8.69350868684376e-05
1,0.003832500000001038,1.737555977735016,9.764897070563272e-05,-12.0,-0.8686315144349601,12.0,-0.00127205710284857,8.687291634056658e-05,8.687291643821555e-05,0.0001737555977735016,0.001011446025138765,-8.687291634056658e-05
1,0.003832700000001038,1.736310043782423,9.786925515020695e-05,-12.0,-0.8680082170297935,12.0,-0.001271971948573231,8.681060862849435e-05,8.681060872636362e-05,0.0001736310043782423,0.001011547759466908,-8.681060862849437e-05
1,0.003832900000001038,1.735061367959014,9.808938496058683e-05,-12.0,-0.8673835489211723,12.0,-0.001271886600900607,8.674816383061328e-05,8.674816392870269e-05,0.0001735061367959014,0.001011649711643192,-8.674816383061329e-05
1,0.003833100000001038,1.73380995223661,9.83093597883844e-05,-12.0,-0.866757511095529,12.0,-0.001271801059925887,8.668558204553175e-05,8.668558214384111e-05,0.000173380995223661,0.001011751881466946,-8.668558204553174e-05
1,0.003833300000001038,1.732555798591378,9.852917928465654e-05,-12.0,-0.8661301045414701,12.0,-0.001271715325744507,8.662286337207548e-05,8.662286347060467e-05,0.0001732555798591378,0.001011854268737233,-8.662286337207548e-05
1,0.0038335000000010383,1.731298909003795,9.874884310445697e-05,-12.0,-0.8655013302497525,12.0,-0.001271629398452157,8.656000790928569e-05,8.656000800803454e-05,0.0001731298909003795,0.001011956873252617,-8.65600079092857e-05
1,0.003833700000001038,1.730039285458657,9.896835090028588e-05,-12.0,-0.8648711892132948,12.0,-0.001271543278144674,8.64970157564195e-05,8.649701585538784e-05,0.0001730039285458657,0.001012059694811357,-8.649701575641951e-05
1,0.003833900000001039,1.728776929945084,9.918770232475449e-05,-12.0,-0.8642396824271776,12.0,-0.001271456964918316,8.643388701295025e-05,8.643388711213796e-05,0.0001728776929945084,0.001012162733211225,-8.643388701295025e-05
1,0.003834100000001039,1.727511844456509,9.940689703169525e-05,-12.0,-0.863606810888638,12.0,-0.001271370458869506,8.637062177856699e-05,8.637062187797388e-05,0.0001727511844456509,0.001012265988249633,-8.637062177856698e-05
1,0.003834300000001039,1.726244030990674,9.96259346762729e-05,-12.0,-0.8629725755970631,12.0,-0.00127128376009486,8.630722015317394e-05,8.63072202527999e-05,0.0001726244030990674,0.001012369459723605,-8.630722015317394e-05
1,0.0038345000000010393,1.724973491549627,9.984481491120967e-05,-12.0,-0.8623369775539986,12.0,-0.001271196868691371,8.6243682236891e-05,8.624368233673581e-05,0.0001724973491549627,0.001012473147429707,-8.624368223689098e-05
1,0.003834700000001039,1.723700228139728,0.0001000635373907821,-12.0,-0.8617000177631426,12.0,-0.001271109784756114,8.618000813005334e-05,8.618000823011687e-05,0.0001723700228139728,0.001012577051164226,-8.618000813005334e-05
1,0.003834900000001039,1.722424242771631,0.0001002821017711542,-12.0,-0.8610616972303378,12.0,-0.001271022508386566,8.611619793321088e-05,8.6116198033493e-05,0.0001722424242771631,0.001012681170722951,-8.611619793321089e-05
1,0.0038351000000010392,1.721145537460289,0.0001005005077053811,-12.0,-0.8604220169635812,12.0,-0.001270935039680399,8.605225174712866e-05,8.605225184762917e-05,0.0001721145537460289,0.001012785505901281,-8.605225174712866e-05
1,0.003835300000001039,1.719864114224958,0.0001007187548494048,-12.0,-0.8597809779730172,12.0,-0.001270847378735493,8.598816967278668e-05,8.598816977350544e-05,0.0001719864114224958,0.001012890056494284,-8.598816967278666e-05
1,0.003835500000001039,1.718579975089178,0.0001009368428589452,-12.0,-0.859138581270932,12.0,-0.001270759525650034,8.592395181137911e-05,8.592395191231595e-05,0.0001718579975089178,0.001012994822296623,-8.59239518113791e-05
1,0.00383570000000104,1.717293122080773,0.0001011547713898331,-12.0,-0.858494827871754,12.0,-0.00127067148052247,8.585959826431437e-05,8.585959836546916e-05,0.0001717293122080773,0.001013099803102477,-8.585959826431438e-05
1,0.00383590000000104,1.716003557231869,0.0001013725400959009,-12.0,-0.8578497187920651,12.0,-0.00127058324345139,8.57951091332161e-05,8.579510923458865e-05,0.0001716003557231869,0.001013204998705747,-8.57951091332161e-05
1,0.0038361000000010402,1.714711282578865,0.0001015901486360882,-12.0,-0.8572032550505767,12.0,-0.001270494814535741,8.573048451992126e-05,8.573048462151144e-05,0.0001714711282578865,0.001013310408899876,-8.573048451992129e-05
1,0.00383630000000104,1.71341630016243,0.0001018075966660037,-12.0,-0.8565554376681399,12.0,-0.001270406193874751,8.566572452648057e-05,8.566572462828819e-05,0.000171341630016243,0.00101341603347789,-8.56657245264806e-05
1,0.00383650000000104,1.712118612027524,0.000102024883839591,-12.0,-0.8559062676677539,12.0,-0.001270317381567743,8.560082925515935e-05,8.560082935718423e-05,0.0001712118612027524,0.00101352187223254,-8.560082925515935e-05
1,0.00383670000000104,1.710818220223379,0.0001022420098176768,-12.0,-0.8552557460745432,12.0,-0.001270228377714414,8.553579880843609e-05,8.553579891067809e-05,0.0001710818220223379,0.001013627924956059,-8.553579880843609e-05
1,0.00383690000000104,1.709515126803481,0.0001024589742560922,-12.0,-0.8546038739157665,12.0,-0.001270139182414726,8.547063328900227e-05,8.547063339146123e-05,0.0001709515126803481,0.001013734191440338,-8.547063328900227e-05
1,0.00383710000000104,1.708209333825598,0.0001026757768100017,-12.0,-0.8539506522208262,12.0,-0.001270049795768766,8.540533279976363e-05,8.540533290243939e-05,0.0001708209333825598,0.001013840671476904,-8.540533279976363e-05
1,0.00383730000000104,1.706900843351759,0.0001028924171401213,-12.0,-0.853296082021245,12.0,-0.001269960217876981,8.533989744383853e-05,8.533989754673095e-05,0.0001706900843351759,0.001013947364856868,-8.533989744383851e-05
1,0.003837500000001041,1.705589657448242,0.0001031088949037251,-12.0,-0.8526401643506765,12.0,-0.001269870448840082,8.527432732455803e-05,8.52743274276669e-05,0.0001705589657448242,0.001014054271370968,-8.527432732455803e-05
1,0.003837700000001041,1.70427577818559,0.0001033252097577542,-12.0,-0.8519829002449062,12.0,-0.001269780488758906,8.520862254546639e-05,8.520862264879163e-05,0.000170427577818559,0.001014161390809509,-8.52086225454664e-05
1,0.003837900000001041,1.702959207638602,0.000103541361361259,-12.0,-0.8513242907418457,12.0,-0.001269690337734691,8.514278321032069e-05,8.514278331386205e-05,0.0001702959207638602,0.001014268722962453,-8.51427832103207e-05
1,0.003838100000001041,1.70163994788632,0.0001037573493738453,-12.0,-0.8506643368815255,12.0,-0.001269599995868828,8.507680942308992e-05,8.50768095268473e-05,0.000170163994788632,0.001014376267619382,-8.507680942308994e-05
1,0.003838300000001041,1.700318001012033,0.0001039731734532312,-12.0,-0.8500030397061049,12.0,-0.001269509463262958,8.50107012879558e-05,8.5010701391929e-05,0.0001700318001012033,0.001014484024569509,-8.501070128795582e-05
1,0.0038385000000010407,1.698993369103281,0.0001041888332586893,-12.0,-0.8493404002598641,12.0,-0.001269418740019027,8.494445890931226e-05,8.494445901350111e-05,0.0001698993369103281,0.001014591993601571,-8.494445890931229e-05
1,0.0038387000000010413,1.697666054251834,0.0001044043284507135,-12.0,-0.8486764195891976,12.0,-0.001269327826239258,8.487808239176483e-05,8.487808249616918e-05,0.0001697666054251834,0.001014700174503974,-8.487808239176483e-05
1,0.003838900000001041,1.696336058553704,0.000104619658688021,-12.0,-0.8480110987426233,12.0,-0.001269236722026043,8.481157184013115e-05,8.481157194475081e-05,0.0001696336058553704,0.001014808567064762,-8.481157184013113e-05
1,0.003839100000001041,1.695003384109141,0.0001048348236309948,-12.0,-0.8473444387707755,12.0,-0.001269145427481938,8.474492735944066e-05,8.474492746427548e-05,0.0001695003384109141,0.001014917171071619,-8.474492735944065e-05
1,0.003839300000001042,1.693668033022617,0.0001050498229405727,-12.0,-0.8466764407263994,12.0,-0.001269053942710069,8.467814905493398e-05,8.467814915998382e-05,0.0001693668033022617,0.001015025986311729,-8.4678149054934e-05
1,0.0038395000000010417,1.69233000740283,0.0001052646562768045,-12.0,-0.8460071056643532,12.0,-0.001268962267813478,8.461123703206301e-05,8.461123713732766e-05,0.000169233000740283,0.001015135012572027,-8.461123703206301e-05
1,0.0038397000000010423,1.690989309362708,0.0001054793232999618,-12.0,-0.8453364346416103,12.0,-0.001268870402895639,8.454419139649102e-05,8.454419150197038e-05,0.0001690989309362708,0.001015244249638975,-8.454419139649103e-05
1,0.003839900000001042,1.689645941019397,0.0001056938236712046,-12.0,-0.8446644287172538,12.0,-0.00126877834806019,8.447701225409251e-05,8.447701235978631e-05,0.0001689645941019398,0.001015353697298757,-8.44770122540925e-05
1,0.003840100000001042,1.688299904494259,0.0001059081570529141,-12.0,-0.8439910889524687,12.0,-0.001268686103411146,8.440969971095215e-05,8.440969981686032e-05,0.0001688299904494259,0.001015463355336976,-8.440969971095217e-05
1,0.003840300000001042,1.686951201912867,0.0001061223231053621,-12.0,-0.8433164164105524,12.0,-0.001268593669052631,8.434225387336577e-05,8.43422539794881e-05,0.0001686951201912868,0.001015573223539082,-8.434225387336578e-05
1,0.003840500000001042,1.685599835405014,0.0001063363214911517,-12.0,-0.8426404121569069,12.0,-0.00126850104508909,8.427467484783979e-05,8.427467495417615e-05,0.0001685599835405014,0.001015683301690051,-8.427467484783981e-05
1,0.003840700000001042,1.684245807104684,0.0001065501518726641,-12.0,-0.8419630772590313,12.0,-0.001268408231625232,8.420696274109038e-05,8.420696284764057e-05,0.0001684245807104684,0.001015793589574432,-8.42069627410904e-05
1,0.003840900000001042,1.682889119150073,0.0001067638139110594,-12.0,-0.8412844127865319,12.0,-0.001268315228765998,8.41391176600443e-05,8.413911776680812e-05,0.0001682889119150073,0.001015904086976438,-8.41391176600443e-05
1,0.003841100000001043,1.681529773683584,0.0001069773072699398,-12.0,-0.8406044198111142,12.0,-0.001268222036616556,8.407113971183843e-05,8.407113981881572e-05,0.0001681529773683584,0.001016014793679965,-8.407113971183841e-05
1,0.003841300000001043,1.680167772851804,0.0001071906316127968,-12.0,-0.8399230994065764,12.0,-0.001268128655282377,8.400302900381891e-05,8.400302911100954e-05,0.0001680167772851804,0.001016125709468449,-8.400302900381892e-05
1,0.003841500000001043,1.678803118805517,0.0001074037866016786,-12.0,-0.8392404526488181,12.0,-0.00126803508486914,8.393478564354198e-05,8.393478575094575e-05,0.0001678803118805517,0.001016236834124939,-8.393478564354198e-05
1,0.003841700000001043,1.677435813699703,0.0001076167719001875,-12.0,-0.8385564806158338,12.0,-0.001267941325482858,8.38664097387734e-05,8.386640984639016e-05,0.0001677435813699703,0.001016348167432166,-8.38664097387734e-05
1,0.003841900000001043,1.67606585969352,0.0001078295871729251,-12.0,-0.8378711843877047,12.0,-0.001267847377229611,8.379790139748778e-05,8.379790150531735e-05,0.000167606585969352,0.001016459709172537,-8.379790139748776e-05
1,0.0038421000000010428,1.674693258950314,0.0001080422320826058,-12.0,-0.837184565046611,12.0,-0.001267753240215969,8.372926072786936e-05,8.372926083591157e-05,0.0001674693258950314,0.001016571459127952,-8.372926072786936e-05
1,0.0038423000000010433,1.673318013637608,0.0001082547062951633,-12.0,-0.8364966236768144,12.0,-0.001267658914548636,8.366048783831098e-05,8.366048794656568e-05,0.0001673318013637609,0.001016683417079903,-8.366048783831096e-05
1,0.003842500000001043,1.671940125927101,0.000108467009473423,-12.0,-0.8358073613646705,12.0,-0.001267564400334514,8.359158283741439e-05,8.359158294588139e-05,0.0001671940125927101,0.001016795582809787,-8.359158283741439e-05
1,0.003842700000001044,1.670559597994672,0.0001086791412829857,-12.0,-0.8351167791986202,12.0,-0.001267469697680879,8.352254583399032e-05,8.352254594266945e-05,0.0001670559597994672,0.001016907956098351,-8.352254583399032e-05
1,0.003842900000001044,1.669176432020357,0.0001088911013895633,-12.0,-0.8344248782691831,12.0,-0.001267374806695157,8.345337693705725e-05,8.345337704594838e-05,0.0001669176432020357,0.001017020536726074,-8.345337693705727e-05
1,0.0038431000000010438,1.667790630188367,0.0001091028894568691,-12.0,-0.8337316596689692,12.0,-0.001267279727485068,8.338407625584261e-05,8.33840763649455e-05,0.0001667790630188367,0.001017133324473049,-8.338407625584261e-05
1,0.0038433000000010443,1.66640219468707,0.0001093145051523914,-12.0,-0.8330371244926614,12.0,-0.00126718446015868,8.331464389978138e-05,8.33146440090959e-05,0.0001666402194687071,0.001017246319118981,-8.331464389978139e-05
1,0.003843500000001044,1.665011127708996,0.0001095259481406208,-12.0,-0.8323412738370275,12.0,-0.001267089004824112,8.324507997851682e-05,8.324508008804277e-05,0.0001665011127708996,0.001017359520443281,-8.324507997851682e-05
1,0.003843700000001044,1.663617431450834,0.0001097372180880463,-12.0,-0.8316441088009127,12.0,-0.001266993361589919,8.317538460190007e-05,8.31753847116373e-05,0.0001663617431450834,0.001017472928224891,-8.317538460190008e-05
1,0.0038439000000010442,1.662221108113416,0.0001099483146622671,-12.0,-0.8309456304852316,12.0,-0.001266897530564817,8.310555787998938e-05,8.31055579899377e-05,0.0001662221108113416,0.001017586542242474,-8.31055578799894e-05
1,0.003844100000001044,1.66082215990173,0.0001101592375276628,-12.0,-0.830245839992981,12.0,-0.001266801511857762,8.303559992305086e-05,8.303560003321011e-05,0.000166082215990173,0.001017700362274276,-8.303559992305086e-05
1,0.003844300000001044,1.659420589024905,0.0001103699863541641,-12.0,-0.8295447384292214,12.0,-0.001266705305578084,8.296551084155756e-05,8.296551095192755e-05,0.0001659420589024905,0.001017814388098115,-8.296551084155756e-05
1,0.003844500000001045,1.658016397696211,0.0001105805608067056,-12.0,-0.8288423269010899,12.0,-0.001266608911835235,8.289529074618968e-05,8.289529085677024e-05,0.0001658016397696212,0.00101792861949157,-8.289529074618967e-05
1,0.003844700000001045,1.656609588133064,0.0001107909605534418,-12.0,-0.8281386065177925,12.0,-0.001266512330738961,8.282493974783461e-05,8.282493985862556e-05,0.0001656609588133065,0.001018043056231752,-8.28249397478346e-05
1,0.0038449000000010452,1.655200162557005,0.0001110011852634152,-12.0,-0.8274335783905954,12.0,-0.001266415562399245,8.275445795758588e-05,8.275445806858708e-05,0.0001655200162557005,0.00101815769809549,-8.275445795758589e-05
1,0.003845100000001045,1.653788123193706,0.0001112112346030036,-12.0,-0.8267272436328362,12.0,-0.001266318606926442,8.268384548674391e-05,8.268384559795516e-05,0.0001653788123193706,0.001018272544859186,-8.268384548674392e-05
1,0.003845300000001045,1.652373472272977,0.0001114211082409167,-12.0,-0.8260196033599162,12.0,-0.001266221464431019,8.261310244681571e-05,8.261310255823682e-05,0.0001652373472272977,0.001018387596298839,-8.261310244681571e-05
1,0.003845500000001045,1.650956212028742,0.000111630805847418,-12.0,-0.8253106586892918,12.0,-0.001266124135023708,8.254222894951393e-05,8.254222906114472e-05,0.0001650956212028742,0.00101850285219024,-8.254222894951393e-05
1,0.003845700000001045,1.649536344699046,0.0001118403270894408,-12.0,-0.8246004107404854,12.0,-0.001266026618815627,8.247122510675747e-05,8.247122521859783e-05,0.0001649536344699046,0.001018618312308622,-8.247122510675748e-05
1,0.0038459000000010454,1.648113872526059,0.0001120496716369157,-12.0,-0.8238888606350774,12.0,-0.001265928915917994,8.240009103067144e-05,8.240009114272112e-05,0.0001648113872526059,0.001018733976429001,-8.240009103067143e-05
1,0.003846100000001045,1.646688797756055,0.0001122588391603285,-12.0,-0.8231760094966987,12.0,-0.001265831026442343,8.232882683358591e-05,8.232882694584474e-05,0.0001646688797756055,0.001018849844326014,-8.232882683358591e-05
1,0.003846300000001046,1.645261122639421,0.0001124678293278336,-12.0,-0.8224618584510405,12.0,-0.001265732950500503,8.225743262803681e-05,8.225743274050465e-05,0.0001645261122639421,0.001018965915773787,-8.225743262803684e-05
1,0.003846500000001046,1.643830849430656,0.0001126766418100278,-12.0,-0.8217464086258467,12.0,-0.001265634688204523,8.218590852676567e-05,8.218590863944232e-05,0.0001643830849430656,0.001019082190546292,-8.218590852676567e-05
1,0.003846700000001046,1.642397980388357,0.000112885276278285,-12.0,-0.8210296611509083,12.0,-0.001265536239666659,8.211425464271866e-05,8.211425475560392e-05,0.0001642397980388357,0.001019198668417043,-8.211425464271866e-05
1,0.0038469000000010464,1.640962517775212,0.000113093732402314,-12.0,-0.8203116171580653,12.0,-0.001265437604999531,8.204247108904676e-05,8.20424712021405e-05,0.0001640962517775212,0.001019315349159139,-8.204247108904677e-05
1,0.003847100000001046,1.639524463858018,0.0001133020098530446,-12.0,-0.8195922777812092,12.0,-0.001265338784315895,8.197055797910623e-05,8.197055809240823e-05,0.0001639524463858018,0.00101943223254547,-8.197055797910623e-05
1,0.0038473000000010457,1.63808382090766,0.0001135101083011847,-12.0,-0.8188716441562773,12.0,-0.001265239777728855,8.189851542645786e-05,8.189851553996797e-05,0.0001638083820907661,0.001019549318348426,-8.189851542645786e-05
1,0.0038475000000010463,1.636640591199109,0.0001137180274198846,-12.0,-0.8181497174212442,12.0,-0.001265140585351765,8.182634354486642e-05,8.182634365858446e-05,0.0001636640591199109,0.001019666606340092,-8.182634354486641e-05
1,0.003847700000001046,1.635194777011419,0.000113925766879186,-12.0,-0.8174264987161328,12.0,-0.001265041207298118,8.175404244830121e-05,8.175404256222698e-05,0.0001635194777011419,0.001019784096292234,-8.17540424483012e-05
1,0.003847900000001046,1.633746380627734,0.0001141333263516842,-12.0,-0.8167019891830062,12.0,-0.001264941643681849,8.168161225093579e-05,8.168161236506911e-05,0.0001633746380627734,0.001019901787976146,-8.168161225093579e-05
1,0.003848100000001047,1.632295404335265,0.0001143407055104184,-12.0,-0.8159761899659598,12.0,-0.001264841894616994,8.1609053067147e-05,8.160905318148772e-05,0.0001632295404335265,0.001020019681162929,-8.160905306714703e-05
1,0.0038483000000010467,1.630841850425302,0.0001145479040269848,-12.0,-0.8152491022111317,12.0,-0.001264741960217919,8.153636501151587e-05,8.153636512606377e-05,0.0001630841850425302,0.001020137775623209,-8.153636501151587e-05
1,0.0038485000000010473,1.629385721193211,0.0001147549215745336,-12.0,-0.8145207270666945,12.0,-0.001264641840599212,8.14635481988269e-05,8.146354831358182e-05,0.0001629385721193211,0.001020256071127296,-8.146354819882691e-05
1,0.003848700000001047,1.627927018938417,0.0001149617578268813,-12.0,-0.8137910656828504,12.0,-0.001264541535875754,8.139060274406774e-05,8.13906028590295e-05,0.0001627927018938417,0.001020374567445151,-8.139060274406773e-05
1,0.003848900000001047,1.626465745964401,0.0001151684124577335,-12.0,-0.8130601192118299,12.0,-0.001264441046162634,8.131752876242875e-05,8.131752887759719e-05,0.0001626465745964401,0.001020493264346362,-8.131752876242876e-05
1,0.003849100000001047,1.625001904578723,0.0001153748851382419,-12.0,-0.8123278888079054,12.0,-0.001264340371575273,8.124432636930437e-05,8.124432648467925e-05,0.0001625001904578723,0.00102061216160021,-8.124432636930437e-05
1,0.003849300000001047,1.623535497092991,0.0001155811755461089,-12.0,-0.8115943756273648,12.0,-0.001264239512229273,8.117099568029106e-05,8.117099579587226e-05,0.0001623535497092991,0.001020731258975532,-8.11709956802911e-05
1,0.003849500000001047,1.62206652582285,0.0001157872833540408,-12.0,-0.8108595808285212,12.0,-0.001264138468240486,8.109753681118753e-05,8.109753692697482e-05,0.0001622066525822851,0.001020850556240932,-8.109753681118753e-05
1,0.003849700000001047,1.620594993088017,0.0001159932082348547,-12.0,-0.8101235055717242,12.0,-0.001264037239725124,8.102394987799591e-05,8.102394999398913e-05,0.0001620594993088017,0.001020970053164566,-8.102394987799591e-05
1,0.003849900000001048,1.619120901212245,0.0001161989498668081,-12.0,-0.809386151019333,12.0,-0.001263935826799539,8.095023499691997e-05,8.095023511311893e-05,0.0001619120901212245,0.001021089749514301,-8.095023499691998e-05
1,0.003850100000001048,1.617644252523319,0.0001164045079236065,-12.0,-0.808647518335729,12.0,-0.001263834229580429,8.087639228436526e-05,8.087639240076976e-05,0.0001617644252523319,0.001021209645057614,-8.087639228436526e-05
1,0.003850300000001048,1.61616504935307,0.0001166098820800654,-12.0,-0.8079076086873161,12.0,-0.00126373244818466,8.080242185693963e-05,8.080242197354953e-05,0.000161616504935307,0.001021329739561663,-8.080242185693963e-05
1,0.003850500000001048,1.614683294037369,0.0001168150720126659,-12.0,-0.8071664232425148,12.0,-0.001263630482729455,8.072832383145275e-05,8.072832394826782e-05,0.0001614683294037369,0.001021450032793247,-8.072832383145275e-05
1,0.003850700000001048,1.613198988916103,0.0001170200773980001,-12.0,-0.8064239631717537,12.0,-0.001263528333332209,8.065409832491518e-05,8.065409844193526e-05,0.0001613198988916103,0.001021570524518831,-8.065409832491518e-05
1,0.0038509000000010478,1.611712136333194,0.0001172248979113277,-12.0,-0.8056802296474809,12.0,-0.001263426000110618,8.057974545453923e-05,8.057974557176413e-05,0.0001611712136333194,0.001021691214504475,-8.057974545453922e-05
1,0.0038511000000010483,1.610222738636591,0.0001174295332299069,-12.0,-0.8049352238441551,12.0,-0.001263323483182588,8.050526533773849e-05,8.050526545516804e-05,0.0001610222738636591,0.001021812102515993,-8.05052653377385e-05
1,0.003851300000001048,1.60873079817825,0.0001176339830314399,-12.0,-0.804188946938238,12.0,-0.001263220782666385,8.043065809212696e-05,8.043065820976095e-05,0.000160873079817825,0.00102193318831878,-8.043065809212694e-05
1,0.003851500000001048,1.60723631731415,0.0001178382469918526,-12.0,-0.8034414001082048,12.0,-0.001263117898680416,8.035592383551967e-05,8.035592395335789e-05,0.000160723631731415,0.0010220544716779,-8.035592383551967e-05
1,0.003851700000001049,1.605739298404286,0.0001180423247891804,-12.0,-0.8026925845345361,12.0,-0.001263014831343418,8.028106268593255e-05,8.028106280397484e-05,0.0001605739298404286,0.001022175952358081,-8.028106268593253e-05
1,0.0038519000000010488,1.604239743812651,0.0001182462161022357,-12.0,-0.8019425013997097,12.0,-0.001262911580774378,8.020607476158119e-05,8.020607487982743e-05,0.0001604239743812651,0.001022297630123681,-8.02060747615812e-05
1,0.0038521000000010493,1.602737655907244,0.0001184499206077216,-12.0,-0.8011911518882113,12.0,-0.001262808147092495,8.013096018088193e-05,8.013096029933183e-05,0.0001602737655907244,0.001022419504738775,-8.013096018088191e-05
1,0.003852300000001049,1.601233037060075,0.0001186534379842286,-12.0,-0.8004385371865267,12.0,-0.001262704530417297,8.00557190624511e-05,8.005571918110454e-05,0.0001601233037060075,0.00102254157596704,-8.00557190624511e-05
1,0.003852500000001049,1.59972588964714,0.0001188567679117902,-12.0,-0.7996846584831347,12.0,-0.001262600730868479,7.998035152510464e-05,7.998035164396142e-05,0.000159972588964714,0.001022663843571803,-7.998035152510466e-05
1,0.003852700000001049,1.598216216048424,0.0001190599100694412,-12.0,-0.7989295169685088,12.0,-0.0012624967485661,7.990485768785781e-05,7.990485780691774e-05,0.0001598216216048424,0.001022786307316156,-7.990485768785783e-05
1,0.003852900000001049,1.596704018647915,0.0001192628641333293,-12.0,-0.7981731138351288,12.0,-0.001262392583630395,7.98292376699262e-05,7.982923778918907e-05,0.0001596704018647915,0.001022908966962721,-7.982923766992622e-05
1,0.003853100000001049,1.595189299833583,0.0001194656297871521,-12.0,-0.7974154502774544,12.0,-0.001262288236181894,7.975349159072419e-05,7.97534917101898e-05,0.0001595189299833583,0.001023031822273798,-7.975349159072416e-05
1,0.00385330000000105,1.593672061997367,0.000119668206709278,-12.0,-0.7966565274919375,12.0,-0.001262183706341374,7.967761956986468e-05,7.96776196895329e-05,0.0001593672061997367,0.001023154873011481,-7.967761956986468e-05
1,0.00385350000000105,1.592152307535196,0.0001198705945794076,-12.0,-0.795896346677023,12.0,-0.001262078994229879,7.960162172716025e-05,7.960162184703086e-05,0.0001592152307535197,0.001023278118937335,-7.960162172716025e-05
1,0.00385370000000105,1.590630038846974,0.0001200727930780188,-12.0,-0.7951349090331422,12.0,-0.001261974099968699,7.952549818262201e-05,7.952549830269482e-05,0.0001590630038846974,0.001023401559812731,-7.952549818262202e-05
1,0.00385390000000105,1.589105258336568,0.0001202748018874766,-12.0,-0.794372215762705,12.0,-0.001261869023679404,7.944924905645926e-05,7.944924917673405e-05,0.0001589105258336568,0.001023525195398639,-7.944924905645926e-05
1,0.00385410000000105,1.587577968411814,0.0001204766206870378,-12.0,-0.7936082680701101,12.0,-0.001261763765483745,7.937287446907972e-05,7.937287458955633e-05,0.0001587577968411814,0.001023649025455722,-7.937287446907972e-05
1,0.00385430000000105,1.586048171484516,0.0001206782491589564,-12.0,-0.7928430671617374,12.0,-0.001261658325503914,7.929637454108962e-05,7.929637466176787e-05,0.0001586048171484516,0.001023773049744242,-7.929637454108964e-05
1,0.00385450000000105,1.58451586997043,0.0001208796869858197,-12.0,-0.7920766142459393,12.0,-0.00126155270386212,7.921974939329251e-05,7.92197495141722e-05,0.000158451586997043,0.001023897268024238,-7.921974939329253e-05
1,0.0038547000000010503,1.582981066289266,0.0001210809338479946,-12.0,-0.7913089105330517,12.0,-0.001261446900681085,7.914299914668997e-05,7.914299926777089e-05,0.0001582981066289266,0.001024021680055262,-7.914299914668998e-05
1,0.00385490000000105,1.581443762864697,0.0001212819894285122,-12.0,-0.7905399572353858,12.0,-0.0012613409160835,7.906612392248144e-05,7.906612404376343e-05,0.0001581443762864697,0.001024146285596758,-7.906612392248144e-05
1,0.003855100000001051,1.57990396212433,0.0001214828534112922,-12.0,-0.7897697555672195,12.0,-0.00126123475019263,7.898912384206307e-05,7.898912396354593e-05,0.000157990396212433,0.001024271084407599,-7.898912384206308e-05
1,0.003855300000001051,1.578361666499718,0.0001216835254770343,-12.0,-0.7889983067448083,12.0,-0.001261128403131737,7.891199902702853e-05,7.891199914871208e-05,0.0001578361666499719,0.00102439607624645,-7.891199902702853e-05
1,0.003855500000001051,1.576816878426366,0.0001218840053101022,-12.0,-0.7882256119863776,12.0,-0.001261021875024498,7.883474959916879e-05,7.88347497210528e-05,0.0001576816878426366,0.001024521260871658,-7.883474959916877e-05
1,0.0038557000000010513,1.575269600343698,0.0001220842925950816,-12.0,-0.7874516725121135,12.0,-0.001260915165994761,7.875737568047087e-05,7.875737580255516e-05,0.0001575269600343699,0.001024646638041193,-7.875737568047085e-05
1,0.003855900000001051,1.57371983469508,0.0001222843870134493,-12.0,-0.7866764895441763,12.0,-0.001260808276166717,7.867987739311897e-05,7.867987751540336e-05,0.000157371983469508,0.001024772207512653,-7.867987739311898e-05
1,0.003856100000001051,1.572167583927805,0.0001224842882522337,-12.0,-0.7859000643066815,12.0,-0.001260701205664766,7.860225485949336e-05,7.860225498197765e-05,0.0001572167583927805,0.001024897969043398,-7.860225485949338e-05
1,0.0038563000000010512,1.570612850493088,0.0001226839959928006,-12.0,-0.7851223980257148,12.0,-0.001260593954613573,7.852450820217077e-05,7.852450832485477e-05,0.0001570612850493088,0.001025023922390456,-7.852450820217077e-05
1,0.003856500000001051,1.569055636846066,0.0001228835099231773,-12.0,-0.7843434919293131,12.0,-0.001260486523138052,7.844663754392362e-05,7.844663766680715e-05,0.0001569055636846066,0.001025150067310424,-7.844663754392363e-05
1,0.003856700000001051,1.567495945445789,0.0001230828297257291,-12.0,-0.7835633472474776,12.0,-0.001260378911363366,7.836864300772032e-05,7.836864313080316e-05,0.0001567495945445789,0.001025276403559719,-7.836864300772033e-05
1,0.003856900000001052,1.565933778755229,0.000123281955086596,-12.0,-0.7827819652121654,12.0,-0.001260271119415055,7.82905247167252e-05,7.829052484000715e-05,0.000156593377875523,0.001025402930894231,-7.82905247167252e-05
1,0.003857100000001052,1.564369139241259,0.0001234808856931391,-12.0,-0.781999347057281,12.0,-0.001260163147418711,7.821228279429742e-05,7.82122829177783e-05,0.0001564369139241259,0.001025529649069767,-7.821228279429742e-05
1,0.0038573000000010522,1.562802029374655,0.0001236796212291669,-12.0,-0.7812154940186876,12.0,-0.001260054995500318,7.813391736399167e-05,7.813391748767128e-05,0.0001562802029374655,0.001025656557841662,-7.813391736399169e-05
1,0.003857500000001052,1.561232451630105,0.0001238781613815965,-12.0,-0.7804304073341983,12.0,-0.001259946663786191,7.805542854955798e-05,7.805542867343615e-05,0.0001561232451630105,0.001025783656964888,-7.805542854955799e-05
1,0.003857700000001052,1.559660408486181,0.0001240765058385662,-12.0,-0.7796440882435677,12.0,-0.001259838152402742,7.797681647494064e-05,7.797681659901714e-05,0.0001559660408486181,0.001025910946194197,-7.797681647494062e-05
1,0.003857900000001052,1.558085902425354,0.0001242746542848838,-12.0,-0.7788565379885031,12.0,-0.001259729461476719,7.78980812642788e-05,7.789808138855344e-05,0.0001558085902425354,0.001026038425283968,-7.78980812642788e-05
1,0.003858100000001052,1.55650893593399,0.0001244726064083546,-12.0,-0.7780677578126561,12.0,-0.00125962059113513,7.781922304190647e-05,7.781922316637906e-05,0.000155650893593399,0.001026166093988298,-7.781922304190646e-05
1,0.003858300000001052,1.55492951150233,0.000124670361898116,-12.0,-0.777277748961614,12.0,-0.001259511541505318,7.774024193235121e-05,7.774024205702157e-05,0.000155492951150233,0.001026293952060844,-7.774024193235121e-05
1,0.003858500000001052,1.553347631624503,0.0001248679204395309,-12.0,-0.7764865126829128,12.0,-0.001259402312714736,7.766113806033523e-05,7.766113818520315e-05,0.0001553347631624503,0.001026421999255109,-7.766113806033523e-05
1,0.003858700000001053,1.551763298798513,0.0001250652817235132,-12.0,-0.7756940502260183,12.0,-0.001259292904891185,7.758191155077418e-05,7.758191167583946e-05,0.0001551763298798513,0.00102655023532415,-7.75819115507742e-05
1,0.003858900000001053,1.550176515526235,0.0001252624454360918,-12.0,-0.7749003628423391,12.0,-0.001259183318162715,7.750256252877751e-05,7.750256265403997e-05,0.0001550176515526235,0.001026678660020763,-7.750256252877752e-05
1,0.003859100000001053,1.548587284313425,0.0001254594112669594,-12.0,-0.7741054517852182,12.0,-0.001259073552657655,7.742309111964851e-05,7.742309124510793e-05,0.0001548587284313425,0.001026807273097369,-7.742309111964852e-05
1,0.003859300000001053,1.546995607669691,0.0001256561789062527,-12.0,-0.773309318309924,12.0,-0.00125896360850454,7.734349744888304e-05,7.734349757453922e-05,0.0001546995607669691,0.001026936074306165,-7.734349744888302e-05
1,0.003859500000001053,1.545401488108509,0.000125852748041444,-12.0,-0.7725119636736645,12.0,-0.001258853485832268,7.726378164217062e-05,7.726378176802336e-05,0.0001545401488108509,0.001027065063398933,-7.72637816421706e-05
1,0.0038597000000010527,1.543804928147211,0.0001260491183647794,-12.0,-0.7717133891355671,12.0,-0.001258743184769873,7.71839438253932e-05,7.71839439514423e-05,0.0001543804928147211,0.001027194240127191,-7.718394382539319e-05
1,0.0038599000000010533,1.542205930306982,0.0001262452895640642,-12.0,-0.7709135959566921,12.0,-0.001258632705446738,7.710398412462562e-05,7.71039842508709e-05,0.0001542205930306982,0.001027323604242139,-7.710398412462562e-05
1,0.003860100000001053,1.540604497112865,0.0001264412613304344,-12.0,-0.7701125854000245,12.0,-0.001258522047992469,7.70239026661355e-05,7.702390279257675e-05,0.0001540604497112865,0.001027453155494615,-7.70239026661355e-05
1,0.003860300000001053,1.539000631093737,0.0001266370333556921,-12.0,-0.7693103587304647,12.0,-0.001258411212536947,7.694369957638205e-05,7.694369970301907e-05,0.0001539000631093737,0.001027582893635193,-7.694369957638204e-05
1,0.003860500000001054,1.537394334782324,0.0001268326053286417,-12.0,-0.7685069172148427,12.0,-0.001258300199210319,7.686337498201713e-05,7.686337510884976e-05,0.0001537394334782324,0.001027712818414156,-7.686337498201713e-05
1,0.0038607000000010537,1.535785610715184,0.0001270279769430838,-12.0,-0.7677022621218976,12.0,-0.001258189008142993,7.678292900988409e-05,7.678292913691205e-05,0.0001535785610715184,0.001027842929581357,-7.678292900988407e-05
1,0.0038609000000010543,1.534174461432714,0.0001272231478888219,-12.0,-0.7668963947222922,12.0,-0.001258077639465657,7.670236178701808e-05,7.670236191424125e-05,0.0001534174461432714,0.001027973226886428,-7.670236178701811e-05
1,0.003861100000001054,1.532560889479143,0.0001274181178579914,-12.0,-0.7660893162886032,12.0,-0.001257966093309137,7.662167344064613e-05,7.662167356806425e-05,0.0001532560889479143,0.00102810371007872,-7.662167344064613e-05
1,0.003861300000001054,1.530944897402518,0.0001276128865447257,-12.0,-0.7652810280953131,12.0,-0.001257854369804717,7.654086409818577e-05,7.654086422579867e-05,0.0001530944897402518,0.001028234378907172,-7.654086409818578e-05
1,0.003861500000001054,1.529326487754709,0.0001278074536390506,-12.0,-0.7644715314188214,12.0,-0.001257742469083806,7.645993388724605e-05,7.64599340150535e-05,0.0001529326487754709,0.001028365233120485,-7.645993388724605e-05
1,0.003861700000001054,1.527705663091415,0.0001280018188350995,-12.0,-0.7636608275374365,12.0,-0.001257630391278144,7.637888293562716e-05,7.637888306362901e-05,0.0001527705663091415,0.001028496272467025,-7.637888293562716e-05
1,0.003861900000001054,1.526082425972132,0.0001281959818272282,-12.0,-0.7628489177313655,12.0,-0.00125751813651967,7.629771137131926e-05,7.629771149951526e-05,0.0001526082425972132,0.001028627496694828,-7.629771137131928e-05
1,0.003862100000001054,1.524456778960174,0.0001283899423065726,-12.0,-0.7620358032827275,12.0,-0.001257405704940609,7.62164193225034e-05,7.621641945089335e-05,0.0001524456778960174,0.001028758905551666,-7.621641932250341e-05
1,0.003862300000001055,1.522828724622666,0.0001285836999687096,-12.0,-0.7612214854755431,12.0,-0.001257293096673509,7.613500691755118e-05,7.613500704613489e-05,0.0001522828724622666,0.001028890498784962,-7.613500691755118e-05
1,0.003862500000001055,1.521198265530524,0.0001287772545083277,-12.0,-0.760405965595727,12.0,-0.001257180311851069,7.605347428502353e-05,7.605347441380079e-05,0.0001521198265530524,0.001029022276141892,-7.605347428502354e-05
1,0.003862700000001055,1.519565404258464,0.0001289706056181172,-12.0,-0.7595892449310985,12.0,-0.001257067350606364,7.597182155367167e-05,7.597182168264228e-05,0.0001519565404258464,0.001029154237369212,-7.597182155367166e-05
1,0.003862900000001055,1.517930143385003,0.0001291637529936551,-12.0,-0.7587713247713734,12.0,-0.001256954213072634,7.589004885243672e-05,7.589004898160048e-05,0.0001517930143385003,0.001029286382213501,-7.589004885243671e-05
1,0.003863100000001055,1.516292485492442,0.0001293566963311843,-12.0,-0.757952206408157,12.0,-0.001256840899383466,7.580815631044881e-05,7.580815643980552e-05,0.0001516292485492442,0.001029418710420921,-7.580815631044881e-05
1,0.0038633000000010548,1.514652433166859,0.0001295494353256155,-12.0,-0.7571318911349466,12.0,-0.001256727409672642,7.572614405702721e-05,7.572614418657666e-05,0.0001514652433166859,0.001029551221737396,-7.572614405702723e-05
1,0.0038635000000010553,1.513009988998124,0.0001297419696717483,-12.0,-0.7563103802471344,12.0,-0.001256613744074264,7.564401222168063e-05,7.56440123514226e-05,0.0001513009988998124,0.001029683915908533,-7.564401222168061e-05
1,0.003863700000001055,1.511365155579887,0.000129934299066603,-12.0,-0.7554876750420004,12.0,-0.001256499902722613,7.55617609341067e-05,7.556176106404102e-05,0.0001511365155579887,0.001029816792679619,-7.55617609341067e-05
1,0.003863900000001056,1.509717935509559,0.0001301264232075328,-12.0,-0.7546637768187039,12.0,-0.001256385885752304,7.547939032419117e-05,7.547939045431757e-05,0.0001509717935509559,0.001029949851795678,-7.547939032419114e-05
1,0.003864100000001056,1.508068331388325,0.0001303183417894482,-12.0,-0.7538386868782949,12.0,-0.001256271693298214,7.539690052200842e-05,7.539690065232676e-05,0.0001508068331388325,0.001030083093001399,-7.539690052200844e-05
1,0.0038643000000010558,1.506416345821142,0.0001305100545101467,-12.0,-0.7530124065237055,12.0,-0.001256157325495499,7.531429165782158e-05,7.531429178833162e-05,0.0001506416345821143,0.001030216516041127,-7.531429165782157e-05
1,0.0038645000000010563,1.504761981416717,0.0001307015610685358,-12.0,-0.7521849370597403,12.0,-0.001256042782479469,7.523156386208089e-05,7.523156399278245e-05,0.0001504761981416717,0.001030350120659024,-7.523156386208089e-05
1,0.003864700000001056,1.503105240787516,0.0001308928611603033,-12.0,-0.751356279793089,12.0,-0.001255928064385792,7.514871726542494e-05,7.51487173963178e-05,0.0001503105240787516,0.001030483906598809,-7.514871726542494e-05
1,0.003864900000001056,1.501446126549766,0.0001310839544842457,-12.0,-0.750526436032317,12.0,-0.001255813171350442,7.506575199868012e-05,7.506575212976408e-05,0.0001501446126549766,0.00103061787360402,-7.506575199868012e-05
1,0.0038651000000010562,1.499784641323428,0.0001312748407399922,-12.0,-0.7496954070878558,12.0,-0.001255698103509548,7.498266819285957e-05,7.49826683241344e-05,0.0001499784641323428,0.001030752021417836,-7.498266819285957e-05
1,0.003865300000001056,1.498120787732216,0.0001314655196242853,-12.0,-0.7488631942720162,12.0,-0.001255582860999513,7.489946597916407e-05,7.489946611062957e-05,0.0001498120787732216,0.001030886349783142,-7.489946597916406e-05
1,0.003865500000001056,1.496454568403587,0.0001316559908371984,-12.0,-0.748029798898978,12.0,-0.00125546744395709,7.481614548898154e-05,7.481614562063752e-05,0.0001496454568403588,0.001031020858442547,-7.481614548898152e-05
1,0.003865700000001057,1.494785985968729,0.0001318462540786935,-12.0,-0.7471952222847841,12.0,-0.001255351852519279,7.473270685388627e-05,7.473270698573253e-05,0.000149478598596873,0.001031155547138271,-7.473270685388628e-05
1,0.003865900000001057,1.493115043062553,0.0001320363090488441,-12.0,-0.74635946574734,12.0,-0.001255236086823222,7.464915020563888e-05,7.46491503376752e-05,0.0001493115043062553,0.001031290415612465,-7.46491502056389e-05
1,0.0038661000000010572,1.491441742323714,0.0001322261554444482,-12.0,-0.7455225306064289,12.0,-0.001255120147006419,7.456547567618732e-05,7.456547580841349e-05,0.0001491441742323714,0.001031425463606767,-7.456547567618735e-05
1,0.003866300000001057,1.489766086394587,0.0001324157929700753,-12.0,-0.7446844181836808,12.0,-0.001255004033206719,7.448168339766507e-05,7.448168353008086e-05,0.0001489766086394588,0.001031560690862521,-7.44816833976651e-05
1,0.003866500000001057,1.48808807792125,0.0001326052213252438,-12.0,-0.743845129802585,12.0,-0.001254887745562025,7.439777350239102e-05,7.439777363499626e-05,0.000148808807792125,0.001031696097120963,-7.439777350239103e-05
1,0.003866700000001057,1.486407719553517,0.0001327944402080838,-12.0,-0.7430046667885017,12.0,-0.001254771284210726,7.4313746122871e-05,7.431374625566542e-05,0.0001486407719553517,0.0010318316821228,-7.431374612287098e-05
1,0.003866900000001057,1.484725013944906,0.0001329834493242754,-12.0,-0.7421630304686323,12.0,-0.001254654649291309,7.422960139179567e-05,7.422960152477911e-05,0.0001484725013944906,0.001031967445608642,-7.422960139179567e-05
1,0.0038671000000010574,1.483039963752632,0.0001331722483736697,-12.0,-0.7413202221720328,12.0,-0.001254537840942579,7.414533944204064e-05,7.414533957521291e-05,0.0001483039963752632,0.001032103387318725,-7.414533944204065e-05
1,0.003867300000001057,1.48135257163762,0.0001333608370577277,-12.0,-0.7404762432296148,12.0,-0.001254420859303648,7.406096040666725e-05,7.406096054002811e-05,0.000148135257163762,0.001032239506992966,-7.406096040666726e-05
1,0.003867500000001058,1.479662840264499,0.0001335492150790207,-12.0,-0.7396310949741389,12.0,-0.001254303704513848,7.39764644189218e-05,7.397646455247102e-05,0.00014796628402645,0.001032375804371072,-7.39764644189218e-05
1,0.003867700000001058,1.477970772301583,0.0001337373821420629,-12.0,-0.7387847787402048,12.0,-0.001254186376712749,7.389185161223468e-05,7.389185174597207e-05,0.0001477970772301583,0.001032512279192335,-7.389185161223468e-05
1,0.003867900000001058,1.476276370420876,0.000133925337947205,-12.0,-0.7379372958642635,12.0,-0.001254068876040251,7.380712212022109e-05,7.380712225414643e-05,0.0001476276370420876,0.001032648931195895,-7.380712212022107e-05
1,0.0038681000000010584,1.474579637298077,0.0001341130821992387,-12.0,-0.7370886476846087,12.0,-0.00125395120263648,7.37222760766808e-05,7.372227621079387e-05,0.0001474579637298077,0.001032785760120544,-7.37222760766808e-05
1,0.003868300000001058,1.472880575612555,0.0001343006146029557,-12.0,-0.7362388355413668,12.0,-0.001253833356641837,7.363731361559698e-05,7.363731374989762e-05,0.0001472880575612555,0.001032922765704741,-7.363731361559698e-05
1,0.0038685000000010577,1.47117918804736,0.0001344879348605943,-12.0,-0.7353878607765097,12.0,-0.001253715338197001,7.355223487113703e-05,7.355223500562498e-05,0.000147117918804736,0.001033059947686724,-7.355223487113704e-05
1,0.0038687000000010583,1.469475477289221,0.0001346750426766685,-12.0,-0.7345357247338452,12.0,-0.001253597147442831,7.34670399776522e-05,7.346704011232723e-05,0.0001469475477289221,0.001033197305804423,-7.346703997765219e-05
1,0.003868900000001058,1.467769446028531,0.0001348619377574134,-12.0,-0.7336824287590098,12.0,-0.00125347878452059,7.338172906967672e-05,7.338172920453867e-05,0.0001467769446028531,0.001033334839795494,-7.338172906967674e-05
1,0.003869100000001058,1.466061096959334,0.0001350486198076761,-12.0,-0.7328279741994695,12.0,-0.001253360249571664,7.329630228192772e-05,7.329630241697633e-05,0.0001466061096959334,0.001033472549397299,-7.329630228192772e-05
1,0.003869300000001059,1.464350432779361,0.0001352350885299725,-12.0,-0.7319723624045344,12.0,-0.001253241542737843,7.321075974930646e-05,7.321075988454155e-05,0.0001464350432779361,0.001033610434346896,-7.321075974930645e-05
1,0.0038695000000010587,1.462637456189984,0.0001354213436339791,-12.0,-0.7311155947253276,12.0,-0.001253122664161083,7.312510160689617e-05,7.312510174231752e-05,0.0001462637456189984,0.001033748494381079,-7.312510160689616e-05
1,0.0038697000000010593,1.46092216989622,0.0001356073848242101,-12.0,-0.7302576725147997,12.0,-0.001253003613983603,7.303932798996238e-05,7.303932812556977e-05,0.000146092216989622,0.001033886729236336,-7.30393279899624e-05
1,0.003869900000001059,1.459204576606742,0.0001357932118062344,-12.0,-0.7293985971277294,12.0,-0.001252884392347997,7.295343903395356e-05,7.295343916974677e-05,0.0001459204576606742,0.00103402513864892,-7.295343903395356e-05
1,0.003870100000001059,1.457484679033871,0.0001359788242872861,-12.0,-0.7285383699207163,12.0,-0.001252764999396958,7.286743487450035e-05,7.286743501047917e-05,0.0001457484679033871,0.001034163722354736,-7.286743487450036e-05
1,0.003870300000001059,1.455762479893556,0.0001361642219759873,-12.0,-0.7276769922521718,12.0,-0.001252645435273536,7.278131564741476e-05,7.278131578357898e-05,0.0001455762479893556,0.001034302480089538,-7.278131564741477e-05
1,0.003870500000001059,1.454037981905383,0.0001363494045775182,-12.0,-0.7268144654823313,12.0,-0.00125252570012109,7.269508148869088e-05,7.269508162504029e-05,0.0001454037981905383,0.001034441411588649,-7.269508148869088e-05
1,0.003870700000001059,1.452311187792579,0.0001365343718006673,-12.0,-0.7259507909732448,12.0,-0.0012524057940832,7.260873253450454e-05,7.260873267103892e-05,0.0001452311187792579,0.001034580516587114,-7.260873253450455e-05
1,0.003870900000001059,1.45058210028198,0.0001367191233545562,-12.0,-0.7250859700887671,12.0,-0.001252285717303667,7.252226892121217e-05,7.25222690579313e-05,0.000145058210028198,0.001034719794819866,-7.252226892121217e-05
1,0.00387110000000106,1.448850722104053,0.0001369036589458639,-12.0,-0.7242200041945711,12.0,-0.001252165469926597,7.24356907853517e-05,7.243569092225536e-05,0.0001448850722104053,0.001034859246021369,-7.243569078535171e-05
1,0.00387130000000106,1.447117055992887,0.000137087978283934,-12.0,-0.7233528946581376,12.0,-0.001252045052096348,7.234899826364217e-05,7.234899840073012e-05,0.0001447117055992887,0.001034998869925946,-7.234899826364215e-05
1,0.00387150000000106,1.445381104686172,0.0001372720810794426,-12.0,-0.7224846428487458,12.0,-0.00125192446395761,7.226219149298252e-05,7.226219163025461e-05,0.0001445381104686172,0.001035138666267588,-7.226219149298253e-05
1,0.00387170000000106,1.443642870925212,0.0001374559670397346,-12.0,-0.7216152501374865,12.0,-0.001251803705655211,7.217527061045262e-05,7.21752707479086e-05,0.0001443642870925212,0.001035278634779993,-7.217527061045263e-05
1,0.00387190000000106,1.441902357454922,0.0001376396358753196,-12.0,-0.7207447178972518,12.0,-0.001251682777334354,7.20882357533127e-05,7.208823589095235e-05,0.0001441902357454922,0.001035418775196598,-7.208823575331271e-05
1,0.0038721000000010598,1.440159567023807,0.000137823087297706,-12.0,-0.7198730475027261,12.0,-0.001251561679140506,7.200108705900239e-05,7.200108719682546e-05,0.0001440159567023807,0.001035559087250587,-7.200108705900239e-05
1,0.0038723000000010603,1.438414502383973,0.0001380063210150717,-12.0,-0.7190002403304007,12.0,-0.001251440411219315,7.191382466514158e-05,7.19138248031479e-05,0.0001438414502383973,0.001035699570674842,-7.191382466514158e-05
1,0.00387250000000106,1.436667166291115,0.0001381893367410902,-12.0,-0.7181262977585525,12.0,-0.001251318973716734,7.182644870952934e-05,7.182644884771869e-05,0.0001436667166291115,0.00103584022520202,-7.182644870952937e-05
1,0.00387270000000106,1.434917561504516,0.0001383721341837729,-12.0,-0.7172512211672609,12.0,-0.001251197366779047,7.173895933014447e-05,7.173895946851661e-05,0.0001434917561504516,0.001035981050564419,-7.173895933014447e-05
1,0.003872900000001061,1.433165690787041,0.000138554713058181,-12.0,-0.7163750119383865,12.0,-0.001251075590552694,7.165135666514445e-05,7.165135680369917e-05,0.0001433165690787041,0.001036122046494142,-7.165135666514446e-05
1,0.0038731000000010608,1.431411556905132,0.0001387370730730475,-12.0,-0.7154976714555856,12.0,-0.001250953645184447,7.156364085286586e-05,7.156364099160293e-05,0.0001431411556905132,0.001036263212723029,-7.156364085286587e-05
1,0.0038733000000010613,1.429655162628813,0.0001389192139418793,-12.0,-0.7146192011043012,12.0,-0.001250831530821381,7.14758120318243e-05,7.147581217074354e-05,0.0001429655162628813,0.001036404548982545,-7.147581203182431e-05
1,0.003873500000001061,1.427896510731664,0.0001391011353786831,-12.0,-0.7137396022717528,12.0,-0.001250709247610754,7.138787034071314e-05,7.138787047981429e-05,0.0001427896510731665,0.001036546055004001,-7.138787034071315e-05
1,0.003873700000001061,1.426135603990839,0.0001392828370942456,-12.0,-0.7128588763469496,12.0,-0.001250586795700087,7.129981591840438e-05,7.129981605768721e-05,0.0001426135603990839,0.00103668773051839,-7.129981591840438e-05
1,0.003873900000001061,1.424372445187054,0.000139464318802407,-12.0,-0.7119770247206804,12.0,-0.001250464175237234,7.121164890394827e-05,7.12116490434126e-05,0.0001424372445187054,0.001036829575256457,-7.121164890394828e-05
1,0.003874100000001061,1.422607037104575,0.0001396455802183394,-12.0,-0.7110940487855044,12.0,-0.001250341386370354,7.112336943657228e-05,7.112336957621786e-05,0.0001422607037104575,0.001036971588948638,-7.112336943657228e-05
1,0.003874300000001061,1.420839382531225,0.0001398266210533849,-12.0,-0.7102099499357661,12.0,-0.001250218429247649,7.103497765568197e-05,7.103497779550857e-05,0.0001420839382531225,0.001037113771325149,-7.103497765568195e-05
1,0.003874500000001062,1.419069484258371,0.0001400074410250474,-12.0,-0.7093247295675733,12.0,-0.001250095304017887,7.094647370085984e-05,7.09464738408673e-05,0.0001419069484258371,0.001037256122115901,-7.094647370085984e-05
1,0.003874700000001062,1.417297345080921,0.0001401880398450017,-12.0,-0.7084383890788123,12.0,-0.001249972010829881,7.085785771186574e-05,7.085785785205377e-05,0.0001417297345080921,0.00103739864105061,-7.085785771186573e-05
1,0.0038749000000010622,1.415522967797334,0.0001403684172296416,-12.0,-0.7075509298691381,12.0,-0.001249848549832816,7.076912982863679e-05,7.076912996900522e-05,0.0001415522967797334,0.001037541327858604,-7.076912982863679e-05
1,0.003875100000001062,1.413746355209588,0.0001405485728953604,-12.0,-0.7066623533399651,12.0,-0.001249724921176087,7.068029019128605e-05,7.068029033183463e-05,0.0001413746355209588,0.001037684182269086,-7.068029019128605e-05
1,0.003875300000001062,1.411967510123197,0.0001407285065559982,-12.0,-0.7057726608944792,12.0,-0.001249601125009395,7.059133894010354e-05,7.059133908083203e-05,0.0001411967510123197,0.001037827204010897,-7.059133894010352e-05
1,0.003875500000001062,1.410186435347207,0.0001409082179283927,-12.0,-0.704881853937629,12.0,-0.001249477161482715,7.050227621555571e-05,7.050227635646394e-05,0.0001410186435347207,0.001037970392812629,-7.050227621555574e-05
1,0.003875700000001062,1.408403133694175,0.0001410877067303251,-12.0,-0.703989933876115,12.0,-0.001249353030746247,7.041310215828452e-05,7.041310229937223e-05,0.0001408403133694175,0.001038113748402694,-7.041310215828454e-05
1,0.0038759000000010623,1.406617607980175,0.0001412669726762461,-12.0,-0.7030969021184034,12.0,-0.001249228732950497,7.032381690910797e-05,7.032381705037492e-05,0.0001406617607980175,0.00103825727050913,-7.032381690910797e-05
1,0.003876100000001062,1.404829861024805,0.0001414460154844366,-12.0,-0.7022027600747156,12.0,-0.001249104268246162,7.023442060902e-05,7.023442075046601e-05,0.0001404829861024805,0.001038400958859778,-7.023442060902002e-05
1,0.003876300000001063,1.403039895651156,0.0001416248348736215,-12.0,-0.7013075091570191,12.0,-0.001248979636784345,7.014491339918928e-05,7.01449135408141e-05,0.0001403039895651156,0.001038544813182218,-7.014491339918928e-05
1,0.003876500000001063,1.40124771468583,0.0001418034305588067,-12.0,-0.7004111507790423,12.0,-0.001248854838716298,7.00552954209601e-05,7.005529556276353e-05,0.000140124771468583,0.001038688833203738,-7.005529542096011e-05
1,0.003876700000001063,1.399453320958925,0.0001419818022616592,-12.0,-0.6995136863562521,12.0,-0.001248729874193541,6.996556681585137e-05,6.996556695783318e-05,0.0001399453320958925,0.001038833018651444,-6.996556681585137e-05
1,0.0038769000000010633,1.397656717304036,0.0001421599496971848,-12.0,-0.6986151173058728,12.0,-0.001248604743367937,6.987572772555698e-05,6.987572786771695e-05,0.0001397656717304036,0.001038977369252098,-6.9875727725557e-05
1,0.003877100000001063,1.395857906558245,0.0001423378725879942,-12.0,-0.6977154450468621,12.0,-0.001248479446391546,6.978577829194501e-05,6.978577843428288e-05,0.0001395857906558245,0.00103912188473225,-6.978577829194501e-05
1,0.003877300000001063,1.394056891562118,0.0001425155706499814,-12.0,-0.6968146709999282,12.0,-0.001248353983416745,6.969571865705782e-05,6.96957187995734e-05,0.0001394056891562118,0.001039266564818161,-6.969571865705782e-05
1,0.0038775000000010633,1.392253675159712,0.0001426930436044804,-12.0,-0.6959127965875186,12.0,-0.001248228354596148,6.960554896311232e-05,6.960554910580536e-05,0.0001392253675159712,0.001039411409235871,-6.960554896311231e-05
1,0.003877700000001063,1.390448260198544,0.0001428702911720481,-12.0,-0.6950098232338111,12.0,-0.001248102560082676,6.95152693524983e-05,6.951526949536861e-05,0.0001390448260198544,0.001039556417711168,-6.951526935249833e-05
1,0.003877900000001063,1.388640649529614,0.0001430473130715759,-12.0,-0.6941057523647264,12.0,-0.001247976600029399,6.94248799677798e-05,6.94248801108271e-05,0.0001388640649529614,0.001039701589969577,-6.94248799677798e-05
1,0.003878100000001064,1.386830846007391,0.0001432241090239539,-12.0,-0.6932005854079184,12.0,-0.001247850474589848,6.933438095169425e-05,6.933438109491836e-05,0.0001386830846007391,0.001039846925736332,-6.933438095169425e-05
1,0.003878300000001064,1.385018852489798,0.0001434006787522923,-12.0,-0.692294323792764,12.0,-0.001247724183917609,6.924377244715163e-05,6.92437725905523e-05,0.0001385018852489799,0.001039992424736499,-6.924377244715164e-05
1,0.0038785000000010643,1.383204671838219,0.0001435770219750387,-12.0,-0.6913869689503768,12.0,-0.001247597728166738,6.915305459723519e-05,6.915305474081219e-05,0.0001383204671838219,0.001040138086694772,-6.915305459723517e-05
1,0.003878700000001064,1.381388306917502,0.00014375313841547,-12.0,-0.6904785223135963,12.0,-0.001247471107491391,6.906222754520118e-05,6.906222768895433e-05,0.0001381388306917502,0.001040283911335732,-6.906222754520117e-05
1,0.003878900000001064,1.379569760595932,0.0001439290277962524,-12.0,-0.6895689853169813,12.0,-0.001247344322046096,6.897129143447776e-05,6.897129157840678e-05,0.0001379569760595932,0.001040429898383613,-6.897129143447776e-05
1,0.003879100000001064,1.377749035745233,0.0001441046898399967,-12.0,-0.6886583593968096,12.0,-0.00124721737198559,6.888024640866497e-05,6.888024655276966e-05,0.0001377749035745233,0.001040576047562441,-6.888024640866497e-05
1,0.003879300000001064,1.37592613524059,0.0001442801242663716,-12.0,-0.6877466459910943,12.0,-0.001247090257464917,6.878909261153607e-05,6.878909275581619e-05,0.000137592613524059,0.001040722358595939,-6.878909261153607e-05
1,0.003879500000001064,1.374101061960616,0.0001444553308032059,-12.0,-0.6868338465395499,12.0,-0.001246962978639327,6.869783018703531e-05,6.869783033149067e-05,0.0001374101061960617,0.001040868831207686,-6.869783018703531e-05
1,0.003879700000001064,1.372273818787335,0.0001446303091721668,-12.0,-0.6859199624836064,12.0,-0.001246835535664445,6.860645927927786e-05,6.860645942390816e-05,0.0001372273818787335,0.00104101546512092,-6.860645927927787e-05
1,0.003879900000001065,1.370444408606228,0.0001448050590945882,-12.0,-0.6850049952664218,12.0,-0.001246707928696078,6.851498003255163e-05,6.85149801773567e-05,0.0001370444408606228,0.001041162260058667,-6.851498003255163e-05
1,0.003880100000001065,1.368612834306186,0.0001449795802990206,-12.0,-0.6840889463328489,12.0,-0.001246580157890295,6.84233925913148e-05,6.842339273629436e-05,0.0001368612834306186,0.001041309215743691,-6.84233925913148e-05
1,0.003880300000001065,1.366779098779505,0.0001451538725082413,-12.0,-0.6831718171294515,12.0,-0.001246452223403471,6.833169710019597e-05,6.833169724534984e-05,0.0001366779098779505,0.001041456331898588,-6.833169710019597e-05
1,0.003880500000001065,1.364943204921908,0.000145327935446693,-12.0,-0.6822536091045045,12.0,-0.001246324125392259,6.823989370399512e-05,6.823989384932307e-05,0.0001364943204921908,0.001041603608245567,-6.823989370399512e-05
1,0.003880700000001065,1.363105155632528,0.000145501768839984,-12.0,-0.6813343237079861,12.0,-0.001246195864013533,6.814798254768262e-05,6.814798269318439e-05,0.0001363105155632528,0.001041751044506725,-6.814798254768262e-05
1,0.0038809000000010647,1.361264953813891,0.0001456753724156101,-12.0,-0.6804139623915683,12.0,-0.001246067439424473,6.805596377639837e-05,6.805596392207375e-05,0.0001361264953813891,0.001041898640403841,-6.80559637763984e-05
1,0.0038811000000010653,1.359422602371926,0.0001458487458971258,-12.0,-0.6794925266086298,12.0,-0.001245938851782535,6.79638375354527e-05,6.796383768130145e-05,0.0001359422602371926,0.001042046395658462,-6.796383753545271e-05
1,0.003881300000001065,1.357578104215966,0.0001460218890120824,-12.0,-0.6785700178142461,12.0,-0.001245810101245387,6.78716039703258e-05,6.78716041163477e-05,0.0001357578104215966,0.001042194309991931,-6.787160397032582e-05
1,0.003881500000001065,1.35573146225872,0.0001461948014884751,-12.0,-0.6776464374651794,12.0,-0.001245681187970984,6.777926322666677e-05,6.77792633728616e-05,0.000135573146225872,0.001042342383125339,-6.777926322666678e-05
1,0.003881700000001066,1.353882679416287,0.0001463674830515238,-12.0,-0.6767217870198916,12.0,-0.001245552112117645,6.76868154502943e-05,6.76868155966618e-05,0.0001353882679416287,0.001042490614779484,-6.768681545029431e-05
1,0.0038819000000010657,1.352031758608156,0.0001465399334293904,-12.0,-0.6757960679385348,12.0,-0.001245422873843771,6.759426078719642e-05,6.759426093373636e-05,0.0001352031758608156,0.001042639004675015,-6.759426078719642e-05
1,0.0038821000000010663,1.350178702757182,0.0001467121523510695,-12.0,-0.6748692816829428,12.0,-0.001245293473308234,6.750159938352937e-05,6.750159953024155e-05,0.0001350178702757182,0.001042787552532239,-6.750159938352938e-05
1,0.003882300000001066,1.348323514789584,0.000146884139545167,-12.0,-0.6739414297166327,12.0,-0.001245163910669977,6.74088313856178e-05,6.740883153250194e-05,0.0001348323514789584,0.001042936258071336,-6.74088313856178e-05
1,0.003882500000001066,1.346466197634968,0.0001470558947367917,-12.0,-0.6730125135048197,12.0,-0.001245034186088387,6.731595693995564e-05,6.731595708701156e-05,0.0001346466197634968,0.001043085121012144,-6.731595693995565e-05
1,0.003882700000001066,1.344606754226295,0.0001472274176594346,-12.0,-0.6720825345143842,12.0,-0.001244904299723015,6.722297619320436e-05,6.722297634043178e-05,0.0001344606754226295,0.001043234141074316,-6.722297619320437e-05
1,0.003882900000001066,1.342745187499866,0.0001473987080408135,-12.0,-0.6711514942138845,12.0,-0.00124477425173368,6.712988929219254e-05,6.712988943959125e-05,0.0001342745187499866,0.00104338331797732,-6.712988929219254e-05
1,0.003883100000001066,1.340881500395362,0.0001475697656084241,-12.0,-0.670219394073571,12.0,-0.001244644042280543,6.703669638391795e-05,6.70366965314877e-05,0.0001340881500395363,0.00104353265144029,-6.703669638391794e-05
1,0.003883300000001066,1.339015695855804,0.000147740590096257,-12.0,-0.6692862355653518,12.0,-0.001244513671523992,6.69433976155448e-05,6.694339776328542e-05,0.0001339015695855804,0.001043682141182133,-6.694339761554482e-05
1,0.003883500000001067,1.33714777682754,0.0001479111812330292,-12.0,-0.6683520201628088,12.0,-0.001244383139624619,6.684999313440417e-05,6.684999328231535e-05,0.000133714777682754,0.001043831786921627,-6.684999313440419e-05
1,0.003883700000001067,1.335277746260274,0.000148081538748901,-12.0,-0.6674167493411984,12.0,-0.001244252446743352,6.675648308799473e-05,6.675648323607626e-05,0.0001335277746260274,0.001043981588377242,-6.675648308799473e-05
1,0.003883900000001067,1.333405607107047,0.0001482516623755314,-12.0,-0.6664804245774435,12.0,-0.001244121593041422,6.66628676239819e-05,6.666286777223357e-05,0.0001333405607107047,0.001044131545267203,-6.66628676239819e-05
1,0.003884100000001067,1.331531362324217,0.0001484215518463006,-12.0,-0.6655430473501233,12.0,-0.001243990578680257,6.656914689019697e-05,6.656914703861852e-05,0.0001331531362324217,0.001044281657309548,-6.656914689019695e-05
1,0.003884300000001067,1.32965501487147,0.000148591206890536,-12.0,-0.6646046191394871,12.0,-0.001243859403821559,6.647532103463777e-05,6.647532118322897e-05,0.000132965501487147,0.001044431924222031,-6.647532103463776e-05
1,0.003884500000001067,1.327776567711825,0.0001487606272417286,-12.0,-0.6636651414274439,12.0,-0.001243728068627367,6.638139020546856e-05,6.638139035422919e-05,0.0001327776567711825,0.001044582345722231,-6.638139020546856e-05
1,0.0038847000000010673,1.325896023811601,0.0001489298126337024,-12.0,-0.6627246156975518,12.0,-0.001243596573259925,6.628735455101855e-05,6.628735469994838e-05,0.0001325896023811601,0.001044732921527472,-6.628735455101856e-05
1,0.003884900000001067,1.324013386140433,0.0001490987627978391,-12.0,-0.661783043435032,12.0,-0.001243464917881715,6.619321421978298e-05,6.619321436888174e-05,0.0001324013386140433,0.001044883651354855,-6.619321421978299e-05
1,0.003885100000001068,1.322128657671269,0.000149267477467685,-12.0,-0.6608404261267583,12.0,-0.001243333102655578,6.609896936042261e-05,6.609896950969009e-05,0.0001322128657671269,0.001045034534921246,-6.60989693604226e-05
1,0.003885300000001068,1.320241841380351,0.0001494359563793957,-12.0,-0.6598967652612469,12.0,-0.001243201127744592,6.600462012176263e-05,6.60046202711986e-05,0.0001320241841380351,0.001045185571943275,-6.600462012176263e-05
1,0.003885500000001068,1.318352940247216,0.0001496041992642971,-12.0,-0.6589520623286694,12.0,-0.001243068993312016,6.591016665279337e-05,6.591016680239756e-05,0.0001318352940247216,0.001045336762137389,-6.591016665279337e-05
1,0.0038857000000010683,1.316461957254705,0.0001497722058578788,-12.0,-0.6580063188208437,12.0,-0.001242936699521524,6.581560910267016e-05,6.581560925244237e-05,0.0001316461957254705,0.001045488105219768,-6.581560910267016e-05
1,0.003885900000001068,1.314568895388939,0.000149939975896185,-12.0,-0.6570595362312251,12.0,-0.001242804246536972,6.572094762071214e-05,6.572094777065214e-05,0.0001314568895388939,0.00104563960090636,-6.572094762071214e-05
1,0.003886100000001068,1.312673757639313,0.0001501075091142057,-12.0,-0.6561117160549099,12.0,-0.001242671634522491,6.562618235640241e-05,6.562618250650993e-05,0.0001312673757639313,0.001045791248912936,-6.562618235640241e-05
1,0.0038863000000010682,1.310776546998512,0.0001502748052464864,-12.0,-0.6551628597886382,12.0,-0.001242538863642478,6.553131345938847e-05,6.553131360966328e-05,0.0001310776546998512,0.001045943048955007,-6.553131345938847e-05
1,0.003886500000001068,1.308877266462499,0.0001504418640296268,-12.0,-0.6542129689307862,12.0,-0.001242405934061608,6.54363410794816e-05,6.543634122992344e-05,0.0001308877266462499,0.001046095000747871,-6.543634107948158e-05
1,0.003886700000001068,1.30697591903049,0.0001506086852015032,-12.0,-0.6532620449813559,12.0,-0.001242272845944817,6.534126536665574e-05,6.534126551726442e-05,0.000130697591903049,0.001046247104006616,-6.534126536665574e-05
1,0.003886900000001069,1.305072507704973,0.0001507752684969388,-12.0,-0.6523100894419885,12.0,-0.001242139599457362,6.524608647104855e-05,6.524608662182383e-05,0.0001305072507704973,0.001046399358446089,-6.524608647104855e-05
1,0.003887100000001069,1.303167035491703,0.0001509416136537545,-12.0,-0.6513571038159548,12.0,-0.001242006194764653,6.515080454296086e-05,6.515080469390248e-05,0.0001303167035491703,0.001046551763780906,-6.515080454296086e-05
1,0.0038873000000010692,1.301259505399674,0.0001511077204108813,-12.0,-0.6504030896081435,12.0,-0.001241872632032487,6.505541973285544e-05,6.505541988396316e-05,0.0001301259505399674,0.001046704319725512,-6.505541973285545e-05
1,0.003887500000001069,1.299349920441138,0.0001512735885044192,-12.0,-0.6494480483250762,12.0,-0.001241738911426885,6.495993219135807e-05,6.495993234263167e-05,0.0001299349920441138,0.001046857025994101,-6.495993219135807e-05
1,0.003887700000001069,1.297438283631596,0.0001514392176735213,-12.0,-0.6484919814748958,12.0,-0.001241605033114074,6.486434206925692e-05,6.486434222069614e-05,0.0001297438283631596,0.001047009882300651,-6.486434206925693e-05
1,0.003887900000001069,1.29552459798978,0.0001516046076577848,-12.0,-0.6475348905673572,12.0,-0.001241470997260727,6.47686495175015e-05,6.47686496691061e-05,0.000129552459798978,0.001047162888358884,-6.47686495175015e-05
1,0.003888100000001069,1.293608866537659,0.0001517697581943644,-12.0,-0.6465767771138403,12.0,-0.001241336804033544,6.467285468720346e-05,6.467285483897324e-05,0.0001293608866537659,0.001047316043882397,-6.467285468720348e-05
1,0.003888300000001069,1.291691092300444,0.0001519346690238566,-12.0,-0.6456176426273397,12.0,-0.001241202453599724,6.457695772963635e-05,6.457695788157103e-05,0.0001291691092300444,0.00104746934858449,-6.457695772963636e-05
1,0.003888500000001069,1.289771278306557,0.0001520993398872461,-12.0,-0.6446574886224541,12.0,-0.001241067946126495,6.448095879623413e-05,6.448095894833348e-05,0.0001289771278306557,0.001047622802178336,-6.448095879623413e-05
1,0.00388870000000107,1.287849427587648,0.0001522637705219099,-12.0,-0.6436963166154034,12.0,-0.001240933281781625,6.438485803859254e-05,6.438485819085631e-05,0.0001287849427587648,0.001047776404376727,-6.438485803859253e-05
1,0.00388890000000107,1.285925543178583,0.0001524279606721635,-12.0,-0.6427341281240037,12.0,-0.001240798460732911,6.42886556084676e-05,6.428865576089554e-05,0.0001285925543178583,0.001047930154892449,-6.428865560846758e-05
1,0.00388910000000107,1.283999628117435,0.0001525919100756612,-12.0,-0.6417709246676849,12.0,-0.001240663483148594,6.419235165777606e-05,6.419235181036797e-05,0.0001283999628117435,0.001048084053437918,-6.419235165777606e-05
1,0.00388930000000107,1.282071685445496,0.0001527556184751089,-12.0,-0.6408067077674793,12.0,-0.001240528349197065,6.409594633859543e-05,6.409594649135106e-05,0.0001282071685445496,0.001048238099725408,-6.409594633859543e-05
1,0.00388950000000107,1.280141718207245,0.0001529190856135454,-12.0,-0.6398414789460117,12.0,-0.001240393059047079,6.399943980316252e-05,6.39994399560816e-05,0.0001280141718207246,0.001048392293466975,-6.399943980316252e-05
1,0.0038897000000010697,1.278209729450367,0.0001530823112300683,-12.0,-0.6388752397275155,12.0,-0.001240257612867529,6.390283220387456e-05,6.390283235695686e-05,0.0001278209729450367,0.001048546634374467,-6.390283220387456e-05
1,0.0038899000000010703,1.276275722225737,0.0001532452950709362,-12.0,-0.6379079916378089,12.0,-0.00124012201082771,6.380612369328797e-05,6.380612384653328e-05,0.0001276275722225737,0.001048701122159497,-6.380612369328797e-05
1,0.00389010000000107,1.274339699587411,0.0001534080368760793,-12.0,-0.6369397362043113,12.0,-0.001239986253097139,6.370931442411874e-05,6.370931457752676e-05,0.0001274339699587411,0.001048855756533483,-6.370931442411874e-05
1,0.00389030000000107,1.272401664592645,0.0001535705363894246,-12.0,-0.6359704749560331,12.0,-0.001239850339845583,6.361240454924226e-05,6.36124047028128e-05,0.0001272401664592645,0.001049010537207656,-6.361240454924225e-05
1,0.003890500000001071,1.270461620301855,0.0001537327933566202,-12.0,-0.6350002094235645,12.0,-0.001239714271243073,6.35153942216921e-05,6.351539437542491e-05,0.0001270461620301855,0.001049165463893012,-6.351539422169212e-05
1,0.0038907000000010707,1.268519569778637,0.0001538948075183177,-12.0,-0.6340289411390928,12.0,-0.001239578047459944,6.341828359466111e-05,6.341828374855592e-05,0.0001268519569778637,0.00104932053630033,-6.341828359466111e-05
1,0.0038909000000010713,1.266575516089755,0.0001540565786227188,-12.0,-0.6330566716363776,12.0,-0.001239441668666796,6.332107282150004e-05,6.33210729755566e-05,0.0001266575516089755,0.001049475754140237,-6.332107282150004e-05
1,0.003891100000001071,1.264629462305133,0.0001542181064115855,-12.0,-0.6320834024507679,12.0,-0.001239305135034452,6.322376205571795e-05,6.322376220993606e-05,0.0001264629462305133,0.00104963111712307,-6.322376205571795e-05
1,0.003891300000001071,1.262681411497864,0.0001543793906311208,-12.0,-0.6311091351191914,12.0,-0.001239168446734093,6.312635145098224e-05,6.312635160536164e-05,0.0001262681411497864,0.001049786624959019,-6.312635145098225e-05
1,0.003891500000001071,1.260731366744181,0.0001545404310282494,-12.0,-0.6301338711801437,12.0,-0.001239031603937041,6.30288411611172e-05,6.302884131565762e-05,0.0001260731366744181,0.001049942277358107,-6.302884116111721e-05
1,0.003891700000001071,1.25877933112347,0.0001547012273468984,-12.0,-0.6291576121737026,12.0,-0.001238894606815005,6.293123134010496e-05,6.293123149480618e-05,0.000125877933112347,0.001050098074030052,-6.293123134010495e-05
1,0.003891900000001071,1.256825307718271,0.0001548617793341589,-12.0,-0.6281803596415166,12.0,-0.001238757455539918,6.283352214208508e-05,6.283352229694686e-05,0.0001256825307718271,0.001050254014684442,-6.283352214208509e-05
1,0.003892100000001071,1.254869299614248,0.0001550220867382324,-12.0,-0.6272021151267959,12.0,-0.001238620150283934,6.273571372135341e-05,6.273571387637551e-05,0.0001254869299614248,0.001050410099030674,-6.273571372135342e-05
1,0.003892300000001072,1.252911309900204,0.000155182149303934,-12.0,-0.6262228801743245,12.0,-0.001238482691219567,6.263780623236284e-05,6.263780638754499e-05,0.0001252911309900204,0.001050566326777864,-6.263780623236284e-05
1,0.003892500000001072,1.25095134166808,0.0001553419667796874,-12.0,-0.6252426563304508,12.0,-0.00123834507851954,6.253979982972306e-05,6.253979998506501e-05,0.000125095134166808,0.001050722697635009,-6.253979982972306e-05
1,0.003892700000001072,1.248989398012929,0.0001555015389148595,-12.0,-0.6242614451430768,12.0,-0.001238207312356854,6.244169466819916e-05,6.24416948237007e-05,0.0001248989398012929,0.001050879211310862,-6.244169466819916e-05
1,0.003892900000001072,1.247025482032927,0.000155660865455598,-12.0,-0.6232792481616715,12.0,-0.001238069392904814,6.23434909027127e-05,6.234349105837357e-05,0.0001247025482032927,0.001051035867514011,-6.234349090271271e-05
1,0.003893100000001072,1.245059596829373,0.0001558199461510479,-12.0,-0.6222960669372606,12.0,-0.001237931320336949,6.224518868834117e-05,6.224518884416112e-05,0.0001245059596829374,0.001051192665952799,-6.224518868834117e-05
1,0.0038933000000010718,1.243091745506668,0.0001559787807515201,-12.0,-0.621311903022419,12.0,-0.001237793094827022,6.214678818031706e-05,6.214678833629584e-05,0.0001243091745506669,0.001051349606335433,-6.214678818031704e-05
1,0.0038935000000010723,1.241121931172311,0.0001561373690061041,-12.0,-0.6203267579712729,12.0,-0.0012376547165492,6.20482895340279e-05,6.204828969016525e-05,0.0001241121931172311,0.001051506688369848,-6.204828953402791e-05
1,0.003893700000001072,1.239150156936912,0.0001562957106633345,-12.0,-0.6193406333395036,12.0,-0.001237516185677773,6.19496929050167e-05,6.194969306131241e-05,0.0001239150156936912,0.001051663911763832,-6.19496929050167e-05
1,0.003893900000001073,1.237176425914177,0.0001564538054741882,-12.0,-0.6183535306843393,12.0,-0.001237377502387407,6.185099844898137e-05,6.185099860543516e-05,0.0001237176425914177,0.001051821276224989,-6.185099844898134e-05
1,0.003894100000001073,1.235200741220894,0.0001566116531908079,-12.0,-0.6173654515645443,12.0,-0.001237238666852963,6.17522063217735e-05,6.175220647838517e-05,0.0001235200741220894,0.00105197878146069,-6.175220632177351e-05
1,0.0038943000000010728,1.233223105976937,0.0001567692535620058,-12.0,-0.6163763975404329,12.0,-0.001237099679249579,6.165331667939949e-05,6.165331683616877e-05,0.0001233223105976937,0.00105213642717817,-6.16533166793995e-05
1,0.0038945000000010733,1.231243523305271,0.0001569266063397023,-12.0,-0.6153863701738597,12.0,-0.001236960539752738,6.155432967801992e-05,6.155432983494655e-05,0.0001231243523305271,0.001052294213084365,-6.155432967801994e-05
1,0.003894700000001073,1.229261996331921,0.0001570837112774282,-12.0,-0.6143953710282071,12.0,-0.001236821248538078,6.145524547394845e-05,6.145524563103217e-05,0.0001229261996331921,0.00105245213888612,-6.145524547394845e-05
1,0.003894900000001073,1.227278528185988,0.0001572405681249944,-12.0,-0.6134034016684009,12.0,-0.001236681805781611,6.13560642236526e-05,6.135606438089317e-05,0.0001227278528185988,0.001052610204290073,-6.135606422365259e-05
1,0.0038951000000010732,1.225293121999649,0.0001573971766360427,-12.0,-0.612410463660899,12.0,-0.001236542211659558,6.125678608375351e-05,6.125678624115067e-05,0.000122529312199965,0.001052768409002619,-6.125678608375352e-05
1,0.003895300000001073,1.223305780908129,0.0001575535365641034,-12.0,-0.611416558573683,12.0,-0.001236402466348402,6.115741121102471e-05,6.115741136857825e-05,0.0001223305780908129,0.001052926752730013,-6.115741121102471e-05
1,0.003895500000001073,1.221316508049701,0.0001577096476630957,-12.0,-0.6104216879762595,12.0,-0.001236262570024946,6.105793976239228e-05,6.105793992010191e-05,0.0001221316508049701,0.001053085235178303,-6.105793976239226e-05
1,0.003895700000001074,1.219325306565711,0.0001578655096831083,-12.0,-0.6094258534396758,12.0,-0.001236122522866173,6.09583718949359e-05,6.095837205280142e-05,0.0001219325306565711,0.001053243856053356,-6.09583718949359e-05
1,0.003895900000001074,1.217332179600541,0.0001580211223829453,-12.0,-0.6084290565364852,12.0,-0.001235982325049484,6.085870776588682e-05,6.085870792390793e-05,0.0001217332179600541,0.00105340261506081,-6.085870776588681e-05
1,0.0038961000000010742,1.215337130301598,0.0001581764855158041,-12.0,-0.6074312988407602,12.0,-0.001235841976752361,6.075894753262759e-05,6.075894769080409e-05,0.0001215337130301598,0.001053561511906186,-6.075894753262761e-05
1,0.003896300000001074,1.213340161819348,0.0001583315988334388,-12.0,-0.6064325819281079,12.0,-0.001235701478152731,6.065909135269414e-05,6.065909151102574e-05,0.0001213340161819348,0.001053720546294788,-6.065909135269414e-05
1,0.003896500000001074,1.211341277307283,0.0001584864620959303,-12.0,-0.6054329073756329,12.0,-0.001235560829428661,6.055913938377288e-05,6.055913954225936e-05,0.0001211341277307283,0.001053879717931694,-6.055913938377289e-05
1,0.003896700000001074,1.209340479921898,0.0001586410750573086,-12.0,-0.6044322767619521,12.0,-0.001235420030758563,6.045909178370094e-05,6.045909194234202e-05,0.0001209340479921898,0.001054039026521833,-6.045909178370095e-05
1,0.003896900000001074,1.207337772822739,0.0001587954374707157,-12.0,-0.6034306916672091,12.0,-0.001235279082321059,6.035894871046799e-05,6.035894886926342e-05,0.0001207337772822739,0.00105419847176999,-6.035894871046799e-05
1,0.0038971000000010744,1.205333159172359,0.000158949549097509,-12.0,-0.6024281536730378,12.0,-0.001235137984295115,6.025871032221352e-05,6.025871048116308e-05,0.0001205333159172359,0.001054358053380701,-6.025871032221353e-05
1,0.003897300000001074,1.203326642136304,0.0001591034096922184,-12.0,-0.6014246643625799,12.0,-0.001234996736859881,6.015837677722719e-05,6.015837693633061e-05,0.0001203326642136304,0.00105451777105834,-6.015837677722722e-05
1,0.003897500000001075,1.201318224883144,0.0001592570190115938,-12.0,-0.6004202253204847,12.0,-0.001234855340194838,6.005794823394962e-05,6.005794839320664e-05,0.0001201318224883145,0.001054677624507103,-6.005794823394964e-05
1,0.003897700000001075,1.199307910584452,0.0001594103768139954,-12.0,-0.5994148381329012,12.0,-0.001234713794479744,5.995742485097152e-05,5.99574250103819e-05,0.0001199307910584452,0.001054837613430996,-5.995742485097152e-05
1,0.003897900000001075,1.197295702414781,0.0001595634828587822,-12.0,-0.5984085043874676,12.0,-0.001234572099894513,5.985680678703265e-05,5.985680694659611e-05,0.0001197295702414781,0.001054997737533883,-5.985680678703265e-05
1,0.0038981000000010754,1.195281603551684,0.0001597163369023158,-12.0,-0.597401225673325,12.0,-0.001234430256619554,5.975609420102274e-05,5.975609436073908e-05,0.0001195281603551684,0.001055157996519354,-5.975609420102273e-05
1,0.003898300000001075,1.193265617175706,0.000159868938704566,-12.0,-0.5963930035811068,12.0,-0.001234288264835223,5.965528725198114e-05,5.965528741185008e-05,0.0001193265617175706,0.00105531839009098,-5.965528725198114e-05
1,0.0038985000000010747,1.19124774647036,0.0001600212880261687,-12.0,-0.5953838397029276,12.0,-0.00123414612472246,5.955438609909539e-05,5.955438625911668e-05,0.000119124774647036,0.001055478917951991,-5.955438609909538e-05
1,0.0038987000000010753,1.189227994622136,0.0001601733846243736,-12.0,-0.5943737356323978,12.0,-0.0012340038364623,5.945339090170222e-05,5.94533910618756e-05,0.0001189227994622136,0.001055639579805499,-5.945339090170222e-05
1,0.003898900000001075,1.187206364820511,0.0001603252282603163,-12.0,-0.5933626929646124,12.0,-0.001233861400236069,5.935230181928727e-05,5.935230197961252e-05,0.0001187206364820511,0.001055800375354493,-5.935230181928728e-05
1,0.003899100000001075,1.185182860257908,0.0001604768186952432,-12.0,-0.592350713296143,12.0,-0.001233718816225401,5.925111901148383e-05,5.925111917196064e-05,0.0001185182860257908,0.00105596130430171,-5.925111901148383e-05
1,0.003899300000001076,1.183157484129711,0.000160628155690512,-12.0,-0.5913377982250378,12.0,-0.001233576084612192,5.914984263807284e-05,5.914984279870101e-05,0.0001183157484129711,0.001056122366349721,-5.914984263807284e-05
1,0.0038995000000010757,1.181130239634275,0.0001607792390038165,-12.0,-0.5903239493508395,12.0,-0.001233433205578505,5.904847285898434e-05,5.904847301976357e-05,0.0001181130239634275,0.001056283561200994,-5.904847285898434e-05
1,0.0038997000000010763,1.179101129972902,0.0001609300684016213,-12.0,-0.589309168274548,12.0,-0.001233290179306817,5.894700983429497e-05,5.894700999522504e-05,0.0001179101129972903,0.001056444888557766,-5.894700983429498e-05
1,0.003899900000001076,1.177070158349821,0.0001610806436438406,-12.0,-0.5882934565986385,12.0,-0.001233147005979846,5.884545372422823e-05,5.884545388530888e-05,0.0001177070158349821,0.001056606348122047,-5.884545372422824e-05
1,0.003900100000001076,1.175037327972219,0.0001612309644924426,-12.0,-0.5872768159270612,12.0,-0.001233003685780512,5.874380468915535e-05,5.874380485038633e-05,0.0001175037327972219,0.001056767939595762,-5.874380468915537e-05
1,0.003900300000001076,1.173002642050219,0.0001613810307107832,-12.0,-0.5862592478652331,12.0,-0.001232860218892004,5.864206288959438e-05,5.864206305097543e-05,0.0001173002642050219,0.0010569296626807,-5.86420628895944e-05
1,0.003900500000001076,1.170966103796863,0.0001615308420636064,-12.0,-0.5852407540200275,12.0,-0.001232716605497862,5.854022848620911e-05,5.854022864773996e-05,0.0001170966103796863,0.001057091517078328,-5.854022848620911e-05
1,0.003900700000001076,1.168927716428121,0.0001616803983123249,-12.0,-0.5842213359997881,12.0,-0.001232572845781821,5.843830163981004e-05,5.843830180149046e-05,0.0001168927716428121,0.001057253502490078,-5.843830163981005e-05
1,0.003900900000001076,1.166887483162896,0.0001618296992221824,-12.0,-0.5832009954143179,12.0,-0.001232428939927942,5.8336282511354e-05,5.833628267318372e-05,0.0001166887483162896,0.001057415618617129,-5.833628251135401e-05
1,0.003901100000001077,1.164845407222988,0.0001619787445587551,-12.0,-0.5821797338748683,12.0,-0.001232284888120466,5.823417126194272e-05,5.823417142392145e-05,0.0001164845407222988,0.001057577865160565,-5.82341712619427e-05
1,0.003901300000001077,1.162801491833113,0.0001621275340850103,-12.0,-0.5811575529941535,12.0,-0.001232140690544038,5.813196805282385e-05,5.813196821495138e-05,0.0001162801491833113,0.001057740241821245,-5.813196805282386e-05
1,0.003901500000001077,1.160755740220902,0.0001622760675673018,-12.0,-0.5801344543863395,12.0,-0.00123199634738342,5.802967304539068e-05,5.802967320766676e-05,0.0001160755740220902,0.001057902748299894,-5.802967304539068e-05
1,0.003901700000001077,1.158708155616869,0.0001624243447723162,-12.0,-0.5791104396670328,12.0,-0.00123185185882372,5.792728640118051e-05,5.792728656360487e-05,0.000115870815561687,0.001058065384297042,-5.792728640118051e-05
1,0.003901900000001077,1.15665874125443,0.0001625723654641864,-12.0,-0.5780855104532955,12.0,-0.001231707225050324,5.782480828187597e-05,5.782480844444832e-05,0.000115665874125443,0.001058228149513091,-5.782480828187597e-05
1,0.0039021000000010768,1.154607500369901,0.0001627201294104874,-12.0,-0.5770596683636334,12.0,-0.001231562446248925,5.77222388493044e-05,5.772223901202451e-05,0.0001154607500369901,0.001058391043648188,-5.772223884930439e-05
1,0.0039023000000010773,1.152554436202462,0.0001628676363794601,-12.0,-0.5760329150179857,12.0,-0.001231417522605333,5.761957826543652e-05,5.761957842830415e-05,0.0001152554436202462,0.001058554066402484,-5.761957826543652e-05
1,0.003902500000001077,1.150499551994187,0.0001630148861355152,-12.0,-0.5750052520377416,12.0,-0.001231272454305793,5.751682669238771e-05,5.75168268554026e-05,0.0001150499551994188,0.001058717217475802,-5.751682669238772e-05
1,0.003902700000001077,1.148442850990018,0.0001631618784500577,-12.0,-0.5739766810457154,12.0,-0.00123112724153672,5.741398429241654e-05,5.741398445557842e-05,0.0001148442850990018,0.001058880496567861,-5.741398429241656e-05
1,0.003902900000001078,1.146384336437768,0.0001633086130873318,-12.0,-0.572947203666167,12.0,-0.001230981884484839,5.731105122792544e-05,5.731105139123405e-05,0.0001146384336437768,0.001059043903378243,-5.731105122792544e-05
1,0.0039031000000010778,1.144324011588114,0.0001634550898200193,-12.0,-0.5719168215247761,12.0,-0.001230836383337132,5.72080276614596e-05,5.72080278249147e-05,0.0001144324011588114,0.00105920743760634,-5.720802766145961e-05
1,0.0039033000000010783,1.142261879694586,0.0001636013084138632,-12.0,-0.5708855362486592,12.0,-0.001230690738280804,5.710491375570731e-05,5.710491391930861e-05,0.0001142261879694586,0.001059371098951427,-5.710491375570731e-05
1,0.003903500000001078,1.140197944013582,0.0001637472686391028,-12.0,-0.5698533494663598,12.0,-0.001230544949503448,5.700170967349988e-05,5.700170983724714e-05,0.0001140197944013582,0.001059534887112516,-5.700170967349989e-05
1,0.003903700000001078,1.138132207804333,0.0001638929702673653,-12.0,-0.5688202628078357,12.0,-0.001230399017192796,5.689841557781031e-05,5.689841574170327e-05,0.0001138132207804333,0.001059698801788578,-5.689841557781031e-05
1,0.003903900000001078,1.136064674328917,0.0001640384130663919,-12.0,-0.5677862779044748,12.0,-0.001230252941536919,5.679503163175412e-05,5.679503179579253e-05,0.0001136064674328917,0.001059862842678366,-5.679503163175412e-05
1,0.003904100000001078,1.133995346852261,0.0001641835968075323,-12.0,-0.5667513963890832,12.0,-0.001230106722724125,5.669155799858909e-05,5.669155816277267e-05,0.0001133995346852261,0.00106002700948047,-5.669155799858908e-05
1,0.003904300000001078,1.13192422864211,0.0001643285212635792,-12.0,-0.5657156198958743,12.0,-0.001229960360943007,5.658799484171381e-05,5.658799500604231e-05,0.000113192422864211,0.001060191301893373,-5.658799484171379e-05
1,0.003904500000001079,1.129851322969045,0.0001644731862029958,-12.0,-0.5646789500604863,12.0,-0.001229813856382461,5.648434232466892e-05,5.648434248914212e-05,0.0001129851322969045,0.001060355719615304,-5.648434232466893e-05
1,0.003904700000001079,1.127776633106468,0.0001646175914007952,-12.0,-0.5636413885199567,12.0,-0.001229667209231559,5.638060061113576e-05,5.638060077575334e-05,0.0001127776633106468,0.001060520262344454,-5.638060061113575e-05
1,0.003904900000001079,1.125700162330594,0.0001647617366267173,-12.0,-0.5626029369127395,12.0,-0.001229520419679712,5.627676986493662e-05,5.627677002969837e-05,0.0001125700162330594,0.001060684929778816,-5.627676986493663e-05
1,0.003905100000001079,1.123621913920464,0.00016490562165411,-12.0,-0.5615635968786947,12.0,-0.001229373487916574,5.61728502500349e-05,5.61728504149405e-05,0.0001123621913920464,0.001060849721616172,-5.617285025003489e-05
1,0.003905300000001079,1.12154189115791,0.0001650492462577091,-12.0,-0.5605233700590762,12.0,-0.001229226414132124,5.606884193053339e-05,5.606884209558264e-05,0.0001121541891157911,0.001061014637554203,-5.606884193053339e-05
1,0.003905500000001079,1.119460097327571,0.0001651926102086421,-12.0,-0.5594822580965467,12.0,-0.001229079198516489,5.596474507067554e-05,5.596474523586814e-05,0.0001119460097327572,0.001061179677290462,-5.596474507067554e-05
1,0.003905700000001079,1.117376535716894,0.0001653357132816446,-12.0,-0.5584402626351676,12.0,-0.001228931841260175,5.58605598348449e-05,5.586056000018064e-05,0.0001117376535716894,0.001061344840522289,-5.586055983484493e-05
1,0.0039059000000010793,1.1152912096161,0.0001654785552526739,-12.0,-0.5573973853203855,12.0,-0.001228784342553892,5.575628638756382e-05,5.575628655304236e-05,0.00011152912096161,0.001061510126946934,-5.575628638756383e-05
1,0.003906100000001079,1.113204122318203,0.0001656211358938564,-12.0,-0.5563536277990494,12.0,-0.001228636702588659,5.565192489349433e-05,5.565192505911547e-05,0.0001113204122318203,0.001061675536261429,-5.565192489349433e-05
1,0.0039063000000010804,1.111115277119009,0.0001657634549813713,-12.0,-0.5553089917193977,12.0,-0.001228488921555734,5.554747551743792e-05,5.554747568320138e-05,0.0001111115277119009,0.001061841068162733,-5.554747551743791e-05
1,0.003906500000001079,1.109024677317087,0.0001659055122917863,-12.0,-0.5542634787310504,12.0,-0.001228340999646658,5.544293842433423e-05,5.544293859023975e-05,0.0001109024677317087,0.001062006722347589,-5.544293842433422e-05
1,0.003906700000001079,1.106932326213777,0.0001660473076001145,-12.0,-0.5532170904850153,12.0,-0.001228192937053244,5.533831377926154e-05,5.533831394530885e-05,0.0001106932326213777,0.00106217249851262,-5.533831377926155e-05
1,0.003906900000001079,1.104838227113194,0.0001661888406823131,-12.0,-0.5521698286336851,12.0,-0.001228044733967523,5.523360174743674e-05,5.523360191362557e-05,0.0001104838227113194,0.001062338396354334,-5.523360174743675e-05
1,0.003907100000001078,1.102742383322197,0.0001663301113178361,-12.0,-0.5511216948308204,12.0,-0.001227896390581878,5.512880249421383e-05,5.512880266054394e-05,0.0001102742383322197,0.001062504415569029,-5.512880249421383e-05
1,0.003907300000001078,1.100644798150417,0.0001664711192786994,-12.0,-0.5500726907315794,12.0,-0.001227747907088884,5.502391618508582e-05,5.502391635155692e-05,0.0001100644798150417,0.0010626705558529,-5.502391618508581e-05
1,0.0039075000000010785,1.098545474910231,0.0001666118643486869,-12.0,-0.5490228179924739,12.0,-0.001227599283681435,5.491894298568227e-05,5.491894315229414e-05,0.0001098545474910231,0.001062836816901988,-5.491894298568225e-05
1,0.003907700000001077,1.096444416916749,0.0001667523463013132,-12.0,-0.547972078271399,12.0,-0.001227450520552661,5.481388306177004e-05,5.48138832285224e-05,0.0001096444416916749,0.001063003198412169,-5.481388306177004e-05
1,0.003907900000001077,1.094341627487836,0.0001668925649174202,-12.0,-0.5469204732276165,12.0,-0.001227301617895984,5.470873657925339e-05,5.470873674614595e-05,0.0001094341627487836,0.00106316970007922,-5.470873657925339e-05
1,0.003908100000001077,1.092237109944082,0.0001670325199746303,-12.0,-0.545868004521754,12.0,-0.001227152575905027,5.460350370417286e-05,5.460350387120539e-05,0.0001092237109944082,0.001063336321598746,-5.460350370417287e-05
1,0.003908300000001076,1.09013086760881,0.0001671722112529528,-12.0,-0.5448146738158034,12.0,-0.001227003394773822,5.449818460270563e-05,5.449818476987785e-05,0.000109013086760881,0.001063503062666171,-5.449818460270564e-05
1,0.003908500000001076,1.088022903808063,0.0001673116385318418,-12.0,-0.5437604827731176,12.0,-0.001226854074696478,5.439277944116494e-05,5.439277960847657e-05,0.0001088022903808063,0.001063669922976906,-5.439277944116494e-05
1,0.003908700000001076,1.08591322187061,0.0001674508015906961,-12.0,-0.5427054330584112,12.0,-0.001226704615867547,5.428728838600021e-05,5.428728855345099e-05,0.0001085913221870611,0.001063836902226049,-5.428728838600019e-05
1,0.003908900000001075,1.083801825127919,0.0001675897002132998,-12.0,-0.5416495263377428,12.0,-0.00122655501848172,5.418171160379559e-05,5.41817117713853e-05,0.0001083801825127919,0.001064004000108698,-5.418171160379561e-05
1,0.003909100000001075,1.081688716914181,0.000167728334174666,-12.0,-0.540592764278545,12.0,-0.001226405282734065,5.407604926127197e-05,5.407604942900031e-05,0.0001081688716914181,0.001064171216319715,-5.407604926127196e-05
1,0.003909300000001075,1.079573900566283,0.0001678667032629089,-12.0,-0.5395351485495804,12.0,-0.001226255408819807,5.397030152528433e-05,5.397030169315103e-05,0.0001079573900566284,0.001064338550553892,-5.397030152528433e-05
1,0.003909500000001074,1.077457379423808,0.0001680048072540963,-12.0,-0.5384766808209747,12.0,-0.001226105396934504,5.386446856282288e-05,5.386446873082768e-05,0.0001077457379423808,0.001064506002505877,-5.386446856282288e-05
1,0.003909700000001074,1.075339156829029,0.0001681426459360646,-12.0,-0.5374173627641838,12.0,-0.001225955247273973,5.375855054101199e-05,5.375855070915465e-05,0.0001075339156829029,0.00106467357187013,-5.3758550541012e-05
1,0.003909900000001074,1.073219236126914,0.00016828021908466,-12.0,-0.5363571960520277,12.0,-0.001225804960034306,5.365254762711123e-05,5.365254779539146e-05,0.0001073219236126914,0.001064841258341012,-5.365254762711124e-05
1,0.0039101000000010735,1.071097620665111,0.0001684175264898835,-12.0,-0.5352961823586452,12.0,-0.001225654535411812,5.354645998851351e-05,5.354646015693106e-05,0.0001071097620665111,0.001065009061612755,-5.354645998851351e-05
1,0.003910300000001073,1.068974313793931,0.0001685545679302458,-12.0,-0.5342343233595248,12.0,-0.001225503973603111,5.344028779274552e-05,5.344028796130006e-05,0.0001068974313793931,0.001065176981379458,-5.34402877927455e-05
1,0.003910500000001073,1.066849318866377,0.0001686913431920845,-12.0,-0.5331716207314867,12.0,-0.001225353274805129,5.333403120746788e-05,5.333403137615922e-05,0.0001066849318866377,0.001065345017335018,-5.333403120746789e-05
1,0.003910700000001072,1.064722639238101,0.0001688278520589614,-12.0,-0.5321080761526835,12.0,-0.001225202439214951,5.322769040047425e-05,5.32276905693021e-05,0.0001064722639238101,0.001065513169173284,-5.322769040047425e-05
1,0.003910900000001072,1.062594278267423,0.0001689640943157156,-12.0,-0.5310436913025973,12.0,-0.00122505146703001,5.312126553969131e-05,5.312126570865539e-05,0.0001062594278267423,0.001065681436587973,-5.31212655396913e-05
1,0.003911100000001072,1.060464239315318,0.0001691000697475187,-12.0,-0.529978467862037,12.0,-0.001224900358447967,5.301475679317844e-05,5.301475696227851e-05,0.0001060464239315318,0.001065849819272609,-5.301475679317844e-05
1,0.0039113000000010716,1.058332525745411,0.0001692357781393206,-12.0,-0.5289124075131387,12.0,-0.001224749113666788,5.29081643291278e-05,5.290816449836359e-05,0.0001058332525745411,0.001066018316920624,-5.290816432912781e-05
1,0.003911500000001071,1.056199140923965,0.0001693712192795127,-12.0,-0.5278455119393515,12.0,-0.001224597732884684,5.280148831586309e-05,5.28014884852343e-05,0.0001056199140923965,0.001066186929225284,-5.28014883158631e-05
1,0.003911700000001071,1.054064088219886,0.0001695063929513796,-12.0,-0.5267777828254517,12.0,-0.001224446216300121,5.269472892184032e-05,5.26947290913467e-05,0.0001054064088219886,0.001066355655879779,-5.269472892184031e-05
1,0.0039119000000010715,1.051927371004717,0.0001696412989437568,-12.0,-0.5257092218575298,12.0,-0.001224294564111848,5.258788631564734e-05,5.258788648528865e-05,0.0001051927371004717,0.001066524496577147,-5.258788631564735e-05
1,0.00391210000000107,1.049788992652626,0.0001697759370430929,-12.0,-0.524639830722989,12.0,-0.001224142776518861,5.248096066600323e-05,5.248096083577917e-05,0.0001049788992652626,0.001066693451010278,-5.248096066600321e-05
1,0.00391230000000107,1.047648956540407,0.0001699103070375574,-12.0,-0.5235696111105442,12.0,-0.001223990853720436,5.237395214175819e-05,5.237395231166848e-05,0.0001047648956540407,0.001066862518871947,-5.237395214175817e-05
1,0.00391250000000107,1.045507266047474,0.0001700444087144315,-12.0,-0.5224985647102212,12.0,-0.001223838795916123,5.226686091189355e-05,5.226686108193797e-05,0.0001045507266047474,0.001067031699854837,-5.226686091189357e-05
1,0.003912700000001069,1.043363924555838,0.0001701782418649378,-12.0,-0.5214266932133391,12.0,-0.001223686603305706,5.215968714552042e-05,5.215968731569867e-05,0.0001043363924555838,0.001067200993651471,-5.215968714552041e-05
1,0.003912900000001069,1.041218935450138,0.0001703118062729159,-12.0,-0.5203539983125417,12.0,-0.001223534276089309,5.205243101188146e-05,5.205243118219327e-05,0.0001041218935450138,0.001067370399954186,-5.205243101188146e-05
1,0.0039131000000010695,1.039072302117607,0.0001704451017339181,-12.0,-0.5192804817017516,12.0,-0.001223381814467205,5.194509268034856e-05,5.194509285079366e-05,0.0001039072302117607,0.001067539918455339,-5.194509268034855e-05
1,0.003913300000001068,1.036924027948063,0.0001705781280329499,-12.0,-0.5182061450762009,12.0,-0.001223229218640064,5.183767232042338e-05,5.183767249100152e-05,0.0001036924027948063,0.001067709548847016,-5.183767232042338e-05
1,0.003913500000001068,1.034774116333934,0.0001707108849627881,-12.0,-0.5171309901324139,12.0,-0.001223076488808698,5.173017010173767e-05,5.173017027244855e-05,0.0001034774116333934,0.001067879290821298,-5.173017010173768e-05
1,0.003913700000001068,1.032622570670225,0.0001708433723123792,-12.0,-0.51605501856821,12.0,-0.001222923625174253,5.162258619405225e-05,5.162258636489561e-05,0.0001032622570670225,0.001068049144070084,-5.162258619405224e-05
1,0.0039139000000010665,1.030469394354512,0.0001709755898761656,-12.0,-0.5149782320826861,12.0,-0.001222770627938151,5.151492076725622e-05,5.151492093823182e-05,0.0001030469394354513,0.001068219108285147,-5.151492076725624e-05
1,0.003914100000001067,1.028314590786965,0.0001711075374398185,-12.0,-0.5139006323762472,12.0,-0.001222617497302042,5.140717399136871e-05,5.140717416247625e-05,0.0001028314590786965,0.001068389183158158,-5.140717399136869e-05
1,0.003914300000001067,1.026158163370313,0.0001712392148020547,-12.0,-0.5128222211505611,12.0,-0.001222464233467863,5.129934603653631e-05,5.129934620777553e-05,0.0001026158163370313,0.001068559368380677,-5.129934603653632e-05
1,0.003914500000001066,1.024000115509841,0.0001713706217500444,-12.0,-0.5117430001085894,12.0,-0.001222310836637819,5.119143707303396e-05,5.119143724440457e-05,0.0001024000115509841,0.001068729663644075,-5.119143707303395e-05
1,0.003914700000001066,1.021840450613412,0.0001715017580792844,-12.0,-0.5106629709545696,12.0,-0.00122215730701436,5.108344727126488e-05,5.108344744276665e-05,0.0001021840450613412,0.001068900068639723,-5.108344727126488e-05
1,0.003914900000001066,1.019679172091429,0.000171632623582052,-12.0,-0.509582135394015,12.0,-0.001222003644800226,5.097537680175971e-05,5.097537697339233e-05,0.0001019679172091429,0.00106907058305878,-5.09753768017597e-05
1,0.003915100000001065,1.017516283356846,0.0001717632180522899,-12.0,-0.5085004951337124,12.0,-0.001221849850198367,5.086722583517646e-05,5.086722600693968e-05,0.0001017516283356846,0.001069241206592346,-5.086722583517647e-05
1,0.003915300000001065,1.015351787825162,0.0001718935412838851,-12.0,-0.5074180518817196,12.0,-0.001221695923412092,5.075899454230035e-05,5.07589947141939e-05,0.0001015351787825162,0.001069411938931328,-5.075899454230035e-05
1,0.003915500000001065,1.013185688914415,0.0001720235930708913,-12.0,-0.5063348073473651,12.0,-0.001221541864644883,5.065068309404361e-05,5.065068326606719e-05,0.0001013185688914415,0.001069582779766626,-5.065068309404361e-05
1,0.0039157000000010645,1.011017990045162,0.0001721533732109704,-12.0,-0.505250763241231,12.0,-0.001221387674100571,5.054229166144419e-05,5.054229183359758e-05,0.0001011017990045162,0.001069753728788911,-5.054229166144419e-05
1,0.003915900000001064,1.008848694640505,0.0001722828814940125,-12.0,-0.5041659212751829,12.0,-0.001221233351983153,5.043382041566769e-05,5.043382058795057e-05,0.0001008848694640505,0.00106992478568884,-5.043382041566769e-05
1,0.003916100000001064,1.00667780612606,0.0001724121177223426,-12.0,-0.5030802831623252,12.0,-0.001221078898496993,5.032526952800476e-05,5.032526970041686e-05,0.000100667780612606,0.001070095950156891,-5.032526952800476e-05
1,0.003916300000001064,1.004505327929947,0.0001725410816871831,-12.0,-0.5019938506170317,12.0,-0.001220924313846683,5.021663916987189e-05,5.021663934241298e-05,0.0001004505327929947,0.0010702672218834,-5.021663916987189e-05
1,0.003916500000001063,1.002331263482815,0.0001726697731877502,-12.0,-0.5009066253549278,12.0,-0.001220769598236984,5.010792951281156e-05,5.010792968548135e-05,0.0001002331263482815,0.001070438600558742,-5.010792951281156e-05
1,0.003916700000001063,1.00015561621781,0.0001727981920195409,-12.0,-0.4998186090928937,12.0,-0.0012206147518731,4.999914072849133e-05,4.999914090128952e-05,0.000100015561621781,0.001070610085872989,-4.999914072849132e-05
1,0.003916900000001063,0.9979783895705684,0.0001729263379831036,-12.0,-0.4987298035490462,12.0,-0.001220459774960339,4.989027298870292e-05,4.989027316162927e-05,9.979783895705684e-05,0.001070781677516265,-4.989027298870293e-05
1,0.003917100000001062,0.9957995869792375,0.0001730542108710487,-12.0,-0.4976402104427702,12.0,-0.001220304667704383,4.978132646536411e-05,4.978132663841832e-05,9.957995869792376e-05,0.001070953375178457,-4.978132646536412e-05
1,0.003917300000001062,0.9936192118844457,0.0001731818104880323,-12.0,-0.4965498314946727,12.0,-0.001220149430311096,4.967230133051607e-05,4.967230150369788e-05,9.936192118844458e-05,0.001071125178549417,-4.967230133051608e-05
1,0.0039175000000010625,0.9914372677292951,0.0001733091366279416,-12.0,-0.4954586684266142,12.0,-0.001219994062986687,4.956319775632421e-05,4.956319792963336e-05,9.914372677292951e-05,0.00107129708731888,-4.956319775632421e-05
1,0.003917700000001061,0.9892537579593811,0.0001734361890925462,-12.0,-0.4943667229616898,12.0,-0.001219838565937562,4.945401591507824e-05,4.945401608851443e-05,9.892537579593812e-05,0.001071469101176448,-4.945401591507824e-05
1,0.003917900000001061,0.9870686860227669,0.0001735629676799522,-12.0,-0.4932739968242338,12.0,-0.001219682939370401,4.934475597919137e-05,4.934475615275434e-05,9.870686860227669e-05,0.001071641219811646,-4.934475597919138e-05
1,0.003918100000001061,0.9848820553699708,0.0001736894721934834,-12.0,-0.4921804917398004,12.0,-0.001219527183492199,4.92354181211994e-05,4.923541829488887e-05,9.848820553699709e-05,0.001071813442913849,-4.923541812119939e-05
1,0.00391830000000106,0.98269386945399,0.0001738157024279707,-12.0,-0.4910862094351959,12.0,-0.001219371298510151,4.91260025137624e-05,4.91260026875781e-05,9.8269386945399e-05,0.001071985770172389,-4.91260025137624e-05
1,0.00391850000000106,0.9805041317302705,0.000173941658191068,-12.0,-0.4899911516384322,12.0,-0.001219215284631758,4.901650932966232e-05,4.901650950360397e-05,9.805041317302705e-05,0.001072158201276437,-4.901650932966233e-05
1,0.003918700000001061,0.9783128456566997,0.0001740673392790493,-12.0,-0.488895320078758,12.0,-0.001219059142064764,4.890693874180371e-05,4.890693891587104e-05,9.783128456566998e-05,0.001072330735915096,-4.890693874180371e-05
1,0.003918900000001059,0.9761200146936254,0.0001741927454962378,-12.0,-0.487798716486641,12.0,-0.001218902871017162,4.879729092321373e-05,4.879729109740646e-05,9.761200146936254e-05,0.001072503373777352,-4.879729092321373e-05
1,0.003919100000001059,0.973925642303826,0.0001743178766442366,-12.0,-0.4867013425937679,12.0,-0.001218746471697278,4.868756604704121e-05,4.868756622135909e-05,9.73925642303826e-05,0.001072676114552064,-4.868756604704122e-05
1,0.003919300000001059,0.9717297319525156,0.0001744427325257036,-12.0,-0.4856032001330419,12.0,-0.001218589944313592,4.857776428655676e-05,4.85777644609995e-05,9.717297319525156e-05,0.001072848957928071,-4.857776428655676e-05
1,0.0039195000000010576,0.9695322871073382,0.0001745673129441849,-12.0,-0.4845042908385798,12.0,-0.001218433289074956,4.846788581515239e-05,4.84678859897197e-05,9.695322871073383e-05,0.001073021903593992,-4.84678858151524e-05
1,0.003919700000001058,0.9673333112383632,0.0001746916177019497,-12.0,-0.4834046164457125,12.0,-0.001218276506190392,4.835793080634145e-05,4.835793098103306e-05,9.673333112383633e-05,0.001073194951238449,-4.835793080634145e-05
1,0.003919900000001058,0.9651328078180659,0.0001748156466066519,-12.0,-0.4823041786909666,12.0,-0.001218119595869274,4.824789943375733e-05,4.824789960857297e-05,9.65132807818066e-05,0.0010733681005499,-4.824789943375733e-05
1,0.0039201000000010575,0.9629307803213496,0.000174939399456453,-12.0,-0.481202979312096,12.0,-0.00121796255832117,4.813779187115525e-05,4.813779204609466e-05,9.629307803213496e-05,0.001073541351216734,-4.813779187115525e-05
1,0.003920300000001057,0.9607272322255189,0.0001750628760633366,-12.0,-0.4801010200480356,12.0,-0.001217805393755926,4.802760829240989e-05,4.802760846747278e-05,9.60727232225519e-05,0.001073714702927255,-4.802760829240989e-05
1,0.003920500000001057,0.9585221670102688,0.0001751860762274626,-12.0,-0.4789983026389324,12.0,-0.001217648102383673,4.791734887151598e-05,4.791734904670207e-05,9.585221670102689e-05,0.001073888155369622,-4.791734887151599e-05
1,0.003920700000001056,0.9563155881577065,0.000175308999756929,-12.0,-0.4778948288261278,12.0,-0.001217490684414818,4.780701378258848e-05,4.780701395789748e-05,9.563155881577065e-05,0.001074061708231926,-4.780701378258848e-05
1,0.003920900000001056,0.9541074991523236,0.0001754316464563921,-12.0,-0.4767906003521608,12.0,-0.001217333140059958,4.769660319986171e-05,4.769660337529336e-05,9.541074991523237e-05,0.001074235361202193,-4.769660319986171e-05
1,0.003921100000001056,0.9518979034809861,0.0001755540161356706,-12.0,-0.4756856189607493,12.0,-0.001217175469529999,4.758611729768851e-05,4.758611747324253e-05,9.518979034809861e-05,0.001074409113968298,-4.75861172976885e-05
1,0.0039213000000010555,0.9496868046329563,0.0001756761085964231,-12.0,-0.4745798863968224,12.0,-0.001217017673036121,4.747555625054189e-05,4.747555642621799e-05,9.496868046329563e-05,0.001074582966218041,-4.747555625054189e-05
1,0.003921500000001055,0.9474742060998628,0.0001757979236525764,-12.0,-0.4734734044064733,12.0,-0.001216859750789785,4.73649202330126e-05,4.736492040881051e-05,9.474742060998629e-05,0.001074756917639141,-4.73649202330126e-05
1,0.003921700000001055,0.9452601113756925,0.0001759194611068993,-12.0,-0.4723661747369913,12.0,-0.001216701703002643,4.725420941980982e-05,4.725420959572928e-05,9.452601113756926e-05,0.001074930967919233,-4.725420941980983e-05
1,0.0039219000000010554,0.9430445239568127,0.0001760407207705983,-12.0,-0.4712581991368431,12.0,-0.001216543529886663,4.714342398576137e-05,4.714342416180211e-05,9.430445239568127e-05,0.0010751051167458,-4.714342398576138e-05
1,0.003922100000001054,0.9408274473419351,0.0001761617024513273,-12.0,-0.4701494793556735,12.0,-0.001216385231654044,4.703256410581249e-05,4.703256428197419e-05,9.408274473419352e-05,0.001075279363806324,-4.703256410581248e-05
1,0.003922300000001054,0.9386088850321329,0.000176282405958017,-12.0,-0.4690400171443054,12.0,-0.001216226808517303,4.692162995502635e-05,4.692163013130875e-05,9.386088850321329e-05,0.001075453708788102,-4.692162995502634e-05
1,0.003922500000001054,0.9363888405308102,0.0001764028311034282,-12.0,-0.4679298142547216,12.0,-0.001216068260689124,4.68106217085825e-05,4.681062188498534e-05,9.363888405308103e-05,0.001075628151378447,-4.681062170858251e-05
1,0.003922700000001053,0.9341673173437284,0.0001765229776917732,-12.0,-0.4668188724400967,12.0,-0.001215909588382552,4.669953954177885e-05,4.669953971830183e-05,9.341673173437284e-05,0.001075802691264477,-4.669953954177885e-05
1,0.003922900000001053,0.9319443189789782,0.0001766428455403646,-12.0,-0.4657071934547501,12.0,-0.001215750791810855,4.658838363002905e-05,4.65883838066719e-05,9.319443189789783e-05,0.001075977328133242,-4.658838363002905e-05
1,0.0039231000000010535,0.9297198489469692,0.000176762434455191,-12.0,-0.4645947790541776,12.0,-0.00121559187118752,4.647715414886329e-05,4.647715432562571e-05,9.297198489469693e-05,0.00107615206167179,-4.647715414886328e-05
1,0.003923300000001052,0.9274939107604523,0.0001768817442501791,-12.0,-0.4634816309950335,12.0,-0.001215432826726343,4.636585127392837e-05,4.636585145081011e-05,9.274939107604523e-05,0.001076326891566996,-4.636585127392837e-05
1,0.003923500000001052,0.9252665079344902,0.0001770007747357583,-12.0,-0.4623677510351336,12.0,-0.001215273658641401,4.625447518098695e-05,4.625447535798773e-05,9.252665079344903e-05,0.001076501817505661,-4.625447518098694e-05
1,0.003923700000001052,0.9230376439864475,0.0001771195257275759,-12.0,-0.4612531409334371,12.0,-0.001215114367146948,4.614302604591648e-05,4.6143026223036e-05,9.230376439864475e-05,0.001076676839174534,-4.614302604591646e-05
1,0.0039239000000010505,0.9208073224360126,0.0001772379970322868,-12.0,-0.4601378024500779,12.0,-0.00121495495245761,4.603150404471103e-05,4.603150422194902e-05,9.208073224360127e-05,0.001076851956260227,-4.603150404471102e-05
1,0.003924100000001051,0.9185755468051708,0.0001773561884701458,-12.0,-0.4590217373463184,12.0,-0.001214795414788181,4.591990935347885e-05,4.591990953083504e-05,9.185755468051709e-05,0.001077027168449332,-4.591990935347885e-05
1,0.003924300000001051,0.9163423206181925,0.0001774740998495838,-12.0,-0.4579049473845808,12.0,-0.001214635754353773,4.580824214844303e-05,4.580824232591715e-05,9.163423206181926e-05,0.001077202475428293,-4.580824214844304e-05
1,0.00392450000000105,0.9141076474016544,0.0001775917309873032,-12.0,-0.4567874343284289,12.0,-0.001214475971369686,4.569650260594162e-05,4.569650278353336e-05,9.141076474016545e-05,0.001077377876883535,-4.569650260594162e-05
1,0.00392470000000105,0.9118715306844133,0.0001777090816960647,-12.0,-0.4556691999425716,12.0,-0.001214316066051595,4.558469090242677e-05,4.558469108013587e-05,9.118715306844134e-05,0.001077553372501323,-4.558469090242677e-05
1,0.00392490000000105,0.9096339739975948,0.000177826151794569,-12.0,-0.454550245992844,12.0,-0.001214156038615327,4.547280721446387e-05,4.547280739229002e-05,9.096339739975949e-05,0.001077728961967929,-4.547280721446387e-05
1,0.003925100000001049,0.9073949808746141,0.0001779429410918021,-12.0,-0.4534305742462399,12.0,-0.001213995889277036,4.536085171873318e-05,4.536085189667611e-05,9.073949808746141e-05,0.001077904644969478,-4.536085171873317e-05
1,0.003925300000001049,0.9051545548511506,0.0001780594494110166,-12.0,-0.4523101864708643,12.0,-0.001213835618253119,4.524882459202754e-05,4.524882477008698e-05,9.051545548511506e-05,0.001078080421192021,-4.524882459202753e-05
1,0.003925500000001049,0.9029126994651333,0.0001781756765629194,-12.0,-0.4511890844359655,12.0,-0.001213675225760207,4.513672601125286e-05,4.513672618942853e-05,9.029126994651334e-05,0.001078256290321586,-4.513672601125284e-05
1,0.0039257000000010485,0.9006694182567672,0.0001782916223670994,-12.0,-0.4500672699119168,12.0,-0.00121351471201523,4.502455615342839e-05,4.502455633172001e-05,9.006694182567672e-05,0.001078432252044043,-4.502455615342839e-05
1,0.003925900000001048,0.8984247147684978,0.0001784072866398145,-12.0,-0.4489447446702163,12.0,-0.001213354077235343,4.491231519568562e-05,4.491231537409291e-05,8.984247147684979e-05,0.001078608306045239,-4.491231519568561e-05
1,0.003926100000001048,0.8961785925450196,0.0001785226691990438,-12.0,-0.4478215104834846,12.0,-0.001213193321637981,4.480000331526837e-05,4.480000349379103e-05,8.961785925450196e-05,0.001078784452010942,-4.480000331526837e-05
1,0.003926300000001047,0.8939310551332678,0.0001786377698628772,-12.0,-0.4466975691254619,12.0,-0.001213032445440854,4.468762068953247e-05,4.468762086817024e-05,8.939310551332678e-05,0.00107896068962679,-4.468762068953248e-05
1,0.003926500000001047,0.8916821060824148,0.0001787525884489605,-12.0,-0.4455729223710081,12.0,-0.001212871448861903,4.457516749594571e-05,4.457516767469829e-05,8.916821060824148e-05,0.001079137018578417,-4.457516749594571e-05
1,0.003926700000001047,0.8894317489438491,0.0001788671247792695,-12.0,-0.4444475719960844,12.0,-0.001212710332119324,4.446264391208637e-05,4.44626440909535e-05,8.894317489438492e-05,0.001079313438551346,-4.446264391208637e-05
1,0.003926900000001047,0.8871799872712012,0.0001789813786675087,-12.0,-0.4433215197777855,12.0,-0.0012125490954316,4.43500501156453e-05,4.435005029462669e-05,8.871799872712013e-05,0.00107948994923103,-4.43500501156453e-05
1,0.003927100000001046,0.8849268246203122,0.0001790953499404835,-12.0,-0.4421947674942919,12.0,-0.001212387739017447,4.423738628442325e-05,4.423738646351859e-05,8.849268246203123e-05,0.001079666550302824,-4.423738628442324e-05
1,0.003927300000001046,0.8826722645492259,0.0001792090384133971,-12.0,-0.4410673169249024,12.0,-0.001212226263095861,4.412465259633159e-05,4.412465277554063e-05,8.826722645492259e-05,0.001079843241452071,-4.412465259633158e-05
1,0.0039275000000010465,0.8804163106182079,0.0001793224439094465,-12.0,-0.4399391698500154,12.0,-0.001212064667886086,4.401184922939249e-05,4.401184940871492e-05,8.80416310618208e-05,0.00108002002236398,-4.401184922939249e-05
1,0.003927700000001045,0.8781589663897202,0.0001794355662481095,-12.0,-0.4388103280511323,12.0,-0.001211902953607624,4.389897636173803e-05,4.389897654117361e-05,8.781589663897203e-05,0.001080196892723713,-4.389897636173804e-05
1,0.003927900000001045,0.8759002354284093,0.0001795484052545815,-12.0,-0.4376807933108388,12.0,-0.00121174112048026,4.378603417160933e-05,4.378603435115774e-05,8.759002354284094e-05,0.001080373852216356,-4.378603417160934e-05
1,0.003928100000001045,0.8736401213011284,0.000179660960744954,-12.0,-0.4365505674128372,12.0,-0.001211579168723963,4.367302283735821e-05,4.367302301701918e-05,8.736401213011284e-05,0.001080550900526965,-4.367302283735822e-05
1,0.003928300000001044,0.8713786275769083,0.0001797732325486412,-12.0,-0.4354196521418989,12.0,-0.00121141709855907,4.355994253744475e-05,4.355994271721798e-05,8.713786275769084e-05,0.001080728037340453,-4.355994253744476e-05
1,0.003928500000001044,0.8691157578269484,0.0001798852204835111,-12.0,-0.4342880492838967,12.0,-0.001211254910206086,4.344679345043803e-05,4.344679363032325e-05,8.691157578269485e-05,0.001080905262341725,-4.344679345043803e-05
1,0.0039287000000010446,0.8668515156246369,0.0001799969243754251,-12.0,-0.433155760625786,12.0,-0.001211092603885813,4.333357575501615e-05,4.333357593501307e-05,8.66851515624637e-05,0.001081082575215588,-4.333357575501614e-05
1,0.003928900000001043,0.8645859045455243,0.0001801083440469142,-12.0,-0.4320227879556082,12.0,-0.001210930179819311,4.322028962996551e-05,4.322028981007387e-05,8.645859045455243e-05,0.001081259975646794,-4.322028962996551e-05
1,0.003929100000001043,0.8623189281673113,0.0001802194793257272,-12.0,-0.4308891330624723,12.0,-0.001210767638227896,4.31069352541798e-05,4.310693543439928e-05,8.623189281673113e-05,0.001081437463320012,-4.31069352541798e-05
1,0.003929300000001043,0.8600505900698713,0.0001803303300303427,-12.0,-0.4297547977365869,12.0,-0.001210604979333119,4.299351280666172e-05,4.299351298699204e-05,8.600505900698714e-05,0.00108161503791989,-4.299351280666172e-05
1,0.0039295000000010415,0.8577808938352228,0.0001804408959931725,-12.0,-0.4286197837692127,12.0,-0.001210442203356803,4.288002246652058e-05,4.288002264696148e-05,8.577808938352229e-05,0.001081792699130953,-4.288002246652058e-05
1,0.003929700000001042,0.8555098430475171,0.0001805511770345825,-12.0,-0.4274840929526948,12.0,-0.001210279310521062,4.276646441297294e-05,4.276646459352412e-05,8.555098430475171e-05,0.001081970446637694,-4.276646441297295e-05
1,0.003929900000001042,0.8532374412930623,0.0001806611729834318,-12.0,-0.4263477270804443,12.0,-0.001210116301048204,4.265283882534276e-05,4.265283900600395e-05,8.532374412930624e-05,0.00108214828012456,-4.265283882534277e-05
1,0.0039301000000010414,0.8509636921602887,0.0001807708836652488,-12.0,-0.4252106879469377,12.0,-0.001209953175160844,4.253914588306029e-05,4.253914606383117e-05,8.509636921602887e-05,0.001082326199275882,-4.253914588306029e-05
1,0.003930300000001041,0.8486885992397586,0.000180880308907394,-12.0,-0.4240729773477151,12.0,-0.001209789933081858,4.242538576566226e-05,4.242538594654256e-05,8.486885992397586e-05,0.001082504203775939,-4.242538576566225e-05
1,0.003930500000001041,0.8464121661241555,0.0001809894485375607,-12.0,-0.4229345970793769,12.0,-0.001209626575034331,4.231155865279144e-05,4.231155883378089e-05,8.464121661241555e-05,0.001082682293309011,-4.231155865279144e-05
1,0.00393070000000104,0.8441343964082824,0.0001810983023827206,-12.0,-0.421795548939584,12.0,-0.001209463101241627,4.219766472419668e-05,4.219766490529499e-05,8.441343964082824e-05,0.001082860467559274,-4.219766472419668e-05
1,0.00393090000000104,0.8418552936890396,0.0001812068702743974,-12.0,-0.4206558347270395,12.0,-0.001209299511927386,4.20837041597314e-05,4.208370434093826e-05,8.418552936890396e-05,0.001083038726210815,-4.208370415973139e-05
1,0.00393110000000104,0.8395748615654499,0.000181315152035455,-12.0,-0.4195154562415203,12.0,-0.001209135807315485,4.196967713935558e-05,4.196967732067073e-05,8.395748615654499e-05,0.001083217068947706,-4.196967713935558e-05
1,0.0039313000000010395,0.8372931036386297,0.0001814231475022465,-12.0,-0.4183744152838301,12.0,-0.001208971987630064,4.185558384313324e-05,4.185558402455638e-05,8.372931036386298e-05,0.00108339549545395,-4.185558384313324e-05
1,0.003931500000001039,0.835010023511778,0.0001815308564991902,-12.0,-0.4172327136558317,12.0,-0.001208808053095513,4.174142445123309e-05,4.174142463276394e-05,8.35010023511778e-05,0.001083574005413479,-4.174142445123309e-05
1,0.003931700000001039,0.8327256247901988,0.0001816382788593085,-12.0,-0.4160903531604276,12.0,-0.001208644003936506,4.16271991439287e-05,4.162719932556698e-05,8.327256247901989e-05,0.001083752598510151,-4.16271991439287e-05
1,0.003931900000001039,0.8304399110812714,0.0001817454144114605,-12.0,-0.4149473356015643,12.0,-0.001208479840377905,4.151290810159758e-05,4.1512908283343e-05,8.304399110812714e-05,0.001083931274427866,-4.151290810159758e-05
1,0.003932100000001038,0.8281528859944409,0.000181852262990001,-12.0,-0.4138036627842128,12.0,-0.00120831556264489,4.139855150472028e-05,4.139855168657255e-05,8.281528859944409e-05,0.001084110032850333,-4.139855150472028e-05
1,0.003932300000001038,0.8258645531412417,0.000181958824420736,-12.0,-0.4126593365144016,12.0,-0.001208151170962901,4.128412953388223e-05,4.128412971584105e-05,8.258645531412418e-05,0.001084288873461285,-4.128412953388223e-05
1,0.003932500000001038,0.8235749161352651,0.000182065098542239,-12.0,-0.4115143585991682,12.0,-0.001207986665557582,4.116964236977105e-05,4.116964255183615e-05,8.235749161352651e-05,0.001084467795944372,-4.116964236977105e-05
1,0.003932700000001037,0.8212839785921534,0.0001821710851822589,-12.0,-0.4103687308465925,12.0,-0.001207822046654886,4.105509019317747e-05,4.105509037534856e-05,8.212839785921535e-05,0.00108464679998322,-4.105509019317748e-05
1,0.003932900000001037,0.8189917441296171,0.0001822767841759276,-12.0,-0.4092224550657769,12.0,-0.001207657314480956,4.094047318499528e-05,4.094047336727206e-05,8.18991744129617e-05,0.001084825885261376,-4.094047318499528e-05
1,0.0039331000000010375,0.8166982163674059,0.0001823821953558236,-12.0,-0.4080755330668473,12.0,-0.001207492469262265,4.082579152622031e-05,4.082579170860251e-05,8.16698216367406e-05,0.001085005051462362,-4.082579152622032e-05
1,0.003933300000001036,0.8144033989273152,0.0001824873185561904,-12.0,-0.4069279666609502,12.0,-0.001207327511225494,4.071104539795063e-05,4.071104558043795e-05,8.144033989273152e-05,0.001085184298269593,-4.071104539795064e-05
1,0.003933500000001036,0.8121072954331754,0.0001825921536111053,-12.0,-0.4057797576602495,12.0,-0.001207162440597577,4.059623498138606e-05,4.059623516397821e-05,8.121072954331754e-05,0.001085363625366501,-4.059623498138606e-05
1,0.003933700000001036,0.8098099095108525,0.0001826967003545898,-12.0,-0.4046309078779274,12.0,-0.001206997257605744,4.04813604578282e-05,4.04813606405249e-05,8.098099095108525e-05,0.001085543032436416,-4.04813604578282e-05
1,0.003933900000001035,0.8075112447882277,0.0001828009586243295,-12.0,-0.4034814191281678,12.0,-0.001206831962477443,4.036642200867921e-05,4.036642219148017e-05,8.075112447882277e-05,0.001085722519162648,-4.036642200867921e-05
1,0.003934100000001035,0.8052113048952048,0.0001829049282530137,-12.0,-0.4023312932261736,12.0,-0.001206666555440356,4.025141981544266e-05,4.025141999834759e-05,8.052113048952049e-05,0.001085902085228449,-4.025141981544266e-05
1,0.003934300000001036,0.8029100934637087,0.0001830086090784389,-12.0,-0.4011805319881506,12.0,-0.001206501036722478,4.01363540597229e-05,4.013635424273151e-05,8.029100934637087e-05,0.001086081730317011,-4.013635405972291e-05
1,0.003934500000001034,0.8006076141276655,0.0001831120009364584,-12.0,-0.400029137231308,12.0,-0.001206335406552003,4.002122492322445e-05,4.002122510633645e-05,8.006076141276655e-05,0.001086261454111517,-4.002122492322445e-05
1,0.003934700000001034,0.798303870523006,0.0001832151036645913,-12.0,-0.3988771107738551,12.0,-0.00120616966515745,3.990603258775197e-05,3.990603277096707e-05,7.983038705230061e-05,0.001086441256295048,-3.990603258775198e-05
1,0.003934900000001034,0.7959988662876608,0.0001833179170992461,-12.0,-0.3977244544350024,12.0,-0.001206003812767482,3.979077723521016e-05,3.979077741852808e-05,7.959988662876609e-05,0.001086621136550683,-3.979077723521016e-05
1,0.0039351000000010326,0.7936926050615415,0.0001834204410809948,-12.0,-0.3965711700349449,12.0,-0.001205837849611091,3.967545904760259e-05,3.967545923102303e-05,7.936926050615416e-05,0.001086801094561461,-3.967545904760259e-05
1,0.003935300000001033,0.791385090486547,0.0001835226754450248,-12.0,-0.3954172593948793,12.0,-0.001205671775917544,3.956007820703243e-05,3.95600783905551e-05,7.913850904865471e-05,0.001086981130010316,-3.956007820703244e-05
1,0.003935500000001033,0.7890763262065649,0.0001836246200320191,-12.0,-0.3942627243369882,12.0,-0.001205505591916296,3.944463489570202e-05,3.944463507932664e-05,7.890763262065648e-05,0.001087161242580202,-3.944463489570202e-05
1,0.0039357000000010325,0.7867663158674524,0.0001837262746801627,-12.0,-0.3931075666844431,12.0,-0.001205339297837095,3.932912929591232e-05,3.932912947963862e-05,7.867663158674524e-05,0.001087341431954006,-3.932912929591233e-05
1,0.003935900000001032,0.7844550631170215,0.000183827639232248,-12.0,-0.391951788261386,12.0,-0.001205172893909923,3.921356159006183e-05,3.921356177388946e-05,7.844550631170216e-05,0.001087521697814571,-3.921356159006183e-05
1,0.003936100000001032,0.7821425716050654,0.0001839287135225187,-12.0,-0.3907953908929618,12.0,-0.001205006380365026,3.909793196064843e-05,3.909793214457714e-05,7.821425716050655e-05,0.001087702039844707,-3.909793196064843e-05
1,0.003936300000001031,0.7798288449833258,0.0001840294973986523,-12.0,-0.3896383764052699,12.0,-0.0012048397574329,3.898224059026686e-05,3.898224077429636e-05,7.798288449833258e-05,0.001087882457727167,-3.898224059026686e-05
1,0.003936500000001031,0.7775138869054843,0.0001841299906964466,-12.0,-0.3884807466253975,12.0,-0.001204673025344313,3.886648766160939e-05,3.886648784573939e-05,7.775138869054844e-05,0.001088062951144657,-3.886648766160939e-05
1,0.003936700000001031,0.7751977010271849,0.0001842301932603596,-12.0,-0.3873225033814,12.0,-0.001204506184330212,3.875067335746602e-05,3.875067354169623e-05,7.75197701027185e-05,0.001088243519779916,-3.875067335746603e-05
1,0.0039369000000010305,0.7728802910059984,0.0001843301049311852,-12.0,-0.3861636485023014,12.0,-0.001204339234621918,3.863479786072326e-05,3.863479804505336e-05,7.728802910059984e-05,0.001088424163315511,-3.863479786072326e-05
1,0.00393710000000103,0.7705616605014342,0.0001844297255518823,-12.0,-0.385004183818092,12.0,-0.001204172176450871,3.851886135436439e-05,3.851886153879412e-05,7.705616605014342e-05,0.00108860488143412,-3.851886135436439e-05
1,0.00393730000000103,0.7682418131749267,0.0001845290549654099,-12.0,-0.3838441111597246,12.0,-0.001204005010048852,3.8402864021469e-05,3.840286420599807e-05,7.682418131749267e-05,0.001088785673818253,-3.8402864021469e-05
1,0.0039375000000010305,0.7659207526898366,0.0001846280930144495,-12.0,-0.3826834323591157,12.0,-0.001203837735647861,3.828680604521302e-05,3.828680622984111e-05,7.659207526898366e-05,0.001088966540150484,-3.828680604521302e-05
1,0.003937700000001029,0.7635984827114254,0.0001847268395459012,-12.0,-0.3815221492491256,12.0,-0.001203670353480166,3.817068760886715e-05,3.817068779359397e-05,7.635984827114254e-05,0.001089147480113295,-3.817068760886715e-05
1,0.003937900000001029,0.7612750069068843,0.0001848252943981166,-12.0,-0.380360263663592,12.0,-0.001203502863778273,3.805450889579901e-05,3.805450908062431e-05,7.612750069068844e-05,0.001089328493389129,-3.805450889579902e-05
1,0.003938100000001029,0.7589503289453006,0.0001849234574230474,-12.0,-0.3791977774372811,12.0,-0.001203335266774935,3.793827008947042e-05,3.793827027439388e-05,7.589503289453005e-05,0.001089509579660426,-3.793827008947041e-05
1,0.003938300000001028,0.7566244524976492,0.0001850213284605995,-12.0,-0.3780346924059204,12.0,-0.00120316756270316,3.78219713734381e-05,3.782197155845943e-05,7.566244524976492e-05,0.001089690738609574,-3.78219713734381e-05
1,0.003938500000001028,0.7542973812368157,0.0001851189073591164,-12.0,-0.3768710104061801,12.0,-0.001202999751796219,3.770561293135392e-05,3.770561311647283e-05,7.542973812368157e-05,0.001089871969918936,-3.770561293135392e-05
1,0.0039387000000010285,0.7519691188375651,0.0001852161939630559,-12.0,-0.3757067332756761,12.0,-0.001202831834287606,3.758919494696392e-05,3.75891951321801e-05,7.519691188375651e-05,0.001090053273270844,-3.758919494696392e-05
1,0.003938900000001027,0.7496396689765333,0.0001853131881224546,-12.0,-0.3745418628529511,12.0,-0.001202663810411099,3.747271760410736e-05,3.747271778942055e-05,7.496396689765334e-05,0.001090234648347552,-3.747271760410735e-05
1,0.003939100000001027,0.7473090353322488,0.0001854098896785783,-12.0,-0.3733764009775076,12.0,-0.001202495680400699,3.735618108671862e-05,3.735618127212851e-05,7.473090353322488e-05,0.001090416094831369,-3.735618108671862e-05
1,0.003939300000001027,0.7449772215851022,0.0001855062984859601,-12.0,-0.3722103494897592,12.0,-0.001202327444490642,3.723958557882451e-05,3.723958576433081e-05,7.449772215851023e-05,0.001090597612404508,-3.723958557882451e-05
1,0.0039395000000010255,0.7426442314173365,0.0001856024143870316,-12.0,-0.3710437102310635,12.0,-0.001202159102915497,3.712293126454505e-05,3.712293145014748e-05,7.426442314173365e-05,0.001090779200749153,-3.712293126454506e-05
1,0.003939700000001026,0.7403100685130709,0.0001856982372331895,-12.0,-0.3698764850437033,12.0,-0.001201990655909972,3.700621832809365e-05,3.700621851379189e-05,7.403100685130709e-05,0.001090960859547505,-3.700621832809365e-05
1,0.003939900000001026,0.7379747365582701,0.0001857937668717502,-12.0,-0.3687086757708897,12.0,-0.001201822103709102,3.688944695377615e-05,3.688944713956992e-05,7.379747365582702e-05,0.001091142588481697,-3.688944695377615e-05
1,0.003940100000001025,0.7356382392407324,0.0001858890031553317,-12.0,-0.3675402842567431,12.0,-0.001201653446548129,3.677261732598985e-05,3.677261751187886e-05,7.356382392407324e-05,0.001091324387233833,-3.677261732598985e-05
1,0.003940300000001025,0.7333005802501154,0.00018598394592792,-12.0,-0.3663713123463263,12.0,-0.001201484684662579,3.665572962922542e-05,3.665572981520937e-05,7.333005802501154e-05,0.00109150625548602,-3.665572962922542e-05
1,0.003940500000001025,0.7309617632779039,0.0001860785950468513,-12.0,-0.3652017618855957,12.0,-0.001201315818288175,3.653878404806425e-05,3.653878423414285e-05,7.309617632779039e-05,0.001091688192920298,-3.653878404806425e-05
1,0.003940700000001024,0.7286217920174007,0.0001861729503576937,-12.0,-0.3640316347214343,12.0,-0.001201146847660942,3.642178076717922e-05,3.642178095335215e-05,7.286217920174007e-05,0.00109187019921874,-3.64217807671792e-05
1,0.003940900000001024,0.7262806701637484,0.0001862670117142862,-12.0,-0.3628609327016327,12.0,-0.001200977773017142,3.63047199713347e-05,3.630472015760171e-05,7.262806701637484e-05,0.001092052274063317,-3.63047199713347e-05
1,0.003941100000001024,0.723938401413896,0.0001863607789673039,-12.0,-0.3616896576748893,12.0,-0.001200808594593268,3.618760184538565e-05,3.618760203174644e-05,7.23938401413896e-05,0.001092234417136045,-3.618760184538565e-05
1,0.0039413000000010235,0.7215949894666073,0.0001864542519695034,-12.0,-0.3605178114908069,12.0,-0.001200639312626046,3.607042657427765e-05,3.607042676073189e-05,7.215949894666073e-05,0.001092416628118875,-3.607042657427764e-05
1,0.003941500000001023,0.7192504380224503,0.0001865474305732528,-12.0,-0.3593453959998909,12.0,-0.001200469927352517,3.595319434304642e-05,3.595319452959386e-05,7.192504380224503e-05,0.001092598906693734,-3.595319434304642e-05
1,0.003941700000001023,0.7169047507837968,0.0001866403146310869,-12.0,-0.3581724130535486,12.0,-0.001200300439009871,3.583590533681798e-05,3.583590552345828e-05,7.169047507837968e-05,0.001092781252542585,-3.583590533681796e-05
1,0.003941900000001022,0.7145579314547973,0.0001867329039996479,-12.0,-0.3569988645040702,12.0,-0.001200130847835629,3.571855974080699e-05,3.571855992753989e-05,7.145579314547973e-05,0.001092963665347287,-3.571855974080699e-05
1,0.003942100000001022,0.7122099837414099,0.0001868251985270575,-12.0,-0.3558247522046623,12.0,-0.00119996115406755,3.560115774031894e-05,3.560115792714414e-05,7.1220998374141e-05,0.001093146144789711,-3.560115774031894e-05
1,0.003942300000001022,0.7098609113513655,0.0001869171980748152,-12.0,-0.3546500780093986,12.0,-0.001199791357943583,3.548369952074736e-05,3.548369970766454e-05,7.098609113513656e-05,0.001093328690551731,-3.548369952074735e-05
1,0.003942500000001022,0.7075107179941623,0.0001870089024925969,-12.0,-0.3534748437732533,12.0,-0.001199621459701976,3.536618526757459e-05,3.536618545458349e-05,7.075107179941624e-05,0.001093511302315171,-3.536618526757459e-05
1,0.003942700000001021,0.7051594073810851,0.0001871003116385717,-12.0,-0.3522990513520816,12.0,-0.00119945145958119,3.524861516637202e-05,3.524861535347233e-05,7.05159407381085e-05,0.001093693979761869,-3.524861516637202e-05
1,0.003942900000001021,0.7028069832251764,0.0001871914253668561,-12.0,-0.3511227026026236,12.0,-0.001199281357819972,3.513098940279905e-05,3.513098958999048e-05,7.028069832251765e-05,0.00109387672257362,-3.513098940279905e-05
1,0.0039431000000010215,0.7004534492412264,0.0001872822435373955,-12.0,-0.3499457993824847,12.0,-0.001199111154657304,3.501330816260221e-05,3.501330834988446e-05,7.004534492412264e-05,0.001094059530432165,-3.501330816260221e-05
1,0.00394330000000102,0.698098809145795,0.000187372766000754,-12.0,-0.3487683435501687,12.0,-0.001198940850332363,3.489557163161696e-05,3.489557181898971e-05,6.98098809145795e-05,0.001094242403019308,-3.489557163161695e-05
1,0.00394350000000102,0.6957430666571832,0.0001874629926214844,-12.0,-0.3475903369650294,12.0,-0.001198770445084638,3.47777799957651e-05,3.477778018322809e-05,6.957430666571833e-05,0.001094425340016796,-3.477777999576509e-05
1,0.00394370000000102,0.6933862254954207,0.0001875529232519824,-12.0,-0.3464117814873032,12.0,-0.001198599939153826,3.465993344105552e-05,3.465993362860844e-05,6.933862254954207e-05,0.001094608341106362,-3.465993344105552e-05
1,0.003943900000001019,0.6910282893822907,0.0001876425577530816,-12.0,-0.3452326789780901,12.0,-0.001198429332779909,3.454203215358432e-05,3.454203234122688e-05,6.910282893822907e-05,0.001094791405969686,-3.454203215358432e-05
1,0.003944100000001019,0.6886692620412939,0.0001877318959826735,-12.0,-0.3440530312993539,12.0,-0.001198258626203048,3.442407631953366e-05,3.442407650726556e-05,6.886692620412938e-05,0.001094974534288536,-3.442407631953366e-05
1,0.0039443000000010196,0.6863091471976577,0.0001878209378001483,-12.0,-0.3428728403139193,12.0,-0.001198087819663726,3.430606612517195e-05,3.430606631299288e-05,6.863091471976576e-05,0.001095157725744554,-3.430606612517194e-05
1,0.003944500000001018,0.683947948578327,0.0001879096830651739,-12.0,-0.3416921078854689,12.0,-0.001197916913402604,3.418800175685341e-05,3.41880019447631e-05,6.839479485783271e-05,0.001095340980019441,-3.41880017568534e-05
1,0.003944700000001018,0.6815856699119616,0.0001879981316371959,-12.0,-0.3405108358785437,12.0,-0.001197745907660613,3.406988340101809e-05,3.406988358901622e-05,6.815856699119616e-05,0.001095524296794853,-3.40698834010181e-05
1,0.003944900000001018,0.6792223149289123,0.0001880862833797403,-12.0,-0.3393290261585236,12.0,-0.001197574802678958,3.395171124419033e-05,3.395171143227663e-05,6.792223149289123e-05,0.001095707675752441,-3.395171124419033e-05
1,0.0039451000000010165,0.676857887361248,0.0001881741381479507,-12.0,-0.3381466805916606,12.0,-0.001197403598699034,3.383348547298085e-05,3.3833485661155e-05,6.76857887361248e-05,0.001095891116573863,-3.383348547298087e-05
1,0.003945300000001017,0.6744923909427248,0.0001882616958104044,-12.0,-0.3369638010450299,12.0,-0.001197232295962511,3.371520627408403e-05,3.371520646234572e-05,6.744923909427248e-05,0.001096074618940741,-3.371520627408403e-05
1,0.003945500000001017,0.6721258294087763,0.0001883489562237162,-12.0,-0.335780389386563,12.0,-0.001197060894711333,3.359687383427867e-05,3.359687402262763e-05,6.721258294087764e-05,0.001096258182534698,-3.359687383427867e-05
1,0.0039457000000010164,0.6697582064965342,0.0001884359192529661,-12.0,-0.3345964474850284,12.0,-0.001196889395187618,3.347848834042815e-05,3.347848852886406e-05,6.697582064965342e-05,0.001096441807037371,-3.347848834042814e-05
1,0.003945900000001016,0.6673895259448013,0.0001885225847595429,-12.0,-0.3334119772100355,12.0,-0.001196717797633771,3.336004997947951e-05,3.336005016800209e-05,6.673895259448013e-05,0.001096625492130333,-3.33600499794795e-05
1,0.003946100000001016,0.6650197914940383,0.000188608952610303,-12.0,-0.3322269804320142,12.0,-0.001196546102292438,3.324155893846245e-05,3.324155912707141e-05,6.650197914940384e-05,0.001096809237495229,-3.324155893846245e-05
1,0.003946300000001015,0.6626490068863884,0.000188695022662777,-12.0,-0.3310414590222498,12.0,-0.0011963743094065,3.312301540449125e-05,3.312301559318628e-05,6.626490068863884e-05,0.001096993042813597,-3.312301540449126e-05
1,0.003946500000001015,0.660277175865646,0.0001887807947884845,-12.0,-0.3298554148528323,12.0,-0.001196202419219083,3.300441956476208e-05,3.300441975354288e-05,6.60277175865646e-05,0.001097176907767075,-3.300441956476208e-05
1,0.003946700000001015,0.6579043021772477,0.00018886626884701,-12.0,-0.3286688497966907,12.0,-0.001196030431973569,3.288577160655376e-05,3.288577179542004e-05,6.579043021772477e-05,0.001097360832037216,-3.288577160655377e-05
1,0.0039469000000010145,0.6555303895682935,0.0001889514447061813,-12.0,-0.3274817657275731,12.0,-0.001195858347913532,3.276707171722793e-05,3.276707190617936e-05,6.555303895682935e-05,0.001097544815305627,-3.276707171722793e-05
1,0.003947100000001014,0.6531554417875177,0.0001890363222299407,-12.0,-0.3262941645200508,12.0,-0.001195686167282856,3.264832008422807e-05,3.264832027326439e-05,6.531554417875178e-05,0.00109772885725385,-3.264832008422807e-05
1,0.003947300000001014,0.6507794625852833,0.0001891209012875872,-12.0,-0.3251060480495013,12.0,-0.001195513890325635,3.252951689507889e-05,3.252951708419979e-05,6.507794625852833e-05,0.001097912957563466,-3.252951689507889e-05
1,0.003947500000001014,0.648402455713583,0.000189205181742369,-12.0,-0.3239174181921262,12.0,-0.001195341517286203,3.241066233738686e-05,3.241066252659204e-05,6.48402455713583e-05,0.001098097115916047,-3.241066233738686e-05
1,0.003947700000001013,0.6460244249260422,0.0001892891634634464,-12.0,-0.3227282768249342,12.0,-0.00119516904840912,3.229175659883978e-05,3.229175678812894e-05,6.460244249260422e-05,0.001098281331993169,-3.229175659883977e-05
1,0.003947900000001013,0.6436453739778939,0.0001893728463177313,-12.0,-0.3215386258257418,12.0,-0.00119499648393924,3.217279986720596e-05,3.217280005657881e-05,6.436453739778939e-05,0.001098465605476367,-3.217279986720596e-05
1,0.003948100000001013,0.6412653066259867,0.0001894562301737179,-12.0,-0.3203484670731705,12.0,-0.001194823824121588,3.205379233033442e-05,3.205379251979065e-05,6.412653066259868e-05,0.001098649936047254,-3.205379233033442e-05
1,0.003948300000001012,0.6388842266287718,0.000189539314899706,-12.0,-0.3191578024466432,12.0,-0.001194651069201483,3.193473417615429e-05,3.19347343656936e-05,6.388842266287717e-05,0.001098834323387352,-3.193473417615429e-05
1,0.003948500000001012,0.6365021377463049,0.0001896221003641341,-12.0,-0.3179666338263853,12.0,-0.00119447821942447,3.181562559267494e-05,3.181562578229704e-05,6.36502137746305e-05,0.001099018767178234,-3.181562559267495e-05
1,0.0039487000000010125,0.6341190437402198,0.0001897045864396596,-12.0,-0.3167749630934046,12.0,-0.00119430527503632,3.169646676798443e-05,3.169646695768901e-05,6.341190437402198e-05,0.00109920326710148,-3.169646676798444e-05
1,0.003948900000001011,0.6317349483737563,0.0001897867729900582,-12.0,-0.3155827921295253,12.0,-0.001194132236283056,3.157725789025155e-05,3.157725808003831e-05,6.317349483737564e-05,0.001099387822838655,-3.157725789025155e-05
1,0.003949100000001011,0.6293498554117288,0.0001898686598931776,-12.0,-0.314390122817338,12.0,-0.001193959103410969,3.145799914772313e-05,3.145799933759178e-05,6.293498554117289e-05,0.001099572434071317,-3.145799914772312e-05
1,0.003949300000001011,0.6269637686205153,0.0001899502470143755,-12.0,-0.3131969570402336,12.0,-0.001193785876666541,3.13386907287248e-05,3.133869091867505e-05,6.269637686205153e-05,0.001099757100481047,-3.13386907287248e-05
1,0.00394950000000101,0.6245766917680818,0.0001900315342278636,-12.0,-0.3120032966823838,12.0,-0.001193612556296471,3.121933282166116e-05,3.12193330116927e-05,6.245766917680819e-05,0.001099941821749446,-3.121933282166117e-05
1,0.00394970000000101,0.6221886286239504,0.0001901125214035793,-12.0,-0.3108091436287446,12.0,-0.001193439142547804,3.109992561501483e-05,3.109992580512735e-05,6.221886286239504e-05,0.001100126597558069,-3.109992561501483e-05
1,0.00394990000000101,0.6197995829591904,0.0001901932084177049,-12.0,-0.3096144997650365,12.0,-0.001193265635667719,3.098046929734542e-05,3.098046948753863e-05,6.197995829591904e-05,0.00110031142758853,-3.098046929734543e-05
1,0.003950100000001009,0.6174095585464391,0.0001902735951365142,-12.0,-0.3084193669777788,12.0,-0.001193092035903703,3.086096405729154e-05,3.086096424756513e-05,6.17409558546439e-05,0.001100496311522394,-3.086096405729154e-05
1,0.003950300000001009,0.6150185591598741,0.0001903536814407136,-12.0,-0.3072237471542392,12.0,-0.001192918343503428,3.0741410083568e-05,3.074141027392167e-05,6.150185591598741e-05,0.001100681249041283,-3.0741410083568e-05
1,0.003950500000001009,0.6126265885752011,0.000190433467198714,-12.0,-0.3060276421824679,12.0,-0.001192744558714837,3.062180756496666e-05,3.062180775540012e-05,6.126265885752012e-05,0.001100866239826814,-3.062180756496666e-05
1,0.003950700000001008,0.6102336505696764,0.0001905129522871973,-12.0,-0.3048310539512779,12.0,-0.001192570681786118,3.05021566903565e-05,3.050215688086946e-05,6.102336505696764e-05,0.001101051283560577,-3.050215669035651e-05
1,0.003950900000001008,0.6078397489220783,0.0001905921365793484,-12.0,-0.3036339843502487,12.0,-0.001192396712965667,3.03824576486828e-05,3.038245783927495e-05,6.078397489220783e-05,0.001101236379924216,-3.038245764868281e-05
1,0.003951100000001008,0.6054448874126954,0.0001906710199539308,-12.0,-0.3024364352697066,12.0,-0.001192222652502125,3.026271062896605e-05,3.026271081963707e-05,6.054448874126954e-05,0.001101421528599381,-3.026271062896605e-05
1,0.0039513000000010075,0.6030490698233495,0.0001907496022801602,-12.0,-0.3012384086007585,12.0,-0.001192048500644392,3.014291582030387e-05,3.014291601105347e-05,6.030490698233495e-05,0.001101606729267689,-3.014291582030387e-05
1,0.003951500000001007,0.6006522999373661,0.0001908278834416022,-12.0,-0.3000399062352418,12.0,-0.001191874257641605,3.002307341186835e-05,3.002307360269623e-05,6.006522999373662e-05,0.001101791981610811,-3.002307341186835e-05
1,0.003951700000001007,0.5982545815395631,0.0001909058633093319,-12.0,-0.2988409300657589,12.0,-0.001191699923743083,2.990318359290682e-05,2.990318378381269e-05,5.982545815395631e-05,0.001101977285310415,-2.990318359290683e-05
1,0.003951900000001006,0.5958559184162737,0.00019098354176314,-12.0,-0.2976414819856567,12.0,-0.001191525499198449,2.978324655274198e-05,2.978324674372553e-05,5.958559184162738e-05,0.001102162640048185,-2.978324655274198e-05
1,0.003952100000001006,0.5934563143553122,0.0001910609186796253,-12.0,-0.2964415638890275,12.0,-0.001191350984257544,2.966326248077071e-05,2.966326267183163e-05,5.934563143553122e-05,0.001102348045505797,-2.966326248077071e-05
1,0.003952300000001006,0.591055773145983,0.0001911379939372737,-12.0,-0.2952411776707056,12.0,-0.00119117637917043,2.95432315664643e-05,2.954323175760228e-05,5.910557731459831e-05,0.001102533501364963,-2.954323156646429e-05
1,0.0039525000000010056,0.5886542985790684,0.0001912147674143494,-12.0,-0.2940403252262649,12.0,-0.001191001684187398,2.942315399936793e-05,2.94231541905827e-05,5.886542985790684e-05,0.001102719007307417,-2.942315399936793e-05
1,0.003952700000001005,0.5862518944468303,0.0001912912389893662,-12.0,-0.2928390084520187,12.0,-0.001190826899559003,2.930302996910081e-05,2.930303016039205e-05,5.862518944468304e-05,0.00110290456301488,-2.93030299691008e-05
1,0.003952900000001005,0.5838485645429823,0.0001913674085448347,-12.0,-0.2916372292449998,12.0,-0.001190652025536032,2.918285966535446e-05,2.918285985672187e-05,5.838485645429823e-05,0.001103090168169094,-2.918285966535447e-05
1,0.0039531000000010055,0.5814443126627193,0.0001914432759544116,-12.0,-0.2904349895029953,12.0,-0.001190477062369463,2.906264327789497e-05,2.906264346933825e-05,5.814443126627194e-05,0.001103275822451854,-2.906264327789498e-05
1,0.003953300000001004,0.5790391426026861,0.0001915188411059643,-12.0,-0.2892322911244957,12.0,-0.001190302010310562,2.894238099656016e-05,2.8942381188079e-05,5.790391426026861e-05,0.001103461525544924,-2.894238099656017e-05
1,0.003953500000001004,0.576633058160965,0.0001915941038748425,-12.0,-0.2880291360087292,12.0,-0.001190126869610824,2.88220730112604e-05,2.882207320285451e-05,5.76633058160965e-05,0.001103647277130096,-2.882207301126041e-05
1,0.003953700000001004,0.5742260631371006,0.0001916690641450558,-12.0,-0.286825526055642,12.0,-0.00118995164052195,2.870171951197872e-05,2.870171970364778e-05,5.742260631371006e-05,0.001103833076889188,-2.870171951197871e-05
1,0.0039539000000010024,0.5718181613320692,0.0001917437217969498,-12.0,-0.285621463165902,12.0,-0.001189776323295883,2.85813206887699e-05,2.858132088051361e-05,5.718181613320692e-05,0.001104018924504055,-2.85813206887699e-05
1,0.003954100000001003,0.5694093565482671,0.0001918180767161715,-12.0,-0.2844169492408785,12.0,-0.001189600918184829,2.846087673175947e-05,2.846087692357754e-05,5.694093565482671e-05,0.001104204819656535,-2.846087673175947e-05
1,0.0039543000000010035,0.5669996525895349,0.0001918921287793474,-12.0,-0.2832119861826771,12.0,-0.001189425425441187,2.834038783114565e-05,2.834038802303778e-05,5.669996525895349e-05,0.001104390762028513,-2.834038783114565e-05
1,0.003954500000001002,0.5645890532611264,0.0001919658778771205,-12.0,-0.2820065758940887,12.0,-0.001189249845317621,2.821985417719658e-05,2.821985436916247e-05,5.645890532611264e-05,0.001104576751301871,-2.821985417719659e-05
1,0.003954700000001002,0.5621775623696977,0.0001920393238876716,-12.0,-0.2808007202786241,12.0,-0.001189074178066997,2.809927596025118e-05,2.80992761522905e-05,5.621775623696977e-05,0.001104762787158552,-2.809927596025118e-05
1,0.003954900000001002,0.5597651837233308,0.0001921124666978691,-12.0,-0.2795944212404939,12.0,-0.001188898423942451,2.797865337071918e-05,2.797865356283165e-05,5.597651837233309e-05,0.001104948869280465,-2.797865337071918e-05
1,0.0039551000000010005,0.557351921131499,0.0001921853061916112,-12.0,-0.278387680684609,12.0,-0.001188722583197327,2.785798659908007e-05,2.785798679126537e-05,5.573519211314991e-05,0.001105134997349596,-2.785798659908007e-05
1,0.003955300000001001,0.5549377784050747,0.0001922578422544063,-12.0,-0.2771805005165773,12.0,-0.001188546656085202,2.773727583588318e-05,2.773727602814102e-05,5.549377784050748e-05,0.001105321171047918,-2.773727583588318e-05
1,0.003955500000001002,0.5525227593563192,0.0001923300747717904,-12.0,-0.2759728826427012,12.0,-0.001188370642859898,2.76165212717473e-05,2.761652146407737e-05,5.525227593563193e-05,0.001105507390057436,-2.76165212717473e-05
1,0.003955700000001,0.5501068677988827,0.0001924020036292162,-12.0,-0.2747648289699776,12.0,-0.001188194543775473,2.749572309736068e-05,2.749572328976267e-05,5.501068677988828e-05,0.001105693654060179,-2.749572309736068e-05
1,0.003955900000001,0.5476901075477776,0.0001924736287166051,-12.0,-0.2735563414060777,12.0,-0.001188018359086187,2.737488150347943e-05,2.737488169595305e-05,5.476901075477776e-05,0.001105879962738216,-2.737488150347943e-05
1,0.003956100000001,0.5452724824194073,0.0001925449499147192,-12.0,-0.2723474218593821,12.0,-0.001187842089046546,2.725399668092968e-05,2.725399687347463e-05,5.452724824194073e-05,0.001106066315773639,-2.725399668092968e-05
1,0.003956300000000999,0.5428539962315341,0.0001926159671185035,-12.0,-0.2711380722389296,12.0,-0.001187665733911304,2.713306882060481e-05,2.713306901322078e-05,5.428539962315341e-05,0.001106252712848539,-2.713306882060481e-05
1,0.003956500000000999,0.540434652803269,0.000192686680210663,-12.0,-0.2699282944544517,12.0,-0.001187489293935442,2.701209811346623e-05,2.701209830615292e-05,5.40434652803269e-05,0.001106439153645052,-2.701209811346623e-05
1,0.003956700000000999,0.5380144559550936,0.0001927570890822017,-12.0,-0.2687180904163525,12.0,-0.001187312769374147,2.689108475054348e-05,2.689108494330057e-05,5.380144559550936e-05,0.001106625637845353,-2.689108475054347e-05
1,0.0039569000000009985,0.5355934095088318,0.0001928271936206261,-12.0,-0.2675074620357131,12.0,-0.001187136160482848,2.677002892293337e-05,2.677002911576056e-05,5.355934095088319e-05,0.00110681216513165,-2.677002892293337e-05
1,0.003957100000000998,0.5331715172876373,0.0001928969937189662,-12.0,-0.2662964112242703,12.0,-0.001186959467517221,2.664893082179892e-05,2.664893101469592e-05,5.331715172876373e-05,0.001106998735186129,-2.664893082179893e-05
1,0.003957300000000998,0.5307487831160173,0.0001929664892606764,-12.0,-0.2650849398944527,12.0,-0.001186782690733162,2.652779063837133e-05,2.652779083133783e-05,5.307487831160173e-05,0.001107185347691064,-2.652779063837134e-05
1,0.003957500000000998,0.528325210819802,0.000193035680143866,-12.0,-0.2638730499593284,12.0,-0.001186605830386791,2.640660856394722e-05,2.640660875698291e-05,5.28325210819802e-05,0.00110737200232873,-2.640660856394722e-05
1,0.003957700000000997,0.5259008042261337,0.0001931045662538211,-12.0,-0.2626607433326404,12.0,-0.00118642888673445,2.628538478988943e-05,2.6285384982994e-05,5.259008042261338e-05,0.001107558698781437,-2.628538478988943e-05
1,0.003957900000000997,0.5234755671634903,0.0001931731474847653,-12.0,-0.2614480219287866,12.0,-0.001186251860032721,2.616411950762713e-05,2.616411970080028e-05,5.234755671634903e-05,0.001107745436731547,-2.616411950762714e-05
1,0.003958100000000997,0.5210495034616545,0.0001932414237267865,-12.0,-0.2602348876628228,12.0,-0.001186074750538439,2.604281290865496e-05,2.604281310189639e-05,5.210495034616545e-05,0.001107932215861415,-2.604281290865496e-05
1,0.003958300000000995,0.5186226169517025,0.0001933093948759401,-12.0,-0.2590213424504434,12.0,-0.001185897558508609,2.592146518453193e-05,2.592146537784133e-05,5.186226169517025e-05,0.001108119035853464,-2.592146518453194e-05
1,0.003958500000000996,0.5161949114660285,0.0001933770608185947,-12.0,-0.2578073882080157,12.0,-0.001185720284200522,2.580007652688343e-05,2.58000767202605e-05,5.161949114660285e-05,0.001108305896390122,-2.580007652688343e-05
1,0.0039587000000009965,0.5137663908383129,0.0001934444214556075,-12.0,-0.2565930268525288,12.0,-0.001185542927871666,2.567864712739844e-05,2.567864732084286e-05,5.137663908383129e-05,0.001108492797153873,-2.567864712739845e-05
1,0.003958900000000995,0.5113370589035121,0.0001935114766752066,-12.0,-0.2553782603016285,12.0,-0.001185365489779759,2.555717717783038e-05,2.555717737134185e-05,5.113370589035121e-05,0.001108679737827238,-2.555717717783037e-05
1,0.003959100000000995,0.5089069194978819,0.0001935782263745023,-12.0,-0.254163090473597,12.0,-0.001185187970182758,2.543566686999715e-05,2.543566706357537e-05,5.089069194978819e-05,0.001108866718092748,-2.543566686999715e-05
1,0.003959300000000995,0.5064759764589417,0.0001936446704472461,-12.0,-0.2529475192873533,12.0,-0.001185010369338838,2.531411639578006e-05,2.531411658942472e-05,5.064759764589417e-05,0.001109053737632999,-2.531411639578006e-05
1,0.0039595000000009935,0.5040442336254839,0.0001937108087891326,-12.0,-0.2517315486624502,12.0,-0.001184832687506403,2.519252594712394e-05,2.519252614083474e-05,5.040442336254839e-05,0.001109240796130593,-2.519252594712394e-05
1,0.003959700000000994,0.501611694837563,0.0001937766412958009,-12.0,-0.2505151805190713,12.0,-0.001184654924944083,2.507089571603671e-05,2.507089590981336e-05,5.01611694837563e-05,0.001109427893268206,-2.507089571603671e-05
1,0.003959900000000995,0.4991783639364946,0.0001938421678627511,-12.0,-0.2492984167780314,12.0,-0.001184477081910749,2.494922589458943e-05,2.494922608843159e-05,4.991783639364946e-05,0.001109615028728514,-2.494922589458942e-05
1,0.003960100000000993,0.4967442447648302,0.0001939073883899523,-12.0,-0.2480812593607563,12.0,-0.001184299158665466,2.482751667491463e-05,2.482751686882202e-05,4.967442447648302e-05,0.001109802202194261,-2.482751667491462e-05
1,0.003960300000000993,0.4943093411663856,0.0001939723027683526,-12.0,-0.2468637101893172,12.0,-0.001184121155467552,2.470576824920856e-05,2.470576844318086e-05,4.943093411663856e-05,0.001109989413348212,-2.470576824920856e-05
1,0.003960500000000993,0.4918736569862081,0.0001940369109030282,-12.0,-0.2456457711863804,12.0,-0.001183943072576538,2.458398080972834e-05,2.458398100376525e-05,4.918736569862081e-05,0.001110176661873193,-2.458398080972834e-05
1,0.0039607000000009916,0.4894371960705708,0.0001941012126858155,-12.0,-0.2444274442752445,12.0,-0.001183764910252193,2.446215454879304e-05,2.446215474289425e-05,4.894371960705708e-05,0.00111036394745204,-2.446215454879304e-05
1,0.003960900000000992,0.4869999622669758,0.0001941652080213463,-12.0,-0.2432087313798038,12.0,-0.001183586668754493,2.434028965878252e-05,2.434028985294772e-05,4.869999622669758e-05,0.00111055126976765,-2.434028965878252e-05
1,0.003961100000000993,0.4845619594241543,0.0001942288968014294,-12.0,-0.241989634424586,12.0,-0.001183408348343649,2.421838633213875e-05,2.421838652636764e-05,4.845619594241543e-05,0.001110738628502965,-2.421838633213875e-05
1,0.0039613000000009915,0.482123191392049,0.0001942922789335555,-12.0,-0.2407701553347013,12.0,-0.0011832299492801,2.409644476136349e-05,2.409644495565577e-05,4.82123191392049e-05,0.001110926023340952,-2.409644476136349e-05
1,0.003961500000000991,0.4796836620217976,0.0001943553543120591,-12.0,-0.2395502960358771,12.0,-0.001183051471824501,2.397446513901892e-05,2.397446533337428e-05,4.796836620217976e-05,0.001111113453964644,-2.397446513901892e-05
1,0.003961700000000991,0.4772433751657587,0.000194418122840323,-12.0,-0.2383300584544377,12.0,-0.001182872916237736,2.38524476577278e-05,2.385244785214592e-05,4.772433751657587e-05,0.001111300920057089,-2.385244765772781e-05
1,0.00396190000000099,0.4748023346774766,0.0001944805844183994,-12.0,-0.2371094445173048,12.0,-0.001182694282780915,2.373039251017233e-05,2.373039270465291e-05,4.748023346774766e-05,0.001111488421301401,-2.373039251017233e-05
1,0.00396210000000099,0.4723605444116886,0.0001945427389482834,-12.0,-0.2358884561519945,12.0,-0.001182515571715361,2.360829988909428e-05,2.360830008363701e-05,4.723605444116886e-05,0.001111675957380744,-2.360829988909428e-05
1,0.00396230000000099,0.4699180082243197,0.0001946045863310542,-12.0,-0.2346670952866174,12.0,-0.001182336783302637,2.348616998729484e-05,2.348617018189944e-05,4.699180082243197e-05,0.001111863527978294,-2.348616998729484e-05
1,0.0039625000000009895,0.4674747299724627,0.000194666126471954,-12.0,-0.2334453638498622,12.0,-0.001182157917804499,2.336400299763341e-05,2.336400319229954e-05,4.674747299724627e-05,0.001112051132777309,-2.336400299763342e-05
1,0.003962700000000989,0.4650307135143852,0.0001947273592706467,-12.0,-0.232223263771013,12.0,-0.001181978975482955,2.324179911302836e-05,2.324179930775573e-05,4.650307135143852e-05,0.001112238771461084,-2.324179911302837e-05
1,0.003962900000000989,0.4625859627095289,0.0001947882846325966,-12.0,-0.2310007969799327,12.0,-0.001181799956600234,2.311955852645653e-05,2.311955872124482e-05,4.625859627095289e-05,0.001112426443712941,-2.311955852645653e-05
1,0.0039631000000009894,0.4601404814184881,0.0001948489024611866,-12.0,-0.2297779654070632,12.0,-0.001181620861418757,2.299728143095245e-05,2.299728162580135e-05,4.601404814184881e-05,0.001112614149216283,-2.299728143095244e-05
1,0.003963300000000988,0.4576942735030124,0.0001949092126610208,-12.0,-0.2285547709834225,12.0,-0.001181441690201214,2.287496801960836e-05,2.287496821451757e-05,4.576942735030124e-05,0.00111280188765453,-2.287496801960835e-05
1,0.003963500000000988,0.4552473428259987,0.0001949692151370919,-12.0,-0.2273312156406015,12.0,-0.001181262443210457,2.275261848557386e-05,2.275261868054308e-05,4.552473428259987e-05,0.001112989658711185,-2.275261848557386e-05
1,0.003963700000000988,0.4527996932514894,0.0001950289097940594,-12.0,-0.2261073013107646,12.0,-0.001181083120709619,2.263023302205587e-05,2.263023321708477e-05,4.527996932514895e-05,0.001113177462069757,-2.263023302205587e-05
1,0.003963900000000986,0.4503513286446473,0.0001950882965409684,-12.0,-0.2248830299266291,12.0,-0.00118090372296201,2.250781182231702e-05,2.250781201740532e-05,4.503513286446473e-05,0.001113365297413842,-2.250781182231701e-05
1,0.003964100000000987,0.4479022528717832,0.000195147375278093,-12.0,-0.2236584034215007,12.0,-0.001180724250231177,2.238535507967788e-05,2.238535527482526e-05,4.479022528717832e-05,0.001113553164427079,-2.238535507967788e-05
1,0.0039643000000009875,0.4454524698003243,0.0001952061459196686,-12.0,-0.2224334237292212,12.0,-0.001180544702780891,2.226286298751408e-05,2.226286318272023e-05,4.454524698003243e-05,0.001113741062793154,-2.226286298751409e-05
1,0.003964500000000986,0.4430019832988029,0.0001952646083674126,-12.0,-0.2212080927842042,12.0,-0.001180365080875139,2.214033573925717e-05,2.214033593452177e-05,4.430019832988029e-05,0.001113928992195801,-2.214033573925716e-05
1,0.003964700000000986,0.4405507972368806,0.0001953227625319798,-12.0,-0.2199824125214147,12.0,-0.001180185384778119,2.201777352839467e-05,2.201777372371743e-05,4.405507972368806e-05,0.001114116952318812,-2.201777352839467e-05
1,0.003964900000000986,0.4380989154853173,0.000195380608320056,-12.0,-0.2187563848763724,12.0,-0.00118000561475427,2.189517654846925e-05,2.189517674384986e-05,4.380989154853173e-05,0.00111430494284603,-2.189517654846925e-05
1,0.0039651000000009845,0.4356463419159592,0.0001954381456440168,-12.0,-0.2175300117851321,12.0,-0.001179825771068222,2.177254499307761e-05,2.177254518851576e-05,4.356463419159592e-05,0.001114492963461354,-2.177254499307761e-05
1,0.003965300000000985,0.4331930804017637,0.0001954953744067178,-12.0,-0.216303295184318,12.0,-0.001179645853984845,2.164987905587248e-05,2.164987925136785e-05,4.331930804017638e-05,0.001114681013848748,-2.164987905587248e-05
1,0.003965500000000986,0.4307391348167681,0.0001955522945255306,-12.0,-0.2150762370110728,12.0,-0.001179465863769207,2.152717893055983e-05,2.152717912611213e-05,4.307391348167682e-05,0.001114869093692215,-2.152717893055983e-05
1,0.003965700000000984,0.4282845090360776,0.0001956089059050314,-12.0,-0.2138488392030922,12.0,-0.001179285800686623,2.140444481089972e-05,2.140444500650863e-05,4.282845090360776e-05,0.00111505720267582,-2.140444481089972e-05
1,0.003965900000000984,0.42582920693589,0.000195665208458734,-12.0,-0.2126211036986048,12.0,-0.001179105665002598,2.128167689070636e-05,2.128167708637156e-05,4.258292069358901e-05,0.001115245340483684,-2.128167689070636e-05
1,0.003966100000000984,0.4233732323934608,0.0001957212020970711,-12.0,-0.2113930324363728,12.0,-0.001178925456982869,2.115887536384699e-05,2.115887555956819e-05,4.233732323934608e-05,0.00111543350679999,-2.115887536384699e-05
1,0.003966300000000983,0.42091658928711,0.0001957768867320298,-12.0,-0.2101646273556881,12.0,-0.001178745176893387,2.103604042424202e-05,2.10360406200189e-05,4.2091658928711e-05,0.001115621701308963,-2.103604042424202e-05
1,0.003966500000000983,0.4184592814962128,0.0001958322622757358,-12.0,-0.2089358903963702,12.0,-0.001178564825000311,2.091317226586459e-05,2.091317246169685e-05,4.184592814962128e-05,0.001115809923694918,-2.09131722658646e-05
1,0.003966700000000984,0.416001312901199,0.0001958873286402596,-12.0,-0.2077068234987658,12.0,-0.001178384401570039,2.07902710827406e-05,2.079027127862794e-05,4.16001312901199e-05,0.001115998173642198,-2.07902710827406e-05
1,0.0039669000000009825,0.4135426873835256,0.0001959420857420291,-12.0,-0.2064774286037289,12.0,-0.001178203906869162,2.06673370689471e-05,2.066733726488918e-05,4.135426873835256e-05,0.001116186450835218,-2.06673370689471e-05
1,0.003967100000000982,0.4110834088257075,0.0001959965334884239,-12.0,-0.2052477076526558,12.0,-0.001178023341164493,2.054437041861442e-05,2.054437061461095e-05,4.110834088257075e-05,0.001116374754958453,-2.054437041861442e-05
1,0.003967300000000982,0.4086234811112833,0.0001960506718010901,-12.0,-0.2040176625874333,12.0,-0.00117784270472307,2.042137132592344e-05,2.042137152197411e-05,4.086234811112833e-05,0.001116563085696434,-2.042137132592344e-05
1,0.003967500000000981,0.4061629081248052,0.0001961045005891837,-12.0,-0.2027872953504738,12.0,-0.001177661997812135,2.02983399851063e-05,2.02983401812108e-05,4.061629081248052e-05,0.001116751442733759,-2.02983399851063e-05
1,0.003967700000000981,0.4037016937518623,0.0001961580197704371,-12.0,-0.2015566078846953,12.0,-0.001177481220699148,2.017527659044657e-05,2.01752767866046e-05,4.037016937518623e-05,0.001116939825755097,-2.017527659044657e-05
1,0.003967900000000981,0.4012398418790507,0.0001962112292588913,-12.0,-0.2003256021335247,12.0,-0.001177300373651789,2.005218133627835e-05,2.005218153248959e-05,4.012398418790506e-05,0.001117128234445156,-2.005218133627836e-05
1,0.0039681000000009806,0.3987773563939606,0.0001962641289742495,-12.0,-0.1990942800408776,12.0,-0.001177119456937947,1.992905441698518e-05,1.992905461324932e-05,3.987773563939606e-05,0.001117316668488716,-1.992905441698518e-05
1,0.00396830000000098,0.3963142411852017,0.0001963167188266945,-12.0,-0.1978626435511936,12.0,-0.001176938470825718,1.980589602700203e-05,1.980589622331875e-05,3.963142411852017e-05,0.001117505127570657,-1.980589602700203e-05
1,0.00396850000000098,0.3938505001423714,0.0001963689987408146,-12.0,-0.1966306946093845,12.0,-0.001176757415583429,1.968270636081253e-05,1.968270655718153e-05,3.938505001423715e-05,0.001117693611375852,-1.968270636081253e-05
1,0.0039687000000009805,0.3913861371560438,0.0001964209686287077,-12.0,-0.1953984351608692,12.0,-0.001176576291479606,1.955948561294979e-05,1.955948580937075e-05,3.913861371560437e-05,0.001117882119589304,-1.955948561294979e-05
1,0.003968900000000979,0.3889211561177927,0.000196472628410993,-12.0,-0.1941658671515536,12.0,-0.001176395098782992,1.943623397799646e-05,1.943623417446909e-05,3.889211561177927e-05,0.001118070651896046,-1.943623397799646e-05
1,0.003969100000000979,0.3864555609201626,0.00019652397800482,-12.0,-0.1929329925278343,12.0,-0.001176213837762553,1.931295165058391e-05,1.931295184710789e-05,3.864555609201627e-05,0.001118259207981191,-1.931295165058392e-05
1,0.003969300000000979,0.3839893554566547,0.0001965750173326675,-12.0,-0.1916998132365782,12.0,-0.001176032508687443,1.918963882539109e-05,1.918963902196611e-05,3.839893554566547e-05,0.001118447787529921,-1.918963882539109e-05
1,0.0039695000000009775,0.3815225436217531,0.0001966257463076326,-12.0,-0.1904663312251577,12.0,-0.001175851111827053,1.906629569714653e-05,1.906629589377228e-05,3.815225436217531e-05,0.001118636390227471,-1.906629569714653e-05
1,0.003969700000000978,0.3790551293108926,0.000196676164857329,-12.0,-0.1892325484413987,12.0,-0.001175669647450965,1.89429224606256e-05,1.894292265730177e-05,3.790551293108926e-05,0.001118825015759165,-1.89429224606256e-05
1,0.0039699000000009785,0.3765871164204477,0.0001967262728966579,-12.0,-0.1879984668336161,12.0,-0.001175488115828995,1.881951931065128e-05,1.881951950737755e-05,3.765871164204477e-05,0.001119013663810363,-1.881951931065128e-05
1,0.003970100000000977,0.3741185088477562,0.0001967760703493748,-12.0,-0.1867640883505933,12.0,-0.001175306517231155,1.869608644209427e-05,1.869608663887034e-05,3.741185088477562e-05,0.001119202334066541,-1.869608644209427e-05
1,0.003970300000000977,0.3716493104910842,0.0001968255571360711,-12.0,-0.1855294149415824,12.0,-0.00117512485192766,1.857262404987185e-05,1.857262424669741e-05,3.716493104910842e-05,0.00111939102621321,-1.857262404987185e-05
1,0.003970500000000977,0.3691795252496342,0.0001968747331790449,-12.0,-0.1842944485563012,12.0,-0.001174943120188954,1.844913232894803e-05,1.844913252582276e-05,3.691795252496342e-05,0.001119579739935948,-1.844913232894803e-05
1,0.0039707000000009755,0.3667091570235346,0.0001969235984007056,-12.0,-0.1830591911449302,12.0,-0.001174761322285684,1.83256114743331e-05,1.832561167125669e-05,3.667091570235346e-05,0.001119768474920436,-1.83256114743331e-05
1,0.003970900000000976,0.3642382097138393,0.0001969721527234347,-12.0,-0.181823644658113,12.0,-0.001174579458488697,1.820206168108364e-05,1.820206187805579e-05,3.642382097138393e-05,0.001119957230852404,-1.820206168108364e-05
1,0.003971100000000977,0.3617666872225005,0.0001970203960737771,-12.0,-0.1805878110469356,12.0,-0.001174397529069074,1.807848314430094e-05,1.807848334132134e-05,3.617666872225005e-05,0.001120146007417638,-1.807848314430094e-05
1,0.0039713000000009754,0.3592945934523991,0.0001970683283695068,-12.0,-0.179351692262962,12.0,-0.001174215534298074,1.795487605913315e-05,1.795487625620148e-05,3.592945934523991e-05,0.001120334804302042,-1.795487605913315e-05
1,0.003971500000000975,0.3568219323073103,0.0001971159495424701,-12.0,-0.1781152902581819,12.0,-0.001174033474447188,1.783124062077244e-05,1.783124081788839e-05,3.568219323073103e-05,0.001120523621191551,-1.783124062077244e-05
1,0.003971700000000975,0.3543487076918942,0.0001971632595120371,-12.0,-0.1768786069850465,12.0,-0.001173851349788105,1.770757702445585e-05,1.770757722161911e-05,3.543487076918942e-05,0.001120712457772195,-1.770757702445585e-05
1,0.003971900000000974,0.3518749235117187,0.0001972102582063207,-12.0,-0.1756416443964473,12.0,-0.001173669160592718,1.758388546546536e-05,1.758388566267562e-05,3.518749235117187e-05,0.001120901313730084,-1.758388546546536e-05
1,0.003972100000000974,0.3494005836732291,0.0001972569455496315,-12.0,-0.1744044044457206,12.0,-0.001173486907133137,1.746016613912703e-05,1.746016633638397e-05,3.494005836732291e-05,0.001121090188751384,-1.746016613912703e-05
1,0.003972300000000974,0.3469256920837357,0.0001973033214718589,-12.0,-0.1731668890866268,12.0,-0.001173304589681689,1.733641924080988e-05,1.733641943811319e-05,3.469256920837357e-05,0.001121279082522346,-1.733641924080987e-05
1,0.0039725000000009735,0.3444502526514396,0.0001973493858936359,-12.0,-0.1719291002733855,12.0,-0.001173122208510877,1.721264496592791e-05,1.72126451632773e-05,3.444502526514396e-05,0.001121467994729303,-1.721264496592791e-05
1,0.003972700000000973,0.3419742692853991,0.0001973951387496814,-12.0,-0.1706910399606236,12.0,-0.001172939763893436,1.708884350993734e-05,1.708884370733247e-05,3.419742692853992e-05,0.001121656925058664,-1.708884350993733e-05
1,0.003972900000000973,0.3394977458955207,0.0001974405799624046,-12.0,-0.169452710103411,12.0,-0.001172757256102316,1.696501506833734e-05,1.696501526577792e-05,3.394977458955208e-05,0.001121845873196903,-1.696501506833734e-05
1,0.003973100000000973,0.3370206863925814,0.0001974857094628468,-12.0,-0.1682141126572393,12.0,-0.00117257468541063,1.684115983667022e-05,1.684116003415593e-05,3.370206863925815e-05,0.001122034838830579,-1.684115983667022e-05
1,0.003973300000000972,0.3345430946881987,0.0001975305271781913,-12.0,-0.1669752495780268,12.0,-0.001172392052091738,1.67172780105205e-05,1.671727820805102e-05,3.345430946881987e-05,0.00112222382164635,-1.671727801052049e-05
1,0.003973500000000972,0.3320649746948229,0.0001975750330406867,-12.0,-0.1657361228221001,12.0,-0.001172209356419197,1.659336978551408e-05,1.659336998308911e-05,3.320649746948229e-05,0.001122412821330913,-1.659336978551408e-05
1,0.003973700000000972,0.3295863303257414,0.0001976192269769333,-12.0,-0.164496734346213,12.0,-0.001172026598666751,1.6469435357319e-05,1.646943555493823e-05,3.295863303257415e-05,0.001122601837571079,-1.6469435357319e-05
1,0.00397390000000097,0.3271071654950781,0.0001976631089190967,-12.0,-0.1632570861075293,12.0,-0.00117184377910837,1.634547492164484e-05,1.634547511930795e-05,3.271071654950782e-05,0.001122790870053725,-1.634547492164484e-05
1,0.003974100000000971,0.3246274841177714,0.0001977066787975518,-12.0,-0.1620171800636226,12.0,-0.001171660898018219,1.622148867424201e-05,1.62214888719487e-05,3.246274841177715e-05,0.001122979918465807,-1.622148867424201e-05
1,0.0039743000000009715,0.3221472901095775,0.0001977499365437146,-12.0,-0.1607770181724738,12.0,-0.001171477955670665,1.609747681090175e-05,1.609747700865169e-05,3.221472901095775e-05,0.001123168982494368,-1.609747681090175e-05
1,0.00397450000000097,0.3196665873870613,0.0001977928820893621,-12.0,-0.1595366023924678,12.0,-0.00117129495234029,1.597343952745572e-05,1.59734397252486e-05,3.196665873870613e-05,0.001123358061826531,-1.597343952745572e-05
1,0.00397470000000097,0.3171853798675967,0.0001978355153661043,-12.0,-0.158295934682394,12.0,-0.001171111888301851,1.584937701977601e-05,1.584937721761153e-05,3.171853798675967e-05,0.001123547156149519,-1.584937701977601e-05
1,0.00397490000000097,0.314703671469338,0.0001978778363100481,-12.0,-0.1570550170014255,12.0,-0.001170928763830343,1.572528948377356e-05,1.57252896816514e-05,3.14703671469338e-05,0.001123736265150603,-1.572528948377356e-05
1,0.0039751000000009685,0.3122214661112507,0.0001979198448480712,-12.0,-0.1558138513091548,12.0,-0.001170745579200945,1.560117711540028e-05,1.560117731332013e-05,3.122214661112507e-05,0.001123925388517166,-1.560117711540028e-05
1,0.003975300000000969,0.3097387677130778,0.0001979615409214985,-12.0,-0.1545724395655412,12.0,-0.001170562334689039,1.547704011064627e-05,1.547704030860782e-05,3.097387677130778e-05,0.00112411452593667,-1.547704011064627e-05
1,0.00397550000000097,0.3072555801953295,0.0001980029244589565,-12.0,-0.1533307837309471,12.0,-0.001170379030570219,1.535287866554061e-05,1.535287886354353e-05,3.072555801953295e-05,0.00112430367709665,-1.53528786655406e-05
1,0.003975700000000968,0.3047719074793065,0.0001980439953979674,-12.0,-0.1520888857661163,12.0,-0.001170195667120259,1.522869297615143e-05,1.522869317419543e-05,3.047719074793065e-05,0.001124492841684742,-1.522869297615143e-05
1,0.003975900000000968,0.302287753487069,0.0001980847536720842,-12.0,-0.1508467476321788,12.0,-0.001170012244615161,1.510448323858509e-05,1.510448343666985e-05,3.022877534870691e-05,0.001124682019388663,-1.510448323858509e-05
1,0.003976100000000968,0.2998031221414258,0.0001981251992207445,-12.0,-0.1496043712906298,12.0,-0.001169828763331106,1.498024964898506e-05,1.498024984711026e-05,2.998031221414258e-05,0.001124871209896215,-1.498024964898506e-05
1,0.0039763000000009666,0.2973180173659575,0.0001981653319735877,-12.0,-0.1483617587033651,12.0,-0.001169645223544485,1.485599240353387e-05,1.48559926016992e-05,2.973180173659575e-05,0.00112506041289529,-1.485599240353387e-05
1,0.003976500000000967,0.2948324430849861,0.0001982051518750055,-12.0,-0.147118911832629,12.0,-0.001169461625531892,1.47317116984504e-05,1.473171189665556e-05,2.948324430849861e-05,0.001125249628073855,-1.47317116984504e-05
1,0.003976700000000968,0.2923464032235629,0.0001982446588566084,-12.0,-0.1458758326410499,12.0,-0.001169277969570118,1.460740772999066e-05,1.460740792823532e-05,2.923464032235629e-05,0.001125438855119993,-1.460740772999066e-05
1,0.0039769000000009665,0.2898599017074927,0.0001982838528588049,-12.0,-0.1446325230916196,12.0,-0.001169094255936148,1.448308069444784e-05,1.44830808927317e-05,2.898599017074927e-05,0.001125628093721857,-1.448308069444784e-05
1,0.003977100000000966,0.2873729424632984,0.0001983227338188814,-12.0,-0.1433889851476935,12.0,-0.001168910484907176,1.435873078815124e-05,1.435873098647398e-05,2.873729424632984e-05,0.001125817343567684,-1.435873078815124e-05
1,0.003977300000000966,0.2848855294182294,0.0001983613016759145,-12.0,-0.1421452207729878,12.0,-0.00116872665676058,1.423435820746638e-05,1.423435840582768e-05,2.848855294182294e-05,0.00112600660434582,-1.423435820746638e-05
1,0.003977500000000965,0.2823976665002506,0.0001983995563690222,-12.0,-0.1409012319315762,12.0,-0.001168542771773957,1.410996314879453e-05,1.410996334719408e-05,2.823976665002506e-05,0.001126195875744685,-1.410996314879452e-05
1,0.003977700000000965,0.2799093576380423,0.0001984374978371839,-12.0,-0.1396570205878904,12.0,-0.001168358830225081,1.398554580857276e-05,1.398554600701025e-05,2.799093576380423e-05,0.001126385157452803,-1.398554580857276e-05
1,0.003977900000000965,0.2774206067609731,0.0001984751260239587,-12.0,-0.1384125887066993,12.0,-0.001168174832391936,1.386110638327233e-05,1.386110658174746e-05,2.774206067609731e-05,0.001126574449158781,-1.386110638327233e-05
1,0.0039781000000009645,0.2749314177991291,0.0001985124408634548,-12.0,-0.1371679382531449,12.0,-0.001167990778552706,1.373664506940084e-05,1.373664526791328e-05,2.749314177991291e-05,0.00112676375055132,-1.373664506940084e-05
1,0.003978300000000964,0.2724417946832817,0.0001985494423045464,-12.0,-0.1359230711926896,12.0,-0.001167806668985756,1.361216206349941e-05,1.361216226204886e-05,2.724417946832817e-05,0.001126953061319227,-1.361216206349942e-05
1,0.003978500000000964,0.269951741344876,0.0001985861302832431,-12.0,-0.1346779894911518,12.0,-0.001167622503969663,1.348765756214351e-05,1.348765776072964e-05,2.69951741344876e-05,0.001127142381151381,-1.348765756214351e-05
1,0.0039787000000009645,0.2674612617160546,0.0001986225047444085,-12.0,-0.1334326951146856,12.0,-0.001167438283783203,1.336313176194301e-05,1.336313196056551e-05,2.674612617160546e-05,0.001127331709736768,-1.3363131761943e-05
1,0.003978900000000963,0.264970359729627,0.0001986585656290479,-12.0,-0.1321871900297843,12.0,-0.001167254008705328,1.323858485954133e-05,1.32385850581999e-05,2.64970359729627e-05,0.001127521046764465,-1.323858485954133e-05
1,0.003979100000000963,0.2624790393190577,0.0001986943128839957,-12.0,-0.1309414762032597,12.0,-0.001167069679015195,1.311401705161437e-05,1.311401725030869e-05,2.624790393190578e-05,0.001127710391923657,-1.311401705161437e-05
1,0.003979300000000963,0.2599873044184903,0.0001987297464462606,-12.0,-0.1296955556022783,12.0,-0.001166885294992164,1.298942853487246e-05,1.29894287336022e-05,2.599873044184904e-05,0.001127899744903609,-1.298942853487246e-05
1,0.0039795000000009614,0.2574951589627165,0.0001987648662676866,-12.0,-0.128449430194308,12.0,-0.001166700856915786,1.286481950605757e-05,1.286481970482244e-05,2.574951589627165e-05,0.001128089105393684,-1.286481950605757e-05
1,0.003979700000000962,0.2550026068871643,0.0001987996722871838,-12.0,-0.1272031019471546,12.0,-0.001166516365065803,1.274019016194418e-05,1.274019036074386e-05,2.550026068871643e-05,0.001128278473083347,-1.274019016194418e-05
1,0.0039799000000009625,0.2525096521279225,0.000198834164452738,-12.0,-0.1259565728289405,12.0,-0.001166331819722147,1.261554069933932e-05,1.261554089817349e-05,2.525096521279225e-05,0.001128467847662164,-1.261554069933933e-05
1,0.003980100000000961,0.2500162986217087,0.0001988683427081028,-12.0,-0.1247098448081088,12.0,-0.001166147221164955,1.249087131508169e-05,1.249087151395003e-05,2.500162986217087e-05,0.001128657228819786,-1.249087131508169e-05
1,0.003980300000000961,0.2475225503058591,0.000198902207003207,-12.0,-0.1234629198534026,12.0,-0.00116596256967454,1.236618220604059e-05,1.236618240494279e-05,2.475225503058591e-05,0.001128846616245986,-1.236618220604059e-05
1,0.003980500000000961,0.2450284111183511,0.0001989357572780986,-12.0,-0.1222157999339008,12.0,-0.001165777865531436,1.224147356911789e-05,1.224147376805365e-05,2.450284111183511e-05,0.001129036009630605,-1.22414735691179e-05
1,0.0039807000000009595,0.242533884997773,0.000198968993487425,-12.0,-0.1209684870189654,12.0,-0.001165593109016335,1.211674560124529e-05,1.211674580021428e-05,2.42533884997773e-05,0.001129225408663613,-1.211674560124528e-05
1,0.00398090000000096,0.2400389758833124,0.0001990019155732187,-12.0,-0.1197209830782772,12.0,-0.001165408300410146,1.199199849938504e-05,1.199199869838696e-05,2.400389758833124e-05,0.001129414813035062,-1.199199849938504e-05
1,0.003981100000000961,0.2375436877147798,0.0001990345234862689,-12.0,-0.1184732900818153,12.0,-0.001165223439993956,1.186723246053015e-05,1.186723265956468e-05,2.375436877147799e-05,0.001129604222435115,-1.186723246053015e-05
1,0.003981300000000959,0.2350480244325732,0.0001990668171742427,-12.0,-0.1172254099998571,12.0,-0.001165038528049053,1.174244768170314e-05,1.174244788076995e-05,2.350480244325733e-05,0.00112979363655403,-1.174244768170314e-05
1,0.003981500000000959,0.2325519899776872,0.0001990987965866109,-12.0,-0.1159773448029757,12.0,-0.001164853564856917,1.161764435995623e-05,1.161764455905503e-05,2.325519899776872e-05,0.001129983055082169,-1.161764435995623e-05
1,0.003981700000000959,0.2300555882917005,0.0001991304616728307,-12.0,-0.1147290964620364,12.0,-0.001164668550699199,1.149282269237092e-05,1.149282289150138e-05,2.300555882917005e-05,0.001130172477710002,-1.149282269237092e-05
1,0.003981900000000958,0.2275588233167776,0.0001991618123823174,-12.0,-0.1134806669481972,12.0,-0.001164483485857773,1.136798287605795e-05,1.136798307521976e-05,2.275588233167776e-05,0.001130361904128088,-1.136798287605795e-05
1,0.003982100000000958,0.22506169899564,0.0001991928486689415,-12.0,-0.1122320582328881,12.0,-0.001164298370614665,1.12431251081557e-05,1.124312530734855e-05,2.2506169899564e-05,0.00113055133402711,-1.12431251081557e-05
1,0.003982300000000959,0.222564219271597,0.0001992235704773165,-12.0,-0.1109832722878468,12.0,-0.001164113205252124,1.111824958583242e-05,1.111824978505599e-05,2.22564219271597e-05,0.00113074076709784,-1.111824958583242e-05
1,0.0039825000000009575,0.2200663880885121,0.0001992539777666419,-12.0,-0.1097343110850663,12.0,-0.001163927990052565,1.09933565062833e-05,1.099335670553727e-05,2.200663880885121e-05,0.00113093020303116,-1.09933565062833e-05
1,0.003982700000000957,0.2175682093907916,0.0001992840704832244,-12.0,-0.1084851765968303,12.0,-0.0011637427252986,1.086844606673135e-05,1.086844626601542e-05,2.175682093907916e-05,0.001131119641518054,-1.086844606673135e-05
1,0.003982900000000957,0.2150696871234095,0.0001993138485825163,-12.0,-0.1072358707956925,12.0,-0.001163557411273037,1.07435184644275e-05,1.074351866374135e-05,2.150696871234095e-05,0.001131309082249616,-1.07435184644275e-05
1,0.003983100000000956,0.2125708252318755,0.0001993433120157512,-12.0,-0.105986395654481,12.0,-0.001163372048258853,1.061857389664967e-05,1.061857409599299e-05,2.125708252318755e-05,0.001131498524917052,-1.061857389664968e-05
1,0.003983300000000956,0.2100716276622237,0.0001993724607402131,-12.0,-0.1047367531462769,12.0,-0.001163186636539238,1.049361256070171e-05,1.049361276007418e-05,2.100716276622237e-05,0.001131687969211653,-1.049361256070171e-05
1,0.003983500000000956,0.2075720983610369,0.0001994012947033053,-12.0,-0.1034869452444505,12.0,-0.001163001176397538,1.036863465391538e-05,1.036863485331668e-05,2.075720983610369e-05,0.001131877414824848,-1.036863465391539e-05
1,0.003983700000000956,0.2050722412754152,0.0001994298138673356,-12.0,-0.1022369739226085,12.0,-0.001162815668117311,1.024364037364758e-05,1.024364057307739e-05,2.050722412754152e-05,0.001132066861448152,-1.024364037364758e-05
1,0.003983900000000955,0.2025720603529641,0.0001994580181814976,-12.0,-0.1009868411546296,12.0,-0.001162630111982296,1.011862991728111e-05,1.011863011673913e-05,2.025720603529641e-05,0.001132256308773194,-1.011862991728111e-05
1,0.003984100000000955,0.2000715595418193,0.0001994859076042549,-12.0,-0.09973654891464422,12.0,-0.001162444508276413,9.993603482224847e-06,9.993603681710753e-06,2.000715595418193e-05,0.001132445756491712,-9.993603482224847e-06
1,0.0039843000000009555,0.1975707427906101,0.0001995134820905464,-12.0,-0.09848609917703441,12.0,-0.001162258857283761,9.868561265912494e-06,9.868561465425977e-06,1.975707427906101e-05,0.001132635204295565,-9.868561265912496e-06
1,0.003984500000000954,0.1950696140484689,0.000199540741597351,-12.0,-0.09723549391643102,12.0,-0.001162073159288636,9.74350346580284e-06,9.743503665343578e-06,1.950696140484689e-05,0.001132824651876708,-9.743503465802837e-06
1,0.003984700000000954,0.1925681772650241,0.000199567686080801,-12.0,-0.09598473510771396,12.0,-0.001161887414575524,9.618430279379479e-06,9.618430478947163e-06,1.925681772650241e-05,0.001133014098927201,-9.618430279379477e-06
1,0.003984900000000954,0.1900664363903796,0.0001995943155010532,-12.0,-0.09473382472599509,12.0,-0.00116170162342907,9.493341904149615e-06,9.493342103743927e-06,1.900664363903796e-05,0.001133203545139242,-9.493341904149615e-06
1,0.0039851000000009525,0.1875643953751236,0.0001996206298129355,-12.0,-0.09348276474663614,12.0,-0.001161515786134127,9.368238537644909e-06,9.368238737265536e-06,1.875643953751237e-05,0.001133392990205116,-9.368238537644907e-06
1,0.003985300000000953,0.1850620581703262,0.0001996466289768198,-12.0,-0.0922315571452316,12.0,-0.001161329902975723,9.243120377420843e-06,9.243120577067471e-06,1.850620581703262e-05,0.001133582433817233,-9.243120377420842e-06
1,0.0039855000000009536,0.1825594287275178,0.0001996723129511352,-12.0,-0.09098020389760905,12.0,-0.001161143974239071,9.117987621056018e-06,9.117987820728333e-06,1.825594287275178e-05,0.001133771875668106,-9.11798762105602e-06
1,0.003985700000000952,0.1800565109986925,0.0001996976816955667,-12.0,-0.08972870697982609,12.0,-0.00116095800020956,8.992840466152168e-06,8.992840665849848e-06,1.800565109986925e-05,0.001133961315450375,-8.992840466152166e-06
1,0.003985900000000952,0.1775533089362993,0.0001997227351701047,-12.0,-0.08847706836816716,12.0,-0.001160771981172773,8.867679110333726e-06,8.86767931005646e-06,1.775533089362993e-05,0.001134150752856784,-8.867679110333726e-06
1,0.003986100000000952,0.1750498264932412,0.0001997474733345522,-12.0,-0.08722529003914402,12.0,-0.00116058591741446,8.742503751247857e-06,8.742503950995331e-06,1.750498264932412e-05,0.00113434018758019,-8.742503751247857e-06
1,0.0039863000000009505,0.172546067622852,0.0001997718961524175,-12.0,-0.08597337396947843,12.0,-0.001160399809220569,8.617314586563085e-06,8.617314786334981e-06,1.72546067622852e-05,0.001134529619313575,-8.617314586563085e-06
1,0.003986500000000951,0.1700420362789068,0.0001997960035820395,-12.0,-0.0847213221361203,12.0,-0.001160213656877217,8.492111813970237e-06,8.492112013766238e-06,1.700420362789068e-05,0.001134719047750031,-8.492111813970234e-06
1,0.003986700000000952,0.1675377364156187,0.0001998197955873637,-12.0,-0.08346913651623035,12.0,-0.001160027460670706,8.36689563118177e-06,8.366895831001567e-06,1.675377364156187e-05,0.00113490847258276,-8.366895631181772e-06
1,0.0039869000000009504,0.165033171987622,0.0001998432721294213,-12.0,-0.08221681908718415,12.0,-0.001159841220887517,8.241666235931357e-06,8.24166643577463e-06,1.65033171987622e-05,0.001135097893505093,-8.241666235931357e-06
1,0.00398710000000095,0.1625283469499554,0.0001998664331747668,-12.0,-0.08096437182655124,12.0,-0.001159654937814308,8.1164238259726e-06,8.116424025839035e-06,1.625283469499555e-05,0.001135287310210472,-8.116423825972602e-06
1,0.00398730000000095,0.1600232652580883,0.000199889278680275,-12.0,-0.07971179671213095,12.0,-0.001159468611737932,7.991168599081123e-06,7.991168798970402e-06,1.600232652580883e-05,0.00113547672239245,-7.991168599081123e-06
1,0.003987500000000949,0.1575179308678886,0.000199911808617656,-12.0,-0.07845909572189974,12.0,-0.001159282242945396,7.865900753051742e-06,7.865900952963549e-06,1.575179308678886e-05,0.001135666129744714,-7.86590075305174e-06
1,0.003987700000000949,0.1550123477356115,0.000199934022945665,-12.0,-0.077206270834047,12.0,-0.001159095831723904,7.74062048569927e-06,7.74062068563329e-06,1.550123477356115e-05,0.001135855531961055,-7.740620485699268e-06
1,0.003987900000000949,0.1525065198179231,0.0001999559216320571,-12.0,-0.07595332402695426,12.0,-0.001158909378360834,7.615327994858633e-06,7.615328194814554e-06,1.525065198179231e-05,0.001136044928735392,-7.615327994858632e-06
1,0.0039881000000009485,0.1500004510718652,0.0001999775046413535,-12.0,-0.0747002572791955,12.0,-0.001158722883143742,7.490023478383687e-06,7.490023678361191e-06,1.500004510718652e-05,0.001136234319761756,-7.490023478383687e-06
1,0.003988300000000948,0.1474941454548634,0.0001999987719398522,-12.0,-0.0734470725695342,12.0,-0.001158536346360357,7.364707134147406e-06,7.364707334146177e-06,1.474941454548634e-05,0.001136423704734312,-7.364707134147406e-06
1,0.003988500000000948,0.1449876069247164,0.0002000197234939549,-12.0,-0.07219377187692005,12.0,-0.001158349768298587,7.239379160041401e-06,7.239379360061125e-06,1.449876069247164e-05,0.001136613083347333,-7.239379160041402e-06
1,0.003988700000000948,0.1424808394395958,0.0002000403592698832,-12.0,-0.07094035718048947,12.0,-0.001158163149246524,7.114039753975935e-06,7.114039954016295e-06,1.424808394395958e-05,0.001136802455295214,-7.114039753975935e-06
1,0.003988900000000947,0.1399738469580184,0.0002000606792384799,-12.0,-0.0696868304595447,12.0,-0.001157976489492423,6.988689113878313e-06,6.988689313938996e-06,1.399738469580184e-05,0.001136991820272485,-6.988689113878319e-06
1,0.003989100000000947,0.1374666334388765,0.0002000806833611299,-12.0,-0.06843319369358973,12.0,-0.001157789789324726,6.863327437695085e-06,6.863327637775768e-06,1.374666334388765e-05,0.001137181177973778,-6.863327437695086e-06
1,0.003989300000000947,0.1349592028414044,0.0002001003716140051,-12.0,-0.06717944886227749,12.0,-0.001157603049032044,6.73795492338915e-06,6.737955123489521e-06,1.349592028414044e-05,0.001137370528093869,-6.73795492338915e-06
1,0.003989500000000945,0.1324515591251673,0.0002001197439603225,-12.0,-0.06592559794544575,12.0,-0.001157416268903166,6.612571768940606e-06,6.61257196906035e-06,1.324515591251673e-05,0.001137559870327644,-6.612571768940608e-06
1,0.003989700000000946,0.1299437062500854,0.0002001388003723126,-12.0,-0.06467164292309625,12.0,-0.001157229449227052,6.487178172346858e-06,6.487178372485657e-06,1.299437062500855e-05,0.001137749204370118,-6.487178172346857e-06
1,0.0039899000000009465,0.1274356481764028,0.0002001575408182299,-12.0,-0.06341758577539867,12.0,-0.001157042590292844,6.361774331621691e-06,6.361774531779231e-06,1.274356481764028e-05,0.001137938529916424,-6.361774331621691e-06
1,0.003990100000000945,0.1249273888646755,0.0002001759652721993,-12.0,-0.06216342848266979,12.0,-0.001156855692389848,6.236360444794199e-06,6.236360644970165e-06,1.249273888646755e-05,0.00113812784666183,-6.236360444794199e-06
1,0.003990300000000945,0.1224189322757958,0.0002001940736985341,-12.0,-0.06090917302540935,12.0,-0.001156668755807547,6.110936709910788e-06,6.110936910104862e-06,1.224189322757958e-05,0.001138317154301727,-6.110936709910789e-06
1,0.003990500000000945,0.119910282370961,0.000200211866076376,-12.0,-0.05965482138424728,12.0,-0.001156481780835598,5.985503325032366e-06,5.985503525244232e-06,1.19910282370961e-05,0.001138506452531626,-5.985503325032366e-06
1,0.0039907000000009435,0.1174014431116619,0.0002002293423719603,-12.0,-0.05840037553997957,12.0,-0.00115629476776383,5.860060488235154e-06,5.860060688464496e-06,1.174014431116619e-05,0.001138695741047172,-5.860060488235153e-06
1,0.003990900000000944,0.1148924184597064,0.0002002465025604735,-12.0,-0.05714583747354744,12.0,-0.001156107716882243,5.734608397610794e-06,5.734608597857295e-06,1.148924184597064e-05,0.00113888501954413,-5.734608397610792e-06
1,0.003991100000000945,0.1123832123771891,0.0002002633466131956,-12.0,-0.0558912091660413,12.0,-0.001155920628481011,5.60914725126545e-06,5.609147451528796e-06,1.123832123771891e-05,0.001139074287718398,-5.60914725126545e-06
1,0.003991300000000943,0.1098738288264787,0.0002002798745071796,-12.0,-0.05463649259867984,12.0,-0.00115573350285047,5.483677247318703e-06,5.483677447598578e-06,1.098738288264787e-05,0.001139263545266004,-5.483677247318702e-06
1,0.003991500000000943,0.1073642717702431,0.0002002960862098058,-12.0,-0.05338168975284598,12.0,-0.001155546340281142,5.358198583905578e-06,5.358198784201665e-06,1.073642717702431e-05,0.001139452791883097,-5.358198583905578e-06
1,0.003991700000000943,0.1048545451714172,0.000200311981703151,-12.0,-0.05212680261003404,12.0,-0.001155359141063708,5.232711459173721e-06,5.232711659485702e-06,1.048545451714172e-05,0.001139642027265962,-5.232711459173719e-06
1,0.003991900000000942,0.1023446529931918,0.0002003275609564134,-12.0,-0.05087183315188566,12.0,-0.001155171905489022,5.107216071284207e-06,5.107216271611769e-06,1.023446529931918e-05,0.00113983125111101,-5.107216071284208e-06
1,0.003992100000000942,0.09983459919903794,0.0002003428239478744,-12.0,-0.04961678336016892,12.0,-0.001154984633848105,4.981712618411679e-06,4.981712818754503e-06,9.983459919903795e-06,0.001140020463114783,-4.98171261841168e-06
1,0.003992300000000943,0.09732438775267022,0.0002003577706524429,-12.0,-0.04836165521677874,12.0,-0.00115479732643215,4.856201298743118e-06,4.856201499100889e-06,9.732438775267023e-06,0.001140209662973957,-4.856201298743119e-06
1,0.0039925000000009415,0.09481402261805631,0.0002003724010469082,-12.0,-0.04710645070373378,12.0,-0.001154609983532522,4.73068231047807e-06,4.730682510850471e-06,9.481402261805632e-06,0.001140398850385331,-4.730682310478069e-06
1,0.003992700000000941,0.09230350775940528,0.0002003867151081154,-12.0,-0.04585117180317331,12.0,-0.001154422605440741,4.605155851828143e-06,4.605156052214858e-06,9.230350775940529e-06,0.001140588025045844,-4.605155851828143e-06
1,0.003992900000000941,0.08979284714116774,0.000200400712812774,-12.0,-0.04459582049735758,12.0,-0.001154235192448514,4.479622121017037e-06,4.479622321417748e-06,8.979284714116774e-06,0.001140777186652562,-4.479622121017035e-06
1,0.00399310000000094,0.08728204472800839,0.0002004143941421524,-12.0,-0.04334039876864703,12.0,-0.001154047744847696,4.354081316278919e-06,4.354081516693312e-06,8.72820447280084e-06,0.001140966334902692,-4.354081316278919e-06
1,0.00399330000000094,0.08477110448483578,0.0002004277590681273,-12.0,-0.04208490859953811,12.0,-0.001153860262930322,4.228533635860622e-06,4.228533836288383e-06,8.477110448483579e-06,0.001141155469493562,-4.228533635860624e-06
1,0.00399350000000094,0.08226003037676921,0.000200440807577331,-12.0,-0.04082935197261053,12.0,-0.001153672746988586,4.102979278018785e-06,4.102979478459594e-06,8.226003037676922e-06,0.001141344590122641,-4.102979278018785e-06
1,0.0039937000000009396,0.07974882636912715,0.0002004535396433818,-12.0,-0.03957373087056312,12.0,-0.001153485197314852,3.97741844102065e-06,3.977418641474188e-06,7.974882636912716e-06,0.001141533696487533,-3.97741844102065e-06
1,0.003993900000000939,0.0772374964274522,0.0002004659552490365,-12.0,-0.038318047276193,12.0,-0.001153297614201647,3.851851323144203e-06,3.851851523610158e-06,7.72374964274522e-06,0.001141722788285971,-3.851851323144204e-06
1,0.003994100000000939,0.07472604451747908,0.0002004780543729996,-12.0,-0.0370623031723995,12.0,-0.001153109997941665,3.726278122677251e-06,3.726278323155304e-06,7.472604451747908e-06,0.001141911865215832,-3.72627812267725e-06
1,0.0039943000000009395,0.07221447460512294,0.000200489836999846,-12.0,-0.03580650054216333,12.0,-0.001152922348827765,3.600699037916318e-06,3.600699238406155e-06,7.221447460512294e-06,0.001142100926975118,-3.600699037916318e-06
1,0.003994500000000938,0.06970279065650402,0.0002005013031043563,-12.0,-0.03455064136858244,12.0,-0.001152734667152966,3.475114267168681e-06,3.475114467669984e-06,6.970279065650402e-06,0.001142289973261977,-3.47511426716868e-06
1,0.003994700000000938,0.06719099663791611,0.0002005124526761846,-12.0,-0.03329472763481925,12.0,-0.001152546953210455,3.349524008749543e-06,3.349524209261997e-06,6.719099663791611e-06,0.001142479003774688,-3.349524008749544e-06
1,0.003994900000000938,0.06467909651581455,0.0002005232856919434,-12.0,-0.03203876132413651,12.0,-0.00115235920729358,3.223928460982845e-06,3.22392866150613e-06,6.467909651581455e-06,0.001142668018211669,-3.223928460982845e-06
1,0.0039951000000009364,0.06216709425684108,0.0002005338021373697,-12.0,-0.03078274441987646,12.0,-0.001152171429695853,3.098327822201383e-06,3.098328022735185e-06,6.216709425684109e-06,0.001142857016271477,-3.098327822201384e-06
1,0.003995300000000937,0.05965499382778724,0.0002005440019949012,-12.0,-0.02952667890546125,12.0,-0.001151983620710949,2.972722290745614e-06,2.972722491289617e-06,5.965499382778724e-06,0.001143045997652804,-2.972722290745615e-06
1,0.0039955000000009375,0.0571427991956036,0.000200553885248797,-12.0,-0.02827056676438976,12.0,-0.001151795780632702,2.847112064963856e-06,2.847112265517741e-06,5.714279919560361e-06,0.001143234962054481,-2.847112064963856e-06
1,0.003995700000000936,0.05463051432739299,0.0002005634518826051,-12.0,-0.02701440998023806,12.0,-0.00115160790975511,2.721497343212067e-06,2.721497543775519e-06,5.463051432739299e-06,0.001143423909175482,-2.721497343212067e-06
1,0.003995900000000936,0.05211814319038983,0.00020057270188387,-12.0,-0.02575821053664209,12.0,-0.001151420008372331,2.595878323852596e-06,2.595878524425299e-06,5.211814319038984e-06,0.001143612838714918,-2.595878323852597e-06
1,0.003996100000000936,0.04960568975196853,0.000200581635234752,-12.0,-0.02450197041731578,12.0,-0.001151232076778685,2.470255205255053e-06,2.470255405836689e-06,4.960568975196853e-06,0.00114380175037204,-2.470255205255054e-06
1,0.0039963000000009345,0.0470931579796418,0.0002005902519230818,-12.0,-0.02324569160603376,12.0,-0.001151044115268648,2.344628185795685e-06,2.344628386385936e-06,4.709315797964181e-06,0.00114399064384624,-2.344628185795684e-06
1,0.003996500000000935,0.04458055184103835,0.0002005985519346228,-12.0,-0.02198937608663173,12.0,-0.001150856124136863,2.218997463856636e-06,2.218997664455186e-06,4.458055184103836e-06,0.001144179518837049,-2.218997463856635e-06
1,0.003996700000000936,0.04206787530390708,0.0002006065352565273,-12.0,-0.02073302584300339,12.0,-0.001150668103678125,2.093363237825991e-06,2.093363438432528e-06,4.206787530390708e-06,0.001144368375044145,-2.093363237825992e-06
1,0.003996900000000934,0.03955513233610684,0.0002006142018760922,-12.0,-0.01947664285909726,12.0,-0.001150480054187391,1.967725706097336e-06,1.967725906711537e-06,3.955513233610684e-06,0.001144557212167344,-1.967725706097336e-06
1,0.003997100000000934,0.03704232690560687,0.0002006215517805308,-12.0,-0.01822022911891712,12.0,-0.001150291975959777,1.842085067069765e-06,1.842085267691317e-06,3.704232690560688e-06,0.001144746029906605,-1.842085067069765e-06
1,0.003997300000000934,0.03452946298045858,0.0002006285849615562,-12.0,-0.01696378660650111,12.0,-0.001150103869290554,1.716441519146266e-06,1.716441719774851e-06,3.452946298045858e-06,0.001144934827962031,-1.716441519146266e-06
1,0.003997500000000933,0.03201654452882594,0.0002006353014015402,-12.0,-0.01570731730595765,12.0,-0.001149915734475153,1.590795260735919e-06,1.59079546137122e-06,3.201654452882594e-06,0.001145123606033868,-1.590795260735919e-06
1,0.003997700000000933,0.029503575518952,0.0002006417010975824,-12.0,-0.01445082320141262,12.0,-0.001149727571809162,1.46514649025102e-06,1.465146690892721e-06,2.9503575518952e-06,0.001145312363822506,-1.46514649025102e-06
1,0.003997900000000933,0.02699055991914766,0.0002006477840338153,-12.0,-0.01319430627704527,12.0,-0.001149539381588324,1.339495406107909e-06,1.339495606755692e-06,2.699055991914766e-06,0.00114550110102848,-1.339495406107908e-06
1,0.0039981000000009325,0.024477501697816,0.0002006535502034404,-12.0,-0.01193776851706733,12.0,-0.001149351164108538,1.213842206727078e-06,1.213842407380628e-06,2.4477501697816e-06,0.00114568981735247,-1.213842206727077e-06
1,0.003998300000000932,0.02196440482342089,0.0002006589995956348,-12.0,-0.010681211905727,12.0,-0.001149162919665859,1.088187090532263e-06,1.088187291191263e-06,2.196440482342089e-06,0.001145878512495299,-1.088187090532263e-06
1,0.003998500000000932,0.01945127326447985,0.0002006641322046931,-12.0,-0.009424638427291564,12.0,-0.001148974648556499,9.62530255949625e-07,9.62530456613758e-07,1.945127326447985e-06,0.001146067186157942,-9.625302559496258e-07
1,0.003998700000000932,0.01693811098956779,0.000200668948019192,-12.0,-0.008168050066065627,12.0,-0.001148786351076821,8.368719014084817e-07,8.368721020774298e-07,1.693811098956779e-06,0.001146255838041515,-8.368719014084819e-07
1,0.003998900000000931,0.01442492196731683,0.0002006734470334798,-12.0,-0.006911448806373724,12.0,-0.001148598027523346,7.11212225340721e-07,7.112124260141677e-07,1.442492196731683e-06,0.001146444467847281,-7.112122253407204e-07
1,0.003999100000000931,0.01191171016639351,0.0002006776292397946,-12.0,-0.00565483663256077,12.0,-0.001148409678192745,5.855514261800556e-07,5.855516268576857e-07,1.191171016639351e-06,0.001146633075276654,-5.855514261800565e-07
1,0.003999300000000931,0.009398479555502999,0.0002006814946317634,-12.0,-0.004398215528988909,12.0,-0.001148221303381846,4.598897023620675e-07,4.598899030435618e-07,9.398479555502999e-07,0.001146821660031193,-4.598897023620673e-07
1,0.003999500000000929,0.00688523410337926,0.0002006850432032083,-12.0,-0.003141587480034386,12.0,-0.001148032903387625,3.342272523237615e-07,3.342274530088026e-07,6.88523410337926e-07,0.001147010221812607,-3.342272523237594e-07
1,0.00399970000000093,0.004371977778784835,0.0002006882749477988,-12.0,-0.00188495447008797,12.0,-0.001147844478507216,2.085642745035776e-07,2.085644751918518e-07,4.371977778784836e-07,0.001147198760322752,-2.085642745035769e-07
1,0.0039999000000009305,0.001858714550483252,0.0002006911898637845,-12.0,-0.0006283184835340508,12.0,-0.001147656029037901,8.290096733978157e-08,8.290116803097338e-08,1.858714550483252e-07,0.001147387275263636,-8.290096733978354e-08
1,0.004,0.0006020815386791331,0.0002006925082756693,-12.0,-9.797174393178826e-16,12.0,-0.001147561795172177,2.006925082766589e-08,2.006945152017319e-08,6.020815386791331e-08,0.001147481523805692,-2.00692508276649e-08
2,0.002,0.003010446049691548,0.001003475326726705,-12.0,-2.449293598294707e-15,12.0,-0.001147722310506788,1.003475326729153e-07,1.003485361482422e-07,3.010446049691548e-07,0.001147320948560587,-1.003475326729154e-07
2,0.00200002,0.00175381280780697,0.001003476598803796,-12.0,0.0006283185290681971,12.0,-0.001147628087918338,3.751580697356014e-08,3.751681045015869e-08,1.75381280780697e-07,0.001147415208412111,-3.75158069735599e-08
2,0.00200006,-0.0007594536721529922,0.001003479117757345,-12.0,0.001884955547503692,12.0,-0.001147439624682832,-8.81476429746354e-08,-8.814663949551688e-08,-7.594536721529922e-08,0.001147603710054721,8.81476429746347e-08
2,0.00200014,-0.005785986219925769,0.001003484002008203,-12.0,0.00439822914781521,12.0,-0.001147062626008503,-3.394745145807012e-07,-3.394735110966986e-07,-5.78598621992577e-07,0.001147980641067124,3.394745145807007e-07
2,0.0020003,-0.0158390454344374,0.001003493084996725,-12.0,0.009424772379644638,12.0,-0.001146308340165967,-8.421279294647916e-07,-8.421269259717065e-07,-1.58390454344374e-06,0.001148734213681681,8.421279294647915e-07
2,0.0020005,-0.02840534589369479,0.001003502965017484,-12.0,0.01570793742940327,12.0,-0.001145364942882977,-1.470443446438579e-06,-1.470442442935614e-06,-2.840534589369479e-06,0.001149675635862771,1.470443446438579e-06
2,0.0020007000000000002,-0.04097160163763689,0.001003511213496774,-12.0,0.02199107767417574,12.0,-0.001144420947017052,-2.098756646067897e-06,-2.098755642556684e-06,-4.097160163763689e-06,0.001150616452672496,2.098756646067897e-06
2,0.0020009000000000003,-0.05353779259019244,0.001003517907845631,-12.0,0.02827418319204375,12.0,-0.001143476354079441,-2.727066528419812e-06,-2.727065524901904e-06,-5.353779259019244e-06,0.001151556662614763,2.727066528419812e-06
2,0.0020011000000000004,-0.06610389898950318,0.001003523020768757,-12.0,0.03455724406113494,12.0,-0.001142531165563248,-3.355372104036618e-06,-3.355371100513597e-06,-6.610389898950318e-06,0.001152496264217233,3.355372104036618e-06
2,0.0020013000000000006,-0.07866990096307282,0.001003526561861427,-12.0,0.04084025035959417,12.0,-0.001141585382971834,-3.983672379773275e-06,-3.983671376246712e-06,-7.866990096307282e-06,0.001153435256003068,3.983672379773275e-06
2,0.0020015000000000007,-0.09123577867763889,0.001003528527751794,-12.0,0.04712319216573242,12.0,-0.001140639007808786,-4.61196636379806e-06,-4.611965360269534e-06,-9.12357786776389e-06,0.001154373636500897,4.611966363798062e-06
2,0.002001700000000001,-0.1038015122864292,0.00100352891961545,-12.0,0.05340605955792697,12.0,-0.00113969204158145,-5.240253063831152e-06,-5.240252060302232e-06,-1.038015122864292e-05,0.001155311404241305,5.240253063831152e-06
2,0.002001900000000001,-0.1163670819476553,0.001003527737033237,-12.0,0.05968884261465487,12.0,-0.001138744485799694,-5.868531487762166e-06,-5.868530484234427e-06,-1.163670819476553e-05,0.001156248557758067,5.868531487762164e-06
2,0.002002100000000001,-0.1289324678181252,0.001003524980160403,-12.0,0.06597153141455298,12.0,-0.001137796341976329,-6.496800643439257e-06,-6.496799639914279e-06,-1.289324678181252e-05,0.001157185095587722,6.496800643439258e-06
2,0.002002300000000001,-0.1414976500555569,0.001003520648948021,-12.0,0.07225411603640697,12.0,-0.001136847611626957,-7.125059538745896e-06,-7.125058535225245e-06,-1.414976500555569e-05,0.001158121016269728,7.125059538745896e-06
2,0.0020025000000000012,-0.1540626088177374,0.001003514743416201,-12.0,0.07853658655914045,12.0,-0.001135898296270033,-7.753307181572425e-06,-7.75330617805768e-06,-1.540626088177374e-05,0.001159056318346404,7.753307181572425e-06
2,0.0020027000000000014,-0.1666273242628941,0.001003507263576071,-12.0,0.08481893306188379,12.0,-0.001134948397426831,-8.38154257983077e-06,-8.381541576323507e-06,-1.666273242628941e-05,0.001159991000362959,8.381542579830772e-06
2,0.0020029000000000015,-0.1791917765496448,0.001003498209439166,-12.0,0.09110114562396324,12.0,-0.00113399791662145,-9.009764741452406e-06,-9.009763737954196e-06,-1.791917765496448e-05,0.00116092506086748,9.009764741452408e-06
2,0.0020031000000000016,-0.1917559458369832,0.001003487581014956,-12.0,0.09738321432488986,12.0,-0.001133046855380824,-9.637972674387492e-06,-9.63797167089991e-06,-1.917559458369833e-05,0.001161858498410948,9.637972674387492e-06
2,0.0020033000000000017,-0.2043198122843655,0.001003475378328095,-12.0,0.1036651292444286,12.0,-0.001132095215234694,-1.026616538661006e-05,-1.026616438313468e-05,-2.043198122843655e-05,0.001162791311547218,1.026616538661005e-05
2,0.002003500000000002,-0.2168833560517308,0.001003461601392086,-12.0,0.1099468804625695,12.0,-0.001131142997715625,-1.089434188611774e-05,-1.089434088265615e-05,-2.168833560517309e-05,0.00116372349883306,1.089434188611774e-05
2,0.002003700000000002,-0.2294465572995636,0.001003446250240805,-12.0,0.1162284580596055,12.0,-0.001130190204359002,-1.152250118093647e-05,-1.152250017749022e-05,-2.294465572995636e-05,0.001164655058828118,1.152250118093647e-05
2,0.002003900000000002,-0.242009396188827,0.001003429324877916,-12.0,0.1225098521160236,12.0,-0.00112923683670303,-1.215064227911457e-05,-1.215064127568525e-05,-2.42009396188827e-05,0.001165585990094933,1.215064227911457e-05
2,0.002004100000000002,-0.2545718528810438,0.001003410825349396,-12.0,0.1287910527126542,12.0,-0.001128282896288711,-1.277876418873049e-05,-1.277876318531966e-05,-2.545718528810438e-05,0.001166516291198951,1.277876418873049e-05
2,0.0020043000000000023,-0.267133907538451,0.001003390751684485,-12.0,0.1350720499306597,12.0,-0.001127328384659863,-1.340686591789753e-05,-1.340686491450677e-05,-2.67133907538451e-05,0.001167445960708519,1.340686591789753e-05
2,0.0020045000000000024,-0.2796955403237991,0.001003369103896229,-12.0,0.1413528338514349,12.0,-0.001126373303363121,-1.403494647475387e-05,-1.403494547138477e-05,-2.796955403237991e-05,0.001168374997194873,1.403494647475387e-05
2,0.0020047000000000025,-0.2922567314005456,0.001003345882045675,-12.0,0.1476333945568002,12.0,-0.001125417653947917,-1.466300486747545e-05,-1.466300386412957e-05,-2.922567314005457e-05,0.001169303399232168,1.466300486747545e-05
2,0.0020049000000000026,-0.3048174609329169,0.001003321086154987,-12.0,0.1539137221289018,12.0,-0.001124461437966462,-1.529104010427468e-05,-1.529103910095359e-05,-3.048174609329169e-05,0.001170231165397476,1.529104010427468e-05
2,0.0020051000000000027,-0.3173777090857333,0.001003294716258013,-12.0,0.1601938066502008,12.0,-0.001123504656973813,-1.591905119339428e-05,-1.591905019009957e-05,-3.173777090857333e-05,0.001171158294270749,1.591905119339428e-05
2,0.002005300000000003,-0.3299374560246603,0.001003266772416217,-12.0,0.1664736382036222,12.0,-0.001122547312527797,-1.65470371431206e-05,-1.654703613985383e-05,-3.299374560246603e-05,0.001172084784434868,1.65470371431206e-05
2,0.002005500000000003,-0.3424966819161711,0.001003237254658479,-12.0,0.1727532068724458,12.0,-0.001121589406189043,-1.717499696177874e-05,-1.717499595854148e-05,-3.424966819161711e-05,0.001173010634475623,1.717499696177873e-05
2,0.002005700000000003,-0.3550553669275218,0.001003206163041268,-12.0,0.1790325027403844,12.0,-0.001120630939520962,-1.780292965773432e-05,-1.780292865452816e-05,-3.550553669275218e-05,0.001173935842981734,1.780292965773432e-05
2,0.002005900000000003,-0.3676134912268229,0.001003173497605758,-12.0,0.185311515891555,12.0,-0.001119671914089775,-1.843083423939493e-05,-1.843083323622143e-05,-3.676134912268228e-05,0.001174860408544819,1.843083423939493e-05
2,0.0020061000000000033,-0.3801710349830715,0.001003139258412916,-12.0,0.1915902364105478,12.0,-0.001118712331464478,-1.905870971521349e-05,-1.905870871207423e-05,-3.801710349830715e-05,0.001175784329759438,1.905870971521348e-05
2,0.0020063000000000034,-0.3927279783662157,0.001003103445514936,-12.0,0.1978686543824147,12.0,-0.001117752193216852,-1.968655509368997e-05,-1.968655409058653e-05,-3.927279783662157e-05,0.001176707605223058,1.968655509368997e-05
2,0.0020065000000000035,-0.4052843015471049,0.001003066058964053,-12.0,0.2041467598926591,12.0,-0.001116791500921463,-2.031436938336951e-05,-2.031436838030345e-05,-4.052843015471049e-05,0.001177630233536082,2.031436938336951e-05
2,0.0020067000000000036,-0.4178399846975824,0.001003027098828102,-12.0,0.2104245430273043,12.0,-0.001115830256155668,-2.094215159284762e-05,-2.094215058982053e-05,-4.178399846975824e-05,0.00117855221330183,2.094215159284763e-05
2,0.0020069000000000037,-0.4303950079905353,0.001002986565166397,-12.0,0.2167019938728828,12.0,-0.001114868460499577,-2.156990073077164e-05,-2.156989972778508e-05,-4.303950079905353e-05,0.001179473543126565,2.156990073077165e-05
2,0.002007100000000004,-0.4429493515998424,0.001002944458039501,-12.0,0.2229791025164251,12.0,-0.001113906115536117,-2.219761580583856e-05,-2.21976148028941e-05,-4.429493515998425e-05,0.001180394221619471,2.219761580583856e-05
2,0.002007300000000004,-0.4555029957004642,0.001002900777519938,-12.0,0.2292558590455198,12.0,-0.001112943222850951,-2.282529582679998e-05,-2.282529482389921e-05,-4.555029957004642e-05,0.001181314247392682,2.282529582679998e-05
2,0.002007500000000004,-0.4680559204685322,0.00100285552368376,-12.0,0.235532253548347,12.0,-0.001111979784032522,-2.345293980246633e-05,-2.34529387996108e-05,-4.680559204685322e-05,0.001182233619061255,2.345293980246633e-05
2,0.002007700000000004,-0.4806081060812324,0.001002808696583812,-12.0,0.2418082761135789,12.0,-0.001111015800672074,-2.408054674169951e-05,-2.408054573889081e-05,-4.806081060812324e-05,0.001183152335243177,2.408054674169951e-05
2,0.0020079000000000043,-0.4931595327169088,0.001002760296313715,-12.0,0.248083916830528,12.0,-0.001110051274363557,-2.470811565342143e-05,-2.470811465066113e-05,-4.931595327169088e-05,0.001184070394559419,2.470811565342142e-05
2,0.0020081000000000044,-0.5057101805551929,0.001002710322946049,-12.0,0.2543591657891187,12.0,-0.001109086206703736,-2.533564554661728e-05,-2.533564454390695e-05,-5.057101805551929e-05,0.001184987795633839,2.533564554661727e-05
2,0.0020083000000000045,-0.5182600297769009,0.001002658776558751,-12.0,0.2606340130798764,12.0,-0.001108120599292127,-2.596313543033176e-05,-2.596313442767298e-05,-5.182600297769009e-05,0.001185904537093288,2.596313543033176e-05
2,0.0020085000000000046,-0.5308090605640794,0.00100260565723112,-12.0,0.2669084487939429,12.0,-0.001107154453730986,-2.659058431367118e-05,-2.659058331106552e-05,-5.308090605640794e-05,0.001186820617567544,2.659058431367119e-05
2,0.0020087000000000048,-0.5433572531000885,0.001002550965055277,-12.0,0.2731824630231369,12.0,-0.001106187771625352,-2.721799120580816e-05,-2.721799020325719e-05,-5.433572531000886e-05,0.001187736035689332,2.721799120580816e-05
2,0.002008900000000005,-0.5559045875696426,0.001002494700115875,-12.0,0.2794560458599421,12.0,-0.001105220554582991,-2.784535511598263e-05,-2.784535411348792e-05,-5.559045875696426e-05,0.00118865079009435,2.784535511598263e-05
2,0.002009100000000005,-0.5684510441587622,0.001002436862498374,-12.0,0.2857291873974973,12.0,-0.001104252804214445,-2.847267505349989e-05,-2.847267405106303e-05,-5.684510441587623e-05,0.001189564879421238,2.84726750534999e-05
2,0.002009300000000005,-0.5809966030548724,0.001002377452302611,-12.0,0.2920018777296646,12.0,-0.001103284522132996,-2.909995002773621e-05,-2.909994902535875e-05,-5.809966030548725e-05,0.001190478302311587,2.90999500277362e-05
2,0.002009500000000005,-0.5935412444468448,0.001002316469621067,-12.0,0.2982741069510187,12.0,-0.001102315709954678,-2.972717904813976e-05,-2.972717804582329e-05,-5.935412444468448e-05,0.001191391057409955,2.972717904813976e-05
2,0.0020097000000000053,-0.6060849485249544,0.00100225391454617,-12.0,0.3045458651568357,12.0,-0.001101346369298258,-3.035436112422895e-05,-3.035436012197503e-05,-6.060849485249545e-05,0.001192303143363865,3.035436112422895e-05
2,0.0020099000000000054,-0.6186276954809711,0.001002189787185859,-12.0,0.3108171424431622,12.0,-0.001100376501785252,-3.098149526559764e-05,-3.098149426340785e-05,-6.18627695480971e-05,0.001193214558823798,3.098149526559763e-05
2,0.0020101000000000055,-0.6311694655081842,0.00100212408763567,-12.0,0.3170879289067865,12.0,-0.00109940610903991,-3.160858048191509e-05,-3.160857947979099e-05,-6.311694655081842e-05,0.001194125302443241,3.160858048191509e-05
2,0.0020103000000000057,-0.6437102388014573,0.001002056816012981,-12.0,0.3233582146453163,12.0,-0.001098435192689262,-3.223561578293034e-05,-3.223561478087351e-05,-6.437102388014573e-05,0.001195035372878565,3.223561578293033e-05
2,0.0020105000000000058,-0.6562499955571702,0.001001987972403556,-12.0,0.3296279897570702,12.0,-0.001097463754362989,-3.286260017846666e-05,-3.286259917647869e-05,-6.562499955571703e-05,0.00119594476878921,3.286260017846666e-05
2,0.002010700000000006,-0.6687887159732908,0.001001917556936932,-12.0,0.3358972443412264,12.0,-0.001096491795693585,-3.348953267842895e-05,-3.348953167651139e-05,-6.687887159732908e-05,0.001196853488837482,3.348953267842894e-05
2,0.002010900000000006,-0.6813263802495395,0.00100184556972413,-12.0,0.3421659684978117,12.0,-0.001095519318316224,-3.411641229280875e-05,-3.411641129096318e-05,-6.813263802495396e-05,0.001197761531688789,3.411641229280875e-05
2,0.002011100000000006,-0.6938629685871771,0.001001772010862018,-12.0,0.3484341523276016,12.0,-0.001094546323868857,-3.474323803167396e-05,-3.474323702990196e-05,-6.938629685871772e-05,0.001198668896011397,3.474323803167396e-05
2,0.0020113000000000062,-0.7063984611892101,0.001001696880493397,-12.0,0.3547017859323139,12.0,-0.001093572813992097,-3.537000890518206e-05,-3.537000790348518e-05,-7.063984611892102e-05,0.001199575580476647,3.537000890518205e-05
2,0.0020115000000000063,-0.7189328382604417,0.001001620178723794,-12.0,0.3609688594145084,12.0,-0.001092598790329316,-3.599672392357846e-05,-3.599672292195828e-05,-7.189328382604418e-05,0.001200481583758822,3.599672392357846e-05
2,0.0020117000000000065,-0.7314660800073062,0.001001541905669534,-12.0,0.3672353628775765,12.0,-0.001091624254526621,-3.66233820971907e-05,-3.662338109564879e-05,-7.314660800073062e-05,0.001201386904535154,3.66233820971907e-05
2,0.0020119000000000066,-0.7439981666381111,0.001001462061475195,-12.0,0.373501286425889,12.0,-0.001090649208232812,-3.724998243644139e-05,-3.724998143497932e-05,-7.439981666381111e-05,0.001202291541485934,3.724998243644139e-05
2,0.0020121000000000067,-0.756529078363022,0.001001380646253491,-12.0,0.3797666201646976,12.0,-0.001089673653099414,-3.787652395184442e-05,-3.787652295046378e-05,-7.56529078363022e-05,0.001203195493294368,3.787652395184442e-05
2,0.002012300000000007,-0.7690587953939727,0.001001297660136291,-12.0,0.3860313542001674,12.0,-0.001088697590780653,-3.850300565400311e-05,-3.850300465270545e-05,-7.690587953939727e-05,0.001204098758646736,3.850300565400312e-05
2,0.002012500000000007,-0.7815872979448282,0.001001213103261234,-12.0,0.392295478639437,12.0,-0.001087721022933474,-3.912942655361758e-05,-3.912942555240448e-05,-7.815872979448283e-05,0.001205001336232261,3.912942655361758e-05
2,0.002012700000000007,-0.7941145662313792,0.001001126975759659,-12.0,0.3985589835905989,12.0,-0.001086743951217564,-3.975578566148392e-05,-3.975578466035694e-05,-7.941145662313793e-05,0.001205903224743135,3.975578566148392e-05
2,0.002012900000000007,-0.806640580471363,0.001001039277772287,-12.0,0.4048218591627327,12.0,-0.001085766377295259,-4.038208198849604e-05,-4.038208098745677e-05,-8.066405804713631e-05,0.001206804422874616,4.038208198849604e-05
2,0.0020131000000000072,-0.8191653208844721,0.001000950009432788,-12.0,0.4110840954658854,12.0,-0.001084788302831624,-4.100831454564527e-05,-4.100831354469525e-05,-8.191653208844722e-05,0.001207704929324913,4.100831454564526e-05
2,0.0020133000000000074,-0.8316887676924222,0.001000859170891266,-12.0,0.4173456826111397,12.0,-0.001083809729494421,-4.163448234402485e-05,-4.163448134316568e-05,-8.316887676924222e-05,0.001208604742795279,4.163448234402484e-05
2,0.0020135000000000075,-0.8442109011190011,0.00100076676229055,-12.0,0.423606610710604,12.0,-0.001082830658954134,-4.226058439483133e-05,-4.226058339406458e-05,-8.442109011190012e-05,0.001209503861989904,4.226058439483134e-05
2,0.0020137000000000076,-0.8567317013900257,0.001000672783773138,-12.0,0.4298668698774003,12.0,-0.001081851092883904,-4.288661970936271e-05,-4.288661870868995e-05,-8.567317013900258e-05,0.001210402285616079,4.288661970936272e-05
2,0.0020139000000000077,-0.8692511487334201,0.00100057723549507,-12.0,0.436126450225725,12.0,-0.001080871032959618,-4.351258729902299e-05,-4.351258629844576e-05,-8.692511487334201e-05,0.001211300012384009,4.351258729902299e-05
2,0.002014100000000008,-0.8817692233793187,0.001000480117614,-12.0,0.4423853418708815,12.0,-0.001079890480859776,-4.413848617532675e-05,-4.413848517484664e-05,-8.817692233793188e-05,0.001212197041006988,4.413848617532675e-05
2,0.002014300000000008,-0.8942859055599346,0.001000381430266706,-12.0,0.4486435349291817,12.0,-0.001078909438265628,-4.47643153498915e-05,-4.476431434951007e-05,-8.942859055599347e-05,0.001213093370201285,4.47643153498915e-05
2,0.002014500000000008,-0.9068011755096778,0.001000281173628326,-12.0,0.4549010195180931,12.0,-0.001077927906861093,-4.539007383444649e-05,-4.539007283416531e-05,-9.068011755096779e-05,0.001213988998686195,4.539007383444648e-05
2,0.002014700000000008,-0.9193150134652949,0.001000179347858621,-12.0,0.4611577857562288,12.0,-0.001076945888332799,-4.601576064083702e-05,-4.601575964065767e-05,-9.193150134652949e-05,0.001214883925184006,4.601576064083702e-05
2,0.0020149000000000083,-0.9318273996656734,0.001000075953101198,-12.0,0.467413823763248,12.0,-0.001075963384370021,-4.664137478101469e-05,-4.664137378093873e-05,-9.318273996656734e-05,0.001215778148420062,4.664137478101468e-05
2,0.0020151000000000084,-0.9443383143520349,0.0009999709895472386,-12.0,0.4736691236600481,12.0,-0.001074980396664711,-4.72669152670501e-05,-4.726691426707911e-05,-9.443383143520349e-05,0.001216671667122741,4.726691526705009e-05
2,0.0020153000000000085,-0.9568477377679709,0.0009998644573451232,-12.0,0.4799236755686477,12.0,-0.00107399692691152,-4.789238111113025e-05,-4.789238011126581e-05,-9.56847737767971e-05,0.001217564480023386,4.789238111113026e-05
2,0.0020155000000000086,-0.9693556501593736,0.0009997563566760959,-12.0,0.4861774696122646,12.0,-0.001073012976807765,-4.851777132555885e-05,-4.851777032580249e-05,-9.693556501593736e-05,0.001218456585856419,4.851777132555885e-05
2,0.0020157000000000087,-0.9818620317745308,0.0009996466877030263,-12.0,0.4924304959152867,12.0,-0.001072028548053418,-4.914308492275838e-05,-4.914308392311169e-05,-9.818620317745309e-05,0.001219347983359292,4.914308492275837e-05
2,0.002015900000000009,-0.9943668628641428,0.0009995354506099896,-12.0,0.4986827446033408,12.0,-0.001071043642351159,-4.976832091527309e-05,-4.976831991573764e-05,-9.943668628641428e-05,0.001220238671272446,4.976832091527309e-05
2,0.002016100000000009,-1.006870123681396,0.0009994226455714572,-12.0,0.5049342058032815,12.0,-0.001070058261406284,-5.039347831577101e-05,-5.039347731634836e-05,-0.0001006870123681396,0.001221128648339419,5.039347831577101e-05
2,0.002016300000000009,-1.019371794481907,0.000999308272763233,-12.0,0.5111848696431809,12.0,-0.001069072406926788,-5.101855613704176e-05,-5.101855513773349e-05,-0.0001019371794481907,0.001222017913306721,5.101855613704176e-05
2,0.002016500000000009,-1.031871855523821,0.000999192332374943,-12.0,0.5174347262523962,12.0,-0.001068086080623358,-5.164355339200212e-05,-5.164355239280979e-05,-0.0001031871855523821,0.001222906464923901,5.164355339200213e-05
2,0.0020167000000000093,-1.044370287067854,0.000999074824589552,-12.0,0.5236837657615595,12.0,-0.001067099284209248,-5.226846909369701e-05,-5.226846809462218e-05,-0.0001044370287067854,0.001223794301943658,5.2268469093697e-05
2,0.0020169000000000094,-1.056867069377252,0.0009989557495892476,-12.0,0.529931978302567,12.0,-0.001066112019400454,-5.289330225529778e-05,-5.289330125634204e-05,-0.0001056867069377252,0.001224681423121557,5.289330225529779e-05
2,0.0020171000000000095,-1.069362182717876,0.000998835107572038,-12.0,0.5361793540086469,12.0,-0.001065124287915574,-5.35180518901075e-05,-5.351805089127239e-05,-0.0001069362182717876,0.001225567827216369,5.351805189010749e-05
2,0.0020173000000000096,-1.081855607358234,0.0009987128987238303,-12.0,0.5424258830143316,12.0,-0.001064136091475897,-5.414271701156077e-05,-5.414271601284788e-05,-0.0001081855607358234,0.001226453512989813,5.414271701156077e-05
2,0.0020175000000000097,-1.094347323569531,0.0009985891232517363,-12.0,0.5486715554555343,12.0,-0.001063147431805314,-5.476729663322826e-05,-5.476729563463914e-05,-0.0001094347323569531,0.001227338479206745,5.476729663322826e-05
2,0.00201770000000001,-1.1068373116256,0.0009984637813300057,-12.0,0.5549163614694326,12.0,-0.001062158310630418,-5.539178976881027e-05,-5.539178877034649e-05,-0.00011068373116256,0.001228222724634957,5.539178976881025e-05
2,0.00201790000000001,-1.119325551803026,0.0009983368731861786,-12.0,0.561160291194661,12.0,-0.001061168729680415,-5.60161954321475e-05,-5.601619443381061e-05,-0.0001119325551803026,0.001229106248045377,5.601619543214749e-05
2,0.00201810000000001,-1.131812024381233,0.0009982083990071056,-12.0,0.567403334771211,12.0,-0.001060178690687169,-5.664051263722039e-05,-5.664051163901199e-05,-0.0001131812024381233,0.001229989048211949,5.664051263722039e-05
2,0.00201830000000001,-1.144296709642296,0.0009980783589924602,-12.0,0.5736454823404203,12.0,-0.001059188195385134,-5.726474039814279e-05,-5.726473940006442e-05,-0.0001144296709642296,0.001230871123911743,5.726474039814279e-05
2,0.0020185000000000103,-1.156779587871202,0.0009979467533684505,-12.0,0.5798867240451213,12.0,-0.001058197245511483,-5.788887772917528e-05,-5.788887673122852e-05,-0.0001156779587871202,0.001231752473924784,5.788887772917528e-05
2,0.0020187000000000104,-1.169260639355817,0.0009978135823314194,-12.0,0.5861270500295415,12.0,-0.001057205842805949,-5.8512923644721e-05,-5.851292264690743e-05,-0.0001169260639355817,0.001232633097034266,5.851292364472101e-05
2,0.0020189000000000105,-1.181739844386813,0.0009976788460945851,-12.0,0.5923664504393367,12.0,-0.001056213989010929,-5.913687715932421e-05,-5.913687616164537e-05,-0.0001181739844386813,0.001233512992026328,5.913687715932421e-05
2,0.0020191000000000106,-1.194217183257815,0.0009975425448786046,-12.0,0.5986049154216506,12.0,-0.001055221685871445,-5.97607372876772e-05,-5.976073629013465e-05,-0.0001194217183257815,0.001234392157690348,5.97607372876772e-05
2,0.0020193000000000108,-1.206692636265418,0.0009974046788993052,-12.0,0.6048424351251046,12.0,-0.001054228935135182,-6.038450304462053e-05,-6.038450204721584e-05,-0.0001206692636265418,0.001235270592818569,6.038450304462054e-05
2,0.002019500000000011,-1.219166183709153,0.000997265248371404,-12.0,0.611078999699786,12.0,-0.001053235738552392,-6.100817344514144e-05,-6.10081724478762e-05,-0.0001219166183709153,0.001236148296206482,6.100817344514146e-05
2,0.002019700000000011,-1.231637805891574,0.0009971242535249392,-12.0,0.6173145992973167,12.0,-0.001052242097875973,-6.163174750437918e-05,-6.163174650725493e-05,-0.0001231637805891574,0.001237025266652522,6.163174750437918e-05
2,0.002019900000000011,-1.244107483118291,0.0009969816945809007,-12.0,0.6235492240708339,12.0,-0.001051248014861415,-6.225522423762531e-05,-6.225522324064361e-05,-0.0001244107483118291,0.001237901502958286,6.225522423762531e-05
2,0.002020100000000011,-1.256575195697986,0.0009968375717697153,-12.0,0.6297828641750229,12.0,-0.001050253491266903,-6.287860266032533e-05,-6.287860166348777e-05,-0.0001256575195697986,0.001238777003928382,6.287860266032532e-05
2,0.0020203000000000113,-1.269040923942413,0.0009966918853148155,-12.0,0.6360155097660976,12.0,-0.001049258528853167,-6.350188178807828e-05,-6.350188079138639e-05,-0.0001269040923942413,0.00123965176837057,6.350188178807828e-05
2,0.0020205000000000114,-1.281504648166463,0.0009965446354545104,-12.0,0.6422471510018596,12.0,-0.001048263129383518,-6.412506063664051e-05,-6.412505964009587e-05,-0.0001281504648166463,0.001240525795095634,6.412506063664051e-05
2,0.0020207000000000115,-1.293966348688258,0.0009963958224299962,-12.0,0.6484777780417322,12.0,-0.001047267294623996,-6.474813822193022e-05,-6.47481372255344e-05,-0.0001293966348688258,0.001241399082917483,6.474813822193022e-05
2,0.0020209000000000117,-1.306426005829036,0.0009962454464591541,-12.0,0.6547073810466609,12.0,-0.001046271026343144,-6.53711135600202e-05,-6.537111256377476e-05,-0.0001306426005829036,0.001242271630653047,6.537111356002019e-05
2,0.0020211000000000118,-1.318883599913251,0.000996093507800222,-12.0,0.660935950179261,12.0,-0.001045274326312143,-6.599398566714608e-05,-6.599398467105258e-05,-0.0001318883599913251,0.001243143437122424,6.599398566714608e-05
2,0.002021300000000012,-1.331339111268728,0.0009959400066952284,-12.0,0.6671634756038067,12.0,-0.001044277196304753,-6.661675355971117e-05,-6.661675256377116e-05,-0.0001331339111268728,0.001244014501148777,6.661675355971116e-05
2,0.002021500000000012,-1.343792520226456,0.0009957849433701038,-12.0,0.6733899474861326,12.0,-0.001043279638097423,-6.723941625427626e-05,-6.72394152584913e-05,-0.0001343792520226456,0.001244884821558295,6.723941625427626e-05
2,0.002021700000000012,-1.35624380712079,0.0009956283180977965,-12.0,0.6796153559938249,12.0,-0.001042281653469063,-6.78619727675727e-05,-6.78619717719444e-05,-0.000135624380712079,0.001245754397180374,6.786197276757272e-05
2,0.0020219000000000122,-1.368692952289477,0.0009954701311101766,-12.0,0.6858396912961051,12.0,-0.001041283244201274,-6.84844221164995e-05,-6.848442112102935e-05,-0.0001368692952289477,0.001246623226847432,6.84844221164995e-05
2,0.0020221000000000123,-1.381139936073598,0.0009953103826695897,-12.0,0.692062943563907,12.0,-0.001040284412078207,-6.910676331812375e-05,-6.910676232281337e-05,-0.0001381139936073598,0.001247491309395027,6.910676331812374e-05
2,0.0020223000000000125,-1.393584738817649,0.0009951490730218393,-12.0,0.698285102969848,12.0,-0.001039285158886641,-6.972899538968263e-05,-6.972899439453355e-05,-0.0001393584738817649,0.00124835864366174,6.972899538968263e-05
2,0.0020225000000000126,-1.406027340869572,0.0009949862024333789,-12.0,0.7045061596882982,12.0,-0.001038285486415907,-7.035111734858649e-05,-7.03511163536003e-05,-0.0001406027340869572,0.001249225228489359,7.035111734858649e-05
2,0.0020227000000000127,-1.41846772258082,0.000994821771160559,-12.0,0.7107261038953684,12.0,-0.001037285396457921,-7.09731282124208e-05,-7.097312721759902e-05,-0.000141846772258082,0.001250091062722739,7.09731282124208e-05
2,0.002022900000000013,-1.4309058643063,0.0009946557794616728,-12.0,0.7169449257689002,12.0,-0.001036284890807149,-7.159502699894387e-05,-7.159502600428809e-05,-0.00014309058643063,0.001250956145209842,7.159502699894386e-05
2,0.002023100000000013,-1.443341746404477,0.0009944882276087252,-12.0,0.7231626154885339,12.0,-0.001035283971260764,-7.221681272609252e-05,-7.22168117316043e-05,-0.0001443341746404477,0.001251820474801657,7.221681272609252e-05
2,0.002023300000000013,-1.455775349237414,0.0009943191158660603,-12.0,0.7293791632356974,12.0,-0.00103428263961837,-7.283848441198312e-05,-7.283848341766402e-05,-0.0001455775349237414,0.001252684050352448,7.283848441198314e-05
2,0.002023500000000013,-1.468206653170724,0.0009941484444995763,-12.0,0.7355945591935958,12.0,-0.001033280897682204,-7.346004107490965e-05,-7.346004008076118e-05,-0.0001468206653170724,0.001253546870719463,7.346004107490962e-05
2,0.0020237000000000132,-1.480635638573669,0.000993976213788328,-12.0,0.7418087935472794,12.0,-0.001032278747257101,-7.40814817333491e-05,-7.408148073937288e-05,-0.0001480635638573669,0.001254408934763085,7.40814817333491e-05
2,0.0020239000000000134,-1.493062285819203,0.0009938024240046528,-12.0,0.7480218564836323,12.0,-0.001031276190150393,-7.470280540596279e-05,-7.470280441216037e-05,-0.0001493062285819203,0.001255270241346876,7.470280540596278e-05
2,0.0020241000000000135,-1.505486575283921,0.0009936270754209442,-12.0,0.7542337381913629,12.0,-0.001030273228172077,-7.53240111115942e-05,-7.532401011796712e-05,-0.0001505486575283921,0.001256130789337478,7.53240111115942e-05
2,0.0020243000000000136,-1.517908487348152,0.0009934501683229735,-12.0,0.7604444288610619,12.0,-0.001029269863134619,-7.59450978692739e-05,-7.594509687582373e-05,-0.0001517908487348152,0.001256990577604658,7.59450978692739e-05
2,0.0020245000000000137,-1.53032800239602,0.0009932717029942362,-12.0,0.7666539186852185,12.0,-0.001028266096853109,-7.656606469822242e-05,-7.656606370495072e-05,-0.000153032800239602,0.001257849605021288,7.656606469822243e-05
2,0.002024700000000014,-1.542745100815434,0.000993091679717284,-12.0,0.7728621978582098,12.0,-0.001027261931145163,-7.718691061784925e-05,-7.718690962475756e-05,-0.0001542745100815434,0.001258707870463407,7.718691061784925e-05
2,0.002024900000000014,-1.555159762998034,0.0009929100987687844,-12.0,0.7790692565762714,12.0,-0.001026257367830949,-7.780763464775027e-05,-7.780763365484014e-05,-0.0001555159762998034,0.001259565372810162,7.780763464775026e-05
2,0.002025100000000014,-1.567571969339374,0.000992726960459045,-12.0,0.7852750850376454,12.0,-0.001025252408733232,-7.842823580771864e-05,-7.842823481499166e-05,-0.0001567571969339374,0.001260422110943821,7.842823580771864e-05
2,0.002025300000000014,-1.579981700238922,0.0009925422650655102,-12.0,0.7914796734424817,12.0,-0.001024247055677302,-7.904871311774165e-05,-7.904871212519938e-05,-0.0001579981700238922,0.001261278083749789,7.904871311774162e-05
2,0.0020255000000000143,-1.592388936099968,0.0009923560128843878,-12.0,0.7976830119928708,12.0,-0.001023241310490947,-7.966906559799864e-05,-7.966906460564263e-05,-0.0001592388936099968,0.001262133290116652,7.966906559799864e-05
2,0.0020257000000000144,-1.60479365732979,0.0009921682042174362,-12.0,0.8038850908929032,12.0,-0.001022235175004563,-8.028929226886857e-05,-8.028929127670037e-05,-0.000160479365732979,0.001262987728936071,8.028929226886857e-05
2,0.0020259000000000145,-1.61719584433965,0.0009919788393634166,-12.0,0.8100859003486585,12.0,-0.001021228651051143,-8.090939215092952e-05,-8.090939115895067e-05,-0.000161719584433965,0.001263841399102822,8.090939215092951e-05
2,0.0020261000000000146,-1.629595477544775,0.0009917879186186473,-12.0,0.8162854305681945,12.0,-0.001020221740466093,-8.152936426495762e-05,-8.15293632731697e-05,-0.0001629595477544775,0.001264694299514924,8.152936426495759e-05
2,0.0020263000000000147,-1.641992537364436,0.0009915954422952122,-12.0,0.8224836717616156,12.0,-0.001019214445087457,-8.214920763193206e-05,-8.214920664033659e-05,-0.0001641992537364437,0.00126554642907345,8.214920763193205e-05
2,0.002026500000000015,-1.654387004221991,0.000991401410695869,-12.0,0.828680614141053,12.0,-0.001018206766755694,-8.276892127303574e-05,-8.276892028163435e-05,-0.0001654387004221991,0.001266397786682694,8.276892127303571e-05
2,0.002026700000000015,-1.666778858544879,0.0009912058241331456,-12.0,0.8348762479206975,12.0,-0.001017198707313982,-8.338850420965642e-05,-8.33885032184506e-05,-0.0001666778858544879,0.001267248371249988,8.338850420965644e-05
2,0.002026900000000015,-1.679168080764648,0.0009910086829129083,-12.0,0.8410705633167803,12.0,-0.001016190268607858,-8.400795546338675e-05,-8.400795447237806e-05,-0.0001679168080764648,0.001268098181685953,8.400795546338675e-05
2,0.002027100000000015,-1.691554651316997,0.0009908099873556786,-12.0,0.8472635505476317,12.0,-0.001015181452485484,-8.462727405602762e-05,-8.462727306521761e-05,-0.0001691554651316997,0.001268947216904279,8.46272740560276e-05
2,0.0020273000000000153,-1.703938550641886,0.000990609737782977,-12.0,0.8534551998337147,12.0,-0.001014172260797502,-8.524645900959316e-05,-8.524645801898343e-05,-0.0001703938550641886,0.001269795475821789,8.524645900959317e-05
2,0.0020275000000000154,-1.716319759183404,0.0009904079344964511,-12.0,0.8596455013975262,12.0,-0.001013162695397071,-8.586550934630296e-05,-8.586550835589504e-05,-0.0001716319759183404,0.001270642957358528,8.586550934630297e-05
2,0.0020277000000000155,-1.728698257389889,0.0009902045778352742,-12.0,0.8658344454637436,12.0,-0.001012152758139914,-8.648442408859084e-05,-8.648442309838625e-05,-0.000172869825738989,0.00127148966043765,8.648442408859083e-05
2,0.0020279000000000156,-1.741074025714065,0.0009899996681235201,-12.0,0.8720220222592145,12.0,-0.001011142450884323,-8.710320225910912e-05,-8.710320126910945e-05,-0.0001741074025714066,0.001272335583985443,8.71032022591091e-05
2,0.0020281000000000157,-1.753447044612847,0.0009897932056688319,-12.0,0.8782082220128584,12.0,-0.001010131775490933,-8.772184288071897e-05,-8.772184189092577e-05,-0.0001753447044612847,0.001273180726931417,8.772184288071897e-05
2,0.002028300000000016,-1.765817294547528,0.0009895851908269249,-12.0,0.8843930349558561,12.0,-0.001009120733822991,-8.834034497650294e-05,-8.834034398691775e-05,-0.0001765817294547528,0.0012740250882083,8.834034497650291e-05
2,0.002028500000000016,-1.77818475598384,0.0009893756239119922,-12.0,0.8905764513215441,12.0,-0.001008109327746337,-8.895870756976322e-05,-8.895870658038758e-05,-0.000177818475598384,0.001274868666751791,8.895870756976321e-05
2,0.002028700000000016,-1.790549409391819,0.0009891645052610976,-12.0,0.896758461345446,12.0,-0.001007097559129172,-8.95769296840185e-05,-8.9576928694854e-05,-0.0001790549409391819,0.001275711461500961,8.95769296840185e-05
2,0.002028900000000016,-1.802911235245983,0.0009889518352156346,-12.0,0.9029390552653334,12.0,-0.001006085429842249,-9.019501034301179e-05,-9.019500935405995e-05,-0.0001802911235245983,0.001276553471397976,9.019501034301178e-05
2,0.0020291000000000163,-1.815270214025323,0.0009887376141112236,-12.0,0.9091182233212045,12.0,-0.001005072941758903,-9.081294857070936e-05,-9.081294758197172e-05,-0.0001815270214025323,0.001277394695388095,9.081294857070934e-05
2,0.0020293000000000164,-1.827626326213322,0.000988521842292811,-12.0,0.9152959557553184,12.0,-0.001004060096754855,-9.143074339130257e-05,-9.143074240278073e-05,-0.0001827626326213322,0.001278235132419883,9.143074339130256e-05
2,0.0020295000000000165,-1.839979552297967,0.0009883045200976825,-12.0,0.9214722428121749,12.0,-0.001003046896708409,-9.204839382920774e-05,-9.204839284090321e-05,-0.0001839979552297967,0.001279074781444997,9.204839382920773e-05
2,0.0020297000000000166,-1.852329872771811,0.0009880856478803324,-12.0,0.9276470747385823,12.0,-0.001002033343500269,-9.266589890907021e-05,-9.266589792098456e-05,-0.0001852329872771811,0.001279913641418315,9.266589890907021e-05
2,0.0020299000000000168,-1.864677268132028,0.0009878652259873721,-12.0,0.9338204417836471,12.0,-0.001001019439013762,-9.328325765576597e-05,-9.328325666790075e-05,-0.0001864677268132028,0.001280751711297837,9.328325765576598e-05
2,0.002030100000000017,-1.877021718880364,0.0009876432547653025,-12.0,0.9399923341987624,12.0,-0.001000005185134559,-9.390046909439972e-05,-9.390046810675646e-05,-0.0001877021718880364,0.001281588990044824,9.390046909439971e-05
2,0.002030300000000017,-1.889363205523231,0.000987419734575723,-12.0,0.9461627422376764,12.0,-0.0009989905837509555,-9.451753225031007e-05,-9.451753126289033e-05,-0.0001889363205523231,0.001282425476623675,9.451753225031007e-05
2,0.002030500000000017,-1.901701708571753,0.0009871946657723507,-12.0,0.9523316561564814,12.0,-0.0009979756367536757,-9.513444614907092e-05,-9.513444516187626e-05,-0.0001901701708571753,0.001283261170001909,9.513444614907091e-05
2,0.002030700000000017,-1.914037208541716,0.00098696804870968,-12.0,0.9584990662136028,12.0,-0.000996960346035844,-9.575120981648932e-05,-9.575120882952126e-05,-0.0001914037208541716,0.001284096069150406,9.575120981648932e-05
2,0.0020309000000000173,-1.926369685953657,0.0009867398837540842,-12.0,0.9646649626698584,12.0,-0.000995944713493166,-9.636782227861043e-05,-9.636782129187054e-05,-0.0001926369685953657,0.001284930173043083,9.636782227861043e-05
2,0.0020311000000000174,-1.938699121332928,0.000986510171271604,-12.0,0.9708293357884732,12.0,-0.0009949287410238317,-9.698428256172018e-05,-9.698428157520999e-05,-0.0001938699121332928,0.001285763480657107,9.698428256172016e-05
2,0.0020313000000000176,-1.951025495209683,0.0009862789116259485,-12.0,0.9769921758350696,12.0,-0.0009939124305284042,-9.760058969234437e-05,-9.760058870606546e-05,-0.0001951025495209683,0.001286595990972833,9.760058969234437e-05
2,0.0020315000000000177,-1.963348788118828,0.0009860461051756086,-12.0,0.9831534730776383,12.0,-0.0009928957839099722,-9.821674269724627e-05,-9.821674171120017e-05,-0.0001963348788118828,0.001287427702973895,9.821674269724628e-05
2,0.0020317000000000178,-1.975668980600198,0.0009858117523123822,-12.0,0.9893132177866849,12.0,-0.0009918788030741782,-9.883274060343728e-05,-9.883273961762552e-05,-0.0001975668980600198,0.001288258615646867,9.883274060343725e-05
2,0.002031900000000018,-1.98798605319856,0.0009855758533954262,-12.0,0.9954714002351317,12.0,-0.0009908614899289958,-9.944858243817365e-05,-9.944858145259777e-05,-0.000198798605319856,0.001289088727981821,9.944858243817363e-05
2,0.002032100000000018,-2.000299986463528,0.0009853384088017725,-12.0,1.001628010698351,12.0,-0.0009898438463848969,-0.0001000642672289549,-0.0001000642662436165,-0.0002000299986463528,0.001289918038971924,0.0001000642672289549
2,0.002032300000000018,-2.012610760949708,0.0009850994189157802,-12.0,1.007783039454222,12.0,-0.0009888258743549344,-0.0001006797940035307,-0.0001006797930184312,-0.0002012610760949708,0.001290746547613436,0.0001006797940035306
2,0.0020325000000000182,-2.024918357216722,0.0009848588841162575,-12.0,1.013936476783124,12.0,-0.000987807575754368,-0.0001012951617899008,-0.0001012951608050419,-0.0002024918357216722,0.001291574252906061,0.0001012951617899008
2,0.0020327000000000183,-2.03722275582916,0.0009846168047824566,-12.0,1.020088312967922,12.0,-0.0009867889525011636,-0.000101910369616314,-0.0001019103686316971,-0.000203722275582916,0.001292401153852457,0.0001019103696163139
2,0.0020329000000000185,-2.049523937356686,0.0009843731813069523,-12.0,1.026238538294035,12.0,-0.0009857700065156322,-0.0001025254165112728,-0.0001025254155268996,-0.0002049523937356686,0.001293227249458642,0.0001025254165112728
2,0.0020331000000000186,-2.061821882374065,0.0009841280140763242,-12.0,1.032387143049427,12.0,-0.0009847507397205274,-0.0001031403015035351,-0.0001031403005194071,-0.0002061821882374066,0.001294052538733798,0.0001031403015035351
2,0.0020333000000000187,-2.074116571461135,0.0009838813034761529,-12.0,1.038534117524595,12.0,-0.0009837311540410593,-0.0001037550236221119,-0.0001037550226382306,-0.0002074116571461136,0.001294877020690297,0.0001037550236221119
2,0.002033500000000019,-2.086407985202885,0.000983633049907895,-12.0,1.044679452012635,12.0,-0.0009827112514048941,-0.0001043695818962727,-0.0001043695809126396,-0.0002086407985202885,0.001295700694343829,0.0001043695818962727
2,0.002033700000000019,-2.098696104189486,0.0009833832537603504,-12.0,1.050823136809216,12.0,-0.000981691033742127,-0.0001049839753555456,-0.0001049839743721623,-0.0002098696104189486,0.001296523558713236,0.0001049839753555456
2,0.002033900000000019,-2.110980909016344,0.0009831319154439688,-12.0,1.056965162212657,12.0,-0.0009806705029853091,-0.0001055982030297214,-0.0001055982020465894,-0.0002110980909016344,0.00129734561282048,0.0001055982030297213
2,0.002034100000000019,-2.123262380284041,0.0009828790353380024,-12.0,1.063105518523818,12.0,-0.0009796496610694067,-0.000106212263948848,-0.0001062122629659689,-0.0002123262380284041,0.001298166855690994,0.000106212263948848
2,0.0020343000000000193,-2.135540498598407,0.0009826246138645578,-12.0,1.069244196046246,12.0,-0.000978628509931856,-0.0001068261571432382,-0.0001068261561606136,-0.0002135540498598407,0.001298987286353137,0.0001068261571432382
2,0.0020345000000000194,-2.147815244570675,0.0009823686514284224,-12.0,1.075381185086167,12.0,-0.0009776070515124802,-0.0001074398816434738,-0.0001074398806611052,-0.0002147815244570675,0.001299806903838699,0.0001074398816434738
2,0.0020347000000000195,-2.160086598817287,0.0009821111484195066,-12.0,1.081516475952384,12.0,-0.0009765852877535314,-0.0001080534364803965,-0.0001080534354982853,-0.0002160086598817287,0.001300625707182659,0.0001080534364803965
2,0.0020349000000000196,-2.172354541960083,0.0009818521052729068,-12.0,1.087650058956472,12.0,-0.0009755632205997455,-0.00010866682068512,-0.0001086668197032678,-0.0002172354541960083,0.001301443695423191,0.0001086668206851199
2,0.0020351000000000197,-2.184619054626341,0.0009815915223860827,-12.0,1.093781924412665,12.0,-0.0009745408519981902,-0.0001092800332890279,-0.0001092800323074364,-0.0002184619054626341,0.001302260867601726,0.0001092800332890279
2,0.00203530000000002,-2.196880117448672,0.0009813294001757011,-12.0,1.099912062637894,12.0,-0.0009735181838984863,-0.0001098930733237718,-0.0001098930723424424,-0.0002196880117448672,0.00130307722276285,0.0001098930733237718
2,0.00203550000000002,-2.209137711065173,0.000981065739064868,-12.0,1.106040463951841,12.0,-0.0009724952182525032,-0.0001105059398212776,-0.0001105059388402119,-0.0002209137711065173,0.001303892759954545,0.0001105059398212776
2,0.00203570000000002,-2.221391816119428,0.0009808005394708053,-12.0,1.112167118676926,12.0,-0.0009714719570146912,-0.0001111186318137455,-0.0001111186308329449,-0.0002221391816119428,0.00130470747822789,0.0001111186318137455
2,0.00203590000000002,-2.233642413260529,0.0009805338018192833,-12.0,1.118292017138332,12.0,-0.0009704484021417908,-0.0001117311483336513,-0.0001117311473531175,-0.000223364241326053,0.001305521376637225,0.0001117311483336513
2,0.0020361000000000203,-2.245889483143089,0.000980265526527746,-12.0,1.124415149663991,12.0,-0.0009694245555929987,-0.0001123434884137464,-0.0001123434874334808,-0.0002245889483143089,0.001306334454240193,0.0001123434884137463
2,0.0020363000000000204,-2.258133006427285,0.0009799957140338433,-12.0,1.130536506584651,12.0,-0.0009684004193300094,-0.0001129556510870617,-0.000112955650107066,-0.0002258133006427285,0.001307146710097545,0.0001129556510870617
2,0.0020365000000000205,-2.270372963778946,0.0009797243647629017,-12.0,1.136656078233861,12.0,-0.0009673759953166688,-0.0001135676353869098,-0.0001135676344071855,-0.0002270372963778947,0.001307958143273558,0.0001135676353869098
2,0.0020367000000000206,-2.282609335869469,0.0009794514791441333,-12.0,1.142773854947965,12.0,-0.0009663512855194872,-0.0001141794403468821,-0.0001141794393674307,-0.0002282609335869469,0.001308768752835449,0.0001141794403468821
2,0.0020369000000000207,-2.294842103375938,0.000979177057619518,-12.0,1.148889827066169,12.0,-0.0009653262919073063,-0.000114791065000855,-0.0001147910640216779,-0.0002294842103375938,0.001309578537853739,0.0001147910650008549
2,0.002037100000000021,-2.307071246981154,0.0009789011006240411,-12.0,1.155003984930524,12.0,-0.00096430101645123,-0.00011540250838299,-0.0001154025074040889,-0.0002307071246981154,0.001310387497402449,0.00011540250838299
2,0.002037300000000021,-2.3192967473736,0.000978623608592577,-12.0,1.161116318885925,12.0,-0.0009632754611249433,-0.0001160137695277333,-0.0001160137685491096,-0.00023192967473736,0.001311195630558509,0.0001160137695277332
2,0.002037500000000021,-2.331518585247512,0.0009783445819732117,-12.0,1.167226819280162,12.0,-0.0009622496279043935,-0.0001166248474698189,-0.0001166248464914743,-0.0002331518585247512,0.001312002936402351,0.0001166248474698188
2,0.002037700000000021,-2.34373674130298,0.0009780640212162517,-12.0,1.173335476463954,12.0,-0.0009612235187679979,-0.0001172357412442738,-0.0001172357402662098,-0.000234373674130298,0.001312809414017541,0.0001172357412442738
2,0.0020379000000000213,-2.355951196245813,0.0009777819267480226,-12.0,1.179442280790848,12.0,-0.0009601971356964917,-0.00011784644988641,-0.000117846448908628,-0.0002355951196245813,0.001313615062490919,0.00011784644988641
2,0.0020381000000000214,-2.368161930787698,0.0009774982990441439,-12.0,1.185547222617398,12.0,-0.0009591704806729967,-0.0001184569724318354,-0.0001184569714543371,-0.0002368161930787698,0.001314419880912659,0.0001184569724318354
2,0.0020383000000000215,-2.380368925646244,0.000977213138539046,-12.0,1.191650292303062,12.0,-0.0009581435556831053,-0.0001190673079164523,-0.0001190673069392392,-0.0002380368925646244,0.00131522386837607,0.0001190673079164523
2,0.0020385000000000216,-2.392572161544915,0.0009769264456964688,-12.0,1.197751480210267,12.0,-0.000957116362714644,-0.000119677455376457,-0.0001196774543995306,-0.0002392572161544915,0.001316027023977817,0.000119677455376457
2,0.0020387000000000217,-2.404771619213115,0.0009766382209646096,-12.0,1.203850776704387,12.0,-0.0009560889037580067,-0.0001202874138483422,-0.000120287412871704,-0.0002404771619213115,0.001316829346817788,0.0001202874138483422
2,0.002038900000000022,-2.416967279386213,0.0009763484648119825,-12.0,1.209948172153809,12.0,-0.0009550611808057247,-0.0001208971823688998,-0.0001208971813925513,-0.0002416967279386213,0.001317630835999201,0.0001208971823688997
2,0.002039100000000022,-2.429159122805611,0.0009760571776969984,-12.0,1.216043656929923,12.0,-0.0009540331958528686,-0.0001215067599752226,-0.0001215067589991654,-0.0002429159122805611,0.001318431490628519,0.0001215067599752226
2,0.002039300000000022,-2.44134713021869,0.0009757643600796229,-12.0,1.222137221407108,12.0,-0.0009530049508968269,-0.0001221161457047029,-0.0001221161447289385,-0.0002441347130218691,0.001319231309815372,0.0001221161457047029
2,0.002039500000000022,-2.453531282378905,0.000975470012433588,-12.0,1.228228855962803,12.0,-0.000951976447937361,-0.000122725338595037,-0.0001227253376195669,-0.0002453531282378905,0.001320030292672802,0.000122725338595037
2,0.0020397000000000223,-2.465711560045831,0.0009751741352254095,-12.0,1.234318550977495,12.0,-0.0009509476889765778,-0.000123334337684227,-0.0001233343367090528,-0.0002465711560045831,0.001320828438317045,0.000123334337684227
2,0.0020399000000000224,-2.47788794398511,0.0009748767289226024,-12.0,1.240406296834706,12.0,-0.0009499186760189432,-0.0001239431420105784,-0.0001239431410357016,-0.000247788794398511,0.001321625745867638,0.0001239431420105783
2,0.0020401000000000225,-2.490060414968555,0.000974577794005449,-12.0,1.246492083921063,12.0,-0.0009488894110712687,-0.0001245517506127058,-0.000124551749638128,-0.0002490060414968555,0.00132242221444745,0.0001245517506127058
2,0.0020403000000000227,-2.502228953774158,0.000974277330945239,-12.0,1.25257590262627,12.0,-0.0009478598961427526,-0.0001251601625295325,-0.0001251601615552552,-0.0002502228953774157,0.001323217843182484,0.0001251601625295325
2,0.0020405000000000228,-2.51439354118616,0.0009739753402312479,-12.0,1.25865774334318,12.0,-0.0009468301332449247,-0.0001257683768002949,-0.0001257683758263196,-0.0002514393541186159,0.001324012631202159,0.0001257683768002949
2,0.002040700000000023,-2.526554157994977,0.0009736718223248841,-12.0,1.264737596467694,12.0,-0.0009458001243916186,-0.000126376392464537,-0.0001263763914908651,-0.0002526554157994977,0.00132480657763917,0.0001263763924645369
2,0.002040900000000023,-2.538710784997286,0.0009733667777277466,-12.0,1.270815452398902,12.0,-0.0009447698715991798,-0.0001269842085621175,-0.0001269842075887507,-0.0002538710784997286,0.001325599681629347,0.0001269842085621175
2,0.002041100000000023,-2.55086340299617,0.0009730602069257799,-12.0,1.276891301539076,12.0,-0.0009437393768860214,-0.000127591824133215,-0.0001275918231601548,-0.000255086340299617,0.001326391942312072,0.000127591824133215
2,0.0020413000000000232,-2.563011992800927,0.0009727521103882752,-12.0,1.282965134293567,12.0,-0.0009427086422730824,-0.0001281992382183179,-0.0001281992372455658,-0.0002563011992800927,0.001327183358829781,0.0001281992382183179
2,0.0020415000000000233,-2.575156535227253,0.0009724424886320415,-12.0,1.289036941071,12.0,-0.0009416776697836748,-0.0001288064498582368,-0.0001288064488857943,-0.0002575156535227253,0.001327973930328213,0.0001288064498582368
2,0.0020417000000000234,-2.587297011097297,0.0009721313421332534,-12.0,1.295106712283162,12.0,-0.0009406464614433035,-0.0001294134580941029,-0.0001294134571219715,-0.0002587297011097298,0.001328763655956633,0.0001294134580941029
2,0.0020419000000000236,-2.599433401239533,0.0009718186713911781,-12.0,1.30117443834504,12.0,-0.000939615019279888,-0.0001300202619673649,-0.0001300202609955462,-0.0002599433401239533,0.001329552534867301,0.0001300202619673649
2,0.0020421000000000237,-2.611565686488933,0.0009715044769086356,-12.0,1.307240109674874,12.0,-0.0009385833453236653,-0.0001306268605197966,-0.0001306268595482921,-0.0002611565686488932,0.001330340566215976,0.0001306268605197965
2,0.002042300000000024,-2.623693847686973,0.0009711887591836721,-12.0,1.31330371669415,12.0,-0.0009375514416071484,-0.0001312332527934966,-0.0001312332518223078,-0.0002623693847686974,0.001331127749161609,0.0001312332527934966
2,0.002042500000000024,-2.635817865681599,0.0009708715187151107,-12.0,1.319365249827587,12.0,-0.0009365193101653069,-0.0001318394378308873,-0.0001318394368600157,-0.0002635817865681599,0.001331914082866537,0.0001318394378308872
2,0.002042700000000024,-2.647937721327311,0.0009705527560160965,-12.0,1.325424699503207,12.0,-0.0009354869530352333,-0.0001324454146747191,-0.0001324454137041664,-0.0002647937721327311,0.001332699566496315,0.0001324454146747191
2,0.002042900000000024,-2.660053395485204,0.0009702324715890054,-12.0,1.33148205615231,12.0,-0.0009344543722564908,-0.0001330511823680721,-0.0001330511813978396,-0.0002660053395485204,0.001333484199219831,0.0001330511823680721
2,0.0020431000000000242,-2.672164869022966,0.0009699106659489809,-12.0,1.337537310209513,12.0,-0.0009334215698709042,-0.0001336567399543564,-0.0001336567389844457,-0.0002672164869022966,0.00133426798020933,0.0001336567399543564
2,0.0020433000000000244,-2.6842721228149,0.0009695873396009524,-12.0,1.343590452112725,12.0,-0.0009323885479226579,-0.0001342620864773124,-0.0001342620855077251,-0.0002684272122814901,0.001335050908640195,0.0001342620864773124
2,0.0020435000000000245,-2.696375137741979,0.0009692624930691673,-12.0,1.349641472303218,12.0,-0.0009313553084581289,-0.000134867220981015,-0.0001348672200117524,-0.000269637513774198,0.001335832983691387,0.0001348672209810149
2,0.0020437000000000246,-2.708473894691905,0.0009689361268671037,-12.0,1.355690361225614,12.0,-0.0009303218535260671,-0.0001354721425098748,-0.0001354721415409386,-0.0002708473894691905,0.001336614204544895,0.0001354721425098748
2,0.0020439000000000247,-2.72056837455905,0.0009686082415113484,-12.0,1.361737109327874,12.0,-0.0009292881851775681,-0.0001360768501086363,-0.0001360768491400281,-0.000272056837455905,0.001337394570386286,0.0001360768501086363
2,0.002044100000000025,-2.732658558244551,0.0009682788375294793,-12.0,1.367781707061358,12.0,-0.0009282543054660031,-0.000136681342822383,-0.000136681341854104,-0.0002732658558244552,0.001338174080404181,0.0001366813428223829
2,0.002044300000000025,-2.744744426656399,0.0009679479154507398,-12.0,1.373824144880855,12.0,-0.000927220216446964,-0.0001372856196965404,-0.0001372856187285925,-0.00027447444266564,0.001338952733790699,0.0001372856196965404
2,0.002044500000000025,-2.756825960709299,0.0009676154757835009,-12.0,1.379864413244479,12.0,-0.0009261859201784572,-0.0001378896797768696,-0.0001378896788092541,-0.0002756825960709299,0.001339730529741207,0.0001378896797768696
2,0.002044700000000025,-2.768903141324836,0.0009672815190824302,-12.0,1.385902502613857,12.0,-0.0009251514187206683,-0.0001384935221094775,-0.0001384935211421959,-0.0002768903141324836,0.001340507467454372,0.0001384935221094775
2,0.0020449000000000253,-2.780975949431546,0.0009669460458642254,-12.0,1.39193840345403,12.0,-0.0009241167141361417,-0.0001390971457408166,-0.0001390971447738705,-0.0002780975949431546,0.001341283546132249,0.0001390971457408166
2,0.0020451000000000254,-2.793044365964727,0.000966609056659351,-12.0,1.397972106233443,12.0,-0.0009230818084897258,-0.0001397005497176784,-0.0001397005487510693,-0.0002793044365964727,0.001342058764980197,0.0001397005497176784
2,0.0020453000000000255,-2.805108371866707,0.0009662705520215864,-12.0,1.404003601424091,12.0,-0.0009220467038484614,-0.000140303733087207,-0.0001403037321209365,-0.0002805108371866708,0.001342833123206766,0.000140303733087207
2,0.0020455000000000256,-2.817167948086787,0.0009659305324751788,-12.0,1.410032879501412,12.0,-0.0009210114022817767,-0.0001409066948968937,-0.0001409066939309631,-0.0002817167948086787,0.001343606620024057,0.0001409066948968937
2,0.0020457000000000257,-2.829223075581225,0.0009655889985712429,-12.0,1.416059930944359,12.0,-0.0009199759058612922,-0.0001415094341945788,-0.0001415094332289898,-0.0002829223075581225,0.001344379254647227,0.0001415094341945788
2,0.002045900000000026,-2.841273735313307,0.0009652459508446842,-12.0,1.42208474623538,12.0,-0.0009189402166609462,-0.0001421119500284536,-0.0001421119490632076,-0.0002841273735313307,0.001345151026295094,0.0001421119500284536
2,0.002046100000000026,-2.853319908253375,0.0009649013898506142,-12.0,1.428107315860477,12.0,-0.0009179043367568834,-0.0001427142414470627,-0.0001427142404821613,-0.0002853319908253375,0.001345921934189587,0.0001427142414470627
2,0.002046300000000026,-2.865361575378886,0.0009645553161355958,-12.0,1.4341276303092,12.0,-0.0009168682682276497,-0.0001433163074993064,-0.0001433163065347511,-0.0002865361575378887,0.001346691977555908,0.0001433163074993064
2,0.002046500000000026,-2.877398717674373,0.0009642077302458585,-12.0,1.440145680074633,12.0,-0.0009158320131539693,-0.0001439181472344387,-0.0001439181462702309,-0.0002877398717674373,0.001347461155622731,0.0001439181472344387
2,0.0020467000000000263,-2.889431316131524,0.0009638586327422871,-12.0,1.446161455653462,12.0,-0.0009147955736187457,-0.000144519759702072,-0.0001445197587382133,-0.0002889431316131524,0.001348229467622086,0.0001445197597020719
2,0.0020469000000000264,-2.901459351749234,0.0009635080241784388,-12.0,1.452174947545965,12.0,-0.0009137589517073802,-0.0001451211439521787,-0.0001451211429886706,-0.0002901459351749235,0.001348996912789197,0.0001451211439521787
2,0.0020471000000000265,-2.913482805533559,0.000963155905108648,-12.0,1.458186146256001,12.0,-0.0009127221495072585,-0.0001457222990350893,-0.0001457222980719334,-0.0002913482805533559,0.001349763490362754,0.0001457222990350892
2,0.0020473000000000266,-2.925501658497793,0.0009628022760982402,-12.0,1.464195042291067,12.0,-0.0009116851691081812,-0.0001463232240014969,-0.0001463232230386946,-0.0002925501658497793,0.001350529199584699,0.0001463232240014968
2,0.0020475000000000267,-2.937515891662541,0.0009624471377134292,-12.0,1.470201626162312,12.0,-0.0009106480126022248,-0.0001469239179024599,-0.0001469239169400127,-0.0002937515891662541,0.00135129403970044,0.0001469239179024598
2,0.002047700000000027,-2.949525486055699,0.0009620904905164318,-12.0,1.476205888384529,12.0,-0.000909610682083617,-0.0001475243797894013,-0.0001475243788273108,-0.0002949525486055699,0.001352058009958468,0.0001475243797894012
2,0.002047900000000027,-2.961530422712407,0.0009617323350658014,-12.0,1.482207819476126,12.0,-0.0009085731796488195,-0.0001481246087141061,-0.0001481246077523736,-0.0002961530422712407,0.001352821109610991,0.000148124608714106
2,0.002048100000000027,-2.973530682675227,0.0009613726719519544,-12.0,1.488207409959268,12.0,-0.0009075355073966951,-0.0001487246037287317,-0.000148724602767359,-0.0002973530682675227,0.001353583337913189,0.0001487246037287316
2,0.002048300000000027,-2.985526246994139,0.0009610115017330001,-12.0,1.494204650359784,12.0,-0.0009064976674281189,-0.0001493243638858051,-0.0001493243629247936,-0.0002985526246994139,0.001354344694123932,0.0001493243638858051
2,0.0020485000000000273,-2.997517096726454,0.0009606488249864764,-12.0,1.500199531207195,12.0,-0.0009054596618463806,-0.0001499238882382209,-0.000149923887277572,-0.0002997517096726454,0.0013551051775052,0.0001499238882382208
2,0.0020487000000000274,-3.009503212936973,0.0009602846422944733,-12.0,1.506192043034774,12.0,-0.0009044214927570043,-0.0001505231758392481,-0.0001505231748789634,-0.0003009503212936973,0.001355864787322247,0.000150523175839248
2,0.0020489000000000275,-3.021484576697989,0.0009599189542346398,-12.0,1.512182176379536,12.0,-0.000903383162267582,-0.0001511222257425303,-0.0001511222247826112,-0.0003021484576697989,0.001356623522844075,0.0001511222257425302
2,0.0020491000000000276,-3.033461169089259,0.0009595517613858462,-12.0,1.518169921782226,12.0,-0.0009023446724881062,-0.000151721037002084,-0.0001517210360425323,-0.000303346116908926,0.00135738138334271,0.000151721037002084
2,0.0020493000000000277,-3.045432971198091,0.0009591830643389532,-12.0,1.524155269787385,12.0,-0.0009013060255306377,-0.0001523196086723046,-0.0001523196077131215,-0.0003045432971198091,0.001358138368093564,0.0001523196086723046
2,0.002049500000000028,-3.057399964119381,0.0009588128636799365,-12.0,1.530138210943339,12.0,-0.0009002672235096792,-0.000152917939807966,-0.0001529179388491531,-0.0003057399964119381,0.001358894476375438,0.0001529179398079659
2,0.002049700000000028,-3.069362128955584,0.0009584411599921072,-12.0,1.536118735802192,12.0,-0.0008992282685417741,-0.00015351602946422,-0.0001535160285057788,-0.0003069362128955584,0.0013596497074706,0.00015351602946422
2,0.002049900000000028,-3.081319446816785,0.0009580679538758741,-12.0,1.542096834919886,12.0,-0.0008981891627456717,-0.0001541138766966011,-0.0001541138757385331,-0.0003081319446816785,0.001360404060664511,0.000154113876696601
2,0.002050100000000028,-3.093271898820748,0.0009576932459205434,-12.0,1.548072498856187,12.0,-0.0008971499082424533,-0.0001547114805610267,-0.0001547114796033334,-0.0003093271898820748,0.001361157535246127,0.0001547114805610267
2,0.0020503000000000283,-3.105219466092909,0.0009573170367267458,-12.0,1.554045718174715,12.0,-0.0008961105071553233,-0.0001553088401137989,-0.0001553088391564818,-0.0003105219466092909,0.00136191013050771,0.0001553088401137988
2,0.0020505000000000284,-3.117162129766401,0.0009569393268864523,-12.0,1.560016483442923,12.0,-0.0008950709616097619,-0.0001559059544116038,-0.0001559059534546644,-0.0003117162129766401,0.00136266184574485,0.0001559059544116037
2,0.0020507000000000285,-3.129099870982095,0.0009565601170071769,-12.0,1.56598478523216,12.0,-0.0008940312737333311,-0.0001565028225115153,-0.0001565028215549551,-0.0003129099870982095,0.001363412680256554,0.0001565028225115152
2,0.0020509000000000287,-3.141032670888706,0.0009561794076979879,-12.0,1.571950614117694,12.0,-0.0008929914456559662,-0.0001570994434709996,-0.0001570994425148202,-0.0003141032670888706,0.001364162633345184,0.0001570994434709996
2,0.0020511000000000288,-3.152960510642655,0.0009557971995455272,-12.0,1.577913960678618,12.0,-0.00089195147950967,-0.0001576958163479073,-0.00015769581539211,-0.0003152960510642655,0.001364911704316518,0.0001576958163479072
2,0.002051300000000029,-3.164883371408233,0.000955413493183288,-12.0,1.583874815498026,12.0,-0.0008909113774286381,-0.0001582919402004844,-0.0001582919392450708,-0.0003164883371408233,0.001365659892479637,0.0001582919402004843
2,0.002051500000000029,-3.17680123435766,0.0009550282892083484,-12.0,1.589833169162925,12.0,-0.000889871141549356,-0.0001588878140873718,-0.0001588878131323434,-0.000317680123435766,0.001366407197146952,0.0001588878140873717
2,0.002051700000000029,-3.188714080670923,0.000954641588227112,-12.0,1.595789012264218,12.0,-0.0008888307740104601,-0.0001594834370675992,-0.0001594834361129575,-0.0003188714080670923,0.001367153617634315,0.0001594834370675991
2,0.0020519000000000292,-3.200621891536007,0.0009542533908750706,-12.0,1.60174233539685,12.0,-0.0008877902769526963,-0.0001600788082005976,-0.0001600788072463441,-0.0003200621891536007,0.001367899153261104,0.0001600788082005975
2,0.0020521000000000293,-3.212524648148871,0.0009538636977530768,-12.0,1.607693129159702,12.0,-0.0008867496525191282,-0.0001606739265461949,-0.0001606739255923312,-0.0003212524648148871,0.001368643803349723,0.0001606739265461949
2,0.0020523000000000294,-3.224422331713407,0.0009534725094926255,-12.0,1.613641384155667,12.0,-0.000885708902854887,-0.0001612687911646175,-0.000161268790211145,-0.0003224422331713407,0.001369387567226293,0.0001612687911646175
2,0.0020525000000000296,-3.236314923441527,0.000953079826707226,-12.0,1.619587090991622,12.0,-0.0008846680301073107,-0.0001618634011164916,-0.0001618634001634118,-0.0003236314923441528,0.001370130444220019,0.0001618634011164915
2,0.0020527000000000297,-3.248202404553184,0.0009526856500297054,-12.0,1.625530240278493,12.0,-0.0008836270364259158,-0.0001624577554628464,-0.0001624577545101607,-0.0003248202404553184,0.001370872433663822,0.0001624577554628463
2,0.00205290000000003,-3.260084756276429,0.0009522899800857854,-12.0,1.631470822631244,12.0,-0.0008825859239624534,-0.0001630518532651158,-0.0001630518523128258,-0.000326008475627643,0.001371613534893679,0.0001630518532651158
2,0.00205310000000003,-3.271961959847378,0.0009518928175000774,-12.0,1.637408828668867,12.0,-0.0008815446948707839,-0.0001636456935851367,-0.0001636456926332439,-0.0003271961959847379,0.001372353747249144,0.0001636456935851367
2,0.00205330000000003,-3.283833996510279,0.000951494162912514,-12.0,1.64334424901445,12.0,-0.0008805033513069049,-0.0001642392754851538,-0.0001642392745336596,-0.0003283833996510279,0.001373093070073023,0.0001642392754851538
2,0.00205350000000003,-3.295700847517574,0.0009510940169559223,-12.0,1.649277074295161,12.0,-0.0008794618954290345,-0.0001648325980278206,-0.0001648325970767265,-0.0003295700847517574,0.001373831502711753,0.0001648325980278206
2,0.0020537000000000302,-3.307562494129856,0.0009506923802615752,-12.0,1.655207295142243,12.0,-0.0008784203293974724,-0.0001654256602761983,-0.0001654256593255059,-0.0003307562494129856,0.001374569044514856,0.0001654256602761982
2,0.0020539000000000304,-3.319418917615929,0.0009502892534745122,-12.0,1.661134902191068,12.0,-0.0008773786553747387,-0.0001660184612937595,-0.0001660184603434702,-0.0003319418917615929,0.001375305694835488,0.0001660184612937594
2,0.0020541000000000305,-3.331270099252921,0.0009498846372415493,-12.0,1.667059886081169,12.0,-0.0008763368755255463,-0.0001666110001443928,-0.0001666109991945081,-0.0003331270099252921,0.001376041453029997,0.0001666110001443928
2,0.0020543000000000306,-3.343116020326154,0.0009494785321888521,-12.0,1.672982237456146,12.0,-0.0008752949920166897,-0.0001672032758923957,-0.0001672032749429171,-0.0003343116020326154,0.001376776318458311,0.0001672032758923957
2,0.0020545000000000307,-3.354956662129248,0.0009490709389805563,-12.0,1.678901946963804,12.0,-0.0008742530070171284,-0.0001677952876024825,-0.0001677952866534115,-0.0003354956662129248,0.00137751029048358,0.0001677952876024824
2,0.002054700000000031,-3.366792005964247,0.0009486618582608131,-12.0,1.684819005256133,12.0,-0.0008732109226979035,-0.0001683870343397874,-0.0001683870333911254,-0.0003366792005964247,0.001378243368472476,0.0001683870343397873
2,0.002054900000000031,-3.378622033141518,0.0009482512906786589,-12.0,1.69073340298929,12.0,-0.0008721687412323598,-0.0001689785151698612,-0.0001689785142216098,-0.0003378622033141518,0.001378975551794892,0.0001689785151698612
2,0.002055100000000031,-3.390446724979793,0.0009478392368844624,-12.0,1.696645130823616,12.0,-0.0008711264647958128,-0.0001695697291586731,-0.0001695697282108339,-0.0003390446724979793,0.001379706839824468,0.0001695697291586731
2,0.002055300000000031,-3.40226606280625,0.0009474256975412487,-12.0,1.702554179423694,12.0,-0.000870084095565854,-0.0001701606753726153,-0.0001701606744251896,-0.000340226606280625,0.001380437231937814,0.0001701606753726153
2,0.0020555000000000313,-3.41408002795655,0.0009470106733047157,-12.0,1.708460539458339,12.0,-0.0008690416357220454,-0.0001707513528785035,-0.0001707513519314928,-0.0003414080027956551,0.001381166727515259,0.0001707513528785034
2,0.0020557000000000314,-3.425888601774796,0.0009465941648303389,-12.0,1.714364201600585,12.0,-0.0008679990874461974,-0.0001713417607435755,-0.0001713417597969813,-0.0003425888601774796,0.001381895325940352,0.0001713417607435755
2,0.0020559000000000315,-3.437691765613616,0.000946176172788693,-12.0,1.720265156527752,12.0,-0.0008669564529222018,-0.0001719318980354964,-0.0001719318970893203,-0.0003437691765613616,0.001382623026600194,0.0001719318980354964
2,0.0020561000000000316,-3.449489500834213,0.0009457566978419152,-12.0,1.726163394921436,12.0,-0.0008659137343361156,-0.0001725217638223595,-0.0001725217628766027,-0.0003449489500834213,0.001383349828885161,0.0001725217638223594
2,0.0020563000000000317,-3.461281788806315,0.0009453357406539187,-12.0,1.732058907467495,12.0,-0.0008648709338761051,-0.0001731113571726842,-0.0001731113562273484,-0.0003461281788806315,0.001384075732188988,0.0001731113571726842
2,0.002056500000000032,-3.473068610908272,0.0009449133019010514,-12.0,1.73795168485612,12.0,-0.0008638280537323628,-0.0001737006771554221,-0.0001737006762105087,-0.0003473068610908272,0.001384800735909048,0.0001737006771554219
2,0.002056700000000032,-3.484849948527068,0.0009444893822496692,-12.0,1.743841717781802,12.0,-0.0008627850960973571,-0.0001742897228399553,-0.0001742897218954659,-0.0003484849948527068,0.001385524839445956,0.0001742897228399553
2,0.002056900000000032,-3.496625783058382,0.0009440639823854458,-12.0,1.749728996943409,12.0,-0.0008617420631654438,-0.0001748784932961024,-0.0001748784923520384,-0.0003496625783058383,0.001386248042203719,0.0001748784932961024
2,0.002057100000000032,-3.508396095906524,0.0009436371029654111,-12.0,1.755613513044081,12.0,-0.0008606989571333656,-0.0001754669875941117,-0.0001754669866504745,-0.0003508396095906524,0.001386970343589866,0.0001754669875941116
2,0.0020573000000000323,-3.520160868484511,0.0009432087446865633,-12.0,1.761495256791373,12.0,-0.0008596557801997529,-0.0001760552048046687,-0.0001760552038614599,-0.0003520160868484511,0.001387691743015146,0.0001760552048046687
2,0.0020575000000000324,-3.531920082214215,0.0009427789082301352,-12.0,1.767374218897242,12.0,-0.0008586125345653173,-0.0001766431439989012,-0.0001766431430561223,-0.0003531920082214215,0.001388412239894027,0.0001766431439989012
2,0.0020577000000000325,-3.54367371852617,0.0009423475942620385,-12.0,1.773250390077954,12.0,-0.0008575692224330744,-0.0001772308042483693,-0.0001772308033060216,-0.000354367371852617,0.001389131833644058,0.0001772308042483692
2,0.0020579000000000326,-3.555421758859759,0.0009419148034923719,-12.0,1.779123761054266,12.0,-0.000856525846007955,-0.0001778181846250774,-0.0001778181836831625,-0.0003555421758859758,0.001389850523686481,0.0001778181846250773
2,0.0020581000000000327,-3.567164184663263,0.0009414805365968171,-12.0,1.784994322551332,12.0,-0.0008554824074970824,-0.0001784052842014735,-0.000178405283259993,-0.0003567164184663263,0.001390568309445644,0.0001784052842014735
2,0.002058300000000033,-3.578900977393708,0.0009410447942599376,-12.0,1.790862065298692,12.0,-0.0008544389091096061,-0.0001789921020504433,-0.0001789921011093984,-0.0003578900977393708,0.001391285190349617,0.0001789921020504432
2,0.002058500000000033,-3.590632118517096,0.0009406075771931643,-12.0,1.796726980030414,12.0,-0.0008533953530567295,-0.0001795786372453221,-0.0001795786363047145,-0.0003590632118517096,0.001392001165829854,0.0001795786372453221
2,0.002058700000000033,-3.602357589508375,0.0009401688860792845,-12.0,1.802589057484995,12.0,-0.0008523517415518767,-0.0001801648888598917,-0.0001801648879197227,-0.0003602357589508375,0.001392716235321001,0.0001801648888598916
2,0.002058900000000033,-3.614077371851375,0.0009397287216168504,-12.0,1.8084482884054,12.0,-0.0008513080768104142,-0.0001807508559683784,-0.0001807508550286496,-0.0003614077371851375,0.001393430398261397,0.0001807508559683783
2,0.0020591000000000333,-3.625791447038948,0.0009392870845106316,-12.0,1.814304663539111,12.0,-0.0008502643610498184,-0.0001813365376454601,-0.000181336536706173,-0.0003625791447038948,0.001394143654092544,0.00018133653764546
2,0.0020593000000000334,-3.637499796572962,0.0009388439754602906,-12.0,1.820158173638112,12.0,-0.0008492205964896749,-0.0001819219329662652,-0.0001819219320274212,-0.0003637499796572963,0.001394856002259581,0.0001819219329662652
2,0.0020595000000000335,-3.649202401964327,0.0009383993951745939,-12.0,1.82600880945892,12.0,-0.0008481767853515954,-0.0001825070410063746,-0.0001825070400679751,-0.0003649202401964328,0.001395567442210977,0.0001825070410063746
2,0.0020597000000000336,-3.660899244733005,0.000937953344353204,-12.0,1.831856561762566,12.0,-0.0008471329298593289,-0.0001830918608418213,-0.0001830918599038679,-0.0003660899244733005,0.001396277973398613,0.0001830918608418213
2,0.0020599000000000338,-3.67259030640806,0.000937505823713769,-12.0,1.837701421314659,12.0,-0.0008460890322385395,-0.0001836763915490946,-0.0001836763906115887,-0.0003672590306408061,0.001396987595277926,0.0001836763915490945
2,0.002060100000000034,-3.68427556852772,0.0009370568339654994,-12.0,1.843543378885377,12.0,-0.0008450450947170562,-0.0001842606322051412,-0.0001842606312680843,-0.0003684275568527721,0.0013976963073076,0.0001842606322051412
2,0.002060300000000034,-3.695955012639326,0.0009366063758184939,-12.0,1.849382425249454,12.0,-0.0008440011195248731,-0.0001848445818873637,-0.0001848445809507573,-0.0003695955012639326,0.001398404108949841,0.0001848445818873636
2,0.002060500000000034,-3.70762862029941,0.0009361544499935093,-12.0,1.85521855118624,12.0,-0.0008429571088937882,-0.0001854282396736247,-0.0001854282387374702,-0.000370762862029941,0.001399110999670272,0.0001854282396736246
2,0.002060700000000034,-3.719296373073786,0.0009357010572157431,-12.0,1.861051747479727,12.0,-0.0008419130650577922,-0.0001860116046422512,-0.0001860116037065501,-0.0003719296373073786,0.001399816978937984,0.0001860116046422511
2,0.0020609000000000343,-3.730958252537434,0.0009352461981886329,-12.0,1.866882004918462,12.0,-0.0008408689902529576,-0.0001865946758720275,-0.0001865946749367812,-0.0003730958252537434,0.001400522046225483,0.0001865946758720273
2,0.0020611000000000344,-3.742614240274607,0.000934789873651809,-12.0,1.87270931429568,12.0,-0.0008398248867173275,-0.0001871774524422029,-0.000187177451507413,-0.0003742614240274607,0.001401226201008604,0.0001871774524422028
2,0.0020613000000000345,-3.754264317878942,0.0009343320843262504,-12.0,1.878533666409281,12.0,-0.0008387807566910543,-0.0001877599334324956,-0.0001877599324981634,-0.0003754264317878942,0.001401929442766736,0.0001877599334324955
2,0.0020615000000000347,-3.76590846695336,0.0009338728309400413,-12.0,1.884355052061819,12.0,-0.0008377366024161781,-0.0001883421179230879,-0.000188342116989215,-0.000376590846695336,0.00140263177098271,0.0001883421179230879
2,0.0020617000000000348,-3.777546669110125,0.0009334121142194896,-12.0,1.890173462060513,12.0,-0.0008366924261369313,-0.0001889240049946294,-0.0001889240040612172,-0.0003777546669110125,0.001403333185142769,0.0001889240049946293
2,0.002061900000000035,-3.789178905970906,0.0009329499349037818,-12.0,1.895988887217308,12.0,-0.0008356482300994894,-0.0001895055937282405,-0.0001895055927952905,-0.0003789178905970906,0.0014040336847366,0.0001895055937282405
2,0.002062100000000035,-3.800805159166824,0.0009324862937258871,-12.0,1.901801318348864,12.0,-0.0008346040165520541,-0.0001900868832055139,-0.0001900868822730275,-0.0003800805159166825,0.001404733269257302,0.0001900868832055138
2,0.002062300000000035,-3.812425410338402,0.0009320211914178866,-12.0,1.90761074627654,12.0,-0.0008335597877450474,-0.0001906678725085123,-0.000190667871576491,-0.0003812425410338402,0.001405431938201362,0.0001906678725085122
2,0.0020625000000000352,-3.824039641135657,0.0009315546287276266,-12.0,1.913417161826466,12.0,-0.0008325155459305567,-0.0001912485607197739,-0.0001912485597882192,-0.0003824039641135657,0.001406129691068875,0.0001912485607197739
2,0.0020627000000000353,-3.835647833218141,0.0009310866063940715,-12.0,1.919220555829527,12.0,-0.0008314712933628343,-0.0001918289469223134,-0.0001918289459912267,-0.0003835647833218141,0.001406826527363264,0.0001918289469223134
2,0.0020629000000000355,-3.847249968254901,0.0009306171251564077,-12.0,1.925020919121356,12.0,-0.0008304270322983809,-0.0001924090301996201,-0.0001924090292690029,-0.0003847249968254901,0.001407522446591314,0.00019240903019962
2,0.0020631000000000356,-3.858846027924563,0.0009301461857682547,-12.0,1.930818242542395,12.0,-0.00082938276499539,-0.0001929888096356628,-0.0001929888087055166,-0.0003858846027924563,0.001408217448263471,0.0001929888096356627
2,0.0020633000000000357,-3.870435993915369,0.0009296737889772366,-12.0,1.936612516937888,12.0,-0.0008283384937141647,-0.0001935682843148912,-0.0001935682833852173,-0.0003870435993915369,0.001408911531893403,0.0001935682843148911
2,0.002063500000000036,-3.882019847925152,0.0009291999355283131,-12.0,1.942403733157868,12.0,-0.0008272942207170897,-0.000194147453322234,-0.000194147452393034,-0.0003882019847925152,0.00140960469699844,0.000194147453322234
2,0.002063700000000036,-3.893597571661401,0.0009287246261835413,-12.0,1.948191882057222,12.0,-0.0008262499482684649,-0.0001947263157431039,-0.0001947263148143792,-0.0003893597571661401,0.001410296943099132,0.0001947263157431038
2,0.002063900000000036,-3.905169146841299,0.0009282478616912115,-12.0,1.953976954495665,12.0,-0.000825205678634533,-0.0001953048706633975,-0.0001953048697351495,-0.0003905169146841299,0.001410988269719721,0.0001953048706633973
2,0.002064100000000036,-3.916734555191765,0.0009277696428209303,-12.0,1.95975894133781,12.0,-0.000824161414083785,-0.0001958831171694991,-0.0001958831162417293,-0.0003916734555191765,0.001411678676387557,0.000195883117169499
2,0.0020643000000000362,-3.928293778449395,0.0009272899703105519,-12.0,1.965537833453063,12.0,-0.0008231171568862661,-0.0001964610543482754,-0.0001964610534209853,-0.0003928293778449396,0.001412368162633987,0.0001964610543482752
2,0.0020645000000000364,-3.939846798360568,0.0009268088449487788,-12.0,1.971313621715796,12.0,-0.0008220729093144641,-0.0001970386812870848,-0.0001970386803602758,-0.0003939846798360568,0.001413056727993217,0.0001970386812870847
2,0.0020647000000000365,-3.95139359668153,0.000926326267487676,-12.0,1.977086297005259,12.0,-0.0008210286736425876,-0.0001976159970737773,-0.0001976159961474509,-0.000395139359668153,0.001413744372003173,0.0001976159970737772
2,0.0020649000000000366,-3.962934155178237,0.000925842238686414,-12.0,1.98285585020557,12.0,-0.0008199844521469268,-0.0001981930007966885,-0.0001981929998708462,-0.0003962934155178237,0.001414431094205304,0.0001981930007966884
2,0.0020651000000000367,-3.974468455626564,0.0009253567593330292,-12.0,1.988622272205849,12.0,-0.0008189402471055762,-0.0001987696915446517,-0.0001987696906192949,-0.0003974468455626564,0.001415116894144447,0.0001987696915446516
2,0.002065300000000037,-3.985996479812302,0.0009248698301862479,-12.0,1.994385553900129,12.0,-0.0008178960607988506,-0.0001993460684069944,-0.0001993460674821244,-0.0003985996479812302,0.00141580177136888,0.0001993460684069943
2,0.002065500000000037,-3.997518209531076,0.0009243814520212279,-12.0,2.000145686187385,12.0,-0.0008168518955089243,-0.0001999221304735364,-0.0001999221295491549,-0.0003997518209531076,0.001416485725430267,0.0001999221304735363
2,0.002065700000000037,-4.009033626588488,0.0009238916256191221,-12.0,2.005902659971589,12.0,-0.0008158077535198316,-0.0002004978768345971,-0.0002004978759107054,-0.0004009033626588488,0.001417168755883852,0.000200497876834597
2,0.002065900000000037,-4.020542712800128,0.0009234003517570866,-12.0,2.011656466161703,12.0,-0.0008147636371177991,-0.0002010733065809947,-0.0002010733056575943,-0.0004020542712800128,0.001417850862288295,0.0002010733065809946
2,0.0020661000000000373,-4.032045449991548,0.0009229076312093909,-12.0,2.017407095671665,12.0,-0.0008137195485907744,-0.0002016484188040456,-0.0002016484178811379,-0.0004032045449991549,0.001418532044205667,0.0002016484188040456
2,0.0020663000000000374,-4.043541819998331,0.0009224134647691784,-12.0,2.023154539420454,12.0,-0.0008126754902288147,-0.0002022232125955686,-0.000202223211673155,-0.0004043541819998331,0.001419212301201539,0.0002022232125955685
2,0.0020665000000000375,-4.055031804666142,0.0009219178532149375,-12.0,2.028898788332072,12.0,-0.000811631464323892,-0.0002027976870478859,-0.0002027976861259679,-0.0004055031804666142,0.001419891632845005,0.0002027976870478858
2,0.0020667000000000376,-4.066515385850716,0.0009214207973387012,-12.0,2.034639833335574,12.0,-0.0008105874731698937,-0.0002033718412538236,-0.0002033718403324027,-0.0004066515385850716,0.001420570038708491,0.0002033718412538236
2,0.0020669000000000377,-4.077992545417881,0.0009209222979247311,-12.0,2.04037766536505,12.0,-0.0008095435190625944,-0.0002039456743067127,-0.0002039456733857903,-0.0004077992545417881,0.001421247518367974,0.0002039456743067126
2,0.002067100000000038,-4.089463265243609,0.0009204223557690572,-12.0,2.046112275359681,12.0,-0.0008084996042999615,-0.0002045191853003913,-0.0002045191843799689,-0.0004089463265243609,0.001421924071402847,0.0002045191853003912
2,0.002067300000000038,-4.100927527214095,0.0009199209716728163,-12.0,2.051843654263766,12.0,-0.0008074557311816,-0.0002050923733292095,-0.0002050923724092884,-0.0004100927527214095,0.001422599697395999,0.0002050923733292094
2,0.002067500000000038,-4.112385313225665,0.0009194181464144968,-12.0,2.057571793026635,12.0,-0.0008064119020091687,-0.0002056652374880222,-0.000205665236568604,-0.0004112385313225665,0.001423274395933871,0.0002056652374880221
2,0.002067700000000038,-4.123836605184861,0.0009189138808098907,-12.0,2.063296682602785,12.0,-0.0008053681190864082,-0.0002062377768721976,-0.0002062377759532835,-0.0004123836605184862,0.00142394816660607,0.0002062377768721975
2,0.0020679000000000383,-4.135281385008585,0.0009184081756596907,-12.0,2.069018313951864,12.0,-0.0008043243847187243,-0.0002068099905776205,-0.0002068099896592123,-0.0004135281385008585,0.001424621009005977,0.0002068099905776204
2,0.0020681000000000384,-4.146719634623904,0.0009179010317501568,-12.0,2.074736678038588,12.0,-0.0008032807012135768,-0.0002073818777006839,-0.0002073818767827827,-0.0004146719634623904,0.001425292922730415,0.0002073818777006838
2,0.0020683000000000385,-4.158151335968241,0.0009173924499101815,-12.0,2.08045176583291,12.0,-0.0008022370708803406,-0.0002079534373383002,-0.0002079534364209076,-0.0004158151335968241,0.001425963907379368,0.0002079534373383
2,0.0020685000000000386,-4.169576470989401,0.0009168824309311319,-12.0,2.086163568309921,12.0,-0.0008011934960303613,-0.0002085246685878992,-0.0002085246676710166,-0.0004169576470989401,0.001426633962556767,0.000208524668587899
2,0.0020687000000000387,-4.180995021645505,0.0009163709756327965,-12.0,2.091872076449912,12.0,-0.0008001499789767608,-0.000209095570547428,-0.0002090955696310569,-0.0004180995021645505,0.001427303087869591,0.0002090955705474279
2,0.002068900000000039,-4.192406969905088,0.0009158580848187547,-12.0,2.097577281238353,12.0,-0.0007991065220347704,-0.0002096661423153535,-0.0002096661413994953,-0.0004192406969905088,0.00142797128292832,0.0002096661423153534
2,0.002069100000000039,-4.203812297747096,0.0009153437593127922,-12.0,2.103279173665955,12.0,-0.0007980631275212868,-0.0002102363829906643,-0.0002102363820753204,-0.0004203812297747096,0.001428638547347427,0.0002102363829906643
2,0.002069300000000039,-4.215210987160975,0.0009148279999284803,-12.0,2.10897774472866,12.0,-0.0007970197977552052,-0.0002108062916728733,-0.0002108062907580452,-0.0004215210987160975,0.001429304880744164,0.0002108062916728732
2,0.002069500000000039,-4.226603020146602,0.0009143108074807227,-12.0,2.11467298542763,12.0,-0.0007959765350574466,-0.0002113758674620151,-0.0002113758665477041,-0.0004226603020146602,0.001429970282739668,0.000211375867462015
2,0.0020697000000000393,-4.237988378714386,0.0009137921827979678,-12.0,2.120364886769312,12.0,-0.0007949333417507365,-0.0002119451094586515,-0.0002119451085448592,-0.0004237988378714386,0.001430634752958349,0.0002119451094586513
2,0.0020699000000000394,-4.249367044885297,0.0009132721267017807,-12.0,2.126053439765422,12.0,-0.0007938902201596321,-0.0002125140167638722,-0.0002125140158506,-0.0004249367044885297,0.001431298291028116,0.0002125140167638721
2,0.0020701000000000395,-4.260739000690836,0.0009127506400139485,-12.0,2.131738635432945,12.0,-0.0007928471726105224,-0.0002130825884792933,-0.0002130825875665425,-0.0004260739000690836,0.001431960896580708,0.0002130825884792931
2,0.0020703000000000396,-4.272104228173117,0.0009122277235684706,-12.0,2.137420464794188,12.0,-0.0007918042014319893,-0.000213650823707062,-0.0002136508227948343,-0.0004272104228173117,0.001432622569250808,0.000213650823707062
2,0.0020705000000000398,-4.283462709384899,0.0009117033781944617,-12.0,2.143098918876775,12.0,-0.0007907613089541132,-0.0002142187215498581,-0.0002142187206381547,-0.00042834627093849,0.001433283308676758,0.0002142187215498581
2,0.00207070000000004,-4.294814426389558,0.0009111776047205922,-12.0,2.148773988713636,12.0,-0.0007897184975091676,-0.0002147862811108917,-0.0002147862801997139,-0.0004294814426389558,0.001433943114500569,0.0002147862811108915
2,0.00207090000000004,-4.306159361261154,0.0009106504039859686,-12.0,2.15444566534306,12.0,-0.0007886757694310631,-0.0002153535014939076,-0.000215353500583257,-0.0004306159361261155,0.001434601986367467,0.0002153535014939074
2,0.00207110000000004,-4.317497496084503,0.0009101217768294756,-12.0,2.160113939808713,12.0,-0.0007876331270557368,-0.0002159203818031886,-0.0002159203808930666,-0.0004317497496084503,0.001435259923926568,0.0002159203818031884
2,0.00207130000000004,-4.328828812955148,0.0009095917240882212,-12.0,2.165778803159624,12.0,-0.0007865905727208744,-0.0002164869211435537,-0.0002164869202339618,-0.0004328828812955149,0.001435916926829706,0.0002164869211435535
2,0.0020715000000000403,-4.340153293979329,0.0009090602465948727,-12.0,2.171440246450159,12.0,-0.0007855481087661598,-0.0002170531186203566,-0.0002170531177112962,-0.0004340153293979329,0.001436572994732932,0.0002170531186203564
2,0.0020717000000000404,-4.351470921274135,0.0009085273452120735,-12.0,2.177098260740159,12.0,-0.0007845057375329978,-0.0002176189733394948,-0.0002176189724309674,-0.0004351470921274135,0.001437228127295409,0.0002176189733394947
2,0.0020719000000000405,-4.362781676967519,0.0009079930207722686,-12.0,2.182752837094848,12.0,-0.0007834634613647362,-0.0002181844844074078,-0.0002181844834994146,-0.000436278167696752,0.001437882324179962,0.0002181844844074076
2,0.0020721000000000407,-4.374085543198204,0.0009074572741245568,-12.0,2.188403966584861,12.0,-0.0007824212826065269,-0.0002187496509310738,-0.0002187496500236164,-0.0004374085543198204,0.001438535585052692,0.0002187496509310737
2,0.0020723000000000408,-4.385382502115824,0.000906920106125586,-12.0,2.194051640286302,12.0,-0.0007813792036054368,-0.0002193144720180178,-0.0002193144711110975,-0.0004385382502115824,0.001439187909583362,0.0002193144720180176
2,0.002072500000000041,-4.396672535880955,0.000906381517624899,-12.0,2.19969584928073,12.0,-0.0007803372267102815,-0.0002198789467763107,-0.000219878945869929,-0.0004396672535880955,0.001439839297445011,0.0002198789467763105
2,0.002072700000000041,-4.407955626665056,0.0009058415094742589,-12.0,2.205336584655154,12.0,-0.0007792953542718195,-0.0002204430743145682,-0.0002204430734087265,-0.0004407955626665056,0.0014404897483144,0.0002204430743145681
2,0.002072900000000041,-4.41923175665057,0.000905300082536753,-12.0,2.210973837502091,12.0,-0.0007782535886425579,-0.0002210068537419556,-0.0002210068528366553,-0.000441923175665057,0.001441139261871505,0.0002210068537419554
2,0.0020731000000000412,-4.430500908030947,0.0009047572376679192,-12.0,2.216607598919548,12.0,-0.0007772119321767523,-0.0002215702841681882,-0.0002215702832634308,-0.0004430500908030947,0.001441787837800246,0.000221570284168188
2,0.0020733000000000413,-4.441763063010653,0.0009042129757326212,-12.0,2.222237860011055,12.0,-0.0007761703872308234,-0.0002221333647035324,-0.0002221333637993193,-0.0004441763063010653,0.001442435475787429,0.0002221333647035323
2,0.0020735000000000415,-4.45301820380518,0.0009036672975888393,-12.0,2.227864611885646,12.0,-0.0007751289561627184,-0.0002226960944588059,-0.0002226960935551384,-0.000445301820380518,0.001443082175523747,0.0002226960944588058
2,0.0020737000000000416,-4.464266312641096,0.0009031202041078767,-12.0,2.233487845657912,12.0,-0.0007740876413321607,-0.0002232584725453806,-0.0002232584716422602,-0.0004464266312641097,0.001443727936703276,0.0002232584725453805
2,0.0020739000000000417,-4.475507371756138,0.0009025716961628127,-12.0,2.239107552448031,12.0,-0.0007730464451009555,-0.0002238204980751869,-0.0002238204971726151,-0.0004475507371756139,0.001444372759023482,0.0002238204980751868
2,0.002074100000000042,-4.486741363399098,0.0009020217746074088,-12.0,2.244723723381678,12.0,-0.0007720053698325458,-0.0002243821701607072,-0.0002243821692586852,-0.0004486741363399098,0.001445016642185437,0.0002243821701607071
2,0.002074300000000042,-4.497968269829921,0.0009014704403305096,-12.0,2.250336349590161,12.0,-0.0007709644178921782,-0.0002249434879149832,-0.0002249434870135126,-0.0004497968269829922,0.001445659585893544,0.000224943487914983
2,0.002074500000000042,-4.509188073319845,0.0009009176942060826,-12.0,2.255945422210409,12.0,-0.0007699235916469871,-0.0002255044504516205,-0.0002255044495507026,-0.0004509188073319845,0.001446301589855925,0.0002255044504516203
2,0.002074700000000042,-4.520400756151212,0.0009003635370945506,-12.0,2.261550932384883,12.0,-0.0007688828934658276,-0.000226065056884779,-0.0002260650559844153,-0.0004520400756151213,0.001446942653783923,0.0002260650568847789
2,0.0020749000000000422,-4.531606300617645,0.0008998079698987471,-12.0,2.26715287126175,12.0,-0.0007678423257194977,-0.0002266253063291853,-0.0002266253054293772,-0.0004531606300617645,0.001447582777392598,0.0002266253063291851
2,0.0020751000000000424,-4.542804689024102,0.0008992509934862003,-12.0,2.27275122999479,12.0,-0.0007668018907804053,-0.0002271851979001306,-0.0002271851970008794,-0.0004542804689024102,0.001448221960400398,0.0002271851979001304
2,0.0020753000000000425,-4.553995903686728,0.0008986926087353186,-12.0,2.278345999743393,12.0,-0.0007657615910227622,-0.0002277447307134659,-0.0002277447298147731,-0.0004553995903686728,0.001448860202529212,0.0002277447307134658
2,0.0020755000000000426,-4.56517992693306,0.0008981328165504898,-12.0,2.283937171672684,12.0,-0.0007647214288227511,-0.0002283039038856135,-0.0002283039029874805,-0.000456517992693306,0.001449497503504538,0.0002283039038856133
2,0.0020757000000000427,-4.576356741102023,0.0008975716178021287,-12.0,2.289524736953431,12.0,-0.0007636814065581643,-0.000228862716533563,-0.0002288627156359913,-0.0004576356741102023,0.001450133863055147,0.0002288627165335629
2,0.002075900000000043,-4.587526328543873,0.0008970090133921804,-12.0,2.295108686762115,12.0,-0.0007626415266086539,-0.0002294211677748724,-0.0002294211668778633,-0.0004587526328543874,0.001450769280913478,0.0002294211677748723
2,0.002076100000000043,-4.598688671620291,0.0008964450042032723,-12.0,2.300689012280901,12.0,-0.000761601791355565,-0.00022997925672767,-0.0002299792558312247,-0.0004598688671620291,0.00145140375681535,0.0002299792567276697
2,0.002076300000000043,-4.609843752704393,0.0008958795911384598,-12.0,2.3062657046977,12.0,-0.0007605622031821302,-0.0002305369825106563,-0.0002305369816147766,-0.0004609843752704393,0.001452037290500252,0.0002305369825106562
2,0.002076500000000043,-4.620991554180795,0.0008953127750919165,-12.0,2.311838755206163,12.0,-0.0007595227644732472,-0.0002310943442431073,-0.0002310943433477943,-0.0004620991554180795,0.001452669881710944,0.0002310943442431071
2,0.0020767000000000433,-4.632132058445563,0.0008947445569589263,-12.0,2.317408155005666,12.0,-0.0007584834776156735,-0.0002316513410448708,-0.0002316513401501261,-0.0004632132058445563,0.001453301530193796,0.0002316513410448707
2,0.0020769000000000434,-4.643265247906311,0.0008941749376458752,-12.0,2.322973895301374,12.0,-0.0007574443449978596,-0.000232207972036373,-0.0002322079711421979,-0.0004643265247906311,0.001453932235698563,0.0002322079720363728
2,0.0020771000000000435,-4.654391104982219,0.0008936039180555966,-12.0,2.328535967304232,12.0,-0.000756405369009866,-0.0002327642363386179,-0.0002327642354450137,-0.0004654391104982219,0.001454561997978776,0.0002327642363386177
2,0.0020773000000000436,-4.665509612104012,0.0008930314990882593,-12.0,2.334094362230953,12.0,-0.0007553665520439734,-0.0002333201330731867,-0.000233320132180155,-0.0004665509612104012,0.001455190816790852,0.0002333201330731865
2,0.0020775000000000437,-4.676620751714021,0.0008924576816569108,-12.0,2.339649071304073,12.0,-0.0007543278964936007,-0.0002338756613622419,-0.000233875660469784,-0.0004676620751714022,0.001455818691895316,0.0002338756613622416
2,0.002077700000000044,-4.687724506266261,0.0008918824666721559,-12.0,2.345200085751963,12.0,-0.0007532894047542482,-0.0002344308203285293,-0.0002344308194366467,-0.0004687724506266261,0.001456445623055913,0.0002344308203285292
2,0.002077900000000044,-4.698820858226394,0.0008913058550448216,-12.0,2.350747396808823,12.0,-0.0007522510792232484,-0.000234985609095378,-0.000234985608204072,-0.0004698820858226394,0.00145707161004005,0.0002349856090953778
2,0.002078100000000044,-4.709909790071705,0.0008907278476797398,-12.0,2.356290995714651,12.0,-0.0007512129222994324,-0.0002355400267866974,-0.0002355400258959692,-0.0004709909790071705,0.00145769665261819,0.0002355400267866972
2,0.002078300000000044,-4.720991284291255,0.0008901484455114961,-12.0,2.361830873715379,12.0,-0.0007501749363835186,-0.000236094072526987,-0.0002360940716368384,-0.0004720991284291255,0.001458320750564734,0.0002360940725269868
2,0.0020785000000000443,-4.73206532338588,0.0008895676494455884,-12.0,2.367367022062785,12.0,-0.00074913712387778,-0.0002366477454413341,-0.0002366477445517663,-0.000473206532338588,0.001458943903657417,0.0002366477454413339
2,0.0020787000000000444,-4.743131889868114,0.000888985460403946,-12.0,2.372899432014517,12.0,-0.0007480994871864322,-0.0002372010446554115,-0.0002372010437664259,-0.0004743131889868115,0.001459566111677357,0.0002372010446554113
2,0.0020789000000000445,-4.754190966262331,0.000888401879313605,-12.0,2.378428094834154,12.0,-0.0007470620287153285,-0.0002377539692954843,-0.0002377539684070823,-0.0004754190966262331,0.001460187374409283,0.0002377539692954841
2,0.0020791000000000446,-4.765242535104747,0.0008878169070984931,-12.0,2.383953001791191,12.0,-0.0007460247508718765,-0.0002383065184884094,-0.0002383065176005923,-0.0004765242535104747,0.001460807691641641,0.0002383065184884092
2,0.0020793000000000447,-4.776286578943404,0.0008872305446809836,-12.0,2.389474144161029,12.0,-0.0007449876560654267,-0.000238858691361635,-0.0002388586904744043,-0.0004776286578943404,0.00146142706316571,0.0002388586913616348
2,0.002079500000000045,-4.787323080338227,0.0008866427929981047,-12.0,2.394991513225039,12.0,-0.0007439507467070228,-0.0002394104870432043,-0.0002394104861565612,-0.0004787323080338227,0.001462045488776931,0.0002394104870432041
2,0.002079700000000045,-4.79835202186109,0.0008860536529784468,-12.0,2.40050510027055,12.0,-0.0007429140252090682,-0.0002399619046617573,-0.0002399619037757034,-0.0004798352021861091,0.001462662968273853,0.0002399619046617571
2,0.002079900000000045,-4.809373386095762,0.0008854631255506007,-12.0,2.406014896590838,12.0,-0.0007418774939862149,-0.000240512943346529,-0.0002405129424610657,-0.0004809373386095763,0.001463279501458581,0.0002405129433465288
2,0.002080100000000045,-4.82038715563799,0.0008848712116578117,-12.0,2.411520893485194,12.0,-0.0007408411554543082,-0.0002410636022273538,-0.0002410636013424824,-0.000482038715563799,0.00146389508813688,0.0002410636022273536
2,0.0020803000000000453,-4.831393313095517,0.0008842779122322231,-12.0,2.417023082258886,12.0,-0.0007398050120311639,-0.0002416138804346656,-0.0002416138795503874,-0.0004831393313095517,0.001464509728117791,0.0002416138804346654
2,0.0020805000000000454,-4.842391841088143,0.0008836832282246299,-12.0,2.422521454223241,12.0,-0.0007387690661362079,-0.0002421637770995018,-0.0002421637762158184,-0.0004842391841088144,0.001465123421214132,0.0002421637770995016
2,0.0020807000000000455,-4.853382722247661,0.0008830871605569612,-12.0,2.428016000695538,12.0,-0.0007377333201905589,-0.0002427132913534983,-0.0002427132904704109,-0.0004853382722247661,0.001465736167241494,0.0002427132913534981
2,0.0020809000000000456,-4.864365939217922,0.0008824897101924467,-12.0,2.433506712999147,12.0,-0.0007366977766169736,-0.0002432624223288957,-0.0002432624214464057,-0.0004864365939217923,0.001466347966020076,0.0002432624223288954
2,0.0020811000000000458,-4.875341474654986,0.000881890878075664,-12.0,2.438993582463515,12.0,-0.000735662437839929,-0.0002438111691585441,-0.0002438111682766531,-0.0004875341474654987,0.001466958817372521,0.0002438111691585439
2,0.002081300000000046,-4.886309311226926,0.0008812906651385344,-12.0,2.444476600424078,12.0,-0.0007346273062855957,-0.0002443595309758943,-0.0002443595300946032,-0.0004886309311226926,0.001467568721125578,0.000244359530975894
2,0.002081500000000046,-4.897269431614024,0.0008806890723553895,-12.0,2.449955758222436,12.0,-0.0007335923843816983,-0.0002449075069150083,-0.000244907506034319,-0.0004897269431614024,0.001468177677109328,0.000244907506915008
2,0.002081700000000046,-4.908221818508798,0.0008800861006643679,-12.0,2.455431047206256,12.0,-0.00073255767455771,-0.0002454550961105595,-0.0002454550952304731,-0.0004908221818508798,0.001468785685157181,0.0002454550961105592
2,0.002081900000000046,-4.919166454615858,0.0008794817510169306,-12.0,2.460902458729272,12.0,-0.0007315231792447974,-0.0002460022976978257,-0.0002460022968183438,-0.0004919166454615859,0.001469392745106157,0.0002460022976978255
2,0.0020821000000000463,-4.93010332265214,0.0008788760243867433,-12.0,2.46636998415141,12.0,-0.0007304889008755977,-0.0002465491108127026,-0.0002465491099338263,-0.0004930103322652139,0.001469998856796995,0.0002465491108127023
2,0.0020823000000000464,-4.941032405346851,0.0008782689217181616,-12.0,2.471833614838692,12.0,-0.0007294548418845803,-0.0002470955345916976,-0.0002470955337134285,-0.0004941032405346851,0.00147060402007354,0.0002470955345916973
2,0.0020825000000000466,-4.951953685441464,0.0008776604439808544,-12.0,2.477293342163307,12.0,-0.0007284210047077966,-0.0002476415681719328,-0.0002476415672942722,-0.0004951953685441464,0.001471208234783306,0.0002476415681719327
2,0.0020827000000000467,-4.962867145689764,0.0008770505921320559,-12.0,2.482749157503586,12.0,-0.0007273873917829632,-0.0002481872106911457,-0.0002481872098140948,-0.0004962867145689763,0.001471811500777298,0.0002481872106911454
2,0.0020829000000000468,-4.973772768857902,0.0008764393671434334,-12.0,2.488201052244059,12.0,-0.0007263540055493234,-0.0002487324612876918,-0.0002487324604112523,-0.0004973772768857902,0.001472413817909968,0.0002487324612876916
2,0.002083100000000047,-4.984670537724422,0.0008758267699799926,-12.0,2.493649017775448,12.0,-0.0007253208484479245,-0.0002492773191005471,-0.0002492773182247201,-0.0004984670537724422,0.00147301518603915,0.0002492773191005468
2,0.002083300000000047,-4.995560435080229,0.0008752128016094041,-12.0,2.499093045494656,12.0,-0.0007242879229212851,-0.0002498217832693049,-0.000249821782394092,-0.0004995560435080229,0.001473615605026291,0.0002498217832693047
2,0.002083500000000047,-5.006442443728683,0.0008745974630077757,-12.0,2.504533126804828,12.0,-0.0007232552314135887,-0.0002503658529341823,-0.0002503658520595845,-0.0005006442443728684,0.001474215074736607,0.0002503658529341821
2,0.0020837000000000472,-5.01731654648562,0.0008739807551487733,-12.0,2.509969253115341,12.0,-0.0007222227763707401,-0.0002509095272360194,-0.0002509095263620384,-0.000501731654648562,0.001474813595038205,0.0002509095272360193
2,0.0020839000000000473,-5.028182726179325,0.0008733626790029536,-12.0,2.515401415841794,12.0,-0.000721190560240087,-0.0002514528053162793,-0.0002514528044429164,-0.0005028182726179325,0.001475411165803076,0.0002514528053162791
2,0.0020841000000000475,-5.03904096565059,0.0008727432355555287,-12.0,2.52082960640606,12.0,-0.0007201585854706705,-0.0002519956863170508,-0.0002519956854443072,-0.000503904096565059,0.001476007786906597,0.0002519956863170505
2,0.0020843000000000476,-5.049891247752816,0.000872122425789712,-12.0,2.526253816236317,12.0,-0.0007191268545131413,-0.000252538169381053,-0.0002525381685089303,-0.0005049891247752816,0.001476603458227532,0.0002525381693810527
2,0.0020845000000000477,-5.060733555351895,0.0008715002506718417,-12.0,2.531674036766958,12.0,-0.0007180953698196768,-0.0002530802536516289,-0.0002530802527801284,-0.0005060733555351895,0.001477198179648587,0.0002530802536516286
2,0.002084700000000048,-5.0715678713263,0.0008708767112035609,-12.0,2.537090259438723,12.0,-0.0007170641338442862,-0.0002536219382727522,-0.0002536219374018752,-0.00050715678713263,0.001477791951054963,0.000253621938272752
2,0.002084900000000048,-5.082394178567212,0.0008702518083651967,-12.0,2.542502475698672,12.0,-0.0007160331490421723,-0.0002541632223890309,-0.0002541632215187789,-0.0005082394178567213,0.001478384772336638,0.0002541632223890307
2,0.002085100000000048,-5.093212459978406,0.0008696255431468458,-12.0,2.547910677000178,12.0,-0.0007150024178704806,-0.0002547041051457034,-0.0002547041042760776,-0.0005093212459978407,0.001478976643385976,0.0002547041051457031
2,0.002085300000000048,-5.104022698476313,0.0008689979165341644,-12.0,2.553314854802937,12.0,-0.0007139719427878277,-0.0002552445856886404,-0.0002552445848196424,-0.0005104022698476313,0.001479567564099227,0.0002552445856886402
2,0.0020855000000000483,-5.114824876990085,0.0008683689295267971,-12.0,2.558715000573021,12.0,-0.0007129417262542459,-0.0002557846631643498,-0.0002557846622959806,-0.0005114824876990086,0.00148015753437658,0.0002557846631643494
2,0.0020857000000000484,-5.12561897846162,0.0008677385831177276,-12.0,2.564111105782872,12.0,-0.0007119117707315437,-0.0002563243367199757,-0.0002563243358522369,-0.000512561897846162,0.001480746554120782,0.0002563243367199754
2,0.0020859000000000485,-5.136404985845533,0.0008671068783008273,-12.0,2.569503161911287,12.0,-0.0007108820786830838,-0.0002568636055032989,-0.0002568636046361917,-0.0005136404985845533,0.001481334623238739,0.0002568636055032986
2,0.0020861000000000486,-5.147182882109247,0.0008664738160801821,-12.0,2.574891160443482,12.0,-0.0007098526525736448,-0.0002574024686627405,-0.0002574024677962663,-0.0005147182882109247,0.001481921741640857,0.0002574024686627402
2,0.0020863000000000487,-5.157952650233002,0.0008658393974558809,-12.0,2.580275092871079,12.0,-0.0007088234948696981,-0.0002579409253473626,-0.0002579409244815229,-0.0005157952650233003,0.001482507909240427,0.0002579409253473624
2,0.002086500000000049,-5.168714273209844,0.0008652036234266802,-12.0,2.585654950692098,12.0,-0.0007077946080391584,-0.0002584789747068674,-0.0002584789738416635,-0.0005168714273209844,0.001483093125955015,0.0002584789747068672
2,0.002086700000000049,-5.17946773404569,0.0008645664950053256,-12.0,2.591030725411018,12.0,-0.0007067659945516891,-0.0002590166158916016,-0.0002590166150270348,-0.000517946773404569,0.001483677391704963,0.0002590166158916013
2,0.002086900000000049,-5.19021301575936,0.000863928013192572,-12.0,2.596402408538749,12.0,-0.0007057376568782026,-0.0002595538480525559,-0.0002595538471886276,-0.000519021301575936,0.001484260706414497,0.0002595538480525557
2,0.002087100000000049,-5.20095010138261,0.0008632881790082703,-12.0,2.6017699915927,12.0,-0.000704709597491443,-0.0002600906703413695,-0.000260090669478081,-0.000520095010138261,0.001484843070011288,0.0002600906703413691
2,0.0020873000000000493,-5.21167897396009,0.0008626469934471803,-12.0,2.607133466096686,12.0,-0.0007036818188655147,-0.0002606270819103242,-0.0002606270810476769,-0.000521167897396009,0.001485424482426112,0.0002606270819103239
2,0.0020875000000000494,-5.222399616549418,0.0008620044575367025,-12.0,2.612492823581058,12.0,-0.000702654323476104,-0.0002611630819123524,-0.0002611630810503478,-0.0005222399616549418,0.001486004943593744,0.0002611630819123521
2,0.0020877000000000495,-5.233112012221281,0.0008613605722946893,-12.0,2.617848055582688,12.0,-0.0007016271138003682,-0.0002616986695010397,-0.0002616986686396788,-0.0005233112012221281,0.001486584453452344,0.0002616986695010393
2,0.0020879000000000496,-5.243816144059307,0.0008607153387218958,-12.0,2.623199153644889,12.0,-0.0007006001923170746,-0.0002622338438306171,-0.0002622338429699014,-0.0005243816144059306,0.001487163011943182,0.0002622338438306168
2,0.0020881000000000497,-5.254511995160206,0.0008600687578579347,-12.0,2.628546109317577,12.0,-0.0006995735615064891,-0.0002627686040559722,-0.0002627686031959032,-0.0005254511995160206,0.001487740619011191,0.0002627686040559719
2,0.00208830000000005,-5.265199548633809,0.0008594208307155515,-12.0,2.633888914157186,12.0,-0.0006985472238503487,-0.0002633029493326474,-0.0002633029484732262,-0.0005265199548633809,0.001488317274604967,0.0002633029493326471
2,0.00208850000000005,-5.275878787602955,0.0008587715583121547,-12.0,2.639227559726662,12.0,-0.0006975211818318894,-0.0002638368788168353,-0.0002638368779580634,-0.0005275878787602955,0.001488892978676382,0.000263836878816835
2,0.00208870000000005,-5.286549695203678,0.0008581209416893554,-12.0,2.644562037595582,12.0,-0.0006964954379358734,-0.0002643703916653896,-0.0002643703908072684,-0.0005286549695203678,0.001489467731180805,0.0002643703916653893
2,0.00208890000000005,-5.297212254585189,0.00085746898186434,-12.0,2.64989233934008,12.0,-0.0006954699946486176,-0.000264903487035822,-0.0002649034861783527,-0.0005297212254585189,0.001490041532077102,0.0002649034870358216
2,0.0020891000000000503,-5.307866448909817,0.0008568156798673954,-12.0,2.655218456542866,12.0,-0.0006944448544578263,-0.0002654361640863001,-0.0002654361632294842,-0.0005307866448909816,0.001490614381327637,0.0002654361640862999
2,0.0020893000000000504,-5.318512261353135,0.00085616103673547,-12.0,2.660540380793281,12.0,-0.0006934200198527862,-0.0002659684219756549,-0.0002659684211194936,-0.0005318512261353136,0.001491186278898105,0.0002659684219756546
2,0.0020895000000000505,-5.329149675103961,0.0008555050535001829,-12.0,2.665858103687281,12.0,-0.0006923954933242549,-0.0002665002598633785,-0.0002665002590078731,-0.0005329149675103961,0.001491757224757806,0.0002665002598633781
2,0.0020897000000000506,-5.339778673364371,0.0008548477311991487,-12.0,2.671171616827462,12.0,-0.0006913712773642666,-0.0002670316769096266,-0.0002670316760547786,-0.0005339778673364372,0.001492327218879486,0.0002670316769096263
2,0.0020899000000000507,-5.350399239349716,0.000854189070866429,-12.0,2.676480911823048,12.0,-0.00069034737446666,-0.0002675626722752185,-0.0002675626714210291,-0.0005350399239349716,0.001492896261239496,0.0002675626722752182
2,0.002090100000000051,-5.361011356288666,0.000853529073547632,-12.0,2.681785980289945,12.0,-0.0006893237871264946,-0.00026809324512164,-0.0002680932442681107,-0.0005361011356288666,0.001493464351817297,0.0002680932451216397
2,0.002090300000000051,-5.37161500742326,0.0008528677402830365,-12.0,2.687086813850732,12.0,-0.000688300517840551,-0.0002686233946110451,-0.0002686233937581772,-0.000537161500742326,0.001494031490596015,0.0002686233946110449
2,0.002090500000000051,-5.382210176008865,0.0008522050721142538,-12.0,2.692383404134654,12.0,-0.0006872775691066368,-0.0002691531199062543,-0.000269153119054049,-0.0005382210176008865,0.001494597677562493,0.000269153119906254
2,0.002090700000000051,-5.392796845314249,0.000851541070092221,-12.0,2.697675742777674,12.0,-0.0006862549434244747,-0.0002696824201707585,-0.000269682419319217,-0.0005392796845314249,0.001495162912706571,0.0002696824201707582
2,0.0020909000000000513,-5.403374998621667,0.0008508757352689855,-12.0,2.702963821422495,12.0,-0.0006852326432949529,-0.0002702112945687228,-0.0002702112937178468,-0.0005403374998621667,0.001495727196021701,0.0002702112945687226
2,0.0020911000000000514,-5.413944619226744,0.0008502090686794972,-12.0,2.708247631718482,12.0,-0.0006842106712204865,-0.0002707397422649806,-0.0002707397414147712,-0.0005413944619226744,0.001496290527505106,0.0002707397422649803
2,0.0020913000000000515,-5.424505690438576,0.0008495410713911244,-12.0,2.713527165321786,12.0,-0.0006831890297049059,-0.0002712677624250398,-0.0002712677615754984,-0.0005424505690438577,0.00149685290715712,0.0002712677624250395
2,0.0020915000000000517,-5.435058195579833,0.0008488717444550264,-12.0,2.718802413895316,12.0,-0.0006821677212536514,-0.0002717953542150865,-0.0002717953533662144,-0.0005435058195579833,0.001497414334981462,0.0002717953542150861
2,0.0020917000000000518,-5.445602117986675,0.0008482010889248048,-12.0,2.724073369108735,12.0,-0.0006811467483732458,-0.0002723225168019814,-0.00027232251595378,-0.0005445602117986675,0.001497974810985903,0.0002723225168019811
2,0.002091900000000052,-5.456137441008785,0.0008475291058585022,-12.0,2.729340022638472,12.0,-0.0006801261135719883,-0.0002728492493532616,-0.0002728492485057322,-0.0005456137441008785,0.001498534335180768,0.0002728492493532613
2,0.002092100000000052,-5.466664148009457,0.0008468557963206003,-12.0,2.734602366167767,12.0,-0.0006791058193592603,-0.000273375551037145,-0.0002733755501902889,-0.0005466664148009457,0.001499092907580768,0.0002733755510371446
2,0.002092300000000052,-5.477182222365603,0.0008461811613715842,-12.0,2.73986039138667,12.0,-0.0006780858682462199,-0.0002739014210225303,-0.0002739014201763487,-0.0005477182222365603,0.0014996505282035,0.0002739014210225299
2,0.0020925000000000522,-5.487691647467734,0.000845505202072605,-12.0,2.745114089992027,12.0,-0.0006770662627451629,-0.0002744268584789959,-0.0002744268576334904,-0.0005487691647467734,0.001500207197070003,0.0002744268584789955
2,0.0020927000000000523,-5.498192406720031,0.0008448279194959163,-12.0,2.750363453687538,12.0,-0.0006760470053699119,-0.0002749518625768046,-0.0002749518617319764,-0.000549819240672003,0.001500762914205034,0.0002749518625768043
2,0.0020929000000000524,-5.508684483540387,0.0008441493147075541,-12.0,2.755608474183748,12.0,-0.0006750280986355661,-0.0002754764324869045,-0.0002754764316427547,-0.0005508684483540387,0.001501317679636571,0.0002754764324869041
2,0.0020931000000000526,-5.519167861360367,0.0008434693887744427,-12.0,2.76084914319804,12.0,-0.0006740095450588346,-0.0002760005673809268,-0.0002760005665374571,-0.0005519167861360368,0.001501871493396312,0.0002760005673809265
2,0.0020933000000000527,-5.529642523625289,0.0008427881427748307,-12.0,2.766085452454688,12.0,-0.0006729913471576754,-0.0002765242664311917,-0.0002765242655884032,-0.000552964252362529,0.001502424355519061,0.0002765242664311913
2,0.002093500000000053,-5.54010845379425,0.0008421055777818598,-12.0,2.771317393684854,12.0,-0.0006719735074513233,-0.0002770475288107075,-0.0002770475279686016,-0.0005540108453794251,0.001502976266043454,0.0002770475288107072
2,0.002093700000000053,-5.55056563534011,0.0008414216948671172,-12.0,2.776544958626573,12.0,-0.0006709560284605676,-0.0002775703536931709,-0.0002775703528517488,-0.0005550565635340111,0.001503527225011181,0.0002775703536931706
2,0.002093900000000053,-5.561014051749551,0.0008407364951157348,-12.0,2.781768139024814,12.0,-0.0006699389127075295,-0.0002780927402529702,-0.0002780927394122333,-0.000556101405174955,0.00150407723246776,0.0002780927402529698
2,0.002094100000000053,-5.571453686523104,0.0008400499796019645,-12.0,2.786986926631454,12.0,-0.0006689221627156905,-0.0002786146876651856,-0.0002786146868251353,-0.0005571453686523105,0.001504626288461708,0.0002786146876651853
2,0.0020943000000000532,-5.581884523175194,0.0008393621494189318,-12.0,2.792201313205347,12.0,-0.0006679057810098366,-0.0002791361951055932,-0.0002791361942662307,-0.0005581884523175194,0.001505174393045539,0.0002791361951055928
2,0.0020945000000000534,-5.592306545234086,0.0008386730056300085,-12.0,2.797411290512218,12.0,-0.0006668897701162246,-0.0002796572617506592,-0.0002796572609119858,-0.0005592306545234086,0.001505721546274652,0.0002796572617506588
2,0.0020947000000000535,-5.602719736241976,0.0008379825493460835,-12.0,2.802616850324833,12.0,-0.0006658741325623607,-0.000280177886777549,-0.0002801778859395661,-0.0005602719736241976,0.001506267748208334,0.0002801778867775487
2,0.0020949000000000536,-5.613124079755066,0.0008372907816398545,-12.0,2.807817984422901,12.0,-0.0006648588708771108,-0.0002806980693641265,-0.0002806980685268353,-0.0005613124079755066,0.001506812998908924,0.0002806980693641261
2,0.0020951000000000537,-5.623519559343445,0.000836597703604891,-12.0,2.813014684593107,12.0,-0.0006638439875907565,-0.0002812178086889506,-0.0002812178078523525,-0.0005623519559343446,0.00150735729844248,0.0002812178086889502
2,0.002095300000000054,-5.633906158591246,0.0008359033163358731,-12.0,2.81820694262916,12.0,-0.000662829485234856,-0.0002817371039312828,-0.0002817371030953791,-0.0005633906158591245,0.001507900646878391,0.0002817371039312824
2,0.002095500000000054,-5.644283861096634,0.0008352076209261483,-12.0,2.823394750331783,12.0,-0.0006618153663422444,-0.0002822559542710861,-0.000282255953435878,-0.0005644283861096634,0.001508443044289709,0.0002822559542710857
2,0.002095700000000054,-5.654652650471794,0.000834510618467732,-12.0,2.828578099508705,12.0,-0.0006608016334472833,-0.0002827743588890241,-0.0002827743580545131,-0.0005654652650471794,0.001508984490752319,0.0002827743588890238
2,0.002095900000000054,-5.665012510342998,0.0008338123100635197,-12.0,2.833756981974717,12.0,-0.0006597882890853335,-0.0002832923169664658,-0.0002832923161326531,-0.0005665012510342999,0.001509524986346267,0.0002832923169664654
2,0.0020961000000000543,-5.675363424350635,0.0008331126968128544,-12.0,2.838931389551664,12.0,-0.0006587753357934489,-0.0002838098276854855,-0.0002838098268523724,-0.0005675363424350636,0.001510064531154487,0.0002838098276854851
2,0.0020963000000000544,-5.685705376149198,0.0008324117798135244,-12.0,2.844101314068436,12.0,-0.0006577627761096549,-0.0002843268902288627,-0.0002843268893964506,-0.0005685705376149198,0.001510603125263577,0.0002843268902288623
2,0.0020965000000000545,-5.69603834940733,0.0008317095601755309,-12.0,2.849266747361024,12.0,-0.0006567506125735034,-0.0002848435037800853,-0.0002848435029483753,-0.0005696038349407331,0.001511140768763519,0.0002848435037800848
2,0.0020967000000000546,-5.706362327807885,0.000831006039000215,-12.0,2.854427681272503,12.0,-0.0006557388477257398,-0.0002853596675233507,-0.0002853596666923443,-0.0005706362327807886,0.001511677461747796,0.0002853596675233502
2,0.0020969000000000547,-5.716677295047901,0.000830301217399132,-12.0,2.859584107653061,12.0,-0.0006547274841083583,-0.0002858753806435666,-0.000285875379813265,-0.0005716677295047901,0.001512213204313273,0.0002858753806435662
2,0.002097100000000055,-5.726983234838637,0.0008295950964760657,-12.0,2.864736018359983,12.0,-0.0006537165242647969,-0.0002863906423263512,-0.0002863906414967556,-0.0005726983234838638,0.001512747996560093,0.0002863906423263508
2,0.002097300000000055,-5.737280130905603,0.0008288876773467901,-12.0,2.869883405257699,12.0,-0.000652705970739742,-0.0002869054517580356,-0.0002869054509291475,-0.0005737280130905603,0.001513281838591951,0.0002869054517580352
2,0.002097500000000055,-5.747567966988651,0.0008281789611308543,-12.0,2.875026260217812,12.0,-0.0006516958260789907,-0.0002874198081256686,-0.0002874198072974891,-0.0005747567966988651,0.001513814730515983,0.0002874198081256681
2,0.002097700000000055,-5.757846726841858,0.0008274689489251585,-12.0,2.880164575119006,12.0,-0.0006506860928297831,-0.0002879337106170085,-0.0002879337097895392,-0.0005757846726841859,0.001514346672442768,0.0002879337106170081
2,0.0020979000000000553,-5.768116394233664,0.0008267576418690137,-12.0,2.885298341847213,12.0,-0.0006496767735405529,-0.0002884471584205348,-0.0002884471575937767,-0.0005768116394233665,0.001514877664486047,0.0002884471584205344
2,0.0020981000000000554,-5.778376952946923,0.0008260450410706444,-12.0,2.890427552295519,12.0,-0.0006486678707610105,-0.0002889601507254452,-0.0002889601498993997,-0.0005778376952946924,0.001515407706763394,0.0002889601507254448
2,0.0020983000000000555,-5.788628386778774,0.0008253311476451586,-12.0,2.895552198364165,12.0,-0.0006476593870421155,-0.0002894726867216524,-0.000289472685896321,-0.0005788628386778773,0.001515936799395712,0.000289472686721652
2,0.0020985000000000556,-5.798870679540818,0.000824615962730535,-12.0,2.900672271960665,12.0,-0.0006466513249360761,-0.0002899847655997939,-0.0002899847647751775,-0.0005798870679540819,0.001516464942506623,0.0002899847655997934
2,0.0020987000000000557,-5.809103815059117,0.0008238994874416594,-12.0,2.905787764999717,12.0,-0.0006456436869963778,-0.000290496386551228,-0.000290496385727328,-0.0005809103815059117,0.001516992136224138,0.0002904963865512275
2,0.002098900000000056,-5.819327777174166,0.0008231817229096272,-12.0,2.910898669403265,12.0,-0.000644636475777699,-0.000291007548768036,-0.0002910075479448538,-0.0005819327777174167,0.001517518380679095,0.0002910075487680355
2,0.002099100000000056,-5.829542549740933,0.0008224626702573179,-12.0,2.916004977100479,12.0,-0.0006436296938359121,-0.0002915182514430226,-0.0002915182506205595,-0.0005829542549740933,0.001518043676005942,0.0002915182514430222
2,0.002099300000000056,-5.839748116628905,0.0008217423306238203,-12.0,2.921106680027811,12.0,-0.0006426233437282491,-0.0002920284937697192,-0.0002920284929479764,-0.0005839748116628906,0.001518568022342348,0.0002920284937697187
2,0.002099500000000056,-5.849944461722139,0.000821020705137121,-12.0,2.926203770128982,12.0,-0.0006416174280129971,-0.0002925382749423849,-0.0002925382741213638,-0.0005849944461722139,0.001519091419829588,0.0002925382749423845
2,0.0020997000000000563,-5.860131568919206,0.0008202977949303136,-12.0,2.931296239354977,12.0,-0.0006406119492498308,-0.0002930475941560051,-0.0002930475933357068,-0.0005860131568919206,0.001519613868612324,0.0002930475941560047
2,0.0020999000000000564,-5.870309422133291,0.0008195736011442634,-12.0,2.936384079664098,12.0,-0.0006396069099994517,-0.0002935564506062958,-0.0002935564497867217,-0.0005870309422133291,0.001520135368838382,0.0002935564506062954
2,0.0021001000000000565,-5.880478005292208,0.0008188481249160606,-12.0,2.941467283021959,12.0,-0.0006386023128239215,-0.0002940648434897048,-0.0002940648426708562,-0.0005880478005292208,0.001520655920659253,0.0002940648434897043
2,0.0021003000000000566,-5.890637302338379,0.0008181213673799093,-12.0,2.946545841401473,12.0,-0.0006375981602863845,-0.0002945727720034098,-0.000294572771185288,-0.0005890637302338379,0.001521175524229812,0.0002945727720034093
2,0.0021005000000000567,-5.900787297228894,0.0008173933296871105,-12.0,2.951619746782911,12.0,-0.000636594454951317,-0.0002950802353453228,-0.0002950802345279291,-0.0005900787297228895,0.001521694179707933,0.0002950802353453224
2,0.002100700000000057,-5.91092797393557,0.0008166640129771974,-12.0,2.95668899115389,12.0,-0.0006355911993841945,-0.0002955872327140918,-0.0002955872318974274,-0.000591092797393557,0.001522211887255598,0.0002955872327140913
2,0.002100900000000057,-5.921059316444891,0.0008159334183923672,-12.0,2.961753566509368,12.0,-0.0006345883961517973,-0.000296093763309098,-0.0002960937624931642,-0.0005921059316444892,0.001522728647037175,0.0002960937633090976
2,0.002101100000000057,-5.93118130875809,0.0008152015470859197,-12.0,2.966813464851689,12.0,-0.0006335860478220712,-0.0002965998263304607,-0.0002965998255152588,-0.000593118130875809,0.00152324445922164,0.0002965998263304603
2,0.002101300000000057,-5.9412939348912,0.000814468400208046,-12.0,2.971868678190596,12.0,-0.0006325841569641,-0.0002971054209790393,-0.0002971054201645704,-0.0005941293934891201,0.001523759323980245,0.0002971054209790388
2,0.0021015000000000573,-5.95139717887504,0.0008137339789058284,-12.0,2.976919198543219,12.0,-0.0006315827261481333,-0.0002976105464564317,-0.0002976105456426973,-0.0005951397178875041,0.001524273241488183,0.0002976105464564313
2,0.0021017000000000574,-5.961491024755201,0.0008129982843319006,-12.0,2.981965017934081,12.0,-0.0006305817579456141,-0.0002981152019649754,-0.0002981152011519766,-0.0005961491024755202,0.001524786211924034,0.0002981152019649749
2,0.0021019000000000575,-5.971575456592139,0.0008122613176464455,-12.0,2.987006128395153,12.0,-0.0006295812549290403,-0.0002986193867077511,-0.0002986193858954893,-0.000597157545659214,0.001525298235469541,0.0002986193867077506
2,0.0021021000000000577,-5.981650458461201,0.0008115230800047613,-12.0,2.992042521965839,12.0,-0.0006285812196721585,-0.0002991230998885838,-0.0002991230990770603,-0.0005981650458461201,0.001525809312310056,0.0002991230998885834
2,0.0021023000000000578,-5.99171601445259,0.0008107835725617019,-12.0,2.997074190692973,12.0,-0.0006275816547497703,-0.0002996263407120416,-0.0002996263399012576,-0.000599171601445259,0.001526319442634094,0.0002996263407120411
2,0.002102500000000058,-6.001772108671435,0.0008100427964834456,-12.0,3.002101126630871,12.0,-0.0006265825627379817,-0.0003001291083834393,-0.0003001291075733959,-0.0006001772108671435,0.001526828626633503,0.0003001291083834388
2,0.002102700000000058,-6.011818725237832,0.0008093007529303975,-12.0,3.00712332184132,12.0,-0.0006255839462137869,-0.0003006314021088394,-0.0003006314012995381,-0.0006011818725237833,0.001527336864503792,0.0003006314021088389
2,0.002102900000000058,-6.021855848286813,0.0008085574430634068,-12.0,3.012140768393576,12.0,-0.0006245858077554012,-0.0003011332210950517,-0.0003011332202864938,-0.0006021855848286813,0.001527844156443525,0.0003011332210950513
2,0.0021031000000000582,-6.031883461968403,0.000807812868054647,-12.0,3.017153458364412,12.0,-0.0006235881499422613,-0.0003016345645496363,-0.0003016345637418229,-0.0006031883461968403,0.001528350502654818,0.0003016345645496358
2,0.0021033000000000583,-6.041901550447668,0.00080706702906852,-12.0,3.022161383838107,12.0,-0.0006225909753546366,-0.0003021354316809043,-0.0003021354308738369,-0.0006041901550447668,0.001528855903343229,0.0003021354316809038
2,0.0021035000000000584,-6.05191009790471,0.0008063199272769772,-12.0,3.02716453690647,12.0,-0.0006215942865743507,-0.0003026358216979197,-0.0003026358208915994,-0.0006051910097904711,0.001529360358717258,0.0003026358216979193
2,0.0021037000000000586,-6.061909088534673,0.0008055715638484173,-12.0,3.032162909668825,12.0,-0.000620598086183699,-0.0003031357338104982,-0.0003031357330049261,-0.0006061909088534674,0.00152986386898929,0.0003031357338104977
2,0.0021039000000000587,-6.071898506547806,0.0008048219399579004,-12.0,3.037156494232059,12.0,-0.0006196023767668091,-0.0003036351672292106,-0.0003036351664243882,-0.0006071898506547806,0.001530366434374486,0.0003036351672292102
2,0.002104100000000059,-6.081878336169516,0.000804071056788036,-12.0,3.04214528271065,12.0,-0.0006186071609081134,-0.0003041341211653867,-0.0003041341203613152,-0.0006081878336169517,0.001530868055092172,0.0003041341211653862
2,0.002104300000000059,-6.09184856164028,0.0008033189154974529,-12.0,3.047129267226576,12.0,-0.0006176124411937656,-0.0003046325948311083,-0.0003046325940277889,-0.000609184856164028,0.001531368731364169,0.0003046325948311079
2,0.002104500000000059,-6.101809167215777,0.0008025655172869683,-12.0,3.052108439909474,12.0,-0.0006166182202105852,-0.0003051305874392191,-0.0003051305866366532,-0.0006101809167215777,0.001531868463416131,0.0003051305874392187
2,0.002104700000000059,-6.11176013716692,0.0008018108633263132,-12.0,3.057082792896558,12.0,-0.0006156245005466965,-0.0003056280982033236,-0.0003056280974015123,-0.000611176013716692,0.001532367251476874,0.0003056280982033231
2,0.0021049000000000592,-6.121701455779749,0.0008010549547905477,-12.0,3.06205231833261,12.0,-0.0006146312847911395,-0.0003061251263377824,-0.000306125125536727,-0.0006121701455779749,0.001532865095778713,0.0003061251263377819
2,0.0021051000000000594,-6.131633107355595,0.0008002977928822652,-12.0,3.067017008370099,12.0,-0.0006136385755340923,-0.0003066216710577222,-0.0003066216702574239,-0.0006131633107355596,0.00153336199655707,0.0003066216710577217
2,0.0021053000000000595,-6.141555076211097,0.0007995393787743055,-12.0,3.071976855169103,12.0,-0.0006126463753667044,-0.0003071177315790334,-0.0003071177307794936,-0.0006141555076211098,0.001533857954050866,0.0003071177315790328
2,0.0021055000000000596,-6.151467346678101,0.0007987797136559394,-12.0,3.076931850897331,12.0,-0.0006116546868812356,-0.000307613307118368,-0.0003076133063195878,-0.0006151467346678101,0.001534352968502517,0.0003076133071183675
2,0.0021057000000000597,-6.161369903103813,0.0007980187987222109,-12.0,3.081881987730177,12.0,-0.0006106635126708337,-0.0003081083968931461,-0.0003081083960951268,-0.0006161369903103813,0.001534847040157439,0.0003081083968931455
2,0.00210590000000006,-6.171262729850783,0.0007972566351601706,-12.0,3.086827257850699,12.0,-0.0006096728553299791,-0.0003086030001215544,-0.0003086029993242971,-0.0006171262729850783,0.001535340169264376,0.0003086030001215539
2,0.00210610000000006,-6.181145811296928,0.0007964932241661948,-12.0,3.091767653449646,12.0,-0.0006086827174537901,-0.0003090971160225485,-0.0003090971152260547,-0.0006181145811296929,0.001535832356075795,0.0003090971160225481
2,0.00210630000000006,-6.191019131835532,0.0007957285669304426,-12.0,3.096703166725447,12.0,-0.00060769310163869,-0.0003095907438158521,-0.0003095907430201231,-0.0006191019131835532,0.001536323600846878,0.0003095907438158517
2,0.00210650000000006,-6.200882675875298,0.0007949626646559516,-12.0,3.101633789884259,12.0,-0.0006067040104819343,-0.0003100838827219608,-0.0003100838819269977,-0.0006200882675875298,0.001536813903836864,0.0003100838827219603
2,0.0021067000000000603,-6.210736427840397,0.000794195518538654,-12.0,3.106559515139962,12.0,-0.000605715446582028,-0.0003105765319621429,-0.0003105765311679468,-0.0006210736427840397,0.001537303265307655,0.0003105765319621423
2,0.0021069000000000604,-6.220580372170427,0.0007934271297762585,-12.0,3.111480334714149,12.0,-0.0006047274125380586,-0.0003110686907584378,-0.0003110686899650102,-0.0006220580372170427,0.001537791685524925,0.0003110686907584373
2,0.0021071000000000605,-6.230414493320477,0.0007926574995749114,-12.0,3.116396240836175,12.0,-0.0006037399109504737,-0.0003115603583336607,-0.0003115603575410026,-0.0006230414493320477,0.001538279164757295,0.00031156035833366
2,0.0021073000000000606,-6.240238775761203,0.0007918866291420912,-12.0,3.121307225743181,12.0,-0.0006027529444204982,-0.0003120515339114044,-0.0003120515331195173,-0.0006240238775761204,0.001538765703276823,0.000312051533911404
2,0.0021075000000000607,-6.250053203978737,0.0007911145196684011,-12.0,3.126213281680017,12.0,-0.0006017665155504393,-0.0003125422167160353,-0.0003125422159249203,-0.0006250053203978738,0.001539251301359068,0.0003125422167160348
2,0.002107700000000061,-6.259857762474756,0.0007903411723777509,-12.0,3.131114400899357,12.0,-0.0006007806269434646,-0.0003130324059726984,-0.0003130324051823567,-0.0006259857762474756,0.001539735959282751,0.0003130324059726979
2,0.002107900000000061,-6.269652435766603,0.0007895665884740666,-12.0,3.136010575661679,12.0,-0.0005997952812038243,-0.000313522100907321,-0.0003135221001177539,-0.0006269652435766603,0.001540219677329702,0.0003135221009073205
2,0.002108100000000061,-6.279437208387197,0.0007887907691661589,-12.0,3.140901798235255,12.0,-0.0005988104809367123,-0.0003140113007466094,-0.0003140112999578181,-0.0006279437208387197,0.001540702455785359,0.0003140113007466089
2,0.002108300000000061,-6.289212064885056,0.0007880137156655032,-12.0,3.145788060896163,12.0,-0.0005978262287481273,-0.0003145000047180504,-0.0003145000039300361,-0.0006289212064885057,0.001541184294938269,0.0003145000047180498
2,0.0021085000000000613,-6.298976989824386,0.0007872354291911243,-12.0,3.150669355928334,12.0,-0.000596842527245206,-0.0003149882120499149,-0.0003149882112626789,-0.0006298976989824386,0.001541665195080255,0.0003149882120499143
2,0.0021087000000000614,-6.308731967785098,0.0007864559109580505,-12.0,3.155545675623545,12.0,-0.0005958593790358624,-0.0003154759219712593,-0.0003154759211848029,-0.0006308731967785098,0.00154214515650658,0.0003154759219712587
2,0.0021089000000000615,-6.318476983362775,0.0007856751621777569,-12.0,3.160417012281405,12.0,-0.0005948767867290095,-0.0003159631337119233,-0.0003159631329262476,-0.0006318476983362775,0.001542624179515673,0.0003159631337119228
2,0.0021091000000000616,-6.328212021168735,0.0007848931840790385,-12.0,3.165283358209418,12.0,-0.000593894752934393,-0.0003164498465025345,-0.0003164498457176407,-0.0006328212021168736,0.001543102264409346,0.0003164498465025339
2,0.0021093000000000617,-6.337937065830091,0.0007841099778804761,-12.0,3.170144705722966,12.0,-0.0005929132802628134,-0.0003169360595745091,-0.0003169360587903986,-0.0006337937065830091,0.001543579411492413,0.0003169360595745086
2,0.002109500000000062,-6.347652101989695,0.0007833255447997622,-12.0,3.175001047145303,12.0,-0.0005919323713259317,-0.0003174217721600509,-0.0003174217713767248,-0.0006347652101989695,0.001544055621073459,0.0003174217721600503
2,0.002109700000000062,-6.357357114306219,0.0007825398860683563,-12.0,3.179852374807611,12.0,-0.0005909520287363523,-0.0003179069834921548,-0.0003179069827096144,-0.0006357357114306219,0.001544530893463569,0.0003179069834921543
2,0.002109900000000062,-6.367052087454182,0.0007817530029110564,-12.0,3.184698681048987,12.0,-0.0005899722551074016,-0.0003183916928046083,-0.0003183916920228547,-0.0006367052087454182,0.001545005228977936,0.0003183916928046076
2,0.002110100000000062,-6.376737006123926,0.0007809648965517724,-12.0,3.189539958216439,12.0,-0.0005889930530533494,-0.0003188758993319893,-0.0003188758985510239,-0.0006376737006123926,0.001545478627934693,0.0003188758993319888
2,0.0021103000000000623,-6.386411855021684,0.0007801755682264044,-12.0,3.194376198664937,12.0,-0.0005880144251895758,-0.0003193596023096717,-0.0003193596015294956,-0.0006386411855021684,0.00154595109065514,0.0003193596023096711
2,0.0021105000000000624,-6.396076618869598,0.0007793850191601948,-12.0,3.19920739475739,12.0,-0.0005870363741320994,-0.0003198428009738235,-0.0003198428001944379,-0.0006396076618869599,0.001546422617463628,0.000319842800973823
2,0.0021107000000000625,-6.405731282405752,0.0007785932505983695,-12.0,3.204033538864706,12.0,-0.0005860589024977159,-0.0003203254945614114,-0.0003203254937828176,-0.0006405731282405752,0.001546893208688505,0.0003203254945614108
2,0.0021109000000000626,-6.415375830384138,0.0007778002637559567,-12.0,3.208854623365705,12.0,-0.0005850820129044143,-0.0003208076823101956,-0.0003208076815323947,-0.0006415375830384138,0.001547362864660395,0.0003208076823101949
2,0.0021111000000000628,-6.425010247574734,0.0007770060598910611,-12.0,3.213670640647264,12.0,-0.0005841057079708223,-0.0003212893634587378,-0.0003212893626817313,-0.0006425010247574735,0.001547831585713921,0.0003212893634587373
2,0.002111300000000063,-6.434634518763579,0.0007762106402293689,-12.0,3.21848158310424,12.0,-0.0005831299903163445,-0.0003217705372464017,-0.0003217705364701904,-0.0006434634518763579,0.00154829937218659,0.0003217705372464011
2,0.002111500000000063,-6.444248628752629,0.0007754140060072245,-12.0,3.223287443139466,12.0,-0.0005821548625613848,-0.0003222512029133465,-0.0003222512021379318,-0.0006444248628752629,0.001548766224419407,0.0003222512029133459
2,0.002111700000000063,-6.453852562359947,0.0007746161584809563,-12.0,3.228088213163857,12.0,-0.0005811803273270688,-0.0003227313597005382,-0.0003227313589259215,-0.0006453852562359948,0.001549232142756318,0.0003227313597005377
2,0.002111900000000063,-6.463446304419699,0.0007738170988829118,-12.0,3.232883885596345,12.0,-0.0005802063872354379,-0.0003232110068497468,-0.0003232110060759292,-0.00064634463044197,0.001549697127544658,0.0003232110068497463
2,0.0021121000000000633,-6.473029839782078,0.0007730168284578731,-12.0,3.237674452863895,12.0,-0.0005792330449092276,-0.0003236901436035442,-0.0003236901428305268,-0.0006473029839782078,0.00155016117913509,0.0003236901436035437
2,0.0021123000000000634,-6.48260315331342,0.0007722153484586158,-12.0,3.242459907401551,12.0,-0.0005782603029721722,-0.00032416876920531,-0.000324168768433094,-0.000648260315331342,0.001550624297881165,0.0003241687692053093
2,0.0021125000000000635,-6.492166229896224,0.0007714126601285898,-12.0,3.247240241652431,12.0,-0.0005772881640485616,-0.0003246468828992309,-0.0003246468821278176,-0.0006492166229896224,0.001551086484140207,0.0003246468828992303
2,0.0021127000000000637,-6.501719054429138,0.0007706087647214588,-12.0,3.252015448067739,12.0,-0.0005763166307637124,-0.0003251244839303023,-0.000325124483159693,-0.0006501719054429138,0.001551547738272208,0.0003251244839303017
2,0.0021129000000000638,-6.511261611826995,0.0007698036634837813,-12.0,3.256785519106759,12.0,-0.0005753457057435241,-0.0003256015715443282,-0.0003256015707745239,-0.0006511261611826995,0.001552008060640708,0.0003256015715443276
2,0.002113100000000064,-6.520793887020844,0.0007689973576732179,-12.0,3.261550447236905,12.0,-0.0005743753916147842,-0.0003260781449879239,-0.0003260781442189259,-0.0006520793887020844,0.00155246745161236,0.0003260781449879232
2,0.002113300000000064,-6.530315864957994,0.0007681898485447647,-12.0,3.266310224933713,12.0,-0.0005734056910051688,-0.0003265542035085174,-0.000326554202740327,-0.0006530315864957994,0.001552925911556868,0.0003265542035085168
2,0.002113500000000064,-6.539827530601985,0.0007673811373498651,-12.0,3.271064844680828,12.0,-0.0005724366065429087,-0.0003270297463543486,-0.0003270297455869668,-0.0006539827530601985,0.001553383440847433,0.0003270297463543478
2,0.0021137000000000642,-6.54932886893264,0.0007665712253515089,-12.0,3.275814298970059,12.0,-0.0005714681408571232,-0.0003275047727744714,-0.0003275047720078996,-0.000654932886893264,0.001553840039860255,0.0003275047727744708
2,0.0021139000000000643,-6.558819864946151,0.0007657601138126857,-12.0,3.280558580301395,12.0,-0.0005705002965774864,-0.000327979282018759,-0.0003279792812529982,-0.0006558819864946151,0.001554295708975029,0.0003279792820187583
2,0.0021141000000000645,-6.568300503654971,0.0007649478039817303,-12.0,3.285297681182935,12.0,-0.0005695330763347828,-0.0003284532733378961,-0.0003284532725729476,-0.0006568300503654971,0.00155475044857406,0.0003284532733378954
2,0.0021143000000000646,-6.57777077008791,0.000764134297134067,-12.0,3.290031594130999,12.0,-0.000568566482760241,-0.0003289267459833872,-0.0003289267452192522,-0.0006577770770087911,0.001555204259043264,0.0003289267459833864
2,0.0021145000000000647,-6.58723064929024,0.0007633195945344617,-12.0,3.294760311670118,12.0,-0.0005676005184858113,-0.0003293996992075591,-0.0003293996984442387,-0.000658723064929024,0.001555657140771882,0.0003293996992075584
2,0.002114700000000065,-6.596680126323544,0.0007625036974356902,-12.0,3.299483826332962,12.0,-0.000566635186144332,-0.0003298721322635533,-0.000329872131501049,-0.0006596680126323544,0.001556109094152103,0.0003298721322635526
2,0.002114900000000065,-6.606119186265865,0.0007616866071233908,-12.0,3.304202130660483,12.0,-0.0005656704883693353,-0.0003303440444053368,-0.0003303440436436495,-0.0006606119186265864,0.001556560119579053,0.000330344044405336
2,0.002115100000000065,-6.615547814211729,0.0007608683248538917,-12.0,3.308915217201829,12.0,-0.0005647064277947977,-0.0003308154348876982,-0.0003308154341268292,-0.000661554781421173,0.001557010217451582,0.0003308154348876975
2,0.002115300000000065,-6.6249659952721,0.0007600488519061699,-12.0,3.313623078514398,12.0,-0.0005637430070557781,-0.00033128630296625,-0.0003312863022062003,-0.00066249659952721,0.001557459388171256,0.0003312863029662492
2,0.0021155000000000652,-6.634373714574444,0.0007592281895454356,-12.0,3.318325707163822,12.0,-0.0005627802287878347,-0.0003317566478974284,-0.0003317566471381995,-0.0006634373714574445,0.00155790763214303,0.0003317566478974277
2,0.0021157000000000654,-6.643770957262751,0.0007584063390511098,-12.0,3.323023095724016,12.0,-0.000561818095627109,-0.0003322264689384971,-0.0003322264681800901,-0.0006643770957262751,0.001558354949774854,0.0003322264689384965
2,0.0021159000000000655,-6.653157708497567,0.0007575833016999489,-12.0,3.327715236777167,12.0,-0.000560856610210575,-0.0003326957653475474,-0.0003326957645899634,-0.0006653157708497567,0.001558801341478233,0.0003326957653475467
2,0.0021161000000000656,-6.662533953455989,0.0007567590787638245,-12.0,3.332402122913731,12.0,-0.0005598957751757616,-0.0003331645363834975,-0.0003331645356267377,-0.0006662533953455989,0.001559246807667225,0.0003331645363834968
2,0.0021163000000000657,-6.671899677331711,0.0007559336715274867,-12.0,3.337083746732483,12.0,-0.0005589355931610307,-0.0003336327813060963,-0.0003336327805501619,-0.000667189967733171,0.001559691348759606,0.0003336327813060956
2,0.002116500000000066,-6.681254865335061,0.0007551070812690241,-12.0,3.341760100840505,12.0,-0.0005579760668052436,-0.0003341004993759243,-0.0003341004986208166,-0.0006681254865335062,0.001560134965175541,0.0003341004993759236
2,0.002116700000000066,-6.690599502692979,0.0007542793092674138,-12.0,3.346431177853184,12.0,-0.0005570171987479278,-0.0003345676898543923,-0.0003345676891001123,-0.0006690599502692979,0.001560577657339524,0.0003345676898543916
2,0.002116900000000066,-6.699933574649072,0.0007534503568109585,-12.0,3.351096970394256,12.0,-0.0005560589916292769,-0.0003350343520037452,-0.0003350343512502942,-0.0006699933574649072,0.00156101942567799,0.0003350343520037445
2,0.002117100000000066,-6.709257066463656,0.0007526202251844083,-12.0,3.355757471095807,12.0,-0.0005551014480901506,-0.000335500485087063,-0.000335500484334442,-0.0006709257066463656,0.001561460270621096,0.0003355004850870623
2,0.0021173000000000663,-6.718569963413725,0.0007517889156694046,-12.0,3.360412672598255,12.0,-0.0005541445707718806,-0.0003359660883682594,-0.0003359660876164697,-0.0006718569963413726,0.001561900192602272,0.0003359660883682586
2,0.0021175000000000664,-6.727872250793003,0.0007509564295582472,-12.0,3.365062567550403,12.0,-0.0005531883623165479,-0.0003364311611120852,-0.0003364311603611281,-0.0006727872250793004,0.001562339192057505,0.0003364311611120845
2,0.0021177000000000665,-6.737163913912004,0.0007501227681432354,-12.0,3.369707148609444,12.0,-0.0005522328253668995,-0.0003368957025841308,-0.0003368957018340073,-0.0006737163913912004,0.001562777269426552,0.0003368957025841301
2,0.0021179000000000666,-6.746444938098019,0.0007492879327131163,-12.0,3.374346408440958,12.0,-0.0005512779625660713,-0.0003373597120508253,-0.0003373597113015366,-0.0006746444938098019,0.001563214425151616,0.0003373597120508245
2,0.0021181000000000667,-6.75571530869508,0.00074845192455264,-12.0,3.378980339718888,12.0,-0.000550323776557865,-0.0003378231887794343,-0.0003378231880309816,-0.000675571530869508,0.001563650659678673,0.0003378231887794336
2,0.002118300000000067,-6.764975011064084,0.0007476147449723136,-12.0,3.383608935125648,12.0,-0.0005493702699868597,-0.0003382861320380684,-0.0003382861312904528,-0.0006764975011064085,0.001564085973456364,0.0003382861320380676
2,0.002118500000000067,-6.774224030582817,0.0007467763952559991,-12.0,3.388232187352057,12.0,-0.0005484174454979118,-0.0003387485410956808,-0.0003387485403489037,-0.0006774224030582817,0.001564520366936495,0.0003387485410956801
2,0.002118700000000067,-6.783462352645862,0.0007459368767026575,-12.0,3.392850089097354,12.0,-0.0005474653057366274,-0.0003392104152220658,-0.0003392104144761282,-0.0006783462352645863,0.001564953840574201,0.0003392104152220652
2,0.002118900000000067,-6.792689962664726,0.0007450961906152465,-12.0,3.397462633069248,12.0,-0.0005465138533491121,-0.0003396717536878641,-0.000339671752942767,-0.0006792689962664727,0.001565386394827284,0.0003396717536878633
2,0.0021191000000000673,-6.801906846067855,0.0007442543382927269,-12.0,3.40206981198391,12.0,-0.0005455630909820264,-0.0003401325557645625,-0.0003401325550203074,-0.0006801906846067855,0.001565818030157096,0.0003401325557645617
2,0.0021193000000000674,-6.8111129883006,0.0007434113210327276,-12.0,3.406671618565962,12.0,-0.0005446130212826139,-0.0003405928207244937,-0.0003405928199810816,-0.0006811112988300601,0.001566248747027765,0.0003405928207244929
2,0.0021195000000000675,-6.820308374825284,0.0007425671401448675,-12.0,3.41126804554853,12.0,-0.0005436636468985068,-0.0003410525478408394,-0.0003410525470982715,-0.0006820308374825284,0.001566678545906475,0.0003410525478408386
2,0.0021197000000000676,-6.829492991121234,0.0007417217969294398,-12.0,3.415859085673229,12.0,-0.0005427149704780587,-0.0003415117363876308,-0.0003415117356459082,-0.0006829492991121235,0.001567107427263681,0.00034151173638763
2,0.0021199000000000677,-6.838666822684774,0.0007408752926965079,-12.0,3.420444731690186,12.0,-0.0005417669946700676,-0.0003419703856397497,-0.0003419703848988735,-0.0006838666822684775,0.00156753539157295,0.0003419703856397489
2,0.002120100000000068,-6.847829855029254,0.0007400276287472529,-12.0,3.425024976358025,12.0,-0.0005408197221237199,-0.0003424284948729285,-0.0003424284941329001,-0.0006847829855029255,0.001567962439310733,0.0003424284948729278
2,0.002120300000000068,-6.856982073685064,0.0007391788063988436,-12.0,3.429599812443918,12.0,-0.0005398731554888403,-0.0003428860633637528,-0.0003428860626245731,-0.0006856982073685064,0.001568388570956425,0.0003428860633637519
2,0.002120500000000068,-6.866123464199732,0.0007383288269626753,-12.0,3.434169232723598,12.0,-0.0005389272974157255,-0.0003433430903896644,-0.0003433430896513348,-0.0006866123464199732,0.001568813786992695,0.0003433430903896636
2,0.002120700000000068,-6.875254012137821,0.0007374776917385972,-12.0,3.438733229981295,12.0,-0.0005379821505551163,-0.0003437995752289565,-0.000343799574491478,-0.0006875254012137822,0.001569238087905322,0.0003437995752289557
2,0.0021209000000000683,-6.884373703081016,0.0007366254020535479,-12.0,3.443291797009842,12.0,-0.0005370377175582253,-0.0003442555171607797,-0.0003442555164241535,-0.0006884373703081016,0.001569661474182749,0.0003442555171607788
2,0.0021211000000000684,-6.893482522628226,0.000735771959220255,-12.0,3.447844926610663,12.0,-0.0005360940010767923,-0.0003447109154651451,-0.0003447109147293724,-0.0006893482522628226,0.001570083946317025,0.0003447109154651443
2,0.0021213000000000685,-6.902580456395436,0.0007349173645434526,-12.0,3.452392611593707,12.0,-0.0005351510037628904,-0.0003451657694229171,-0.0003451657686879989,-0.0006902580456395436,0.001570505504802699,0.0003451657694229164
2,0.0021215000000000686,-6.911667490015857,0.0007340616193607374,-12.0,3.456934844777585,12.0,-0.0005342087282692309,-0.0003456200783158233,-0.0003456200775817609,-0.0006911667490015857,0.001570926150137597,0.0003456200783158225
2,0.0021217000000000688,-6.920743609139964,0.0007332047249781759,-12.0,3.461471618989497,12.0,-0.0005332671772488029,-0.0003460738414264526,-0.0003460738406932471,-0.0006920743609139965,0.001571345882822595,0.0003460738414264519
2,0.002121900000000069,-6.929808799435371,0.0007323466827142688,-12.0,3.466002927065224,12.0,-0.0005323263533550393,-0.0003465270580382518,-0.0003465270573059042,-0.0006929808799435371,0.001571764703361567,0.000346527058038251
2,0.002122100000000069,-6.938863046587016,0.0007314874939048366,-12.0,3.47052876184924,12.0,-0.0005313862592419283,-0.0003469797274355344,-0.0003469797267040461,-0.0006938863046587017,0.001572182612261219,0.0003469797274355335
2,0.002122300000000069,-6.947906336297129,0.0007306271598599423,-12.0,3.475049116194626,12.0,-0.0005304468975637078,-0.0003474318489034774,-0.0003474318481728495,-0.000694790633629713,0.001572599610031533,0.0003474318489034766
2,0.002122500000000069,-6.956938654285209,0.0007297656819140741,-12.0,3.479563982963132,12.0,-0.0005295082709750876,-0.0003478834217281226,-0.0003478834209983562,-0.000695693865428521,0.001573015697185265,0.0003478834217281218
2,0.0021227000000000693,-6.96595998628809,0.0007289030613861769,-12.0,3.484073355025155,12.0,-0.000528570382131277,-0.0003483344451963778,-0.0003483344444674738,-0.000696595998628809,0.001573430874238335,0.0003483344451963769
2,0.0021229000000000694,-6.974970318059955,0.0007280392996116269,-12.0,3.488577225259788,12.0,-0.0005276332336877354,-0.0003487849185960185,-0.0003487849178679784,-0.0006974970318059956,0.001573845141709496,0.0003487849185960177
2,0.0021231000000000695,-6.983969635372389,0.0007271743979146983,-12.0,3.49307558655481,12.0,-0.0005266968283003104,-0.0003492348412156904,-0.0003492348404885152,-0.0006983969635372389,0.001574258500120773,0.0003492348412156895
2,0.0021233000000000697,-6.992957924014317,0.0007263083576258822,-12.0,3.497568431806682,12.0,-0.0005257611686253216,-0.0003496842123449064,-0.0003496842116185972,-0.0006992957924014317,0.001574670949996748,0.0003496842123449056
2,0.0021235000000000698,-7.001935169792123,0.0007254411800805549,-12.0,3.502055753920595,12.0,-0.0005248262573193663,-0.0003501330312740523,-0.0003501330305486102,-0.0007001935169792124,0.001575082491865387,0.0003501330312740514
2,0.00212370000000007,-7.01090135852963,0.0007245728666109841,-12.0,3.50653754581046,12.0,-0.0005238920970393746,-0.0003505812972943858,-0.000350581296569812,-0.000701090135852963,0.001575493126257155,0.0003505812972943849
2,0.00212390000000007,-7.019856476068093,0.0007237034185494373,-12.0,3.511013800398906,12.0,-0.000522958690442693,-0.0003510290096980365,-0.0003510290089743322,-0.0007019856476068093,0.001575902853706179,0.0003510290096980356
2,0.00212410000000007,-7.028800508266265,0.0007228328372348436,-12.0,3.515484510617313,12.0,-0.0005220260401870014,-0.0003514761677780087,-0.000351476167055175,-0.0007028800508266266,0.00157631167474892,0.0003514761677780078
2,0.0021243000000000702,-7.037733441000422,0.0007219611240070201,-12.0,3.519949669405833,12.0,-0.000521094148930229,-0.0003519227708281835,-0.0003519227701062215,-0.0007037733441000423,0.001576719589924946,0.0003519227708281826
2,0.0021245000000000703,-7.046655260164379,0.0007210882802026752,-12.0,3.524409269713378,12.0,-0.0005201630193307494,-0.0003523688181433184,-0.0003523688174222291,-0.0007046655260164379,0.001577126599776935,0.0003523688181433175
2,0.0021247000000000705,-7.055565951669446,0.0007202143071549649,-12.0,3.528863304497598,12.0,-0.0005192326540471304,-0.0003528143090190452,-0.0003528143082988301,-0.0007055565951669447,0.001577532704850282,0.0003528143090190443
2,0.0021249000000000706,-7.064465501444537,0.0007193392062192494,-12.0,3.533311766724989,12.0,-0.0005183030557383006,-0.0003532592427518778,-0.0003532592420325379,-0.0007064465501444538,0.001577937905693494,0.000353259242751877
2,0.0021251000000000707,-7.073353895436196,0.0007184629787300167,-12.0,3.537754649370823,12.0,-0.0005173742270633552,-0.0003537036186392102,-0.0003537036179207463,-0.0007073353895436197,0.001578342202858074,0.0003537036186392093
2,0.002125300000000071,-7.082231119608537,0.0007175856260288604,-12.0,3.542191945419168,12.0,-0.000516446170681889,-0.0003541474359793147,-0.0003541474352617283,-0.0007082231119608537,0.001578745596898301,0.0003541474359793139
2,0.002125500000000071,-7.091097159943317,0.0007167071494698085,-12.0,3.546623647862935,12.0,-0.0005155188892536355,-0.0003545906940713474,-0.0003545906933546394,-0.0007091097159943317,0.001579148088371285,0.0003545906940713466
2,0.002125700000000071,-7.099952002439996,0.0007158275503957867,-12.0,3.551049749703867,12.0,-0.0005145923854385781,-0.0003550333922153481,-0.0003550333914995196,-0.0007099952002439996,0.001579549677837244,0.0003550333922153472
2,0.002125900000000071,-7.108795633115678,0.000714946830150609,-12.0,3.555470243952533,12.0,-0.0005136666618970331,-0.0003554755297122391,-0.0003554755289972915,-0.0007108795633115678,0.001579950365859284,0.0003554755297122383
2,0.0021261000000000712,-7.117628038005174,0.0007140649900923002,-12.0,3.559885123628375,12.0,-0.0005127417212895113,-0.0003559171058638292,-0.0003559171051497633,-0.0007117628038005175,0.001580350153003007,0.0003559171058638283
2,0.0021263000000000714,-7.126449203161059,0.0007131820315682269,-12.0,3.564294381759701,12.0,-0.0005118175662766622,-0.0003563581199728143,-0.0003563581192596313,-0.0007126449203161059,0.001580749039837737,0.0003563581199728133
2,0.0021265000000000715,-7.135259114653623,0.0007122979559261999,-12.0,3.56869801138368,12.0,-0.000510894199519607,-0.0003567985713427763,-0.0003567985706304775,-0.0007135259114653623,0.001581147026934904,0.0003567985713427754
2,0.0021267000000000716,-7.144057758570932,0.0007114127645264645,-12.0,3.573096005546383,12.0,-0.0005099716236794949,-0.0003572384592781866,-0.0003572384585667729,-0.0007144057758570932,0.001581544114869216,0.0003572384592781857
2,0.0021269000000000717,-7.152845121018862,0.0007105264587186078,-12.0,3.577488357302774,12.0,-0.0005090498414177247,-0.0003576777830844064,-0.000357677782373879,-0.0007152845121018862,0.001581940304218155,0.0003576777830844055
2,0.002127100000000072,-7.161621188121122,0.0007096390398673158,-12.0,3.581875059716753,12.0,-0.0005081288553958341,-0.0003581165420676895,-0.0003581165413580495,-0.0007161621188121122,0.001582335595562256,0.0003581165420676885
2,0.002127300000000072,-7.170385946019221,0.0007087505093141822,-12.0,3.586256105861087,12.0,-0.000507208668275777,-0.0003585547355351781,-0.0003585547348264267,-0.0007170385946019221,0.001582729989484166,0.0003585547355351773
2,0.002127500000000072,-7.179139380872511,0.0007078608684323306,-12.0,3.590631488817512,12.0,-0.000506289282719341,-0.000358992362794909,-0.0003589923620870471,-0.0007179139380872511,0.001583123486570692,0.000358992362794908
2,0.002127700000000072,-7.187881478858314,0.0007069701185797861,-12.0,3.595001201676728,12.0,-0.0005053707013888131,-0.0003594294231558157,-0.0003594294224488447,-0.0007187881478858314,0.001583516087410419,0.0003594294231558148
2,0.0021279000000000723,-7.19661222617176,0.0007060782611061356,-12.0,3.599365237538322,12.0,-0.0005044529269464249,-0.0003598659159277224,-0.0003598659152216433,-0.000719661222617176,0.001583907792595318,0.0003598659159277216
2,0.0021281000000000724,-7.205331609025945,0.0007051852973911643,-12.0,3.603723589510912,12.0,-0.0005035359620546576,-0.0003603018404213531,-0.0003603018397161669,-0.0007205331609025946,0.001584298602719636,0.0003603018404213521
2,0.0021283000000000725,-7.214039613651958,0.0007042912287871239,-12.0,3.608076250712072,12.0,-0.0005026198093761036,-0.0003607371959483295,-0.0003607371952440373,-0.0007214039613651959,0.001584688518381117,0.0003607371959483284
2,0.0021285000000000726,-7.222736226298763,0.0007033960566542596,-12.0,3.612423214268324,12.0,-0.0005017044715734664,-0.0003611719818211679,-0.0003611719811177709,-0.0007222736226298763,0.001585077540180058,0.000361171981821167
2,0.0021287000000000727,-7.231421433233368,0.0007024997823745771,-12.0,3.616764473315244,12.0,-0.0005007899513096437,-0.0003616061973532879,-0.0003616061966507871,-0.0007231421433233369,0.001585465668719477,0.000361606197353287
2,0.002128900000000073,-7.240095220740819,0.0007016024073012161,-12.0,3.621100020997386,12.0,-0.0004998762512475607,-0.0003620398418590094,-0.000362039841157406,-0.000724009522074082,0.001585852904605223,0.0003620398418590085
2,0.002129100000000073,-7.248757575124153,0.0007007039328112974,-12.0,3.625429850468333,12.0,-0.0004989633740502819,-0.0003624729146535531,-0.0003624729139528483,-0.0007248757575124154,0.001586239248446364,0.0003624729146535522
2,0.002129300000000073,-7.257408482704473,0.0006998043602686188,-12.0,3.629753954890683,12.0,-0.0004980513223810101,-0.0003629054150530425,-0.0003629054143532371,-0.0007257408482704473,0.001586624700854133,0.0003629054150530414
2,0.002129500000000073,-7.266047929820959,0.0006989036910485247,-12.0,3.634072327436089,12.0,-0.0004971400989030594,-0.000363337342374505,-0.0003633373416756004,-0.000726604792982096,0.001587009262442818,0.0003633373423745041
2,0.0021297000000000733,-7.274675902830915,0.0006980019265219184,-12.0,3.638384961285259,12.0,-0.0004962297062795495,-0.0003637686959358747,-0.0003637686952378719,-0.0007274675902830916,0.001587392933829701,0.0003637686959358738
2,0.0021299000000000734,-7.283292388109726,0.0006970990680592593,-12.0,3.642691849627943,12.0,-0.0004953201471740165,-0.0003641994750559894,-0.0003641994743588893,-0.0007283292388109726,0.001587775715634732,0.0003641994750559884
2,0.0021301000000000735,-7.291897372050942,0.0006961951170398883,-12.0,3.646992985662982,12.0,-0.0004944114242498021,-0.0003646296790545953,-0.0003646296783583991,-0.0007291897372050942,0.001588157608480412,0.0003646296790545942
2,0.0021303000000000736,-7.300490841066288,0.0006952900748382618,-12.0,3.651288362598301,12.0,-0.0004935035401705257,-0.0003650593072523473,-0.0003650593065570563,-0.0007300490841066288,0.001588538612992296,0.0003650593072523463
2,0.0021305000000000737,-7.309072781585644,0.0006943839428270593,-12.0,3.655577973650902,12.0,-0.0004925964975996122,-0.0003654883589708085,-0.0003654883582764236,-0.0007309072781585644,0.001588918729798439,0.0003654883589708075
2,0.002130700000000074,-7.317643180057108,0.0006934767223882865,-12.0,3.659861812046903,12.0,-0.0004916902992005423,-0.0003659168335324525,-0.0003659168328389749,-0.0007317643180057108,0.001589297959530001,0.0003659168335324515
2,0.002130900000000074,-7.326202022947042,0.0006925684149057254,-12.0,3.664139871021564,12.0,-0.0004907849476369908,-0.0003663447302606668,-0.0003663447295680974,-0.0007326202022947042,0.001589676302820475,0.0003663447302606658
2,0.002131100000000074,-7.334749296740008,0.0006916590217467267,-12.0,3.668412143819215,12.0,-0.0004898804455724382,-0.0003667720484797478,-0.0003667720477880877,-0.0007334749296740009,0.001590053760306576,0.0003667720484797468
2,0.002131300000000074,-7.343284987938835,0.0006907485443043981,-12.0,3.672678623693359,12.0,-0.0004889767956705315,-0.0003671987875149065,-0.000367198786824157,-0.0007343284987938836,0.001590430332627291,0.0003671987875149055
2,0.0021315000000000743,-7.351809083064693,0.0006898369839589691,-12.0,3.676939303906655,12.0,-0.0004880740005946405,-0.0003676249466922706,-0.0003676249460024326,-0.0007351809083064693,0.001590806020424551,0.0003676249466922696
2,0.0021317000000000744,-7.360321568657048,0.0006889243420937774,-12.0,3.681194177730908,12.0,-0.0004871720630083842,-0.0003680505253388825,-0.0003680505246499571,-0.0007360321568657047,0.00159118082434323,0.0003680505253388814
2,0.0021319000000000745,-7.368822431273676,0.0006880106200886082,-12.0,3.685443238447077,12.0,-0.0004862709855753544,-0.0003684755227826999,-0.0003684755220946882,-0.0007368822431273676,0.001591554745030088,0.0003684755227826989
2,0.0021321000000000746,-7.377311657490718,0.0006870958193383458,-12.0,3.689686479345324,12.0,-0.0004853707709587263,-0.0003688999383525997,-0.0003688999376655029,-0.0007377311657490718,0.001591927783135882,0.0003688999383525986
2,0.0021323000000000748,-7.385789233902721,0.0006861799412254399,-12.0,3.693923893724998,12.0,-0.0004844714218220358,-0.0003693237713783783,-0.0003693237706921974,-0.0007385789233902722,0.00159229993931298,0.0003693237713783773
2,0.002132500000000075,-7.394255147122593,0.0006852629871354488,-12.0,3.69815547489463,12.0,-0.0004835729408285694,-0.0003697470211907505,-0.0003697470205054865,-0.0007394255147122594,0.001592671214216856,0.0003697470211907495
2,0.002132700000000075,-7.402709383781673,0.0006843449584641448,-12.0,3.702381216171982,12.0,-0.0004826753306415577,-0.0003701696871213528,-0.0003701696864370068,-0.0007402709383781673,0.001593041608505763,0.0003701696871213518
2,0.002132900000000075,-7.411151930529766,0.0006834258565975304,-12.0,3.706601110884038,12.0,-0.0004817785939240649,-0.0003705917685027451,-0.0003705917678193182,-0.0007411151930529767,0.001593411122840227,0.0003705917685027441
2,0.002133100000000075,-7.419582774035097,0.0006825056829282694,-12.0,3.710815152366997,12.0,-0.0004808827333392107,-0.000371013264668408,-0.0003710132639859013,-0.0007419582774035098,0.001593779757884051,0.0003710132646684069
2,0.0021333000000000753,-7.428001900984397,0.0006815844388499137,-12.0,3.715023333966317,12.0,-0.0004799877515499207,-0.0003714341749527479,-0.0003714341742711624,-0.0007428001900984398,0.001594147514303201,0.0003714341749527468
2,0.0021335000000000754,-7.436409298082897,0.0006806621257537948,-12.0,3.719225649036701,12.0,-0.0004790936512189259,-0.0003718544986910957,-0.0003718544980104326,-0.0007436409298082898,0.001594514392766755,0.0003718544986910947
2,0.0021337000000000756,-7.444804952054379,0.0006797387450419023,-12.0,3.723422090942141,12.0,-0.0004782004350090685,-0.0003722742352197109,-0.0003722742345399711,-0.0007444804952054379,0.001594880393945841,0.0003722742352197099
2,0.0021339000000000757,-7.453188849641131,0.0006788142980971301,-12.0,3.727612653055854,12.0,-0.0004773081055828021,-0.0003726933838757767,-0.0003726933831969614,-0.0007453188849641131,0.001595245518514532,0.0003726933838757757
2,0.0021341000000000758,-7.461560977603992,0.0006778887863272409,-12.0,3.731797328760376,12.0,-0.000476416665602386,-0.0003731119439974058,-0.000373111943319516,-0.0007461560977603993,0.001595609767149841,0.0003731119439974048
2,0.002134300000000076,-7.469921322722472,0.000676962211132448,-12.0,3.735976111447556,12.0,-0.0004755261177302739,-0.0003735299149236435,-0.0003735299142466803,-0.0007469921322722472,0.001595973140530782,0.0003735299149236424
2,0.002134500000000076,-7.478269871794605,0.0006760345738965334,-12.0,3.740148994518493,12.0,-0.0004746364646284473,-0.0003739472959944607,-0.0003739472953184251,-0.0007478269871794605,0.001596335639339586,0.0003739472959944596
2,0.002134700000000076,-7.486606611637082,0.000675105876037474,-12.0,3.744315971383656,12.0,-0.0004737477089587494,-0.0003743640865507629,-0.0003743640858756559,-0.0007486606611637082,0.001596697264260816,0.0003743640865507619
2,0.0021349000000000762,-7.49493152908529,0.0006741761189466011,-12.0,3.748477035462827,12.0,-0.000472859853382912,-0.0003747802859343891,-0.0003747802852602119,-0.0007494931529085291,0.001597058015981534,0.0003747802859343881
2,0.0021351000000000763,-7.503244610993204,0.0006732453040210196,-12.0,3.752632180185087,12.0,-0.0004719729005624174,-0.0003751958934881077,-0.0003751958928148613,-0.0007503244610993204,0.001597417895191577,0.0003751958934881066
2,0.0021353000000000765,-7.511545844233535,0.0006723134326791502,-12.0,3.75678139898892,12.0,-0.00047108685315847,-0.0003756109085556252,-0.0003756109078833107,-0.0007511545844233535,0.001597776902583392,0.0003756109085556241
2,0.0021355000000000766,-7.519835215697736,0.0006713805063127687,-12.0,3.760924685322142,12.0,-0.0004702017138320524,-0.000376025330481584,-0.0003760253298102025,-0.0007519835215697736,0.001598135038851922,0.000376025330481583
2,0.0021357000000000767,-7.528112712295941,0.0006704465263291937,-12.0,3.765062032641929,12.0,-0.0004693174852442306,-0.0003764391586115611,-0.0003764391579411135,-0.0007528112712295941,0.001598492304694499,0.00037643915861156
2,0.002135900000000077,-7.536378320957053,0.0006695114941375202,-12.0,3.769193434414848,12.0,-0.0004684341700553762,-0.0003768523922920721,-0.0003768523916225595,-0.0007536378320957053,0.001598848700811339,0.0003768523922920711
2,0.002136100000000077,-7.54463202862877,0.0006685754111428466,-12.0,3.773318884116854,12.0,-0.0004675517709256671,-0.0003772650308705722,-0.0003772650302019957,-0.0007544632028628771,0.001599204227905271,0.0003772650308705711
2,0.002136300000000077,-7.552873822277571,0.0006676382787560442,-12.0,3.777438375233302,12.0,-0.0004666702905154196,-0.0003776770736954559,-0.0003776770730278164,-0.0007552873822277571,0.00159955888668134,0.0003776770736954546
2,0.002136500000000077,-7.561103688888748,0.0006667000983795468,-12.0,3.781551901258944,12.0,-0.0004657897314841175,-0.0003780885201160576,-0.0003780885194493564,-0.0007561103688888748,0.001599912677847259,0.0003780885201160565
2,0.0021367000000000773,-7.569321615466427,0.0006657608714295549,-12.0,3.785659455697965,12.0,-0.000464910096491411,-0.0003784993694826547,-0.0003784993688168928,-0.0007569321615466427,0.001600265602113293,0.0003784993694826536
2,0.0021369000000000774,-7.577527589033609,0.0006648205993156076,-12.0,3.789761032063984,12.0,-0.0004640313881962843,-0.0003789096211464679,-0.0003789096204816462,-0.0007577527589033609,0.001600617660192316,0.0003789096211464669
2,0.0021371000000000775,-7.58572159663215,0.000663879283447244,-12.0,3.793856623880038,12.0,-0.0004631536092578048,-0.0003793192744596603,-0.0003793192737957799,-0.000758572159663215,0.001600968852799589,0.0003793192744596591
2,0.0021373000000000776,-7.593903625322804,0.0006629369252393325,-12.0,3.79794622467863,12.0,-0.000462276762334235,-0.0003797283287753401,-0.0003797283281124022,-0.0007593903625322804,0.001601319180653094,0.0003797283287753391
2,0.0021375000000000777,-7.602073662185286,0.0006619935261098497,-12.0,3.802029828001743,12.0,-0.0004614008500839206,-0.0003801367834475644,-0.0003801367827855698,-0.0007602073662185286,0.001601668644472976,0.0003801367834475634
2,0.002137700000000078,-7.610231694318204,0.0006610490874607855,-12.0,3.806107427400784,12.0,-0.0004605258751646524,-0.0003805446378313335,-0.0003805446371702833,-0.0007610231694318205,0.001602017244982101,0.0003805446378313324
2,0.002137900000000078,-7.61837770883911,0.0006601036107203306,-12.0,3.810179016436672,12.0,-0.0004596518402339156,-0.0003809518912825964,-0.0003809518906224915,-0.000761837770883911,0.001602364982905946,0.0003809518912825952
2,0.002138100000000078,-7.626511692884598,0.000659157097301577,-12.0,3.814244588679823,12.0,-0.0004587787479487793,-0.0003813585431582533,-0.000381358542499095,-0.0007626511692884598,0.001602711858972039,0.0003813585431582521
2,0.002138300000000078,-7.634633633610233,0.000658209548620281,-12.0,3.818304137710143,12.0,-0.0004579066009660071,-0.0003817645928161534,-0.0003817645921579427,-0.0007634633633610233,0.00160305787391074,0.0003817645928161523
2,0.0021385000000000783,-7.642743518190581,0.0006572609660926432,-12.0,3.82235765711704,12.0,-0.000457035401941891,-0.0003821700396150959,-0.0003821700389578337,-0.0007642743518190582,0.001603403028454797,0.0003821700396150947
2,0.0021387000000000784,-7.650841333819259,0.0006563113511428575,-12.0,3.826405140499458,12.0,-0.0004561651535323619,-0.0003825748829148326,-0.0003825748822585201,-0.0007650841333819259,0.001603747323339677,0.0003825748829148315
2,0.0021389000000000785,-7.658927067708968,0.0006553607051884569,-12.0,3.830446581465874,12.0,-0.0004552958583929623,-0.0003829791220760696,-0.0003829791214207079,-0.0007658927067708969,0.001604090759302346,0.0003829791220760686
2,0.0021391000000000786,-7.667000707091456,0.0006544090296483063,-12.0,3.834481973634291,12.0,-0.0004544275191787905,-0.0003833827564604654,-0.0003833827558060553,-0.0007667000707091457,0.001604433337083377,0.0003833827564604642
2,0.0021393000000000787,-7.675062239217582,0.0006534563259492643,-12.0,3.838511310632278,12.0,-0.0004535601385444732,-0.000383785785430634,-0.0003837857847771766,-0.0007675062239217582,0.001604775057425012,0.0003837857854306329
2,0.002139500000000079,-7.683111651357353,0.000652502595510196,-12.0,3.842534586096969,12.0,-0.0004526937191442759,-0.000384188208350147,-0.0003841882076976431,-0.0007683111651357353,0.001605115921072098,0.0003841882083501459
2,0.002139700000000079,-7.691148930799884,0.000651547839753519,-12.0,3.84655179367505,12.0,-0.0004518282636317983,-0.0003845900245835309,-0.0003845900239319819,-0.0007691148930799884,0.001605455928772204,0.0003845900245835297
2,0.002139900000000079,-7.699174064853455,0.0006505920601069803,-12.0,3.850562927022809,12.0,-0.0004509637746603345,-0.0003849912334962713,-0.0003849912328456781,-0.0007699174064853456,0.001605795081274897,0.0003849912334962702
2,0.002140100000000079,-7.707187040845556,0.0006496352579956621,-12.0,3.854567979806124,12.0,-0.0004501002548827349,-0.000385391834454814,-0.0003853918338051776,-0.0007707187040845556,0.001606133379332186,0.0003853918344548128
2,0.0021403000000000793,-7.715187846122845,0.0006486774348415381,-12.0,3.858566945700459,12.0,-0.0004492377069512665,-0.0003857918268265629,-0.0003857918261778843,-0.0007715187846122845,0.001606470823698747,0.0003857918268265618
2,0.0021405000000000794,-7.723176468051213,0.0006477185920750195,-12.0,3.862559818390906,12.0,-0.0004483761335176972,-0.0003861912099798843,-0.0003861912093321644,-0.0007723176468051214,0.001606807415131251,0.0003861912099798831
2,0.0021407000000000795,-7.731152894015799,0.0006467587311211886,-12.0,3.866546591572169,12.0,-0.0004475155372332951,-0.0003865899832841058,-0.000386589982637346,-0.00077311528940158,0.001607143154388924,0.0003865899832841048
2,0.0021409000000000796,-7.739117111421017,0.0006457978534153419,-12.0,3.870527258948611,12.0,-0.0004466559207486342,-0.0003869881461095208,-0.0003869881454637216,-0.0007739117111421017,0.00160747804223349,0.0003869881461095196
2,0.0021411000000000797,-7.747069107690525,0.0006448359603723475,-12.0,3.874501814234181,12.0,-0.000445797286714178,-0.0003873856978273821,-0.0003873856971825449,-0.0007747069107690525,0.001607812079428728,0.0003873856978273809
2,0.00214130000000008,-7.755008870267296,0.0006438730534386039,-12.0,3.878470251152537,12.0,-0.0004449396377792791,-0.000387782637809911,-0.0003877826371660367,-0.0007755008870267296,0.001608145266741134,0.0003877826378099098
2,0.00214150000000008,-7.76293638661367,0.0006429091340356408,-12.0,3.88243256343698,12.0,-0.0004440829765931797,-0.0003881789654302956,-0.0003881789647873853,-0.000776293638661367,0.001608477604938929,0.0003881789654302944
2,0.00214170000000008,-7.770851644211245,0.0006419442035912049,-12.0,3.886388744830451,12.0,-0.0004432273058042335,-0.0003885746800626871,-0.0003885746794207418,-0.0007770851644211246,0.001608809094793384,0.000388574680062686
2,0.00214190000000008,-7.778754630561031,0.0006409782635485861,-12.0,3.890338789085622,12.0,-0.0004423726280604334,-0.0003889697810822084,-0.000388969780441229,-0.0007778754630561031,0.001609139737077658,0.0003889697810822073
2,0.0021421000000000803,-7.786645333183433,0.0006400113153350873,-12.0,3.894282689964832,12.0,-0.0004415189460089952,-0.000389364267864951,-0.0003893642672249384,-0.0007786645333183434,0.001609469532567187,0.0003893642678649497
2,0.0021423000000000804,-7.794523739618219,0.0006390433603811196,-12.0,3.898220441240115,12.0,-0.0004406662622965796,-0.0003897581397879746,-0.00038975813914893,-0.0007794523739618219,0.001609798482039626,0.0003897581397879734
2,0.0021425000000000805,-7.80238983742459,0.0006380744001259764,-12.0,3.902152036693228,12.0,-0.0004398145795692088,-0.0003901513962293113,-0.0003901513955912358,-0.0007802389837424591,0.001610126586275629,0.0003901513962293102
2,0.0021427000000000807,-7.810243614181187,0.0006371044360045097,-12.0,3.906077470115645,12.0,-0.0004389639004723778,-0.0003905440365679653,-0.0003905440359308596,-0.0007810243614181187,0.001610453846057236,0.0003905440365679641
2,0.0021429000000000808,-7.818085057486131,0.000636133469452016,-12.0,3.909996735308577,12.0,-0.0004381142276508043,-0.0003909360601839137,-0.0003909360595477792,-0.0007818085057486132,0.001610780262168876,0.0003909360601839125
2,0.002143100000000081,-7.825914154956984,0.0006351615019015711,-12.0,3.913909826082959,12.0,-0.0004372655637485401,-0.000391327466458107,-0.0003913274658229443,-0.0007825914154956984,0.001611105835397808,0.0003913274664581057
2,0.002143300000000081,-7.833730894230821,0.0006341885347955767,-12.0,3.91781673625949,12.0,-0.0004364179114089428,-0.0003917182547724706,-0.0003917182541382808,-0.0007833730894230822,0.00161143056653329,0.0003917182547724694
2,0.002143500000000081,-7.841535262964259,0.0006332145695715496,-12.0,3.921717459668632,12.0,-0.0004355712732747596,-0.0003921084245099073,-0.0003921084238766915,-0.0007841535262964259,0.001611754456366576,0.0003921084245099061
2,0.0021437000000000812,-7.849327248833418,0.000632239607663454,-12.0,3.925611990150601,12.0,-0.0004347256519880716,-0.0003924979750542949,-0.0003924979744220541,-0.0007849327248833418,0.001612077505691201,0.0003924979750542937
2,0.0021439000000000813,-7.857106839533976,0.0006312636505159119,-12.0,3.929500321555399,12.0,-0.0004338810501901547,-0.0003928869057904895,-0.0003928869051592247,-0.0007857106839533977,0.00161239971530297,0.0003928869057904883
2,0.0021441000000000814,-7.864874022781244,0.000630286699569993,-12.0,3.933382447742843,12.0,-0.0004330374705215079,-0.0003932752161043286,-0.0003932752154740407,-0.0007864874022781244,0.001612721086000246,0.0003932752161043274
2,0.0021443000000000816,-7.872628786310055,0.0006293087562561084,-12.0,3.937258362582499,12.0,-0.000432194915622075,-0.0003936629053826255,-0.0003936629047533156,-0.0007872628786310056,0.001613041618583055,0.0003936629053826243
2,0.0021445000000000817,-7.880371117874868,0.0006283298220277622,-12.0,3.941128059953774,12.0,-0.0004313533881309395,-0.0003940499730131758,-0.0003940499723848448,-0.0007880371117874868,0.001613361313853867,0.0003940499730131746
2,0.002144700000000082,-7.888101005249841,0.000627349898326024,-12.0,3.944991533745909,12.0,-0.0004305128906863243,-0.0003944364183847595,-0.0003944364177574084,-0.0007888101005249842,0.001613680172617482,0.0003944364183847583
2,0.002144900000000082,-7.895818436228714,0.0006263689865808608,-12.0,3.948848777857918,12.0,-0.0004296734259258417,-0.0003948222408871351,-0.0003948222402607648,-0.0007895818436228715,0.001613998195680477,0.0003948222408871337
2,0.002145100000000082,-7.903523398624921,0.00062538708825155,-12.0,3.952699786198709,12.0,-0.0004288349964862992,-0.0003952074399110471,-0.0003952074392856586,-0.0007903523398624921,0.001614315383852094,0.0003952074399110458
2,0.002145300000000082,-7.911215880271619,0.0006244042047716114,-12.0,3.956544552687009,12.0,-0.0004279976050036438,-0.000395592014848225,-0.0003955920142238196,-0.000791121588027162,0.001614631737943018,0.0003955920148482238
2,0.0021455000000000822,-7.918895869021647,0.0006234203375901082,-12.0,3.960383071251411,12.0,-0.0004271612541128789,-0.0003959759650913833,-0.0003959759644679618,-0.0007918895869021647,0.001614947258767097,0.0003959759650913822
2,0.0021457000000000824,-7.926563352747566,0.0006224354881485539,-12.0,3.964215335830361,12.0,-0.0004263259464484526,-0.0003963592900342224,-0.0003963592894117858,-0.0007926563352747566,0.001615261947139346,0.0003963592900342212
2,0.0021459000000000825,-7.934218319341706,0.0006214496578973439,-12.0,3.968041340372194,12.0,-0.0004254916846438972,-0.0003967419890714311,-0.0003967419884499802,-0.0007934218319341706,0.001615575803877223,0.0003967419890714297
2,0.0021461000000000826,-7.941860756716173,0.0006204628482784358,-12.0,3.971861078835133,12.0,-0.0004246584713317181,-0.0003971240615986867,-0.0003971240609782226,-0.0007941860756716174,0.001615888829800571,0.0003971240615986855
2,0.0021463000000000827,-7.949490652802835,0.0006194750607400046,-12.0,3.975674545187278,12.0,-0.0004238263091436989,-0.000397505507012655,-0.0003975055063931787,-0.0007949490652802835,0.001616201025731012,0.0003975055070126538
2,0.002146500000000083,-7.957107995553383,0.0006184862967315574,-12.0,3.979481733406652,12.0,-0.0004229952007107352,-0.0003978863247109933,-0.0003978863240925057,-0.0007957107995553384,0.001616512392492608,0.0003978863247109921
2,0.002146700000000083,-7.964712772939349,0.0006174965576994929,-12.0,3.983282637481189,12.0,-0.0004221651486628342,-0.0003982665140923502,-0.0003982665134748525,-0.0007964712772939349,0.001616822930911255,0.000398266514092349
2,0.002146900000000083,-7.972304972952078,0.0006165058450902094,-12.0,3.987077251408733,12.0,-0.0004213361556290873,-0.0003986460745563655,-0.0003986460739398584,-0.0007972304972952078,0.00161713264181429,0.0003986460745563643
2,0.002147100000000083,-7.979884583602797,0.000615514160356323,-12.0,3.990865569197075,12.0,-0.0004205082242376701,-0.000399025005503673,-0.0003990250048881577,-0.0007979884583602797,0.001617441526032604,0.0003990250055036719
2,0.0021473000000000833,-7.987451592922627,0.0006145215049468966,-12.0,3.994647584863949,12.0,-0.0004196813571157865,-0.0003994033063359015,-0.0003994033057213787,-0.0007987451592922627,0.001617749584397865,0.0003994033063359002
2,0.0021475000000000834,-7.995005988962575,0.0006135278803074407,-12.0,3.998423292437027,12.0,-0.0004188555568897245,-0.0003997809764556732,-0.0003997809758421441,-0.0007995005988962575,0.001618056817744185,0.000399780976455672
2,0.0021477000000000835,-8.002547759793554,0.0006125332878932355,-12.0,4.002192685953951,12.0,-0.0004180308261849397,-0.000400158015266607,-0.0004001580146540723,-0.0008002547759793555,0.001618363226908004,0.0004001580152666058
2,0.0021479000000000836,-8.010076893506463,0.0006115377291564528,-12.0,4.005955759462344,12.0,-0.0004172071676256939,-0.00040053442217332,-0.000400534421561781,-0.0008010076893506464,0.001618668812727209,0.0004005344221733187
2,0.0021481000000000837,-8.017593378212144,0.0006105412055474879,-12.0,4.009712507019805,12.0,-0.0004163845838353608,-0.000400910196581427,-0.0004009101959708846,-0.0008017593378212144,0.001618973576042126,0.0004009101965814258
2,0.002148300000000084,-8.025097202041378,0.0006095437185100749,-12.0,4.013462922693891,12.0,-0.0004155630774363983,-0.0004012853378975393,-0.0004012853372879944,-0.0008025097202041378,0.001619277517695084,0.0004012853378975381
2,0.002148500000000084,-8.032588353144966,0.0006085452695114846,-12.0,4.017207000562204,12.0,-0.0004147426510502095,-0.0004016598455292705,-0.0004016598449207239,-0.0008032588353144967,0.001619580638530183,0.0004016598455292693
2,0.002148700000000084,-8.040066819693765,0.0006075458599950068,-12.0,4.020944734712334,12.0,-0.0004139233072970594,-0.0004020337188852351,-0.000402033718277688,-0.0008040066819693765,0.001619882939393746,0.0004020337188852339
2,0.002148900000000084,-8.047532589878601,0.0006065454914145896,-12.0,4.024676119241878,12.0,-0.0004131050487964361,-0.0004024069573750476,-0.0004024069567685009,-0.0008047532589878602,0.00162018442113343,0.0004024069573750463
2,0.0021491000000000843,-8.054985651910382,0.0006055441652295102,-12.0,4.028401148258476,12.0,-0.0004122878781663841,-0.000402779560409326,-0.0004027795598037806,-0.0008054985651910383,0.001620485084600221,0.0004027795604093247
2,0.0021493000000000844,-8.062425994020103,0.0006045418828888316,-12.0,4.032119815879804,12.0,-0.0004114717980243654,-0.0004031515273996927,-0.0004031515267951496,-0.0008062425994020103,0.001620784930645325,0.0004031515273996915
2,0.0021495000000000845,-8.06985360445882,0.0006035386458478342,-12.0,4.035832116233568,12.0,-0.0004106568109863429,-0.0004035228577587733,-0.0004035228571552334,-0.000806985360445882,0.001621083960122949,0.000403522857758772
2,0.0021497000000000846,-8.077268471497705,0.0006025344555644629,-12.0,4.039538043457544,12.0,-0.0004098429196674747,-0.0004038935509001992,-0.0004038935502976635,-0.0008077268471497705,0.001621382173889407,0.0004038935509001979
2,0.0021499000000000847,-8.08467058342807,0.0006015293134926658,-12.0,4.043237591699567,12.0,-0.0004090301266816421,-0.0004042636062386087,-0.0004042636056370781,-0.000808467058342807,0.001621679572802126,0.0004042636062386075
2,0.002150100000000085,-8.092059928561365,0.0006005232210908318,-12.0,4.046930755117551,12.0,-0.000408218434641755,-0.0004046330231896474,-0.0004046330225891229,-0.0008092059928561366,0.001621976157720639,0.0004046330231896461
2,0.002150300000000085,-8.099436495229197,0.0005995161798102444,-12.0,4.050617527879476,12.0,-0.0004074078461594188,-0.0004050018011699678,-0.0004050018005704504,-0.0008099436495229197,0.001622271929507257,0.0004050018011699666
2,0.002150500000000085,-8.10680027178335,0.0005985081911124013,-12.0,4.054297904163425,12.0,-0.0004065983638452397,-0.0004053699395972326,-0.0004053699389987231,-0.0008106800271783349,0.001622566889025179,0.0004053699395972313
2,0.002150700000000085,-8.11415124659585,0.0005974992564556914,-12.0,4.057971878157601,12.0,-0.0004057899903086304,-0.0004057374378901158,-0.0004057374372926152,-0.000811415124659585,0.001622861037139711,0.0004057374378901146
2,0.0021509000000000853,-8.121489408058894,0.0005964893772887336,-12.0,4.061639444060273,12.0,-0.0004049827281577822,-0.0004061042954682997,-0.0004061042948718092,-0.0008121489408058894,0.001623154374717939,0.0004061042954682985
2,0.0021511000000000854,-8.12881474458491,0.000595478555079243,-12.0,4.065300596079859,12.0,-0.0004041765799998043,-0.0004064705117524792,-0.0004064705111569994,-0.0008128814744584909,0.001623446902629389,0.0004064705117524779
2,0.0021513000000000855,-8.13612724460665,0.0005944667912860524,-12.0,4.068955328434921,12.0,-0.0004033715484404177,-0.0004068360861643647,-0.0004068360855698968,-0.000813612724460665,0.001623738621744808,0.0004068360861643635
2,0.0021515000000000856,-8.143426896577063,0.0005934540873551164,-12.0,4.072603635354105,12.0,-0.0004025676360843722,-0.0004072010181266763,-0.0004072010175332209,-0.0008143426896577064,0.001624029532936944,0.000407201018126675
2,0.0021517000000000857,-8.150713688969425,0.0005924404447616993,-12.0,4.076245511076259,12.0,-0.0004017648455350575,-0.0004075653070631509,-0.0004075653064707094,-0.0008150713688969425,0.001624319637080318,0.0004075653070631497
2,0.002151900000000086,-8.157987610277345,0.0005914258649539761,-12.0,4.079880949850363,12.0,-0.0004009631793946422,-0.000407928952398542,-0.000407928951807115,-0.0008157987610277346,0.001624608935051564,0.0004079289523985409
2,0.002152100000000086,-8.165248649014718,0.0005904103493943325,-12.0,4.083509945935553,12.0,-0.0004001626402638792,-0.0004082919535586171,-0.0004082919529682056,-0.0008165248649014718,0.001624897427728644,0.0004082919535586159
2,0.002152300000000086,-8.172496793715794,0.0005893938995460424,-12.0,4.087132493601155,12.0,-0.0003993632307426609,-0.0004086543099701622,-0.000408654309380767,-0.0008172496793715794,0.001625185115991412,0.000408654309970161
2,0.002152500000000086,-8.179732032935217,0.0005883765168648303,-12.0,4.09074858712667,12.0,-0.0003985649534292701,-0.0004090160210609818,-0.0004090160204726041,-0.0008179732032935217,0.001625472000721828,0.0004090160210609807
2,0.0021527000000000863,-8.186954355247993,0.0005873582028139701,-12.0,4.0943582208018,12.0,-0.0003977678109206295,-0.0004093770862598998,-0.0004093770856725404,-0.0008186954355247993,0.001625758082803519,0.0004093770862598985
2,0.0021529000000000864,-8.194163749249526,0.0005863389588500745,-12.0,4.097961388926428,12.0,-0.0003969718058127181,-0.000409737504996759,-0.0004097375044104188,-0.0008194163749249526,0.001626043363121332,0.0004097375049967578
2,0.0021531000000000865,-8.20136020355563,0.0005853187864426346,-12.0,4.101558085810666,12.0,-0.0003961769406997107,-0.0004100972767024237,-0.0004100972761171036,-0.0008201360203555631,0.001626327842562669,0.0004100972767024224
2,0.0021533000000000867,-8.2085437068026,0.0005842976870451544,-12.0,4.105148305774844,12.0,-0.000395383218174894,-0.0004104564008087812,-0.0004104564002244822,-0.00082085437068026,0.001626611522015931,0.0004104564008087799
2,0.0021535000000000868,-8.215714247647135,0.0005832756621200197,-12.0,4.108732043149504,12.0,-0.000394590640829931,-0.0004108148767487396,-0.0004108148761654627,-0.0008215714247647135,0.001626894402371959,0.0004108148767487384
2,0.002153700000000087,-8.222871814766435,0.0005822527131313926,-12.0,4.112309292275442,12.0,-0.0003937992112552496,-0.0004111727039562323,-0.0004111727033739784,-0.0008222871814766436,0.001627176484522153,0.0004111727039562311
2,0.002153900000000087,-8.230016396858188,0.0005812288415434352,-12.0,4.115880047503697,12.0,-0.0003930089320397373,-0.0004115298818662166,-0.0004115298812849866,-0.0008230016396858188,0.001627457769361462,0.0004115298818662154
2,0.002154100000000087,-8.23714798264058,0.0005802040488109839,-12.0,4.119444303195548,12.0,-0.0003922198057710324,-0.000411886409914675,-0.0004118864093344696,-0.0008237147982640581,0.001627738257784506,0.0004118864099146737
2,0.0021543000000000872,-8.244266560852326,0.0005791783364026415,-12.0,4.123002053722551,12.0,-0.0003914318350353718,-0.0004122422875386161,-0.0004122422869594365,-0.0008244266560852326,0.001628017950688232,0.0004122422875386149
2,0.0021545000000000873,-8.251372120252705,0.0005781517057807939,-12.0,4.126553293466541,12.0,-0.0003906450224174102,-0.0004125975141760773,-0.0004125975135979243,-0.0008251372120252706,0.001628296848972588,0.000412597514176076
2,0.0021547000000000874,-8.25846464962155,0.0005771241584073827,-12.0,4.130098016819627,12.0,-0.0003898593705005671,-0.0004129520892661232,-0.0004129520886889979,-0.000825846464962155,0.001628574953537076,0.0004129520892661219
2,0.0021549000000000876,-8.26554413775925,0.0005760956957416852,-12.0,4.133636218184194,12.0,-0.000389074881866569,-0.0004133060122488464,-0.0004133060116727496,-0.0008265544137759249,0.001628852265284308,0.0004133060122488453
2,0.0021551000000000877,-8.272610573486807,0.0005750663192545247,-12.0,4.137167891972949,12.0,-0.0003882915590959352,-0.0004136592825653707,-0.0004136592819903031,-0.0008272610573486807,0.001629128785117562,0.0004136592825653694
2,0.002155300000000088,-8.279663945645867,0.0005740360304020697,-12.0,4.140693032608897,12.0,-0.0003875094047675609,-0.0004140118996578507,-0.0004140118990838135,-0.0008279663945645867,0.001629404513942667,0.0004140118996578495
2,0.002155500000000088,-8.286704243098654,0.0005730048306515911,-12.0,4.144211634525353,12.0,-0.0003867284214588568,-0.0004143638629694714,-0.0004143638623964654,-0.0008286704243098654,0.001629679452666344,0.0004143638629694701
2,0.002155700000000088,-8.293731454728084,0.0005719727214650305,-12.0,4.147723692165967,12.0,-0.0003859486117456651,-0.0004147151719444514,-0.0004147151713724775,-0.0008293731454728084,0.001629953602197087,0.0004147151719444502
2,0.002155900000000088,-8.300745569437733,0.0005709397043092146,-12.0,4.151229199984728,12.0,-0.0003851699782023849,-0.0004150658260280432,-0.0004150658254571021,-0.0008300745569437734,0.001630226963445169,0.000415065826028042
2,0.0021561000000000882,-8.307746576151853,0.0005699057806425323,-12.0,4.154728152445949,12.0,-0.0003843925234018886,-0.0004154158246665318,-0.0004154158240966248,-0.0008307746576151853,0.001630499537322083,0.0004154158246665306
2,0.0021563000000000884,-8.3147344638154,0.0005688709519358071,-12.0,4.158220544024313,12.0,-0.0003836162499154805,-0.0004157651673072389,-0.0004157651667383668,-0.00083147344638154,0.001630771324740765,0.0004157651673072377
2,0.0021565000000000885,-8.321709221394066,0.0005678352196492042,-12.0,4.161706369204859,12.0,-0.0003828411603127857,-0.0004161138533985223,-0.0004161138528306858,-0.0008321709221394066,0.001631042326616372,0.000416113853398521
2,0.0021567000000000886,-8.328670837874261,0.0005667985852473301,-12.0,4.165185622482987,12.0,-0.0003820672571619305,-0.0004164618823897753,-0.0004164618818229754,-0.0008328670837874262,0.001631312543865393,0.0004164618823897741
2,0.0021569000000000887,-8.335619302263163,0.0005657610501939025,-12.0,4.168658298364483,12.0,-0.0003812945430294729,-0.0004168092537314301,-0.0004168092531656679,-0.0008335619302263164,0.001631581977404983,0.0004168092537314289
2,0.002157100000000089,-8.342554603588711,0.0005647226159561924,-12.0,4.172124391365515,12.0,-0.0003805230204803195,-0.0004171559668749572,-0.0004171559663102334,-0.0008342554603588711,0.001631850628154741,0.0004171559668749559
2,0.002157300000000089,-8.349476730899674,0.000563683283998806,-12.0,4.175583896012668,12.0,-0.0003797526920777117,-0.0004175020212728682,-0.0004175020207091837,-0.0008349476730899675,0.001632118497035595,0.000417502021272867
2,0.002157500000000089,-8.356385673265576,0.000562643055779688,-12.0,4.179036806842888,12.0,-0.0003789835603833641,-0.0004178474163787121,-0.0004178474158160678,-0.0008356385673265577,0.001632385584969254,0.0004178474163787108
2,0.002157700000000089,-8.36328141977677,0.0005616019327709942,-12.0,4.18248311840356,12.0,-0.0003782156279571042,-0.00041819215164708,-0.0004181921510854771,-0.0008363281419776771,0.001632651892880088,0.0004181921516470789
2,0.0021579000000000893,-8.370163959544504,0.0005605599164391073,-12.0,4.18592282525251,12.0,-0.0003774488973573298,-0.0004185362265336084,-0.0004185362259730471,-0.0008370163959544504,0.001632917421693025,0.0004185362265336071
2,0.0021581000000000894,-8.377033281700834,0.0005595170082361989,-12.0,4.189355921957941,12.0,-0.0003766833711405515,-0.0004188796404949716,-0.0004188796399354535,-0.0008377033281700834,0.001633182172334435,0.0004188796404949705
2,0.0021583000000000895,-8.3838893753987,0.000558473209641086,-12.0,4.192782403098544,12.0,-0.000375919051861795,-0.0004192223929888914,-0.0004192223924304171,-0.0008383889375398701,0.001633446145732464,0.0004192223929888903
2,0.0021585000000000896,-8.390732229811968,0.0005574285221126019,-12.0,4.196202263263439,12.0,-0.0003751559420741568,-0.0004195644834741339,-0.0004195644829167041,-0.0008390732229811968,0.001633709342816259,0.0004195644834741327
2,0.0021587000000000897,-8.397561834135374,0.0005563829471140203,-12.0,4.199615497052188,12.0,-0.0003743940443290128,-0.0004199059114105085,-0.0004199059108541244,-0.0008397561834135374,0.001633971764517517,0.0004199059114105074
2,0.00215890000000009,-8.404378177584597,0.0005553364861135002,-12.0,4.203022099074834,12.0,-0.000373633361176115,-0.0004202466762588732,-0.0004202466757035356,-0.0008404378177584598,0.001634233411767716,0.0004202466762588721
2,0.00215910000000009,-8.411181249396273,0.0005542891405747596,-12.0,4.20642206395189,12.0,-0.000372873895163453,-0.0004205867774811328,-0.0004205867769268425,-0.0008411181249396274,0.001634494285500443,0.0004205867774811315
2,0.00215930000000009,-8.417971038827996,0.0005532409119615167,-12.0,4.209815386314349,12.0,-0.000372115648837032,-0.00042092621454024,-0.0004209262139869979,-0.0008417971038827996,0.00163475438665095,0.0004209262145402388
2,0.00215950000000009,-8.424747535158323,0.0005521918017383776,-12.0,4.213202060803686,12.0,-0.0003713586247412609,-0.000421264986900196,-0.0004212649863480031,-0.0008424747535158324,0.001635013716155487,0.0004212649869001947
2,0.0021597000000000903,-8.431510727686808,0.0005511418113717248,-12.0,4.21658208207188,12.0,-0.0003706028254186616,-0.000421603094026052,-0.000421603093474909,-0.0008431510727686808,0.001635272274951527,0.0004216030940260508
2,0.0021599000000000904,-8.438260605734046,0.0005500909423270528,-12.0,4.219955444781423,12.0,-0.0003698482534098824,-0.0004219405353839108,-0.0004219405348338187,-0.0008438260605734046,0.00163553006397843,0.0004219405353839096
2,0.0021601000000000905,-8.444997158641634,0.0005490391960654151,-12.0,4.223322143605307,12.0,-0.0003690949112538366,-0.0004222773104409253,-0.000422277309891885,-0.0008444997158641635,0.001635787084176221,0.0004222773104409241
2,0.0021603000000000906,-8.45172037577222,0.0005479865740540824,-12.0,4.226682173227056,12.0,-0.0003683428014875645,-0.0004226134186653013,-0.0004226134181173137,-0.0008451720375772221,0.001636043336485926,0.0004226134186653003
2,0.0021605000000000907,-8.458430246509531,0.000546933077758105,-12.0,4.230035528340733,12.0,-0.0003675919266460659,-0.0004229488595262986,-0.0004229488589793645,-0.0008458430246509531,0.001636298821851456,0.0004229488595262975
2,0.002160700000000091,-8.465126760258348,0.0005458787086394246,-12.0,4.233382203650921,12.0,-0.0003668422892626338,-0.0004232836324942293,-0.0004232836319483494,-0.0008465126760258349,0.001636553541216168,0.0004232836324942282
2,0.002160900000000091,-8.471809906444564,0.0005448234681639796,-12.0,4.236722193872763,12.0,-0.0003660938918685769,-0.000423617737040461,-0.0004236177364956364,-0.0008471809906444564,0.001636807495525971,0.0004236177370404599
2,0.002161100000000091,-8.478479674515212,0.0005437673577999291,-12.0,4.240055493731979,12.0,-0.0003653467369933577,-0.0004239511726374191,-0.0004239511720936506,-0.0008478479674515212,0.001637060685726999,0.0004239511726374179
2,0.002161300000000091,-8.485136053938394,0.000542710379000777,-12.0,4.243382097964803,12.0,-0.0003646008271643159,-0.0004242839387585814,-0.0004242839382158698,-0.0008485136053938394,0.00163731311276738,0.0004242839387585802
2,0.0021615000000000913,-8.491779034203406,0.0005416525332431199,-12.0,4.246702001318093,12.0,-0.000363856164907056,-0.0004246160348784861,-0.0004246160343368325,-0.0008491779034203406,0.001637564777596245,0.000424616034878485
2,0.0021617000000000914,-8.498408604820707,0.0005405938219809059,-12.0,4.250015198549264,12.0,-0.0003631127527451705,-0.0004249474604727293,-0.0004249474599321344,-0.0008498408604820707,0.001637815681163723,0.0004249474604727283
2,0.0021619000000000915,-8.505024755321916,0.0005395342466854025,-12.0,4.253321684426329,12.0,-0.0003623705932001148,-0.0004252782150179654,-0.0004252782144784301,-0.0008505024755321916,0.001638065824421275,0.0004252782150179643
2,0.0021621000000000916,-8.511627475259854,0.0005384738088145546,-12.0,4.256621453727886,12.0,-0.0003616296887914427,-0.0004256082979919083,-0.0004256082974534334,-0.0008511627475259854,0.001638315208321917,0.0004256082979919071
2,0.0021623000000000918,-8.518216754208552,0.0005374125098360771,-12.0,4.259914501243156,12.0,-0.0003608900420367656,-0.000425937708873333,-0.0004259377083359194,-0.0008518216754208553,0.001638563833819218,0.000425937708873332
2,0.002162500000000092,-8.524792581763297,0.0005363503512114676,-12.0,4.263200821771969,12.0,-0.0003601516554515571,-0.0004262664471420769,-0.0004262664466057255,-0.0008524792581763298,0.001638811701868081,0.0004262664471420758
2,0.002162700000000092,-8.531354947540585,0.0005352873344026676,-12.0,4.266480410124769,12.0,-0.0003594145315493069,-0.0004265945122790377,-0.0004265945117437494,-0.0008531354947540586,0.001639058813424854,0.0004265945122790367
2,0.002162900000000092,-8.537903841178187,0.0005342234608751717,-12.0,4.269753261122641,12.0,-0.0003586786728414088,-0.0004269219037661776,-0.0004269219032319531,-0.0008537903841178187,0.001639305169446326,0.0004269219037661767
2,0.002163100000000092,-8.544439252335172,0.000533158732093586,-12.0,4.273019369597314,12.0,-0.0003579440818371193,-0.0004272486210865231,-0.0004272486205533633,-0.0008544439252335173,0.001639550770891396,0.0004272486210865221
2,0.0021633000000000923,-8.550961170691888,0.000532093149514079,-12.0,4.276278730391146,12.0,-0.0003572107610437525,-0.0004275746637241643,-0.0004275746631920702,-0.0008550961170691888,0.001639795618719075,0.0004275746637241632
2,0.0021635000000000924,-8.557469585949985,0.0005310267146043657,-12.0,4.279531338357166,12.0,-0.000356478712966346,-0.0004279000311642572,-0.0004279000306332295,-0.0008557469585949985,0.001640039713890595,0.0004279000311642562
2,0.0021637000000000925,-8.563964487832454,0.0005299594288246112,-12.0,4.282777188359058,12.0,-0.0003557479401078839,-0.0004282247228930243,-0.0004282247223630639,-0.0008563964487832454,0.001640283057366743,0.0004282247228930233
2,0.0021639000000000927,-8.570445866083642,0.0005288912936425305,-12.0,4.286016275271198,12.0,-0.0003550184449692823,-0.0004285487383977566,-0.0004285487378688642,-0.0008570445866083642,0.001640525650110525,0.0004285487383977555
2,0.0021641000000000928,-8.576913710469238,0.0005278223105067426,-12.0,4.289248593978602,12.0,-0.0003542902300490841,-0.0004288720771668105,-0.0004288720766389872,-0.0008576913710469239,0.001640767493085615,0.0004288720771668096
2,0.002164300000000093,-8.583368010776294,0.000526752480893844,-12.0,4.292474139377012,12.0,-0.0003535632978439313,-0.0004291947386896128,-0.0004291947381628594,-0.0008583368010776294,0.001641008587256798,0.0004291947386896119
2,0.002164500000000093,-8.589808756813307,0.0005256818062591151,-12.0,4.29569290637286,12.0,-0.0003528376508480646,-0.0004295167224566611,-0.0004295167219309783,-0.0008589808756813307,0.001641248933589967,0.0004295167224566601
2,0.002164700000000093,-8.596235938410118,0.000524610288056504,-12.0,4.298904889883247,12.0,-0.0003521132915535741,-0.0004298380279595201,-0.0004298380274349088,-0.0008596235938410119,0.001641488533051794,0.0004298380279595191
2,0.0021649000000000932,-8.602649545418025,0.0005235379277617191,-12.0,4.302110084836033,12.0,-0.0003513902224503429,-0.0004301586546908283,-0.0004301586541672894,-0.0008602649545418025,0.001641727386609726,0.0004301586546908272
2,0.0021651000000000933,-8.609049567709791,0.0005224647268238236,-12.0,4.305308486169777,12.0,-0.0003506684460260201,-0.0004304786021442963,-0.0004304786016218308,-0.0008609049567709792,0.001641965495232767,0.0004304786021442955
2,0.0021653000000000935,-8.61543599517959,0.000521390686704315,-12.0,4.308500088833759,12.0,-0.0003499479647659093,-0.0004307978698147063,-0.0004307978692933148,-0.000861543599517959,0.001642202859890585,0.0004307978698147055
2,0.0021655000000000936,-8.621808817743084,0.0005203158088709081,-12.0,4.311684887788005,12.0,-0.0003492287811532324,-0.0004311164571979145,-0.0004311164566775977,-0.0008621808817743085,0.001642439481553626,0.0004311164571979134
2,0.0021657000000000937,-8.628168025337446,0.0005192400947766629,-12.0,4.314862878003288,12.0,-0.0003485108976686718,-0.0004314343637908522,-0.0004314343632716112,-0.0008628168025337447,0.001642675361193779,0.0004314343637908512
2,0.002165900000000094,-8.634513607921326,0.0005181635458817446,-12.0,4.318034054461121,12.0,-0.0003477943167908004,-0.0004317515890915249,-0.0004317515885733604,-0.0008634513607921326,0.001642910499783379,0.0004317515890915239
2,0.002166100000000094,-8.640845555474902,0.0005170861636467627,-12.0,4.321198412153784,12.0,-0.0003470790409958041,-0.0004320681325990146,-0.0004320681320819275,-0.0008640845555474903,0.001643144898295534,0.0004320681325990137
2,0.002166300000000094,-8.647163857999903,0.0005160079495314385,-12.0,4.324355946084327,12.0,-0.0003463650727574263,-0.0004323839938134805,-0.0004323839932974718,-0.0008647163857999903,0.001643378557704911,0.0004323839938134796
2,0.002166500000000094,-8.653468505519594,0.0005149289049937167,-12.0,4.327506651266576,12.0,-0.0003456524145472595,-0.0004326991722361592,-0.0004326991717212295,-0.0008653468505519595,0.001643611478986173,0.0004326991722361583
2,0.0021667000000000942,-8.659759488078812,0.00051384903149021,-12.0,4.330650522725131,12.0,-0.0003449410688343424,-0.0004330136673693651,-0.0004330136668555151,-0.0008659759488078813,0.001643843663115763,0.0004330136673693641
2,0.0021669000000000944,-8.666036795743967,0.0005127683304801955,-12.0,4.333787555495387,12.0,-0.0003442310380853547,-0.0004333274787164915,-0.0004333274782037224,-0.0008666036795743967,0.001644075111070564,0.0004333274787164907
2,0.0021671000000000945,-8.672300418603104,0.0005116868034265032,-12.0,4.33691774462356,12.0,-0.0003435223247646724,-0.0004336406057820143,-0.0004336406052703265,-0.0008672300418603104,0.001644305823827907,0.0004336406057820133
2,0.0021673000000000946,-8.678550346765848,0.0005106044517746433,-12.0,4.340041085166631,12.0,-0.0003428149313341594,-0.0004339530480714865,-0.0004339530475608811,-0.0008678550346765848,0.001644535802366676,0.0004339530480714856
2,0.0021675000000000947,-8.684786570363451,0.0005095212769909985,-12.0,4.343157572192426,12.0,-0.0003421088602532513,-0.0004342648050915443,-0.0004342648045820221,-0.0008684786570363451,0.001644765047665864,0.0004342648050915434
2,0.002167700000000095,-8.691009079548854,0.0005084372805339576,-12.0,4.346267200779601,12.0,-0.0003414041139789131,-0.0004345758763499076,-0.0004345758758414694,-0.0008691009079548855,0.001644993560705799,0.0004345758763499067
2,0.002167900000000095,-8.697217864496613,0.000507352463848143,-12.0,4.349369966017603,12.0,-0.0003407006949656816,-0.0004348862613553763,-0.000434886260848023,-0.0008697217864496613,0.001645221342467029,0.0004348862613553755
2,0.002168100000000095,-8.703412915402975,0.0005062668284034899,-12.0,4.352465863006761,12.0,-0.000339998605665609,-0.0004351959596178366,-0.0004351959591115689,-0.0008703412915402975,0.001645448393931437,0.0004351959596178358
2,0.002168300000000095,-8.709594222485917,0.0005051803756477291,-12.0,4.355554886858234,12.0,-0.0003392978485281251,-0.0004355049706482594,-0.0004355049701430783,-0.0008709594222485917,0.001645674716081458,0.0004355049706482586
2,0.0021685000000000953,-8.715761775985055,0.0005040931070339205,-12.0,4.358637032694009,12.0,-0.0003385984260002445,-0.0004358132939586983,-0.0004358132934546045,-0.0008715761775985054,0.001645900309900084,0.0004358132939586975
2,0.0021687000000000954,-8.721915566161778,0.000503005024024894,-12.0,4.361712295646977,12.0,-0.0003379003405264841,-0.000436120929062296,-0.0004361209285592901,-0.0008721915566161779,0.001646125176371083,0.0004361209290622952
2,0.0021689000000000955,-8.728055583299218,0.000501916128066604,-12.0,4.364780670860871,12.0,-0.0003372035945486962,-0.0004364278754732812,-0.0004364278749713643,-0.0008728055583299218,0.001646349316478779,0.0004364278754732805
2,0.0021691000000000956,-8.734181817702234,0.0005008264206218804,-12.0,4.367842153490314,12.0,-0.000336508190506124,-0.00043673413270697,-0.0004367341322061428,-0.0008734181817702235,0.001646572731209273,0.0004367341327069692
2,0.0021693000000000957,-8.740294259697475,0.0004997359031349013,-12.0,4.370896738700798,12.0,-0.0003358141308355544,-0.0004370397002797671,-0.0004370396997800305,-0.0008740294259697476,0.001646795421547331,0.0004370397002797663
2,0.002169500000000096,-8.746392899633351,0.000498644577065388,-12.0,4.37394442166872,12.0,-0.0003351214179710266,-0.0004373445777091661,-0.0004373445772105209,-0.0008746392899633351,0.001647017388480498,0.0004373445777091655
2,0.002169700000000096,-8.752477727880107,0.0004975524438659562,-12.0,4.376985197581376,12.0,-0.000334430054344137,-0.0004376487645137517,-0.0004376487640161987,-0.0008752477727880108,0.001647238632995096,0.0004376487645137511
2,0.002169900000000096,-8.758548734829775,0.000496459504985225,-12.0,4.38001906163696,12.0,-0.0003337400423836651,-0.0004379522602131982,-0.000437952259716738,-0.0008758548734829776,0.001647459156079334,0.0004379522602131975
2,0.002170100000000096,-8.764605910896227,0.0004953657618780305,-12.0,4.383046009044588,12.0,-0.0003330513845157812,-0.0004382550643282716,-0.0004382550638329053,-0.0008764605910896228,0.001647678958721754,0.0004382550643282709
2,0.0021703000000000963,-8.770649246515184,0.0004942712159978768,-12.0,4.386066035024301,12.0,-0.0003323640831639774,-0.0004385571763808311,-0.0004385571758865592,-0.0008770649246515184,0.001647898041911122,0.0004385571763808304
2,0.0021705000000000964,-8.776678732144237,0.0004931758687893861,-12.0,4.38907913480706,12.0,-0.0003316781407490532,-0.0004388585958938277,-0.0004388585954006514,-0.0008776678732144238,0.001648116406637423,0.0004388585958938271
2,0.0021707000000000965,-8.782694358262814,0.0004920797217082828,-12.0,4.392085303634767,12.0,-0.0003309935596891578,-0.0004391593223913066,-0.0004391593218992261,-0.0008782694358262815,0.001648334053890421,0.0004391593223913059
2,0.0021709000000000966,-8.788696115372288,0.0004909827762054064,-12.0,4.39508453676028,12.0,-0.0003303103423995951,-0.0004394593553984081,-0.0004394593549074246,-0.0008788696115372288,0.001648550984661101,0.0004394593553984074
2,0.0021711000000000967,-8.79468399399592,0.000489885033730264,-12.0,4.398076829447405,12.0,-0.0003296284912930464,-0.0004397586944413681,-0.0004397586939514825,-0.000879468399399592,0.001648767199940782,0.0004397586944413675
2,0.002171300000000097,-8.800657984678859,0.0004887864957243693,-12.0,4.401062176970881,12.0,-0.0003289480087792646,-0.0004400573390475162,-0.0004400573385587292,-0.0008800657984678859,0.001648982700721113,0.0004400573390475157
2,0.002171500000000097,-8.806618077988217,0.0004876871636501079,-12.0,4.404040574616456,12.0,-0.0003282688972654213,-0.0004403552887452811,-0.0004403552882575934,-0.0008806618077988218,0.001649197487994303,0.0004403552887452806
2,0.002171700000000097,-8.812564264513082,0.0004865870389472171,-12.0,4.407012017680832,12.0,-0.0003275911591557185,-0.000440652543064189,-0.0004406525425776015,-0.0008812564264513083,0.001649411562753444,0.0004406525430641885
2,0.002171900000000097,-8.81849653486446,0.0004854861230634278,-12.0,4.409976501471687,12.0,-0.0003269147968516239,-0.0004409491015348628,-0.0004409491010493762,-0.000881849653486446,0.001649624925991855,0.0004409491015348623
2,0.0021721000000000973,-8.824414879675357,0.0004843844174513556,-12.0,4.4129340213077,12.0,-0.0003262398127517885,-0.0004412449636890255,-0.0004412449632046404,-0.0008824414879675358,0.001649837578702629,0.000441244963689025
2,0.0021723000000000974,-8.830319289600794,0.0004832819235538466,-12.0,4.415884572518548,12.0,-0.0003255662092519346,-0.0004415401290594999,-0.0004415401285762174,-0.0008830319289600795,0.00165004952188097,0.0004415401290594994
2,0.0021725000000000975,-8.836209755317773,0.0004821786428181873,-12.0,4.418828150444901,12.0,-0.0003248939887449953,-0.0004418345971802088,-0.0004418345966980296,-0.0008836209755317773,0.001650260756520638,0.0004418345971802083
2,0.0021727000000000976,-8.842086267525332,0.0004810745766916646,-12.0,4.421764750438449,12.0,-0.0003242231536210033,-0.0004421283675861763,-0.0004421283671051012,-0.0008842086267525333,0.001650471283616839,0.0004421283675861757
2,0.0021729000000000978,-8.847948816944557,0.0004799697266193448,-12.0,4.424694367861905,12.0,-0.0003235537062669935,-0.000442421439813529,-0.0004424214393335588,-0.0008847948816944558,0.00165068110416533,0.0004424214398135286
2,0.002173100000000098,-8.853797394318573,0.0004788640940449618,-12.0,4.427616998088996,12.0,-0.0003228856490672671,-0.0004427138133994955,-0.0004427138129206309,-0.0008853797394318573,0.001650890219161649,0.0004427138133994952
2,0.002173300000000098,-8.859631990412584,0.0004777576804166905,-12.0,4.430532636504493,12.0,-0.0003222189844029472,-0.0004430054878824081,-0.0004430054874046501,-0.0008859631990412584,0.001651098629602332,0.0004430054878824077
2,0.002173500000000098,-8.865452596013869,0.0004766504871751565,-12.0,4.433441278504201,12.0,-0.0003215537146524228,-0.000443296462801703,-0.0004432964623250522,-0.0008865452596013869,0.001651306336483471,0.0004432964628017026
2,0.002173700000000098,-8.871259201931835,0.0004755425157685345,-12.0,4.436342919494995,12.0,-0.0003208898421909467,-0.000443586737697923,-0.0004435867372223802,-0.0008871259201931836,0.00165151334080238,0.0004435867376979227
2,0.0021739000000000983,-8.877051798997961,0.0004744337676316768,-12.0,4.439237554894765,12.0,-0.0003202273693908853,-0.0004438763121127137,-0.0004438763116382797,-0.0008877051798997961,0.001651719643556038,0.0004438763121127133
2,0.0021741000000000984,-8.882830378065853,0.0004733242442158669,-12.0,4.442125180132493,12.0,-0.0003195662986215375,-0.0004441651855888281,-0.0004441651851155035,-0.0008882830378065854,0.00165192524574187,0.0004441651855888277
2,0.0021743000000000985,-8.888594930011312,0.0004722139469630626,-12.0,4.445005790648239,12.0,-0.000318906632249219,-0.0004444533576701279,-0.0004444533571979138,-0.0008888594930011312,0.001652130148358077,0.0004444533576701277
2,0.0021745000000000987,-8.894345445732235,0.0004711028773050074,-12.0,4.447879381893102,12.0,-0.0003182483726371227,-0.00044474082790158,-0.0004447408274304771,-0.0008894345445732235,0.001652334352402529,0.0004447408279015798
2,0.0021747000000000988,-8.900081916148705,0.0004699910366956495,-12.0,4.450745949329307,12.0,-0.0003175915221454995,-0.0004450275958292614,-0.00044502759535927,-0.0008900081916148706,0.001652537858873315,0.0004450275958292611
2,0.002174900000000099,-8.905804332203036,0.0004688784265689527,-12.0,4.453605488430155,12.0,-0.0003169360831313389,-0.0004453136610003589,-0.0004453136605314803,-0.0008905804332203037,0.001652740668769748,0.0004453136610003586
2,0.002175100000000099,-8.91151268485966,0.0004677650483615459,-12.0,4.456457994680023,12.0,-0.000316282057948758,-0.0004455990229631664,-0.0004455990224954011,-0.0008911512684859661,0.001652942783089917,0.0004455990229631661
2,0.002175300000000099,-8.917206965105272,0.0004666509035238242,-12.0,4.459303463574432,12.0,-0.0003156294489485845,-0.000445883681267091,-0.0004458836808004398,-0.0008917206965105272,0.001653144202833357,0.0004458836812670908
2,0.0021755000000000992,-8.92288716394881,0.0004655359934848669,-12.0,4.462141890619992,12.0,-0.0003149782584785793,-0.0004461676354626509,-0.0004461676349971147,-0.000892288716394881,0.001653344928999267,0.0004461676354626507
2,0.0021757000000000993,-8.928553272421414,0.0004644203196906282,-12.0,4.464973271334446,12.0,-0.0003143284888833392,-0.0004464508851014758,-0.0004464508846370553,-0.0008928553272421415,0.001653544962586739,0.0004464508851014756
2,0.0021759000000000995,-8.934205281576496,0.0004633038835732961,-12.0,4.467797601246647,12.0,-0.0003136801425043245,-0.0004467334297363075,-0.0004467334292730035,-0.0008934205281576496,0.00165374430459575,0.0004467334297363074
2,0.0021761000000000996,-8.939843182489737,0.000462186686574384,-12.0,4.470614875896597,12.0,-0.0003130332216796788,-0.0004470152689210023,-0.0004470152684588156,-0.0008939843182489737,0.001653942956026055,0.0004470152689210023
2,0.0021763000000000997,-8.945466966259112,0.0004610687301305205,-12.0,4.47342509083544,12.0,-0.000312387728744562,-0.000447296402210531,-0.0004472964017494621,-0.0008945466966259112,0.001654140917876967,0.000447296402210531
2,0.0021765000000001,-8.951076624004878,0.000459950015677002,-12.0,4.476228241625455,12.0,-0.000311743666030706,-0.0004475768291609779,-0.0004475768287010278,-0.0008951076624004879,0.001654338191149241,0.0004475768291609778
2,0.0021767000000001,-8.956672146869609,0.0004588305446513452,-12.0,4.479024323840087,12.0,-0.0003111010358666927,-0.0004478565493295438,-0.000447856548870713,-0.000895667214686961,0.001654534776842853,0.0004478565493295437
2,0.0021769000000001,-8.962253526018218,0.0004577103184888465,-12.0,4.481813333063944,12.0,-0.0003104598405778008,-0.0004481355622745456,-0.0004481355618168354,-0.0008962253526018218,0.001654730675957894,0.0004481355622745456
2,0.0021771000000001,-8.967820752637936,0.0004565893386216935,-12.0,4.484595264892794,12.0,-0.0003098200824861314,-0.0004484138675554171,-0.0004484138670988279,-0.0008967820752637936,0.001654925889494452,0.0004484138675554173
2,0.0021773000000001002,-8.97337381793835,0.0004554676064891794,-12.0,4.487370114933586,12.0,-0.0003091817639103434,-0.0004486914647327095,-0.000448691464277242,-0.000897337381793835,0.001655120418453171,0.0004486914647327096
2,0.0021775000000001004,-8.978912713151454,0.0004543451235266005,-12.0,4.490137878804468,12.0,-0.0003085448871659041,-0.000448968353368094,-0.0004489683529137491,-0.0008978912713151454,0.001655314263834251,0.0004489683533680942
2,0.0021777000000001005,-8.984437429531575,0.0004532218911594832,-12.0,4.492898552134744,12.0,-0.0003079094545649225,-0.0004492445330243585,-0.0004492445325711367,-0.0008984437429531575,0.001655507426637892,0.0004492445330243585
2,0.0021779000000001006,-8.989947958355437,0.0004520979108275647,-12.0,4.495652130564938,12.0,-0.0003072754684160517,-0.000449520003265411,-0.0004495200028133132,-0.0008989947958355437,0.001655699907865182,0.0004495200032654111
2,0.0021781000000001007,-8.995444290922208,0.0004509731839643649,-12.0,4.498398609746782,12.0,-0.0003066429310246838,-0.0004497947636562817,-0.0004497947632053086,-0.0008995444290922208,0.001655891708515989,0.0004497947636562818
2,0.002178300000000101,-9.00092641855347,0.0004498477119976307,-12.0,4.50113798534321,12.0,-0.00030601184469288,-0.000450068813763121,-0.0004500688133132735,-0.0009000926418553471,0.001656082829590511,0.0004500688137631212
2,0.002178500000000101,-9.006394332593215,0.0004487214963608821,-12.0,4.503870253028365,12.0,-0.0003053822117190935,-0.0004503421531532003,-0.0004503421527044788,-0.0009006394332593216,0.001656273272089503,0.0004503421531532005
2,0.002178700000000101,-9.011848024407909,0.0004475945384858626,-12.0,4.506595408487629,12.0,-0.0003047540343985716,-0.0004506147813949141,-0.0004506147809473197,-0.000901184802440791,0.001656463037013167,0.0004506147813949143
2,0.002178900000000101,-9.01728748538648,0.0004464668398029836,-12.0,4.509313447417614,12.0,-0.0003041273150229534,-0.0004508866980577809,-0.0004508866976113142,-0.0009017287485386481,0.00165665212536148,0.0004508866980577811
2,0.0021791000000001013,-9.022712706940318,0.0004453384017422124,-12.0,4.512024365526156,12.0,-0.0003035020558805474,-0.0004511579027124412,-0.0004511579022671031,-0.0009022712706940318,0.001656840538134863,0.0004511579027124414
2,0.0021793000000001014,-9.028123680503318,0.0004442092257321839,-12.0,4.51472815853235,12.0,-0.0003028782592560536,-0.0004514283949306614,-0.0004514283944864525,-0.0009028123680503319,0.001657028276333405,0.0004514283949306618
2,0.0021795000000001015,-9.033520397531879,0.000443079313205974,-12.0,4.517424822166541,12.0,-0.0003022559274307862,-0.0004516981742853332,-0.0004516981738422542,-0.0009033520397531879,0.001657215340956641,0.0004516981742853336
2,0.0021797000000001016,-9.038902849504911,0.0004419486655873328,-12.0,4.520114352170323,12.0,-0.0003016350626825065,-0.0004519672403504733,-0.000451967239908525,-0.0009038902849504911,0.001657401733004438,0.0004519672403504736
2,0.0021799000000001017,-9.044271027923859,0.0004408172843075597,-12.0,4.522796744296564,12.0,-0.0003010156672854508,-0.0004522355927012252,-0.0004522355922604083,-0.0009044271027923859,0.00165758745347655,0.0004522355927012257
2,0.002180100000000102,-9.049624924312711,0.0004396851707921812,-12.0,4.525471994309395,12.0,-0.000300397743510275,-0.0004525032309138598,-0.0004525032304741752,-0.0009049624924312711,0.001657772503372179,0.0004525032309138603
2,0.002180300000000102,-9.054964530218024,0.0004385523264756053,-12.0,4.528140097984249,12.0,-0.0002997812936240546,-0.0004527701545657769,-0.000452770154127225,-0.0009054964530218025,0.001657956883690859,0.0004527701545657774
2,0.002180500000000102,-9.060289837208915,0.0004374187527735884,-12.0,4.530801051107805,12.0,-0.0002991663198903677,-0.0004530363632355027,-0.0004530363627980844,-0.0009060289837208915,0.001658140595431457,0.0004530363632355032
2,0.002180700000000102,-9.065600836877074,0.0004362844511200947,-12.0,4.533454849478061,12.0,-0.0002985528245690733,-0.0004533018565026936,-0.0004533018560664097,-0.0009065600836877074,0.00165832363959284,0.0004533018565026941
2,0.0021809000000001023,-9.070897520836825,0.0004351494229419828,-12.0,4.536101488904319,12.0,-0.000297940809916436,-0.0004535666339481371,-0.0004535666335129884,-0.0009070897520836825,0.001658506017173544,0.0004535666339481377
2,0.0021811000000001024,-9.076179880725062,0.0004340136696581176,-12.0,4.538740965207156,12.0,-0.0002973302781851817,-0.0004538306951537491,-0.000453830694719736,-0.0009076179880725063,0.001658687729171993,0.0004538306951537498
2,0.0021813000000001025,-9.081447908201328,0.0004328771927024633,-12.0,4.541373274218489,12.0,-0.0002967212316242057,-0.0004540940397025781,-0.0004540940392697016,-0.0009081447908201328,0.001658868776586164,0.0004540940397025787
2,0.0021815000000001026,-9.086701594947815,0.0004317399934938848,-12.0,4.543998411781549,12.0,-0.0002961136724788233,-0.0004543566671788048,-0.0004543566667470655,-0.0009086701594947815,0.001659049160413706,0.0004543566671788055
2,0.0021817000000001027,-9.09194093266932,0.0004306020734561322,-12.0,4.546616373750866,12.0,-0.0002955076029906162,-0.0004546185771677404,-0.0004546185767371388,-0.0009091940932669322,0.001659228881652375,0.000454618577167741
2,0.002181900000000103,-9.097165913093347,0.0004294634340187287,-12.0,4.549227155992337,12.0,-0.0002949030253974749,-0.0004548797692558311,-0.0004548797688263683,-0.0009097165913093348,0.001659407941299484,0.0004548797692558318
2,0.002182100000000103,-9.102376527970078,0.000428324076599651,-12.0,4.551830754383178,12.0,-0.0002942999419335568,-0.0004551402430306572,-0.0004551402426023339,-0.0009102376527970078,0.001659586340351349,0.0004551402430306579
2,0.002182300000000103,-9.107572769072343,0.0004271840026230933,-12.0,4.554427164811946,12.0,-0.0002936983548292582,-0.0004553999980809315,-0.0004553999976537483,-0.0009107572769072343,0.001659764079804615,0.0004553999980809323
2,0.002182500000000103,-9.11275462819571,0.0004260432135154701,-12.0,4.557016383178559,12.0,-0.0002930982663110898,-0.0004556590339965036,-0.0004556590335704613,-0.000911275462819571,0.001659941160655709,0.0004556590339965044
2,0.0021827000000001033,-9.117922097158452,0.0004249017106943143,-12.0,4.559598405394286,12.0,-0.0002924996786020095,-0.0004559173503683583,-0.0004559173499434573,-0.0009117922097158452,0.001660117583900056,0.0004559173503683591
2,0.0021829000000001034,-9.123075167801584,0.0004237594955864843,-12.0,4.562173227381766,12.0,-0.0002919025939209369,-0.0004561749467886171,-0.0004561749463648585,-0.0009123075167801585,0.001660293350532971,0.000456174946788618
2,0.0021831000000001035,-9.128213831988834,0.0004226165696086248,-12.0,4.564740845074996,12.0,-0.0002913070144831414,-0.000456431822850538,-0.0004564318224279221,-0.0009128213831988834,0.001660468461549214,0.0004564318228505387
2,0.0021833000000001036,-9.133338081606706,0.0004214729341858181,-12.0,4.567301254419362,12.0,-0.0002907129424998406,-0.0004566879781485167,-0.0004566879777270446,-0.0009133338081606706,0.001660642917943655,0.0004566879781485175
2,0.0021835000000001038,-9.138447908564475,0.0004203285907382615,-12.0,4.56985445137163,12.0,-0.000290120380178574,-0.0004569434122780883,-0.0004569434118577607,-0.0009138447908564475,0.001660816720710057,0.0004569434122780892
2,0.002183700000000104,-9.143543304794171,0.0004191835406843758,-12.0,4.572400431899947,12.0,-0.0002895293297228707,-0.0004571981248359253,-0.0004571981244167428,-0.0009143543304794172,0.001660989870842178,0.0004571981248359263
2,0.002183900000000104,-9.148624262250625,0.0004180377854487993,-12.0,4.574939191983863,12.0,-0.0002889397933325127,-0.0004574521154198404,-0.0004574521150018037,-0.0009148624262250625,0.001661162369332447,0.0004574521154198415
2,0.002184100000000104,-9.15369077291151,0.0004168913264490648,-12.0,4.577470727614343,12.0,-0.0002883517732030633,-0.0004577053836287882,-0.000457705383211898,-0.0009153690772911511,0.001661334217174515,0.0004577053836287894
2,0.002184300000000104,-9.158742828777262,0.0004157441651040372,-12.0,4.579995034793728,12.0,-0.000287765271526505,-0.0004579579290628615,-0.0004579579286471184,-0.0009158742828777262,0.001661505415359144,0.0004579579290628624
2,0.0021845000000001043,-9.163780421871163,0.0004145963028348021,-12.0,4.582512109535798,12.0,-0.0002871802904906434,-0.0004582097513232951,-0.0004582097509087,-0.0009163780421871163,0.001661675964878762,0.0004582097513232963
2,0.0021847000000001044,-9.168803544239369,0.0004134477410611126,-12.0,4.585021947865753,12.0,-0.0002865968322792872,-0.0004584608500124681,-0.0004584608495990216,-0.0009168803544239369,0.001661845866724021,0.0004584608500124692
2,0.0021849000000001046,-9.173812187950862,0.0004122984812009456,-12.0,4.587524545820218,12.0,-0.0002860148990723732,-0.0004587112247339005,-0.0004587112243216032,-0.0009173812187950862,0.001662015121885463,0.0004587112247339016
2,0.0021851000000001047,-9.178806345097497,0.0004111485246718338,-12.0,4.590019899447241,12.0,-0.0002854344930457442,-0.0004589608750922557,-0.0004589608746811084,-0.0009178806345097498,0.001662183731352518,0.0004589608750922569
2,0.0021853000000001048,-9.183786007794,0.0004099978728948628,-12.0,4.592508004806321,12.0,-0.0002848556163712324,-0.0004592098006933414,-0.0004592098002833448,-0.0009183786007794,0.001662351696114617,0.0004592098006933427
2,0.002185500000000105,-9.188751168178014,0.0004088465272884534,-12.0,4.594988857968406,12.0,-0.0002842782712166037,-0.0004594580011441104,-0.0004594580007352651,-0.0009188751168178014,0.001662519017160413,0.0004594580011441117
2,0.002185700000000105,-9.19370181841007,0.0004076944892665857,-12.0,4.59746245501588,12.0,-0.0002837024597455301,-0.00045970547605266,-0.0004597054756449669,-0.000919370181841007,0.001662685695477562,0.0004597054760526614
2,0.002185900000000105,-9.198637950673609,0.0004065417602521215,-12.0,4.599928792042601,12.0,-0.000283128184117673,-0.0004599522250282334,-0.0004599522246216931,-0.0009198637950673609,0.001662851732053716,0.0004599522250282348
2,0.0021861000000001052,-9.203559557175028,0.0004053883416608173,-12.0,4.602387865153889,12.0,-0.0002825554464884195,-0.0004601982476812214,-0.0004601982472758345,-0.0009203559557175028,0.001663017127875199,0.0004601982476812228
2,0.0021863000000001053,-9.20846663014364,0.0004042342349079853,-12.0,4.604839670466525,12.0,-0.0002819842490092983,-0.0004604435436231601,-0.0004604435432189275,-0.000920846663014364,0.001663181883927778,0.0004604435436231617
2,0.0021865000000001055,-9.213359161831718,0.0004030794414164873,-12.0,4.607284204108778,12.0,-0.0002814145938273699,-0.0004606881124667347,-0.0004606881120636567,-0.0009213359161831719,0.001663346001196886,0.0004606881124667362
2,0.0021867000000001056,-9.218237144514516,0.0004019239626007476,-12.0,4.609721462220398,12.0,-0.0002808464830857255,-0.0004609319538257782,-0.0004609319534238559,-0.0009218237144514517,0.001663509480667402,0.0004609319538257798
2,0.0021869000000001057,-9.22310057049025,0.0004007677998756343,-12.0,4.612151440952617,12.0,-0.000280279918923293,-0.0004611750673152725,-0.0004611750669145063,-0.000922310057049025,0.001663672323322429,0.0004611750673152742
2,0.002187100000000106,-9.22794943208013,0.0003996109546613447,-12.0,4.614574136468167,12.0,-0.0002797149034746982,-0.0004614174525513488,-0.0004614174521517396,-0.0009227949432080131,0.001663834530145292,0.0004614174525513505
2,0.002187300000000106,-9.232783721628367,0.0003984534283745234,-12.0,4.61698954494128,12.0,-0.0002791514388703342,-0.0004616591091512888,-0.0004616591087528371,-0.0009232783721628368,0.001663996102118093,0.0004616591091512906
2,0.002187500000000106,-9.237603431502208,0.0003972952224362558,-12.0,4.61939766255771,12.0,-0.0002785895272364586,-0.0004619000367335257,-0.0004619000363362323,-0.0009237603431502208,0.001664157040222491,0.0004619000367335274
2,0.002187700000000106,-9.242408554091893,0.0003961363382525285,-12.0,4.621798485514689,12.0,-0.0002780291706950128,-0.0004621402349176419,-0.0004621402345215073,-0.0009242408554091893,0.001664317345438704,0.0004621402349176437
2,0.0021879000000001063,-9.247199081810718,0.0003949767772519763,-12.0,4.624192010021004,12.0,-0.0002774703713635529,-0.0004623797033243734,-0.0004623797029293986,-0.0009247199081810719,0.001664477018747168,0.0004623797033243753
2,0.0021881000000001064,-9.251975007095046,0.000393816540846359,-12.0,4.626578232296957,12.0,-0.0002769131313555412,-0.0004626184415756092,-0.0004626184411817946,-0.0009251975007095047,0.00166463606112599,0.0004626184415756111
2,0.0021883000000001065,-9.256736322404258,0.0003926556304501005,-12.0,4.62895714857436,12.0,-0.0002763574527799711,-0.0004628564492943891,-0.0004628564489017354,-0.0009256736322404258,0.001664794473554165,0.000462856449294391
2,0.0021885000000001066,-9.261483020220844,0.0003914940474873951,-12.0,4.631328755096592,12.0,-0.000275803337741562,-0.0004630937261049085,-0.0004630937257134166,-0.0009261483020220844,0.001664952257008356,0.0004630937261049106
2,0.0021887000000001067,-9.266215093050379,0.0003903317933713346,-12.0,4.633693048118564,12.0,-0.0002752507883406335,-0.0004633302716325173,-0.0004633302712421875,-0.0009266215093050379,0.001665109412464894,0.0004633302716325193
2,0.002188900000000107,-9.270932533421528,0.0003891688695172313,-12.0,4.636050023906728,12.0,-0.000274699806673176,-0.000463566085503719,-0.0004635660851145523,-0.0009270932533421528,0.001665265940899441,0.0004635660855037211
2,0.002189100000000107,-9.275635333886058,0.0003880052773461706,-12.0,4.6383996787391,12.0,-0.00027415039483078,-0.0004638011673461733,-0.0004638011669581702,-0.0009275635333886058,0.00166542184328633,0.0004638011673461755
2,0.002189300000000107,-9.280323487018869,0.000386841018273465,-12.0,4.640742008905255,12.0,-0.0002736025549005816,-0.0004640355167886959,-0.0004640355164018571,-0.0009280323487018869,0.001665577120599337,0.0004640355167886982
2,0.002189500000000107,-9.28499698541799,0.0003856760937193116,-12.0,4.643077010706335,12.0,-0.0002730562889653454,-0.0004642691334612594,-0.0004642691330755855,-0.0009284996985417991,0.001665731773810686,0.0004642691334612616
2,0.0021897000000001073,-9.289655821704596,0.0003845105050981346,-12.0,4.645404680455051,12.0,-0.0002725115991033256,-0.0004645020169949929,-0.0004645020166104847,-0.0009289655821704596,0.001665885803892597,0.0004645020169949952
2,0.0021899000000001074,-9.29429998852301,0.0003833442538310194,-12.0,4.647725014475694,12.0,-0.000271968487388391,-0.000464734167022184,-0.0004647341666388421,-0.0009294299988523011,0.001666039211814963,0.0004647341670221863
2,0.0021901000000001075,-9.298929478540739,0.0003821773413346108,-12.0,4.650038009104145,12.0,-0.0002714269558898169,-0.0004649655831762787,-0.0004649655827941037,-0.000929892947854074,0.001666191998547895,0.0004649655831762811
2,0.0021903000000001076,-9.303544284448451,0.0003810097690264413,-12.0,4.652343660687864,12.0,-0.0002708870066724378,-0.0004651962650918812,-0.000465196264710874,-0.0009303544284448451,0.001666344165059841,0.0004651962650918837
2,0.0021905000000001077,-9.308144398960007,0.0003798415383275966,-12.0,4.654641965585911,12.0,-0.0002703486417966056,-0.0004654262124047559,-0.0004654262120249167,-0.0009308144398960007,0.00166649571231825,0.0004654262124047583
2,0.002190700000000108,-9.312729814812494,0.0003786726506587179,-12.0,4.656932920168962,12.0,-0.0002698118633179952,-0.0004656554247518277,-0.0004656554243731576,-0.0009312729814812495,0.00166664664128946,0.0004656554247518303
2,0.002190900000000108,-9.317300524766184,0.000377503107432009,-12.0,4.659216520819271,12.0,-0.0002692766732878549,-0.0004658839017711812,-0.0004658839013936808,-0.0009317300524766184,0.001666796952939142,0.000465883901771184
2,0.002191100000000108,-9.321856521604563,0.0003763329100761048,-12.0,4.661492763930725,12.0,-0.0002687430737527835,-0.0004661116431020623,-0.0004661116427257319,-0.0009321856521604563,0.001666946648231415,0.0004661116431020648
2,0.002191300000000108,-9.326397798134405,0.0003751620600094263,-12.0,4.663761645908837,12.0,-0.0002682110667547172,-0.0004663386483848801,-0.0004663386480097208,-0.0009326397798134406,0.001667095728129731,0.0004663386483848827
2,0.0021915000000001083,-9.330924347185686,0.000373990558643289,-12.0,4.666023163170713,12.0,-0.0002676806543311372,-0.0004665649172612043,-0.0004665649168872165,-0.0009330924347185686,0.001667244193595874,0.0004665649172612071
2,0.0021917000000001084,-9.33543616161165,0.0003728184074107688,-12.0,4.668277312145125,12.0,-0.0002671518385147925,-0.0004667904493737686,-0.000466790449000953,-0.0009335436161611651,0.001667392045590521,0.0004667904493737714
2,0.0021919000000001085,-9.339933234288818,0.0003716456077267338,-12.0,4.670524089272456,12.0,-0.0002666246213336582,-0.00046701524436647,-0.0004670152439948273,-0.0009339933234288818,0.001667539285073794,0.0004670152443664729
2,0.0021921000000001086,-9.344415558116994,0.0003704721610171546,-12.0,4.672763491004744,12.0,-0.000266099004811296,-0.0004672393018843697,-0.0004672393015139006,-0.0009344415558116994,0.001667685913003925,0.0004672393018843727
2,0.0021923000000001087,-9.348883126019265,0.0003692980686991199,-12.0,4.674995513805662,12.0,-0.0002655749909663274,-0.0004674626215736933,-0.0004674626212043982,-0.0009348883126019266,0.001667831930338592,0.0004674626215736962
2,0.002192500000000109,-9.353335930942015,0.0003681233322021527,-12.0,4.677220154150543,12.0,-0.0002650525818127802,-0.0004676852030818312,-0.0004676852027137109,-0.0009353335930942015,0.001667977338033477,0.0004676852030818341
2,0.002192700000000109,-9.357773965854967,0.0003669479529451181,-12.0,4.679437408526381,12.0,-0.0002645317793599222,-0.0004679070460573405,-0.0004679070456903956,-0.0009357773965854968,0.001668122137043704,0.0004679070460573436
2,0.002192900000000109,-9.36219722375114,0.0003657719323539865,-12.0,4.681647273431821,12.0,-0.000264012585612261,-0.0004681281501499436,-0.0004681281497841747,-0.0009362197223751141,0.001668266328322843,0.0004681281501499467
2,0.002193100000000109,-9.366605697646907,0.0003645952718542844,-12.0,4.683849745377188,12.0,-0.0002634950025695582,-0.0004683485150105301,-0.0004683485146459381,-0.0009366605697646908,0.001668409912823576,0.0004683485150105334
2,0.0021933000000001093,-9.370999380581988,0.0003634179728715381,-12.0,4.686044820884482,12.0,-0.0002629790322267317,-0.0004685681402911578,-0.000468568139927743,-0.0009370999380581989,0.001668552891496478,0.0004685681402911611
2,0.0021935000000001094,-9.37537826561946,0.0003622400368286094,-12.0,4.688232496487373,12.0,-0.0002624646765740229,-0.000468787025645051,-0.0004687870252828144,-0.0009375378265619461,0.001668695265291009,0.0004687870256450545
2,0.0021937000000001095,-9.379742345845745,0.0003610614651585742,-12.0,4.690412768731226,12.0,-0.0002619519375966217,-0.0004690051707266034,-0.0004690051703655452,-0.0009379742345845746,0.001668837035156745,0.0004690051707266067
2,0.0021939000000001097,-9.384091614370677,0.0003598822592847384,-12.0,4.692585634173088,12.0,-0.0002614408172751242,-0.0004692225751913768,-0.000469222574831498,-0.0009384091614370677,0.001668978202039928,0.0004692225751913804
2,0.0021941000000001098,-9.38842606432748,0.0003587024206397338,-12.0,4.694751089381723,12.0,-0.0002609313175850614,-0.0004694392386961049,-0.000469439238337406,-0.0009388426064327479,0.001669118766886024,0.0004694392386961084
2,0.00219430000000011,-9.392745688872743,0.0003575219506464222,-12.0,4.696909130937562,12.0,-0.0002604234404971484,-0.000469655160898688,-0.0004696551605411696,-0.0009392745688872743,0.001669258730640388,0.0004696551608986916
2,0.00219450000000011,-9.397050481186502,0.0003563408507436527,-12.0,4.699059755432776,12.0,-0.0002599171879772433,-0.0004698703414581996,-0.0004698703411018623,-0.0009397050481186503,0.001669398094245156,0.0004698703414582033
2,0.00219470000000011,-9.401340434472221,0.0003551591223569517,-12.0,4.701202959471237,12.0,-0.0002594125619861942,-0.0004700847800348843,-0.0004700847796797289,-0.0009401340434472222,0.001669536858642462,0.000470084780034888
2,0.0021949000000001102,-9.405615541956744,0.0003539767669189509,-12.0,4.703338739668518,12.0,-0.0002589095644799921,-0.0004702984762901563,-0.0004702984759361831,-0.0009405615541956744,0.001669675024771888,0.0004702984762901599
2,0.0021951000000001103,-9.409875796890413,0.0003527937858667229,-12.0,4.705467092651944,12.0,-0.0002584081974096319,-0.000470511429886604,-0.000470511429533814,-0.0009409875796890414,0.001669812593572573,0.0004705114298866078
2,0.0021953000000001104,-9.414121192547016,0.0003516101806302352,-12.0,4.707588015060555,12.0,-0.0002579084627211403,-0.0004707236404879887,-0.0004707236401363823,-0.0009414121192547017,0.001669949565981543,0.0004707236404879925
2,0.0021955000000001106,-9.41835172222378,0.0003504259526461162,-12.0,4.709701503545118,12.0,-0.0002574103623554924,-0.0004709351077592433,-0.0004709351074088214,-0.0009418351722223781,0.001670085942934274,0.0004709351077592473
2,0.0021957000000001107,-9.422567379241421,0.0003492411033523268,-12.0,4.71180755476815,12.0,-0.0002569138982486535,-0.0004711458313664757,-0.0004711458310172387,-0.0009422567379241422,0.001670221725365906,0.0004711458313664798
2,0.002195900000000111,-9.426768156944147,0.0003480556341877161,-12.0,4.713906165403912,12.0,-0.0002564190723317317,-0.0004713558109769684,-0.0004713558106289168,-0.0009426768156944148,0.001670356914208249,0.0004713558109769724
2,0.002196100000000111,-9.430954048699657,0.0003468695465862481,-12.0,4.715997332138404,12.0,-0.0002559258865305197,-0.0004715650462591777,-0.0004715650459123122,-0.0009430954048699658,0.001670491510392891,0.0004715650462591818
2,0.002196300000000111,-9.43512504789915,0.000345682841992101,-12.0,4.718081051669392,12.0,-0.0002554343427658839,-0.0004717735368827358,-0.0004717735365370572,-0.0009435125047899151,0.001670625514849644,0.00047177353688274
2,0.002196500000000111,-9.439281147957352,0.0003444955218450119,-12.0,4.720157320706399,12.0,-0.000254944442953639,-0.0004719812825184511,-0.0004719812821739598,-0.0009439281147957353,0.0016707589285061,0.0004719812825184554
2,0.0021967000000001112,-9.44342234231251,0.0003433075875887148,-12.0,4.722226135970714,12.0,-0.0002544561890043262,-0.0004721882828383082,-0.000472188282495005,-0.0009443422342312511,0.001670891752289405,0.0004721882828383125
2,0.0021969000000001114,-9.447548624426407,0.0003421190406647234,-12.0,4.724287494195392,12.0,-0.0002539695828234767,-0.0004723945375154682,-0.0004723945371733536,-0.0009447548624426408,0.001671023987124265,0.0004723945375154728
2,0.0021971000000001115,-9.451659987784367,0.0003409298825212126,-12.0,4.726341392125265,12.0,-0.0002534846263114732,-0.0004726000462242699,-0.0004726000458833444,-0.0009451659987784368,0.001671155633933719,0.0004726000462242745
2,0.0021973000000001116,-9.455756425895299,0.0003397401146063572,-12.0,4.728387826516959,12.0,-0.0002530013213635357,-0.0004728048086402308,-0.0004728048083004953,-0.0009455756425895299,0.001671286693639695,0.0004728048086402353
2,0.0021975000000001117,-9.459837932291645,0.000338549738362115,-12.0,4.730426794138864,12.0,-0.0002525196698696108,-0.0004730088244400456,-0.0004730088241015004,-0.0009459837932291646,0.001671417167162459,0.0004730088244400502
2,0.002197700000000112,-9.463904500529434,0.0003373587552433222,-12.0,4.73245829177117,12.0,-0.0002520396737145242,-0.0004732120933015881,-0.0004732120929642338,-0.0009463904500529435,0.00167154705541972,0.0004732120933015927
2,0.002197900000000112,-9.467956124188303,0.0003361671667039268,-12.0,4.73448231620588,12.0,-0.0002515613347778833,-0.000473414614903913,-0.0004734146145677504,-0.0009467956124188303,0.001671676359328855,0.0004734146149039177
2,0.002198100000000112,-9.471992796871463,0.0003349749741872188,-12.0,4.736498864246763,12.0,-0.0002510846549340362,-0.0004736163889272528,-0.0004736163885922825,-0.0009471992796871464,0.001671805079804245,0.0004736163889272576
2,0.002198300000000112,-9.476014512205735,0.0003337821791600248,-12.0,4.738507932709428,12.0,-0.0002506096360520432,-0.0004738174150530221,-0.0004738174147192448,-0.0009476014512205736,0.001671933217759269,0.0004738174150530269
2,0.0021985000000001123,-9.480021263841584,0.0003325887830696317,-12.0,4.740509518421284,12.0,-0.0002501362799956497,-0.0004740176929638165,-0.0004740176926312327,-0.0009480021263841584,0.001672060774106088,0.0004740176929638214
2,0.0021987000000001124,-9.484013045453056,0.0003313947873762046,-12.0,4.74250361822154,12.0,-0.0002496645886234938,-0.0004742172223434114,-0.0004742172220120216,-0.0009484013045453056,0.00167218774975364,0.0004742172223434164
2,0.0021989000000001125,-9.487989850737865,0.0003302001935434618,-12.0,4.74449022896125,12.0,-0.0002491945637886211,-0.0004744160028767656,-0.0004744160025465705,-0.0009487989850737865,0.00167231414561031,0.0004744160028767707
2,0.0021991000000001126,-9.491951673417377,0.0003290050030293479,-12.0,4.746469347503283,12.0,-0.0002487262073390256,-0.0004746140342500201,-0.0004746140339210204,-0.0009491951673417378,0.001672439962582151,0.0004746140342500254
2,0.0021993000000001127,-9.495898507236602,0.0003278092172998015,-12.0,4.748440970722344,12.0,-0.0002482595211170946,-0.0004748113161504991,-0.0004748113158226951,-0.0009495898507236602,0.00167256520157355,0.0004748113161505044
2,0.002199500000000113,-9.499830345964215,0.0003266128378189848,-12.0,4.750405095504964,12.0,-0.0002477945069600529,-0.0004750078482667092,-0.0004750078479401017,-0.0009499830345964215,0.00167268986348712,0.0004750078482667145
2,0.002199700000000113,-9.503747183392571,0.0003254158660541684,-12.0,4.752361718749524,12.0,-0.0002473311666995465,-0.0004752036302883416,-0.0004752036299629313,-0.0009503747183392571,0.001672813949223917,0.000475203630288347
2,0.002199900000000113,-9.50764901333771,0.0003242183034779522,-12.0,4.754310837366255,12.0,-0.0002468695021619893,-0.0004753986619062722,-0.0004753986615820594,-0.0009507649013337711,0.001672937459682333,0.0004753986619062778
2,0.002200100000000113,-9.51153582963937,0.0003230201515580511,-12.0,4.756252448277223,12.0,-0.0002464095151682583,-0.0004755929428125611,-0.0004755929424895465,-0.0009511535829639372,0.001673060395759873,0.0004755929428125665
2,0.0022003000000001133,-9.515407626160988,0.0003218214117710616,-12.0,4.758186548416365,12.0,-0.0002459512075338177,-0.0004757864727004538,-0.000475786472378638,-0.0009515407626160988,0.001673182758350933,0.0004757864727004594
2,0.0022005000000001134,-9.519264396789719,0.0003206220855953568,-12.0,4.760113134729474,12.0,-0.0002454945810686227,-0.0004759792512643822,-0.0004759792509437658,-0.0009519264396789719,0.001673304548349686,0.0004759792512643879
2,0.0022007000000001135,-9.523106135436448,0.0003194221745048687,-12.0,4.762032204174203,12.0,-0.0002450396375772435,-0.0004761712781999641,-0.0004761712778805476,-0.0009523106135436449,0.001673425766646752,0.0004761712781999698
2,0.0022009000000001136,-9.526932836035783,0.0003182216799810789,-12.0,4.763943753720079,12.0,-0.0002445863788586994,-0.0004763625532040042,-0.0004763625528857882,-0.0009526932836035783,0.001673546414131422,0.0004763625532040099
2,0.0022011000000001137,-9.530744492546077,0.0003170206035085776,-12.0,4.765847780348508,12.0,-0.0002441348067064447,-0.0004765530759744941,-0.0004765530756574793,-0.0009530744492546077,0.001673666491691539,0.0004765530759745
2,0.002201300000000114,-9.53454109894945,0.0003158189465755079,-12.0,4.767744281052778,12.0,-0.0002436849229084104,-0.0004767428462106143,-0.0004767428458948013,-0.0009534541098949451,0.001673786000212285,0.0004767428462106203
2,0.002201500000000114,-9.538322649251759,0.000314616710662019,-12.0,4.76963325283804,12.0,-0.0002432367292470733,-0.0004769318636127318,-0.0004769318632981211,-0.0009538322649251759,0.001673904940577176,0.0004769318636127378
2,0.002201700000000114,-9.542089137482645,0.0003134138972660239,-12.0,4.771514692721361,12.0,-0.0002427902274992344,-0.0004771201278824033,-0.0004771201275689956,-0.0009542089137482646,0.001674023313667394,0.0004771201278824095
2,0.002201900000000114,-9.545840557695534,0.000312210507878774,-12.0,4.77338859773169,12.0,-0.0002423454194361158,-0.000477307638722375,-0.0004773076384101707,-0.0009545840557695534,0.001674141120362793,0.0004773076387223811
2,0.0022021000000001143,-9.54957690396763,0.0003110065439928533,-12.0,4.77525496490987,12.0,-0.0002419023068233189,-0.0004774943958365815,-0.0004774943955255811,-0.000954957690396763,0.001674258361540115,0.0004774943958365877
2,0.0022023000000001144,-9.553298170399938,0.0003098020071110597,-12.0,4.777113791308655,12.0,-0.0002414608914208805,-0.0004776803989301481,-0.0004776803986203525,-0.0009553298170399938,0.001674375038075104,0.0004776803989301544
2,0.0022025000000001145,-9.557004351117284,0.00030859689873175,-12.0,4.778965073992708,12.0,-0.000241021174983147,-0.0004778656477093913,-0.0004778656474008008,-0.0009557004351117284,0.00167449115084084,0.0004778656477093977
2,0.0022027000000001146,-9.560695440268288,0.0003073912203594986,-12.0,4.780808810038596,12.0,-0.0002405831592587754,-0.0004780501418818171,-0.0004780501415744324,-0.0009560695440268289,0.001674606700708403,0.0004780501418818237
2,0.0022029000000001147,-9.564371432025414,0.0003061849735015443,-12.0,4.78264499653481,12.0,-0.0002401468459907602,-0.0004782338811561242,-0.0004782338808499458,-0.0009564371432025415,0.001674721688546987,0.0004782338811561309
2,0.002203100000000115,-9.568032320584958,0.0003049781596677903,-12.0,4.784473630581762,12.0,-0.0002397122369164201,-0.0004784168652422027,-0.0004784168649372314,-0.0009568032320584959,0.001674836115223011,0.0004784168652422094
2,0.002203300000000115,-9.571678100167048,0.0003037707803694722,-12.0,4.786294709291786,12.0,-0.0002392793337672866,-0.0004785990938511348,-0.0004785990935473709,-0.0009571678100167048,0.001674949981601892,0.0004785990938511416
2,0.002203500000000115,-9.57530876501567,0.0003025628371253752,-12.0,4.788108229789152,12.0,-0.0002388481382692847,-0.0004787805666951958,-0.0004787805663926398,-0.000957530876501567,0.001675063288545942,0.0004787805666952027
2,0.002203700000000115,-9.578924309398676,0.0003013543314533962,-12.0,4.789914189210061,12.0,-0.0002384186521424275,-0.000478961283487854,-0.0004789612831865065,-0.0009578924309398677,0.001675176036915027,0.0004789612834878608
2,0.0022039000000001153,-9.582524727607806,0.0003001452648749847,-12.0,4.791712584702668,12.0,-0.0002379908771010242,-0.0004791412439437722,-0.0004791412436436341,-0.0009582524727607807,0.001675288227568239,0.0004791412439437793
2,0.0022041000000001154,-9.586110013958642,0.0002989356389120346,-12.0,4.793503413427047,12.0,-0.0002375648148536108,-0.0004793204477788064,-0.0004793204474798778,-0.0009586110013958643,0.001675399861360893,0.0004793204477788135
2,0.0022043000000001155,-9.589680162790668,0.000297725455099318,-12.0,4.795286672555237,12.0,-0.0002371404671028948,-0.0004794988947100066,-0.0004794988944122883,-0.0009589680162790668,0.001675510939147085,0.0004794988947100138
2,0.0022045000000001157,-9.593235168467286,0.0002965147149671665,-12.0,4.797062359271241,12.0,-0.0002367178355457689,-0.0004796765844556201,-0.0004796765841591126,-0.0009593235168467287,0.001675621461778021,0.0004796765844556274
2,0.0022047000000001158,-9.596775025375772,0.0002953034200454674,-12.0,4.798830470770989,12.0,-0.0002362969218732275,-0.000479853516735087,-0.0004798535164397909,-0.0009596775025375772,0.0016757314301038,0.0004798535167350944
2,0.002204900000000116,-9.600299727927332,0.0002940915718805392,-12.0,4.800591004262404,12.0,-0.0002358777277704505,-0.0004800296912690448,-0.0004800296909749607,-0.0009600299727927332,0.001675840844970411,0.0004800296912690524
2,0.002205100000000116,-9.603809270557104,0.0002928791720124835,-12.0,4.802343956965362,12.0,-0.000235460254916775,-0.0004802051077793275,-0.0004802051074864558,-0.0009603809270557105,0.001675949707222957,0.0004802051077793349
2,0.002205300000000116,-9.607303647724137,0.000291666221984066,-12.0,4.804089326111708,12.0,-0.0002350445049854599,-0.0004803797659889648,-0.000480379765697306,-0.0009607303647724138,0.001676058017704318,0.0004803797659889724
2,0.0022055000000001162,-9.610782853911427,0.000290452723349599,-12.0,4.805827108945266,12.0,-0.0002346304796441157,-0.000480553665622184,-0.0004805536653317389,-0.0009610782853911428,0.001676165777253602,0.0004805536656221916
2,0.0022057000000001163,-9.614246883625935,0.0002892386776576217,-12.0,4.807557302721841,12.0,-0.000234218180554191,-0.0004807268064044105,-0.0004807268061151797,-0.0009614246883625935,0.001676272986709471,0.0004807268064044184
2,0.0022059000000001164,-9.617695731398554,0.0002880240864708838,-12.0,4.809279904709224,12.0,-0.000233807609371306,-0.0004808991880622674,-0.0004808991877742512,-0.0009617695731398554,0.001676379646906589,0.0004808991880622754
2,0.0022061000000001166,-9.621129391784159,0.0002868089513454741,-12.0,4.810994912187186,12.0,-0.00023339876774503,-0.0004810708103235761,-0.0004810708100367752,-0.0009621129391784159,0.001676485758678403,0.0004810708103235842
2,0.0022063000000001167,-9.624547859361584,0.0002855932738481393,-12.0,4.812702322447498,12.0,-0.0002329916573190344,-0.0004812416729173568,-0.0004812416726317716,-0.0009624547859361585,0.001676591322854915,0.000481241672917365
2,0.002206500000000117,-9.627951128733665,0.0002843770555496228,-12.0,4.814402132793928,12.0,-0.0002325862797309119,-0.0004814117755738298,-0.0004814117752894608,-0.0009627951128733666,0.001676696340264794,0.0004814117755738378
2,0.002206700000000117,-9.631339194527214,0.0002831602980206682,-12.0,4.816094340542241,12.0,-0.0002321826366122465,-0.0004815811180244138,-0.0004815811177412618,-0.0009631339194527214,0.001676800811733603,0.0004815811180244221
2,0.002206900000000117,-9.634712051393045,0.0002819430028386805,-12.0,4.817778943020211,12.0,-0.0002317807295886126,-0.0004817497000017288,-0.0004817496997197943,-0.0009634712051393046,0.001676904738085017,0.0004817497000017373
2,0.002207100000000117,-9.63806969400598,0.0002807251715863934,-12.0,4.819455937567621,12.0,-0.0002313805602794788,-0.0004819175212395949,-0.0004819175209588784,-0.000963806969400598,0.001677008120139711,0.0004819175212396035
2,0.0022073000000001172,-9.641412117064853,0.0002795068058487615,-12.0,4.821125321536267,12.0,-0.000230982130298249,-0.0004820845814730334,-0.0004820845811935352,-0.0009641412117064853,0.001677110958715922,0.0004820845814730419
2,0.0022075000000001174,-9.644739315292522,0.0002782879072138478,-12.0,4.82278709228996,12.0,-0.0002305854412522762,-0.0004822508804382661,-0.0004822508801599869,-0.0009644739315292523,0.001677213254629439,0.0004822508804382746
2,0.0022077000000001175,-9.648051283435885,0.0002770684772817056,-12.0,4.82444124720455,12.0,-0.0002301904947427519,-0.0004824164178727183,-0.0004824164175956584,-0.0009648051283435886,0.001677315008693947,0.0004824164178727269
2,0.0022079000000001176,-9.651348016265873,0.0002758485176430625,-12.0,4.826087783667886,12.0,-0.0002297972923648028,-0.0004825811935150155,-0.0004825811932391758,-0.0009651348016265874,0.001677416221720018,0.0004825811935150244
2,0.0022081000000001177,-9.654629508577454,0.0002746280299068538,-12.0,4.827726699079867,12.0,-0.0002294058357072831,-0.0004827452071049872,-0.000482745206830368,-0.0009654629508577455,0.001677516894516451,0.000482745207104996
2,0.002208300000000118,-9.657895755189669,0.0002734070156811264,-12.0,4.829357990852426,12.0,-0.0002290161263530099,-0.0004829084583836655,-0.0004829084581102675,-0.0009657895755189669,0.001677617027888711,0.0004829084583836744
2,0.002208500000000118,-9.66114675094562,0.0002721854765748155,-12.0,4.830981656409528,12.0,-0.0002286281658785971,-0.0004830709470932863,-0.0004830709468211098,-0.0009661146750945621,0.001677716622639824,0.0004830709470932954
2,0.002208700000000118,-9.66438249071247,0.0002709634142088468,-12.0,4.832597693187182,12.0,-0.0002282419558544552,-0.0004832326729772882,-0.0004832326727063339,-0.000966438249071247,0.001677815679570593,0.0004832326729772973
2,0.002208900000000118,-9.667602969381466,0.0002697408302023696,-12.0,4.834206098633445,12.0,-0.0002278574978447079,-0.000483393635780315,-0.0004833936355105834,-0.0009667602969381467,0.00167791419947938,0.0004833936357803243
2,0.0022091000000001183,-9.670808181867947,0.0002685177261869676,-12.0,4.83580687020843,12.0,-0.000227474793407359,-0.000483553835248215,-0.0004835538349797068,-0.0009670808181867948,0.00167801218316066,0.0004835538352482244
2,0.0022093000000001184,-9.673998123111335,0.0002672941037911158,-12.0,4.837400005384294,12.0,-0.0002270938440940146,-0.000483713271128041,-0.0004837132708607563,-0.0009673998123111336,0.001678109631408353,0.0004837132711280504
2,0.0022095000000001185,-9.67717278807517,0.0002660699646517273,-12.0,4.838985501645263,12.0,-0.0002267146514502161,-0.0004838719431680516,-0.0004838719429019911,-0.0009677172788075171,0.001678206545011607,0.0004838719431680612
2,0.0022097000000001186,-9.680332171747102,0.0002648453104132642,-12.0,4.840563356487623,12.0,-0.0002263372170150796,-0.0004840298511177114,-0.0004840298508528758,-0.0009680332171747103,0.001678302924758235,0.000484029851117721
2,0.0022099000000001187,-9.683476269138877,0.000263620142720189,-12.0,4.842133567419721,12.0,-0.0002259615423214206,-0.0004841869947276902,-0.0004841869944640799,-0.0009683476269138877,0.001678398771433165,0.0004841869947277001
2,0.002210100000000119,-9.686605075286392,0.0002623944632280661,-12.0,4.843696131961982,12.0,-0.0002255876288957959,-0.0004843433737498656,-0.000484343373487481,-0.0009686605075286393,0.001678494085818327,0.0004843433737498755
2,0.002210300000000119,-9.689718585249661,0.0002611682735924603,-12.0,4.845251047646903,12.0,-0.0002252154782584337,-0.0004844989879373212,-0.0004844989876761627,-0.0009689718585249662,0.001678588868692765,0.000484498987937331
2,0.002210500000000119,-9.692816794112858,0.0002599415754804824,-12.0,4.846798312019065,12.0,-0.0002248450919231509,-0.0004846538370443485,-0.0004846538367844169,-0.0009692816794112858,0.001678683120833746,0.0004846538370443585
2,0.002210700000000119,-9.695899696984291,0.00025871437055347,-12.0,4.848337922635119,12.0,-0.0002244764713974501,-0.0004848079208264464,-0.0004848079205677422,-0.0009695899696984292,0.001678776843014318,0.0004848079208264566
2,0.0022109000000001193,-9.698967288996409,0.0002574866604936332,-12.0,4.849869877063811,12.0,-0.0002241096181823526,-0.0004849612390403217,-0.0004849612387828451,-0.0009698967288996409,0.001678870036006641,0.0004849612390403318
2,0.0022111000000001194,-9.702019565305864,0.0002562584469778528,-12.0,4.851394172885983,12.0,-0.0002237445337726629,-0.0004851137914438901,-0.0004851137911876421,-0.0009702019565305865,0.001678962700577769,0.0004851137914439005
2,0.0022113000000001195,-9.705056521093443,0.0002550297316883388,-12.0,4.852910807694552,12.0,-0.0002233812196565932,-0.000485265577796276,-0.0004852655775412566,-0.0009705056521093444,0.001679054837494309,0.0004852655777962864
2,0.0022115000000001196,-9.708078151564129,0.0002538005163228441,-12.0,4.854419779094553,12.0,-0.0002230196773159998,-0.0004854165978578126,-0.0004854165976040226,-0.0009708078151564129,0.001679146447518542,0.0004854165978578231
2,0.0022117000000001197,-9.711084451947093,0.0002525708025733486,-12.0,4.855921084703115,12.0,-0.0002226599082262581,-0.0004855668513900437,-0.0004855668511374833,-0.0009711084451947093,0.001679237531410416,0.0004855668513900542
2,0.00221190000000012,-9.714075417495687,0.0002513405921442669,-12.0,4.857414722149466,12.0,-0.0002223019138563598,-0.0004857163381557214,-0.0004857163379043917,-0.0009714075417495688,0.001679328089927212,0.0004857163381557322
2,0.00221210000000012,-9.717051043487471,0.0002501098867440099,-12.0,4.858900689074951,12.0,-0.000221945695668635,-0.00048586505791881,-0.0004858650576687108,-0.0009717051043487471,0.001679418123822662,0.0004858650579188208
2,0.00221230000000012,-9.720011325224212,0.0002488786880903149,-12.0,4.860378983133028,12.0,-0.0002215912551191135,-0.0004860130104444829,-0.0004860130101956151,-0.0009720011325224212,0.00167950763384872,0.0004860130104444938
2,0.00221250000000012,-9.722956258031884,0.0002476469979009188,-12.0,4.861849601989264,12.0,-0.0002212385936571637,-0.0004861601954991254,-0.0004861601952514893,-0.0009722956258031884,0.001679596620753454,0.0004861601954991363
2,0.0022127000000001203,-9.725885837260696,0.0002464148179055492,-12.0,4.863312543321355,12.0,-0.0002208877127257147,-0.0004863066128503339,-0.0004863066126039301,-0.0009725885837260697,0.00167968508528249,0.000486306612850345
2,0.0022129000000001204,-9.728800058285081,0.0002451821498348217,-12.0,4.864767804819114,12.0,-0.0002205386137610621,-0.0004864522622669167,-0.0004864522620217458,-0.0009728800058285082,0.001679773028178566,0.0004864522622669279
2,0.0022131000000001205,-9.7316989165037,0.0002439489954326746,-12.0,4.866215384184488,12.0,-0.0002201912981930204,-0.0004865971435188944,-0.0004865971432749566,-0.0009731698916503699,0.001679860450181536,0.0004865971435189056
2,0.0022133000000001206,-9.734582407339467,0.0002427153564412698,-12.0,4.867655279131549,12.0,-0.0002198457674447707,-0.0004867412563774994,-0.0004867412561347954,-0.0009734582407339467,0.001679947352027478,0.0004867412563775109
2,0.0022135000000001208,-9.737450526239543,0.000241481234615204,-12.0,4.869087487386506,12.0,-0.000219502022932902,-0.0004868846006151776,-0.000486884600373708,-0.0009737450526239544,0.001680033734451136,0.0004868846006151891
2,0.002213700000000121,-9.740303268675346,0.0002402466317144025,-12.0,4.87051200668771,12.0,-0.0002191600660673976,-0.0004870271760055879,-0.000487027175765353,-0.0009740303268675346,0.001680119598182817,0.0004870271760055996
2,0.002213900000000121,-9.743140630142548,0.000239011549503676,-12.0,4.871928834785646,12.0,-0.0002188198982516071,-0.0004871689823236025,-0.0004871689820846026,-0.0009743140630142548,0.001680204943950603,0.0004871689823236143
2,0.002214100000000121,-9.745962606161113,0.0002377759897553844,-12.0,4.873337969442949,12.0,-0.0002184815208821772,-0.0004873100193453077,-0.0004873100191075434,-0.0009745962606161114,0.001680289772479249,0.0004873100193453194
2,0.002214300000000121,-9.748769192275269,0.0002365399542521018,-12.0,4.874739408434412,12.0,-0.0002181449353492598,-0.0004874502868480041,-0.000487450286611476,-0.000974876919227527,0.001680374084490288,0.000487450286848016
2,0.0022145000000001213,-9.751560384053532,0.0002353034447724056,-12.0,4.876133149546959,12.0,-0.0002178101430361373,-0.0004875897846102067,-0.0004875897843749152,-0.0009751560384053533,0.001680457880702924,0.0004875897846102187
2,0.0022147000000001214,-9.754336177088696,0.0002340664631184097,-12.0,4.87751919057969,12.0,-0.0002174771453194724,-0.0004877285124116451,-0.0004877285121775907,-0.0009754336177088697,0.001680541161832916,0.0004877285124116572
2,0.0022149000000001215,-9.75709656699788,0.0002328290110829023,-12.0,4.878897529343855,12.0,-0.0002171459435692524,-0.0004878664700332651,-0.0004878664698004482,-0.0009757096566997881,0.001680623928592806,0.0004878664700332772
2,0.0022151000000001217,-9.75984154942249,0.0002315910904773233,-12.0,4.880268163662872,12.0,-0.000216816539148762,-0.0004880036572572271,-0.0004880036570256484,-0.000975984154942249,0.001680706181691694,0.0004880036572572394
2,0.0022153000000001218,-9.762571120028243,0.0002303527031135566,-12.0,4.881631091372317,12.0,-0.0002164889334144021,-0.0004881400738669081,-0.0004881400736365678,-0.0009762571120028243,0.001680787921836679,0.0004881400738669204
2,0.002215500000000122,-9.765285274505175,0.0002291138508132562,-12.0,4.882986310319945,12.0,-0.0002161631277159265,-0.0004882757196469007,-0.0004882757194177995,-0.0009765285274505175,0.00168086914973109,0.0004882757196469132
2,0.002215700000000122,-9.767984008567652,0.0002278745354060696,-12.0,4.884333818365681,12.0,-0.0002158391233963441,-0.0004884105943830149,-0.0004884105941551529,-0.0009767984008567652,0.001680949866075143,0.0004884105943830275
2,0.002215900000000122,-9.770667317954366,0.0002266347587260853,-12.0,4.88567361338162,12.0,-0.0002155169217918224,-0.0004885446978622768,-0.0004885446976356546,-0.0009770667317954367,0.001681030071565726,0.0004885446978622894
2,0.0022161000000001222,-9.773335198428354,0.0002253945226176057,-12.0,4.887005693252048,12.0,-0.0002151965242316589,-0.0004886780298729303,-0.0004886780296475486,-0.0009773335198428354,0.001681109766897282,0.0004886780298729431
2,0.0022163000000001223,-9.775987645776986,0.0002241538289324829,-12.0,4.88833005587343,12.0,-0.000214877932038518,-0.000488810590204437,-0.000488810589980296,-0.0009775987645776988,0.001681188952759927,0.0004888105902044498
2,0.0022165000000001225,-9.778624655811992,0.0002229126795270098,-12.0,4.889646699154413,12.0,-0.0002145611465280278,-0.0004889423786474757,-0.000488942378424576,-0.0009778624655811992,0.00168126762984222,0.0004889423786474886
2,0.0022167000000001226,-9.781246224369452,0.0002216710762676932,-12.0,4.890955621015839,12.0,-0.0002142461690090997,-0.0004890733949939439,-0.0004890733947722861,-0.0009781246224369452,0.001681345798827838,0.0004890733949939572
2,0.0022169000000001227,-9.783852347309818,0.0002204290210290338,-12.0,4.892256819390743,12.0,-0.0002139330007837614,-0.0004892036390369581,-0.0004892036388165423,-0.0009783852347309818,0.001681423460398346,0.0004892036390369714
2,0.002217100000000123,-9.786443020517902,0.000219186515689973,-12.0,4.893550292224351,12.0,-0.0002136216431471299,-0.0004893331105708528,-0.0004893331103516796,-0.0009786443020517903,0.001681500615231424,0.0004893331105708662
2,0.002217300000000123,-9.789018239902896,0.0002179435621423309,-12.0,4.894836037474096,12.0,-0.0002133120973874109,-0.0004894618093911821,-0.000489461809173252,-0.0009789018239902897,0.00168157726400231,0.0004894618093911954
2,0.002217500000000123,-9.791578001398374,0.0002167001622814801,-12.0,4.89611405310961,12.0,-0.0002130043647859403,-0.0004895897352947194,-0.0004895897350780329,-0.0009791578001398374,0.001681653407382022,0.0004895897352947328
2,0.002217700000000123,-9.794122300962307,0.0002154563180134517,-12.0,4.897384337112737,12.0,-0.0002126984466171156,-0.0004897168880794588,-0.0004897168878640161,-0.0009794122300962307,0.001681729046039027,0.0004897168880794724
2,0.0022179000000001232,-9.79665113457705,0.0002142120312469409,-12.0,4.898646887477516,12.0,-0.0002123943441484227,-0.0004898432675446131,-0.000489843267330415,-0.000979665113457705,0.001681804180638569,0.000489843267544627
2,0.0022181000000001234,-9.799164498249356,0.0002129673039079627,-12.0,4.899901702210213,12.0,-0.0002120920586403258,-0.0004899688734906167,-0.0004899688732776632,-0.0009799164498249357,0.001681878811841786,0.0004899688734906307
2,0.0022183000000001235,-9.8016623880104,0.0002117221379229761,-12.0,4.901148779329306,12.0,-0.0002117915913463914,-0.0004900937057191243,-0.0004900937055074161,-0.00098016623880104,0.001681952940307596,0.0004900937057191383
2,0.0022185000000001236,-9.80414479991575,0.0002104765352299864,-12.0,4.902388116865485,12.0,-0.0002114929435131363,-0.0004902177640330114,-0.0004902177638225491,-0.0009804144799915751,0.001682026566690475,0.0004902177640330255
2,0.0022187000000001237,-9.806611730045406,0.0002092304977741044,-12.0,4.903619712861669,12.0,-0.0002111961163801662,-0.0004903410482363754,-0.000490341048027159,-0.0009806611730045407,0.001682099691642347,0.0004903410482363895
2,0.002218900000000124,-9.809063174503791,0.0002079840275106548,-12.0,4.904843565373002,12.0,-0.0002109011111799813,-0.000490463558134535,-0.0004904635579265652,-0.000980906317450379,0.001682172315811914,0.0004904635581345492
2,0.002219100000000124,-9.811499129419765,0.0002067371263980711,-12.0,4.90605967246685,12.0,-0.000210607929138143,-0.000490585293534031,-0.0004905852933273082,-0.0009811499129419765,0.001682244439843661,0.0004905852935340451
2,0.002219300000000124,-9.813919590946611,0.0002054897964089974,-12.0,4.907268032222817,12.0,-0.0002103165714730376,-0.0004907062542426265,-0.0004907062540371511,-0.0009813919590946612,0.001682316064379297,0.0004907062542426408
2,0.002219500000000124,-9.81632455526206,0.0002042420395245159,-12.0,4.908468642732738,12.0,-0.0002100270393961823,-0.0004908264400693068,-0.0004908264398650792,-0.000981632455526206,0.0016823871900572,0.0004908264400693213
2,0.0022197000000001243,-9.818714018568304,0.000202993857728373,-12.0,4.909661502100682,12.0,-0.0002097393341118359,-0.0004909458508242807,-0.0004909458506213017,-0.0009818714018568304,0.001682457817512417,0.0004909458508242954
2,0.0022199000000001244,-9.821087977091967,0.0002017452530180819,-12.0,4.910846608442963,12.0,-0.0002094534568173323,-0.0004910644863189797,-0.0004910644861172494,-0.0009821087977091966,0.001682527947375889,0.0004910644863189946
2,0.0022201000000001245,-9.823446427084146,0.0002004962274009259,-12.0,4.912023959888137,12.0,-0.0002091694087027612,-0.0004911823463660587,-0.0004911823461655774,-0.0009823446427084147,0.001682597580275669,0.0004911823463660737
2,0.0022203000000001246,-9.825789364820409,0.0001992467828890732,-12.0,4.913193554577006,12.0,-0.0002088871909512319,-0.0004912994307793968,-0.0004912994305801649,-0.000982578936482041,0.0016826667168367,0.0004912994307794117
2,0.0022205000000001247,-9.82811678660079,0.0001979969215026856,-12.0,4.914355390662618,12.0,-0.0002086068047386092,-0.0004914157393740966,-0.0004914157391761146,-0.000982811678660079,0.00168273535767971,0.0004914157393741116
2,0.002220700000000125,-9.830428688749787,0.0001967466452756916,-12.0,4.915509466310275,12.0,-0.000208328251233722,-0.0004915312719664846,-0.0004915312717697532,-0.0009830428688749789,0.001682803503422314,0.0004915312719665
2,0.002220900000000125,-9.832725067616416,0.0001954959562486813,-12.0,4.91665577969754,12.0,-0.0002080515315981829,-0.000491646028374114,-0.0004916460281786332,-0.0009832725067616416,0.001682871154678467,0.0004916460283741291
2,0.002221100000000125,-9.83500591957414,0.0001942448564671295,-12.0,4.917794329014219,12.0,-0.0002077766469864156,-0.0004917600084157598,-0.0004917600082215304,-0.000983500591957414,0.001682938312059457,0.0004917600084157752
2,0.002221300000000125,-9.837271241020941,0.0001929933479920543,-12.0,4.918925112462392,12.0,-0.0002075035985457108,-0.0004918732119114245,-0.0004918732117184467,-0.0009837271241020943,0.001683004976171687,0.0004918732119114401
2,0.0022215000000001253,-9.839521028379298,0.0001917414328929112,-12.0,4.920048128256401,12.0,-0.0002072323874161563,-0.0004919856386823353,-0.0004919856384906096,-0.00098395210283793,0.00168307114761912,0.0004919856386823508
2,0.0022217000000001254,-9.841755278096182,0.0001904891132400444,-12.0,4.921163374622842,12.0,-0.0002069630147305962,-0.0004920972885509446,-0.0004920972883604712,-0.0009841755278096182,0.001683136827001719,0.0004920972885509603
2,0.0022219000000001255,-9.84397398664309,0.0001892363911242256,-12.0,4.922270849800594,12.0,-0.0002066954816146716,-0.0004922081613409313,-0.0004922081611517107,-0.0009843973986643092,0.001683202014916119,0.0004922081613409471
2,0.0022221000000001256,-9.846177150516034,0.000187983268635783,-12.0,4.923370552040804,12.0,-0.0002064297891868072,-0.0004923182568772009,-0.0004923182566892335,-0.0009846177150516036,0.001683266711955067,0.0004923182568772168
2,0.0022223000000001257,-9.84836476623554,0.0001867297478823637,-12.0,4.92446247960689,12.0,-0.0002061659385581976,-0.0004924275749858849,-0.0004924275747991711,-0.000984836476623554,0.00168333091870787,0.0004924275749859008
2,0.002222500000000126,-9.850536830346657,0.000185475830974724,-12.0,4.925546630774549,12.0,-0.0002059039308326127,-0.0004925361154943413,-0.0004925361153088816,-0.0009850536830346658,0.001683394635760838,0.0004925361154943575
2,0.002222700000000126,-9.852693339418979,0.0001842215200356101,-12.0,4.926623003831758,12.0,-0.0002056437671067723,-0.0004926438782311562,-0.0004926438780469508,-0.000985269333941898,0.001683457863695836,0.0004926438782311722
2,0.002222900000000126,-9.85483429004663,0.0001829668171975385,-12.0,4.92769159707878,12.0,-0.0002053854484699302,-0.000492750863026142,-0.0004927508628431915,-0.000985483429004663,0.001683520603091515,0.0004927508630261583
2,0.002223100000000126,-9.856959678848273,0.0001817117246010191,-12.0,4.928752408828156,12.0,-0.0002051289760041514,-0.000492857069710339,-0.0004928570695286438,-0.0009856959678848274,0.001683582854522525,0.0004928570697103554
2,0.0022233000000001263,-9.859069502467124,0.0001804562443981084,-12.0,4.929805437404722,12.0,-0.0002048743507841039,-0.0004929624981160159,-0.0004929624979355761,-0.0009859069502467124,0.001683644618560742,0.0004929624981160325
2,0.0022235000000001264,-9.86116375757095,0.0001792003787501883,-12.0,4.930850681145603,12.0,-0.0002046215738771839,-0.0004930671480766688,-0.000493067147897485,-0.000986116375757095,0.001683705895773713,0.0004930671480766854
2,0.0022237000000001265,-9.863242440852076,0.0001779441298230822,-12.0,4.931888138400214,12.0,-0.0002043706463434186,-0.0004931710194270224,-0.0004931710192490951,-0.0009863242440852076,0.001683766686725097,0.0004931710194270391
2,0.0022239000000001266,-9.865305549027386,0.0001766874998003765,-12.0,4.932917807530268,12.0,-0.0002041215692354381,-0.0004932741120030301,-0.0004932741118263594,-0.0009865305549027388,0.00168382699197589,0.0004932741120030467
2,0.0022241000000001268,-9.867353078838349,0.0001754304908687665,-12.0,4.933939686909783,12.0,-0.0002038743435986284,-0.0004933764256418744,-0.0004933764254664609,-0.0009867353078838348,0.00168388681208187,0.0004933764256418914
2,0.002224300000000127,-9.869385027050981,0.0001741731052282702,-12.0,4.934953774925065,12.0,-0.0002036289704708261,-0.0004934779601819666,-0.0004934779600078105,-0.0009869385027050982,0.001683946147597037,0.0004934779601819837
2,0.002224500000000127,-9.871401390455896,0.0001729153450864551,-12.0,4.935960069974731,12.0,-0.0002033854508826233,-0.0004935787154629474,-0.0004935787152900491,-0.0009871401390455896,0.001684004999069955,0.0004935787154629645
2,0.002224700000000127,-9.873402165868281,0.000171657212662879,-12.0,4.936958570469708,12.0,-0.0002031437858571183,-0.0004936786913256873,-0.0004936786911540472,-0.000987340216586828,0.001684063367046518,0.0004936786913257045
2,0.002224900000000127,-9.875387350127928,0.0001703987101837612,-12.0,4.937949274833226,12.0,-0.0002029039764100266,-0.0004937778876122869,-0.0004937778874419056,-0.0009875387350127929,0.001684121252068405,0.0004937778876123042
2,0.0022251000000001273,-9.877356940099194,0.0001691398398881994,-12.0,4.938932181500826,12.0,-0.0002026660235496108,-0.0004938763041660765,-0.0004938763039969541,-0.0009877356940099194,0.001684178654673629,0.0004938763041660938
2,0.0022253000000001274,-9.879310932671045,0.0001678806040241732,-12.0,4.939907288920365,12.0,-0.0002024299282766956,-0.0004939739408316167,-0.0004939739406637535,-0.0009879310932671046,0.001684235575396875,0.000493973940831634
2,0.0022255000000001275,-9.881249324757066,0.000166621004848988,-12.0,4.940874595552017,12.0,-0.0002021956915846945,-0.0004940707974546992,-0.0004940707972880958,-0.0009881249324757066,0.001684292014768274,0.0004940707974547168
2,0.0022257000000001277,-9.883172113295434,0.0001653610446288312,-12.0,4.941834099868269,12.0,-0.0002019633144594718,-0.0004941668738823465,-0.0004941668737170031,-0.0009883172113295433,0.001684347973314959,0.000494166873882364
2,0.0022259000000001278,-9.885079295248934,0.0001641007256414362,-12.0,4.942785800353936,12.0,-0.0002017327978794392,-0.0004942621699628117,-0.0004942621697987288,-0.0009885079295248935,0.001684403451559846,0.0004942621699628294
2,0.002226100000000128,-9.88697086760498,0.0001628400501747507,-12.0,4.943729695506152,12.0,-0.0002015041428155839,-0.0004943566855455799,-0.0004943566853827578,-0.000988697086760498,0.001684458450021853,0.0004943566855455978
2,0.002226300000000128,-9.888846827375598,0.0001615790205247158,-12.0,4.944665783834377,12.0,-0.0002012773502313714,-0.0004944504204813673,-0.0004944504203198061,-0.0009888846827375598,0.0016845129692169,0.0004944504204813854
2,0.002226500000000128,-9.890707171597446,0.0001603176390005956,-12.0,4.9455940638604,12.0,-0.0002010524210826065,-0.0004945433746221219,-0.0004945433744618224,-0.0009890707171597447,0.001684567009656135,0.00049454337462214
2,0.0022267000000001282,-9.892551897331813,0.0001590559079178711,-12.0,4.946514534118342,12.0,-0.0002008293563177527,-0.0004946355478210242,-0.0004946355476619866,-0.0009892551897331813,0.001684620571847484,0.0004946355478210425
2,0.0022269000000001283,-9.894381001664616,0.0001577938296044579,-12.0,4.947427193154653,12.0,-0.0002006081568776547,-0.0004947269399324867,-0.0004947269397747111,-0.0009894381001664617,0.001684673656294544,0.0004947269399325049
2,0.0022271000000001285,-9.896194481706418,0.0001565314063984857,-12.0,4.94833203952812,12.0,-0.0002003888236956075,-0.0004948175508121537,-0.0004948175506556408,-0.0009896194481706418,0.001684726263497915,0.0004948175508121722
2,0.0022273000000001286,-9.897992334592425,0.0001552686406443016,-12.0,4.949229071809865,12.0,-0.0002001713576973568,-0.0004949073803169037,-0.0004949073801616535,-0.0009897992334592426,0.001684778393953312,0.0004949073803169221
2,0.0022275000000001287,-9.899774557482491,0.00015400553470446,-12.0,4.950118288583358,12.0,-0.0001999557598010432,-0.0004949964283048468,-0.0004949964281508598,-0.0009899774557482492,0.001684830048153341,0.0004949964283048654
2,0.002227700000000129,-9.901541147561131,0.0001527420909397392,-12.0,4.950999688444396,12.0,-0.0001997420309172715,-0.000495084694635327,-0.0004950846944826036,-0.000990154114756113,0.001684881226586166,0.0004950846946353457
2,0.002227900000000129,-9.903292102037504,0.000151478311733122,-12.0,4.951873270001135,12.0,-0.0001995301719489861,-0.0004951721791689213,-0.0004951721790174619,-0.0009903292102037505,0.001684931929736511,0.0004951721791689402
2,0.002228100000000129,-9.905027418145446,0.0001502141994689232,-12.0,4.952739031874069,12.0,-0.0001993201837916375,-0.0004952588817674411,-0.0004952588816172457,-0.0009905027418145446,0.001684982158084769,0.0004952588817674601
2,0.002228300000000129,-9.90674709314344,0.000148949756547001,-12.0,4.953596972696038,12.0,-0.0001991120673329461,-0.0004953448022939302,-0.0004953448021449994,-0.0009906747093143442,0.001685031912107671,0.000495344802293949
2,0.0022285000000001292,-9.908451124314661,0.0001476849853734308,-12.0,4.95444709111224,12.0,-0.0001989058234529717,-0.0004954299406126676,-0.0004954299404650018,-0.0009908451124314662,0.001685081192278393,0.0004954299406126866
2,0.0022287000000001294,-9.910139508966942,0.0001464198883680545,-12.0,4.955289385780222,12.0,-0.0001987014530243358,-0.0004955142965891664,-0.0004955142964427656,-0.0009910139508966943,0.001685129999065116,0.0004955142965891855
2,0.0022289000000001295,-9.911812244432808,0.0001451544679573757,-12.0,4.956123855369883,12.0,-0.0001984989569117496,-0.0004955978700901734,-0.0004955978699450383,-0.0009911812244432809,0.001685178332933024,0.0004955978700901926
2,0.0022291000000001296,-9.913469328069459,0.0001438887265790001,-12.0,4.956950498563485,12.0,-0.0001982983359724577,-0.0004956806609836713,-0.0004956806608398019,-0.000991346932806946,0.001685226194343192,0.0004956806609836906
2,0.0022293000000001297,-9.915110757258782,0.0001426226666838559,-12.0,4.957769314055644,12.0,-0.0001980995910559752,-0.0004957626691388766,-0.0004957626689962734,-0.0009915110757258783,0.001685273583752256,0.0004957626691388959
2,0.00222950000000013,-9.916736529407368,0.0001413562907264243,-12.0,4.958580300553338,12.0,-0.0001979027230040731,-0.0004958438944262416,-0.0004958438942849047,-0.0009916736529407368,0.00168532050161363,0.0004958438944262613
2,0.00222970000000013,-9.918346641946492,0.0001400896011789499,-12.0,4.959383456775909,12.0,-0.0001977077326509036,-0.0004959243367174533,-0.0004959243365773835,-0.0009918346641946492,0.001685366948375733,0.000495924336717473
2,0.00222990000000013,-9.919941092332124,0.0001388226005181181,-12.0,4.960178781455065,12.0,-0.000197514620822889,-0.000496003995885435,-0.0004960039957466321,-0.0009919941092332125,0.001685412924483765,0.0004960039958854547
2,0.00223010000000013,-9.92151987804495,0.0001375552912330491,-12.0,4.960966273334878,12.0,-0.0001973233883387354,-0.0004960828718043447,-0.0004960828716668092,-0.000992151987804495,0.001685458430378706,0.0004960828718043645
2,0.0022303000000001303,-9.923082996590363,0.0001362876758226328,-12.0,4.961745931171792,12.0,-0.000197134036009447,-0.0004961609643495772,-0.0004961609642133093,-0.0009923082996590364,0.001685503466497762,0.0004961609643495969
2,0.0022305000000001304,-9.92463044549846,0.0001350197567941969,-12.0,4.962517753734618,12.0,-0.0001969465646381868,-0.0004962382733977623,-0.0004962382732627628,-0.000992463044549846,0.001685548033273698,0.0004962382733977825
2,0.0022307000000001305,-9.926162222324061,0.0001337515366683917,-12.0,4.963281739804549,12.0,-0.0001967609750205684,-0.0004963147988267681,-0.0004963147986930365,-0.000992616222232406,0.001685592131135172,0.0004963147988267881
2,0.0022309000000001306,-9.927678324646704,0.0001324830179716407,-12.0,4.964037888175141,12.0,-0.0001965772679442812,-0.0004963905405156967,-0.0004963905403832338,-0.0009927678324646704,0.001685635760507287,0.0004963905405157169
2,0.0022311000000001307,-9.929178750070646,0.0001312142032459107,-12.0,4.964786197652333,12.0,-0.0001963954441893401,-0.0004964654983448885,-0.0004964654982136946,-0.0009929178750070647,0.001685678921810596,0.0004964654983449087
2,0.002231300000000131,-9.930663496224874,0.000129945095037165,-12.0,4.965526667054444,12.0,-0.0001962155045279051,-0.0004965396721959204,-0.0004965396720659956,-0.0009930663496224873,0.001685721615461988,0.0004965396721959408
2,0.002231500000000131,-9.93213256076311,0.0001286756959073543,-12.0,4.966259295212174,12.0,-0.0001960374497244483,-0.0004966130619516063,-0.0004966130618229509,-0.000993213256076311,0.001685763841874244,0.0004966130619516267
2,0.002231700000000131,-9.933585941363809,0.0001274060084219819,-12.0,4.966984080968598,12.0,-0.0001958612805355725,-0.0004966856674959972,-0.0004966856673686116,-0.000993358594136381,0.001685805601455703,0.0004966856674960177
2,0.002231900000000131,-9.935023635730166,0.000126136035160318,-12.0,4.967701023179184,12.0,-0.0001956869977101233,-0.0004967574887143817,-0.0004967574885882663,-0.0009935023635730166,0.001685846894610821,0.0004967574887144023
2,0.0022321000000001313,-9.936445641590112,0.000124865778712735,-12.0,4.968410120711781,12.0,-0.0001955146019891052,-0.0004968285254932863,-0.0004968285253684412,-0.0009936445641590113,0.001685887721739943,0.0004968285254933069
2,0.0022323000000001314,-9.937851956696322,0.0001235952416762665,-12.0,4.969111372446628,12.0,-0.0001953440941057233,-0.0004968987777204745,-0.0004968987775969,-0.0009937851956696323,0.001685928083239752,0.0004968987777204952
2,0.0022325000000001315,-9.939242578826233,0.0001223244266590484,-12.0,4.969804777276351,12.0,-0.0001951754747853141,-0.0004969682452849484,-0.0004969682451626446,-0.0009939242578826234,0.001685967979501934,0.0004969682452849692
2,0.0022327000000001316,-9.940617505782035,0.0001210533362812072,-12.0,4.970490334105972,12.0,-0.0001950087447454563,-0.0004970369280769483,-0.0004970369279559158,-0.0009940617505782034,0.001686007410914403,0.0004970369280769691
2,0.0022329000000001317,-9.941976735390664,0.0001197819731659777,-12.0,4.9711680418529,12.0,-0.0001948439046957351,-0.0004971048259879525,-0.0004971048258681915,-0.0009941976735390666,0.001686046377861516,0.0004971048259879735
2,0.002233100000000132,-9.943320265503814,0.0001185103399556908,-12.0,4.971837899446944,12.0,-0.0001946809553380335,-0.0004971719389106779,-0.0004971719387921885,-0.0009943320265503816,0.001686084880722749,0.0004971719389106989
2,0.002233300000000132,-9.944648093997966,0.0001172384392948977,-12.0,4.972499905830309,12.0,-0.0001945198973662618,-0.0004972382667390803,-0.000497238266621863,-0.0009944648093997966,0.001686122919873578,0.0004972382667391013
2,0.002233500000000132,-9.945960218774339,0.000115966273839696,-12.0,4.973154059957591,12.0,-0.0001943607314665308,-0.000497303809368354,-0.0004973038092524089,-0.0009945960218774338,0.001686160495685485,0.0004973038093683751
2,0.002233700000000132,-9.94725663775894,0.000114693846259506,-12.0,4.973800360795797,12.0,-0.0001942034583169716,-0.0004973685666949325,-0.00049736856658026,-0.000994725663775894,0.001686197608525841,0.0004973685666949538
2,0.0022339000000001323,-9.948537348902544,0.0001134211592273004,-12.0,4.974438807324326,12.0,-0.0001940480785879023,-0.0004974325386164885,-0.0004974325385030886,-0.0009948537348902545,0.001686234258757802,0.0004974325386165099
2,0.0022341000000001324,-9.949802350180716,0.0001121482154315956,-12.0,4.975069398534988,12.0,-0.0001938945929416958,-0.0004974957250319342,-0.0004974957249198074,-0.0009949802350180718,0.001686270446739857,0.0004974957250319556
2,0.0022343000000001325,-9.95105163959378,0.0001108750175644602,-12.0,4.975692133431988,12.0,-0.0001937430020328423,-0.0004975581258414208,-0.0004975581257305672,-0.000995105163959378,0.001686306172827057,0.0004975581258414424
2,0.0022345000000001326,-9.952285215166867,0.0001096015683317297,-12.0,4.976307011031945,12.0,-0.0001935933065078804,-0.0004976197409463398,-0.0004976197408367599,-0.0009952285215166867,0.001686341437369898,0.0004976197409463615
2,0.0022347000000001328,-9.95350307494988,0.0001083278704454571,-12.0,4.976914030363887,12.0,-0.0001934455070055213,-0.0004976805702493224,-0.0004976805701410162,-0.0009953503074949881,0.001686376240714216,0.0004976805702493442
2,0.002234900000000133,-9.954705217017514,0.0001070539266305737,-12.0,4.977513190469242,12.0,-0.0001932996041563578,-0.0004977406136542394,-0.0004977406135472073,-0.0009954705217017515,0.001686410583202402,0.0004977406136542612
2,0.002235100000000133,-9.955891639469264,0.0001057797396182281,-12.0,4.978104490401858,12.0,-0.0001931555985832112,-0.0004977998710662021,-0.0004977998709604441,-0.0009955891639469264,0.001686444465172632,0.000497799871066224
2,0.002235300000000133,-9.95706234042942,0.0001045053121511152,-12.0,4.97868792922799,12.0,-0.0001930134909008258,-0.000497858342391562,-0.0004978583422870786,-0.000995706234042942,0.001686477886957971,0.000497858342391584
2,0.002235500000000133,-9.958217318047069,0.0001032306469781474,-12.0,4.979263506026309,12.0,-0.0001928732817161119,-0.0004979160275379111,-0.0004979160274347023,-0.000995821731804707,0.001686510848888045,0.0004979160275379331
2,0.0022357000000001333,-9.959356570496109,0.0001019557468593391,-12.0,4.979831219887901,12.0,-0.0001927349716278615,-0.0004979729264140821,-0.0004979729263121485,-0.000995935657049611,0.001686543351287928,0.0004979729264141041
2,0.0022359000000001334,-9.960480095975228,0.0001006806145635863,-12.0,4.980391069916267,12.0,-0.0001925985612270947,-0.0004980290389301483,-0.0004980290388294896,-0.000996048009597523,0.001686575394478473,0.0004980290389301703
2,0.0022361000000001336,-9.961587892707948,9.940525286777913e-05,-12.0,4.980943055227328,12.0,-0.0001924640510966302,-0.000498084364997424,-0.0004980843648980408,-0.0009961587892707948,0.001686606978776428,0.000498084364997446
2,0.0022363000000001337,-9.962679958942584,9.812966455724492e-05,-12.0,4.981487174949425,12.0,-0.0001923314418114455,-0.0004981389045284645,-0.0004981389044303571,-0.0009962679958942585,0.001686638104493876,0.0004981389045284868
2,0.0022365000000001338,-9.963756292952269,9.685385243018985e-05,-12.0,4.982023428223318,12.0,-0.0001922007339384413,-0.0004981926574370664,-0.0004981926573402349,-0.000996375629295227,0.001686668771939015,0.0004981926574370889
2,0.002236700000000134,-9.964816893034959,9.557781928704046e-05,-12.0,4.982551814202189,12.0,-0.0001920719280365871,-0.0004982456236382679,-0.0004982456235427124,-0.000996481689303496,0.001686698981415602,0.0004982456236382902
2,0.002236900000000134,-9.96586175751343,9.430156794421052e-05,-12.0,4.983072332051647,12.0,-0.0001919450246567686,-0.0004982978030483478,-0.0004982978029540688,-0.000996586175751343,0.001686728733223619,0.0004982978030483702
2,0.002237100000000134,-9.96689088473528,9.30251012181138e-05,-12.0,4.983584980949718,12.0,-0.0001918200243418919,-0.0004983491955848276,-0.0004983491954918249,-0.000996689088473528,0.001686758027657609,0.00049834919558485
2,0.0022373000000001342,-9.967904273072934,9.174842194292765e-05,-12.0,4.984089760086866,12.0,-0.0001916969276268624,-0.0004983998011664697,-0.0004983998010747438,-0.0009967904273072935,0.001686786865008449,0.0004983998011664924
2,0.0022375000000001343,-9.968901920923662,9.047153295060895e-05,-12.0,4.984586668665971,12.0,-0.0001915757350384809,-0.0004984496197132794,-0.0004984496196228307,-0.0009968901920923662,0.001686815245563245,0.000498449619713302
2,0.0022377000000001345,-9.96988382670953,8.919443709176633e-05,-12.0,4.985075705902348,12.0,-0.0001914564470955615,-0.0004984986511465028,-0.0004984986510573311,-0.0009969883826709532,0.001686843169604102,0.0004984986511465257
2,0.0022379000000001346,-9.970849988877477,8.791713722100525e-05,-12.0,4.985556871023743,12.0,-0.0001913390643088764,-0.0004985468953886293,-0.0004985468953007349,-0.0009970849988877478,0.001686870637408688,0.0004985468953886522
2,0.0022381000000001347,-9.971800405899259,8.66396361987043e-05,-12.0,4.986030163270325,12.0,-0.0001912235871811205,-0.0004985943523633897,-0.0004985943522767728,-0.000997180040589926,0.001686897649251118,0.0004985943523634126
2,0.002238300000000135,-9.97273507627148,8.536193689723248e-05,-12.0,4.986495581894705,12.0,-0.000191110016206926,-0.0004986410219957579,-0.0004986410219104189,-0.0009972735076271481,0.001686924205400175,0.0004986410219957808
2,0.002238500000000135,-9.973653998515582,8.408404219473198e-05,-12.0,4.986953126161923,12.0,-0.0001909983518728897,-0.0004986869042119499,-0.0004986869041278889,-0.0009973653998515582,0.001686950306121426,0.0004986869042119729
2,0.002238700000000135,-9.974557171177864,8.280595497600629e-05,-12.0,4.987402795349455,12.0,-0.0001908885946575178,-0.0004987319989394249,-0.000498731998856642,-0.0009974557171177863,0.001686975951674996,0.0004987319989394478
2,0.002238900000000135,-9.975444592829456,8.152767813740525e-05,-12.0,4.98784458874721,12.0,-0.0001907807450312396,-0.0004987763061068843,-0.0004987763060253797,-0.0009975444592829456,0.001687001142317235,0.0004987763061069073
2,0.0022391000000001353,-9.97631626206635,8.024921458016365e-05,-12.0,4.988278505657536,12.0,-0.0001906748034564282,-0.0004988198256442725,-0.0004988198255640466,-0.000997631626206635,0.001687025878300163,0.0004988198256442956
2,0.0022393000000001354,-9.977172177509388,7.89705672143981e-05,-12.0,4.988704545395221,12.0,-0.0001905707703873036,-0.0004988625574827776,-0.0004988625574038301,-0.0009977172177509388,0.001687050159871473,0.0004988625574828007
2,0.0022395000000001355,-9.97801233780428,7.769173895333381e-05,-12.0,4.989122707287487,12.0,-0.0001904686462700714,-0.0004989045015548301,-0.0004989045014771617,-0.0009978012337804282,0.001687073987273968,0.0004989045015548534
2,0.0022397000000001356,-9.978836741621574,7.641273272529503e-05,-12.0,4.989532990674003,12.0,-0.0001903684315427284,-0.0004989456577941043,-0.0004989456577177149,-0.0009978836741621575,0.001687097360746792,0.0004989456577941277
2,0.0022399000000001357,-9.979645387656683,7.513355146349099e-05,-12.0,4.989935394906873,12.0,-0.0001902701266352988,-0.0004989860261355177,-0.0004989860260604074,-0.0009979645387656684,0.00168712028052409,0.0004989860261355409
2,0.002240100000000136,-9.980438274629897,7.385419810290728e-05,-12.0,4.990329919350645,12.0,-0.000190173731969584,-0.0004990256065152308,-0.0004990256064414,-0.0009980438274629897,0.001687142746836234,0.0004990256065152543
2,0.002240300000000136,-9.981215401286363,7.25746755900758e-05,-12.0,4.990716563382314,12.0,-0.0001900792479593225,-0.0004990643988706488,-0.0004990643987980976,-0.0009981215401286363,0.001687164759908821,0.0004990643988706724
2,0.002240500000000136,-9.98197676639609,7.129498687952207e-05,-12.0,4.991095326391314,12.0,-0.0001899866750101203,-0.0004991024031404199,-0.0004991024030691484,-0.000998197676639609,0.001687186319962675,0.0004991024031404434
2,0.002240700000000136,-9.982722368753958,7.001513493154476e-05,-12.0,4.991466207779528,12.0,-0.0001898960135194028,-0.0004991396192644361,-0.0004991396191944444,-0.0009982722368753957,0.001687207427215398,0.0004991396192644596
2,0.0022409000000001363,-9.983452207179733,6.873512270910709e-05,-12.0,4.991829206961281,12.0,-0.0001898072638765666,-0.0004991760471838336,-0.0004991760471151221,-0.0009983452207179733,0.001687228081879155,0.0004991760471838572
2,0.0022411000000001364,-9.984166280518036,6.745495318893902e-05,-12.0,4.99218432336335,12.0,-0.0001897204264627791,-0.0004992116868409926,-0.0004992116867735613,-0.0009984166280518035,0.00168724828416178,0.0004992116868410161
2,0.0022413000000001365,-9.984864587638382,6.61746293486587e-05,-12.0,4.99253155642496,12.0,-0.0001896355016511309,-0.0004992465381795375,-0.0004992465381133865,-0.0009984864587638384,0.001687268034266887,0.0004992465381795612
2,0.0022415000000001366,-9.985547127435149,6.48941541738779e-05,-12.0,4.992870905597778,12.0,-0.0001895524898064688,-0.0004992806011443366,-0.0004992806010794661,-0.000998554712743515,0.001687287332393983,0.0004992806011443605
2,0.0022417000000001367,-9.986213898827607,6.361353065953423e-05,-12.0,4.993202370345927,12.0,-0.0001894713912855908,-0.0004993138756815029,-0.0004993138756179134,-0.0009986213898827607,0.001687306178737913,0.0004993138756815269
2,0.002241900000000137,-9.9868649007599,6.233276180145353e-05,-12.0,4.99352595014598,12.0,-0.0001893922064370723,-0.000499346361738394,-0.000499346361676085,-0.00099868649007599,0.00168732457348908,0.0004993463617384178
2,0.002242100000000137,-9.987500132201063,6.105185060611973e-05,-12.0,4.99384164448696,12.0,-0.0001893149356013632,-0.0004993780592636114,-0.0004993780592025835,-0.0009987500132201063,0.00168734251683289,0.0004993780592636353
2,0.002242300000000137,-9.988119592145019,5.977080008223723e-05,-12.0,4.994149452870341,12.0,-0.0001892395791106977,-0.0004994089682070019,-0.0004994089681472551,-0.000998811959214502,0.001687360008951533,0.0004994089682070259
2,0.002242500000000137,-9.98872327961057,5.848961324828039e-05,-12.0,4.994449374810053,12.0,-0.0001891661372891845,-0.0004994390885196565,-0.0004994390884611909,-0.000998872327961057,0.001687377050021754,0.0004994390885196804
2,0.0022427000000001373,-9.989311193641417,5.720829312405584e-05,-12.0,4.994741409832478,12.0,-0.0001890946104527447,-0.0004994684201539113,-0.0004994684200967271,-0.0009989311193641416,0.001687393640216528,0.0004994684201539354
2,0.0022429000000001374,-9.989883333306153,5.59268427378079e-05,-12.0,4.995025557476453,12.0,-0.0001890249989091111,-0.0004994969630633475,-0.0004994969630074445,-0.0009989883333306154,0.001687409779703386,0.0004994969630633716
2,0.0022431000000001375,-9.99043969769826,5.464526512399814e-05,-12.0,4.995301817293269,12.0,-0.000188957302957829,-0.0004995247172027903,-0.0004995247171481692,-0.000999043969769826,0.001687425468646531,0.0004995247172028146
2,0.0022433000000001376,-9.990980285936129,5.336356331753223e-05,-12.0,4.995570188846676,12.0,-0.0001888915228902971,-0.0004995516825283117,-0.0004995516824749724,-0.0009990980285936129,0.001687440707205057,0.0004995516825283358
2,0.0022435000000001377,-9.99150509716302,5.208174036575031e-05,-12.0,4.995830671712877,12.0,-0.0001888276589896362,-0.0004995778589972268,-0.0004995778589451694,-0.0009991505097163022,0.001687455495534285,0.0004995778589972511
2,0.002243700000000138,-9.992014130547128,5.079979931466028e-05,-12.0,4.996083265480535,12.0,-0.0001887657115308694,-0.0004996032465680978,-0.0004996032465173221,-0.0009992014130547127,0.001687469833783761,0.0004996032465681221
2,0.002243900000000138,-9.99250738528153,4.951774321781954e-05,-12.0,4.996327969750769,12.0,-0.0001887056807807208,-0.0004996278452007308,-0.0004996278451512374,-0.000999250738528153,0.001687483722100369,0.0004996278452007552
2,0.002244100000000138,-9.992984860584206,4.823557513278232e-05,-12.0,4.996564784137159,12.0,-0.0001886475669978377,-0.0004996516548561782,-0.000499651654807967,-0.0009992984860584208,0.001687497160624662,0.0004996516548562026
2,0.002244300000000138,-9.993446555698045,4.695329812420823e-05,-12.0,4.996793708265741,12.0,-0.0001885913704325198,-0.0004996746754967373,-0.0004996746754498085,-0.0009993446555698045,0.001687510149494198,0.0004996746754967618
2,0.0022445000000001383,-9.993892469890842,4.567091525720102e-05,-12.0,4.997014741775015,12.0,-0.0001885370913269832,-0.0004996969070859514,-0.000499696907040305,-0.0009993892469890842,0.001687522688841203,0.0004996969070859758
2,0.0022447000000001384,-9.994322602455288,4.438842960530209e-05,-12.0,4.997227884315936,12.0,-0.0001884847299151587,-0.0004997183495886088,-0.0004997183495442447,-0.0009994322602455289,0.001687534778793465,0.0004997183495886331
2,0.0022449000000001385,-9.994736952709001,4.310584424294106e-05,-12.0,4.997433135551924,12.0,-0.0001884342864227825,-0.0004997390029707438,-0.0004997390029276623,-0.0009994736952709002,0.001687546419474995,0.0004997390029707681
2,0.0022451000000001387,-9.995135519994507,4.182316224987659e-05,-12.0,4.997630495158861,12.0,-0.0001883857610673265,-0.0004997588671996366,-0.0004997588671578379,-0.0009995135519994508,0.001687557611004808,0.0004997588671996611
2,0.0022453000000001388,-9.995518303679232,4.054038671075233e-05,-12.0,4.997819962825086,12.0,-0.00018833915405813,-0.0004997779422438131,-0.0004997779422032972,-0.0009995518303679233,0.00168756835349726,0.0004997779422438376
2,0.002245500000000139,-9.995885303155527,3.925752071198829e-05,-12.0,4.998001538251406,12.0,-0.0001882944655962754,-0.0004997962280730449,-0.0004997962280338119,-0.0009995885303155528,0.00168757864706226,0.0004997962280730694
2,0.002245700000000139,-9.996236517840646,3.797456734533355e-05,-12.0,4.998175221151087,12.0,-0.0001882516958745528,-0.0004998137246583497,-0.0004998137246203996,-0.0009996236517840647,0.001687588491805614,0.0004998137246583742
2,0.002245900000000139,-9.996571947176776,3.6691529706534e-05,-12.0,4.998341011249863,12.0,-0.0001882108450776063,-0.0004998304319719911,-0.0004998304319353241,-0.0009996571947176777,0.001687597887828685,0.0004998304319720157
2,0.0022461000000001392,-9.996891590631007,3.540841089355595e-05,-12.0,4.998498908285926,12.0,-0.0001881719133817877,-0.0004998463499874787,-0.000499846349952095,-0.0009996891590631008,0.001687606835227728,0.0004998463499875034
2,0.0022463000000001393,-9.997195447695354,3.41252140061421e-05,-12.0,4.998648912009936,12.0,-0.000188134900955296,-0.0004998614786795684,-0.000499861478645468,-0.0009997195447695355,0.001687615334095227,0.000499861478679593
2,0.0022465000000001394,-9.997483517886748,3.28419421493642e-05,-12.0,4.998791022185017,12.0,-0.0001880998079579893,-0.0004998758180242621,-0.0004998758179914449,-0.0009997483517886748,0.001687623384518111,0.0004998758180242869
2,0.0022467000000001396,-9.997755800747042,3.155859843317899e-05,-12.0,4.998925238586756,12.0,-0.0001880666345415796,-0.0004998893679988079,-0.0004998893679672737,-0.0009997755800747043,0.001687630986580202,0.0004998893679988324
2,0.0022469000000001397,-9.998012295843026,3.02751859631023e-05,-12.0,4.999051561003209,12.0,-0.0001880353808494661,-0.0004999021285817001,-0.0004999021285514495,-0.0009998012295843026,0.001687638140359549,0.0004999021285817247
2,0.00224710000000014,-9.998253002766388,2.899170785530814e-05,-12.0,4.999169989234894,12.0,-0.0001880060470168463,-0.0004999140997526794,-0.0004999140997237122,-0.0009998253002766388,0.001687644845930869,0.000499914099752704
2,0.00224730000000014,-9.998477921133762,2.770816722375002e-05,-12.0,4.999280523094798,12.0,-0.000187978633170667,-0.0004999252814927328,-0.0004999252814650493,-0.0009998477921133763,0.001687651103362997,0.0004999252814927575
2,0.00224750000000014,-9.998687050586696,2.642456718593422e-05,-12.0,4.999383162408372,12.0,-0.0001879531394296113,-0.0004999356737840939,-0.0004999356737576941,-0.0009998687050586695,0.001687656912721769,0.0004999356737841186
2,0.00224770000000014,-9.998880390791662,2.514091086336379e-05,-12.0,4.999477907013535,12.0,-0.0001879295659041394,-0.0004999452766102424,-0.0004999452765851263,-0.0009998880390791663,0.00168766227406747,0.0004999452766102671
2,0.0022479000000001402,-9.99905794144008,2.385720137354497e-05,-12.0,4.999564756760673,12.0,-0.0001879079126964681,-0.0004999540899559051,-0.0004999540899320727,-0.000999905794144008,0.001687667187456054,0.00049995408995593
2,0.0022481000000001404,-9.99921970224827,2.257344184419807e-05,-12.0,4.999643711512636,12.0,-0.0001878881799005153,-0.0004999621138070544,-0.0004999621137845058,-0.000999921970224827,0.001687671652939149,0.0004999621138070792
2,0.0022483000000001405,-9.999365672957495,2.128963540259932e-05,-12.0,4.999714771144747,12.0,-0.0001878703676019972,-0.0004999693481509099,-0.0004999693481296449,-0.0009999365672957495,0.001687675670563937,0.0004999693481509346
2,0.0022485000000001406,-9.999495853333961,2.00057851684754e-05,-12.0,4.999777935544791,12.0,-0.0001878544758783657,-0.0004999757929759375,-0.0004999757929559565,-0.000999949585333396,0.001687679240372608,0.0004999757929759623
2,0.0022487000000001407,-9.999610243168782,1.872189427576387e-05,-12.0,4.999833204613023,12.0,-0.0001878405047987808,-0.0004999814482718499,-0.0004999814482531528,-0.0009999610243168783,0.001687682362403797,0.0004999814482718747
2,0.002248900000000141,-9.999708842278011,1.743796585307322e-05,-12.0,4.999880578262165,12.0,-0.0001878284544242145,-0.0004999863140296064,-0.0004999863140121932,-0.0009999708842278012,0.001687685036690367,0.0004999863140296313
2,0.002249100000000141,-9.999791650502646,1.615400303123238e-05,-12.0,4.99992005641741,12.0,-0.0001878183248073331,-0.0004999903902414131,-0.0004999903902252839,-0.0009999791650502647,0.001687687263261739,0.0004999903902414379
2,0.002249300000000141,-9.999858667708605,1.487000894107027e-05,-12.0,4.999951639016414,12.0,-0.0001878101159925594,-0.0004999936769007225,-0.0004999936768858773,-0.0009999858667708605,0.001687689042142004,0.0004999936769007473
2,0.002249500000000141,-9.999909893786743,1.358598671563627e-05,-12.0,4.999975326009305,12.0,-0.0001878038280160588,-0.0004999961740022341,-0.000499996173988673,-0.0009999909893786743,0.001687690373351258,0.000499996174002259
2,0.0022497000000001413,-9.99994532865285,1.230193948797975e-05,-12.0,4.999991117358677,12.0,-0.0001877994609057396,-0.0004999978815418941,-0.000499997881529617,-0.000999994532865285,0.001687691256905266,0.0004999978815419189
2,0.0022499000000001414,-9.999964972247657,1.101787039203828e-05,-12.0,4.999999013039595,12.0,-0.0001877970146812735,-0.0004999987995168955,-0.0004999987995059024,-0.0009999964972247657,0.001687691692814464,0.0004999987995169203
2,0.0022501000000001415,-9.999968824536818,9.733782561749393e-06,-12.0,4.99999901303959,12.0,-0.0001877964893539918,-0.0004999989279256781,-0.0004999989279159691,-0.000999996882453682,0.001687691681085624,0.0004999989279257027
2,0.0022503000000001416,-9.999956885510935,8.449679131938836e-06,-12.0,4.999991117358661,12.0,-0.0001877978849270934,-0.0004999982667679283,-0.0004999982667595034,-0.0009999956885510936,0.0016876912217203,0.0004999982667679529
2,0.0022505000000001417,-9.999929155185535,7.165563234767802e-06,-12.0,4.999975326009277,12.0,-0.0001878012013954086,-0.0004999968160445794,-0.0004999968160374385,-0.0009999929155185537,0.001687690314716161,0.0004999968160446041
2,0.002250700000000142,-9.999885633601094,5.881438008170647e-06,-12.0,4.999951639016374,12.0,-0.0001878064387455594,-0.000499994575757812,-0.0004999945757519551,-0.0009999885633601095,0.001687688960065881,0.0004999945757578367
2,0.002250900000000142,-9.99982632082303,4.597306581644034e-06,-12.0,4.999920056417359,12.0,-0.000187813596955938,-0.000499991545911053,-0.0004999915459064806,-0.000999982632082303,0.001687687157757911,0.0004999915459110778
2,0.002251100000000142,-9.999751216941672,3.313172090901872e-06,-12.0,4.999880578262104,12.0,-0.0001878226759966031,-0.0004999877265089766,-0.0004999877265056881,-0.0009999751216941673,0.001687684907775822,0.0004999877265090014
2,0.002251300000000142,-9.999660322072309,2.029037670325806e-06,-12.0,4.99983320461295,12.0,-0.0001878336758294186,-0.0004999831175575033,-0.0004999831175554989,-0.000999966032207231,0.001687682210098962,0.000499983117557528
2,0.0022515000000001423,-9.999553636355165,7.449064503006753e-07,-12.0,4.999777935544707,12.0,-0.0001878465964079493,-0.0004999777190638009,-0.0004999777190630808,-0.0009999553636355165,0.001687679064702352,0.0004999777190638256
2,0.0022517000000001424,-9.999431159955407,-5.392184396768585e-07,-12.0,4.999714771144652,12.0,-0.0001878614376775098,-0.0004999715310362843,-0.0004999715310368484,-0.0009999431159955407,0.001687675471556016,0.0004999715310363092
2,0.0022519000000001425,-9.999292893063124,-1.823333866557419e-06,-12.0,4.999643711512531,12.0,-0.000187878199575213,-0.0004999645534846149,-0.0004999645534864629,-0.0009999292893063125,0.001687671430625648,0.0004999645534846397
2,0.0022521000000001426,-9.999138835893362,-3.107436700400257e-06,-12.0,4.999564756760556,12.0,-0.0001878968820298241,-0.0004999567864197009,-0.0004999567864228331,-0.0009999138835893363,0.001687666941872723,0.0004999567864197257
2,0.0022523000000001427,-9.998968988686098,-4.391523817925957e-06,-12.0,4.999477907013407,12.0,-0.0001879174849619414,-0.0004999482298536978,-0.000499948229858114,-0.0009998968988686099,0.00168766200525361,0.0004999482298537226
2,0.002252500000000143,-9.99878335170624,-5.675592087861503e-06,-12.0,4.999383162408233,12.0,-0.0001879400082838364,-0.0004999388838000074,-0.0004999388838057077,-0.0009998783351706242,0.001687656620720679,0.0004999388838000321
2,0.002252700000000143,-9.998581925243657,-6.959638390480194e-06,-12.0,4.999280523094647,12.0,-0.0001879644518995721,-0.000499928748273279,-0.0004999287482802633,-0.0009998581925243658,0.001687650788221973,0.0004999287482733038
2,0.002252900000000143,-9.99836470961314,-8.24365960072626e-06,-12.0,4.999169989234733,12.0,-0.000187990815704954,-0.0004999178232894085,-0.000499917823297677,-0.000999836470961314,0.00168764450769987,0.0004999178232894334
2,0.002253100000000143,-9.998131705154416,-9.527652596208469e-06,-12.0,4.999051561003036,12.0,-0.0001880190995875372,-0.0004999061088655386,-0.0004999061088750911,-0.0009998131705154416,0.001687637779093643,0.0004999061088655632
2,0.0022533000000001433,-9.997882912232159,-1.081161426075283e-05,-12.0,4.998925238586572,12.0,-0.000188049303426592,-0.0004998936050200586,-0.0004998936050308949,-0.0009997882912232158,0.00168763060233712,0.0004998936050200832
2,0.0022535000000001434,-9.997618331235987,-1.209554147818537e-05,-12.0,4.998791022184822,12.0,-0.0001880814270931938,-0.0004998803117726053,-0.0004998803117847255,-0.0009997618331235988,0.00168762297736047,0.00049988031177263
2,0.0022537000000001435,-9.997337962580445,-1.337943113233209e-05,-12.0,4.998648912009729,12.0,-0.0001881154704501398,-0.0004998662291440617,-0.0004998662291574656,-0.0009997337962580446,0.001687614904088197,0.0004998662291440863
2,0.0022539000000001436,-9.997041806705024,-1.466328011412443e-05,-12.0,4.998498908285709,12.0,-0.0001881514333520323,-0.0004998513571565576,-0.0004998513571712455,-0.0009997041806705023,0.001687606382441142,0.0004998513571565824
2,0.0022541000000001437,-9.996729864074148,-1.59470853122734e-05,-12.0,4.998341011249635,12.0,-0.0001881893156451264,-0.0004998356958334703,-0.0004998356958494418,-0.0009996729864074148,0.001687597412335484,0.0004998356958334947
2,0.002254300000000144,-9.996402135177181,-1.723084362348359e-05,-12.0,4.998175221150848,12.0,-0.0001882291171675723,-0.0004998192451994226,-0.0004998192452166779,-0.0009996402135177183,0.001687587993682849,0.0004998192451994472
2,0.002254500000000144,-9.996058620528427,-1.851455194312734e-05,-12.0,4.998001538251154,12.0,-0.0001882708377491521,-0.0004998020052802853,-0.0004998020052988242,-0.0009996058620528427,0.00168757812639031,0.0004998020052803098
2,0.002254700000000144,-9.995699320667129,-1.979820717235015e-05,-12.0,4.997819962824824,12.0,-0.0001883144772115083,-0.0004997839761031751,-0.0004997839761229978,-0.000999569932066713,0.001687567810360724,0.0004997839761031996
2,0.002254900000000144,-9.995324236157455,-2.108180621496203e-05,-12.0,4.997630495158587,12.0,-0.0001883600353679918,-0.0004997651576964557,-0.000499765157717562,-0.0009995324236157456,0.001687557045492061,0.0004997651576964802
2,0.0022551000000001443,-9.994933367588516,-2.236534597654938e-05,-12.0,4.99743313555164,12.0,-0.0001884075120237583,-0.0004997455500897372,-0.000499745550112127,-0.0009994933367588517,0.001687545831678072,0.0004997455500897617
2,0.0022553000000001444,-9.994526715574365,-2.364882336980401e-05,-12.0,4.99722788431564,12.0,-0.0001884569069757341,-0.0004997251533138766,-0.0004997251533375497,-0.0009994526715574365,0.001687534168807736,0.000499725153313901
2,0.0022555000000001445,-9.994104280753984,-2.493223530786182e-05,-12.0,4.997014741774708,12.0,-0.0001885082200125746,-0.000499703967400977,-0.0004997039674259338,-0.0009994104280753983,0.001687522056766144,0.0004997039674010015
2,0.0022557000000001447,-9.993666063791284,-2.62155787082996e-05,-12.0,4.996793708265423,12.0,-0.0001885614509147746,-0.0004996819923843888,-0.0004996819924106288,-0.0009993666063791286,0.001687509495432726,0.0004996819923844132
2,0.0022559000000001448,-9.993212065375117,-2.749885049446732e-05,-12.0,4.996564784136829,12.0,-0.0001886165994545511,-0.000499659228298708,-0.0004996592283262311,-0.0009993212065375118,0.001687496484684026,0.0004996592282987324
2,0.002256100000000145,-9.99274228621927,-2.87820475906031e-05,-12.0,4.996327969750429,12.0,-0.0001886736653959192,-0.0004996356751797778,-0.0004996356752085839,-0.000999274228621927,0.00168748302439059,0.000499635675179802
2,0.002256300000000145,-9.992256727062461,-3.006516693071504e-05,-12.0,4.996083265480183,12.0,-0.0001887326484947133,-0.0004996113330646871,-0.0004996113330947765,-0.0009992256727062462,0.00168746911441997,0.0004996113330647115
2,0.002256500000000145,-9.991755388668333,-3.134820544659078e-05,-12.0,4.995830671712515,12.0,-0.0001887935484985587,-0.0004995862019917719,-0.0004995862020231443,-0.0009991755388668332,0.001687454754633388,0.0004995862019917961
2,0.0022567000000001452,-9.991238271825468,-3.263116008067612e-05,-12.0,4.995570188846302,12.0,-0.0001888563651467612,-0.0004995602820006141,-0.0004995602820332695,-0.0009991238271825468,0.001687439944889513,0.0004995602820006382
2,0.0022569000000001453,-9.990705377347375,-3.391402777408459e-05,-12.0,4.995301817292884,12.0,-0.0001889210981705775,-0.0004995335731320417,-0.0004995335731659801,-0.0009990705377347375,0.001687424685041683,0.0004995335731320658
2,0.0022571000000001454,-9.99015670607249,-3.519680547947601e-05,-12.0,4.995025557476056,12.0,-0.0001889877472929513,-0.0004995060754281294,-0.0004995060754633506,-0.000999015670607249,0.001687408974938354,0.0004995060754281536
2,0.0022573000000001456,-9.989592258864175,-3.647949014817797e-05,-12.0,4.99474140983207,12.0,-0.0001890563122286873,-0.0004994777889321978,-0.0004994777889687014,-0.0009989592258864174,0.001687392814424205,0.0004994777889322219
2,0.0022575000000001457,-9.98901203661073,-3.776207873995574e-05,-12.0,4.994449374809634,12.0,-0.0001891267926843535,-0.0004994487136888134,-0.0004994487137265995,-0.000998901203661073,0.001687376203338919,0.0004994487136888374
2,0.002257700000000146,-9.988416040225372,-3.904456822079183e-05,-12.0,4.994149452869911,12.0,-0.0001891991883583716,-0.0004994188497437891,-0.0004994188497828576,-0.0009988416040225374,0.001687359141518296,0.0004994188497438131
2,0.002257900000000146,-9.98780427064625,-4.032695555755694e-05,-12.0,4.993841644486519,12.0,-0.0001892734989409478,-0.0004993881971441837,-0.0004993881971845347,-0.000998780427064625,0.001687341628793471,0.0004993881971442078
2,0.002258100000000146,-9.987176728836427,-4.160923772866809e-05,-12.0,4.993525950145528,12.0,-0.0001893497241140865,-0.0004993567559383017,-0.000499356755979935,-0.0009987176728836428,0.001687323664990914,0.0004993567559383257
2,0.002258300000000146,-9.98653341578389,-4.289141171165411e-05,-12.0,4.993202370345464,12.0,-0.0001894278635516736,-0.0004993245261756936,-0.000499324526218609,-0.000998653341578389,0.001687305249932658,0.0004993245261757176
2,0.0022585000000001462,-9.985874332501565,-4.417347449559017e-05,-12.0,4.992870905597304,12.0,-0.0001895079169193375,-0.000499291507907156,-0.0004992915079513535,-0.0009985874332501565,0.001687286383436737,0.00049929150790718
2,0.0022587000000001464,-9.98519948002727,-4.545542307043959e-05,-12.0,4.992531556424474,12.0,-0.0001895898838746302,-0.0004992577011847307,-0.00049925770123021,-0.000998519948002727,0.001687267065316522,0.0004992577011847545
2,0.0022589000000001465,-9.98450885942377,-4.673725443771204e-05,-12.0,4.992184323362855,12.0,-0.0001896737640668458,-0.0004992231060617056,-0.0004992231061084666,-0.000998450885942377,0.001687247295380723,0.0004992231060617293
2,0.0022591000000001466,-9.983802471778729,-4.801896560024943e-05,-12.0,4.991829206960774,12.0,-0.000189759557137216,-0.0004991877225926137,-0.0004991877226406564,-0.0009983802471778729,0.001687227073433606,0.0004991877225926374
2,0.0022593000000001467,-9.983080318204737,-4.930055356933138e-05,-12.0,4.991466207779008,12.0,-0.000189847262718694,-0.0004991515508332341,-0.0004991515508825584,-0.0009983080318204736,0.001687206399275554,0.0004991515508332578
2,0.002259500000000147,-9.982342399839288,-5.058201535979023e-05,-12.0,4.991095326390784,12.0,-0.0001899368804362048,-0.0004991145908405909,-0.0004991145908911964,-0.0009982342399839287,0.001687185272701952,0.0004991145908406144
2,0.002259700000000147,-9.981588717844806,-5.186334799800463e-05,-12.0,4.990716563381772,12.0,-0.000190028409906437,-0.0004990768426729536,-0.0004990768427248404,-0.0009981588717844806,0.001687163693504079,0.0004990768426729771
2,0.002259900000000147,-9.980819273408617,-5.314454851346184e-05,-12.0,4.990329919350093,12.0,-0.0001901218507379537,-0.0004990383063898372,-0.0004990383064430052,-0.0009980819273408617,0.001687141661468994,0.0004990383063898607
2,0.002260100000000147,-9.980034067742954,-5.442561394097822e-05,-12.0,4.989935394906309,12.0,-0.0001902172025312343,-0.0004989989820520015,-0.0004989989821064507,-0.0009980034067742954,0.001687119176378649,0.000498998982052025
2,0.0022603000000001473,-9.979233102084965,-5.570654132602826e-05,-12.0,4.989532990673428,12.0,-0.0001903144648785632,-0.0004989588697214521,-0.000498958869777182,-0.0009979233102084966,0.001687096238011332,0.0004989588697214755
2,0.0022605000000001474,-9.978416377696702,-5.698732771719506e-05,-12.0,4.989122707286902,12.0,-0.0001904136373641271,-0.0004989179694614386,-0.0004989179695184492,-0.0009978416377696702,0.001687072846140669,0.0004989179694614619
2,0.0022607000000001475,-9.977583895865129,-5.826797017416396e-05,-12.0,4.988704545394624,12.0,-0.0001905147195639806,-0.0004988762813364566,-0.0004988762813947478,-0.0009977583895865129,0.001687049000535845,0.0004988762813364798
2,0.0022609000000001476,-9.976735657902104,-5.954846575972894e-05,-12.0,4.988278505656928,12.0,-0.0001906177110460525,-0.0004988338054122455,-0.0004988338054718172,-0.0009976735657902104,0.001687024700961604,0.0004988338054122687
2,0.0022611000000001477,-9.975871665144396,-6.082881154689801e-05,-12.0,4.98784458874659,12.0,-0.000190722611370181,-0.0004987905417557904,-0.0004987905418166425,-0.0009975871665144397,0.00168699994717858,0.0004987905417558138
2,0.002261300000000148,-9.974991918953668,-6.210900461267599e-05,-12.0,4.987402795348825,12.0,-0.0001908294200881205,-0.0004987464904353207,-0.0004987464904974528,-0.0009974991918953668,0.001686974738942637,0.0004987464904353438
2,0.002261500000000148,-9.974096420716483,-6.338904204516993e-05,-12.0,4.986953126161283,12.0,-0.0001909381367434584,-0.0004987016515203099,-0.0004987016515837219,-0.0009974096420716483,0.001686949076005861,0.0004987016515203327
2,0.002261700000000148,-9.9731851718443,-6.466892093781595e-05,-12.0,4.986495581894054,12.0,-0.000191048760871719,-0.0004986560250814762,-0.0004986560251461681,-0.00099731851718443,0.001686922958115344,0.0004986560250814992
2,0.002261900000000148,-9.97225817377348,-6.594863839337606e-05,-12.0,4.986030163269662,12.0,-0.0001911612920003913,-0.0004986096111907826,-0.0004986096112567543,-0.000997225817377348,0.00168689638501418,0.0004986096111908057
2,0.0022621000000001483,-9.971315427965257,-6.722819151860904e-05,-12.0,4.985556871023068,12.0,-0.0001912757296487766,-0.0004985624099214358,-0.0004985624099886869,-0.0009971315427965257,0.001686869356441245,0.0004985624099214587
2,0.0022623000000001484,-9.970356935905777,-6.850757743359637e-05,-12.0,4.985075705901663,12.0,-0.0001913920733282379,-0.0004985144213478867,-0.0004985144214164172,-0.0009970356935905776,0.001686841872130418,0.0004985144213479096
2,0.0022625000000001485,-9.969382699106069,-6.978679326152815e-05,-12.0,4.984586668665274,12.0,-0.0001915103225419434,-0.0004984656455458308,-0.0004984656456156404,-0.0009969382699106068,0.001686813931811915,0.0004984656455458537
2,0.0022627000000001486,-9.968392719102036,-7.106583613492035e-05,-12.0,4.984089760086158,12.0,-0.0001916304767850471,-0.0004984160825922066,-0.000498416082663295,-0.0009968392719102036,0.001686785535211732,0.0004984160825922293
2,0.0022629000000001487,-9.967386997454485,-7.234470319739117e-05,-12.0,4.983584980949,12.0,-0.0001917525355446537,-0.0004983657325651972,-0.0004983657326375644,-0.0009967386997454485,0.00168675668205065,0.0004983657325652198
2,0.002263100000000149,-9.966365535749087,-7.362339159611153e-05,-12.0,4.983072332050916,12.0,-0.0001918764982997978,-0.0004983145955442285,-0.0004983145956178746,-0.0009966365535749087,0.001686727372046115,0.0004983145955442512
2,0.002263300000000149,-9.965328335596398,-7.490189848757822e-05,-12.0,4.982551814201448,12.0,-0.0001920023645215069,-0.0004982626716099711,-0.0004982626716848955,-0.0009965328335596398,0.001686697604910581,0.0004982626716099937
2,0.002263500000000149,-9.964275398631854,-7.618022103983435e-05,-12.0,4.982023428222565,12.0,-0.0001921301336727452,-0.0004982099608443381,-0.0004982099609205407,-0.0009964275398631854,0.001686667380352502,0.0004982099608443605
2,0.002263700000000149,-9.963206726515772,-7.745835642669618e-05,-12.0,4.981487174948661,12.0,-0.0001922598052084279,-0.0004981564633304864,-0.0004981564634079673,-0.0009963206726515772,0.001686636698076005,0.0004981564633305089
2,0.0022639000000001493,-9.962122320933325,-7.87363018299736e-05,-12.0,4.980943055226554,12.0,-0.0001923913785755321,-0.0004981021791528161,-0.0004981021792315747,-0.0009962122320933326,0.001686605557780663,0.0004981021791528384
2,0.0022641000000001494,-9.961022183594574,-8.001405444302279e-05,-12.0,4.980391069915482,12.0,-0.0001925248532128401,-0.0004980471083969703,-0.0004980471084770065,-0.0009961022183594575,0.00168657395916294,0.0004980471083969926
2,0.0022643000000001495,-9.959906316234427,-8.129161146230857e-05,-12.0,4.979831219887103,12.0,-0.0001926602285513626,-0.0004979912511498345,-0.0004979912512311483,-0.0009959906316234428,0.001686541901912753,0.0004979912511498565
2,0.0022645000000001496,-9.95877472061268,-8.256897010028297e-05,-12.0,4.979263506025501,12.0,-0.0001927975040139154,-0.0004979346074995379,-0.000497934607582129,-0.0009958774720612682,0.001686509385717794,0.0004979346074995601
2,0.0022647000000001498,-9.957627398513978,-8.38461275702862e-05,-12.0,4.978687929227172,12.0,-0.0001929366790154111,-0.0004978771775354521,-0.0004978771776193204,-0.0009957627398513979,0.001686476410260762,0.0004978771775354743
2,0.00226490000000015,-9.956464351747819,-8.512308110253386e-05,-12.0,4.978104490401027,12.0,-0.0001930777529627892,-0.0004978189613481909,-0.0004978189614333359,-0.0009956464351747818,0.001686442975219693,0.000497818961348213
2,0.00226510000000015,-9.955285582148587,-8.639982792857381e-05,-12.0,4.977513190468402,12.0,-0.0001932207252549265,-0.0004977599590296113,-0.000497759959116033,-0.0009955285582148587,0.001686409080269402,0.0004977599590296331
2,0.00226530000000015,-9.954091091575489,-8.767636529682932e-05,-12.0,4.976914030363035,12.0,-0.000193365595282817,-0.0004977001706728114,-0.0004977001707605096,-0.000995409109157549,0.001686374725079265,0.0004977001706728332
2,0.00226550000000015,-9.952880881912591,-8.89526904566118e-05,-12.0,4.976307011031083,12.0,-0.0001935123624294405,-0.0004976395963721324,-0.0004976395964611068,-0.0009952880881912592,0.001686339909315659,0.000497639596372154
2,0.0022657000000001503,-9.951654955068822,-9.022880067321992e-05,-12.0,4.975692133431114,12.0,-0.0001936610260698107,-0.0004975782362231571,-0.0004975782363134075,-0.0009951654955068822,0.001686304632639524,0.0004975782362231786
2,0.0022659000000001504,-9.950413312977943,-9.150469321639321e-05,-12.0,4.975069398534101,12.0,-0.0001938115855711006,-0.0004975160903227101,-0.0004975160904142364,-0.0009950413312977944,0.001686268894708021,0.0004975160903227318
2,0.0022661000000001505,-9.949155957598567,-9.278036536697343e-05,-12.0,4.97443880732343,12.0,-0.0001939640402923645,-0.0004974531587688581,-0.00049745315886166,-0.0009949155957598567,0.001686232695174539,0.0004974531587688797
2,0.0022663000000001507,-9.947882890914142,-9.405581441690458e-05,-12.0,4.973800360794888,12.0,-0.0001941183895848575,-0.000497389441660909,-0.0004973894417549863,-0.0009947882890914144,0.001686196033687803,0.0004973894416609305
2,0.0022665000000001508,-9.946594114932953,-9.533103766301565e-05,-12.0,4.973154059956672,12.0,-0.0001942746327918757,-0.000497324939099412,-0.0004973249391947645,-0.0009946594114932953,0.001686158909892543,0.0004973249390994335
2,0.002266700000000151,-9.945289631688116,-9.660603241368193e-05,-12.0,4.972499905829377,12.0,-0.0001944327692488326,-0.0004972596511861578,-0.0004972596512827851,-0.0009945289631688116,0.001686121323429046,0.0004972596511861791
2,0.002266900000000151,-9.943969443237593,-9.788079599104549e-05,-12.0,4.971837899446003,12.0,-0.0001945927982831275,-0.000497193578024178,-0.0004971935781220801,-0.0009943969443237594,0.001686083273933936,0.0004971935780241994
2,0.002267100000000151,-9.942633551664157,-9.915532571769248e-05,-12.0,4.971168041851948,12.0,-0.0001947547192144017,-0.0004971267197177457,-0.000497126719816922,-0.0009942633551664158,0.001686044761038508,0.0004971267197177666
2,0.0022673000000001512,-9.941281959075415,-0.000100429618935749,-12.0,4.970490334105008,12.0,-0.0001949185313542684,-0.0004970590763723733,-0.000497059076472824,-0.0009941281959075414,0.001686005784371836,0.0004970590763723944
2,0.0022675000000001513,-9.939914667603796,-0.0001017036729891174,-12.0,4.969804777275376,12.0,-0.0001950842340066455,-0.0004969906480948157,-0.0004969906481965404,-0.0009939914667603798,0.001685966343556666,0.0004969906480948366
2,0.0022677000000001515,-9.938531679406536,-0.0001029774852345788,-12.0,4.969111372445641,12.0,-0.0001952518264673603,-0.0004969214349930667,-0.0004969214350960651,-0.0009938531679406536,0.001685926438213081,0.0004969214349930877
2,0.0022679000000001516,-9.937132996665705,-0.0001042510530373519,-12.0,4.968410120710786,12.0,-0.000195421308024496,-0.0004968514371763616,-0.0004968514372806334,-0.0009937132996665704,0.00168588606795661,0.0004968514371763823
2,0.0022681000000001517,-9.935718621588173,-0.0001055243737781986,-12.0,4.967701023178176,12.0,-0.0001955926779582812,-0.0004967806547551747,-0.0004967806548607197,-0.0009935718621588174,0.001685845232398564,0.0004967806547551954
2,0.002268300000000152,-9.93428855640561,-0.0001067974448334397,-12.0,4.96698408096758,12.0,-0.0001957659355411451,-0.0004967090878412208,-0.0004967090879480388,-0.000993428855640561,0.001685803931145702,0.0004967090878412414
2,0.002268500000000152,-9.932842803374522,-0.000108070263608262,-12.0,4.966259295211144,12.0,-0.0001959410800375094,-0.0004966367365474547,-0.0004966367366555457,-0.0009932842803374521,0.001685762163801785,0.0004966367365474753
2,0.002268700000000152,-9.931381364776168,-0.000109342827501191,-12.0,4.965526667053405,12.0,-0.0001961181107041216,-0.0004965636009880701,-0.0004965636010974333,-0.000993138136477617,0.001685719929965579,0.0004965636009880907
2,0.002268900000000152,-9.929904242916654,-0.0001106151339294037,-12.0,4.964786197651281,12.0,-0.0001962970267899017,-0.0004964896812785008,-0.0004964896813891363,-0.0009929904242916654,0.001685677229231852,0.0004964896812785211
2,0.0022691000000001522,-9.92841144012685,-0.0001118871803171828,-12.0,4.964037888174077,12.0,-0.0001964778275359153,-0.0004964149775354191,-0.0004964149776473266,-0.000992841144012685,0.001685634061191377,0.0004964149775354395
2,0.0022693000000001524,-9.92690295876243,-0.0001131589641008013,-12.0,4.963281739803474,12.0,-0.0001966605121754283,-0.0004963394898767373,-0.0004963394899899164,-0.000992690295876243,0.001685590425431038,0.0004963394898767576
2,0.0022695000000001525,-9.92537880120384,-0.0001144304827214171,-12.0,4.962517753733533,12.0,-0.0001968450799339078,-0.0004962632184216053,-0.0004962632185360559,-0.000992537880120384,0.001685546321533726,0.0004962632184216254
2,0.0022697000000001526,-9.923838969856334,-0.0001157017336366195,-12.0,4.961745931170695,12.0,-0.0001970315300291459,-0.0004961861632904131,-0.0004961861634061349,-0.0009923838969856334,0.001685501749077334,0.0004961861632904332
2,0.0022699000000001527,-9.922283467149924,-0.000116972714309771,-12.0,4.96096627333377,12.0,-0.0001972198616710247,-0.0004961083246047879,-0.0004961083247217808,-0.0009922283467149924,0.001685456707636868,0.0004961083246048081
2,0.002270100000000153,-9.920712295539404,-0.000118243422214892,-12.0,4.960178781453945,12.0,-0.0001974100740616963,-0.0004960297024875961,-0.0004960297026058595,-0.0009920712295539405,0.001685411196782893,0.0004960297024876161
2,0.002270300000000153,-9.919125457504343,-0.0001195138548362173,-12.0,4.959383456774779,12.0,-0.0001976021663956939,-0.0004959502970629416,-0.0004959502971824753,-0.0009919125457504344,0.001685365216081647,0.0004959502970629615
2,0.002270500000000153,-9.917522955549076,-0.0001207840096681956,-12.0,4.958580300552197,12.0,-0.0001977961378596405,-0.0004958701084561667,-0.0004958701085769704,-0.0009917522955549076,0.001685318765095811,0.0004958701084561864
2,0.002270700000000153,-9.915904792202708,-0.0001220538842159336,-12.0,4.957769314054491,12.0,-0.0001979919876324843,-0.0004957891367938512,-0.0004957891369159246,-0.0009915904792202708,0.001685271843383629,0.0004957891367938708
2,0.0022709000000001533,-9.914270970019091,-0.0001233234759934199,-12.0,4.956950498562321,12.0,-0.000198189714885541,-0.000495707382203812,-0.0004957073823271549,-0.0009914270970019091,0.001685224450499456,0.0004957073822038315
2,0.0022711000000001534,-9.912621491576848,-0.000124592782523969,-12.0,4.956123855368711,12.0,-0.000198389318782341,-0.0004956248448151041,-0.0004956248449397162,-0.0009912621491576848,0.001685176585993653,0.0004956248448151235
2,0.0022713000000001535,-9.910956359479346,-0.0001258618013455504,-12.0,4.955289385779038,12.0,-0.0001985907984786706,-0.0004955415247580191,-0.0004955415248839001,-0.0009910956359479347,0.001685128249412804,0.0004955415247580383
2,0.0022715000000001536,-9.909275576354696,-0.0001271305299996861,-12.0,4.954447091111044,12.0,-0.0001987941531226972,-0.0004954574221640852,-0.0004954574222912348,-0.0009909275576354697,0.001685079440299386,0.0004954574221641045
2,0.0022717000000001537,-9.907579144855761,-0.0001283989660403329,-12.0,4.953596972694831,12.0,-0.0001989993818548863,-0.0004953725371660679,-0.000495372537294486,-0.0009907579144855761,0.001685030158192102,0.0004953725371660871
2,0.002271900000000154,-9.905867067660141,-0.0001296671070334376,-12.0,4.95273903187285,12.0,-0.000199206483808112,-0.0004952868698979693,-0.0004952868700276554,-0.000990586706766014,0.001684980402625103,0.0004952868698979884
2,0.002272100000000154,-9.904139347470172,-0.0001309349505542734,-12.0,4.951873269999906,12.0,-0.0001994154581074631,-0.000495200420495027,-0.0004952004206259809,-0.0009904139347470173,0.001684930173128762,0.0004952004204950461
2,0.002272300000000154,-9.90239598701292,-0.0001322024941861066,-12.0,4.950999688443157,12.0,-0.0001996263038704787,-0.0004951131890937156,-0.0004951131892259367,-0.000990239598701292,0.001684879469230238,0.0004951131890937344
2,0.002272500000000154,-9.900636989040178,-0.0001334697355241943,-12.0,4.950118288582106,12.0,-0.0001998390202070099,-0.0004950251758317442,-0.0004950251759652327,-0.0009900636989040178,0.001684828290452245,0.000495025175831763
2,0.0022727000000001543,-9.898862356328463,-0.0001347366721748955,-12.0,4.949229071808603,12.0,-0.0002000536062193303,-0.000494936380848059,-0.0004949363809828144,-0.0009898862356328463,0.001684776636313279,0.0004949363808480779
2,0.0022729000000001544,-9.89707209167901,-0.0001360033017512308,-12.0,4.948332039526846,12.0,-0.0002002700610020669,-0.000494846804282841,-0.000494846804418863,-0.0009897072091679011,0.001684724506328283,0.0004948468042828597
2,0.0022731000000001545,-9.895266197917762,-0.0001372696218773228,-12.0,4.947427193153368,12.0,-0.0002004883836422972,-0.0004947564462775062,-0.0004947564464147942,-0.0009895266197917762,0.001684671900008539,0.0004947564462775245
2,0.0022733000000001546,-9.893444677895376,-0.000138535630190173,-12.0,4.946514534117047,12.0,-0.0002007085732193964,-0.0004946653069747052,-0.0004946653071132593,-0.0009893444677895376,0.001684618816860883,0.0004946653069747237
2,0.0022735000000001547,-9.89160753448722,-0.0001398013243347762,-12.0,4.945594063859094,12.0,-0.0002009306288053153,-0.0004945733865183246,-0.0004945733866581442,-0.000989160753448722,0.001684565256388715,0.0004945733865183429
2,0.002273700000000155,-9.889754770593342,-0.0001410667019627887,-12.0,4.944665783833059,12.0,-0.0002011545494642886,-0.000494480685053484,-0.000494480685194569,-0.0009889754770593343,0.001684511218091544,0.0004944806850535021
2,0.002273900000000155,-9.887886389138513,-0.0001423317607427421,-12.0,4.943729695504825,12.0,-0.0002013803342531123,-0.0004943872027265387,-0.0004943872028688885,-0.0009887886389138513,0.001684456701464665,0.0004943872027265568
2,0.002274100000000155,-9.88600239307217,-0.0001435964983498295,-12.0,4.942785800352596,12.0,-0.0002016079822210054,-0.0004942929396850765,-0.000494292939828691,-0.0009886002393072171,0.001684401705999927,0.0004942929396850945
2,0.002274300000000155,-9.884102785368446,-0.0001448609124632405,-12.0,4.941834099866919,12.0,-0.0002018374924095956,-0.0004941978960779203,-0.0004941978962227991,-0.0009884102785368447,0.001684346231185185,0.0004941978960779382
2,0.0022745000000001553,-9.882187569026163,-0.0001461250007843695,-12.0,4.940874595550656,12.0,-0.0002020688638531137,-0.0004941020720551262,-0.000494102072201269,-0.0009882187569026164,0.001684290276504297,0.0004941020720551441
2,0.0022747000000001554,-9.8802567470688,-0.0001473887610137226,-12.0,4.939907288918992,12.0,-0.0002023020955781579,-0.0004940054677679829,-0.0004940054679153894,-0.0009880256747068802,0.001684233841437677,0.0004940054677680006
2,0.0022749000000001555,-9.878310322544529,-0.0001486521908660166,-12.0,4.938932181499443,12.0,-0.0002025371866038739,-0.0004939080833690133,-0.0004939080835176832,-0.000987831032254453,0.001684176925462189,0.000493908083369031
2,0.0022751000000001556,-9.876348298526175,-0.0001499152880684029,-12.0,4.937949274831832,12.0,-0.0002027741359419827,-0.0004938099190119725,-0.0004938099191619053,-0.0009876348298526174,0.001684119528049588,0.00049380991901199
2,0.0022753000000001558,-9.874370678111225,-0.0001511780503533622,-12.0,4.936958570468303,12.0,-0.0002030129425966837,-0.0004937109748518482,-0.0004937109750030435,-0.0009874370678111225,0.001684061648669299,0.0004937109748518656
2,0.002275500000000156,-9.872377464421824,-0.0001524404754613684,-12.0,4.935960069973316,12.0,-0.0002032536055646406,-0.0004936112510448604,-0.0004936112511973182,-0.0009872377464421823,0.001684003286786528,0.0004936112510448777
2,0.002275700000000156,-9.87036866060478,-0.0001537025611524356,-12.0,4.934953774923637,12.0,-0.0002034961238351896,-0.0004935107477484617,-0.0004935107479021814,-0.000987036866060478,0.001683944441862817,0.0004935107477484789
2,0.002275900000000156,-9.868344269831534,-0.000154964305187022,-12.0,4.933939686908343,12.0,-0.0002037404963902145,-0.000493409465121336,-0.0004934094652763174,-0.0009868344269831535,0.001683885113355044,0.000493409465121353
2,0.002276100000000156,-9.86630429529817,-0.0001562257053393523,-12.0,4.932917807528819,12.0,-0.0002039867222041469,-0.0004933074033233989,-0.0004933074034796415,-0.000986630429529817,0.001683825300717978,0.0004933074033234158
2,0.0022763000000001563,-9.864248740225408,-0.0001574867593889806,-12.0,4.931888138398753,12.0,-0.0002042348002439659,-0.0004932045625157973,-0.000493204562673301,-0.0009864248740225408,0.001683765003401283,0.0004932045625158142
2,0.0022765000000001564,-9.862177607858607,-0.0001587474651323362,-12.0,4.930850681144131,12.0,-0.0002044847294693508,-0.0004931009428609095,-0.0004931009430196737,-0.0009862177607858607,0.001683704220851734,0.0004931009428609264
2,0.0022767000000001565,-9.860090901467746,-0.0001600078203711774,-12.0,4.929805437403238,12.0,-0.0002047365088325426,-0.0004929965445223443,-0.0004929965446823688,-0.0009860090901467747,0.001683642952511777,0.0004929965445223609
2,0.0022769000000001567,-9.85798862434742,-0.0001612678229148123,-12.0,4.928752408826661,12.0,-0.0002049901372783575,-0.0004928913676649409,-0.0004928913678262253,-0.000985798862434742,0.001683581197821193,0.0004928913676649576
2,0.0022771000000001568,-9.855870779816854,-0.0001625274705854274,-12.0,4.927691597077274,12.0,-0.0002052456137443953,-0.0004927854124547695,-0.0004927854126173134,-0.0009855870779816854,0.001683518956214769,0.0004927854124547861
2,0.002277300000000157,-9.853737371219873,-0.0001637867612171995,-12.0,4.926623003830242,12.0,-0.000205502937160762,-0.0004926786790591296,-0.0004926786792229329,-0.0009853737371219875,0.001683456227124625,0.0004926786790591459
2,0.002277500000000157,-9.851588401924896,-0.0001650456926460819,-12.0,4.925546630773021,12.0,-0.0002057621064502912,-0.0004925711676465504,-0.0004925711678116125,-0.0009851588401924897,0.001683393009978884,0.0004925711676465668
2,0.002277700000000157,-9.84942387532496,-0.000166304262723127,-12.0,4.924462479605353,12.0,-0.0002060231205285312,-0.0004924628783867915,-0.0004924628785531119,-0.000984942387532496,0.001683329304202119,0.0004924628783868077
2,0.0022779000000001572,-9.84724379483769,-0.000167562469308713,-12.0,4.923370552039257,12.0,-0.0002062859783036886,-0.0004923538114508405,-0.000492353811618419,-0.000984724379483769,0.001683265109215126,0.0004923538114508567
2,0.0022781000000001573,-9.845048163905286,-0.0001688203102694352,-12.0,4.922270849799036,12.0,-0.0002065506786766563,-0.0004922439670109145,-0.0004922439671797508,-0.0009845048163905287,0.001683200424435261,0.0004922439670109306
2,0.0022783000000001575,-9.842836985994548,-0.0001700777834838796,-12.0,4.921163374621272,12.0,-0.0002068172205411112,-0.0004921333452404598,-0.0004921333454105533,-0.0009842836985994548,0.001683135249276324,0.0004921333452404756
2,0.0022785000000001576,-9.840610264596853,-0.0001713348868386255,-12.0,4.920048128254819,12.0,-0.0002070856027833468,-0.00049202194631415,-0.0004920219464855008,-0.0009840610264596854,0.001683069583148233,0.0004920219463141658
2,0.0022787000000001577,-9.83836800322813,-0.000172591618232687,-12.0,4.9189251124608,12.0,-0.0002073558242825513,-0.0004919097704078876,-0.0004919097705804949,-0.000983836800322813,0.001683003425457796,0.0004919097704079034
2,0.002278900000000158,-9.83611020542889,-0.0001738479755664102,-12.0,4.917794329012616,12.0,-0.00020762788391053,-0.0004917968176988026,-0.0004917968178726663,-0.000983611020542889,0.001682936775607935,0.0004917968176988182
2,0.002279100000000158,-9.833836874764197,-0.0001751039567561286,-12.0,4.916655779695925,12.0,-0.0002079017805319688,-0.0004916830883652526,-0.000491683088540372,-0.0009833836874764198,0.001682869632998019,0.0004916830883652681
2,0.002279300000000158,-9.831548014823674,-0.0001763595597279455,-12.0,4.91550946630865,12.0,-0.0002081775130042957,-0.0004915685825868225,-0.0004915685827631974,-0.0009831548014823674,0.001682801997023975,0.0004915685825868378
2,0.002279500000000158,-9.82924362922149,-0.0001776147824106289,-12.0,4.91435539066098,12.0,-0.0002084550801777774,-0.0004914533005443239,-0.000491453300721954,-0.0009829243629221492,0.00168273386707829,0.0004914533005443392
2,0.0022797000000001582,-9.826923721596355,-0.0001788696227480457,-12.0,4.913193554575358,12.0,-0.0002087344808953812,-0.0004913372424197956,-0.0004913372425986804,-0.0009826923721596356,0.001682665242549897,0.0004913372424198106
2,0.0022799000000001584,-9.82458829561151,-0.0001801240786907243,-12.0,4.912023959886477,12.0,-0.0002090157139930798,-0.0004912204083965017,-0.0004912204085766411,-0.0009824588295611512,0.001682596122824287,0.0004912204083965168
2,0.0022801000000001585,-9.822237354954737,-0.0001813781481954102,-12.0,4.910846608441293,12.0,-0.0002092987782995048,-0.000491102798658934,-0.0004911027988403271,-0.0009822237354954737,0.001682526507283288,0.0004911027986589489
2,0.0022803000000001586,-9.819870903338334,-0.0001826318292326157,-12.0,4.909661502099,12.0,-0.0002095836726362932,-0.0004909844133928086,-0.0004909844135754551,-0.0009819870903338334,0.001682456395305287,0.0004909844133928234
2,0.0022805000000001587,-9.817488944499129,-0.0001838851197772939,-12.0,4.908468642731047,12.0,-0.0002098703958178655,-0.0004908652527850677,-0.0004908652529689675,-0.000981748894449913,0.00168238578626545,0.0004908652527850824
2,0.002280700000000159,-9.81509148219844,-0.0001851380178163886,-12.0,4.907268032221114,12.0,-0.0002101589466515508,-0.0004907453170238784,-0.0004907453172090312,-0.0009815091482198442,0.001682314679535279,0.0004907453170238931
2,0.002280900000000159,-9.812678520222107,-0.000186390521340396,-12.0,4.906059672465138,12.0,-0.0002104493239376143,-0.0004906246062986333,-0.0004906246064850383,-0.0009812678520222107,0.001682243074482948,0.0004906246062986478
2,0.002281100000000159,-9.810250062380481,-0.000187642628357132,-12.0,4.904843565371278,12.0,-0.0002107415264691742,-0.0004905031207999492,-0.0004905031209876063,-0.0009810250062380482,0.001682170970473074,0.0004905031207999636
2,0.002281300000000159,-9.807806112508379,-0.0001888943368753004,-12.0,4.903619712859933,12.0,-0.0002110355530322711,-0.0004903808607196666,-0.0004903808609085752,-0.000980780611250838,0.001682098366867391,0.0004903808607196809
2,0.0022815000000001593,-9.805346674465133,-0.0001901456449133754,-12.0,4.902388116863739,12.0,-0.0002113314024059509,-0.0004902578262508511,-0.000490257826441011,-0.0009805346674465133,0.001682025263023523,0.0004902578262508654
2,0.0022817000000001594,-9.802871752134534,-0.000191396550501377,-12.0,4.901148779327549,12.0,-0.0002116290733621823,-0.000490134017587791,-0.0004901340177792016,-0.0009802871752134534,0.001681951658295988,0.0004901340175878052
2,0.0022819000000001595,-9.800381349424852,-0.0001926470516728784,-12.0,4.899901702208446,12.0,-0.0002119285646658836,-0.0004900094349259979,-0.000490009435118659,-0.0009800381349424853,0.001681877552036082,0.0004900094349260119
2,0.0022821000000001596,-9.79787547026884,-0.0001938971464743311,-12.0,4.898646887475738,12.0,-0.000212229875074979,-0.0004898840784622073,-0.0004898840786561183,-0.000979787547026884,0.001681802943591992,0.0004898840784622213
2,0.0022823000000001597,-9.795354118623704,-0.0001951468329584038,-12.0,4.897384337110947,12.0,-0.000212533003340426,-0.0004897579483943768,-0.0004897579485895374,-0.0009795354118623705,0.001681727832308022,0.0004897579483943906
2,0.00228250000000016,-9.792817298471098,-0.0001963961091835387,-12.0,4.896114053107812,12.0,-0.0002128379482061044,-0.0004896310449216861,-0.0004896310451180957,-0.0009792817298471099,0.001681652217525254,0.0004896310449216996
2,0.00228270000000016,-9.790265013817141,-0.0001976449732232766,-12.0,4.894836037472285,12.0,-0.0002131447084090798,-0.0004895033682445374,-0.0004895033684421959,-0.0009790265013817142,0.00168157609858155,0.0004895033682445508
2,0.00228290000000016,-9.78769726869238,-0.0001988934231516026,-12.0,4.893550292222527,12.0,-0.0002134532826792435,-0.0004893749185645545,-0.0004893749187634615,-0.000978769726869238,0.001681499474811998,0.0004893749185645679
2,0.00228310000000016,-9.785114067151804,-0.000200141457052716,-12.0,4.892256819388908,12.0,-0.0002137636697397416,-0.0004892456960845827,-0.0004892456962847377,-0.0009785114067151805,0.001681422345547912,0.000489245696084596
2,0.0022833000000001603,-9.78251541327483,-0.000201389073021474,-12.0,4.890955621013992,12.0,-0.0002140758683066846,-0.0004891157010086881,-0.0004891157012100905,-0.000978251541327483,0.001681344710116828,0.0004891157010087014
2,0.0022835000000001604,-9.779901311165306,-0.0002026362691553985,-12.0,4.889646699152556,12.0,-0.0002143898770893549,-0.000488984933542158,-0.0004889849337448075,-0.0009779901311165306,0.001681266567844175,0.0004889849335421712
2,0.0022837000000001605,-9.77727176495149,-0.000203883043566222,-12.0,4.888330055871565,12.0,-0.0002147056947900405,-0.0004888533938915001,-0.0004888533940953962,-0.000977727176495149,0.001681187918051164,0.0004888533938915132
2,0.0022839000000001606,-9.774626778786038,-0.0002051293943701182,-12.0,4.88700569325017,12.0,-0.0002150233201042157,-0.000488721082264441,-0.0004887210824695834,-0.0009774626778786038,0.001681108760056671,0.000488721082264454
2,0.0022841000000001607,-9.771966356846027,-0.0002063753196859253,-12.0,4.885673613379732,12.0,-0.0002153427517204709,-0.0004885879988699289,-0.0004885879990763171,-0.0009771966356846029,0.001681029093175468,0.0004885879988699418
2,0.002284300000000161,-9.769290503332925,-0.0002076208176489125,-12.0,4.884333818363782,12.0,-0.0002156639883205413,-0.0004884541439181304,-0.0004884541441257639,-0.0009769290503332925,0.001680948916719549,0.0004884541439181432
2,0.002284500000000161,-9.766599222472578,-0.000208865886397902,-12.0,4.882986310318033,12.0,-0.000215987028579348,-0.0004883195176204306,-0.000488319517829309,-0.000976659922247258,0.001680868229998245,0.0004883195176204431
2,0.002284700000000161,-9.763892518515233,-0.0002101105240752688,-12.0,4.881631091370398,12.0,-0.0002163118711649842,-0.0004881841201894348,-0.000488184120399558,-0.0009763892518515233,0.001680787032316777,0.0004881841201894473
2,0.002284900000000161,-9.761170395735501,-0.0002113547288407069,-12.0,4.880268163660942,12.0,-0.0002166385147387151,-0.0004880479518389659,-0.0004880479520503331,-0.0009761170395735501,0.001680705322977483,0.0004880479518389782
2,0.0022851000000001613,-9.75843285843235,-0.00021259849884947,-12.0,4.878897529341915,12.0,-0.0002169669579550892,-0.0004879110127840642,-0.000487911012996675,-0.000975843285843235,0.001680623101279921,0.0004879110127840765
2,0.0022853000000001614,-9.755679910929127,-0.0002138418322723545,-12.0,4.877519190577737,12.0,-0.0002172971994617023,-0.0004877733032409886,-0.0004877733034548427,-0.0009755679910929127,0.001680540366520877,0.000487773303241001
2,0.0022855000000001615,-9.752911557573531,-0.0002150847272819334,-12.0,4.876133149544995,12.0,-0.0002176292378996691,-0.0004876348234272156,-0.0004876348236423125,-0.0009752911557573532,0.001680457117992695,0.0004876348234272277
2,0.0022857000000001616,-9.750127802737602,-0.0002163271820614376,-12.0,4.874739408432436,12.0,-0.0002179630719031517,-0.0004874955735614378,-0.000487495573777777,-0.0009750127802737602,0.00168037335498572,0.0004874955735614498
2,0.0022859000000001618,-9.74732865081772,-0.000217569194802536,-12.0,4.873337969440964,12.0,-0.0002182987000995951,-0.0004873555538635647,-0.0004873555540811458,-0.000974732865081772,0.001680289076787522,0.0004873555538635767
2,0.002286100000000162,-9.744514106234595,-0.0002188107636946768,-12.0,4.871928834783648,12.0,-0.0002186361211098803,-0.0004872147645547224,-0.000487214764773545,-0.0009744514106234596,0.001680204282681008,0.0004872147645547343
2,0.002286300000000162,-9.741684173433285,-0.0002200518869486245,-12.0,4.870512006685701,12.0,-0.0002189753335480327,-0.000487073205857253,-0.0004870732060773168,-0.0009741684173433285,0.001680118971947753,0.000487073205857265
2,0.002286500000000162,-9.738838856883133,-0.0002212925627702589,-12.0,4.869087487384486,12.0,-0.0002193163360215133,-0.0004869308779947138,-0.0004869308782160181,-0.0009738838856883133,0.001680033143865445,0.0004869308779947256
2,0.002286700000000162,-9.735978161077812,-0.000222532789373453,-12.0,4.867655279129518,12.0,-0.0002196591271310527,-0.0004867877811918774,-0.0004867877814144219,-0.0009735978161077813,0.001679946797708887,0.0004867877811918891
2,0.0022869000000001623,-9.733102090535297,-0.0002237725649840705,-12.0,4.866215384182447,12.0,-0.0002200037054707754,-0.0004866439156747316,-0.0004866439158985156,-0.0009733102090535297,0.001679859932749772,0.0004866439156747431
2,0.0022871000000001624,-9.730210649797865,-0.0002250118878315277,-12.0,4.864767804817066,12.0,-0.0002203500696281446,-0.0004864992816704784,-0.0004864992818955017,-0.0009730210649797865,0.001679772548257241,0.0004864992816704898
2,0.0022873000000001626,-9.72730384343206,-0.0002262507561541227,-12.0,4.863312543319291,12.0,-0.0002206982181840178,-0.0004863538794075331,-0.0004863538796337952,-0.000972730384343206,0.001679684643496993,0.0004863538794075445
2,0.0022875000000001627,-9.72438167602873,-0.0002274891681874891,-12.0,4.861849601987192,12.0,-0.0002210481497126465,-0.0004862077091155268,-0.0004862077093430271,-0.0009724381676028729,0.00167959621773206,0.000486207709115538
2,0.0022877000000001628,-9.721444152202993,-0.0002287271221876885,-12.0,4.860378983130945,12.0,-0.0002213998627817598,-0.0004860607710253023,-0.0004860607712540403,-0.0009721444152202994,0.001679507270222258,0.0004860607710253133
2,0.002287900000000163,-9.718491276594223,-0.0002299646164063418,-12.0,4.858900689072855,12.0,-0.0002217533559524393,-0.0004859130653689151,-0.0004859130655988908,-0.0009718491276594224,0.001679417800224736,0.0004859130653689262
2,0.002288100000000163,-9.71552305386607,-0.0002312016491048396,-12.0,4.857414722147361,12.0,-0.0002221086277792717,-0.0004857645923796358,-0.0004857645926108482,-0.000971552305386607,0.001679327806993758,0.0004857645923796466
2,0.002288300000000163,-9.712539488706419,-0.0002324382185516782,-12.0,4.855921084700999,12.0,-0.0002224656768102656,-0.0004856153522919444,-0.0004856153525243934,-0.0009712539488706419,0.001679237289780144,0.0004856153522919552
2,0.0022885000000001632,-9.709540585827403,-0.0002336743230206828,-12.0,4.854419779092427,12.0,-0.0002228245015870045,-0.0004854653453415341,-0.0004854653455752192,-0.0009709540585827403,0.00167914624783283,0.0004854653453415448
2,0.0022887000000001633,-9.706526349965399,-0.0002349099607901195,-12.0,4.852910807692415,12.0,-0.0002231851006444102,-0.0004853145717653098,-0.0004853145720002305,-0.00097065263499654,0.001679054680396974,0.0004853145717653205
2,0.0022889000000001635,-9.703496785881,-0.0002361451301449158,-12.0,4.851394172883833,12.0,-0.0002235474725110764,-0.0004851630318013872,-0.0004851630320375428,-0.0009703496785881001,0.001678962586715183,0.0004851630318013978
2,0.0022891000000001636,-9.700451898359029,-0.0002373798293757723,-12.0,4.849869877061652,12.0,-0.0002239116157091159,-0.0004850107256890925,-0.0004850107259264827,-0.000970045189835903,0.001678869966027619,0.0004850107256891027
2,0.0022893000000001637,-9.697391692208527,-0.0002386140567831596,-12.0,4.848337922632948,12.0,-0.0002242775287540216,-0.0004848576536689628,-0.0004848576539075871,-0.0009697391692208527,0.001678776817571004,0.0004848576536689731
2,0.002289500000000164,-9.69431617226273,-0.0002398478106688806,-12.0,4.846798312016883,12.0,-0.000224645210155125,-0.000484703815982745,-0.0004847038162226031,-0.000969431617226273,0.001678683140579174,0.0004847038159827552
2,0.002289700000000164,-9.691225343379063,-0.0002410810893378468,-12.0,4.845251047644713,12.0,-0.0002250146584151097,-0.000484549212873395,-0.0004845492131144863,-0.0009691225343379064,0.001678588934284408,0.0004845492128734051
2,0.002289900000000164,-9.688119210439156,-0.0002423138911078482,-12.0,4.843696131959778,12.0,-0.0002253858720303453,-0.0004843938445850786,-0.0004843938448274024,-0.0009688119210439157,0.001678494197914548,0.0004843938445850886
2,0.002290100000000164,-9.684997778348825,-0.0002435462142962308,-12.0,4.842133567417505,12.0,-0.0002257588494908314,-0.0004842377113631702,-0.0004842377116067264,-0.0009684997778348825,0.001678398930696101,0.0004842377113631802
2,0.0022903000000001643,-9.681861052038045,-0.0002447780572287783,-12.0,4.840563356485399,12.0,-0.0002261335892801974,-0.0004840808134542529,-0.0004840808136990408,-0.0009681861052038045,0.001678303131851688,0.0004840808134542628
2,0.0022905000000001644,-9.678709036460946,-0.0002460094182352712,-12.0,4.838985501643027,12.0,-0.0002265100898756894,-0.0004839231511061165,-0.0004839231513521355,-0.0009678709036460946,0.001678206800602045,0.0004839231511061263
2,0.0022907000000001645,-9.675541736595848,-0.0002472402956490427,-12.0,4.837400005382047,12.0,-0.0002268883497482665,-0.00048376472456776,-0.00048376472481501,-0.0009675541736595849,0.001678109936164796,0.0004837647245677697
2,0.0022909000000001646,-9.672359157445207,-0.0002484706878145282,-12.0,4.835806870206175,12.0,-0.0002272683673625042,-0.0004836055340893894,-0.0004836055343378696,-0.0009672359157445208,0.001678012537754903,0.0004836055340893989
2,0.0022911000000001647,-9.669161304035594,-0.0002497005930770513,-12.0,4.834206098631176,12.0,-0.0002276501411768161,-0.0004834455799224159,-0.0004834455801721259,-0.0009669161304035594,0.00167791460458433,0.0004834455799224253
2,0.002291300000000165,-9.66594818141776,-0.000250930009784156,-12.0,4.832597693184904,12.0,-0.0002280336696431767,-0.0004832848623194595,-0.0004832848625703988,-0.000966594818141776,0.001677816135863375,0.0004832848623194688
2,0.002291500000000165,-9.662719794666543,-0.0002521589362953769,-12.0,4.830981656407239,12.0,-0.0002284189512073292,-0.0004831233815343442,-0.0004831233817865125,-0.0009662719794666544,0.001677717130798895,0.0004831233815343534
2,0.002291700000000165,-9.659476148880907,-0.0002533873709675838,-12.0,4.829357990850128,12.0,-0.0002288059843088691,-0.0004829611378221005,-0.000482961138075497,-0.0009659476148880907,0.001677617588595304,0.0004829611378221095
2,0.002291900000000165,-9.656217249183936,-0.0002546153121714134,-12.0,4.827726699077558,12.0,-0.0002291947673810774,-0.0004827981314389639,-0.0004827981316935883,-0.0009656217249183936,0.001677517508453907,0.000482798131438973
2,0.0022921000000001653,-9.652943100722798,-0.0002558427582708411,-12.0,4.826087783665564,12.0,-0.0002295852988510039,-0.0004826343626423745,-0.0004826343628982263,-0.0009652943100722798,0.00167741688957479,0.0004826343626423835
2,0.0022923000000001654,-9.649653708668767,-0.0002570697076471617,-12.0,4.824441247202216,12.0,-0.0002299775771395784,-0.0004824698316909774,-0.000482469831948056,-0.0009649653708668767,0.001677315731153484,0.0004824698316909863
2,0.0022925000000001655,-9.646349078217186,-0.0002582961586758969,-12.0,4.822787092287618,12.0,-0.0002303716006614998,-0.0004823045388446206,-0.0004823045391029256,-0.0009646349078217186,0.001677214032384855,0.0004823045388446295
2,0.0022927000000001656,-9.643029214587491,-0.0002595221097418943,-12.0,4.821125321533912,12.0,-0.0002307673678253047,-0.0004821384843643567,-0.0004821384846238875,-0.0009643029214587491,0.001677111792459884,0.0004821384843643654
2,0.0022929000000001657,-9.639694123023173,-0.0002607475592366626,-12.0,4.819455937565255,12.0,-0.0002311648770334518,-0.0004819716685124408,-0.0004819716687731968,-0.0009639694123023172,0.001677009010567665,0.0004819716685124492
2,0.002293100000000166,-9.636343808791771,-0.0002619725055517108,-12.0,4.817778943017833,12.0,-0.0002315641266821683,-0.00048180409155233,-0.000481804091814311,-0.0009636343808791772,0.001676905685894736,0.0004818040915523385
2,0.002293300000000166,-9.632978277184892,-0.0002631969470816564,-12.0,4.816094340539854,12.0,-0.0002319651151616031,-0.000481635753748685,-0.0004816357540118905,-0.0009632978277184892,0.001676801817625084,0.0004816357537486935
2,0.002293500000000166,-9.629597533518176,-0.0002644208822322192,-12.0,4.81440213279153,12.0,-0.0002323678408559515,-0.0004814666553673681,-0.0004814666556317972,-0.0009629597533518177,0.001676697404939587,0.0004814666553673762
2,0.002293700000000166,-9.626201583131285,-0.0002656443094068983,-12.0,4.812702322445089,12.0,-0.0002327723021430389,-0.0004812967966754415,-0.000481296796941094,-0.0009626201583131286,0.001676592447018233,0.0004812967966754496
2,0.0022939000000001663,-9.622790431387934,-0.0002668672270189631,-12.0,4.810994912184766,12.0,-0.000233178497394973,-0.0004811261779411704,-0.0004811261782080458,-0.0009622790431387934,0.001676486943036459,0.0004811261779411785
2,0.0022941000000001664,-9.619364083675826,-0.0002680896334803506,-12.0,4.809279904706796,12.0,-0.0002335864249775749,-0.0004809547994340196,-0.0004809547997021174,-0.0009619364083675826,0.001676380892169149,0.0004809547994340276
2,0.0022943000000001665,-9.615922545406672,-0.0002693115272114355,-12.0,4.807557302719404,12.0,-0.0002339960832508231,-0.0004807826614246536,-0.000480782661693973,-0.0009615922545406672,0.001676274293587299,0.0004807826614246616
2,0.0022945000000001666,-9.612465822016178,-0.0002705329066312601,-12.0,4.805827108942814,12.0,-0.000234407470568479,-0.0004806097641849366,-0.0004806097644554774,-0.0009612465822016179,0.001676167146460905,0.0004806097641849445
2,0.0022947000000001667,-9.608993918964067,-0.0002717537701664163,-12.0,4.804089326109247,12.0,-0.0002348205852785445,-0.0004804361079879336,-0.0004804361082596951,-0.0009608993918964068,0.001676059449956302,0.0004804361079879414
2,0.002294900000000167,-9.605506841734016,-0.0002729741162501576,-12.0,4.802343956962892,12.0,-0.0002352354257229433,-0.0004802616931079064,-0.0004802616933808884,-0.0009605506841734016,0.001675951203238268,0.0004802616931079142
2,0.002295100000000167,-9.602004595833666,-0.0002741939433135165,-12.0,4.800591004259922,12.0,-0.0002356519902376175,-0.000480086519820316,-0.0004800865200945176,-0.0009602004595833666,0.001675842405468586,0.0004800865198203235
2,0.002295300000000167,-9.598487186794644,-0.0002754132497946316,-12.0,4.798830470768497,12.0,-0.0002360702771526529,-0.0004799105884018217,-0.0004799105886772425,-0.0009598487186794645,0.001675733055807371,0.0004799105884018292
2,0.002295500000000167,-9.59495462017251,-0.0002766320341338613,-12.0,4.797062359268734,12.0,-0.0002364902847921541,-0.0004797338991302795,-0.0004797338994069188,-0.000959495462017251,0.001675623153412076,0.0004797338991302868
2,0.0022957000000001673,-9.59140690154679,-0.0002778502947791139,-12.0,4.795286672552724,12.0,-0.0002369120114743967,-0.0004795564522847429,-0.0004795564525626006,-0.0009591406901546791,0.00167551269743782,0.0004795564522847503
2,0.0022959000000001674,-9.587844036520924,-0.0002790680301743009,-12.0,4.79350341342452,12.0,-0.000237335455511703,-0.0004793782481454621,-0.0004793782484245375,-0.0009587844036520924,0.001675401687037281,0.0004793782481454694
2,0.0022961000000001675,-9.584266030722281,-0.0002802852387722155,-12.0,4.791712584700131,12.0,-0.0002377606152105943,-0.0004791992869938831,-0.0004791992872741755,-0.0009584266030722282,0.001675290121361583,0.0004791992869938903
2,0.0022963000000001677,-9.580672889802162,-0.0002815019190287593,-12.0,4.789914189207519,12.0,-0.0002381874888717772,-0.0004790195691126476,-0.0004790195693941567,-0.0009580672889802163,0.001675177999558519,0.0004790195691126547
2,0.0022965000000001678,-9.577064619435754,-0.000282718069402943,-12.0,4.788108229786593,12.0,-0.0002386160747899629,-0.0004788390947855926,-0.0004788390950683176,-0.0009577064619435755,0.001675065320774771,0.0004788390947855996
2,0.002296700000000168,-9.573441225322162,-0.0002839336883520005,-12.0,4.786294709289216,12.0,-0.0002390463712542978,-0.0004786578642977499,-0.0004786578645816905,-0.0009573441225322162,0.001674952084153691,0.0004786578642977568
2,0.002296900000000168,-9.569802713184382,-0.0002851487743464887,-12.0,4.784473630579184,12.0,-0.0002394783765479469,-0.0004784758779353461,-0.0004784758782205018,-0.0009569802713184383,0.001674838288837521,0.0004784758779353531
2,0.002297100000000168,-9.566149088769256,-0.0002863633258511911,-12.0,4.782644996532218,12.0,-0.000239912088948413,-0.0004782931359858002,-0.0004782931362721703,-0.0009566149088769257,0.001674723933965283,0.0004782931359858069
2,0.0022973000000001682,-9.56248035784754,-0.0002875773413348881,-12.0,4.780808810035994,12.0,-0.000240347506727398,-0.0004781096387377263,-0.0004781096390253103,-0.0009562480357847541,0.001674609018674444,0.000478109638737733
2,0.0022975000000001683,-9.558796526213843,-0.0002887908192761302,-12.0,4.778965073990099,12.0,-0.0002407846281509279,-0.0004779253864809309,-0.0004779253867697284,-0.0009558796526213843,0.001674493542100142,0.0004779253864809375
2,0.0022977000000001684,-9.555097599686588,-0.0002900037581503589,-12.0,4.777113791306032,12.0,-0.0002412234514791167,-0.0004777403795064117,-0.0004777403797964219,-0.0009555097599686589,0.001674377503375846,0.0004777403795064183
2,0.0022979000000001686,-9.551383584108097,-0.0002912161564312399,-12.0,4.775254964907239,12.0,-0.0002416639749667215,-0.0004775546181063606,-0.0004775546183975832,-0.0009551383584108097,0.001674260901631808,0.000477554618106367
2,0.0022981000000001687,-9.547654485344493,-0.0002924280126128664,-12.0,4.773388597729047,12.0,-0.0002421061968625182,-0.0004773681025741596,-0.0004773681028665941,-0.0009547654485344494,0.00167414373599728,0.0004773681025741661
2,0.002298300000000169,-9.54391030928571,-0.0002936393251711245,-12.0,4.771514692718705,12.0,-0.0002425501154097454,-0.0004771808332043814,-0.000477180833498027,-0.0009543910309285711,0.001674026005598961,0.0004771808332043877
2,0.002298500000000169,-9.540151061845542,-0.0002948500925952224,-12.0,4.769633252835376,12.0,-0.0002429957288459655,-0.0004769928102927909,-0.0004769928105876473,-0.0009540151061845542,0.001673907709561329,0.0004769928102927972
2,0.002298700000000169,-9.536376748961551,-0.0002960603133805861,-12.0,4.767744281050102,12.0,-0.0002434430354031902,-0.0004768040341363422,-0.0004768040344324085,-0.0009536376748961551,0.001673788847007196,0.0004768040341363483
2,0.002298900000000169,-9.532587376595107,-0.0002972699860177563,-12.0,4.765847780345827,12.0,-0.0002438920333077271,-0.0004766145050331784,-0.0004766145053304545,-0.0009532587376595107,0.001673669417056711,0.0004766145050331845
2,0.0022991000000001692,-9.528782950731356,-0.0002984791090021588,-12.0,4.763943753717384,12.0,-0.0002443427207803328,-0.0004764242232826326,-0.0004764242235811177,-0.0009528782950731357,0.001673549418829023,0.0004764242232826386
2,0.0022993000000001694,-9.524963477379234,-0.0002996876808305515,-12.0,4.762032204171495,12.0,-0.0002447950960362127,-0.0004762331891852267,-0.0004762331894849203,-0.0009524963477379235,0.001673428851440062,0.0004762331891852326
2,0.0022995000000001695,-9.521128962571453,-0.0003008957000090184,-12.0,4.760113134726756,12.0,-0.0002452491572849796,-0.0004760414030426706,-0.0004760414033435722,-0.0009521128962571453,0.001673307714004979,0.0004760414030426765
2,0.0022997000000001696,-9.517279412364442,-0.0003021031650360939,-12.0,4.758186548413636,12.0,-0.0002457049027308061,-0.0004758488651578614,-0.0004758488654599703,-0.0009517279412364442,0.001673186005635485,0.0004758488651578672
2,0.0022999000000001697,-9.513414832838418,-0.0003033100744165296,-12.0,4.756252448274483,12.0,-0.0002461623305722027,-0.0004756555758348843,-0.0004756555761382001,-0.0009513414832838418,0.00167306372544318,0.00047565557583489
2,0.00230010000000017,-9.509535230097324,-0.0003045164266621825,-12.0,4.754310837363504,12.0,-0.0002466214390022814,-0.000475461535379011,-0.0004754615356835331,-0.0009509535230097325,0.001672940872536333,0.0004754615353790167
2,0.00230030000000017,-9.505640610268813,-0.000305722220281357,-12.0,4.752361718746763,12.0,-0.0002470822262087419,-0.0004752667440966989,-0.0004752667444024266,-0.0009505640610268813,0.001672817446021213,0.0004752667440967045
2,0.00230050000000017,-9.501730979504284,-0.0003069274537832456,-12.0,4.750405095502192,12.0,-0.0002475446903735662,-0.0004750712022955921,-0.0004750712026025251,-0.0009501730979504285,0.001672693445003537,0.0004750712022955975
2,0.00230070000000017,-9.49780634397883,-0.0003081321256868108,-12.0,4.748440970719564,12.0,-0.0002480088296736571,-0.0004748749102845197,-0.0004748749105926572,-0.0009497806343978831,0.0016725688685858,0.0004748749102845251
2,0.0023009000000001703,-9.493866709891229,-0.0003093362345079065,-12.0,4.74646934750049,12.0,-0.0002484746422801859,-0.0004746778683734944,-0.0004746778686828361,-0.000949386670989123,0.001672443715869165,0.0004746778683734999
2,0.0023011000000001704,-9.489912083463967,-0.0003105397787592779,-12.0,4.744490228958446,12.0,-0.0002489421263590919,-0.0004744800768737153,-0.0004744800771842604,-0.0009489912083463967,0.001672317985952909,0.0004744800768737205
2,0.0023013000000001705,-9.48594247094321,-0.0003117427569665487,-12.0,4.742503618218727,12.0,-0.0002494112800708187,-0.0004742815360975642,-0.0004742815364093122,-0.000948594247094321,0.001672191677934753,0.0004742815360975694
2,0.0023015000000001706,-9.481957878598775,-0.0003129451676509021,-12.0,4.740509518418459,12.0,-0.0002498821015705782,-0.000474082246358606,-0.0004740822466715562,-0.0009481957878598776,0.001672064790909866,0.000474082246358611
2,0.0023017000000001707,-9.477958312724143,-0.0003141470093370735,-12.0,4.738507932706596,12.0,-0.0002503545890081005,-0.0004738822079715882,-0.0004738822082857403,-0.0009477958312724143,0.001671937323972306,0.0004738822079715932
2,0.002301900000000171,-9.473943779636448,-0.0003153482805475782,-12.0,4.73649886424392,12.0,-0.0002508287405279253,-0.0004736814212524418,-0.000473681421567795,-0.0009473943779636448,0.00167180927621402,0.0004736814212524468
2,0.002302100000000171,-9.469914285676467,-0.0003165489798138132,-12.0,4.734482316203023,12.0,-0.0002513045542691106,-0.0004734798865182788,-0.0004734798868348326,-0.0009469914285676468,0.001671680646724849,0.0004734798865182837
2,0.002302300000000171,-9.465869837208585,-0.0003177491056631787,-12.0,4.732458291768306,12.0,-0.0002517820283655381,-0.0004732776040873922,-0.0004732776044051461,-0.0009465869837208585,0.001671551434594409,0.0004732776040873969
2,0.002302500000000171,-9.461810440620825,-0.0003189486566270716,-12.0,4.730426794135986,12.0,-0.0002522611609458297,-0.0004730745742792565,-0.0004730745745982099,-0.0009461810440620826,0.001671421638908432,0.0004730745742792613
2,0.0023027000000001713,-9.45773610232481,-0.000320147631237333,-12.0,4.728387826514072,12.0,-0.0002527419501332229,-0.0004728707974145263,-0.0004728707977346787,-0.0009457736102324811,0.00167129125875265,0.000472870797414531
2,0.0023029000000001714,-9.45364682875575,-0.000321346028030689,-12.0,4.726341392122368,12.0,-0.0002532243940458617,-0.0004726662738150353,-0.000472666274136386,-0.000945364682875575,0.001671160293209906,0.0004726662738150399
2,0.0023031000000001715,-9.449542626372459,-0.0003225438455394247,-12.0,4.724287494192482,12.0,-0.0002537084907966586,-0.0004724610038037977,-0.000472461004126346,-0.000944954262637246,0.001671028741362379,0.0004724610038038021
2,0.0023033000000001716,-9.445423501657325,-0.0003237410823055953,-12.0,4.722226135967794,12.0,-0.0002541942384932244,-0.0004722549877050054,-0.000472254988028751,-0.0009445423501657326,0.001670896602289806,0.00047225498770501
2,0.0023035000000001717,-9.44128946111629,-0.000324937736862374,-12.0,4.720157320703474,12.0,-0.0002546816352381187,-0.0004720482258440292,-0.0004720482261689714,-0.000944128946111629,0.00167076387507048,0.0004720482258440337
2,0.002303700000000172,-9.437140511278844,-0.0003261338077567011,-12.0,4.71808105166645,12.0,-0.0002551706791285857,-0.0004718407185474165,-0.0004718407188735544,-0.0009437140511278845,0.00167063055878125,0.0004718407185474208
2,0.002303900000000172,-9.43297665869805,-0.0003273292935199734,-12.0,4.715997332135452,12.0,-0.0002556613682568876,-0.000471632466142893,-0.0004716324664702265,-0.0009432976658698051,0.001670496652497522,0.0004716324661428972
2,0.002304100000000172,-9.428797909950504,-0.0003285241927044602,-12.0,4.713906165400952,12.0,-0.0002561537007100129,-0.0004714234689593616,-0.00047142346928789,-0.0009428797909950504,0.001670362155292593,0.0004714234689593656
2,0.002304300000000172,-9.424604271636282,-0.0003297185038522166,-12.0,4.711807554765177,12.0,-0.0002566476745700236,-0.0004712137273268989,-0.0004712137276566215,-0.0009424604271636283,0.001670227066238539,0.0004712137273269029
2,0.0023045000000001723,-9.420395750379027,-0.000330912225502189,-12.0,4.709701503542138,12.0,-0.0002571432879137497,-0.00047100324157676,-0.0004710032419076763,-0.0009420395750379028,0.001670091384405437,0.000471003241576764
2,0.0023047000000001724,-9.416172352825866,-0.0003321053562106435,-12.0,4.707588015057564,12.0,-0.000257640538812956,-0.0004707920120413735,-0.0004707920123734828,-0.0009416172352825867,0.001669955108862697,0.0004707920120413775
2,0.0023049000000001725,-9.411934085647392,-0.0003332978945178589,-12.0,4.70546709264894,12.0,-0.0002581394253344388,-0.0004705800390543418,-0.0004705800393876438,-0.0009411934085647392,0.001669818238677623,0.0004705800390543458
2,0.0023051000000001726,-9.407680955537726,-0.0003344898389725515,-12.0,4.703338739665506,12.0,-0.000258639945539943,-0.0004703673229504441,-0.0004703673232849377,-0.0009407680955537727,0.001669680772915405,0.0004703673229504479
2,0.0023053000000001727,-9.40341296921444,-0.0003356811881314314,-12.0,4.701202959468211,12.0,-0.0002591420974861619,-0.0004701538640656305,-0.0004701538644013155,-0.0009403412969214441,0.001669542710640792,0.0004701538640656343
2,0.002305500000000173,-9.399130133418542,-0.0003368719405392184,-12.0,4.699059755429743,12.0,-0.000259645879224793,-0.0004699396627370245,-0.0004699396630739001,-0.0009399130133418542,0.0016694040509172,0.0004699396627370282
2,0.002305700000000173,-9.394832454914523,-0.0003380620947481816,-12.0,4.696909130934519,12.0,-0.0002601512888026208,-0.000469724719302923,-0.0004697247196409888,-0.0009394832454914523,0.00166926479280527,0.0004697247193029267
2,0.002305900000000173,-9.390519940490307,-0.0003392516493141429,-12.0,4.694751089378666,12.0,-0.0002606583242615035,-0.0004695090341027944,-0.0004695090344420496,-0.0009390519940490308,0.001669124935365085,0.0004695090341027981
2,0.002306100000000173,-9.386192596957232,-0.0003404406027884832,-12.0,4.692585634170027,12.0,-0.000261166983638178,-0.000469292607477278,-0.0004692926078177221,-0.0009386192596957232,0.001668984477655511,0.0004692926074772816
2,0.0023063000000001733,-9.381850431150058,-0.0003416289537274686,-12.0,4.690412768728148,12.0,-0.0002616772649646631,-0.0004690754397681841,-0.0004690754401098165,-0.0009381850431150058,0.001668843418733634,0.0004690754397681875
2,0.0023065000000001734,-9.377493449926952,-0.00034281670068248,-12.0,4.688232496484285,12.0,-0.0002621891662680093,-0.0004688575313184933,-0.0004688575316613135,-0.0009377493449926952,0.0016687017576551,0.0004688575313184968
2,0.0023067000000001735,-9.373121660169494,-0.0003440038422164449,-12.0,4.686044820881384,12.0,-0.0002627026855703402,-0.0004686388824723567,-0.0004686388828163639,-0.0009373121660169494,0.001668559493474442,0.0004686388824723601
2,0.0023069000000001737,-9.368735068782609,-0.0003451903768816322,-12.0,4.683849745374079,12.0,-0.0002632178208890334,-0.0004684194935750928,-0.0004684194939202864,-0.0009368735068782609,0.00166841662524464,0.0004684194935750961
2,0.0023071000000001738,-9.364333682694634,-0.0003463763032351963,-12.0,4.681647273428701,12.0,-0.0002637345702365262,-0.0004681993649731904,-0.0004681993653195699,-0.0009364333682694634,0.001668273152017119,0.0004681993649731936
2,0.002307300000000174,-9.359917508857258,-0.0003475616198391762,-12.0,4.679437408523254,12.0,-0.0002642529316203984,-0.000467978497014306,-0.0004679784973618709,-0.0009359917508857258,0.001668129072842861,0.0004679784970143093
2,0.002307500000000174,-9.355486554245491,-0.0003487463252533907,-12.0,4.677220154147403,12.0,-0.0002647729030435808,-0.0004677568900472625,-0.0004677568903960119,-0.0009355486554245492,0.001667984386770516,0.0004677568900472656
2,0.002307700000000174,-9.35104082585772,-0.0003499304180296647,-12.0,4.674995513802511,12.0,-0.0002652944825040915,-0.000467534544422051,-0.0004675345447719845,-0.000935104082585772,0.001667839092847845,0.0004675345444220541
2,0.0023079000000001742,-9.346580330715662,-0.0003511138967375871,-12.0,4.672763491001586,12.0,-0.000265817667995244,-0.0004673114604898294,-0.0004673114608409463,-0.0009346580330715663,0.001667693190121722,0.0004673114604898323
2,0.0023081000000001743,-9.342105075864326,-0.0003522967599360882,-12.0,4.670524089269291,12.0,-0.000266342457505564,-0.0004670876386029198,-0.0004670876389552195,-0.0009342105075864327,0.001667546677637022,0.0004670876386029227
2,0.0023083000000001744,-9.337615068372024,-0.0003534790061845428,-12.0,4.668277312141945,12.0,-0.0002668688490188587,-0.0004668630791148101,-0.000466863079468292,-0.0009337615068372025,0.001667399554438398,0.000466863079114813
2,0.0023085000000001746,-9.333110315330394,-0.0003546606340445457,-12.0,4.666023163167524,12.0,-0.0002673968405142446,-0.0004666377823801539,-0.0004666377827348175,-0.0009333110315330395,0.001667251819568394,0.0004666377823801568
2,0.0023087000000001747,-9.328590823854343,-0.0003558416420808008,-12.0,4.663761645905634,12.0,-0.0002679264299661893,-0.0004664117487547688,-0.0004664117491106131,-0.0009328590823854344,0.00166710347206811,0.0004664117487547715
2,0.002308900000000175,-9.324056601082038,-0.0003570220288571235,-12.0,4.661492763927514,12.0,-0.0002684576153443724,-0.0004661849785956343,-0.000466184978952659,-0.0009324056601082039,0.00166695451097898,0.0004661849785956372
2,0.002309100000000175,-9.319507654174929,-0.0003582017929328885,-12.0,4.659216520816047,12.0,-0.0002689903946139077,-0.0004659574722608952,-0.0004659574726190999,-0.0009319507654174929,0.001666804935339661,0.000465957472260898
2,0.002309300000000175,-9.314943990317705,-0.0003593809328767961,-12.0,4.656932920165727,12.0,-0.0002695247657352878,-0.0004657292301098577,-0.0004657292304692414,-0.0009314943990317706,0.001666654744188478,0.0004657292301098604
2,0.002309500000000175,-9.310365616718281,-0.0003605594472513296,-12.0,4.654641965582669,12.0,-0.0002700607266643562,-0.0004655002525029895,-0.0004655002528635515,-0.0009310365616718282,0.001666503936562536,0.000465500252502992
2,0.0023097000000001752,-9.305772540607817,-0.00036173733461764,-12.0,4.652343660684608,12.0,-0.0002705982753523073,-0.00046527053980192,-0.00046527054016366,-0.0009305772540607818,0.001666352511497826,0.0004652705398019226
2,0.0023099000000001754,-9.301164769240692,-0.0003629145935466482,-12.0,4.650038009100879,12.0,-0.0002711374097459363,-0.0004650400923694401,-0.0004650400927323573,-0.0009301164769240693,0.001666200468028789,0.0004650400923694426
2,0.0023101000000001755,-9.29654230989446,-0.0003640912225999493,-12.0,4.647725014472418,12.0,-0.0002716781277872365,-0.0004648089105694994,-0.000464808910933593,-0.0009296542309894461,0.001666047805189419,0.0004648089105695018
2,0.0023103000000001756,-9.291905169869901,-0.000365267220342691,-12.0,4.645404680451764,12.0,-0.0002722204274138995,-0.0004645769947672083,-0.000464576995132478,-0.0009291905169869902,0.001665894522012379,0.0004645769947672108
2,0.0023105000000001757,-9.287253356490957,-0.0003664425853417974,-12.0,4.643077010703039,12.0,-0.0002727643065589119,-0.0004643443453288358,-0.0004643443456952808,-0.0009287253356490958,0.001665740617529665,0.0004643443453288381
2,0.002310700000000176,-9.282586877104746,-0.0003676173161641927,-12.0,4.640742008901954,12.0,-0.0002733097631508752,-0.0004641109626218094,-0.0004641109629894292,-0.0009282586877104747,0.001665586090771165,0.0004641109626218119
2,0.002310900000000176,-9.277905739081524,-0.0003687914113768009,-12.0,4.638399678735783,12.0,-0.0002738567951138249,-0.0004638768470147137,-0.0004638768473835073,-0.0009277905739081524,0.00166543094076721,0.000463876847014716
2,0.002311100000000176,-9.273209949814719,-0.0003699648695381086,-12.0,4.636050023903404,12.0,-0.000274405400367439,-0.000463641998877292,-0.000463641999247259,-0.0009273209949814719,0.001665275166546021,0.0004636419988772942
2,0.002311300000000176,-9.26849951672089,-0.0003711376892252538,-12.0,4.63369304811523,12.0,-0.0002749555768268852,-0.0004634064185804433,-0.0004634064189515833,-0.0009268499516720891,0.001665118767135376,0.0004634064185804455
2,0.0023115000000001763,-9.263774447239685,-0.0003723098690002757,-12.0,4.631328755093244,12.0,-0.0002755073224028765,-0.0004631701064962224,-0.0004631701068685343,-0.0009263774447239685,0.001664961741561832,0.0004631701064962244
2,0.0023117000000001764,-9.25903474883391,-0.0003734814074247694,-12.0,4.628957148571004,12.0,-0.0002760606350018097,-0.0004629330629978409,-0.0004629330633713244,-0.000925903474883391,0.001664804088851279,0.0004629330629978429
2,0.0023119000000001765,-9.254280428989448,-0.000374652303075429,-12.0,4.626578232293587,12.0,-0.0002766155125255854,-0.0004626952884596644,-0.0004626952888343187,-0.0009254280428989449,0.001664645808028609,0.0004626952884596663
2,0.0023121000000001766,-9.249511495215243,-0.0003758225545111848,-12.0,4.624192010017628,12.0,-0.0002771719528718297,-0.0004624567832572121,-0.0004624567836330366,-0.0009249511495215243,0.001664486898117712,0.000462456783257214
2,0.0023123000000001767,-9.244727955043354,-0.0003769921603020698,-12.0,4.621798485511302,12.0,-0.0002777299539338252,-0.0004622175477671586,-0.0004622175481441526,-0.0009244727955043354,0.00166432735814126,0.0004622175477671604
2,0.002312500000000177,-9.239929816028889,-0.0003781611190154521,-12.0,4.619397662554309,12.0,-0.0002782895136003993,-0.0004619775823673308,-0.0004619775827454938,-0.0009239929816028889,0.001664167187121812,0.0004619775823673325
2,0.002312700000000177,-9.235117085749994,-0.0003793294292178118,-12.0,4.616989544937876,12.0,-0.0002788506297561749,-0.0004617368874367075,-0.0004617368878160388,-0.0009235117085749995,0.001664006384080818,0.0004617368874367094
2,0.002312900000000177,-9.230289771807858,-0.0003804970894738524,-12.0,4.614574136464746,12.0,-0.0002794133002815002,-0.0004614954633554204,-0.0004614954637359192,-0.0009230289771807858,0.001663844948038173,0.000461495463355422
2,0.002313100000000177,-9.225447881826707,-0.0003816640983513864,-12.0,4.612151440949185,12.0,-0.0002799775230523799,-0.000461253310504752,-0.0004612533108864177,-0.0009225447881826707,0.001663682878013995,0.0004612533105047537
2,0.0023133000000001773,-9.22059142345378,-0.00038283045441867,-12.0,4.609721462216957,12.0,-0.0002805432959405857,-0.0004610104292671359,-0.0004610104296499681,-0.000922059142345378,0.001663520173027289,0.0004610104292671375
2,0.0023135000000001774,-9.2157204043593,-0.0003839961562417393,-12.0,4.607284204105326,12.0,-0.0002811106168136707,-0.0004607668200261552,-0.000460766820410153,-0.0009215720404359302,0.00166335683209573,0.0004607668200261568
2,0.0023137000000001775,-9.210834832236507,-0.000385161202385742,-12.0,4.604839670463063,12.0,-0.0002816794835350384,-0.0004605224831665433,-0.0004605224835517061,-0.0009210834832236508,0.001663192854236439,0.000460522483166545
2,0.0023139000000001776,-9.205934714801602,-0.0003863255914167141,-12.0,4.60238786515042,12.0,-0.0002822498939636653,-0.0004602774190741821,-0.0004602774194605093,-0.0009205934714801603,0.001663028238466535,0.0004602774190741837
2,0.0023141000000001777,-9.201020059793738,-0.0003874893219055764,-12.0,4.599928792039118,12.0,-0.0002828218459546283,-0.0004600316281361009,-0.0004600316285235916,-0.0009201020059793738,0.001662862983801472,0.0004600316281361024
2,0.002314300000000178,-9.196090874975052,-0.0003886523924103713,-12.0,4.597462455012387,12.0,-0.0002833953373586745,-0.0004597851107404783,-0.0004597851111291321,-0.0009196090874975053,0.001662697089256593,0.0004597851107404798
2,0.002314500000000178,-9.191147168130623,-0.0003898148015051284,-12.0,4.594988857964906,12.0,-0.0002839703660224152,-0.0004595378672766398,-0.0004595378676664559,-0.0009191147168130623,0.001662530553845909,0.0004595378672766412
2,0.002314700000000178,-9.186188947068407,-0.0003909765477527749,-12.0,4.592508004802808,12.0,-0.0002845469297884512,-0.0004592898981350548,-0.0004592898985260328,-0.0009186188947068408,0.001662363376583542,0.0004592898981350562
2,0.002314900000000178,-9.18121621961934,-0.00039213762971535,-12.0,4.590019899443721,12.0,-0.0002851250264951366,-0.0004590412037073422,-0.0004590412040994813,-0.0009181216219619341,0.001662195556482393,0.0004590412037073437
2,0.0023151000000001783,-9.176228993637228,-0.0003932980459633306,-12.0,4.587524545816688,12.0,-0.0002857046539768843,-0.000458791784386264,-0.0004587917847795632,-0.0009176228993637228,0.001662027092554696,0.0004587917843862652
2,0.0023153000000001784,-9.171227276998762,-0.0003944577950578676,-12.0,4.585021947862217,12.0,-0.0002862858100639021,-0.0004585416405657262,-0.0004585416409601852,-0.0009171227276998762,0.001661857983812576,0.0004585416405657274
2,0.0023155000000001785,-9.166211077603533,-0.0003956168755672174,-12.0,4.582512109532247,12.0,-0.0002868684925824705,-0.0004582907726407802,-0.0004582907730363983,-0.0009166211077603533,0.001661688229266489,0.0004582907726407815
2,0.0023157000000001786,-9.161180403373987,-0.0003967752860507545,-12.0,4.579995034790164,12.0,-0.0002874526993546928,-0.0004580391810076204,-0.0004580391814043968,-0.0009161180403373987,0.001661517827927672,0.0004580391810076215
2,0.0023159000000001788,-9.156135262255436,-0.0003979330250802882,-12.0,4.577470727610768,12.0,-0.000288038428198828,-0.0004577868660635837,-0.0004577868664615178,-0.0009156135262255436,0.001661346778806028,0.0004577868660635849
2,0.002316100000000179,-9.151075662216012,-0.0003990900912151929,-12.0,4.574939191980282,12.0,-0.0002886256769291246,-0.0004575338282071486,-0.0004575338286062399,-0.0009151075662216013,0.001661175080910571,0.0004575338282071498
2,0.002316300000000179,-9.146001611246689,-0.000400246483018396,-12.0,4.572400431896352,12.0,-0.0002892144433556398,-0.0004572800678379359,-0.0004572800682381836,-0.000914600161124669,0.001661002733250427,0.000457280067837937
2,0.002316500000000179,-9.140913117361256,-0.0004014021990546013,-12.0,4.569854451368024,12.0,-0.0002898047252847813,-0.0004570255853567069,-0.0004570255857581101,-0.0009140913117361256,0.001660829734833946,0.0004570255853567079
2,0.002316700000000179,-9.1358101885963,-0.0004025572378880682,-12.0,4.567301254415746,12.0,-0.0002903965205188763,-0.0004567703811653624,-0.0004567703815679206,-0.0009135810188596301,0.001660656084668699,0.0004567703811653634
2,0.0023169000000001793,-9.130692833011212,-0.0004037115980799477,-12.0,4.564740845071371,12.0,-0.0002909898268562833,-0.0004565144556669441,-0.0004565144560706566,-0.0009130692833011212,0.001660481781762368,0.000456514455666945
2,0.0023171000000001794,-9.125561058688145,-0.0004048652781927231,-12.0,4.56217322737813,12.0,-0.0002915846420915164,-0.0004562578092656314,-0.0004562578096704977,-0.0009125561058688146,0.001660306825121638,0.0004562578092656323
2,0.0023173000000001795,-9.120414873732026,-0.0004060182767888776,-12.0,4.559598405390647,12.0,-0.0002921809640153011,-0.0004560004423667428,-0.0004560004427727618,-0.0009120414873732026,0.001660131213752414,0.0004560004423667436
2,0.0023175000000001797,-9.115254286270517,-0.000407170592434003,-12.0,4.557016383174902,12.0,-0.0002927787904143664,-0.0004557423553767327,-0.0004557423557839042,-0.0009115254286270518,0.001659954946661268,0.0004557423553767336
2,0.0023177000000001798,-9.11007930445405,-0.0004083222236799244,-12.0,4.554427164808283,12.0,-0.0002933781190716106,-0.0004554835487031954,-0.0004554835491115185,-0.0009110079304454051,0.001659778022853331,0.0004554835487031963
2,0.00231790000000018,-9.104889936455763,-0.0004094731690966746,-12.0,4.551830754379505,12.0,-0.0002939789477662685,-0.0004552240227548594,-0.0004552240231643334,-0.0009104889936455763,0.001659600441333731,0.0004552240227548602
2,0.00231810000000018,-9.099686190471493,-0.0004106234272414078,-12.0,4.54922715598865,12.0,-0.0002945812742735365,-0.0004549637779415884,-0.0004549637783522126,-0.0009099686190471493,0.001659422201107374,0.0004549637779415891
2,0.00231830000000018,-9.094468074719819,-0.0004117729966703898,-12.0,4.546616373747173,12.0,-0.0002951850963650027,-0.0004547028146743836,-0.0004547028150861574,-0.0009094468074719819,0.001659243301178281,0.0004547028146743843
2,0.0023185000000001802,-9.089235597441975,-0.0004129218759523212,-12.0,4.543998411777841,12.0,-0.0002957904118083832,-0.0004544411333653786,-0.0004544411337783012,-0.0009089235597441976,0.00165906374055047,0.0004544411333653794
2,0.0023187000000001803,-9.083988766901868,-0.0004140700636390271,-12.0,4.541373274214775,12.0,-0.0002963972183677305,-0.0004541787344278407,-0.0004541787348419115,-0.0009083988766901868,0.001658883518227627,0.0004541787344278415
2,0.0023189000000001805,-9.078727591386084,-0.0004152175582903261,-12.0,4.538740965203431,12.0,-0.0002970055138033639,-0.0004539156182761715,-0.0004539156186913897,-0.0009078727591386084,0.001658702633212661,0.0004539156182761721
2,0.0023191000000001806,-9.073452079203848,-0.000416364358466037,-12.0,4.536101488900582,12.0,-0.0002976152958717726,-0.0004536517853259041,-0.0004536517857422691,-0.0009073452079203848,0.001658521084508813,0.0004536517853259047
2,0.0023193000000001807,-9.06816223868702,-0.0004175104627259785,-12.0,4.533454849474317,12.0,-0.0002982265623258651,-0.0004533872359937037,-0.0004533872364112147,-0.000906816223868702,0.001658338871118992,0.0004533872359937043
2,0.002319500000000181,-9.06285807819008,-0.0004186558696224196,-12.0,4.530801051104048,12.0,-0.000298839310914914,-0.0004531219706973664,-0.000453121971116023,-0.0009062858078190081,0.001658155992044885,0.000453121970697367
2,0.002319700000000181,-9.057539606090126,-0.0004198005777173996,-12.0,4.52814009798048,12.0,-0.0002994535393843478,-0.0004528559898558193,-0.0004528559902756205,-0.0009057539606090126,0.001657972446288958,0.0004528559898558198
2,0.002319900000000181,-9.052206830786835,-0.0004209445855654081,-12.0,4.525471994305624,12.0,-0.0003000692454762088,-0.0004525892938891185,-0.0004525892943100635,-0.0009052206830786836,0.001657788232852897,0.000452589293889119
2,0.002320100000000181,-9.04685976070248,-0.0004220878917235993,-12.0,4.522796744292775,12.0,-0.0003006864269286952,-0.0004523218832184494,-0.0004523218836405379,-0.0009046859760702481,0.001657603350738501,0.0004523218832184499
2,0.0023203000000001812,-9.041498404281896,-0.0004232304947451304,-12.0,4.520114352166525,12.0,-0.0003013050814764801,-0.0004520537582661266,-0.0004520537586893576,-0.0009041498404281896,0.001657417798947458,0.000452053758266127
2,0.0023205000000001814,-9.036122769992483,-0.0004243723931867116,-12.0,4.517424822162737,12.0,-0.0003019252068507672,-0.000451784919455592,-0.0004517849198799648,-0.0009036122769992483,0.001657231576480456,0.0004517849194555923
2,0.0023207000000001815,-9.030732866324158,-0.0004255135856068293,-12.0,4.514728158528531,12.0,-0.0003025468007790549,-0.0004515153672114135,-0.0004515153676369275,-0.0009030732866324158,0.001657044682338626,0.0004515153672114138
2,0.0023209000000001816,-9.025328701789382,-0.0004266540705488708,-12.0,4.512024365522327,12.0,-0.0003031698609853445,-0.0004512451019592873,-0.0004512451023859417,-0.0009025328701789383,0.001656857115522992,0.0004512451019592877
2,0.0023211000000001817,-9.019910284923169,-0.0004277938465770958,-12.0,4.509313447413779,12.0,-0.0003037943851901398,-0.0004509741241260354,-0.0004509741245538296,-0.0009019910284923169,0.001656668875033906,0.0004509741241260357
2,0.002321300000000182,-9.014477624282952,-0.0004289329122437735,-12.0,4.506595408483781,12.0,-0.0003044203711103644,-0.0004507024341396022,-0.0004507024345685354,-0.0009014477624282952,0.001656479959872281,0.0004507024341396025
2,0.002321500000000182,-9.009030728448721,-0.0004300712660918471,-12.0,4.503870253024511,12.0,-0.0003050478164595555,-0.00045043003242906,-0.0004504300328591315,-0.0009009030728448722,0.001656290369038582,0.0004504300324290602
2,0.002321700000000182,-9.003569606022923,-0.0004312089066860203,-12.0,4.501137985339344,12.0,-0.0003056767189476145,-0.0004501569194246028,-0.0004501569198558119,-0.0009003569606022923,0.001656100101533164,0.0004501569194246031
2,0.002321900000000182,-8.998094265630439,-0.0004323458325701246,-12.0,4.498398609742907,12.0,-0.0003063070762811954,-0.0004498830955575475,-0.0004498830959898935,-0.0008998094265630439,0.001655909156356161,0.0004498830955575476
2,0.0023221000000001823,-8.992604715918635,-0.000433482042295541,-12.0,4.495652130561053,12.0,-0.000306938886163427,-0.0004496085612603347,-0.000449608561693817,-0.0008992604715918635,0.001655717532507484,0.0004496085612603349
2,0.0023223000000001824,-8.987100965557289,-0.0004346175344158709,-12.0,4.492898552130845,12.0,-0.0003075721462939413,-0.000449333316966526,-0.0004493333174011436,-0.000898710096555729,0.001655525228987931,0.0004493333169665262
2,0.0023225000000001825,-8.981583023238606,-0.0004357523074798308,-12.0,4.490137878800559,12.0,-0.0003082068543690669,-0.0004490573631108038,-0.0004490573635465564,-0.0008981583023238606,0.001655332244797192,0.000449057363110804
2,0.0023227000000001826,-8.976050897677178,-0.0004368863600374695,-12.0,4.487370114929671,12.0,-0.0003088430080817189,-0.0004487807001289708,-0.0004487807005658571,-0.0008976050897677178,0.001655138578935289,0.0004487807001289708
2,0.0023229000000001827,-8.970504597610024,-0.0004380196906330625,-12.0,4.484595264888865,12.0,-0.0003094806051214816,-0.0004485033284579498,-0.0004485033288959695,-0.0008970504597610024,0.001654944230402688,0.0004485033284579499
2,0.002323100000000183,-8.964944131796525,-0.0004391522978228757,-12.0,4.481813333060005,12.0,-0.0003101196431745668,-0.0004482252485357828,-0.0004482252489749351,-0.0008964944131796526,0.001654749198199301,0.0004482252485357828
2,0.002323300000000183,-8.959369509018407,-0.0004402841801498525,-12.0,4.479024323836137,12.0,-0.0003107601199238419,-0.0004479464608016286,-0.0004479464612419129,-0.0008959369509018407,0.001654553481324927,0.0004479464608016287
2,0.002323500000000183,-8.95378073807978,-0.0004414153361604889,-12.0,4.476228241621496,12.0,-0.0003114020330488576,-0.0004476669656957657,-0.000447666966137181,-0.0008953780738079781,0.001654357078780588,0.0004476669656957657
2,0.002323700000000183,-8.948177827807077,-0.00044254576440661,-12.0,4.473425090831472,12.0,-0.0003120453802260142,-0.000447386763659588,-0.0004473867641021336,-0.0008948177827807078,0.001654159989565529,0.0004473867636595879
2,0.0023239000000001833,-8.942560787049034,-0.0004436754634298268,-12.0,4.470614875892618,12.0,-0.0003126901591282566,-0.0004471058551356048,-0.0004471058555792802,-0.0008942560787049034,0.00165396221268066,0.0004471058551356048
2,0.0023241000000001834,-8.936929624676734,-0.0004448044317761912,-12.0,4.467797601242658,12.0,-0.0003133363674253237,-0.0004468242405674435,-0.0004468242410122479,-0.0008936929624676735,0.001653763747126336,0.0004468242405674435
2,0.0023243000000001835,-8.93128434958353,-0.0004459326679921993,-12.0,4.464973271330451,12.0,-0.000313984002783832,-0.0004465419203998443,-0.0004465419208457769,-0.0008931284349583531,0.001653564591903023,0.0004465419203998444
2,0.0023245000000001836,-8.925624970685057,-0.0004470601706230148,-12.0,4.462141890615992,12.0,-0.0003146330628670535,-0.0004462588950786616,-0.0004462588955257217,-0.0008925624970685057,0.001653364746011188,0.0004462588950786614
2,0.0023247000000001837,-8.919951496919204,-0.0004481869382133574,-12.0,4.459303463570413,12.0,-0.0003152835453350683,-0.0004459751650508628,-0.0004459751654990496,-0.0008919951496919205,0.001653164208451963,0.0004459751650508626
2,0.002324900000000184,-8.91426393724616,-0.0004493129693012854,-12.0,4.456457994675999,12.0,-0.0003159354478449033,-0.0004456907307645302,-0.0004456907312138429,-0.000891426393724616,0.001652962978225481,0.00044569073076453
2,0.002325100000000184,-8.908562300648311,-0.0004504382624377357,-12.0,4.453605488426116,12.0,-0.0003165887680502549,-0.0004454055926688555,-0.0004454055931192937,-0.0008908562300648312,0.001652761054333984,0.0004454055926688554
2,0.002325300000000184,-8.902846596130262,-0.0004515628161603225,-12.0,4.450745949325262,12.0,-0.0003172435036017524,-0.0004451197512141424,-0.0004451197516657051,-0.0008902846596130262,0.001652558435778273,0.0004451197512141423
2,0.002325500000000184,-8.897116832718856,-0.0004526866290093245,-12.0,4.447879381889049,12.0,-0.0003178996521469302,-0.000444833206851806,-0.0004448332073044924,-0.0008897116832718856,0.001652355121559701,0.0004448332068518058
2,0.0023257000000001843,-8.891373019463128,-0.000453809699531238,-12.0,4.445005790644171,12.0,-0.0003185572113301588,-0.0004445459600343704,-0.0004445459604881798,-0.0008891373019463128,0.001652151110679956,0.0004445459600343702
2,0.0023259000000001844,-8.885615165434274,-0.0004549320262654533,-12.0,4.442125180128419,12.0,-0.0003192161787927,-0.0004442580112154688,-0.0004442580116704004,-0.0008885615165434274,0.001651946402141391,0.0004442580112154684
2,0.0023261000000001845,-8.879843279725673,-0.0004560536077491406,-12.0,4.439237554890677,12.0,-0.0003198765521728458,-0.000443969360849843,-0.0004439693613058962,-0.0008879843279725674,0.001651740994945583,0.0004439693608498426
2,0.0023263000000001846,-8.874057371452853,-0.0004571744425243551,-12.0,4.436342919490897,12.0,-0.0003205383291056685,-0.0004436800093933424,-0.0004436800098505165,-0.0008874057371452853,0.001651534888095774,0.0004436800093933421
2,0.0023265000000001848,-8.868257449753479,-0.0004582945291318197,-12.0,4.433441278500097,12.0,-0.0003212015072234231,-0.0004433899573029233,-0.0004433899577612174,-0.000886825744975348,0.001651328080593983,0.0004433899573029229
2,0.002326700000000185,-8.862443523787348,-0.0004594138661064839,-12.0,4.430532636500375,12.0,-0.0003218660841551313,-0.0004430992050366486,-0.0004430992054960621,-0.0008862443523787349,0.001651120571443676,0.0004430992050366483
2,0.002326900000000185,-8.856615602736357,-0.0004605324519917353,-12.0,4.427616998084868,12.0,-0.0003225320575268864,-0.0004428077530536863,-0.0004428077535142182,-0.0008856615602736357,0.001650912359648204,0.0004428077530536859
2,0.002327100000000185,-8.850773695804499,-0.0004616502853167503,-12.0,4.424694367857771,12.0,-0.0003231994249618259,-0.0004425156018143093,-0.0004425156022759591,-0.0008850773695804499,0.001650703444211254,0.0004425156018143088
2,0.002327300000000185,-8.844917812217844,-0.0004627673646311337,-12.0,4.421764750434301,12.0,-0.0003238681840801033,-0.0004422227517798937,-0.0004422227522426607,-0.0008844917812217845,0.001650493824136623,0.0004422227517798933
2,0.0023275000000001853,-8.839047961224534,-0.0004638836884578446,-12.0,4.418828150440742,12.0,-0.0003245383324989443,-0.0004419292034129205,-0.0004419292038768038,-0.0008839047961224534,0.001650283498428995,0.0004419292034129199
2,0.0023277000000001854,-8.833164152094781,-0.0004649992553420468,-12.0,4.415884572514384,12.0,-0.0003252098678325627,-0.0004416349571769731,-0.000441634957641972,-0.0008833164152094781,0.001650072466092944,0.0004416349571769727
2,0.0023279000000001855,-8.827266394120784,-0.0004661140638195782,-12.0,4.412934021303522,12.0,-0.0003258827876923692,-0.0004413400135367347,-0.0004413400140028483,-0.0008827266394120784,0.001649860726133934,0.0004413400135367342
2,0.0023281000000001857,-8.821354696616817,-0.0004672281124160627,-12.0,4.409976501467503,12.0,-0.0003265570896868047,-0.0004410443729579924,-0.00044104437342522,-0.0008821354696616818,0.001649648277557203,0.0004410443729579919
2,0.0023283000000001858,-8.815429068919142,-0.0004683413996788843,-12.0,4.407012017676639,12.0,-0.0003272327714213819,-0.0004407480359076322,-0.0004407480363759732,-0.0008815429068919142,0.00164943511936877,0.0004407480359076318
2,0.002328500000000186,-8.809489520385986,-0.000469453924133667,-12.0,4.404040574612253,12.0,-0.0003279098304988654,-0.0004404510028536391,-0.0004404510033230926,-0.0008809489520385987,0.001649221250575428,0.0004404510028536387
2,0.002328700000000186,-8.803536060397597,-0.0004705656843144723,-12.0,4.401062176966669,12.0,-0.0003285882645191751,-0.0004401532742650989,-0.0004401532747356642,-0.0008803536060397598,0.001649006670183417,0.0004401532742650984
2,0.002328900000000186,-8.797568698356162,-0.000471676678757138,-12.0,4.398076829443179,12.0,-0.0003292680710792611,-0.0004398548506121942,-0.0004398548510838703,-0.0008797568698356163,0.001648791377200642,0.0004398548506121936
2,0.0023291000000001862,-8.791587443685817,-0.0004727869059917289,-12.0,4.395084536756052,12.0,-0.0003299492477733951,-0.000439555732366205,-0.0004395557328389913,-0.0008791587443685817,0.001648575370634897,0.0004395557323662043
2,0.0023293000000001863,-8.785592305832642,-0.0004738963645545269,-12.0,4.392085303630525,12.0,-0.0003306317921930035,-0.0004392559199995085,-0.0004392559204734044,-0.0008785592305832643,0.001648358649494308,0.000439255919999508
2,0.0023295000000001865,-8.77958329426462,-0.0004750050529702676,-12.0,4.389079134802804,12.0,-0.0003313157019267793,-0.0004389554139855781,-0.0004389554144605825,-0.0008779583294264621,0.001648141212787779,0.0004389554139855775
2,0.0023297000000001866,-8.773560418471657,-0.0004761129697752331,-12.0,4.386066035020036,12.0,-0.0003320009745606256,-0.0004386542147989818,-0.0004386542152750942,-0.0008773560418471657,0.001647923059524437,0.0004386542147989811
2,0.0023299000000001867,-8.767523687965529,-0.0004772201135008203,-12.0,4.383046009040312,12.0,-0.0003326876076776564,-0.0004383523229153818,-0.0004383523233926014,-0.0008767523687965529,0.001647704188714627,0.0004383523229153813
2,0.002330100000000187,-8.761473112279893,-0.0004783264826717648,-12.0,4.380019061632675,12.0,-0.0003333755988584458,-0.0004380497388115353,-0.0004380497392898611,-0.0008761473112279893,0.001647484599368254,0.0004380497388115347
2,0.002330300000000187,-8.75540870097027,-0.00047943207582124,-12.0,4.376985197577082,12.0,-0.0003340649456805428,-0.000437746462965291,-0.0004377464634447225,-0.0008755408700970269,0.001647264290496886,0.0004377464629652904
2,0.002330500000000187,-8.749330463614006,-0.0004805368914788666,-12.0,4.373944421664415,12.0,-0.0003347556457190953,-0.0004374424958555902,-0.0004374424963361264,-0.0008749330463614007,0.00164704326111198,0.0004374424958555894
2,0.002330700000000187,-8.743238409810298,-0.0004816409281711564,-12.0,4.370896738696484,12.0,-0.0003354476965465175,-0.0004371378379624662,-0.0004371378384441063,-0.0008743238409810298,0.001646821510225771,0.0004371378379624656
2,0.0023309000000001872,-8.737132549180155,-0.0004827441844272862,-12.0,4.367842153485995,12.0,-0.0003361410957324618,-0.0004368324897670431,-0.0004368324902497864,-0.0008737132549180155,0.001646599036850938,0.0004368324897670423
2,0.0023311000000001874,-8.731012891366348,-0.000483846658779985,-12.0,4.364780670856537,12.0,-0.0003368358408439853,-0.0004365264517515324,-0.0004365264522353784,-0.0008731012891366348,0.001646375840001379,0.0004365264517515318
2,0.0023313000000001875,-8.724879446033473,-0.0004849483497433305,-12.0,4.361712295642637,12.0,-0.0003375319294456752,-0.0004362197243992389,-0.0004362197248841865,-0.0008724879446033473,0.001646151918690775,0.000436219724399238
2,0.0023315000000001876,-8.718732222867885,-0.0004860492558607099,-12.0,4.35863703268966,12.0,-0.0003382293590993291,-0.0004359123081945528,-0.0004359123086806013,-0.0008718732222867886,0.001645927271934022,0.0004359123081945521
2,0.0023317000000001877,-8.712571231577668,-0.000487149375646645,-12.0,4.35555488685387,12.0,-0.0003389281273641492,-0.0004356042036229525,-0.0004356042041101011,-0.0008712571231577668,0.001645701898746688,0.0004356042036229517
2,0.002331900000000188,-8.70639648189266,-0.0004882487076343089,-12.0,4.352465863002392,12.0,-0.0003396282317969235,-0.0004352954111710034,-0.0004352954116592513,-0.0008706396481892661,0.001645475798145113,0.0004352954111710027
2,0.002332100000000188,-8.700207983564425,-0.0004893472503431084,-12.0,4.349369966013225,12.0,-0.0003403296699518304,-0.0004349859313263575,-0.0004349859318157041,-0.0008700207983564426,0.001645248969145419,0.0004349859313263568
2,0.002332300000000188,-8.694005746366226,-0.0004904450023039963,-12.0,4.346267200775208,12.0,-0.0003410324393804259,-0.0004346757645777521,-0.0004346757650681961,-0.0008694005746366227,0.001645021410766057,0.0004346757645777512
2,0.002332500000000188,-8.687789780093011,-0.0004915419620385997,-12.0,4.343157572188028,12.0,-0.0003417365376318093,-0.0004343649114150074,-0.0004343649119065487,-0.0008687789780093011,0.001644793122024812,0.0004343649114150066
2,0.0023327000000001883,-8.681560094561416,-0.00049263812807121,-12.0,4.34004108516222,12.0,-0.0003424419622526376,-0.00043405337232903,-0.0004340533728216673,-0.0008681560094561416,0.001644564101940915,0.0004340533723290291
2,0.0023329000000001884,-8.675316699609729,-0.0004937334989274511,-12.0,4.336917744619138,12.0,-0.0003431487107869446,-0.0004337411478118074,-0.0004337411483055401,-0.0008675316699609729,0.00164433434953426,0.0004337411478118065
2,0.0023331000000001885,-8.669059605097871,-0.0004948280731302823,-12.0,4.33378755549096,12.0,-0.000343856780776447,-0.0004334282383564098,-0.0004334282388512371,-0.0008669059605097871,0.00164410386382563,0.0004334282383564091
2,0.0023333000000001886,-8.66278882090742,-0.0004959218492004425,-12.0,4.33065052272069,12.0,-0.0003445661697603492,-0.00043311464445699,-0.000433114644952911,-0.000866278882090742,0.001643872643835698,0.0004331146444569891
2,0.0023335000000001887,-8.656504356941547,-0.0004970148256657758,-12.0,4.327506651262127,12.0,-0.0003452768752753577,-0.0004328003666087801,-0.0004328003671057941,-0.0008656504356941547,0.001643640688587467,0.0004328003666087792
2,0.002333700000000189,-8.650206223125023,-0.0004981070010439126,-12.0,4.324355946079876,12.0,-0.000345988894855806,-0.0004324854053080928,-0.000432485405806199,-0.0008650206223125024,0.001643407997103608,0.000432485405308092
2,0.002333900000000189,-8.643894429404185,-0.000499198373862697,-12.0,4.321198412149315,12.0,-0.0003467022260337377,-0.0004321697610523188,-0.0004321697615515161,-0.0008643894429404185,0.001643174568408012,0.0004321697610523177
2,0.002334100000000189,-8.637568985746967,-0.0005002889426353185,-12.0,4.318034054456641,12.0,-0.0003474168663385874,-0.0004318534343399286,-0.0004318534348402166,-0.0008637568985746967,0.001642940401525461,0.0004318534343399277
2,0.002334300000000189,-8.631229902142854,-0.0005013787058909536,-12.0,4.314862877998804,12.0,-0.0003481328132976247,-0.0004315364256704704,-0.0004315364261718481,-0.0008631229902142855,0.0016427054954814,0.0004315364256704696
2,0.0023345000000001893,-8.624877188602813,-0.0005024676621494528,-12.0,4.311684887783506,12.0,-0.0003488500644356213,-0.0004312187355445665,-0.0004312187360470332,-0.0008624877188602813,0.001642469849302719,0.0004312187355445655
2,0.0023347000000001894,-8.6185108551594,-0.0005035558099240056,-12.0,4.308500088829256,12.0,-0.0003495686172752255,-0.000430900364463919,-0.0004309003649674738,-0.00086185108551594,0.001642233462015974,0.000430900364463918
2,0.0023349000000001895,-8.612130911866636,-0.0005046431477491176,-12.0,4.305308486165264,12.0,-0.0003502884693364766,-0.0004305813129313022,-0.0004305813134359443,-0.0008612130911866637,0.001641996332650275,0.0004305813129313012
2,0.0023351000000001896,-8.60573736880001,-0.0005057296741317607,-12.0,4.302110084831511,12.0,-0.0003510096181373462,-0.0004302615814505652,-0.000430261581956294,-0.0008605737368800011,0.001641758460234177,0.0004302615814505643
2,0.0023353000000001897,-8.59933023605653,-0.0005068153875971149,-12.0,4.298904889878715,12.0,-0.0003517320611933772,-0.0004299411705266321,-0.0004299411710334466,-0.0008599330236056529,0.001641519843798345,0.0004299411705266312
2,0.00233550000000019,-8.592909523754626,-0.0005079002866650306,-12.0,4.295692906368313,12.0,-0.0003524557960179614,-0.0004296200806654987,-0.0004296200811733981,-0.0008592909523754626,0.001641280482373553,0.0004296200806654979
2,0.00233570000000019,-8.586475242034169,-0.0005089843698535823,-12.0,4.292474139372461,12.0,-0.0003531808201221731,-0.0004292983123742324,-0.0004292983128832158,-0.0008586475242034169,0.001641040374991576,0.0004292983123742314
2,0.00233590000000019,-8.580027401056475,-0.0005100676356799561,-12.0,4.28924859397404,12.0,-0.0003539071310148384,-0.000428975866160973,-0.0004289758666710397,-0.0008580027401056475,0.001640799520685854,0.0004289758661609721
2,0.00233610000000019,-8.573566011004248,-0.000511150082666223,-12.0,4.286016275266623,12.0,-0.0003546347262025906,-0.0004286527425349299,-0.0004286527430460791,-0.0008573566011004248,0.001640557918490271,0.000428652742534929
2,0.0023363000000001903,-8.567091082081582,-0.000512231709328681,-12.0,4.282777188354482,12.0,-0.0003553636031898427,-0.000428328942006382,-0.0004283289425186126,-0.0008567091082081582,0.00164031556743971,0.0004283289420063811
2,0.0023365000000001904,-8.56060262451395,-0.0005133125141854045,-12.0,4.27953133835257,12.0,-0.0003560937594788566,-0.0004280044650866766,-0.0004280044655999883,-0.000856060262451395,0.001640072466570275,0.0004280044650866757
2,0.0023367000000001905,-8.554100648548193,-0.0005143924957540236,-12.0,4.276278730386541,12.0,-0.0003568251925697014,-0.0004276793122882306,-0.0004276793128026219,-0.0008554100648548193,0.001639828614919292,0.0004276793122882295
2,0.0023369000000001906,-8.547585164452496,-0.0005154716525539449,-12.0,4.2730193695927,12.0,-0.0003575578999602674,-0.0004273534841245264,-0.0004273534846399971,-0.0008547585164452496,0.00163958401152442,0.0004273534841245255
2,0.0023371000000001908,-8.541056182516337,-0.0005165499831001341,-12.0,4.269753261118018,12.0,-0.0003582918791463219,-0.0004270269811101129,-0.0004270269816266619,-0.0008541056182516338,0.001639338655425315,0.0004270269811101119
2,0.002337300000000191,-8.534513713050549,-0.0005176274859093333,-12.0,4.266480410120136,12.0,-0.0003590271276215362,-0.0004266998037606055,-0.000426699804278232,-0.0008534513713050549,0.001639092545661636,0.0004266998037606046
2,0.002337500000000191,-8.527957766387248,-0.0005187041595005049,-12.0,4.263200821767331,12.0,-0.000359763642877528,-0.0004263719525926842,-0.0004263719531113874,-0.0008527957766387248,0.001638845681274925,0.0004263719525926831
2,0.002337700000000191,-8.521388352879782,-0.0005197800023912791,-12.0,4.259914501238503,12.0,-0.0003605014224036251,-0.0004260434281240905,-0.0004260434286438695,-0.0008521388352879782,0.001638598061307839,0.0004260434281240895
2,0.002337900000000191,-8.514805482902828,-0.0005208550130895162,-12.0,4.25662145372323,12.0,-0.0003612404636872957,-0.000425714230873633,-0.000425714231394487,-0.0008514805482902828,0.001638349684803919,0.0004257142308736319
2,0.0023381000000001913,-8.508209166852284,-0.0005219291901252809,-12.0,4.253321684421662,12.0,-0.0003619807642137873,-0.0004253843613611798,-0.000425384361883108,-0.0008508209166852284,0.001638100550807597,0.0004253843613611787
2,0.0023383000000001914,-8.501599415145241,-0.0005230025320015486,-12.0,4.250015198544593,12.0,-0.0003627223214665021,-0.0004250538201076606,-0.0004250538206306621,-0.0008501599415145242,0.001637850658364748,0.0004250538201076595
2,0.0023385000000001916,-8.494976238220046,-0.0005240750372430547,-12.0,4.246702001313408,12.0,-0.0003634651329265798,-0.0004247226076350663,-0.0004247226081591402,-0.0008494976238220046,0.001637600006522577,0.0004247226076350652
2,0.0023387000000001917,-8.488339646536227,-0.0005251467043585478,-12.0,4.243382097960108,12.0,-0.0003642091960733562,-0.0004243907244664478,-0.0004243907249915935,-0.0008488339646536227,0.001637348594328958,0.0004243907244664467
2,0.0023389000000001918,-8.481689650574493,-0.0005262175318687667,-12.0,4.24005549372727,12.0,-0.0003649545083840161,-0.000424058171125915,-0.0004240581716521313,-0.0008481689650574494,0.001637096420833206,0.0004240581711259138
2,0.002339100000000192,-8.47502626083671,-0.0005272875182864567,-12.0,4.23672219386805,12.0,-0.0003657010673338568,-0.0004237249481386348,-0.0004237249486659212,-0.0008475026260836711,0.001636843485086303,0.0004237249481386337
2,0.002339300000000192,-8.468349487845899,-0.0005283566621265834,-12.0,4.233382203646193,12.0,-0.0003664488703962188,-0.0004233910560308332,-0.0004233910565591886,-0.0008468349487845899,0.001636589786139231,0.000423391056030832
2,0.002339500000000192,-8.461659342146211,-0.0005294249619058888,-12.0,4.230035528335996,12.0,-0.0003671979150424443,-0.0004230564953297913,-0.0004230564958592153,-0.0008461659342146211,0.001636335323045635,0.0004230564953297903
2,0.0023397000000001922,-8.454955834302886,-0.0005304924161393387,-12.0,4.22668217322231,12.0,-0.0003679481987419742,-0.000422721266563846,-0.0004227212670943373,-0.0008454955834302887,0.001636080094859049,0.0004227212665638449
2,0.0023399000000001923,-8.448238974902287,-0.0005315590233356815,-12.0,4.223322143600551,12.0,-0.0003686997189622648,-0.0004223853702623897,-0.0004223853707939476,-0.0008448238974902287,0.001635824100635896,0.0004223853702623886
2,0.0023401000000001925,-8.441508774551865,-0.0005326247820178764,-12.0,4.219955444776657,12.0,-0.0003694524731690241,-0.0004220488069558687,-0.0004220488074884924,-0.0008441508774551865,0.001635567339431709,0.0004220488069558675
2,0.0023403000000001926,-8.43476524388009,-0.0005336896906960042,-12.0,4.216582082067105,12.0,-0.0003702064588259613,-0.0004217115771757812,-0.0004217115777094697,-0.000843476524388009,0.001635309810305019,0.0004217115771757801
2,0.0023405000000001927,-8.428008393536524,-0.0005347537478828102,-12.0,4.213202060798901,12.0,-0.0003709616733949261,-0.0004213736814546795,-0.0004213736819894321,-0.0008428008393536524,0.001635051512315133,0.0004213736814546784
2,0.002340700000000193,-8.421238234191748,-0.0005358169520954803,-12.0,4.20981538630956,12.0,-0.0003717181143358672,-0.0004210351203261668,-0.0004210351208619827,-0.0008421238234191748,0.001634792444522803,0.0004210351203261656
2,0.002340900000000193,-8.41445477653733,-0.0005368793018503126,-12.0,4.206422063947096,12.0,-0.0003724757791070121,-0.0004206958943248957,-0.0004206958948617739,-0.000841445477653733,0.001634532605989669,0.0004206958943248947
2,0.002341100000000193,-8.40765803128583,-0.0005379407956573878,-12.0,4.203022099070022,12.0,-0.0003732346651648261,-0.0004203560039865691,-0.0004203560045245086,-0.0008407658031285831,0.001634271995778369,0.000420356003986568
2,0.002341300000000193,-8.40084800917085,-0.0005390014320272307,-12.0,4.19961549704737,12.0,-0.0003739947699636786,-0.0004200154498479408,-0.0004200154503869412,-0.0008400848009170851,0.001634010612954429,0.0004200154498479398
2,0.0023415000000001933,-8.3940247209469,-0.0005400612094841328,-12.0,4.196202263258612,12.0,-0.0003747560909563852,-0.0004196742324468109,-0.0004196742329868708,-0.0008394024720946901,0.001633748456583151,0.0004196742324468096
2,0.0023417000000001934,-8.387188177389426,-0.0005411201265346222,-12.0,4.192782403093709,12.0,-0.0003755186255939014,-0.0004193323523220255,-0.0004193323528631446,-0.0008387188177389427,0.001633485525732059,0.0004193323523220244
2,0.0023419000000001935,-8.380338389294835,-0.0005421781816932203,-12.0,4.189355921953096,12.0,-0.0003762823713254621,-0.0004189898100134802,-0.0004189898105556571,-0.0008380338389294835,0.001633221819469677,0.0004189898100134789
2,0.0023421000000001936,-8.373475367480433,-0.0005432353734744488,-12.0,4.185922825247651,12.0,-0.0003770473255985257,-0.0004186466060621138,-0.0004186466066053479,-0.0008373475367480434,0.00163295733686597,0.0004186466060621126
2,0.0023423000000001937,-8.366599122784413,-0.0005442917003950498,-12.0,4.182483118398697,12.0,-0.0003778134858588578,-0.0004183027410099104,-0.0004183027415542009,-0.0008366599122784413,0.001632692076992681,0.0004183027410099092
2,0.002342500000000194,-8.359709666065854,-0.0005453471609633276,-12.0,4.17903680683801,12.0,-0.0003785808495505305,-0.0004179582153998986,-0.0004179582159452445,-0.0008359709666065854,0.001632426038921997,0.0004179582153998974
2,0.002342700000000194,-8.35280700820469,-0.0005464017536982446,-12.0,4.17558389600778,12.0,-0.0003793494141156734,-0.000417613029776149,-0.0004176130303225496,-0.0008352807008204691,0.001632159221728879,0.0004176130297761479
2,0.002342900000000194,-8.345891160101694,-0.0005474554771089934,-12.0,4.172124391360629,12.0,-0.0003801191769951251,-0.000417267184683775,-0.0004172671852312293,-0.0008345891160101694,0.001631891624488513,0.0004172671846837737
2,0.002343100000000194,-8.33896213267847,-0.0005485083297158688,-12.0,4.168658298359577,12.0,-0.0003808901356277261,-0.0004169206806689304,-0.0004169206812174377,-0.0008338962132678469,0.001631623246278746,0.0004169206806689292
2,0.0023433000000001943,-8.332019936877423,-0.0005495603100240665,-12.0,4.165185622478072,12.0,-0.0003816622874508735,-0.0004165735182788108,-0.00041657351882837,-0.0008332019936877423,0.001631354086177539,0.0004165735182788096
2,0.0023435000000001944,-8.325064583661767,-0.000550611416552993,-12.0,4.16170636919994,12.0,-0.0003824356299001602,-0.0004162256980616504,-0.0004162256986122607,-0.0008325064583661767,0.001631084143265182,0.0004162256980616492
2,0.0023437000000001945,-8.31809608401545,-0.0005516616478202785,-12.0,4.158220544019378,12.0,-0.000383210160409736,-0.000415877220566721,-0.0004158772211183815,-0.0008318096084015449,0.001630813416623633,0.0004158772205667198
2,0.0023439000000001946,-8.311114448943215,-0.000552711002327122,-12.0,4.154728152441006,12.0,-0.0003839858764119325,-0.0004155280863443345,-0.0004155280868970444,-0.0008311114448943215,0.001630541905335736,0.0004155280863443333
2,0.0023441000000001947,-8.304119689470555,-0.0005537594786013678,-12.0,4.15122919997978,12.0,-0.0003847627753376104,-0.0004151782959458393,-0.0004151782964995978,-0.0008304119689470556,0.00163026960848589,0.0004151782959458382
2,0.002344300000000195,-8.297111816643607,-0.0005548070751513201,-12.0,4.147723692161006,12.0,-0.0003855408546160621,-0.000414827849923617,-0.0004148278504784228,-0.0008297111816643608,0.001629996525160715,0.0004148278499236158
2,0.002344500000000195,-8.290090841529306,-0.0005558537904857275,-12.0,4.144211634520386,12.0,-0.0003863201116750675,-0.0004144767488310885,-0.0004144767493869411,-0.0008290090841529306,0.001629722654447274,0.0004144767488310872
2,0.002344700000000195,-8.283056775215229,-0.0005568996231306578,-12.0,4.140693032603922,12.0,-0.0003871005439405606,-0.0004141249932227065,-0.0004141249937796049,-0.0008283056775215229,0.001629447995435518,0.0004141249932227053
2,0.002344900000000195,-8.27600962880959,-0.0005579445715930831,-12.0,4.137167891967959,12.0,-0.000387882148837379,-0.0004137725836539564,-0.0004137725842118999,-0.0008276009628809589,0.001629172547215729,0.0004137725836539552
2,0.0023451000000001953,-8.268949413441323,-0.0005589886343830841,-12.0,4.133636218179201,12.0,-0.0003886649237884177,-0.0004134195206813597,-0.000413419521240347,-0.0008268949413441323,0.001628896308880745,0.0004134195206813584
2,0.0023453000000001954,-8.261876140259966,-0.0005600318100262847,-12.0,4.130098016814624,12.0,-0.0003894488662153917,-0.0004130658048624663,-0.000413065805422497,-0.0008261876140259966,0.001628619279523957,0.000413065804862465
2,0.0023455000000001955,-8.25478982043564,-0.0005610740970301009,-12.0,4.126553293461534,12.0,-0.0003902339735383231,-0.0004127114367558576,-0.0004127114373169305,-0.000825478982043564,0.001628341458241533,0.0004127114367558564
2,0.0023457000000001956,-8.247690465159103,-0.000562115493911719,-12.0,4.12300205371753,12.0,-0.0003910202431758325,-0.0004123564169211452,-0.0004123564174832596,-0.0008247690465159103,0.001628062844130307,0.0004123564169211442
2,0.0023459000000001957,-8.240578085641692,-0.0005631559991825519,-12.0,4.119444303190512,12.0,-0.0003918076725451525,-0.0004120007459189708,-0.0004120007464821255,-0.0008240578085641693,0.001627783436289221,0.0004120007459189695
2,0.002346100000000196,-8.233452693115302,-0.0005641956113620061,-12.0,4.115880047498652,12.0,-0.0003925962590618087,-0.0004116444243110026,-0.000411644424875197,-0.0008233452693115302,0.001627503233818661,0.0004116444243110013
2,0.002346300000000196,-8.226314298832358,-0.0005652343289646033,-12.0,4.112309292270388,12.0,-0.0003933860001402167,-0.0004112874526599365,-0.0004112874532251697,-0.0008226314298832359,0.001627222235820569,0.0004112874526599352
2,0.002346500000000196,-8.219162914065839,-0.0005662721505035329,-12.0,4.108732043144442,12.0,-0.0003941768931931544,-0.0004109298315294958,-0.0004109298320957668,-0.0008219162914065839,0.001626940441399105,0.0004109298315294945
2,0.002346700000000196,-8.211998550109213,-0.0005673090744955367,-12.0,4.105148305769772,12.0,-0.0003949689356321506,-0.000410571561484428,-0.0004105715620517359,-0.0008211998550109213,0.00162665784965943,0.0004105715614844268
2,0.0023469000000001963,-8.204821218276447,-0.0005683450994582451,-12.0,4.101558085805585,12.0,-0.0003957621248671384,-0.0004102126430905055,-0.0004102126436588494,-0.0008204821218276447,0.001626374459708368,0.0004102126430905044
2,0.0023471000000001964,-8.19763092990199,-0.0005693802239044032,-12.0,4.097961388921338,12.0,-0.000396556458306857,-0.0004098530769145255,-0.0004098530774839043,-0.000819763092990199,0.001626090270655411,0.0004098530769145242
2,0.0023473000000001965,-8.190427696340755,-0.0005704144463516414,-12.0,4.094358220796705,12.0,-0.0003973519333586029,-0.0004094928635243069,-0.0004094928640947203,-0.0008190427696340756,0.001625805281610493,0.0004094928635243057
2,0.0023475000000001967,-8.183211528968059,-0.0005714477653193661,-12.0,4.090748587121571,12.0,-0.0003981485474283952,-0.0004091320034886903,-0.000409132004060137,-0.0008183211528968059,0.001625519491685878,0.0004091320034886891
2,0.0023477000000001968,-8.17598243917964,-0.0005724801793212109,-12.0,4.087132493596036,12.0,-0.000398946297920727,-0.000408770497377537,-0.000408770497950016,-0.000817598243917964,0.001625232899995943,0.0004087704973775358
2,0.002347900000000197,-8.168740438391705,-0.0005735116868694767,-12.0,4.083509945930431,12.0,-0.0003997451822390918,-0.0004084083457617313,-0.0004084083463352418,-0.0008168740438391706,0.00162494550565595,0.00040840834576173
2,0.002348100000000197,-8.161485538040786,-0.0005745422864924521,-12.0,4.079880949845232,12.0,-0.0004005451977853736,-0.0004080455492131736,-0.0004080455497877146,-0.0008161485538040786,0.001624657307783606,0.0004080455492131724
2,0.002348300000000197,-8.15421774958377,-0.0005755719766979972,-12.0,4.076245511071118,12.0,-0.0004013463419603458,-0.0004076821083047829,-0.0004076821088803536,-0.0008154217749583771,0.001624368305498058,0.0004076821083047817
2,0.0023485000000001972,-8.146937084497946,-0.0005766007560064068,-12.0,4.072603635348956,12.0,-0.0004021486121634221,-0.0004073180236104975,-0.000407318024187097,-0.0008146937084497946,0.001624078497920234,0.0004073180236104962
2,0.0023487000000001973,-8.139643554280896,-0.0005776286229366434,-12.0,4.068955328429757,12.0,-0.0004029520057928226,-0.0004069532957052706,-0.000406953296282898,-0.0008139643554280897,0.001623787884172834,0.0004069532957052694
2,0.0023489000000001974,-8.132337170450521,-0.0005786555760081136,-12.0,4.065300596074692,12.0,-0.0004037565202453519,-0.0004065879251650712,-0.0004065879257437256,-0.0008132337170450521,0.001623496463380447,0.00040658792516507
2,0.0023491000000001976,-8.12501794454502,-0.0005796816137348948,-12.0,4.061639444055091,12.0,-0.0004045621529168153,-0.0004062219125668838,-0.0004062219131465643,-0.0008125017944545021,0.001623204234669773,0.0004062219125668825
2,0.0023493000000001977,-8.117685888122871,-0.00058070673463817,-12.0,4.057971878152411,12.0,-0.0004053689012016859,-0.0004058552584887062,-0.0004058552590694116,-0.0008117685888122872,0.001622911197168508,0.0004058552584887049
2,0.002349500000000198,-8.110341012762797,-0.0005817309372400103,-12.0,4.05429790415823,12.0,-0.0004061767624931878,-0.0004054879635095482,-0.0004054879640912779,-0.0008110341012762798,0.001622617350007016,0.0004054879635095471
2,0.002349700000000198,-8.10298333006378,-0.0005827542200540492,-12.0,4.050617527874267,12.0,-0.0004069857341833516,-0.0004051200282094333,-0.0004051200287921864,-0.0008102983330063781,0.001622322692317324,0.0004051200282094321
2,0.002349900000000198,-8.095612851645011,-0.000583776581604134,-12.0,4.046930755112333,12.0,-0.0004077958136631532,-0.000404751453169395,-0.0004047514537531704,-0.0008095612851645012,0.001622027223232569,0.0004047514531693937
2,0.002350100000000198,-8.088229589145884,-0.0005847980204078951,-12.0,4.043237591694351,12.0,-0.0004086069983222362,-0.0004043822389714771,-0.0004043822395562739,-0.0008088229589145884,0.001621730941888888,0.0004043822389714759
2,0.0023503000000001982,-8.08083355422596,-0.0005858185349909562,-12.0,4.039538043452308,12.0,-0.0004094192855492451,-0.0004040123861987312,-0.0004040123867845484,-0.000808083355422596,0.001621433847423637,0.0004040123861987299
2,0.0023505000000001984,-8.073424758564999,-0.000586838123863398,-12.0,4.035832116228323,12.0,-0.0004102326727315475,-0.0004036418954352199,-0.0004036418960220567,-0.0008073424758564999,0.001621135938975948,0.0004036418954352186
2,0.0023507000000001985,-8.066003213862917,-0.0005878567855566175,-12.0,4.032119815874555,12.0,-0.0004110471572555674,-0.0004032707672660123,-0.000403270767853868,-0.0008066003213862917,0.001620837215687065,0.0004032707672660112
2,0.0023509000000001986,-8.05856893183969,-0.0005888745185909094,-12.0,4.028401148253213,12.0,-0.0004118627365063132,-0.0004028990022771816,-0.0004028990028660549,-0.0008058568931839689,0.001620537676700673,0.0004028990022771805
2,0.0023511000000001987,-8.051121924235483,-0.0005898913214772428,-12.0,4.024676119236611,12.0,-0.0004126794078680995,-0.0004025266010558102,-0.0004025266016457003,-0.0008051121924235483,0.001620237321161122,0.0004025266010558088
2,0.002351300000000199,-8.043662202810527,-0.0005909071927554521,-12.0,4.020944734707058,12.0,-0.0004134971687237421,-0.0004021535641899826,-0.0004021535647808886,-0.0008043662202810528,0.001619936148215873,0.0004021535641899813
2,0.002351500000000199,-8.036189779345076,-0.0005919221309351741,-12.0,4.017207000556914,12.0,-0.0004143160164552517,-0.0004017798922687861,-0.000401779892860707,-0.0008036189779345077,0.001619634157013716,0.0004017798922687849
2,0.002351700000000199,-8.028704665639534,-0.0005929361345389239,-12.0,4.013462922688597,12.0,-0.0004151359484435291,-0.0004014055858823149,-0.0004014055864752498,-0.0008028704665639534,0.001619331346705777,0.0004014055858823136
2,0.002351900000000199,-8.021206873514279,-0.0005939492020998749,-12.0,4.009712507014497,12.0,-0.0004159569620685033,-0.000401030645621661,-0.0004010306462156089,-0.000802120687351428,0.001619027716444399,0.0004010306456216597
2,0.0023521000000001993,-8.013696414809697,-0.0005949613321352132,-12.0,4.005955759457033,12.0,-0.0004167790547088823,-0.000400655072078918,-0.0004006550726738781,-0.0008013696414809697,0.001618723265384814,0.0004006550720789168
2,0.0023523000000001994,-8.006173301386212,-0.0005959725231670099,-12.0,4.00219268594863,12.0,-0.0004176022237424304,-0.000400278865847181,-0.0004002788664431523,-0.0008006173301386213,0.001618417992683807,0.0004002788658471797
2,0.0023525000000001995,-7.998637545124222,-0.0005969827737271061,-12.0,3.998423292431692,12.0,-0.0004184264665460236,-0.0003999020275205432,-0.0003999020281175247,-0.0007998637545124222,0.001618111897500052,0.000399902027520542
2,0.0023527000000001996,-7.991089157924057,-0.0005979920823344642,-12.0,3.994647584858606,12.0,-0.0004192517804954554,-0.0003995245576940953,-0.0003995245582920861,-0.0007991089157924056,0.001617804978994442,0.000399524557694094
2,0.0023529000000001997,-7.98352815170601,-0.0005990004475195931,-12.0,3.990865569191722,12.0,-0.0004200781629654649,-0.0003991464569639255,-0.0003991464575629245,-0.000798352815170601,0.001617497236329868,0.0003991464569639241
2,0.0023531000000002,-7.975954538410308,-0.0006000078678027876,-12.0,3.987077251403371,12.0,-0.0004209056113300136,-0.0003987677259271187,-0.0003987677265271253,-0.0007975954538410308,0.00161718866867111,0.0003987677259271174
2,0.0023533000000002,-7.968368329997074,-0.0006010143417172209,-12.0,3.983282637475818,12.0,-0.0004217341229619254,-0.0003983883651817548,-0.0003983883657827679,-0.0007968368329997074,0.001616879275184724,0.0003983883651817536
2,0.0023535000000002,-7.960769538446302,-0.0006020198677858524,-12.0,3.979481733401273,12.0,-0.0004225636952331913,-0.0003980083753269071,-0.0003980083759289258,-0.0007960769538446302,0.001616569055040262,0.0003980083753269059
2,0.0023537000000002,-7.953158175757876,-0.000603024444535194,-12.0,3.97567454518189,12.0,-0.0004233943255148309,-0.0003976277569626437,-0.0003976277575656671,-0.0007953158175757877,0.001616258007408167,0.0003976277569626426
2,0.0023539000000002003,-7.945534253951533,-0.0006040280704966428,-12.0,3.971861078829741,12.0,-0.000424226011177059,-0.000397246510690025,-0.0003972465112940518,-0.0007945534253951534,0.001615946131461765,0.0003972465106900238
2,0.0023541000000002004,-7.937897785066795,-0.0006050307442011515,-12.0,3.968041340366788,12.0,-0.0004250587495890634,-0.0003968646371111002,-0.0003968646377161297,-0.0007937897785066795,0.001615633426375829,0.0003968646371110989
2,0.0023543000000002005,-7.930248781163042,-0.0006060324641672388,-12.0,3.964215335824946,12.0,-0.0004258925381191436,-0.0003964821368289125,-0.0003964821374349438,-0.0007930248781163042,0.001615319891328126,0.0003964821368289113
2,0.0023545000000002006,-7.922587254319454,-0.000607033228934295,-12.0,3.960383071245993,12.0,-0.0004267273741348498,-0.0003960990104474939,-0.000396099011054526,-0.0007922587254319454,0.001615005525497371,0.0003960990104474928
2,0.0023547000000002007,-7.914913216634927,-0.0006080330370310527,-12.0,3.956544552681587,12.0,-0.0004275632550027331,-0.000395715258571863,-0.0003957152591798949,-0.0007914913216634928,0.001614690328065549,0.0003957152585718618
2,0.002354900000000201,-7.907226680228142,-0.0006090318869853562,-12.0,3.952699786193273,12.0,-0.0004284001780886226,-0.0003953308818080271,-0.0003953308824170578,-0.0007907226680228143,0.001614374298215537,0.0003953308818080258
2,0.002355100000000201,-7.899527657237529,-0.0006100297773290464,-12.0,3.948848777852473,12.0,-0.0004292381407573764,-0.0003949458807629814,-0.00039494588137301,-0.000789952765723753,0.001614057435133653,0.0003949458807629802
2,0.002355300000000201,-7.891816159821223,-0.0006110267065966291,-12.0,3.94499153374045,12.0,-0.0004300771403731307,-0.0003945602560447059,-0.0003945602566557314,-0.0007891816159821223,0.001613739738007103,0.0003945602560447047
2,0.002355500000000201,-7.884092200157036,-0.0006120226733199452,-12.0,3.941128059948312,12.0,-0.0004309171742992168,-0.0003941740082621644,-0.0003941740088741858,-0.0007884092200157036,0.001613421206025922,0.0003941740082621632
2,0.0023557000000002013,-7.876355790442478,-0.000613017676026395,-12.0,3.937258362577023,12.0,-0.0004317582398980224,-0.0003937871380253061,-0.0003937871386383226,-0.0007876355790442478,0.001613101838382591,0.0003937871380253049
2,0.0023559000000002014,-7.86860694289472,-0.0006140117132571454,-12.0,3.933382447737357,12.0,-0.0004326003345314633,-0.0003933996459450627,-0.0003933996465590732,-0.0007868606942894721,0.001612781634271032,0.0003933996459450614
2,0.0023561000000002015,-7.860845669750543,-0.0006150047835431494,-12.0,3.92950032154991,12.0,-0.0004334434555602895,-0.0003930115326333465,-0.00039301153324835,-0.0007860845669750544,0.001612460592887666,0.0003930115326333453
2,0.0023563000000002016,-7.853071983266384,-0.000615996885417136,-12.0,3.925611990145097,12.0,-0.0004342876003448903,-0.0003926227987030527,-0.0003926227993190484,-0.0007853071983266384,0.001612138713431022,0.0003926227987030515
2,0.0023565000000002017,-7.845285895718255,-0.000616988017418052,-12.0,3.921717459663121,12.0,-0.0004351327662444615,-0.000392233444768055,-0.0003922334453850419,-0.0007845285895718255,0.001611815995102017,0.0003922334447680539
2,0.002356700000000202,-7.837487419401746,-0.0006179781780804028,-12.0,3.91781673625397,12.0,-0.0004359789506179212,-0.0003918434714432062,-0.0003918434720611833,-0.0007837487419401746,0.001611492437103734,0.000391843471443205
2,0.002356900000000202,-7.829676566632026,-0.0006189673659400263,-12.0,3.913909826077429,12.0,-0.0004368261508231608,-0.000391452879344338,-0.0003914528799633044,-0.0007829676566632026,0.001611168038641198,0.0003914528793443369
2,0.002357100000000202,-7.821853349743795,-0.000619955579535425,-12.0,3.909996735303039,12.0,-0.0004376743642174608,-0.0003910616690882585,-0.000391061669708213,-0.0007821853349743795,0.00161084279892193,0.0003910616690882575
2,0.002357300000000202,-7.814017781091281,-0.0006209428174019926,-12.0,3.90607747011011,12.0,-0.0004385235881574356,-0.0003906698412927524,-0.000390669841913694,-0.0007814017781091282,0.001610516717155674,0.0003906698412927512
2,0.0023575000000002023,-7.806169873048187,-0.0006219290780875575,-12.0,3.902152036687672,12.0,-0.0004393738199989505,-0.0003902773965765772,-0.000390277397198505,-0.0007806169873048188,0.001610189792554229,0.000390277396576576
2,0.0023577000000002024,-7.798309638007741,-0.0006229143601137466,-12.0,3.898220441234556,12.0,-0.0004402250570972044,-0.0003898843355594682,-0.0003898843361823814,-0.0007798309638007742,0.001609862024331721,0.000389884335559467
2,0.0023579000000002025,-7.790437088382624,-0.0006238986620399345,-12.0,3.894282689959265,12.0,-0.0004410772968068688,-0.0003894906588621316,-0.0003894906594860292,-0.0007790437088382624,0.0016095334117045,0.0003894906588621305
2,0.0023581000000002027,-7.78255223660491,-0.000624881982396186,-12.0,3.89033878908004,12.0,-0.0004419305364818105,-0.0003890963671062449,-0.0003890963677311257,-0.000778255223660491,0.00160920395389158,0.0003890963671062436
2,0.0023583000000002028,-7.77465509512618,-0.0006258643197201152,-12.0,3.886388744824866,12.0,-0.0004427847734752577,-0.0003887014609144598,-0.000388701461540323,-0.000777465509512618,0.001608873650113585,0.0003887014609144586
2,0.002358500000000203,-7.766745676417372,-0.0006268456725653238,-12.0,3.882432563431381,12.0,-0.0004436400051399114,-0.0003883059409103959,-0.0003883059415372403,-0.0007766745676417372,0.001608542499593912,0.0003883059409103947
2,0.002358700000000203,-7.758823992968789,-0.0006278260394663171,-12.0,3.878470251146935,12.0,-0.000444496228827862,-0.0003879098077186413,-0.0003879098083464662,-0.000775882399296879,0.001608210501558238,0.0003879098077186402
2,0.002358900000000203,-7.75089005729015,-0.0006288054189669268,-12.0,3.87450181422857,12.0,-0.0004453534418904781,-0.000387513061964755,-0.0003875130625935592,-0.0007750890057290151,0.001607877655234125,0.0003875130619647537
2,0.0023591000000002032,-7.742943881910493,-0.000629783809614981,-12.0,3.870527258942986,12.0,-0.0004462116416786566,-0.0003871157042752613,-0.0003871157049050439,-0.0007742943881910493,0.001607543959851743,0.0003871157042752601
2,0.0023593000000002033,-7.734985479378174,-0.000630761209952535,-12.0,3.866546591566546,12.0,-0.0004470708255427669,-0.0003867177352776512,-0.0003867177359084111,-0.0007734985479378175,0.001607209414643929,0.0003867177352776499
2,0.0023595000000002034,-7.727014862260864,-0.0006317376185278611,-12.0,3.862559818385264,12.0,-0.0004479309908323181,-0.0003863191556003803,-0.0003863191562321168,-0.0007727014862260864,0.00160687401884535,0.0003863191556003792
2,0.0023597000000002036,-7.719032043145523,-0.0006327130338821263,-12.0,3.858566945694808,12.0,-0.0004487921348967916,-0.0003859199658728703,-0.0003859199665055821,-0.0007719032043145524,0.00160653777169284,0.000385919965872869
2,0.0023599000000002037,-7.711037034638384,-0.0006336874545680438,-12.0,3.854567979800465,12.0,-0.0004496542550845306,-0.0003855201667255044,-0.0003855201673591908,-0.0007711037034638384,0.001606200672426394,0.0003855201667255033
2,0.002360100000000204,-7.703029849364897,-0.0006346608791321096,-12.0,3.850562927017141,12.0,-0.000450517348743823,-0.0003851197587896285,-0.0003851197594242883,-0.0007703029849364897,0.00160586272028751,0.0003851197587896273
2,0.002360300000000204,-7.695010499969771,-0.0006356333061194874,-12.0,3.846551793669374,12.0,-0.0004513814132222072,-0.0003847187426975505,-0.0003847187433331826,-0.0007695010499969772,0.001605523914520901,0.0003847187426975493
2,0.002360500000000204,-7.686978999116922,-0.0006366047340833347,-12.0,3.842534586091289,12.0,-0.0004522464458667774,-0.0003843171190825384,-0.0003843171197191419,-0.0007686978999116923,0.001605184254372505,0.0003843171190825372
2,0.002360700000000204,-7.678935359489403,-0.0006375751615772529,-12.0,3.838511310626584,12.0,-0.0004531124440241563,-0.0003839148885788173,-0.0003839148892163913,-0.0007678935359489404,0.001604843739091866,0.0003839148885788162
2,0.0023609000000002042,-7.67087959378949,-0.0006385445871401885,-12.0,3.834481973628589,12.0,-0.0004539794050403556,-0.0003835120518215741,-0.0003835120524601175,-0.0007670879593789491,0.00160450236793036,0.0003835120518215729
2,0.0023611000000002044,-7.662811714738606,-0.0006395130093355128,-12.0,3.830446581460169,12.0,-0.0004548473262611374,-0.0003831086094469516,-0.0003831086100864635,-0.0007662811714738606,0.001604160140141531,0.0003831086094469505
2,0.0023613000000002045,-7.654731735077234,-0.0006404804267159392,-12.0,3.826405140493738,12.0,-0.0004557162050316255,-0.0003827045620920465,-0.0003827045627325259,-0.0007654731735077234,0.001603817054981749,0.0003827045620920454
2,0.0023615000000002046,-7.64663966756504,-0.0006414468378226346,-12.0,3.822357657111318,12.0,-0.0004565860386966658,-0.0003822999103949152,-0.0003822999110363609,-0.000764663966756504,0.00160347311170933,0.000382299910394914
2,0.0023617000000002047,-7.638535524980749,-0.0006424122412256317,-12.0,3.818304137704413,12.0,-0.0004574568246004107,-0.000381894654994565,-0.0003818946556369762,-0.000763853552498075,0.001603128309586088,0.0003818946549945639
2,0.002361900000000205,-7.630419320122118,-0.0006433766354683179,-12.0,3.814244588674089,12.0,-0.0004583285600869014,-0.000381488796530957,-0.0003814887971743325,-0.0007630419320122119,0.001602782647874723,0.0003814887965309558
2,0.002362100000000205,-7.622291065805991,-0.0006443400191140647,-12.0,3.810179016430925,12.0,-0.0004592012424995129,-0.0003810823356450051,-0.0003810823362893439,-0.0007622291065805992,0.001602436125841655,0.0003810823356450039
2,0.002362300000000205,-7.614150774868236,-0.0006453023907146971,-12.0,3.806107427395022,12.0,-0.0004600748691813705,-0.0003806752729785748,-0.0003806752736238761,-0.0007614150774868236,0.001602088742755192,0.0003806752729785737
2,0.002362500000000205,-7.605998460163712,-0.0006462637488304779,-12.0,3.802029827995973,12.0,-0.0004609494374751,-0.0003802676091744815,-0.0003802676098207441,-0.0007605998460163713,0.001601740497886139,0.0003802676091744804
2,0.0023627000000002053,-7.597834134566257,-0.0006472240920207817,-12.0,3.797946224672856,12.0,-0.0004618249447231326,-0.0003798593448764888,-0.0003798593455237118,-0.0007597834134566257,0.001601391390507856,0.0003798593448764877
2,0.0023629000000002054,-7.589657810968691,-0.0006481834188405422,-12.0,3.79385662387425,12.0,-0.0004627013882673447,-0.0003794504807293102,-0.0003794504813774926,-0.0007589657810968692,0.001601041419895921,0.0003794504807293091
2,0.0023631000000002055,-7.581469502282776,-0.0006491417278549072,-12.0,3.789761032058188,12.0,-0.0004635787654493073,-0.0003790410173786054,-0.000379041018027746,-0.0007581469502282776,0.001600690585329023,0.0003790410173786043
2,0.0023633000000002056,-7.573269221439179,-0.0006500990176245836,-12.0,3.785659455692161,12.0,-0.0004644570736103415,-0.0003786309554709798,-0.0003786309561210777,-0.0007573269221439179,0.001600338886087793,0.0003786309554709786
2,0.0023635000000002057,-7.56505698138749,-0.0006510552867067254,-12.0,3.781551901253131,12.0,-0.0004653363100912966,-0.0003782202956539849,-0.0003782202963050391,-0.000756505698138749,0.001599986321455582,0.0003782202956539838
2,0.002363700000000206,-7.556832795096187,-0.0006520105336709214,-12.0,3.777438375227481,12.0,-0.0004662164722328555,-0.0003778090385761163,-0.0003778090392281258,-0.0007556832795096187,0.00159963289071785,0.0003778090385761152
2,0.002363900000000206,-7.548596675552594,-0.000652964757075658,-12.0,3.773318884111036,12.0,-0.0004670975573751457,-0.0003773971848868123,-0.0003773971855397759,-0.0007548596675552594,0.001599278593163556,0.0003773971848868112
2,0.002364100000000206,-7.540348635762863,-0.0006539179554945207,-12.0,3.76919343440901,12.0,-0.0004679795628583505,-0.0003769847352364515,-0.0003769847358903684,-0.0007540348635762863,0.001598923428083154,0.0003769847352364505
2,0.002364300000000206,-7.532088688752009,-0.00065487012747667,-12.0,3.765062032636088,12.0,-0.0004688624860220703,-0.0003765716902763576,-0.0003765716909312266,-0.000753208868875201,0.00159856739476999,0.0003765716902763566
2,0.0023645000000002063,-7.523816847563838,-0.0006558212716081258,-12.0,3.760924685316294,12.0,-0.0004697463242057109,-0.0003761580506587912,-0.0003761580513146115,-0.0007523816847563839,0.001598210492520347,0.0003761580506587902
2,0.0023647000000002064,-7.515533125260875,-0.0006567713864451541,-12.0,3.756781398983056,12.0,-0.0004706310747484843,-0.0003757438170369512,-0.0003757438176937215,-0.0007515533125260875,0.001597852720632287,0.0003757438170369501
2,0.0023649000000002065,-7.507237534924507,-0.0006577204705524586,-12.0,3.752632180179221,12.0,-0.0004715167349893246,-0.0003753289900649784,-0.0003753289907226978,-0.0007507237534924507,0.001597494078407147,0.0003753289900649773
2,0.0023651000000002066,-7.4989300896548,-0.0006586685225125066,-12.0,3.748477035456946,12.0,-0.0004724033022668883,-0.000374913570397947,-0.0003749135710566144,-0.00074989300896548,0.001597134565148373,0.0003749135703979459
2,0.0023653000000002067,-7.490610802570522,-0.0006596155408882254,-12.0,3.744315971377774,12.0,-0.0004732907739195547,-0.0003744975586918672,-0.0003744975593514817,-0.0007490610802570523,0.001596774180162408,0.0003744975586918662
2,0.002365500000000207,-7.482279686809181,-0.0006605615242492036,-12.0,3.740148994512602,12.0,-0.0004741791472855361,-0.0003740809556036861,-0.0003740809562642466,-0.0007482279686809181,0.00159641292275764,0.0003740809556036852
2,0.002365700000000207,-7.473936755526946,-0.000661506471170803,-12.0,3.735976111441652,12.0,-0.0004750684197029065,-0.0003736637617912834,-0.0003736637624527888,-0.0007473936755526947,0.001596050792245784,0.0003736637617912823
2,0.002365900000000207,-7.465582021898629,-0.0006624503802274972,-12.0,3.731797328754468,12.0,-0.0004759585885093232,-0.0003732459779134707,-0.0003732459785759201,-0.000746558202189863,0.001595687787940614,0.0003732459779134696
2,0.002366100000000207,-7.4572154991177,-0.0006633932499906514,-12.0,3.727612653049932,12.0,-0.0004768496510425269,-0.0003728276046299933,-0.0003728276052933855,-0.0007457215499117701,0.001595323909158841,0.0003728276046299922
2,0.0023663000000002073,-7.448837200396236,-0.0006643350790378477,-12.0,3.72342209093621,12.0,-0.0004777416046399252,-0.0003724086426015259,-0.0003724086432658599,-0.0007448837200396236,0.001594959155219455,0.0003724086426015249
2,0.0023665000000002074,-7.440447138964898,-0.0006652758659448921,-12.0,3.719225649030774,12.0,-0.0004786344466388148,-0.0003719890924896729,-0.0003719890931549477,-0.0007440447138964898,0.001594593525444443,0.0003719890924896719
2,0.0023667000000002075,-7.432045328072925,-0.0006662156092898108,-12.0,3.71502333396037,12.0,-0.0004795281743761592,-0.0003715689549569671,-0.0003715689556231817,-0.0007432045328072926,0.001594227019158234,0.0003715689549569661
2,0.0023669000000002076,-7.423631780988117,-0.000667154307648854,-12.0,3.710815152361042,12.0,-0.0004804227851890885,-0.0003711482306668702,-0.0003711482313340234,-0.0007423631780988117,0.001593859635687644,0.0003711482306668691
2,0.0023671000000002078,-7.415206510996811,-0.0006680919596036006,-12.0,3.706601110878081,12.0,-0.0004813182764143442,-0.0003707269202837695,-0.0003707269209518604,-0.0007415206510996812,0.001593491374362765,0.0003707269202837684
2,0.002367300000000208,-7.406769531403811,-0.0006690285637391824,-12.0,3.702381216166011,12.0,-0.0004822146453886123,-0.000370305024472976,-0.0003703050251420036,-0.0007406769531403812,0.001593122234515576,0.000370305024472975
2,0.002367500000000208,-7.398320855532454,-0.0006699641186234118,-12.0,3.69815547488865,12.0,-0.0004831118894485509,-0.0003698825439007284,-0.0003698825445706915,-0.0007398320855532454,0.001592752215481219,0.0003698825439007274
2,0.002367700000000208,-7.389860496724556,-0.0006708986228507463,-12.0,3.693923893719016,12.0,-0.0004840100059305685,-0.0003694594792341877,-0.0003694594799050853,-0.0007389860496724557,0.001592381316597502,0.0003694594792341867
2,0.002367900000000208,-7.381388468340313,-0.0006718320750054296,-12.0,3.689686479339328,12.0,-0.0004849089921710459,-0.0003690358311414345,-0.0003690358318132653,-0.0007381388468340313,0.001592009537204897,0.0003690358311414334
2,0.0023681000000002083,-7.372904783758426,-0.0006727644736592708,-12.0,3.685443238441079,12.0,-0.0004858088455062803,-0.0003686116002914749,-0.0003686116009642384,-0.0007372904783758427,0.001591636876646152,0.0003686116002914738
2,0.0023683000000002084,-7.364409456375967,-0.0006736958174164975,-12.0,3.681194177724901,12.0,-0.0004867095632725971,-0.0003681867873542326,-0.0003681867880279275,-0.0007364409456375966,0.001591263334267179,0.0003681867873542317
2,0.0023685000000002085,-7.355902499608361,-0.0006746261048484747,-12.0,3.676939303900646,12.0,-0.0004876111428060437,-0.0003677613930005505,-0.0003677613936751757,-0.0007355902499608362,0.001590888909416222,0.0003677613930005495
2,0.0023687000000002087,-7.347383926889438,-0.0006755553345536569,-12.0,3.672678623687335,12.0,-0.0004885135814427788,-0.0003673354179021898,-0.0003673354185777442,-0.0007347383926889438,0.001590513601444521,0.0003673354179021889
2,0.0023689000000002088,-7.33885375167136,-0.0006764835051114026,-12.0,3.668412143813177,12.0,-0.00048941687651885,-0.0003669088627318298,-0.0003669088634083124,-0.0007338853751671361,0.001590137409705872,0.0003669088627318289
2,0.002369100000000209,-7.330311987424611,-0.0006774106151201664,-12.0,3.664139871015519,12.0,-0.0004903210253703327,-0.0003664817281630649,-0.0003664817288404746,-0.0007330311987424612,0.001589760333556844,0.0003664817281630639
2,0.002369300000000209,-7.321758647637949,-0.0006783366631677445,-12.0,3.659861812040856,12.0,-0.0004912260253332468,-0.0003660540148704034,-0.000366054015548739,-0.0007321758647637949,0.001589382372356563,0.0003660540148704024
2,0.002369500000000209,-7.313193745818447,-0.0006792616478445979,-12.0,3.65557797364484,12.0,-0.0004921318737435287,-0.0003656257235292695,-0.0003656257242085301,-0.0007313193745818447,0.001589003525467259,0.0003656257235292685
2,0.0023697000000002092,-7.304617295491419,-0.0006801855677487367,-12.0,3.651288362592231,12.0,-0.0004930385679371985,-0.0003651968548159989,-0.0003651968554961835,-0.000730461729549142,0.001588623792253663,0.000365196854815998
2,0.0023699000000002093,-7.296029310200391,-0.0006811084214715102,-12.0,3.646992985656903,12.0,-0.0004939461052503313,-0.0003647674094078386,-0.000364767410088946,-0.0007296029310200392,0.001588243172083004,0.0003647674094078375
2,0.0023701000000002095,-7.287429803507141,-0.00068203020760782,-12.0,3.642691849621857,12.0,-0.0004948544830188084,-0.0003643373879829474,-0.0003643373886649767,-0.0007287429803507141,0.001587861664325729,0.0003643373879829464
2,0.0023703000000002096,-7.278818788991621,-0.0006829509247578969,-12.0,3.638384961279165,12.0,-0.0004957636985788993,-0.0003639067912203932,-0.0003639067919033431,-0.0007278818788991621,0.001587479268354564,0.0003639067912203923
2,0.0023705000000002097,-7.270196280251937,-0.0006838705715175308,-12.0,3.634072327429987,12.0,-0.000496673749266513,-0.0003634756198001515,-0.000363475620484021,-0.0007270196280251937,0.001587095983545506,0.0003634756198001505
2,0.00237070000000021,-7.261562290904377,-0.0006847891464834,-12.0,3.629753954884572,12.0,-0.0004975846324178079,-0.0003630438744031065,-0.0003630438750878947,-0.0007261562290904377,0.001586711809277108,0.0003630438744031055
2,0.00237090000000021,-7.252916834583351,-0.0006857066482583996,-12.0,3.625429850462221,12.0,-0.0004984963453691094,-0.0003626115557110489,-0.0003626115563967546,-0.0007252916834583352,0.001586326744930366,0.0003626115557110479
2,0.00237110000000021,-7.244259924941349,-0.0006866230754485336,-12.0,3.621100020991271,12.0,-0.0004994088854564926,-0.0003621786644066729,-0.0003621786650932951,-0.000724425992494135,0.001585940789889551,0.0003621786644066719
2,0.00237130000000021,-7.23559157564894,-0.0006875384266509244,-12.0,3.616764473309109,12.0,-0.0005003222500164495,-0.0003617452011735769,-0.0003617452018611144,-0.000723559157564894,0.001585553943541651,0.000361745201173576
2,0.0023715000000002102,-7.226911800394822,-0.0006884527004640262,-12.0,3.612423214262187,12.0,-0.0005012364363853883,-0.0003613111666962661,-0.0003613111673847179,-0.0007226911800394823,0.001585166205275934,0.0003613111666962651
2,0.0023717000000002104,-7.21822061288568,-0.0006893658955067217,-12.0,3.608076250705921,12.0,-0.0005021514418998008,-0.0003608765616601437,-0.0003608765623495087,-0.000721822061288568,0.001584777574485163,0.0003608765616601428
2,0.0023719000000002105,-7.209518026846202,-0.0006902780103743567,-12.0,3.603723589504759,12.0,-0.0005030672638963174,-0.0003604413867515143,-0.0003604413874417914,-0.0007209518026846202,0.001584388050564711,0.0003604413867515134
2,0.0023721000000002106,-7.200804056019133,-0.0006911890436764878,-12.0,3.599365237532161,12.0,-0.0005039838997116519,-0.0003600056426575846,-0.0003600056433487728,-0.0007200804056019134,0.001583997632912337,0.0003600056426575837
2,0.0023723000000002107,-7.192078714165152,-0.0006920989940231159,-12.0,3.595001201670552,12.0,-0.0005049013466828234,-0.0003595693300664585,-0.0003595693307585565,-0.0007192078714165153,0.001583606320929243,0.0003595693300664575
2,0.002372500000000211,-7.183342015062901,-0.0006930078600246858,-12.0,3.590631488811335,12.0,-0.0005058196021466566,-0.0003591324496671369,-0.0003591324503601438,-0.0007183342015062901,0.001583214114019071,0.000359132449667136
2,0.002372700000000211,-7.17459397250897,-0.0006939156402885338,-12.0,3.586256105854895,12.0,-0.000506738663440448,-0.0003586950021495192,-0.0003586950028434341,-0.000717459397250897,0.001582821011588298,0.0003586950021495184
2,0.002372900000000211,-7.165834600317845,-0.0006948223334304338,-12.0,3.581875059710553,12.0,-0.0005076585279014667,-0.0003582569882043993,-0.0003582569888992208,-0.0007165834600317845,0.001582427013046506,0.0003582569882043983
2,0.002373100000000211,-7.157063912321893,-0.0006957279380626069,-12.0,3.577488357296573,12.0,-0.0005085791928671479,-0.0003578184085234646,-0.0003578184092191915,-0.0007157063912321893,0.001582032117805887,0.0003578184085234635
2,0.0023733000000002113,-7.148281922371381,-0.0006966324527981627,-12.0,3.573096005540168,12.0,-0.0005095006556752324,-0.0003573792637992976,-0.0003573792644959292,-0.0007148281922371381,0.001581636325281299,0.0003573792637992967
2,0.0023735000000002114,-7.139488644334397,-0.0006975358762555395,-12.0,3.568698011377456,12.0,-0.0005104229136635163,-0.0003569395547253722,-0.0003569395554229071,-0.0007139488644334398,0.001581239634891263,0.0003569395547253712
2,0.0023737000000002115,-7.130684092096865,-0.0006984382070487349,-12.0,3.564294381753477,12.0,-0.000511345964169907,-0.0003564992819960535,-0.0003564992826944908,-0.0007130684092096865,0.001580842046056241,0.0003564992819960526
2,0.0023739000000002116,-7.121868279562475,-0.0006993394438050693,-12.0,3.559885123622136,12.0,-0.0005122698045328389,-0.000356058446306595,-0.0003560584470059335,-0.0007121868279562476,0.001580443558200029,0.0003560584463065941
2,0.0023741000000002117,-7.113041220652746,-0.0007002395851274379,-12.0,3.555470243946286,12.0,-0.0005131944320906356,-0.0003556170483531423,-0.0003556170490533809,-0.0007113041220652746,0.001580044170749195,0.0003556170483531413
2,0.002374300000000212,-7.104202929306961,-0.0007011386296502664,-12.0,3.551049749697619,12.0,-0.0005141198441819539,-0.0003551750888327277,-0.0003551750895338656,-0.0007104202929306961,0.001579643883133475,0.0003551750888327269
2,0.002374500000000212,-7.095353419482065,-0.0007020365759964342,-12.0,3.546623647856672,12.0,-0.0005150460381457278,-0.0003547325684432677,-0.0003547325691453034,-0.0007095353419482066,0.001579242694784877,0.0003547325684432669
2,0.002374700000000212,-7.086492705152799,-0.0007029334227746098,-12.0,3.542191945412903,12.0,-0.0005159730113210304,-0.0003542894878835687,-0.0003542894885865012,-0.00070864927051528,0.001578840605138854,0.0003542894878835678
2,0.002374900000000212,-7.077620800311571,-0.000703829168629877,-12.0,3.53775464936455,12.0,-0.0005169007610474063,-0.0003538458478533188,-0.0003538458485571471,-0.0007077620800311572,0.001578437613633354,0.000353845847853318
2,0.0023751000000002123,-7.068737718968401,-0.0007047238121735688,-12.0,3.533311766718702,12.0,-0.0005178292846642063,-0.0003534016490530884,-0.0003534016497578114,-0.0007068737718968401,0.001578033719709826,0.0003534016490530876
2,0.0023753000000002124,-7.05984347515106,-0.0007056173520316733,-12.0,3.528863304491309,12.0,-0.0005187585795115579,-0.0003529568921843351,-0.0003529568928899514,-0.000705984347515106,0.001577628922812047,0.0003529568921843341
2,0.0023755000000002125,-7.050938082904887,-0.0007065097868466097,-12.0,3.524409269707076,12.0,-0.0005196886429296443,-0.0003525115779493931,-0.000352511578655902,-0.0007050938082904887,0.001577223222386959,0.0003525115779493922
2,0.0023757000000002126,-7.042021556292799,-0.0007074011152359283,-12.0,3.519949669399535,12.0,-0.0005206194722588431,-0.000352065707051478,-0.0003520657077588782,-0.00070420215562928,0.00157681661788428,0.0003520657070514771
2,0.0023759000000002127,-7.03309390939534,-0.0007082913358371634,-12.0,3.515484510611,12.0,-0.0005215510648398924,-0.0003516192801946846,-0.0003516192809029751,-0.0007033093909395339,0.001576409108757226,0.0003516192801946838
2,0.002376100000000213,-7.024155156310599,-0.0007091804472767471,-12.0,3.511013800392579,12.0,-0.000522483418013947,-0.0003511722980839864,-0.0003511722987931661,-0.00070241551563106,0.001576000694460733,0.0003511722980839856
2,0.002376300000000213,-7.015205311154207,-0.0007100684481953223,-12.0,3.506537545804127,12.0,-0.0005234165291223558,-0.000350724761425233,-0.0003507247621353006,-0.0007015205311154207,0.001575591374454233,0.0003507247614252322
2,0.002376500000000213,-7.006244388059285,-0.0007109553372246502,-12.0,3.502055753914253,12.0,-0.000524350395506773,-0.0003502766709251486,-0.0003502766716361031,-0.0007006244388059285,0.001575181148198879,0.0003502766709251477
2,0.002376700000000213,-6.99727240117648,-0.0007118411129978242,-12.0,3.497568431800333,12.0,-0.0005252850145092969,-0.000349828027291334,-0.0003498280280031742,-0.000699727240117648,0.00157477001515921,0.000349828027291333
2,0.0023769000000002133,-6.988289364673898,-0.0007127257741590398,-12.0,3.493075586548453,12.0,-0.0005262203834721924,-0.000349378831232262,-0.000349378831944987,-0.0006988289364673898,0.001574357974802987,0.0003493788312322612
2,0.0023771000000002134,-6.97929529273707,-0.0007136093193453874,-12.0,3.488577225253423,12.0,-0.0005271564997383071,-0.0003489290834572777,-0.0003489290841708862,-0.000697929529273707,0.001573945026600465,0.0003489290834572769
2,0.0023773000000002135,-6.970290199568981,-0.000714491747193513,-12.0,3.484073355018783,12.0,-0.0005280933606506832,-0.0003484787846765986,-0.0003484787853910894,-0.0006970290199568982,0.001573531170025066,0.0003484787846765977
2,0.0023775000000002136,-6.961274099390027,-0.0007153730563493887,-12.0,3.479563982956759,12.0,-0.0005290309635526125,-0.0003480279356013116,-0.000348027936316684,-0.0006961274099390027,0.001573116404553543,0.0003480279356013108
2,0.0023777000000002138,-6.952247006437923,-0.0007162532454603188,-12.0,3.475049116188238,12.0,-0.0005299693057880805,-0.0003475765369433707,-0.0003475765376596231,-0.0006952247006437924,0.001572700729664922,0.0003475765369433699
2,0.002377900000000214,-6.943208934967804,-0.0007171323131562879,-12.0,3.470528761842844,12.0,-0.0005309083847012674,-0.0003471245894156009,-0.0003471245901327324,-0.0006943208934967805,0.001572284144841729,0.0003471245894156
2,0.002378100000000214,-6.934159899252151,-0.0007180102580970349,-12.0,3.466002927058827,12.0,-0.0005318481976366585,-0.0003466720937316932,-0.0003466720944497027,-0.0006934159899252151,0.001571866649569376,0.0003466720937316924
2,0.002378300000000214,-6.925099913580694,-0.0007188870789267554,-12.0,3.461471618983085,12.0,-0.000532788741939294,-0.000346219050606202,-0.0003462190513250884,-0.0006925099913580694,0.001571448243336215,0.0003462190506062012
2,0.002378500000000214,-6.916028992260476,-0.0007197627742918655,-12.0,3.456934844771172,12.0,-0.0005337300149546031,-0.0003457654607545472,-0.0003457654614743092,-0.0006916028992260476,0.001571028925633711,0.0003457654607545464
2,0.0023787000000002143,-6.906947149615841,-0.0007206373428405577,-12.0,3.452392611587286,12.0,-0.0005346720140283756,-0.0003453113248930135,-0.0003453113256136501,-0.0006906947149615841,0.001570608695956155,0.0003453113248930127
2,0.0023789000000002144,-6.897854399988361,-0.0007215107832299061,-12.0,3.447844926604228,12.0,-0.0005356147365068731,-0.0003448566437387467,-0.0003448566444602566,-0.0006897854399988361,0.001570187553800784,0.0003448566437387458
2,0.0023791000000002146,-6.888750757736801,-0.0007223830941098797,-12.0,3.443291797003405,12.0,-0.000536558179736718,-0.0003444014180097524,-0.0003444014187321346,-0.0006888750757736801,0.001569765498668274,0.0003444014180097515
2,0.0023793000000002147,-6.879636237237172,-0.0007232542741317793,-12.0,3.438733229974845,12.0,-0.0005375023410650603,-0.0003439456484248985,-0.000343945649148152,-0.0006879636237237172,0.001569342530062301,0.0003439456484248977
2,0.0023795000000002148,-6.87051085288264,-0.0007241243219575644,-12.0,3.43416923271714,12.0,-0.0005384472178395772,-0.0003434893357039105,-0.0003434893364280342,-0.0006870510852882641,0.001568918647488704,0.0003434893357039098
2,0.002379700000000215,-6.861374619083505,-0.0007249932362412004,-12.0,3.429599812437459,12.0,-0.0005393928074081122,-0.0003430324805673707,-0.0003430324812923632,-0.0006861374619083505,0.001568493850457375,0.00034303248056737
2,0.002379900000000215,-6.852227550267234,-0.000725861015636653,-12.0,3.425024976351552,12.0,-0.0005403391071193142,-0.0003425750837367196,-0.0003425750844625799,-0.0006852227550267234,0.001568068138480816,0.0003425750837367189
2,0.002380100000000215,-6.843069660878399,-0.0007267276588120986,-12.0,3.420444731683705,12.0,-0.0005412861143220815,-0.0003421171459342524,-0.0003421171466609794,-0.0006843069660878399,0.001567641511074691,0.0003421171459342517
2,0.0023803000000002152,-6.833900965378635,-0.0007275931644219469,-12.0,3.415859085666753,12.0,-0.000542233826365951,-0.0003416586678831183,-0.0003416586686107106,-0.0006833900965378635,0.001567213967757553,0.0003416586678831175
2,0.0023805000000002153,-6.824721478246632,-0.0007284575311379271,-12.0,3.411268045542034,12.0,-0.000543182240600848,-0.000341199650307318,-0.0003411996510357747,-0.0006824721478246633,0.001566785508051061,0.0003411996503073172
2,0.0023807000000002155,-6.815531213978157,-0.0007293207576082317,-12.0,3.406671618559459,12.0,-0.0005441313543772253,-0.0003407400939317075,-0.0003407400946610275,-0.0006815531213978157,0.001566356131479818,0.0003407400939317067
2,0.0023809000000002156,-6.806330187086012,-0.0007301828425148038,-12.0,3.402069811977405,12.0,-0.0005450811650461185,-0.0003402799994819928,-0.0003402800002121748,-0.0006806330187086012,0.001565925837572035,0.000340279999481992
2,0.0023811000000002157,-6.797118412099902,-0.0007310437845227113,-12.0,3.397462633062729,12.0,-0.0005460316699588963,-0.000339819367684726,-0.000339819368415769,-0.0006797118412099903,0.001565494625858255,0.0003398193676847252
2,0.002381300000000216,-6.787895903566596,-0.0007319035822859199,-12.0,3.392850089090834,12.0,-0.0005469828664677601,-0.0003393581992673128,-0.0003393581999992155,-0.0006787895903566596,0.00156506249587246,0.000339358199267312
2,0.002381500000000216,-6.778662676049785,-0.0007327622344934781,-12.0,3.38823218734553,12.0,-0.0005479347519250499,-0.0003388964949580031,-0.0003388964956907646,-0.0006778662676049785,0.001564629447151855,0.0003388964949580023
2,0.002381700000000216,-6.76941874413004,-0.000733619739806457,-12.0,3.383608935119113,12.0,-0.0005488873236840774,-0.0003384342554858927,-0.0003384342562195117,-0.000676941874413004,0.001564195479236585,0.000338434255485892
2,0.002381900000000216,-6.760164122404903,-0.0007344760968965858,-12.0,3.378980339712345,12.0,-0.0005498405790983485,-0.0003379714815809249,-0.0003379714823154003,-0.0006760164122404903,0.001563760591669516,0.0003379714815809242
2,0.0023821000000002162,-6.750898825488764,-0.0007353313044449195,-12.0,3.374346408434401,12.0,-0.0005507945155221461,-0.0003375081739738854,-0.000337508174709216,-0.0006750898825488765,0.001563324783997289,0.0003375081739738847
2,0.0023823000000002164,-6.74162286801285,-0.0007361853611227431,-12.0,3.369707148602887,12.0,-0.0005517491303102251,-0.0003370443333964017,-0.0003370443341325863,-0.000674162286801285,0.001562888055769041,0.000337044333396401
2,0.0023825000000002165,-6.73233626462526,-0.0007370382656062269,-12.0,3.365062567543838,12.0,-0.000552704420817951,-0.0003365799605809452,-0.0003365799613179827,-0.000673233626462526,0.001562450406537352,0.0003365799605809444
2,0.0023827000000002166,-6.72303902999089,-0.0007378900165790903,-12.0,3.360412672591676,12.0,-0.0005536603844012444,-0.0003361150562608263,-0.0003361150569987156,-0.000672303902999089,0.001562011835858079,0.0003361150562608255
2,0.0023829000000002167,-6.713731178791408,-0.0007387406127183915,-12.0,3.35575747108922,12.0,-0.0005546170184166366,-0.0003356496211701946,-0.0003356496219089345,-0.0006713731178791409,0.001561572343289519,0.0003356496211701939
2,0.002383100000000217,-6.704412725725251,-0.0007395900527091825,-12.0,3.351096970387662,12.0,-0.0005555743202212693,-0.0003351836560440378,-0.0003351836567836271,-0.0006704412725725251,0.001561131928393578,0.0003351836560440371
2,0.002383300000000217,-6.695083685507613,-0.0007404383352271893,-12.0,3.346431177846582,12.0,-0.0005565322871729506,-0.0003347171616181816,-0.0003347171623586193,-0.0006695083685507613,0.001560690590735381,0.0003347171616181809
2,0.002383500000000217,-6.685744072870403,-0.0007412854589672335,-12.0,3.341760100833896,12.0,-0.0005574909166299047,-0.000334250138629287,-0.0003342501393705718,-0.0006685744072870403,0.00156024832988283,0.0003342501386292863
2,0.002383700000000217,-6.676393902562194,-0.0007421314226108144,-12.0,3.337083746725866,12.0,-0.0005584502059512442,-0.0003337825878148484,-0.0003337825885569792,-0.0006676393902562194,0.001559805145407156,0.0003337825878148477
2,0.0023839000000002173,-6.667033189348269,-0.000742976224843428,-12.0,3.332402122907107,12.0,-0.0005594101524965256,-0.0003333145099131958,-0.0003333145106561712,-0.0006667033189348269,0.001559361036882645,0.0003333145099131951
2,0.0023841000000002174,-6.657661948010555,-0.0007438198643576754,-12.0,3.327715236770542,12.0,-0.0005603707536259717,-0.0003328459056634908,-0.0003328459064073098,-0.0006657661948010555,0.001558916003886801,0.00033284590566349
2,0.0023843000000002175,-6.648280193347552,-0.0007446623398510432,-12.0,3.323023095717377,12.0,-0.0005613320067005545,-0.0003323767758057235,-0.0003323767765503851,-0.0006648280193347553,0.001558470046000238,0.0003323767758057228
2,0.0023845000000002176,-6.638887940174422,-0.0007455036499988132,-12.0,3.318325707157176,12.0,-0.0005622939090817736,-0.0003319071210807183,-0.0003319071218262212,-0.0006638887940174422,0.001558023162806677,0.0003319071210807175
2,0.0023847000000002177,-6.62948520332291,-0.0007463437935113504,-12.0,3.313623078507751,12.0,-0.0005632564581317945,-0.0003314369422301269,-0.00033143694297647,-0.000662948520332291,0.001557575353893115,0.0003314369422301263
2,0.002384900000000218,-6.620071997641251,-0.0007471827690772592,-12.0,3.308915217195181,12.0,-0.0005642196512136433,-0.0003309662399964266,-0.0003309662407436087,-0.0006620071997641251,0.001557126618849325,0.0003309662399964259
2,0.002385100000000218,-6.610648337994244,-0.0007480205753966906,-12.0,3.304202130653822,12.0,-0.0005651834856907068,-0.0003304950151229225,-0.0003304950158709424,-0.0006610648337994245,0.001556676957268799,0.0003304950151229218
2,0.002385300000000218,-6.601214239263216,-0.0007488572111626901,-12.0,3.299483826326293,12.0,-0.0005661479589273988,-0.0003300232683537462,-0.0003300232691026027,-0.0006601214239263216,0.001556226368747748,0.0003300232683537456
2,0.002385500000000218,-6.591769716345968,-0.0007496926750820698,-12.0,3.294760311663434,12.0,-0.0005671130682885772,-0.0003295510004338523,-0.0003295510011835443,-0.0006591769716345968,0.001555774852885716,0.0003295510004338517
2,0.0023857000000002183,-6.58231478415673,-0.0007505269658540925,-12.0,3.290031594124315,12.0,-0.0005680788111399604,-0.0003290782121090175,-0.0003290782128595438,-0.0006582314784156731,0.001555322409285409,0.0003290782121090169
2,0.0023859000000002184,-6.572849457626214,-0.0007513600821793531,-12.0,3.285297681176238,12.0,-0.000569045184847905,-0.0003286049041258424,-0.0003286049048772017,-0.0006572849457626214,0.001554869037552642,0.0003286049041258417
2,0.0023861000000002185,-6.563373751701521,-0.0007521920227668843,-12.0,3.28055858029469,12.0,-0.0005700121867793784,-0.0003281310772317464,-0.0003281310779839377,-0.0006563373751701521,0.001554414737296728,0.0003281310772317457
2,0.0023863000000002186,-6.55388768134613,-0.0007530227863230543,-12.0,3.275814298963353,12.0,-0.0005709798143022082,-0.0003276567321749683,-0.0003276567329279904,-0.000655388768134613,0.001553959508129699,0.0003276567321749676
2,0.0023865000000002187,-6.54439126153992,-0.0007538523715515666,-12.0,3.271064844674108,12.0,-0.0005719480647849995,-0.0003271818697045667,-0.0003271818704584184,-0.000654439126153992,0.001553503349666918,0.000327181869704566
2,0.002386700000000219,-6.53488450727909,-0.0007546807771681152,-12.0,3.266310224926985,12.0,-0.0005729169355969121,-0.000326706490570416,-0.0003267064913250961,-0.000653488450727909,0.001553046261527025,0.0003267064905704154
2,0.002386900000000219,-6.525367433576143,-0.0007555080018804006,-12.0,3.261550447230171,12.0,-0.0005738864241080222,-0.0003262305955232058,-0.0003262305962787131,-0.0006525367433576144,0.001552588243332043,0.0003262305955232051
2,0.002387100000000219,-6.515840055459917,-0.000756334044400564,-12.0,3.256785519100017,12.0,-0.0005748565276891271,-0.0003257541853144424,-0.0003257541860707759,-0.0006515840055459918,0.001552129294706661,0.0003257541853144418
2,0.002387300000000219,-6.506302387975495,-0.0007571589034460757,-12.0,3.25201544806099,12.0,-0.0005758272437117185,-0.0003252772606964443,-0.0003252772614536025,-0.0006506302387975496,0.001551669415279233,0.0003252772606964436
2,0.0023875000000002193,-6.496754446184216,-0.0007579825777295213,-12.0,3.247240241645688,12.0,-0.0005767985695480649,-0.0003247998224223424,-0.0003247998231803243,-0.0006496754446184217,0.00155120860468122,0.0003247998224223418
2,0.0023877000000002194,-6.487196245163609,-0.0007588050659772527,-12.0,3.242459907394788,12.0,-0.0005777705025712676,-0.0003243218712460772,-0.0003243218720048816,-0.000648719624516361,0.001550746862547081,0.0003243218712460766
2,0.0023879000000002195,-6.477627800007457,-0.0007596263668898651,-12.0,3.237674452857131,12.0,-0.0005787430401551497,-0.0003238434079224027,-0.0003238434086820284,-0.0006477627800007457,0.001550284188514939,0.0003238434079224021
2,0.0023881000000002196,-6.468049125825712,-0.0007604464792110299,-12.0,3.232883885589574,12.0,-0.0005797161796743666,-0.0003233644332068791,-0.0003233644339673251,-0.0006468049125825712,0.001549820582225414,0.0003233644332068785
2,0.0023883000000002198,-6.458460237744412,-0.0007612654016493359,-12.0,3.228088213157079,12.0,-0.000580689918504379,-0.0003228849478558734,-0.0003228849486171382,-0.0006458460237744412,0.001549356043323069,0.0003228849478558728
2,0.00238850000000022,-6.44886115090581,-0.0007620831329289146,-12.0,3.22328744313268,12.0,-0.0005816642540214245,-0.0003224049526265615,-0.0003224049533886441,-0.000644886115090581,0.001548890571455408,0.0003224049526265609
2,0.00238870000000022,-6.439251880468222,-0.0007628996717823355,-12.0,3.218481583097441,12.0,-0.000582639183602518,-0.0003219244482769229,-0.000321924449039822,-0.0006439251880468222,0.001548424166273044,0.0003219244482769223
2,0.00238890000000022,-6.429632441606028,-0.0007637150169332863,-12.0,3.213670640640464,12.0,-0.0005836147046256457,-0.0003214434355657404,-0.0003214434363294548,-0.0006429632441606028,0.00154795682743003,0.0003214434355657398
2,0.00238910000000022,-6.420002849509705,-0.000764529167108563,-12.0,3.208854623358898,12.0,-0.00058459081446946,-0.0003209619152526013,-0.0003209619160171299,-0.0006420002849509706,0.001547488554583365,0.0003209619152526007
2,0.0023893000000002203,-6.410363119385743,-0.0007653421210438438,-12.0,3.204033538857885,12.0,-0.0005855675105133351,-0.0003204798880978935,-0.000320479888863235,-0.0006410363119385744,0.001547019347393708,0.0003204798880978929
2,0.0023895000000002204,-6.400713266456628,-0.0007661538774668131,-12.0,3.199207394750575,12.0,-0.000586544790137894,-0.0003199973548628048,-0.0003199973556289581,-0.0006400713266456629,0.001546549205524494,0.0003199973548628042
2,0.0023897000000002206,-6.391053305960841,-0.0007669644351158134,-12.0,3.194376198658102,12.0,-0.0005875226507242315,-0.0003195143163093224,-0.0003195143170762863,-0.0006391053305960841,0.001546078128642769,0.0003195143163093218
2,0.0023899000000002207,-6.381383253152837,-0.0007677737927220818,-12.0,3.189539958209597,12.0,-0.0005885010896545251,-0.0003190307732002325,-0.0003190307739680058,-0.0006381383253152837,0.001545606116418685,0.0003190307732002319
2,0.0023901000000002208,-6.371703123302997,-0.0007685819490275136,-12.0,3.184698681042137,12.0,-0.000589480104311535,-0.0003185467262991171,-0.0003185467270676985,-0.0006371703123302998,0.001545133168525559,0.0003185467262991165
2,0.002390300000000221,-6.362012931697588,-0.0007693889027677869,-12.0,3.179852374800754,12.0,-0.0005904596920792704,-0.0003180621763703528,-0.0003180621771397411,-0.0006362012931697588,0.001544659284640038,0.0003180621763703522
2,0.002390500000000221,-6.352312693638818,-0.0007701946526825765,-12.0,3.175001047138439,12.0,-0.0005914398503422957,-0.0003175771241791127,-0.0003175771249493068,-0.0006352312693638818,0.001544184464442266,0.0003175771241791122
2,0.002390700000000221,-6.34260242444474,-0.0007709991975168862,-12.0,3.170144705716102,12.0,-0.0005924205764861745,-0.0003170915704913625,-0.0003170915712623612,-0.000634260242444474,0.001543708707615332,0.0003170915704913619
2,0.0023909000000002212,-6.33288213944919,-0.0007718025360197167,-12.0,3.16528335820254,12.0,-0.000593401867897414,-0.0003166055160738566,-0.0003166055168456585,-0.000633288213944919,0.001543232013845541,0.000316605516073856
2,0.0023911000000002213,-6.323151854001908,-0.0007726046669200848,-12.0,3.160417012274527,12.0,-0.0005943837219633263,-0.0003161189616941453,-0.0003161189624667494,-0.0006323151854001908,0.001542754382822809,0.0003161189616941447
2,0.0023913000000002215,-6.313411583468385,-0.0007734055889856428,-12.0,3.155545675616659,12.0,-0.0005953661360722506,-0.000315631908120565,-0.00031563190889397,-0.0006313411583468386,0.001542275814239824,0.0003156319081205645
2,0.0023915000000002216,-6.303661343229839,-0.0007742053009538452,-12.0,3.150669355921435,12.0,-0.0005963491076132477,-0.0003151443561222394,-0.0003151443568964443,-0.000630366134322984,0.001541796307793331,0.0003151443561222389
2,0.0023917000000002217,-6.293901148683319,-0.0007750038015719163,-12.0,3.145788060889263,12.0,-0.0005973326339764884,-0.0003146563064690842,-0.0003146563072440873,-0.0006293901148683319,0.001541315863182346,0.0003146563064690835
2,0.002391900000000222,-6.284131015241532,-0.000775801089604844,-12.0,3.140901798228348,12.0,-0.0005983167125529487,-0.0003141677599317959,-0.0003141677607075963,-0.0006284131015241532,0.001540834480109998,0.0003141677599317954
2,0.002392100000000222,-6.274350958332877,-0.0007765971637962998,-12.0,3.136010575654772,12.0,-0.0005993013407345205,-0.0003136787172818575,-0.000313678718058454,-0.0006274350958332878,0.001540352158282465,0.0003136787172818569
2,0.002392300000000222,-6.26456099340144,-0.0007773920229086073,-12.0,3.131114400892436,12.0,-0.0006002865159141224,-0.000313189179291535,-0.0003131891800689266,-0.000626456099340144,0.001539868897408869,0.0003131891792915345
2,0.002392500000000222,-6.254761135906952,-0.0007781856656912112,-12.0,3.126213281673083,12.0,-0.0006012722354855615,-0.000312699146733878,-0.0003126991475120631,-0.0006254761135906953,0.001539384697202217,0.0003126991467338774
2,0.0023927000000002223,-6.244951401324778,-0.0007789780909117638,-12.0,3.12130722573624,12.0,-0.000602258496843644,-0.0003122086203827157,-0.0003122086211616933,-0.0006244951401324779,0.001538899557378182,0.0003122086203827152
2,0.0023929000000002224,-6.235131805145842,-0.0007797692973294801,-12.0,3.116396240829234,12.0,-0.0006032452973840086,-0.0003117176010126568,-0.0003117176017924257,-0.0006235131805145843,0.001538413477656209,0.0003117176010126563
2,0.0023931000000002225,-6.225302362876676,-0.0007805592837013542,-12.0,3.111480334707194,12.0,-0.0006042326345034876,-0.0003112260893990901,-0.0003112260901796487,-0.0006225302362876676,0.001537926457758798,0.0003112260893990895
2,0.0023933000000002226,-6.215463090039354,-0.0007813480487985913,-12.0,3.106559515132999,12.0,-0.0006052205055996351,-0.0003107340863181803,-0.0003107340870995278,-0.0006215463090039355,0.001537438497411892,0.0003107340863181798
2,0.0023935000000002227,-6.205614002171447,-0.0007821355913848471,-12.0,3.10163378987729,12.0,-0.0006062089080710598,-0.000310241592546868,-0.0003102415933290031,-0.0006205614002171447,0.001536949596344706,0.0003102415925468675
2,0.002393700000000223,-6.195755114826056,-0.0007829219102251095,-12.0,3.096703166718471,12.0,-0.0006071978393175081,-0.0003097486088628702,-0.0003097486096457916,-0.0006195755114826056,0.001536459754289676,0.0003097486088628697
2,0.002393900000000223,-6.185886443571748,-0.0007837070040941363,-12.0,3.091767653442663,12.0,-0.0006081872967394486,-0.0003092551360446763,-0.0003092551368283827,-0.0006185886443571748,0.001535968970982626,0.0003092551360446758
2,0.002394100000000223,-6.176008003992537,-0.0007844908717578036,-12.0,3.086827257843723,12.0,-0.0006091772777385984,-0.0003087611748715486,-0.000308761175656039,-0.0006176008003992538,0.001535477246162598,0.0003087611748715481
2,0.002394300000000223,-6.166119811687832,-0.0007852735120001952,-12.0,3.08188198772318,12.0,-0.0006101677797175076,-0.0003082667261235185,-0.0003082667269087916,-0.0006166119811687832,0.00153498457957213,0.000308266726123518
2,0.0023945000000002233,-6.156221882272495,-0.0007860549235756409,-12.0,3.076931850890335,12.0,-0.0006111588000798363,-0.0003077717905813916,-0.000307771791367446,-0.0006156221882272496,0.001534490970956925,0.0003077717905813911
2,0.0023947000000002234,-6.14631423137675,-0.0007868351052833233,-12.0,3.071976855162099,12.0,-0.0006121503362302716,-0.0003072763690267388,-0.0003072763698135734,-0.000614631423137675,0.001533996420065908,0.0003072763690267382
2,0.0023949000000002235,-6.136396874646122,-0.0007876140558877864,-12.0,3.067017008363089,12.0,-0.0006131423855743057,-0.0003067804622418982,-0.0003067804630295117,-0.0006136396874646123,0.001533500926651776,0.0003067804622418977
2,0.0023951000000002236,-6.126469827741531,-0.0007883917741704494,-12.0,3.062052318325593,12.0,-0.0006141349455188183,-0.0003062840710099768,-0.0003062840717983681,-0.0006126469827741532,0.001533004490470113,0.0003062840710099763
2,0.0023953000000002237,-6.116533106339172,-0.0007891682589176163,-12.0,3.057082792889527,12.0,-0.0006151280134714388,-0.000305787196114845,-0.0003057871969040127,-0.0006116533106339172,0.001532507111279946,0.0003057871961148444
2,0.002395500000000224,-6.106586726130493,-0.0007899435089115947,-12.0,3.052108439902443,12.0,-0.000616121586840962,-0.000305289838341136,-0.0003052898391310791,-0.0006106586726130493,0.001532008788843631,0.0003052898383411355
2,0.002395700000000224,-6.096630702822228,-0.0007907175229342478,-12.0,3.047129267219538,12.0,-0.0006171156630371266,-0.0003047919984742477,-0.0003047919992649647,-0.0006096630702822228,0.001531509522927132,0.0003047919984742472
2,0.002395900000000224,-6.086665052136332,-0.0007914902997758766,-12.0,3.042145282703598,12.0,-0.0006181102394709204,-0.000304293677300338,-0.0003042936780918278,-0.0006086665052136332,0.001531009313299192,0.0003042936773003374
2,0.002396100000000224,-6.076689789809937,-0.0007922618382276703,-12.0,3.037156494225008,12.0,-0.000619105313554219,-0.0003037948756063241,-0.0003037948763985855,-0.0006076689789809938,0.001530508159732491,0.0003037948756063236
2,0.0023963000000002243,-6.066704931595382,-0.0007930321370728244,-12.0,3.03216290966176,12.0,-0.0006201008827000642,-0.0003032955941798839,-0.0003032955949729154,-0.0006066704931595382,0.001530006062002598,0.0003032955941798833
2,0.0023965000000002244,-6.056710493260154,-0.0007938011951109658,-12.0,3.027164536899398,12.0,-0.0006210969443224135,-0.0003027958338094515,-0.0003027958346032522,-0.0006056710493260155,0.001529503019888689,0.0003027958338094509
2,0.0023967000000002245,-6.046706490586854,-0.0007945690111337278,-12.0,3.022161383831036,12.0,-0.0006220934958365565,-0.0003022955952842174,-0.0003022955960787861,-0.0006046706490586855,0.001528999033173328,0.000302295595284217
2,0.0023969000000002246,-6.036692939373181,-0.0007953355839385168,-12.0,3.017153458357327,12.0,-0.000623090534658588,-0.000301794879394127,-0.0003017948801894621,-0.0006036692939373182,0.001528494101642019,0.0003017948793941266
2,0.0023971000000002247,-6.02666985543194,-0.0007961009123182983,-12.0,3.012140768386484,12.0,-0.0006240880582059627,-0.0003012936869298807,-0.0003012936877259811,-0.0006026669855431941,0.001527988225084154,0.0003012936869298802
2,0.002397300000000225,-6.01663725459099,-0.00079686499507714,-12.0,3.007123321834229,12.0,-0.000625086063897079,-0.0003007920186829311,-0.0003007920194797957,-0.000601663725459099,0.001527481403292064,0.0003007920186829306
2,0.002397500000000225,-6.006595152693151,-0.0007976278310217744,-12.0,3.002101126623765,12.0,-0.0006260845491514733,-0.0003002898754454793,-0.0003002898762431065,-0.0006006595152693152,0.001526973636061857,0.0003002898754454787
2,0.002397700000000225,-5.99654356559634,-0.0007983894189382834,-12.0,2.997074190685868,12.0,-0.0006270835113897089,-0.0002997872580104811,-0.0002997872588088701,-0.0005996543565596341,0.001526464923192583,0.0002997872580104807
2,0.002397900000000225,-5.986482509173408,-0.0007991497576531614,-12.0,2.992042521958727,12.0,-0.0006280829480335703,-0.0002992841671716385,-0.0002992841679707878,-0.0005986482509173409,0.001525955264486789,0.0002992841671716381
2,0.0023981000000002253,-5.97641199931211,-0.0007999088459591519,-12.0,2.987006128388027,12.0,-0.0006290828565060635,-0.0002987806037233991,-0.0002987806045233076,-0.000597641199931211,0.001525444659750519,0.0002987806037233986
2,0.0023983000000002254,-5.966332051915236,-0.0008006666826629871,-12.0,2.981965017926957,12.0,-0.000630083234231027,-0.0002982765684609625,-0.0002982765692616287,-0.0005966332051915237,0.001524933108793203,0.0002982765684609619
2,0.0023985000000002255,-5.95624268290041,-0.000801423266589607,-12.0,2.976919198536087,12.0,-0.0006310840786336869,-0.0002977720621802681,-0.000297772062981691,-0.000595624268290041,0.001524420611427268,0.0002977720621802677
2,0.0023987000000002257,-5.946143908200113,-0.0008021785965368622,-12.0,2.971868678183465,12.0,-0.0006320853871404075,-0.0002972670856780007,-0.0002972670864801788,-0.0005946143908200113,0.001523907167468919,0.0002972670856780002
2,0.0023989000000002258,-5.936035743761728,-0.0008029326713288043,-12.0,2.966813464844544,12.0,-0.0006330871571784691,-0.0002967616397515878,-0.00029676164055452,-0.0005936035743761729,0.001523392776737686,0.0002967616397515873
2,0.002399100000000226,-5.925918205547445,-0.0008036854897723877,-12.0,2.961753566502209,12.0,-0.0006340893861765395,-0.0002962557251991986,-0.0002962557260028836,-0.0005925918205547445,0.001522877439056047,0.0002962557251991982
2,0.002399300000000226,-5.915791309534271,-0.0008044370506929965,-12.0,2.956688991146725,12.0,-0.000635092071564286,-0.0002957493428197423,-0.0002957493436241789,-0.0005915791309534271,0.001522361154250695,0.0002957493428197418
2,0.002399500000000226,-5.905655071713952,-0.0008051873529084652,-12.0,2.951619746775739,12.0,-0.0006360952107727635,-0.0002952424934128652,-0.0002952424942180522,-0.0005905655071713952,0.001521843922150767,0.0002952424934128648
2,0.0023997000000002262,-5.895509508093025,-0.0008059363952359622,-12.0,2.946545841394295,12.0,-0.0006370988012339429,-0.0002947351777789535,-0.0002947351785848895,-0.0005895509508093025,0.001521325742589397,0.0002947351777789531
2,0.0023999000000002263,-5.885354634692746,-0.0008066841765046462,-12.0,2.941467283014774,12.0,-0.0006381028403811273,-0.0002942273967191283,-0.0002942273975258121,-0.0005885354634692746,0.001520806615402936,0.0002942273967191279
2,0.0024001000000002264,-5.875190467549039,-0.0008074306955376809,-12.0,2.936384079656906,12.0,-0.0006391073256486746,-0.0002937191510352448,-0.0002937191518426751,-0.000587519046754904,0.001520286540431126,0.0002937191510352444
2,0.0024003000000002266,-5.865017022712551,-0.0008081759511582298,-12.0,2.931296239347779,12.0,-0.0006401122544722748,-0.000293210441529894,-0.0002932104423380697,-0.0005865017022712552,0.001519765517517147,0.0002932104415298937
2,0.0024005000000002267,-5.854834316248567,-0.0008089199421996707,-12.0,2.926203770121785,12.0,-0.0006411176242887562,-0.0002927012690063989,-0.0002927012698153184,-0.0005854834316248568,0.001519243546507232,0.0002927012690063984
2,0.002400700000000227,-5.844642364236946,-0.0008096626674976015,-12.0,2.9211066800206,12.0,-0.0006421234325361125,-0.0002921916342688102,-0.0002921916350784725,-0.0005844642364236946,0.001518720627251557,0.0002921916342688098
2,0.002400900000000227,-5.834441182772209,-0.0008104041258676364,-12.0,2.916004977093261,12.0,-0.000643129676653531,-0.0002916815381219134,-0.0002916815389323171,-0.0005834441182772209,0.001518196759603463,0.0002916815381219129
2,0.002401100000000227,-5.824230787963463,-0.0008111443161604726,-12.0,2.910898669396047,12.0,-0.0006441363540815592,-0.0002911709813712213,-0.0002911709821823652,-0.0005824230787963464,0.00151767194341923,0.0002911709813712208
2,0.002401300000000227,-5.814011195934293,-0.0008118832372092655,-12.0,2.9057877649925,12.0,-0.0006451434622617436,-0.0002906599648229714,-0.0002906599656348542,-0.0005814011195934293,0.001517146178559414,0.0002906599648229709
2,0.0024015000000002272,-5.803782422822834,-0.0008126208878487251,-12.0,2.900672271953435,12.0,-0.0006461509986369629,-0.0002901484892841288,-0.0002901484900967493,-0.0005803782422822834,0.001516619464887348,0.0002901484892841284
2,0.0024017000000002274,-5.793544484781756,-0.0008133572669177802,-12.0,2.895552198356929,12.0,-0.0006471589606513728,-0.000289636555562385,-0.0002896365563757419,-0.0005793544484781756,0.001516091802269803,0.0002896365555623846
2,0.0024019000000002275,-5.783297397978171,-0.000814092373262465,-12.0,2.890427552288269,12.0,-0.0006481673457502668,-0.0002891241644661535,-0.0002891241652802455,-0.0005783297397978171,0.001515563190577218,0.0002891241644661531
2,0.0024021000000002276,-5.773041178593627,-0.0008148262057254829,-12.0,2.885298341839964,12.0,-0.0006491761513802707,-0.0002886113168045694,-0.0002886113176193951,-0.0005773041178593627,0.00151503362968336,0.0002886113168045689
2,0.0024023000000002277,-5.762775842824122,-0.0008155587631484273,-12.0,2.880164575111751,12.0,-0.0006501853749892039,-0.0002880980133874903,-0.0002880980142030487,-0.0005762775842824122,0.001514503119465049,0.0002880980133874899
2,0.002402500000000228,-5.752501406880042,-0.0008162900443855481,-12.0,2.875026260210543,12.0,-0.0006511950140260514,-0.0002875842550254931,-0.0002875842558417828,-0.0005752501406880042,0.001513971659803326,0.0002875842550254928
2,0.002402700000000228,-5.74221788698611,-0.0008170200482826573,-12.0,2.869883405250431,12.0,-0.000652205065941297,-0.0002870700425298718,-0.0002870700433468913,-0.000574221788698611,0.001513439250581561,0.0002870700425298713
2,0.002402900000000228,-5.731925299381443,-0.0008177487736884537,-12.0,2.864736018352701,12.0,-0.0006532155281863683,-0.0002865553767126393,-0.0002865553775303877,-0.0005731925299381443,0.001512905891687399,0.000286555376712639
2,0.002403100000000228,-5.721623660319455,-0.000818476219462072,-12.0,2.859584107645772,12.0,-0.0006542263982141916,-0.0002860402583865238,-0.0002860402592049997,-0.0005721623660319455,0.001512371583011762,0.0002860402583865234
2,0.0024033000000002283,-5.71131298606783,-0.0008192023844553198,-12.0,2.854427681265208,12.0,-0.00065523767347897,-0.0002855246883649667,-0.0002855246891841687,-0.000571131298606783,0.001511836324448401,0.0002855246883649663
2,0.0024035000000002284,-5.70099329290856,-0.0008199272675233349,-12.0,2.849266747353723,12.0,-0.0006562493514360446,-0.000285008667462125,-0.0002850086682820519,-0.000570099329290856,0.001511300115895287,0.0002850086674621246
2,0.0024037000000002285,-5.690664597137864,-0.0008206508675296931,-12.0,2.844101314061128,12.0,-0.0006572614295421164,-0.0002844921964928662,-0.0002844921973135167,-0.0005690664597137864,0.001510762957253331,0.0002844921964928658
2,0.0024039000000002286,-5.680326915066169,-0.0008213731833299764,-12.0,2.838931389544357,12.0,-0.0006582739052551911,-0.0002839752762727692,-0.000283975277094142,-0.0005680326915066169,0.001510224848426944,0.0002839752762727687
2,0.0024041000000002287,-5.669980263018071,-0.0008220942137975307,-12.0,2.833756981967396,12.0,-0.0006592867760345511,-0.0002834579076181199,-0.0002834579084402137,-0.0005669980263018072,0.001509685789323978,0.0002834579076181194
2,0.002404300000000229,-5.659624657332381,-0.0008228139577768356,-12.0,2.828578099501385,12.0,-0.0006603000393407277,-0.0002829400913459166,-0.0002829400921687302,-0.0005659624657332381,0.001509145779855781,0.0002829400913459163
2,0.002404500000000229,-5.649260114362034,-0.0008235324141567801,-12.0,2.823394750324458,12.0,-0.0006613136926356955,-0.0002824218282738619,-0.0002824218290973939,-0.0005649260114362034,0.001508604819937087,0.0002824218282738614
2,0.002404700000000229,-5.638886650474014,-0.0008242495817938345,-12.0,2.818206942621821,12.0,-0.000662327733382595,-0.0002819031192203619,-0.000281903120044611,-0.0005638886650474015,0.001508062909486074,0.0002819031192203615
2,0.002404900000000229,-5.62850428204951,-0.0008249654595542388,-12.0,2.813014684585769,12.0,-0.0006633421590459543,-0.0002813839650045327,-0.0002813839658294978,-0.000562850428204951,0.001507520048424194,0.0002813839650045324
2,0.0024051000000002293,-5.618113025483687,-0.0008256800463246616,-12.0,2.807817984415556,12.0,-0.0006643569670915783,-0.0002808643664461885,-0.0002808643672718681,-0.0005618113025483688,0.001506976236676727,0.0002808643664461881
2,0.0024053000000002294,-5.607712897185735,-0.0008263933409677904,-12.0,2.802616850317482,12.0,-0.0006653721549867986,-0.0002803443243658454,-0.0002803443251922383,-0.0005607712897185735,0.001506431474171677,0.000280344324365845
2,0.0024055000000002295,-5.597303913578916,-0.0008271053423622998,-12.0,2.797411290504861,12.0,-0.0006663877201999457,-0.0002798238395847227,-0.0002798238404118277,-0.0005597303913578916,0.001505885760841263,0.0002798238395847224
2,0.0024057000000002296,-5.586886091100441,-0.0008278160493890852,-12.0,2.792201313197976,12.0,-0.0006674036602008215,-0.0002793029129247369,-0.0002793029137525526,-0.0005586886091100441,0.001505339096620817,0.0002793029129247366
2,0.0024059000000002297,-5.576459446201469,-0.0008285254609254888,-12.0,2.786986926624093,12.0,-0.000668419972460782,-0.0002787815452085022,-0.0002787815460370272,-0.0005576459446201469,0.001504791481448831,0.0002787815452085019
2,0.00240610000000023,-5.566023995347099,-0.0008292335758555147,-12.0,2.781768139017431,12.0,-0.0006694366544522101,-0.000278259737259329,-0.0002782597380885622,-0.00055660239953471,0.001504242915267739,0.0002782597372593287
2,0.00240630000000023,-5.555579755016351,-0.0008299403930587257,-12.0,2.776544958619183,12.0,-0.000670453703649071,-0.0002777374899012246,-0.0002777374907311646,-0.0005555579755016351,0.001503693398023032,0.0002777374899012243
2,0.00240650000000023,-5.545126741702116,-0.0008306459114271192,-12.0,2.771317393677458,12.0,-0.0006714711175266619,-0.000277214803958889,-0.0002772148047895345,-0.0005545126741702117,0.001503142929663748,0.0002772148039588886
2,0.00240670000000023,-5.534664971911114,-0.0008313501298458092,-12.0,2.766085452447287,12.0,-0.0006724888935614182,-0.0002766916802577136,-0.0002766916810890634,-0.0005534664971911114,0.001502591510142648,0.0002766916802577132
2,0.0024069000000002303,-5.52419446216393,-0.0008320530472019083,-12.0,2.760849143190632,12.0,-0.0006735070292314682,-0.0002761681196237837,-0.0002761681204558364,-0.000552419446216393,0.001502039139415434,0.0002761681196237833
2,0.0024071000000002304,-5.513715228994949,-0.0008327546623905224,-12.0,2.755608474176341,12.0,-0.0006745255220161617,-0.0002756441228838736,-0.0002756441237166279,-0.0005513715228994949,0.001501485817441583,0.0002756441228838732
2,0.0024073000000002305,-5.503227288952266,-0.0008334549743105324,-12.0,2.750363453680118,12.0,-0.0006755443693961805,-0.0002751196908654432,-0.0002751196916988978,-0.0005503227288952266,0.001500931544183903,0.0002751196908654429
2,0.0024075000000002306,-5.492730658597806,-0.0008341539818412791,-12.0,2.745114089984601,12.0,-0.0006765635688536498,-0.0002745948243966446,-0.0002745948252307982,-0.0005492730658597806,0.001500376319608809,0.0002745948243966442
2,0.0024077000000002307,-5.482225354507209,-0.000834851683895188,-12.0,2.739860391379245,12.0,-0.0006775831178721103,-0.0002740695243063145,-0.0002740695251411657,-0.0005482225354507209,0.001499820143685882,0.0002740695243063141
2,0.002407900000000231,-5.471711393269733,-0.0008355480793715842,-12.0,2.734602366160328,12.0,-0.0006786030139364907,-0.0002735437914239704,-0.0002735437922595181,-0.0005471711393269733,0.00149926301638853,0.00027354379142397
2,0.002408100000000231,-5.461188791488405,-0.0008362431671573578,-12.0,2.729340022631034,12.0,-0.0006796232545330239,-0.0002730176265798196,-0.0002730176274160624,-0.0005461188791488405,0.001498704937693274,0.0002730176265798192
2,0.002408300000000231,-5.450657565779852,-0.0008369369461764808,-12.0,2.724073369101292,12.0,-0.0006806438371494694,-0.0002724910306047472,-0.0002724910314416838,-0.0005450657565779852,0.001498145907580128,0.0002724910306047469
2,0.002408500000000231,-5.440117732774294,-0.0008376294153189523,-12.0,2.718802413887874,12.0,-0.000681664759274947,-0.0002719640043303197,-0.0002719640051679488,-0.0005440117732774293,0.001497585926032774,0.0002719640043303193
2,0.0024087000000002313,-5.429569309115574,-0.0008383205735005284,-12.0,2.71352716531433,12.0,-0.0006826860184000749,-0.0002714365485887835,-0.0002714365494271036,-0.0005429569309115574,0.00149702499303811,0.0002714365485887831
2,0.0024089000000002314,-5.419012311461108,-0.0008390104196240866,-12.0,2.708247631711013,12.0,-0.0006837076120166652,-0.000270908664213064,-0.0002709086650520742,-0.0005419012311461108,0.001496463108586754,0.0002709086642130638
2,0.0024091000000002315,-5.408446756481842,-0.0008396989526073817,-12.0,2.70296382141502,12.0,-0.0006847295376182227,-0.000270380352036763,-0.0002703803528764618,-0.0005408446756481843,0.00149590027267249,0.0002703803520367628
2,0.0024093000000002317,-5.39787266086221,-0.0008403861713615068,-12.0,2.6976757427702,12.0,-0.0006857517926995016,-0.0002698516128941565,-0.0002698516137345424,-0.000539787266086221,0.001495336485292709,0.0002698516128941562
2,0.0024095000000002318,-5.387290041300168,-0.0008410720747975553,-12.0,2.692383404127167,12.0,-0.0006867743747567823,-0.0002693224476201968,-0.0002693224484612685,-0.0005387290041300168,0.001494771746448353,0.0002693224476201965
2,0.002409700000000232,-5.376698914507129,-0.000841756661839721,-12.0,2.687086813843238,12.0,-0.0006877972812877886,-0.0002687928570505081,-0.0002687928578922645,-0.0005376698914507129,0.001494206056143643,0.0002687928570505078
2,0.002409900000000232,-5.366099297207903,-0.0008424399314044262,-12.0,2.681785980282446,12.0,-0.00068882050979166,-0.0002682628420213853,-0.0002682628428638249,-0.0005366099297207903,0.00149363941438635,0.000268262842021385
2,0.002410100000000232,-5.355491206140755,-0.0008431218824100917,-12.0,2.676480911815544,12.0,-0.0006898440577689513,-0.0002677324033697957,-0.0002677324042129173,-0.0005355491206140755,0.00149307182118763,0.0002677324033697954
2,0.0024103000000002322,-5.344874658057311,-0.0008438025137857963,-12.0,2.671171616819952,12.0,-0.0006908679227217995,-0.000267201541933374,-0.0002672015427771762,-0.0005344874658057311,0.001492503276562196,0.0002672015419333738
2,0.0024105000000002323,-5.334249669722548,-0.000844481824451071,-12.0,2.665858103679779,12.0,-0.0006918921021535629,-0.0002666702585504234,-0.0002666702593949049,-0.0005334249669722549,0.001491933780528198,0.000266670258550423
2,0.0024107000000002324,-5.323616257914746,-0.0008451598133445426,-12.0,2.660540380785758,12.0,-0.000692916593569376,-0.0002661385540599105,-0.00026613855490507,-0.0005323616257914746,0.001491363333107232,0.0002661385540599103
2,0.0024109000000002326,-5.31297443942554,-0.0008458364793739737,-12.0,2.655218456535344,12.0,-0.000693941394475539,-0.0002656064293014721,-0.0002656064301473083,-0.0005312974439425541,0.001490791934324553,0.0002656064293014718
2,0.0024111000000002327,-5.302324231059828,-0.0008465118214948664,-12.0,2.649892339332553,12.0,-0.0006949665023801288,-0.0002650738851154051,-0.0002650738859619167,-0.0005302324231059828,0.001490219584208363,0.0002650738851154049
2,0.002411300000000233,-5.291665649635686,-0.0008471858386280839,-12.0,2.644562037588042,12.0,-0.0006959919147924432,-0.0002645409223426673,-0.0002645409231898529,-0.0005291665649635686,0.001489646282791079,0.000264540922342667
2,0.002411500000000233,-5.280998711984524,-0.0008478585297031493,-12.0,2.639227559719122,12.0,-0.0006970176292234453,-0.0002640075418248828,-0.000264007542672741,-0.0005280998711984524,0.001489072030107841,0.0002640075418248826
2,0.002411700000000233,-5.270323434950886,-0.0008485298936737884,-12.0,2.633888914149634,12.0,-0.0006980436431854309,-0.0002634737444043311,-0.0002634737452528606,-0.0005270323434950887,0.001488496826197672,0.0002634737444043308
2,0.002411900000000233,-5.259639835392453,-0.0008491999294673036,-12.0,2.628546109310026,12.0,-0.0006990699541923606,-0.0002629395309239497,-0.0002629395317731493,-0.0005259639835392453,0.001487920671103093,0.0002629395309239494
2,0.0024121000000002332,-5.248947930180119,-0.0008498686360269847,-12.0,2.623199153637333,12.0,-0.0007000965597594999,-0.0002624049022273362,-0.0002624049030772046,-0.000524894793018012,0.001487343564869847,0.000262404902227336
2,0.0024123000000002334,-5.238247736197859,-0.0008505360123005623,-12.0,2.617848055575118,12.0,-0.000701123457403835,-0.0002618698591587422,-0.000261869860009278,-0.0005238247736197858,0.00148676550754745,0.0002618698591587419
2,0.0024125000000002335,-5.22753927034271,-0.000851202057230438,-12.0,2.612492823573489,12.0,-0.0007021506446436843,-0.0002613344025630723,-0.000261334403414274,-0.000522753927034271,0.001486186499188635,0.000261334402563072
2,0.0024127000000002336,-5.216822549524829,-0.0008518667697614557,-12.0,2.607133466089104,12.0,-0.0007031781189990038,-0.0002607985332858869,-0.0002607985341377534,-0.0005216822549524829,0.001485606539849749,0.0002607985332858866
2,0.0024129000000002337,-5.206097590667377,-0.0008525301488502279,-12.0,2.601769991585112,12.0,-0.0007042058779911375,-0.0002602622521733965,-0.0002602622530259264,-0.0005206097590667377,0.001485025629590464,0.0002602622521733962
2,0.002413100000000234,-5.195364410706512,-0.0008531921934420428,-12.0,2.596402408531171,12.0,-0.0007052339191431223,-0.0002597255600724616,-0.0002597255609256535,-0.0005195364410706513,0.001484443768474175,0.0002597255600724613
2,0.002413300000000234,-5.184623026591383,-0.000853852902495289,-12.0,2.591030725403419,12.0,-0.000706262239979355,-0.0002591884578305917,-0.0002591884586844444,-0.0005184623026591383,0.001483860956567551,0.0002591884578305915
2,0.002413500000000234,-5.173873455284109,-0.0008545122749588074,-12.0,2.585654950684494,12.0,-0.0007072908380258425,-0.0002586509462959456,-0.0002586509471504575,-0.000517387345528411,0.001483277193940868,0.0002586509462959453
2,0.002413700000000234,-5.163115713759747,-0.0008551703097963159,-12.0,2.580275092863476,12.0,-0.0007083197108101458,-0.0002581130263173275,-0.0002581130271724976,-0.0005163115713759747,0.001482692480667569,0.0002581130263173273
2,0.0024139000000002343,-5.152349819006188,-0.0008558270059724205,-12.0,2.574891160435866,12.0,-0.000709348855861297,-0.000257574698744184,-0.0002575746996000108,-0.0005152349819006188,0.001482106816825035,0.0002575746987441838
2,0.0024141000000002344,-5.141575788024274,-0.0008564823624321871,-12.0,2.569503161903665,12.0,-0.0007103782707100215,-0.00025703596442661,-0.0002570359652830921,-0.0005141575788024274,0.001481520202493813,0.0002570359644266097
2,0.0024143000000002345,-5.130793637827694,-0.0008571363781542107,-12.0,2.564111105775252,12.0,-0.0007114079528885153,-0.0002564968242153409,-0.000256496825072477,-0.0005130793637827695,0.001480932637758114,0.0002564968242153406
2,0.0024145000000002346,-5.120003385442874,-0.0008577890521055398,-12.0,2.558715000565388,12.0,-0.0007124378999303349,-0.0002559572789617496,-0.0002559572798195384,-0.0005120003385442874,0.001480344122705424,0.0002559572789617493
2,0.0024147000000002347,-5.109205047909128,-0.0008584403832363474,-12.0,2.553314854795305,12.0,-0.0007134681093708961,-0.0002554173295178544,-0.0002554173303762945,-0.0005109205047909127,0.001479754657426779,0.0002554173295178542
2,0.002414900000000235,-5.098398642278508,-0.0008590903705392172,-12.0,2.547910676992541,12.0,-0.0007144985787471136,-0.0002548769767363083,-0.0002548769775953985,-0.0005098398642278508,0.001479164242016773,0.0002548769767363081
2,0.002415100000000235,-5.087584185615767,-0.0008597390129712057,-12.0,2.542502475691037,12.0,-0.0007155293055973178,-0.0002543362214704011,-0.0002543362223301398,-0.0005087584185615767,0.001478572876573492,0.0002543362214704009
2,0.002415300000000235,-5.076761694998416,-0.0008603863095135722,-12.0,2.537090259431074,12.0,-0.000716560287461504,-0.0002537950645740591,-0.0002537950654344451,-0.0005076761694998416,0.001477980561198355,0.0002537950645740588
2,0.002415500000000235,-5.065931187516644,-0.0008610322591358077,-12.0,2.531674036759296,12.0,-0.0007175915218813889,-0.0002532535069018435,-0.0002532535077628754,-0.0005065931187516644,0.001477387295996446,0.0002532535069018432
2,0.0024157000000002353,-5.055092680273309,-0.0008616768608242786,-12.0,2.526253816228649,12.0,-0.0007186230063999655,-0.0002527115493089476,-0.0002527115501706242,-0.0005055092680273309,0.001476793081076178,0.0002527115493089474
2,0.0024159000000002354,-5.044246190383857,-0.0008623201135555814,-12.0,2.520829606398395,12.0,-0.0007196547385620589,-0.0002521691926511953,-0.0002521691935135151,-0.0005044246190383857,0.001476197916549571,0.0002521691926511951
2,0.0024161000000002355,-5.033391734976394,-0.0008629620163076446,-12.0,2.515401415834115,12.0,-0.0007206867159140762,-0.0002516264377850425,-0.0002516264386480043,-0.0005033391734976394,0.001475601802531978,0.0002516264377850423
2,0.0024163000000002356,-5.022529331191584,-0.000863602568073274,-12.0,2.509969253107657,12.0,-0.0007217189360038956,-0.0002510832855675732,-0.0002510832864311755,-0.0005022529331191585,0.001475004739142194,0.000251083285567573
2,0.0024165000000002357,-5.011658996182616,-0.000864241767834617,-12.0,2.504533126797138,12.0,-0.0007227513963810606,-0.0002505397368564975,-0.0002505397377207391,-0.0005011658996182616,0.001474406726503008,0.0002505397368564973
2,0.002416700000000236,-5.000780747115246,-0.0008648796145778181,-12.0,2.49909304548696,12.0,-0.0007237840945966967,-0.0002499957925101541,-0.0002499957933750334,-0.0005000780747115247,0.001473807764739876,0.0002499957925101538
2,0.002416900000000236,-4.989894601167711,-0.0008655161072983475,-12.0,2.493649017767747,12.0,-0.0007248170282036503,-0.0002494514533875048,-0.0002494514542530206,-0.0004989894601167711,0.001473207853982417,0.0002494514533875045
2,0.002417100000000236,-4.979000575530693,-0.0008661512449881226,-12.0,2.488201052236352,12.0,-0.0007258501947561558,-0.0002489067203481342,-0.0002489067212142853,-0.0004979000575530693,0.001472606994363468,0.0002489067203481341
2,0.002417300000000236,-4.96809868740736,-0.0008667850266375066,-12.0,2.482749157495874,12.0,-0.0007268835918103622,-0.0002483615942522513,-0.0002483615951190361,-0.000496809868740736,0.001472005186019421,0.0002483615942522511
2,0.0024175000000002363,-4.957188954013287,-0.0008674174512479649,-12.0,2.477293342155597,12.0,-0.0007279172169237236,-0.0002478160759606847,-0.000247816076828102,-0.0004957188954013287,0.001471402429089996,0.0002478160759606845
2,0.0024177000000002364,-4.946271392576397,-0.0008680485178198527,-12.0,2.471833614830984,12.0,-0.000728951067655581,-0.0002472701663348807,-0.0002472701672029289,-0.0004946271392576398,0.001470798723718469,0.0002472701663348803
2,0.0024179000000002365,-4.935346020336985,-0.0008686782253526371,-12.0,2.466369984143681,12.0,-0.0007299851415668579,-0.0002467238662369036,-0.0002467238671055816,-0.0004935346020336986,0.001470194070051667,0.0002467238662369033
2,0.0024181000000002366,-4.924412854547747,-0.0008693065728415661,-12.0,2.460902458721546,12.0,-0.0007310194362198374,-0.0002461771765294389,-0.0002461771773987453,-0.0004924412854547748,0.001469588468240079,0.0002461771765294387
2,0.0024183000000002368,-4.913471912473626,-0.0008699335593074231,-12.0,2.455431047198516,12.0,-0.0007320539491789124,-0.0002456300980757826,-0.000245630098945716,-0.0004913471912473626,0.00146898191843714,0.0002456300980757823
2,0.002418500000000237,-4.90252321139182,-0.0008705591837465665,-12.0,2.449955758214698,12.0,-0.0007330886780098078,-0.0002450826317398447,-0.0002450826326104037,-0.000490252321139182,0.001468374420800334,0.0002450826317398444
2,0.002418700000000237,-4.891566768591847,-0.0008711834451693434,-12.0,2.444476600416335,12.0,-0.000734123620279914,-0.0002445347783861507,-0.0002445347792573339,-0.0004891566768591847,0.001467765975490309,0.0002445347783861505
2,0.002418900000000237,-4.880602601375418,-0.0008718063425916522,-12.0,2.438993582455758,12.0,-0.0007351587735583143,-0.0002439865388798352,-0.0002439865397516413,-0.0004880602601375419,0.001467156582671325,0.000243986538879835
2,0.002419100000000237,-4.869630727056422,-0.0008724278750260606,-12.0,2.433506712991393,12.0,-0.000736194135415813,-0.0002434379140866421,-0.0002434379149590698,-0.0004869630727056422,0.001466546242511135,0.0002434379140866419
2,0.0024193000000002373,-4.858651162960952,-0.0008730480414833597,-12.0,2.428016000687771,12.0,-0.0007372297034248521,-0.0002428889048729256,-0.0002428889057459735,-0.0004858651162960952,0.001465934955180825,0.0002428889048729254
2,0.0024195000000002374,-4.847663926427238,-0.0008736668409883297,-12.0,2.422521454215468,12.0,-0.000738265475159483,-0.0002423395121056459,-0.0002423395129793125,-0.0004847663926427238,0.001465322720855256,0.0002423395121056457
2,0.0024197000000002375,-4.836669034805605,-0.000874284272557091,-12.0,2.417023082251124,12.0,-0.0007393014481953675,-0.0002417897366523683,-0.0002417897375266524,-0.0004836669034805605,0.00146470953971245,0.0002417897366523681
2,0.0024199000000002377,-4.825666505458472,-0.0008749003352153117,-12.0,2.41152089347741,12.0,-0.000740337620110082,-0.0002412395793812628,-0.0002412395802561629,-0.0004825666505458473,0.001464095411934263,0.0002412395793812626
2,0.0024201000000002378,-4.814656355760341,-0.0008755150279806667,-12.0,2.406014896583049,12.0,-0.0007413739884826187,-0.0002406890411611032,-0.000240689042036618,-0.0004814656355760342,0.001463480337705658,0.000240689041161103
2,0.002420300000000238,-4.803638603097748,-0.0008761283498852634,-12.0,2.400505100262763,12.0,-0.0007424105508938295,-0.000240138122861265,-0.0002401381237373931,-0.0004803638603097748,0.001462864317215373,0.0002401381228612648
2,0.002420500000000238,-4.79261326486917,-0.0008767402999623197,-12.0,2.394991513217239,12.0,-0.0007434473049262036,-0.0002395868253517203,-0.0002395868262284604,-0.0004792613264869171,0.00146224735065531,0.0002395868253517201
2,0.002420700000000238,-4.781580358485143,-0.0008773508772255134,-12.0,2.389474144153224,12.0,-0.0007444842481638403,-0.0002390351495030452,-0.0002390351503803958,-0.0004781580358485143,0.001461629438221479,0.000239035149503045
2,0.0024209000000002382,-4.770539901368151,-0.0008779600807240495,-12.0,2.383953001783389,12.0,-0.0007455213781926151,-0.0002384830961864115,-0.0002384830970643714,-0.0004770539901368151,0.001461010580112887,0.0002384830961864113
2,0.0024211000000002383,-4.75949191095251,-0.0008785679094913679,-12.0,2.378428094826339,12.0,-0.0007465586926001522,-0.0002379306662735833,-0.0002379306671521509,-0.000475949191095251,0.001460390776531872,0.000237930666273583
2,0.0024213000000002385,-4.748436404684544,-0.0008791743625489179,-12.0,2.372899432006705,12.0,-0.0007475961889756855,-0.0002373778606369255,-0.0002373778615160998,-0.0004748436404684544,0.001459770027684659,0.0002373778606369253
2,0.0024215000000002386,-4.737373400022396,-0.0008797794389581171,-12.0,2.367367022054967,12.0,-0.0007486338649101976,-0.0002368246801493927,-0.0002368246810291719,-0.0004737373400022396,0.001459148333780913,0.0002368246801493925
2,0.0024217000000002387,-4.726302914436001,-0.0008803831377472982,-12.0,2.361830873707548,12.0,-0.0007496717179963086,-0.0002362711256845298,-0.0002362711265649127,-0.0004726302914436001,0.00145852569503363,0.0002362711256845295
2,0.002421900000000239,-4.715224965407218,-0.0008809854579552301,-12.0,2.356290995706822,12.0,-0.0007507097458284706,-0.0002357171981164778,-0.0002357171989974631,-0.0004715224965407218,0.001457902111659304,0.0002357171981164777
2,0.002422100000000239,-4.704139570429618,-0.0008815863986426642,-12.0,2.350747396800981,12.0,-0.0007517479460028287,-0.0002351628983199626,-0.0002351628992015487,-0.0004704139570429618,0.001457277583877981,0.0002351628983199624
2,0.002422300000000239,-4.693046747008515,-0.0008821859588441505,-12.0,2.345200085744132,12.0,-0.0007527863161171933,-0.0002346082271702978,-0.0002346082280524836,-0.0004693046747008515,0.001456652111913259,0.0002346082271702976
2,0.002422500000000239,-4.681946512660992,-0.0008827841376173318,-12.0,2.339649071296229,12.0,-0.0007538248537712067,-0.0002340531855433848,-0.0002340531864261688,-0.0004681946512660992,0.001456025695992125,0.0002340531855433846
2,0.0024227000000002392,-4.670838884915832,-0.0008833809340074161,-12.0,2.334094362223095,12.0,-0.000754863556566121,-0.0002334977743157105,-0.0002334977751990913,-0.0004670838884915832,0.001455398336345004,0.0002334977743157103
2,0.0024229000000002394,-4.65972388131349,-0.0008839763470751549,-12.0,2.328535967296369,12.0,-0.0007559024221049093,-0.0002329419943643446,-0.0002329419952483208,-0.000465972388131349,0.001454770033205988,0.0002329419943643445
2,0.0024231000000002395,-4.648601519406043,-0.0008845703758746382,-12.0,2.322973895293506,12.0,-0.0007569414479924597,-0.0002323858465669382,-0.0002323858474515084,-0.0004648601519406043,0.001454140786812497,0.0002323858465669381
2,0.0024233000000002396,-4.637471816757227,-0.0008851630194599558,-12.0,2.317408154997793,12.0,-0.0007579806318354088,-0.0002318293318017255,-0.0002318293326868884,-0.0004637471816757227,0.001453510597405228,0.0002318293318017253
2,0.0024235000000002397,-4.626334790942349,-0.0008857542768982984,-12.0,2.311838755198285,12.0,-0.0007590199712417534,-0.0002312724509475185,-0.0002312724518332725,-0.0004626334790942349,0.001452879465229262,0.0002312724509475183
2,0.00242370000000024,-4.615190459548266,-0.0008863441472497513,-12.0,2.306265704689817,12.0,-0.0007600594638217384,-0.0002307152048837069,-0.0002307152057700508,-0.0004615190459548267,0.001452247390531958,0.0002307152048837066
2,0.00242390000000024,-4.604038840173406,-0.0008869326295761759,-12.0,2.300689012273012,12.0,-0.0007610991071870798,-0.000230157594490259,-0.0002301575953771915,-0.0004604038840173406,0.001451614373565058,0.0002301575944902588
2,0.00242410000000024,-4.592879950427697,-0.0008875197229480936,-12.0,2.295108686754229,12.0,-0.0007621388989514088,-0.0002295996206477179,-0.0002295996215352375,-0.0004592879950427698,0.001450980414583081,0.0002295996206477177
2,0.00242430000000024,-4.581713807932496,-0.0008881054264406885,-12.0,2.289524736945532,12.0,-0.0007631788367298553,-0.0002290412842371974,-0.0002290412851253028,-0.0004581713807932496,0.001450345513845042,0.0002290412842371973
2,0.0024245000000002403,-4.570540430320675,-0.0008886897391078286,-12.0,2.283937171664779,12.0,-0.0007642189181397141,-0.0002284825861403889,-0.0002284825870290784,-0.0004570540430320676,0.00144970967161212,0.0002284825861403887
2,0.0024247000000002404,-4.559359835236553,-0.0008892726600386869,-12.0,2.278345999735492,12.0,-0.0007652591407996401,-0.0002279235272395532,-0.0002279235281288257,-0.0004559359835236553,0.001449072888150382,0.000227923527239553
2,0.0024249000000002405,-4.548172040335758,-0.0008898541883073374,-12.0,2.272751229986876,12.0,-0.0007662995023304531,-0.0002273641084175185,-0.0002273641093073725,-0.0004548172040335758,0.001448435163728057,0.0002273641084175184
2,0.0024251000000002406,-4.536977063285325,-0.000890434322986744,-12.0,2.267152871253839,12.0,-0.0007673400003544717,-0.0002268043305576828,-0.0002268043314481169,-0.0004536977063285325,0.001447796498617926,0.0002268043305576826
2,0.0024253000000002407,-4.525774921763662,-0.0008910130631563096,-12.0,2.261550932376966,12.0,-0.0007683806324958742,-0.0002262441945440124,-0.0002262441954350253,-0.0004525774921763662,0.001447156893095436,0.0002262441945440123
2,0.002425500000000241,-4.514565633460475,-0.0008915904079029868,-12.0,2.255945422202479,12.0,-0.0007694213963806429,-0.0002256837012610384,-0.0002256837021526286,-0.0004514565633460476,0.001446516347440308,0.0002256837012610382
2,0.002425700000000241,-4.503349216076725,-0.0008921663563097315,-12.0,2.250336349582234,12.0,-0.000770462289636703,-0.0002251228515938546,-0.0002251228524860208,-0.0004503349216076725,0.001445874861934926,0.0002251228515938544
2,0.002425900000000241,-4.492125687324671,-0.0008927409074590553,-12.0,2.244723723373738,12.0,-0.0007715033098933677,-0.0002245616464281198,-0.0002245616473208606,-0.0004492125687324671,0.001445232436866006,0.0002245616464281197
2,0.002426100000000241,-4.480895064927789,-0.0008933140604447942,-12.0,2.239107552440086,12.0,-0.0007725444547822535,-0.0002240000866500533,-0.0002240000875433672,-0.0004480895064927789,0.001444589072522984,0.0002240000866500531
2,0.0024263000000002413,-4.469657366620731,-0.0008938858143576756,-12.0,2.233487845649971,12.0,-0.0007735857219362818,-0.000223438173146433,-0.0002234381740403187,-0.0004469657366620731,0.001443944769199346,0.0002234381731464328
2,0.0024265000000002414,-4.458412610149363,-0.000894456168285096,-12.0,2.227864611877692,12.0,-0.0007746271089906498,-0.0002228759068045979,-0.0002228759076990539,-0.0004458412610149363,0.001443299527191466,0.0002228759068045978
2,0.0024267000000002415,-4.447160813270683,-0.0008950251213295513,-12.0,2.222237860003096,12.0,-0.0007756686135821644,-0.0002223132885124427,-0.0002223132894074677,-0.0004447160813270683,0.001442653346799772,0.0002223132885124426
2,0.0024269000000002416,-4.435901993752799,-0.0008955926725824348,-12.0,2.2166075989116,12.0,-0.0007767102333493536,-0.0002217503191584184,-0.0002217503200540109,-0.00044359019937528,0.001442006228328019,0.0002217503191584182
2,0.0024271000000002417,-4.424636169374882,-0.0008961588211537919,-12.0,2.210973837494122,12.0,-0.0007777519659325771,-0.0002211869996315278,-0.0002211870005276864,-0.0004424636169374882,0.001441358172083351,0.0002211869996315276
2,0.002427300000000242,-4.413363357927212,-0.0008967235661270223,-12.0,2.20533658464718,12.0,-0.0007787938089741653,-0.0002206233308213309,-0.0002206233317180543,-0.0004413363357927212,0.001440709178376354,0.0002206233308213307
2,0.002427500000000242,-4.402083577211125,-0.0008972869066230516,-12.0,2.199695849272759,12.0,-0.0007798357601182249,-0.0002200593136179384,-0.0002200593145152251,-0.0004402083577211125,0.001440059247521219,0.0002200593136179382
2,0.002427700000000242,-4.390796845038853,-0.0008978488417465957,-12.0,2.194051640278318,12.0,-0.0007808778170106667,-0.0002194949489120067,-0.0002194949498098553,-0.0004390796845038853,0.001439408379835527,0.0002194949489120065
2,0.002427900000000242,-4.379503179233721,-0.0008984093705910468,-12.0,2.18840396657688,12.0,-0.0007819199772991503,-0.0002189302375947473,-0.0002189302384931565,-0.0004379503179233721,0.001438756575640465,0.0002189302375947471
2,0.0024281000000002423,-4.368202597629958,-0.0008989684922877661,-12.0,2.182752837086862,12.0,-0.000782962238633278,-0.0002183651805579152,-0.0002183651814568836,-0.0004368202597629958,0.001438103835260551,0.000218365180557915
2,0.0024283000000002424,-4.356895118072657,-0.0008995262059374731,-12.0,2.177098260732161,12.0,-0.0007840045986645394,-0.00021779977869381,-0.000217799779593336,-0.0004356895118072657,0.001437450159023801,0.0002177997786938098
2,0.0024285000000002425,-4.345580758417924,-0.0009000825106493249,-12.0,2.171440246442163,12.0,-0.000785047055046173,-0.0002172340328952814,-0.0002172340337953637,-0.0004345580758417924,0.001436795547261893,0.0002172340328952813
2,0.0024287000000002426,-4.334259536532653,-0.0009006374055580135,-12.0,2.165778803151615,12.0,-0.0007860896054333044,-0.0002166679440557176,-0.0002166679449563548,-0.0004334259536532653,0.001436140000309727,0.0002166679440557173
2,0.0024289000000002428,-4.322931470294545,-0.0009011908897706977,-12.0,2.160113939800708,12.0,-0.0007871322474828912,-0.000216101513069048,-0.0002161015139702387,-0.0004322931470294545,0.001435483518505865,0.0002161015130690479
2,0.002429100000000243,-4.311596577592187,-0.000901742962408969,-12.0,2.15444566533505,12.0,-0.0007881749788537507,-0.0002155347408297461,-0.0002155347417314889,-0.0004311596577592188,0.001434826102192144,0.0002155347408297459
2,0.002429300000000243,-4.300254876324905,-0.0009022936226024125,-12.0,2.148773988705613,12.0,-0.000789217797206615,-0.0002149676282328217,-0.0002149676291351151,-0.0004300254876324905,0.001434167751714233,0.0002149676282328215
2,0.002429500000000243,-4.288906384402769,-0.0009028428694728419,-12.0,2.143098918868747,12.0,-0.0007902607002039375,-0.0002144001761738222,-0.0002144001770766648,-0.0004288906384402769,0.001433508467420963,0.000214400176173822
2,0.002429700000000243,-4.277551119746583,-0.0009033907021525067,-12.0,2.137420464786155,12.0,-0.0007913036855102251,-0.000213832385548831,-0.0002138323864522216,-0.0004277551119746583,0.00143284824966472,0.0002138323855488308
2,0.0024299000000002433,-4.266189100287852,-0.000903937119764775,-12.0,2.131738635424908,12.0,-0.0007923467507917614,-0.0002132642572544674,-0.0002132642581584043,-0.0004266189100287852,0.00143218709880133,0.0002132642572544673
2,0.0024301000000002434,-4.254820343968752,-0.0009044821214496679,-12.0,2.12605343975738,12.0,-0.0007933898937166339,-0.0002126957921878832,-0.0002126957930923651,-0.0004254820343968752,0.001431525015190338,0.000212695792187883
2,0.0024303000000002436,-4.243444868742065,-0.0009050257063405454,-12.0,2.120364886761265,12.0,-0.0007944331119549841,-0.0002121269912467607,-0.0002121269921517862,-0.0004243444868742065,0.001430861999194399,0.0002121269912467605
2,0.0024305000000002437,-4.232062692571223,-0.0009055678735689909,-12.0,2.114672985419579,12.0,-0.0007954764031787853,-0.000211557855329315,-0.0002115578562348827,-0.0004232062692571224,0.001430198051179832,0.0002115578553293148
2,0.0024307000000002438,-4.220673833430239,-0.000906108622280799,-12.0,2.108977744720612,12.0,-0.000796519765061704,-0.0002109883853342894,-0.0002109883862403979,-0.0004220673833430239,0.001429533171516506,0.0002109883853342893
2,0.002430900000000244,-4.209278309303613,-0.000906647951621764,-12.0,2.103279173657894,12.0,-0.0007975631952794882,-0.0002104185821609517,-0.0002104185830675996,-0.0004209278309303613,0.001428867360577679,0.0002104185821609516
2,0.002431100000000244,-4.197876138186444,-0.0009071858607174743,-12.0,2.097577281230287,12.0,-0.0007986066915097734,-0.0002098484467091006,-0.0002098484476162863,-0.0004197876138186445,0.001428200618739883,0.0002098484467091005
2,0.002431300000000244,-4.186467338084341,-0.0009077223487314878,-12.0,2.09187207644185,12.0,-0.000799650251432027,-0.0002092779798790583,-0.0002092779807867805,-0.0004186467338084342,0.001427532946383592,0.0002092779798790581
2,0.0024315000000002442,-4.175051927013299,-0.0009082574148082667,-12.0,2.086163568301862,12.0,-0.0008006938727278257,-0.0002087071825716672,-0.0002087071834799245,-0.0004175051927013299,0.001426864343892054,0.0002087071825716671
2,0.0024317000000002443,-4.163629922999789,-0.000908791058096492,-12.0,2.080451765824839,12.0,-0.0008017375530800508,-0.0002081360556882937,-0.0002081360565970846,-0.0004163629922999789,0.001426194811652959,0.0002081360556882936
2,0.0024319000000002445,-4.152201344080723,-0.0009093232777448446,-12.0,2.074736678030511,12.0,-0.0008027812901741926,-0.0002075646001308258,-0.0002075646010401489,-0.0004152201344080723,0.001425524350056606,0.0002075646001308257
2,0.0024321000000002446,-4.140766208303378,-0.0009098540729153282,-12.0,2.069018313943775,12.0,-0.0008038250816974346,-0.0002069928168016692,-0.0002069928177115231,-0.0004140766208303379,0.001424852959496903,0.0002069928168016691
2,0.0024323000000002447,-4.129324533725355,-0.000910383442762841,-12.0,2.063296682594699,12.0,-0.0008048689253387087,-0.0002064207066037464,-0.0002064207075141296,-0.0004129324533725355,0.001424180640371586,0.0002064207066037462
2,0.002432500000000245,-4.11787633841463,-0.0009109113864418372,-12.0,2.057571793018538,12.0,-0.000805912818788862,-0.0002058482704404981,-0.0002058482713514094,-0.000411787633841463,0.001423507393081724,0.0002058482704404979
2,0.002432700000000245,-4.10642164044945,-0.00091143790312187,-12.0,2.051843654255663,12.0,-0.0008069567597409344,-0.0002052755092158787,-0.0002052755101273164,-0.000410642164044945,0.001422833218031661,0.0002052755092158785
2,0.002432900000000245,-4.094960457918313,-0.0009119629919629446,-12.0,2.046112275351582,12.0,-0.0008080007458895477,-0.0002047024238343546,-0.0002047024247463175,-0.0004094960457918313,0.001422158115629457,0.0002047024238343545
2,0.002433100000000245,-4.083492808919996,-0.000912486652128619,-12.0,2.040377665356939,12.0,-0.0008090447749316831,-0.0002041290152009069,-0.0002041290161133934,-0.0004083492808919997,0.001421482086286285,0.0002041290152009068
2,0.0024333000000002452,-4.07201871156347,-0.0009130088827922211,-12.0,2.034639833327458,12.0,-0.0008100888445657373,-0.0002035552842210252,-0.0002035552851340339,-0.000407201871156347,0.001420805130417313,0.000203555284221025
2,0.0024335000000002454,-4.060538183967866,-0.0009135296831230821,-12.0,2.028898788323951,12.0,-0.0008111329524925215,-0.0002029812318007076,-0.0002029812327142372,-0.0004060538183967866,0.001420127248440511,0.0002029812318007075
2,0.0024337000000002455,-4.04905124426251,-0.0009140490522903111,-12.0,2.023154539412329,12.0,-0.000812177096414457,-0.000202406858846462,-0.000202406859760511,-0.000404905124426251,0.00141944844077796,0.0002024068588464619
2,0.0024339000000002456,-4.037557910586833,-0.0009145669894741193,-12.0,2.017407095663535,12.0,-0.0008132212740360467,-0.0002018321662653011,-0.000201832167179868,-0.0004037557910586833,0.001418768707854901,0.0002018321662653009
2,0.0024341000000002457,-4.026058201090365,-0.0009150834938473906,-12.0,2.011656466153577,12.0,-0.0008142654830636809,-0.0002012571549647426,-0.0002012571558798259,-0.0004026058201090365,0.001418088050099853,0.0002012571549647424
2,0.002434300000000246,-4.014552133932667,-0.000915598564598552,-12.0,2.00590265996345,12.0,-0.0008153097212056926,-0.000200681825852805,-0.0002006818267684034,-0.0004014552133932667,0.001417406467945304,0.0002006818258528049
2,0.002434500000000246,-4.003039727283417,-0.0009161122008911615,-12.0,2.000145686179249,12.0,-0.0008163539861724967,-0.0002001061798380142,-0.0002001061807541263,-0.0004003039727283417,0.001416723961826627,0.0002001061798380141
2,0.002434700000000246,-3.991520999322265,-0.0009166244019322978,-12.0,1.994385553891989,12.0,-0.0008173982756764231,-0.0001995302178293923,-0.0001995302187460166,-0.0003991520999322265,0.001416040532183027,0.0001995302178293922
2,0.002434900000000246,-3.979995968238783,-0.0009171351668950667,-12.0,1.988622272197697,12.0,-0.0008184425874316337,-0.0001989539407364594,-0.0001989539416535944,-0.0003979995968238783,0.001415356179456873,0.0001989539407364592
2,0.0024351000000002463,-3.96846465223262,-0.0009176444949623441,-12.0,1.982855850197422,12.0,-0.0008194869191543996,-0.0001983773494692386,-0.0001983773503868829,-0.000396846465223262,0.001414670904094389,0.0001983773494692384
2,0.0024353000000002464,-3.956927069513271,-0.000918152385342319,-12.0,1.977086296997098,12.0,-0.0008205312685627963,-0.0001978004449382442,-0.0001978004458563965,-0.0003956927069513272,0.001413984706544968,0.0001978004449382441
2,0.0024355000000002465,-3.9453832383001,-0.0009186588372156468,-12.0,1.971313621707639,12.0,-0.0008215756333770918,-0.0001972232280544855,-0.0001972232289731442,-0.0003945383238300101,0.001413297587261497,0.0001972232280544854
2,0.0024357000000002466,-3.933833176822414,-0.0009191638497780819,-12.0,1.965537833444901,12.0,-0.0008226200113193305,-0.000196645699729468,-0.0001966457006486318,-0.0003933833176822414,0.001412609546700416,0.0001966456997294679
2,0.0024359000000002467,-3.92227690331932,-0.0009196674222333723,-12.0,1.959758941329636,12.0,-0.0008236644001136384,-0.0001960678608751871,-0.0001960678617948544,-0.0003922276903319321,0.001411920585321524,0.0001960678608751869
2,0.002436100000000247,-3.910714436039727,-0.0009201695537772725,-12.0,1.953976954487502,12.0,-0.0008247087974861123,-0.0001954897124041281,-0.0001954897133242975,-0.0003910714436039727,0.001411230703588007,0.000195489712404128
2,0.002436300000000247,-3.899145793242326,-0.0009206702436146408,-12.0,1.948191882049039,12.0,-0.0008257532011647639,-0.0001949112552292654,-0.0001949112561499356,-0.0003899145793242326,0.001410539901966767,0.0001949112552292654
2,0.002436500000000247,-3.887570993195582,-0.0009211694909436741,-12.0,1.94240373314968,12.0,-0.0008267976088797147,-0.0001943324902640626,-0.0001943324911852319,-0.0003887570993195582,0.00140984818092782,0.0001943324902640624
2,0.002436700000000247,-3.875990054177677,-0.0009216672949794447,-12.0,1.936612516929697,12.0,-0.0008278420183629731,-0.0001937534184224677,-0.0001937534193441349,-0.0003875990054177678,0.001409155540944868,0.0001937534184224676
2,0.0024369000000002473,-3.864402994476457,-0.0009221636549281431,-12.0,1.930818242534199,12.0,-0.0008288864273486019,-0.0001931740406189128,-0.0001931740415410765,-0.0003864402994476457,0.00140846198249503,0.0001931740406189128
2,0.0024371000000002474,-3.852809832389472,-0.000922658569996182,-12.0,1.925020919113156,12.0,-0.0008299308335726063,-0.0001925943577683153,-0.0001925943586909738,-0.0003852809832389472,0.001407767506058755,0.0001925943577683152
2,0.0024373000000002475,-3.841210586223911,-0.0009231520394028525,-12.0,1.919220555821331,12.0,-0.0008309752347730737,-0.0001920143707860734,-0.0001920143717092254,-0.0003841210586223911,0.001407072112119961,0.0001920143707860734
2,0.0024375000000002476,-3.829605274296501,-0.000923644062368556,-12.0,1.913417161818257,12.0,-0.0008320196286900061,-0.0001914340805880627,-0.0001914340815117067,-0.0003829605274296501,0.00140637580116626,0.0001914340805880626
2,0.0024377000000002477,-3.817993914933629,-0.000924134638094376,-12.0,1.907610746268327,12.0,-0.0008330640130654043,-0.0001908534880906422,-0.0001908534890147767,-0.0003817993914933629,0.001405678573688396,0.0001908534880906421
2,0.002437900000000248,-3.806376526471233,-0.0009246237658164791,-12.0,1.901801318340654,12.0,-0.0008341083856434894,-0.0001902725942106472,-0.0001902725951352709,-0.0003806376526471233,0.001404980430180613,0.0001902725942106471
2,0.002438100000000248,-3.794753127254677,-0.0009251114447581532,-12.0,1.895988887209087,12.0,-0.0008351527441702311,-0.0001896913998653846,-0.000189691400790496,-0.0003794753127254677,0.001404281371140792,0.0001896913998653845
2,0.002438300000000248,-3.783123735638925,-0.0009255976741269212,-12.0,1.890173462052295,12.0,-0.0008361970863936807,-0.0001891099059726423,-0.0001891099068982399,-0.0003783123735638925,0.001403581397070031,0.0001891099059726422
2,0.002438500000000248,-3.771488369988363,-0.0009260824531733824,-12.0,1.884355052053597,12.0,-0.0008372414100640546,-0.0001885281134506771,-0.0001885281143767595,-0.0003771488369988363,0.001402880508473037,0.000188528113450677
2,0.0024387000000002483,-3.759847048676773,-0.0009265657811099448,-12.0,1.878533666401064,12.0,-0.0008382857129334564,-0.0001879460232182175,-0.0001879460241447832,-0.0003759847048676773,0.001402178705857765,0.0001879460232182174
2,0.0024389000000002484,-3.748199790087388,-0.0009270476571776598,-12.0,1.87270931428745,12.0,-0.0008393299927560716,-0.0001873636361944629,-0.0001873636371215105,-0.0003748199790087388,0.001401475989735834,0.0001873636361944628
2,0.0024391000000002485,-3.736546612612809,-0.000927528080602702,-12.0,1.866882004910219,12.0,-0.0008403742472880837,-0.0001867809532990824,-0.0001867809542266103,-0.0003736546612612809,0.00140077236062211,0.0001867809532990822
2,0.0024393000000002486,-3.724887534654991,-0.0009280070506294535,-12.0,1.86105174747148,12.0,-0.0008414184742876751,-0.0001861979754522111,-0.0001861979763802181,-0.0003724887534654991,0.001400067819035122,0.000186197975452211
2,0.0024395000000002488,-3.713222574625167,-0.000928484566493637,-12.0,1.855218551177997,12.0,-0.0008424626715151928,-0.0001856147035744492,-0.0001856147045029337,-0.0003713222574625167,0.001399362365496537,0.0001856147035744491
2,0.002439700000000249,-3.701551750943908,-0.000928960627432307,-12.0,1.849382425241199,12.0,-0.0008435068367330101,-0.0001850311385868633,-0.0001850311395158238,-0.0003701551750943908,0.001398656000531573,0.0001850311385868632
2,0.002439900000000249,-3.689875082041026,-0.0009294352326951749,-12.0,1.843543378877118,12.0,-0.0008445509677054153,-0.0001844472814109814,-0.0001844472823404166,-0.0003689875082041026,0.001397948724669085,0.0001844472814109813
2,0.002440100000000249,-3.678192586355536,-0.0009299083815257347,-12.0,1.837701421306396,12.0,-0.0008455950621987784,-0.0001838631329687923,-0.0001838631338987005,-0.0003678192586355536,0.001397240538441008,0.0001838631329687922
2,0.002440300000000249,-3.666504282335702,-0.0009303800731672585,-12.0,1.831856561754299,12.0,-0.0008466391179815513,-0.0001832786941827467,-0.0001832786951131267,-0.0003666504282335702,0.001396531442383137,0.0001832786941827466
2,0.0024405000000002493,-3.654810188438935,-0.0009308503068772289,-12.0,1.826008809450649,12.0,-0.0008476831328244061,-0.0001826939659757527,-0.0001826939669066029,-0.0003654810188438935,0.00139582143703415,0.0001826939659757526
2,0.0024407000000002494,-3.643110323131791,-0.0009313190819015826,-12.0,1.820158173629853,12.0,-0.0008487271044997358,-0.0001821089492711755,-0.0001821089502024945,-0.0003643110323131791,0.001395110522936643,0.0001821089492711754
2,0.0024409000000002496,-3.63140470488991,-0.0009317863975066842,-12.0,1.814304663530831,12.0,-0.0008497710307822648,-0.0001815236449928339,-0.0001815236459246202,-0.000363140470488991,0.001394398700636457,0.0001815236449928338
2,0.0024411000000002497,-3.619693352198075,-0.000932252252927146,-12.0,1.808448288397125,12.0,-0.000850814909448605,-0.0001809380540650053,-0.0001809380549972574,-0.0003619693352198075,0.001393685970682818,0.0001809380540650052
2,0.0024413000000002498,-3.607976283550109,-0.0009327166474482063,-12.0,1.802589057476716,12.0,-0.0008518587382776444,-0.0001803521774124165,-0.000180352178345133,-0.0003607976283550109,0.001392972333628284,0.0001803521774124164
2,0.00244150000000025,-3.596253517448788,-0.0009331795803178,-12.0,1.796726980022122,12.0,-0.0008529025150501301,-0.000179766015960244,-0.0001797660168934235,-0.0003596253517448789,0.001392257790029217,0.000179766015960244
2,0.00244170000000025,-3.584525072406011,-0.0009336410507936321,-12.0,1.790862065290405,12.0,-0.0008539462375489193,-0.0001791795706341199,-0.0001791795715677609,-0.0003584525072406011,0.001391542340445001,0.0001791795706341199
2,0.00244190000000025,-3.572790966942566,-0.0009341010581602749,-12.0,1.784994322543032,12.0,-0.0008549899035591446,-0.0001785928423601193,-0.0001785928432942203,-0.0003572790966942566,0.001390825985438576,0.0001785928423601192
2,0.0024421000000002502,-3.561051219588152,-0.0009345596016734348,-12.0,1.77912376104597,12.0,-0.000856033510867743,-0.0001780058320647644,-0.0001780058329993239,-0.0003561051219588152,0.00139010872557635,0.0001780058320647644
2,0.0024423000000002503,-3.549305848881454,-0.0009350166806036952,-12.0,1.773250390069654,12.0,-0.0008570770572639275,-0.0001774185406750259,-0.0001774185416100425,-0.0003549305848881453,0.001389390561428172,0.0001774185406750258
2,0.0024425000000002505,-3.537554873369999,-0.0009354722942309657,-12.0,1.76737421888893,12.0,-0.0008581205405389369,-0.0001768309691183162,-0.0001768309700537884,-0.0003537554873369999,0.001388671493567112,0.0001768309691183161
2,0.0024427000000002506,-3.525798311610146,-0.000935926441828494,-12.0,1.761495256783066,12.0,-0.0008591639584860089,-0.0001762431183224895,-0.0001762431192584159,-0.0003525798311610146,0.001387951522570013,0.0001762431183224894
2,0.0024429000000002507,-3.514036182167113,-0.0009363791226693063,-12.0,1.755613513035762,12.0,-0.0008602073089006845,-0.0001756549892158432,-0.0001756549901522222,-0.0003514036182167114,0.001387230649016663,0.0001756549892158431
2,0.002443100000000251,-3.502268503614899,-0.0009368303360401953,-12.0,1.749728996935086,12.0,-0.0008612505895803091,-0.0001750665827271127,-0.000175066583663943,-0.00035022685036149,0.001386508873490788,0.0001750665827271126
2,0.002443300000000251,-3.490495294536248,-0.0009372800812208482,-12.0,1.743841717773492,12.0,-0.0008622937983246981,-0.0001744778997854713,-0.0001744779007227514,-0.0003490495294536248,0.001385786196579059,0.0001744778997854713
2,0.002443500000000251,-3.478716573522639,-0.0009377283574978357,-12.0,1.737951684847789,12.0,-0.0008633369329354157,-0.0001738889413205288,-0.000173888942258257,-0.0003478716573522639,0.001385062618871891,0.0001738889413205287
2,0.002443700000000251,-3.466932359174283,-0.0009381751641526215,-12.0,1.732058907459161,12.0,-0.0008643799912163019,-0.0001732997082623314,-0.0001732997092005065,-0.0003466932359174283,0.001384338140962865,0.0001732997082623313
2,0.0024439000000002513,-3.455142670100062,-0.000938620500480214,-12.0,1.726163394913105,12.0,-0.0008654229709733341,-0.0001727102015413586,-0.0001727102024799791,-0.0003455142670100062,0.001383612763449255,0.0001727102015413585
2,0.0024441000000002514,-3.443347524917439,-0.0009390643657776199,-12.0,1.72026515651941,12.0,-0.0008664658700144601,-0.0001721204220885188,-0.0001721204230275831,-0.000344334752491744,0.001382886486931384,0.0001721204220885187
2,0.0024443000000002515,-3.431546942252578,-0.00093950675932164,-12.0,1.714364201592239,12.0,-0.0008675086861499037,-0.0001715303708351561,-0.0001715303717746628,-0.0003431546942252578,0.001382159312013326,0.000171530370835156
2,0.0024445000000002516,-3.419740940740223,-0.0009399476804248241,-12.0,1.708460539449997,12.0,-0.0008685514171919706,-0.0001709400487130423,-0.0001709400496529899,-0.0003419740940740223,0.001381431239302289,0.0001709400487130422
2,0.0024447000000002517,-3.407929539023581,-0.0009403871283866216,-12.0,1.70255417941534,12.0,-0.0008695940609550201,-0.0001703494566543727,-0.0001703494575947597,-0.0003407929539023581,0.00138070226940909,0.0001703494566543727
2,0.002444900000000252,-3.396112755754502,-0.0009408251024893843,-12.0,1.696645130815266,12.0,-0.0008706366152554657,-0.0001697585955917756,-0.0001697585965326006,-0.0003396112755754502,0.001379972402947849,0.0001697585955917755
2,0.002445100000000252,-3.384290609593287,-0.0009412616020609832,-12.0,1.690733402980936,12.0,-0.0008716790779120798,-0.0001691674664582998,-0.0001691674673995613,-0.0003384290609593287,0.001379241640536127,0.0001691674664582998
2,0.002445300000000252,-3.372463119208671,-0.0009416966263895432,-12.0,1.684819005247785,12.0,-0.0008727214467455779,-0.0001685760701874175,-0.0001685760711291141,-0.0003372463119208671,0.00137850998279479,0.0001685760701874175
2,0.002445500000000252,-3.36063030327787,-0.0009421301747931654,-12.0,1.678901946955444,12.0,-0.0008737637195789238,-0.0001679844077130238,-0.0001679844086551539,-0.000336063030327787,0.00137777743034817,0.0001679844077130237
2,0.0024457000000002523,-3.348792180486514,-0.0009425622465744077,-12.0,1.672982237447773,12.0,-0.0008748058942370518,-0.0001673924799694348,-0.000167392480911997,-0.0003348792180486514,0.0013770439838241,0.0001673924799694347
2,0.0024459000000002524,-3.336948769528601,-0.0009429928410531474,-12.0,1.667059886072793,12.0,-0.0008758479685472553,-0.0001668002878913846,-0.0001668002888343774,-0.0003336948769528601,0.001376309643853657,0.0001668002878913846
2,0.0024461000000002525,-3.325100089106458,-0.0009434219575419345,-12.0,1.661134902182696,12.0,-0.0008768899403387986,-0.0001662078324140239,-0.0001662078333574458,-0.0003325100089106458,0.001375574411071362,0.0001662078324140238
2,0.0024463000000002526,-3.313246157930774,-0.000943849595354429,-12.0,1.655207295133859,12.0,-0.0008779318074432219,-0.0001656151144729214,-0.000165615115416771,-0.0003313246157930774,0.00137483828611501,0.0001656151144729214
2,0.0024465000000002527,-3.301386994720512,-0.0009442757538169477,-12.0,1.649277074286773,12.0,-0.0008789735676940913,-0.0001650221350040591,-0.0001650221359483348,-0.0003301386994720512,0.001374101269626116,0.000165022135004059
2,0.002446700000000253,-3.289522618202873,-0.0009447004322491459,-12.0,1.643344249006058,12.0,-0.0008800152189271104,-0.0001644288949438308,-0.0001644288958885312,-0.0003289522618202873,0.001373363362249358,0.0001644288949438307
2,0.002446900000000253,-3.27765304711333,-0.000945123629971123,-12.0,1.637408828660472,12.0,-0.0008810567589802865,-0.0001638353952290443,-0.000163835396174168,-0.000327765304711333,0.001372624564632718,0.0001638353952290443
2,0.002447100000000253,-3.265778300195548,-0.0009455453463169672,-12.0,1.631470822622845,12.0,-0.000882098185693736,-0.0001632416367969162,-0.0001632416377424615,-0.0003265778300195548,0.001371884877427676,0.0001632416367969162
2,0.002447300000000253,-3.253898396201331,-0.0009459655806127731,-12.0,1.62553024027009,12.0,-0.0008831394969096851,-0.0001626476205850704,-0.0001626476215310359,-0.0003253898396201331,0.001371144301289234,0.0001626476205850703
2,0.0024475000000002533,-3.242013353890677,-0.0009463843321857457,-12.0,1.619587090983216,12.0,-0.0008841806904724553,-0.0001620533475315402,-0.0001620533484779246,-0.0003242013353890677,0.001370402836875562,0.0001620533475315402
2,0.0024477000000002534,-3.230123192031691,-0.0009468016003757462,-12.0,1.613641384147266,12.0,-0.0008852217642287413,-0.0001614588185747642,-0.0001614588195215658,-0.0003230123192031691,0.001369660484848267,0.0001614588185747642
2,0.0024479000000002535,-3.218227929400517,-0.0009472173845193055,-12.0,1.607693129151305,12.0,-0.0008862627160272085,-0.0001608640346535826,-0.0001608640356007999,-0.0003218227929400517,0.001368917245872375,0.0001608640346535825
2,0.0024481000000002536,-3.206327584781373,-0.000947631683952288,-12.0,1.601742335388442,12.0,-0.0008873035437187982,-0.0001602689967072395,-0.0001602689976548711,-0.0003206327584781373,0.001368173120616378,0.0001602689967072394
2,0.0024483000000002537,-3.194422176966541,-0.000948044498013001,-12.0,1.595789012255806,12.0,-0.0008883442451566442,-0.000159673705675382,-0.0001596737066234264,-0.0003194422176966541,0.001367428109751961,0.0001596737056753819
2,0.002448500000000254,-3.18251172475627,-0.0009484558260504095,-12.0,1.589833169154501,12.0,-0.0008893848181959346,-0.0001590781624980552,-0.000159078163446511,-0.000318251172475627,0.001366682213954334,0.0001590781624980552
2,0.002448700000000254,-3.170596246958753,-0.0009488656674085938,-12.0,1.583874815489607,12.0,-0.0008904252606942303,-0.0001584823681157016,-0.0001584823690645672,-0.0003170596246958753,0.001365935433901982,0.0001584823681157016
2,0.002448900000000254,-3.158675762390163,-0.000949274021430746,-12.0,1.577913960670195,12.0,-0.0008914655705111046,-0.0001578863234691627,-0.0001578863244184366,-0.0003158675762390163,0.00136518777027686,0.0001578863234691626
2,0.002449100000000254,-3.146750289874557,-0.0009496808874736029,-12.0,1.571950614109259,12.0,-0.0008925057455084623,-0.0001572900294996734,-0.0001572900304493542,-0.0003146750289874557,0.001364439223764113,0.0001572900294996733
2,0.0024493000000002543,-3.134819848243852,-0.0009500862648892383,-12.0,1.56598478522373,12.0,-0.0008935457835502064,-0.0001566934871488619,-0.0001566934880989481,-0.0003134819848243852,0.001363689795052692,0.0001566934871488619
2,0.0024495000000002544,-3.122884456337842,-0.0009504901530255072,-12.0,1.560016483434481,12.0,-0.0008945856825026549,-0.0001560966973587508,-0.0001560966983092408,-0.0003122884456337842,0.001362939484834319,0.0001560966973587507
2,0.0024497000000002545,-3.110944133004135,-0.0009508925512486943,-12.0,1.554045718166269,12.0,-0.0008956254402341934,-0.0001554996610717518,-0.0001554996620226443,-0.0003110944133004135,0.001362188293804578,0.0001554996610717518
2,0.0024499000000002547,-3.098998897098104,-0.00095129345891376,-12.0,1.548072498847747,12.0,-0.0008966650546153865,-0.0001549023792306661,-0.0001549023801819595,-0.0003098998897098104,0.001361436222662216,0.0001549023792306661
2,0.0024501000000002548,-3.087048767482885,-0.0009516928753867671,-12.0,1.542096834911434,12.0,-0.0008977045235191439,-0.0001543048527786821,-0.0001543048537303749,-0.0003087048767482886,0.001360683272109253,0.0001543048527786821
2,0.002450300000000255,-3.075093763029363,-0.0009520908000248962,-12.0,1.536118735793736,12.0,-0.0008987438448203877,-0.0001537070826593762,-0.0001537070836114669,-0.0003075093763029363,0.001359929442851376,0.0001537070826593761
2,0.002450500000000255,-3.063133902616126,-0.0009524872322013156,-12.0,1.530138210934889,12.0,-0.0008997830163964271,-0.000153109069816709,-0.0001531090707691962,-0.0003063133902616126,0.001359174735597241,0.000153109069816709
2,0.002450700000000255,-3.051169205129359,-0.0009528821712898594,-12.0,1.524155269778923,12.0,-0.0009008220361266805,-0.0001525108151950213,-0.0001525108161479035,-0.0003051169205129359,0.001358419151059109,0.0001525108151950213
2,0.0024509000000002552,-3.039199689462981,-0.0009532756166434897,-12.0,1.518169921773769,12.0,-0.0009018609018927731,-0.0001519123197390413,-0.0001519123206923169,-0.0003039199689462981,0.001357662689952688,0.0001519123197390413
2,0.0024511000000002553,-3.027225374518482,-0.0009536675676600215,-12.0,1.512182176371076,12.0,-0.0009028996115786614,-0.0001513135843938736,-0.0001513135853475411,-0.0003027225374518482,0.00135690535299679,0.0001513135843938736
2,0.0024513000000002554,-3.015246279204869,-0.0009540580237019647,-12.0,1.506192043026302,12.0,-0.0009039381630703419,-0.0001507146101050004,-0.0001507146110590584,-0.0003015246279204869,0.00135614714091381,0.0001507146101050004
2,0.0024515000000002556,-3.003262422438822,-0.0009544469841424874,-12.0,1.500199531198728,12.0,-0.0009049765542561983,-0.0001501153978182871,-0.0001501153987727339,-0.0003003262422438822,0.001355388054429335,0.000150115397818287
2,0.0024517000000002557,-2.991273823144457,-0.0009548344483804039,-12.0,1.494204650351314,12.0,-0.0009060147830267651,-0.0001495159484799694,-0.0001495159494348039,-0.0002991273823144457,0.001354628094272448,0.0001495159484799694
2,0.002451900000000256,-2.979280500253355,-0.0009552204157863287,-12.0,1.488207409950794,12.0,-0.0009070528472747696,-0.0001489162630366581,-0.0001489162639918785,-0.0002979280500253355,0.001353867261175423,0.0001489162630366581
2,0.002452100000000256,-2.967282472704634,-0.0009556048857467525,-12.0,1.482207819467648,12.0,-0.0009080907448953263,-0.0001483163424353396,-0.0001483163433909444,-0.0002967282472704634,0.001353105555874007,0.0001483163424353395
2,0.002452300000000256,-2.955279759444801,-0.0009559878576546055,-12.0,1.47620588837604,12.0,-0.0009091284737855615,-0.0001477161876233695,-0.0001477161885793573,-0.0002955279759444801,0.001352342979107274,0.0001477161876233694
2,0.002452500000000256,-2.943272379427753,-0.0009563693308980437,-12.0,1.470201626153836,12.0,-0.0009101660318450444,-0.0001471157995484735,-0.0001471158005048427,-0.0002943272379427753,0.001351579531617714,0.0001471157995484734
2,0.0024527000000002562,-2.93126035161476,-0.0009567493048716624,-12.0,1.464195042282579,12.0,-0.000911203416975509,-0.0001465151791587452,-0.0001465151801154944,-0.000293126035161476,0.001350815214150841,0.0001465151791587451
2,0.0024529000000002564,-2.919243694974456,-0.0009571277789655053,-12.0,1.458186146247502,12.0,-0.0009122406270808264,-0.0001459143274026468,-0.0001459143283597745,-0.0002919243694974457,0.001350050027456029,0.0001459143274026468
2,0.0024531000000002565,-2.907222428482773,-0.0009575047525837155,-12.0,1.452174947537463,12.0,-0.0009132776600672826,-0.0001453132452290047,-0.0001453132461865095,-0.0002907222428482773,0.001349283972285537,0.0001453132452290047
2,0.0024533000000002566,-2.895196571122893,-0.0009578802251253293,-12.0,1.446161455644956,12.0,-0.0009143145138433423,-0.0001447119335870082,-0.0001447119345448884,-0.0002895196571122893,0.001348517049395231,0.0001447119335870082
2,0.0024535000000002567,-2.883166141885293,-0.0009582541959871627,-12.0,1.440145680066124,12.0,-0.0009153511863196906,-0.0001441103934262112,-0.0001441103943844653,-0.0002883166141885293,0.00134774925954434,0.0001441103934262111
2,0.002453700000000257,-2.871131159767654,-0.0009586266645816854,-12.0,1.434127630300688,12.0,-0.0009163876754093303,-0.000143508625696527,-0.0001435086266551536,-0.0002871131159767654,0.001346980603495085,0.000143508625696527
2,0.002453900000000257,-2.859091643774816,-0.0009589976303128189,-12.0,1.428107315851963,12.0,-0.0009174239790275263,-0.0001429066313482276,-0.0001429066323072252,-0.0002859091643774816,0.001346211082013465,0.0001429066313482275
2,0.002454100000000257,-2.847047612918825,-0.0009593670925867048,-12.0,1.422084746226862,12.0,-0.0009184600950917221,-0.0001423044113319449,-0.0001423044122913119,-0.0002847047612918826,0.001345440695868505,0.0001423044113319448
2,0.002454300000000257,-2.834999086218853,-0.0009597350508196989,-12.0,1.416059930935846,12.0,-0.0009194960215216236,-0.0001417019665986667,-0.0001417019675584017,-0.0002834999086218853,0.00134466944583278,0.0001417019665986666
2,0.0024545000000002573,-2.822946082701102,-0.0009601015044328198,-12.0,1.410032879492887,12.0,-0.0009205317562393511,-0.000141099298099732,-0.0001410992990598335,-0.0002822946082701103,0.001343897332682059,0.000141099298099732
2,0.0024547000000002574,-2.810888621398937,-0.0009604664528212181,-12.0,1.404003601415572,12.0,-0.0009215672971691347,-0.0001404964067868394,-0.0001404964077473058,-0.0002810888621398937,0.001343124357195441,0.0001404964067868394
2,0.0024549000000002575,-2.798826721352732,-0.0009608298954304484,-12.0,1.397972106224921,12.0,-0.0009226026422376327,-0.0001398932936120352,-0.0001398932945728651,-0.0002798826721352732,0.001342350520155355,0.0001398932936120352
2,0.0024551000000002576,-2.786760401609821,-0.0009611918316639878,-12.0,1.391938403445496,12.0,-0.0009236377893736131,-0.000139289959527716,-0.0001392899604889078,-0.0002786760401609821,0.001341575822347674,0.000139289959527716
2,0.0024553000000002577,-2.77468968122457,-0.0009615522609556226,-12.0,1.385902502605329,12.0,-0.0009246727365081753,-0.0001386864054866284,-0.0001386864064481807,-0.000277468968122457,0.001340800264561459,0.0001386864054866284
2,0.002455500000000258,-2.762614579258286,-0.0009619111827225968,-12.0,1.379864413235948,12.0,-0.0009257074815748056,-0.0001380826324418671,-0.0001380826334037782,-0.0002762614579258286,0.001340023847589189,0.000138082632441867
2,0.002455700000000258,-2.750535114779201,-0.0009622685964020272,-12.0,1.373824144872312,12.0,-0.0009267420225091139,-0.0001374786413468714,-0.00013747864230914,-0.0002750535114779201,0.001339246572226616,0.0001374786413468714
2,0.002455900000000258,-2.738451306862399,-0.0009626245014224821,-12.0,1.367781707052821,12.0,-0.0009277763572491798,-0.0001368744331554244,-0.0001368744341180488,-0.0002738451306862399,0.001338468439272739,0.0001368744331554243
2,0.002456100000000258,-2.726363174589869,-0.0009629788972134179,-12.0,1.361737109319325,12.0,-0.0009288104837351513,-0.0001362700088216539,-0.0001362700097846328,-0.0002726363174589869,0.001337689449530111,0.0001362700088216539
2,0.0024563000000002583,-2.714270737050412,-0.0009633317832170585,-12.0,1.355690361217062,12.0,-0.0009298443999096462,-0.000135665369300028,-0.0001356653702633597,-0.0002714270737050412,0.001336909603804309,0.0001356653693000279
2,0.0024565000000002584,-2.702174013339599,-0.0009636831588698547,-12.0,1.349641472294663,12.0,-0.0009308781037174751,-0.0001350605155453533,-0.0001350605165090364,-0.0002702174013339599,0.001336128902904465,0.0001350605155453533
2,0.0024567000000002585,-2.690073022559817,-0.0009640330236078132,-12.0,1.343590452104167,12.0,-0.0009319115931059052,-0.0001344554485127775,-0.0001344554494768105,-0.0002690073022559817,0.001335347347642818,0.0001344554485127774
2,0.0024569000000002586,-2.677967783820172,-0.0009643813768805964,-12.0,1.337537310200951,12.0,-0.0009329448660242712,-0.0001338501691577832,-0.0001338501701221646,-0.0002677967783820172,0.001334564938835103,0.0001338501691577832
2,0.0024571000000002587,-2.665858316236475,-0.000964728218128319,-12.0,1.331482056143763,12.0,-0.000933977920424392,-0.0001332446784361891,-0.0001332446794009173,-0.0002665858316236475,0.00133378167730025,0.0001332446784361891
2,0.002457300000000259,-2.65374463893118,-0.0009650735468099692,-12.0,1.325424699494639,12.0,-0.0009350107542602792,-0.000132638977304145,-0.0001326389782692185,-0.000265374463893118,0.0013329975638606,0.0001326389773041449
2,0.002457500000000259,-2.641626771033458,-0.0009654173623531159,-12.0,1.319365249819026,12.0,-0.0009360433654883593,-0.0001320330667181379,-0.0001320330676835553,-0.0002641626771033458,0.001332212599341742,0.0001320330667181379
2,0.002457700000000259,-2.629504731679077,-0.0009657596642376198,-12.0,1.313303716685585,12.0,-0.000937075752067279,-0.0001314269476349823,-0.000131426948600742,-0.0002629504731679077,0.001331426784572376,0.0001314269476349823
2,0.002457900000000259,-2.617378540010315,-0.0009661004519033733,-12.0,1.307240109666298,12.0,-0.0009381079119581137,-0.0001308206210118201,-0.0001308206219779206,-0.0002617378540010315,0.001330640120384918,0.0001308206210118201
2,0.0024581000000002593,-2.605248215176139,-0.0009664397248021483,-12.0,1.301174438336469,12.0,-0.0009391398431241454,-0.0001302140878061272,-0.0001302140887725669,-0.0002605248215176139,0.001329852607614673,0.0001302140878061272
2,0.0024583000000002594,-2.593113776331963,-0.00096677748241214,-12.0,1.295106712274589,12.0,-0.0009401715435309599,-0.0001296073489757001,-0.0001296073499424776,-0.0002593113776331963,0.001329064247100664,0.0001296073489757001
2,0.0024585000000002595,-2.580975242639668,-0.0009671137241823446,-12.0,1.289036941062423,12.0,-0.0009412030111465713,-0.0001290004054786606,-0.0001290004064457743,-0.0002580975242639669,0.001328275039684801,0.0001290004054786606
2,0.0024587000000002596,-2.56883263326768,-0.000967448449578745,-12.0,1.282965134284988,12.0,-0.0009422342439413395,-0.0001283932582734567,-0.0001283932592409051,-0.000256883263326768,0.001327484986212463,0.0001283932582734567
2,0.0024589000000002597,-2.556685967390822,-0.0009677816580730969,-12.0,1.276891301530485,12.0,-0.0009432652398877472,-0.0001277859083188558,-0.0001277859092866375,-0.0002556685967390823,0.001326694087532443,0.0001277859083188558
2,0.00245910000000026,-2.544535264190304,-0.0009681133491340477,-12.0,1.270815452390317,12.0,-0.0009442959969608589,-0.0001271783565739452,-0.0001271783575420585,-0.0002544535264190304,0.001325902344496643,0.0001271783565739452
2,0.00245930000000026,-2.53238054285375,-0.0009684435222278021,-12.0,1.264737596459098,12.0,-0.0009453265131379313,-0.0001265706039981326,-0.0001265706049665761,-0.000253238054285375,0.001325109757960352,0.0001265706039981326
2,0.00245950000000026,-2.520221822575115,-0.000968772176836441,-12.0,1.258657743334581,12.0,-0.0009463567863986083,-0.0001259626515511418,-0.0001259626525199139,-0.0002520221822575115,0.001324316328782049,0.0001259626515511418
2,0.00245970000000026,-2.508059122554654,-0.0009690993124322755,-12.0,1.252575902617685,12.0,-0.0009473868147247683,-0.0001253545001930118,-0.0001253545011621111,-0.0002508059122554654,0.001323522057823739,0.0001253545001930118
2,0.0024599000000002603,-2.495892461998911,-0.0009694249284982748,-12.0,1.246492083912459,12.0,-0.0009484165961008151,-0.0001247461508840958,-0.0001247461518535207,-0.0002495892461998911,0.001322726945950425,0.0001247461508840957
2,0.0024601000000002604,-2.483721860120705,-0.0009697490245089702,-12.0,1.240406296826099,12.0,-0.0009494461285134009,-0.0001241376045850608,-0.0001241376055548098,-0.0002483721860120705,0.001321930994030607,0.0001241376045850608
2,0.0024603000000002605,-2.471547336139084,-0.0009700715999551024,-12.0,1.234318550968893,12.0,-0.0009504754099514956,-0.0001235288622568849,-0.0001235288632269564,-0.0002471547336139084,0.001321134202935836,0.0001235288622568849
2,0.0024605000000002607,-2.459368909279217,-0.0009703926543277452,-12.0,1.228228855954191,12.0,-0.0009515044384064697,-0.0001229199248608518,-0.0001229199258312445,-0.0002459368909279217,0.001320336573541192,0.0001229199248608518
2,0.0024607000000002608,-2.447186598772521,-0.0009707121870973223,-12.0,1.222137221398492,12.0,-0.0009525332118720392,-0.000122310793358559,-0.0001223107943292712,-0.0002447186598772521,0.001319538106724888,0.000122310793358559
2,0.002460900000000261,-2.43500042385655,-0.000971030197773004,-12.0,1.216043656921313,12.0,-0.0009535617283442932,-0.0001217014687119086,-0.0001217014696829389,-0.000243500042385655,0.001318738803368524,0.0001217014687119086
2,0.002461100000000261,-2.422810403774854,-0.0009713466858479736,-12.0,1.209948172145188,12.0,-0.000954589985821569,-0.0001210919518831036,-0.0001210919528544503,-0.0002422810403774854,0.001317938664356838,0.0001210919518831036
2,0.002461300000000261,-2.410616557777177,-0.000971661650800093,-12.0,1.203850776695772,12.0,-0.0009556179823047989,-0.0001204822438346572,-0.0001204822448063188,-0.0002410616557777177,0.001317137690577896,0.0001204822438346572
2,0.0024615000000002612,-2.398418905119258,-0.0009719750921528547,-12.0,1.197751480201649,12.0,-0.0009566457157970248,-0.0001198723455293802,-0.0001198723465013552,-0.0002398418905119258,0.001316335882923042,0.0001198723455293802
2,0.0024617000000002613,-2.386217465062807,-0.0009722870093890057,-12.0,1.19165029229445,12.0,-0.0009576731843038006,-0.0001192622579303839,-0.0001192622589026709,-0.0002386217465062807,0.001315533242287004,0.0001192622579303839
2,0.0024619000000002614,-2.374012256875566,-0.0009725974020223793,-12.0,1.185547222608775,12.0,-0.0009587003858330667,-0.0001186519820010798,-0.0001186519829736772,-0.0002374012256875566,0.001314729769567563,0.0001186519820010798
2,0.0024621000000002616,-2.361803299831217,-0.0009729062695494894,-12.0,1.179442280782222,12.0,-0.0009597273183949984,-0.0001180415187051771,-0.0001180415196780834,-0.0002361803299831218,0.001313925465665888,0.0001180415187051771
2,0.0024623000000002617,-2.349590613209369,-0.0009732136114875001,-12.0,1.173335476455317,12.0,-0.0009607539800022824,-0.0001174308690066804,-0.0001174308699798941,-0.0002349590613209369,0.00131312033148645,0.0001174308690066804
2,0.002462500000000262,-2.337374216295482,-0.0009735194273442493,-12.0,1.16722681927153,12.0,-0.0009617803686700205,-0.0001168200338698875,-0.0001168200348434069,-0.0002337374216295482,0.001312314367936857,0.0001168200338698875
2,0.002462700000000262,-2.325154128380923,-0.0009738237166277974,-12.0,1.161116318877283,12.0,-0.0009628064824154792,-0.0001162090142593911,-0.0001162090152332148,-0.0002325154128380923,0.001311507575928045,0.0001162090142593911
2,0.002462900000000262,-2.312930368762873,-0.0009741264788615256,-12.0,1.155003984921879,12.0,-0.0009638323192585618,-0.0001155978111400741,-0.0001155978121142006,-0.0002312930368762873,0.001310699956374256,0.0001155978111400741
2,0.002463100000000262,-2.300702956744277,-0.0009744277135600443,-12.0,1.148889827057521,12.0,-0.0009648578772213506,-0.0001149864254771082,-0.0001149864264515359,-0.0002300702956744277,0.001309891510192923,0.0001149864254771081
2,0.0024633000000002622,-2.288471911633899,-0.0009747274202398515,-12.0,1.142773854939316,12.0,-0.0009658831543284951,-0.0001143748582359556,-0.000114374859210683,-0.00022884719116339,0.001309082238304754,0.0001143748582359556
2,0.0024635000000002624,-2.276237252746222,-0.0009750255984309897,-12.0,1.136656078225208,12.0,-0.0009669081486069209,-0.000113763110382364,-0.0001137631113573896,-0.0002276237252746222,0.001308272141633732,0.0001137631103823639
2,0.0024637000000002625,-2.263998999401404,-0.000975322247656063,-12.0,1.130536506575996,12.0,-0.0009679328580859542,-0.0001131511828823652,-0.0001131511838576874,-0.0002263998999401404,0.001307461221107004,0.0001131511828823652
2,0.0024639000000002626,-2.251757170925329,-0.0009756173674378976,-12.0,1.124415149655334,12.0,-0.0009689572807973779,-0.0001125390767022772,-0.0001125390776778945,-0.0002251757170925329,0.001306649477655131,0.0001125390767022771
2,0.0024641000000002627,-2.239511786649516,-0.0009759109573118652,-12.0,1.11829201712968,12.0,-0.00096998141477532,-0.0001119267928086993,-0.0001119267937846102,-0.0002239511786649516,0.001305836912211727,0.0001119267928086992
2,0.002464300000000263,-2.22726286591106,-0.0009762030168130043,-12.0,1.11216711866828,12.0,-0.000971005258056365,-0.0001113143321685094,-0.0001113143331447124,-0.000222726286591106,0.001305023525713767,0.0001113143321685093
2,0.002464500000000263,-2.215010428052643,-0.0009764935454733559,-12.0,1.106040463943176,12.0,-0.0009720288086794288,-0.000110701695748865,-0.0001107016967253585,-0.0002215010428052644,0.001304209319101551,0.000110701695748865
2,0.002464700000000263,-2.202754492422581,-0.000976782542820076,-12.0,1.099912062629235,12.0,-0.0009730520646859114,-0.0001100888845172055,-0.000110088885493988,-0.0002202754492422581,0.001303394293318411,0.0001100888845172055
2,0.002464900000000263,-2.190495078374649,-0.0009770700084135164,-12.0,1.093781924404004,12.0,-0.0009740750241196416,-0.0001094758994412418,-0.0001094759004183118,-0.0002190495078374649,0.001302578449310976,0.0001094758994412417
2,0.0024651000000002633,-2.17823220526808,-0.0009773559417814992,-12.0,1.087650058947808,12.0,-0.0009750976850267379,-0.000108862741488959,-0.0001088627424663149,-0.000217823220526808,0.001301761788029265,0.000108862741488959
2,0.0024653000000002634,-2.165965892467653,-0.0009776403424701652,-12.0,1.081516475943718,12.0,-0.0009761200454558167,-0.0001082494116286188,-0.0001082494126062592,-0.0002165965892467654,0.001300944310426419,0.0001082494116286188
2,0.0024655000000002635,-2.153696159343538,-0.0009779232100315394,-12.0,1.075381185077489,12.0,-0.0009771421034578953,-0.0001076359108287521,-0.0001076359118066753,-0.0002153696159343538,0.001300126017458839,0.0001076359108287521
2,0.0024657000000002636,-2.141423025271282,-0.000978204544013761,-12.0,1.069244196037575,12.0,-0.0009781638570865447,-0.0001070222400581589,-0.0001070222410363634,-0.0002141423025271282,0.001299306910085993,0.0001070222400581589
2,0.0024659000000002637,-2.12914650963185,-0.000978484343963304,-12.0,1.063105518515136,12.0,-0.0009791853043975285,-0.0001064084002859099,-0.0001064084012643943,-0.000212914650963185,0.001298486989270917,0.0001064084002859099
2,0.002466100000000264,-2.116866631811527,-0.0009787626094431845,-12.0,1.056965162203973,12.0,-0.0009802064434491636,-0.0001057943924813416,-0.0001057943934601042,-0.0002116866631811528,0.001297666255979574,0.0001057943924813416
2,0.002466300000000264,-2.104583411201895,-0.0009790393400047614,-12.0,1.050823136800547,12.0,-0.000981227272302182,-0.0001051802176140552,-0.0001051802185930945,-0.0002104583411201895,0.001296844711181383,0.0001051802176140552
2,0.002466500000000264,-2.092296867199817,-0.0009793145352117172,-12.0,1.044679452003946,12.0,-0.0009822477890197856,-0.0001045658766539158,-0.0001045658776332303,-0.0002092296867199818,0.001296022355848733,0.0001045658766539157
2,0.002466700000000264,-2.080007019207426,-0.0009795881946185192,-12.0,1.038534117515904,12.0,-0.0009832679916675635,-0.0001039513705710522,-0.0001039513715506404,-0.0002080007019207427,0.001295199190957427,0.0001039513705710522
2,0.0024669000000002643,-2.067713886632078,-0.0009798603177955112,-12.0,1.032387143040742,12.0,-0.0009842878783135472,-0.0001033367003358538,-0.0001033367013157141,-0.0002067713886632078,0.001294375217486474,0.0001033367003358538
2,0.0024671000000002644,-2.055417488886243,-0.0009801309043155904,-12.0,1.026238538285339,12.0,-0.0009853074470282247,-0.0001027218669189655,-0.0001027218678990964,-0.0002055417488886243,0.001293550436418031,0.0001027218669189655
2,0.0024673000000002645,-2.043117845387632,-0.0009803999537283392,-12.0,1.020088312959224,12.0,-0.000986326695884568,-0.0001021068712912952,-0.0001021068722716952,-0.0002043117845387632,0.001292724848737437,0.0001021068712912952
2,0.0024675000000002646,-2.030814975559084,-0.0009806674656235304,-12.0,1.013936476774432,12.0,-0.0009873456229578248,-0.0001014917144240056,-0.000101491715404673,-0.0002030814975559084,0.001291898455433454,0.0001014917144240056
2,0.0024677000000002647,-2.01850889882843,-0.000980933439574394,-12.0,1.007783039445519,12.0,-0.0009883642263259357,-0.0001008763972885093,-0.0001008763982694428,-0.000201850889882843,0.001291071257497778,0.0001008763972885094
2,0.002467900000000265,-2.006199634628683,-0.0009811978751389505,-12.0,1.001628010689654,12.0,-0.0009893825040691168,-0.0001002609208564793,-0.0001002609218376772,-0.0002006199634628683,0.001290243255925513,0.0001002609208564793
2,0.002468100000000265,-1.993887202397846,-0.0009814607719216273,-12.0,0.9954714002264331,12.0,-0.0009904004542700962,-9.964528609983547e-05,-9.964528708129625e-05,-0.0001993887202397847,0.001289414451714974,9.964528609983547e-05
2,0.002468300000000265,-1.981571621578861,-0.0009817221294892153,-12.0,0.9893132177779755,12.0,-0.0009914180750140722,-9.90294939907465e-05,-9.90294949724686e-05,-0.0001981571621578861,0.001288584845867483,9.902949399074648e-05
2,0.002468500000000265,-1.969252911619769,-0.0009819819474196079,-12.0,0.9831534730689353,12.0,-0.0009924353643886719,-9.84135455016355e-05,-9.841354648361744e-05,-0.0001969252911619769,0.001287754439387778,9.84135455016355e-05
2,0.0024687000000002653,-1.956931091973469,-0.0009822402253177875,-12.0,0.9769921758263557,12.0,-0.0009934523204839923,-9.779744160516738e-05,-9.779744258740757e-05,-0.0001956931091973469,0.001286923233283735,9.779744160516735e-05
2,0.0024689000000002654,-1.944606182097758,-0.0009824969627565405,-12.0,0.9708293357797746,12.0,-0.0009944689413926011,-9.718118327425313e-05,-9.718118425675007e-05,-0.0001944606182097758,0.001286091228566419,9.718118327425312e-05
2,0.0024691000000002655,-1.932278201455351,-0.0009827521593367416,-12.0,0.9646649626611488,12.0,-0.0009954852252095497,-9.656477148204858e-05,-9.656477246480071e-05,-0.0001932278201455351,0.001285258426250047,9.656477148204855e-05
2,0.0024693000000002656,-1.91994716951381,-0.0009830058146429455,-12.0,0.9584990662048825,12.0,-0.0009965011700323184,-9.594820720195256e-05,-9.594820818495835e-05,-0.000191994716951381,0.001284424827352124,9.594820720195255e-05
2,0.0024695000000002658,-1.907613105745516,-0.0009832579282798015,-12.0,0.9523316561477589,12.0,-0.0009975167739608992,-9.53314914076039e-05,-9.533149239086183e-05,-0.0001907613105745517,0.001283590432893361,9.533149140760388e-05
2,0.002469700000000266,-1.895276029627603,-0.0009835084998432997,-12.0,0.9461627422289518,12.0,-0.0009985320350977406,-9.471462507287951e-05,-9.471462605638801e-05,-0.0001895276029627603,0.001282755243897482,9.471462507287951e-05
2,0.002469900000000266,-1.88293596064201,-0.0009837575289295408,-12.0,0.9399923341900356,12.0,-0.000999546951547775,-9.409760917189652e-05,-9.409761015565405e-05,-0.0001882935960642011,0.001281919261391595,9.409760917189651e-05
2,0.002470100000000266,-1.870592918275385,-0.0009840050151492807,-12.0,0.9338204417749183,12.0,-0.001000561521418405,-9.348044467900677e-05,-9.348044566301179e-05,-0.0001870592918275385,0.001281082486405946,9.348044467900676e-05
2,0.002470300000000266,-1.85824692201904,-0.0009842509581060588,-12.0,0.9276470747298514,12.0,-0.001001575742819491,-9.286313256879575e-05,-9.286313355304672e-05,-0.000185824692201904,0.00128024491997393,9.286313256879575e-05
2,0.0024705000000002663,-1.845897991369001,-0.0009844953574034143,-12.0,0.9214722428034419,12.0,-0.001002589613863472,-9.224567381608453e-05,-9.22456748005799e-05,-0.0001845897991369001,0.00127940656313219,9.224567381608453e-05
2,0.0024707000000002664,-1.83354614582592,-0.0009847382126574322,-12.0,0.9152959557465922,12.0,-0.001003603132665176,-9.162806939592497e-05,-9.162807038066314e-05,-0.000183354614582592,0.001278567416920423,9.162806939592497e-05
2,0.0024709000000002665,-1.821191404895011,-0.0009849795234835312,-12.0,0.9091182233124849,12.0,-0.001004616297341956,-9.101032028359687e-05,-9.10103212685764e-05,-0.0001821191404895011,0.001277727482381724,9.101032028359686e-05
2,0.0024711000000002667,-1.80883378808606,-0.0009852192894951317,-12.0,0.9029390552565942,12.0,-0.001005629106013678,-9.039242745460894e-05,-9.039242843982825e-05,-0.000180883378808606,0.001276886760562104,9.039242745460894e-05
2,0.0024713000000002668,-1.796473314913477,-0.0009854575102998808,-12.0,0.8967584613367137,12.0,-0.001006641556802634,-8.977439188470135e-05,-8.977439287015885e-05,-0.0001796473314913477,0.001276045252510988,8.977439188470136e-05
2,0.002471500000000267,-1.784110004896119,-0.0009856941855386214,-12.0,0.8905764513128096,12.0,-0.001007653647833742,-8.915621454983485e-05,-8.915621553552903e-05,-0.0001784110004896119,0.001275202959280824,8.915621454983483e-05
2,0.002471700000000267,-1.771743877557287,-0.000985929314820333,-12.0,0.8843930349471197,12.0,-0.001008665377234333,-8.853789642619401e-05,-8.853789741212333e-05,-0.0001771743877557287,0.001274359881927242,8.853789642619401e-05
2,0.002471900000000267,-1.759374952424813,-0.0009861628977716475,-12.0,0.8782082220041201,12.0,-0.001009676743134222,-8.791943849018918e-05,-8.791943947635206e-05,-0.0001759374952424813,0.001273516021509158,8.791943849018918e-05
2,0.0024721000000002672,-1.747003249030908,-0.0009863949340261913,-12.0,0.8720220222504655,12.0,-0.001010687743665764,-8.730084171844918e-05,-8.73008427048441e-05,-0.0001747003249030909,0.001272671379088569,8.730084171844918e-05
2,0.0024723000000002673,-1.734628786912148,-0.0009866254232123728,-12.0,0.8658344454550014,12.0,-0.001011698376963854,-8.668210708782139e-05,-8.66821080744468e-05,-0.0001734628786912149,0.00127182595573061,8.668210708782138e-05
2,0.0024725000000002675,-1.722251585609508,-0.0009868543649580452,-12.0,0.8596455013887733,12.0,-0.00101270864116583,-8.606323557537315e-05,-8.606323656222751e-05,-0.0001722251585609508,0.001270979752503648,8.606323557537314e-05
2,0.0024727000000002676,-1.709871664668275,-0.000987081758906605,-12.0,0.85345519982496,12.0,-0.001013718534411581,-8.544422815838666e-05,-8.544422914546843e-05,-0.0001709871664668275,0.001270132770479215,8.544422815838666e-05
2,0.0024729000000002677,-1.697489043637999,-0.0009873076046930107,-12.0,0.8472635505388838,12.0,-0.001014728054843567,-8.482508581435771e-05,-8.48250868016653e-05,-0.0001697489043637999,0.001269285010731924,8.482508581435768e-05
2,0.002473100000000268,-1.685103742072539,-0.0009875319019526652,-12.0,0.8410705633080218,12.0,-0.001015737200606617,-8.420580952099745e-05,-8.420581050852934e-05,-0.0001685103742072539,0.001268436474339649,8.420580952099745e-05
2,0.002473300000000268,-1.672715779529976,-0.0009877546503362922,-12.0,0.8348762479119372,12.0,-0.001016745969848271,-8.358640025622735e-05,-8.358640124398199e-05,-0.0001672715779529976,0.001267587162383316,8.358640025622735e-05
2,0.002473500000000268,-1.660325175572581,-0.0009879758494825142,-12.0,0.8286806141323083,12.0,-0.001017754360718437,-8.296685899817908e-05,-8.296685998615494e-05,-0.0001660325175572581,0.0012667370759471,8.296685899817908e-05
2,0.002473700000000268,-1.647931949766766,-0.0009881954990510478,-12.0,0.8224836717528515,12.0,-0.00101876237136965,-8.234718672519027e-05,-8.234718771338576e-05,-0.0001647931949766766,0.001265886216118256,8.234718672519026e-05
2,0.0024739000000002682,-1.635536121683141,-0.0009884135986705234,-12.0,0.8162854305594286,12.0,-0.001019769999956913,-8.172738441580993e-05,-8.172738540422351e-05,-0.0001635536121683141,0.001265034583987232,8.172738441580992e-05
2,0.0024741000000002684,-1.623137710896441,-0.0009886301480130921,-12.0,0.8100859003398995,12.0,-0.00102077724463781,-8.110745304879125e-05,-8.110745403742141e-05,-0.0001623137710896441,0.001264182180647611,8.110745304879127e-05
2,0.0024743000000002685,-1.610736736985369,-0.0009888451467326975,-12.0,0.8038850908841337,12.0,-0.001021784103572371,-8.048739360308665e-05,-8.048739459193179e-05,-0.0001610736736985369,0.001263329007196196,8.048739360308665e-05
2,0.0024745000000002686,-1.598333219532794,-0.000989058594468406,-12.0,0.7976830119841083,12.0,-0.001022790574923299,-7.986720705785768e-05,-7.986720804691627e-05,-0.0001598333219532794,0.001262475064732718,7.986720705785768e-05
2,0.0024747000000002687,-1.585927178125561,-0.0009892704909055805,-12.0,0.7914796734337175,12.0,-0.00102379665685573,-7.924689439246232e-05,-7.92468953817328e-05,-0.0001585927178125562,0.001261620354360338,7.92468943924623e-05
2,0.002474900000000269,-1.573518632354436,-0.0009894808356927243,-12.0,0.7852750850288704,12.0,-0.001024802347537379,-7.862645658645632e-05,-7.862645757593714e-05,-0.0001573518632354436,0.0012607648771851,7.862645658645632e-05
2,0.002475100000000269,-1.561107601814264,-0.0009896896284879997,-12.0,0.7790692565675035,12.0,-0.00102580764513853,-7.800589461959917e-05,-7.80058956092888e-05,-0.0001561107601814264,0.001259908634316353,7.800589461959915e-05
2,0.002475300000000269,-1.548694106103738,-0.000989896868979212,-12.0,0.7728621978494314,12.0,-0.001026812547831935,-7.738520947184107e-05,-7.738521046173793e-05,-0.0001548694106103738,0.001259051626866528,7.738520947184107e-05
2,0.002475500000000269,-1.536278164825409,-0.000990102556821082,-12.0,0.7666539186764474,12.0,-0.001027817053792998,-7.676440212332684e-05,-7.676440311342938e-05,-0.0001536278164825409,0.001258193855951203,7.676440212332685e-05
2,0.0024757000000002693,-1.523859797585774,-0.000990306691687537,-12.0,0.7604444288522888,12.0,-0.001028821161199581,-7.614347355439766e-05,-7.614347454470435e-05,-0.0001523859797585774,0.00125733532268904,7.614347355439763e-05
2,0.0024759000000002694,-1.511439023995122,-0.0009905092732591658,-12.0,0.7542337381825793,12.0,-0.001029824868232179,-7.552242474558386e-05,-7.552242573609313e-05,-0.0001511439023995122,0.001256476028201892,7.552242474558385e-05
2,0.0024761000000002695,-1.499015863667528,-0.0009907103012095075,-12.0,0.7480218564748471,12.0,-0.001030828173073817,-7.490125667760565e-05,-7.490125766831594e-05,-0.0001499015863667528,0.001255615973614704,7.490125667760566e-05
2,0.0024763000000002696,-1.486590336220845,-0.0009909097752213158,-12.0,0.7418087935384925,12.0,-0.001031831073910042,-7.42799703313714e-05,-7.427997132228118e-05,-0.0001486590336220845,0.001254755160055548,7.427997033137139e-05
2,0.0024765000000002697,-1.474162461276681,-0.0009911076949707942,-12.0,0.7355945591848073,12.0,-0.001032833568929012,-7.365856668797783e-05,-7.365856767908552e-05,-0.0001474162461276681,0.001253893588655644,7.365856668797781e-05
2,0.00247670000000027,-1.461732258460346,-0.0009913040601501333,-12.0,0.7293791632269074,12.0,-0.001033835656321438,-7.303704672870577e-05,-7.303704772000981e-05,-0.0001461732258460346,0.001253031260549278,7.303704672870576e-05
2,0.00247690000000027,-1.449299747400796,-0.0009914988704448069,-12.0,0.7231626154797421,12.0,-0.001034837334280614,-7.24154114350187e-05,-7.241541242651757e-05,-0.0001449299747400796,0.001252168176873944,7.24154114350187e-05
2,0.00247710000000027,-1.436864947730673,-0.0009916921255389566,-12.0,0.7169449257601069,12.0,-0.001035838601002342,-7.17936617885646e-05,-7.179366278025672e-05,-0.0001436864947730673,0.001251304338770159,7.179366178856459e-05
2,0.00247730000000027,-1.424427879086234,-0.0009918838251310458,-12.0,0.7107261038865822,12.0,-0.001036839454685093,-7.117179877117133e-05,-7.117179976305514e-05,-0.0001424427879086234,0.001250439747381635,7.117179877117133e-05
2,0.0024775000000002703,-1.411988561107246,-0.0009920739689209257,-12.0,0.7045061596795017,12.0,-0.001037839893529818,-7.054982336484227e-05,-7.054982435691624e-05,-0.0001411988561107246,0.001249574403855119,7.054982336484225e-05
2,0.0024777000000002704,-1.399547013437113,-0.0009922625565873533,-12.0,0.69828510296105,12.0,-0.001038839915740108,-6.992773655176374e-05,-6.992773754402628e-05,-0.0001399547013437113,0.001248708309340527,6.992773655176374e-05
2,0.0024779000000002705,-1.387103255722767,-0.0009924495878476658,-12.0,0.6920629435551162,12.0,-0.001039839519522107,-6.930553931429639e-05,-6.930554030674596e-05,-0.0001387103255722767,0.001247841464990879,6.93055393142964e-05
2,0.0024781000000002706,-1.374657307614545,-0.000992635062400049,-12.0,0.6858396912873216,12.0,-0.001040838703084551,-6.868323263497216e-05,-6.868323362760723e-05,-0.0001374657307614545,0.001246973871962292,6.868323263497216e-05
2,0.0024783000000002707,-1.362209188766281,-0.0009928189799465748,-12.0,0.679615355985031,12.0,-0.00104183746463879,-6.806081749649776e-05,-6.806081848931672e-05,-0.0001362209188766281,0.001246105531413924,6.806081749649775e-05
2,0.002478500000000271,-1.349758918835276,-0.0009930013401915905,-12.0,0.6733899474773373,12.0,-0.00104283580239873,-6.743829488175289e-05,-6.743829587475422e-05,-0.0001349758918835276,0.001245236444508135,6.743829488175289e-05
2,0.002478700000000271,-1.337306517482199,-0.0009931821428514342,-12.0,0.6671634755950009,12.0,-0.001043833714580791,-6.681566577378524e-05,-6.681566676696737e-05,-0.0001337306517482199,0.001244366612410397,6.681566577378524e-05
2,0.002478900000000271,-1.324852004371061,-0.0009933613876358938,-12.0,0.6609359501704626,12.0,-0.001044831199404198,-6.619293115580984e-05,-6.619293214917124e-05,-0.0001324852004371061,0.001243496036289107,6.619293115580984e-05
2,0.002479100000000271,-1.312395399169251,-0.0009935390742547567,-12.0,0.6547073810378523,12.0,-0.001045828255090531,-6.557009201121073e-05,-6.557009300474979e-05,-0.0001312395399169251,0.001242624717315982,6.557009201121071e-05
2,0.0024793000000002713,-1.299936721547445,-0.0009937152024323548,-12.0,0.6484777780329222,12.0,-0.001046824879864121,-6.494714932353546e-05,-6.494715031725064e-05,-0.0001299936721547445,0.001241752656665693,6.494714932353546e-05
2,0.0024795000000002714,-1.287475991179567,-0.000993889771885803,-12.0,0.642247150993057,12.0,-0.001047821071951845,-6.432410407649428e-05,-6.432410507038405e-05,-0.0001287475991179567,0.001240879855516033,6.432410407649428e-05
2,0.0024797000000002715,-1.275013227742823,-0.0009940627823326054,-12.0,0.6360155097572846,12.0,-0.001048816829583209,-6.370095725396172e-05,-6.370095824802451e-05,-0.0001275013227742823,0.001240006315047879,6.370095725396173e-05
2,0.0024799000000002716,-1.262548450917615,-0.0009942342335044208,-12.0,0.6297828641662085,12.0,-0.001049812150990301,-6.307770983997129e-05,-6.307771083420552e-05,-0.0001262548450917615,0.001239132036445226,6.30777098399713e-05
2,0.0024801000000002718,-1.250081680387495,-0.0009944041251255253,-12.0,0.6235492240620182,12.0,-0.001050807034407811,-6.245436281871439e-05,-6.245436381311849e-05,-0.0001250081680387495,0.001238257020895139,6.245436281871437e-05
2,0.002480300000000272,-1.237612935839211,-0.000994572456920917,-12.0,0.6173145992884995,12.0,-0.001051801478073086,-6.183091717454204e-05,-6.18309181691145e-05,-0.0001237612935839211,0.001237381269587737,6.183091717454205e-05
2,0.002480500000000272,-1.225142236962608,-0.0009947392286297485,-12.0,0.6110789996909674,12.0,-0.001052795480226028,-6.120737389195971e-05,-6.120737488669893e-05,-0.0001225142236962608,0.001236504783716244,6.120737389195972e-05
2,0.002480700000000272,-1.212669603450617,-0.0009949044399804041,-12.0,0.6048424351162935,12.0,-0.001053789039109188,-6.058373395562739e-05,-6.058373495053184e-05,-0.0001212669603450617,0.001235627564476968,6.05837339556274e-05
2,0.002480900000000272,-1.200195054999185,-0.0009950680907214182,-12.0,0.5986049154128295,12.0,-0.001054782152967747,-5.99599983503551e-05,-5.995999934542319e-05,-0.0001200195054999185,0.001234749613069283,5.995999835035508e-05
2,0.0024811000000002723,-1.187718611307357,-0.0009952301805692398,-12.0,0.5923664504305228,12.0,-0.001055774820049461,-5.93361680611092e-05,-5.933616905633938e-05,-0.0001187718611307357,0.001233870930695644,5.933616806110921e-05
2,0.0024813000000002724,-1.175240292077145,-0.000995390709292776,-12.0,0.5861270500207265,12.0,-0.001056767038604751,-5.871224407300192e-05,-5.871224506839262e-05,-0.0001175240292077145,0.001232991518561571,5.871224407300193e-05
2,0.0024815000000002726,-1.16276011701345,-0.0009955496766213545,-12.0,0.5798867240362962,12.0,-0.001057758806886668,-5.808822737129175e-05,-5.808822836684143e-05,-0.000116276011701345,0.001232111377875662,5.808822737129176e-05
2,0.0024817000000002727,-1.150278105824234,-0.000995707082295627,-12.0,0.5736454823316026,12.0,-0.001058750123150834,-5.746411894138982e-05,-5.746411993709691e-05,-0.0001150278105824234,0.001231230509849586,5.746411894138984e-05
2,0.0024819000000002728,-1.137794278220279,-0.0009958629260845564,-12.0,0.5674033347623832,12.0,-0.001059740985655547,-5.683991976884679e-05,-5.683992076470972e-05,-0.0001137794278220279,0.001230348915698072,5.683991976884678e-05
2,0.002482100000000273,-1.125308653915203,-0.0009960172077255747,-12.0,0.5611602911858409,12.0,-0.001060731392661766,-5.621563083935664e-05,-5.621563183537386e-05,-0.0001125308653915203,0.001229466596638876,5.621563083935665e-05
2,0.002482300000000273,-1.112821252625544,-0.0009961699269742663,-12.0,0.5549163614606112,12.0,-0.001061721342433021,-5.559125313875855e-05,-5.559125413492848e-05,-0.0001112821252625544,0.001228583553892867,5.559125313875855e-05
2,0.002482500000000273,-1.100332094070605,-0.000996321083592655,-12.0,0.5486715554467027,12.0,-0.001062710833235531,-5.496678765302954e-05,-5.496678864935062e-05,-0.0001100332094070605,0.001227699788683971,5.496678765302954e-05
2,0.0024827000000002732,-1.087841197972456,-0.0009964706773364362,-12.0,0.5424258830055164,12.0,-0.001063699863338138,-5.43422353682853e-05,-5.434223636475597e-05,-0.0001087841197972456,0.001226815302239129,5.434223536828529e-05
2,0.0024829000000002733,-1.075348584055913,-0.0009966187079708533,-12.0,0.536179353999813,12.0,-0.001064688431012283,-5.371759727077839e-05,-5.37175982673971e-05,-0.0001075348584055913,0.001225930095788398,5.371759727077839e-05
2,0.0024831000000002735,-1.062854272048527,-0.0009967651752532114,-12.0,0.5299319782937318,12.0,-0.001065676534532149,-5.309287434689851e-05,-5.309287534366368e-05,-0.0001062854272048527,0.001225044170564821,5.309287434689851e-05
2,0.0024833000000002736,-1.050358281680524,-0.0009969100789586904,-12.0,0.5236837657527232,12.0,-0.001066664172174457,-5.246806758316821e-05,-5.246806858007828e-05,-0.0001050358281680524,0.001224157527804547,5.24680675831682e-05
2,0.0024835000000002737,-1.037860632684746,-0.000997053418853533,-12.0,0.5174347262435587,12.0,-0.00106765134221868,-5.184317796624122e-05,-5.184317896329465e-05,-0.0001037860632684746,0.001223270168746723,5.184317796624123e-05
2,0.002483700000000274,-1.025361344796703,-0.0009971951947047586,-12.0,0.5111848696343423,12.0,-0.001068638042946879,-5.121820648290473e-05,-5.121820748009991e-05,-0.0001025361344796703,0.001222382094633573,5.12182064829047e-05
2,0.002483900000000274,-1.012860437754487,-0.0009973354062923767,-12.0,0.5049342057944507,12.0,-0.001069624272643802,-5.059315412007431e-05,-5.059315511740971e-05,-0.0001012860437754487,0.001221493306710376,5.05931541200743e-05
2,0.002484100000000274,-1.000357931298678,-0.0009974740533989501,-12.0,0.4986827445944999,12.0,-0.001070610029596825,-4.996802186478989e-05,-4.996802286226394e-05,-0.0001000357931298678,0.001220603806225434,4.996802186478989e-05
2,0.002484300000000274,-0.9878538451724659,-0.0009976111357845596,-12.0,0.4924304959064447,12.0,-0.001071595312096017,-4.934281070422293e-05,-4.934281170183407e-05,-9.87853845172466e-05,0.001219713594430065,4.934281070422293e-05
2,0.0024845000000002742,-0.975348199121541,-0.0009977466532489765,-12.0,0.4861774696034304,12.0,-0.001072580118434099,-4.871752162566795e-05,-4.871752262341461e-05,-9.753481991215411e-05,0.001218822672578654,4.871752162566794e-05
2,0.0024847000000002744,-0.9628410128939479,-0.0009978806055762068,-12.0,0.4799236755598036,12.0,-0.001073564446906435,-4.809215561653797e-05,-4.809215661441858e-05,-9.628410128939479e-05,0.001217931041928647,4.809215561653798e-05
2,0.0024849000000002745,-0.9503323062402846,-0.00099801299253377,-12.0,0.4736691236512117,12.0,-0.001074548295811099,-4.746671366437455e-05,-4.746671466238755e-05,-9.503323062402847e-05,0.001217038703740451,4.746671366437455e-05
2,0.0024851000000002746,-0.9378220989135081,-0.0009981438139368137,-12.0,0.4674138237544107,12.0,-0.001075531663448773,-4.684119675683474e-05,-4.684119775497857e-05,-9.378220989135082e-05,0.0012161456592776,4.684119675683475e-05
2,0.0024853000000002747,-0.9253104106689002,-0.000998273069558575,-12.0,0.4611577857473815,12.0,-0.001076514548122916,-4.621560588169401e-05,-4.621560687996708e-05,-9.253104106689003e-05,0.001215251909806536,4.621560588169402e-05
2,0.002485500000000275,-0.9127972612641336,-0.0009984007592037103,-12.0,0.4549010195092537,12.0,-0.001077496948139557,-4.558994202684574e-05,-4.558994302524649e-05,-9.127972612641337e-05,0.001214357456596808,4.558994202684574e-05
2,0.002485700000000275,-0.900282670459181,-0.0009985268826595006,-12.0,0.4486435349203324,12.0,-0.001078478861807425,-4.496420618029918e-05,-4.496420717882608e-05,-9.00282670459181e-05,0.001213462300921009,4.496420618029919e-05
2,0.002485900000000275,-0.8877666580162937,-0.0009986514397342106,-12.0,0.4423853418620313,12.0,-0.001079460287438001,-4.433839933017655e-05,-4.433840032882798e-05,-8.877666580162938e-05,0.001212566444054666,4.433839933017655e-05
2,0.002486100000000275,-0.8752492436999333,-0.0009987744302265011,-12.0,0.4361264502168826,12.0,-0.001080441223345351,-4.371252246471091e-05,-4.371252346348534e-05,-8.752492436999333e-05,0.001211669887276404,4.371252246471091e-05
2,0.0024863000000002753,-0.8627304472768215,-0.0009988958539360882,-12.0,0.4298668698685481,12.0,-0.001081421667846284,-4.308657657224842e-05,-4.308657757114427e-05,-8.627304472768215e-05,0.001210772631867855,4.308657657224841e-05
2,0.0024865000000002754,-0.8502102885158466,-0.0009990157106769537,-12.0,0.4236066107017508,12.0,-0.001082401619260306,-4.246056264124278e-05,-4.246056364025848e-05,-8.502102885158467e-05,0.001209874679113598,4.246056264124278e-05
2,0.0024867000000002755,-0.8376887871880184,-0.0009991340002557525,-12.0,0.4173456826022856,12.0,-0.001083381075909558,-4.183448166025414e-05,-4.183448265938814e-05,-8.376887871880185e-05,0.001208976030301318,4.183448166025414e-05
2,0.0024869000000002756,-0.8251659630665138,-0.0009992507224796943,-12.0,0.4110840954570302,12.0,-0.00108436003611892,-4.120833461795099e-05,-4.120833561720171e-05,-8.251659630665139e-05,0.00120807668672164,4.120833461795099e-05
2,0.0024871000000002757,-0.8126418359265803,-0.000999365877169811,-12.0,0.4048218591538767,12.0,-0.001085338498215953,-4.058212250310466e-05,-4.058212350247052e-05,-8.126418359265804e-05,0.001207176649668254,4.058212250310465e-05
2,0.002487300000000276,-0.8001164255455198,-0.000999479464137032,-12.0,0.3985589835817597,12.0,-0.001086316460530923,-3.995584630458967e-05,-3.995584730406914e-05,-8.001164255455198e-05,0.001206275920437802,3.995584630458967e-05
2,0.002487500000000276,-0.7875897517026244,-0.0009995914832121033,-12.0,0.3922954786305792,12.0,-0.001087293921396774,-3.932950701137913e-05,-3.932950801097062e-05,-7.875897517026243e-05,0.00120537450032996,3.932950701137914e-05
2,0.002487700000000276,-0.7750618341792548,-0.0009997019341936308,-12.0,0.3860313541913176,12.0,-0.0010882708791492,-3.870310561255113e-05,-3.870310661225306e-05,-7.750618341792549e-05,0.001204472390647374,3.870310561255113e-05
2,0.002487900000000276,-0.7625326927587097,-0.0009998108169331221,-12.0,0.379766620155847,12.0,-0.001089247332126522,-3.807664309727802e-05,-3.807664409708883e-05,-7.625326927587097e-05,0.001203569592695776,3.807664309727801e-05
2,0.0024881000000002763,-0.7500023472261459,-0.000999918131241978,-12.0,0.3735012864170287,12.0,-0.001090223278669845,-3.745012045482707e-05,-3.74501214547452e-05,-7.500023472261459e-05,0.001202666107783801,3.745012045482708e-05
2,0.0024883000000002764,-0.7374708173687555,-0.001000023876943229,-12.0,0.3672353628687242,12.0,-0.001091198717122932,-3.682353867456674e-05,-3.682353967459062e-05,-7.374708173687555e-05,0.0012017619372231,3.682353867456674e-05
2,0.0024885000000002765,-0.7249381229755186,-0.001000128053888161,-12.0,0.3609688594056465,12.0,-0.001092173645832299,-3.619689874595347e-05,-3.619689974608152e-05,-7.249381229755187e-05,0.001200857082328338,3.619689874595347e-05
2,0.0024887000000002766,-0.7124042838372223,-0.00100023066189639,-12.0,0.35470178592346,12.0,-0.001093148063147149,-3.557020165853565e-05,-3.55702026587663e-05,-7.124042838372223e-05,0.001199951544417176,3.557020165853564e-05
2,0.0024889000000002767,-0.6998693197465464,-0.001000331700806184,-12.0,0.3484341523187469,12.0,-0.001094121967419412,-3.49434484019553e-05,-3.494344940228702e-05,-6.998693197465464e-05,0.001199045324810216,3.49434484019553e-05
2,0.002489100000000277,-0.6873332504979032,-0.001000431170461669,-12.0,0.3421659684889473,12.0,-0.001095095357003729,-3.43166399659409e-05,-3.431664096637208e-05,-6.873332504979031e-05,0.001198138424831088,3.43166399659409e-05
2,0.002489300000000277,-0.6747960958874307,-0.001000529070702999,-12.0,0.3358972443323702,12.0,-0.001096068230257458,-3.368977734030732e-05,-3.368977834083639e-05,-6.747960958874307e-05,0.001197230845806425,3.368977734030732e-05
2,0.002489500000000277,-0.6622578757130244,-0.001000625401369221,-12.0,0.3296279897482043,12.0,-0.001097040585540693,-3.306286151495736e-05,-3.306286251558276e-05,-6.622578757130244e-05,0.001196322589065782,3.306286151495736e-05
2,0.002489700000000277,-0.6497186097742471,-0.001000720162314811,-12.0,0.3233582146364497,12.0,-0.001098012421216286,-3.243589347987645e-05,-3.243589448059662e-05,-6.497186097742472e-05,0.001195413655941731,3.243589347987645e-05
2,0.0024899000000002773,-0.6371783178722934,-0.001000813353384172,-12.0,0.3170879288979369,12.0,-0.001098983735649751,-3.180887422513212e-05,-3.180887522594546e-05,-6.371783178722934e-05,0.001194504047769808,3.180887422513211e-05
2,0.0024901000000002774,-0.6246370198099862,-0.001000904974432754,-12.0,0.3108171424342942,12.0,-0.001099954527209394,-3.11818047408727e-05,-3.118180574177767e-05,-6.246370198099863e-05,0.001193593765888533,3.11818047408727e-05
2,0.0024903000000002775,-0.612094735391758,-0.001000995025307816,-12.0,0.304545865147967,12.0,-0.001100924794266205,-3.055468601732748e-05,-3.055468701832251e-05,-6.12094735391758e-05,0.001192682811639399,3.055468601732748e-05
2,0.0024905000000002776,-0.5995514844236035,-0.001001083505872358,-12.0,0.2982741069421582,12.0,-0.001101894535193954,-2.992751904480306e-05,-2.992752004588656e-05,-5.995514844236035e-05,0.001191771186366843,2.992751904480306e-05
2,0.0024907000000002778,-0.5870072867129704,-0.001001170415990932,-12.0,0.2920018777207947,12.0,-0.001102863748369116,-2.930030481367856e-05,-2.930030581484898e-05,-5.870072867129704e-05,0.001190858891418317,2.930030481367856e-05
2,0.002490900000000278,-0.574462162068888,-0.001001255755506469,-12.0,0.2857291873886267,12.0,-0.001103832432170944,-2.867304431441332e-05,-2.867304531566908e-05,-5.74462162068888e-05,0.001189945928144184,2.867304431441332e-05
2,0.002491100000000278,-0.5619161303018539,-0.001001339524301287,-12.0,0.2794560458510797,12.0,-0.001104800584981386,-2.80457385375381e-05,-2.804573953887764e-05,-5.61916130301854e-05,0.001189032297897821,2.80457385375381e-05
2,0.002491300000000278,-0.5493692112236888,-0.001001421722241463,-12.0,0.273182463014265,12.0,-0.001105768205185185,-2.741838847365064e-05,-2.741838947507237e-05,-5.493692112236888e-05,0.00118811800203553,2.741838847365065e-05
2,0.002491500000000278,-0.5368214246477379,-0.001001502349177397,-12.0,0.2669084487850794,12.0,-0.001106735291169801,-2.679099511342567e-05,-2.679099611492802e-05,-5.368214246477379e-05,0.00118720304191659,2.679099511342567e-05
2,0.0024917000000002783,-0.5242727903886724,-0.001001581405006641,-12.0,0.2606340130710121,12.0,-0.00110770184132546,-2.616355944760189e-05,-2.616356044918329e-05,-5.242727903886724e-05,0.001186287418903229,2.616355944760188e-05
2,0.0024919000000002784,-0.5117233282624578,-0.001001658889584839,-12.0,0.2543591657802628,12.0,-0.001108667854045137,-2.553608246698477e-05,-2.553608346864365e-05,-5.117233282624578e-05,0.001185371134360624,2.553608246698477e-05
2,0.0024921000000002786,-0.4991730580864192,-0.001001734802799303,-12.0,0.2480839168216626,12.0,-0.001109633327724551,-2.490856516244619e-05,-2.490856616418099e-05,-4.991730580864192e-05,0.001184454189656924,2.49085651624462e-05
2,0.0024923000000002787,-0.48662199967915,-0.001001809144519611,-12.0,0.2418082761047042,12.0,-0.001110598260762208,-2.428100852492238e-05,-2.428100952673153e-05,-4.8662199967915e-05,0.0011835365861632,2.428100852492238e-05
2,0.0024925000000002788,-0.4740701728604924,-0.001001881914636876,-12.0,0.2355322535394717,12.0,-0.001111562651559345,-2.365341354541087e-05,-2.365341454729278e-05,-4.740701728604924e-05,0.001182618325253494,2.365341354541086e-05
2,0.002492700000000279,-0.4615175974514644,-0.001001953113032167,-12.0,0.2292558590366528,12.0,-0.001112526498519981,-2.30257812149685e-05,-2.302578221692161e-05,-4.615175974514644e-05,0.001181699408304777,2.30257812149685e-05
2,0.002492900000000279,-0.448964293274315,-0.001002022739587577,-12.0,0.2229791025075488,12.0,-0.001113489800050885,-2.239811252471364e-05,-2.239811352673638e-05,-4.489642932743151e-05,0.001180779836696982,2.239811252471364e-05
2,0.002493100000000279,-0.4364102801524276,-0.001002090794199884,-12.0,0.216701993864006,12.0,-0.001114452554561614,-2.177040846582059e-05,-2.177040946791138e-05,-4.364102801524276e-05,0.001179859611812956,2.17704084658206e-05
2,0.0024933000000002792,-0.4238555779102745,-0.001002157276758286,-12.0,0.2104245430184271,12.0,-0.001115414760464475,-2.114267002951853e-05,-2.114267103167581e-05,-4.238555779102745e-05,0.001178938735038507,2.114267002951853e-05
2,0.0024935000000002793,-0.4113002063734629,-0.001002222187152124,-12.0,0.2041467598837813,12.0,-0.001116376416174559,-2.051489820709336e-05,-2.051489920931554e-05,-4.113002063734629e-05,0.001178017207762363,2.051489820709335e-05
2,0.0024937000000002795,-0.3987441853686416,-0.001002285525286056,-12.0,0.1978686543735365,12.0,-0.001117337520109739,-1.988709398988225e-05,-1.988709499216778e-05,-3.987441853686417e-05,0.001177095031376189,1.988709398988225e-05
2,0.0024939000000002796,-0.3861875347234532,-0.001002347291056388,-12.0,0.1915902364016691,12.0,-0.001118298070690641,-1.925925836927255e-05,-1.925925937161984e-05,-3.861875347234532e-05,0.001176172207274593,1.925925836927255e-05
2,0.0024941000000002797,-0.3736302742665826,-0.001002407484360313,-12.0,0.185311515882676,12.0,-0.001119258066340702,-1.863139233670363e-05,-1.863139333911112e-05,-3.736302742665826e-05,0.001175248736855098,1.863139233670363e-05
2,0.00249430000000028,-0.3610724238276729,-0.001002466105107708,-12.0,0.1790325027315139,12.0,-0.001120217505486115,-1.800349688366216e-05,-1.800349788612826e-05,-3.610724238276729e-05,0.001174324621518164,1.800349688366216e-05
2,0.00249450000000028,-0.3485140032372527,-0.001002523153207424,-12.0,0.1727532068635837,12.0,-0.001121176386555876,-1.737557300167911e-05,-1.737557400420226e-05,-3.485140032372527e-05,0.001173399862667155,1.737557300167911e-05
2,0.00249470000000028,-0.3359550323267545,-0.001002578628565995,-12.0,0.166473638194742,12.0,-0.00112213470798175,-1.67476216823308e-05,-1.674762268490942e-05,-3.359550323267545e-05,0.0011724744617084,1.67476216823308e-05
2,0.00249490000000028,-0.3233955309285637,-0.001002632531084929,-12.0,0.1601938066413291,12.0,-0.00112309246819832,-1.611964391724141e-05,-1.611964491987394e-05,-3.233955309285637e-05,0.001171548420051086,1.611964391724141e-05
2,0.0024951000000002803,-0.3108355188758372,-0.001002684860699446,-12.0,0.1539137221200209,12.0,-0.001124049665642919,-1.549164069807203e-05,-1.549164170075689e-05,-3.108355188758372e-05,0.001170621739107383,1.549164069807203e-05
2,0.0024953000000002804,-0.2982750160025024,-0.001002735617311484,-12.0,0.1476333945479278,12.0,-0.001125006298755714,-1.486361301652393e-05,-1.486361401925955e-05,-2.982750160025024e-05,0.001169694420292329,1.486361301652393e-05
2,0.0024955000000002805,-0.2857140421433457,-0.001002784800841761,-12.0,0.1413528338425622,12.0,-0.001125962365979651,-1.42355618643404e-05,-1.42355628671252e-05,-2.857140421433457e-05,0.001168766465023889,1.42355618643404e-05
2,0.0024957000000002806,-0.2731526171338566,-0.001002832411217569,-12.0,0.1350720499217778,12.0,-0.001126917865760477,-1.360748823329954e-05,-1.360748923613195e-05,-2.731526171338567e-05,0.001167837874722941,1.360748823329954e-05
2,0.0024959000000002807,-0.2605907608102149,-0.001002878448361402,-12.0,0.1287910527037809,12.0,-0.00112787279654674,-1.297939311521422e-05,-1.297939411809268e-05,-2.605907608102149e-05,0.001166908650813273,1.297939311521423e-05
2,0.002496100000000281,-0.2480284930093256,-0.001002922912195045,-12.0,0.1225098521071411,12.0,-0.001128827156789794,-1.235127750193362e-05,-1.235127850485653e-05,-2.480284930093256e-05,0.001165978794721575,1.235127750193362e-05
2,0.002496300000000281,-0.2354658335687279,-0.001002965802655464,-12.0,0.1162284580507227,12.0,-0.00112978094494379,-1.172314238533782e-05,-1.172314338830362e-05,-2.354658335687279e-05,0.001165048307877441,1.172314238533782e-05
2,0.002496500000000281,-0.2229028023265613,-0.001003007119670107,-12.0,0.1099468804537043,12.0,-0.001130734159465704,-1.109498875733744e-05,-1.109498976034456e-05,-2.229028023265614e-05,0.001164117191713365,1.109498875733744e-05
2,0.002496700000000281,-0.2103394191215587,-0.001003046863176871,-12.0,0.1036651292355454,12.0,-0.001131686798815309,-1.046681760987223e-05,-1.046681861291909e-05,-2.103394191215587e-05,0.001163185447664744,1.046681760987223e-05
2,0.0024969000000002813,-0.1977757037930308,-0.001003085033105797,-12.0,0.0973832143160064,12.0,-0.001132638861455197,-9.838629934911218e-06,-9.838630937996252e-06,-1.977757037930308e-05,0.001162253077169868,9.83862993491122e-06
2,0.0024971000000002814,-0.1852116761808169,-0.001003121629402477,-12.0,0.09110114561508842,12.0,-0.001133590345850775,-9.210426724449093e-06,-9.21042772757072e-06,-1.852116761808169e-05,0.001161320081669926,9.210426724449089e-06
2,0.0024973000000002815,-0.1726473561251764,-0.001003156652014517,-12.0,0.08481893305299991,12.0,-0.001134541250470272,-8.582208970501441e-06,-8.582209973658095e-06,-1.726473561251764e-05,0.00116038646260899,8.582208970501443e-06
2,0.0024975000000002816,-0.160082763466916,-0.001003190100867073,-12.0,0.07853658655025639,12.0,-0.001135491573784734,-7.953977665112343e-06,-7.953978668302448e-06,-1.60082763466916e-05,0.001159452221434024,7.953977665112346e-06
2,0.0024977000000002817,-0.1475179180472793,-0.001003221975925526,-12.0,0.07225411602753162,12.0,-0.001136441314268018,-7.325733800345715e-06,-7.325734803567689e-06,-1.475179180472793e-05,0.001158517359594897,7.325733800345716e-06
2,0.002497900000000282,-0.1349528397077983,-0.00100325227713851,-12.0,0.0659715314056686,12.0,-0.001137390470396829,-6.69747836828071e-06,-6.697479371532988e-06,-1.349528397077983e-05,0.001157581878544337,6.69747836828071e-06
2,0.002498100000000282,-0.1223875482904964,-0.001003281004439298,-12.0,0.05968884260577922,12.0,-0.001138339040650688,-6.069212361021851e-06,-6.069213364302856e-06,-1.223875482904964e-05,0.001156645779737966,6.069212361021852e-06
2,0.002498300000000282,-0.1098220636376897,-0.001003308157808046,-12.0,0.0534060595490512,12.0,-0.001139287023511943,-5.440936770685923e-06,-5.440937773994083e-06,-1.098220636376897e-05,0.001155709064634289,5.440936770685925e-06
2,0.002498500000000282,-0.09725640559194326,-0.001003333737185148,-12.0,0.04712319215685654,12.0,-0.001140234417465778,-4.812652589404171e-06,-4.812653592737906e-06,-9.725640559194326e-06,0.001154771734694685,4.812652589404169e-06
2,0.0024987000000002823,-0.08469059399618763,-0.001003357742532129,-12.0,0.04084025035071819,12.0,-0.001141181221000214,-4.184360809325033e-06,-4.184361812682775e-06,-8.469059399618763e-06,0.001153833791383411,4.184360809325033e-06
2,0.0024989000000002824,-0.07212464869355194,-0.001003380173816154,-12.0,0.03455724405225,12.0,-0.001142127432606099,-3.556062422606615e-06,-3.556063425986789e-06,-7.212464869355194e-06,0.001152895236167596,3.556062422606615e-06
2,0.0024991000000002825,-0.05955858952736747,-0.001003401030997948,-12.0,0.0282741831831765,12.0,-0.001143073050777137,-2.927758421417445e-06,-2.927759424818476e-06,-5.955858952736748e-06,0.00115195607051724,2.927758421417445e-06
2,0.0024993000000002826,-0.0469924363411491,-0.0010034203140479,-12.0,0.02199107766529956,12.0,-0.001144018074009861,-2.299449797934745e-06,-2.29945080135506e-06,-4.699243634114911e-06,0.001151016295905211,2.299449797934746e-06
2,0.0024995000000002827,-0.03442620897858259,-0.001003438022928602,-12.0,0.01570793742051816,12.0,-0.00114496250080365,-1.671137544344676e-06,-1.6711385477827e-06,-3.442620897858259e-06,0.001150075913807245,1.671137544344676e-06
2,0.002499700000000283,-0.02185992728346342,-0.001003454157620425,-12.0,0.0094247723707595,12.0,-0.001145906329660733,-1.04282265283799e-06,-1.04282365629215e-06,-2.185992728346343e-06,0.001149134925701942,1.042822652837993e-06
2,0.002499900000000283,-0.009293611099638966,-0.001003468718094911,-12.0,0.003141592437989935,12.0,-0.001146849559086186,-4.145061156084846e-07,-4.145071190772028e-07,-9.293611099638966e-07,0.00114819333307076,4.145061156084847e-07
2,0.002500100000000283,0.00327271972894021,-0.001003481704324582,-12.0,-0.003141592455774022,12.0,-0.001147792187587935,2.138110751449455e-07,2.138100716632396e-07,3.27271972894021e-07,0.00114725113739802,-2.138110751449441e-07
2,0.002500300000000283,0.0158390453583179,-0.001003493116296375,-12.0,-0.009424772388534676,12.0,-0.001148734213676762,8.421279272238306e-07,8.421269237307138e-07,1.58390453583179e-06,0.0011463083401709,-8.421279272238302e-07
2,0.0025005000000002833,0.02840534594457574,-0.001003502953989835,-12.0,-0.01570793743830216,12.0,-0.001149675635866304,1.470443448431232e-06,1.470442444928279e-06,2.840534594457574e-06,0.00114536494287943,-1.470443448431233e-06
2,0.0025007000000002834,0.04097160164378855,-0.001003511217384684,-12.0,-0.02199107768308348,12.0,-0.001150616452673054,2.09875664656988e-06,2.098755643058662e-06,4.097160164378855e-06,0.001144420947016494,-2.098756646569879e-06
2,0.0025009000000002835,0.05353779261210578,-0.001003517906473728,-12.0,-0.02827418320094255,12.0,-0.001151556662616367,2.727066529446883e-06,2.727065525928976e-06,5.353779261210578e-06,0.001143476354077827,-2.727066529446882e-06
2,0.0025011000000002837,0.0661038990058264,-0.001003523021248325,-12.0,-0.0345572440700159,12.0,-0.001152496264218465,3.355372104876757e-06,3.355371101353737e-06,6.610389900582641e-06,0.001142531165562007,-3.355372104876757e-06
2,0.0025013000000002838,0.07866990098137747,-0.00100352656169822,-12.0,-0.04084025036850168,12.0,-0.001153435256004431,3.983672380680346e-06,3.983671377153784e-06,7.866990098137748e-06,0.001141585382970459,-3.983672380680346e-06
2,0.002501500000000284,0.09123577869526932,-0.00100352852780735,-12.0,-0.04712319217463096,12.0,-0.001154373636502214,4.611966364682359e-06,4.611965361153833e-06,9.123577869526933e-06,0.001140639007807456,-4.611966364682361e-06
2,0.002501700000000284,0.1038015123042726,-0.001003528919594009,-12.0,-0.05340605956681652,12.0,-0.001155311404242636,5.240253064722251e-06,5.240252061193332e-06,1.038015123042726e-05,0.001139692041580106,-5.240253064722251e-06
2,0.002501900000000284,0.1163670819654235,-0.001003527737042681,-12.0,-0.05968884262355317,12.0,-0.001156248557759392,5.868531488651052e-06,5.868530485123311e-06,1.163670819654236e-05,0.001138744485798353,-5.86853148865105e-06
2,0.0025021000000002842,0.1289324678359313,-0.001003524980157135,-12.0,-0.06597153142345114,12.0,-0.00115718509558905,6.496800644329402e-06,6.49679964080442e-06,1.289324678359313e-05,0.001137796341974983,-6.496800644329401e-06
2,0.0025023000000002843,0.1414976500733376,-0.001003520648947209,-12.0,-0.0722541160452961,12.0,-0.00115812101627105,7.125059539634887e-06,7.12505853611424e-06,1.414976500733376e-05,0.001136847611625615,-7.125059539634889e-06
2,0.0025025000000002844,0.1540626088355265,-0.001003514743418407,-12.0,-0.07853658656803827,12.0,-0.001159056318347729,7.753307182461986e-06,7.753306178947246e-06,1.540626088355265e-05,0.001135898296268688,-7.753307182461988e-06
2,0.0025027000000002846,0.1666273242806919,-0.001003507263575232,-12.0,-0.08481893307078144,12.0,-0.001159991000364281,8.381542580720621e-06,8.381541577213358e-06,1.666273242806919e-05,0.001134948397425485,-8.381542580720621e-06
2,0.0025029000000002847,0.1791917765674267,-0.001003498209437556,-12.0,-0.0911011456328518,12.0,-0.0011609250608688,9.009764742341423e-06,9.009763738843213e-06,1.791917765674267e-05,0.001133997916620107,-9.009764742341424e-06
2,0.002503100000000285,0.1917559458547705,-0.00100348758101737,-12.0,-0.0973832143337871,12.0,-0.001161858498412266,9.637972675276973e-06,9.637971671789392e-06,1.917559458547705e-05,0.001133046855379476,-9.637972675276975e-06
2,0.002503300000000285,0.204319812302162,-0.001003475378327276,-12.0,-0.1036651292533257,12.0,-0.001162791311548542,1.026616538749984e-05,1.026616438402446e-05,2.04319812302162e-05,0.001132095215233343,-1.026616538749984e-05
2,0.002503500000000285,0.2168833560695356,-0.001003461601394265,-12.0,-0.1099468804714752,12.0,-0.00116372349883438,1.089434188700809e-05,1.089434088354649e-05,2.168833560695356e-05,0.001131142997714276,-1.089434188700809e-05
2,0.002503700000000285,0.2294465573173406,-0.001003446250234311,-12.0,-0.1162284580684843,12.0,-0.001164655058829431,1.1522501181825e-05,1.152250017837875e-05,2.294465573173406e-05,0.001130190204357659,-1.1522501181825e-05
2,0.0025039000000002852,0.2420093962066014,-0.001003429324883967,-12.0,-0.1225098521249199,12.0,-0.001165585990096252,1.215064228000359e-05,1.215064127657427e-05,2.420093962066014e-05,0.001129236836701681,-1.215064228000359e-05
2,0.0025041000000002854,0.2545718528988541,-0.001003410825349174,-12.0,-0.1287910527215591,12.0,-0.001166516291200266,1.277876418962099e-05,1.277876318621017e-05,2.545718528988541e-05,0.001128282896287362,-1.277876418962099e-05
2,0.0025043000000002855,0.2671339075562242,-0.001003390751678684,-12.0,-0.1350720499395377,12.0,-0.001167445960709834,1.34068659187859e-05,1.340686491539515e-05,2.671339075562243e-05,0.001127328384658514,-1.34068659187859e-05
2,0.0025045000000002856,0.2796955403415844,-0.001003369103903973,-12.0,-0.1413528338603392,12.0,-0.00116837499719619,1.403494647564352e-05,1.403494547227442e-05,2.796955403415844e-05,0.001126373303361768,-1.403494647564352e-05
2,0.0025047000000002857,0.2922567314183501,-0.001003345882040929,-12.0,-0.1476333945656952,12.0,-0.001169303399233488,1.466300486836543e-05,1.466300386501955e-05,2.922567314183501e-05,0.001125417653946555,-1.466300486836543e-05
2,0.002504900000000286,0.3048174609506774,-0.001003321086152795,-12.0,-0.1539137221377788,12.0,-0.001170231165398791,1.52910401051626e-05,1.529103910184151e-05,3.048174609506774e-05,0.001124461437965109,-1.52910401051626e-05
2,0.002505100000000286,0.3173777091035085,-0.001003294716262551,-12.0,-0.1601938066590952,12.0,-0.001171158294272057,1.591905119428327e-05,1.591905019098855e-05,3.173777091035085e-05,0.00112350465697246,-1.591905119428327e-05
2,0.002505300000000286,0.329937456042453,-0.001003266772414635,-12.0,-0.1664736382125162,12.0,-0.001172084784436176,1.654703714401016e-05,1.654703614074338e-05,3.29937456042453e-05,0.001122547312526447,-1.654703714401016e-05
2,0.002505500000000286,0.342496681933957,-0.001003237254658937,-12.0,-0.1727532068813394,12.0,-0.001173010634476935,1.717499696266805e-05,1.71749959594308e-05,3.424966819339571e-05,0.001121589406187687,-1.717499696266805e-05
2,0.0025057000000002863,0.3550553669453089,-0.001003206163041059,-12.0,-0.1790325027492777,12.0,-0.001173935842983045,1.780292965862366e-05,1.78029286554175e-05,3.550553669453089e-05,0.001120630939519602,-1.780292965862366e-05
2,0.0025059000000002864,0.3676134912446087,-0.001003173497605703,-12.0,-0.1853115159004479,12.0,-0.001174860408546131,1.843083424028422e-05,1.843083323711072e-05,3.676134912446087e-05,0.001119671914088419,-1.843083424028422e-05
2,0.0025061000000002865,0.3801710350008564,-0.001003139258412916,-12.0,-0.1915902364194402,12.0,-0.001175784329760746,1.905870971610273e-05,1.905870871296347e-05,3.801710350008564e-05,0.001118712331463118,-1.905870971610273e-05
2,0.0025063000000002866,0.392727978383988,-0.001003103445512882,-12.0,-0.1978686543912977,12.0,-0.001176707605224359,1.968655509457849e-05,1.968655409147505e-05,3.92727978383988e-05,0.001117752193215492,-1.968655509457849e-05
2,0.0025065000000002867,0.4052843015648801,-0.001003066058966662,-12.0,-0.2041467599015506,12.0,-0.001177630233537386,2.03143693842584e-05,2.031436838119234e-05,4.052843015648801e-05,0.001116791500920103,-2.03143693842584e-05
2,0.002506700000000287,0.4178399847153675,-0.001003027098827075,-12.0,-0.2104245430361954,12.0,-0.001178552213303135,2.094215159373683e-05,2.094215059070973e-05,4.178399847153676e-05,0.001115830256154301,-2.094215159373683e-05
2,0.002506900000000287,0.4303950080083032,-0.001002986565164871,-12.0,-0.2167019938817645,12.0,-0.001179473543127866,2.156990073165997e-05,2.15698997286734e-05,4.303950080083032e-05,0.001114868460498217,-2.156990073165997e-05
2,0.002507100000000287,0.4429493516176157,-0.001002944458041832,-12.0,-0.2229791025253152,12.0,-0.001180394221620779,2.219761580672734e-05,2.219761480378288e-05,4.429493516176157e-05,0.00111390611553475,-2.219761580672734e-05
2,0.002507300000000287,0.4555029957182579,-0.001002900777520965,-12.0,-0.2292558590544182,12.0,-0.001181314247393976,2.282529582768972e-05,2.282529482478894e-05,4.55502995718258e-05,0.001112943222849591,-2.282529582768972e-05
2,0.0025075000000002873,0.4680559204862935,-0.00100285552367757,-12.0,-0.2355322535572184,12.0,-0.001182233619062546,2.345293980335408e-05,2.345293880049855e-05,4.680559204862936e-05,0.001111979784031172,-2.345293980335408e-05
2,0.0025077000000002874,0.4806081060989915,-0.00100280869658978,-12.0,-0.2418082761224674,12.0,-0.001183152335244481,2.408054674258776e-05,2.408054573977906e-05,4.806081060989915e-05,0.001111015800670703,-2.408054674258776e-05
2,0.0025079000000002875,0.4931595327346914,-0.001002760296311495,-12.0,-0.2480839168394159,12.0,-0.001184070394560716,2.470811565431045e-05,2.470811465155015e-05,4.931595327346914e-05,0.001110051274362187,-2.470811565431045e-05
2,0.0025081000000002876,0.5057101805729657,-0.001002710322946715,-12.0,-0.2543591657980061,12.0,-0.001184987795635133,2.533564554750594e-05,2.533564454479562e-05,5.057101805729657e-05,0.001109086206702376,-2.533564554750594e-05
2,0.0025083000000002877,0.5182600297946639,-0.001002658776556448,-12.0,-0.2606340130887543,12.0,-0.001185904537094586,2.596313543121979e-05,2.596313442856102e-05,5.182600297946639e-05,0.00110812059929076,-2.596313543121979e-05
2,0.002508500000000288,0.5308090605818439,-0.001002605657233785,-12.0,-0.2669084488028292,12.0,-0.001186820617568841,2.659058431455954e-05,2.659058331195388e-05,5.308090605818439e-05,0.001107154453729619,-2.659058431455954e-05
2,0.002508700000000288,0.5433572531178632,-0.001002550965054166,-12.0,-0.2731824630320225,12.0,-0.001187736035690629,2.721799120669683e-05,2.721799020414587e-05,5.433572531178632e-05,0.001106187771623982,-2.721799120669684e-05
2,0.002508900000000288,0.5559045875873997,-0.001002494700114265,-12.0,-0.2794560458688182,12.0,-0.001188650790095648,2.78453551168704e-05,2.78453541143757e-05,5.559045875873997e-05,0.001105220554581621,-2.78453551168704e-05
2,0.002509100000000288,0.5684510441765239,-0.001002436862500788,-12.0,-0.2857291874063817,12.0,-0.001189564879422528,2.847267505438809e-05,2.847267405195124e-05,5.68451044176524e-05,0.001104252804213075,-2.847267505438809e-05
2,0.0025093000000002883,0.5809966030726428,-0.001002377452301639,-12.0,-0.2920018777385484,12.0,-0.001190478302312874,2.909995002862467e-05,2.909994902624722e-05,5.809966030726428e-05,0.001103284522131633,-2.909995002862467e-05
2,0.0025095000000002884,0.5935412444645985,-0.001002316469619263,-12.0,-0.2982741069598929,12.0,-0.001191391057411242,2.972717904902737e-05,2.972717804671089e-05,5.935412444645986e-05,0.001102315709953304,-2.972717904902737e-05
2,0.0025097000000002885,0.606084948542712,-0.001002253914548612,-12.0,-0.3045458651657181,12.0,-0.001192303143365159,3.035436112511694e-05,3.035436012286304e-05,6.06084948542712e-05,0.001101346369296881,-3.035436112511695e-05
2,0.0025099000000002886,0.6186276954987378,-0.001002189787184776,-12.0,-0.3108171424520439,12.0,-0.001193214558825095,3.098149526648592e-05,3.098149426429613e-05,6.186276954987377e-05,0.001100376501783878,-3.098149526648592e-05
2,0.0025101000000002887,0.6311694655259573,-0.00100212408763789,-12.0,-0.3170879289156764,12.0,-0.001194125302444525,3.160858048280385e-05,3.160857948067976e-05,6.311694655259574e-05,0.001099406109038539,-3.160858048280385e-05
2,0.002510300000000289,0.6437102388192265,-0.001002056816010094,-12.0,-0.3233582146541966,12.0,-0.001195035372879863,3.223561578381864e-05,3.223561478176183e-05,6.437102388192265e-05,0.001098435192687874,-3.223561578381865e-05
2,0.002510500000000289,0.6562499955749267,-0.0010019879724045,-12.0,-0.3296279897659498,12.0,-0.001195944768790487,3.286260017935452e-05,3.286259917736656e-05,6.562499955749268e-05,0.001097463754361608,-3.286260017935453e-05
2,0.002510700000000289,0.6687887159910623,-0.001001917556938237,-12.0,-0.3358972443501141,12.0,-0.001196853488838773,3.348953267931758e-05,3.348953167740003e-05,6.687887159910624e-05,0.001096491795692205,-3.348953267931758e-05
2,0.002510900000000289,0.6813263802672791,-0.001001845569717774,-12.0,-0.342165968506672,12.0,-0.001197761531690066,3.411641229369541e-05,3.411641129184984e-05,6.813263802672792e-05,0.00109551931831485,-3.411641229369542e-05
2,0.0025111000000002893,0.693862968604926,-0.001001772010869761,-12.0,-0.3484341523364878,12.0,-0.001198668896012695,3.474323803256181e-05,3.474323703078979e-05,6.938629686049261e-05,0.001094546323867462,-3.47432380325618e-05
2,0.0025113000000002894,0.7063984612069775,-0.001001696880488567,-12.0,-0.3547017859411905,12.0,-0.001199575580477945,3.537000890607019e-05,3.53700079043733e-05,7.063984612069776e-05,0.001093572813990709,-3.537000890607019e-05
2,0.0025115000000002895,0.7189328382781648,-0.001001620178721546,-12.0,-0.3609688594233665,12.0,-0.001200481583760092,3.59967239244645e-05,3.599672292284431e-05,7.189328382781649e-05,0.001092598790327949,-3.599672392446449e-05
2,0.0025117000000002897,0.7314660800250425,-0.001001541905674003,-12.0,-0.3672353628864514,12.0,-0.001201386904536431,3.662338209807774e-05,3.662338109653583e-05,7.314660800250425e-05,0.001091624254525241,-3.662338209807774e-05
2,0.0025119000000002898,0.7439981666558646,-0.00100146206147339,-12.0,-0.3735012864347631,12.0,-0.001202291541487203,3.724998243732897e-05,3.72499814358669e-05,7.439981666558646e-05,0.001090649208231431,-3.724998243732897e-05
2,0.00251210000000029,0.7565290783807544,-0.001001380646252215,-12.0,-0.379766620173562,12.0,-0.001203195493295652,3.787652395273098e-05,3.787652295135034e-05,7.565290783807545e-05,0.001089673653098026,-3.787652395273098e-05
2,0.00251230000000029,0.7690587954117106,-0.001001297660138512,-12.0,-0.3860313542090398,12.0,-0.00120409875864802,3.850300565489012e-05,3.850300465359245e-05,7.690587954117107e-05,0.001088697590779272,-3.850300565489013e-05
2,0.00251250000000029,0.7815872979625742,-0.001001213103260234,-12.0,-0.3922954786483085,12.0,-0.001205001336233531,3.912942655450483e-05,3.912942555329172e-05,7.815872979625742e-05,0.0010877210229321,-3.912942655450483e-05
2,0.0025127000000002902,0.79411456624912,-0.00100112697575977,-12.0,-0.3985589835994695,12.0,-0.001205903224744412,3.975578566237097e-05,3.975578466124399e-05,7.941145662491201e-05,0.00108674395121619,-3.975578566237098e-05
2,0.0025129000000002903,0.8066405804890908,-0.001001039277770288,-12.0,-0.4048218591715936,12.0,-0.001206804422875886,4.038208198938233e-05,4.038208098834306e-05,8.066405804890909e-05,0.001085766377293872,-4.038208198938233e-05
2,0.0025131000000002904,0.8191653209022027,-0.001000950009435175,-12.0,-0.4110840954747542,12.0,-0.001207704929326203,4.100831454653191e-05,4.10083135455819e-05,8.191653209022028e-05,0.001084788302830236,-4.10083145465319e-05
2,0.0025133000000002906,0.8316887677101611,-0.001000859170890267,-12.0,-0.4173456826200076,12.0,-0.001208604742796562,4.163448234491173e-05,4.163448134405257e-05,8.316887677101611e-05,0.00108380972949302,-4.163448234491173e-05
2,0.0025135000000002907,0.8442109011367223,-0.001000766762288885,-12.0,-0.423606610719462,12.0,-0.001209503861991187,4.226058439571732e-05,4.226058339495056e-05,8.442109011367223e-05,0.001082830658952746,-4.226058439571732e-05
2,0.002513700000000291,0.8567317014077501,-0.001000672783775636,-12.0,-0.4298668698862663,12.0,-0.001210402285617349,4.288661971024906e-05,4.288661870957628e-05,8.567317014077502e-05,0.001081851092882523,-4.288661971024907e-05
2,0.002513900000000291,0.8692511487511648,-0.001000577235495959,-12.0,-0.4361264502345988,12.0,-0.001211300012385293,4.35125872999103e-05,4.351258629933304e-05,8.692511487511648e-05,0.00108087103295821,-4.351258729991028e-05
2,0.002514100000000291,0.8817692233970293,-0.00100048011760806,-12.0,-0.4423853418797279,12.0,-0.001212197041008264,4.413848617621199e-05,4.413848517573187e-05,8.817692233970294e-05,0.001079890480858367,-4.413848617621199e-05
2,0.002514300000000291,0.8942859055776434,-0.001000381430272479,-12.0,-0.4486435349380447,12.0,-0.001213093370202555,4.476431535077722e-05,4.47643143503958e-05,8.942859055776435e-05,0.001078909438264233,-4.476431535077722e-05
2,0.0025145000000002912,0.9068011755274084,-0.001000281173626105,-12.0,-0.4549010195269551,12.0,-0.001213988998687458,4.539007383533291e-05,4.539007283505172e-05,9.068011755274084e-05,0.001077927906859698,-4.539007383533291e-05
2,0.0025147000000002914,0.9193150134829913,-0.001000179347855346,-12.0,-0.4611577857650722,12.0,-0.001214883925185276,4.601576064172168e-05,4.601575964154234e-05,9.193150134829914e-05,0.001076945888331404,-4.601576064172169e-05
2,0.0025149000000002915,0.9318273996833906,-0.001000075953107971,-12.0,-0.4674138237721168,12.0,-0.001215778148421318,4.66413747819009e-05,4.664137378182493e-05,9.318273996833906e-05,0.00107596338436864,-4.664137478190089e-05
2,0.0025151000000002916,0.944338314369766,-0.0009999709895426867,-12.0,-0.473669123668907,12.0,-0.001216671667124011,4.726691526793643e-05,4.726691426796544e-05,9.443383143697661e-05,0.00107498039666331,-4.726691526793643e-05
2,0.0025153000000002917,0.956847737785682,-0.0009998644573465665,-12.0,-0.4799236755775055,12.0,-0.001217564480024649,4.78923811120159e-05,4.789238011215143e-05,9.56847737785682e-05,0.001073996926910126,-4.78923811120159e-05
2,0.002515500000000292,0.9693556501770776,-0.0009997563566734868,-12.0,-0.4861774696211125,12.0,-0.001218456585857688,4.851777132644391e-05,4.851777032668755e-05,9.693556501770776e-05,0.001073012976806363,-4.851777132644391e-05
2,0.002515700000000292,0.9818620317922343,-0.0009996466877055799,-12.0,-0.4924304959241424,12.0,-0.001219347983360548,4.914308492364369e-05,4.9143083923997e-05,9.818620317922343e-05,0.00107202854805203,-4.914308492364369e-05
2,0.002515900000000292,0.9943668628818553,-0.0009995354506088239,-12.0,-0.4986827446121953,12.0,-0.001220238671273709,4.976832091615866e-05,4.976831991662321e-05,9.943668628818553e-05,0.001071043642349764,-4.976832091615865e-05
2,0.002516100000000292,1.00687012369909,-0.000999422645569903,-12.0,-0.5049342058121262,12.0,-0.001221128648340675,5.039347831665564e-05,5.039347731723298e-05,0.000100687012369909,0.001070058261404883,-5.039347831665564e-05
2,0.0025163000000002923,1.019371794499604,-0.0009993082727655644,-12.0,-0.5111848696520331,12.0,-0.001222017913307963,5.101855613792675e-05,5.101855513861848e-05,0.0001019371794499604,0.001069072406925407,-5.101855613792677e-05
2,0.0025165000000002924,1.031871855541526,-0.0009991923323740548,-12.0,-0.5174347262612473,12.0,-0.001222906464925171,5.164355339288733e-05,5.1643552393695e-05,0.0001031871855541526,0.001068086080621956,-5.164355339288733e-05
2,0.0025167000000002925,1.044370287085542,-0.0009990748245875536,-12.0,-0.5236837657704007,12.0,-0.001223794301944886,5.22684690945813e-05,5.226846809550648e-05,0.0001044370287085542,0.001067099284207861,-5.226846909458132e-05
2,0.0025169000000002926,1.056867069394942,-0.0009989557495915236,-12.0,-0.5299319783114158,12.0,-0.001224681423122806,5.289330225618243e-05,5.289330125722668e-05,0.0001056867069394942,0.001066112019399053,-5.289330225618243e-05
2,0.0025171000000002927,1.069362182735574,-0.0009988351075709279,-12.0,-0.5361793540174946,12.0,-0.001225567827217625,5.351805189099238e-05,5.351805089215727e-05,0.0001069362182735574,0.001065124287914179,-5.351805189099237e-05
2,0.002517300000000293,1.081855607375926,-0.0009987128987238858,-12.0,-0.542425883023178,12.0,-0.001226453512991103,5.414271701244541e-05,5.414271601373251e-05,0.0001081855607375926,0.001064136091474474,-5.414271701244541e-05
2,0.002517500000000293,1.094347323587198,-0.000998589123247684,-12.0,-0.5486715554643617,12.0,-0.001227338479208015,5.476729663411142e-05,5.476729563552229e-05,0.0001094347323587198,0.001063147431803899,-5.476729663411141e-05
2,0.002517700000000293,1.106837311643285,-0.000998463781336889,-12.0,-0.5549163614782854,12.0,-0.001228222724636206,5.539178976969485e-05,5.539178877123108e-05,0.0001106837311643285,0.001062158310629023,-5.539178976969486e-05
2,0.002517900000000293,1.119325551820725,-0.0009983368731815712,-12.0,-0.5611602912035037,12.0,-0.001229106248046605,5.601619543303224e-05,5.601619443469535e-05,0.0001119325551820726,0.001061168729679027,-5.601619543303223e-05
2,0.0025181000000002933,1.131812024398887,-0.000998208399004663,-12.0,-0.5674033347800347,12.0,-0.001229989048213191,5.6640512638103e-05,5.664051163989461e-05,0.0001131812024398887,0.001060178690685774,-5.664051263810301e-05
2,0.0025183000000002934,1.144296709659963,-0.0009980783589968456,-12.0,-0.5736454823492605,12.0,-0.001230871123912972,5.726474039902638e-05,5.7264739400948e-05,0.0001144296709659963,0.001059188195383753,-5.726474039902636e-05
2,0.0025185000000002935,1.156779587888885,-0.0009979467533667297,-12.0,-0.5798867240539602,12.0,-0.001231752473926033,5.788887773005934e-05,5.788887673211261e-05,0.0001156779587888885,0.001058197245510074,-5.788887773005936e-05
2,0.0025187000000002936,1.169260639373479,-0.0009978135823299206,-12.0,-0.5861270500383703,12.0,-0.001232633097035495,5.851292364560405e-05,5.851292264779047e-05,0.000116926063937348,0.001057205842804547,-5.851292364560404e-05
2,0.0025189000000002937,1.181739844404478,-0.0009976788460968056,-12.0,-0.5923664504481729,12.0,-0.001233512992027591,5.913687716020762e-05,5.913687616252876e-05,0.0001181739844404478,0.001056213989009541,-5.913687716020762e-05
2,0.002519100000000294,1.194217183275487,-0.000997542544877661,-12.0,-0.5986049154304856,12.0,-0.001234392157691569,5.976073728856079e-05,5.976073629101825e-05,0.0001194217183275487,0.001055221685870064,-5.976073728856079e-05
2,0.002519300000000294,1.206692636283073,-0.0009974046788975843,-12.0,-0.6048424351339294,12.0,-0.001235270592819832,6.038450304550319e-05,6.038450204809851e-05,0.0001206692636283073,0.001054228935133787,-6.038450304550319e-05
2,0.002519500000000294,1.21916618372681,-0.0009972652483737354,-12.0,-0.6110789997086182,12.0,-0.001236148296207717,6.100817344602445e-05,6.100817244875921e-05,0.0001219166183726811,0.001053235738550977,-6.100817344602445e-05
2,0.002519700000000294,1.231637805909238,-0.0009971242535239955,-12.0,-0.6173145993061475,12.0,-0.001237025266653757,6.163174750526235e-05,6.16317465081381e-05,0.0001231637805909238,0.001052242097874564,-6.163174750526235e-05
2,0.0025199000000002943,1.24410748313595,-0.0009969816945808452,-12.0,-0.6235492240796634,12.0,-0.001237901502959521,6.225522423850826e-05,6.225522324152655e-05,0.000124410748313595,0.001051248014860028,-6.225522423850826e-05
2,0.0025201000000002944,1.256575195715618,-0.000996837571765552,-12.0,-0.6297828641838333,12.0,-0.001238777003929617,6.287860266120679e-05,6.28786016643692e-05,0.0001256575195715618,0.001050253491265515,-6.287860266120678e-05
2,0.0025203000000002945,1.269040923960052,-0.000996691885319645,-12.0,-0.6360155097749242,12.0,-0.001239651768371819,6.350188178896045e-05,6.350188079226859e-05,0.0001269040923960052,0.001049258528851731,-6.350188178896045e-05
2,0.0025205000000002946,1.281504648184131,-0.000996544635454455,-12.0,-0.6422471510106936,12.0,-0.00124052579509687,6.412506063752392e-05,6.412505964097929e-05,0.0001281504648184131,0.001048263129382117,-6.412506063752392e-05
2,0.0025207000000002948,1.293966348705888,-0.0009963958224241676,-12.0,-0.6484777780505384,12.0,-0.001241399082918718,6.474813822281144e-05,6.474813722641561e-05,0.0001293966348705888,0.001047267294622574,-6.474813822281142e-05
2,0.002520900000000295,1.306426005846663,-0.0009962454464649273,-12.0,-0.6547073810554832,12.0,-0.001242271630654296,6.537111356090185e-05,6.537111256465639e-05,0.0001306426005846663,0.001046271026341722,-6.537111356090183e-05
2,0.002521100000000295,1.318883599930899,-0.000996093507798057,-12.0,-0.6609359501880818,12.0,-0.001243143437123659,6.599398566802839e-05,6.599398467193487e-05,0.00013188835999309,0.00104527432631072,-6.599398566802837e-05
2,0.002521300000000295,1.331339111286341,-0.0009959400066917312,-12.0,-0.6671634756126084,12.0,-0.001244014501149998,6.661675356059167e-05,6.661675256465164e-05,0.0001331339111286341,0.001044277196303359,-6.661675356059167e-05
2,0.002521500000000295,1.34379252024409,-0.0009957849433766541,-12.0,-0.6733899474949592,12.0,-0.001244884821559544,6.723941625515826e-05,6.723941525937331e-05,0.000134379252024409,0.001043279638095994,-6.723941625515826e-05
2,0.0025217000000002953,1.356243807138436,-0.0009956283180933556,-12.0,-0.6796153560026413,12.0,-0.001245754397181609,6.78619727684548e-05,6.78619717728265e-05,0.0001356243807138437,0.00104228165346764,-6.786197276845481e-05
2,0.0025219000000002954,1.368692952307104,-0.0009954701311113423,-12.0,-0.6858396913049201,12.0,-0.001246623226848667,6.848442211738088e-05,6.848442112191076e-05,0.0001368692952307104,0.001041283244199845,-6.848442211738088e-05
2,0.0025221000000002955,1.381139936091215,-0.0009953103826667586,-12.0,-0.6920629435727115,12.0,-0.001247491309396276,6.910676331900448e-05,6.910676232369409e-05,0.0001381139936091215,0.001040284412076778,-6.910676331900448e-05
2,0.0025223000000002957,1.393584738835265,-0.0009951490730243928,-12.0,-0.6982851029786598,12.0,-0.001248358643662989,6.972899539056355e-05,6.972899439541449e-05,0.0001393584738835265,0.001039285158885211,-6.972899539056355e-05
2,0.0025225000000002958,1.406027340887196,-0.0009949862024321021,-12.0,-0.7045061596971083,12.0,-0.001249225228490594,7.035111734946763e-05,7.035111635448142e-05,0.0001406027340887196,0.001038285486414492,-7.035111734946762e-05
2,0.002522700000000296,1.418467722598424,-0.0009948217711587826,-12.0,-0.7107261039041681,12.0,-0.001250091062724001,7.097312821330092e-05,7.097312721847916e-05,0.0001418467722598424,0.001037285396456464,-7.097312821330094e-05
2,0.002522900000000296,1.430905864323907,-0.0009946557794638933,-12.0,-0.7169449257777072,12.0,-0.001250956145211035,7.159502699982433e-05,7.159502600516854e-05,0.0001430905864323907,0.001036284890805733,-7.159502699982433e-05
2,0.002523100000000296,1.443341746422092,-0.000994488227607393,-12.0,-0.7231626154973393,12.0,-0.001251820474802892,7.221681272697319e-05,7.221681173248497e-05,0.0001443341746422092,0.001035283971259349,-7.221681272697319e-05
2,0.0025233000000002962,1.455775349255009,-0.000994319115864395,-12.0,-0.7293791632444924,12.0,-0.00125268405035367,7.28384844128628e-05,7.283848341854369e-05,0.000145577534925501,0.00103428263961694,-7.28384844128628e-05
2,0.0025235000000002963,1.468206653188322,-0.0009941484445017412,-12.0,-0.735594559202398,12.0,-0.001253546870720657,7.346004107578965e-05,7.346004008164119e-05,0.0001468206653188322,0.001033280897680802,-7.346004107578963e-05
2,0.0025237000000002965,1.480635638591274,-0.0009939762137871622,-12.0,-0.7418087935560798,12.0,-0.001254408934764306,7.408148173422926e-05,7.408148074025305e-05,0.0001480635638591274,0.001032278747255672,-7.408148173422926e-05
2,0.0025239000000002966,1.493062285836776,-0.000993802424000767,-12.0,-0.7480218564924135,12.0,-0.001255270241348125,7.470280540684127e-05,7.470280441303884e-05,0.0001493062285836776,0.001031276190148978,-7.470280540684127e-05
2,0.0025241000000002967,1.505486575301501,-0.0009936270754258292,-12.0,-0.75423373820016,12.0,-0.001256130789338686,7.532401111247342e-05,7.532401011884634e-05,0.0001505486575301501,0.001030273228170661,-7.532401111247342e-05
2,0.002524300000000297,1.51790848736576,-0.0009934501683228625,-12.0,-0.760444428869866,12.0,-0.001256990577605879,7.594509787015433e-05,7.594509687670415e-05,0.000151790848736576,0.001029269863133217,-7.594509787015431e-05
2,0.002524500000000297,1.530328002413615,-0.0009932717029920157,-12.0,-0.7666539186940123,12.0,-0.00125784960502251,7.656606469910202e-05,7.656606370583032e-05,0.0001530328002413615,0.001028266096851679,-7.656606469910203e-05
2,0.002524700000000297,1.542745100832993,-0.0009930916797139533,-12.0,-0.7728621978669842,12.0,-0.001258707870464629,7.718691061872703e-05,7.718690962563533e-05,0.0001542745100832993,0.001027261931143733,-7.718691061872703e-05
2,0.002524900000000297,1.555159763015601,-0.0009929100987734474,-12.0,-0.7790692565850615,12.0,-0.001259565372811369,7.780763464862883e-05,7.78076336557187e-05,0.0001555159763015601,0.001026257367829533,-7.780763464862881e-05
2,0.0025251000000002972,1.567571969356957,-0.0009927269604572686,-12.0,-0.785275085046434,12.0,-0.001260422110945042,7.842823580859768e-05,7.842823481587073e-05,0.0001567571969356957,0.001025252408731803,-7.842823580859767e-05
2,0.0025253000000002974,1.579981700256482,-0.000992542265063845,-12.0,-0.7914796734512597,12.0,-0.001261278083751011,7.904871311861958e-05,7.904871212607732e-05,0.0001579981700256483,0.001024247055675859,-7.90487131186196e-05
2,0.0025255000000002975,1.592388936117532,-0.0009923560128866082,-12.0,-0.7976830120016559,12.0,-0.001262133290117845,7.966906559887697e-05,7.966906460652092e-05,0.0001592388936117532,0.001023241310489517,-7.966906559887693e-05
2,0.0025257000000002976,1.604793657347359,-0.000992168204216659,-12.0,-0.8038850909016865,12.0,-0.001262987728937251,8.0289292269747e-05,8.028929127757879e-05,0.0001604793657347359,0.001022235175003161,-8.028929226974698e-05
2,0.0025259000000002977,1.617195844357201,-0.0009919788393615292,-12.0,-0.8100859003574311,12.0,-0.001263841399104015,8.090939215180697e-05,8.090939115982813e-05,0.0001617195844357201,0.001021228651049727,-8.090939215180697e-05
2,0.002526100000000298,1.629595477562327,-0.0009917879186207568,-12.0,-0.816285430576974,12.0,-0.001264694299516117,8.152936426583532e-05,8.15293632740474e-05,0.0001629595477562327,0.001020221740464677,-8.152936426583533e-05
2,0.002526300000000298,1.641992537381995,-0.000991595442294102,-12.0,-0.8224836717703933,12.0,-0.001265546429074629,8.214920763280993e-05,8.214920664121448e-05,0.0001641992537381996,0.001019214445086042,-8.214920763280993e-05
2,0.002526500000000298,1.654387004239542,-0.000991401410695758,-12.0,-0.8286806141498289,12.0,-0.001266397786683887,8.27689212739133e-05,8.27689202825119e-05,0.0001654387004239542,0.001018206766754279,-8.276892127391331e-05
2,0.002526700000000298,1.666778858562428,-0.0009912058241329236,-12.0,-0.8348762479294716,12.0,-0.001267248371251223,8.338850421053386e-05,8.338850321932805e-05,0.0001666778858562428,0.001017198707312539,-8.338850421053387e-05
2,0.0025269000000002983,1.679168080782193,-0.0009910086829125753,-12.0,-0.8410705633255524,12.0,-0.001268098181687147,8.400795546426398e-05,8.400795447325529e-05,0.0001679168080782193,0.001016190268606443,-8.400795546426399e-05
2,0.0025271000000002984,1.69155465133455,-0.0009908099873571219,-12.0,-0.8472635505564108,12.0,-0.001268947216905486,8.462727405690539e-05,8.462727306609537e-05,0.000169155465133455,0.00101518145248404,-8.462727405690537e-05
2,0.0025273000000002985,1.703938550659406,-0.0009906097377765377,-12.0,-0.8534551998424655,12.0,-0.001269795475822996,8.52464590104689e-05,8.524645801985916e-05,0.0001703938550659407,0.001014172260796059,-8.52464590104689e-05
2,0.0025275000000002986,1.71631975920092,-0.0009904079345021133,-12.0,-0.8596455014062925,12.0,-0.001270642957359749,8.586550934717904e-05,8.58655083567711e-05,0.000171631975920092,0.001013162695395628,-8.586550934717904e-05
2,0.0025277000000002987,1.728698257407425,-0.0009902045778328317,-12.0,-0.865834445472508,12.0,-0.001271489660438829,8.648442408946753e-05,8.648442309926292e-05,0.0001728698257407425,0.001012152758138499,-8.648442408946752e-05
2,0.002527900000000299,1.741074025731566,-0.0009899996681201895,-12.0,-0.8720220222679597,12.0,-0.001272335583986622,8.710320225998397e-05,8.71032012699843e-05,0.0001741074025731566,0.001011142450882893,-8.710320225998396e-05
2,0.002528100000000299,1.753447044630365,-0.0009897932056753822,-12.0,-0.8782082220216276,12.0,-0.001273180726932638,8.772184288159526e-05,8.772184189180204e-05,0.0001753447044630365,0.00101013177548949,-8.772184288159523e-05
2,0.002528300000000299,1.765817294565059,-0.000989585190822262,-12.0,-0.8843930349646147,12.0,-0.001274025088209493,8.834034497737926e-05,8.83403439877941e-05,0.000176581729456506,0.001009120733821561,-8.834034497737925e-05
2,0.002528500000000299,1.778184756001338,-0.000989375623911104,-12.0,-0.8905764513302918,12.0,-0.001274868666752985,8.895870757063809e-05,8.895870658126244e-05,0.0001778184756001338,0.001008109327744908,-8.895870757063808e-05
2,0.0025287000000002993,1.790549409409323,-0.000989164505262763,-12.0,-0.8967584613542007,12.0,-0.001275711461502183,8.95769296848938e-05,8.957692869572928e-05,0.0001790549409409323,0.001007097559127743,-8.957692968489379e-05
2,0.0025289000000002994,1.802911235263492,-0.0009889518352145243,-12.0,-0.9029390552740859,12.0,-0.001276553471399156,9.019501034388715e-05,9.019500935493532e-05,0.0001802911235263492,0.00100608542984082,-9.019501034388714e-05
2,0.0025291000000002995,1.815270214042824,-0.0009887376141111126,-12.0,-0.9091182233299551,12.0,-0.001277394695389303,9.08129485715844e-05,9.081294758284677e-05,0.0001815270214042824,0.001005072941757473,-9.08129485715844e-05
2,0.0025293000000002996,1.827626326230808,-0.0009885218422905906,-12.0,-0.9152959557640582,12.0,-0.001278235132421063,9.143074339217678e-05,9.143074240365492e-05,0.0001827626326230808,0.00100406009675344,-9.143074339217677e-05
2,0.0025295000000002997,1.839979552315453,-0.000988304520099903,-12.0,-0.9214722428209214,12.0,-0.001279074781446218,9.204839383008216e-05,9.204839284177765e-05,0.0001839979552315453,0.001003046896706966,-9.204839383008216e-05
2,0.0025297000000003,1.852329872789303,-0.0009880856478792222,-12.0,-0.9276470747473267,12.0,-0.001279913641419522,9.266589890994477e-05,9.266589792185911e-05,0.0001852329872789303,0.00100203334349884,-9.266589890994475e-05
2,0.0025299000000003,1.864677268149501,-0.0009878652259854848,-12.0,-0.9338204417923807,12.0,-0.001280751711299016,9.328325765663952e-05,9.328325666877431e-05,0.0001864677268149501,0.001001019439012318,-9.328325765663952e-05
2,0.0025301000000003,1.877021718897838,-0.0009876432547674119,-12.0,-0.9399923342075025,12.0,-0.001281588990046018,9.390046909527352e-05,9.390046810763027e-05,0.0001877021718897838,0.001000005185133143,-9.390046909527351e-05
2,0.0025303000000003,1.889363205540711,-0.0009874197345746127,-12.0,-0.9461627422464146,12.0,-0.001282425476624827,9.451753225118401e-05,9.451753126376428e-05,0.0001889363205540711,0.0009989905837495677,-9.451753225118401e-05
2,0.0025305000000003003,1.901701708589201,-0.000987194665768687,-12.0,-0.9523316561652,12.0,-0.001283261170003075,9.513444614994314e-05,9.513444516274846e-05,0.0001901701708589201,0.0009979756367522324,-9.513444614994314e-05
2,0.0025307000000003004,1.914037208559169,-0.0009869680487143428,-12.0,-0.9584990662223367,12.0,-0.001284096069151586,9.575120981736225e-05,9.575120883039416e-05,0.0001914037208559169,0.0009969603460344284,-9.575120981736224e-05
2,0.0025309000000003005,1.926369685971137,-0.0009867398837539731,-12.0,-0.9646649626785987,12.0,-0.001284930173044249,9.636782227948447e-05,9.636782129274458e-05,0.0001926369685971137,0.0009959447134917504,-9.636782227948447e-05
2,0.0025311000000003006,1.938699121350394,-0.0009865101712693836,-12.0,-0.9708293357972029,12.0,-0.001285763480658272,9.698428256259338e-05,9.698428157608317e-05,0.0001938699121350394,0.0009949287410223745,-9.698428256259335e-05
2,0.0025313000000003008,1.951025495227137,-0.0009862789116263926,-12.0,-0.976992175843797,12.0,-0.001286595990974027,9.760058969321707e-05,9.760058870693815e-05,0.0001951025495227137,0.000993912430526947,-9.760058969321707e-05
2,0.002531500000000301,1.96334878813628,-0.0009860461051751646,-12.0,-0.9831534730863636,12.0,-0.001287427702975047,9.821674269811886e-05,9.821674171207275e-05,0.000196334878813628,0.000992895783908515,-9.821674269811885e-05
2,0.002531700000000301,1.975668980617644,-0.0009858117523121601,-12.0,-0.9893132177954079,12.0,-0.001288258615648047,9.883274060430959e-05,9.883273961849781e-05,0.0001975668980617644,0.000991878803072721,-9.883274060430959e-05
2,0.002531900000000301,1.987986053215991,-0.0009855758533929837,-12.0,-0.9954714002438437,12.0,-0.001289088727983029,9.94485824390451e-05,9.944858145346921e-05,0.0001987986053215991,0.0009908614899275248,-9.944858243904507e-05
2,0.002532100000000301,2.000299986480958,-0.000985338408803993,-12.0,-1.001628010707069,12.0,-0.001289918038973104,0.0001000642672298265,0.0001000642662444881,0.0002000299986480958,0.0009898438463834536,-0.0001000642672298265
2,0.0025323000000003013,2.012610760967145,-0.000985099418914448,-12.0,-1.007783039462938,12.0,-0.001290746547614671,0.0001006797940044024,0.000100679793019303,0.0002012610760967145,0.0009888258743534495,-0.0001006797940044024
2,0.0025325000000003014,2.024918357234138,-0.0009848588841143702,-12.0,-1.013936476791829,12.0,-0.001291574252907199,0.0001012951617907715,0.0001012951608059126,0.0002024918357234138,0.0009878075757529525,-0.0001012951617907715
2,0.0025327000000003016,2.037222755846579,-0.000984616804784011,-12.0,-1.020088312976634,12.0,-0.001292401153853609,0.000101910369617185,0.0001019103686325681,0.0002037222755846579,0.0009867889524997203,-0.000101910369617185
2,0.0025329000000003017,2.049523937374109,-0.00098437318130562,-12.0,-1.026238538302745,12.0,-0.001293227249459808,0.0001025254165121439,0.0001025254155277707,0.0002049523937374109,0.0009857700065141889,-0.0001025254165121439
2,0.0025331000000003018,2.061821882391469,-0.0009841280140743258,-12.0,-1.032387143058126,12.0,-0.001294052538734949,0.0001031403015044052,0.0001031403005202772,0.0002061821882391469,0.0009847507397190841,-0.0001031403015044052
2,0.002533300000000302,2.074116571478539,-0.0009838813034783733,-12.0,-1.0385341175333,12.0,-0.00129487702069149,0.0001037550236229821,0.0001037550226391009,0.0002074116571478539,0.000983731154039602,-0.0001037550236229821
2,0.002533500000000302,2.086407985220294,-0.0009836330499065626,-12.0,-1.044679452021337,12.0,-0.001295700694345009,0.0001043695818971431,0.00010436958091351,0.0002086407985220294,0.0009827112514034508,-0.0001043695818971431
2,0.002533700000000302,2.098696104206899,-0.0009833832537622378,-12.0,-1.050823136817925,12.0,-0.001296523558714416,0.0001049839753564163,0.0001049839743730331,0.0002098696104206899,0.0009816910337406698,-0.0001049839753564163
2,0.0025339000000003022,2.110980909033726,-0.0009831319154369744,-12.0,-1.056965162221338,12.0,-0.001297345612821632,0.0001055982030305901,0.0001055982020474581,0.0002110980909033726,0.0009806705029838936,-0.0001055982030305901
2,0.0025341000000003023,2.123262380301415,-0.0009828790353437755,-12.0,-1.063105518532513,12.0,-0.001298166855692146,0.000106212263949717,0.0001062122629668379,0.0002123262380301415,0.0009796496610679772,-0.0001062122639497169
2,0.0025343000000003025,2.135540498615799,-0.0009826246138621153,-12.0,-1.069244196054939,12.0,-0.001298987286354317,0.0001068261571441077,0.0001068261561614831,0.0002135540498615799,0.0009786285099303849,-0.0001068261571441077
2,0.0025345000000003026,2.147815244588031,-0.0009823686514252028,-12.0,-1.07538118509484,12.0,-0.001299806903839906,0.0001074398816443415,0.0001074398806619728,0.0002147815244588031,0.0009776070515110091,-0.0001074398816443415
2,0.0025347000000003027,2.160086598834662,-0.0009821111484257239,-12.0,-1.081516475961081,12.0,-0.001300625707183839,0.0001080534364812656,0.0001080534354991544,0.0002160086598834662,0.0009765852877520742,-0.0001080534364812655
2,0.002534900000000303,2.172354541977469,-0.0009818521052684659,-12.0,-1.087650058965158,12.0,-0.001301443695424356,0.000108666820685989,0.0001086668197041369,0.0002172354541977469,0.0009755632205982745,-0.0001086668206859889
2,0.002535100000000303,2.184619054643694,-0.0009815915223849725,-12.0,-1.09378192442134,12.0,-0.001302260867602836,0.0001092800332898955,0.000109280032308304,0.0002184619054643694,0.0009745408519967469,-0.0001092800332898955
2,0.002535300000000303,2.19688011746603,-0.0009813294001772555,-12.0,-1.099912062646575,12.0,-0.001303077222763988,0.0001098930733246397,0.0001098930723433103,0.000219688011746603,0.000973518183897043,-0.0001098930733246397
2,0.002535500000000303,2.209137711082533,-0.0009810657390639799,-12.0,-1.10604046396052,12.0,-0.001303892759955655,0.0001105059398221456,0.0001105059388410798,0.0002209137711082533,0.0009724952182510599,-0.0001105059398221456
2,0.0025357000000003032,2.22139181613678,-0.0009808005394708053,-12.0,-1.112167118685602,12.0,-0.001304707478228972,0.0001111186318146131,0.0001111186308338125,0.000222139181613678,0.0009714719570132618,-0.0001111186318146131
2,0.0025359000000003034,2.233642413277878,-0.0009805338018186172,-12.0,-1.118292017147005,12.0,-0.001305521376638336,0.0001117311483345187,0.0001117311473539848,0.0002233642413277878,0.0009704484021403614,-0.0001117311483345187
2,0.0025361000000003035,2.245889483160431,-0.000980265526527524,-12.0,-1.124415149672662,12.0,-0.001306334454241304,0.0001123434884146135,0.0001123434874343479,0.0002245889483160431,0.0009694245555915693,-0.0001123434884146135
2,0.0025363000000003036,2.258133006444624,-0.0009799957140331772,-12.0,-1.130536506593319,12.0,-0.001307146710098711,0.0001129556510879286,0.0001129556501079329,0.0002258133006444625,0.0009684004193285245,-0.0001129556510879286
2,0.0025365000000003037,2.270372963796267,-0.0009797243647606813,-12.0,-1.136656078242518,12.0,-0.001307958143274723,0.0001135676353877758,0.0001135676344080514,0.0002270372963796267,0.0009673759953152256,-0.0001135676353877758
2,0.002536700000000304,2.282609335886789,-0.0009794514791464648,-12.0,-1.142773854956629,12.0,-0.001308768752836559,0.0001141794403477483,0.0001141794393682968,0.0002282609335886789,0.0009663512855180578,-0.0001141794403477483
2,0.002536900000000304,2.294842103393262,-0.0009791770576185188,-12.0,-1.14888982707483,12.0,-0.001309578537854905,0.0001147910650017211,0.0001147910640225441,0.0002294842103393263,0.0009653262919058353,-0.0001147910650017211
2,0.002537100000000304,2.307071246998448,-0.0009789011006202664,-12.0,-1.155003984939165,12.0,-0.001310387497403559,0.0001154025083838545,0.0001154025074049534,0.0002307071246998448,0.0009643010164497728,-0.0001154025083838545
2,0.002537300000000304,2.319296747390898,-0.00097862360859724,-12.0,-1.161116318894581,12.0,-0.001311195630559647,0.0001160137695285984,0.0001160137685499747,0.0002319296747390898,0.0009632754611235,-0.0001160137695285984
2,0.0025375000000003043,2.331518585264836,-0.0009783445819729897,-12.0,-1.167226819288823,12.0,-0.001312002936403489,0.0001166248474706851,0.0001166248464923405,0.0002331518585264836,0.0009622496279029502,-0.000116624847470685
2,0.0025377000000003044,2.343736741320265,-0.0009780640212099234,-12.0,-1.173335476472587,12.0,-0.001312809414018706,0.0001172357412451378,0.0001172357402670737,0.0002343736741320265,0.0009612235187665408,-0.0001172357412451377
2,0.0025379000000003045,2.355951196263104,-0.000977781926755128,-12.0,-1.179442280799504,12.0,-0.001313615062492057,0.0001178464498872749,0.000117846448909493,0.0002355951196263104,0.0009601971356950345,-0.0001178464498872749
2,0.0025381000000003046,2.368161930805002,-0.000977498299039481,-12.0,-1.185547222626044,12.0,-0.00131441988091377,0.0001184569724327004,0.0001184569714552021,0.0002368161930805002,0.0009591704806715673,-0.0001184569724327004
2,0.0025383000000003047,2.380368925663526,-0.000977213138540045,-12.0,-1.191650292311704,12.0,-0.001315223868377208,0.0001190673079173165,0.0001190673069401033,0.0002380368925663526,0.0009581435556816342,-0.0001190673079173164
2,0.002538500000000305,2.392572161562186,-0.0009769264456935822,-12.0,-1.197751480218898,12.0,-0.001316027023978955,0.0001196774553773204,0.000119677454400394,0.0002392572161562186,0.0009571163627132145,-0.0001196774553773204
2,0.002538700000000305,2.404771619230383,-0.000976638220966941,-12.0,-1.203850776713024,12.0,-0.001316829346818926,0.0001202874138492057,0.0001202874128725675,0.0002404771619230383,0.0009560889037565357,-0.0001202874138492057
2,0.002538900000000305,2.416967279403487,-0.0009763484648104281,-12.0,-1.209948172162444,12.0,-0.001317630836000339,0.0001208971823697634,0.0001208971813934149,0.0002416967279403487,0.0009550611808042536,-0.0001208971823697633
2,0.002539100000000305,2.429159122822863,-0.000976057177695111,-12.0,-1.216043656938546,12.0,-0.001318431490629685,0.0001215067599760851,0.0001215067590000279,0.0002429159122822863,0.0009540331958513837,-0.0001215067599760851
2,0.0025393000000003053,2.441347130235942,-0.0009757643600816213,-12.0,-1.222137221415737,12.0,-0.00131923130981651,0.0001221161457055656,0.0001221161447298012,0.0002441347130235943,0.0009530049508953697,-0.0001221161457055656
2,0.0025395000000003054,2.453531282396163,-0.0009754700124321447,-12.0,-1.22822885597143,12.0,-0.00132003029267394,0.0001227253385958998,0.0001227253376204298,0.0002453531282396163,0.0009519764479359177,-0.0001227253385958998
2,0.0025397000000003055,2.465711560063067,-0.0009751741352235221,-12.0,-1.23431855098611,12.0,-0.001320828438318156,0.0001233343376850887,0.0001233343367099145,0.0002465711560063067,0.0009509476889751484,-0.0001233343376850887
2,0.0025399000000003056,2.477887944002346,-0.0009748767289244897,-12.0,-1.240406296843327,12.0,-0.001321625745868804,0.0001239431420114403,0.0001239431410365635,0.0002477887944002346,0.0009499186760174722,-0.0001239431420114403
2,0.0025401000000003057,2.490060414985795,-0.0009745777940041167,-12.0,-1.246492083929681,12.0,-0.00132242221444856,0.0001245517506135678,0.0001245517496389899,0.0002490060414985795,0.0009488894110697976,-0.0001245517506135677
2,0.002540300000000306,2.5022289537914,-0.0009742773309467934,-12.0,-1.252575902634894,12.0,-0.001323217843183594,0.0001251601625303947,0.0001251601615561174,0.0002502228953791401,0.0009478598961413093,-0.0001251601625303947
2,0.002540500000000306,2.514393541203393,-0.0009739753402282503,-12.0,-1.258657743351792,12.0,-0.00132401263120327,0.0001257683768011564,0.0001257683758271811,0.0002514393541203393,0.0009468301332434675,-0.0001257683768011564
2,0.002540700000000306,2.526554158012194,-0.0009736718223256613,-12.0,-1.264737596476304,12.0,-0.001324806577640308,0.0001263763924653978,0.000126376391491726,0.0002526554158012194,0.0009458001243901754,-0.0001263763924653978
2,0.002540900000000306,2.538710785014501,-0.0009733667777274135,-12.0,-1.270815452407509,12.0,-0.001325599681630485,0.0001269842085629782,0.0001269842075896114,0.00025387107850145,0.000944769871597681,-0.0001269842085629782
2,0.0025411000000003063,2.550863403013355,-0.000973060206921561,-12.0,-1.276891301547662,12.0,-0.001326391942313182,0.0001275918241340741,0.0001275918231610139,0.0002550863403013355,0.0009437393768845365,-0.0001275918241340741
2,0.0025413000000003064,2.563011992818127,-0.0009727521103947145,-12.0,-1.282965134302176,12.0,-0.001327183358830891,0.0001281992382191782,0.0001281992372464261,0.0002563011992818127,0.0009427086422716252,-0.0001281992382191782
2,0.0025415000000003065,2.575156535244465,-0.0009724424886268235,-12.0,-1.289036941079598,12.0,-0.001327973930329324,0.0001288064498590971,0.0001288064488866546,0.0002575156535244465,0.0009416776697822177,-0.0001288064498590971
2,0.0025417000000003066,2.587297011114472,-0.0009721313421328093,-12.0,-1.295106712291749,12.0,-0.001328763655957715,0.0001294134580949616,0.0001294134571228303,0.0002587297011114472,0.0009406464614418186,-0.0001294134580949616
2,0.0025419000000003068,2.599433401256712,-0.0009718186713927324,-12.0,-1.301174438353632,12.0,-0.001329552534868411,0.0001300202619682239,0.0001300202609964052,0.0002599433401256712,0.000939615019278417,-0.0001300202619682239
2,0.002542100000000307,2.611565686506114,-0.0009715044769074144,-12.0,-1.307240109683463,12.0,-0.001330340566217086,0.0001306268605206556,0.0001306268595491511,0.0002611565686506114,0.0009385833453221942,-0.0001306268605206556
2,0.002542300000000307,2.623693847704135,-0.0009711887591815627,-12.0,-1.313303716702727,12.0,-0.001331127749162747,0.0001312332527943546,0.0001312332518231658,0.0002623693847704135,0.0009375514416056913,-0.0001312332527943546
2,0.002542500000000307,2.63581786569876,-0.0009708715187172201,-12.0,-1.319365249836171,12.0,-0.001331914082867675,0.0001318394378317454,0.0001318394368608739,0.000263581786569876,0.000936519310163822,-0.0001318394378317454
2,0.002542700000000307,2.647937721344476,-0.0009705527560144311,-12.0,-1.325424699511788,12.0,-0.001332699566497453,0.0001324454146755773,0.0001324454137050246,0.0002647937721344477,0.0009354869530337345,-0.0001324454146755773
2,0.0025429000000003073,2.660053395502359,-0.0009702324715888944,-12.0,-1.331482056160888,12.0,-0.001333484199220969,0.0001330511823689299,0.0001330511813986974,0.0002660053395502359,0.0009344543722550336,-0.0001330511823689299
2,0.0025431000000003074,2.672164869040105,-0.0009699106659465384,-12.0,-1.337537310218079,12.0,-0.001334267980210413,0.0001336567399552133,0.0001336567389853026,0.0002672164869040105,0.0009334215698694331,-0.0001336567399552132
2,0.0025433000000003076,2.684272122832038,-0.0009695873396030619,-12.0,-1.343590452121297,12.0,-0.001335050908641333,0.0001342620864781694,0.0001342620855085821,0.0002684272122832038,0.0009323885479211869,-0.0001342620864781694
2,0.0025435000000003077,2.696375137759122,-0.000969262493067502,-12.0,-1.349641472311787,12.0,-0.001335832983692498,0.000134867220981872,0.0001348672200126094,0.0002696375137759122,0.0009313553084566439,-0.000134867220981872
2,0.0025437000000003078,2.708473894709012,-0.000968936126863329,-12.0,-1.355690361234163,12.0,-0.001336614204546033,0.0001354721425107299,0.0001354721415417938,0.0002708473894709012,0.0009303218535245822,-0.00013547214251073
2,0.002543900000000308,2.720568374576162,-0.0009686082415157893,-12.0,-1.361737109336437,12.0,-0.00133739457038734,0.0001360768501094922,0.0001360768491408839,0.0002720568374576162,0.0009292881851761248,-0.0001360768501094921
2,0.002544100000000308,2.73265855826169,-0.0009682788375285911,-12.0,-1.367781707069926,12.0,-0.001338174080405291,0.0001366813428232398,0.000136681341854961,0.0002732658558261691,0.000928254305464532,-0.0001366813428232398
2,0.002544300000000308,2.744744426673496,-0.0009679479154445225,-12.0,-1.373824144889394,12.0,-0.001338952733791754,0.000137285619697395,0.0001372856187294471,0.0002744744426673496,0.0009272202164455207,-0.000137285619697395
2,0.0025445000000003082,2.756825960726401,-0.0009676154757904953,-12.0,-1.379864413253041,12.0,-0.001339730529742317,0.0001378896797777251,0.0001378896788101096,0.0002756825960726401,0.0009261859201769723,-0.0001378896797777251
2,0.0025447000000003083,2.768903141341954,-0.0009672815190768791,-12.0,-1.385902502622407,12.0,-0.001340507467455482,0.000138493522110333,0.0001384935211430515,0.0002768903141341954,0.0009251514187191973,-0.0001384935221103331
2,0.0025449000000003085,2.780975949448613,-0.000966946045862338,-12.0,-1.39193840346256,12.0,-0.001341283546133359,0.0001390971457416698,0.0001390971447747238,0.0002780975949448613,0.0009241167141346845,-0.0001390971457416698
2,0.0025451000000003086,2.793044365981816,-0.0009666090566647911,-12.0,-1.397972106241996,12.0,-0.001342058764981252,0.0001397005497185331,0.000139700548751924,0.0002793044365981816,0.0009230818084882686,-0.0001397005497185331
2,0.0025453000000003087,2.805108371883802,-0.0009662705520171455,-12.0,-1.404003601432632,12.0,-0.001342833123207848,0.0001403037330880616,0.000140303732121791,0.0002805108371883802,0.0009220467038470043,-0.0001403037330880615
2,0.002545500000000309,2.817167948103859,-0.000965930532476178,-12.0,-1.410032879509949,12.0,-0.001343606620025084,0.0001409066948977473,0.0001409066939318168,0.0002817167948103859,0.0009210114022803334,-0.0001409066948977473
2,0.002545700000000309,2.829223075598285,-0.0009655889985684674,-12.0,-1.416059930952885,12.0,-0.001344379254648337,0.0001415094341954317,0.0001415094332298427,0.0002829223075598285,0.000919975905859835,-0.0001415094341954317
2,0.002545900000000309,2.841273735330363,-0.0009652459508470157,-12.0,-1.422084746243911,12.0,-0.001345151026296176,0.0001421119500293065,0.0001421119490640605,0.0002841273735330363,0.0009189402166594612,-0.0001421119500293064
2,0.002546100000000309,2.853319908270434,-0.0009649013898497261,-12.0,-1.428107315869005,12.0,-0.001345921934190641,0.0001427142414479156,0.0001427142404830142,0.0002853319908270434,0.0009179043367554401,-0.0001427142414479156
2,0.0025463000000003093,2.865361575395926,-0.0009645553161334863,-12.0,-1.434127630317716,12.0,-0.001346691977557019,0.0001433163075001583,0.000143316306535603,0.0002865361575395926,0.0009168682682261509,-0.0001433163075001583
2,0.0025465000000003094,2.877398717691412,-0.0009642077302476348,-12.0,-1.440145680083154,12.0,-0.001347461155623841,0.0001439181472352907,0.000143918146271083,0.0002877398717691412,0.0009158320131524983,-0.0001439181472352907
2,0.0025467000000003095,2.889431316148554,-0.0009638586327388454,-12.0,-1.446161455661972,12.0,-0.001348229467623141,0.0001445197597029233,0.0001445197587390646,0.0002889431316148554,0.0009147955736173025,-0.0001445197597029233
2,0.0025469000000003096,2.901459351766245,-0.000963508024179438,-12.0,-1.452174947554472,12.0,-0.001348996912790279,0.0001451211439530293,0.0001451211429895212,0.0002901459351766245,0.0009137589517059092,-0.0001451211439530292
2,0.0025471000000003097,2.91348280555058,-0.0009631559051094252,-12.0,-1.458186146264513,12.0,-0.001349763490363864,0.0001457222990359404,0.0001457222980727845,0.000291348280555058,0.0009127221495057736,-0.0001457222990359404
2,0.00254730000000031,2.925501658514813,-0.000962802276097241,-12.0,-1.464195042299575,12.0,-0.001350529199585754,0.0001463232240023479,0.0001463232230395455,0.0002925501658514813,0.0009116851691067518,-0.0001463232240023478
2,0.00254750000000031,2.937515891679564,-0.0009624471377148724,-12.0,-1.470201626170826,12.0,-0.001351294039701412,0.0001469239179033111,0.0001469239169408639,0.0002937515891679564,0.0009106480126007954,-0.0001469239179033111
2,0.00254770000000031,2.949525486072689,-0.0009620904905097705,-12.0,-1.476205888393014,12.0,-0.00135205800995955,0.0001475243797902505,0.00014752437882816,0.000294952548607269,0.000909610682082132,-0.0001475243797902504
2,0.00254790000000031,2.961530422729389,-0.0009617323350711304,-12.0,-1.482207819484624,12.0,-0.001352821109612018,0.0001481246087149554,0.000148124607753223,0.0002961530422729389,0.0009085731796473762,-0.0001481246087149554
2,0.0025481000000003103,2.973530682692238,-0.0009613726719510662,-12.0,-1.488207409967772,12.0,-0.001353583337914327,0.0001487246037295821,0.0001487246027682094,0.0002973530682692238,0.0009075355073951963,-0.0001487246037295821
2,0.0025483000000003104,2.985526247011118,-0.0009610115017293364,-12.0,-1.494204650368268,12.0,-0.001354344694125015,0.0001493243638866539,0.0001493243629256424,0.0002985526247011118,0.0009064976674266617,-0.0001493243638866539
2,0.0025485000000003105,2.997517096743423,-0.000960648824989252,-12.0,-1.500199531215684,12.0,-0.001355105177506227,0.0001499238882390695,0.0001499238872784206,0.0002997517096743423,0.0009054596618449512,-0.0001499238882390694
2,0.0025487000000003106,3.00950321295396,-0.0009602846422942513,-12.0,-1.506192043043268,12.0,-0.001355864787323385,0.0001505231758400975,0.0001505231748798127,0.000300950321295396,0.0009044214927554917,-0.0001505231758400974
2,0.0025489000000003107,3.02148457671495,-0.000959918954230643,-12.0,-1.51218217638801,12.0,-0.001356623522845185,0.000151122225743378,0.000151122224783459,0.000302148457671495,0.0009033831622661248,-0.000151122225743378
2,0.002549100000000311,3.033461169106209,-0.0009595517613885107,-12.0,-1.518169921790705,12.0,-0.001357381383343764,0.0001517210370029317,0.0001517210360433799,0.0003033461169106209,0.0009023446724866352,-0.0001517210370029316
2,0.002549300000000311,3.045432971215058,-0.0009591830643393973,-12.0,-1.524155269795869,12.0,-0.001358138368094647,0.000152319608673153,0.0001523196077139699,0.0003045432971215058,0.0009013060255291805,-0.0001523196086731529
2,0.002549500000000311,3.057399964136323,-0.0009588128636750515,-12.0,-1.530138210951803,12.0,-0.001358894476376465,0.0001529179398088128,0.0001529179388499999,0.0003057399964136323,0.0009002672235082221,-0.0001529179398088128
2,0.002549700000000311,3.069362128972513,-0.0009584411599952158,-12.0,-1.53611873581066,12.0,-0.001359649707471683,0.0001535160294650666,0.0001535160285066254,0.0003069362128972513,0.000899228268540303,-0.0001535160294650665
2,0.0025499000000003113,3.081319446833709,-0.0009580679538723214,-12.0,-1.542096834928343,12.0,-0.001360404060665593,0.0001541138766974471,0.0001541138757393791,0.0003081319446833709,0.0008981891627442146,-0.000154113876697447
2,0.0025501000000003114,3.093271898837664,-0.0009576932459229859,-12.0,-1.548072498864649,12.0,-0.001361157535247209,0.0001547114805618726,0.0001547114796041793,0.0003093271898837664,0.0008971499082409962,-0.0001547114805618726
2,0.0025503000000003115,3.105219466109807,-0.0009573170367211947,-12.0,-1.554045718183156,12.0,-0.001361910130508764,0.0001553088401146435,0.0001553088391573264,0.0003105219466109807,0.0008961105071538661,-0.0001553088401146435
2,0.0025505000000003116,3.117162129783284,-0.0009569393268893389,-12.0,-1.560016483451369,12.0,-0.001362661845745877,0.0001559059544124481,0.0001559059534555087,0.0003117162129783284,0.0008950709616082908,-0.000155905954412448
2,0.0025507000000003117,3.129099870999008,-0.0009565601170093974,-12.0,-1.565984785240619,12.0,-0.001363412680257609,0.0001565028225123611,0.0001565028215558009,0.0003129099870999008,0.0008940312737318878,-0.000156502822512361
2,0.002550900000000312,3.141032670905587,-0.0009561794076915486,-12.0,-1.571950614126125,12.0,-0.001364162633346322,0.0001570994434718434,0.0001570994425156639,0.0003141032670905587,0.0008929914456544674,-0.0001570994434718433
2,0.002551100000000312,3.152960510659527,-0.0009557971995510783,-12.0,-1.577913960687062,12.0,-0.001364911704317573,0.0001576958163487511,0.0001576958153929539,0.0003152960510659527,0.0008919514795081851,-0.0001576958163487511
2,0.002551300000000312,3.164883371425133,-0.0009554134931826219,-12.0,-1.583874815506475,12.0,-0.001365659892480692,0.0001582919402013294,0.0001582919392459158,0.0003164883371425134,0.0008909113774271532,-0.0001582919402013293
2,0.002551500000000312,3.176801234374518,-0.0009550282892023532,-12.0,-1.589833169171345,12.0,-0.001366407197148006,0.0001588878140882144,0.000158887813133186,0.0003176801234374519,0.0008898711415478988,-0.0001588878140882143
2,0.0025517000000003123,3.188714080687776,-0.000954641588231997,-12.0,-1.595789012272652,12.0,-0.001367153617635425,0.0001594834370684421,0.0001594834361138004,0.0003188714080687776,0.0008888307740089751,-0.000159483437068442
2,0.0025519000000003124,3.200621891552887,-0.0009542533908741824,-12.0,-1.601742335405288,12.0,-0.001367899153262159,0.0001600788082014416,0.000160078807247188,0.0003200621891552887,0.0008877902769512391,-0.0001600788082014414
2,0.0025521000000003125,3.212524648165729,-0.0009538636977513004,-12.0,-1.607693129168128,12.0,-0.001368643803350778,0.0001606739265470378,0.0001606739255931741,0.0003212524648165729,0.0008867496525176571,-0.0001606739265470377
2,0.0025523000000003127,3.22442233173023,-0.0009534725094888508,-12.0,-1.613641384164073,12.0,-0.001369387567227293,0.0001612687911654585,0.0001612687902119859,0.000322442233173023,0.0008857089028534021,-0.0001612687911654584
2,0.0025525000000003128,3.236314923458365,-0.0009530798267127771,-12.0,-1.61958709100005,12.0,-0.001370130444221102,0.0001618634011173338,0.0001618634001642539,0.0003236314923458365,0.0008846680301058257,-0.0001618634011173337
2,0.002552700000000313,3.24820240457003,-0.0009526856500248204,-12.0,-1.625530240286909,12.0,-0.001370872433664849,0.0001624577554636884,0.0001624577545110027,0.000324820240457003,0.0008836270364244586,-0.0001624577554636884
2,0.002552900000000313,3.26008475629323,-0.0009522899800826767,-12.0,-1.631470822639639,12.0,-0.001371613534894706,0.0001630518532659556,0.0001630518523136657,0.0003260084756293231,0.0008825859239609823,-0.0001630518532659556
2,0.002553100000000313,3.271961959864193,-0.0009518928175058505,-12.0,-1.637408828677284,12.0,-0.001372353747250088,0.0001636456935859779,0.0001636456926340849,0.0003271961959864193,0.0008815446948693684,-0.0001636456935859778
2,0.0025533000000003132,3.283833996527099,-0.0009514941629087392,-12.0,-1.643344249022854,12.0,-0.001373093070074105,0.0001642392754859946,0.0001642392745345004,0.0003283833996527099,0.0008805033513054061,-0.0001642392754859946
2,0.0025535000000003133,3.295700847534351,-0.0009510940169530357,-12.0,-1.649277074303545,12.0,-0.001373831502712808,0.0001648325980286593,0.0001648325970775652,0.0003295700847534351,0.0008794618954275357,-0.0001648325980286592
2,0.0025537000000003134,3.307562494146627,-0.0009506923802635736,-12.0,-1.655207295150632,12.0,-0.001374569044515994,0.000165425660277037,0.0001654256593263445,0.0003307562494146627,0.0008784203293959181,-0.0001654256602770369
2,0.0025539000000003136,3.319418917632727,-0.0009502892534762886,-12.0,-1.66113490219947,12.0,-0.001375305694836626,0.0001660184612945995,0.0001660184603443102,0.0003319418917632727,0.0008773786553732399,-0.0001660184612945994
2,0.0025541000000003137,3.331270099269689,-0.0009498846372342218,-12.0,-1.667059886089542,12.0,-0.001376041453031052,0.0001666110001452308,0.0001666109991953462,0.0003331270099269689,0.0008763368755240752,-0.0001666110001452308
2,0.002554300000000314,3.3431160203429,-0.0009494785321917387,-12.0,-1.672982237464523,12.0,-0.001376776318459366,0.0001672032758932332,0.0001672032749437546,0.00033431160203429,0.0008752949920152187,-0.0001672032758932331
2,0.002554500000000314,3.354956662146025,-0.0009490709389821106,-12.0,-1.678901946972195,12.0,-0.001377510290484579,0.0001677952876033214,0.0001677952866542504,0.0003354956662146025,0.0008742530070156573,-0.0001677952876033213
2,0.002554700000000314,3.366792005981014,-0.0009486618582577044,-12.0,-1.684819005264512,12.0,-0.001378243368473531,0.0001683870343406255,0.0001683870333919636,0.0003366792005981014,0.0008732109226964324,-0.0001683870343406254
2,0.002554900000000314,3.378622033158268,-0.0009482512906788809,-12.0,-1.690733402997665,12.0,-0.001378975551795975,0.0001689785151706987,0.0001689785142224473,0.0003378622033158268,0.0008721687412308887,-0.0001689785151706986
2,0.0025551000000003142,3.390446724996548,-0.0009478392368855726,-12.0,-1.696645130831995,12.0,-0.001379706839825495,0.000169569729159511,0.0001695697282116717,0.0003390446724996549,0.000871126464794314,-0.000169569729159511
2,0.0025553000000003144,3.402266062822994,-0.0009474256975383621,-12.0,-1.702554179432061,12.0,-0.001380437231938897,0.0001701606753734524,0.0001701606744260266,0.0003402266062822994,0.0008700840955643552,-0.0001701606753734523
2,0.0025555000000003145,3.414080027973254,-0.000947010673301385,-12.0,-1.708460539466686,12.0,-0.001381166727516286,0.0001707513528793385,0.0001707513519323278,0.0003414080027973254,0.0008690416357205466,-0.0001707513528793384
2,0.0025557000000003146,3.425888601791515,-0.000946594164836112,-12.0,-1.714364201608953,12.0,-0.001381895325941435,0.0001713417607444118,0.0001713417597978176,0.0003425888601791515,0.0008679990874447263,-0.0001713417607444117
2,0.0025559000000003147,3.43769176563034,-0.0009461761727842521,-12.0,-1.720265156536108,12.0,-0.001382623026601248,0.0001719318980363325,0.0001719318970901562,0.000343769176563034,0.000866956452920703,-0.0001719318980363324
2,0.002556100000000315,3.449489500850889,-0.0009457566978396947,-12.0,-1.726163394929771,12.0,-0.001383349828886132,0.0001725217638231932,0.0001725217628774365,0.000344948950085089,0.0008659137343346723,-0.0001725217638231932
2,0.002556300000000315,3.461281788823011,-0.0009453357406592477,-12.0,-1.732058907475852,12.0,-0.001384075732190015,0.0001731113571735193,0.0001731113562281835,0.0003461281788823011,0.0008648709338746341,-0.0001731113571735192
2,0.002556500000000315,3.473068610924973,-0.0009449133018966105,-12.0,-1.737951684864464,12.0,-0.00138480073591013,0.0001737006771562568,0.0001737006762113435,0.0003473068610924973,0.000863828053730864,-0.0001737006771562568
2,0.002556700000000315,3.484849948543746,-0.0009444893822505573,-12.0,-1.743841717790142,12.0,-0.001385524839446983,0.0001742897228407893,0.0001742897218962999,0.0003484849948543746,0.0008627850960958583,-0.0001742897228407892
2,0.0025569000000003153,3.496625783075046,-0.0009440639823825592,-12.0,-1.749728996951737,12.0,-0.001386248042204774,0.0001748784932969355,0.0001748784923528714,0.0003496625783075046,0.0008617420631640005,-0.0001748784932969354
2,0.0025571000000003154,3.508396095923183,-0.0009436371029674095,-12.0,-1.755613513052413,12.0,-0.001386970343590838,0.0001754669875949447,0.0001754669866513075,0.0003508396095923183,0.0008606989571319223,-0.0001754669875949446
2,0.0025573000000003155,3.520160868501172,-0.000943208744685009,-12.0,-1.761495256799701,12.0,-0.001387691743016228,0.0001760552048055017,0.0001760552038622929,0.0003520160868501172,0.0008596557801982541,-0.0001760552048055016
2,0.0025575000000003156,3.531920082230854,-0.0009427789082276927,-12.0,-1.767374218905558,12.0,-0.001388412239895082,0.000176643143999733,0.0001766431430569541,0.0003531920082230854,0.0008586125345637907,-0.000176643143999733
2,0.0025577000000003157,3.543673718542818,-0.0009423475942651471,-12.0,-1.773250390086282,12.0,-0.001389131833645058,0.0001772308042492018,0.0001772308033068542,0.0003543673718542818,0.0008575692224316034,-0.0001772308042492017
2,0.002557900000000316,3.555421758876403,-0.0009419148034883751,-12.0,-1.779123761062582,12.0,-0.001389850523687425,0.0001778181846259094,0.0001778181836839946,0.0003555421758876403,0.0008565258460065117,-0.0001778181846259094
2,0.002558100000000316,3.567164184679874,-0.0009414805365954848,-12.0,-1.784994322559636,12.0,-0.001390568309446644,0.0001784052842023041,0.0001784052832608235,0.0003567164184679874,0.0008554824074955836,-0.000178405284202304
2,0.002558300000000316,3.578900977410331,-0.0009410447942634903,-12.0,-1.790862065307009,12.0,-0.001391285190350644,0.0001789921020512747,0.0001789921011102298,0.0003578900977410331,0.000854438909108135,-0.0001789921020512745
2,0.002558500000000316,3.590632118533715,-0.0009406075771900557,-12.0,-1.796726980038718,12.0,-0.001392001165830853,0.0001795786372461529,0.0001795786363055453,0.0003590632118533715,0.0008533953530552862,-0.0001795786372461528
2,0.0025587000000003163,3.602357589524975,-0.0009401688860797286,-12.0,-1.802589057493296,12.0,-0.001392716235322028,0.0001801648888607217,0.0001801648879205527,0.0003602357589524975,0.0008523517415504056,-0.0001801648888607216
2,0.0025589000000003164,3.614077371867983,-0.0009397287216175165,-12.0,-1.808448288413705,12.0,-0.001393430398262424,0.0001807508559692088,0.00018075085502948,0.0003614077371867983,0.0008513080768088876,-0.0001807508559692087
2,0.0025591000000003165,3.625791447055542,-0.000939287084507745,-12.0,-1.814304663547403,12.0,-0.001394143654093544,0.0001813365376462896,0.0001813365367070025,0.0003625791447055542,0.0008502643610483196,-0.0001813365376462896
2,0.0025593000000003166,3.637499796589527,-0.0009388439754591804,-12.0,-1.820158173646392,12.0,-0.001394856002260608,0.0001819219329670934,0.0001819219320282493,0.0003637499796589527,0.000849220596488176,-0.0001819219329670933
2,0.0025595000000003167,3.64920240198088,-0.0009383993951743719,-12.0,-1.826008809467196,12.0,-0.001395567442212003,0.0001825070410072022,0.0001825070400688028,0.0003649202401980881,0.0008481767853501243,-0.0001825070410072022
2,0.002559700000000317,3.660899244749563,-0.0009379533443543142,-12.0,-1.831856561770846,12.0,-0.001396277973399668,0.0001830918608426493,0.0001830918599046959,0.0003660899244749563,0.0008471329298578301,-0.0001830918608426492
2,0.002559900000000317,3.672590306424605,-0.0009375058237111045,-12.0,-1.837701421322927,12.0,-0.001396987595278981,0.0001836763915499217,0.0001836763906124158,0.0003672590306424605,0.0008460890322370129,-0.0001836763915499216
2,0.002560100000000317,3.684275568544248,-0.0009370568339659435,-12.0,-1.843543378893641,12.0,-0.001397696307308655,0.0001842606322059676,0.0001842606312689107,0.0003684275568544248,0.0008450450947155574,-0.0001842606322059675
2,0.002560300000000317,3.69595501265586,-0.000936606375818938,-12.0,-1.849382425257722,12.0,-0.001398404108950813,0.0001848445818881904,0.0001848445809515839,0.000369595501265586,0.0008440011195234021,-0.0001848445818881903
2,0.0025605000000003173,3.707628620315941,-0.0009361544499926211,-12.0,-1.855218551194504,12.0,-0.001399110999671244,0.0001854282396744512,0.0001854282387382967,0.0003707628620315941,0.0008429571088923171,-0.0001854282396744511
2,0.0025607000000003174,3.719296373090295,-0.0009357010572137447,-12.0,-1.861051747487979,12.0,-0.001399816978939011,0.0001860116046430766,0.0001860116037073754,0.0003719296373090295,0.0008419130650563211,-0.0001860116046430765
2,0.0025609000000003175,3.730958252553942,-0.0009352461981899651,-12.0,-1.866882004926717,12.0,-0.001400522046226427,0.0001865946758728528,0.0001865946749376066,0.0003730958252553942,0.0008408689902514865,-0.0001865946758728527
2,0.0025611000000003176,3.742614240291116,-0.0009347898736500326,-12.0,-1.872709314303931,12.0,-0.001401226201009548,0.0001871774524430282,0.0001871774515082383,0.0003742614240291115,0.0008398248867159119,-0.0001871774524430281
2,0.0025613000000003177,3.754264317895447,-0.0009343320843282488,-12.0,-1.878533666417537,12.0,-0.001401929442767708,0.000187759933433321,0.0001877599324989888,0.0003754264317895447,0.0008387807566895833,-0.0001877599334333209
2,0.002561500000000318,3.765908466969867,-0.0009338728309384869,-12.0,-1.884355052070069,12.0,-0.001402631770983737,0.0001883421179239132,0.0001883421169900403,0.0003765908466969867,0.0008377366024146793,-0.0001883421179239131
2,0.002561700000000318,3.777546669126608,-0.0009334121142174912,-12.0,-1.890173462068751,12.0,-0.001403333185143768,0.0001889240049954534,0.0001889240040620413,0.0003777546669126608,0.0008366924261354325,-0.0001889240049954534
2,0.002561900000000318,3.789178905987387,-0.000932949934905114,-12.0,-1.895988887225551,12.0,-0.001404033684737627,0.0001895055937290647,0.0001895055927961146,0.0003789178905987387,0.0008356482300979629,-0.0001895055937290646
2,0.002562100000000318,3.800805159183283,-0.000932486293720336,-12.0,-1.901801318357085,12.0,-0.001404733269258301,0.0001900868832063366,0.0001900868822738502,0.0003800805159183284,0.0008346040165506663,-0.0001900868832063365
2,0.0025623000000003183,3.812425410354845,-0.0009320211914207732,-12.0,-1.907610746284766,12.0,-0.001405431938202306,0.0001906678725093346,0.0001906678715773133,0.0003812425410354845,0.0008335597877436041,-0.0001906678725093345
2,0.0025625000000003184,3.824039641152116,-0.0009315546287278487,-12.0,-1.913417161834696,12.0,-0.001406129691069846,0.0001912485607205969,0.0001912485597890422,0.0003824039641152116,0.0008325155459290856,-0.0001912485607205968
2,0.0025627000000003185,3.835647833234572,-0.0009310866063894085,-12.0,-1.919220555837736,12.0,-0.001406826527364263,0.0001918289469231348,0.0001918289459920481,0.0003835647833234572,0.000831471293361391,-0.0001918289469231347
2,0.0025629000000003187,3.847249968271318,-0.0009306171251592943,-12.0,-1.925020919129569,12.0,-0.001407522446592313,0.0001924090302004412,0.0001924090292698239,0.0003847249968271319,0.0008304270322969098,-0.000192409030200441
2,0.0025631000000003188,3.858846027940972,-0.0009301461857653681,-12.0,-1.930818242550596,12.0,-0.001408217448264443,0.0001929888096364832,0.0001929888087063369,0.0003858846027940973,0.0008293827649939189,-0.0001929888096364831
2,0.002563300000000319,3.87043599393176,-0.0009296737889774587,-12.0,-1.936612516946084,12.0,-0.00140891153189443,0.0001935682843157108,0.0001935682833860369,0.000387043599393176,0.0008283384937127214,-0.0001935682843157107
2,0.002563500000000319,3.882019847941548,-0.0009291999355296454,-12.0,-1.942403733166068,12.0,-0.001409604696999411,0.000194147453323054,0.0001941474523938539,0.0003882019847941548,0.0008272942207156186,-0.0001941474533230538
2,0.002563700000000319,3.893597571677784,-0.0009287246261804327,-12.0,-1.948191882065409,12.0,-0.001410296943100159,0.0001947263157439229,0.0001947263148151983,0.0003893597571677784,0.0008262499482669661,-0.0001947263157439229
2,0.0025639000000003192,3.905169146857687,-0.0009282478616947643,-12.0,-1.953976954503864,12.0,-0.001410988269720664,0.000195304870664217,0.0001953048697359691,0.0003905169146857687,0.0008252056786330897,-0.000195304870664217
2,0.0025641000000003193,3.916734555208131,-0.0009277696428124926,-12.0,-1.959758941345981,12.0,-0.001411678676388611,0.0001958831171703169,0.0001958831162425472,0.0003916734555208131,0.0008241614140822306,-0.0001958831171703168
2,0.0025643000000003194,3.928293778465743,-0.000927289970316103,-12.0,-1.965537833461245,12.0,-0.00141236816263493,0.000196461054349093,0.000196461053421803,0.0003928293778465744,0.0008231171568847673,-0.0001964610543490929
2,0.0025645000000003196,3.939846798376942,-0.0009268088449485568,-12.0,-1.971313621723982,12.0,-0.001413056727994105,0.0001970386812879035,0.0001970386803610945,0.0003939846798376942,0.0008220729093130208,-0.0001970386812879034
2,0.0025647000000003197,3.951393596697864,-0.0009263262674814587,-12.0,-1.977086297013417,12.0,-0.001413744372004089,0.0001976159970745936,0.0001976159961482673,0.0003951393596697864,0.000821028673641172,-0.0001976159970745935
2,0.00256490000000032,3.962934155194561,-0.000925842238691077,-12.0,-1.98285585021374,12.0,-0.001414431094206248,0.000198193000797505,0.0001981929998716627,0.0003962934155194562,0.0008199844521454558,-0.0001981930007975049
2,0.00256510000000032,3.974468455642913,-0.000925356759332141,-12.0,-1.988622272214022,12.0,-0.001415116894145418,0.0001987696915454691,0.0001987696906201122,0.0003974468455642913,0.0008189402471041052,-0.000198769691545469
2,0.00256530000000032,3.985996479828619,-0.0009248698301824732,-12.0,-1.994385553908281,12.0,-0.001415801771369823,0.00019934606840781,0.0001993460674829401,0.0003985996479828619,0.0008178960607974073,-0.0001993460684078099
2,0.00256550000000032,3.997518209547382,-0.0009243814520232263,-12.0,-2.000145686195541,12.0,-0.001416485725431182,0.0001999221304743518,0.0001999221295499703,0.0003997518209547382,0.0008168518955074533,-0.0001999221304743518
2,0.0025657000000003202,4.009033626604808,-0.0009238916256191221,-12.0,-2.005902659979748,12.0,-0.001417168755884768,0.0002004978768354131,0.0002004978759115213,0.0004009033626604808,0.0008158077535184161,-0.0002004978768354129
2,0.0025659000000003204,4.020542712816419,-0.0009234003517526457,-12.0,-2.011656466169842,12.0,-0.001417850862289266,0.0002010733065818091,0.0002010733056584086,0.0004020542712816419,0.0008147636371163003,-0.0002010733065818089
2,0.0025661000000003205,4.032045450007824,-0.0009229076312122775,-12.0,-2.017407095679807,12.0,-0.001418532044206638,0.0002016484188048596,0.0002016484178819518,0.0004032045450007824,0.0008137195485893034,-0.0002016484188048595
2,0.0025663000000003206,4.043541820014602,-0.0009224134647654036,-12.0,-2.023154539428584,12.0,-0.001419212301202483,0.000202223212596382,0.0002022232116739684,0.0004043541820014602,0.0008126754902273436,-0.0002022232125963819
2,0.0025665000000003207,4.055031804682404,-0.0009219178532167138,-12.0,-2.028898788340205,12.0,-0.001419891632845949,0.000202797687048699,0.000202797686126781,0.0004055031804682404,0.000811631464322421,-0.0002027976870486989
2,0.002566700000000321,4.066515385866956,-0.0009214207973338162,-12.0,-2.034639833343687,12.0,-0.001420570038709462,0.0002033718412546355,0.0002033718403332145,0.0004066515385866956,0.0008105874731683671,-0.0002033718412546353
2,0.002566900000000321,4.077992545434107,-0.0009209222979269516,-12.0,-2.040377665373167,12.0,-0.001421247518369001,0.0002039456743075241,0.0002039456733866017,0.0004077992545434107,0.0008095435190610956,-0.000203945674307524
2,0.002567100000000321,4.089463265259859,-0.0009204223557706115,-12.0,-2.046112275367809,12.0,-0.001421924071403846,0.000204519185301204,0.0002045191843807815,0.0004089463265259859,0.0008084996042984349,-0.0002045191853012038
2,0.002567300000000321,4.100927527230311,-0.000919920971666377,-12.0,-2.051843654271865,12.0,-0.001422599697396998,0.00020509237333002,0.0002050923724100989,0.0004100927527230311,0.0008074557311801012,-0.0002050923733300198
2,0.0025675000000003213,4.112385313241861,-0.0009194181464178275,-12.0,-2.057571793034738,12.0,-0.001423274395934759,0.0002056652374888322,0.0002056652365694139,0.0004112385313241861,0.0008064119020076976,-0.000205665237488832
2,0.0025677000000003214,4.123836605201085,-0.000918913880811667,-12.0,-2.063296682610899,12.0,-0.001423948166607014,0.0002062377768730089,0.0002062377759540948,0.0004123836605201085,0.0008053681190849094,-0.0002062377768730087
2,0.0025679000000003215,4.135281385024776,-0.0009184081756528073,-12.0,-2.069018313959949,12.0,-0.001424621009006921,0.0002068099905784297,0.0002068099896600215,0.0004135281385024777,0.0008043243847172532,-0.0002068099905784296
2,0.0025681000000003216,4.146719634640085,-0.0009179010317543757,-12.0,-2.074736678046684,12.0,-0.001425292922731303,0.0002073818777014931,0.000207381876783592,0.0004146719634640086,0.0008032807012121057,-0.000207381877701493
2,0.0025683000000003217,4.158151335984444,-0.0009173924499092934,-12.0,-2.080451765841011,12.0,-0.001425963907380312,0.0002079534373391103,0.0002079534364217177,0.0004158151335984444,0.0008022370708788973,-0.0002079534373391101
2,0.002568500000000322,4.169576471005581,-0.0009168824309289114,-12.0,-2.086163568318009,12.0,-0.001426633962557711,0.0002085246685887081,0.0002085246676718255,0.0004169576471005582,0.0008011934960288902,-0.000208524668588708
2,0.002568700000000322,4.18099502166165,-0.0009163709756287997,-12.0,-2.091872076457979,12.0,-0.001427303087870424,0.0002090955705482351,0.000209095569631864,0.0004180995021661651,0.0008001499789753175,-0.000209095570548235
2,0.002568900000000322,4.192406969921244,-0.0009158580848245279,-12.0,-2.097577281246439,12.0,-0.001427971282929374,0.0002096661423161616,0.0002096661414003034,0.0004192406969921244,0.0007991065220332716,-0.0002096661423161615
2,0.002569100000000322,4.203812297763259,-0.0009153437593079072,-12.0,-2.103279173674028,12.0,-0.001428638547348371,0.0002102363829914722,0.0002102363820761283,0.0004203812297763259,0.000798063127519788,-0.0002102363829914721
2,0.0025693000000003223,4.215210987177088,-0.0009148279999255937,-12.0,-2.108977744736713,12.0,-0.001429304880745108,0.0002108062916736788,0.0002108062907588507,0.0004215210987177088,0.0007970197977537341,-0.0002108062916736787
2,0.0025695000000003224,4.226603020162733,-0.0009143108074856077,-12.0,-2.114672985435702,12.0,-0.0014299702827405,0.0002113758674628218,0.0002113758665485109,0.0004226603020162733,0.0007959765350560033,-0.0002113758674628217
2,0.0025697000000003225,4.237988378730518,-0.0009137921827930828,-12.0,-2.120364886777371,12.0,-0.001430634752959237,0.0002119451094594579,0.0002119451085456655,0.0004237988378730518,0.0007949333417492654,-0.0002119451094594577
2,0.0025699000000003226,4.249367044901382,-0.0009132721266991162,-12.0,-2.126053439773461,12.0,-0.001431298291029059,0.0002125140167646763,0.000212514015851404,0.0004249367044901382,0.000793890220158161,-0.0002125140167646761
2,0.0025701000000003227,4.260739000706913,-0.0009127506400159469,-12.0,-2.131738635440987,12.0,-0.001431960896581652,0.0002130825884800973,0.0002130825875673464,0.0004260739000706913,0.0007928471726090514,-0.0002130825884800971
2,0.002570300000000323,4.272104228189205,-0.0009122277235689147,-12.0,-2.137420464802233,12.0,-0.001432622569251696,0.0002136508237078665,0.0002136508227956387,0.0004272104228189205,0.0007918042014305182,-0.0002136508237078664
2,0.002570500000000323,4.283462709400959,-0.0009117033781904649,-12.0,-2.143098918884799,12.0,-0.001433283308677757,0.000214218721550661,0.0002142187206389575,0.000428346270940096,0.0007907613089526144,-0.0002142187215506608
2,0.002570700000000323,4.294814426405605,-0.0009111776047228126,-12.0,-2.148773988721663,12.0,-0.001433943114501623,0.0002147862811116942,0.0002147862802005164,0.0004294814426405605,0.000789718497507641,-0.000214786281111694
2,0.002570900000000323,4.306159361277225,-0.000910650403987523,-12.0,-2.154445665351099,12.0,-0.001434601986368467,0.0002153535014947113,0.0002153535005840607,0.0004306159361277225,0.0007886757694296198,-0.0002153535014947111
2,0.0025711000000003233,4.317497496100565,-0.0009101217768254788,-12.0,-2.160113939816739,12.0,-0.001435259923927512,0.0002159203818039915,0.0002159203808938695,0.0004317497496100565,0.000787633127054238,-0.0002159203818039913
2,0.0025713000000003234,4.328828812971178,-0.0009095917240866669,-12.0,-2.165778803167636,12.0,-0.001435916926830649,0.0002164869211443551,0.0002164869202347633,0.0004328828812971179,0.0007865905727194034,-0.000216486921144355
2,0.0025715000000003235,4.340153293995367,-0.0009090602465982034,-12.0,-2.171440246458183,12.0,-0.001436572994733765,0.0002170531186211586,0.0002170531177120982,0.0004340153293995367,0.0007855481087647165,-0.0002170531186211585
2,0.0025717000000003236,4.351470921290169,-0.0009085273452082987,-12.0,-2.177098260748171,12.0,-0.001437228127296297,0.0002176189733402964,0.0002176189724317689,0.0004351470921290169,0.0007845057375315823,-0.0002176189733402962
2,0.0025719000000003238,4.362781676983531,-0.0009079930207724907,-12.0,-2.182752837102854,12.0,-0.001437882324180906,0.0002181844844082083,0.0002181844835002152,0.0004362781676983532,0.0007834634613632652,-0.0002181844844082082
2,0.002572100000000324,4.374085543214219,-0.000907457274125445,-12.0,-2.18840396659287,12.0,-0.001438535585053691,0.0002187496509318746,0.0002187496500244173,0.000437408554321422,0.0007824212826050558,-0.0002187496509318745
2,0.002572300000000324,4.385382502131826,-0.0009069201061229215,-12.0,-2.194051640294298,12.0,-0.001439187909584305,0.0002193144720188177,0.0002193144711118975,0.0004385382502131826,0.0007813792036039102,-0.0002193144720188176
2,0.002572500000000324,4.396672535896918,-0.0009063815176213463,-12.0,-2.199695849288706,12.0,-0.0014398392974459,0.0002198789467771086,0.000219878945870727,0.0004396672535896918,0.0007803372267088382,-0.0002198789467771085
2,0.002572700000000324,4.40795562668103,-0.0009058415094793659,-12.0,-2.205336584663149,12.0,-0.001440489748315232,0.0002204430743153671,0.0002204430734095255,0.000440795562668103,0.0007792953542703762,-0.000220443074315367
2,0.0025729000000003243,4.419231756666548,-0.000905300082531646,-12.0,-2.210973837510072,12.0,-0.001441139261872504,0.0002210068537427542,0.000221006852837454,0.0004419231756666548,0.0007782535886410591,-0.0002210068537427541
2,0.0025731000000003244,4.43050090804689,-0.0009047572376663648,-12.0,-2.216607598927517,12.0,-0.001441787837801189,0.0002215702841689852,0.0002215702832642278,0.000443050090804689,0.000777211932175309,-0.0002215702841689851
2,0.0025733000000003245,4.441763063026582,-0.0009042129757323991,-12.0,-2.222237860019019,12.0,-0.001442435475788262,0.0002221333647043289,0.0002221333638001157,0.0004441763063026582,0.0007761703872294079,-0.0002221333647043287
2,0.0025735000000003247,4.453018203821111,-0.0009036672975897275,-12.0,-2.227864611893613,12.0,-0.00144308217552469,0.0002226960944596025,0.0002226960935559351,0.0004453018203821111,0.0007751289561612473,-0.0002226960944596024
2,0.0025737000000003248,4.464266312657023,-0.0009031202041067665,-12.0,-2.233487845665874,12.0,-0.00144372793670422,0.0002232584725461769,0.0002232584716430565,0.0004464266312657023,0.0007740876413306896,-0.0002232584725461767
2,0.002573900000000325,4.475507371772044,-0.0009025716961608143,-12.0,-2.239107552455979,12.0,-0.001444372759024426,0.000223820498075982,0.0002238204971734102,0.0004475507371772044,0.0007730464450994567,-0.0002238204980759819
2,0.002574100000000325,4.486741363414997,-0.0009020217746085191,-12.0,-2.244723723389629,12.0,-0.001445016642186214,0.0002243821701615022,0.0002243821692594803,0.0004486741363414997,0.0007720053698311302,-0.0002243821701615021
2,0.002574300000000325,4.497968269845819,-0.0009014704403289553,-12.0,-2.250336349598107,12.0,-0.001445659585894432,0.000224943487915778,0.0002249434870143074,0.0004497968269845819,0.0007709644178907071,-0.0002249434879157779
2,0.0025745000000003252,4.50918807333572,-0.0009009176942038621,-12.0,-2.255945422218343,12.0,-0.001446301589856869,0.000225504450452414,0.0002255044495514962,0.000450918807333572,0.000769923591645516,-0.0002255044504524139
2,0.0025747000000003253,4.520400756167089,-0.0009003635370981034,-12.0,-2.261550932392828,12.0,-0.001446942653784922,0.0002260650568855731,0.0002260650559852094,0.000452040075616709,0.0007688828934643288,-0.000226065056885573
2,0.0025749000000003255,4.531606300633519,-0.0008998079698949724,-12.0,-2.267152871269682,12.0,-0.001447582777393652,0.0002266253063299788,0.0002266253054301707,0.0004531606300633519,0.0007678423257179712,-0.0002266253063299787
2,0.0025751000000003256,4.542804689039943,-0.000899250993484868,-12.0,-2.272751230002709,12.0,-0.001448221960401341,0.0002271851979009226,0.0002271851970016714,0.0004542804689039943,0.0007668018907789342,-0.0002271851979009224
2,0.0025753000000003257,4.553995903702575,-0.0008986926087393154,-12.0,-2.278345999751322,12.0,-0.001448860202530156,0.0002277447307142585,0.0002277447298155657,0.0004553995903702575,0.0007657615910213189,-0.0002277447307142583
2,0.002575500000000326,4.565179926948905,-0.0008981328165460489,-12.0,-2.2839371716806,12.0,-0.001449497503505426,0.0002283039038864056,0.0002283039029882725,0.0004565179926948905,0.0007647214288213078,-0.0002283039038864054
2,0.002575700000000326,4.576356741117833,-0.0008975716178010185,-12.0,-2.289524736961334,12.0,-0.001450133863056091,0.0002288627165343535,0.0002288627156367817,0.0004576356741117833,0.0007636814065566655,-0.0002288627165343534
2,0.002575900000000326,4.587526328559671,-0.0008970090133915143,-12.0,-2.295108686770013,12.0,-0.001450769280914421,0.0002294211677756623,0.0002294211668786531,0.0004587526328559671,0.0007626415266071274,-0.0002294211677756621
2,0.002576100000000326,4.59868867163609,-0.0008964450042043826,-12.0,-2.300689012288802,12.0,-0.001451403756816294,0.0002299792567284599,0.0002299792558320147,0.000459868867163609,0.0007616017913540662,-0.0002299792567284597
2,0.0025763000000003262,4.609843752720177,-0.0008958795911353512,-12.0,-2.306265704705588,12.0,-0.001452037290501085,0.0002305369825114455,0.0002305369816155657,0.0004609843752720178,0.0007605622031806591,-0.0002305369825114453
2,0.0025765000000003264,4.62099155419656,-0.0008953127750923606,-12.0,-2.311838755214046,12.0,-0.001452669881711888,0.0002310943442438955,0.0002310943433485826,0.000462099155419656,0.0007595227644717761,-0.0002310943442438953
2,0.0025767000000003265,4.632132058461333,-0.0008947445569593704,-12.0,-2.317408155013551,12.0,-0.001453301530194684,0.0002316513410456594,0.0002316513401509147,0.0004632132058461333,0.0007584834776142024,-0.0002316513410456592
2,0.0025769000000003266,4.643265247922064,-0.0008941749376432107,-12.0,-2.322973895309246,12.0,-0.001453932235699451,0.0002322079720371605,0.0002322079711429853,0.0004643265247922064,0.0007574443449963608,-0.0002322079720371603
2,0.0025771000000003267,4.654391104997953,-0.0008936039180558186,-12.0,-2.328535967312099,12.0,-0.001454561997979664,0.0002327642363394046,0.0002327642354458004,0.0004654391104997953,0.0007564053690084227,-0.0002327642363394044
2,0.002577300000000327,4.66550961211975,-0.0008930314990889254,-12.0,-2.334094362238823,12.0,-0.001455190816791685,0.0002333201330739736,0.0002333201321809419,0.000466550961211975,0.0007553665520424746,-0.0002333201330739734
2,0.002577500000000327,4.676620751729756,-0.0008924576816549123,-12.0,-2.339649071311937,12.0,-0.00145581869189626,0.0002338756613630284,0.0002338756604705706,0.0004676620751729757,0.0007543278964920741,-0.0002338756613630283
2,0.002577700000000327,4.687724506281993,-0.0008918824666732661,-12.0,-2.345200085759831,12.0,-0.001456445623056801,0.0002344308203293159,0.0002344308194374333,0.0004687724506281993,0.0007532894047528049,-0.0002344308203293157
2,0.002577900000000327,4.698820858242112,-0.000891305855041713,-12.0,-2.350747396816677,12.0,-0.001457071610040883,0.0002349856090961638,0.0002349856082048577,0.0004698820858242112,0.0007522510792217774,-0.0002349856090961636
2,0.0025781000000003273,4.709909790087402,-0.0008907278476799618,-12.0,-2.3562909957225,12.0,-0.001457696652618967,0.0002355400267874822,0.0002355400258967541,0.0004709909790087402,0.0007512129222979891,-0.000235540026787482
2,0.0025783000000003274,4.720991284306958,-0.0008901484455119402,-12.0,-2.361830873723231,12.0,-0.001458320750565512,0.0002360940725277721,0.0002360940716376235,0.0004720991284306958,0.0007501749363820476,-0.0002360940725277719
2,0.0025785000000003275,4.732065323401555,-0.0008895676494407034,-12.0,-2.367367022070615,12.0,-0.00145894390365825,0.0002366477454421176,0.0002366477445525498,0.0004732065323401555,0.0007491371238763644,-0.0002366477454421174
2,0.0025787000000003276,4.743131889883774,-0.0008889854604061664,-12.0,-2.37289943202235,12.0,-0.00145956611167819,0.0002372010446561946,0.000237201043767209,0.0004743131889883774,0.0007480994871849889,-0.0002372010446561944
2,0.0025789000000003277,4.754190966278002,-0.0008884018793129389,-12.0,-2.37842809484199,12.0,-0.001460187374410227,0.0002377539692962679,0.0002377539684078658,0.0004754190966278002,0.0007470620287138019,-0.0002377539692962677
2,0.002579100000000328,4.76524253512039,-0.0008878169070942743,-12.0,-2.383953001799005,12.0,-0.001460807691642474,0.0002383065184891913,0.0002383065176013743,0.0004765242535120391,0.0007460247508704332,-0.0002383065184891911
2,0.002579300000000328,4.77628657895903,-0.0008872305446836481,-12.0,-2.389474144168846,12.0,-0.001461427063166598,0.0002388586913624164,0.0002388586904751857,0.000477628657895903,0.0007449876560639834,-0.0002388586913624162
2,0.002579500000000328,4.787323080353842,-0.000886642792994996,-12.0,-2.394991513232843,12.0,-0.001462045488777708,0.000239410487043985,0.0002394104861573419,0.0004787323080353843,0.0007439507467055517,-0.0002394104870439848
2,0.002579700000000328,4.798352021876687,-0.0008860536529786689,-12.0,-2.400505100278348,12.0,-0.001462662968274742,0.0002399619046625371,0.0002399619037764833,0.0004798352021876687,0.000742914025207625,-0.0002399619046625369
2,0.0025799000000003283,4.809373386111365,-0.0008854631255508227,-12.0,-2.40601489659864,12.0,-0.001463279501459525,0.0002405129433473091,0.0002405129424618458,0.0004809373386111365,0.0007418774939846884,-0.0002405129433473089
2,0.0025801000000003284,4.820387155653572,-0.0008848712116553692,-12.0,-2.411520893492981,12.0,-0.001463895088137712,0.0002410636022281328,0.0002410636013432614,0.0004820387155653572,0.0007408411554528371,-0.0002410636022281326
2,0.0025803000000003285,4.831393313111102,-0.0008842779122357758,-12.0,-2.417023082266684,12.0,-0.001464509728118679,0.0002416138804354452,0.0002416138795511669,0.0004831393313111102,0.0007398050120296928,-0.0002416138804354449
2,0.0025805000000003286,4.842391841103705,-0.0008836832282170803,-12.0,-2.42252145423101,12.0,-0.001465123421214853,0.0002421637771002795,0.0002421637762165961,0.0004842391841103705,0.0007387690661347646,-0.0002421637771002793
2,0.0025807000000003287,4.853382722263194,-0.0008830871605602919,-12.0,-2.428016000703309,12.0,-0.001465736167242493,0.0002427132913542751,0.0002427132904711877,0.0004853382722263194,0.0007377333201890879,-0.0002427132913542749
2,0.002580900000000329,4.864365939233481,-0.000882489710194001,-12.0,-2.433506713006929,12.0,-0.00146634796602102,0.0002432624223296736,0.0002432624214471837,0.0004864365939233481,0.0007366977766155025,-0.0002432624223296735
2,0.002581100000000329,4.875341474670511,-0.0008818908780690027,-12.0,-2.438993582471267,12.0,-0.001466958817373354,0.00024381116915932,0.000243811168277429,0.0004875341474670511,0.0007356624378384857,-0.0002438111691593198
2,0.002581300000000329,4.88630931124244,-0.0008812906651431973,-12.0,-2.444476600431841,12.0,-0.001467568721126467,0.0002443595309766701,0.0002443595300953791,0.000488630931124244,0.0007346273062841246,-0.0002443595309766698
2,0.002581500000000329,4.897269431629557,-0.0008806890723540572,-12.0,-2.449955758230201,12.0,-0.00146817767711005,0.0002449075069157849,0.0002449075060350955,0.0004897269431629557,0.0007335923843802827,-0.0002449075069157846
2,0.0025817000000003293,4.908221818524285,-0.0008800861006594829,-12.0,-2.455431047213993,12.0,-0.001468785685158014,0.0002454550961113336,0.0002454550952312473,0.0004908221818524285,0.0007325576745562945,-0.0002454550961113333
2,0.0025819000000003294,4.919166454631338,-0.0008794817510215935,-12.0,-2.460902458737019,12.0,-0.001469392745107156,0.0002460022976986,0.000246002296819118,0.0004919166454631338,0.0007315231792432986,-0.0002460022976985998
2,0.0025821000000003295,4.93010332266764,-0.000878876024385411,-12.0,-2.466369984159158,12.0,-0.001469998856797883,0.0002465491108134775,0.0002465491099346013,0.000493010332266764,0.0007304889008740989,-0.0002465491108134774
2,0.0025823000000003296,4.941032405362329,-0.000878268921715053,-12.0,-2.471833614846427,12.0,-0.001470604020074484,0.0002470955345924714,0.0002470955337142022,0.0004941032405362329,0.0007294548418830815,-0.0002470955345924712
2,0.0025825000000003298,4.951953685456923,-0.0008776604439808544,-12.0,-2.477293342171037,12.0,-0.001471208234784138,0.0002476415681727058,0.0002476415672950452,0.0004951953685456923,0.0007284210047063533,-0.0002476415681727057
2,0.00258270000000033,4.962867145705227,-0.000877050592132278,-12.0,-2.482749157511318,12.0,-0.001471811500778075,0.0002481872106919189,0.000248187209814868,0.0004962867145705227,0.0007273873917814921,-0.0002481872106919186
2,0.00258290000000033,4.973772768873348,-0.0008764393671401027,-12.0,-2.488201052251778,12.0,-0.001472413817910689,0.000248732461288464,0.0002487324604120244,0.0004973772768873349,0.0007263540055478801,-0.0002487324612884639
2,0.00258310000000033,4.984670537739825,-0.0008758267699771061,-12.0,-2.493649017783146,12.0,-0.001473015186039928,0.0002492773191013172,0.0002492773182254902,0.0004984670537739826,0.0007253208484464813,-0.0002492773191013169
2,0.00258330000000033,4.995560435095623,-0.0008752128016109584,-12.0,-2.499093045502356,12.0,-0.001473615605027179,0.0002498217832700747,0.0002498217823948617,0.0004995560435095623,0.0007242879229198418,-0.0002498217832700745
2,0.0025835000000003303,5.006442443744088,-0.0008745974630079978,-12.0,-2.504533126812531,12.0,-0.001474215074737384,0.0002503658529349525,0.0002503658520603548,0.0005006442443744088,0.0007232552314122009,-0.0002503658529349523
2,0.0025837000000003304,5.017316546500997,-0.0008739807551441103,-12.0,-2.509969253123022,12.0,-0.001474813595039037,0.000250909527236788,0.000250909526362807,0.0005017316546500997,0.0007222227763693245,-0.0002509095272367878
2,0.0025839000000003306,5.028182726194684,-0.0008733626790053961,-12.0,-2.515401415849477,12.0,-0.001475411165803964,0.0002514528053170473,0.0002514528044436845,0.0005028182726194685,0.0007211905602385882,-0.0002514528053170471
2,0.0025841000000003307,5.039040965665971,-0.000872743235556861,-12.0,-2.520829606413753,12.0,-0.001476007786907485,0.0002519956863178198,0.0002519956854450764,0.0005039040965665972,0.0007201585854691717,-0.0002519956863178196
2,0.0025843000000003308,5.049891247768166,-0.0008721224257826066,-12.0,-2.526253816243981,12.0,-0.001476603458228476,0.0002525381693818201,0.0002525381685096974,0.0005049891247768166,0.0007191268545116702,-0.0002525381693818199
2,0.002584500000000331,5.060733555367217,-0.0008715002506751723,-12.0,-2.531674036774624,12.0,-0.001477198179649364,0.0002530802536523952,0.0002530802527808947,0.0005060733555367217,0.0007180953698182613,-0.0002530802536523949
2,0.002584700000000331,5.071567871341651,-0.000870876711204005,-12.0,-2.537090259446399,12.0,-0.001477791951055796,0.0002536219382735198,0.0002536219374026427,0.0005071567871341652,0.0007170641338428707,-0.0002536219382735195
2,0.002584900000000331,5.082394178582548,-0.0008702518083623101,-12.0,-2.542502475706335,12.0,-0.001478384772337471,0.0002541632223897976,0.0002541632215195455,0.0005082394178582548,0.0007160331490407013,-0.0002541632223897973
2,0.0025851000000003312,5.093212459993698,-0.0008696255431435151,-12.0,-2.547910677007819,12.0,-0.001478976643386753,0.0002547041051464679,0.0002547041042768421,0.0005093212459993698,0.000715002417869065,-0.0002547041051464676
2,0.0025853000000003313,5.104022698491616,-0.0008689979165388273,-12.0,-2.553314854810596,12.0,-0.001479567564100115,0.0002552445856894059,0.0002552445848204077,0.0005104022698491616,0.0007139719427864122,-0.0002552445856894057
2,0.0025855000000003315,5.114824877005388,-0.0008683689295221342,-12.0,-2.558715000580666,12.0,-0.001480157534377358,0.0002557846631651147,0.0002557846622967455,0.0005114824877005389,0.0007129417262528026,-0.0002557846631651145
2,0.0025857000000003316,5.125618978476876,-0.0008677385831152851,-12.0,-2.564111105790496,12.0,-0.001480746554121559,0.0002563243367207384,0.0002563243358529995,0.0005125618978476876,0.0007119117707301281,-0.0002563243367207381
2,0.0025859000000003317,5.136404985860804,-0.0008671068783054903,-12.0,-2.569503161918929,12.0,-0.001481334623239683,0.0002568636055040625,0.0002568636046369555,0.0005136404985860804,0.000710882078681585,-0.0002568636055040623
2,0.002586100000000332,5.147182882124518,-0.0008664738160752972,-12.0,-2.57489116045111,12.0,-0.001481921741641634,0.0002574024686635038,0.0002574024677970297,0.0005147182882124519,0.0007098526525721738,-0.0002574024686635035
2,0.002586300000000332,5.157952650248224,-0.0008658393974536605,-12.0,-2.580275092878686,12.0,-0.001482507909241371,0.0002579409253481236,0.0002579409244822839,0.0005157952650248224,0.0007088234948681993,-0.0002579409253481233
2,0.002586500000000332,5.168714273225077,-0.0008652036234322313,-12.0,-2.585654950699723,12.0,-0.001483093125955848,0.0002584789747076294,0.0002584789738424255,0.0005168714273225077,0.0007077946080377151,-0.000258478974707629
2,0.002586700000000332,5.179467734060927,-0.0008645664950002185,-12.0,-2.591030725418629,12.0,-0.00148367739170574,0.0002590166158923632,0.0002590166150277964,0.0005179467734060928,0.000706765994550218,-0.0002590166158923629
2,0.0025869000000003322,5.190213015774567,-0.000863928013193016,-12.0,-2.596402408546354,12.0,-0.00148426070641533,0.0002595538480533164,0.000259553847189388,0.0005190213015774567,0.0007057376568768148,-0.0002595538480533161
2,0.0025871000000003324,5.200950101397801,-0.0008632881790056057,-12.0,-2.601769991600291,12.0,-0.001484843070012065,0.0002600906703421288,0.0002600906694788404,0.0005200950101397801,0.0007047095974899997,-0.0002600906703421286
2,0.0025873000000003325,5.211678973975274,-0.0008626469934480685,-12.0,-2.607133466104279,12.0,-0.001485424482426945,0.0002606270819110835,0.0002606270810484361,0.0005211678973975274,0.0007036818188640714,-0.0002606270819110831
2,0.0025875000000003326,5.222399616564597,-0.0008620044575349262,-12.0,-2.612492823588646,12.0,-0.001486004943594688,0.0002611630819131114,0.0002611630810511066,0.0005222399616564597,0.000702654323474633,-0.0002611630819131111
2,0.0025877000000003327,5.233112012236436,-0.0008613605722922468,-12.0,-2.617848055590262,12.0,-0.001486584453453177,0.0002616986695017973,0.0002616986686404365,0.0005233112012236436,0.0007016271137988694,-0.000261698669501797
2,0.002587900000000333,5.243816144074466,-0.0008607153387243383,-12.0,-2.623199153652473,12.0,-0.00148716301194407,0.0002622338438313752,0.0002622338429706595,0.0005243816144074467,0.0007006001923156313,-0.0002622338438313749
2,0.002588100000000333,5.254511995175356,-0.0008600687578541599,-12.0,-2.628546109325147,12.0,-0.001487740619012023,0.0002627686040567296,0.0002627686031966605,0.0005254511995175357,0.0006995735615050458,-0.0002627686040567294
2,0.002588300000000333,5.265199548648928,-0.0008594208307139972,-12.0,-2.633888914164743,12.0,-0.001488317274605744,0.0002633029493334032,0.0002633029484739821,0.0005265199548648928,0.0006985472238488777,-0.0002633029493334029
2,0.002588500000000333,5.275878787618081,-0.0008587715583141531,-12.0,-2.639227559734227,12.0,-0.001488892978677214,0.0002638368788175916,0.0002638368779588197,0.000527587878761808,0.0006975211818303906,-0.0002638368788175913
2,0.0025887000000003333,5.286549695218793,-0.0008581209416858027,-12.0,-2.644562037603135,12.0,-0.001489467731181693,0.0002643703916661452,0.000264370390808024,0.0005286549695218793,0.0006964954379344024,-0.0002643703916661449
2,0.0025889000000003334,5.29721225460026,-0.0008574689818610093,-12.0,-2.649892339347612,12.0,-0.001490041532077824,0.0002649034870365754,0.0002649034861791061,0.000529721225460026,0.0006954699946471743,-0.0002649034870365751
2,0.0025891000000003335,5.307866448924897,-0.0008568156798725024,-12.0,-2.655218456550414,12.0,-0.00149061438132847,0.0002654361640870545,0.0002654361632302385,0.0005307866448924898,0.0006944448544564108,-0.0002654361640870541
2,0.0025893000000003336,5.318512261368216,-0.0008561610367312511,-12.0,-2.660540380800815,12.0,-0.001491186278898882,0.0002659684219764088,0.0002659684211202474,0.0005318512261368217,0.0006934200198513707,-0.0002659684219764085
2,0.0025895000000003337,5.329149675119009,-0.0008555050534981845,-12.0,-2.665858103694802,12.0,-0.001491757224758639,0.0002665002598641308,0.0002665002590086253,0.0005329149675119009,0.0006923954933227838,-0.0002665002598641304
2,0.002589700000000334,5.339778673379406,-0.0008548477311978164,-12.0,-2.671171616834978,12.0,-0.001492327218880429,0.0002670316769103782,0.0002670316760555302,0.0005339778673379407,0.0006913712773627678,-0.0002670316769103779
2,0.002589900000000334,5.35039923936475,-0.000854189070866207,-12.0,-2.676480911830565,12.0,-0.001492896261240328,0.0002675626722759701,0.0002675626714217808,0.000535039923936475,0.0006903473744651889,-0.0002675626722759699
2,0.002590100000000334,5.361011356303682,-0.0008535290735438572,-12.0,-2.681785980297447,12.0,-0.00149346435181813,0.0002680932451223907,0.0002680932442688613,0.0005361011356303682,0.0006893237871250513,-0.0002680932451223903
2,0.002590300000000334,5.371615007438253,-0.0008528677402832585,-12.0,-2.687086813858229,12.0,-0.001494031490596792,0.0002686233946117948,0.0002686233937589268,0.0005371615007438253,0.00068830051783908,-0.0002686233946117945
2,0.0025905000000003343,5.382210176023859,-0.0008522050721146979,-12.0,-2.692383404142153,12.0,-0.00149459767756327,0.0002691531199070041,0.0002691531190547987,0.000538221017602386,0.0006872775691052213,-0.0002691531199070038
2,0.0025907000000003344,5.392796845329239,-0.0008515410700906667,-12.0,-2.697675742785166,12.0,-0.001495162912707293,0.0002696824201715079,0.0002696824193199665,0.000539279684532924,0.0006862549434230036,-0.0002696824201715075
2,0.0025909000000003345,5.403374998636632,-0.000850875735266543,-12.0,-2.702963821429974,12.0,-0.001495727196022478,0.000270211294569471,0.0002702112937185949,0.0005403374998636632,0.0006852326432935374,-0.0002702112945694707
2,0.0025911000000003346,5.413944619241701,-0.0008502090686810515,-12.0,-2.708247631725962,12.0,-0.001496290527505828,0.0002707397422657285,0.0002707397414155191,0.0005413944619241702,0.0006842106712190432,-0.0002707397422657281
2,0.0025913000000003347,5.424505690453532,-0.0008495410713893481,-12.0,-2.713527165329261,12.0,-0.001496852907157897,0.0002712677624257874,0.000271267761576246,0.0005424505690453531,0.0006831890297034626,-0.0002712677624257872
2,0.002591500000000335,5.435058195594781,-0.0008488717444556926,-12.0,-2.718802413902792,12.0,-0.001497414334982239,0.0002717953542158339,0.0002717953533669619,0.0005435058195594781,0.0006821677212522081,-0.0002717953542158336
2,0.002591700000000335,5.445602118001616,-0.0008482010889241387,-12.0,-2.724073369116205,12.0,-0.001497974810986624,0.0002723225168027285,0.000272322515954527,0.0005445602118001616,0.0006811467483718026,-0.0002723225168027281
2,0.002591900000000335,5.456137441023705,-0.0008475291058567258,-12.0,-2.729340022645928,12.0,-0.001498534335181601,0.0002728492493540075,0.0002728492485064781,0.0005456137441023705,0.0006801261135704895,-0.0002728492493540071
2,0.002592100000000335,5.466664148024369,-0.0008468557963214884,-12.0,-2.734602366175225,12.0,-0.001499092907581601,0.0002733755510378907,0.0002733755501910345,0.0005466664148024369,0.0006791058193578448,-0.0002733755510378903
2,0.0025923000000003353,5.477182222380488,-0.0008461811613666992,-12.0,-2.739860391394107,12.0,-0.001499650528204277,0.0002739014210232743,0.0002739014201770928,0.0005477182222380488,0.0006780858682447766,-0.000273901421023274
2,0.0025925000000003354,5.487691647482603,-0.0008455052020746034,-12.0,-2.745114089999465,12.0,-0.001500207197070891,0.0002744268584797394,0.0002744268576342339,0.0005487691647482602,0.0006770662627437196,-0.0002744268584797391
2,0.0025927000000003355,5.498192406734889,-0.0008448279194919195,-12.0,-2.750363453694962,12.0,-0.001500762914205755,0.0002749518625775474,0.000274951861732719,0.000549819240673489,0.0006760470053684686,-0.000274951862577547
2,0.0025929000000003356,5.508684483555224,-0.000844149314707332,-12.0,-2.755608474191166,12.0,-0.001501317679637348,0.0002754764324876462,0.0002754764316434966,0.0005508684483555225,0.0006750280986342061,-0.0002754764324876459
2,0.0025931000000003358,5.519167861375207,-0.0008434693887746647,-12.0,-2.760849143205459,12.0,-0.001501871493397033,0.0002760005673816688,0.0002760005665381991,0.0005519167861375207,0.0006740095450574191,-0.0002760005673816684
2,0.002593300000000336,5.529642523640107,-0.0008427881427723882,-12.0,-2.766085452462094,12.0,-0.001502424355519838,0.0002765242664319326,0.000276524265589144,0.0005529642523640107,0.0006729913471562321,-0.0002765242664319322
2,0.002593500000000336,5.54010845380905,-0.0008421055777816377,-12.0,-2.771317393692254,12.0,-0.001502976266044176,0.0002770475288114475,0.0002770475279693416,0.000554010845380905,0.00067197350744988,-0.0002770475288114472
2,0.002593700000000336,5.550565635354912,-0.0008414216948671172,-12.0,-2.776544958633973,12.0,-0.001503527225011903,0.000277570353693911,0.0002775703528524889,0.0005550565635354912,0.0006709560284591243,-0.0002775703536939107
2,0.002593900000000336,5.561014051764334,-0.0008407364951124041,-12.0,-2.781768139032201,12.0,-0.001504077232468481,0.0002780927402537093,0.0002780927394129723,0.0005561014051764335,0.0006699389127061139,-0.0002780927402537088
2,0.0025941000000003363,5.571453686537886,-0.0008400499796048511,-12.0,-2.78698692663885,12.0,-0.001504626288462485,0.0002786146876659249,0.0002786146868258745,0.0005571453686537886,0.000668922162714275,-0.0002786146876659245
2,0.0025943000000003364,5.581884523189953,-0.0008393621494109382,-12.0,-2.792201313212714,12.0,-0.001505174393046316,0.0002791361951063306,0.0002791361942669682,0.0005581884523189953,0.0006679057810083933,-0.0002791361951063304
2,0.0025945000000003366,5.592306545248825,-0.0008386730056342273,-12.0,-2.797411290519594,12.0,-0.001505721546275429,0.0002796572617513963,0.000279657260912723,0.0005592306545248826,0.0006668897701147813,-0.000279657261751396
2,0.0025947000000003367,5.602719736256735,-0.0008379825493445292,-12.0,-2.80261685033221,12.0,-0.001506267748209056,0.0002801778867782869,0.000280177885940304,0.0005602719736256736,0.0006658741325609174,-0.0002801778867782865
2,0.0025949000000003368,5.613124079769789,-0.0008372907816360797,-12.0,-2.807817984430256,12.0,-0.001506812998909757,0.0002806980693648623,0.0002806980685275713,0.0005613124079769789,0.0006648588708756953,-0.0002806980693648621
2,0.002595100000000337,5.623519559358155,-0.0008365977036060013,-12.0,-2.813014684600464,12.0,-0.001507357298443257,0.0002812178086896861,0.0002812178078530881,0.0005623519559358155,0.0006638439875893132,-0.0002812178086896858
2,0.002595300000000337,5.633906158605964,-0.000835903316335429,-12.0,-2.818206942636518,12.0,-0.001507900646879223,0.0002817371039320186,0.000281737103096115,0.0005633906158605963,0.0006628294852334127,-0.0002817371039320183
2,0.002595500000000337,5.644283861111324,-0.0008352076209210413,-12.0,-2.823394750339121,12.0,-0.001508443044290431,0.0002822559542718203,0.0002822559534366122,0.0005644283861111325,0.0006618153663407733,-0.00028225595427182
2,0.0025957000000003372,5.654652650486469,-0.0008345106184686202,-12.0,-2.828578099516043,12.0,-0.00150898449075304,0.0002827743588897578,0.0002827743580552469,0.0005654652650486469,0.0006608016334458677,-0.0002827743588897575
2,0.0025959000000003373,5.665012510357678,-0.0008338123100628536,-12.0,-2.833756981982056,12.0,-0.001509524986346933,0.0002832923169671997,0.000283292316133387,0.0005665012510357678,0.000659788289083918,-0.0002832923169671994
2,0.0025961000000003375,5.675363424365283,-0.0008331126968093017,-12.0,-2.838931389558982,12.0,-0.001510064531155098,0.0002838098276862177,0.0002838098268531046,0.0005675363424365283,0.0006587753357920334,-0.0002838098276862174
2,0.0025963000000003376,5.685705376163829,-0.0008324117798155228,-12.0,-2.844101314075755,12.0,-0.001510603125264354,0.0002843268902295944,0.0002843268893971822,0.0005685705376163828,0.0006577627761082117,-0.000284326890229594
2,0.0025965000000003377,5.696038349421952,-0.0008317095601717561,-12.0,-2.849266747368329,12.0,-0.001511140768764241,0.0002848435037808162,0.0002848435029491061,0.0005696038349421951,0.0006567506125720601,-0.0002848435037808157
2,0.002596700000000338,5.706362327822491,-0.0008310060390019913,-12.0,-2.854427681279809,12.0,-0.001511677461748517,0.0002853596675240812,0.0002853596666930747,0.0005706362327822491,0.0006557388477242687,-0.0002853596675240807
2,0.002596900000000338,5.716677295062486,-0.000830301217394025,-12.0,-2.859584107660346,12.0,-0.00151221320431405,0.0002858753806442956,0.000285875379813994,0.0005716677295062487,0.0006547274841069428,-0.0002858753806442953
2,0.002597100000000338,5.726983234853205,-0.0008295950964780641,-12.0,-2.86473601836727,12.0,-0.001512747996560759,0.0002863906423270797,0.0002863906414974842,0.0005726983234853205,0.0006537165242634091,-0.0002863906423270792
2,0.002597300000000338,5.73728013092019,-0.0008288876773481224,-12.0,-2.869883405264994,12.0,-0.001513281838592728,0.000286905451758765,0.0002869054509298769,0.000573728013092019,0.0006527059707382987,-0.0002869054517587646
2,0.0025975000000003383,5.747567967003205,-0.000828178961124193,-12.0,-2.875026260225078,12.0,-0.00151381473051676,0.0002874198081263958,0.0002874198072982165,0.0005747567967003205,0.0006516958260775751,-0.0002874198081263954
2,0.0025977000000003384,5.757846726856395,-0.0008274689489291553,-12.0,-2.880164575126281,12.0,-0.00151434667244349,0.0002879337106177356,0.0002879337097902663,0.0005757846726856396,0.0006506860928283675,-0.0002879337106177352
2,0.0025979000000003385,5.768116394248219,-0.0008267576418676814,-12.0,-2.885298341854488,12.0,-0.001514877664486936,0.0002884471584212624,0.0002884471575945043,0.0005768116394248219,0.0006496767735391373,-0.000288447158421262
2,0.0025981000000003386,5.778376952961435,-0.0008260450410648712,-12.0,-2.890427552302766,12.0,-0.001515407706764282,0.0002889601507261705,0.000288960149900125,0.0005778376952961435,0.000648667870759595,-0.0002889601507261701
2,0.0025983000000003387,5.788628386793271,-0.0008253311476487113,-12.0,-2.89555219837142,12.0,-0.001515936799396433,0.0002894726867223776,0.000289472685897046,0.0005788628386793271,0.0006476593870406722,-0.0002894726867223771
2,0.002598500000000339,5.798870679555333,-0.0008246159627303129,-12.0,-2.900672271967921,12.0,-0.001516464942507401,0.0002899847656005195,0.0002899847647759032,0.0005798870679555333,0.0006466513249346884,-0.000289984765600519
2,0.002598700000000339,5.809103815073612,-0.0008238994874383287,-12.0,-2.905787765006958,12.0,-0.001516992136224971,0.0002904963865519525,0.0002904963857280525,0.0005809103815073612,0.0006456436869949345,-0.000290496386551952
2,0.002598900000000339,5.81932777718862,-0.0008231817229056304,-12.0,-2.910898669410486,12.0,-0.001517518380679872,0.0002910075487687584,0.0002910075479455763,0.000581932777718862,0.0006446364757762557,-0.000291007548768758
2,0.002599100000000339,5.829542549755391,-0.0008224626702622029,-12.0,-2.916004977107716,12.0,-0.001518043676006553,0.0002915182514437458,0.0002915182506212827,0.0005829542549755391,0.0006436296938344965,-0.0002915182514437453
2,0.0025993000000003393,5.839748116643363,-0.0008217423306191574,-12.0,-2.921106680035034,12.0,-0.001518568022343125,0.0002920284937704419,0.0002920284929486991,0.0005839748116643363,0.0006426233437267781,-0.0002920284937704414
2,0.0025995000000003394,5.84994446173655,-0.0008210207051346785,-12.0,-2.926203770136184,12.0,-0.001519091419830254,0.0002925382749431054,0.0002925382741220843,0.000584994446173655,0.0006416174280115816,-0.0002925382749431049
2,0.0025997000000003395,5.860131568933627,-0.0008202977949343104,-12.0,-2.931296239362193,12.0,-0.001519613868613046,0.0002930475941567263,0.0002930475933364281,0.0005860131568933628,0.0006406119492483875,-0.0002930475941567259
2,0.0025999000000003396,5.870309422147709,-0.0008195736011400445,-12.0,-2.936384079671301,12.0,-0.001520135368839104,0.0002935564506070166,0.0002935564497874425,0.0005870309422147709,0.0006396069099980084,-0.0002935564506070162
2,0.0026001000000003397,5.880478005306581,-0.0008188481249125079,-12.0,-2.94146728302914,12.0,-0.00152065592066003,0.0002940648434904232,0.0002940648426715747,0.0005880478005306581,0.000638602312822506,-0.0002940648434904228
2,0.00260030000000034,5.890637302352739,-0.0008181213673814636,-12.0,-2.946545841408655,12.0,-0.001521175524230534,0.0002945727720041278,0.0002945727711860061,0.000589063730235274,0.0006375981602849412,-0.0002945727720041273
2,0.00260050000000034,5.900787297243261,-0.0008173933296864444,-12.0,-2.951619746790094,12.0,-0.001521694179708821,0.0002950802353460411,0.0002950802345286474,0.0005900787297243262,0.0006365944549498459,-0.0002950802353460407
2,0.00260070000000034,5.910927973949907,-0.0008166640129720903,-12.0,-2.956688991161052,12.0,-0.001522211887256264,0.0002955872327148085,0.000295587231898144,0.0005910927973949907,0.0006355911993827235,-0.000295587232714808
2,0.00260090000000034,5.92105931645921,-0.0008159334183941436,-12.0,-2.96175356651653,12.0,-0.001522728647038007,0.0002960937633098142,0.0002960937624938802,0.000592105931645921,0.000634588396150354,-0.0002960937633098136
2,0.0026011000000003403,5.931181308772425,-0.000815201547087252,-12.0,-2.966813464858859,12.0,-0.001523244459222362,0.0002965998263311777,0.0002965998255159757,0.0005931181308772425,0.0006335860478206556,-0.0002965998263311772
2,0.0026013000000003404,5.941293934905527,-0.0008144684002038272,-12.0,-2.971868678197753,12.0,-0.001523759323980967,0.0002971054209797554,0.0002971054201652866,0.0005941293934905527,0.0006325841569626567,-0.0002971054209797549
2,0.0026015000000003405,5.951397178889339,-0.0008137339789058284,-12.0,-2.976919198550369,12.0,-0.001524273241488905,0.0002976105464571467,0.0002976105456434123,0.0005951397178889339,0.0006315827261467177,-0.0002976105464571463
2,0.0026017000000003406,5.961491024769498,-0.0008129982843330108,-12.0,-2.981965017941231,12.0,-0.001524786211924811,0.0002981152019656903,0.0002981152011526916,0.0005961491024769498,0.0006305817579441431,-0.0002981152019656898
2,0.0026019000000003407,5.971575456606419,-0.000812261317644225,-12.0,-2.987006128402289,12.0,-0.001525298235470374,0.000298619386708465,0.0002986193858962031,0.000597157545660642,0.000629581254927597,-0.0002986193867084645
2,0.002602100000000341,5.981650458475444,-0.0008115230800014306,-12.0,-2.992042521972955,12.0,-0.001525809312310777,0.0002991230998892958,0.0002991230990777722,0.0005981650458475444,0.0006285812196707707,-0.0002991230998892953
2,0.002602300000000341,5.991716014466838,-0.0008107835725656987,-12.0,-2.997074190700103,12.0,-0.00152631944263476,0.0002996263407127542,0.0002996263399019702,0.0005991716014466838,0.0006275816547483826,-0.0002996263407127538
2,0.002602500000000341,6.001772108685679,-0.0008100427964790047,-12.0,-3.002101126637986,12.0,-0.001526828626634169,0.0003001291083841513,0.0003001291075741079,0.000600177210868568,0.000626582562736594,-0.0003001291083841507
2,0.002602700000000341,6.011818725252033,-0.000809300752927733,-12.0,-3.007123321848415,12.0,-0.001527336864504458,0.0003006314021095492,0.000300631401300248,0.0006011818725252032,0.0006255839462123991,-0.0003006314021095487
2,0.0026029000000003413,6.02185584830102,-0.0008085574430678477,-12.0,-3.012140768400686,12.0,-0.001527844156444191,0.0003011332210957623,0.0003011332202872044,0.0006021855848301021,0.0006245858077540134,-0.0003011332210957618
2,0.0026031000000003414,6.031883461982607,-0.0008078128680506502,-12.0,-3.017153458371508,12.0,-0.001528350502655595,0.0003016345645503463,0.0003016345637425329,0.0006031883461982608,0.0006235881499407903,-0.0003016345645503458
2,0.0026033000000003415,6.041901550461837,-0.0008070670290667437,-12.0,-3.02216138384519,12.0,-0.00152885590334384,0.0003021354316816127,0.0003021354308745452,0.0006041901550461838,0.0006225909753532488,-0.0003021354316816123
2,0.0026035000000003417,6.051910097918864,-0.000806319927276089,-12.0,-3.027164536913545,12.0,-0.001529360358717979,0.0003026358216986274,0.000302635820892307,0.0006051910097918864,0.0006215942865729074,-0.0003026358216986269
2,0.0026037000000003418,6.061909088548823,-0.0008055715638488614,-12.0,-3.0321629096759,12.0,-0.001529863868990011,0.0003031357338112057,0.0003031357330056336,0.0006061909088548824,0.0006205980861823113,-0.0003031357338112052
2,0.002603900000000342,6.071898506561948,-0.0008048219399565681,-12.0,-3.037156494239128,12.0,-0.001530366434375263,0.0003036351672299177,0.0003036351664250952,0.0006071898506561948,0.0006196023767653658,-0.0003036351672299172
2,0.002604100000000342,6.081878336183631,-0.0008040710567858156,-12.0,-3.042145282717705,12.0,-0.001530868055092838,0.0003041341211660925,0.0003041341203620209,0.0006081878336183631,0.0006186071609066701,-0.0003041341211660919
2,0.002604300000000342,6.091848561654399,-0.0008033189155005616,-12.0,-3.047129267233639,12.0,-0.001531368731365002,0.0003046325948318143,0.000304632594028495,0.0006091848561654399,0.0006176124411922945,-0.0003046325948318138
2,0.0026045000000003422,6.101809167229884,-0.0008025655172829715,-12.0,-3.052108439916523,12.0,-0.001531868463416741,0.0003051305874399245,0.0003051305866373584,0.0006101809167229885,0.0006166182202091697,-0.000305130587439924
2,0.0026047000000003423,6.111760137180993,-0.000801810863324981,-12.0,-3.057082792903593,12.0,-0.001532367251477595,0.0003056280982040273,0.0003056280974022159,0.0006111760137180993,0.0006156245005452532,-0.0003056280982040268
2,0.0026049000000003424,6.121701455793826,-0.0008010549547927681,-12.0,-3.062052318339652,12.0,-0.001532865095779434,0.0003061251263384865,0.000306125125537431,0.0006121701455793826,0.0006146312847896684,-0.0003061251263384859
2,0.0026051000000003426,6.131633107369663,-0.0008002977928787125,-12.0,-3.067017008377127,12.0,-0.001533361996557681,0.0003066216710584254,0.0003066216702581271,0.0006131633107369663,0.0006136385755326768,-0.0003066216710584249
2,0.0026053000000003427,6.141555076225139,-0.0007995393787738614,-12.0,-3.071976855176124,12.0,-0.001533857954051643,0.0003071177315797355,0.0003071177307801956,0.0006141555076225139,0.0006126463753653166,-0.000307117731579735
2,0.002605500000000343,6.151467346692143,-0.0007987797136563834,-12.0,-3.076931850904352,12.0,-0.001534352968503239,0.0003076133071190702,0.00030761330632029,0.0006151467346692144,0.0006116546868797645,-0.0003076133071190696
2,0.002605700000000343,6.161369903117837,-0.0007980187987191023,-12.0,-3.081881987737185,12.0,-0.00153484704015816,0.0003081083968938471,0.0003081083960958278,0.0006161369903117837,0.0006106635126693905,-0.0003081083968938465
2,0.002605900000000343,6.171262729864777,-0.0007972566351579502,-12.0,-3.086827257857692,12.0,-0.001535340169265043,0.000308603000122254,0.0003086029993249968,0.0006171262729864778,0.0006096728553285913,-0.0003086030001222534
2,0.002606100000000343,6.181145811310905,-0.0007964932241653067,-12.0,-3.091767653456633,12.0,-0.001535832356076405,0.0003090971160232473,0.0003090971152267535,0.0006181145811310905,0.0006086827174524301,-0.0003090971160232468
2,0.0026063000000003432,6.191019131849504,-0.0007957285669308867,-12.0,-3.096703166732434,12.0,-0.001536323600847711,0.0003095907438165509,0.0003095907430208218,0.0006191019131849504,0.0006076931016372467,-0.0003095907438165503
2,0.0026065000000003434,6.200882675889252,-0.0007949626646528429,-12.0,-3.101633789891232,12.0,-0.001536813903837642,0.0003100838827226585,0.0003100838819276953,0.0006200882675889253,0.0006067040104805743,-0.0003100838827226579
2,0.0026067000000003435,6.21073642785433,-0.000794195518538654,-12.0,-3.106559515146928,12.0,-0.001537303265308376,0.0003105765319628395,0.0003105765311686435,0.000621073642785433,0.0006057154465805847,-0.0003105765319628389
2,0.0026069000000003436,6.220580372184358,-0.0007934271297762585,-12.0,-3.111480334721115,12.0,-0.001537791685525591,0.0003110686907591344,0.0003110686899657068,0.0006220580372184358,0.0006047274125366431,-0.0003110686907591339
2,0.0026071000000003437,6.2304144933344,-0.000792657499573135,-12.0,-3.116396240843134,12.0,-0.001538279164757961,0.0003115603583343567,0.0003115603575416986,0.00062304144933344,0.0006037399109490582,-0.0003115603583343561
2,0.002607300000000344,6.240238775775101,-0.0007918866291394266,-12.0,-3.121307225750126,12.0,-0.001538765703277545,0.0003120515339120992,0.000312051533120212,0.0006240238775775101,0.0006027529444190827,-0.0003120515339120987
2,0.002607500000000344,6.250053203992625,-0.0007911145196697333,-12.0,-3.126213281686962,12.0,-0.00153925130135979,0.0003125422167167298,0.0003125422159256148,0.0006250053203992626,0.000601766515548996,-0.0003125422167167292
2,0.002607700000000344,6.259857762488639,-0.0007903411723759746,-12.0,-3.131114400906295,12.0,-0.00153973595928325,0.0003130324059733925,0.0003130324051830508,0.0006259857762488639,0.0006007806269421045,-0.0003130324059733919
2,0.002607900000000344,6.269652435780479,-0.0007895665884740666,-12.0,-3.136010575668617,12.0,-0.001540219677330423,0.0003135221009080148,0.0003135221001184477,0.000626965243578048,0.0005997952812024365,-0.0003135221009080143
2,0.0026081000000003443,6.279437208401063,-0.0007887907691639384,-12.0,-3.140901798242186,12.0,-0.001540702455785969,0.0003140113007473027,0.0003140112999585114,0.0006279437208401063,0.0005988104809353245,-0.0003140113007473022
2,0.0026083000000003444,6.2892120648989,-0.0007880137156623945,-12.0,-3.145788060903079,12.0,-0.00154118429493888,0.0003145000047187423,0.0003145000039307281,0.00062892120648989,0.0005978262287467673,-0.0003145000047187417
2,0.0026085000000003445,6.298976989838218,-0.0007872354291915684,-12.0,-3.150669355935251,12.0,-0.001541665195080755,0.0003149882120506065,0.0003149882112633705,0.0006298976989838218,0.000596842527243846,-0.000314988212050606
2,0.0026087000000003446,6.308731967798905,-0.0007864559109527214,-12.0,-3.15554567563044,12.0,-0.001542145156507357,0.0003154759219719494,0.0003154759211854929,0.0006308731967798906,0.0005958593790344191,-0.0003154759219719488
2,0.0026089000000003447,6.318476983376557,-0.0007856751621799773,-12.0,-3.160417012288301,12.0,-0.001542624179516394,0.0003159631337126127,0.0003159631329269369,0.0006318476983376558,0.0005948767867275662,-0.0003159631337126121
2,0.002609100000000345,6.328212021182525,-0.0007848931840790385,-12.0,-3.165283358216314,12.0,-0.001543102264410068,0.000316449846503224,0.0003164498457183302,0.0006328212021182525,0.0005938947529329497,-0.0003164498465032235
2,0.002609300000000345,6.337937065843854,-0.0007841099778760352,-12.0,-3.170144705729841,12.0,-0.001543579411493079,0.0003169360595751971,0.0003169360587910865,0.0006337937065843854,0.0005929132802614256,-0.0003169360595751965
2,0.002609500000000345,6.347652102003443,-0.0007833255448006504,-12.0,-3.175001047152178,12.0,-0.00154405562107407,0.0003174217721607384,0.0003174217713774122,0.0006347652102003444,0.0005919323713245439,-0.0003174217721607377
2,0.002609700000000345,6.35735711431995,-0.0007825398860648036,-12.0,-3.179852374814471,12.0,-0.001544530893464124,0.0003179069834928413,0.0003179069827103008,0.000635735711431995,0.0005909520287349646,-0.0003179069834928407
2,0.0026099000000003453,6.367052087467888,-0.0007817530029110564,-12.0,-3.184698681055841,12.0,-0.001545005228978658,0.0003183916928052936,0.00031839169202354,0.0006367052087467888,0.0005899722551059583,-0.000318391692805293
2,0.0026101000000003454,6.376737006137633,-0.0007809648965513283,-12.0,-3.189539958223293,12.0,-0.001545478627935359,0.0003188758993326748,0.0003188758985517092,0.0006376737006137634,0.0005889930530520171,-0.0003188758993326742
2,0.0026103000000003455,6.386411855035377,-0.0007801755682224076,-12.0,-3.194376198671777,12.0,-0.001545951090655695,0.000319359602310356,0.00031935960153018,0.0006386411855035377,0.0005880144251882435,-0.0003193596023103555
2,0.0026105000000003456,6.396076618883283,-0.0007793850191624152,-12.0,-3.199207394764235,12.0,-0.001546422617464349,0.0003198428009745079,0.0003198428001951223,0.0006396076618883284,0.0005870363741306839,-0.0003198428009745073
2,0.0026107000000003457,6.405731282419405,-0.0007785932505925963,-12.0,-3.204033538871524,12.0,-0.001546893208689115,0.0003203254945620939,0.0003203254937834999,0.0006405731282419406,0.0005860589024963558,-0.0003203254945620931
2,0.002610900000000346,6.415375830397775,-0.0007778002637599535,-12.0,-3.20885462337253,12.0,-0.001547362864660951,0.0003208076823108776,0.0003208076815330768,0.0006415375830397774,0.0005850820129030543,-0.000320807682310877
2,0.002611100000000346,6.425010247588388,-0.0007770060598892847,-12.0,-3.213670640654088,12.0,-0.001547831585714587,0.0003212893634594206,0.0003212893626824139,0.0006425010247588388,0.0005841057079694623,-0.0003212893634594199
2,0.002611300000000346,6.434634518777189,-0.0007762106402235958,-12.0,-3.218481583111037,12.0,-0.001548299372187312,0.0003217705372470819,0.0003217705364708706,0.000643463451877719,0.0005831299903149567,-0.0003217705372470813
2,0.002611500000000346,6.444248628766223,-0.0007754140060107773,-12.0,-3.223287443146268,12.0,-0.001548766224419962,0.0003222512029140264,0.0003222512021386117,0.0006444248628766224,0.000582154862559997,-0.0003222512029140258
2,0.0026117000000003463,6.453852562373557,-0.0007746161584800682,-12.0,-3.22808821317066,12.0,-0.001549232142756873,0.0003227313597012187,0.0003227313589266019,0.0006453852562373557,0.0005811803273257365,-0.000322731359701218
2,0.0026119000000003464,6.463446304433277,-0.0007738170988780269,-12.0,-3.232883885603127,12.0,-0.001549697127545213,0.0003232110068504255,0.0003232110060766078,0.0006463446304433277,0.0005802063872340779,-0.0003232110068504249
2,0.0026121000000003465,6.473029839795637,-0.0007730168284592054,-12.0,-3.237674452870676,12.0,-0.001550161179135756,0.0003236901436042223,0.0003236901428312048,0.0006473029839795637,0.000579233044907923,-0.0003236901436042217
2,0.0026123000000003466,6.482603153326985,-0.0007722153484577277,-12.0,-3.242459907408332,12.0,-0.001550624297881997,0.0003241687692059881,0.0003241687684337721,0.0006482603153326985,0.0005782603029707845,-0.0003241687692059875
2,0.0026125000000003467,6.492166229909763,-0.0007714126601263693,-12.0,-3.247240241659198,12.0,-0.001551086484140929,0.0003246468828999077,0.0003246468821284945,0.0006492166229909764,0.0005772881640471461,-0.0003246468828999072
2,0.002612700000000347,6.501719054442656,-0.0007706087647219029,-12.0,-3.252015448074498,12.0,-0.001551547738272818,0.0003251244839309784,0.0003251244831603689,0.0006501719054442656,0.0005763166307623524,-0.0003251244839309777
2,0.002612900000000347,6.511261611840513,-0.0007698036634837813,-12.0,-3.256785519113518,12.0,-0.001552008060641319,0.000325601571545004,0.0003256015707751998,0.0006511261611840513,0.0005753457057421085,-0.0003256015715450035
2,0.002613100000000347,6.520793887034343,-0.0007689973576701092,-12.0,-3.261550447243651,12.0,-0.001552467451612971,0.0003260781449885987,0.0003260781442196007,0.0006520793887034343,0.0005743753916134242,-0.0003260781449885981
2,0.002613300000000347,6.530315864971453,-0.000768189848541212,-12.0,-3.266310224940437,12.0,-0.001552925911557423,0.0003265542035091903,0.0003265542027409997,0.0006530315864971453,0.0005734056910038365,-0.0003265542035091896
2,0.0026135000000003473,6.53982753061543,-0.0007673811373507533,-12.0,-3.271064844687552,12.0,-0.0015533834408481,0.0003270297463550208,0.000327029745587639,0.000653982753061543,0.0005724366065415487,-0.0003270297463550202
2,0.0026137000000003474,6.549328868946096,-0.000766571225351953,-12.0,-3.275814298976789,12.0,-0.001553840039860921,0.0003275047727751444,0.0003275047720085724,0.0006549328868946097,0.0005714681408557354,-0.0003275047727751437
2,0.0026139000000003475,6.558819864959573,-0.0007657601138064685,-12.0,-3.280558580308098,12.0,-0.001554295708975528,0.0003279792820194298,0.000327979281253669,0.0006558819864959574,0.0005705002965761263,-0.0003279792820194291
2,0.0026141000000003477,6.568300503668367,-0.0007649478039830626,-12.0,-3.285297681189637,12.0,-0.001554750448574616,0.000328453273338566,0.0003284532725736175,0.0006568300503668367,0.0005695330763334228,-0.0003284532733385654
2,0.0026143000000003478,6.577770770101325,-0.0007641342971345111,-12.0,-3.290031594137707,12.0,-0.001555204259044096,0.0003289267459840579,0.000328926745219923,0.0006577770770101326,0.0005685664827588255,-0.0003289267459840572
2,0.002614500000000348,6.587230649303621,-0.0007633195945273563,-12.0,-3.294760311676798,12.0,-0.001555657140772548,0.0003293996992082277,0.0003293996984449075,0.0006587230649303621,0.0005676005184844513,-0.0003293996992082271
2,0.002614700000000348,6.596680126336904,-0.000762503697439243,-12.0,-3.299483826339648,12.0,-0.001556109094152769,0.0003298721322642216,0.0003298721315017172,0.0006596680126336904,0.0005666351861429719,-0.0003298721322642209
2,0.002614900000000348,6.606119186279238,-0.0007616866071225026,-12.0,-3.304202130667169,12.0,-0.001556560119579831,0.0003303440444060053,0.0003303440436443181,0.0006606119186279238,0.0005656704883679198,-0.0003303440444060047
2,0.0026151000000003482,6.615547814225082,-0.0007608683248512271,-12.0,-3.308915217208501,12.0,-0.001557010217452248,0.0003308154348883657,0.0003308154341274967,0.0006615547814225083,0.00056470642779341,-0.000330815434888365
2,0.0026153000000003483,6.624965995285415,-0.000760048851901729,-12.0,-3.313623078521049,12.0,-0.001557459388171978,0.0003312863029669154,0.0003312863022068659,0.0006624965995285416,0.0005637430070544458,-0.0003312863029669148
2,0.0026155000000003484,6.634373714587762,-0.0007592281895485442,-12.0,-3.318325707170486,12.0,-0.001557907632143585,0.0003317566478980944,0.0003317566471388656,0.0006634373714587763,0.000562780228786447,-0.0003317566478980937
2,0.0026157000000003486,6.643770957276061,-0.0007584063390475571,-12.0,-3.323023095730665,12.0,-0.00155835494977552,0.0003322264689391625,0.0003322264681807554,0.0006643770957276061,0.000561818095625749,-0.0003322264689391618
2,0.0026159000000003487,6.653157708510832,-0.0007575833016972844,-12.0,-3.327715236783795,12.0,-0.001558801341478899,0.0003326957653482105,0.0003326957645906265,0.0006653157708510833,0.0005608566102091594,-0.0003326957653482098
2,0.002616100000000349,6.662533953469259,-0.0007567590787682654,-12.0,-3.332402122920372,12.0,-0.00155924680766778,0.0003331645363841612,0.0003331645356274014,0.0006662533953469259,0.0005598957751744016,-0.0003331645363841604
2,0.002616300000000349,6.671899677344975,-0.0007559336715234899,-12.0,-3.337083746739109,12.0,-0.001559691348760106,0.0003336327813067594,0.0003336327805508249,0.0006671899677344975,0.0005589355931596707,-0.0003336327813067586
2,0.002616500000000349,6.681254865348282,-0.0007551070812663596,-12.0,-3.341760100847111,12.0,-0.001560134965176152,0.0003341004993765852,0.0003341004986214774,0.0006681254865348283,0.0005579760668038836,-0.0003341004993765845
2,0.002616700000000349,6.690599502706188,-0.0007542793092687461,-12.0,-3.346431177859789,12.0,-0.001560577657340079,0.0003345676898550528,0.0003345676891007728,0.0006690599502706188,0.0005570171987465677,-0.0003345676898550521
2,0.0026169000000003492,6.699933574662284,-0.0007534503568105144,-12.0,-3.351096970400861,12.0,-0.001561019425678545,0.0003350343520044058,0.0003350343512509548,0.0006699933574662284,0.0005560589916279446,-0.0003350343520044051
2,0.0026171000000003494,6.709257066476836,-0.0007526202251804115,-12.0,-3.355757471102391,12.0,-0.001561460270621651,0.0003355004850877218,0.0003355004843351008,0.0006709257066476836,0.0005551014480888183,-0.000335500485087721
2,0.0026173000000003495,6.718569963426887,-0.0007517889156707369,-12.0,-3.360412672604838,12.0,-0.001561900192602939,0.0003359660883689174,0.0003359660876171279,0.0006718569963426888,0.0005541445707704928,-0.0003359660883689168
2,0.0026175000000003496,6.727872250806176,-0.0007509564295595794,-12.0,-3.365062567556992,12.0,-0.00156233919205806,0.000336431161112744,0.0003364311603617868,0.0006727872250806177,0.0005531883623152434,-0.0003364311611127432
2,0.0026177000000003497,6.737163913925162,-0.0007501227681401268,-12.0,-3.369707148616019,12.0,-0.001562777269427162,0.0003368957025847886,0.0003368957018346651,0.0006737163913925163,0.0005522328253655118,-0.0003368957025847879
2,0.00261790000000035,6.746444938111146,-0.0007492879327108959,-12.0,-3.374346408447519,12.0,-0.001563214425152282,0.0003373597120514814,0.0003373597113021929,0.0006746444938111147,0.0005512779625647113,-0.0003373597120514808
2,0.00261810000000035,6.755715308708206,-0.0007484519245539722,-12.0,-3.378980339725453,12.0,-0.001563650659679339,0.0003378231887800906,0.0003378231880316381,0.0006755715308708206,0.0005503237765565328,-0.0003378231887800899
2,0.00261830000000035,6.764975011077198,-0.0007476147449687609,-12.0,-3.3836089351322,12.0,-0.001564085973456975,0.000338286132038724,0.0003382861312911084,0.0006764975011077199,0.0005493702699855274,-0.0003382861320387231
2,0.00261850000000035,6.774224030595907,-0.0007467763952559991,-12.0,-3.388232187358601,12.0,-0.001564520366937105,0.0003387485410963354,0.0003387485403495582,0.0006774224030595908,0.000548417445496524,-0.0003387485410963346
2,0.0026187000000003503,6.783462352658948,-0.0007459368767031016,-12.0,-3.392850089103897,12.0,-0.001564953840574645,0.0003392104152227201,0.0003392104144767826,0.0006783462352658949,0.0005474653057353229,-0.0003392104152227194
2,0.0026189000000003504,6.792689962677796,-0.0007450961906112497,-12.0,-3.397462633075778,12.0,-0.001565386394827839,0.0003396717536885173,0.0003396717529434204,0.0006792689962677797,0.0005465138533478076,-0.0003396717536885166
2,0.0026191000000003505,6.801906846080881,-0.0007442543382896183,-12.0,-3.402069811990418,12.0,-0.001565818030157595,0.0003401325557652137,0.0003401325550209585,0.0006801906846080881,0.0005455630909807219,-0.0003401325557652129
2,0.0026193000000003506,6.811112988313628,-0.0007434113210367244,-12.0,-3.406671618572483,12.0,-0.00156624874702832,0.0003405928207251454,0.0003405928199817333,0.0006811112988313628,0.0005446130212812816,-0.0003405928207251446
2,0.0026195000000003507,6.82030837483831,-0.0007425671401404266,-12.0,-3.411268045555036,12.0,-0.00156667854590703,0.0003410525478414904,0.0003410525470989225,0.000682030837483831,0.0005436636468972023,-0.0003410525478414896
2,0.002619700000000351,6.829492991134224,-0.0007417217969276635,-12.0,-3.415859085679721,12.0,-0.001567107427264292,0.0003415117363882801,0.0003415117356465576,0.0006829492991134224,0.0005427149704767542,-0.0003415117363882794
2,0.002619900000000351,6.838666822697748,-0.0007408752926951756,-12.0,-3.42044473169667,12.0,-0.00156753539157356,0.0003419703856403982,0.0003419703848995222,0.0006838666822697748,0.0005417669946687631,-0.0003419703856403975
2,0.002620100000000351,6.84782985504222,-0.0007400276287485852,-12.0,-3.425024976364508,12.0,-0.001567962439311288,0.0003424284948735768,0.0003424284941335485,0.0006847829855042221,0.0005408197221224154,-0.000342428494873576
2,0.002620300000000351,6.85698207369802,-0.0007391788063966231,-12.0,-3.429599812450394,12.0,-0.001568388570957036,0.0003428860633644004,0.0003428860626252209,0.0006856982073698021,0.000539873155487508,-0.0003428860633643997
2,0.0026205000000003513,6.866123464212663,-0.0007383288269604549,-12.0,-3.43416923273006,12.0,-0.001568813786993251,0.0003433430903903108,0.0003433430896519812,0.0006866123464212663,0.0005389272974144488,-0.00034334309039031
2,0.0026207000000003514,6.875254012150742,-0.0007374776917385972,-12.0,-3.438733229987756,12.0,-0.001569238087905878,0.0003437995752296025,0.0003437995744921241,0.0006875254012150742,0.0005379821505537841,-0.0003437995752296017
2,0.0026209000000003515,6.884373703093928,-0.0007366254020508833,-12.0,-3.443291797016294,12.0,-0.001569661474183415,0.0003442555171614252,0.0003442555164247989,0.0006884373703093928,0.000537037717556893,-0.0003442555171614243
2,0.0026211000000003516,6.893482522641107,-0.0007357719592184786,-12.0,-3.447844926617101,12.0,-0.00157008394631758,0.000344710915465789,0.0003447109147300163,0.0006893482522641108,0.0005360940010754323,-0.0003447109154657882
2,0.0026213000000003517,6.902580456408315,-0.0007349173645461171,-12.0,-3.45239261160015,12.0,-0.001570505504803255,0.0003451657694235612,0.000345165768688643,0.0006902580456408315,0.0005351510037615859,-0.0003451657694235604
2,0.002621500000000352,6.911667490028724,-0.0007340616193576288,-12.0,-3.456934844784014,12.0,-0.001570926150138152,0.0003456200783164665,0.0003456200775824041,0.0006911667490028724,0.0005342087282678987,-0.0003456200783164657
2,0.002621700000000352,6.9207436091528,-0.0007332047249768436,-12.0,-3.461471618995912,12.0,-0.001571345882823205,0.0003460738414270944,0.0003460738406938889,0.0006920743609152801,0.0005332671772474706,-0.0003460738414270935
2,0.002621900000000352,6.929808799448208,-0.0007323466827164893,-12.0,-3.466002927071645,12.0,-0.001571764703362122,0.0003465270580388937,0.0003465270573065462,0.0006929808799448208,0.000532326353353707,-0.0003465270580388928
2,0.002622100000000352,6.93886304659984,-0.0007314874939008398,-12.0,-3.470528761855646,12.0,-0.00157218261226183,0.0003469797274361754,0.0003469797267046871,0.000693886304659984,0.0005313862592405683,-0.0003469797274361746
2,0.0026223000000003523,6.947906336309936,-0.0007306271598608305,-12.0,-3.475049116201031,12.0,-0.001572599610032088,0.0003474318489041178,0.0003474318481734899,0.0006947906336309936,0.0005304468975623478,-0.0003474318489041171
2,0.0026225000000003524,6.956938654297993,-0.0007297656819091891,-12.0,-3.479563982969517,12.0,-0.00157301569718582,0.0003478834217287616,0.0003478834209989951,0.0006956938654297993,0.0005295082709737831,-0.0003478834217287608
2,0.0026227000000003525,6.965959986300852,-0.0007289030613879532,-12.0,-3.484073355031538,12.0,-0.001573430874238835,0.000348334445197016,0.0003483344444681121,0.0006965959986300852,0.0005285703821299725,-0.0003483344451970151
2,0.0026229000000003526,6.974970318072706,-0.000728039299607186,-12.0,-3.488577225266157,12.0,-0.001573845141710162,0.0003487849185966558,0.0003487849178686156,0.0006974970318072706,0.0005276332336864586,-0.0003487849185966549
2,0.0026231000000003528,6.98396963538511,-0.0007271743979142542,-12.0,-3.49307558656117,12.0,-0.001574258500121384,0.0003492348412163265,0.0003492348404891512,0.000698396963538511,0.0005266968282990059,-0.0003492348412163256
2,0.002623300000000353,6.992957924027039,-0.0007263083576254381,-12.0,-3.497568431813041,12.0,-0.001574670949997303,0.0003496842123455424,0.0003496842116192332,0.000699295792402704,0.0005257611686240171,-0.0003496842123455416
2,0.002623500000000353,7.001935169804824,-0.0007254411800774463,-12.0,-3.50205575392694,12.0,-0.001575082491865831,0.0003501330312746871,0.0003501330305492451,0.0007001935169804824,0.0005248262573180618,-0.0003501330312746863
2,0.002623700000000353,7.010901358542306,-0.0007245728666109841,-12.0,-3.506537545816798,12.0,-0.001575493126257765,0.0003505812972950195,0.0003505812965704459,0.0007010901358542306,0.0005238920970380145,-0.0003505812972950187
2,0.002623900000000353,7.019856476080765,-0.0007237034185494373,-12.0,-3.511013800405241,12.0,-0.00157590285370679,0.00035102900969867,0.0003510290089749657,0.0007019856476080766,0.0005229586904413885,-0.0003510290096986692
2,0.0026241000000003533,7.028800508278924,-0.0007228328372330672,-12.0,-3.515484510623641,12.0,-0.001576311674749364,0.0003514761677786416,0.0003514761670558079,0.0007028800508278925,0.0005220260401856969,-0.0003514761677786408
2,0.0026243000000003534,7.037733441013074,-0.0007219611240074642,-12.0,-3.519949669412159,12.0,-0.001576719589925502,0.000351922770828816,0.0003519227701068541,0.0007037733441013074,0.0005210941489288967,-0.0003519227708288152
2,0.0026245000000003535,7.046655260176999,-0.0007210882801969021,-12.0,-3.524409269719677,12.0,-0.001577126599777379,0.0003523688181439489,0.0003523688174228598,0.0007046655260176999,0.0005201630193294726,-0.000352368818143948
2,0.0026247000000003537,7.055565951682044,-0.0007202143071580736,-12.0,-3.528863304503902,12.0,-0.001577532704850892,0.0003528143090196753,0.0003528143082994601,0.0007055565951682044,0.0005192326540457981,-0.0003528143090196744
2,0.0026249000000003538,7.064465501457144,-0.0007193392062188053,-12.0,-3.533311766731292,12.0,-0.001577937905694105,0.0003532592427525083,0.0003532592420331681,0.0007064465501457144,0.0005183030557369406,-0.0003532592427525074
2,0.002625100000000354,7.073353895448774,-0.0007184629787251318,-12.0,-3.537754649377105,12.0,-0.001578342202858796,0.0003537036186398389,0.000353703617921375,0.0007073353895448774,0.0005173742270619952,-0.000353703618639838
2,0.002625300000000354,7.082231119621092,-0.0007175856260306368,-12.0,-3.542191945425448,12.0,-0.001578745596898856,0.0003541474359799427,0.0003541474352623562,0.0007082231119621092,0.0005164461706805568,-0.0003541474359799418
2,0.002625500000000354,7.09109715995588,-0.0007167071494684762,-12.0,-3.546623647869214,12.0,-0.00157914808837184,0.0003545906940719755,0.0003545906933552675,0.000709109715995588,0.000515518889252331,-0.0003545906940719746
2,0.0026257000000003542,7.099952002452527,-0.0007158275503913458,-12.0,-3.551049749710126,12.0,-0.001579549677837744,0.0003550333922159744,0.0003550333915001459,0.0007099952002452527,0.0005145923854373013,-0.0003550333922159734
2,0.0026259000000003543,7.108795633128184,-0.0007149468301532735,-12.0,-3.55547024395879,12.0,-0.001579950365859617,0.0003554755297128646,0.0003554755289979169,0.0007108795633128185,0.0005136666618957564,-0.0003554755297128636
2,0.0026261000000003545,7.117628038017671,-0.0007140649900887475,-12.0,-3.559885123634618,12.0,-0.001580350153003507,0.0003559171058644538,0.000355917105150388,0.0007117628038017671,0.0005127417212881791,-0.000355917105864453
2,0.0026263000000003546,7.12644920317353,-0.0007131820315673387,-12.0,-3.564294381765936,12.0,-0.001580749039838181,0.0003563581199734377,0.0003563581192602549,0.0007126449203173529,0.0005118175662753854,-0.0003563581199734369
2,0.0026265000000003547,7.135259114666086,-0.0007122979559261999,-12.0,-3.568698011389912,12.0,-0.001581147026935514,0.0003567985713433995,0.0003567985706311007,0.0007135259114666086,0.0005108941995182747,-0.0003567985713433987
2,0.002626700000000355,7.14405775858338,-0.0007114127645233559,-12.0,-3.573096005552602,12.0,-0.001581544114869771,0.0003572384592788088,0.0003572384585673952,0.0007144057758583381,0.0005099716236781904,-0.0003572384592788079
2,0.002626900000000355,7.152845121031304,-0.0007105264587203841,-12.0,-3.577488357308997,12.0,-0.001581940304218821,0.0003576777830850287,0.0003576777823745013,0.0007152845121031305,0.0005090498414163924,-0.0003576777830850277
2,0.002627100000000355,7.161621188133533,-0.0007096390398606545,-12.0,-3.581875059722949,12.0,-0.00158233559556259,0.0003581165420683097,0.0003581165413586697,0.0007161621188133534,0.0005081288553945851,-0.0003581165420683088
2,0.002627300000000355,7.170385946031604,-0.0007087505093164026,-12.0,-3.586256105867281,12.0,-0.001582729989484832,0.0003585547355357974,0.000358554734827046,0.0007170385946031604,0.0005072086682744725,-0.0003585547355357965
2,0.0026275000000003552,7.179139380884909,-0.0007078608684327747,-12.0,-3.590631488823711,12.0,-0.001583123486571247,0.0003589923627955288,0.0003589923620876671,0.0007179139380884909,0.0005062892827180643,-0.0003589923627955279
2,0.0026277000000003554,7.187881478870674,-0.000706970118574457,-12.0,-3.5950012016829,12.0,-0.001583516087410919,0.0003594294231564335,0.0003594294224494624,0.0007187881478870674,0.0005053707013875364,-0.0003594294231564325
2,0.0026279000000003555,7.196612226184101,-0.0007060782611096883,-12.0,-3.599365237544498,12.0,-0.001583907792595762,0.0003598659159283398,0.0003598659152222606,0.0007196612226184102,0.0005044529269450926,-0.0003598659159283389
2,0.0026281000000003556,7.205331609038298,-0.000705185297389832,-12.0,-3.603723589517087,12.0,-0.001584298602720025,0.0003603018404219707,0.0003603018397167844,0.0007205331609038298,0.0005035359620534086,-0.0003603018404219697
2,0.0026283000000003557,7.214039613664273,-0.0007042912287809067,-12.0,-3.60807625071822,12.0,-0.001584688518381616,0.0003607371959489448,0.0003607371952446527,0.0007214039613664273,0.0005026198093748269,-0.0003607371959489439
2,0.002628500000000356,7.22273622631106,-0.0007033960566573683,-12.0,-3.612423214274477,12.0,-0.001585077540180613,0.0003611719818217829,0.0003611719811183859,0.000722273622631106,0.0005017044715722174,-0.0003611719818217819
2,0.002628700000000356,7.231421433245677,-0.0007024997823723567,-12.0,-3.616764473321395,12.0,-0.001585465668719976,0.0003616061973539031,0.0003616061966514025,0.0007231421433245677,0.0005007899513083391,-0.0003616061973539023
2,0.002628900000000356,7.240095220753102,-0.0007016024072981075,-12.0,-3.621100021003522,12.0,-0.001585852904605833,0.0003620398418596234,0.00036203984115802,0.0007240095220753102,0.000499876251246284,-0.0003620398418596224
2,0.002629100000000356,7.248757575136413,-0.0007007039328099651,-12.0,-3.625429850474462,12.0,-0.001586239248446808,0.0003624729146541661,0.0003624729139534612,0.0007248757575136413,0.0004989633740490607,-0.0003624729146541652
2,0.0026293000000003563,7.257408482716725,-0.0006998043602681747,-12.0,-3.629753954896809,12.0,-0.001586624700854689,0.0003629054150536551,0.0003629054143538497,0.0007257408482716725,0.0004980513223797334,-0.0003629054150536541
2,0.0026295000000003564,7.266047929833191,-0.0006989036910463042,-12.0,-3.634072327442202,12.0,-0.001587009262443373,0.0003633373423751166,0.0003633373416762119,0.0007266047929833191,0.0004971400989017549,-0.0003633373423751155
2,0.0026297000000003565,7.274675902843111,-0.0006980019265179216,-12.0,-3.638384961291351,12.0,-0.001587392933830312,0.0003637686959364842,0.0003637686952384814,0.0007274675902843111,0.000496229706278245,-0.0003637686959364833
2,0.0026299000000003566,7.283292388121906,-0.0006970990680592593,-12.0,-3.642691849634033,12.0,-0.001587775715635231,0.0003641994750565983,0.0003641994743594982,0.0007283292388121906,0.000495320147172712,-0.0003641994750565974
2,0.0026301000000003567,7.291897372063122,-0.0006961951170390002,-12.0,-3.64699298566907,12.0,-0.001588157608480911,0.000364629679055204,0.0003646296783590081,0.0007291897372063123,0.0004944114242485809,-0.0003646296790552031
2,0.002630300000000357,7.300490841078434,-0.0006952900748338209,-12.0,-3.651288362604368,12.0,-0.001588538612992796,0.0003650593072529545,0.0003650593065576634,0.0007300490841078435,0.0004935035401692212,-0.0003650593072529535
2,0.002630500000000357,7.309072781597771,-0.0006943839428279475,-12.0,-3.655577973656967,12.0,-0.001588918729798994,0.0003654883589714149,0.00036548835827703,0.0007309072781597772,0.0004925964975983077,-0.0003654883589714139
2,0.002630700000000357,7.317643180069246,-0.0006934767223887306,-12.0,-3.659861812052973,12.0,-0.001589297959530556,0.0003659168335330594,0.0003659168328395817,0.0007317643180069246,0.0004916902991992378,-0.0003659168335330585
2,0.002630900000000357,7.326202022959146,-0.0006925684148999522,-12.0,-3.664139871027607,12.0,-0.00158967630282103,0.0003663447302612717,0.0003663447295687023,0.0007326202022959146,0.0004907849476357418,-0.0003663447302612707
2,0.0026311000000003573,7.334749296752085,-0.0006916590217480589,-12.0,-3.668412143825255,12.0,-0.001590053760307242,0.0003667720484803516,0.0003667720477886916,0.0007334749296752085,0.0004898804455711336,-0.0003667720484803507
2,0.0026313000000003574,7.343284987950922,-0.0006907485443048422,-12.0,-3.672678623699403,12.0,-0.001590430332628012,0.0003671987875155108,0.0003671987868247613,0.0007343284987950922,0.0004889767956691715,-0.0003671987875155098
2,0.0026315000000003575,7.351809083076764,-0.0006898369839554164,-12.0,-3.676939303912685,12.0,-0.001590806020425106,0.0003676249466928739,0.000367624946003036,0.0007351809083076764,0.0004880740005933915,-0.000367624946692873
2,0.0026317000000003576,7.360321568669093,-0.0006889243420928892,-12.0,-3.68119417773693,12.0,-0.001591180824343619,0.0003680505253394847,0.0003680505246505593,0.0007360321568669093,0.000487172063007163,-0.0003680505253394837
2,0.0026319000000003577,7.368822431285714,-0.0006880106200890523,-12.0,-3.685443238453097,12.0,-0.001591554745030588,0.0003684755227833018,0.0003684755220952902,0.0007368822431285714,0.0004862709855740499,-0.0003684755227833008
2,0.002632100000000358,7.377311657502738,-0.0006870958193352372,-12.0,-3.68968647935133,12.0,-0.001591927783136438,0.0003688999383532005,0.0003688999376661037,0.0007377311657502739,0.0004853707709574773,-0.0003688999383531995
2,0.002632300000000358,7.385789233914701,-0.0006861799412218872,-12.0,-3.693923893730983,12.0,-0.001592299939313535,0.0003693237713789772,0.0003693237706927962,0.0007385789233914701,0.0004844714218207868,-0.0003693237713789762
2,0.002632500000000358,7.394255147134574,-0.0006852629871390015,-12.0,-3.698155474900625,12.0,-0.001592671214217301,0.0003697470211913497,0.0003697470205060857,0.0007394255147134574,0.0004835729408272926,-0.0003697470211913487
2,0.002632700000000358,7.402709383793649,-0.0006843449584592598,-12.0,-3.702381216177963,12.0,-0.001593041608506318,0.0003701696871219514,0.0003701696864376054,0.0007402709383793649,0.0004826753306402531,-0.0003701696871219504
2,0.0026329000000003583,7.411151930541696,-0.00068342585659531,-12.0,-3.706601110889999,12.0,-0.001593411122840838,0.0003705917685033414,0.0003705917678199146,0.0007411151930541696,0.0004817785939228159,-0.0003705917685033404
2,0.0026331000000003584,7.419582774047029,-0.0006825056829304899,-12.0,-3.710815152372968,12.0,-0.00159377975788455,0.0003710132646690048,0.000371013263986498,0.000741958277404703,0.0004808827333379895,-0.0003710132646690037
2,0.0026333000000003585,7.428001900996322,-0.0006815844388459169,-12.0,-3.715023333972273,12.0,-0.001594147514303812,0.0003714341749533438,0.0003714341742717584,0.0007428001900996323,0.0004799877515486439,-0.0003714341749533427
2,0.0026335000000003586,7.436409298094792,-0.0006806621257537948,-12.0,-3.719225649042648,12.0,-0.001594514392767254,0.0003718544986916904,0.0003718544980110273,0.0007436409298094793,0.0004790936512176491,-0.0003718544986916894
2,0.0026337000000003588,7.444804952066253,-0.000679738745040126,-12.0,-3.723422090948074,12.0,-0.001594880393946285,0.0003722742352203045,0.0003722742345405647,0.0007444804952066253,0.0004782004350077917,-0.0003722742352203034
2,0.002633900000000359,7.453188849652988,-0.0006788142980984624,-12.0,-3.727612653061784,12.0,-0.001595245518515032,0.0003726933838763697,0.0003726933831975544,0.0007453188849652989,0.0004773081055814976,-0.0003726933838763686
2,0.002634100000000359,7.461560977615839,-0.0006778887863267968,-12.0,-3.731797328766298,12.0,-0.001595609767150175,0.0003731119439979982,0.0003731119433201083,0.000746156097761584,0.0004764166656011648,-0.0003731119439979971
2,0.002634300000000359,7.469921322734295,-0.0006769622111306717,-12.0,-3.735976111453465,12.0,-0.001595973140531393,0.0003735299149242346,0.0003735299142472713,0.0007469921322734295,0.0004755261177290526,-0.0003735299149242335
2,0.002634500000000359,7.478269871806424,-0.0006760345738974216,-12.0,-3.740148994524405,12.0,-0.00159633563934003,0.0003739472959950517,0.0003739472953190161,0.0007478269871806425,0.0004746364646272538,-0.0003739472959950508
2,0.0026347000000003593,7.486606611648891,-0.0006751058760330331,-12.0,-3.744315971389554,12.0,-0.001596697264261315,0.000374364086551353,0.0003743640858762462,0.0007486606611648891,0.0004737477089575004,-0.000374364086551352
2,0.0026349000000003594,7.494931529097062,-0.0006741761189448248,-12.0,-3.74847703546871,12.0,-0.001597058015981867,0.0003747802859349777,0.0003747802852608004,0.0007494931529097063,0.0004728598533817185,-0.0003747802859349765
2,0.0026351000000003596,7.503244611004971,-0.00067324530402324,-12.0,-3.752632180190973,12.0,-0.001597417895192077,0.0003751958934886962,0.0003751958928154497,0.0007503244611004971,0.0004719729005611406,-0.000375195893488695
2,0.0026353000000003597,7.51154584424529,-0.0006723134326755975,-12.0,-3.756781398994792,12.0,-0.001597776902583892,0.0003756109085562128,0.0003756109078838983,0.000751154584424529,0.0004710868531571932,-0.0003756109085562117
2,0.0026355000000003598,7.519835215709453,-0.000671380506309216,-12.0,-3.760924685327995,12.0,-0.001598135038852311,0.0003760253304821696,0.0003760253298107882,0.0007519835215709453,0.000470201713830859,-0.0003760253304821686
2,0.00263570000000036,7.528112712307654,-0.0006704465263323023,-12.0,-3.76506203264779,12.0,-0.001598492304695054,0.0003764391586121469,0.0003764391579416993,0.0007528112712307654,0.0004693174852429538,-0.0003764391586121458
2,0.00263590000000036,7.53637832096876,-0.0006695114941335234,-12.0,-3.769193434420695,12.0,-0.00159884870081195,0.0003768523922926573,0.0003768523916231447,0.000753637832096876,0.000468434170054044,-0.0003768523922926562
2,0.00263610000000036,7.544632028640441,-0.0006685754111410702,-12.0,-3.773318884122687,12.0,-0.001599204227905715,0.0003772650308711557,0.0003772650302025792,0.0007544632028640442,0.0004675517709244459,-0.0003772650308711546
2,0.0026363000000003602,7.552873822289226,-0.0006676382787538238,-12.0,-3.777438375239127,12.0,-0.00159955888668184,0.0003776770736960383,0.000377677073028399,0.0007552873822289227,0.0004666702905141429,-0.0003776770736960373
2,0.0026365000000003603,7.561103688900392,-0.0006667000983791027,-12.0,-3.781551901264766,12.0,-0.001599912677847648,0.0003780885201166399,0.0003780885194499386,0.0007561103688900392,0.000465789731482924,-0.0003780885201166387
2,0.0026367000000003605,7.56932161547805,-0.0006657608714264462,-12.0,-3.785659455703773,12.0,-0.001600265602113737,0.0003784993694832358,0.0003784993688174739,0.0007569321615478051,0.000464910096490162,-0.0003784993694832347
2,0.0026369000000003606,7.577527589045208,-0.0006648205993151635,-12.0,-3.789761032069783,12.0,-0.001600617660192816,0.0003789096211470479,0.0003789096204822262,0.0007577527589045208,0.0004640313881950908,-0.0003789096211470468
2,0.0026371000000003607,7.585721596643742,-0.0006638792834467999,-12.0,-3.793856623885834,12.0,-0.001600968852800255,0.0003793192744602398,0.0003793192737963595,0.0007585721596643743,0.0004631536092565003,-0.0003793192744602387
2,0.002637300000000361,7.593903625334384,-0.000662936925237112,-12.0,-3.797946224684417,12.0,-0.001601319180653538,0.0003797283287759191,0.0003797283281129811,0.0007593903625334385,0.0004622767623330415,-0.000379728328775918
2,0.002637500000000361,7.602073662196841,-0.0006619935261076293,-12.0,-3.802029828007517,12.0,-0.001601668644473531,0.0003801367834481421,0.0003801367827861475,0.0007602073662196842,0.0004614008500826716,-0.0003801367834481409
2,0.002637700000000361,7.610231694329744,-0.0006610490874616737,-12.0,-3.806107427406555,12.0,-0.001602017244982601,0.0003805446378319106,0.0003805446371708603,0.0007610231694329744,0.0004605258751634589,-0.0003805446378319094
2,0.002637900000000361,7.618377708850642,-0.0006601036107185543,-12.0,-3.810179016442434,12.0,-0.001602364982906279,0.0003809518912831727,0.0003809518906230681,0.0007618377708850642,0.0004596518402326666,-0.0003809518912831716
2,0.0026381000000003612,7.626511692896117,-0.0006591570973020211,-12.0,-3.814244588685582,12.0,-0.001602711858972539,0.0003813585431588292,0.000381358542499671,0.0007626511692896118,0.0004587787479475303,-0.0003813585431588281
2,0.0026383000000003614,7.634633633621742,-0.0006582095486185047,-12.0,-3.818304137715894,12.0,-0.001603057873911296,0.0003817645928167287,0.0003817645921585181,0.0007634633633621743,0.0004579066009647581,-0.0003817645928167276
2,0.0026385000000003615,7.642743518202063,-0.0006572609660904227,-12.0,-3.822357657122776,12.0,-0.001603403028455408,0.0003821700396156698,0.0003821700389584077,0.0007642743518202063,0.000457035401940642,-0.0003821700396156686
2,0.0026387000000003616,7.650841333830729,-0.0006563113511424135,-12.0,-3.826405140505192,12.0,-0.001603747323340121,0.0003825748829154062,0.0003825748822590936,0.0007650841333830729,0.0004561651535311129,-0.000382574882915405
2,0.0026389000000003617,7.658927067720409,-0.0006553607051844601,-12.0,-3.830446581471588,12.0,-0.001604090759302901,0.0003829791220766415,0.0003829791214212797,0.000765892706772041,0.0004552958583917133,-0.0003829791220766404
2,0.002639100000000362,7.667000707102876,-0.0006544090296491945,-12.0,-3.834481973640002,12.0,-0.001604433337083766,0.0003833827564610363,0.0003833827558066263,0.0007667000707102876,0.0004544275191775415,-0.0003833827564610353
2,0.002639300000000362,7.675062239228987,-0.0006534563259452675,-12.0,-3.838511310637975,12.0,-0.001604775057425456,0.0003837857854312041,0.0003837857847777467,0.0007675062239228987,0.0004535601385432519,-0.000383785785431203
2,0.002639500000000362,7.683111651368733,-0.0006525025955093078,-12.0,-3.842534586102657,12.0,-0.001605115921072764,0.0003841882083507159,0.0003841882076982121,0.0007683111651368734,0.0004526937191429714,-0.0003841882083507148
2,0.002639700000000362,7.691148930811255,-0.0006515478397526309,-12.0,-3.846551793680735,12.0,-0.001605455928772814,0.0003845900245840994,0.0003845900239325504,0.0007691148930811255,0.0004518282636305215,-0.0003845900245840983
2,0.0026399000000003623,7.699174064864806,-0.0006505920601047599,-12.0,-3.85056292702848,12.0,-0.001605795081275396,0.0003849912334968388,0.0003849912328462455,0.0007699174064864806,0.0004509637746591133,-0.0003849912334968376
2,0.0026401000000003624,7.707187040856885,-0.000649635257994774,-12.0,-3.854567979811787,12.0,-0.00160613337933263,0.0003853918344553804,0.000385391833805744,0.0007707187040856886,0.0004501002548815136,-0.0003853918344553792
2,0.0026403000000003625,7.715187846134168,-0.0006486774348402058,-12.0,-3.858566945706118,12.0,-0.001606470823699191,0.0003857918268271289,0.0003857918261784504,0.0007715187846134169,0.0004492377069500453,-0.0003857918268271278
2,0.0026405000000003626,7.723176468062513,-0.0006477185920719108,-12.0,-3.862559818396551,12.0,-0.001606807415131695,0.000386191209980449,0.0003861912093327292,0.0007723176468062514,0.0004483761335164482,-0.0003861912099804479
2,0.0026407000000003627,7.731152894027089,-0.000646758731122965,-12.0,-3.866546591577817,12.0,-0.001607143154389368,0.0003865899832846705,0.0003865899826379106,0.0007731152894027089,0.0004475155372320461,-0.0003865899832846694
2,0.002640900000000363,7.739117111432281,-0.0006457978534086806,-12.0,-3.870527258954233,12.0,-0.00160747804223399,0.0003869881461100836,0.0003869881454642845,0.0007739117111432281,0.0004466559207474408,-0.0003869881461100824
2,0.002641100000000363,7.747069107701765,-0.0006448359603754561,-12.0,-3.874501814239806,12.0,-0.001607812079429227,0.0003873856978279443,0.0003873856971831071,0.0007747069107701766,0.000445797286712929,-0.0003873856978279431
2,0.002641300000000363,7.755008870278546,-0.0006438730534368275,-12.0,-3.878470251158159,12.0,-0.001608145266741523,0.0003877826378104734,0.0003877826371665992,0.0007755008870278546,0.0004449396377780579,-0.0003877826378104722
2,0.002641500000000363,7.762936386624879,-0.0006429091340307558,-12.0,-3.882432563442577,12.0,-0.001608477604939429,0.0003881789654308558,0.0003881789647879455,0.0007762936386624879,0.0004440829765919307,-0.0003881789654308546
2,0.0026417000000003633,7.770851644222434,-0.0006419442035934253,-12.0,-3.886388744836049,12.0,-0.001608809094793884,0.0003885746800632468,0.0003885746794213014,0.0007770851644222435,0.0004432273058030956,-0.0003885746800632456
2,0.0026419000000003634,7.778754630572226,-0.000640978263548142,-12.0,-3.890338789091217,12.0,-0.001609139737078047,0.0003889697810827681,0.0003889697804417887,0.0007778754630572226,0.0004423726280592399,-0.0003889697810827669
2,0.0026421000000003635,7.786645333194598,-0.0006400113153306464,-12.0,-3.894282689970408,12.0,-0.001609469532567576,0.000389364267865509,0.0003893642672254965,0.0007786645333194599,0.000441518946007774,-0.0003893642678655077
2,0.0026423000000003636,7.794523739629362,-0.0006390433603820078,-12.0,-3.898220441245688,12.0,-0.001609798482040237,0.0003897581397885318,0.0003897581391494872,0.0007794523739629363,0.0004406662622953861,-0.0003897581397885306
2,0.0026425000000003637,7.802389837435727,-0.0006380744001259764,-12.0,-3.902152036698797,12.0,-0.001610126586276017,0.0003901513962298683,0.0003901513955917927,0.0007802389837435728,0.000439814579568043,-0.0003901513962298671
2,0.002642700000000364,7.810243614192306,-0.0006371044360022893,-12.0,-3.9060774701212,12.0,-0.001610453846057569,0.000390544036568521,0.0003905440359314154,0.0007810243614192307,0.0004389639004711843,-0.0003905440365685199
2,0.002642900000000364,7.818085057497227,-0.0006361334694497955,-12.0,-3.909996735314123,12.0,-0.001610780262169431,0.0003909360601844685,0.0003909360595483339,0.0007818085057497227,0.0004381142276495831,-0.0003909360601844674
2,0.002643100000000364,7.825914154968052,-0.0006351615018993506,-12.0,-3.913909826088491,12.0,-0.001611105835398363,0.0003913274664586604,0.0003913274658234976,0.0007825914154968052,0.0004372655637473188,-0.0003913274664586591
2,0.002643300000000364,7.833730894241877,-0.000634188534797353,-12.0,-3.917816736265019,12.0,-0.001611430566533734,0.0003917182547730234,0.0003917182541388337,0.0007833730894241877,0.0004364179114077216,-0.0003917182547730222
2,0.0026435000000003643,7.841535262975291,-0.0006332145695666647,-12.0,-3.921717459674142,12.0,-0.001611754456367021,0.0003921084245104587,0.0003921084238772429,0.0007841535262975291,0.0004355712732735384,-0.0003921084245104575
2,0.0026437000000003644,7.849327248844426,-0.0006322396076652304,-12.0,-3.925611990156106,12.0,-0.001612077505691534,0.0003924979750548454,0.0003924979744226046,0.0007849327248844426,0.0004347256519869336,-0.0003924979750548441
2,0.0026439000000003645,7.857106839544994,-0.0006312636505150238,-12.0,-3.929500321560907,12.0,-0.001612399715303525,0.0003928869057910404,0.0003928869051597755,0.0007857106839544995,0.0004338810501889057,-0.0003928869057910392
2,0.0026441000000003646,7.864874022792224,-0.0006302866995646639,-12.0,-3.933382447748326,12.0,-0.00161272108600069,0.0003932752161048773,0.0003932752154745895,0.0007864874022792224,0.0004330374705203144,-0.0003932752161048761
2,0.0026443000000003648,7.872628786321009,-0.0006293087562578847,-12.0,-3.937258362587979,12.0,-0.001613041618583499,0.0003936629053831732,0.0003936629047538634,0.0007872628786321009,0.0004321949156209093,-0.0003936629053831721
2,0.002644500000000365,7.88037111788583,-0.0006283298220282063,-12.0,-3.941128059959256,12.0,-0.001613361313854256,0.000394049973013724,0.000394049972385393,0.0007880371117885831,0.0004313533881297182,-0.0003940499730137228
2,0.002644700000000365,7.88810100526077,-0.0006273498983206949,-12.0,-3.944991533751365,12.0,-0.001613680172617926,0.0003944364183853057,0.0003944364177579545,0.0007888101005260771,0.0004305128906851308,-0.0003944364183853045
2,0.002644900000000365,7.895818436239625,-0.0006263689865821931,-12.0,-3.948848777863377,12.0,-0.001613998195680866,0.0003948222408876806,0.0003948222402613104,0.0007895818436239626,0.0004296734259247037,-0.0003948222408876795
2,0.002645100000000365,7.903523398635838,-0.0006253870882497736,-12.0,-3.952699786204165,12.0,-0.001614315383852538,0.0003952074399115927,0.0003952074392862044,0.0007903523398635838,0.0004288349964851335,-0.0003952074399115915
2,0.0026453000000003653,7.91121588028251,-0.0006244042047680587,-12.0,-3.95654455269245,12.0,-0.001614631737943517,0.0003955920148487694,0.0003955920142243639,0.0007911215880282511,0.0004279976050023948,-0.0003955920148487682
2,0.0026455000000003654,7.918895869032498,-0.0006234203375869996,-12.0,-3.960383071256833,12.0,-0.001614947258767485,0.0003959759650919258,0.0003959759644685043,0.0007918895869032498,0.0004271612541116576,-0.0003959759650919246
2,0.0026457000000003656,7.926563352758418,-0.0006224354881512184,-12.0,-3.96421533583579,12.0,-0.001615261947139623,0.0003963592900347652,0.0003963592894123285,0.0007926563352758418,0.0004263259464473146,-0.0003963592900347639
2,0.0026459000000003657,7.934218319352548,-0.0006214496578920148,-12.0,-3.968041340377608,12.0,-0.001615575803877833,0.0003967419890719728,0.000396741988450522,0.0007934218319352548,0.0004254916846426482,-0.0003967419890719717
2,0.0026461000000003658,7.94186075672697,-0.0006204628482762153,-12.0,-3.971861078840528,12.0,-0.001615888829801015,0.0003971240615992264,0.0003971240609787623,0.0007941860756726971,0.0004246584713305246,-0.0003971240615992252
2,0.002646300000000366,7.949490652813631,-0.0006194750607426691,-12.0,-3.97567454519268,12.0,-0.001616201025731567,0.000397505507013195,0.0003975055063937187,0.0007949490652813631,0.0004238263091425332,-0.0003975055070131938
2,0.002646500000000366,7.957107995564172,-0.0006184862967271165,-12.0,-3.97948173341204,12.0,-0.001616512392493163,0.0003978863247115325,0.000397886324093045,0.0007957107995564172,0.0004229952007095417,-0.0003978863247115313
2,0.002646700000000366,7.964712772950091,-0.0006174965576972724,-12.0,-3.983282637486557,12.0,-0.001616822930911588,0.0003982665140928873,0.0003982665134753894,0.0007964712772950091,0.0004221651486616407,-0.000398266514092886
2,0.0026469000000003662,7.972304972962805,-0.0006165058450906535,-12.0,-3.987077251414097,12.0,-0.001617132641814845,0.0003986460745569018,0.0003986460739403948,0.0007972304972962806,0.0004213361556279216,-0.0003986460745569006
2,0.0026471000000003663,7.979884583613521,-0.0006155141603554348,-12.0,-3.990865569202435,12.0,-0.001617441526032937,0.0003990250055042093,0.0003990250048886939,0.0007979884583613521,0.0004205082242365044,-0.000399025005504208
2,0.0026473000000003665,7.987451592933327,-0.0006145215049420116,-12.0,-3.99464758486929,12.0,-0.001617749584398198,0.0003994033063364361,0.0003994033057219134,0.0007987451592933327,0.0004196813571146485,-0.0003994033063364348
2,0.0026475000000003666,7.995005988973252,-0.0006135278803074407,-12.0,-3.998423292442365,12.0,-0.00161805681774474,0.000399780976456207,0.000399780975842678,0.0007995005988973252,0.0004188555568886143,-0.0003997809764562058
2,0.0026477000000003667,8.002547759804234,-0.0006125332878932355,-12.0,-4.00219268595929,12.0,-0.001618363226908337,0.000400158015267141,0.0004001580146546063,0.0008002547759804234,0.000418030826183774,-0.0004001580152671397
2,0.002647900000000367,8.010076893517121,-0.0006115377291542323,-12.0,-4.005955759467669,12.0,-0.001618668812727653,0.0004005344221738528,0.0004005344215623138,0.0008010076893517122,0.0004172071676245004,-0.0004005344221738515
2,0.002648100000000367,8.017593378222772,-0.0006105412055448234,-12.0,-4.009712507025116,12.0,-0.001618973576042793,0.0004009101965819583,0.0004009101959714158,0.0008017593378222772,0.0004163845838341396,-0.0004009101965819571
2,0.002648300000000367,8.025097202051997,-0.0006095437185122954,-12.0,-4.013462922699204,12.0,-0.001619277517695528,0.0004012853378980705,0.0004012853372885255,0.0008025097202051997,0.0004155630774352603,-0.0004012853378980692
2,0.002648500000000367,8.032588353155573,-0.00060854526950882,-12.0,-4.017207000567502,12.0,-0.001619580638530738,0.0004016598455298006,0.0004016598449212541,0.0008032588353155573,0.000414742651049016,-0.0004016598455297993
2,0.0026487000000003673,8.040066819704329,-0.0006075458599927863,-12.0,-4.020944734717612,12.0,-0.001619882939394079,0.0004020337188857632,0.0004020337182782161,0.0008040066819704329,0.0004139233072958937,-0.0004020337188857619
2,0.0026489000000003674,8.047532589889162,-0.0006065454914176982,-12.0,-4.024676119247163,12.0,-0.001620184421134208,0.0004024069573755757,0.000402406956769029,0.0008047532589889162,0.0004131050487952148,-0.0004024069573755745
2,0.0026491000000003675,8.054985651920937,-0.0006055441652246252,-12.0,-4.028401148263747,12.0,-0.001620485084600665,0.0004027795604098535,0.0004027795598043081,0.0008054985651920937,0.0004122878781652184,-0.0004027795604098522
2,0.0026493000000003676,8.062425994030615,-0.0006045418828861671,-12.0,-4.032119815885055,12.0,-0.001620784930645769,0.0004031515274002183,0.0004031515267956751,0.0008062425994030616,0.0004114717980231997,-0.000403151527400217
2,0.0026495000000003677,8.06985360446933,-0.0006035386458504988,-12.0,-4.035832116238827,12.0,-0.001621083960123393,0.0004035228577592989,0.0004035228571557591,0.000806985360446933,0.0004106568109852049,-0.0004035228577592976
2,0.002649700000000368,8.077268471508203,-0.0006025344555613543,-12.0,-4.039538043462788,12.0,-0.00162138217388974,0.000403893550900724,0.0004038935502981883,0.0008077268471508203,0.0004098429196663644,-0.0004038935509007227
2,0.002649900000000368,8.084670583438534,-0.0006015293134926658,-12.0,-4.043237591704798,12.0,-0.001621679572802459,0.0004042636062391318,0.0004042636056376014,0.0008084670583438534,0.0004090301266805041,-0.0004042636062391305
2,0.002650100000000368,8.092059928571812,-0.0006005232210886113,-12.0,-4.046930755122772,12.0,-0.001621976157721305,0.0004046330231901697,0.0004046330225896451,0.0008092059928571813,0.0004082184346405893,-0.0004046330231901683
2,0.002650300000000368,8.099436495239633,-0.0005995161798098003,-12.0,-4.050617527884693,12.0,-0.001622271929507813,0.0004050018011704896,0.0004050018005709721,0.0008099436495239634,0.0004074078461582531,-0.0004050018011704884
2,0.0026505000000003683,8.106800271793773,-0.0005985081911092927,-12.0,-4.054297904168632,12.0,-0.001622566889025623,0.0004053699395977536,0.0004053699389992441,0.0008106800271793774,0.000406598363844074,-0.0004053699395977523
2,0.0026507000000003684,8.114151246606246,-0.0005974992564530268,-12.0,-4.057971878162795,12.0,-0.001622861037140266,0.0004057374378906354,0.000405737437293135,0.0008114151246606246,0.0004057899903074091,-0.0004057374378906342
2,0.0026509000000003685,8.121489408069273,-0.0005964893772878455,-12.0,-4.061639444065463,12.0,-0.001623154374718494,0.0004061042954688187,0.000406104294872328,0.0008121489408069273,0.0004049827281566443,-0.0004061042954688176
2,0.0026511000000003686,8.128814744595276,-0.0005954785550779107,-12.0,-4.06530059608504,12.0,-0.001623446902630055,0.0004064705117529974,0.0004064705111575178,0.0008128814744595277,0.0004041765799986385,-0.0004064705117529962
2,0.0026513000000003687,8.136127244616986,-0.0005944667912833879,-12.0,-4.068955328440087,12.0,-0.001623738621745363,0.0004068360861648816,0.0004068360855704135,0.0008136127244616987,0.0004033715484392797,-0.0004068360861648803
2,0.002651500000000369,8.143426896587393,-0.0005934540873568928,-12.0,-4.072603635359273,12.0,-0.001624029532937388,0.0004072010181271929,0.0004072010175337375,0.0008143426896587393,0.0004025676360832342,-0.0004072010181271916
2,0.002651700000000369,8.15071368897974,-0.0005924404447581466,-12.0,-4.076245511081412,12.0,-0.001624319637080873,0.0004075653070636666,0.0004075653064712249,0.0008150713688979741,0.0004017648455339196,-0.0004075653070636654
2,0.002651900000000369,8.157987610287638,-0.000591425864953532,-12.0,-4.079880949855507,12.0,-0.001624608935052008,0.0004079289523990566,0.0004079289518076296,0.0008157987610287638,0.0004009631793934765,-0.0004079289523990553
2,0.002652100000000369,8.165248649024996,-0.0005904103493947765,-12.0,-4.083509945940694,12.0,-0.001624897427729088,0.0004082919535591311,0.0004082919529687195,0.0008165248649024996,0.0004001626402627967,-0.00040829195355913
2,0.0026523000000003693,8.172496793726056,-0.0005893938995433778,-12.0,-4.087132493606282,12.0,-0.001625185115991856,0.0004086543099706751,0.00040865430938128,0.0008172496793726056,0.0003993632307415229,-0.0004086543099706738
2,0.0026525000000003694,8.179732032945445,-0.0005883765168621657,-12.0,-4.090748587131782,12.0,-0.001625472000722272,0.0004090160210614932,0.0004090160204731154,0.0008179732032945446,0.0003985649534281321,-0.000409016021061492
2,0.0026527000000003695,8.186954355258198,-0.0005873582028139701,-12.0,-4.094358220806902,12.0,-0.001625758082803741,0.0004093770862604102,0.0004093770856730506,0.0008186954355258199,0.0003977678109195193,-0.0004093770862604089
2,0.0026529000000003696,8.194163749259722,-0.0005863389588505186,-12.0,-4.097961388931527,12.0,-0.001626043363121887,0.0004097375049972689,0.0004097375044109287,0.0008194163749259723,0.0003969718058114968,-0.0004097375049972677
2,0.0026531000000003697,8.201360203565812,-0.0005853187864381937,-12.0,-4.101558085815751,12.0,-0.001626327842562891,0.0004100972767029325,0.0004100972761176126,0.0008201360203565813,0.0003961769406986282,-0.0004100972767029313
2,0.00265330000000037,8.208543706812753,-0.0005842976870438221,-12.0,-4.105148305779919,12.0,-0.001626611522016597,0.0004104564008092888,0.0004104564002249898,0.0008208543706812754,0.000395383218173756,-0.0004104564008092876
2,0.00265350000000037,8.215714247657282,-0.0005832756621186874,-12.0,-4.108732043154576,12.0,-0.001626894402372292,0.0004108148767492469,0.0004108148761659701,0.0008215714247657282,0.0003945906408288624,-0.0004108148767492457
2,0.00265370000000037,8.222871814776553,-0.0005822527131300603,-12.0,-4.112309292280499,12.0,-0.001627176484522486,0.0004111727039567382,0.0004111727033744842,0.0008222871814776554,0.0003937992112541394,-0.0004111727039567369
2,0.00265390000000037,8.230016396868285,-0.0005812288415416589,-12.0,-4.115880047508744,12.0,-0.001627457769361906,0.0004115298818667215,0.0004115298812854914,0.0008230016396868285,0.0003930089320386132,-0.0004115298818667203
2,0.0026541000000003703,8.23714798265067,-0.0005802040488100957,-12.0,-4.119444303200591,12.0,-0.001627738257784839,0.0004118864099151793,0.0004118864093349741,0.000823714798265067,0.0003922198057698806,-0.0004118864099151782
2,0.0026543000000003704,8.244266560862402,-0.0005791783364008651,-12.0,-4.123002053727586,12.0,-0.001628017950688676,0.0004122422875391197,0.0004122422869599401,0.0008244266560862402,0.0003914318350342616,-0.0004122422875391185
2,0.0026545000000003705,8.251372120262767,-0.0005781517057807939,-12.0,-4.126553293471572,12.0,-0.00162829684897281,0.0004125975141765803,0.0004125975135984274,0.0008251372120262767,0.0003906450224163416,-0.0004125975141765791
2,0.0026547000000003707,8.258464649631584,-0.0005771241584024978,-12.0,-4.130098016824637,12.0,-0.00162857495353752,0.0004129520892666247,0.0004129520886894993,0.0008258464649631585,0.0003898593704994013,-0.0004129520892666235
2,0.0026549000000003708,8.26554413776926,-0.0005760956957425734,-12.0,-4.133636218189201,12.0,-0.001628852265284531,0.000413306012249347,0.0004133060116732502,0.000826554413776926,0.0003890748818654727,-0.0004133060122493459
2,0.002655100000000371,8.272610573496816,-0.0005750663192527483,-12.0,-4.13716789197795,12.0,-0.001629128785118006,0.000413659282565871,0.0004136592819908035,0.0008272610573496817,0.0003882915590948249,-0.0004136592825658698
2,0.002655300000000371,8.279663945655843,-0.000574036030398517,-12.0,-4.14069303261388,12.0,-0.001629404513942889,0.0004140118996583494,0.0004140118990843121,0.0008279663945655843,0.0003875094047664923,-0.0004140118996583482
2,0.002655500000000371,8.286704243108613,-0.0005730048306515911,-12.0,-4.144211634530332,12.0,-0.001629679452666677,0.0004143638629699693,0.0004143638623969633,0.0008286704243108613,0.0003867284214577466,-0.000414363862969968
2,0.0026557000000003712,8.293731454738037,-0.0005719727214636983,-12.0,-4.147723692170942,12.0,-0.001629953602197531,0.000414715171944949,0.000414715171372975,0.0008293731454738037,0.0003859486117445271,-0.0004147151719449479
2,0.0026559000000003713,8.300745569447658,-0.0005709397043052178,-12.0,-4.151229199989683,12.0,-0.001630226963445391,0.000415065826028539,0.0004150658254575982,0.0008300745569447658,0.0003851699782013024,-0.0004150658260285378
2,0.0026561000000003714,8.307746576161756,-0.0005699057806429764,-12.0,-4.1547281524509,12.0,-0.001630499537322305,0.000415415824667027,0.00041541582409712,0.0008307746576161757,0.00038439252340082,-0.0004154158246670258
2,0.0026563000000003716,8.314734463825282,-0.0005688709519322543,-12.0,-4.158220544029249,12.0,-0.001630771324741209,0.0004157651673077328,0.0004157651667388607,0.0008314734463825283,0.0003836162499143425,-0.0004157651673077317
2,0.0026565000000003717,8.321709221403921,-0.0005678352196487602,-12.0,-4.161706369209787,12.0,-0.001631042326617038,0.000416113853399015,0.0004161138528311785,0.0008321709221403922,0.0003828411603116616,-0.0004161138533990139
2,0.002656700000000372,8.32867083788411,-0.0005667985852459978,-12.0,-4.165185622487909,12.0,-0.001631312543865837,0.0004164618823902676,0.0004164618818234677,0.0008328670837884109,0.0003820672571608341,-0.0004164618823902663
2,0.002656900000000372,8.33561930227299,-0.000565761050191238,-12.0,-4.168658298369392,12.0,-0.001631581977405205,0.0004168092537319213,0.0004168092531661591,0.0008335619302272991,0.0003812945430283904,-0.0004168092537319201
2,0.002657100000000372,8.34255460359853,-0.0005647226159561924,-12.0,-4.172124391370425,12.0,-0.001631850628155296,0.000417155966875448,0.0004171559663107243,0.000834255460359853,0.0003805230204792232,-0.0004171559668754469
2,0.002657300000000372,8.349476730909458,-0.000563683283993921,-12.0,-4.175583896017553,12.0,-0.001632118497035928,0.0004175020212733572,0.0004175020207096727,0.0008349476730909459,0.000379752692076657,-0.0004175020212733559
2,0.0026575000000003722,8.356385673275332,-0.0005626430557810203,-12.0,-4.179036806847768,12.0,-0.001632385584969809,0.0004178474163792001,0.0004178474158165557,0.0008356385673275332,0.0003789835603822539,-0.0004178474163791988
2,0.0026577000000003724,8.363281419786532,-0.0005616019327714383,-12.0,-4.182483118408442,12.0,-0.001632651892880643,0.0004181921516475683,0.0004181921510859651,0.0008363281419786532,0.0003782156279559939,-0.000418192151647567
2,0.0026579000000003725,8.370163959554237,-0.0005605599164342223,-12.0,-4.185922825257368,12.0,-0.001632917421693358,0.0004185362265340947,0.0004185362259735335,0.0008370163959554237,0.0003774488973562334,-0.0004185362265340934
2,0.0026581000000003726,8.377033281710546,-0.0005595170082370871,-12.0,-4.189355921962799,12.0,-0.001633182172334768,0.0004188796404954573,0.0004188796399359392,0.0008377033281710545,0.0003766833711394968,-0.0004188796404954562
2,0.0026583000000003727,8.383889375408408,-0.000558473209641086,-12.0,-4.192782403103398,12.0,-0.001633446145732687,0.000419222392989377,0.0004192223924309025,0.0008383889375408409,0.0003759190518607264,-0.0004192223929893757
2,0.002658500000000373,8.390732229821644,-0.0005574285221103814,-12.0,-4.196202263268273,12.0,-0.001633709342816925,0.0004195644834746174,0.0004195644829171878,0.0008390732229821645,0.0003751559420730605,-0.0004195644834746162
2,0.002658700000000373,8.397561834145032,-0.0005563829471144643,-12.0,-4.199615497057017,12.0,-0.00163397176451785,0.0004199059114109915,0.0004199059108546074,0.0008397561834145032,0.0003743940443279442,-0.0004199059114109903
2,0.002658900000000373,8.404378177594252,-0.0005553364861130561,-12.0,-4.20302209907966,12.0,-0.001634233411767827,0.000420246676259356,0.0004202466757040183,0.0008404378177594253,0.0003736333611750881,-0.0004202466762593547
2,0.002659100000000373,8.411181249405907,-0.0005542891405712069,-12.0,-4.206422063956701,12.0,-0.001634494285500776,0.0004205867774816143,0.0004205867769273239,0.0008411181249405907,0.0003728738951623567,-0.000420586777481613
2,0.0026593000000003733,8.417971038837603,-0.0005532409119601844,-12.0,-4.209815386319151,12.0,-0.001634754386651505,0.0004209262145407202,0.0004209262139874782,0.0008417971038837603,0.0003721156488359495,-0.0004209262145407191
2,0.0026595000000003734,8.424747535167915,-0.0005521918017379335,-12.0,-4.213202060808482,12.0,-0.001635013716156042,0.0004212649869006756,0.0004212649863484827,0.0008424747535167916,0.0003713586247401646,-0.0004212649869006744
2,0.0026597000000003735,8.431510727696379,-0.0005511418113690603,-12.0,-4.216582082076662,12.0,-0.001635272274952082,0.0004216030940265305,0.0004216030934753874,0.000843151072769638,0.0003706028254175653,-0.0004216030940265293
2,0.0026599000000003736,8.438260605743583,-0.0005500909423239442,-12.0,-4.219955444786187,12.0,-0.001635530063978874,0.0004219405353843875,0.0004219405348342954,0.0008438260605743583,0.0003698482534088138,-0.0004219405353843863
2,0.0026601000000003737,8.44499715865115,-0.000549039196064971,-12.0,-4.223322143610065,12.0,-0.001635787084176332,0.0004222773104414012,0.0004222773098923607,0.000844499715865115,0.0003690949112527819,-0.0004222773104413999
2,0.002660300000000374,8.451720375781727,-0.0005479865740536383,-12.0,-4.226682173231811,12.0,-0.001636043336486259,0.0004226134186657769,0.000422613418117789,0.0008451720375781728,0.0003683428014865098,-0.0004226134186657757
2,0.002660500000000374,8.458430246519011,-0.0005469330777549963,-12.0,-4.230035528345468,12.0,-0.001636298821851678,0.0004229488595267724,0.0004229488589798384,0.0008458430246519012,0.0003675919266450389,-0.0004229488595267712
2,0.002660700000000374,8.465126760267813,-0.0005458787086389805,-12.0,-4.233382203655651,12.0,-0.001636553541216501,0.0004232836324947023,0.0004232836319488226,0.0008465126760267813,0.0003668422892615653,-0.0004232836324947012
2,0.002660900000000374,8.471809906454027,-0.0005448234681639796,-12.0,-4.236722193877494,12.0,-0.001636807495526305,0.0004236177370409341,0.0004236177364961096,0.0008471809906454027,0.0003660938918675083,-0.000423617737040933
2,0.0026611000000003743,8.478479674524639,-0.0005437673577946001,-12.0,-4.240055493736685,12.0,-0.001637060685727332,0.0004239511726378903,0.0004239511720941217,0.0008478479674524639,0.000365346736992303,-0.0004239511726378891
2,0.0026613000000003744,8.485136053947805,-0.0005427103790025534,-12.0,-4.243382097969509,12.0,-0.001637313112767713,0.0004242839387590518,0.0004242839382163404,0.0008485136053947806,0.0003646008271632889,-0.0004242839387590508
2,0.0026615000000003745,8.491779034212819,-0.0005416525332408995,-12.0,-4.246702001322795,12.0,-0.001637564777596467,0.0004246160348789565,0.000424616034337303,0.0008491779034212819,0.0003638561649060706,-0.0004246160348789555
2,0.0026617000000003746,8.498408604830093,-0.0005405938219777973,-12.0,-4.250015198553951,12.0,-0.001637815681164168,0.0004249474604731985,0.0004249474599326036,0.0008498408604830093,0.0003631127527440881,-0.0004249474604731974
2,0.0026619000000003747,8.505024755331265,-0.0005395342466818498,-12.0,-4.253321684430998,12.0,-0.001638065824421719,0.0004252782150184326,0.0004252782144788974,0.0008505024755331265,0.0003623705931990601,-0.0004252782150184317
2,0.002662100000000375,8.511627475269195,-0.0005384738088167751,-12.0,-4.25662145373256,12.0,-0.001638315208322472,0.0004256082979923755,0.0004256082974539006,0.0008511627475269196,0.0003616296887903603,-0.0004256082979923743
2,0.002662300000000375,8.518216754217885,-0.0005374125098320803,-12.0,-4.259914501247815,12.0,-0.001638563833819551,0.0004259377088737994,0.0004259377083363859,0.0008518216754217886,0.0003608900420357386,-0.0004259377088737983
2,0.002662500000000375,8.524792581772585,-0.0005363503512083589,-12.0,-4.263200821776609,12.0,-0.001638811701868415,0.0004262664471425411,0.0004262664466061897,0.0008524792581772586,0.0003601516554505302,-0.0004262664471425401
2,0.002662700000000375,8.531354947549865,-0.0005352873344053322,-12.0,-4.266480410129414,12.0,-0.001639058813425187,0.000426594512279502,0.0004265945117442135,0.0008531354947549865,0.00035941453154828,-0.0004265945122795009
2,0.0026629000000003753,8.537903841187457,-0.0005342234608725072,-12.0,-4.269753261127272,12.0,-0.001639305169446548,0.000426921903766641,0.0004269219032324166,0.0008537903841187458,0.0003586786728403818,-0.00042692190376664
2,0.0026631000000003754,8.544439252344409,-0.0005331587320895892,-12.0,-4.273019369601926,12.0,-0.00163955077089184,0.0004272486210869847,0.0004272486205538249,0.0008544439252344409,0.0003579440818360785,-0.0004272486210869836
2,0.0026633000000003755,8.550961170701116,-0.0005320931495145231,-12.0,-4.276278730395762,12.0,-0.00163979561871952,0.0004275746637246257,0.0004275746631925316,0.0008550961170701117,0.0003572107610427117,-0.0004275746637246248
2,0.0026635000000003756,8.557469585959199,-0.0005310267146003689,-12.0,-4.279531338361767,12.0,-0.001640039713890928,0.0004279000311647177,0.00042790003063369,0.0008557469585959199,0.0003564787129652774,-0.0004279000311647167
2,0.0026637000000003757,8.563964487841638,-0.000529959428823723,-12.0,-4.282777188363649,12.0,-0.001640283057366965,0.0004282247228934836,0.0004282247223635231,0.0008563964487841638,0.0003557479401068708,-0.0004282247228934826
2,0.002663900000000376,8.57044586609281,-0.000528891293639866,-12.0,-4.286016275275777,12.0,-0.001640525650110858,0.0004285487383982148,0.0004285487378693224,0.000857044586609281,0.0003550184449682137,-0.0004285487383982138
2,0.002664100000000376,8.576913710478394,-0.0005278223105067426,-12.0,-4.28924859398318,12.0,-0.001640767493085948,0.0004288720771672682,0.000428872076639445,0.0008576913710478394,0.000354290230048071,-0.0004288720771672673
2,0.002664300000000376,8.583368010785431,-0.0005267524808907353,-12.0,-4.292474139381576,12.0,-0.001641008587257131,0.0004291947386900695,0.0004291947381633161,0.0008583368010785431,0.0003535632978429321,-0.0004291947386900685
2,0.002664500000000376,8.58980875682241,-0.0005256818062573387,-12.0,-4.295692906377409,12.0,-0.0016412489335903,0.0004295167224571162,0.0004295167219314334,0.0008589808756822411,0.0003528376508470099,-0.0004295167224571152
2,0.0026647000000003763,8.596235938419214,-0.0005246102880578363,-12.0,-4.298904889887797,12.0,-0.001641488533052016,0.0004298380279599749,0.0004298380274353637,0.0008596235938419215,0.000352113291552561,-0.0004298380279599739
2,0.0026649000000003764,8.602649545427107,-0.0005235379277568342,-12.0,-4.302110084840568,12.0,-0.001641727386610059,0.0004301586546912821,0.0004301586541677432,0.0008602649545427108,0.0003513902224493159,-0.0004301586546912812
2,0.0026651000000003765,8.609049567718841,-0.0005224647268224913,-12.0,-4.305308486174303,12.0,-0.001641965495232989,0.000430478602144749,0.0004304786016222832,0.0008609049567718842,0.000350668446025007,-0.0004304786021447481
2,0.0026653000000003767,8.615435995188628,-0.0005213906867056473,-12.0,-4.308500088838279,12.0,-0.001642202859890918,0.0004307978698151584,0.0004307978692937667,0.0008615435995188628,0.0003499479647649101,-0.0004307978698151574
2,0.0026655000000003768,8.621808817752106,-0.0005203158088669113,-12.0,-4.311684887792511,12.0,-0.00164243948155407,0.0004311164571983653,0.0004311164566780487,0.0008621808817752106,0.0003492287811522193,-0.0004311164571983645
2,0.002665700000000377,8.628168025346426,-0.0005192400947739984,-12.0,-4.314862878007776,12.0,-0.00164267536119389,0.0004314343637913011,0.0004314343632720601,0.0008628168025346427,0.0003485108976676726,-0.0004314343637913002
2,0.002665900000000377,8.634513607930302,-0.0005181635458830769,-12.0,-4.318034054465612,12.0,-0.001642910499783712,0.0004317515890919737,0.0004317515885738093,0.0008634513607930302,0.0003477943167898012,-0.0004317515890919729
2,0.002666100000000377,8.640845555483871,-0.0005170861636423218,-12.0,-4.321198412158261,12.0,-0.001643144898296089,0.0004320681325994626,0.0004320681320823757,0.0008640845555483871,0.0003470790409947494,-0.0004320681325994619
2,0.0026663000000003772,8.647163858008835,-0.0005160079495283298,-12.0,-4.32435594608879,12.0,-0.001643378557705355,0.000432383993813927,0.0004323839932979181,0.0008647163858008835,0.0003463650727564133,-0.0004323839938139262
2,0.0026665000000003773,8.653468505528503,-0.0005149289049923844,-12.0,-4.32750665127103,12.0,-0.001643611478986728,0.0004326991722366047,0.0004326991717216748,0.0008653468505528503,0.0003456524145462325,-0.0004326991722366037
2,0.0026667000000003774,8.659759488087708,-0.0005138490314888777,-12.0,-4.330650522729578,12.0,-0.001643843663116207,0.0004330136673698099,0.0004330136668559599,0.0008659759488087709,0.0003449410688333154,-0.0004330136673698089
2,0.0026669000000003776,8.666036795752847,-0.0005127683304784192,-12.0,-4.333787555499825,12.0,-0.001644075111070897,0.0004333274787169355,0.0004333274782041663,0.0008666036795752847,0.0003442310380843555,-0.0004333274787169346
2,0.0026671000000003777,8.672300418611961,-0.0005116868034233946,-12.0,-4.336917744627984,12.0,-0.001644305823828462,0.0004336406057824569,0.0004336406052707693,0.0008672300418611961,0.0003435223247636593,-0.000433640605782456
2,0.002667300000000378,8.678550346774689,-0.0005106044517737551,-12.0,-4.34004108517105,12.0,-0.001644535802367231,0.0004339530480719285,0.0004339530475613231,0.0008678550346774689,0.0003428149313331325,-0.0004339530480719276
2,0.002667500000000378,8.684786570372276,-0.0005095212769892221,-12.0,-4.343157572196835,12.0,-0.001644765047666197,0.0004342648050919854,0.0004342648045824633,0.0008684786570372277,0.0003421088602522521,-0.0004342648050919845
2,0.002667700000000378,8.691009079557652,-0.0005084372805312931,-12.0,-4.346267200783996,12.0,-0.001644993560706021,0.0004345758763503473,0.0004345758758419092,0.0008691009079557653,0.0003414041139779417,-0.0004345758763503465
2,0.002667900000000378,8.6972178645054,-0.0005073524638485871,-12.0,-4.349369966021998,12.0,-0.001645221342467362,0.0004348862613558158,0.0004348862608484625,0.0008697217864505402,0.0003407006949646824,-0.0004348862613558149
2,0.0026681000000003782,8.703412915411745,-0.0005062668283999372,-12.0,-4.35246586301114,12.0,-0.001645448393931659,0.000435195959618275,0.0004351959591120073,0.0008703412915411745,0.0003399986056646098,-0.000435195959618274
2,0.0026683000000003784,8.709594222494653,-0.0005051803756463968,-12.0,-4.355554886862599,12.0,-0.001645674716081791,0.0004355049706486961,0.000435504970143515,0.0008709594222494654,0.0003392978485271397,-0.0004355049706486953
2,0.0026685000000003785,8.715761775993787,-0.0005040931070339205,-12.0,-4.358637032698375,12.0,-0.001645900309900306,0.0004358132939591349,0.0004358132934550411,0.0008715761775993788,0.000338598425999273,-0.0004358132939591341
2,0.0026687000000003786,8.721915566170493,-0.0005030050240213413,-12.0,-4.361712295651328,12.0,-0.001646125176371305,0.0004361209290627315,0.0004361209285597257,0.0008721915566170494,0.0003379003405254849,-0.0004361209290627307
2,0.0026689000000003787,8.72805558330791,-0.0005019161280670481,-12.0,-4.364780670865217,12.0,-0.001646349316479445,0.0004364278754737158,0.0004364278749717989,0.000872805558330791,0.0003372035945476554,-0.000436427875473715
2,0.002669100000000379,8.734181817710901,-0.0005008264206174395,-12.0,-4.367842153494641,12.0,-0.001646572731209606,0.0004367341327074032,0.000436734132206576,0.0008734181817710902,0.0003365081905050971,-0.0004367341327074025
2,0.002669300000000379,8.740294259706115,-0.0004997359031349013,-12.0,-4.370896738705119,12.0,-0.001646795421547775,0.0004370397002801992,0.0004370396997804625,0.0008740294259706116,0.0003358141308345552,-0.0004370397002801985
2,0.002669500000000379,8.746392899641972,-0.0004986445770640557,-12.0,-4.373944421673027,12.0,-0.001647017388480831,0.0004373445777095971,0.0004373445772109518,0.0008746392899641973,0.0003351214179700274,-0.0004373445777095963
2,0.002669700000000379,8.752477727888703,-0.0004975524438659562,-12.0,-4.376985197585674,12.0,-0.001647238632995207,0.0004376487645141816,0.0004376487640166285,0.0008752477727888703,0.0003344300543431794,-0.0004376487645141809
2,0.0026699000000003793,8.758548734838357,-0.000496459504985225,-12.0,-4.380019061641251,12.0,-0.001647459156079778,0.0004379522602136274,0.0004379522597171671,0.0008758548734838357,0.000333740042382652,-0.0004379522602136266
2,0.0026701000000003794,8.764605910904788,-0.0004953657618762541,-12.0,-4.383046009048865,12.0,-0.001647678958722198,0.0004382550643286996,0.0004382550638333332,0.0008764605910904788,0.0003330513845147681,-0.0004382550643286989
2,0.0026703000000003795,8.770649246523728,-0.0004942712159961005,-12.0,-4.38606603502857,12.0,-0.001647898041911455,0.0004385571763812581,0.0004385571758869862,0.0008770649246523729,0.0003323640831630059,-0.0004385571763812574
2,0.0026705000000003796,8.776678732152762,-0.0004931758687880539,-12.0,-4.389079134811322,12.0,-0.001648116406637756,0.000438858595894254,0.0004388585954010775,0.0008776678732152763,0.0003316781407480818,-0.0004388585958942534
2,0.0026707000000003797,8.782694358271325,-0.0004920797217065065,-12.0,-4.39208530363902,12.0,-0.001648334053890754,0.0004391593223917319,0.0004391593218996516,0.0008782694358271325,0.0003309935596882002,-0.0004391593223917314
2,0.00267090000000038,8.788696115380782,-0.0004909827762054064,-12.0,-4.395084536764527,12.0,-0.001648550984661434,0.0004394593553988328,0.0004394593549078494,0.0008788696115380782,0.0003303103423986375,-0.0004394593553988322
2,0.00267110000000038,8.794683994004382,-0.000489885033724935,-12.0,-4.398076829451629,12.0,-0.001648767199941004,0.0004397586944417909,0.0004397586939519053,0.0008794683994004383,0.0003296284912920611,-0.0004397586944417905
2,0.00267130000000038,8.800657984687296,-0.0004887864957265897,-12.0,-4.401062176975104,12.0,-0.001648982700721335,0.0004400573390479384,0.0004400573385591511,0.0008800657984687297,0.0003289480087783347,-0.0004400573390479378
2,0.00267150000000038,8.806618077996655,-0.0004876871636496638,-12.0,-4.404040574620673,12.0,-0.001649197487994858,0.000440355288745703,0.0004403552882580152,0.0008806618077996655,0.0003282688972644499,-0.0004403552887457023
2,0.0026717000000003803,8.812564264521491,-0.0004865870389441085,-12.0,-4.407012017685031,12.0,-0.001649411562753667,0.0004406525430646093,0.0004406525425780218,0.0008812564264521492,0.0003275911591547748,-0.0004406525430646087
2,0.0026719000000003804,8.81849653487285,-0.0004854861230629837,-12.0,-4.409976501475881,12.0,-0.001649624925992188,0.0004409491015352822,0.0004409491010497956,0.000881849653487285,0.0003269147968506525,-0.0004409491015352818
2,0.0026721000000003805,8.82441487968374,-0.0004843844174495793,-12.0,-4.412934021311888,12.0,-0.001649837578702962,0.0004412449636894444,0.0004412449632050595,0.000882441487968374,0.000326239812750817,-0.0004412449636894438
2,0.0026723000000003806,8.830319289609145,-0.0004832819235502939,-12.0,-4.415884572522718,12.0,-0.001650049521881303,0.0004415401290599172,0.0004415401285766348,0.0008830319289609145,0.000325566209250977,-0.0004415401290599168
2,0.0026725000000003807,8.836209755326102,-0.0004821786428181873,-12.0,-4.418828150449064,12.0,-0.00165026075652086,0.0004418345971806252,0.000441834596698446,0.0008836209755326103,0.0003248939887440655,-0.0004418345971806247
2,0.002672700000000381,8.84208626753365,-0.0004810745766898883,-12.0,-4.421764750442606,12.0,-0.001650471283617061,0.0004421283675865921,0.0004421283671055171,0.0008842086267533651,0.0003242231536200457,-0.0004421283675865917
2,0.002672900000000381,8.84794881695285,-0.0004799697266157921,-12.0,-4.424694367866045,12.0,-0.001650681104165663,0.0004424214398139433,0.0004424214393339734,0.0008847948816952851,0.0003235537062660915,-0.0004424214398139429
2,0.002673100000000381,8.853797394326843,-0.0004788640940454059,-12.0,-4.42761699809313,12.0,-0.001650890219161982,0.000442713813399909,0.0004427138129210445,0.0008853797394326844,0.0003228856490663234,-0.0004427138133999085
2,0.002673300000000381,8.859631990420832,-0.0004777576804135819,-12.0,-4.430532636508613,12.0,-0.001651098629602554,0.0004430054878828204,0.0004430054874050622,0.0008859631990420832,0.0003222189844020173,-0.00044300548788282
2,0.0026735000000003813,8.865452596022102,-0.0004766504871751565,-12.0,-4.43344127850832,12.0,-0.001651306336483804,0.0004432964628021149,0.0004432964623254639,0.0008865452596022103,0.0003215537146514652,-0.0004432964628021145
2,0.0026737000000003814,8.87125920194004,-0.0004755425157636495,-12.0,-4.436342919499091,12.0,-0.001651513340802824,0.0004435867376983331,0.0004435867372227902,0.000887125920194004,0.0003208898421899892,-0.0004435867376983327
2,0.0026739000000003815,8.877051799006138,-0.000474433767633009,-12.0,-4.439237554898856,12.0,-0.00165171964355626,0.0004438763121131227,0.0004438763116386886,0.0008877051799006137,0.0003202273693899554,-0.0004438763121131224
2,0.0026741000000003816,8.88283037807403,-0.0004733242442158669,-12.0,-4.442125180136582,12.0,-0.001651925245742314,0.000444165185589237,0.0004441651851159122,0.000888283037807403,0.0003195662986206216,-0.0004441651855892366
2,0.0026743000000003818,8.888594930019458,-0.0004722139469581776,-12.0,-4.445005790652306,12.0,-0.001652130148358411,0.0004444533576705351,0.0004444533571983208,0.0008888594930019459,0.0003189066322482476,-0.0004444533576705348
2,0.002674500000000382,8.894345445740363,-0.0004711028773050074,-12.0,-4.447879381897168,12.0,-0.00165233435240264,0.0004447408279019866,0.0004447408274308835,0.0008894345445740364,0.0003182483726362206,-0.0004447408279019863
2,0.002674700000000382,8.900081916156829,-0.0004699910366943172,-12.0,-4.450745949333366,12.0,-0.00165253785887387,0.0004450275958296675,0.0004450275953596762,0.0008900081916156829,0.0003175915221445419,-0.0004450275958296672
2,0.002674900000000382,8.905804332211119,-0.0004688784265654,-12.0,-4.453605488434192,12.0,-0.00165274066876997,0.000445313661000763,0.0004453136605318842,0.000890580433221112,0.0003169360831304369,-0.0004453136610007628
2,0.002675100000000382,8.911512684867727,-0.0004677650483628781,-12.0,-4.456457994684058,12.0,-0.00165294278309025,0.0004455990229635698,0.0004455990224958045,0.0008911512684867727,0.0003162820579478282,-0.0004455990229635696
2,0.0026753000000003823,8.917206965113337,-0.0004666509035216038,-12.0,-4.45930346357846,12.0,-0.00165314420283369,0.000445883681267494,0.000445883680800843,0.0008917206965113338,0.0003156294489476685,-0.0004458836812674939
2,0.0026755000000003824,8.922887163956844,-0.0004655359934835346,-12.0,-4.462141890624007,12.0,-0.001653344928999489,0.0004461676354630525,0.0004461676349975165,0.0008922887163956844,0.0003149782584776634,-0.0004461676354630524
2,0.0026757000000003825,8.928553272429419,-0.0004644203196870755,-12.0,-4.464973271338443,12.0,-0.001653544962586961,0.0004464508851018758,0.0004464508846374553,0.0008928553272429419,0.0003143284888824371,-0.0004464508851018757
2,0.0026759000000003827,8.93420528158449,-0.0004633038835746284,-12.0,-4.467797601250646,12.0,-0.001653744304596083,0.0004467334297367072,0.0004467334292734032,0.000893420528158449,0.0003136801425033808,-0.0004467334297367071
2,0.0026761000000003828,8.939843182497716,-0.0004621866865717195,-12.0,-4.470614875900583,12.0,-0.001653942956026055,0.0004470152689214014,0.0004470152684592144,0.0008939843182497717,0.0003130332216787768,-0.0004470152689214011
2,0.002676300000000383,8.945466966267055,-0.0004610687301287442,-12.0,-4.473425090839408,12.0,-0.0016541409178773,0.000447296402210928,0.0004472964017498592,0.0008945466966267056,0.0003123877287436599,-0.0004472964022109279
2,0.002676500000000383,8.951076624012805,-0.0004599500156756697,-12.0,-4.476228241629416,12.0,-0.001654338191149685,0.0004475768291613741,0.000447576828701424,0.0008951076624012805,0.000311743666029804,-0.000447576829161374
2,0.002676700000000383,8.956672146877525,-0.0004588305446500129,-12.0,-4.479024323844042,12.0,-0.001654534776843297,0.0004478565493299393,0.0004478565488711088,0.0008956672146877525,0.000311101035865749,-0.0004478565493299392
2,0.0026769000000003832,8.962253526026103,-0.0004577103184844056,-12.0,-4.481813333067882,12.0,-0.001654730675958116,0.0004481355622749398,0.0004481355618172294,0.0008962253526026104,0.0003104598405769127,-0.0004481355622749398
2,0.0026771000000003833,8.967820752645798,-0.0004565893386221376,-12.0,-4.484595264896726,12.0,-0.001654925889494785,0.0004484138675558103,0.000448413867099221,0.0008967820752645798,0.0003098200824852432,-0.0004484138675558104
2,0.0026773000000003835,8.97337381794621,-0.0004554676064878471,-12.0,-4.487370114937514,12.0,-0.001655120418453615,0.0004486914647331026,0.0004486914642776349,0.0008973373817946211,0.0003091817639094552,-0.0004486914647331027
2,0.0026775000000003836,8.978912713159279,-0.0004543451235226037,-12.0,-4.490137878808375,12.0,-0.001655314263834362,0.0004489683533684852,0.0004489683529141401,0.0008978912713159279,0.0003085448871650437,-0.0004489683533684852
2,0.0026777000000003837,8.984437429539375,-0.0004532218911590391,-12.0,-4.492898552138645,12.0,-0.001655507426638225,0.0004492445330247485,0.0004492445325715267,0.0008984437429539375,0.0003079094545640482,-0.0004492445330247486
2,0.002677900000000384,8.989947958363233,-0.0004520979108275647,-12.0,-4.495652130568837,12.0,-0.001655699907865404,0.0004495200032658008,0.000449520002813703,0.0008989947958363233,0.0003072754684151635,-0.0004495200032658011
2,0.002678100000000384,8.995444290929987,-0.0004509731839608122,-12.0,-4.498398609750667,12.0,-0.0016558917085161,0.0004497947636566705,0.0004497947632056974,0.0008995444290929987,0.0003066429310238372,-0.0004497947636566706
2,0.002678300000000384,9.000926418561221,-0.0004498477119971867,-12.0,-4.501137985347084,12.0,-0.001656082829590622,0.0004500688137635086,0.000450068813313661,0.0009000926418561222,0.0003060118446920057,-0.0004500688137635087
2,0.002678500000000384,9.006394332600959,-0.0004487214963599939,-12.0,-4.503870253032234,12.0,-0.001656273272089726,0.0004503421531535872,0.000450342152704866,0.0009006394332600959,0.0003053822117182331,-0.0004503421531535875
2,0.0026787000000003842,9.011848024415626,-0.0004475945384831981,-12.0,-4.506595408491484,12.0,-0.001656463037013611,0.0004506147813952999,0.0004506147809477055,0.0009011848024415626,0.0003047540343976696,-0.0004506147813953001
2,0.0026789000000003844,9.017287485394162,-0.0004464668398007632,-12.0,-4.509313447421451,12.0,-0.001656652125361813,0.0004508866980581648,0.0004508866976116981,0.0009017287485394162,0.0003041273150220791,-0.000450886698058165
2,0.0026791000000003845,9.022712706947994,-0.0004453384017431006,-12.0,-4.512024365529995,12.0,-0.001656840538135307,0.0004511579027128249,0.0004511579022674868,0.0009022712706947994,0.0003035020558796314,-0.0004511579027128252
2,0.0026793000000003846,9.028123680510975,-0.0004442092257299635,-12.0,-4.514728158536174,12.0,-0.001657028276333739,0.0004514283949310443,0.0004514283944868353,0.0009028123680510975,0.0003028782592551515,-0.0004514283949310444
2,0.0026795000000003847,9.0335203975395,-0.0004430793132033095,-12.0,-4.517424822170348,12.0,-0.001657215340956864,0.0004516981742857141,0.0004516981738426352,0.00090335203975395,0.000302255927429898,-0.0004516981742857144
2,0.002679700000000385,9.038902849512525,-0.0004419486655877769,-12.0,-4.520114352174131,12.0,-0.001657401733004549,0.000451967240350854,0.0004519672399089056,0.0009038902849512524,0.0003016350626816738,-0.0004519672403508544
2,0.002679900000000385,9.04427102793146,-0.0004408172843035629,-12.0,-4.522796744300358,12.0,-0.001657587453476772,0.000452235592701605,0.0004522355922607882,0.000904427102793146,0.0003010156672845765,-0.0004522355927016055
2,0.002680100000000385,9.049624924320279,-0.0004396851707921812,-12.0,-4.525471994313179,12.0,-0.001657772503372512,0.0004525032309142383,0.0004525032304745535,0.0009049624924320279,0.0003003977435094007,-0.0004525032309142387
2,0.002680300000000385,9.05496453022557,-0.0004385523264733848,-12.0,-4.528140097988019,12.0,-0.001657956883691081,0.0004527701545661541,0.0004527701541276022,0.0009054964530225571,0.0002997812936231942,-0.0004527701545661546
2,0.0026805000000003853,9.060289837216441,-0.0004374187527731443,-12.0,-4.530801051111569,12.0,-0.001658140595432012,0.0004530363632358791,0.0004530363627984607,0.0009060289837216442,0.0002991663198894934,-0.0004530363632358796
2,0.0026807000000003854,9.06560083688458,-0.0004362844511192066,-12.0,-4.533454849481814,12.0,-0.001658323639593173,0.000453301856503069,0.0004533018560667849,0.000906560083688458,0.000298552824568199,-0.0004533018565030695
2,0.0026809000000003855,9.070897520844307,-0.0004351494229410946,-12.0,-4.536101488908059,12.0,-0.001658506017173766,0.0004535666339485113,0.0004535666335133624,0.0009070897520844307,0.0002979408099156033,-0.0004535666339485118
2,0.0026811000000003856,9.076179880732534,-0.0004340136696590058,-12.0,-4.538740965210891,12.0,-0.001658687729172437,0.0004538306951541228,0.0004538306947201097,0.0009076179880732534,0.0002973302781843074,-0.0004538306951541232
2,0.0026813000000003857,9.081447908208782,-0.0004328771926997987,-12.0,-4.541373274222212,12.0,-0.001658868776586275,0.0004540940397029506,0.0004540940392700741,0.0009081447908208782,0.0002967212316233592,-0.0004540940397029513
2,0.002681500000000386,9.08670159495524,-0.0004317399934925525,-12.0,-4.543998411785258,12.0,-0.001659049160413817,0.0004543566671791759,0.0004543566667474367,0.0009086701594955241,0.0002961136724779628,-0.0004543566671791766
2,0.002681700000000386,9.091940932676733,-0.0004306020734561322,-12.0,-4.546616373754572,12.0,-0.001659228881652708,0.0004546185771681109,0.0004546185767375095,0.0009091940932676734,0.0002955076029897558,-0.0004546185771681117
2,0.002681900000000386,9.09716591310074,-0.0004294634340160641,-12.0,-4.549227155996029,12.0,-0.001659407941299706,0.0004548797692562006,0.0004548797688267378,0.0009097165913100741,0.0002949030253966145,-0.0004548797692562013
2,0.002682100000000386,9.102376527977443,-0.0004283240765992069,-12.0,-4.55183075438686,12.0,-0.001659586340351682,0.0004551402430310254,0.0004551402426027021,0.0009102376527977443,0.0002942999419326964,-0.0004551402430310262
2,0.0026823000000003863,9.107572769079699,-0.000427184002621761,-12.0,-4.554427164815622,12.0,-0.00165976407980517,0.0004553999980812993,0.0004553999976541161,0.00091075727690797,0.0002936983548283562,-0.0004553999980813
2,0.0026825000000003864,9.112754628203039,-0.0004260432135123615,-12.0,-4.557016383182221,12.0,-0.001659941160655931,0.0004556590339968701,0.0004556590335708276,0.0009112754628203039,0.0002930982663102571,-0.0004556590339968709
2,0.0026827000000003865,9.117922097165756,-0.0004249017106920938,-12.0,-4.559598405397934,12.0,-0.001660117583900167,0.0004559173503687234,0.0004559173499438225,0.0009117922097165757,0.0002924996786012046,-0.0004559173503687243
2,0.0026829000000003866,9.123075167808866,-0.0004237594955838198,-12.0,-4.562173227385403,12.0,-0.001660293350532971,0.0004561749467889811,0.0004561749463652225,0.0009123075167808866,0.000291902593920132,-0.000456174946788982
2,0.0026831000000003867,9.128213831996103,-0.0004226165696072925,-12.0,-4.564740845078628,12.0,-0.001660468461549436,0.0004564318228509012,0.0004564318224282856,0.0009128213831996104,0.0002913070144822949,-0.0004564318228509021
2,0.002683300000000387,9.133338081613953,-0.0004214729341822654,-12.0,-4.567301254422979,12.0,-0.001660642917943878,0.0004566879781488787,0.0004566879777274068,0.0009133338081613953,0.0002907129424990079,-0.0004566879781488798
2,0.002683500000000387,9.138447908571692,-0.0004203285907364851,-12.0,-4.569854451375237,12.0,-0.001660816720710279,0.0004569434122784491,0.0004569434118581215,0.0009138447908571693,0.0002901203801777275,-0.0004569434122784501
2,0.002683700000000387,9.143543304801375,-0.0004191835406839317,-12.0,-4.572400431903549,12.0,-0.001660989870842178,0.0004571981248362854,0.0004571981244171029,0.0009143543304801375,0.0002895293297220658,-0.0004571981248362865
2,0.002683900000000387,9.148624262257815,-0.0004180377854452466,-12.0,-4.574939191987454,12.0,-0.001661162369332891,0.0004574521154201998,0.0004574521150021631,0.0009148624262257816,0.0002889397933316523,-0.0004574521154202009
2,0.0026841000000003873,9.15369077291867,-0.0004168913264477325,-12.0,-4.57747072761792,12.0,-0.001661334217174626,0.0004577053836291461,0.0004577053832122559,0.0009153690772918671,0.0002883517732022445,-0.0004577053836291472
2,0.0026843000000003874,9.158742828784405,-0.000415744165102705,-12.0,-4.579995034797299,12.0,-0.001661505415359366,0.0004579579290632184,0.0004579579286474754,0.0009158742828784405,0.0002877652715256723,-0.0004579579290632196
2,0.0026845000000003875,9.163780421878291,-0.0004145963028325816,-12.0,-4.582512109539358,12.0,-0.001661675964879095,0.0004582097513236513,0.0004582097509090562,0.0009163780421878292,0.000287180290489783,-0.0004582097513236525
2,0.0026847000000003876,9.168803544246478,-0.0004134477410602244,-12.0,-4.585021947869307,12.0,-0.001661845866724354,0.0004584608500128235,0.0004584608495993769,0.0009168803544246479,0.0002865968322784546,-0.0004584608500128247
2,0.0026849000000003878,9.173812187957958,-0.0004122984811987251,-12.0,-4.587524545823761,12.0,-0.001662015121885685,0.000458711224734255,0.0004587112243219579,0.0009173812187957959,0.0002860148990715405,-0.0004587112247342563
2,0.002685100000000388,9.17880634510456,-0.0004111485246696134,-12.0,-4.59001989945077,12.0,-0.00166218373135274,0.0004589608750926087,0.0004589608746814615,0.000917880634510456,0.0002854344930449532,-0.00045896087509261
2,0.002685300000000388,9.183786007801043,-0.000409997872896195,-12.0,-4.592508004809844,12.0,-0.001662351696114728,0.0004592098006936936,0.000459209800283697,0.0009183786007801043,0.0002848556163704274,-0.0004592098006936948
2,0.002685500000000388,9.188751168185036,-0.0004088465272844566,-12.0,-4.59498885797191,12.0,-0.001662519017160635,0.0004594580011444613,0.000459458000735616,0.0009188751168185036,0.0002842782712157849,-0.0004594580011444626
2,0.002685700000000388,9.193701818417066,-0.0004076944892674739,-12.0,-4.597462455019378,12.0,-0.001662685695477895,0.0004597054760530098,0.0004597054756453167,0.0009193701818417067,0.0002837024597447391,-0.000459705476053011
2,0.0026859000000003883,9.198637950680588,-0.0004065417602490129,-12.0,-4.599928792046085,12.0,-0.001662851732053938,0.0004599522250285822,0.0004599522246220419,0.0009198637950680588,0.0002831281841168404,-0.0004599522250285836
2,0.0026861000000003884,9.20355955718198,-0.0004053883416590409,-12.0,-4.602387865157363,12.0,-0.001663017127875421,0.0004601982476815688,0.000460198247276182,0.0009203559557181981,0.0002825554464876284,-0.0004601982476815704
2,0.0026863000000003886,9.208466630150577,-0.0004042342349070971,-12.0,-4.604839670469993,12.0,-0.001663181883928,0.0004604435436235069,0.0004604435432192742,0.0009208466630150577,0.0002819842490084795,-0.0004604435436235086
2,0.0026865000000003887,9.213359161838632,-0.000403079441414711,-12.0,-4.607284204112232,12.0,-0.00166334600119733,0.0004606881124670802,0.0004606881120640024,0.0009213359161838633,0.0002814145938265511,-0.0004606881124670818
2,0.0026867000000003888,9.218237144521408,-0.0004019239625985271,-12.0,-4.609721462223842,12.0,-0.001663509480667513,0.0004609319538261227,0.0004609319534242004,0.0009218237144521409,0.0002808464830849344,-0.0004609319538261243
2,0.002686900000000389,9.22310057049713,-0.0004007677998734138,-12.0,-4.612151440956053,12.0,-0.001663672323322651,0.0004611750673156162,0.0004611750669148501,0.000922310057049713,0.0002802799189225158,-0.000461175067315618
2,0.002687100000000389,9.227949432086984,-0.0003996109546591242,-12.0,-4.61457413647159,12.0,-0.001663834530145625,0.0004614174525516914,0.0004614174521520822,0.0009227949432086984,0.0002797149034738794,-0.0004614174525516931
2,0.002687300000000389,9.232783721635203,-0.0003984534283758556,-12.0,-4.616989544944699,12.0,-0.001663996102118315,0.0004616591091516308,0.000461659108753179,0.0009232783721635203,0.0002791514388695848,-0.0004616591091516323
2,0.0026875000000003892,9.237603431509019,-0.000397295222432259,-12.0,-4.619397662561109,12.0,-0.001664157040222713,0.000461900036733866,0.0004619000363365726,0.0009237603431509019,0.0002785895272356675,-0.0004619000367338677
2,0.0026877000000003893,9.242408554098684,-0.0003961363382525285,-12.0,-4.621798485518084,12.0,-0.001664317345439037,0.0004621402349179814,0.0004621402345218469,0.0009242408554098685,0.0002780291706942079,-0.0004621402349179832
2,0.0026879000000003895,9.2471990818175,-0.0003949767772497559,-12.0,-4.624192010024393,12.0,-0.00166447701874739,0.0004623797033247124,0.0004623797029297375,0.0009247199081817501,0.0002774703713627341,-0.0004623797033247143
2,0.0026881000000003896,9.251975007101793,-0.0003938165408423622,-12.0,-4.626578232300325,12.0,-0.001664636061126545,0.0004626184415759463,0.0004626184411821318,0.0009251975007101794,0.0002769131313547363,-0.0004626184415759483
2,0.0026883000000003897,9.256736322410985,-0.0003926556304501005,-12.0,-4.628957148577724,12.0,-0.001664794473554276,0.0004628564492947255,0.0004628564489020718,0.0009256736322410986,0.0002763574527791801,-0.0004628564492947274
2,0.00268850000000039,9.261483020227562,-0.0003914940474851747,-12.0,-4.63132875509995,12.0,-0.001664952257008356,0.0004630937261052444,0.0004630937257137523,0.0009261483020227562,0.0002758033377408126,-0.0004630937261052464
2,0.00268870000000039,9.266215093057072,-0.0003903317933673378,-12.0,-4.633693048121905,12.0,-0.001665109412464894,0.0004633302716328518,0.000463330271242522,0.0009266215093057073,0.0002752507883398841,-0.0004633302716328538
2,0.00268890000000039,9.270932533428196,-0.0003891688695167872,-12.0,-4.636050023910061,12.0,-0.001665265940899663,0.0004635660855040524,0.0004635660851148856,0.0009270932533428196,0.0002746998066724265,-0.0004635660855040545
2,0.00268910000000039,9.275635333892712,-0.0003880052773448384,-12.0,-4.638399678742426,12.0,-0.001665421843286663,0.0004638011673465059,0.0004638011669585028,0.0009275635333892713,0.0002741503948299889,-0.0004638011673465081
2,0.0026893000000003902,9.280323487025502,-0.0003868410182708004,-12.0,-4.640742008908567,12.0,-0.001665577120599671,0.0004640355167890274,0.0004640355164021887,0.0009280323487025502,0.0002736025548998045,-0.0004640355167890296
2,0.0026895000000003904,9.2849969854246,-0.0003856760937175352,-12.0,-4.643077010709638,12.0,-0.001665731773811019,0.0004642691334615898,0.0004642691330759159,0.00092849969854246,0.0002730562889645682,-0.000464269133461592
2,0.0026897000000003905,9.289655821711179,-0.0003845105050950259,-12.0,-4.645404680458339,12.0,-0.001665885803892708,0.0004645020169953221,0.0004645020166108137,0.000928965582171118,0.0002725115991025762,-0.0004645020169953244
2,0.0026899000000003906,9.294299988529573,-0.0003833442538301313,-12.0,-4.647725014478975,12.0,-0.001666039211815185,0.000464734167022512,0.0004647341666391702,0.0009294299988529573,0.0002719684873875999,-0.0004647341670225145
2,0.0026901000000003907,9.298929478547281,-0.0003821773413301699,-12.0,-4.650038009107409,12.0,-0.001666191998548117,0.0004649655831766054,0.0004649655827944306,0.0009298929478547282,0.0002714269558890536,-0.0004649655831766079
2,0.002690300000000391,9.303544284454969,-0.0003810097690259973,-12.0,-4.652343660691121,12.0,-0.001666344165059841,0.000465196265092207,0.0004651962647111997,0.0009303544284454968,0.0002708870066717023,-0.0004651962650922094
2,0.002690500000000391,9.308144398966517,-0.0003798415383267084,-12.0,-4.654641965589164,12.0,-0.001666495712318472,0.0004654262124050813,0.0004654262120252423,0.0009308144398966517,0.0002703486417958284,-0.0004654262124050838
2,0.002690700000000391,9.312729814818972,-0.0003786726506551652,-12.0,-4.656932920172195,12.0,-0.001666646641289793,0.0004656554247521514,0.0004656554243734814,0.0009312729814818973,0.0002698118633172042,-0.000465655424752154
2,0.002690900000000391,9.317300524772635,-0.0003775031074324531,-12.0,-4.659216520822497,12.0,-0.001666796952939364,0.0004658839017715038,0.0004658839013940034,0.0009317300524772636,0.0002692766732870916,-0.0004658839017715065
2,0.0026911000000003913,9.321856521611014,-0.0003763329100738844,-12.0,-4.661492763933946,12.0,-0.001666946648231749,0.0004661116431023846,0.0004661116427260544,0.0009321856521611015,0.0002687430737520063,-0.0004661116431023873
2,0.0026913000000003914,9.326397798140826,-0.0003751620600036532,-12.0,-4.663761645912039,12.0,-0.001667095728129953,0.0004663386483852008,0.0004663386480100416,0.0009326397798140826,0.0002682110667539817,-0.0004663386483852035
2,0.0026915000000003915,9.33092434719208,-0.0003739905586437331,-12.0,-4.666023163173912,12.0,-0.001667244193595874,0.0004665649172615242,0.0004665649168875362,0.0009330924347192082,0.0002676806543304294,-0.0004665649172615268
2,0.0026917000000003916,9.335436161618034,-0.0003728184074089924,-12.0,-4.668277312148315,12.0,-0.001667392045590854,0.0004667904493740877,0.0004667904490012722,0.0009335436161618034,0.0002671518385140292,-0.0004667904493740906
2,0.0026919000000003917,9.339933234295179,-0.0003716456077249575,-12.0,-4.670524089275633,12.0,-0.001667539285074016,0.000467015244366788,0.0004670152439951452,0.0009339933234295179,0.0002666246213329365,-0.0004670152443667908
2,0.002692100000000392,9.344415558123325,-0.0003704721610136019,-12.0,-4.672763491007904,12.0,-0.001667685913004258,0.0004672393018846861,0.000467239301514217,0.0009344415558123325,0.0002660990048105188,-0.0004672393018846891
2,0.002692300000000392,9.34888312602558,-0.000369298068700008,-12.0,-4.674995513808821,12.0,-0.001667831930338703,0.0004674626215740091,0.000467462621204714,0.000934888312602558,0.0002655749909655641,-0.0004674626215740121
2,0.002692500000000392,9.353335930948315,-0.0003681233321985999,-12.0,-4.677220154153689,12.0,-0.001667977338033699,0.000467685203082146,0.0004676852027140257,0.0009353335930948316,0.0002650525818120308,-0.000467685203082149
2,0.002692700000000392,9.357773965861231,-0.0003669479529428976,-12.0,-4.67943740852951,12.0,-0.001668122137043926,0.0004679070460576536,0.0004679070456907087,0.0009357773965861231,0.0002645317793591728,-0.0004679070460576566
2,0.0026929000000003923,9.362197223757393,-0.0003657719323548747,-12.0,-4.681647273434948,12.0,-0.001668266328323065,0.0004681281501502562,0.0004681281497844874,0.0009362197223757394,0.0002640125856115255,-0.0004681281501502594
2,0.0026931000000003924,9.366605697653146,-0.0003645952718511758,-12.0,-4.683849745380303,12.0,-0.001668409912823687,0.0004683485150108421,0.0004683485146462499,0.0009366605697653146,0.0002634950025688088,-0.0004683485150108451
2,0.0026933000000003925,9.370999380588191,-0.0003634179728693177,-12.0,-4.68604482088758,12.0,-0.001668552891496589,0.0004685681402914678,0.000468568139928053,0.0009370999380588191,0.0002629790322260239,-0.000468568140291471
2,0.0026935000000003926,9.375378265625638,-0.0003622400368290535,-12.0,-4.688232496490464,12.0,-0.001668695265291453,0.0004687870256453602,0.0004687870252831234,0.0009375378265625638,0.0002624646765732735,-0.0004687870256453636
2,0.0026937000000003927,9.379742345851918,-0.0003610614651563537,-12.0,-4.690412768734308,12.0,-0.001668837035156745,0.0004690051707269118,0.0004690051703658537,0.0009379742345851918,0.0002619519375959417,-0.0004690051707269152
2,0.002693900000000393,9.38409161437683,-0.0003598822592825179,-12.0,-4.692585634176161,12.0,-0.00166897820204015,0.0004692225751916843,0.0004692225748318056,0.0009384091614376831,0.0002614408172743748,-0.0004692225751916878
2,0.002694100000000393,9.388426064333602,-0.0003587024206375133,-12.0,-4.694751089384782,12.0,-0.001669118766886357,0.0004694392386964109,0.000469439238337712,0.0009388426064333603,0.000260931317584312,-0.0004694392386964145
2,0.002694300000000393,9.392745688878856,-0.0003575219506464222,-12.0,-4.696909130940616,12.0,-0.001669258730640388,0.0004696551608989935,0.0004696551605414751,0.0009392745688878856,0.0002604234404964406,-0.000469655160898997
2,0.002694500000000393,9.397050481192592,-0.0003563408507405441,-12.0,-4.699059755435816,12.0,-0.001669398094245489,0.000469870341458504,0.0004698703411021667,0.0009397050481192592,0.0002599171879765078,-0.0004698703414585076
2,0.0026947000000003933,9.401340434478277,-0.0003551591223560635,-12.0,-4.701202959474264,12.0,-0.001669536858642351,0.0004700847800351871,0.0004700847796800316,0.0009401340434478277,0.0002594125619854865,-0.0004700847800351908
2,0.0026949000000003934,9.405615541962794,-0.0003539767669180627,-12.0,-4.70333873967154,12.0,-0.00166967502477211,0.0004702984762904586,0.0004702984759364857,0.0009405615541962794,0.0002589095644792982,-0.0004702984762904622
2,0.0026951000000003935,9.409875796896442,-0.0003527937858627261,-12.0,-4.705467092654954,12.0,-0.001669812593572684,0.0004705114298869052,0.0004705114295341153,0.0009409875796896442,0.0002584081974089242,-0.0004705114298869092
2,0.0026953000000003936,9.41412119255301,-0.0003516101806275707,-12.0,-4.707588015063548,12.0,-0.001669949565981543,0.0004707236404882883,0.0004707236401366819,0.000941412119255301,0.0002579084627204464,-0.0004707236404882921
2,0.0026955000000003938,9.41835172222976,-0.0003504259526465603,-12.0,-4.709701503548109,12.0,-0.001670085942934607,0.0004709351077595423,0.0004709351074091204,0.000941835172222976,0.0002574103623547708,-0.0004709351077595463
2,0.002695700000000394,9.422567379247385,-0.0003492411033496623,-12.0,-4.711807554771128,12.0,-0.001670221725366128,0.0004711458313667738,0.0004711458310175367,0.0009422567379247385,0.0002569138982479874,-0.0004711458313667778
2,0.002695900000000394,9.42676815695008,-0.0003480556341846075,-12.0,-4.713906165406873,12.0,-0.001670356914208471,0.0004713558109772649,0.0004713558106292132,0.0009426768156950081,0.0002564190723310378,-0.0004713558109772688
2,0.002696100000000394,9.430954048705576,-0.0003468695465862481,-12.0,-4.715997332141363,12.0,-0.001670491510393113,0.0004715650462594736,0.0004715650459126081,0.0009430954048705577,0.0002559258865298258,-0.0004715650462594777
2,0.002696300000000394,9.43512504790505,-0.0003456828419894364,-12.0,-4.718081051672337,12.0,-0.001670625514849644,0.0004717735368830306,0.000471773536537352,0.000943512504790505,0.0002554343427652178,-0.0004717735368830348
2,0.0026965000000003943,9.439281147963221,-0.0003444955218441237,-12.0,-4.720157320709331,12.0,-0.001670758928506433,0.0004719812825187445,0.0004719812821742533,0.0009439281147963222,0.0002549444429529035,-0.0004719812825187487
2,0.0026967000000003944,9.44342234231836,-0.0003433075875864944,-12.0,-4.722226135973636,12.0,-0.001670891752289849,0.0004721882828386006,0.0004721882824952973,0.0009443422342318361,0.0002544561890035907,-0.000472188282838605
2,0.0026969000000003946,9.447548624432237,-0.0003421190406647234,-12.0,-4.724287494198306,12.0,-0.001671023987124376,0.0004723945375157597,0.0004723945371736451,0.0009447548624432237,0.0002539695828227967,-0.0004723945375157641
2,0.0026971000000003947,9.451659987790181,-0.0003409298825189921,-12.0,-4.726341392128168,12.0,-0.00167115563393383,0.0004726000462245604,0.000472600045883635,0.0009451659987790182,0.0002534846263107932,-0.0004726000462245649
2,0.0026973000000003948,9.455756425901086,-0.0003397401146036927,-12.0,-4.72838782651985,12.0,-0.001671286693639917,0.0004728048086405201,0.0004728048083007845,0.0009455756425901087,0.0002530013213628418,-0.0004728048086405247
2,0.002697500000000395,9.459837932297416,-0.0003385497383603386,-12.0,-4.730426794141746,12.0,-0.001671417167162681,0.000473008824440334,0.0004730088241017889,0.0009459837932297417,0.0002525196698689169,-0.0004730088244403385
2,0.002697700000000395,9.463904500535186,-0.0003373587552415458,-12.0,-4.732458291774043,12.0,-0.001671547055420053,0.0004732120933018754,0.0004732120929645214,0.0009463904500535186,0.0002520396737138442,-0.0004732120933018801
2,0.002697900000000395,9.46795612419403,-0.0003361671667008181,-12.0,-4.734482316208738,12.0,-0.001671676359328966,0.0004734146149041991,0.0004734146145680366,0.0009467956124194031,0.0002515613347772311,-0.0004734146149042037
2,0.0026981000000003952,9.471992796877176,-0.0003349749741867747,-12.0,-4.736498864249617,12.0,-0.001671805079804467,0.0004736163889275383,0.0004736163885925682,0.0009471992796877177,0.0002510846549333701,-0.000473616388927543
2,0.0026983000000003953,9.476014512211428,-0.0003337821791555839,-12.0,-4.738507932712269,12.0,-0.001671933217759602,0.0004738174150533065,0.0004738174147195291,0.0009476014512211429,0.0002506096360513493,-0.0004738174150533113
2,0.0026985000000003955,9.480021263847243,-0.0003325887830674112,-12.0,-4.740509518424111,12.0,-0.001672060774106199,0.0004740176929640994,0.0004740176926315155,0.0009480021263847244,0.0002501362799950391,-0.0004740176929641044
2,0.0026987000000003956,9.484013045458704,-0.0003313947873748724,-12.0,-4.742503618224362,12.0,-0.001672187749753529,0.0004742172223436937,0.000474217222012304,0.0009484013045458705,0.0002496645886228138,-0.0004742172223436987
2,0.0026989000000003957,9.487989850743489,-0.0003302001935407972,-12.0,-4.744490228964058,12.0,-0.00167231414561031,0.0004744160028770468,0.0004744160025468515,0.000948798985074349,0.0002491945637879828,-0.0004744160028770518
2,0.002699100000000396,9.491951673422976,-0.0003290050030266833,-12.0,-4.746469347506078,12.0,-0.001672439962582373,0.0004746140342503,0.0004746140339213002,0.0009491951673422977,0.0002487262073383456,-0.0004746140342503052
2,0.002699300000000396,9.49589850724218,-0.0003278092172975811,-12.0,-4.748440970725128,12.0,-0.001672565201573661,0.0004748113161507779,0.0004748113158229739,0.000949589850724218,0.0002482595211164562,-0.0004748113161507831
2,0.002699500000000396,9.499830345969775,-0.0003266128378167643,-12.0,-4.75040509550774,12.0,-0.001672689863487342,0.000475007848266987,0.0004750078479403796,0.0009499830345969776,0.0002477945069593868,-0.0004750078482669924
2,0.002699700000000396,9.503747183398103,-0.0003254158660515039,-12.0,-4.752361718752288,12.0,-0.001672813949224139,0.0004752036302886183,0.0004752036299632077,0.0009503747183398103,0.0002473311666988942,-0.0004752036302886238
2,0.0026999000000003963,9.507649013343217,-0.000324218303477064,-12.0,-4.754310837369007,12.0,-0.001672937459682444,0.0004753986619065477,0.0004753986615823347,0.0009507649013343217,0.0002468695021613371,-0.0004753986619065531
2,0.0027001000000003964,9.51153582964486,-0.000323020151557607,-12.0,-4.756252448279969,12.0,-0.001673060395759873,0.0004755929428128356,0.0004755929424898209,0.000951153582964486,0.0002464095151676199,-0.0004755929428128411
2,0.0027003000000003965,9.515407626166455,-0.0003218214117701734,-12.0,-4.758186548419097,12.0,-0.001673182758351044,0.0004757864727007272,0.0004757864723789113,0.0009515407626166456,0.0002459512075331655,-0.0004757864727007327
2,0.0027005000000003966,9.519264396795165,-0.0003206220855944686,-12.0,-4.760113134732195,12.0,-0.001673304548350019,0.0004759792512646543,0.000475979250944038,0.0009519264396795166,0.0002454945810679565,-0.00047597925126466
2,0.0027007000000003967,9.523106135441878,-0.0003194221745026482,-12.0,-4.762032204176916,12.0,-0.001673425766646863,0.0004761712782002356,0.0004761712778808191,0.0009523106135441879,0.0002450396375766328,-0.0004761712782002413
2,0.002700900000000397,9.526932836041192,-0.0003182216799784143,-12.0,-4.76394375372278,12.0,-0.001673546414131644,0.0004763625532042744,0.0004763625528860585,0.0009526932836041193,0.0002445863788580471,-0.0004763625532042802
2,0.002701100000000397,9.53074449255147,-0.0003170206035076895,-12.0,-4.765847780351203,12.0,-0.001673666491691761,0.0004765530759747636,0.0004765530756577489,0.000953074449255147,0.0002441348067057925,-0.0004765530759747696
2,0.002701300000000397,9.534541098954818,-0.0003158189465706229,-12.0,-4.767744281055454,12.0,-0.001673786000212618,0.0004767428462108823,0.0004767428458950695,0.0009534541098954819,0.0002436849229077859,-0.0004767428462108884
2,0.002701500000000397,9.5383226492571,-0.0003146167106611308,-12.0,-4.76963325284071,12.0,-0.001673904940577398,0.0004769318636129989,0.0004769318632983881,0.0009538322649257101,0.0002432367292464488,-0.0004769318636130049
2,0.0027017000000003973,9.54208913748797,-0.0003134138972651357,-12.0,-4.771514692724023,12.0,-0.001674023313667505,0.0004771201278826697,0.0004771201275692618,0.000954208913748797,0.0002427902274986238,-0.0004771201278826758
2,0.0027019000000003974,9.545840557700835,-0.0003122105078756654,-12.0,-4.773388597734336,12.0,-0.001674141120362904,0.0004773076387226399,0.0004773076384104355,0.0009545840557700835,0.0002423454194354635,-0.0004773076387226461
2,0.0027021000000003975,9.549576903972905,-0.0003110065439928533,-12.0,-4.775254964912508,12.0,-0.001674258361540559,0.0004774943958368453,0.0004774943955258449,0.0009549576903972906,0.0002419023068226805,-0.0004774943958368516
2,0.0027023000000003976,9.553298170405203,-0.0003098020071088392,-12.0,-4.777113791311286,12.0,-0.001674375038075437,0.0004776803989304113,0.0004776803986206156,0.0009553298170405203,0.0002414608914202421,-0.0004776803989304177
2,0.0027025000000003977,9.557004351122522,-0.0003085968987281973,-12.0,-4.778965073995323,12.0,-0.00167449115084084,0.000477865647709653,0.0004778656474010626,0.0009557004351122523,0.0002410211749825503,-0.0004778656477096595
2,0.002702700000000398,9.560695440273507,-0.0003073912203577223,-12.0,-4.780808810041203,12.0,-0.001674606700708625,0.0004780501418820779,0.0004780501415746933,0.0009560695440273508,0.000240583159258137,-0.0004780501418820845
2,0.002702900000000398,9.56437143203061,-0.0003061849734979916,-12.0,-4.782644996537401,12.0,-0.001674721688547209,0.0004782338811563838,0.0004782338808502054,0.000956437143203061,0.0002401468459901496,-0.0004782338811563904
2,0.002703100000000398,9.568032320590126,-0.000304978159666458,-12.0,-4.784473630584344,12.0,-0.001674836115223344,0.0004784168652424611,0.0004784168649374896,0.0009568032320590126,0.0002397122369157817,-0.0004784168652424677
2,0.002703300000000398,9.5716781001722,-0.0003037707803685841,-12.0,-4.78629470929436,12.0,-0.001674949981602114,0.0004785990938513924,0.0004785990935476284,0.00095716781001722,0.0002392793337667176,-0.0004785990938513992
2,0.0027035000000003983,9.575308765020802,-0.0003025628371227107,-12.0,-4.788108229791713,12.0,-0.001675063288545831,0.0004787805666954522,0.0004787805663928962,0.0009575308765020803,0.0002388481382687019,-0.000478780566695459
2,0.0027037000000003984,9.578924309403792,-0.0003013543314520639,-12.0,-4.789914189212617,12.0,-0.001675176036915138,0.0004789612834881097,0.0004789612831867622,0.0009578924309403793,0.0002384186521418447,-0.0004789612834881165
2,0.0027039000000003985,9.582524727612892,-0.0003001452648709879,-12.0,-4.791712584705205,12.0,-0.00167528822756835,0.0004791412439440264,0.0004791412436438882,0.0009582524727612892,0.0002379908771004136,-0.0004791412439440334
2,0.0027041000000003986,9.586110013963706,-0.0002989356389107023,-12.0,-4.793503413429575,12.0,-0.001675399861361004,0.0004793204477790593,0.0004793204474801309,0.0009586110013963707,0.0002375648148530141,-0.0004793204477790665
2,0.0027043000000003987,9.58968016279572,-0.0002977254550979858,-12.0,-4.795286672557761,12.0,-0.001675510939147307,0.0004794988947102591,0.0004794988944125409,0.000958968016279572,0.0002371404671022981,-0.0004794988947102663
2,0.002704500000000399,9.593235168472306,-0.0002965147149636138,-12.0,-4.797062359273745,12.0,-0.001675621461778354,0.000479676584455871,0.0004796765841593635,0.0009593235168472307,0.0002367178355451582,-0.0004796765844558782
2,0.002704700000000399,9.596775025380772,-0.0002953034200454674,-12.0,-4.798830470773488,12.0,-0.001675731430103911,0.0004798535167353369,0.0004798535164400409,0.0009596775025380773,0.0002362969218726169,-0.0004798535167353443
2,0.002704900000000399,9.600299727932319,-0.0002940915718787629,-12.0,-4.800591004264894,12.0,-0.001675840844970411,0.0004800296912692941,0.0004800296909752099,0.0009600299727932319,0.0002358777277698815,-0.0004800296912693016
2,0.002705100000000399,9.603809270562063,-0.0002928791720098189,-12.0,-4.802343956967837,12.0,-0.001675949707223179,0.0004802051077795752,0.0004802051074867037,0.0009603809270562064,0.0002354602549161783,-0.0004802051077795827
2,0.0027053000000003993,9.607303647729074,-0.0002916662219827337,-12.0,-4.804089326114173,12.0,-0.001676058017704318,0.0004803797659892114,0.0004803797656975529,0.0009607303647729074,0.0002350445049849048,-0.000480379765989219
2,0.0027055000000003994,9.61078285391635,-0.0002904527233478227,-12.0,-4.805827108947724,12.0,-0.001676165777253824,0.0004805536656224299,0.0004805536653319849,0.000961078285391635,0.0002346304796435467,-0.0004805536656224376
2,0.0027057000000003995,9.614246883630829,-0.0002892386776567335,-12.0,-4.807557302724287,12.0,-0.001676272986709471,0.0004807268064046552,0.0004807268061154243,0.0009614246883630829,0.0002342181805536359,-0.000480726806404663
2,0.0027059000000003997,9.617695731403419,-0.0002880240864682193,-12.0,-4.809279904711653,12.0,-0.0016763796469067,0.0004808991880625106,0.0004808991877744944,0.000961769573140342,0.0002338076093706953,-0.0004808991880625185
2,0.0027061000000003998,9.621129391789005,-0.0002868089513468064,-12.0,-4.810994912189612,12.0,-0.001676485758678292,0.0004810708103238187,0.0004810708100370177,0.0009621129391789006,0.0002333987677444749,-0.0004810708103238265
2,0.0027063000000004,9.624547859366416,-0.0002855932738463629,-12.0,-4.81270232244991,12.0,-0.001676591322855026,0.0004812416729175984,0.0004812416726320131,0.0009624547859366417,0.0002329916573184654,-0.0004812416729176064
2,0.0027065000000004,9.627951128738468,-0.0002843770555478464,-12.0,-4.814402132796326,12.0,-0.001676696340265016,0.0004814117755740697,0.0004814117752897009,0.0009627951128738469,0.0002325862797303152,-0.0004814117755740778
2,0.0027067000000004,9.631339194532,-0.000283160298019336,-12.0,-4.81609434054463,12.0,-0.001676800811733936,0.000481581118024653,0.000481581117741501,0.0009631339194532,0.0002321826366116775,-0.0004815811180246611
2,0.0027069000000004002,9.634712051397809,-0.0002819430028377923,-12.0,-4.817778943022591,12.0,-0.001676904738085461,0.000481749700001967,0.0004817496997200324,0.000963471205139781,0.0002317807295880436,-0.0004817497000019753
2,0.0027071000000004003,9.638069694010717,-0.000280725171584173,-12.0,-4.819455937569987,12.0,-0.001677008120139933,0.0004819175212398317,0.0004819175209591151,0.0009638069694010718,0.0002313805602788682,-0.0004819175212398402
2,0.0027073000000004004,9.641412117069569,-0.0002795068058469852,-12.0,-4.821125321538624,12.0,-0.001677110958716033,0.0004820845814732691,0.0004820845811937709,0.0009641412117069569,0.00023098213029768,-0.0004820845814732777
2,0.0027075000000004006,9.644739315297224,-0.0002782879072138478,-12.0,-4.822787092292312,12.0,-0.001677213254629661,0.0004822508804385013,0.0004822508801602219,0.0009644739315297225,0.0002305854412517072,-0.0004822508804385098
2,0.0027077000000004007,9.648051283440562,-0.0002770684772781529,-12.0,-4.824441247206883,12.0,-0.001677315008693947,0.0004824164178729518,0.000482416417595892,0.0009648051283440563,0.0002301904947422106,-0.0004824164178729605
2,0.002707900000000401,9.651348016270523,-0.0002758485176430625,-12.0,-4.826087783670212,12.0,-0.00167741622172024,0.0004825811935152482,0.0004825811932394084,0.0009651348016270524,0.0002297972923642339,-0.0004825811935152569
2,0.002708100000000401,9.654629508582092,-0.0002746280299059656,-12.0,-4.827726699082185,12.0,-0.001677516894516784,0.0004827452071052191,0.0004827452068305999,0.0009654629508582093,0.0002294058357067003,-0.000482745207105228
2,0.002708300000000401,9.657895755194284,-0.0002734070156780177,-12.0,-4.82935799085473,12.0,-0.0016776170278886,0.0004829084583838963,0.0004829084581104981,0.0009657895755194284,0.0002290161263524687,-0.0004829084583839052
2,0.002708500000000401,9.661146750950206,-0.0002721854765734832,-12.0,-4.830981656411818,12.0,-0.001677716622640157,0.0004830709470935155,0.000483070946821339,0.0009661146750950206,0.0002286281658780698,-0.0004830709470935245
2,0.0027087000000004012,9.664382490717042,-0.0002709634142084028,-12.0,-4.832597693189467,12.0,-0.001677815679570815,0.0004832326729775167,0.0004832326727065626,0.0009664382490717043,0.0002282419558539001,-0.0004832326729775259
2,0.0027089000000004014,9.667602969386019,-0.0002697408302010373,-12.0,-4.834206098635718,12.0,-0.00167791419947938,0.0004833936357805426,0.000483393635510811,0.000966760296938602,0.0002278574978441666,-0.0004833936357805517
2,0.0027091000000004015,9.670808181872466,-0.000268517726184303,-12.0,-4.835806870210687,12.0,-0.001678012183160882,0.000483553835248441,0.0004835538349799325,0.0009670808181872467,0.00022747479340679,-0.0004835538352484504
2,0.0027093000000004016,9.673998123115844,-0.0002672941037897836,-12.0,-4.837400005386548,12.0,-0.001678109631408464,0.0004837132711282664,0.0004837132708609817,0.0009673998123115844,0.0002270938440934872,-0.0004837132711282758
2,0.0027095000000004017,9.677172788079659,-0.0002660699646495068,-12.0,-4.838985501647503,12.0,-0.001678206545011718,0.0004838719431682759,0.0004838719429022154,0.000967717278807966,0.0002267146514496748,-0.0004838719431682854
2,0.002709700000000402,9.680332171751559,-0.0002648453104105997,-12.0,-4.840563356489848,12.0,-0.001678302924758457,0.0004840298511179342,0.0004840298508530986,0.0009680332171751559,0.0002263372170145383,-0.0004840298511179437
2,0.002709900000000402,9.683476269143323,-0.0002636201427197449,-12.0,-4.842133567421942,12.0,-0.001678398771433276,0.0004841869947279125,0.0004841869944643022,0.0009683476269143323,0.0002259615423208794,-0.0004841869947279222
2,0.002710100000000402,9.686605075290815,-0.0002623944632258457,-12.0,-4.84369613196419,12.0,-0.001678494085818327,0.0004843433737500867,0.0004843433734877021,0.0009686605075290816,0.0002255876288952963,-0.0004843433737500964
2,0.002710300000000402,9.689718585254061,-0.0002611682735915721,-12.0,-4.8452510476491,12.0,-0.001678588868692876,0.000484498987937541,0.0004844989876763826,0.0009689718585254062,0.0002252154782579341,-0.0004844989879375509
2,0.0027105000000004023,9.692816794117237,-0.0002599415754769296,-12.0,-4.846798312021249,12.0,-0.001678683120833746,0.0004846538370445673,0.0004846538367846357,0.0009692816794117237,0.0002248450919226513,-0.0004846538370445773
2,0.0027107000000004024,9.69589969698864,-0.0002587143705539141,-12.0,-4.848337922637294,12.0,-0.00167877684301454,0.0004848079208266641,0.0004848079205679597,0.000969589969698864,0.0002244764713969227,-0.0004848079208266741
2,0.0027109000000004025,9.69896728900074,-0.0002574866604918569,-12.0,-4.849869877065974,12.0,-0.001678870036006752,0.000484961239040538,0.0004849612387830616,0.000969896728900074,0.0002241096181818392,-0.0004849612390405483
2,0.0027111000000004026,9.70201956531017,-0.0002562584469760765,-12.0,-4.851394172888134,12.0,-0.001678962700578102,0.0004851137914441055,0.0004851137911878573,0.0009702019565310171,0.0002237445337721355,-0.0004851137914441158
2,0.0027113000000004027,9.705056521097733,-0.0002550297316887828,-12.0,-4.852910807696697,12.0,-0.001679054837494531,0.0004852655777964905,0.0004852655775414711,0.0009705056521097734,0.0002233812196560797,-0.0004852655777965009
2,0.002711500000000403,9.708078151568404,-0.0002538005163188473,-12.0,-4.854419779096685,12.0,-0.001679146447518653,0.0004854165978580261,0.0004854165976042362,0.0009708078151568405,0.0002230196773155141,-0.0004854165978580366
2,0.002711700000000403,9.71108445195134,-0.0002525708025715723,-12.0,-4.855921084705235,12.0,-0.001679237531410416,0.0004855668513902559,0.0004855668511376956,0.000971108445195134,0.0002226599082257863,-0.0004855668513902664
2,0.002711900000000403,9.714075417499917,-0.0002513405921420464,-12.0,-4.857414722151578,12.0,-0.001679328089927323,0.0004857163381559329,0.0004857163379046029,0.0009714075417499917,0.0002223019138558324,-0.0004857163381559436
2,0.002712100000000403,9.717051043491674,-0.0002501098867431217,-12.0,-4.85890068907705,12.0,-0.001679418123822884,0.00048586505791902,0.0004858650576689208,0.0009717051043491674,0.0002219456956681493,-0.0004858650579190307
2,0.0027123000000004033,9.72001132522839,-0.0002488786880876503,-12.0,-4.860378983135112,12.0,-0.001679507633848831,0.0004860130104446915,0.0004860130101958239,0.000972001132522839,0.0002215912551185861,-0.0004860130104447024
2,0.0027125000000004034,9.722956258036046,-0.0002476469979000306,-12.0,-4.861849601991343,12.0,-0.001679596620753565,0.0004861601954993333,0.0004861601952516973,0.0009722956258036047,0.0002212385936566641,-0.0004861601954993443
2,0.0027127000000004035,9.725885837264837,-0.0002464148179028847,-12.0,-4.863312543323421,12.0,-0.001679685085282601,0.0004863066128505408,0.0004863066126041371,0.0009725885837264837,0.0002208877127252151,-0.0004863066128505518
2,0.0027129000000004036,9.728800058289194,-0.0002451821498330453,-12.0,-4.864767804821168,12.0,-0.001679773028178566,0.0004864522622671223,0.0004864522620219513,0.0009728800058289195,0.0002205386137605903,-0.0004864522622671334
2,0.0027131000000004037,9.73169891650779,-0.0002439489954304541,-12.0,-4.866215384186531,12.0,-0.001679860450181425,0.0004865971435190988,0.0004865971432751611,0.0009731698916507791,0.0002201912981925624,-0.0004865971435191101
2,0.002713300000000404,9.734582407343536,-0.0002427153564399376,-12.0,-4.867655279133583,12.0,-0.0016799473520277,0.000486741256377703,0.0004867412561349989,0.0009734582407343536,0.000219845767444285,-0.0004867412563777143
2,0.002713500000000404,9.73745052624359,-0.0002414812346134276,-12.0,-4.869087487388527,12.0,-0.001680033734451469,0.0004868846006153799,0.0004868846003739102,0.000973745052624359,0.0002195020229324163,-0.0004868846006153914
2,0.002713700000000404,9.740303268679364,-0.0002402466317139584,-12.0,-4.870512006689721,12.0,-0.001680119598182928,0.0004870271760057891,0.0004870271757655539,0.0009740303268679364,0.0002191600660669396,-0.0004870271760058007
2,0.002713900000000404,9.743140630146558,-0.0002390115495018996,-12.0,-4.871928834787647,12.0,-0.001680204943950603,0.0004871689823238028,0.000487168982084803,0.0009743140630146558,0.0002188198982511075,-0.0004871689823238146
2,0.0027141000000004043,9.745962606165103,-0.000237775989753608,-12.0,-4.87333796944494,12.0,-0.00168028977247936,0.0004873100193455069,0.0004873100191077429,0.0009745962606165104,0.0002184815208817192,-0.0004873100193455186
2,0.0027143000000004044,9.748769192279228,-0.0002365399542498814,-12.0,-4.87473940843639,12.0,-0.001680374084490621,0.0004874502868482022,0.0004874502866116739,0.0009748769192279229,0.0002181449353487602,-0.000487450286848214
2,0.0027145000000004045,9.751560384057473,-0.0002353034447728497,-12.0,-4.87613314954893,12.0,-0.001680457880703146,0.0004875897846104037,0.0004875897843751124,0.0009751560384057474,0.0002178101430356655,-0.0004875897846104158
2,0.0027147000000004046,9.754336177092624,-0.000234066463114857,-12.0,-4.877519190581648,12.0,-0.001680541161832916,0.0004877285124118412,0.0004877285121777869,0.0009754336177092624,0.0002174771453190144,-0.0004877285124118533
2,0.0027149000000004047,9.757096567001783,-0.0002328290110820141,-12.0,-4.878897529345804,12.0,-0.001680623928592806,0.0004878664700334601,0.0004878664698006433,0.0009757096567001783,0.0002171459435687945,-0.0004878664700334723
2,0.002715100000000405,9.759841549426373,-0.0002315910904751028,-12.0,-4.88026816366481,12.0,-0.001680706181691582,0.0004880036572574212,0.0004880036570258424,0.0009759841549426373,0.0002168165391482901,-0.0004880036572574335
2,0.002715300000000405,9.7625711200321,-0.000230352703110448,-12.0,-4.881631091374242,12.0,-0.001680787921836679,0.0004881400738671009,0.0004881400736367605,0.00097625711200321,0.0002164889334139303,-0.0004881400738671132
2,0.002715500000000405,9.765285274509008,-0.0002291138508119239,-12.0,-4.88298631032186,12.0,-0.001680869149731312,0.0004882757196470924,0.000488275719417991,0.0009765285274509008,0.0002161631277154685,-0.0004882757196471049
2,0.002715700000000405,9.767984008571464,-0.0002278745354034051,-12.0,-4.884333818367582,12.0,-0.001680949866075143,0.0004884105943832053,0.0004884105941553434,0.0009767984008571464,0.0002158391233959001,-0.0004884105943832179
2,0.0027159000000004053,9.770667317958157,-0.0002266347587238648,-12.0,-4.885673613383513,12.0,-0.001681030071565948,0.0004885446978624662,0.0004885446976358441,0.0009770667317958157,0.0002155169217913228,-0.0004885446978624789
2,0.0027161000000004054,9.773335198432115,-0.0002253945226167176,-12.0,-4.887005693253928,12.0,-0.001681109766897282,0.0004886780298731185,0.0004886780296477365,0.0009773335198432116,0.0002151965242312148,-0.0004886780298731312
2,0.0027163000000004055,9.775987645780727,-0.0002241538289311507,-12.0,-4.888330055875299,12.0,-0.001681188952760149,0.0004888105902046239,0.000488810589980483,0.0009775987645780728,0.0002148779320380323,-0.0004888105902046368
2,0.0027165000000004057,9.778624655815717,-0.0002229126795247893,-12.0,-4.889646699156272,12.0,-0.001681267629842331,0.0004889423786476616,0.000488942378424762,0.0009778624655815717,0.0002145611465275837,-0.0004889423786476748
2,0.0027167000000004058,9.781246224373152,-0.0002216710762645846,-12.0,-4.890955621017684,12.0,-0.001681345798827838,0.0004890733949941289,0.0004890733947724709,0.0009781246224373154,0.0002142461690086694,-0.000489073394994142
2,0.002716900000000406,9.783852347313491,-0.0002204290210277016,-12.0,-4.892256819392578,12.0,-0.001681423460398346,0.0004892036390371419,0.000489203638816726,0.0009783852347313492,0.0002139330007833451,-0.0004892036390371549
2,0.002717100000000406,9.786443020521558,-0.0002191865156890849,-12.0,-4.893550292226178,12.0,-0.001681500615231424,0.0004893331105710356,0.0004893331103518624,0.000978644302052156,0.0002136216431466997,-0.000489333110571049
2,0.002717300000000406,9.789018239906529,-0.0002179435621396664,-12.0,-4.89483603747591,12.0,-0.001681577264002421,0.0004894618093913637,0.0004894618091734334,0.000978901823990653,0.0002133120973869806,-0.0004894618093913771
2,0.0027175000000004062,9.79157800140199,-0.0002167001622801479,-12.0,-4.896114053111416,12.0,-0.001681653407382022,0.0004895897352949003,0.0004895897350782136,0.0009791578001401991,0.0002130043647855379,-0.0004895897352949136
2,0.0027177000000004063,9.7941223009659,-0.0002154563180090108,-12.0,-4.897384337114527,12.0,-0.001681729046039249,0.0004897168880796381,0.0004897168878641954,0.00097941223009659,0.0002126984466166715,-0.0004897168880796519
2,0.0027179000000004064,9.796651134580618,-0.0002142120312460527,-12.0,-4.898646887479298,12.0,-0.00168180418063868,0.0004898432675447917,0.0004898432673305932,0.0009796651134580617,0.0002123943441479648,-0.0004898432675448053
2,0.0027181000000004066,9.799164498252907,-0.0002129673039066304,-12.0,-4.899901702211987,12.0,-0.001681878811842008,0.0004899688734907943,0.0004899688732778407,0.0009799164498252907,0.0002120920586398956,-0.000489968873490808
2,0.0027183000000004067,9.801662388013925,-0.0002117221379203116,-12.0,-4.901148779331065,12.0,-0.001681952940307707,0.0004900937057193005,0.0004900937055075924,0.0009801662388013925,0.0002117915913459473,-0.0004900937057193144
2,0.002718500000000407,9.804144799919252,-0.0002104765352286542,-12.0,-4.902388116867234,12.0,-0.001682026566690586,0.0004902177640331865,0.000490217763822724,0.0009804144799919253,0.0002114929435127338,-0.0004902177640332007
2,0.002718700000000407,9.80661173004889,-0.0002092304977723281,-12.0,-4.90361971286341,12.0,-0.001682099691642569,0.0004903410482365496,0.0004903410480273331,0.0009806611730048891,0.0002111961163797499,-0.0004903410482365639
2,0.002718900000000407,9.809063174507253,-0.0002079840275079903,-12.0,-4.904843565374729,12.0,-0.001682172315811914,0.000490463558134708,0.0004904635579267381,0.0009809063174507254,0.0002109011111795928,-0.0004904635581347222
2,0.002719100000000407,9.811499129423199,-0.0002067371263971829,-12.0,-4.906059672468567,12.0,-0.001682244439843661,0.0004905852935342027,0.0004905852933274798,0.00098114991294232,0.0002106079291377266,-0.000490585293534217
2,0.0027193000000004072,9.813919590950029,-0.0002054897964081093,-12.0,-4.907268032224525,12.0,-0.001682316064379297,0.0004907062542427972,0.0004907062540373218,0.000981391959095003,0.000210316571472649,-0.0004907062542428116
2,0.0027195000000004074,9.816324555265458,-0.0002042420395218514,-12.0,-4.908468642734431,12.0,-0.001682387190057533,0.0004908264400694764,0.000490826439865249,0.0009816324555265458,0.0002100270393957659,-0.0004908264400694909
2,0.0027197000000004075,9.818714018571677,-0.0002029938577257084,-12.0,-4.909661502102366,12.0,-0.001682457817512528,0.0004909458508244493,0.0004909458506214702,0.0009818714018571678,0.0002097393341114473,-0.0004909458508244641
2,0.0027199000000004076,9.821087977095315,-0.0002017452530158614,-12.0,-4.910846608444634,12.0,-0.001682527947375889,0.0004910644863191471,0.0004910644861174165,0.0009821087977095317,0.0002094534568169298,-0.000491064486319162
2,0.0027201000000004077,9.823446427087477,-0.0002004962273991495,-12.0,-4.912023959889799,12.0,-0.001682597580275891,0.0004911823463662251,0.0004911823461657438,0.0009823446427087478,0.0002091694087023727,-0.00049118234636624
2,0.002720300000000408,9.825789364823715,-0.0001992467828868527,-12.0,-4.913193554578654,12.0,-0.001682666716836811,0.0004912994307795619,0.00049129943058033,0.0009825789364823715,0.0002088871909508294,-0.0004912994307795767
2,0.002720500000000408,9.828116786604072,-0.0001979969215017974,-12.0,-4.914355390664257,12.0,-0.001682735357679821,0.0004914157393742604,0.0004914157391762787,0.0009828116786604073,0.0002086068047382067,-0.0004914157393742755
2,0.002720700000000408,9.830428688753054,-0.0001967466452748035,-12.0,-4.915509466311906,12.0,-0.001682803503422314,0.000491531271966648,0.0004915312717699165,0.0009830428688753054,0.0002083282512333334,-0.0004915312719666631
2,0.002720900000000408,9.832725067619654,-0.0001954959562460168,-12.0,-4.916655779699155,12.0,-0.001682871154678578,0.0004916460283742757,0.000491646028178795,0.0009832725067619654,0.0002080515315977943,-0.000491646028374291
2,0.0027211000000004083,9.835005919577352,-0.0001942448564671295,-12.0,-4.917794329015826,12.0,-0.001682938312059457,0.0004917600084159207,0.000491760008221691,0.0009835005919577352,0.000207776646986027,-0.0004917600084159359
2,0.0027213000000004084,9.837271241024139,-0.0001929933479911661,-12.0,-4.91892511246399,12.0,-0.001683004976171909,0.0004918732119115844,0.0004918732117186065,0.0009837271241024139,0.0002075035985453222,-0.0004918732119115999
2,0.0027215000000004085,9.839521028382467,-0.0001917414328898026,-12.0,-4.920048128257982,12.0,-0.001683071147619342,0.0004919856386824937,0.0004919856384907679,0.0009839521028382468,0.0002072323874157539,-0.0004919856386825092
2,0.0027217000000004086,9.84175527809933,-0.0001904891132396003,-12.0,-4.921163374624416,12.0,-0.00168313682700183,0.0004920972885511019,0.0004920972883606284,0.000984175527809933,0.0002069630147302076,-0.0004920972885511176
2,0.0027219000000004087,9.843973986646226,-0.0001892363911220052,-12.0,-4.922270849802159,12.0,-0.001683202014915897,0.0004922081613410879,0.0004922081611518674,0.0009843973986646227,0.0002066954816143107,-0.0004922081613411038
2,0.002722100000000409,9.846177150519145,-0.0001879832686331184,-12.0,-4.923370552042355,12.0,-0.001683266711955067,0.0004923182568773561,0.0004923182566893889,0.0009846177150519145,0.0002064297891864603,-0.0004923182568773722
2,0.002722300000000409,9.848364766238621,-0.0001867297478796992,-12.0,-4.924462479608428,12.0,-0.001683330918708092,0.0004924275749860389,0.000492427574799325,0.0009848364766238621,0.0002061659385577813,-0.0004924275749860549
2,0.002722500000000409,9.850536830349721,-0.0001854758309733917,-12.0,-4.92554663077608,12.0,-0.00168339463576106,0.0004925361154944945,0.0004925361153090347,0.0009850536830349722,0.000205903930832238,-0.0004925361154945107
2,0.002722700000000409,9.852693339422023,-0.0001842215200333897,-12.0,-4.926623003833277,12.0,-0.001683457863696058,0.0004926438782313082,0.0004926438780471029,0.0009852693339422024,0.0002056437671063976,-0.0004926438782313244
2,0.0027229000000004093,9.854834290049647,-0.000182966817195318,-12.0,-4.927691597080285,12.0,-0.001683520603091515,0.0004927508630262926,0.0004927508628433422,0.0009854834290049647,0.0002053854484695555,-0.000492750863026309
2,0.0027231000000004094,9.856959678851272,-0.0001817117246005751,-12.0,-4.928752408829654,12.0,-0.001683582854522636,0.0004928570697104889,0.0004928570695287936,0.0009856959678851273,0.0002051289760037767,-0.0004928570697105054
2,0.0027233000000004095,9.859069502470101,-0.0001804562443976643,-12.0,-4.929805437406208,12.0,-0.001683644618560853,0.0004929624981161647,0.0004929624979357249,0.0009859069502470101,0.0002048743507837569,-0.000492962498116181
2,0.0027235000000004096,9.8611637575739,-0.0001792003787475238,-12.0,-4.930850681147075,12.0,-0.001683705895773824,0.0004930671480768161,0.0004930671478976324,0.00098611637575739,0.000204621573876837,-0.0004930671480768328
2,0.0027237000000004097,9.863242440855005,-0.0001779441298217499,-12.0,-4.931888138401677,12.0,-0.001683766686725097,0.0004931710194271688,0.0004931710192492415,0.0009863242440855005,0.0002043706463430855,-0.0004931710194271855
2,0.00272390000000041,9.865305549030298,-0.0001766874997999324,-12.0,-4.932917807531723,12.0,-0.001683826991975779,0.0004932741120031756,0.0004932741118265049,0.0009865305549030298,0.000204121569235105,-0.0004932741120031923
2,0.00272410000000041,9.867353078841235,-0.0001754304908669901,-12.0,-4.933939686911223,12.0,-0.001683886812082092,0.0004933764256420187,0.0004933764254666051,0.0009867353078841237,0.0002038743435982676,-0.0004933764256420355
2,0.00272430000000041,9.869385027053848,-0.0001741731052264939,-12.0,-4.934953774926495,12.0,-0.001683946147597037,0.0004934779601821098,0.0004934779600079538,0.0009869385027053848,0.000203628970470493,-0.0004934779601821268
2,0.00272450000000041,9.871401390458743,-0.0001729153450851229,-12.0,-4.935960069976153,12.0,-0.001684004999070066,0.0004935787154630898,0.0004935787152901915,0.0009871401390458743,0.0002033854508822902,-0.0004935787154631068
2,0.0027247000000004103,9.873402165871104,-0.0001716572126606586,-12.0,-4.936958570471116,12.0,-0.001684063367046518,0.0004936786913258283,0.0004936786911541882,0.0009873402165871104,0.0002031437858567853,-0.0004936786913258455
2,0.0027249000000004104,9.87538735013072,-0.0001703987101837612,-12.0,-4.937949274834624,12.0,-0.001684121252068405,0.0004937778876124266,0.0004937778874420452,0.0009875387350130722,0.0002029039764096935,-0.0004937778876124441
2,0.0027251000000004105,9.877356940101972,-0.0001691398398868671,-12.0,-4.938932181502214,12.0,-0.001684178654673629,0.0004938763041662153,0.000493876303997093,0.0009877356940101972,0.0002026660235492916,-0.0004938763041662328
2,0.0027253000000004106,9.879310932673802,-0.0001678806040223968,-12.0,-4.939907288921741,12.0,-0.001684235575396986,0.0004939739408317544,0.0004939739406638913,0.0009879310932673802,0.0002024299282763486,-0.0004939739408317718
2,0.0027255000000004108,9.881249324759798,-0.0001666210048472117,-12.0,-4.940874595553378,12.0,-0.001684292014768274,0.0004940707974548356,0.0004940707972882323,0.0009881249324759798,0.0002021956915843476,-0.0004940707974548531
2,0.002725700000000411,9.883172113298148,-0.0001653610446266107,-12.0,-4.941834099869624,12.0,-0.001684347973315292,0.0004941668738824819,0.0004941668737171388,0.0009883172113298148,0.000201963314459111,-0.0004941668738824998
2,0.002725900000000411,9.885079295251625,-0.0001641007256383276,-12.0,-4.942785800355278,12.0,-0.001684403451559957,0.0004942621699629461,0.0004942621697988631,0.0009885079295251626,0.0002017327978791339,-0.0004942621699629639
2,0.002726100000000411,9.886970867607642,-0.0001628400501725302,-12.0,-4.943729695507481,12.0,-0.001684458450022186,0.0004943566855457129,0.0004943566853828908,0.0009886970867607643,0.0002015041428152509,-0.0004943566855457309
2,0.002726300000000411,9.888846827378247,-0.0001615790205238277,-12.0,-4.944665783835699,12.0,-0.001684512969217011,0.0004944504204814996,0.0004944504203199386,0.0009888846827378248,0.0002012773502310383,-0.0004944504204815175
2,0.0027265000000004113,9.890707171600072,-0.0001603176389983751,-12.0,-4.94559406386171,12.0,-0.001684567009656246,0.0004945433746222531,0.0004945433744619536,0.0009890707171600073,0.0002010524210823011,-0.0004945433746222712
2,0.0027267000000004114,9.892551897334409,-0.0001590559079169829,-12.0,-4.946514534119639,12.0,-0.001684620571847484,0.000494635547821154,0.0004946355476621163,0.0009892551897334408,0.0002008293563174474,-0.0004946355478211722
2,0.0027269000000004115,9.894381001667188,-0.0001577938296035697,-12.0,-4.947427193155939,12.0,-0.001684673656294877,0.0004947269399326153,0.0004947269397748397,0.000989438100166719,0.0002006081568773493,-0.0004947269399326335
2,0.0027271000000004117,9.896194481708969,-0.0001565314063980416,-12.0,-4.948332039529395,12.0,-0.001684726263498026,0.0004948175508122815,0.0004948175506557684,0.000989619448170897,0.0002003888236953022,-0.0004948175508122997
2,0.0027273000000004118,9.897992334594955,-0.0001552686406438575,-12.0,-4.94922907181113,12.0,-0.001684778393953534,0.0004949073803170302,0.0004949073801617799,0.0009897992334594954,0.0002001713576970515,-0.0004949073803170487
2,0.002727500000000412,9.899774557485005,-0.0001540055347022395,-12.0,-4.95011828858461,12.0,-0.001684830048153452,0.0004949964283049724,0.0004949964281509853,0.0009899774557485005,0.0001999557598007379,-0.0004949964283049909
2,0.002727700000000412,9.901541147563625,-0.000152742090938407,-12.0,-4.95099968844564,12.0,-0.001684881226586166,0.0004950846946354515,0.0004950846944827282,0.0009901541147563626,0.0001997420309169801,-0.0004950846946354701
2,0.002727900000000412,9.903292102039977,-0.0001514783117304574,-12.0,-4.951873270002366,12.0,-0.0016849319297364,0.0004951721791690449,0.0004951721790175854,0.0009903292102039977,0.0001995301719486947,-0.0004951721791690636
2,0.0027281000000004122,9.90502741814789,-0.000150214199467591,-12.0,-4.952739031875288,12.0,-0.001684982158084991,0.0004952588817675633,0.0004952588816173679,0.0009905027418147892,0.00019932018379136,-0.0004952588817675821
2,0.0027283000000004123,9.906747093145865,-0.0001489497565447806,-12.0,-4.953596972697248,12.0,-0.001685031912107893,0.0004953448022940513,0.0004953448021451205,0.0009906747093145866,0.0001991120673326408,-0.0004953448022940704
2,0.0027285000000004125,9.90845112431706,-0.0001476849853716544,-12.0,-4.954447091113438,12.0,-0.001685081192278393,0.0004954299406127877,0.0004954299404651216,0.000990845112431706,0.0001989058234526941,-0.0004954299406128066
2,0.0027287000000004126,9.910139508969321,-0.0001464198883667223,-12.0,-4.955289385781409,12.0,-0.001685129999065116,0.0004955142965892851,0.0004955142964428844,0.0009910139508969322,0.0001987014530240444,-0.0004955142965893043
2,0.0027289000000004127,9.911812244435167,-0.0001451544679551553,-12.0,-4.956123855371061,12.0,-0.001685178332933246,0.0004955978700902913,0.0004955978699451561,0.0009911812244435168,0.000198498956911472,-0.0004955978700903106
2,0.002729100000000413,9.913469328071795,-0.0001438887265767796,-12.0,-4.95695049856465,12.0,-0.001685226194343414,0.0004956806609837879,0.0004956806608399186,0.0009913469328071795,0.0001982983359721802,-0.0004956806609838074
2,0.002729300000000413,9.915110757261093,-0.0001426226666820796,-12.0,-4.957769314056796,12.0,-0.001685273583752367,0.000495762669138992,0.0004957626689963888,0.0009915110757261095,0.0001980995910556838,-0.0004957626691390114
2,0.002729500000000413,9.916736529409658,-0.0001413562907255361,-12.0,-4.95858030055448,12.0,-0.001685320501613741,0.0004958438944263559,0.0004958438942850192,0.0009916736529409658,0.0001979027230037816,-0.0004958438944263755
2,0.002729700000000413,9.918346641948757,-0.0001400896011780617,-12.0,-4.959383456777041,12.0,-0.001685366948375622,0.0004959243367175667,0.0004959243365774968,0.0009918346641948758,0.0001977077326506399,-0.0004959243367175863
2,0.0027299000000004132,9.91994109233437,-0.0001388226005167859,-12.0,-4.960178781456184,12.0,-0.001685412924483765,0.0004960039958855472,0.0004960039957467444,0.000991994109233437,0.0001975146208226114,-0.0004960039958855667
2,0.0027301000000004134,9.921519878047171,-0.000137555291232605,-12.0,-4.960966273335987,12.0,-0.001685458430378817,0.0004960828718044557,0.0004960828716669202,0.000992151987804717,0.0001973233883384717,-0.0004960828718044754
2,0.0027303000000004135,9.923082996592564,-0.0001362876758217446,-12.0,-4.96174593117289,12.0,-0.001685503466497984,0.0004961609643496871,0.0004961609642134193,0.0009923082996592565,0.0001971340360091556,-0.0004961609643497068
2,0.0027305000000004136,9.92463044550064,-0.0001350197567924205,-12.0,-4.962517753735706,12.0,-0.001685548033273587,0.0004962382733978714,0.0004962382732628716,0.000992463044550064,0.0001969465646379509,-0.0004962382733978913
2,0.0027307000000004137,9.926162222326218,-0.0001337515366670594,-12.0,-4.963281739805624,12.0,-0.001685592131135061,0.0004963147988268758,0.0004963147986931443,0.0009926162222326218,0.0001967609750203048,-0.0004963147988268958
2,0.002730900000000414,9.927678324648843,-0.0001324830179689762,-12.0,-4.964037888176206,12.0,-0.001685635760507287,0.0004963905405158034,0.0004963905403833407,0.0009927678324648844,0.0001965772679440314,-0.0004963905405158237
2,0.002731100000000414,9.929178750072763,-0.0001312142032428021,-12.0,-4.964786197653387,12.0,-0.001685678921810596,0.0004964654983449941,0.0004964654982138004,0.0009929178750072763,0.0001963954441890903,-0.0004964654983450144
2,0.002731300000000414,9.930663496226966,-0.0001299450950362768,-12.0,-4.965526667055489,12.0,-0.00168572161546221,0.000496539672196025,0.0004965396720661002,0.0009930663496226966,0.0001962155045276276,-0.0004965396721960453
2,0.002731500000000414,9.932132560765185,-0.0001286756959051338,-12.0,-4.966259295213207,12.0,-0.001685763841874244,0.0004966130619517098,0.0004966130618230545,0.0009932132560765184,0.0001960374497241846,-0.0004966130619517301
2,0.0027317000000004143,9.933585941365862,-0.0001274060084193174,-12.0,-4.96698408096962,12.0,-0.001685805601455814,0.0004966856674960996,0.0004966856673687141,0.0009933585941365862,0.0001958612805353088,-0.00049668566749612
2,0.0027319000000004144,9.935023635732193,-0.0001261360351589857,-12.0,-4.967701023180195,12.0,-0.001685846894610821,0.000496757488714483,0.0004967574885883677,0.0009935023635732193,0.0001956869977098596,-0.0004967574887145036
2,0.0027321000000004145,9.936445641592114,-0.0001248657787109586,-12.0,-4.96841012071278,12.0,-0.001685887721740054,0.0004968285254933862,0.0004968285253685413,0.0009936445641592114,0.0001955146019888554,-0.0004968285254934069
2,0.0027323000000004146,9.937851956698307,-0.000123595241674046,-12.0,-4.969111372447616,12.0,-0.001685928083239752,0.0004968987777205734,0.0004968987775969991,0.0009937851956698307,0.0001953440941054596,-0.0004968987777205942
2,0.0027325000000004147,9.939242578828196,-0.0001223244266572721,-12.0,-4.969804777277329,12.0,-0.001685967979501934,0.0004969682452850463,0.0004969682451627427,0.0009939242578828197,0.000195175474785092,-0.0004969682452850672
2,0.002732700000000415,9.940617505783974,-0.0001210533362776545,-12.0,-4.970490334106936,12.0,-0.001686007410914514,0.0004970369280770449,0.0004970369279560127,0.0009940617505783975,0.0001950087447452065,-0.0004970369280770658
2,0.002732900000000415,9.941976735392577,-0.0001197819731637573,-12.0,-4.971168041853854,12.0,-0.001686046377861516,0.0004971048259880481,0.000497104825868287,0.0009941976735392578,0.000194843904695513,-0.0004971048259880691
2,0.002733100000000415,9.943320265505704,-0.0001185103399534704,-12.0,-4.971837899447886,12.0,-0.00168608488072286,0.0004971719389107722,0.000497171938792283,0.0009943320265505705,0.0001946809553377837,-0.0004971719389107932
2,0.002733300000000415,9.944648093999827,-0.0001172384392940096,-12.0,-4.972499905831239,12.0,-0.001686122919873578,0.0004972382667391735,0.0004972382666219561,0.0009944648093999828,0.0001945198973660536,-0.0004972382667391946
2,0.0027335000000004153,9.945960218776179,-0.000115966273839696,-12.0,-4.973154059958512,12.0,-0.001686160495685596,0.000497303809368446,0.0004973038092525009,0.000994596021877618,0.0001943607314662879,-0.0004973038093684673
2,0.0027337000000004154,9.94725663776076,-0.0001146938462586178,-12.0,-4.973800360796705,12.0,-0.001686197608526174,0.0004973685666950235,0.0004973685665803509,0.000994725663776076,0.0001942034583167357,-0.0004973685666950447
2,0.0027339000000004155,9.948537348904344,-0.0001134211592273004,-12.0,-4.974438807325225,12.0,-0.001686234258757913,0.0004974325386165784,0.0004974325385031786,0.0009948537348904345,0.0001940480785876664,-0.0004974325386165998
2,0.0027341000000004156,9.949802350182495,-0.0001121482154293751,-12.0,-4.975069398535873,12.0,-0.001686270446739968,0.0004974957250320228,0.0004974957249198962,0.0009949802350182496,0.0001938945929414737,-0.0004974957250320443
2,0.0027343000000004157,9.951051639595537,-0.0001108750175626838,-12.0,-4.975692133432864,12.0,-0.001686306172827057,0.0004975581258415087,0.000497558125730655,0.0009951051639595537,0.0001937430020326411,-0.0004975581258415302
2,0.002734500000000416,9.952285215168603,-0.0001096015683299534,-12.0,-4.976307011032812,12.0,-0.001686341437369898,0.0004976197409464266,0.0004976197408368467,0.0009952285215168604,0.0001935933065076861,-0.0004976197409464483
2,0.002734700000000416,9.953503074951591,-0.0001083278704432367,-12.0,-4.97691403036474,12.0,-0.001686376240714327,0.0004976805702494079,0.0004976805701411017,0.0009953503074951592,0.0001934455070052993,-0.0004976805702494296
2,0.002734900000000416,9.954705217019201,-0.0001070539266296855,-12.0,-4.977513190470085,12.0,-0.001686410583202513,0.0004977406136543238,0.0004977406135472916,0.0009954705217019202,0.0001932996041561497,-0.0004977406136543456
2,0.002735100000000416,9.955891639470934,-0.000105779739617784,-12.0,-4.978104490402691,12.0,-0.001686444465172521,0.0004977998710662854,0.0004977998709605276,0.0009955891639470934,0.0001931555985829891,-0.0004977998710663073
2,0.0027353000000004163,9.957062340431072,-0.0001045053121475625,-12.0,-4.97868792922881,12.0,-0.001686477886957971,0.0004978583423916444,0.0004978583422871611,0.0009957062340431072,0.0001930134909006315,-0.0004978583423916662
2,0.0027355000000004164,9.9582173180487,-0.0001032306469750388,-12.0,-4.979263506027118,12.0,-0.001686510848887934,0.0004979160275379923,0.0004979160274347838,0.00099582173180487,0.0001928732817159037,-0.0004979160275380145
2,0.0027357000000004165,9.959356570497713,-0.0001019557468575627,-12.0,-4.9798312198887,12.0,-0.001686543351288039,0.0004979729264141621,0.0004979729263122286,0.0009959356570497712,0.0001927349716276811,-0.0004979729264141843
2,0.0027359000000004166,9.960480095976813,-0.0001006806145609218,-12.0,-4.980391069917054,12.0,-0.001686575394478362,0.0004980290389302273,0.0004980290388295688,0.0009960480095976814,0.0001925985612269074,-0.0004980290389302494
2,0.0027361000000004168,9.961587892709508,-9.940525286555868e-05,-12.0,-4.980943055228105,12.0,-0.001686606978776317,0.0004980843649975018,0.0004980843648981188,0.000996158789270951,0.0001924640510964498,-0.0004980843649975239
2,0.002736300000000417,9.96267995894412,-9.812966455724492e-05,-12.0,-4.981487174950191,12.0,-0.001686638104493876,0.0004981389045285412,0.0004981389044304339,0.000996267995894412,0.0001923314418112443,-0.0004981389045285633
2,0.002736500000000417,9.963756292953782,-9.685385242752531e-05,-12.0,-4.982023428224071,12.0,-0.001686668771939126,0.0004981926574371421,0.0004981926573403105,0.0009963756292953783,0.0001922007339382609,-0.0004981926574371643
2,0.002736700000000417,9.964816893036446,-9.557781928615228e-05,-12.0,-4.982551814202931,12.0,-0.001686698981415824,0.0004982456236383423,0.0004982456235427865,0.0009964816893036446,0.0001920719280364067,-0.0004982456236383645
2,0.002736900000000417,9.965861757514896,-9.430156794199007e-05,-12.0,-4.983072332052377,12.0,-0.001686728733223508,0.000498297803048421,0.000498297802954142,0.0009965861757514896,0.0001919450246566021,-0.0004982978030484435
2,0.0027371000000004173,9.966890884736724,-9.302510121678154e-05,-12.0,-4.983584980950439,12.0,-0.001686758027657498,0.0004983491955848997,0.0004983491954918971,0.0009966890884736724,0.0001918200243417392,-0.0004983491955849222
2,0.0027373000000004174,9.967904273074359,-9.174842194026311e-05,-12.0,-4.984089760087574,12.0,-0.001686786865008671,0.0004983998011665408,0.0004983998010748149,0.000996790427307436,0.000191696927626675,-0.0004983998011665634
2,0.0027375000000004176,9.968901920925061,-9.04715329483885e-05,-12.0,-4.984586668666669,12.0,-0.001686815245563245,0.0004984496197133492,0.0004984496196229005,0.0009968901920925062,0.0001915757350383004,-0.0004984496197133721
2,0.0027377000000004177,9.969883826710912,-8.919443708998998e-05,-12.0,-4.985075705903036,12.0,-0.001686843169604324,0.0004984986511465718,0.0004984986510574002,0.0009969883826710913,0.0001914564470953811,-0.0004984986511465946
2,0.0027379000000004178,9.970849988878832,-8.791713721967298e-05,-12.0,-4.985556871024417,12.0,-0.001686870637408799,0.000498546895388697,0.0004985468953008027,0.0009970849988878833,0.0001913390643087029,-0.0004985468953887198
2,0.002738100000000418,9.971800405900593,-8.66396361982602e-05,-12.0,-4.98603016327099,12.0,-0.001686897649251118,0.0004985943523634563,0.0004985943522768395,0.0009971800405900594,0.0001912235871809539,-0.0004985943523634792
2,0.002738300000000418,9.972735076272793,-8.536193689545613e-05,-12.0,-4.98649558189536,12.0,-0.001686924205400175,0.0004986410219958235,0.0004986410219104844,0.0009972735076272793,0.0001911100162067664,-0.0004986410219958465
2,0.002738500000000418,9.97365399851687,-8.408404219295562e-05,-12.0,-4.986953126162566,12.0,-0.001686950306121426,0.0004986869042120143,0.0004986869041279532,0.000997365399851687,0.0001909983518727301,-0.0004986869042120374
2,0.0027387000000004182,9.974557171179125,-8.28059549755622e-05,-12.0,-4.987402795350086,12.0,-0.001686975951674885,0.000498731998939488,0.000498731998856705,0.0009974557171179125,0.0001908885946573721,-0.0004987319989395111
2,0.0027389000000004183,9.975444592830696,-8.152767813696116e-05,-12.0,-4.987844588747831,12.0,-0.001687001142317235,0.0004987763061069464,0.0004987763060254417,0.0009975444592830696,0.0001907807450311008,-0.0004987763061069695
2,0.0027391000000004185,9.97631626206757,-8.02492145779432e-05,-12.0,-4.988278505658145,12.0,-0.001687025878300275,0.0004988198256443335,0.0004988198255641075,0.0009976316262067571,0.0001906748034562686,-0.0004988198256443568
2,0.0027393000000004186,9.977172177510585,-7.897056721173357e-05,-12.0,-4.988704545395818,12.0,-0.001687050159871473,0.0004988625574828374,0.00049886255740389,0.0009977172177510587,0.0001905707703871717,-0.0004988625574828606
2,0.0027395000000004187,9.978012337805458,-7.769173895288972e-05,-12.0,-4.989122707288075,12.0,-0.001687073987274079,0.000498904501554889,0.0004989045014772206,0.000997801233780546,0.0001904686462699048,-0.0004989045015549122
2,0.002739700000000419,9.978836741622727,-7.641273272485094e-05,-12.0,-4.989532990674578,12.0,-0.001687097360746792,0.0004989456577941621,0.0004989456577177726,0.0009978836741622729,0.0001903684315425966,-0.0004989456577941853
2,0.002739900000000419,9.979645387657815,-7.513355146215872e-05,-12.0,-4.989935394907436,12.0,-0.00168712028052409,0.000498986026135574,0.0004989860260604639,0.0009979645387657816,0.0001902701266351531,-0.0004989860261355974
2,0.002740100000000419,9.980438274631009,-7.385419810113092e-05,-12.0,-4.990329919351198,12.0,-0.001687142746836456,0.0004990256065152864,0.0004990256064414555,0.000998043827463101,0.0001901737319694383,-0.0004990256065153097
2,0.002740300000000419,9.981215401287452,-7.257467558918762e-05,-12.0,-4.990716563382856,12.0,-0.001687164759908932,0.0004990643988707032,0.0004990643987981521,0.0009981215401287451,0.0001900792479591837,-0.0004990643988707267
2,0.0027405000000004192,9.981976766397153,-7.129498687774571e-05,-12.0,-4.991095326391844,12.0,-0.001687186319962897,0.0004991024031404731,0.0004991024030692016,0.0009981976766397153,0.0001899866750099746,-0.0004991024031404966
2,0.0027407000000004194,9.982722368755002,-7.001513492932432e-05,-12.0,-4.991466207780046,12.0,-0.001687207427215509,0.0004991396192644881,0.0004991396191944966,0.0009982722368755003,0.0001898960135192709,-0.0004991396192645117
2,0.0027409000000004195,9.983452207180758,-6.873512270644255e-05,-12.0,-4.99182920696179,12.0,-0.001687228081879155,0.0004991760471838848,0.0004991760471151732,0.0009983452207180759,0.0001898072638764278,-0.0004991760471839084
2,0.0027411000000004196,9.98416628051904,-6.745495318671857e-05,-12.0,-4.992184323363848,12.0,-0.00168724828416178,0.0004992116868410424,0.0004992116867736113,0.000998416628051904,0.0001897204264626612,-0.0004992116868410661
2,0.0027413000000004197,9.984864587639365,-6.617462934555007e-05,-12.0,-4.992531556425446,12.0,-0.001687268034266998,0.0004992465381795862,0.0004992465381134356,0.0009984864587639366,0.000189635501650999,-0.00049924653817961
2,0.00274150000000042,9.985547127436108,-6.489415417165745e-05,-12.0,-4.992870905598253,12.0,-0.001687287332394094,0.0004992806011443844,0.000499280601079514,0.000998554712743611,0.0001895524898063508,-0.0004992806011444082
2,0.00274170000000042,9.986213898828538,-6.361353065731379e-05,-12.0,-4.993202370346391,12.0,-0.001687306178738024,0.0004993138756815496,0.0004993138756179598,0.0009986213898828538,0.0001894713912854798,-0.0004993138756815734
2,0.00274190000000042,9.986864900760812,-6.2332761798789e-05,-12.0,-4.993525950146433,12.0,-0.001687324573488969,0.0004993463617384395,0.0004993463616761306,0.0009986864900760812,0.0001893922064369613,-0.0004993463617384634
2,0.00274210000000042,9.98750013220195,-6.105185060434337e-05,-12.0,-4.993841644487401,12.0,-0.00168734251683289,0.0004993780592636557,0.0004993780592026277,0.000998750013220195,0.0001893149356012661,-0.0004993780592636797
2,0.0027423000000004203,9.988119592145882,-5.977080008090496e-05,-12.0,-4.99414945287077,12.0,-0.001687360008951533,0.000499408968207045,0.0004994089681472982,0.0009988119592145882,0.0001892395791105866,-0.000499408968207069
2,0.0027425000000004204,9.988723279611412,-5.848961324650404e-05,-12.0,-4.994449374810471,12.0,-0.001687377050021754,0.0004994390885196985,0.000499439088461233,0.0009988723279611411,0.0001891661372890804,-0.0004994390885197225
2,0.0027427000000004205,9.98931119364224,-5.72082931218354e-05,-12.0,-4.994741409832886,12.0,-0.001687393640216417,0.0004994684201539523,0.0004994684200967681,0.0009989311193642242,0.0001890946104526545,-0.0004994684201539764
2,0.0027429000000004206,9.98988333330695,-5.592684273736381e-05,-12.0,-4.99502555747685,12.0,-0.001687409779703275,0.0004994969630633872,0.0004994969630074844,0.0009989883333306952,0.000189024998909014,-0.0004994969630634112
2,0.0027431000000004207,9.990439697699038,-5.464526512222179e-05,-12.0,-4.995301817293655,12.0,-0.001687425468646531,0.000499524717202829,0.000499524717148208,0.000999043969769904,0.0001889573029577526,-0.0004995247172028533
2,0.002743300000000421,9.99098028593688,-5.336356331619996e-05,-12.0,-4.995570188847051,12.0,-0.001687440707205279,0.0004995516825283493,0.0004995516824750098,0.000999098028593688,0.0001888915228901999,-0.0004995516825283735
2,0.002743500000000421,9.991505097163753,-5.208174036441804e-05,-12.0,-4.99583067171324,12.0,-0.001687455495534396,0.0004995778589972634,0.0004995778589452058,0.0009991505097163753,0.0001888276589895391,-0.0004995778589972875
2,0.002743700000000421,9.992014130547838,-5.079979931288392e-05,-12.0,-4.996083265480887,12.0,-0.001687469833783983,0.0004996032465681333,0.0004996032465173576,0.0009992014130547839,0.0001887657115307653,-0.0004996032465681574
2,0.002743900000000421,9.992507385282218,-4.951774321648728e-05,-12.0,-4.99632796975111,12.0,-0.001687483722100369,0.0004996278452007652,0.0004996278451512718,0.0009992507385282218,0.0001887056807806514,-0.0004996278452007894
2,0.0027441000000004213,9.992984860584874,-4.823557512967369e-05,-12.0,-4.996564784137489,12.0,-0.001687497160624551,0.0004996516548562115,0.0004996516548080003,0.0009992984860584875,0.0001886475669977544,-0.0004996516548562359
2,0.0027443000000004214,9.993446555698684,-4.695329812287596e-05,-12.0,-4.99679370826606,12.0,-0.001687510149494309,0.0004996746754967694,0.0004996746754498403,0.0009993446555698685,0.0001885913704324366,-0.0004996746754967937
2,0.0027445000000004215,9.99389246989146,-4.567091525586875e-05,-12.0,-4.997014741775322,12.0,-0.001687522688841203,0.0004996969070859824,0.0004996969070403358,0.000999389246989146,0.0001885370913269138,-0.0004996969070860067
2,0.0027447000000004216,9.994322602455883,-4.438842960396983e-05,-12.0,-4.997227884316232,12.0,-0.001687534778793576,0.0004997183495886385,0.0004997183495442744,0.0009994322602455883,0.0001884847299150824,-0.0004997183495886628
2,0.0027449000000004217,9.994736952709578,-4.31058442411647e-05,-12.0,-4.997433135552209,12.0,-0.001687546419475106,0.0004997390029707723,0.000499739002927691,0.0009994736952709578,0.0001884342864226854,-0.0004997390029707969
2,0.002745100000000422,9.995135519995063,-4.182316224765614e-05,-12.0,-4.997630495159134,12.0,-0.001687557611004808,0.0004997588671996643,0.0004997588671578656,0.0009995135519995065,0.000188385761067264,-0.0004997588671996887
2,0.002745300000000422,9.995518303679763,-4.054038670853188e-05,-12.0,-4.997819962825349,12.0,-0.001687568353497149,0.0004997779422438396,0.0004997779422033236,0.0009995518303679764,0.0001883391540580814,-0.0004997779422438641
2,0.002745500000000422,9.995885303156035,-3.925752070932376e-05,-12.0,-4.998001538251657,12.0,-0.00168757864706226,0.0004997962280730702,0.0004997962280338373,0.0009995885303156035,0.000188294465596206,-0.0004997962280730947
2,0.002745700000000422,9.996236517841133,-3.797456734400129e-05,-12.0,-4.998175221151328,12.0,-0.001687588491805836,0.000499813724658374,0.0004998137246204239,0.0009996236517841133,0.0001882516958744765,-0.0004998137246583985
2,0.0027459000000004223,9.996571947177237,-3.669152970520173e-05,-12.0,-4.998341011250092,12.0,-0.001687597887828685,0.0004998304319720142,0.0004998304319353471,0.0009996571947177239,0.0001882108450775369,-0.0004998304319720387
2,0.0027461000000004224,9.996891590631446,-3.54084108917796e-05,-12.0,-4.998498908286145,12.0,-0.001687606835227728,0.0004998463499875008,0.0004998463499521168,0.0009996891590631446,0.000188171913381753,-0.0004998463499875254
2,0.0027463000000004225,9.99719544769577,-3.412521400480983e-05,-12.0,-4.998648912010143,12.0,-0.001687615334094894,0.0004998614786795893,0.0004998614786454887,0.000999719544769577,0.0001881349009552544,-0.0004998614786796138
2,0.0027465000000004226,9.99748351788714,-3.284194214803193e-05,-12.0,-4.998791022185213,12.0,-0.001687623384518111,0.0004998758180242819,0.0004998758179914644,0.000999748351788714,0.0001880998079579616,-0.0004998758180243065
2,0.0027467000000004228,9.99775580074742,-3.155859843051445e-05,-12.0,-4.99892523858694,12.0,-0.001687630986580091,0.0004998893679988264,0.0004998893679672925,0.000999775580074742,0.0001880666345415311,-0.000499889367998851
2,0.002746900000000423,9.998012295843374,-3.027518596132595e-05,-12.0,-4.999051561003382,12.0,-0.00168763814035966,0.0004999021285817173,0.0004999021285514668,0.0009998012295843375,0.0001880353808494037,-0.000499902128581742
2,0.002747100000000423,9.998253002766717,-2.899170785353178e-05,-12.0,-4.999169989235056,12.0,-0.001687644845930647,0.0004999140997526955,0.0004999140997237286,0.0009998253002766718,0.0001880060470168116,-0.0004999140997527203
2,0.002747300000000423,9.99847792113407,-2.770816722197367e-05,-12.0,-4.999280523094949,12.0,-0.001687651103363219,0.0004999252814927481,0.0004999252814650646,0.000999847792113407,0.0001879786331706185,-0.0004999252814927728
2,0.002747500000000423,9.998687050586978,-2.642456718371378e-05,-12.0,-4.999383162408511,12.0,-0.001687656912721769,0.000499935673784108,0.0004999356737577081,0.000999868705058698,0.0001879531394295836,-0.0004999356737841328
2,0.0027477000000004233,9.998880390791923,-2.514091086158743e-05,-12.0,-4.999477907013664,12.0,-0.001687662274067359,0.0004999452766102557,0.0004999452765851394,0.0009998880390791923,0.0001879295659041116,-0.0004999452766102803
2,0.0027479000000004234,9.999057941440318,-2.38572013722127e-05,-12.0,-4.999564756760789,12.0,-0.001687667187455943,0.000499954089955917,0.0004999540899320845,0.000999905794144032,0.0001879079126964334,-0.0004999540899559417
2,0.0027481000000004236,9.99921970224849,-2.257344184242172e-05,-12.0,-4.999643711512743,12.0,-0.001687671652939149,0.0004999621138070653,0.0004999621137845167,0.000999921970224849,0.0001878881799004806,-0.00049996211380709
2,0.0027483000000004237,9.999365672957694,-2.128963539949069e-05,-12.0,-4.999714771144842,12.0,-0.001687675670563826,0.0004999693481509195,0.0004999693481296546,0.0009999365672957695,0.0001878703676019902,-0.0004999693481509443
2,0.0027485000000004238,9.999495853334134,-2.000578516669904e-05,-12.0,-4.999777935544874,12.0,-0.001687679240372608,0.000499975792975946,0.000499975792955965,0.0009999495853334134,0.0001878544758783449,-0.0004999757929759709
2,0.002748700000000424,9.99961024316893,-1.872189427354343e-05,-12.0,-4.999833204613095,12.0,-0.001687682362403464,0.0004999814482718574,0.0004999814482531602,0.000999961024316893,0.0001878405047987738,-0.0004999814482718822
2,0.002748900000000424,9.999708842278135,-1.743796585174096e-05,-12.0,-4.999880578262227,12.0,-0.001687685036690256,0.0004999863140296127,0.0004999863140121994,0.0009999708842278136,0.0001878284544242076,-0.0004999863140296375
2,0.002749100000000424,9.999791650502758,-1.615400302856784e-05,-12.0,-4.99992005641746,12.0,-0.001687687263261406,0.0004999903902414184,0.0004999903902252893,0.0009999791650502758,0.0001878183248073539,-0.0004999903902414432
2,0.0027493000000004242,9.999858667708688,-1.487000893840573e-05,-12.0,-4.999951639016452,12.0,-0.001687689042142004,0.0004999936769007267,0.0004999936768858813,0.000999985866770869,0.0001878101159925455,-0.0004999936769007514
2,0.0027495000000004243,9.999909893786803,-1.358598671385991e-05,-12.0,-4.999975326009332,12.0,-0.001687690373351369,0.000499996174002237,0.000499996173988676,0.0009999909893786804,0.0001878038280160449,-0.0004999961740022619
2,0.0027497000000004245,9.99994532865289,-1.230193948664748e-05,-12.0,-4.999991117358694,12.0,-0.001687691256905155,0.0004999978815418961,0.0004999978815296189,0.0009999945328652891,0.0001877994609057465,-0.0004999978815419208
2,0.0027499000000004246,9.999964972247671,-1.101787039070601e-05,-12.0,-4.9999990130396,12.0,-0.001687691692814464,0.0004999987995168961,0.0004999987995059031,0.0009999964972247672,0.0001877970146812596,-0.0004999987995169211
2,0.0027501000000004247,9.999968824536811,-9.733782559973037e-06,-12.0,-4.999999013039583,12.0,-0.001687691681085624,0.0004999989279256775,0.0004999989279159687,0.0009999968824536813,0.0001877964893539918,-0.0004999989279257024
2,0.002750300000000425,9.999956885510903,-8.44967912971839e-06,-12.0,-4.999991117358643,12.0,-0.001687691221720411,0.0004999982667679265,0.0004999982667595017,0.0009999956885510903,0.0001877978849270934,-0.0004999982667679513
2,0.002750500000000425,9.99992915518549,-7.165563232991445e-06,-12.0,-4.999975326009249,12.0,-0.001687690314716161,0.0004999968160445768,0.0004999968160374361,0.0009999929155185489,0.0001878012013954156,-0.0004999968160446016
2,0.002750700000000425,9.999885633601025,-5.881438005950201e-06,-12.0,-4.999951639016336,12.0,-0.001687688960065881,0.0004999945757578082,0.0004999945757519516,0.0009999885633601025,0.0001878064387455733,-0.000499994575757833
2,0.002750900000000425,9.999826320822937,-4.597306579867677e-06,-12.0,-4.999920056417309,12.0,-0.001687687157758022,0.0004999915459110482,0.0004999915459064758,0.0009999826320822938,0.000187813596955945,-0.0004999915459110729
2,0.0027511000000004253,9.999751216941554,-3.313172088681426e-06,-12.0,-4.999880578262043,12.0,-0.001687684907775822,0.0004999877265089706,0.0004999877265056821,0.0009999751216941556,0.0001878226759966309,-0.0004999877265089955
2,0.0027513000000004254,9.999660322072168,-2.029037668993539e-06,-12.0,-4.999833204612878,12.0,-0.001687682210098962,0.0004999831175574961,0.0004999831175554919,0.0009999660322072168,0.0001878336758294324,-0.0004999831175575209
2,0.0027515000000004255,9.999553636355005,-7.449064471920508e-07,-12.0,-4.999777935544623,12.0,-0.001687679064702352,0.0004999777190637929,0.0004999777190630726,0.0009999553636355005,0.0001878465964079562,-0.0004999777190638176
2,0.0027517000000004256,9.999431159955222,5.392184401209477e-07,-12.0,-4.999714771144557,12.0,-0.001687675471556016,0.0004999715310362752,0.0004999715310368391,0.0009999431159955223,0.0001878614376775514,-0.0004999715310362998
2,0.0027519000000004257,9.999292893062918,1.823333868333776e-06,-12.0,-4.999643711512424,12.0,-0.001687671430625648,0.0004999645534846045,0.0004999645534864525,0.000999929289306292,0.0001878781995752268,-0.0004999645534846293
2,0.002752100000000426,9.999138835893131,3.107436702620703e-06,-12.0,-4.999564756760438,12.0,-0.001687666941872501,0.0004999567864196893,0.0004999567864228215,0.000999913883589313,0.0001878968820298796,-0.000499956786419714
2,0.002752300000000426,9.998968988685846,4.391523818814136e-06,-12.0,-4.999477907013278,12.0,-0.001687662005253721,0.0004999482298536851,0.0004999482298581014,0.0009998968988685847,0.0001879174849619691,-0.0004999482298537098
2,0.002752500000000426,9.99878335170597,5.675592090526038e-06,-12.0,-4.999383162408093,12.0,-0.001687656620720901,0.0004999388837999937,0.000499938883805694,0.000999878335170597,0.0001879400082838642,-0.0004999388838000184
2,0.002752700000000426,9.99858192524336,6.959638391812462e-06,-12.0,-4.999280523094496,12.0,-0.001687650788221862,0.0004999287482732642,0.0004999287482802485,0.000999858192524336,0.0001879644518995999,-0.0004999287482732889
2,0.0027529000000004263,9.998364709612819,8.24365960117035e-06,-12.0,-4.99916998923457,12.0,-0.001687644507699981,0.0004999178232893925,0.000499917823297661,0.000999836470961282,0.0001879908157049887,-0.0004999178232894171
2,0.0027531000000004264,9.998131705154075,9.527652598428915e-06,-12.0,-4.999051561002863,12.0,-0.001687637779093532,0.0004999061088655215,0.0004999061088750738,0.0009998131705154076,0.0001880190995875788,-0.0004999061088655461
2,0.0027533000000004265,9.997882912231798,1.081161426341737e-05,-12.0,-4.998925238586388,12.0,-0.001687630602337231,0.0004998936050200405,0.0004998936050308768,0.0009997882912231798,0.0001880493034266267,-0.0004998936050200651
2,0.0027535000000004266,9.997618331235602,1.209554147951764e-05,-12.0,-4.998791022184625,12.0,-0.001687622977360359,0.0004998803117725859,0.0004998803117847061,0.0009997618331235602,0.0001880814270932493,-0.0004998803117726105
2,0.0027537000000004267,9.997337962580037,1.337943113366435e-05,-12.0,-4.998648912009523,12.0,-0.001687614904088086,0.0004998662291440413,0.0004998662291574452,0.0009997337962580038,0.0001881154704502161,-0.0004998662291440657
2,0.002753900000000427,9.997041806704594,1.46632801154567e-05,-12.0,-4.998498908285491,12.0,-0.001687606382441031,0.0004998513571565361,0.000499851357171224,0.0009997041806704594,0.0001881514333520809,-0.0004998513571565607
2,0.002754100000000427,9.996729864073693,1.594708531316158e-05,-12.0,-4.998341011249405,12.0,-0.001687597412335373,0.0004998356958334474,0.000499835695849419,0.0009996729864073693,0.0001881893156451958,-0.0004998356958334718
2,0.002754300000000427,9.99640213517671,1.723084362570404e-05,-12.0,-4.998175221150608,12.0,-0.001687587993682849,0.0004998192451993987,0.0004998192452166543,0.0009996402135176712,0.0001882291171676279,-0.0004998192451994234
2,0.002754500000000427,9.996058620527933,1.85145519449037e-05,-12.0,-4.998001538250904,12.0,-0.00168757812639031,0.0004998020052802603,0.0004998020052987994,0.0009996058620527933,0.0001882708377492145,-0.0004998020052802849
2,0.0027547000000004273,9.995699320666606,1.979820717368241e-05,-12.0,-4.99781996282456,12.0,-0.001687567810360835,0.000499783976103149,0.0004997839761229717,0.0009995699320666607,0.0001883144772115639,-0.0004997839761031735
2,0.0027549000000004274,9.995324236156911,2.10818062162943e-05,-12.0,-4.997630495158313,12.0,-0.001687557045492061,0.0004997651576964285,0.0004997651577175347,0.0009995324236156912,0.0001883600353680542,-0.0004997651576964529
2,0.0027551000000004275,9.994933367587953,2.236534597876982e-05,-12.0,-4.997433135551355,12.0,-0.001687545831678183,0.0004997455500897089,0.0004997455501120987,0.0009994933367587953,0.0001884075120238138,-0.0004997455500897334
2,0.0027553000000004276,9.994526715573778,2.364882337158036e-05,-12.0,-4.997227884315343,12.0,-0.001687534168807736,0.0004997251533138471,0.0004997251533375204,0.000999452671557378,0.0001884569069758105,-0.0004997251533138715
2,0.0027555000000004277,9.99410428075337,2.493223530919408e-05,-12.0,-4.9970147417744,12.0,-0.001687522056765922,0.0004997039674009466,0.0004997039674259031,0.0009994104280753372,0.0001885082200126509,-0.000499703967400971
2,0.002755700000000428,9.99366606379065,2.621557870874369e-05,-12.0,-4.996793708265105,12.0,-0.001687509495432837,0.0004996819923843571,0.0004996819924105971,0.000999366606379065,0.0001885614509148439,-0.0004996819923843815
2,0.002755900000000428,9.993212065374466,2.749885049579959e-05,-12.0,-4.9965647841365,12.0,-0.001687496484683915,0.0004996592282986754,0.0004996592283261985,0.0009993212065374467,0.0001886165994546204,-0.0004996592282986996
2,0.002756100000000428,9.992742286218595,2.878204759282355e-05,-12.0,-4.996327969750088,12.0,-0.001687483024390479,0.0004996356751797438,0.0004996356752085501,0.0009992742286218596,0.0001886736653960094,-0.0004996356751797681
2,0.002756300000000428,9.992256727061763,3.006516693249139e-05,-12.0,-4.996083265479832,12.0,-0.001687469114419526,0.0004996113330646521,0.0004996113330947415,0.0009992256727061764,0.0001887326484948174,-0.0004996113330646765
2,0.0027565000000004283,9.99175538866761,3.134820544836714e-05,-12.0,-4.995830671712151,12.0,-0.001687454754633388,0.0004995862019917357,0.0004995862020231081,0.000999175538866761,0.0001887935484986419,-0.0004995862019917599
2,0.0027567000000004284,9.99123827182472,3.263116008067612e-05,-12.0,-4.995570188845927,12.0,-0.001687439944889402,0.0004995602820005769,0.000499560282033232,0.000999123827182472,0.0001888563651468722,-0.0004995602820006008
2,0.0027569000000004285,9.990705377346606,3.391402777630503e-05,-12.0,-4.995301817292499,12.0,-0.001687424685041572,0.0004995335731320034,0.0004995335731659415,0.0009990705377346605,0.0001889210981706815,-0.0004995335731320275
2,0.0027571000000004287,9.9901567060717,3.519680548125237e-05,-12.0,-4.995025557475659,12.0,-0.001687408974938132,0.0004995060754280899,0.000499506075463311,0.00099901567060717,0.0001889877472930485,-0.0004995060754281141
2,0.0027573000000004288,9.989592258863366,3.647949014995433e-05,-12.0,-4.994741409831662,12.0,-0.001687392814423982,0.0004994777889321571,0.0004994777889686608,0.0009989592258863368,0.0001890563122287844,-0.0004994777889321812
2,0.002757500000000429,9.989012036609902,3.776207874306436e-05,-12.0,-4.994449374809216,12.0,-0.001687376203338808,0.0004994487136887718,0.000499448713726558,0.0009989012036609902,0.0001891267926844645,-0.0004994487136887959
2,0.002757700000000429,9.98841604022452,3.904456822301228e-05,-12.0,-4.994149452869481,12.0,-0.001687359141518185,0.0004994188497437463,0.0004994188497828148,0.000998841604022452,0.0001891991883584965,-0.0004994188497437704
2,0.002757900000000429,9.98780427064537,4.03269555593333e-05,-12.0,-4.993841644486077,12.0,-0.00168734162879336,0.0004993881971441397,0.0004993881971844905,0.000998780427064537,0.0001892734989410519,-0.0004993881971441636
2,0.0027581000000004292,9.987176728835523,4.160923772955627e-05,-12.0,-4.993525950145075,12.0,-0.001687323664990914,0.0004993567559382566,0.0004993567559798896,0.0009987176728835524,0.0001893497241141975,-0.0004993567559382806
2,0.0027583000000004293,9.986533415782969,4.289141171343047e-05,-12.0,-4.993202370345,12.0,-0.001687305249932658,0.0004993245261756475,0.0004993245262185629,0.0009986533415782969,0.0001894278635517985,-0.0004993245261756714
2,0.0027585000000004294,9.985874332500615,4.417347449692244e-05,-12.0,-4.992870905596828,12.0,-0.001687286383436848,0.0004992915079071085,0.0004992915079513059,0.0009985874332500615,0.0001895079169194555,-0.0004992915079071325
2,0.0027587000000004296,9.985199480026301,4.545542307132777e-05,-12.0,-4.992531556423988,12.0,-0.0016872670653163,0.0004992577011846823,0.0004992577012301615,0.0009985199480026302,0.000189589883874762,-0.0004992577011847059
2,0.0027589000000004297,9.984508859422778,4.673725443904431e-05,-12.0,-4.992184323362358,12.0,-0.001687247295380501,0.0004992231060616561,0.0004992231061084169,0.0009984508859422778,0.0001896737640669915,-0.0004992231060616798
2,0.00275910000000043,9.983802471777718,4.801896560335805e-05,-12.0,-4.991829206960265,12.0,-0.001687227073433606,0.000499187722592563,0.0004991877226406058,0.0009983802471777718,0.0001897595571373409,-0.0004991877225925869
2,0.00275930000000043,9.9830803182037,4.930055356977547e-05,-12.0,-4.991466207778489,12.0,-0.001687206399275443,0.0004991515508331823,0.0004991515508825065,0.00099830803182037,0.0001898472627188327,-0.000499151550833206
2,0.00275950000000043,9.982342399838233,5.058201536289886e-05,-12.0,-4.991095326390253,12.0,-0.001687185272701841,0.000499114590840538,0.0004991145908911435,0.0009982342399838234,0.0001899368804363297,-0.0004991145908405616
2,0.00275970000000043,9.981588717843728,5.186334799978098e-05,-12.0,-4.990716563381231,12.0,-0.001687163693503968,0.0004990768426728995,0.0004990768427247864,0.0009981588717843728,0.0001900284099065758,-0.0004990768426729231
2,0.0027599000000004302,9.980819273407514,5.314454851435002e-05,-12.0,-4.99032991934954,12.0,-0.001687141661468994,0.0004990383063897819,0.0004990383064429499,0.0009980819273407513,0.0001901218507380995,-0.0004990383063898055
2,0.0027601000000004304,9.980034067741832,5.442561394275458e-05,-12.0,-4.989935394905745,12.0,-0.001687119176378649,0.0004989989820519454,0.0004989989821063944,0.0009980034067741833,0.000190217202531387,-0.0004989989820519689
2,0.0027603000000004305,9.979233102083823,5.570654132913688e-05,-12.0,-4.989532990672853,12.0,-0.001687096238011332,0.0004989588697213948,0.0004989588697771246,0.0009979233102083824,0.000190314464878702,-0.0004989588697214182
2,0.0027605000000004306,9.978416377695535,5.698732771985959e-05,-12.0,-4.989122707286315,12.0,-0.001687072846140447,0.0004989179694613801,0.0004989179695183907,0.0009978416377695535,0.0001904136373642798,-0.0004989179694614035
2,0.0027607000000004307,9.97758389586394,5.826797017638441e-05,-12.0,-4.988704545394026,12.0,-0.001687049000535845,0.0004988762813363968,0.0004988762813946882,0.000997758389586394,0.0001905147195641263,-0.0004988762813364202
2,0.002760900000000431,9.976735657900896,5.954846576194939e-05,-12.0,-4.98827850565632,12.0,-0.001687024700961604,0.000498833805412185,0.0004988338054717567,0.0009976735657900896,0.0001906177110462121,-0.0004988338054122082
2,0.002761100000000431,9.975871665143162,6.082881154867437e-05,-12.0,-4.98784458874597,12.0,-0.001686999947178358,0.0004987905417557286,0.0004987905418165807,0.0009975871665143163,0.0001907226113703406,-0.000498790541755752
2,0.002761300000000431,9.974991918952412,6.210900461489643e-05,-12.0,-4.987402795348194,12.0,-0.001686974738942526,0.0004987464904352577,0.0004987464904973899,0.0009974991918952412,0.0001908294200882663,-0.0004987464904352809
2,0.002761500000000431,9.974096420715204,6.338904204827855e-05,-12.0,-4.986953126160641,12.0,-0.00168694907600575,0.0004987016515202458,0.0004987016515836577,0.0009974096420715204,0.0001909381367436042,-0.0004987016515202689
2,0.0027617000000004313,9.973185171842994,6.466892093959231e-05,-12.0,-4.986495581893399,12.0,-0.001686922958115344,0.0004986560250814109,0.0004986560251461027,0.0009973185171842994,0.0001910487608718717,-0.0004986560250814339
2,0.0027619000000004314,9.97225817377215,6.594863839426424e-05,-12.0,-4.986030163268998,12.0,-0.00168689638501418,0.0004986096111907163,0.0004986096112566879,0.0009972258173772152,0.0001911612920005579,-0.0004986096111907392
2,0.0027621000000004315,9.971315427963908,6.722819152082948e-05,-12.0,-4.985556871022391,12.0,-0.001686869356441023,0.0004985624099213684,0.0004985624099886195,0.0009971315427963908,0.000191275729648957,-0.0004985624099213911
2,0.0027623000000004316,9.970356935904412,6.850757743492863e-05,-12.0,-4.985075705900977,12.0,-0.001686841872130307,0.0004985144213478184,0.0004985144214163489,0.0009970356935904412,0.0001913920733283905,-0.0004985144213478412
2,0.0027625000000004317,9.969382699104681,6.978679326419268e-05,-12.0,-4.984586668664575,12.0,-0.001686813931812026,0.0004984656455457612,0.0004984656456155708,0.0009969382699104683,0.000191510322542103,-0.000498465645545784
2,0.002762700000000432,9.968392719100628,7.106583613758488e-05,-12.0,-4.984089760085449,12.0,-0.001686785535211621,0.0004984160825921359,0.0004984160826632245,0.0009968392719100628,0.0001916304767852067,-0.0004984160825921587
2,0.002762900000000432,9.967386997453051,7.234470319961162e-05,-12.0,-4.98358498094828,12.0,-0.00168675668205065,0.0004983657325651252,0.0004983657326374926,0.0009967386997453052,0.0001917525355448133,-0.0004983657325651479
2,0.002763100000000432,9.966365535747627,7.362339159655562e-05,-12.0,-4.983072332050184,12.0,-0.001686727372046004,0.0004983145955441555,0.0004983145956178015,0.0009966365535747628,0.0001918764982999574,-0.000498314595544178
2,0.002763300000000432,9.965328335594918,7.490189848935458e-05,-12.0,-4.982551814200706,12.0,-0.001686697604910581,0.000498262671609897,0.0004982626716848214,0.0009965328335594919,0.0001920023645216942,-0.0004982626716099196
2,0.0027635000000004323,9.964275398630354,7.61802210420548e-05,-12.0,-4.982023428221812,12.0,-0.001686667380352391,0.0004982099608442629,0.0004982099609204657,0.0009964275398630354,0.0001921301336729256,-0.0004982099608442853
2,0.0027637000000004324,9.963206726514246,7.745835642891663e-05,-12.0,-4.981487174947896,12.0,-0.001686636698075894,0.0004981564633304101,0.0004981564634078909,0.0009963206726514246,0.0001922598052086291,-0.0004981564633304325
2,0.0027639000000004325,9.96212232093178,7.873630183263813e-05,-12.0,-4.980943055225779,12.0,-0.001686605557780996,0.0004981021791527388,0.0004981021792314974,0.000996212232093178,0.0001923913785756848,-0.0004981021791527611
2,0.0027641000000004326,9.961022183593,8.001405444435505e-05,-12.0,-4.980391069914694,12.0,-0.001686573959162607,0.0004980471083968916,0.0004980471084769278,0.0009961022183593,0.0001925248532130552,-0.0004980471083969138
2,0.0027643000000004327,9.959906316232836,8.129161146364083e-05,-12.0,-4.979831219886306,12.0,-0.001686541901912531,0.0004979912511497548,0.0004979912512310686,0.0009959906316232836,0.0001926602285515638,-0.0004979912511497769
2,0.002764500000000433,9.958774720611071,8.256897010205932e-05,-12.0,-4.979263506024692,12.0,-0.001686509385717683,0.0004979346074994573,0.0004979346075820485,0.0009958774720611073,0.0001927975040141167,-0.0004979346074994794
2,0.002764700000000433,9.957627398512338,8.384612757206256e-05,-12.0,-4.97868792922635,12.0,-0.00168647641026054,0.0004978771775353703,0.0004978771776192383,0.000995762739851234,0.0001929366790156331,-0.0004978771775353922
2,0.002764900000000433,9.956464351746163,8.512308110253386e-05,-12.0,-4.978104490400197,12.0,-0.001686442975219582,0.000497818961348108,0.000497818961433253,0.0009956464351746164,0.0001930777529629973,-0.00049781896134813
2,0.002765100000000433,9.955285582146908,8.639982793168244e-05,-12.0,-4.977513190467558,12.0,-0.001686409080269291,0.0004977599590295271,0.0004977599591159488,0.000995528558214691,0.0001932207252551346,-0.0004977599590295491
2,0.0027653000000004333,9.954091091573783,8.767636529860567e-05,-12.0,-4.97691403036218,12.0,-0.001686374725079376,0.0004977001706727261,0.0004977001707604243,0.0009954091091573783,0.0001933655952830182,-0.0004977001706727479
2,0.0027655000000004334,9.952880881910867,8.895269045972043e-05,-12.0,-4.976307011030218,12.0,-0.001686339909315548,0.0004976395963720461,0.0004976395964610204,0.0009952880881910868,0.0001935123624296348,-0.0004976395963720677
2,0.0027657000000004335,9.951654955067074,9.02288006741081e-05,-12.0,-4.975692133430237,12.0,-0.001686304632639302,0.0004975782362230695,0.00049757823631332,0.0009951654955067074,0.0001936610260700466,-0.0004975782362230911
2,0.0027659000000004336,9.95041331297617,9.150469321772547e-05,-12.0,-4.975069398533213,12.0,-0.00168626889470791,0.0004975160903226216,0.0004975160904141477,0.000995041331297617,0.0001938115855713088,-0.0004975160903226432
2,0.0027661000000004337,9.949155957596775,9.27803653683057e-05,-12.0,-4.974438807322531,12.0,-0.001686232695174539,0.0004974531587687683,0.0004974531588615703,0.0009949155957596776,0.0001939640402925796,-0.0004974531587687899
2,0.002766300000000434,9.947882890912327,9.405581441779276e-05,-12.0,-4.973800360793978,12.0,-0.001686196033687581,0.0004973894416608183,0.0004973894417548956,0.0009947882890912326,0.0001941183895850934,-0.0004973894416608396
2,0.002766500000000434,9.946594114931115,9.533103766301565e-05,-12.0,-4.973154059955752,12.0,-0.001686158909892543,0.0004973249390993202,0.0004973249391946726,0.0009946594114931115,0.0001942746327921116,-0.0004973249390993415
2,0.002766700000000434,9.945289631686258,9.660603241634647e-05,-12.0,-4.972499905828445,12.0,-0.001686121323429157,0.0004972596511860649,0.0004972596512826921,0.0009945289631686258,0.0001944327692490339,-0.0004972596511860862
2,0.002766900000000434,9.943969443235714,9.788079599104549e-05,-12.0,-4.971837899445061,12.0,-0.001686083273933603,0.0004971935780240842,0.0004971935781219862,0.0009943969443235714,0.0001945927982833773,-0.0004971935780241053
2,0.0027671000000004343,9.942633551662258,9.915532572168928e-05,-12.0,-4.971168041850994,12.0,-0.001686044761038508,0.0004971267197176502,0.0004971267198168269,0.0009942633551662259,0.0001947547192146099,-0.0004971267197176716
2,0.0027673000000004344,9.941281959073487,0.0001004296189361931,-12.0,-4.970490334104042,12.0,-0.001686005784371725,0.0004970590763722769,0.0004970590764727276,0.0009941281959073489,0.0001949185313545182,-0.0004970590763722978
2,0.0027675000000004345,9.939914667601844,0.0001017036729895615,-12.0,-4.969804777274401,12.0,-0.001685966343556666,0.0004969906480947181,0.0004969906481964428,0.0009939914667601844,0.0001950842340068676,-0.000496990648094739
2,0.0027677000000004347,9.938531679404567,0.0001029774852359111,-12.0,-4.969111372444655,12.0,-0.001685926438213081,0.0004969214349929683,0.0004969214350959666,0.0009938531679404567,0.0001952518264675684,-0.0004969214349929891
2,0.0027679000000004348,9.93713299666371,0.0001042510530395724,-12.0,-4.968410120709786,12.0,-0.001685886067956499,0.0004968514371762617,0.0004968514372805335,0.000993713299666371,0.0001954213080247319,-0.0004968514371762826
2,0.002768100000000435,9.935718621586158,0.0001055243737786427,-12.0,-4.967701023177168,12.0,-0.001685845232398342,0.0004967806547550739,0.0004967806548606189,0.000993571862158616,0.0001955926779585448,-0.0004967806547550947
2,0.002768300000000435,9.934288556403578,0.0001067974448369924,-12.0,-4.966984080966559,12.0,-0.001685803931145924,0.0004967090878411189,0.000496709087947937,0.0009934288556403578,0.0001957659355413671,-0.0004967090878411397
2,0.002768500000000435,9.932842803372457,0.0001080702636091502,-12.0,-4.966259295210111,12.0,-0.001685762163801785,0.0004966367365473517,0.0004966367366554424,0.0009932842803372457,0.0001959410800377454,-0.0004966367365473721
2,0.0027687000000004352,9.931381364774088,0.0001093428275025232,-12.0,-4.965526667052361,12.0,-0.001685719929965468,0.0004965636009879659,0.0004965636010973294,0.000993138136477409,0.0001961181107043714,-0.0004965636009879864
2,0.0027689000000004353,9.929904242914555,0.0001106151339320682,-12.0,-4.964786197650229,12.0,-0.001685677229231852,0.0004964896812783956,0.0004964896813890312,0.0009929904242914555,0.0001962970267901515,-0.0004964896812784162
2,0.0027691000000004354,9.928411440124727,0.0001118871803198473,-12.0,-4.964037888173011,12.0,-0.001685634061191377,0.0004964149775353128,0.0004964149776472203,0.0009928411440124727,0.0001964778275361651,-0.0004964149775353331
2,0.0027693000000004356,9.92690295876028,0.0001131589641016895,-12.0,-4.963281739802397,12.0,-0.001685590425431038,0.0004963394898766297,0.000496339489989809,0.0009926902958760282,0.000196660512175692,-0.0004963394898766499
2,0.0027695000000004357,9.925378801201678,0.0001144304827231934,-12.0,-4.962517753732448,12.0,-0.001685546321533615,0.0004962632184214972,0.0004962632185359477,0.0009925378801201679,0.0001968450799341714,-0.0004962632184215171
2,0.002769700000000436,9.923838969854144,0.000115701733639284,-12.0,-4.961745931169595,12.0,-0.001685501749077445,0.0004961861632903034,0.0004961861634060253,0.0009923838969854144,0.0001970315300293957,-0.0004961861632903235
2,0.002769900000000436,9.922283467147707,0.0001169727143102151,-12.0,-4.96096627333266,12.0,-0.001685456707636979,0.0004961083246046771,0.0004961083247216699,0.0009922283467147708,0.0001972198616712745,-0.0004961083246046971
2,0.002770100000000436,9.920712295537166,0.000118243422214892,-12.0,-4.960178781452827,12.0,-0.001685411196782782,0.0004960297024874844,0.0004960297026057476,0.0009920712295537167,0.0001974100740619739,-0.0004960297024875042
2,0.002770300000000436,9.919125457502087,0.0001195138548379937,-12.0,-4.959383456773648,12.0,-0.001685365216081758,0.0004959502970628288,0.0004959502971823625,0.0009919125457502087,0.0001976021663959437,-0.0004959502970628487
2,0.0027705000000004362,9.917522955546797,0.0001207840096699719,-12.0,-4.958580300551054,12.0,-0.001685318765095811,0.0004958701084560528,0.0004958701085768564,0.0009917522955546797,0.0001977961378598903,-0.0004958701084560725
2,0.0027707000000004364,9.91590479220041,0.0001220538842177099,-12.0,-4.957769314053339,12.0,-0.001685271843383407,0.0004957891367937361,0.0004957891369158096,0.000991590479220041,0.0001979919876327757,-0.0004957891367937556
2,0.0027709000000004365,9.914270970016773,0.0001233234759960844,-12.0,-4.956950498561158,12.0,-0.001685224450499345,0.0004957073822036958,0.0004957073823270388,0.0009914270970016773,0.0001981897148858186,-0.0004957073822037155
2,0.0027711000000004366,9.912621491574503,0.0001245927825270776,-12.0,-4.956123855367532,12.0,-0.001685176585993542,0.0004956248448149866,0.0004956248449395988,0.0009912621491574504,0.0001983893187826047,-0.000495624844815006
2,0.0027713000000004367,9.910956359476973,0.0001258618013459945,-12.0,-4.955289385777849,12.0,-0.001685128249412804,0.0004955415247579002,0.0004955415248837814,0.0009910956359476973,0.0001985907984789342,-0.0004955415247579195
2,0.002771500000000437,9.909275576352302,0.0001271305300010184,-12.0,-4.954447091109845,12.0,-0.001685079440299386,0.0004954574221639654,0.000495457422291115,0.0009909275576352303,0.0001987941531229609,-0.0004954574221639846
2,0.002771700000000437,9.907579144853344,0.000128398966041221,-12.0,-4.95359697269362,12.0,-0.00168503015819188,0.000495372537165947,0.0004953725372943651,0.0009907579144853343,0.0001989993818551916,-0.0004953725371659662
2,0.002771900000000437,9.90586706765771,0.000129667107035214,-12.0,-4.95273903187163,12.0,-0.00168498040262488,0.0004952868698978475,0.0004952868700275337,0.000990586706765771,0.0001992064838084173,-0.0004952868698978666
2,0.002772100000000437,9.904139347467721,0.0001309349505556057,-12.0,-4.951873269998677,12.0,-0.001684930173128762,0.0004952004204949044,0.0004952004206258583,0.000990413934746772,0.0001994154581077684,-0.0004952004204949233
2,0.0027723000000004373,9.90239598701044,0.0001322024941887712,-12.0,-4.950999688441913,12.0,-0.001684879469230349,0.0004951131890935914,0.0004951131892258126,0.000990239598701044,0.0001996263038707702,-0.0004951131890936102
2,0.0027725000000004374,9.900636989037677,0.0001334697355250825,-12.0,-4.950118288580852,12.0,-0.001684828290452134,0.0004950251758316192,0.0004950251759651077,0.0009900636989037678,0.0001998390202073291,-0.0004950251758316377
2,0.0027727000000004375,9.898862356325948,0.0001347366721766718,-12.0,-4.949229071807341,12.0,-0.001684776636313168,0.0004949363808479332,0.0004949363809826886,0.0009898862356325948,0.0002000536062196356,-0.0004949363808479518
2,0.0027729000000004376,9.897072091676463,0.0001360033017538953,-12.0,-4.948332039525568,12.0,-0.001684724506328061,0.0004948468042827136,0.0004948468044187355,0.0009897072091676464,0.0002002700610024,-0.0004948468042827323
2,0.0027731000000004377,9.895266197915193,0.0001372696218790992,-12.0,-4.947427193152081,12.0,-0.001684671900008428,0.0004947564462773775,0.0004947564464146657,0.0009895266197915194,0.0002004883836426163,-0.0004947564462773961
2,0.002773300000000438,9.89344467789279,0.0001385356301923935,-12.0,-4.94651453411575,12.0,-0.001684618816860772,0.0004946653069745759,0.0004946653071131299,0.000989344467789279,0.0002007085732197017,-0.0004946653069745943
2,0.002773500000000438,9.891607534484608,0.0001398013243365526,-12.0,-4.945594063857786,12.0,-0.001684565256388715,0.000494573386518194,0.0004945733866580137,0.000989160753448461,0.0002009306288056206,-0.0004945733865182122
2,0.002773700000000438,9.889754770590708,0.0001410667019650091,-12.0,-4.944665783831739,12.0,-0.001684511218091544,0.0004944806850533522,0.0004944806851944372,0.0009889754770590709,0.0002011545494646078,-0.0004944806850533704
2,0.002773900000000438,9.887886389135858,0.0001423317607445185,-12.0,-4.943729695503493,12.0,-0.001684456701464554,0.0004943872027264058,0.0004943872028687556,0.0009887886389135859,0.0002013803342534315,-0.0004943872027264238
2,0.0027741000000004383,9.886002393069491,0.0001435964983511617,-12.0,-4.942785800351254,12.0,-0.001684401705999816,0.0004942929396849425,0.000494292939828557,0.0009886002393069491,0.0002016079822213385,-0.0004942929396849605
2,0.0027743000000004384,9.88410278536574,0.0001448609124650169,-12.0,-4.941834099865565,12.0,-0.001684346231185074,0.0004941978960777851,0.0004941978962226638,0.0009884102785365741,0.0002018374924099287,-0.000494197896077803
2,0.0027745000000004385,9.882187569023438,0.0001461250007848136,-12.0,-4.940874595549291,12.0,-0.001684290276504186,0.0004941020720549899,0.0004941020722011327,0.0009882187569023439,0.0002020688638534468,-0.0004941020720550075
2,0.0027747000000004386,9.880256747066055,0.0001473887610146107,-12.0,-4.939907288917618,12.0,-0.001684233841437677,0.0004940054677678458,0.0004940054679152521,0.0009880256747066055,0.0002023020955784771,-0.0004940054677678632
2,0.0027749000000004387,9.87831032254176,0.000148652190868237,-12.0,-4.938932181498055,12.0,-0.001684176925461967,0.0004939080833688748,0.0004939080835175446,0.0009878310322541759,0.0002025371866042486,-0.0004939080833688923
2,0.002775100000000439,9.876348298523382,0.0001499152880697352,-12.0,-4.937949274830435,12.0,-0.001684119528049477,0.000493809919011833,0.0004938099191617657,0.0009876348298523384,0.0002027741359423296,-0.0004938099190118505
2,0.002775300000000439,9.874370678108411,0.0001511780503538063,-12.0,-4.936958570466894,12.0,-0.001684061648669188,0.0004937109748517075,0.0004937109750029029,0.0009874370678108412,0.0002030129425970167,-0.0004937109748517248
2,0.002775500000000439,9.872377464418992,0.0001524404754640329,-12.0,-4.935960069971895,12.0,-0.001684003286786417,0.0004936112510447187,0.0004936112511971765,0.0009872377464418994,0.0002032536055649875,-0.0004936112510447359
2,0.002775700000000439,9.870368660601926,0.000153702561154212,-12.0,-4.934953774922206,12.0,-0.001683944441862595,0.0004935107477483187,0.0004935107479020386,0.0009870368660601927,0.0002034961238355504,-0.000493510747748336
2,0.0027759000000004393,9.86834426982866,0.0001549643051892424,-12.0,-4.933939686906903,12.0,-0.001683885113355155,0.0004934094651211921,0.0004934094652761736,0.000986834426982866,0.0002037404963905615,-0.0004934094651212092
2,0.0027761000000004394,9.86630429529527,0.0001562257053406846,-12.0,-4.932917807527367,12.0,-0.001683825300717867,0.0004933074033232537,0.0004933074034794965,0.000986630429529527,0.00020398672220448,-0.0004933074033232708
2,0.0027763000000004395,9.864248740222484,0.000157486759390757,-12.0,-4.931888138397288,12.0,-0.001683765003401283,0.000493204562515651,0.0004932045626731547,0.0009864248740222485,0.0002042348002443128,-0.000493204562515668
2,0.0027765000000004396,9.862177607855664,0.0001587474651332244,-12.0,-4.930850681142657,12.0,-0.001683704220851401,0.0004931009428607623,0.0004931009430195266,0.0009862177607855664,0.0002044847294697116,-0.000493100942860779
2,0.0027767000000004398,9.86009090146478,0.0001600078203720656,-12.0,-4.929805437401754,12.0,-0.001683642952511666,0.0004929965445221961,0.0004929965446822203,0.000986009090146478,0.0002047365088328895,-0.0004929965445222126
2,0.00277690000000044,9.857988624344435,0.0001612678229157005,-12.0,-4.928752408825164,12.0,-0.001683581197821193,0.0004928913676647915,0.000492891367826076,0.0009857988624344435,0.0002049901372787183,-0.000492891367664808
2,0.00277710000000044,9.855870779813849,0.0001625274705876478,-12.0,-4.927691597075768,12.0,-0.001683518956214547,0.0004927854124546191,0.000492785412617163,0.0009855870779813848,0.0002052456137447561,-0.0004927854124546356
2,0.00277730000000044,9.853737371216843,0.0001637867612194199,-12.0,-4.926623003828724,12.0,-0.001683456227124402,0.000492678679058978,0.0004926786792227812,0.0009853737371216843,0.0002055029371611367,-0.0004926786790589943
2,0.00277750000000044,9.85158840192184,0.0001650456926474142,-12.0,-4.925546630771491,12.0,-0.001683393009978773,0.0004925711676463977,0.0004925711678114596,0.000985158840192184,0.0002057621064506798,-0.0004925711676464138
2,0.0027777000000004403,9.849423875321882,0.0001663042627244593,-12.0,-4.924462479603812,12.0,-0.001683329304201897,0.0004924628783866374,0.000492462878552958,0.0009849423875321883,0.0002060231205289476,-0.0004924628783866537
2,0.0027779000000004404,9.847243794834588,0.0001675624693104893,-12.0,-4.923370552037704,12.0,-0.001683265109214904,0.0004923538114506855,0.000492353811618264,0.000984724379483459,0.0002062859783040771,-0.0004923538114507014
2,0.0027781000000004405,9.845048163902167,0.0001688203102698793,-12.0,-4.922270849797474,12.0,-0.001683200424435261,0.0004922439670107585,0.0004922439671795948,0.0009845048163902167,0.0002065506786770449,-0.0004922439670107745
2,0.0027783000000004407,9.842836985991411,0.0001700777834865441,-12.0,-4.921163374619698,12.0,-0.001683135249276102,0.0004921333452403027,0.0004921333454103962,0.0009842836985991413,0.0002068172205414998,-0.0004921333452403184
2,0.0027785000000004408,9.840610264593685,0.0001713348868412901,-12.0,-4.920048128253232,12.0,-0.001683069583148011,0.0004920219463139916,0.0004920219464853422,0.0009840610264593686,0.0002070856027837492,-0.0004920219463140073
2,0.002778700000000441,9.838368003224943,0.0001725916182322429,-12.0,-4.918925112459206,12.0,-0.001683003425457685,0.0004919097704077282,0.0004919097705803356,0.0009838368003224943,0.0002073558242829121,-0.0004919097704077439
2,0.002778900000000441,9.83611020542568,0.0001738479755681865,-12.0,-4.917794329011008,12.0,-0.001682936775607713,0.0004917968176986422,0.0004917968178725057,0.000983611020542568,0.0002076278839109325,-0.0004917968176986577
2,0.002779100000000441,9.833836874760966,0.000175103956758349,-12.0,-4.916655779694305,12.0,-0.001682869632997797,0.000491683088365091,0.0004916830885402103,0.0009833836874760967,0.0002079017805323713,-0.0004916830883651064
2,0.0027793000000004412,9.831548014820422,0.0001763595597288337,-12.0,-4.915509466307022,12.0,-0.001682801997023864,0.0004915685825866597,0.0004915685827630346,0.0009831548014820422,0.0002081775130046981,-0.0004915685825866751
2,0.0027795000000004413,9.829243629218217,0.0001776147824132934,-12.0,-4.914355390659341,12.0,-0.00168273386707829,0.0004914533005441601,0.0004914533007217901,0.0009829243629218218,0.0002084550801781521,-0.0004914533005441755
2,0.0027797000000004415,9.82692372159306,0.0001788696227498221,-12.0,-4.913193554573708,12.0,-0.001682665242549897,0.0004913372424196307,0.0004913372425985156,0.000982692372159306,0.0002087344808957697,-0.0004913372424196459
2,0.0027799000000004416,9.824588295608192,0.0001801240786925007,-12.0,-4.912023959884817,12.0,-0.001682596122824287,0.0004912204083963358,0.0004912204085764751,0.0009824588295608192,0.0002090157139934684,-0.0004912204083963509
2,0.0027801000000004417,9.822237354951396,0.0001813781481967425,-12.0,-4.91084660843962,12.0,-0.001682526507283177,0.0004911027986587667,0.00049110279884016,0.0009822237354951396,0.0002092987782998934,-0.0004911027986587817
2,0.002780300000000442,9.819870903334978,0.0001826318292348361,-12.0,-4.909661502097318,12.0,-0.001682456395305176,0.0004909844133926404,0.0004909844135752872,0.0009819870903334978,0.0002095836726366956,-0.0004909844133926554
2,0.002780500000000442,9.817488944495743,0.0001838851197790703,-12.0,-4.908468642729351,12.0,-0.00168238578626545,0.0004908652527848984,0.0004908652529687983,0.0009817488944495743,0.0002098703958182679,-0.000490865252784913
2,0.002780700000000442,9.81509148219503,0.0001851380178155004,-12.0,-4.907268032219411,12.0,-0.001682314679535168,0.0004907453170237082,0.0004907453172088607,0.000981509148219503,0.0002101589466519671,-0.0004907453170237227
2,0.002780900000000442,9.812678520218686,0.0001863905213439487,-12.0,-4.906059672463421,12.0,-0.001682243074482836,0.000490624606298462,0.0004906246064848672,0.0009812678520218687,0.0002104493239380167,-0.0004906246062984765
2,0.0027811000000004422,9.810250062377031,0.0001876426283602406,-12.0,-4.904843565369549,12.0,-0.001682170970473074,0.0004905031207997764,0.0004905031209874336,0.0009810250062377032,0.0002107415264695767,-0.000490503120799791
2,0.0027813000000004424,9.807806112504913,0.000188894336877965,-12.0,-4.903619712858197,12.0,-0.001682098366867391,0.0004903808607194931,0.0004903808609084018,0.0009807806112504913,0.0002110355530326735,-0.0004903808607195075
2,0.0027815000000004425,9.805346674461639,0.0001901456449155958,-12.0,-4.90238811686199,12.0,-0.001682025263023301,0.0004902578262506764,0.0004902578264408362,0.000980534667446164,0.0002113314024063673,-0.0004902578262506905
2,0.0027817000000004426,9.802871752131015,0.0001913965505031534,-12.0,-4.901148779325787,12.0,-0.001681951658295877,0.0004901340175876149,0.0004901340177790256,0.0009802871752131014,0.0002116290733625986,-0.0004901340175876291
2,0.0027819000000004427,9.800381349421317,0.0001926470516742107,-12.0,-4.899901702206676,12.0,-0.001681877552036082,0.000490009434925821,0.0004900094351184822,0.0009800381349421316,0.0002119285646663138,-0.000490009434925835
2,0.002782100000000443,9.797875470265286,0.0001938971464774397,-12.0,-4.898646887473955,12.0,-0.001681802943591881,0.0004898840784620294,0.0004898840786559405,0.0009797875470265287,0.0002122298750754231,-0.0004898840784620433
2,0.002782300000000443,9.795354118620118,0.0001951468329597361,-12.0,-4.897384337109151,12.0,-0.001681727832307689,0.0004897579483941974,0.000489757948589358,0.0009795354118620119,0.0002125330033408424,-0.0004897579483942111
2,0.002782500000000443,9.792817298467497,0.0001963961091862032,-12.0,-4.896114053106007,12.0,-0.00168165221752492,0.0004896310449215057,0.0004896310451179156,0.0009792817298467497,0.0002128379482065901,-0.0004896310449215194
2,0.002782700000000443,9.790265013813515,0.0001976449732268293,-12.0,-4.894836037470468,12.0,-0.00168157609858155,0.0004895033682443559,0.0004895033684420145,0.0009790265013813516,0.0002131447084094962,-0.0004895033682443695
2,0.0027829000000004433,9.787697268688726,0.0001988934231529349,-12.0,-4.893550292220699,12.0,-0.001681499474811887,0.0004893749185643718,0.0004893749187632787,0.0009787697268688726,0.0002134532826796737,-0.0004893749185643852
2,0.0027831000000004434,9.78511406714813,0.0002001414570540483,-12.0,-4.89225681938707,12.0,-0.00168142234554769,0.0004892456960843991,0.0004892456962845539,0.0009785114067148131,0.0002137636697401996,-0.0004892456960844124
2,0.0027833000000004435,9.782515413271145,0.0002013890730223622,-12.0,-4.890955621012148,12.0,-0.001681344710116717,0.0004891157010085038,0.0004891157012099061,0.0009782515413271145,0.0002140758683071564,-0.0004891157010085171
2,0.0027835000000004436,9.779901311161595,0.0002026362691576189,-12.0,-4.889646699150699,12.0,-0.001681266567843953,0.0004889849335419726,0.0004889849337446219,0.0009779901311161596,0.0002143898770898128,-0.0004889849335419857
2,0.0027837000000004437,9.77727176494775,0.0002038830435679984,-12.0,-4.888330055869693,12.0,-0.001681187918051386,0.000488853393891313,0.0004888533940952092,0.000977727176494775,0.0002147056947904707,-0.000488853393891326
2,0.002783900000000444,9.77462677878228,0.0002051293943692301,-12.0,-4.887005693248293,12.0,-0.00168110876005656,0.0004887210822642533,0.0004887210824693956,0.000977462677878228,0.0002150233201046459,-0.0004887210822642663
2,0.002784100000000444,9.771966356842253,0.0002063753196872575,-12.0,-4.885673613377842,12.0,-0.001681029093175468,0.00048858799886974,0.0004885879990761283,0.0009771966356842254,0.0002153427517209011,-0.0004885879988697528
2,0.002784300000000444,9.769290503329126,0.0002076208176511329,-12.0,-4.884333818361878,12.0,-0.001680948916719771,0.0004884541439179401,0.0004884541441255737,0.0009769290503329126,0.0002156639883209716,-0.0004884541439179529
2,0.002784500000000444,9.76659922246876,0.0002088658863983461,-12.0,-4.882986310316124,12.0,-0.001680868229998023,0.0004883195176202395,0.0004883195178291181,0.000976659922246876,0.000215987028579806,-0.0004883195176202522
2,0.0027847000000004443,9.763892518511398,0.0002101105240801537,-12.0,-4.881631091368473,12.0,-0.001680787032316666,0.0004881841201892427,0.0004881841203993659,0.0009763892518511398,0.0002163118711654283,-0.0004881841201892554
2,0.0027849000000004444,9.761170395731634,0.0002113547288433715,-12.0,-4.880268163659004,12.0,-0.001680705322977372,0.0004880479518387722,0.0004880479520501395,0.0009761170395731634,0.0002166385147391731,-0.0004880479518387848
2,0.0027851000000004445,9.758432858428458,0.0002125984988508023,-12.0,-4.878897529339969,12.0,-0.001680623101280032,0.0004879110127838696,0.0004879110129964804,0.0009758432858428458,0.0002169669579555472,-0.000487911012783882
2,0.0027853000000004446,9.755679910925226,0.0002138418322727986,-12.0,-4.877519190575784,12.0,-0.001680540366520766,0.0004877733032407934,0.0004877733034546477,0.0009755679910925226,0.0002172971994621742,-0.0004877733032408057
2,0.0027855000000004447,9.752911557569602,0.0002150847272859302,-12.0,-4.876133149543024,12.0,-0.001680457117992584,0.0004876348234270188,0.0004876348236421159,0.0009752911557569603,0.0002176292379001271,-0.000487634823427031
2,0.002785700000000445,9.750127802733644,0.0002163271820627699,-12.0,-4.874739408430456,12.0,-0.00168037335498572,0.0004874955735612397,0.0004874955737775791,0.0009750127802733644,0.0002179630719036096,-0.0004874955735612519
2,0.002785900000000445,9.74732865081375,0.000217569194802536,-12.0,-4.873337969438978,12.0,-0.001680289076787078,0.0004873555538633662,0.0004873555540809474,0.0009747328650813751,0.0002182987001001085,-0.0004873555538633781
2,0.002786100000000445,9.744514106230602,0.0002188107636991177,-12.0,-4.871928834781645,12.0,-0.001680204282680897,0.0004872147645545226,0.0004872147647733451,0.0009744514106230602,0.000218636121110366,-0.0004872147645545345
2,0.002786300000000445,9.741684173429261,0.0002200518869490686,-12.0,-4.870512006683689,12.0,-0.001680118971947642,0.0004870732058570521,0.0004870732060771157,0.0009741684173429261,0.0002189753335485323,-0.0004870732058570638
2,0.0027865000000004453,9.738838856879095,0.0002212925627698148,-12.0,-4.869087487382467,12.0,-0.001680033143865112,0.0004869308779945121,0.0004869308782158163,0.0009738838856879096,0.0002193163360220129,-0.0004869308779945238
2,0.0027867000000004454,9.735978161073746,0.0002225327893756734,-12.0,-4.867655279127482,12.0,-0.001679946797708776,0.0004867877811916742,0.0004867877814142185,0.0009735978161073746,0.0002196591271315662,-0.0004867877811916857
2,0.0027869000000004455,9.73310209053121,0.0002237725649845146,-12.0,-4.866215384180403,12.0,-0.00167985993274955,0.0004866439156745272,0.0004866439158983113,0.0009733102090531211,0.0002200037054712611,-0.0004866439156745387
2,0.0027871000000004456,9.730210649793758,0.0002250118878333041,-12.0,-4.86476780481501,12.0,-0.00167977254825713,0.000486499281670273,0.0004864992818952963,0.0009730210649793759,0.0002203500696286442,-0.0004864992816702843
2,0.0027873000000004458,9.727303843427931,0.0002262507561541227,-12.0,-4.863312543317226,12.0,-0.001679684643496993,0.0004863538794073269,0.0004863538796335888,0.0009727303843427932,0.0002206982181845035,-0.0004863538794073381
2,0.002787500000000446,9.72438167602458,0.0002274891681901536,-12.0,-4.861849601985113,12.0,-0.001679596217731727,0.0004862077091153191,0.0004862077093428195,0.000972438167602458,0.0002210481497131878,-0.0004862077091153303
2,0.002787700000000446,9.721444152198824,0.0002287271221894649,-12.0,-4.860378983128856,12.0,-0.001679507270222147,0.0004860607710250935,0.0004860607712538318,0.0009721444152198824,0.0002213998627822733,-0.0004860607710251046
2,0.002787900000000446,9.718491276590035,0.0002299646164085623,-12.0,-4.858900689070758,12.0,-0.001679417800224625,0.0004859130653687057,0.0004859130655986813,0.0009718491276590035,0.0002217533559529389,-0.0004859130653687167
2,0.002788100000000446,9.715523053861853,0.0002312016491075042,-12.0,-4.857414722145249,12.0,-0.001679327806993647,0.0004857645923794247,0.0004857645926106373,0.0009715523053861853,0.0002221086277797574,-0.0004857645923794357
2,0.0027883000000004463,9.712539488702182,0.0002324382185538987,-12.0,-4.855921084698879,12.0,-0.001679237289780255,0.0004856153522917324,0.0004856153525241815,0.0009712539488702182,0.0002224656768107791,-0.0004856153522917433
2,0.0027885000000004464,9.709540585823143,0.0002336743230229033,-12.0,-4.854419779090295,12.0,-0.00167914624783283,0.0004854653453413211,0.0004854653455750061,0.0009709540585823143,0.0002228245015874902,-0.0004854653453413318
2,0.0027887000000004466,9.706526349961111,0.0002349099607905636,-12.0,-4.85291080769027,12.0,-0.001679054680396863,0.0004853145717650955,0.0004853145720000161,0.0009706526349961112,0.0002231851006449237,-0.000485314571765106
2,0.0027889000000004467,9.703496785876695,0.0002361451301444717,-12.0,-4.85139417288168,12.0,-0.001678962586715183,0.0004851630318011719,0.0004851630320373275,0.0009703496785876695,0.0002235474725116038,-0.0004851630318011824
2,0.0027891000000004468,9.700451898354714,0.0002373798293775486,-12.0,-4.849869877059493,12.0,-0.001678869966027507,0.0004850107256888767,0.0004850107259262669,0.0009700451898354715,0.0002239116157096016,-0.0004850107256888871
2,0.002789300000000447,9.697391692204182,0.0002386140567867123,-12.0,-4.848337922630771,12.0,-0.001678776817570671,0.0004848576536687454,0.0004848576539073698,0.0009697391692204182,0.0002242775287545767,-0.0004848576536687558
2,0.002789500000000447,9.69431617225836,0.0002398478106693247,-12.0,-4.846798312014697,12.0,-0.001678683140579285,0.0004847038159825265,0.0004847038162223845,0.000969431617225836,0.0002246452101556384,-0.0004847038159825367
2,0.002789700000000447,9.69122534337468,0.0002410810893400672,-12.0,-4.845251047642519,12.0,-0.001678588934284186,0.0004845492128731759,0.0004845492131142669,0.0009691225343374679,0.0002250146584156232,-0.000484549212873186
2,0.0027899000000004472,9.688119210434749,0.0002423138911087364,-12.0,-4.843696131957572,12.0,-0.001678494197914437,0.0004843938445848581,0.000484393844827182,0.000968811921043475,0.0002253858720308727,-0.0004843938445848681
2,0.0027901000000004473,9.684997778344393,0.0002435462142984512,-12.0,-4.842133567415288,12.0,-0.001678398930696101,0.0004842377113629487,0.0004842377116065047,0.0009684997778344393,0.0002257588494913448,-0.0004842377113629587
2,0.0027903000000004475,9.681861052033588,0.0002447780572296665,-12.0,-4.84056335648317,12.0,-0.001678303131851799,0.0004840808134540302,0.0004840808136988179,0.0009681861052033588,0.0002261335892806832,-0.0004840808134540399
2,0.0027905000000004476,9.678709036456475,0.0002460094182370476,-12.0,-4.838985501640789,12.0,-0.001678206800601822,0.0004839231511058927,0.0004839231513519119,0.0009678709036456475,0.0002265100898762029,-0.0004839231511059026
2,0.0027907000000004477,9.675541736591354,0.0002472402956517072,-12.0,-4.837400005379797,12.0,-0.001678109936164796,0.0004837647245675352,0.0004837647248147851,0.0009675541736591355,0.00022688834974878,-0.0004837647245675449
2,0.002790900000000448,9.672359157440688,0.0002484706878163045,-12.0,-4.835806870203912,12.0,-0.00167801253775457,0.0004836055340891633,0.0004836055343376436,0.0009672359157440689,0.0002272683673630593,-0.0004836055340891729
2,0.002791100000000448,9.669161304031064,0.0002497005930792717,-12.0,-4.834206098628906,12.0,-0.00167791460458433,0.0004834455799221891,0.0004834455801718993,0.0009669161304031065,0.0002276501411773574,-0.0004834455799221985
2,0.002791300000000448,9.665948181413198,0.0002509300097868206,-12.0,-4.832597693182618,12.0,-0.001677816135863486,0.0004832848623192311,0.0004832848625701706,0.0009665948181413198,0.0002280336696436763,-0.0004832848623192405
2,0.002791500000000448,9.662719794661957,0.0002521589362953769,-12.0,-4.830981656404946,12.0,-0.001677717130798784,0.0004831233815341149,0.0004831233817862831,0.0009662719794661958,0.0002284189512078705,-0.0004831233815341241
2,0.0027917000000004483,9.659476148876301,0.0002533873709698042,-12.0,-4.829357990847821,12.0,-0.001677617588595193,0.0004829611378218701,0.0004829611380752666,0.0009659476148876302,0.0002288059843094103,-0.0004829611378218791
2,0.0027919000000004484,9.656217249179305,0.0002546153121723016,-12.0,-4.82772669907524,12.0,-0.001677517508453796,0.0004827981314387322,0.0004827981316933566,0.0009656217249179305,0.0002291947673816325,-0.0004827981314387412
2,0.0027921000000004485,9.65294310071815,0.0002558427582739498,-12.0,-4.826087783663237,12.0,-0.001677416889574457,0.000482634362642142,0.0004826343628979938,0.0009652943100718151,0.0002295852988515729,-0.0004826343626421511
2,0.0027923000000004486,9.649653708664097,0.0002570697076489381,-12.0,-4.824441247199877,12.0,-0.001677315731153262,0.0004824698316907437,0.0004824698319478224,0.0009649653708664098,0.0002299775771401613,-0.0004824698316907526
2,0.0027925000000004487,9.646349078212502,0.0002582961586772292,-12.0,-4.822787092285273,12.0,-0.001677214032384522,0.0004823045388443862,0.0004823045391026913,0.0009646349078212503,0.0002303716006620826,-0.000482304538844395
2,0.002792700000000449,9.643029214582779,0.0002595221097441147,-12.0,-4.821125321531553,12.0,-0.001677111792459662,0.0004821384843641211,0.0004821384846236518,0.000964302921458278,0.0002307673678258876,-0.0004821384843641298
2,0.002792900000000449,9.639694123018439,0.0002607475592366626,-12.0,-4.819455937562888,12.0,-0.001677009010567665,0.000481971668512204,0.0004819716687729601,0.0009639694123018439,0.0002311648770340069,-0.0004819716685122125
2,0.002793100000000449,9.636343808787014,0.0002619725055512667,-12.0,-4.817778943015456,12.0,-0.001676905685894625,0.0004818040915520923,0.0004818040918140732,0.0009636343808787015,0.0002315641266827234,-0.0004818040915521007
2,0.002793300000000449,9.632978277180113,0.0002631969470829887,-12.0,-4.816094340537463,12.0,-0.001676801817624862,0.0004816357537484462,0.0004816357540116515,0.0009632978277180113,0.0002319651151621999,-0.0004816357537484546
2,0.0027935000000004493,9.62959753351338,0.0002644208822335514,-12.0,-4.81440213278913,12.0,-0.001676697404939698,0.0004814666553671281,0.0004814666556315573,0.000962959753351338,0.0002323678408564789,-0.0004814666553671364
2,0.0027937000000004494,9.62620158312647,0.0002656443094091188,-12.0,-4.812702322442679,12.0,-0.00167659244701801,0.0004812967966752006,0.0004812967969408531,0.000962620158312647,0.0002327723021436218,-0.0004812967966752088
2,0.0027939000000004495,9.622790431383091,0.0002668672270198513,-12.0,-4.810994912182343,12.0,-0.00167648694303657,0.0004811261779409283,0.0004811261782078036,0.0009622790431383091,0.0002331784973955142,-0.0004811261779409363
2,0.0027941000000004496,9.619364083670959,0.0002680896334812388,-12.0,-4.809279904704361,12.0,-0.001676380892169038,0.0004809547994337763,0.0004809547997018739,0.0009619364083670959,0.0002335864249781439,-0.0004809547994337843
2,0.0027943000000004497,9.615922545401784,0.0002693115272123237,-12.0,-4.807557302716957,12.0,-0.001676274293587299,0.000480782661424409,0.0004807826616937286,0.0009615922545401784,0.0002339960832513643,-0.000480782661424417
2,0.00279450000000045,9.612465822011277,0.0002705329066312601,-12.0,-4.805827108940362,12.0,-0.001676167146461016,0.0004806097641846914,0.0004806097644552323,0.0009612465822011277,0.0002344074705690619,-0.0004806097641846994
2,0.00279470000000045,9.608993918959143,0.000271753770169525,-12.0,-4.80408932610678,12.0,-0.001676059449956191,0.0004804361079876871,0.0004804361082594487,0.0009608993918959144,0.0002348205852791413,-0.000480436107987695
2,0.00279490000000045,9.60550684172906,0.0002729741162528221,-12.0,-4.802343956960411,12.0,-0.001675951203238157,0.0004802616931076586,0.0004802616933806403,0.0009605506841729061,0.0002352354257235123,-0.0004802616931076664
2,0.00279510000000045,9.602004595828696,0.0002741939433144047,-12.0,-4.800591004257436,12.0,-0.001675842405468253,0.0004800865198200675,0.0004800865200942691,0.0009602004595828696,0.000235651990238242,-0.000480086519820075
2,0.0027953000000004503,9.598487186789653,0.0002754132497977402,-12.0,-4.798830470765997,12.0,-0.001675733055807371,0.000479910588401572,0.0004799105886769928,0.0009598487186789653,0.0002360702771532219,-0.0004799105884015795
2,0.0027955000000004504,9.594954620167496,0.0002766320341365258,-12.0,-4.797062359266222,12.0,-0.001675623153411854,0.0004797338991300285,0.000479733899406668,0.0009594954620167496,0.0002364902847927369,-0.0004797338991300359
2,0.0027957000000004505,9.59140690154176,0.0002778502947804462,-12.0,-4.795286672550206,12.0,-0.001675512697437709,0.0004795564522844913,0.0004795564525623489,0.000959140690154176,0.0002369120114749795,-0.0004795564522844986
2,0.0027959000000004506,9.587844036515868,0.0002790680301760773,-12.0,-4.793503413421989,12.0,-0.001675401687037281,0.0004793782481452093,0.0004793782484242846,0.0009587844036515868,0.000237335455512272,-0.0004793782481452166
2,0.0027961000000004507,9.5842660307172,0.0002802852387744359,-12.0,-4.791712584697586,12.0,-0.001675290121361361,0.000479199286993629,0.0004791992872739213,0.0009584266030717201,0.0002377606152112188,-0.000479199286993636
2,0.002796300000000451,9.580672889797057,0.0002815019190300916,-12.0,-4.789914189204966,12.0,-0.001675177999558408,0.0004790195691123924,0.0004790195693939014,0.0009580672889797058,0.0002381874888723462,-0.0004790195691123996
2,0.002796500000000451,9.577064619430635,0.0002827180694042752,-12.0,-4.78810822978403,12.0,-0.00167506532077466,0.0004788390947853365,0.0004788390950680615,0.0009577064619430636,0.0002386160747905597,-0.0004788390947853435
2,0.002796700000000451,9.573441225317023,0.0002839336883533328,-12.0,-4.786294709286645,12.0,-0.00167495208415358,0.0004786578642974929,0.0004786578645814335,0.0009573441225317023,0.0002390463712548946,-0.0004786578642974998
2,0.002796900000000451,9.569802713179214,0.0002851487743487091,-12.0,-4.784473630576596,12.0,-0.001674838288837521,0.0004784758779350877,0.0004784758782202433,0.0009569802713179215,0.0002394783765485436,-0.0004784758779350945
2,0.0027971000000004513,9.566149088764075,0.0002863633258511911,-12.0,-4.782644996529628,12.0,-0.001674723933965061,0.0004782931359855412,0.0004782931362719112,0.0009566149088764075,0.0002399120889489958,-0.0004782931359855479
2,0.0027973000000004514,9.562480357842343,0.0002875773413388849,-12.0,-4.780808810033391,12.0,-0.001674609018674111,0.0004781096387374662,0.0004781096390250502,0.0009562480357842343,0.0002403475067280364,-0.000478109638737473
2,0.0027975000000004515,9.558796526208608,0.0002887908192779065,-12.0,-4.77896507398748,12.0,-0.001674493542100031,0.0004779253864806692,0.0004779253867694665,0.0009558796526208609,0.0002407846281515386,-0.0004779253864806758
2,0.0027977000000004516,9.555097599681346,0.0002900037581494708,-12.0,-4.77711379130341,12.0,-0.001674377503375624,0.0004777403795061494,0.0004777403797961599,0.0009555097599681346,0.0002412234514797551,-0.0004777403795061559
2,0.0027979000000004518,9.551383584102835,0.0002912161564361249,-12.0,-4.775254964904601,12.0,-0.001674260901631697,0.0004775546181060974,0.00047755461839732,0.0009551383584102836,0.0002416639749673322,-0.0004775546181061037
2,0.002798100000000452,9.547654485339194,0.0002924280126146428,-12.0,-4.773388597726396,12.0,-0.00167414373599728,0.0004773681025738947,0.000477368102866329,0.0009547654485339194,0.000242106196863115,-0.0004773681025739011
2,0.002798300000000452,9.543910309280404,0.0002936393251711245,-12.0,-4.771514692716051,12.0,-0.00167402600559885,0.000477180833204116,0.0004771808334977616,0.0009543910309280405,0.000242550115410356,-0.0004771808332041224
2,0.002798500000000452,9.540151061840215,0.0002948500925992192,-12.0,-4.769633252832707,12.0,-0.001673907709561107,0.0004769928102925244,0.0004769928105873808,0.0009540151061840215,0.0002429957288466178,-0.0004769928102925306
2,0.002798700000000452,9.536376748956192,0.0002960603133828066,-12.0,-4.767744281047419,12.0,-0.001673788847007085,0.000476804034136074,0.0004768040344321405,0.0009536376748956192,0.0002434430354038147,-0.0004768040341360802
2,0.0027989000000004523,9.532587376589728,0.0002972699860177563,-12.0,-4.765847780343136,12.0,-0.0016736694170566,0.0004766145050329093,0.0004766145053301856,0.0009532587376589729,0.0002438920333083516,-0.0004766145050329154
2,0.0027991000000004524,9.528782950725965,0.000298479109003047,-12.0,-4.763943753714687,12.0,-0.001673549418828801,0.0004764242232823631,0.0004764242235808481,0.0009528782950725966,0.0002443427207809989,-0.0004764242232823691
2,0.0027993000000004526,9.524963477373817,0.0002996876808354365,-12.0,-4.762032204168779,12.0,-0.00167342885143984,0.0004762331891849556,0.0004762331894846491,0.0009524963477373817,0.000244795096036865,-0.0004762331891849614
2,0.0027995000000004527,9.521128962566005,0.0003008957000085744,-12.0,-4.760113134724032,12.0,-0.001673307714004757,0.0004760414030423982,0.0004760414033432998,0.0009521128962566005,0.0002452491572856597,-0.0004760414030424041
2,0.0027997000000004528,9.517279412358986,0.0003021031650369821,-12.0,-4.758186548410907,12.0,-0.001673186005635374,0.0004758488651575887,0.0004758488654596975,0.0009517279412358987,0.0002457049027314306,-0.0004758488651575945
2,0.002799900000000453,9.513414832832943,0.0003033100744191941,-12.0,-4.756252448271741,12.0,-0.001673063725442958,0.0004756555758346105,0.0004756555761379263,0.0009513414832832943,0.000246162330572855,-0.0004756555758346161
2,0.002800100000000453,9.509535230091817,0.0003045164266639588,-12.0,-4.754310837360748,12.0,-0.001672940872536,0.0004754615353787356,0.0004754615356832577,0.0009509535230091818,0.0002466214390029614,-0.0004754615353787412
2,0.002800300000000453,9.505640610263297,0.0003057222202818011,-12.0,-4.752361718744003,12.0,-0.001672817446021102,0.0004752667440964229,0.0004752667444021508,0.0009505640610263298,0.0002470822262093664,-0.0004752667440964285
2,0.0028005000000004532,9.501730979498747,0.0003069274537867983,-12.0,-4.750405095499418,12.0,-0.001672693445003315,0.000475071202295315,0.0004750712026022481,0.0009501730979498748,0.0002475446903742462,-0.0004750712022953205
2,0.0028007000000004533,9.497806343973258,0.0003081321256890313,-12.0,-4.748440970716774,12.0,-0.001672568868585578,0.0004748749102842409,0.0004748749105923785,0.0009497806343973258,0.0002480088296742955,-0.0004748749102842464
2,0.0028009000000004535,9.49386670988564,0.0003093362345070183,-12.0,-4.746469347497698,12.0,-0.001672443715869054,0.0004746778683732151,0.0004746778686825567,0.0009493866709885641,0.0002484746422808382,-0.0004746778683732205
2,0.0028011000000004536,9.489912083458366,0.0003105397787619424,-12.0,-4.744490228955641,12.0,-0.001672317985952909,0.0004744800768734351,0.0004744800771839803,0.0009489912083458366,0.0002489421263597164,-0.0004744800768734403
2,0.0028013000000004537,9.485942470937575,0.0003117427569692133,-12.0,-4.742503618215906,12.0,-0.00167219167793442,0.0004742815360972824,0.0004742815364090303,0.0009485942470937575,0.0002494112800715126,-0.0004742815360972875
2,0.002801500000000454,9.481957878593118,0.0003129451676522343,-12.0,-4.740509518415629,12.0,-0.001672064790909533,0.000474082246358323,0.0004740822466712733,0.0009481957878593118,0.0002498821015712582,-0.0004740822463583282
2,0.002801700000000454,9.477958312718464,0.0003141470093379617,-12.0,-4.738507932703755,12.0,-0.001671937323971862,0.0004738822079713044,0.0004738822082854563,0.0009477958312718464,0.0002503545890088082,-0.0004738822079713094
2,0.002801900000000454,9.473943779630748,0.0003153482805493546,-12.0,-4.736498864241066,12.0,-0.001671809276213687,0.0004736814212521566,0.0004736814215675099,0.0009473943779630748,0.0002508287405286053,-0.0004736814212521616
2,0.002802100000000454,9.469914285670745,0.0003165489798142573,-12.0,-4.734482316200161,12.0,-0.001671680646724738,0.0004734798865179927,0.0004734798868345466,0.0009469914285670745,0.0002513045542698045,-0.0004734798865179975
2,0.0028023000000004543,9.46586983720285,0.0003177491056627346,-12.0,-4.73245829176544,12.0,-0.001671551434594187,0.0004732776040871056,0.0004732776044048594,0.0009465869837202852,0.0002517820283662042,-0.0004732776040871103
2,0.0028025000000004544,9.461810440615068,0.0003189486566310684,-12.0,-4.7304267941331,12.0,-0.001671421638908432,0.0004730745742789684,0.0004730745745979219,0.0009461810440615069,0.000252261160946482,-0.0004730745742789731
2,0.0028027000000004545,9.45773610231902,0.000320147631237333,-12.0,-4.728387826511178,12.0,-0.001671291258752428,0.0004728707974142369,0.0004728707977343891,0.000945773610231902,0.000252741950133889,-0.0004728707974142416
2,0.0028029000000004546,9.453646828749957,0.0003213460280320213,-12.0,-4.726341392119471,12.0,-0.001671160293210017,0.0004726662738147456,0.0004726662741360962,0.0009453646828749957,0.0002532243940465695,-0.0004726662738147503
2,0.0028031000000004547,9.449542626366638,0.0003225438455438656,-12.0,-4.724287494189564,12.0,-0.001671028741362157,0.0004724610038035064,0.0004724610041260547,0.0009449542626366638,0.0002537084907973525,-0.0004724610038035108
2,0.002803300000000455,9.445423501651476,0.0003237410823051512,-12.0,-4.72222613596487,12.0,-0.001670896602289473,0.0004722549877047131,0.0004722549880284586,0.0009445423501651477,0.0002541942384939461,-0.0004722549877047176
2,0.002803500000000455,9.441289461110426,0.0003249377368645945,-12.0,-4.720157320700539,12.0,-0.001670763875070147,0.0004720482258437359,0.0004720482261686781,0.0009441289461110426,0.0002546816352387987,-0.0004720482258437404
2,0.002803700000000455,9.43714051127296,0.0003261338077571452,-12.0,-4.718081051663507,12.0,-0.001670630558781139,0.0004718407185471221,0.0004718407188732601,0.000943714051127296,0.0002551706791292935,-0.0004718407185471264
2,0.002803900000000455,9.432976658692146,0.000327329293522638,-12.0,-4.715997332132496,12.0,-0.001670496652497411,0.0004716324661425975,0.0004716324664699312,0.0009432976658692146,0.0002556613682575676,-0.0004716324661426018
2,0.0028041000000004553,9.428797909944572,0.0003285241927066807,-12.0,-4.713906165397985,12.0,-0.001670362155292371,0.0004714234689590649,0.0004714234692875933,0.0009428797909944573,0.0002561537007107484,-0.0004714234689590692
2,0.0028043000000004554,9.424604271630333,0.0003297185038522166,-12.0,-4.711807554762203,12.0,-0.001670227066238206,0.0004712137273266014,0.000471213727656324,0.0009424604271630334,0.0002566476745707175,-0.0004712137273266056
2,0.0028045000000004555,9.420395750373052,0.0003309122255052976,-12.0,-4.709701503539146,12.0,-0.001670091384405437,0.0004710032415764611,0.0004710032419073773,0.0009420395750373052,0.0002571432879144436,-0.0004710032415764652
2,0.0028047000000004556,9.41617235281987,0.0003321053562106435,-12.0,-4.707588015054566,12.0,-0.001669955108862586,0.0004707920120410736,0.000470792012373183,0.0009416172352819871,0.0002576405388136499,-0.0004707920120410776
2,0.0028049000000004557,9.411934085641386,0.0003332978945196352,-12.0,-4.705467092645933,12.0,-0.00166981823867729,0.0004705800390540414,0.0004705800393873434,0.0009411934085641387,0.0002581394253351466,-0.0004705800390540453
2,0.002805100000000456,9.407680955531696,0.0003344898389765483,-12.0,-4.703338739662484,12.0,-0.001669680772915183,0.0004703673229501422,0.000470367323284636,0.0009407680955531696,0.0002586399455406369,-0.000470367322950146
2,0.002805300000000456,9.403412969208384,0.0003356811881332078,-12.0,-4.701202959465181,12.0,-0.001669542710640681,0.0004701538640653275,0.0004701538644010126,0.0009403412969208384,0.0002591420974868419,-0.0004701538640653315
2,0.002805500000000456,9.399130133412468,0.0003368719405409948,-12.0,-4.699059755426703,12.0,-0.001669404050916756,0.0004699396627367206,0.0004699396630735964,0.0009399130133412468,0.0002596458792255285,-0.0004699396627367244
2,0.002805700000000456,9.394832454908425,0.0003380620947512902,-12.0,-4.696909130931465,12.0,-0.001669264792805047,0.0004697247193026179,0.0004697247196406837,0.0009394832454908426,0.0002601512888033702,-0.0004697247193026217
2,0.0028059000000004563,9.390519940484186,0.000339251649315031,-12.0,-4.694751089375605,12.0,-0.001669124935364974,0.0004695090341024884,0.0004695090344417436,0.0009390519940484187,0.0002606583242621835,-0.000469509034102492
2,0.0028061000000004564,9.386192596951098,0.0003404406027898155,-12.0,-4.692585634166958,12.0,-0.001668984477655511,0.0004692926074769713,0.0004692926078174154,0.0009386192596951098,0.0002611669836388858,-0.0004692926074769748
2,0.0028063000000004565,9.381850431143901,0.0003416289537288009,-12.0,-4.690412768725068,12.0,-0.001668843418733523,0.0004690754397678763,0.0004690754401095086,0.0009381850431143901,0.0002616772649653848,-0.0004690754397678797
2,0.0028065000000004566,9.377493449920777,0.0003428167006864768,-12.0,-4.688232496481191,12.0,-0.001668701757654878,0.0004688575313181843,0.0004688575316610045,0.0009377493449920777,0.000262189166268717,-0.0004688575313181878
2,0.0028067000000004567,9.373121660163296,0.0003440038422177771,-12.0,-4.686044820878283,12.0,-0.001668559493474331,0.0004686388824720466,0.0004686388828160539,0.0009373121660163296,0.0002627026855710896,-0.0004686388824720501
2,0.002806900000000457,9.368735068776395,0.0003451903768834086,-12.0,-4.683849745370968,12.0,-0.001668416625244196,0.0004684194935747818,0.0004684194939199756,0.0009368735068776395,0.0002632178208897967,-0.0004684194935747852
2,0.002807100000000457,9.364333682688391,0.0003463763032374167,-12.0,-4.681647273425576,12.0,-0.001668273152016897,0.0004681993649728781,0.0004681993653192577,0.0009364333682688392,0.0002637345702372479,-0.0004681993649728813
2,0.002807300000000457,9.35991750885099,0.0003475616198396203,-12.0,-4.679437408520118,12.0,-0.00166812907284275,0.0004679784970139926,0.0004679784973615575,0.000935991750885099,0.0002642529316211201,-0.0004679784970139957
2,0.002807500000000457,9.355486554239206,0.0003487463252533907,-12.0,-4.67722015414426,12.0,-0.001667984386770072,0.0004677568900469483,0.0004677568903956977,0.0009355486554239207,0.0002647729030443718,-0.0004677568900469513
2,0.0028077000000004573,9.351040825851417,0.0003499304180327734,-12.0,-4.674995513799355,12.0,-0.001667839092847845,0.0004675345444217356,0.0004675345447716693,0.0009351040825851417,0.0002652944825048131,-0.0004675345444217388
2,0.0028079000000004574,9.346580330709338,0.0003511138967406957,-12.0,-4.672763490998419,12.0,-0.001667693190121611,0.0004673114604895129,0.0004673114608406299,0.0009346580330709339,0.0002658176679959934,-0.000467311460489516
2,0.0028081000000004575,9.342105075857972,0.0003522967599383087,-12.0,-4.67052408926611,12.0,-0.001667546677637022,0.0004670876386026019,0.0004670876389549017,0.0009342105075857973,0.0002663424575062995,-0.0004670876386026049
2,0.0028083000000004577,9.337615068365654,0.0003534790061840987,-12.0,-4.668277312138761,12.0,-0.001667399554438176,0.0004668630791144915,0.0004668630794679735,0.0009337615068365654,0.0002668688490195942,-0.0004668630791144946
2,0.0028085000000004578,9.333110315324006,0.0003546606340467662,-12.0,-4.666023163164327,12.0,-0.001667251819568061,0.0004666377823798345,0.000466637782734498,0.0009333110315324006,0.000267396840514994,-0.0004666377823798373
2,0.002808700000000458,9.328590823847925,0.0003558416420834654,-12.0,-4.663761645902422,12.0,-0.001667103472067888,0.0004664117487544477,0.0004664117491102922,0.0009328590823847925,0.0002679264299669526,-0.0004664117487544505
2,0.002808900000000458,9.324056601075611,0.0003570220288575676,-12.0,-4.661492763924299,12.0,-0.001666954510978869,0.0004661849785953128,0.0004661849789523377,0.0009324056601075611,0.0002684576153451079,-0.0004661849785953157
2,0.002809100000000458,9.319507654168481,0.0003582017929368853,-12.0,-4.659216520812818,12.0,-0.001666804935339439,0.0004659574722605727,0.0004659574726187773,0.0009319507654168481,0.0002689903946146988,-0.0004659574722605754
2,0.0028093000000004582,9.314943990311232,0.0003593809328767961,-12.0,-4.656932920162491,12.0,-0.001666654744188367,0.0004657292301095342,0.0004657292304689177,0.0009314943990311232,0.0002695247657360511,-0.0004657292301095369
2,0.0028095000000004583,9.31036561671179,0.0003605594472522178,-12.0,-4.654641965579422,12.0,-0.001666503936562314,0.0004655002525026649,0.0004655002528632269,0.0009310365616711791,0.0002700607266651195,-0.0004655002525026675
2,0.0028097000000004584,9.3057725406013,0.0003617373346198605,-12.0,-4.652343660681348,12.0,-0.001666352511497271,0.0004652705398015943,0.000465270540163334,0.0009305772540601301,0.0002705982753531122,-0.0004652705398015968
2,0.0028099000000004586,9.301164769234157,0.0003629145935475364,-12.0,-4.650038009097612,12.0,-0.001666200468028567,0.0004650400923691134,0.0004650400927320306,0.0009301164769234157,0.0002711374097466857,-0.0004650400923691159
2,0.0028101000000004587,9.296542309887908,0.0003640912226012816,-12.0,-4.64772501446914,12.0,-0.001666047805189197,0.0004648089105691717,0.0004648089109332654,0.0009296542309887908,0.0002716781277880137,-0.0004648089105691741
2,0.002810300000000459,9.291905169863323,0.0003652672203440233,-12.0,-4.645404680448473,12.0,-0.001665894522012268,0.0004645769947668794,0.000464576995132149,0.0009291905169863324,0.0002722204274146489,-0.0004645769947668817
2,0.002810500000000459,9.287253356484362,0.0003664425853426856,-12.0,-4.643077010699741,12.0,-0.001665740617529332,0.0004643443453285061,0.000464344345694951,0.0009287253356484363,0.0002727643065596891,-0.0004643443453285084
2,0.002810700000000459,9.282586877098126,0.0003676173161668572,-12.0,-4.640742008898639,12.0,-0.001665586090771276,0.0004641109626214782,0.000464110962989098,0.0009282586877098127,0.0002733097631516107,-0.0004641109626214806
2,0.002810900000000459,9.277905739074885,0.0003687914113745805,-12.0,-4.638399678732466,12.0,-0.001665430940766988,0.0004638768470143819,0.0004638768473831755,0.0009277905739074885,0.0002738567951146159,-0.0004638768470143841
2,0.0028111000000004592,9.273209949808065,0.0003699648695421054,-12.0,-4.63605002390007,12.0,-0.001665275166545799,0.0004636419988769591,0.0004636419992469262,0.0009273209949808065,0.00027440540036823,-0.0004636419988769612
2,0.0028113000000004594,9.2684995167142,0.000371137689226142,-12.0,-4.633693048111883,12.0,-0.001665118767135265,0.0004634064185801089,0.0004634064189512487,0.0009268499516714202,0.0002749555768276624,-0.000463406418580111
2,0.0028115000000004595,9.263774447232988,0.0003723098689989435,-12.0,-4.631328755089897,12.0,-0.00166496174156161,0.0004631701064958875,0.0004631701068681995,0.0009263774447232988,0.0002755073224036675,-0.0004631701064958897
2,0.0028117000000004596,9.259034748827196,0.0003734814074296544,-12.0,-4.62895714856764,12.0,-0.001664804088851168,0.0004629330629975049,0.0004629330633709883,0.0009259034748827196,0.0002760606350025868,-0.0004629330629975069
2,0.0028119000000004597,9.254280428982696,0.0003746523030767612,-12.0,-4.62657823229021,12.0,-0.001664645808028387,0.0004626952884593265,0.000462695288833981,0.0009254280428982696,0.0002766155125263903,-0.0004626952884593287
2,0.00281210000000046,9.24951149520848,0.000375822554512073,-12.0,-4.624192010014247,12.0,-0.001664486898117268,0.0004624567832568741,0.0004624567836326985,0.0009249511495208481,0.0002771719528726485,-0.000462456783256876
2,0.00281230000000046,9.244727955036574,0.0003769921603051785,-12.0,-4.621798485507908,12.0,-0.001664327358141149,0.0004622175477668193,0.0004622175481438134,0.0009244727955036574,0.0002777299539345884,-0.0004622175477668213
2,0.00281250000000046,9.239929816022078,0.0003781611190181167,-12.0,-4.619397662550901,12.0,-0.00166416718712159,0.0004619775823669899,0.000461977582745153,0.0009239929816022079,0.0002782895136011904,-0.0004619775823669919
2,0.00281270000000046,9.23511708574316,0.0003793294292173677,-12.0,-4.61698954493446,12.0,-0.001664006384080485,0.0004617368874363661,0.0004617368878156972,0.0009235117085743161,0.0002788506297569798,-0.0004617368874363677
2,0.0028129000000004603,9.23028977180101,0.0003804970894765169,-12.0,-4.61457413646132,12.0,-0.001663844948037951,0.000461495463355078,0.0004614954637355767,0.000923028977180101,0.0002794133002822913,-0.0004614954633550797
2,0.0028131000000004604,9.225447881819841,0.0003816640983522746,-12.0,-4.612151440945752,12.0,-0.001663682878013772,0.0004612533105044086,0.0004612533108860745,0.0009225447881819842,0.0002799775230531848,-0.0004612533105044104
2,0.0028133000000004605,9.220591423446896,0.0003828304544213346,-12.0,-4.609721462213511,12.0,-0.001663520173026956,0.0004610104292667916,0.0004610104296496237,0.0009220591423446897,0.0002805432959414045,-0.0004610104292667933
2,0.0028135000000004606,9.215720404352403,0.0003839961562426275,-12.0,-4.607284204101877,12.0,-0.001663356832095508,0.0004607668200258103,0.0004607668204098081,0.0009215720404352404,0.0002811106168144756,-0.000460766820025812
2,0.0028137000000004607,9.21083483222959,0.0003851612023892947,-12.0,-4.604839670459599,12.0,-0.001663192854236217,0.0004605224831661972,0.00046052248355136,0.0009210834832229591,0.0002816794835358294,-0.0004605224831661989
2,0.002813900000000461,9.205934714794648,0.0003863255914198227,-12.0,-4.602387865146939,12.0,-0.001663028238466424,0.0004602774190738343,0.0004602774194601614,0.0009205934714794648,0.0002822498939644424,-0.0004602774190738359
2,0.002814100000000461,9.201020059786778,0.0003874893219055764,-12.0,-4.599928792035637,12.0,-0.001662862983801361,0.0004600316281357528,0.0004600316285232437,0.0009201020059786778,0.0002828218459554332,-0.0004600316281357543
2,0.002814300000000461,9.196090874968077,0.0003886523924148122,-12.0,-4.597462455008892,12.0,-0.001662697089256371,0.0004597851107401292,0.0004597851111287831,0.0009196090874968077,0.0002833953373594655,-0.0004597851107401307
2,0.002814500000000461,9.191147168123607,0.0003898148015077929,-12.0,-4.594988857961394,12.0,-0.001662530553845576,0.0004595378672762888,0.0004595378676661049,0.0009191147168123607,0.0002839703660232479,-0.0004595378672762902
2,0.0028147000000004613,9.186188947061382,0.000390976547753219,-12.0,-4.592508004799297,12.0,-0.001662363376583209,0.0004592898981347036,0.0004592898985256815,0.0009186188947061382,0.0002845469297892839,-0.000459289898134705
2,0.0028149000000004614,9.18121621961229,0.0003921376297184587,-12.0,-4.590019899440192,12.0,-0.00166219555648206,0.0004590412037069896,0.0004590412040991286,0.0009181216219612291,0.000285125026495997,-0.000459041203706991
2,0.0028151000000004615,9.176228993630149,0.000393298045965107,-12.0,-4.587524545813145,12.0,-0.001662027092554363,0.0004587917843859097,0.0004587917847792092,0.0009176228993630149,0.0002857046539777169,-0.000458791784385911
2,0.0028153000000004616,9.171227276991665,0.0003944577950591999,-12.0,-4.585021947858666,12.0,-0.001661857983812354,0.0004585416405653713,0.0004585416409598303,0.0009171227276991666,0.000286285810064707,-0.0004585416405653726
2,0.0028155000000004617,9.166211077596428,0.0003956168755672174,-12.0,-4.582512109528694,12.0,-0.001661688229266156,0.0004582907726404249,0.0004582907730360431,0.0009166211077596428,0.0002868684925832893,-0.0004582907726404262
2,0.002815700000000462,9.161180403366853,0.0003967752860560836,-12.0,-4.57999503478659,12.0,-0.001661517827927561,0.0004580391810072634,0.0004580391814040398,0.0009161180403366853,0.0002874526993555115,-0.0004580391810072646
2,0.002815900000000462,9.156135262248275,0.0003979330250798441,-12.0,-4.577470727607188,12.0,-0.001661346778805695,0.0004577868660632257,0.0004577868664611598,0.0009156135262248276,0.0002880384281996884,-0.0004577868660632268
2,0.002816100000000462,9.151075662208845,0.000399090091215637,-12.0,-4.574939191976698,12.0,-0.001661175080910349,0.0004575338282067903,0.0004575338286058814,0.0009151075662208845,0.0002886256769299433,-0.0004575338282067914
2,0.002816300000000462,9.146001611239493,0.0004002464830223929,-12.0,-4.572400431892747,12.0,-0.001661002733250205,0.0004572800678375758,0.0004572800682378235,0.0009146001611239494,0.0002892144433564725,-0.000457280067837577
2,0.0028165000000004623,9.140913117354035,0.0004014021990546013,-12.0,-4.569854451364414,12.0,-0.001660829734833724,0.0004570255853563458,0.0004570255857577491,0.0009140913117354036,0.000289804725285614,-0.0004570255853563468
2,0.0028167000000004624,9.13581018858908,0.0004025572378898445,-12.0,-4.567301254412132,12.0,-0.001660656084668366,0.0004567703811650012,0.0004567703815675595,0.000913581018858908,0.000290396520519709,-0.0004567703811650022
2,0.0028169000000004625,9.130692833003963,0.0004037115980821682,-12.0,-4.564740845067742,12.0,-0.001660481781762257,0.0004565144556665815,0.000456514456070294,0.0009130692833003963,0.0002909898268570743,-0.0004565144556665825
2,0.0028171000000004626,9.125561058680866,0.0004048652781953876,-12.0,-4.562173227374488,12.0,-0.001660306825121305,0.0004562578092652673,0.0004562578096701335,0.0009125561058680867,0.0002915846420923768,-0.0004562578092652684
2,0.0028173000000004628,9.120414873724728,0.0004060182767902099,-12.0,-4.559598405386995,12.0,-0.001660131213752081,0.0004560004423663777,0.000456000442772397,0.0009120414873724728,0.0002921809640161477,-0.0004560004423663786
2,0.002817500000000463,9.115254286263202,0.000407170592434003,-12.0,-4.557016383171244,12.0,-0.001659954946661046,0.000455742355376367,0.0004557423557835385,0.0009115254286263203,0.0002927787904151991,-0.0004557423553763678
2,0.002817700000000463,9.110079304446707,0.0004083222236821449,-12.0,-4.554427164804608,12.0,-0.001659778022853109,0.0004554835487028282,0.0004554835491111512,0.0009110079304446708,0.0002933781190724571,-0.0004554835487028291
2,0.002817900000000463,9.104889936448398,0.0004094731690966746,-12.0,-4.551830754375822,12.0,-0.001659600441333842,0.0004552240227544911,0.0004552240231639651,0.0009104889936448398,0.0002939789477670873,-0.0004552240227544919
2,0.002818100000000463,9.099686190464116,0.0004106234272418519,-12.0,-4.54922715598496,12.0,-0.001659422201107152,0.0004549637779412195,0.0004549637783518437,0.0009099686190464116,0.0002945812742743692,-0.0004549637779412202
2,0.0028183000000004633,9.094468074712415,0.0004117729966739425,-12.0,-4.546616373743467,12.0,-0.00165924330117817,0.0004547028146740133,0.000454702815085787,0.0009094468074712415,0.0002951850963658631,-0.0004547028146740141
2,0.0028185000000004634,9.089235597434548,0.0004129218759523212,-12.0,-4.543998411774128,12.0,-0.001659063740550359,0.0004544411333650073,0.0004544411337779299,0.0009089235597434549,0.0002957904118092297,-0.000454441133365008
2,0.0028187000000004635,9.083988766894432,0.0004140700636381389,-12.0,-4.541373274211059,12.0,-0.001658883518227405,0.0004541787344274691,0.0004541787348415397,0.0009083988766894433,0.0002963972183686048,-0.0004541787344274697
2,0.0028189000000004637,9.078727591378621,0.0004152175582934348,-12.0,-4.538740965199695,12.0,-0.00165870263321255,0.0004539156182757982,0.0004539156186910164,0.0009078727591378622,0.0002970055138042105,-0.0004539156182757989
2,0.0028191000000004638,9.073452079196361,0.0004163643584651489,-12.0,-4.536101488896839,12.0,-0.001658521084508591,0.0004536517853255299,0.0004536517857418948,0.0009073452079196362,0.0002976152958726608,-0.0004536517853255305
2,0.002819300000000464,9.068162238679529,0.0004175104627255344,-12.0,-4.533454849470571,12.0,-0.001658338871118437,0.0004533872359933291,0.0004533872364108402,0.0009068162238679529,0.0002982265623267671,-0.0004533872359933296
2,0.002819500000000464,9.062858078182561,0.0004186558696277487,-12.0,-4.53080105110028,12.0,-0.001658155992044552,0.0004531219706969901,0.0004531219711156467,0.0009062858078182561,0.0002988393109157883,-0.0004531219706969908
2,0.002819700000000464,9.057539606082578,0.0004198005777182878,-12.0,-4.528140097976706,12.0,-0.001657972446288514,0.0004528559898554419,0.000452855990275243,0.0009057539606082579,0.0002994535393852499,-0.0004528559898554425
2,0.0028199000000004642,9.052206830779282,0.0004209445855667404,-12.0,-4.525471994301845,12.0,-0.001657788232852786,0.0004525892938887407,0.0004525892943096858,0.0009052206830779282,0.0003000692454770415,-0.0004525892938887411
2,0.0028201000000004643,9.046859760694906,0.0004220878917262638,-12.0,-4.522796744288985,12.0,-0.001657603350738279,0.0004523218832180707,0.000452321883640159,0.0009046859760694907,0.0003006864269295417,-0.0004523218832180711
2,0.0028203000000004644,9.041498404274293,0.0004232304947469068,-12.0,-4.520114352162721,12.0,-0.001657417798947236,0.0004520537582657463,0.0004520537586889774,0.0009041498404274293,0.0003013050814773405,-0.0004520537582657469
2,0.0028205000000004646,9.036122769984859,0.0004243723931880439,-12.0,-4.517424822158923,12.0,-0.001657231576480234,0.0004517849194552107,0.0004517849198795835,0.0009036122769984859,0.0003019252068516415,-0.0004517849194552111
2,0.0028207000000004647,9.030732866316516,0.0004255135856068293,-12.0,-4.514728158524711,12.0,-0.001657044682338404,0.0004515153672110314,0.0004515153676365454,0.0009030732866316516,0.0003025468007799154,-0.0004515153672110319
2,0.002820900000000465,9.025328701781723,0.0004266540705515354,-12.0,-4.512024365518493,12.0,-0.001656857115522548,0.0004512451019589043,0.0004512451023855585,0.0009025328701781723,0.0003031698609862604,-0.0004512451019589045
2,0.002821100000000465,9.01991028491548,0.0004277938465784281,-12.0,-4.509313447409935,12.0,-0.001656668875033573,0.000450974124125651,0.0004509741245534452,0.0009019910284915481,0.0003037943851910141,-0.0004509741241256514
2,0.002821300000000465,9.014477624275251,0.0004289329122437735,-12.0,-4.506595408479931,12.0,-0.001656479959872059,0.0004507024341392171,0.0004507024345681504,0.0009014477624275252,0.0003044203711112664,-0.0004507024341392175
2,0.002821500000000465,9.009030728440997,0.0004300712660967321,-12.0,-4.503870253020642,12.0,-0.001656290369038471,0.0004504300324286736,0.0004504300328587451,0.0009009030728440998,0.0003050478164604159,-0.0004504300324286739
2,0.0028217000000004652,9.003569606015175,0.0004312089066855762,-12.0,-4.501137985335469,12.0,-0.001656100101532942,0.0004501569194242154,0.0004501569198554245,0.0009003569606015175,0.0003056767189485166,-0.0004501569194242155
2,0.0028219000000004654,8.998094265622678,0.000432345832572345,-12.0,-4.498398609739022,12.0,-0.001655909156355717,0.0004498830955571591,0.0004498830959895052,0.0008998094265622678,0.000306307076282139,-0.0004498830955571595
2,0.0028221000000004655,8.992604715910845,0.0004334820422986496,-12.0,-4.495652130557154,12.0,-0.001655717532507262,0.0004496085612599451,0.0004496085616934273,0.0008992604715910846,0.0003069388861643291,-0.0004496085612599453
2,0.0028223000000004656,8.987100965549482,0.0004346175344167591,-12.0,-4.49289855212694,12.0,-0.001655525228987709,0.0004493333169661355,0.0004493333174007533,0.0008987100965549482,0.0003075721462948433,-0.0004493333169661357
2,0.0028225000000004657,8.98158302323078,0.0004357523074798308,-12.0,-4.490137878796648,12.0,-0.00165533224479697,0.0004490573631104127,0.000449057363546165,0.000898158302323078,0.0003082068543699551,-0.0004490573631104128
2,0.002822700000000466,8.976050897669337,0.0004368863600374695,-12.0,-4.487370114925749,12.0,-0.001655138578935067,0.0004487807001285787,0.000448780700565465,0.0008976050897669338,0.0003088430080826488,-0.0004487807001285787
2,0.002822900000000466,8.970504597602162,0.0004380196906361711,-12.0,-4.484595264884931,12.0,-0.001654944230402466,0.0004485033284575566,0.0004485033288955763,0.0008970504597602162,0.0003094806051223975,-0.0004485033284575567
2,0.002823100000000466,8.964944131788645,0.0004391522978233198,-12.0,-4.481813333056064,12.0,-0.001654749198199079,0.0004482252485353886,0.0004482252489745411,0.0008964944131788646,0.0003101196431754133,-0.0004482252485353888
2,0.002823300000000466,8.959369509010514,0.000440284180152517,-12.0,-4.479024323832187,12.0,-0.001654553481324705,0.000447946460801234,0.0004479464612415181,0.0008959369509010514,0.0003107601199247717,-0.0004479464608012339
2,0.0028235000000004663,8.953780738071858,0.0004414153361627093,-12.0,-4.476228241617531,12.0,-0.001654357078780144,0.0004476669656953695,0.0004476669661367848,0.0008953780738071858,0.0003114020330498013,-0.0004476669656953695
2,0.0028237000000004664,8.948177827799135,0.00044254576440661,-12.0,-4.4734250908275,12.0,-0.001654159989565418,0.0004473867636591908,0.0004473867641017364,0.0008948177827799136,0.0003120453802269163,-0.0004473867636591907
2,0.0028239000000004665,8.942560787041076,0.000443675463430715,-12.0,-4.470614875888637,12.0,-0.001653962212680549,0.0004471058551352069,0.0004471058555788823,0.0008942560787041076,0.0003126901591291448,-0.0004471058551352068
2,0.0028241000000004666,8.936929624668743,0.0004448044317770794,-12.0,-4.467797601238662,12.0,-0.001653763747126225,0.0004468242405670441,0.0004468242410118484,0.0008936929624668743,0.0003133363674262535,-0.0004468242405670439
2,0.0028243000000004667,8.931284349575522,0.0004459326679926434,-12.0,-4.464973271326445,12.0,-0.001653564591902579,0.0004465419203994438,0.0004465419208453765,0.0008931284349575523,0.0003139840027847479,-0.0004465419203994438
2,0.002824500000000467,8.925624970677024,0.0004470601706256794,-12.0,-4.462141890611973,12.0,-0.001653364746011077,0.0004462588950782599,0.00044625889552532,0.0008925624970677025,0.0003146330628679556,-0.0004462588950782598
2,0.002824700000000467,8.919951496911166,0.0004481869382115811,-12.0,-4.459303463566396,12.0,-0.001653164208451519,0.000445975165050461,0.0004459751654986478,0.0008919951496911166,0.000315283545336012,-0.0004459751650504608
2,0.002824900000000467,8.9142639372381,0.0004493129693048381,-12.0,-4.456457994671964,12.0,-0.001652962978225592,0.000445690730764127,0.0004456907312134398,0.0008914263937238101,0.0003159354478457915,-0.0004456907307641268
2,0.002825100000000467,8.908562300640213,0.0004504382624381797,-12.0,-4.453605488422067,12.0,-0.001652761054333984,0.0004454055926684508,0.0004454055931188888,0.0008908562300640213,0.000316588768051157,-0.0004454055926684506
2,0.0028253000000004673,8.902846596122156,0.0004515628161594343,-12.0,-4.450745949321211,12.0,-0.00165255843577794,0.0004451197512137373,0.0004451197516652998,0.0008902846596122156,0.0003172435036026822,-0.0004451197512137372
2,0.0028255000000004674,8.897116832710738,0.0004526866290128773,-12.0,-4.447879381884984,12.0,-0.001652355121559257,0.0004448332068513999,0.0004448332073040863,0.0008897116832710739,0.0003178996521478739,-0.0004448332068513997
2,0.0028257000000004675,8.89137301945498,0.0004538096995343466,-12.0,-4.445005790640092,12.0,-0.001652151110679734,0.0004445459600339629,0.0004445459604877723,0.000889137301945498,0.0003185572113310747,-0.0004445459600339627
2,0.0028259000000004676,8.885615165426112,0.0004549320262654533,-12.0,-4.442125180124338,12.0,-0.001651946402140947,0.0004442580112150605,0.0004442580116699923,0.0008885615165426112,0.0003192161787936437,-0.0004442580112150603
2,0.0028261000000004677,8.879843279717493,0.0004560536077518051,-12.0,-4.439237554886582,12.0,-0.001651740994945361,0.0004439693608494337,0.0004439693613054871,0.0008879843279717493,0.0003198765521737618,-0.0004439693608494335
2,0.002826300000000468,8.874057371444655,0.0004571744425243551,-12.0,-4.436342919486796,12.0,-0.00165153488809533,0.0004436800093929324,0.0004436800098501065,0.0008874057371444655,0.0003205383291066399,-0.000443680009392932
2,0.002826500000000468,8.868257449745268,0.0004582945291340401,-12.0,-4.433441278495987,12.0,-0.00165132808059365,0.0004433899573025125,0.0004433899577608068,0.0008868257449745269,0.0003212015072243946,-0.0004433899573025121
2,0.002826700000000468,8.862443523779106,0.0004594138661095926,-12.0,-4.430532636496251,12.0,-0.001651120571443565,0.0004430992050362364,0.0004430992054956498,0.0008862443523779107,0.0003218660841560472,-0.0004430992050362361
2,0.002826900000000468,8.856615602728096,0.0004605324519908471,-12.0,-4.427616998080738,12.0,-0.001650912359647871,0.0004428077530532733,0.0004428077535138053,0.0008856615602728096,0.0003225320575278301,-0.0004428077530532729
2,0.0028271000000004683,8.850773695796214,0.0004616502853211912,-12.0,-4.424694367853623,12.0,-0.001650703444211032,0.0004425156018138948,0.0004425156022755447,0.0008850773695796214,0.0003231994249627557,-0.0004425156018138944
2,0.0028273000000004684,8.844917812209543,0.0004627673646298014,-12.0,-4.421764750430154,12.0,-0.00165049382413629,0.0004422227517794788,0.0004422227522422457,0.0008844917812209543,0.0003238681840810886,-0.0004422227517794784
2,0.0028275000000004685,8.839047961216222,0.0004638836884613973,-12.0,-4.418828150436582,12.0,-0.001650283498428551,0.0004419292034125048,0.0004419292038763881,0.0008839047961216222,0.0003245383324998879,-0.0004419292034125043
2,0.0028277000000004686,8.83316415208643,0.0004649992553447113,-12.0,-4.415884572510206,12.0,-0.001650072466092722,0.0004416349571765556,0.0004416349576415543,0.0008833164152086431,0.0003252098678335341,-0.0004416349571765551
2,0.0028279000000004688,8.827266394112428,0.0004661140638169137,-12.0,-4.412934021299347,12.0,-0.00164986072613349,0.0004413400135363171,0.0004413400140024305,0.0008827266394112428,0.0003258827876933407,-0.0004413400135363164
2,0.002828100000000469,8.821354696608445,0.0004672281124209476,-12.0,-4.40997650146331,12.0,-0.001649648277556759,0.0004410443729575737,0.0004410443734248013,0.0008821354696608445,0.0003265570896877207,-0.0004410443729575732
2,0.002828300000000469,8.815429068910733,0.0004683413996806607,-12.0,-4.407012017672431,12.0,-0.001649435119368547,0.0004407480359072116,0.0004407480363755527,0.0008815429068910733,0.0003272327714223255,-0.0004407480359072112
2,0.002828500000000469,8.809489520377566,0.000469453924133223,-12.0,-4.404040574608044,12.0,-0.001649221250575095,0.0004404510028532183,0.0004404510033226717,0.0008809489520377567,0.0003279098304998368,-0.0004404510028532178
2,0.002828700000000469,8.803536060389156,0.0004705656843175809,-12.0,-4.401062176962446,12.0,-0.001649006670183084,0.0004401532742646769,0.000440153274735242,0.0008803536060389156,0.0003285882645201466,-0.0004401532742646763
2,0.0028289000000004693,8.797568698347693,0.0004716766787589144,-12.0,-4.39807682943894,12.0,-0.00164879137720042,0.0004398548506117705,0.0004398548510834467,0.0008797568698347693,0.0003292680710802187,-0.0004398548506117699
2,0.0028291000000004694,8.791587443677335,0.0004727869059926171,-12.0,-4.395084536751809,12.0,-0.001648575370634564,0.0004395557323657809,0.0004395557328385671,0.0008791587443677335,0.0003299492477743665,-0.0004395557323657801
2,0.0028293000000004695,8.78559230582415,0.0004738963645536387,-12.0,-4.392085303626281,12.0,-0.001648358649493864,0.0004392559199990841,0.0004392559204729798,0.000878559230582415,0.000330631792193975,-0.0004392559199990835
2,0.0028295000000004697,8.779583294256103,0.0004750050529751526,-12.0,-4.389079134798537,12.0,-0.001648141212787224,0.0004389554139851519,0.0004389554144601564,0.0008779583294256104,0.0003313157019277646,-0.0004389554139851512
2,0.0028297000000004698,8.773560418463113,0.0004761129697756772,-12.0,-4.386066035015764,12.0,-0.001647923059523992,0.0004386542147985545,0.0004386542152746669,0.0008773560418463113,0.0003320009745616109,-0.000438654214798554
2,0.00282990000000047,8.767523687956981,0.0004772201135008203,-12.0,-4.383046009036039,12.0,-0.001647704188714072,0.0004383523229149546,0.000438352323392174,0.0008767523687956981,0.0003326876076786695,-0.000438352322914954
2,0.00283010000000047,8.761473112271325,0.0004783264826735412,-12.0,-4.380019061628387,12.0,-0.00164748459936781,0.0004380497388111067,0.0004380497392894326,0.0008761473112271326,0.0003333755988594034,-0.000438049738811106
2,0.00283030000000047,8.755408700961674,0.0004794320758230164,-12.0,-4.376985197572781,12.0,-0.001647264290496553,0.000437746462964861,0.0004377464634442926,0.0008755408700961674,0.0003340649456815142,-0.0004377464629648603
2,0.0028305000000004702,8.749330463605398,0.0004805368914784225,-12.0,-4.373944421660113,12.0,-0.001647043261111647,0.0004374424958551598,0.000437442496335696,0.0008749330463605398,0.0003347556457200529,-0.0004374424958551591
2,0.0028307000000004703,8.743238409801673,0.0004816409281742651,-12.0,-4.370896738692166,12.0,-0.001646821510225327,0.0004371378379620347,0.0004371378384436749,0.0008743238409801673,0.000335447696547489,-0.0004371378379620341
2,0.0028309000000004705,8.737132549171493,0.000482744184431283,-12.0,-4.367842153481659,12.0,-0.001646599036850827,0.0004368324897666097,0.0004368324902493531,0.0008737132549171494,0.0003361410957334193,-0.0004368324897666091
2,0.0028311000000004706,8.731012891357679,0.0004838466587782086,-12.0,-4.364780670852205,12.0,-0.001646375840001046,0.0004365264517510991,0.0004365264522349451,0.0008731012891357679,0.0003368358408449984,-0.0004365264517510983
2,0.0028313000000004707,8.724879446024785,0.0004849483497486595,-12.0,-4.361712295638286,12.0,-0.001646151918690442,0.0004362197243988042,0.0004362197248837518,0.0008724879446024785,0.0003375319294466328,-0.0004362197243988035
2,0.002831500000000471,8.718732222859161,0.0004860492558620422,-12.0,-4.358637032685295,12.0,-0.001645927271933689,0.0004359123081941165,0.000435912308680165,0.0008718732222859162,0.0003382293591003144,-0.0004359123081941157
2,0.002831700000000471,8.712571231568933,0.0004871493756484213,-12.0,-4.3555548868495,12.0,-0.001645701898746466,0.0004356042036225156,0.0004356042041096643,0.0008712571231568934,0.0003389281273651623,-0.0004356042036225149
2,0.002831900000000471,8.706396481883921,0.000488248707634753,-12.0,-4.352465862998021,12.0,-0.001645475798144558,0.0004352954111705663,0.0004352954116588143,0.0008706396481883922,0.0003396282317979227,-0.0004352954111705656
2,0.002832100000000471,8.70020798355565,0.0004893472503484375,-12.0,-4.349369966008831,12.0,-0.001645248969145086,0.0004349859313259187,0.0004349859318152651,0.000870020798355565,0.0003403296699528296,-0.0004349859313259179
2,0.0028323000000004712,8.694005746357426,0.0004904450023031082,-12.0,-4.346267200770809,12.0,-0.001645021410765724,0.000434675764577312,0.0004346757650677562,0.0008694005746357426,0.0003410324393814251,-0.0004346757645773112
2,0.0028325000000004714,8.687789780084211,0.0004915419620390438,-12.0,-4.343157572183627,12.0,-0.00164479312202459,0.0004343649114145675,0.0004343649119061086,0.0008687789780084212,0.0003417365376328085,-0.0004343649114145667
2,0.0028327000000004715,8.681560094552582,0.000492638128076095,-12.0,-4.340041085157797,12.0,-0.001644564101940582,0.0004340533723285881,0.0004340533728212253,0.0008681560094552582,0.0003424419622536506,-0.0004340533723285873
2,0.0028329000000004716,8.675316699600868,0.0004937334989265629,-12.0,-4.336917744614709,12.0,-0.001644334349533927,0.0004337411478113644,0.0004337411483050971,0.0008675316699600869,0.0003431487107879855,-0.0004337411478113635
2,0.0028331000000004717,8.669059605089016,0.0004948280731307264,-12.0,-4.333787555486531,12.0,-0.001644103863824964,0.0004334282383559669,0.0004334282388507943,0.0008669059605089016,0.0003438567807774739,-0.0004334282383559662
2,0.002833300000000472,8.662788820898529,0.0004959218492057715,-12.0,-4.330650522716237,12.0,-0.001643872643835365,0.0004331146444565452,0.0004331146449524662,0.0008662788820898529,0.0003445661697613622,-0.0004331146444565443
2,0.002833500000000472,8.656504356932627,0.0004970148256653317,-12.0,-4.327506651257669,12.0,-0.001643640688587134,0.0004328003666083342,0.0004328003671053481,0.0008656504356932628,0.000345276875276343,-0.0004328003666083334
2,0.002833700000000472,8.650206223116095,0.0004981070010465771,-12.0,-4.324355946075408,12.0,-0.001643407997103163,0.0004324854053076463,0.0004324854058057525,0.0008650206223116096,0.0003459888948568468,-0.0004324854053076455
2,0.002833900000000472,8.643894429395244,0.0004991983738640293,-12.0,-4.321198412144842,12.0,-0.001643174568407679,0.0004321697610518715,0.000432169761551069,0.0008643894429395245,0.0003467022260347091,-0.0004321697610518707
2,0.0028341000000004723,8.637568985738007,0.0005002889426393153,-12.0,-4.318034054452155,12.0,-0.001642940401524906,0.0004318534343394802,0.0004318534348397684,0.0008637568985738007,0.0003474168663396143,-0.0004318534343394794
2,0.0028343000000004724,8.631229902133866,0.0005013787058918417,-12.0,-4.314862877994308,12.0,-0.001642705495481178,0.0004315364256700209,0.0004315364261713987,0.0008631229902133866,0.0003481328132985823,-0.00043153642567002
2,0.0028345000000004725,8.624877188593818,0.0005024676621512292,-12.0,-4.311684887779005,12.0,-0.001642469849302164,0.0004312187355441164,0.0004312187360465833,0.0008624877188593818,0.0003488500644366621,-0.0004312187355441156
2,0.0028347000000004726,8.61851085515037,0.0005035558099288906,-12.0,-4.308500088824735,12.0,-0.001642233462015641,0.0004309003644634672,0.0004309003649670221,0.0008618510855150371,0.0003495686172762247,-0.0004309003644634664
2,0.0028349000000004727,8.612130911857586,0.0005046431477477853,-12.0,-4.305308486160739,12.0,-0.00164199633264972,0.0004305813129308497,0.0004305813134354919,0.0008612130911857586,0.0003502884693375452,-0.0004305813129308487
2,0.002835100000000473,8.605737368790948,0.0005057296741344253,-12.0,-4.302110084826976,12.0,-0.001641758460233733,0.000430261581450112,0.0004302615819558406,0.0008605737368790947,0.0003510096181383732,-0.000430261581450111
2,0.002835300000000473,8.599330236047436,0.0005068153875993353,-12.0,-4.298904889874166,12.0,-0.001641519843798123,0.0004299411705261774,0.0004299411710329919,0.0008599330236047436,0.0003517320611944041,-0.0004299411705261765
2,0.002835500000000473,8.592909523745522,0.0005079002866659188,-12.0,-4.295692906363759,12.0,-0.00164128048237322,0.0004296200806650434,0.0004296200811729428,0.0008592909523745522,0.0003524557960190022,-0.0004296200806650425
2,0.002835700000000473,8.586475242025058,0.0005089843698531382,-12.0,-4.292474139367906,12.0,-0.001641040374991354,0.0004292983123737769,0.0004292983128827603,0.0008586475242025059,0.0003531808201232001,-0.0004292983123737759
2,0.0028359000000004733,8.580027401047332,0.000510067635684397,-12.0,-4.289248593969463,12.0,-0.001640799520685632,0.0004289758661605158,0.0004289758666705824,0.0008580027401047332,0.0003539071310158376,-0.0004289758661605147
2,0.0028361000000004734,8.573566010995078,0.000511150082666223,-12.0,-4.28601627526204,12.0,-0.001640557918489827,0.0004286527425344717,0.0004286527430456207,0.0008573566010995078,0.0003546347262036315,-0.0004286527425344707
2,0.0028363000000004735,8.567091082072409,0.0005122317093300133,-12.0,-4.282777188349893,12.0,-0.001640315567439488,0.0004283289420059233,0.000428328942518154,0.0008567091082072409,0.0003553636031908697,-0.0004283289420059223
2,0.0028365000000004736,8.560602624504764,0.0005133125141885131,-12.0,-4.279531338347974,12.0,-0.001640072466570164,0.0004280044650862172,0.0004280044655995288,0.0008560602624504765,0.0003560937594798697,-0.0004280044650862163
2,0.0028367000000004737,8.55410064853898,0.0005143924957575763,-12.0,-4.27627873038193,12.0,-0.001639828614918737,0.0004276793122877696,0.0004276793128021612,0.0008554100648538981,0.0003568251925707561,-0.0004276793122877688
2,0.002836900000000474,8.547585164443264,0.0005154716525539449,-12.0,-4.273019369588084,12.0,-0.001639584011524087,0.0004273534841240648,0.0004273534846395355,0.0008547585164443265,0.0003575578999613221,-0.0004273534841240638
2,0.002837100000000474,8.541056182507095,0.0005165499831032427,-12.0,-4.269753261113393,12.0,-0.001639338655424871,0.0004270269811096507,0.0004270269816261996,0.0008541056182507095,0.0003582918791473766,-0.0004270269811096496
2,0.002837300000000474,8.534513713041278,0.0005176274859124419,-12.0,-4.266480410115496,12.0,-0.001639092545661192,0.0004266998037601419,0.0004266998042777683,0.0008534513713041278,0.0003590271276225909,-0.0004266998037601409
2,0.002837500000000474,8.52795776637795,0.000518704159501393,-12.0,-4.263200821762681,12.0,-0.001638845681274703,0.0004263719525922194,0.0004263719531109224,0.000852795776637795,0.0003597636428785134,-0.0004263719525922183
2,0.0028377000000004743,8.521388352870474,0.0005197800023921673,-12.0,-4.259914501233849,12.0,-0.001638598061307506,0.0004260434281236252,0.0004260434286434041,0.0008521388352870474,0.0003605014224046937,-0.0004260434281236241
2,0.0028379000000004744,8.514805482893493,0.000520855013093513,-12.0,-4.256621453718557,12.0,-0.001638349684803475,0.0004257142308731662,0.00042571423139402,0.0008514805482893493,0.0003612404636883504,-0.000425714230873165
2,0.0028381000000004745,8.508209166842926,0.0005219291901248369,-12.0,-4.253321684416984,12.0,-0.001638100550807264,0.000425384361360712,0.0004253843618826401,0.0008508209166842927,0.0003619807642148282,-0.0004253843613607109
2,0.0028383000000004746,8.501599415135864,0.0005230025320042131,-12.0,-4.2500151985399,12.0,-0.001637850658364526,0.0004250538201071916,0.000425053820630193,0.0008501599415135865,0.0003627223214675152,-0.0004250538201071905
2,0.0028385000000004748,8.494976238210645,0.0005240750372439429,-12.0,-4.246702001308706,12.0,-0.001637600006522244,0.0004247226076345961,0.0004247226081586701,0.0008494976238210645,0.0003634651329276622,-0.000424722607634595
2,0.002838700000000475,8.488339646526818,0.0005251467043598801,-12.0,-4.243382097955402,12.0,-0.001637348594328625,0.0004243907244659772,0.0004243907249911229,0.0008488339646526819,0.0003642091960743832,-0.0004243907244659761
2,0.002838900000000475,8.481689650565064,0.0005262175318718754,-12.0,-4.240055493722549,12.0,-0.001637096420832873,0.0004240581711254432,0.0004240581716516596,0.0008481689650565064,0.0003649545083850708,-0.0004240581711254422
2,0.002839100000000475,8.475026260827267,0.0005272875182869008,-12.0,-4.236722193863328,12.0,-0.001636843485085637,0.0004237249481381627,0.000423724948665449,0.0008475026260827268,0.0003657010673349531,-0.0004237249481381616
2,0.002839300000000475,8.468349487836438,0.0005283566621292479,-12.0,-4.233382203641458,12.0,-0.001636589786138787,0.0004233910560303598,0.0004233910565587154,0.0008468349487836439,0.0003664488703973012,-0.0004233910560303588
2,0.0028395000000004753,8.46165934213673,0.0005294249619063329,-12.0,-4.230035528331256,12.0,-0.001636335323045301,0.0004230564953293173,0.0004230564958587413,0.0008461659342136731,0.000367197915043499,-0.0004230564953293163
2,0.0028397000000004754,8.45495583429339,0.0005304924161397828,-12.0,-4.226682173217561,12.0,-0.001636080094859049,0.0004227212665633712,0.0004227212670938625,0.0008454955834293391,0.0003679481987429872,-0.0004227212665633701
2,0.0028399000000004756,8.44823897489277,0.0005315590233392342,-12.0,-4.223322143595786,12.0,-0.001635824100635341,0.0004223853702619137,0.0004223853707934716,0.0008448238974892771,0.0003686997189633612,-0.0004223853702619126
2,0.0028401000000004757,8.441508774542328,0.0005326247820178764,-12.0,-4.219955444771889,12.0,-0.001635567339431265,0.0004220488069553919,0.0004220488074880155,0.0008441508774542329,0.0003694524731700927,-0.0004220488069553908
2,0.0028403000000004758,8.434765243870538,0.0005336896906968924,-12.0,-4.216582082062327,12.0,-0.001635309810304686,0.0004217115771753036,0.0004217115777089921,0.0008434765243870539,0.0003702064588269882,-0.0004217115771753024
2,0.002840500000000476,8.428008393526952,0.0005347537478859188,-12.0,-4.213202060794109,12.0,-0.001635051512315022,0.0004213736814542006,0.0004213736819889533,0.0008428008393526952,0.0003709616733959531,-0.0004213736814541996
2,0.002840700000000476,8.421238234182146,0.0005358169520963685,-12.0,-4.20981538630476,12.0,-0.00163479244452247,0.0004210351203256869,0.0004210351208615025,0.0008421238234182146,0.0003717181143369358,-0.0004210351203256856
2,0.002840900000000476,8.414454776527705,0.0005368793018525331,-12.0,-4.206422063942281,12.0,-0.001634532605989003,0.0004206958943244144,0.0004206958948612927,0.0008414454776527705,0.0003724757791081224,-0.0004206958943244134
2,0.0028411000000004762,8.407658031276206,0.0005379407956556115,-12.0,-4.203022099065212,12.0,-0.001634271995778147,0.0004203560039860879,0.0004203560045240275,0.0008407658031276207,0.0003732346651658947,-0.0004203560039860868
2,0.0028413000000004763,8.400848009161207,0.0005390014320316716,-12.0,-4.199615497042541,12.0,-0.001634010612954095,0.0004200154498474585,0.0004200154503864588,0.0008400848009161207,0.0003739947699647334,-0.0004200154498474573
2,0.0028415000000004765,8.394024720937217,0.0005400612094854651,-12.0,-4.196202263253769,12.0,-0.001633748456582818,0.0004196742324463267,0.0004196742329863867,0.0008394024720937218,0.0003747560909574399,-0.0004196742324463254
2,0.0028417000000004766,8.387188177379738,0.0005411201265341781,-12.0,-4.192782403088866,12.0,-0.001633485525731837,0.0004193323523215412,0.0004193323528626602,0.0008387188177379738,0.00037551862559497,-0.00041933235232154
2,0.0028419000000004767,8.38033838928513,0.0005421781816963289,-12.0,-4.189355921948239,12.0,-0.001633221819469233,0.0004189898100129946,0.0004189898105551717,0.0008380338389285131,0.0003762823713265584,-0.0004189898100129935
2,0.002842100000000477,8.373475367470698,0.0005432353734771134,-12.0,-4.18592282524278,12.0,-0.001632957336865637,0.0004186466060616268,0.0004186466066048611,0.0008373475367470699,0.0003770473255996359,-0.0004186466060616256
2,0.002842300000000477,8.366599122774664,0.0005442917003937175,-12.0,-4.182483118393825,12.0,-0.001632692076992237,0.0004183027410094232,0.0004183027415537136,0.0008366599122774665,0.000377813485859968,-0.0004183027410094219
2,0.002842500000000477,8.359709666056093,0.0005453471609668803,-12.0,-4.179036806833124,12.0,-0.001632426038921775,0.0004179582153994103,0.0004179582159447563,0.0008359709666056093,0.0003785808495515575,-0.000417958215399409
2,0.002842700000000477,8.352807008194898,0.000546401753700021,-12.0,-4.17558389600288,12.0,-0.001632159221728435,0.0004176130297756593,0.0004176130303220599,0.0008352807008194898,0.0003793494141167836,-0.0004176130297756581
2,0.0028429000000004773,8.345891160091888,0.0005474554771098816,-12.0,-4.172124391355724,12.0,-0.001631891624488291,0.0004172671846832846,0.000417267185230739,0.0008345891160091889,0.0003801191769962214,-0.0004172671846832835
2,0.0028431000000004774,8.33896213266865,0.0005485083297176452,-12.0,-4.168658298354664,12.0,-0.001631623246278524,0.0004169206806684393,0.0004169206812169466,0.000833896213266865,0.0003808901356287947,-0.0004169206806684383
2,0.0028433000000004775,8.332019936867585,0.0005495603100245106,-12.0,-4.165185622473153,12.0,-0.001631354086177206,0.0004165735182783189,0.0004165735188278781,0.0008332019936867585,0.0003816622874519837,-0.0004165735182783178
2,0.0028435000000004776,8.325064583651907,0.0005506114165574338,-12.0,-4.161706369195002,12.0,-0.001631084143264849,0.0004162256980611573,0.0004162256986117675,0.0008325064583651907,0.0003824356299013121,-0.000416225698061156
2,0.0028437000000004777,8.31809608400558,0.000551661647817614,-12.0,-4.158220544014447,12.0,-0.0016308134166233,0.0004158772205662276,0.0004158772211178881,0.000831809608400558,0.0003832101604108046,-0.0004158772205662265
2,0.002843900000000478,8.311114448933335,0.000552711002332007,-12.0,-4.15472815243606,12.0,-0.001630541905335181,0.0004155280863438404,0.0004155280868965502,0.0008311114448933335,0.0003839858764130288,-0.0004155280863438392
2,0.002844100000000478,8.304119689460629,0.0005537594786027,-12.0,-4.151229199974815,12.0,-0.001630269608485224,0.000415178295945343,0.0004151782964991014,0.0008304119689460629,0.0003847627753387622,-0.0004151782959453418
2,0.002844300000000478,8.297111816633683,0.0005548070751495437,-12.0,-4.147723692156045,12.0,-0.001629996525159938,0.0004148278499231208,0.0004148278504779267,0.0008297111816633683,0.0003855408546172279,-0.0004148278499231195
2,0.002844500000000478,8.290090841519364,0.0005558537904915006,-12.0,-4.144211634515408,12.0,-0.00162972265444683,0.0004144767488305911,0.0004144767493864436,0.0008290090841519364,0.0003863201116761777,-0.0004144767488305899
2,0.0028447000000004783,8.283056775205248,0.0005568996231324341,-12.0,-4.140693032598929,12.0,-0.001629447995435074,0.0004141249932222074,0.0004141249937791058,0.0008283056775205248,0.0003871005439417124,-0.0004141249932222062
2,0.0028449000000004784,8.276009628799608,0.0005579445715913067,-12.0,-4.137167891962971,12.0,-0.001629172547215285,0.0004137725836534575,0.0004137725842114008,0.0008276009628799608,0.0003878821488384615,-0.0004137725836534563
2,0.0028451000000004785,8.268949413431327,0.0005589886343888573,-12.0,-4.133636218174194,12.0,-0.00162889630888019,0.0004134195206808595,0.000413419521239847,0.0008268949413431328,0.0003886649237895556,-0.0004134195206808583
2,0.0028453000000004786,8.261876140249926,0.0005600318100276169,-12.0,-4.130098016809603,12.0,-0.001628619279523624,0.0004130658048619644,0.000413065805421995,0.0008261876140249927,0.0003894488662165019,-0.0004130658048619631
2,0.0028455000000004787,8.254789820425591,0.000561074097030545,-12.0,-4.126553293456509,12.0,-0.0016283414582412,0.0004127114367553553,0.0004127114373164281,0.0008254789820425592,0.0003902339735394333,-0.0004127114367553541
2,0.002845700000000479,8.247690465149056,0.0005621154939108308,-12.0,-4.123002053712506,12.0,-0.001628062844130085,0.0004123564169206429,0.0004123564174827573,0.0008247690465149056,0.0003910202431769289,-0.0004123564169206417
2,0.002845900000000479,8.24057808563161,0.0005631559991874369,-12.0,-4.119444303185464,12.0,-0.001627783436288666,0.0004120007459184664,0.0004120007464816212,0.000824057808563161,0.0003918076725462627,-0.0004120007459184652
2,0.002846100000000479,8.233452693105193,0.000564195611361118,-12.0,-4.115880047493599,12.0,-0.001627503233818217,0.0004116444243104972,0.0004116444248746916,0.0008233452693105193,0.0003925962590629051,-0.000411644424310496
2,0.002846300000000479,8.226314298822256,0.0005652343289659356,-12.0,-4.112309292265336,12.0,-0.001627222235820347,0.0004112874526594313,0.0004112874532246645,0.0008226314298822256,0.000393386000141327,-0.0004112874526594302
2,0.0028465000000004793,8.219162914055698,0.0005662721505075297,-12.0,-4.108732043139366,12.0,-0.001626940441398661,0.0004109298315289886,0.0004109298320952595,0.0008219162914055698,0.0003941768931942924,-0.0004109298315289874
2,0.0028467000000004794,8.211998550099048,0.0005673090744950926,-12.0,-4.105148305764692,12.0,-0.001626657849659097,0.0004105715614839199,0.0004105715620512276,0.0008211998550099049,0.000394968935633247,-0.0004105715614839187
2,0.0028469000000004795,8.20482121826629,0.0005683450994591333,-12.0,-4.101558085800505,12.0,-0.001626374459708146,0.0004102126430899976,0.0004102126436583415,0.000820482121826629,0.0003957621248682208,-0.0004102126430899965
2,0.0028471000000004796,8.197630929891817,0.000569380223907956,-12.0,-4.097961388916244,12.0,-0.001626090270655078,0.0004098530769140165,0.0004098530774833955,0.0008197630929891817,0.000396556458307995,-0.0004098530769140152
2,0.0028473000000004797,8.19042769633054,0.0005704144463560823,-12.0,-4.094358220791592,12.0,-0.00162580528161016,0.0004094928635237959,0.0004094928640942092,0.000819042769633054,0.0003973519333596853,-0.0004094928635237948
2,0.00284750000000048,8.183211528957823,0.0005714477653198102,-12.0,-4.090748587116455,12.0,-0.001625519491685656,0.0004091320034881786,0.0004091320040596251,0.0008183211528957824,0.0003981485474294777,-0.0004091320034881775
2,0.00284770000000048,8.175982439169402,0.0005724801793225431,-12.0,-4.087132493590916,12.0,-0.00162523289999561,0.0004087704973770251,0.000408770497949504,0.0008175982439169402,0.0003989462979219205,-0.0004087704973770238
2,0.00284790000000048,8.168740438381437,0.0005735116868734735,-12.0,-4.083509945925291,12.0,-0.001624945505655617,0.0004084083457612177,0.0004084083463347282,0.0008168740438381438,0.0003997451822402298,-0.0004084083457612165
2,0.00284810000000048,8.161485538030497,0.0005745422864915639,-12.0,-4.079880949840088,12.0,-0.001624657307783273,0.0004080455492126592,0.0004080455497872003,0.0008161485538030498,0.0004005451977865115,-0.0004080455492126579
2,0.0028483000000004803,8.154217749573471,0.0005755719767006617,-12.0,-4.076245511065965,12.0,-0.001624368305497725,0.0004076821083042678,0.0004076821088798386,0.0008154217749573471,0.0004013463419614838,-0.0004076821083042665
2,0.0028485000000004804,8.146937084487616,0.0005766007560086273,-12.0,-4.072603635343787,12.0,-0.001624078497919568,0.0004073180236099809,0.0004073180241865804,0.0008146937084487617,0.0004021486121645879,-0.0004073180236099797
2,0.0028487000000004805,8.139643554270554,0.0005776286229370875,-12.0,-4.068955328424585,12.0,-0.00162378788417239,0.0004069532957047535,0.0004069532962823809,0.0008139643554270554,0.0004029520057939329,-0.0004069532957047523
2,0.0028489000000004806,8.132337170440179,0.0005786555760072254,-12.0,-4.065300596069521,12.0,-0.001623496463380114,0.0004065879251645542,0.0004065879257432086,0.0008132337170440179,0.0004037565202464899,-0.0004065879251645529
2,0.0028491000000004808,8.125017944534644,0.0005796816137393357,-12.0,-4.061639444049897,12.0,-0.001623204234669218,0.0004062219125663649,0.0004062219131460452,0.0008125017944534645,0.000404562152917981,-0.0004062219125663637
2,0.002849300000000481,8.11768588811247,0.0005807067346377259,-12.0,-4.057971878147211,12.0,-0.001622911197167953,0.0004058552584881862,0.0004058552590688917,0.0008117685888112471,0.0004053689012028794,-0.0004058552584881848
2,0.002849500000000481,8.110341012752405,0.0005817309372400103,-12.0,-4.054297904153032,12.0,-0.001622617350006683,0.0004054879635090285,0.0004054879640907583,0.0008110341012752406,0.0004061767624943258,-0.0004054879635090273
2,0.002849700000000481,8.102983330053352,0.0005827542200584901,-12.0,-4.050617527869045,12.0,-0.00162232269231688,0.0004051200282089116,0.0004051200287916647,0.0008102983330053352,0.0004069857341845173,-0.0004051200282089104
2,0.002849900000000481,8.095612851634558,0.00058377658160369,-12.0,-4.046930755107107,12.0,-0.001622027223232014,0.0004047514531688724,0.0004047514537526477,0.0008095612851634558,0.0004077958136643189,-0.000404751453168871
2,0.0028501000000004813,8.088229589135421,0.0005847980204101155,-12.0,-4.043237591689116,12.0,-0.001621730941888333,0.0004043822389709539,0.0004043822395557506,0.0008088229589135422,0.000408606998323402,-0.0004043822389709526
2,0.0028503000000004814,8.080833554215483,0.0005858185349905121,-12.0,-4.039538043447069,12.0,-0.001621433847422971,0.0004040123861982072,0.0004040123867840247,0.0008080833554215483,0.0004094192855504664,-0.000404012386198206
2,0.0028505000000004816,8.0734247585545,0.0005868381238665066,-12.0,-4.035832116223069,12.0,-0.001621135938975504,0.0004036418954346948,0.0004036418960215316,0.00080734247585545,0.000410232672732741,-0.0004036418954346936
2,0.0028507000000004817,8.066003213852392,0.0005878567855561734,-12.0,-4.032119815869293,12.0,-0.001620837215686954,0.0004032707672654863,0.0004032707678533418,0.0008066003213852393,0.0004110471572566776,-0.000403270767265485
2,0.0028509000000004818,8.05856893182916,0.0005888745185926858,-12.0,-4.028401148247946,12.0,-0.001620537676700118,0.0004028990022766551,0.0004028990028655284,0.0008058568931829161,0.000411862736507479,-0.0004028990022766539
2,0.002851100000000482,8.051121924224924,0.0005898913214825718,-12.0,-4.024676119231325,12.0,-0.001620237321160789,0.000402526601055282,0.0004025266016451721,0.0008051121924224925,0.0004126794078692098,-0.0004025266010552807
2,0.002851300000000482,8.043662202799943,0.0005909071927536758,-12.0,-4.020944734701769,12.0,-0.001619936148215539,0.0004021535641894535,0.0004021535647803595,0.0008043662202799944,0.0004134971687248801,-0.0004021535641894522
2,0.002851500000000482,8.03618977933449,0.0005919221309365064,-12.0,-4.01720700055162,12.0,-0.001619634157013272,0.0004017798922682568,0.0004017798928601777,0.000803618977933449,0.0004143160164564452,-0.0004017798922682557
2,0.0028517000000004822,8.02870466562892,0.0005929361345429207,-12.0,-4.013462922683285,12.0,-0.001619331346705222,0.000401405585881784,0.0004014055864747189,0.0008028704665628921,0.0004151359484447503,-0.0004014055858817828
2,0.0028519000000004823,8.021206873503647,0.0005939492020998749,-12.0,-4.009712507009181,12.0,-0.001619027716444066,0.0004010306456211293,0.0004010306462150774,0.0008021206873503648,0.000415956962069669,-0.000401030645621128
2,0.0028521000000004825,8.013696414799053,0.0005949613321369895,-12.0,-4.005955759451707,12.0,-0.001618723265384592,0.0004006550720783857,0.0004006550726733458,0.0008013696414799053,0.0004167790547100203,-0.0004006550720783844
2,0.0028523000000004826,8.006173301375542,0.0005959725231696744,-12.0,-4.002192685943291,12.0,-0.001618417992683474,0.0004002788658466473,0.0004002788664426186,0.0008006173301375542,0.0004176022237436239,-0.0004002788658466461
2,0.0028525000000004827,7.998637545113534,0.000596982773726662,-12.0,-3.998423292426349,12.0,-0.00161811189749983,0.0003999020275200088,0.0003999020281169904,0.0007998637545113535,0.0004184264665471893,-0.0003999020275200076
2,0.002852700000000483,7.991089157913367,0.0005979920823366847,-12.0,-3.994647584853259,12.0,-0.001617804978994219,0.0003995245576935608,0.0003995245582915516,0.0007991089157913367,0.0004192517804965656,-0.0003995245576935596
2,0.002852900000000483,7.983528151695305,0.0005990004475213695,-12.0,-3.990865569186366,12.0,-0.001617497236329424,0.00039914645696339,0.0003991464575623892,0.0007983528151695305,0.0004200781629666583,-0.0003991464569633887
2,0.002853100000000483,7.975954538399576,0.0006000078678058962,-12.0,-3.987077251398001,12.0,-0.001617188668670666,0.0003987677259265819,0.0003987677265265886,0.0007975954538399577,0.0004209056113311793,-0.0003987677259265807
2,0.002853300000000483,7.968368329986325,0.0006010143417158886,-12.0,-3.983282637470445,12.0,-0.001616879275184502,0.0003983883651812174,0.0003983883657822305,0.0007968368329986325,0.0004217341229630356,-0.0003983883651812161
2,0.0028535000000004833,7.960769538435541,0.0006020198677876287,-12.0,-3.979481733395891,12.0,-0.001616569055039818,0.0003980083753263691,0.0003980083759283877,0.0007960769538435542,0.0004225636952343015,-0.0003980083753263678
2,0.0028537000000004834,7.95315817574709,0.0006030244445383026,-12.0,-3.975674545176493,12.0,-0.001616258007407612,0.0003976277569621043,0.0003976277575651276,0.000795315817574709,0.0004233943255160522,-0.0003976277569621032
2,0.0028539000000004835,7.945534253940725,0.0006040280704970868,-12.0,-3.971861078824336,12.0,-0.00161594613146121,0.0003972465106894846,0.0003972465112935114,0.0007945534253940725,0.0004242260111782525,-0.0003972465106894833
2,0.0028541000000004836,7.937897785055978,0.0006050307442011515,-12.0,-3.968041340361379,12.0,-0.001615633426375607,0.0003968646371105593,0.0003968646377155889,0.0007937897785055978,0.0004250587495902014,-0.000396864637110558
2,0.0028543000000004837,7.930248781152201,0.000606032464168571,-12.0,-3.964215335819523,12.0,-0.001615319891327571,0.0003964821368283704,0.0003964821374344017,0.0007930248781152202,0.0004258925381203649,-0.0003964821368283691
2,0.002854500000000484,7.922587254308591,0.0006070332289347391,-12.0,-3.960383071240561,12.0,-0.001615005525496926,0.0003960990104469509,0.0003960990110539828,0.0007922587254308592,0.0004267273741360433,-0.0003960990104469496
2,0.002854700000000484,7.914913216624043,0.0006080330370337172,-12.0,-3.95654455267614,12.0,-0.001614690328065105,0.0003957152585713186,0.0003957152591793505,0.0007914913216624044,0.0004275632550039266,-0.0003957152585713174
2,0.002854900000000484,7.90722668021725,0.0006090318869849121,-12.0,-3.952699786187829,12.0,-0.001614374298215204,0.0003953308818074826,0.0003953308824165133,0.0007907226680217251,0.0004284001780897884,-0.0003953308818074814
2,0.002855100000000484,7.899527657226623,0.0006100297773330432,-12.0,-3.948848777847014,12.0,-0.001614057435133043,0.000394945880762436,0.0003949458813724645,0.0007899527657226624,0.0004292381407585699,-0.0003949458807624347
2,0.0028553000000004843,7.891816159810285,0.0006110267065992936,-12.0,-3.944991533734977,12.0,-0.001613739738006659,0.0003945602560441587,0.0003945602566551843,0.0007891816159810285,0.0004300771403742687,-0.0003945602560441576
2,0.0028555000000004844,7.884092200146091,0.0006120226733186129,-12.0,-3.94112805994284,12.0,-0.001613421206025534,0.0003941740082616171,0.0003941740088736386,0.0007884092200146091,0.0004309171743003826,-0.0003941740082616159
2,0.0028557000000004845,7.876355790431519,0.0006130176760299477,-12.0,-3.937258362571537,12.0,-0.001613101838382147,0.000393787138024758,0.0003937871386377745,0.0007876355790431519,0.0004317582398992437,-0.0003937871380247567
2,0.0028559000000004846,7.868606942883728,0.0006140117132584777,-12.0,-3.933382447731859,12.0,-0.001612781634270477,0.000393399645944513,0.0003933996465585235,0.0007868606942883729,0.0004326003345326568,-0.0003933996459445118
2,0.0028561000000004847,7.860845669739547,0.0006150047835422612,-12.0,-3.929500321544413,12.0,-0.001612460592887222,0.0003930115326327967,0.0003930115332478003,0.0007860845669739547,0.0004334434555615108,-0.0003930115326327955
2,0.002856300000000485,7.85307198325537,0.0006159968854202447,-12.0,-3.925611990139586,12.0,-0.001612138713430467,0.0003926227987025018,0.0003926227993184975,0.000785307198325537,0.0004342876003460561,-0.0003926227987025006
2,0.002856500000000485,7.845285895707223,0.0006169880174167197,-12.0,-3.921717459657606,12.0,-0.001611815995101518,0.0003922334447675035,0.0003922334453844903,0.0007845285895707223,0.0004351327662457105,-0.0003922334447675023
2,0.002856700000000485,7.837487419390703,0.0006179781780830673,-12.0,-3.917816736248446,12.0,-0.001611492437103346,0.0003918434714426541,0.000391843472060631,0.0007837487419390703,0.0004359789506191147,-0.0003918434714426529
2,0.002856900000000485,7.829676566620952,0.0006189673659409145,-12.0,-3.913909826071891,12.0,-0.001611168038640753,0.0003914528793437844,0.0003914528799627505,0.0007829676566620952,0.0004368261508243543,-0.0003914528793437832
2,0.0028571000000004853,7.821853349732713,0.000619955579535425,-12.0,-3.909996735297498,12.0,-0.001610842798921486,0.0003910616690877045,0.0003910616697076589,0.0007821853349732714,0.0004376743642186265,-0.0003910616690877034
2,0.0028573000000004854,7.814017781080175,0.0006209428174059894,-12.0,-3.906077470104549,12.0,-0.001610516717155119,0.0003906698412921968,0.0003906698419131384,0.0007814017781080175,0.0004385235881586569,-0.0003906698412921955
2,0.0028575000000004855,7.806169873037073,0.0006219290780840048,-12.0,-3.90215203668212,12.0,-0.001610189792553507,0.0003902773965760216,0.0003902773971979495,0.0007806169873037074,0.0004393738200001718,-0.0003902773965760204
2,0.0028577000000004856,7.798309637996611,0.0006229143601186315,-12.0,-3.898220441228984,12.0,-0.001609862024331221,0.0003898843355589115,0.0003898843361818246,0.0007798309637996611,0.0004402250570984534,-0.0003898843355589103
2,0.0028579000000004857,7.790437088371453,0.0006238986620412668,-12.0,-3.894282689953678,12.0,-0.001609533411704167,0.0003894906588615731,0.0003894906594854706,0.0007790437088371453,0.00044107729680809,-0.0003894906588615719
2,0.002858100000000486,7.782552236593745,0.0006248819823939655,-12.0,-3.890338789074461,12.0,-0.001609203953891192,0.0003890963671056867,0.0003890963677305675,0.0007782552236593745,0.000441930536483004,-0.0003890963671056855
2,0.002858300000000486,7.774655095114996,0.0006258643197245561,-12.0,-3.886388744819267,12.0,-0.001608873650113196,0.0003887014609139004,0.0003887014615397636,0.0007774655095114996,0.0004427847734764789,-0.0003887014609138992
2,0.002858500000000486,7.76674567640615,0.0006268456725671001,-12.0,-3.882432563425768,12.0,-0.001608542499593524,0.0003883059409098346,0.0003883059415366792,0.000776674567640615,0.0004436400051411327,-0.0003883059409098335
2,0.002858700000000486,7.758823992957565,0.0006278260394649848,-12.0,-3.878470251141324,12.0,-0.001608210501557739,0.0003879098077180801,0.000387909808345905,0.0007758823992957565,0.0004444962288290277,-0.0003879098077180789
2,0.0028589000000004863,7.750890057278912,0.0006288054189709236,-12.0,-3.874501814222945,12.0,-0.001607877655233625,0.0003875130619641928,0.0003875130625929971,0.0007750890057278913,0.0004453534418916993,-0.0003875130619641917
2,0.0028591000000004864,7.742943881899221,0.0006297838096172015,-12.0,-3.870527258937347,12.0,-0.001607543959851521,0.0003871157042746975,0.0003871157049044802,0.0007742943881899221,0.0004462116416798501,-0.0003871157042746964
2,0.0028593000000004865,7.734985479366893,0.0006307612099529791,-12.0,-3.866546591560904,12.0,-0.00160720941464354,0.0003867177352770869,0.000386717735907847,0.0007734985479366894,0.0004470708255439326,-0.0003867177352770858
2,0.0028595000000004867,7.727014862249581,0.000631737618526973,-12.0,-3.862559818379624,12.0,-0.001606874018844795,0.0003863191555998163,0.0003863191562315527,0.0007727014862249581,0.0004479309908335671,-0.0003863191555998151
2,0.0028597000000004868,7.719032043134225,0.0006327130338852349,-12.0,-3.858566945689154,12.0,-0.001606537771692507,0.0003859199658723051,0.000385919966505017,0.0007719032043134226,0.0004487921348979018,-0.000385919965872304
2,0.002859900000000487,7.711037034627057,0.0006336874545711524,-12.0,-3.854567979794797,12.0,-0.001606200672425895,0.0003855201667249379,0.0003855201673586243,0.0007711037034627057,0.0004496542550857796,-0.0003855201667249368
2,0.002860100000000487,7.703029849353566,0.0006346608791321096,-12.0,-3.850562927011476,12.0,-0.001605862720287066,0.0003851197587890619,0.0003851197594237217,0.0007703029849353566,0.0004505173487450442,-0.0003851197587890608
2,0.002860300000000487,7.695010499958422,0.000635633306122596,-12.0,-3.846551793663694,12.0,-0.001605523914520346,0.0003847187426969828,0.000384718743332615,0.0007695010499958422,0.0004513814132234006,-0.0003847187426969816
2,0.0028605000000004872,7.686978999105533,0.0006366047340864434,-12.0,-3.84253458608559,12.0,-0.001605184254372061,0.0003843171190819687,0.0003843171197185724,0.0007686978999105533,0.0004522464458679709,-0.0003843171190819676
2,0.0028607000000004873,7.678935359478015,0.0006375751615745884,-12.0,-3.838511310620893,12.0,-0.001604843739091477,0.0003839148885782479,0.000383914889215822,0.0007678935359478015,0.0004531124440253498,-0.0003839148885782468
2,0.0028609000000004874,7.670879593778091,0.0006385445871441853,-12.0,-3.834481973622883,12.0,-0.001604502367929916,0.0003835120518210039,0.0003835120524595474,0.0007670879593778091,0.0004539794050415769,-0.0003835120518210028
2,0.0028611000000004876,7.662811714727161,0.0006395130093381773,-12.0,-3.830446581454443,12.0,-0.001604160140141031,0.0003831086094463794,0.0003831086100858912,0.0007662811714727161,0.0004548473262623587,-0.0003831086094463782
2,0.0028613000000004877,7.654731735065787,0.0006404804267119424,-12.0,-3.826405140488021,12.0,-0.001603817054981194,0.0003827045620914745,0.0003827045627319538,0.0007654731735065787,0.0004557162050329022,-0.0003827045620914733
2,0.002861500000000488,7.646639667553578,0.0006414468378270755,-12.0,-3.822357657105581,12.0,-0.001603473111708942,0.000382299910394342,0.0003822999110357876,0.0007646639667553579,0.0004565860386978871,-0.0003822999103943408
2,0.002861700000000488,7.638535524969248,0.0006424122412265199,-12.0,-3.818304137698662,12.0,-0.001603128309585589,0.00038189465499399,0.000381894655636401,0.0007638535524969248,0.0004574568246016597,-0.0003818946549939889
2,0.002861900000000488,7.63041932011061,0.0006433766354683179,-12.0,-3.814244588668336,12.0,-0.00160278264787439,0.0003814887965303816,0.0003814887971737571,0.000763041932011061,0.0004583285600881226,-0.0003814887965303804
2,0.002862100000000488,7.622291065794489,0.0006443400191136206,-12.0,-3.810179016425174,12.0,-0.001602436125841267,0.0003810823356444299,0.0003810823362887688,0.0007622291065794489,0.0004592012425006786,-0.0003810823356444288
2,0.0028623000000004882,7.614150774856699,0.0006453023907204702,-12.0,-3.806107427389246,12.0,-0.001602088742754693,0.0003806752729779977,0.000380675273623299,0.00076141507748567,0.0004600748691826195,-0.0003806752729779966
2,0.0028625000000004884,7.60599846015215,0.0006462637488291456,-12.0,-3.802029827990194,12.0,-0.001601740497885529,0.0003802676091739034,0.000380267609820166,0.0007605998460152151,0.0004609494374763767,-0.0003802676091739023
2,0.0028627000000004885,7.597834134554701,0.0006472240920203376,-12.0,-3.79794622466708,12.0,-0.00160139139050719,0.0003798593448759111,0.0003798593455231341,0.0007597834134554702,0.0004618249447243261,-0.00037985934487591
2,0.0028629000000004886,7.589657810957102,0.0006481834188458713,-12.0,-3.793856623868448,12.0,-0.001601041419895366,0.0003794504807287306,0.0003794504813769129,0.0007589657810957103,0.0004627013882686215,-0.0003794504807287294
2,0.0028631000000004887,7.581469502271164,0.000649141727854019,-12.0,-3.789761032052383,12.0,-0.001600690585328413,0.0003790410173780248,0.0003790410180271655,0.0007581469502271164,0.0004635787654505841,-0.0003790410173780238
2,0.002863300000000489,7.573269221427572,0.0006500990176241395,-12.0,-3.78565945568636,12.0,-0.001600338886087294,0.0003786309554703995,0.0003786309561204974,0.0007573269221427572,0.0004644570736115627,-0.0003786309554703984
2,0.002863500000000489,7.565056981375868,0.0006510552867102781,-12.0,-3.781551901247315,12.0,-0.001599986321454971,0.0003782202956534036,0.0003782202963044579,0.0007565056981375868,0.0004653363100925456,-0.0003782202956534026
2,0.002863700000000489,7.556832795084531,0.0006520105336731419,-12.0,-3.777438375221651,12.0,-0.001599632890717462,0.0003778090385755335,0.0003778090392275429,0.0007556832795084531,0.0004662164722340767,-0.0003778090385755324
2,0.002863900000000489,7.54859667554092,0.0006529647570769903,-12.0,-3.773318884105197,12.0,-0.001599278593163223,0.0003773971848862285,0.0003773971855391922,0.0007548596675540921,0.0004670975573763947,-0.0003773971848862274
2,0.0028641000000004893,7.54034863575118,0.0006539179554945207,-12.0,-3.769193434403169,12.0,-0.00159892342808271,0.0003769847352358674,0.0003769847358897842,0.000754034863575118,0.0004679795628596273,-0.0003769847352358664
2,0.0028643000000004894,7.5320886887403,0.0006548701274806668,-12.0,-3.765062032630227,12.0,-0.00159856739476949,0.0003765716902757719,0.000376571690930641,0.00075320886887403,0.0004688624860233193,-0.0003765716902757708
2,0.0028645000000004895,7.523816847552104,0.0006558212716067935,-12.0,-3.760924685310429,12.0,-0.001598210492519847,0.0003761580506582048,0.0003761580513140249,0.0007523816847552104,0.0004697463242069599,-0.0003761580506582036
2,0.0028647000000004896,7.515533125249143,0.0006567713864451541,-12.0,-3.75678139897719,12.0,-0.001597852720631676,0.0003757438170363646,0.0003757438176931349,0.0007515533125249143,0.0004706310747498166,-0.0003757438170363635
2,0.0028649000000004897,7.507237534912749,0.0006577204705568995,-12.0,-3.752632180173334,12.0,-0.001597494078406592,0.0003753289900643902,0.0003753289907221096,0.0007507237534912749,0.0004715167349906013,-0.0003753289900643891
2,0.00286510000000049,7.498930089643019,0.0006586685225116184,-12.0,-3.748477035451057,12.0,-0.001597134565147873,0.000374913570397358,0.0003749135710560254,0.0007498930089643019,0.0004724033022681373,-0.0003749135703973569
2,0.00286530000000049,7.490610802558733,0.0006596155408895576,-12.0,-3.744315971371876,12.0,-0.001596774180161853,0.0003744975586912777,0.0003744975593508922,0.0007490610802558734,0.0004732907739208037,-0.0003744975586912766
2,0.00286550000000049,7.482279686797366,0.0006605615242518681,-12.0,-3.74014899450669,12.0,-0.00159641292275714,0.0003740809556030951,0.0003740809562636557,0.0007482279686797366,0.0004741791472867851,-0.0003740809556030942
2,0.00286570000000049,7.473936755515113,0.0006615064711699148,-12.0,-3.735976111435737,12.0,-0.001596050792245285,0.0003736637617906918,0.0003736637624521972,0.0007473936755515113,0.0004750684197041277,-0.0003736637617906907
2,0.0028659000000004903,7.465582021886805,0.0006624503802274972,-12.0,-3.731797328748558,12.0,-0.001595687787940114,0.0003732459779128795,0.0003732459785753289,0.0007465582021886805,0.0004759585885105722,-0.0003732459779128785
2,0.0028661000000004904,7.457215499105843,0.0006633932499964246,-12.0,-3.727612653043995,12.0,-0.001595323909158342,0.0003728276046294002,0.0003728276052927924,0.0007457215499105844,0.0004768496510438314,-0.0003728276046293991
2,0.0028663000000004905,7.448837200384352,0.0006643350790365155,-12.0,-3.723422090930271,12.0,-0.0015949591552189,0.0003724086426009319,0.0003724086432652658,0.0007448837200384352,0.0004777416046412297,-0.0003724086426009308
2,0.0028665000000004906,7.440447138953016,0.0006652758659457803,-12.0,-3.719225649024832,12.0,-0.001594593525443999,0.0003719890924890788,0.0003719890931543535,0.0007440447138953016,0.0004786344466400638,-0.0003719890924890778
2,0.0028667000000004907,7.432045328061028,0.0006662156092915872,-12.0,-3.715023333954421,12.0,-0.001594227019157513,0.0003715689549563724,0.0003715689556225868,0.0007432045328061028,0.0004795281743774638,-0.0003715689549563713
2,0.002866900000000491,7.423631780976196,0.0006671543076515185,-12.0,-3.710815152355078,12.0,-0.001593859635687145,0.0003711482306662741,0.0003711482313334273,0.0007423631780976197,0.0004804227851903653,-0.000371148230666273
2,0.002867100000000491,7.415206510984873,0.0006680919596049328,-12.0,-3.706601110872109,12.0,-0.001593491374362155,0.0003707269202831724,0.0003707269209512634,0.0007415206510984873,0.000481318276415621,-0.0003707269202831714
2,0.002867300000000491,7.406769531391862,0.0006690285637396265,-12.0,-3.702381216160036,12.0,-0.001593122234515076,0.0003703050244723785,0.0003703050251414061,0.0007406769531391862,0.000482214645389889,-0.0003703050244723775
2,0.002867500000000491,7.39832085552048,0.0006699641186251881,-12.0,-3.698155474882661,12.0,-0.00159275221548083,0.0003698825439001297,0.0003698825445700928,0.000739832085552048,0.0004831118894497999,-0.0003698825439001286
2,0.0028677000000004913,7.389860496712565,0.0006708986228520786,-12.0,-3.693923893713019,12.0,-0.001592381316597224,0.0003694594792335881,0.0003694594799044857,0.0007389860496712565,0.0004840100059318175,-0.0003694594792335871
2,0.0028679000000004914,7.381388468328317,0.0006718320750058737,-12.0,-3.689686479333329,12.0,-0.001592009537204453,0.0003690358311408345,0.0003690358318126655,0.0007381388468328317,0.0004849089921722949,-0.0003690358311408335
2,0.0028681000000004915,7.3729047837464,0.0006727644736637117,-12.0,-3.685443238435059,12.0,-0.001591636876645763,0.0003686116002908733,0.0003686116009636368,0.0007372904783746401,0.0004858088455075293,-0.0003686116002908723
2,0.0028683000000004916,7.364409456363918,0.0006736958174151653,-12.0,-3.681194177718878,12.0,-0.001591263334266568,0.0003681867873536304,0.0003681867880273252,0.0007364409456363919,0.0004867095632738738,-0.0003681867873536293
2,0.0028685000000004918,7.355902499596299,0.0006746261048520275,-12.0,-3.67693930389461,12.0,-0.001590888909415666,0.0003677613929999472,0.0003677613936745724,0.00073559024995963,0.0004876111428073204,-0.0003677613929999462
2,0.002868700000000492,7.347383926877351,0.0006755553345536569,-12.0,-3.672678623681291,12.0,-0.00159051360144391,0.0003673354179015855,0.0003673354185771398,0.0007347383926877351,0.0004885135814440833,-0.0003673354179015845
2,0.002868900000000492,7.338853751659266,0.0006764835051109586,-12.0,-3.668412143807131,12.0,-0.001590137409705372,0.0003669088627312252,0.0003669088634077077,0.0007338853751659266,0.0004894168765201268,-0.0003669088627312242
2,0.002869100000000492,7.330311987412513,0.0006774106151201664,-12.0,-3.664139871009469,12.0,-0.001589760333556289,0.00036648172816246,0.0003664817288398696,0.0007330311987412513,0.0004903210253716095,-0.000366481728162459
2,0.002869300000000492,7.321758647625837,0.0006783366631695209,-12.0,-3.659861812034799,12.0,-0.001589382372356118,0.0003660540148697978,0.0003660540155481334,0.0007321758647625838,0.0004912260253345235,-0.0003660540148697968
2,0.0028695000000004923,7.313193745806313,0.0006792616478472624,-12.0,-3.655577973638769,12.0,-0.001589003525466759,0.0003656257235286626,0.0003656257242079233,0.0007313193745806313,0.0004921318737448055,-0.0003656257235286616
2,0.0028697000000004924,7.30461729547927,0.0006801855677478486,-12.0,-3.651288362586158,12.0,-0.001588623792252997,0.0003651968548153916,0.0003651968554955761,0.000730461729547927,0.0004930385679385307,-0.0003651968548153905
2,0.0028699000000004925,7.296029310188233,0.0006811084214737306,-12.0,-3.646992985650822,12.0,-0.001588243172082449,0.0003647674094072306,0.000364767410088338,0.0007296029310188233,0.0004939461052516358,-0.0003647674094072296
2,0.0028701000000004927,7.287429803494954,0.0006820302076095963,-12.0,-3.642691849615761,12.0,-0.001587861664325174,0.000364337387982338,0.0003643373886643672,0.0007287429803494954,0.0004948544830201407,-0.000364337387982337
2,0.0028703000000004928,7.278818788979423,0.0006829509247570087,-12.0,-3.638384961273067,12.0,-0.001587479268354064,0.0003639067912197833,0.0003639067919027333,0.0007278818788979424,0.0004957636985801761,-0.0003639067912197824
2,0.002870500000000493,7.270196280239732,0.0006838705715197513,-12.0,-3.634072327423881,12.0,-0.001587095983545006,0.000363475619799541,0.0003634756204834107,0.0007270196280239733,0.0004966737492678175,-0.0003634756197995401
2,0.002870700000000493,7.261562290892145,0.0006847891464865086,-12.0,-3.629753954878452,12.0,-0.001586711809276498,0.0003630438744024947,0.0003630438750872829,0.0007261562290892145,0.0004975846324191402,-0.0003630438744024938
2,0.002870900000000493,7.252916834571098,0.0006857066482597318,-12.0,-3.625429850456092,12.0,-0.001586326744929811,0.0003626115557104363,0.0003626115563961419,0.0007252916834571099,0.0004984963453704139,-0.0003626115557104352
2,0.0028711000000004932,7.244259924929074,0.0006866230754516423,-12.0,-3.621100020985129,12.0,-0.001585940789888995,0.000362178664406059,0.0003621786650926811,0.0007244259924929074,0.0004994088854577972,-0.0003621786644060581
2,0.0028713000000004933,7.235591575636668,0.0006875384266482598,-12.0,-3.616764473302977,12.0,-0.001585553943540985,0.0003617452011729634,0.000361745201860501,0.0007235591575636668,0.0005003222500178095,-0.0003617452011729626
2,0.0028715000000004934,7.226911800382532,0.0006884527004702434,-12.0,-3.612423214256034,12.0,-0.001585166205275379,0.0003613111666956514,0.0003613111673841031,0.0007226911800382532,0.000501236436386665,-0.0003613111666956505
2,0.0028717000000004936,7.218220612873348,0.0006893658955071658,-12.0,-3.608076250699754,12.0,-0.001584777574484664,0.0003608765616595271,0.0003608765623488921,0.0007218220612873348,0.0005021514419011053,-0.0003608765616595261
2,0.0028719000000004937,7.209518026833873,0.0006902780103730244,-12.0,-3.603723589498596,12.0,-0.001584388050564212,0.0003604413867508979,0.000360441387441175,0.0007209518026833874,0.0005030672638975942,-0.000360441386750897
2,0.002872100000000494,7.200804056006789,0.0006911890436800405,-12.0,-3.599365237525984,12.0,-0.001583997632911838,0.0003600056426569673,0.0003600056433481554,0.0007200804056006789,0.0005039838997129564,-0.0003600056426569664
2,0.002872300000000494,7.192078714152778,0.0006920989940257805,-12.0,-3.595001201664361,12.0,-0.001583606320928799,0.0003595693300658395,0.0003595693307579376,0.0007192078714152779,0.0005049013466841001,-0.0003595693300658387
2,0.002872500000000494,7.183342015050522,0.0006930078600224654,-12.0,-3.590631488805148,12.0,-0.001583214114018516,0.0003591324496665181,0.000359132450359525,0.0007183342015050523,0.0005058196021479611,-0.0003591324496665171
2,0.002872700000000494,7.174593972496575,0.0006939156402911983,-12.0,-3.586256105848694,12.0,-0.001582821011587743,0.0003586950021488995,0.0003586950028428142,0.0007174593972496575,0.0005067386634417526,-0.0003586950021488985
2,0.0028729000000004942,7.165834600305435,0.0006948223334295456,-12.0,-3.58187505970435,12.0,-0.001582427013045951,0.0003582569882037789,0.0003582569888986003,0.0007165834600305435,0.0005076585279027435,-0.000358256988203778
2,0.0028731000000004944,7.157063912309479,0.0006957279380652714,-12.0,-3.577488357290362,12.0,-0.001582032117805221,0.0003578184085228436,0.0003578184092185707,0.0007157063912309479,0.0005085791928684802,-0.0003578184085228428
2,0.0028733000000004945,7.148281922358938,0.0006966324528008272,-12.0,-3.573096005533944,12.0,-0.0015816363252808,0.0003573792637986753,0.0003573792644953069,0.0007148281922358939,0.0005095006556764814,-0.0003573792637986745
2,0.0028735000000004946,7.139488644321943,0.0006975358762550954,-12.0,-3.56869801137123,12.0,-0.001581239634890652,0.0003569395547247495,0.0003569395554222844,0.0007139488644321944,0.0005104229136647931,-0.0003569395547247485
2,0.0028737000000004947,7.130684092084384,0.0006984382070536199,-12.0,-3.56429438174723,12.0,-0.001580842046055686,0.0003564992819954292,0.0003564992826938666,0.0007130684092084385,0.0005113459641712115,-0.0003564992819954283
2,0.002873900000000495,7.121868279549995,0.0006993394438015166,-12.0,-3.5598851236159,12.0,-0.001580443558199529,0.0003560584463059709,0.0003560584470053096,0.0007121868279549996,0.0005122698045341434,-0.0003560584463059701
2,0.002874100000000495,7.11304122064026,0.000700239585132767,-12.0,-3.555470243940035,12.0,-0.001580044170748807,0.0003556170483525178,0.0003556170490527563,0.000711304122064026,0.0005131944320918846,-0.0003556170483525168
2,0.002874300000000495,7.104202929294429,0.0007011386296538191,-12.0,-3.551049749691347,12.0,-0.001579643883132864,0.000355175088832101,0.0003551750895332388,0.0007104202929294429,0.0005141198441832862,-0.0003551750888321001
2,0.002874500000000495,7.095353419469535,0.0007020365759928815,-12.0,-3.546623647850412,12.0,-0.001579242694784266,0.0003547325684426414,0.0003547325691446771,0.0007095353419469536,0.0005150460381470601,-0.0003547325684426405
2,0.0028747000000004953,7.086492705140255,0.000702933422780383,-12.0,-3.542191945406623,12.0,-0.001578840605138188,0.0003542894878829412,0.0003542894885858738,0.0007086492705140256,0.0005159730113223626,-0.0003542894878829403
2,0.0028749000000004954,7.077620800298982,0.000703829168629877,-12.0,-3.537754649358255,12.0,-0.001578437613632855,0.0003538458478526894,0.0003538458485565176,0.0007077620800298983,0.0005169007610486553,-0.0003538458478526885
2,0.0028751000000004955,7.068737718955823,0.0007047238121700161,-12.0,-3.533311766712418,12.0,-0.001578033719709326,0.0003534016490524597,0.0003534016497571827,0.0007068737718955824,0.0005178292846655386,-0.0003534016490524588
2,0.0028753000000004956,7.059843475138468,0.0007056173520374465,-12.0,-3.528863304485005,12.0,-0.001577628922811436,0.0003529568921837052,0.0003529568928893215,0.0007059843475138468,0.0005187585795129179,-0.0003529568921837042
2,0.0028755000000004957,7.050938082892254,0.0007065097868483861,-12.0,-3.524409269700757,12.0,-0.001577223222386404,0.0003525115779487614,0.0003525115786552703,0.0007050938082892254,0.0005196886429309489,-0.0003525115779487605
2,0.002875700000000496,7.042021556280161,0.0007074011152359283,-12.0,-3.519949669393215,12.0,-0.00157681661788367,0.000352065707050846,0.0003520657077582463,0.0007042021556280161,0.0005206194722601754,-0.0003520657070508451
2,0.002875900000000496,7.033093909382708,0.0007082913358367193,-12.0,-3.515484510604685,12.0,-0.001576409108756449,0.0003516192801940531,0.0003516192809023435,0.0007033093909382708,0.000521551064841308,-0.0003516192801940522
2,0.002876100000000496,7.024155156297932,0.0007091804472829644,-12.0,-3.511013800386237,12.0,-0.001576000694460289,0.0003511722980833529,0.0003511722987925325,0.0007024155156297933,0.0005224834180152516,-0.0003511722980833521
2,0.002876300000000496,7.015205311141512,0.0007100684481922137,-12.0,-3.506537545797783,12.0,-0.001575591374453622,0.0003507247614245984,0.000350724762134666,0.0007015205311141512,0.0005234165291236603,-0.0003507247614245975
2,0.0028765000000004963,7.006244388046606,0.000710955337223762,-12.0,-3.502055753907914,12.0,-0.001575181148198324,0.0003502766709245146,0.0003502766716354691,0.0007006244388046606,0.0005243503955080497,-0.0003502766709245138
2,0.0028767000000004964,6.997272401163784,0.0007118411130009328,-12.0,-3.497568431793979,12.0,-0.0015747700151586,0.0003498280272906989,0.0003498280280025392,0.0006997272401163784,0.0005252850145106014,-0.0003498280272906981
2,0.0028769000000004965,6.988289364661168,0.0007127257741608162,-12.0,-3.493075586542085,12.0,-0.001574357974802321,0.0003493788312316255,0.0003493788319443504,0.0006988289364661169,0.0005262203834735801,-0.0003493788312316246
2,0.0028771000000004966,6.979295292724339,0.0007136093193440551,-12.0,-3.488577225247061,12.0,-0.001573945026599743,0.0003489290834566413,0.0003489290841702498,0.000697929529272434,0.0005271564997396949,-0.0003489290834566405
2,0.0028773000000004967,6.970290199556242,0.0007144917471975099,-12.0,-3.484073355012407,12.0,-0.001573531170024622,0.0003484787846759613,0.0003484787853904522,0.0006970290199556242,0.00052809336065196,-0.0003484787846759604
2,0.002877500000000497,6.961274099377241,0.0007153730563524974,-12.0,-3.479563982950362,12.0,-0.001573116404552821,0.0003480279356006723,0.0003480279363160444,0.0006961274099377241,0.0005290309635540003,-0.0003480279356006714
2,0.002877700000000497,6.952247006425139,0.000716253245456322,-12.0,-3.475049116181852,12.0,-0.001572700729664311,0.0003475765369427316,0.0003475765376589842,0.000695224700642514,0.0005299693057894406,-0.0003475765369427309
2,0.002877900000000497,6.943208934955017,0.0007171323131602847,-12.0,-3.470528761836444,12.0,-0.001572284144841174,0.0003471245894149613,0.0003471245901320929,0.0006943208934955017,0.000530908384702572,-0.0003471245894149605
2,0.002878100000000497,6.934159899239317,0.0007180102580992553,-12.0,-3.466002927052407,12.0,-0.001571866649568876,0.0003466720937310515,0.0003466720944490609,0.0006934159899239317,0.000531848197637963,-0.0003466720937310506
2,0.0028783000000004973,6.925099913567845,0.0007188870789254231,-12.0,-3.461471618976663,12.0,-0.00157144824333566,0.0003462190506055597,0.000346219051324446,0.0006925099913567845,0.0005327887419406541,-0.0003462190506055589
2,0.0028785000000004974,6.916028992247637,0.0007197627742900892,-12.0,-3.456934844764755,12.0,-0.001571028925633156,0.0003457654607539054,0.0003457654614736674,0.0006916028992247637,0.0005337300149558799,-0.0003457654607539046
2,0.0028787000000004975,6.906947149602971,0.0007206373428463309,-12.0,-3.452392611580843,12.0,-0.001570608695955489,0.0003453113248923697,0.0003453113256130062,0.0006906947149602971,0.0005346720140297356,-0.0003453113248923689
2,0.0028789000000004976,6.897854399975467,0.0007215107832285739,-12.0,-3.447844926597783,12.0,-0.001570187553800229,0.0003448566437381019,0.0003448566444596119,0.0006897854399975467,0.0005356147365082053,-0.0003448566437381012
2,0.0028791000000004978,6.88875075772392,0.0007223830941089915,-12.0,-3.443291796996966,12.0,-0.00156976549866783,0.0003444014180091083,0.0003444014187314905,0.0006888750757723921,0.0005365581797380503,-0.0003444014180091075
2,0.002879300000000498,6.879636237224258,0.0007232542741379966,-12.0,-3.438733229968379,12.0,-0.001569342530061579,0.0003439456484242525,0.000343945649147506,0.0006879636237224258,0.0005375023410664481,-0.0003439456484242517
2,0.002879500000000498,6.870510852869699,0.000724124321955788,-12.0,-3.434169232710673,12.0,-0.001568918647488093,0.0003434893357032636,0.0003434893364273871,0.0006870510852869699,0.0005384472178409094,-0.0003434893357032629
2,0.002879700000000498,6.861374619070576,0.0007249932362398681,-12.0,-3.429599812430996,12.0,-0.001568493850456876,0.0003430324805667244,0.0003430324812917168,0.0006861374619070576,0.000539392807409389,-0.0003430324805667236
2,0.002879900000000498,6.852227550254272,0.0007258610156424261,-12.0,-3.425024976345062,12.0,-0.00156806813848015,0.0003425750837360713,0.0003425750844619315,0.0006852227550254271,0.0005403391071206742,-0.0003425750837360705
2,0.0028801000000004983,6.843069660865408,0.0007267276588089899,-12.0,-3.420444731677214,12.0,-0.001567641511074191,0.0003421171459336031,0.00034211714666033,0.0006843069660865409,0.0005412861143234415,-0.0003421171459336023
2,0.0028803000000004984,6.833900965365645,0.0007275931644237232,-12.0,-3.415859085660255,12.0,-0.001567213967756886,0.0003416586678824687,0.0003416586686100611,0.0006833900965365645,0.0005422338263672555,-0.0003416586678824679
2,0.0028805000000004985,6.824721478233633,0.0007284575311365948,-12.0,-3.411268045535535,12.0,-0.001566785508050339,0.000341199650306668,0.0003411996510351248,0.0006824721478233633,0.000543182240602208,-0.0003411996503066672
2,0.0028807000000004987,6.815531213965144,0.0007293207576126726,-12.0,-3.406671618552945,12.0,-0.001566356131479263,0.0003407400939310565,0.0003407400946603766,0.0006815531213965145,0.0005441313543785853,-0.0003407400939310558
2,0.0028809000000004988,6.806330187072974,0.0007301828425161361,-12.0,-3.402069811970883,12.0,-0.001565925837571369,0.0003402799994813408,0.0003402800002115229,0.0006806330187072975,0.0005450811650474507,-0.0003402799994813399
2,0.002881100000000499,6.79711841208686,0.0007310437845227113,-12.0,-3.397462633056207,12.0,-0.001565494625857533,0.0003398193676840738,0.0003398193684151169,0.000679711841208686,0.0005460316699602841,-0.000339819367684073
2,0.002881300000000499,6.787895903553526,0.000731903582291249,-12.0,-3.39285008908429,12.0,-0.001565062495871961,0.0003393581992666589,0.0003393581999985617,0.0006787895903553527,0.0005469828664690646,-0.0003393581992666582
2,0.002881500000000499,6.778662676036695,0.0007327622344925899,-12.0,-3.388232187338986,12.0,-0.0015646294471513,0.0003388964949573486,0.0003388964956901101,0.0006778662676036695,0.0005479347519264377,-0.0003388964949573478
2,0.0028817000000004992,6.769418744116943,0.0007336197398082334,-12.0,-3.383608935112561,12.0,-0.001564195479235864,0.0003384342554852377,0.0003384342562188568,0.0006769418744116943,0.0005488873236854375,-0.0003384342554852369
2,0.0028819000000004993,6.760164122391776,0.0007344760968988062,-12.0,-3.378980339705779,12.0,-0.001563760591668906,0.0003379714815802686,0.0003379714823147439,0.0006760164122391777,0.0005498405790997085,-0.0003379714815802678
2,0.0028821000000004995,6.750898825475626,0.0007353313044431431,-12.0,-3.374346408427835,12.0,-0.001563324783996733,0.0003375081739732285,0.0003375081747085592,0.0006750898825475626,0.0005507945155235061,-0.0003375081739732278
2,0.0028823000000004996,6.741622867999724,0.000736185361121855,-12.0,-3.369707148596325,12.0,-0.001562888055768485,0.0003370443333957455,0.0003370443341319301,0.0006741622867999724,0.0005517491303115574,-0.0003370443333957448
2,0.0028825000000004997,6.732336264612099,0.0007370382656124441,-12.0,-3.365062567537249,12.0,-0.001562450406536908,0.0003365799605802869,0.0003365799613173244,0.00067323362646121,0.0005527044208192555,-0.0003365799605802862
2,0.0028827000000005,6.723039029977703,0.0007378900165768698,-12.0,-3.360412672585086,12.0,-0.001562011835857469,0.000336115056260167,0.0003361150569980563,0.0006723039029977704,0.0005536603844025767,-0.0003361150562601663
2,0.0028829000000005,6.713731178778231,0.0007387406127192797,-12.0,-3.35575747108263,12.0,-0.001561572343288853,0.0003356496211695356,0.0003356496219082756,0.0006713731178778231,0.0005546170184179688,-0.000335649621169535
2,0.0028831000000005,6.704412725712059,0.0007395900527100707,-12.0,-3.351096970381064,12.0,-0.001561131928392911,0.0003351836560433782,0.0003351836567829674,0.000670441272571206,0.0005555743202226571,-0.0003351836560433774
2,0.0028833000000005,6.695083685494395,0.0007404383352298538,-12.0,-3.34643117783997,12.0,-0.001560690590734715,0.0003347171616175207,0.0003347171623579583,0.0006695083685494395,0.0005565322871742828,-0.00033471716161752
2,0.0028835000000005002,6.685744072857174,0.0007412854589663453,-12.0,-3.341760100827283,12.0,-0.001560248329882219,0.0003342501386286257,0.0003342501393699104,0.0006685744072857174,0.0005574909166312925,-0.0003342501386286249
2,0.0028837000000005004,6.676393902548959,0.0007421314226130349,-12.0,-3.337083746719246,12.0,-0.00155980514540649,0.0003337825878141866,0.0003337825885563173,0.0006676393902548959,0.000558450205952632,-0.000333782587814186
2,0.0028839000000005005,6.667033189335009,0.0007429762248460925,-12.0,-3.332402122900473,12.0,-0.001559361036882034,0.0003333145099125326,0.0003333145106555081,0.000666703318933501,0.0005594101524978579,-0.0003333145099125319
2,0.0028841000000005006,6.657661947997274,0.0007438198643590077,-12.0,-3.3277152367639,12.0,-0.00155891600388619,0.0003328459056628267,0.0003328459064066458,0.0006657661947997274,0.0005603707536273317,-0.0003328459056628259
2,0.0028843000000005007,6.648280193334265,0.000744662339849711,-12.0,-3.323023095710735,12.0,-0.001558470045999738,0.0003323767758050592,0.0003323767765497207,0.0006648280193334265,0.0005613320067018868,-0.0003323767758050584
2,0.002884500000000501,6.638887940161119,0.000745503650002366,-12.0,-3.31832570715052,12.0,-0.001558023162806121,0.0003319071210800529,0.0003319071218255559,0.0006638887940161119,0.0005622939090831058,-0.0003319071210800522
2,0.002884700000000501,6.629485203309583,0.0007463437935109063,-12.0,-3.313623078501087,12.0,-0.001557575353892449,0.0003314369422294605,0.0003314369429758037,0.0006629485203309583,0.0005632564581331545,-0.0003314369422294598
2,0.002884900000000501,6.620071997627903,0.0007471827690808119,-12.0,-3.308915217188503,12.0,-0.001557126618848714,0.000330966239995759,0.0003309662407429412,0.0006620071997627903,0.0005642196512149478,-0.0003309662399957584
2,0.002885100000000501,6.610648337980875,0.0007480205753971347,-12.0,-3.304202130647136,12.0,-0.001556676957268133,0.000330495015122254,0.0003304950158702739,0.0006610648337980875,0.000565183485692039,-0.0003304950151222533
2,0.0028853000000005013,6.601214239249845,0.0007488572111626901,-12.0,-3.299483826319606,12.0,-0.001556226368747027,0.0003300232683530776,0.0003300232691019342,0.0006601214239249846,0.0005661479589287866,-0.0003300232683530769
2,0.0028855000000005014,6.591769716332575,0.0007496926750842903,-12.0,-3.294760311656734,12.0,-0.001555774852884995,0.0003295510004331826,0.0003295510011828745,0.0006591769716332575,0.0005671130682900205,-0.0003295510004331819
2,0.0028857000000005015,6.582314784143334,0.0007505269658509839,-12.0,-3.290031594117621,12.0,-0.001555322409284798,0.0003290782121083479,0.0003290782128588741,0.0006582314784143334,0.0005680788111413482,-0.0003290782121083472
2,0.0028859000000005016,6.572849457612809,0.0007513600821829058,-12.0,-3.285297681169529,12.0,-0.001554869037552198,0.0003286049041251718,0.0003286049048765313,0.0006572849457612809,0.0005690451848492373,-0.0003286049041251712
2,0.0028861000000005017,6.563373751688101,0.0007521920227659962,-12.0,-3.280558580287981,12.0,-0.001554414737296006,0.0003281310772310754,0.0003281310779832668,0.0006563373751688101,0.0005700121867807384,-0.0003281310772310747
2,0.002886300000000502,6.553887681332706,0.0007530227863252748,-12.0,-3.275814298956637,12.0,-0.001553959508128977,0.0003276567321742969,0.0003276567329273191,0.0006553887681332707,0.0005709798143035683,-0.0003276567321742962
2,0.002886500000000502,6.544391261526466,0.0007538523715542311,-12.0,-3.271064844667378,12.0,-0.001553503349666197,0.0003271818697038939,0.0003271818704577456,0.0006544391261526466,0.0005719480647863595,-0.0003271818697038932
2,0.002886700000000502,6.534884507265626,0.000754680777167227,-12.0,-3.266310224920255,12.0,-0.001553046261526358,0.0003267064905697428,0.0003267064913244229,0.0006534884507265627,0.0005729169355983277,-0.0003267064905697422
2,0.002886900000000502,6.525367433562677,0.000755508001882621,-12.0,-3.261550447223433,12.0,-0.001552588243331265,0.0003262305955225323,0.0003262305962780397,0.0006525367433562677,0.0005738864241094377,-0.0003262305955225316
2,0.0028871000000005023,6.515840055446422,0.0007563340444036726,-12.0,-3.256785519093266,12.0,-0.001552129294705995,0.0003257541853137675,0.0003257541860701009,0.0006515840055446422,0.0005748565276905149,-0.0003257541853137669
2,0.0028873000000005024,6.506302387961988,0.0007571589034451875,-12.0,-3.252015448054237,12.0,-0.001551669415278512,0.0003252772606957689,0.0003252772614529271,0.0006506302387961988,0.0005758272437131062,-0.0003252772606957682
2,0.0028875000000005025,6.496754446170682,0.0007579825777339622,-12.0,-3.247240241638915,12.0,-0.001551208604680665,0.0003247998224216655,0.0003247998231796474,0.0006496754446170683,0.0005767985695494249,-0.0003247998224216649
2,0.0028877000000005026,6.487196245150073,0.0007588050659723677,-12.0,-3.242459907388027,12.0,-0.001550746862546359,0.0003243218712454007,0.000324321872004205,0.0006487196245150073,0.0005777705025726554,-0.0003243218712454
2,0.0028879000000005027,6.477627799993914,0.0007596263668956382,-12.0,-3.237674452850349,12.0,-0.001550284188514217,0.0003238434079217252,0.000323843408681351,0.0006477627799993914,0.0005787430401564819,-0.0003238434079217245
2,0.002888100000000503,6.468049125812125,0.0007604464792119181,-12.0,-3.232883885582779,12.0,-0.001549820582224803,0.0003233644332061997,0.0003233644339666457,0.0006468049125812125,0.0005797161796757822,-0.0003233644332061991
2,0.002888300000000503,6.45846023773083,0.0007612654016471154,-12.0,-3.22808821315029,12.0,-0.001549356043322403,0.0003228849478551945,0.0003228849486164592,0.000645846023773083,0.0005806899185057668,-0.0003228849478551938
2,0.002888500000000503,6.448861150892216,0.0007620831329329114,-12.0,-3.223287443125877,12.0,-0.001548890571454797,0.0003224049526258816,0.0003224049533879642,0.0006448861150892216,0.0005816642540227845,-0.000322404952625881
2,0.002888700000000503,6.439251880454593,0.0007628996717841119,-12.0,-3.218481583090624,12.0,-0.001548424166272266,0.0003219244482762414,0.0003219244490391405,0.0006439251880454594,0.0005826391836039613,-0.0003219244482762408
2,0.0028889000000005033,6.429632441592402,0.0007637150169323981,-12.0,-3.213670640633653,12.0,-0.001547956827429309,0.000321443435565059,0.0003214434363287735,0.0006429632441592403,0.0005836147046270335,-0.0003214434355650586
2,0.0028891000000005034,6.420002849496068,0.0007645291671125598,-12.0,-3.208854623352074,12.0,-0.001547488554582754,0.0003209619152519192,0.0003209619160164478,0.0006420002849496069,0.0005845908144708201,-0.0003209619152519186
2,0.0028893000000005035,6.410363119372069,0.000765342121044732,-12.0,-3.204033538851046,12.0,-0.001547019347392875,0.0003204798880972097,0.0003204798888625512,0.000641036311937207,0.0005855675105147506,-0.0003204798880972091
2,0.0028895000000005036,6.400713266442949,0.000766153877466369,-12.0,-3.199207394743736,12.0,-0.001546549205523773,0.0003199973548621209,0.0003199973556282741,0.0006400713266442949,0.0005865447901393372,-0.0003199973548621202
2,0.0028897000000005038,6.391053305947154,0.0007669644351180338,-12.0,-3.194376198651256,12.0,-0.001546078128642103,0.000319514316308638,0.0003195143170756018,0.0006391053305947154,0.000587522650725647,-0.0003195143163086374
2,0.002889900000000504,6.381383253139143,0.0007677737927216377,-12.0,-3.189539958202751,12.0,-0.001545606116417964,0.0003190307731995478,0.000319030773967321,0.0006381383253139144,0.0005885010896558851,-0.0003190307731995472
2,0.002890100000000504,6.371703123289285,0.0007685819490306223,-12.0,-3.184698681035277,12.0,-0.001545133168524782,0.0003185467262984315,0.0003185467270670127,0.0006371703123289285,0.0005894801043129783,-0.0003185467262984308
2,0.002890300000000504,6.362012931683878,0.0007693889027660106,-12.0,-3.179852374793901,12.0,-0.001544659284639427,0.0003180621763696672,0.0003180621771390556,0.0006362012931683878,0.0005904596920806304,-0.0003180621763696667
2,0.002890500000000504,6.352312693625098,0.0007701946526870174,-12.0,-3.175001047131571,12.0,-0.001544184464441656,0.0003175771241784265,0.0003175771249486206,0.0006352312693625098,0.0005914398503436558,-0.0003175771241784259
2,0.0028907000000005043,6.34260242443097,0.0007709991975199948,-12.0,-3.170144705709213,12.0,-0.001543708707614611,0.0003170915704906739,0.0003170915712616725,0.000634260242443097,0.0005924205764875345,-0.0003170915704906733
2,0.0028909000000005044,6.332882139435428,0.0007718025360157199,-12.0,-3.165283358195665,12.0,-0.001543232013844875,0.0003166055160731687,0.0003166055168449707,0.0006332882139435429,0.000593401867898774,-0.0003166055160731681
2,0.0028911000000005046,6.323151853988136,0.0007726046669258579,-12.0,-3.160417012267631,12.0,-0.001542754382822087,0.0003161189616934563,0.0003161189624660605,0.0006323151853988135,0.0005943837219647141,-0.0003161189616934557
2,0.0028913000000005047,6.313411583454572,0.0007734055889869751,-12.0,-3.15554567560975,12.0,-0.001542275814239269,0.0003156319081198742,0.0003156319088932793,0.0006313411583454572,0.0005953661360736107,-0.0003156319081198737
2,0.0028915000000005048,6.303661343216037,0.0007742053009511807,-12.0,-3.150669355914539,12.0,-0.001541796307792553,0.0003151443561215495,0.0003151443568957543,0.0006303661343216037,0.0005963491076147187,-0.000315144356121549
2,0.002891700000000505,6.293901148669501,0.0007750038015772454,-12.0,-3.145788060882346,12.0,-0.00154131586318168,0.0003146563064683929,0.0003146563072433962,0.0006293901148669501,0.0005973326339778762,-0.0003146563064683923
2,0.002891900000000505,6.284131015227673,0.000775801089605288,-12.0,-3.140901798221418,12.0,-0.001540834480109332,0.000314167759931103,0.0003141677607069034,0.0006284131015227673,0.0005983167125543365,-0.0003141677599311023
2,0.002892100000000505,6.274350958319013,0.0007765971637954117,-12.0,-3.136010575647841,12.0,-0.001540352158281744,0.0003136787172811642,0.0003136787180577609,0.0006274350958319013,0.0005993013407359082,-0.0003136787172811637
2,0.0028923000000005052,6.264560993387582,0.0007773920229063869,-12.0,-3.131114400885512,12.0,-0.001539868897408259,0.0003131891792908424,0.0003131891800682338,0.0006264560993387583,0.0006002865159155379,-0.0003131891792908418
2,0.0028925000000005053,6.254761135893066,0.0007781856656974284,-12.0,-3.12621328166613,12.0,-0.001539384697201496,0.0003126991467331834,0.0003126991475113685,0.0006254761135893066,0.0006012722354870326,-0.0003126991467331828
2,0.0028927000000005055,6.244951401310868,0.0007789780909099875,-12.0,-3.121307225729288,12.0,-0.001538899557377404,0.0003122086203820203,0.0003122086211609979,0.0006244951401310868,0.0006022584968450595,-0.0003122086203820198
2,0.0028929000000005056,6.23513180513195,0.0007797692973285919,-12.0,-3.116396240822289,12.0,-0.001538413477655376,0.0003117176010119623,0.0003117176017917311,0.0006235131805131951,0.0006032452973854796,-0.0003117176010119618
2,0.0028931000000005057,6.225302362862751,0.0007805592837075714,-12.0,-3.111480334700221,12.0,-0.001537926457758187,0.0003112260893983934,0.0003112260901789521,0.0006225302362862751,0.0006042326345049032,-0.0003112260893983929
2,0.002893300000000506,6.215463090025402,0.0007813480487963709,-12.0,-3.106559515126027,12.0,-0.001537438497411281,0.0003107340863174829,0.0003107340870988303,0.0006215463090025402,0.0006052205056009952,-0.0003107340863174823
2,0.002893500000000506,6.20561400215751,0.0007821355913835148,-12.0,-3.101633789870324,12.0,-0.001536949596343873,0.0003102415925461713,0.0003102415933283064,0.0006205614002157511,0.0006062089080725308,-0.0003102415925461708
2,0.002893700000000506,6.195755114812108,0.0007829219102282181,-12.0,-3.096703166711491,12.0,-0.00153645975428901,0.0003097486088621725,0.000309748609645094,0.0006195755114812108,0.0006071978393188959,-0.000309748608862172
2,0.002893900000000506,6.185886443557768,0.0007837070040959127,-12.0,-3.09176765343567,12.0,-0.001535968970981905,0.0003092551360439771,0.0003092551368276836,0.0006185886443557768,0.0006081872967408364,-0.0003092551360439766
2,0.0028941000000005063,6.17600800397854,0.0007844908717591359,-12.0,-3.086827257836722,12.0,-0.001535477246161765,0.0003087611748708487,0.0003087611756553391,0.000617600800397854,0.0006091772777400417,-0.0003087611748708482
2,0.0028943000000005064,6.166119811673828,0.0007852735119993071,-12.0,-3.08188198771618,12.0,-0.001534984579571408,0.0003082667261228184,0.0003082667269080915,0.0006166119811673828,0.0006101677797188954,-0.0003082667261228179
2,0.0028945000000005065,6.156221882258466,0.0007860549235800818,-12.0,-3.076931850883313,12.0,-0.001534490970956037,0.0003077717905806899,0.0003077717913667443,0.0006156221882258466,0.0006111588000813073,-0.0003077717905806893
2,0.0028947000000005066,6.146314231362704,0.0007868351052819911,-12.0,-3.071976855155078,12.0,-0.001533996420065187,0.0003072763690260366,0.0003072763698128712,0.0006146314231362705,0.0006121503362316871,-0.000307276369026036
2,0.0028949000000005067,6.136396874632073,0.0007876140558900069,-12.0,-3.067017008356061,12.0,-0.00153350092665111,0.0003067804622411956,0.0003067804630288092,0.0006136396874632074,0.000613142385575749,-0.0003067804622411951
2,0.002895100000000507,6.126469827727457,0.0007883917741726698,-12.0,-3.062052318318551,12.0,-0.001533004490469392,0.0003062840710092729,0.0003062840717976642,0.0006126469827727457,0.0006141349455202061,-0.0003062840710092723
2,0.002895300000000507,6.116533106325088,0.0007891682589176163,-12.0,-3.057082792882485,12.0,-0.001532507111279113,0.0003057871961141408,0.0003057871969033086,0.0006116533106325088,0.0006151280134728543,-0.0003057871961141403
2,0.002895500000000507,6.10658672611642,0.0007899435089107065,-12.0,-3.052108439895409,12.0,-0.001532008788842965,0.0003052898383404325,0.0003052898391303755,0.0006106586726116421,0.0006161215868423775,-0.0003052898383404319
2,0.002895700000000507,6.096630702808125,0.000790717522940021,-12.0,-3.047129267212476,12.0,-0.0015315095229263,0.0003047919984735422,0.0003047919992642592,0.0006096630702808125,0.0006171156630385699,-0.0003047919984735416
2,0.0028959000000005073,6.086665052122203,0.0007914902997749884,-12.0,-3.042145282696536,12.0,-0.001531009313298415,0.0003042936772996316,0.0003042936780911214,0.0006086665052122204,0.0006181102394723637,-0.0003042936772996311
2,0.0028961000000005074,6.076689789795824,0.0007922618382267821,-12.0,-3.037156494217954,12.0,-0.001530508159731714,0.0003037948756056186,0.0003037948763978799,0.0006076689789795824,0.0006191053135556901,-0.000303794875605618
2,0.0028963000000005075,6.066704931581237,0.0007930321370799298,-12.0,-3.032162909654677,12.0,-0.001530006062001876,0.0003032955941791762,0.0003032955949722078,0.0006066704931581237,0.0006201008827014798,-0.0003032955941791757
2,0.0028965000000005076,6.056710493245981,0.0007938011951087454,-12.0,-3.027164536892315,12.0,-0.001529503019887968,0.0003027958338087429,0.0003027958346025436,0.0006056710493245981,0.0006210969443238568,-0.0003027958338087424
2,0.0028967000000005077,6.046706490572689,0.0007945690111341719,-12.0,-3.022161383823953,12.0,-0.001528999033172607,0.0003022955952835092,0.0003022955960780777,0.0006046706490572688,0.0006220934958379443,-0.0003022955952835087
2,0.002896900000000508,6.036692939359007,0.000795335583939405,-12.0,-3.017153458350238,12.0,-0.001528494101641353,0.0003017948793934183,0.0003017948801887534,0.0006036692939359007,0.0006230905346599758,-0.0003017948793934178
2,0.002897100000000508,6.026669855417741,0.0007961009123205187,-12.0,-3.012140768379381,12.0,-0.001527988225083321,0.0003012936869291707,0.000301293687725271,0.0006026669855417741,0.0006240880582073782,-0.0003012936869291702
2,0.002897300000000508,6.016637254576771,0.0007968649950775841,-12.0,-3.007123321827119,12.0,-0.001527481403291342,0.0003007920186822202,0.0003007920194790847,0.0006016637254576771,0.0006250860638985223,-0.0003007920186822196
2,0.002897500000000508,6.006595152678933,0.0007976278310213303,-12.0,-3.002101126616656,12.0,-0.001526973636061135,0.0003002898754447682,0.0003002898762423956,0.0006006595152678934,0.0006260845491528333,-0.0003002898754447678
2,0.0028977000000005083,5.996543565582094,0.0007983894189429463,-12.0,-2.997074190678738,12.0,-0.001526464923191806,0.0002997872580097686,0.0002997872588081576,0.0005996543565582094,0.0006270835113911521,-0.0002997872580097681
2,0.0028979000000005084,5.986482509159144,0.000799149757650941,-12.0,-2.992042521951598,12.0,-0.001525955264486123,0.0002992841671709254,0.0002992841679700747,0.0005986482509159144,0.0006280829480350136,-0.0002992841671709249
2,0.0028981000000005085,5.976411999297852,0.000799908845959818,-12.0,-2.987006128380898,12.0,-0.001525444659749742,0.0002987806037226862,0.0002987806045225946,0.0005976411999297853,0.0006290828565075068,-0.0002987806037226858
2,0.0028983000000005086,5.966332051900946,0.0008006666826669839,-12.0,-2.981965017919806,12.0,-0.001524933108792426,0.0002982765684602478,0.0002982765692609139,0.0005966332051900947,0.0006300832342324425,-0.0002982765684602473
2,0.0028985000000005087,5.956242682886101,0.0008014232665871646,-12.0,-2.976919198528937,12.0,-0.001524420611426491,0.000297772062179553,0.0002977720629809757,0.0005956242682886101,0.0006310840786351024,-0.0002977720621795525
2,0.002898700000000509,5.946143908185797,0.0008021785965404149,-12.0,-2.971868678176302,12.0,-0.001523907167468308,0.0002972670856772846,0.0002972670864794628,0.0005946143908185797,0.0006320853871417675,-0.0002972670856772842
2,0.002898900000000509,5.936035743747389,0.0008029326713290263,-12.0,-2.966813464837374,12.0,-0.001523392776736965,0.0002967616397508707,0.000296761640553803,0.000593603574374739,0.0006330871571798014,-0.0002967616397508703
2,0.002899100000000509,5.925918205533105,0.0008036854897719437,-12.0,-2.96175356649504,12.0,-0.001522877439055326,0.0002962557251984817,0.0002962557260021667,0.0005925918205533106,0.0006340893861779273,-0.0002962557251984812
2,0.002899300000000509,5.915791309519931,0.0008044370506927745,-12.0,-2.956688991139556,12.0,-0.001522361154249807,0.0002957493428190254,0.0002957493436234619,0.0005915791309519931,0.0006350920715657293,-0.0002957493428190249
2,0.0028995000000005093,5.905655071699603,0.0008051873529093534,-12.0,-2.951619746768563,12.0,-0.001521843922150046,0.0002952424934121478,0.0002952424942173347,0.0005905655071699604,0.0006360952107741791,-0.0002952424934121473
2,0.0028997000000005094,5.895509508078654,0.0008059363952388487,-12.0,-2.946545841387105,12.0,-0.001521325742588675,0.0002947351777782349,0.0002947351785841707,0.0005895509508078655,0.0006370988012353584,-0.0002947351777782344
2,0.0028999000000005095,5.885354634678363,0.000806684176503758,-12.0,-2.941467283007585,12.0,-0.00152080661540227,0.0002942273967184092,0.000294227397525093,0.0005885354634678363,0.0006381028403825151,-0.0002942273967184089
2,0.0029001000000005096,5.875190467534654,0.0008074306955390131,-12.0,-2.936384079649711,12.0,-0.00152028654043046,0.0002937191510345254,0.0002937191518419558,0.0005875190467534655,0.0006391073256500901,-0.000293719151034525
2,0.0029003000000005098,5.865017022698139,0.0008081759511606723,-12.0,-2.931296239340569,12.0,-0.001519765517516425,0.0002932104415291734,0.000293210442337349,0.0005865017022698139,0.0006401122544736904,-0.000293210441529173
2,0.00290050000000051,5.854834316234139,0.0008089199422001148,-12.0,-2.92620377011457,12.0,-0.00151924354650651,0.0002927012690056774,0.000292701269814597,0.0005854834316234139,0.000641117624290144,-0.000292701269005677
2,0.00290070000000051,5.844642364222516,0.0008096626674971574,-12.0,-2.921106680013385,12.0,-0.001518720627250836,0.0002921916342680886,0.0002921916350777509,0.0005844642364222516,0.000642123432537528,-0.0002921916342680883
2,0.00290090000000051,5.834441182757761,0.0008104041258707451,-12.0,-2.916004977086033,12.0,-0.001518196759602686,0.0002916815381211909,0.0002916815389315945,0.0005834441182757761,0.0006431296766549466,-0.0002916815381211904
2,0.00290110000000051,5.824230787948997,0.0008111443161615828,-12.0,-2.910898669388812,12.0,-0.001517671943418508,0.0002911709813704978,0.0002911709821816418,0.0005824230787948997,0.0006441363540829748,-0.0002911709813704974
2,0.0029013000000005103,5.814011195919801,0.000811883237211708,-12.0,-2.905787764985251,12.0,-0.001517146178558637,0.0002906599648222468,0.0002906599656341295,0.0005814011195919801,0.0006451434622631869,-0.0002906599648222463
2,0.0029015000000005104,5.803782422808344,0.0008126208878458385,-12.0,-2.900672271946194,12.0,-0.001516619464886571,0.0002901484892834044,0.0002901484900960249,0.0005803782422808344,0.0006461509986384062,-0.000290148489283404
2,0.0029017000000005106,5.793544484767256,0.000813357266921555,-12.0,-2.895552198349674,12.0,-0.001516091802269137,0.00028963655556166,0.0002896365563750168,0.0005793544484767256,0.0006471589606527606,-0.0002896365555616596
2,0.0029019000000005107,5.783297397963638,0.0008140923732631311,-12.0,-2.890427552281,12.0,-0.001515563190576386,0.0002891241644654268,0.0002891241652795188,0.0005783297397963639,0.0006481673457517101,-0.0002891241644654263
2,0.0029021000000005108,5.7730411785791,0.0008148262057232625,-12.0,-2.885298341832703,12.0,-0.001515033629682583,0.000288611316803843,0.0002886113176186689,0.00057730411785791,0.0006491761513817418,-0.0002886113168038426
2,0.002902300000000511,5.762775842809588,0.0008155587631526462,-12.0,-2.880164575104477,12.0,-0.001514503119464328,0.0002880980133867634,0.0002880980142023218,0.0005762775842809588,0.0006501853749906195,-0.0002880980133867629
2,0.002902500000000511,5.752501406865471,0.0008162900443873244,-12.0,-2.875026260203255,12.0,-0.001513971659802549,0.0002875842550247646,0.0002875842558410542,0.0005752501406865471,0.0006511950140274947,-0.0002875842550247642
2,0.002902700000000511,5.742217886971542,0.0008170200482799927,-12.0,-2.869883405243151,12.0,-0.001513439250580839,0.0002870700425291436,0.0002870700433461631,0.0005742217886971542,0.000652205065942657,-0.0002870700425291431
2,0.0029029000000005112,5.731925299366869,0.0008177487736922284,-12.0,-2.864736018345408,12.0,-0.001512905891686733,0.0002865553767119104,0.0002865553775296589,0.000573192529936687,0.0006532155281878116,-0.00028655537671191
2,0.0029031000000005113,5.721623660304867,0.0008184762194611839,-12.0,-2.85958410763848,12.0,-0.00151237158301093,0.0002860402583857946,0.0002860402592042703,0.0005721623660304867,0.0006542263982156349,-0.0002860402583857941
2,0.0029033000000005115,5.711312986053238,0.0008192023844575402,-12.0,-2.854427681257909,12.0,-0.001511836324447624,0.000285524688364237,0.000285524689183439,0.0005711312986053238,0.0006552376734803855,-0.0002855246883642367
2,0.0029035000000005116,5.700993292893942,0.0008199272675257774,-12.0,-2.84926674734641,12.0,-0.001511300115894454,0.000285008667461394,0.0002850086682813209,0.0005700993292893943,0.0006562493514375156,-0.0002850086674613936
2,0.0029037000000005117,5.690664597123236,0.0008206508675283608,-12.0,-2.844101314053817,12.0,-0.001510762957252554,0.000284492196492135,0.0002844921973127854,0.0005690664597123237,0.0006572614295435597,-0.0002844921964921345
2,0.002903900000000512,5.680326915051519,0.0008213731833353055,-12.0,-2.838931389537025,12.0,-0.001510224848426223,0.0002839752762720363,0.0002839752770934092,0.000568032691505152,0.0006582739052566067,-0.0002839752762720361
2,0.002904100000000512,5.669980263003421,0.0008220942137922016,-12.0,-2.83375698196008,12.0,-0.001509685789323201,0.0002834579076173876,0.0002834579084394814,0.0005669980263003421,0.0006592867760360221,-0.0002834579076173872
2,0.002904300000000512,5.659624657317722,0.0008228139577821647,-12.0,-2.828578099494047,12.0,-0.001509145779855059,0.0002829400913451834,0.000282940092167997,0.0005659624657317722,0.000660300039342171,-0.000282940091345183
2,0.002904500000000512,5.649260114347332,0.0008235324141574463,-12.0,-2.823394750317106,12.0,-0.001508604819936366,0.0002824218282731267,0.0002824218290966587,0.0005649260114347331,0.0006613136926371666,-0.0002824218282731263
2,0.0029047000000005123,5.638886650459333,0.0008242495817902817,-12.0,-2.818206942614485,12.0,-0.001508062909485353,0.0002819031192196279,0.0002819031200438771,0.0005638886650459333,0.0006623277333840105,-0.0002819031192196276
2,0.0029049000000005124,5.628504282034813,0.000824965459560012,-12.0,-2.813014684578412,12.0,-0.001507520048423472,0.0002813839650037976,0.0002813839658287626,0.0005628504282034813,0.0006633421590473976,-0.0002813839650037972
2,0.0029051000000005125,5.61811302546895,0.0008256800463259939,-12.0,-2.807817984408186,12.0,-0.001506976236675894,0.0002808643664454515,0.0002808643672711312,0.000561811302546895,0.0006643569670930771,-0.0002808643664454512
2,0.0029053000000005126,5.607712897171004,0.0008263933409662361,-12.0,-2.80261685031012,12.0,-0.001506431474170955,0.000280344324365109,0.000280344325191502,0.0005607712897171005,0.0006653721549882141,-0.0002803443243651086
2,0.0029055000000005127,5.597303913564174,0.0008271053423654084,-12.0,-2.797411290497485,12.0,-0.001505885760840486,0.0002798238395839854,0.0002798238404110904,0.0005597303913564174,0.0006663877202013335,-0.000279823839583985
2,0.002905700000000513,5.586886091085666,0.0008278160493901954,-12.0,-2.792201313190587,12.0,-0.00150533909662004,0.0002793029129239981,0.0002793029137518138,0.0005586886091085666,0.0006674036602022371,-0.0002793029129239978
2,0.002905900000000513,5.576459446186691,0.0008285254609243786,-12.0,-2.786986926616704,12.0,-0.001504791481447998,0.0002787815452077632,0.0002787815460362883,0.0005576459446186692,0.0006684199724622253,-0.0002787815452077629
2,0.002906100000000513,5.566023995332335,0.0008292335758539604,-12.0,-2.781768139010051,12.0,-0.001504242915267018,0.0002782597372585909,0.0002782597380878241,0.0005566023995332335,0.0006694366544535979,-0.0002782597372585905
2,0.002906300000000513,5.555579755001554,0.000829940393065387,-12.0,-2.776544958611775,12.0,-0.00150369339802231,0.0002777374899004845,0.0002777374907304245,0.0005555579755001555,0.000670453703650542,-0.0002777374899004841
2,0.0029065000000005133,5.545126741687294,0.0008306459114246767,-12.0,-2.771317393670051,12.0,-0.001503142929663026,0.000277214803958148,0.0002772148047887935,0.0005545126741687295,0.0006714711175280774,-0.0002772148039581476
2,0.0029067000000005134,5.534664971896316,0.0008313501298460313,-12.0,-2.766085452439888,12.0,-0.001502591510141871,0.0002766916802569738,0.0002766916810883235,0.0005534664971896316,0.0006724888935628615,-0.0002766916802569734
2,0.0029069000000005135,5.524194462149118,0.0008320530472056831,-12.0,-2.76084914318322,12.0,-0.001502039139414657,0.0002761681196230429,0.0002761681204550956,0.0005524194462149118,0.0006735070292329393,-0.0002761681196230426
2,0.0029071000000005136,5.513715228980092,0.0008327546623938531,-12.0,-2.755608474168909,12.0,-0.00150148581744064,0.0002756441228831306,0.0002756441237158849,0.0005513715228980092,0.0006745255220176605,-0.0002756441228831303
2,0.0029073000000005137,5.503227288937419,0.0008334549743054254,-12.0,-2.750363453672701,12.0,-0.001500931544183182,0.0002751196908647011,0.0002751196916981557,0.0005503227288937419,0.000675544369397596,-0.0002751196908647007
2,0.002907500000000514,5.492730658582957,0.00083415398184572,-12.0,-2.745114089977171,12.0,-0.001500376319607977,0.0002745948243959019,0.0002745948252300556,0.0005492730658582957,0.0006765635688551486,-0.0002745948243959017
2,0.002907700000000514,5.482225354492314,0.0008348516838978526,-12.0,-2.739860391371794,12.0,-0.001499820143685215,0.0002740695243055695,0.0002740695251404208,0.0005482225354492314,0.0006775831178735259,-0.0002740695243055692
2,0.002907900000000514,5.471711393254851,0.0008355480793675873,-12.0,-2.734602366152894,12.0,-0.001499263016387697,0.0002735437914232264,0.0002735437922587742,0.0005471711393254851,0.000678603013937934,-0.0002735437914232261
2,0.002908100000000514,5.461188791473512,0.0008362431671640191,-12.0,-2.729340022623578,12.0,-0.001498704937692386,0.0002730176265790746,0.0002730176274153174,0.0005461188791473512,0.0006796232545344671,-0.0002730176265790742
2,0.0029083000000005143,5.450657565764915,0.000836936946177369,-12.0,-2.724073369093822,12.0,-0.001498145907579296,0.0002724910306040003,0.0002724910314409369,0.0005450657565764915,0.0006806438371509682,-0.000272491030604
2,0.0029085000000005144,5.440117732759356,0.0008376294153187303,-12.0,-2.718802413880406,12.0,-0.001497585926031886,0.0002719640043295728,0.0002719640051672019,0.0005440117732759356,0.000681664759276418,-0.0002719640043295724
2,0.0029087000000005145,5.429569309100652,0.0008383205734994181,-12.0,-2.713527165306871,12.0,-0.001497024993037332,0.0002714365485880374,0.0002714365494263577,0.0005429569309100653,0.0006826860184014905,-0.000271436548588037
2,0.0029089000000005146,5.419012311446151,0.000839010419630748,-12.0,-2.708247631703525,12.0,-0.001496463108585921,0.0002709086642123159,0.0002709086650513261,0.0005419012311446152,0.0006837076120181085,-0.0002709086642123156
2,0.0029091000000005147,5.408446756466858,0.000839698952604051,-12.0,-2.702963821407533,12.0,-0.001495900272671657,0.000270380352036014,0.0002703803528757127,0.0005408446756466858,0.000684729537619666,-0.0002703803520360137
2,0.002909300000000515,5.397872660847248,0.0008403861713599525,-12.0,-2.697675742762722,12.0,-0.001495336485291987,0.0002698516128934085,0.0002698516137337945,0.0005397872660847249,0.0006857517927009449,-0.0002698516128934082
2,0.002909500000000515,5.387290041285173,0.0008410720748031064,-12.0,-2.692383404119661,12.0,-0.001494771746447576,0.0002693224476194467,0.0002693224484605185,0.0005387290041285174,0.0006867743747582256,-0.0002693224476194465
2,0.002909700000000515,5.376698914492112,0.0008417566618368344,-12.0,-2.687086813835734,12.0,-0.001494206056142866,0.0002687928570497573,0.0002687928578915138,0.0005376698914492112,0.0006877972812892319,-0.0002687928570497571
2,0.002909900000000515,5.366099297192908,0.000842439931403538,-12.0,-2.68178598027495,12.0,-0.001493639414385517,0.0002682628420206357,0.0002682628428630752,0.0005366099297192908,0.0006888205097931033,-0.0002682628420206354
2,0.0029101000000005153,5.355491206125746,0.0008431218824134223,-12.0,-2.676480911808034,12.0,-0.001493071821186853,0.0002677324033690451,0.0002677324042121667,0.0005355491206125747,0.0006898440577704223,-0.0002677324033690447
2,0.0029103000000005154,5.344874658042271,0.0008438025137875727,-12.0,-2.671171616812429,12.0,-0.001492503276561363,0.000267201541932622,0.0002672015427764242,0.0005344874658042272,0.0006908679227232151,-0.0002672015419326217
2,0.0029105000000005155,5.334249669707493,0.0008444818244515151,-12.0,-2.66585810367225,12.0,-0.001491933780527421,0.0002666702585496705,0.0002666702593941521,0.0005334249669707494,0.0006918921021550062,-0.0002666702585496702
2,0.0029107000000005157,5.323616257899688,0.0008451598133432103,-12.0,-2.660540380778231,12.0,-0.00149136333310651,0.0002661385540591577,0.0002661385549043172,0.0005323616257899687,0.0006929165935707915,-0.0002661385540591575
2,0.0029109000000005158,5.312974439410459,0.0008458364793786366,-12.0,-2.655218456527797,12.0,-0.001490791934323776,0.0002656064293007178,0.0002656064301465541,0.0005312974439410459,0.0006939413944769823,-0.0002656064293007175
2,0.002911100000000516,5.302324231044728,0.000846511821492868,-12.0,-2.649892339325006,12.0,-0.001490219584207697,0.0002650738851146502,0.0002650738859611617,0.0005302324231044728,0.0006949665023815443,-0.0002650738851146499
2,0.002911300000000516,5.291665649620594,0.000847185838628306,-12.0,-2.644562037580497,12.0,-0.001489646282790302,0.0002645409223419128,0.0002645409231890983,0.0005291665649620594,0.0006959919147938864,-0.0002645409223419125
2,0.002911500000000516,5.280998711969406,0.0008478585297071461,-12.0,-2.639227559711557,12.0,-0.001489072030106953,0.0002640075418241267,0.000264007542671985,0.0005280998711969406,0.0006970176292248886,-0.0002640075418241264
2,0.0029117000000005162,5.270323434935754,0.00084852989367179,-12.0,-2.63388891414207,12.0,-0.001488496826196839,0.0002634737444035745,0.0002634737452521041,0.0005270323434935754,0.0006980436431869297,-0.0002634737444035742
2,0.0029119000000005163,5.259639835377321,0.0008491999294697461,-12.0,-2.628546109302456,12.0,-0.001487920671102261,0.000262939530923193,0.0002629395317723926,0.0005259639835377321,0.0006990699541938039,-0.0002629395309231926
2,0.0029121000000005164,5.24894793016496,0.0008498686360300933,-12.0,-2.623199153629749,12.0,-0.001487343564869015,0.0002624049022265782,0.0002624049030764465,0.000524894793016496,0.000700096559760971,-0.000262404902226578
2,0.0029123000000005166,5.23824773618269,0.000850536012299008,-12.0,-2.617848055567537,12.0,-0.001486765507546617,0.0002618698591579838,0.0002618698600085196,0.000523824773618269,0.0007011234574052505,-0.0002618698591579836
2,0.0029125000000005167,5.227539270327562,0.0008512020572288836,-12.0,-2.612492823565917,12.0,-0.001486186499187803,0.0002613344025623149,0.0002613344034135167,0.0005227539270327563,0.0007021506446451553,-0.0002613344025623146
2,0.002912700000000517,5.216822549509648,0.0008518667697685611,-12.0,-2.607133466081503,12.0,-0.001485606539848972,0.0002607985332851276,0.000260798534136994,0.0005216822549509648,0.0007031781190003916,-0.0002607985332851272
2,0.002912900000000517,5.206097590652168,0.0008525301488468973,-12.0,-2.601769991577513,12.0,-0.001485025629589631,0.0002602622521726363,0.0002602622530251661,0.0005206097590652168,0.0007042058779926086,-0.0002602622521726359
2,0.002913100000000517,5.195364410691317,0.0008531921934420428,-12.0,-2.596402408523573,12.0,-0.001484443768473398,0.0002597255600717018,0.0002597255609248938,0.0005195364410691318,0.0007052339191445378,-0.0002597255600717016
2,0.002913300000000517,5.184623026576179,0.0008538529024966213,-12.0,-2.591030725395816,12.0,-0.001483860956566774,0.0002591884578298315,0.0002591884586836841,0.0005184623026576179,0.000706262239980826,-0.0002591884578298313
2,0.0029135000000005172,5.173873455268884,0.000854512274961472,-12.0,-2.585654950676877,12.0,-0.001483277193939925,0.0002586509462951842,0.0002586509471496962,0.0005173873455268885,0.0007072908380273135,-0.0002586509462951839
2,0.0029137000000005174,5.163115713744505,0.00085517030979676,-12.0,-2.580275092855854,12.0,-0.001482692480666736,0.0002581130263165654,0.0002581130271717354,0.0005163115713744504,0.0007083197108115891,-0.0002581130263165651
2,0.0029139000000005175,5.152349818990947,0.0008558270059717543,-12.0,-2.574891160428245,12.0,-0.001482106816824202,0.000257574698743422,0.0002575746995992488,0.0005152349818990947,0.0007093488558627681,-0.0002575746987434217
2,0.0029141000000005176,5.141575788009015,0.0008564823624350737,-12.0,-2.569503161896031,12.0,-0.001481520202493036,0.0002570359644258469,0.000257035965282329,0.0005141575788009015,0.0007103782707114925,-0.0002570359644258467
2,0.0029143000000005177,5.130793637812415,0.0008571363781546548,-12.0,-2.564111105767612,12.0,-0.001480932637757282,0.0002564968242145769,0.000256496825071713,0.0005130793637812415,0.0007114079528899309,-0.0002564968242145767
2,0.002914500000000518,5.120003385427593,0.0008577890521048737,-12.0,-2.55871500055775,12.0,-0.001480344122704536,0.0002559572789609857,0.0002559572798187744,0.0005120003385427593,0.000712437899931806,-0.0002559572789609855
2,0.002914700000000518,5.109205047893822,0.0008584403832401222,-12.0,-2.553314854787646,12.0,-0.001479754657426002,0.000255417329517089,0.0002554173303755291,0.0005109205047893822,0.0007134681093723949,-0.0002554173295170887
2,0.002914900000000518,5.098398642263185,0.0008590903705372188,-12.0,-2.547910676984884,12.0,-0.00147916424201594,0.0002548769767355423,0.0002548769775946324,0.0005098398642263185,0.0007144985787485847,-0.0002548769767355421
2,0.002915100000000518,5.087584185600439,0.0008597390129743143,-12.0,-2.542502475683367,12.0,-0.001478572876572659,0.0002543362214696344,0.0002543362223293732,0.0005087584185600439,0.0007155293055987888,-0.0002543362214696342
2,0.0029153000000005183,5.076761694983066,0.0008603863095137942,-12.0,-2.537090259423398,12.0,-0.001477980561197523,0.0002537950645732915,0.0002537950654336776,0.0005076761694983066,0.0007165602874629751,-0.0002537950645732912
2,0.0029155000000005184,5.065931187501295,0.0008610322591358077,-12.0,-2.531674036751622,12.0,-0.001477387295995669,0.0002532535069010761,0.000253253507762108,0.0005065931187501296,0.0007175915218828322,-0.0002532535069010758
2,0.0029157000000005185,5.055092680257942,0.0008616768608269432,-12.0,-2.526253816220962,12.0,-0.0014767930810754,0.0002527115493081792,0.0002527115501698558,0.0005055092680257942,0.0007186230064014365,-0.0002527115493081789
2,0.0029159000000005186,5.044246190368493,0.0008623201135520286,-12.0,-2.520829606390717,12.0,-0.001476197916548683,0.0002521691926504272,0.0002521691935127471,0.0005044246190368493,0.0007196547385635299,-0.000252169192650427
2,0.0029161000000005187,5.033391734961024,0.0008629620163114193,-12.0,-2.515401415826424,12.0,-0.001475601802531146,0.0002516264377842739,0.0002516264386472356,0.0005033391734961024,0.0007206867159155195,-0.0002516264377842735
2,0.002916300000000519,5.022529331176201,0.0008636025680708315,-12.0,-2.509969253099968,12.0,-0.001475004739141417,0.0002510832855668041,0.0002510832864304065,0.0005022529331176201,0.0007217189360053111,-0.0002510832855668039
2,0.002916500000000519,5.011658996167233,0.0008642417678363934,-12.0,-2.504533126789444,12.0,-0.00147440672650212,0.0002505397368557283,0.0002505397377199698,0.0005011658996167233,0.0007227513963825316,-0.000250539736855728
2,0.002916700000000519,5.000780747099838,0.0008648796145800386,-12.0,-2.499093045479253,12.0,-0.001473807764739044,0.0002499957925093836,0.0002499957933742629,0.0005000780747099838,0.0007237840945981677,-0.0002499957925093833
2,0.002916900000000519,4.989894601152297,0.0008655161072976814,-12.0,-2.493649017760041,12.0,-0.00147320785398164,0.0002494514533867341,0.00024945145425225,0.0004989894601152298,0.0007248170282050659,-0.0002494514533867338
2,0.0029171000000005193,4.979000575515277,0.0008661512449898989,-12.0,-2.488201052228641,12.0,-0.001472606994362691,0.0002489067203473633,0.0002489067212135144,0.0004979000575515278,0.0007258501947576268,-0.0002489067203473632
2,0.0029173000000005194,4.968098687391918,0.0008667850266392829,-12.0,-2.482749157488149,12.0,-0.001472005186018588,0.0002483615942514792,0.0002483615951182639,0.0004968098687391918,0.0007268835918118055,-0.0002483615942514789
2,0.0029175000000005195,4.957188953997826,0.0008674174512481869,-12.0,-2.477293342147867,12.0,-0.001471402429089219,0.0002478160759599117,0.0002478160768273289,0.0004957188953997827,0.0007279172169251669,-0.0002478160759599115
2,0.0029177000000005196,4.94627139256092,0.0008680485178227393,-12.0,-2.47183361482324,12.0,-0.001470798723717692,0.0002472701663341065,0.0002472701672021549,0.000494627139256092,0.0007289510676570243,-0.0002472701663341063
2,0.0029179000000005197,4.93534602032152,0.0008686782253486403,-12.0,-2.466369984135955,12.0,-0.001470194070050834,0.0002467238662361306,0.0002467238671048086,0.0004935346020321521,0.0007299851415683012,-0.0002467238662361304
2,0.00291810000000052,4.924412854532272,0.0008693065728475613,-12.0,-2.460902458713799,12.0,-0.001469588468239136,0.0002461771765286649,0.0002461771773979712,0.0004924412854532272,0.0007310194362213362,-0.0002461771765286647
2,0.00291830000000052,4.913471912458108,0.0008699335593076452,-12.0,-2.455431047190757,12.0,-0.001468981918436363,0.0002456300980750067,0.00024563009894494,0.0004913471912458108,0.0007320539491803557,-0.0002456300980750064
2,0.00291850000000052,4.902523211376313,0.0008705591837445681,-12.0,-2.449955758206948,12.0,-0.001468374420799445,0.0002450826317390695,0.0002450826326096285,0.0004902523211376314,0.0007330886780113066,-0.0002450826317390692
2,0.00291870000000052,4.891566768576332,0.0008711834451731182,-12.0,-2.444476600408572,12.0,-0.001467765975489421,0.0002445347783853747,0.000244534779256558,0.0004891566768576332,0.0007341236202813295,-0.0002445347783853746
2,0.0029189000000005203,4.880602601359868,0.0008718063425927625,-12.0,-2.438993582447982,12.0,-0.001467156582670492,0.0002439865388790577,0.0002439865397508638,0.0004880602601359868,0.0007351587735597298,-0.0002439865388790575
2,0.0029191000000005204,4.869630727040879,0.0008724278750227299,-12.0,-2.433506712983627,12.0,-0.001466546242510358,0.0002434379140858652,0.0002434379149582928,0.0004869630727040879,0.0007361941354172286,-0.000243437914085865
2,0.0029193000000005205,4.858651162945405,0.0008730480414871344,-12.0,-2.428016000679992,12.0,-0.001465934955180048,0.0002428889048721481,0.0002428889057451959,0.0004858651162945405,0.0007372297034262398,-0.0002428889048721479
2,0.0029195000000005206,4.84766392641168,0.0008736668409867754,-12.0,-2.422521454207691,12.0,-0.001465322720854367,0.000242339512104868,0.0002423395129785346,0.000484766392641168,0.0007382654751608986,-0.0002423395121048678
2,0.0029197000000005208,4.836669034790035,0.0008742842725608657,-12.0,-2.417023082243334,12.0,-0.001464709539711617,0.0002417897366515897,0.0002417897375258737,0.0004836669034790036,0.000739301448196894,-0.0002417897366515895
2,0.002919900000000521,4.82566650544288,0.0008749003352148677,-12.0,-2.411520893469615,12.0,-0.001464095411933375,0.0002412395793804832,0.0002412395802553833,0.0004825666505442881,0.0007403376201115253,-0.000241239579380483
2,0.002920100000000521,4.814656355744753,0.0008755150279797785,-12.0,-2.406014896575257,12.0,-0.00146348033770477,0.0002406890411603239,0.0002406890420358387,0.0004814656355744753,0.0007413739884840898,-0.0002406890411603237
2,0.002920300000000521,4.803638603082134,0.0008761283498897043,-12.0,-2.400505100254949,12.0,-0.001462864317214485,0.0002401381228604841,0.0002401381237366122,0.0004803638603082134,0.0007424105508952727,-0.0002401381228604838
2,0.002920500000000521,4.792613264853562,0.0008767402999567686,-12.0,-2.394991513209443,12.0,-0.001462247350654478,0.0002395868253509401,0.0002395868262276803,0.0004792613264853563,0.0007434473049277024,-0.00023958682535094
2,0.0029207000000005213,4.781580358469537,0.0008773508772301764,-12.0,-2.389474144145415,12.0,-0.001461629438220646,0.0002390351495022647,0.0002390351503796153,0.0004781580358469537,0.0007444842481652836,-0.0002390351495022645
2,0.0029209000000005214,4.770539901352498,0.000877960080726492,-12.0,-2.383953001775558,12.0,-0.001461010580111943,0.0002384830961856287,0.0002384830970635886,0.0004770539901352498,0.0007455213781940861,-0.0002384830961856285
2,0.0029211000000005215,4.759491910936873,0.000878567909487149,-12.0,-2.378428094818527,12.0,-0.001460390776530873,0.0002379306662728016,0.0002379306671513693,0.0004759491910936873,0.0007465586926016787,-0.0002379306662728014
2,0.0029213000000005217,4.748436404668896,0.0008791743625555792,-12.0,-2.372899431998871,12.0,-0.001459770027683716,0.0002373778606361429,0.0002373778615153171,0.0004748436404668897,0.0007475961889771843,-0.0002373778606361427
2,0.0029215000000005218,4.737373400006707,0.0008797794389592273,-12.0,-2.36736702204712,12.0,-0.00145914833378008,0.0002368246801486081,0.0002368246810283874,0.0004737373400006707,0.0007486338649116131,-0.0002368246801486079
2,0.002921700000000522,4.726302914420333,0.0008803831377430793,-12.0,-2.36183087369972,12.0,-0.001458525695032575,0.0002362711256837466,0.0002362711265641295,0.0004726302914420333,0.0007496717179978629,-0.0002362711256837463
2,0.002921900000000522,4.715224965391537,0.0008809854579603371,-12.0,-2.356290995698973,12.0,-0.001457902111658305,0.0002357171981156936,0.0002357171989966788,0.0004715224965391537,0.0007507097458299694,-0.0002357171981156934
2,0.002922100000000522,4.704139570413897,0.0008815863986433303,-12.0,-2.350747396793119,12.0,-0.001457277583877203,0.0002351628983191765,0.0002351628992007627,0.0004704139570413898,0.000751747946004272,-0.0002351628983191763
2,0.0029223000000005222,4.693046746992794,0.0008821859588430403,-12.0,-2.345200085736273,12.0,-0.001456652111912482,0.0002346082271695119,0.0002346082280516976,0.0004693046746992794,0.0007527863161186643,-0.0002346082271695116
2,0.0029225000000005223,4.681946512645288,0.0008827841376155554,-12.0,-2.33964907128838,12.0,-0.001456025695991237,0.0002340531855425997,0.0002340531864253836,0.0004681946512645288,0.0007538248537727332,-0.0002340531855425995
2,0.0029227000000005224,4.670838884900096,0.0008833809340138554,-12.0,-2.334094362215218,12.0,-0.00145539833634406,0.0002334977743149234,0.0002334977751983041,0.0004670838884900096,0.0007548635565675643,-0.0002334977743149232
2,0.0029229000000005226,4.65972388129773,0.0008839763470716022,-12.0,-2.328535967288494,12.0,-0.001454770033205044,0.0002329419943635568,0.000232941995247533,0.000465972388129773,0.0007559024221064359,-0.0002329419943635566
2,0.0029231000000005227,4.648601519390311,0.0008845703758730838,-12.0,-2.322973895285641,12.0,-0.001454140786811497,0.0002323858465661517,0.0002323858474507219,0.0004648601519390311,0.000756941447994014,-0.0002323858465661514
2,0.002923300000000523,4.637471816741479,0.0008851630194626203,-12.0,-2.317408154989915,12.0,-0.001453510597404506,0.000231829331800938,0.0002318293326861008,0.0004637471816741479,0.000757980631836852,-0.0002318293318009378
2,0.002923500000000523,4.626334790926573,0.0008857542768996307,-12.0,-2.311838755190394,12.0,-0.001452879465228318,0.0002312724509467296,0.0002312724518324837,0.0004626334790926573,0.0007590199712432244,-0.0002312724509467294
2,0.002923700000000523,4.615190459532497,0.0008863441472468647,-12.0,-2.306265704681937,12.0,-0.001452247390531125,0.0002307152048829185,0.0002307152057692625,0.0004615190459532497,0.0007600594638232372,-0.0002307152048829184
2,0.002923900000000523,4.604038840157629,0.0008869326295795066,-12.0,-2.300689012265119,12.0,-0.001451614373564114,0.00023015759448947,0.0002301575953764025,0.0004604038840157629,0.0007610991071885786,-0.0002301575944894698
2,0.0029241000000005232,4.592879950411877,0.0008875197229512022,-12.0,-2.295108686746315,12.0,-0.001450980414582248,0.0002295996206469268,0.0002295996215344463,0.0004592879950411877,0.0007621388989528244,-0.0002295996206469266
2,0.0029243000000005234,4.581713807916689,0.0008881054264353594,-12.0,-2.289524736937637,12.0,-0.001450345513843987,0.0002290412842364074,0.0002290412851245127,0.0004581713807916689,0.0007631788367313819,-0.0002290412842364072
2,0.0029245000000005235,4.570540430304874,0.0008886897391124915,-12.0,-2.283937171656871,12.0,-0.001449709671611232,0.0002284825861395985,0.0002284825870282881,0.0004570540430304874,0.0007642189181412129,-0.0002284825861395984
2,0.0029247000000005236,4.559359835220704,0.0008892726600420175,-12.0,-2.278345999727562,12.0,-0.001449072888149383,0.0002279235272387606,0.0002279235281280331,0.0004559359835220704,0.0007652591408011389,-0.0002279235272387604
2,0.0029249000000005237,4.5481720403199,0.0008898541883057831,-12.0,-2.27275122997895,12.0,-0.001448435163727224,0.0002273641084167257,0.0002273641093065797,0.0004548172040319901,0.0007662995023318964,-0.0002273641084167255
2,0.002925100000000524,4.536977063269465,0.0008904343229887424,-12.0,-2.267152871245907,12.0,-0.001447796498616982,0.0002268043305568897,0.0002268043314473238,0.0004536977063269466,0.0007673400003559427,-0.0002268043305568896
2,0.002925300000000524,4.52577492174778,0.000891013063158308,-12.0,-2.261550932369022,12.0,-0.001447156893094492,0.0002262441945432182,0.0002262441954342311,0.000452577492174778,0.0007683806324974007,-0.0002262441945432181
2,0.002925500000000524,4.514565633444588,0.0008915904079016546,-12.0,-2.255945422194538,12.0,-0.001446516347439308,0.0002256837012602441,0.0002256837021518344,0.0004514565633444588,0.0007694213963821694,-0.0002256837012602439
2,0.002925700000000524,4.503349216060858,0.0008921663563079552,-12.0,-2.250336349574304,12.0,-0.001445874861934149,0.0002251228515930614,0.0002251228524852275,0.0004503349216060858,0.0007704622896381463,-0.0002251228515930611
2,0.0029259000000005243,4.492125687308771,0.0008927409074657167,-12.0,-2.244723723365778,12.0,-0.001445232436865063,0.0002245616464273246,0.0002245616473200653,0.0004492125687308772,0.0007715033098948665,-0.0002245616464273244
2,0.0029261000000005244,4.480895064911866,0.0008933140604421297,-12.0,-2.23910755243213,12.0,-0.00144458907252204,0.0002240000866492573,0.0002240000875425712,0.0004480895064911867,0.0007725444547837246,-0.0002240000866492572
2,0.0029263000000005245,4.469657366604834,0.0008938858143558992,-12.0,-2.233487845642025,12.0,-0.001443944769198346,0.0002234381731456383,0.0002234381740395239,0.0004469657366604834,0.0007735857219377806,-0.0002234381731456381
2,0.0029265000000005246,4.458412610133434,0.0008944561682917573,-12.0,-2.227864611869718,12.0,-0.001443299527190467,0.0002228759068038011,0.0002228759076982572,0.0004458412610133435,0.0007746271089922319,-0.000222875906803801
2,0.0029267000000005247,4.44716081325473,0.0008950251213259985,-12.0,-2.222237859995125,12.0,-0.001442653346798939,0.0002223132885116453,0.0002223132894066702,0.0004447160813254731,0.0007756686135836355,-0.0002223132885116451
2,0.002926900000000525,4.435901993736852,0.0008955926725846552,-12.0,-2.216607598903623,12.0,-0.00144200622832702,0.0002217503191576209,0.0002217503200532134,0.0004435901993736853,0.0007767102333508524,-0.0002217503191576208
2,0.002927100000000525,4.424636169358929,0.0008961588211522376,-12.0,-2.210973837486148,12.0,-0.001441358172082352,0.0002211869996307302,0.0002211870005268889,0.0004424636169358929,0.0007777519659341037,-0.00022118699963073
2,0.002927300000000525,4.41336335791125,0.000896723566130575,-12.0,-2.205336584639194,12.0,-0.00144070917837541,0.0002206233308205326,0.000220623331717256,0.0004413363357911251,0.0007787938089756641,-0.0002206233308205325
2,0.002927500000000525,4.402083577195144,0.0008972869066232736,-12.0,-2.199695849264768,12.0,-0.001440059247520276,0.0002200593136171393,0.0002200593145144261,0.0004402083577195145,0.0007798357601196959,-0.0002200593136171391
2,0.0029277000000005253,4.390796845022877,0.0008978488417470398,-12.0,-2.19405164027033,12.0,-0.001439408379834639,0.0002194949489112078,0.0002194949498090565,0.0004390796845022877,0.0007808778170121378,-0.0002194949489112076
2,0.0029279000000005254,4.379503179217717,0.0008984093705959317,-12.0,-2.188403966568871,12.0,-0.001438756575639522,0.0002189302375939468,0.000218930238492356,0.0004379503179217717,0.0007819199773005936,-0.0002189302375939467
2,0.0029281000000005255,4.368202597613938,0.0008989684922855457,-12.0,-2.182752837078856,12.0,-0.001438103835259552,0.0002183651805571143,0.0002183651814560826,0.0004368202597613938,0.0007829622386347768,-0.0002183651805571142
2,0.0029283000000005256,4.356895118056651,0.0008995262059372511,-12.0,-2.177098260724158,12.0,-0.001437450159022802,0.0002177997786930096,0.0002177997795925357,0.0004356895118056651,0.000784004598666066,-0.0002177997786930095
2,0.0029285000000005257,4.345580758401892,0.0009000825106544319,-12.0,-2.171440246434139,12.0,-0.001436795547260949,0.0002172340328944796,0.0002172340337945618,0.0004345580758401891,0.0007850470550476718,-0.0002172340328944794
2,0.002928700000000526,4.334259536516605,0.0009006374055560151,-12.0,-2.165778803143595,12.0,-0.001436140000308783,0.0002166679440549152,0.0002166679449555525,0.0004334259536516605,0.0007860896054347755,-0.0002166679440549151
2,0.002928900000000526,4.322931470278522,0.0009011908897689214,-12.0,-2.160113939792699,12.0,-0.00143548351850481,0.0002161015130682469,0.0002161015139694377,0.0004322931470278523,0.00078713224748439,-0.0002161015130682468
2,0.002929100000000526,4.31159657757613,0.0009017429624156303,-12.0,-2.154445665327012,12.0,-0.0014348261021912,0.0002155347408289429,0.0002155347417306857,0.000431159657757613,0.0007881749788552217,-0.0002155347408289427
2,0.002929300000000526,4.300254876308826,0.000902293622599526,-12.0,-2.148773988697577,12.0,-0.001434167751713289,0.0002149676282320179,0.0002149676291343114,0.0004300254876308826,0.0007892177972080583,-0.0002149676282320177
2,0.0029295000000005263,4.288906384386709,0.00090284286947373,-12.0,-2.143098918860715,12.0,-0.001433508467420019,0.000214400176173019,0.0002144001770758618,0.0004288906384386709,0.0007902607002054085,-0.0002144001761730189
2,0.0029297000000005264,4.277551119730513,0.000903390702154061,-12.0,-2.137420464778119,12.0,-0.001432848249663776,0.0002138323855480274,0.000213832386451418,0.0004277551119730514,0.0007913036855117239,-0.0002138323855480273
2,0.0029299000000005265,4.26618910027176,0.0009039371197672175,-12.0,-2.131738635416858,12.0,-0.001432187098800386,0.0002132642572536627,0.0002132642581575997,0.0004266189100271761,0.0007923467507932325,-0.0002132642572536626
2,0.0029301000000005266,4.254820343952656,0.0009044821214485577,-12.0,-2.126053439749334,12.0,-0.001431525015189394,0.0002126957921870784,0.0002126957930915604,0.0004254820343952656,0.000793389893718105,-0.0002126957921870782
2,0.0029303000000005268,4.24344486872597,0.0009050257063425438,-12.0,-2.120364886753214,12.0,-0.001430861999193456,0.0002121269912459558,0.0002121269921509814,0.000424344486872597,0.0007944331119564829,-0.0002121269912459557
2,0.002930500000000527,4.232062692555104,0.0009055678735716555,-12.0,-2.114672985411515,12.0,-0.001430198051178888,0.0002115578553285088,0.0002115578562340766,0.0004232062692555104,0.0007954764031802564,-0.0002115578553285087
2,0.002930700000000527,4.220673833414103,0.0009061086222810211,-12.0,-2.108977744712544,12.0,-0.001429533171515618,0.0002109883853334826,0.0002109883862395911,0.0004220673833414103,0.0007965197650631473,-0.0002109883853334825
2,0.002930900000000527,4.209278309287478,0.0009066479516199877,-12.0,-2.103279173649829,12.0,-0.001428867360576735,0.0002104185821601451,0.0002104185830667929,0.0004209278309287478,0.0007975631952809592,-0.0002104185821601449
2,0.002931100000000527,4.197876138170298,0.000907185860720805,-12.0,-2.097577281222209,12.0,-0.001428200618738995,0.0002098484467082931,0.0002098484476154789,0.0004197876138170298,0.0007986066915112167,-0.000209848446708293
2,0.0029313000000005273,4.186467338068177,0.0009077223487319319,-12.0,-2.091872076433767,12.0,-0.001427532946382537,0.0002092779798782501,0.0002092779807859722,0.0004186467338068177,0.000799650251433609,-0.0002092779798782499
2,0.0029315000000005274,4.175051926997117,0.0009082574148115974,-12.0,-2.086163568293767,12.0,-0.001426864343891221,0.000208707182570858,0.0002087071834791153,0.0004175051926997117,0.0008006938727292412,-0.0002087071825708579
2,0.0029317000000005275,4.163629922983611,0.0009087910580931613,-12.0,-2.080451765816755,12.0,-0.001426194811651904,0.000208136055687485,0.0002081360565962759,0.0004163629922983611,0.0008017375530815773,-0.0002081360556874849
2,0.0029319000000005277,4.152201344064543,0.0009093232777490634,-12.0,-2.074736678022415,12.0,-0.001425524350055607,0.0002075646001300165,0.0002075646010393397,0.0004152201344064543,0.0008027812901757192,-0.0002075646001300164
2,0.0029321000000005278,4.140766208287163,0.0009098540729168825,-12.0,-2.069018313935666,12.0,-0.001424852959495959,0.0002069928168008584,0.0002069928177107123,0.0004140766208287163,0.0008038250816989057,-0.0002069928168008583
2,0.002932300000000528,4.129324533709152,0.0009103834427599544,-12.0,-2.063296682586602,12.0,-0.001424180640370698,0.0002064207066029363,0.0002064207075133196,0.0004129324533709152,0.000804868925340152,-0.0002064207066029362
2,0.002932500000000528,4.117876338398418,0.0009109113864460561,-12.0,-2.057571793010427,12.0,-0.001423507393080781,0.0002058482704396874,0.0002058482713505987,0.0004117876338398419,0.000805912818790333,-0.0002058482704396873
2,0.002932700000000528,4.106421640433229,0.0009114379031192055,-12.0,-2.051843654247556,12.0,-0.001422833218030661,0.0002052755092150677,0.0002052755101265055,0.0004106421640433229,0.0008069567597424054,-0.0002052755092150676
2,0.0029329000000005282,4.094960457902095,0.000911962991964943,-12.0,-2.046112275343471,12.0,-0.001422158115628402,0.0002047024238335437,0.0002047024247455065,0.0004094960457902095,0.0008080007458911298,-0.0002047024238335435
2,0.0029331000000005283,4.083492808903753,0.0009124866521306174,-12.0,-2.040377665348815,12.0,-0.001421482086285369,0.0002041290152000947,0.0002041290161125812,0.0004083492808903754,0.0008090447749331264,-0.0002041290152000945
2,0.0029333000000005285,4.072018711547225,0.0009130088827908889,-12.0,-2.034639833319337,12.0,-0.001420805130416369,0.0002035552842202129,0.0002035552851332217,0.0004072018711547225,0.0008100888445672083,-0.0002035552842202129
2,0.0029335000000005286,4.060538183951621,0.0009135296831253026,-12.0,-2.028898788315826,12.0,-0.001420127248439568,0.0002029812317998953,0.0002029812327134248,0.0004060538183951622,0.000811132952494048,-0.0002029812317998951
2,0.0029337000000005287,4.04905124424624,0.0009140490522920874,-12.0,-2.023154539404191,12.0,-0.001419448440777099,0.0002024068588456484,0.0002024068597596974,0.000404905124424624,0.0008121770964159003,-0.0002024068588456483
2,0.002933900000000529,4.03755791057056,0.0009145669894730091,-12.0,-2.017407095655401,12.0,-0.001418768707853985,0.0002018321662644875,0.0002018321671790544,0.000403755791057056,0.0008132212740374622,-0.0002018321662644874
2,0.002934100000000529,4.026058201074068,0.0009150834938518315,-12.0,-2.011656466145422,12.0,-0.001418088050098992,0.0002012571549639275,0.0002012571558790108,0.0004026058201074068,0.0008142654830650964,-0.0002012571549639274
2,0.002934300000000529,4.01455213391638,0.000915598564593223,-12.0,-2.005902659955315,12.0,-0.001417406467944415,0.0002006818258519909,0.0002006818267675894,0.0004014552133916381,0.0008153097212071359,-0.0002006818258519908
2,0.002934500000000529,4.003039727267124,0.0009161122008976008,-12.0,-2.000145686171094,12.0,-0.001416723961825628,0.0002001061798371993,0.0002001061807533113,0.0004003039727267124,0.000816353986174051,-0.0002001061798371991
2,0.0029347000000005292,3.991520999305929,0.0009166244019329639,-12.0,-1.994385553883821,12.0,-0.001416040532182,0.0001995302178285755,0.0001995302187451998,0.0003991520999305929,0.0008173982756779219,-0.0001995302178285754
2,0.0029349000000005294,3.979995968222473,0.0009171351668908478,-12.0,-1.988622272189549,12.0,-0.001415356179455901,0.000198953940735644,0.0001989539416527791,0.0003979995968222473,0.0008184425874331602,-0.000198953940735644
2,0.0029351000000005295,3.968464652216299,0.0009176444949678952,-12.0,-1.982855850189253,12.0,-0.001414670904093446,0.0001983773494684222,0.0001983773503860666,0.0003968464652216299,0.0008194869191558707,-0.0001983773494684221
2,0.0029353000000005296,3.95692706949691,0.0009181523853429852,-12.0,-1.977086296988917,12.0,-0.001413984706543997,0.0001978004449374261,0.0001978004458555784,0.0003956927069496911,0.0008205312685643229,-0.000197800444937426
2,0.0029355000000005297,3.945383238283753,0.0009186588372127602,-12.0,-1.971313621699469,12.0,-0.001413297587260554,0.0001972232280536683,0.000197223228972327,0.0003945383238283754,0.0008215756333785906,-0.0001972232280536682
2,0.00293570000000053,3.933833176806062,0.0009191638497820787,-12.0,-1.965537833436719,12.0,-0.001412609546699473,0.0001966456997286502,0.000196645700647814,0.0003933833176806062,0.0008226200113208015,-0.0001966456997286501
2,0.00293590000000053,3.922276903302936,0.0009196674222351486,-12.0,-1.959758941321441,12.0,-0.001411920585320525,0.0001960678608743677,0.000196067861794035,0.0003922276903302936,0.0008236644001151094,-0.0001960678608743676
2,0.00293610000000053,3.910714436023341,0.0009201695537757182,-12.0,-1.953976954479311,12.0,-0.001411230703587091,0.0001954897124033088,0.0001954897133234782,0.0003910714436023341,0.0008247087974875833,-0.0001954897124033087
2,0.00293630000000053,3.899145793225937,0.000920670243615751,-12.0,-1.948191882040843,12.0,-0.001410539901965741,0.000194911255228446,0.0001949112561491161,0.0003899145793225937,0.0008257532011662627,-0.0001949112552284459
2,0.0029365000000005303,3.887570993179194,0.0009211694909421198,-12.0,-1.942403733141489,12.0,-0.001409848180926904,0.0001943324902632432,0.0001943324911844126,0.0003887570993179194,0.0008267976088811857,-0.0001943324902632431
2,0.0029367000000005304,3.875990054161278,0.0009216672949829974,-12.0,-1.936612516921492,12.0,-0.001409155540943841,0.0001937534184216476,0.0001937534193433148,0.0003875990054161279,0.0008278420183644719,-0.0001937534184216475
2,0.0029369000000005305,3.864402994460061,0.0009221636549243684,-12.0,-1.930818242526007,12.0,-0.00140846198249403,0.0001931740406180933,0.0001931740415402568,0.0003864402994460061,0.0008288864273501007,-0.0001931740406180932
2,0.0029371000000005306,3.852809832373075,0.0009226585700001788,-12.0,-1.925020919104951,12.0,-0.001407767506057728,0.0001925943577674953,0.0001925943586901537,0.0003852809832373075,0.0008299308335740774,-0.0001925943577674952
2,0.0029373000000005307,3.841210586207469,0.0009231520394057391,-12.0,-1.919220555813106,12.0,-0.00140707211211899,0.0001920143707852512,0.0001920143717084032,0.0003841210586207469,0.0008309752347745447,-0.0001920143707852511
2,0.002937500000000531,3.829605274280074,0.0009236440623627828,-12.0,-1.913417161810052,12.0,-0.001406375801165233,0.0001914340805872416,0.0001914340815108856,0.0003829605274280074,0.0008320196286914772,-0.0001914340805872415
2,0.002937700000000531,3.817993914917206,0.0009241346380985949,-12.0,-1.907610746260109,12.0,-0.001405678573687369,0.0001908534880898209,0.0001908534890139554,0.0003817993914917206,0.0008330640130669309,-0.0001908534880898208
2,0.002937900000000531,3.806376526454767,0.0009246237658193657,-12.0,-1.901801318332416,12.0,-0.00140498043017967,0.0001902725942098236,0.0001902725951344474,0.0003806376526454767,0.0008341083856449327,-0.0001902725942098236
2,0.002938100000000531,3.794753127238227,0.0009251114447532682,-12.0,-1.895988887200869,12.0,-0.001404281371139793,0.0001896913998645623,0.0001896914007896737,0.0003794753127238227,0.0008351527441716744,-0.0001896913998645622
2,0.0029383000000005313,3.783123735622468,0.0009255976741335825,-12.0,-1.890173462044056,12.0,-0.001403581397069031,0.0001891099059718191,0.0001891099068974167,0.0003783123735622468,0.0008361970863951795,-0.000189109905971819
2,0.0029385000000005314,3.771488369971863,0.0009260824531740486,-12.0,-1.884355052045346,12.0,-0.001402880508472037,0.0001885281134498521,0.0001885281143759345,0.0003771488369971863,0.0008372414100654979,-0.000188528113449852
2,0.0029387000000005315,3.759847048660275,0.0009265657811083905,-12.0,-1.878533666392817,12.0,-0.001402178705856766,0.0001879460232173926,0.0001879460241439583,0.0003759847048660275,0.0008382857129349275,-0.0001879460232173925
2,0.0029389000000005316,3.74819979007091,0.0009270476571754394,-12.0,-1.872709314279215,12.0,-0.001401475989734863,0.0001873636361936392,0.0001873636371206867,0.000374819979007091,0.0008393299927574871,-0.0001873636361936391
2,0.0029391000000005317,3.736546612596303,0.0009275280806098074,-12.0,-1.866882004901956,12.0,-0.001400772360621139,0.0001867809532982567,0.0001867809542257847,0.0003736546612596303,0.000840374247289527,-0.0001867809532982566
2,0.002939300000000532,3.724887534638462,0.0009280070506263449,-12.0,-1.861051747463221,12.0,-0.001400067819034123,0.0001861979754513848,0.0001861979763793918,0.0003724887534638462,0.0008414184742891462,-0.0001861979754513847
2,0.002939500000000532,3.713222574608669,0.0009284845664923047,-12.0,-1.85521855116975,12.0,-0.00139936236549551,0.0001856147035736244,0.0001856147045021088,0.0003713222574608669,0.0008424626715166916,-0.0001856147035736242
2,0.002939700000000532,3.701551750927377,0.0009289606274389683,-12.0,-1.849382425232923,12.0,-0.001398656000530546,0.0001850311385860363,0.0001850311395149969,0.0003701551750927377,0.0008435068367345089,-0.0001850311385860363
2,0.002939900000000532,3.689875082024474,0.0009294352326922883,-12.0,-1.843543378868846,12.0,-0.001397948724668058,0.0001844472814101539,0.0001844472823395891,0.0003689875082024474,0.0008445509677068863,-0.0001844472814101539
2,0.0029401000000005323,3.678192586339013,0.0009299083815244025,-12.0,-1.837701421298137,12.0,-0.001397240538440037,0.0001838631329679662,0.0001838631338978745,0.0003678192586339014,0.0008455950622002772,-0.0001838631329679661
2,0.0029403000000005324,3.666504282319167,0.0009303800731708112,-12.0,-1.831856561746027,12.0,-0.001396531442382054,0.0001832786941819199,0.0001832786951122998,0.0003666504282319167,0.0008466391179831056,-0.0001832786941819198
2,0.0029405000000005325,3.65481018842237,0.0009308503068785612,-12.0,-1.826008809442364,12.0,-0.001395821437033151,0.0001826939659749244,0.0001826939669057746,0.000365481018842237,0.0008476831328258772,-0.0001826939659749243
2,0.0029407000000005326,3.643110323115215,0.0009313190819015826,-12.0,-1.820158173621564,12.0,-0.001395110522935672,0.0001821089492703467,0.0001821089502016657,0.0003643110323115215,0.0008487271045012068,-0.0001821089492703466
2,0.0029409000000005328,3.631404704873338,0.0009317863975051299,-12.0,-1.814304663522547,12.0,-0.001394398700635457,0.0001815236449920053,0.0001815236459237916,0.0003631404704873338,0.0008497710307836803,-0.0001815236449920052
2,0.002941100000000533,3.619693352181482,0.000932252252932031,-12.0,-1.80844828838882,12.0,-0.001393685970681763,0.0001809380540641753,0.0001809380549964275,0.0003619693352181482,0.0008508149094500761,-0.0001809380540641752
2,0.002941300000000533,3.607976283533501,0.0009327166474455417,-12.0,-1.802589057468415,12.0,-0.001392972333627313,0.0001803521774115862,0.0001803521783443028,0.0003607976283533501,0.0008518587382790876,-0.0001803521774115861
2,0.002941500000000533,3.596253517432196,0.0009331795803178,-12.0,-1.796726980013826,12.0,-0.001392257790028162,0.0001797660159594144,0.0001797660168925939,0.0003596253517432196,0.000852902515051629,-0.0001797660159594144
2,0.002941700000000533,3.584525072389391,0.000933641050798073,-12.0,-1.790862065282088,12.0,-0.001391542340443974,0.0001791795706332887,0.0001791795715669297,0.0003584525072389392,0.0008539462375504181,-0.0001791795706332886
2,0.0029419000000005333,3.572790966925933,0.0009341010581576104,-12.0,-1.784994322534719,12.0,-0.001390825985437633,0.0001785928423592878,0.0001785928432933888,0.0003572790966925933,0.0008549899035605879,-0.0001785928423592877
2,0.0029421000000005334,3.561051219571545,0.0009345596016709923,-12.0,-1.77912376103767,12.0,-0.001390108725575351,0.0001780058320639342,0.0001780058329984937,0.0003561051219571546,0.0008560335108692418,-0.0001780058320639342
2,0.0029423000000005336,3.549305848864817,0.0009350166806112448,-12.0,-1.773250390061325,12.0,-0.001389390561427117,0.0001774185406741937,0.0001774185416092103,0.0003549305848864817,0.0008570770572653985,-0.0001774185406741937
2,0.0029425000000005337,3.53755487335334,0.000935472294227857,-12.0,-1.767374218880606,12.0,-0.001388671493566113,0.0001768309691174834,0.0001768309700529556,0.0003537554873353341,0.000858120540540408,-0.0001768309691174834
2,0.0029427000000005338,3.525798311593519,0.0009359264418271618,-12.0,-1.761495256774754,12.0,-0.001387951522568959,0.0001762431183216582,0.0001762431192575846,0.0003525798311593519,0.00085916395848748,-0.0001762431183216581
2,0.002942900000000534,3.514036182150454,0.0009363791226764118,-12.0,-1.755613513027421,12.0,-0.001387230649015719,0.0001756549892150098,0.0001756549901513889,0.0003514036182150454,0.0008602073089021001,-0.0001756549892150098
2,0.002943100000000534,3.502268503598216,0.0009368303360370867,-12.0,-1.749728996926749,12.0,-0.001386508873489734,0.0001750665827262787,0.000175066583663109,0.0003502268503598217,0.0008612505895818079,-0.0001750665827262786
2,0.002943300000000534,3.490495294519583,0.0009372800812206261,-12.0,-1.74384171776516,12.0,-0.001385786196578059,0.0001744778997846382,0.0001744779007219181,0.0003490495294519583,0.0008622937983261691,-0.0001744778997846381
2,0.0029435000000005342,3.478716573505971,0.0009377283574987239,-12.0,-1.737951684839454,12.0,-0.001385062618870864,0.0001738889413196953,0.0001738889422574236,0.0003478716573505971,0.000863336932936859,-0.0001738889413196952
2,0.0029437000000005343,3.466932359157593,0.0009381751641548419,-12.0,-1.732058907450813,12.0,-0.001384338140961866,0.0001732997082614968,0.0001732997091996719,0.0003466932359157593,0.0008643799912177452,-0.0001732997082614968
2,0.0029439000000005345,3.455142670083357,0.0009386205004799919,-12.0,-1.726163394904754,12.0,-0.001383612763448255,0.0001727102015405235,0.0001727102024791439,0.0003455142670083357,0.0008654229709747774,-0.0001727102015405234
2,0.0029441000000005346,3.443347524900743,0.0009390643657767317,-12.0,-1.720265156511062,12.0,-0.001382886486930385,0.000172120422087684,0.0001721204230267483,0.0003443347524900743,0.0008664658700159311,-0.0001721204220876839
2,0.0029443000000005347,3.431546942235868,0.0009395067593254147,-12.0,-1.714364201583879,12.0,-0.001382159312012299,0.0001715303708343204,0.0001715303717738272,0.0003431546942235868,0.0008675086861514025,-0.0001715303708343205
2,0.002944500000000535,3.419740940723495,0.0009399476804246021,-12.0,-1.708460539441634,12.0,-0.001381431239301317,0.0001709400487122059,0.0001709400496521535,0.0003419740940723495,0.0008685514171934416,-0.0001709400487122058
2,0.002944700000000535,3.407929539006862,0.0009403871283857335,-12.0,-1.702554179406981,12.0,-0.001380702269408035,0.0001703494566535368,0.0001703494575939238,0.0003407929539006862,0.0008695940609564912,-0.0001703494566535367
2,0.002944900000000535,3.396112755737758,0.0009408251024938252,-12.0,-1.696645130806887,12.0,-0.00137997240294685,0.0001697585955909381,0.0001697585965317632,0.0003396112755737758,0.0008706366152569367,-0.0001697585955909381
2,0.002945100000000535,3.384290609576531,0.0009412616020585407,-12.0,-1.690733402972562,12.0,-0.0013792416405351,0.0001691674664574621,0.0001691674673987236,0.0003384290609576531,0.0008716790779135231,-0.0001691674664574621
2,0.0029453000000005353,3.372463119191908,0.0009416966263930959,-12.0,-1.684819005239398,12.0,-0.001378509982793763,0.0001685760701865792,0.0001685760711282757,0.0003372463119191908,0.000872721446747049,-0.0001685760701865791
2,0.0029455000000005354,3.360630303261089,0.0009421301747929434,-12.0,-1.678901946947053,12.0,-0.001377777430347088,0.0001679844077121847,0.0001679844086543148,0.0003360630303261089,0.0008737637195804226,-0.0001679844077121846
2,0.0029457000000005355,3.348792180469738,0.0009425622465735195,-12.0,-1.672982237439387,12.0,-0.001377043983823045,0.000167392479968596,0.0001673924809111582,0.0003348792180469738,0.0008748058942385784,-0.000167392479968596
2,0.0029459000000005356,3.336948769511836,0.0009429928410524813,-12.0,-1.667059886064411,12.0,-0.001376309643852602,0.0001668002878905464,0.0001668002888335392,0.0003336948769511836,0.0008758479685487541,-0.0001668002878905464
2,0.0029461000000005357,3.325100089089692,0.0009434219575434888,-12.0,-1.661134902174311,12.0,-0.001375574411070279,0.0001662078324131855,0.0001662078333566075,0.0003325100089089693,0.0008768899403402697,-0.0001662078324131855
2,0.002946300000000536,3.313246157913985,0.0009438495953564274,-12.0,-1.655207295125462,12.0,-0.001374838286113955,0.0001656151144720819,0.0001656151154159314,0.0003313246157913985,0.0008779318074447207,-0.0001656151144720819
2,0.002946500000000536,3.301386994703721,0.0009442757538147273,-12.0,-1.649277074278381,12.0,-0.001374101269625061,0.0001650221350032197,0.0001650221359474953,0.0003301386994703721,0.0008789735676955623,-0.0001650221350032196
2,0.002946700000000536,3.289522618186085,0.0009447004322504782,-12.0,-1.643344248997662,12.0,-0.001373363362248275,0.0001644288949429913,0.0001644288958876917,0.0003289522618186085,0.0008800152189286092,-0.0001644288949429913
2,0.002946900000000536,3.27765304709652,0.0009451236299731214,-12.0,-1.637408828652064,12.0,-0.001372624564631636,0.0001638353952282038,0.0001638353961733274,0.000327765304709652,0.000881056758981813,-0.0001638353952282037
2,0.0029471000000005363,3.265778300178735,0.0009455453463149688,-12.0,-1.631470822614441,12.0,-0.001371884877426649,0.0001632416367960757,0.000163241637741621,0.0003265778300178735,0.0008820981856952348,-0.0001632416367960756
2,0.0029473000000005364,3.25389839618452,0.0009459655806141054,-12.0,-1.625530240261683,12.0,-0.00137114430128818,0.0001626476205842298,0.0001626476215301953,0.0003253898396184521,0.0008831394969111561,-0.0001626476205842298
2,0.0029475000000005365,3.242013353873843,0.0009463843321873,-12.0,-1.619587090974797,12.0,-0.001370402836874479,0.0001620533475306985,0.0001620533484770828,0.0003242013353873843,0.000884180690473968,-0.0001620533475306984
2,0.0029477000000005366,3.230123192014845,0.0009468016003755242,-12.0,-1.613641384138843,12.0,-0.001369660484847213,0.0001614588185739219,0.0001614588195207235,0.0003230123192014845,0.0008852217642302262,-0.0001614588185739219
2,0.0029479000000005367,3.218227929383656,0.0009472173845221921,-12.0,-1.607693129142871,12.0,-0.001368917245871348,0.0001608640346527394,0.0001608640355999567,0.0003218227929383657,0.0008862627160286934,-0.0001608640346527393
2,0.002948100000000537,3.20632758476452,0.0009476316839487353,-12.0,-1.60174233538002,12.0,-0.001368173120615268,0.0001602689967063969,0.0001602689976540286,0.000320632758476452,0.000887303543720297,-0.0001602689967063969
2,0.002948300000000537,3.194422176949687,0.0009480444980167757,-12.0,-1.595789012247373,12.0,-0.001367428109750934,0.000159673705674539,0.0001596737066225835,0.0003194422176949687,0.0008883442451580875,-0.000159673705674539
2,0.002948500000000537,3.182511724739383,0.0009484558260519638,-12.0,-1.589833169146056,12.0,-0.001366682213953224,0.0001590781624972108,0.0001590781634456666,0.0003182511724739384,0.0008893848181974334,-0.0001590781624972108
2,0.002948700000000537,3.17059624694188,0.0009488656674054852,-12.0,-1.583874815481175,12.0,-0.0013659354339009,0.0001584823681148581,0.0001584823690637237,0.000317059624694188,0.0008904252606957014,-0.0001584823681148581
2,0.0029489000000005373,3.158675762373286,0.0009492740214347428,-12.0,-1.577913960661751,12.0,-0.001365187770275722,0.0001578863234683186,0.0001578863244175926,0.0003158675762373286,0.0008914655705125896,-0.0001578863234683185
2,0.0029491000000005374,3.14675028985765,0.0009496808874753793,-12.0,-1.571950614100803,12.0,-0.001364439223763114,0.0001572900294988279,0.0001572900304485087,0.000314675028985765,0.0008925057455099333,-0.0001572900294988278
2,0.0029493000000005375,3.134819848226955,0.0009500862648852415,-12.0,-1.565984785215287,12.0,-0.001363689795051609,0.0001566934871480173,0.0001566934880981035,0.0003134819848226955,0.0008935457835516913,-0.0001566934871480172
2,0.0029495000000005376,3.122884456320945,0.000950490153029282,-12.0,-1.560016483426027,12.0,-0.001362939484833237,0.0001560966973579057,0.0001560966983083958,0.0003122884456320945,0.0008945856825041398,-0.0001560966973579056
2,0.0029497000000005377,3.11094413298723,0.0009508925512466959,-12.0,-1.55404571815782,12.0,-0.001362188293803579,0.0001554996610709067,0.0001554996620217992,0.0003110944132987231,0.0008956254402356367,-0.0001554996610709066
2,0.002949900000000538,3.098998897081193,0.0009512934589175348,-12.0,-1.548072498839285,12.0,-0.001361436222661105,0.0001549023792298203,0.0001549023801811138,0.0003098998897081193,0.0008966650546168853,-0.0001549023792298203
2,0.002950100000000538,3.087048767465955,0.0009516928753867671,-12.0,-1.542096834902969,12.0,-0.001360683272108226,0.0001543048527778356,0.0001543048537295284,0.0003087048767465955,0.000897704523520601,-0.0001543048527778356
2,0.002950300000000538,3.07509376301244,0.000952090800023786,-12.0,-1.536118735785276,12.0,-0.001359929442850266,0.0001537070826585301,0.0001537070836106208,0.000307509376301244,0.0008987438448218726,-0.00015370708265853
2,0.002950500000000538,3.063133902599179,0.0009524872322059785,-12.0,-1.530138210926408,12.0,-0.001359174735596158,0.0001531090698158615,0.0001531090707683486,0.0003063133902599179,0.0008997830163978981,-0.0001531090698158614
2,0.0029507000000005383,3.051169205112422,0.0009528821712836422,-12.0,-1.524155269770464,12.0,-0.001358419151058055,0.0001525108151941748,0.0001525108161470569,0.0003051169205112422,0.0009008220361281377,-0.0001525108151941748
2,0.0029509000000005384,3.039199689446042,0.000953275616649929,-12.0,-1.51816992176529,12.0,-0.001357662689951605,0.0001519123197381941,0.0001519123206914696,0.0003039199689446042,0.0009018609018942719,-0.000151912319738194
2,0.0029511000000005385,3.027225374501501,0.0009536675676602435,-12.0,-1.512182176362585,12.0,-0.001356905352995708,0.0001513135843930246,0.0001513135853466921,0.0003027225374501501,0.0009028996115801047,-0.0001513135843930245
2,0.0029513000000005386,3.015246279187918,0.0009540580236970797,-12.0,-1.506192043017833,12.0,-0.001356147140912783,0.0001507146101041531,0.0001507146110582111,0.0003015246279187918,0.0009039381630717852,-0.0001507146101041531
2,0.0029515000000005388,3.003262422421862,0.0009544469841484826,-12.0,-1.500199531190239,12.0,-0.00135538805442828,0.0001501153978174387,0.0001501153987718857,0.0003003262422421862,0.0009049765542576554,-0.0001501153978174387
2,0.002951700000000539,2.991273823127456,0.0009548344483806259,-12.0,-1.494204650342813,12.0,-0.001354628094271337,0.0001495159484791194,0.0001495159494339538,0.0002991273823127456,0.0009060147830282222,-0.0001495159484791193
2,0.002951900000000539,2.979280500236372,0.0009552204157833311,-12.0,-1.488207409942307,12.0,-0.001353867261174341,0.0001489162630358091,0.0001489162639910294,0.0002979280500236372,0.0009070528472762546,-0.0001489162630358091
2,0.002952100000000539,2.967282472687647,0.0009556048857500832,-12.0,-1.482207819459149,12.0,-0.001353105555872952,0.00014831634243449,0.0001483163433900948,0.0002967282472687647,0.0009080907448967834,-0.00014831634243449
2,0.002952300000000539,2.955279759427783,0.0009559878576560488,-12.0,-1.476205888367529,12.0,-0.001352342979106191,0.0001477161876225186,0.0001477161885785063,0.0002955279759427783,0.0009091284737870325,-0.0001477161876225185
2,0.0029525000000005393,2.943272379410738,0.0009563693308962673,-12.0,-1.470201626145331,12.0,-0.001351579531616603,0.0001471157995476227,0.0001471158005039921,0.0002943272379410738,0.0009101660318465155,-0.0001471157995476227
2,0.0029527000000005394,2.93126035159777,0.000956749304869331,-12.0,-1.464195042274088,12.0,-0.001350815214149786,0.0001465151791578957,0.000146515180114645,0.0002931260351597769,0.0009112034169769384,-0.0001465151791578957
2,0.0029529000000005396,2.919243694957436,0.0009571277789723887,-12.0,-1.458186146238982,12.0,-0.001350050027454974,0.0001459143274017955,0.0001459143283589232,0.0002919243694957436,0.0009122406270822558,-0.0001459143274017954
2,0.0029531000000005397,2.907222428465732,0.0009575047525807179,-12.0,-1.452174947528948,12.0,-0.001349283972284426,0.0001453132452281529,0.0001453132461856576,0.0002907222428465732,0.0009132776600687953,-0.0001453132452281528
2,0.0029533000000005398,2.895196571105885,0.000957880225123553,-12.0,-1.446161455636455,12.0,-0.001348517049394177,0.0001447119335861579,0.0001447119345440381,0.0002895196571105885,0.0009143145138447994,-0.0001447119335861578
2,0.00295350000000054,2.883166141868277,0.0009582541959906044,-12.0,-1.440145680057611,12.0,-0.001347749259543257,0.0001441103934253601,0.0001441103943836143,0.0002883166141868277,0.0009153511863211616,-0.0001441103934253601
2,0.00295370000000054,2.871131159750608,0.0009586266645831287,-12.0,-1.434127630292163,12.0,-0.001346980603494002,0.0001435086256956747,0.0001435086266543013,0.0002871131159750609,0.0009163876754108152,-0.0001435086256956746
2,0.00295390000000054,2.859091643757782,0.0009589976303092662,-12.0,-1.428107315843451,12.0,-0.001346211082012438,0.0001429066313473761,0.0001429066323063737,0.0002859091643757783,0.0009174239790289834,-0.0001429066313473761
2,0.0029541000000005402,2.847047612901791,0.0009593670925903686,-12.0,-1.422084746218339,12.0,-0.001345440695867478,0.000142304411331093,0.00014230441229046,0.0002847047612901791,0.0009184600950931515,-0.000142304411331093
2,0.0029543000000005403,2.834999086201775,0.0009597350508229185,-12.0,-1.416059930927303,12.0,-0.001344669445831753,0.0001417019665978127,0.0001417019675575476,0.0002834999086201776,0.000919496021523053,-0.0001417019665978126
2,0.0029545000000005405,2.822946082684042,0.0009601015044264916,-12.0,-1.410032879484366,12.0,-0.001343897332680977,0.0001410992980988793,0.0001410992990589808,0.0002822946082684042,0.0009205317562408083,-0.0001410992980988793
2,0.0029547000000005406,2.810888621381875,0.0009604664528276574,-12.0,-1.404003601407031,12.0,-0.001343124357194359,0.000140496406785986,0.0001404964077464524,0.0002810888621381875,0.0009215672971705918,-0.0001404964067859859
2,0.0029549000000005407,2.798826721335627,0.0009608298954305594,-12.0,-1.397972106216369,12.0,-0.001342350520154245,0.00013989329361118,0.0001398932945720098,0.0002798826721335627,0.0009226026422391176,-0.0001398932936111799
2,0.002955100000000541,2.786760401592723,0.0009611918316628776,-12.0,-1.391938403436949,12.0,-0.001341575822346563,0.0001392899595268612,0.000139289960488053,0.0002786760401592723,0.0009236377893750841,-0.0001392899595268612
2,0.002955300000000541,2.774689681207495,0.0009615522609531801,-12.0,-1.385902502596795,12.0,-0.001340800264560377,0.0001386864054857749,0.0001386864064473271,0.0002774689681207495,0.0009246727365096602,-0.0001386864054857749
2,0.002955500000000541,2.762614579241183,0.0009619111827292581,-12.0,-1.379864413227386,12.0,-0.001340023847588051,0.0001380826324410115,0.0001380826334029227,0.0002762614579241183,0.0009257074815762906,-0.0001380826324410115
2,0.002955700000000541,2.750535114762078,0.0009622685963983635,-12.0,-1.373824144863755,12.0,-0.001339246572225533,0.0001374786413460154,0.000137478642308284,0.0002750535114762078,0.0009267420225105849,-0.0001374786413460154
2,0.0029559000000005413,2.738451306845309,0.0009626245014211499,-12.0,-1.367781707044278,12.0,-0.001338468439271684,0.0001368744331545699,0.0001368744341171944,0.000273845130684531,0.000927776357250637,-0.0001368744331545699
2,0.0029561000000005414,2.726363174572747,0.0009629788972203013,-12.0,-1.361737109310754,12.0,-0.001337689449529,0.0001362700088207975,0.0001362700097837763,0.0002726363174572747,0.0009288104837366085,-0.0001362700088207975
2,0.0029563000000005415,2.714270737033269,0.0009633317832136168,-12.0,-1.355690361208497,12.0,-0.001336909603803199,0.0001356653692991711,0.0001356653702625028,0.0002714270737033269,0.0009298443999110895,-0.000135665369299171
2,0.0029565000000005416,2.702174013322491,0.0009636831588680783,-12.0,-1.349641472286112,12.0,-0.001336128902903327,0.000135060515544498,0.0001350605165081811,0.0002702174013322491,0.0009308781037189601,-0.000135060515544498
2,0.0029567000000005417,2.690073022542677,0.0009640330236144745,-12.0,-1.343590452095587,12.0,-0.001335347347641708,0.0001344554485119201,0.0001344554494759532,0.0002690073022542678,0.0009319115931073624,-0.0001344554485119201
2,0.002956900000000542,2.677967783803012,0.0009643813768770437,-12.0,-1.337537310192377,12.0,-0.001334564938833965,0.0001338501691569254,0.0001338501701213068,0.0002677967783803012,0.0009329448660257422,-0.0001338501691569254
2,0.002957100000000542,2.665858316219325,0.0009647282181302064,-12.0,-1.331482056135185,12.0,-0.001333781677299167,0.0001332446784353316,0.0001332446794000598,0.0002665858316219326,0.0009339779204258353,-0.0001332446784353315
2,0.002957300000000542,2.65374463891403,0.0009650735468079708,-12.0,-1.325424699486067,12.0,-0.001332997563859517,0.0001326389773032876,0.0001326389782683611,0.000265374463891403,0.0009350107542617225,-0.0001326389773032875
2,0.002957500000000542,2.641626771016289,0.000965417362358223,-12.0,-1.319365249810434,12.0,-0.001332212599340549,0.0001320330667172792,0.0001320330676826965,0.0002641626771016289,0.0009360433654898442,-0.0001320330667172792
2,0.0029577000000005423,2.629504731661895,0.0009657596642347333,-12.0,-1.313303716676999,12.0,-0.001331426784571266,0.0001314269476341234,0.000131426948599883,0.0002629504731661895,0.0009370757520687639,-0.0001314269476341234
2,0.0029579000000005424,2.617378539993153,0.0009661004519033733,-12.0,-1.307240109657717,12.0,-0.001330640120383753,0.0001308206210109621,0.0001308206219770625,0.0002617378539993153,0.0009381079119595709,-0.000130820621010962
2,0.0029581000000005425,2.605248215158951,0.0009664397248064782,-12.0,-1.301174438327868,12.0,-0.001329852607613591,0.0001302140878052675,0.0001302140887717072,0.0002605248215158951,0.0009391398431256026,-0.0001302140878052675
2,0.0029583000000005426,2.593113776314765,0.0009667774824094755,-12.0,-1.295106712265993,12.0,-0.001329064247099554,0.0001296073489748403,0.0001296073499416178,0.0002593113776314765,0.0009401715435324448,-0.0001296073489748403
2,0.0029585000000005427,2.580975242622478,0.000967113724184121,-12.0,-1.289036941053825,12.0,-0.001328275039683635,0.000129000405477801,0.0001290004064449147,0.0002580975242622478,0.0009412030111480701,-0.000129000405477801
2,0.002958700000000543,2.568832633250468,0.0009674484495807434,-12.0,-1.282965134276378,12.0,-0.00132748498621138,0.0001283932582725959,0.0001283932592400443,0.0002568832633250468,0.0009422342439427689,-0.0001283932582725959
2,0.002958900000000543,2.55668596737361,0.0009677816580714316,-12.0,-1.276891301521881,12.0,-0.001326694087531305,0.0001277859083179953,0.0001277859092857769,0.000255668596737361,0.0009432652398892322,-0.0001277859083179953
2,0.002959100000000543,2.544535264173117,0.0009681133491313831,-12.0,-1.270815452381728,12.0,-0.001325902344495505,0.000127178356573086,0.0001271783575411993,0.0002544535264173117,0.0009442959969623299,-0.000127178356573086
2,0.002959300000000543,2.532380542836533,0.0009684435222346854,-12.0,-1.264737596450479,12.0,-0.001325109757959186,0.0001265706039972714,0.0001265706049657149,0.0002532380542836533,0.0009453265131394162,-0.0001265706039972714
2,0.0029595000000005433,2.520221822557879,0.0009687721768326663,-12.0,-1.258657743325969,12.0,-0.001324316328780939,0.0001259626515502802,0.0001259626525190523,0.0002520221822557878,0.0009463567864000655,-0.0001259626515502801
2,0.0029597000000005434,2.508059122537442,0.0009690993124324976,-12.0,-1.252575902609079,12.0,-0.001323522057822574,0.0001253545001921512,0.0001253545011612505,0.0002508059122537442,0.0009473868147262532,-0.0001253545001921511
2,0.0029599000000005435,2.495892461981695,0.0009694249284989409,-12.0,-1.246492083903849,12.0,-0.001322726945949315,0.0001247461508832349,0.0001247461518526598,0.0002495892461981695,0.0009484165961022861,-0.0001247461508832348
2,0.0029601000000005436,2.483721860103471,0.0009697490245114126,-12.0,-1.240406296817478,12.0,-0.001321930994029413,0.000124137604584199,0.000124137605553948,0.0002483721860103471,0.000949446128514872,-0.000124137604584199
2,0.0029603000000005437,2.471547336121836,0.0009700715999547693,-12.0,-1.23431855096027,12.0,-0.001321134202934754,0.0001235288622560225,0.0001235288632260941,0.0002471547336121837,0.0009504754099529666,-0.0001235288622560225
2,0.002960500000000544,2.459368909261977,0.000970392654326302,-12.0,-1.228228855945573,12.0,-0.001320336573540026,0.00012291992485999,0.0001229199258303826,0.0002459368909261978,0.0009515044384079824,-0.0001229199248599899
2,0.002960700000000544,2.447186598755269,0.0009707121870996538,-12.0,-1.222137221389863,12.0,-0.001319538106723778,0.0001223107933576963,0.0001223107943284085,0.0002447186598755269,0.0009525332118735241,-0.0001223107933576963
2,0.002960900000000544,2.435000423839285,0.0009710301977723379,-12.0,-1.216043656912682,12.0,-0.001318738803367386,0.0001217014687110454,0.0001217014696820756,0.0002435000423839285,0.0009535617283457226,-0.0001217014687110454
2,0.002961100000000544,2.422810403757599,0.0009713466858470854,-12.0,-1.209948172136562,12.0,-0.001317938664355672,0.000121091951882241,0.0001210919528535876,0.0002422810403757599,0.0009545899858230678,-0.000121091951882241
2,0.0029613000000005443,2.410616557759899,0.000971661650804645,-12.0,-1.203850776687126,12.0,-0.001317137690576758,0.0001204822438337931,0.0001204822448054547,0.0002410616557759899,0.000955617982306256,-0.0001204822438337931
2,0.0029615000000005444,2.398418905101969,0.0009719750921498571,-12.0,-1.197751480193009,12.0,-0.00131633588292196,0.0001198723455285159,0.000119872346500491,0.0002398418905101969,0.0009566457157984681,-0.0001198723455285159
2,0.0029617000000005445,2.386217465045515,0.0009722870093923364,-12.0,-1.191650292285799,12.0,-0.001315533242285866,0.0001192622579295192,0.0001192622589018061,0.0002386217465045515,0.0009576731843052855,-0.0001192622579295191
2,0.0029619000000005447,2.374012256858279,0.0009725974020178274,-12.0,-1.185547222600139,12.0,-0.001314729769566425,0.0001186519820002157,0.000118651982972813,0.0002374012256858279,0.0009587003858344822,-0.0001186519820002157
2,0.0029621000000005448,2.361803299813934,0.0009729062695534862,-12.0,-1.179442280773574,12.0,-0.001313925465664806,0.0001180415187043128,0.000118041519677219,0.0002361803299813934,0.0009597273183964139,-0.0001180415187043127
2,0.002962300000000545,2.349590613192054,0.0009732136114887213,-12.0,-1.173335476446658,12.0,-0.001313120331485312,0.0001174308690058147,0.0001174308699790283,0.0002349590613192054,0.0009607539800037396,-0.0001174308690058147
2,0.002962500000000545,2.337374216278181,0.0009735194273401415,-12.0,-1.167226819262886,12.0,-0.001312314367935691,0.0001168200338690227,0.000116820034842542,0.0002337374216278181,0.000961780368671436,-0.0001168200338690226
2,0.002962700000000545,2.325154128363622,0.0009738237166312391,-12.0,-1.161116318868627,12.0,-0.001311507575926879,0.0001162090142585259,0.0001162090152323495,0.0002325154128363622,0.0009628064824169363,-0.0001162090142585258
2,0.0029629000000005452,2.312930368745564,0.00097412647885875,-12.0,-1.15500398491323,12.0,-0.001310699956373118,0.0001155978111392089,0.0001155978121133353,0.0002312930368745565,0.0009638323192600051,-0.0001155978111392088
2,0.0029631000000005453,2.300702956726977,0.0009744277135615986,-12.0,-1.148889827048869,12.0,-0.001309891510191785,0.0001149864254762431,0.0001149864264506708,0.0002300702956726977,0.0009648578772227939,-0.0001149864254762431
2,0.0029633000000005454,2.288471911616579,0.0009747274202420719,-12.0,-1.142773854930652,12.0,-0.001309082238303616,0.0001143748582350894,0.0001143748592098168,0.0002288471911616579,0.0009658831543299384,-0.0001143748582350894
2,0.0029635000000005456,2.276237252728901,0.0009750255984291023,-12.0,-1.136656078216551,12.0,-0.001308272141632566,0.0001137631103814981,0.0001137631113565236,0.0002276237252728902,0.0009669081486083503,-0.000113763110381498
2,0.0029637000000005457,2.263998999384088,0.0009753222476571732,-12.0,-1.130536506567336,12.0,-0.001307461221105866,0.0001131511828814993,0.0001131511838568215,0.0002263998999384089,0.0009679328580874114,-0.0001131511828814993
2,0.002963900000000546,2.251757170907993,0.0009756173674401181,-12.0,-1.124415149646663,12.0,-0.001306649477653965,0.0001125390767014103,0.0001125390776770276,0.0002251757170907993,0.0009689572807988073,-0.0001125390767014103
2,0.002964100000000546,2.239511786632168,0.0009759109573117541,-12.0,-1.118292017121007,12.0,-0.00130583691221059,0.0001119267928078319,0.0001119267937837428,0.0002239511786632168,0.000969981414776791,-0.0001119267928078318
2,0.002964300000000546,2.227262865893698,0.0009762030168153357,-12.0,-1.112167118659596,12.0,-0.001305023525712656,0.0001113143321676411,0.0001113143331438441,0.0002227262865893698,0.0009710052580577944,-0.0001113143321676411
2,0.002964500000000546,2.215010428035303,0.0009764935454673607,-12.0,-1.106040463934515,12.0,-0.001304209319100358,0.0001107016957479982,0.0001107016967244918,0.0002215010428035303,0.0009720288086809276,-0.0001107016957479982
2,0.0029647000000005462,2.202754492405238,0.0009767825428264043,-12.0,-1.099912062620554,12.0,-0.001303394293317231,0.000110088884516338,0.0001100888854931206,0.0002202754492405239,0.0009730520646873964,-0.000110088884516338
2,0.0029649000000005464,2.190495078357265,0.0009770700084139605,-12.0,-1.093781924395312,12.0,-0.001302578449309796,0.0001094758994403726,0.0001094759004174426,0.0002190495078357266,0.0009740750241210988,-0.0001094758994403726
2,0.0029651000000005465,2.178232205250716,0.0009773559417783906,-12.0,-1.087650058939131,12.0,-0.001301761788028113,0.000108862741488091,0.0001088627424654469,0.0002178232205250716,0.0009750976850281812,-0.0001088627414880909
2,0.0029653000000005466,2.165965892450287,0.0009776403424734958,-12.0,-1.08151647593503,12.0,-0.001300944310425253,0.0001082494116277504,0.0001082494126053907,0.0002165965892450287,0.0009761200454572599,-0.0001082494116277503
2,0.0029655000000005467,2.153696159326142,0.0009779232100325386,-12.0,-1.07538118506879,12.0,-0.001300126017457659,0.0001076359108278823,0.0001076359118058055,0.0002153696159326142,0.0009771421034593664,-0.0001076359108278822
2,0.002965700000000547,2.141423025253901,0.0009782045440096532,-12.0,-1.069244196028891,12.0,-0.001299306910084855,0.0001070222400572901,0.0001070222410354946,0.0002141423025253901,0.000978163857087988,-0.0001070222400572901
2,0.002965900000000547,2.12914650961447,0.0009784843439674118,-12.0,-1.06310551850644,12.0,-0.001298486989269751,0.0001064084002850408,0.0001064084012635251,0.000212914650961447,0.0009791853043989718,-0.0001064084002850408
2,0.002966100000000547,2.116866631794118,0.0009787626094440727,-12.0,-1.056965162195266,12.0,-0.001297666255978408,0.0001057943924804711,0.0001057943934592337,0.0002116866631794118,0.0009802064434506208,-0.0001057943924804711
2,0.002966300000000547,2.10458341118449,0.0009790393400032071,-12.0,-1.050823136791847,12.0,-0.00129684471118019,0.000105180217613185,0.0001051802185922243,0.000210458341118449,0.0009812272723036392,-0.000105180217613185
2,0.0029665000000005473,2.092296867182416,0.0009793145352128274,-12.0,-1.044679451995243,12.0,-0.00129602235584754,0.0001045658766530456,0.0001045658776323601,0.0002092296867182416,0.0009822477890212705,-0.0001045658766530456
2,0.0029667000000005474,2.080007019190028,0.0009795881946166318,-12.0,-1.038534117507207,12.0,-0.001295199190956303,0.0001039513705701824,0.0001039513715497706,0.0002080007019190029,0.0009832679916690068,-0.0001039513705701824
2,0.0029669000000005475,2.067713886614662,0.0009798603178006182,-12.0,-1.032387143032027,12.0,-0.001294375217485308,0.0001033367003349827,0.0001033367013148431,0.0002067713886614662,0.0009842878783149905,-0.0001033367003349827
2,0.0029671000000005476,2.055417488868838,0.000980130904308485,-12.0,-1.026238538276647,12.0,-0.001293550436416824,0.0001027218669180956,0.0001027218678982265,0.0002055417488868838,0.0009853074470296819,-0.0001027218669180956
2,0.0029673000000005477,2.04311784537024,0.0009803999537331132,-12.0,-1.02008831295052,12.0,-0.001292724848736299,0.0001021068712904254,0.0001021068722708253,0.000204311784537024,0.0009863266958859696,-0.0001021068712904253
2,0.002967500000000548,2.030814975541647,0.000980667465626306,-12.0,-1.013936476765709,12.0,-0.001291898455432275,0.0001014917144231336,0.000101491715403801,0.0002030814975541647,0.000987345622959282,-0.0001014917144231336
2,0.002967700000000548,2.018508898811013,0.0009809334395681768,-12.0,-1.00778303943682,12.0,-0.00129107125749664,0.0001008763972876389,0.0001008763982685723,0.0002018508898811013,0.0009883642263273512,-0.0001008763972876389
2,0.002967900000000548,2.006199634611264,0.0009811978751452788,-12.0,-1.001628010680936,12.0,-0.001290243255924389,0.0001002609208556081,0.000100260921836806,0.0002006199634611265,0.0009893825040705323,-0.0001002609208556081
2,0.002968100000000548,1.993887202380388,0.0009814607719218493,-12.0,-0.9954714002177036,12.0,-0.00128941445171378,9.964528609896255e-05,9.964528708042332e-05,0.0001993887202380388,0.0009904004542715394,-9.964528609896255e-05
2,0.0029683000000005483,1.981571621561435,0.0009817221294841083,-12.0,-0.9893132177692698,12.0,-0.001288584845866317,9.902949398987543e-05,9.902949497159755e-05,0.0001981571621561435,0.0009914180750154739,-9.90294939898754e-05
2,0.0029685000000005484,1.969252911602336,0.0009819819474258251,-12.0,-0.9831534730602101,12.0,-0.001287754439386612,9.841354550076361e-05,9.841354648274552e-05,0.0001969252911602336,0.0009924353643901013,-9.841354550076359e-05
2,0.0029687000000005485,1.956931091955998,0.0009822402253180096,-12.0,-0.9769921758176197,12.0,-0.001286923233282569,9.779744160429378e-05,9.7797442586534e-05,0.0001956931091955998,0.0009934523204854218,-9.779744160429377e-05
2,0.0029689000000005486,1.944606182080295,0.0009824969627552083,-12.0,-0.970829335771045,12.0,-0.001286091228565239,9.718118327338005e-05,9.718118425587698e-05,0.0001944606182080295,0.0009944689413940305,-9.718118327338002e-05
2,0.0029691000000005487,1.932278201437914,0.000982752159333855,-12.0,-0.9646649626524345,12.0,-0.001285258426248881,9.656477148117688e-05,9.656477246392898e-05,0.0001932278201437914,0.0009954852252109792,-9.656477148117684e-05
2,0.002969300000000549,1.919947169496346,0.0009830058146500509,-12.0,-0.9584990661961399,12.0,-0.001284424827350958,9.594820720107899e-05,9.594820818408481e-05,0.0001919947169496346,0.0009965011700337617,-9.5948207201079e-05
2,0.002969500000000549,1.907613105728033,0.0009832579282761378,-12.0,-0.9523316561390228,12.0,-0.00128359043289214,9.53314914067299e-05,9.533149238998782e-05,0.0001907613105728033,0.0009975167739623425,-9.53314914067299e-05
2,0.002969700000000549,1.895276029610157,0.0009835084998414123,-12.0,-0.9461627422202311,12.0,-0.001282755243896302,9.471462507200729e-05,9.471462605551575e-05,0.0001895276029610157,0.00099853203509917,-9.471462507200726e-05
2,0.002969900000000549,1.882935960624556,0.0009837575289325384,-12.0,-0.9399923341813041,12.0,-0.00128191926139043,9.409760917102369e-05,9.40976101547812e-05,0.0001882935960624557,0.0009995469515491906,-9.409760917102367e-05
2,0.0029701000000005493,1.870592918257904,0.000984005015150613,-12.0,-0.9338204417661757,12.0,-0.001281082486404753,9.348044467813265e-05,9.348044566213767e-05,0.0001870592918257904,0.001000561521419849,-9.348044467813263e-05
2,0.0029703000000005494,1.858246922001575,0.000984250958102284,-12.0,-0.9276470747211245,12.0,-0.001280244919972764,9.286313256792269e-05,9.286313355217364e-05,0.0001858246922001575,0.00100157574282092,-9.286313256792269e-05
2,0.0029705000000005495,1.845897991351537,0.000984495357407078,-12.0,-0.9214722427947042,12.0,-0.001279406563130997,9.224567381521113e-05,9.224567479970652e-05,0.0001845897991351537,0.001002589613864915,-9.224567381521113e-05
2,0.0029707000000005496,1.833546145808415,0.0009847382126603188,-12.0,-0.9152959557378348,12.0,-0.001278567416919257,9.162806939504953e-05,9.162807037978773e-05,0.0001833546145808415,0.001003603132666619,-9.162806939504952e-05
2,0.0029709000000005498,1.821191404877502,0.0009849795234809777,-12.0,-0.9091182233037343,12.0,-0.001277727482380517,9.101032028272157e-05,9.101032126770104e-05,0.0001821191404877502,0.001004616297343386,-9.101032028272153e-05
2,0.00297110000000055,1.80883378806857,0.0009852192894944656,-12.0,-0.9029390552478505,12.0,-0.001276886760560925,9.03924274537345e-05,9.039242843895379e-05,0.000180883378806857,0.00100562910601508,-9.03924274537345e-05
2,0.00297130000000055,1.796473314895963,0.0009854575103042107,-12.0,-0.8967584613279502,12.0,-0.001276045252509767,8.977439188382545e-05,8.977439286928295e-05,0.0001796473314895963,0.001006641556804092,-8.977439188382545e-05
2,0.00297150000000055,1.784110004878597,0.0009856941855356238,-12.0,-0.890576451304053,12.0,-0.001275202959279589,8.915621454895888e-05,8.915621553465306e-05,0.0001784110004878597,0.001007653647835199,-8.915621454895887e-05
2,0.00297170000000055,1.771743877539774,0.0009859293148218873,-12.0,-0.8843930349383612,12.0,-0.001274359881926035,8.853789642531833e-05,8.853789741124763e-05,0.0001771743877539774,0.00100866537723579,-8.853789642531832e-05
2,0.0029719000000005503,1.75937495240728,0.0009861628977734238,-12.0,-0.8782082219953508,12.0,-0.001273516021507964,8.791943848931243e-05,8.791943947547534e-05,0.000175937495240728,0.001009676743135651,-8.791943848931243e-05
2,0.0029721000000005504,1.747003249013378,0.0009863949340241929,-12.0,-0.872022022241703,12.0,-0.001272671379087334,8.730084171757275e-05,8.730084270396768e-05,0.0001747003249013378,0.001010687743667207,-8.730084171757272e-05
2,0.0029723000000005505,1.734628786894646,0.0009866254232097083,-12.0,-0.8658344454462543,12.0,-0.00127182595572943,8.668210708694643e-05,8.668210807357184e-05,0.0001734628786894647,0.001011698376965256,-8.66821070869464e-05
2,0.0029725000000005507,1.722251585591979,0.0009868543649652617,-12.0,-0.8596455013799981,12.0,-0.001270979752502469,8.606323557449633e-05,8.606323656135071e-05,0.0001722251585591979,0.001012708641167259,-8.606323557449633e-05
2,0.0029727000000005508,1.709871664650726,0.0009870817589027192,-12.0,-0.8534551998161916,12.0,-0.001270132770478036,8.544422815750942e-05,8.544422914459118e-05,0.0001709871664650726,0.001013718534413011,-8.544422815750944e-05
2,0.002972900000000551,1.697489043620487,0.0009873076046907903,-12.0,-0.8472635505301311,12.0,-0.001269285010730703,8.48250858134822e-05,8.48250868007898e-05,0.0001697489043620487,0.001014728054844996,-8.482508581348219e-05
2,0.002973100000000551,1.685103742054998,0.0009875319019594375,-12.0,-0.8410705632992409,12.0,-0.001268436474338427,8.420580952012006e-05,8.420581050765194e-05,0.0001685103742054998,0.001015737200608074,-8.420580952012004e-05
2,0.002973300000000551,1.672715779512416,0.0009877546503325174,-12.0,-0.8348762479031631,12.0,-0.001267587162382122,8.358640025534956e-05,8.35864012431042e-05,0.0001672715779512416,0.001016745969849672,-8.358640025534956e-05
2,0.0029735000000005512,1.660325175555034,0.0009879758494841795,-12.0,-0.8286806141235324,12.0,-0.001266737075945892,8.296685899730168e-05,8.296685998527751e-05,0.0001660325175555034,0.001017754360719866,-8.296685899730167e-05
2,0.0029737000000005513,1.647931949749222,0.0009881954990488273,-12.0,-0.8224836717440825,12.0,-0.001265886216117049,8.234718672431315e-05,8.234718771250864e-05,0.0001647931949749222,0.001018762371371079,-8.234718672431314e-05
2,0.0029739000000005514,1.635536121665591,0.000988413598673521,-12.0,-0.816285430550649,12.0,-0.001265034583986038,8.172738441493227e-05,8.172738540334587e-05,0.0001635536121665591,0.001019769999958314,-8.172738441493224e-05
2,0.0029741000000005516,1.623137710878877,0.000988630148012648,-12.0,-0.810085900331118,12.0,-0.001264182180646459,8.110745304791306e-05,8.110745403654323e-05,0.0001623137710878877,0.001020777244639212,-8.110745304791308e-05
2,0.0029743000000005517,1.610736736967816,0.0009888451467313653,-12.0,-0.8038850908753593,12.0,-0.001263329007194974,8.048739360220908e-05,8.048739459105421e-05,0.0001610736736967816,0.001021784103573814,-8.048739360220907e-05
2,0.002974500000000552,1.59833321951522,0.000989058594472847,-12.0,-0.7976830119753147,12.0,-0.001262475064731511,7.986720705697877e-05,7.986720804603737e-05,0.000159833321951522,0.001022790574924742,-7.986720705697875e-05
2,0.002974700000000552,1.585927178107979,0.000989270490902583,-12.0,-0.7914796734249306,12.0,-0.001261620354359103,7.924689439158334e-05,7.924689538085383e-05,0.0001585927178107979,0.001023796656857159,-7.924689439158333e-05
2,0.002974900000000552,1.573518632336875,0.0009894808356922802,-12.0,-0.7852750850200908,12.0,-0.001260764877183865,7.862645658557831e-05,7.862645757505914e-05,0.0001573518632336875,0.001024802347538822,-7.862645658557831e-05
2,0.002975100000000552,1.561107601796679,0.0009896896284925516,-12.0,-0.7790692565587044,12.0,-0.00125990863431516,7.80058946187197e-05,7.800589560840934e-05,0.0001561107601796679,0.001025807645139945,-7.80058946187197e-05
2,0.0029753000000005522,1.548694106086145,0.0009898968689761034,-12.0,-0.7728621978406394,12.0,-0.001259051626865321,7.738520947096155e-05,7.738521046085842e-05,0.0001548694106086145,0.001026812547833364,-7.738520947096155e-05
2,0.0029755000000005524,1.536278164807826,0.0009901025568225252,-12.0,-0.7666539186676535,12.0,-0.00125819385595001,7.67644021224476e-05,7.676440311255015e-05,0.0001536278164807826,0.001027817053794414,-7.67644021224476e-05
2,0.0029757000000005525,1.523859797568171,0.0009903066916893133,-12.0,-0.7604444288434846,12.0,-0.001257335322687819,7.614347355351741e-05,7.614347454382408e-05,0.0001523859797568171,0.00102882116120101,-7.61434735535174e-05
2,0.0029759000000005526,1.511439023977521,0.0009905092732570564,-12.0,-0.7542337381737823,12.0,-0.001256476028200684,7.552242474470394e-05,7.55224257352132e-05,0.0001511439023977521,0.001029824868233609,-7.552242474470394e-05
2,0.0029761000000005527,1.499015863649946,0.0009907103012085083,-12.0,-0.748021856466057,12.0,-0.001255615973613497,7.490125667672658e-05,7.490125766743686e-05,0.0001499015863649946,0.001030828173075218,-7.490125667672657e-05
2,0.002976300000000553,1.486590336203263,0.000990909775221982,-12.0,-0.7418087935297007,12.0,-0.001254755160054341,7.427997033049226e-05,7.427997132140205e-05,0.0001486590336203263,0.001031831073911457,-7.427997033049228e-05
2,0.002976500000000553,1.474162461259083,0.0009911076949727926,-12.0,-0.7355945591760054,12.0,-0.001253893588654423,7.365856668709782e-05,7.365856767820551e-05,0.0001474162461259083,0.001032833568930427,-7.365856668709782e-05
2,0.002976700000000553,1.46173225844275,0.0009913040601480239,-12.0,-0.7293791632181124,12.0,-0.001253031260548085,7.303704672782606e-05,7.303704771913012e-05,0.000146173225844275,0.001033835656322854,-7.303704672782605e-05
2,0.002976900000000553,1.449299747383206,0.0009914988704459171,-12.0,-0.7231626154709456,12.0,-0.001252168176872723,7.241541143413915e-05,7.241541242563802e-05,0.0001449299747383207,0.001034837334282016,-7.241541143413916e-05
2,0.0029771000000005533,1.436864947713065,0.000991692125540955,-12.0,-0.7169449257513,12.0,-0.001251304338768924,7.17936617876841e-05,7.179366277937623e-05,0.0001436864947713065,0.001035838601003758,-7.17936617876841e-05
2,0.0029773000000005534,1.424427879068616,0.0009918838251306572,-12.0,-0.7107261038777737,12.0,-0.0012504397473804,7.117179877029044e-05,7.117179976217428e-05,0.0001424427879068616,0.001036839454686495,-7.117179877029043e-05
2,0.0029775000000005535,1.411988561089639,0.0009920739689197045,-12.0,-0.7045061596707003,12.0,-0.00124957440385387,7.0549823363962e-05,7.054982435603597e-05,0.0001411988561089639,0.001037839893531234,-7.0549823363962e-05
2,0.0029777000000005536,1.399547013419498,0.0009922625565900733,-12.0,-0.6982851029522383,12.0,-0.001248708309339305,6.992773655088285e-05,6.99277375431454e-05,0.0001399547013419498,0.001038839915741538,-6.992773655088285e-05
2,0.0029779000000005537,1.387103255705139,0.0009924495878471662,-12.0,-0.6920629435463028,12.0,-0.001247841464989671,6.9305539313415e-05,6.93055403058646e-05,0.0001387103255705139,0.001039839519523508,-6.9305539313415e-05
2,0.002978100000000554,1.374657307596904,0.0009926350624022695,-12.0,-0.685839691278498,12.0,-0.001246973871961043,6.868323263409004e-05,6.86832336267251e-05,0.0001374657307596904,0.001040838703085967,-6.868323263409002e-05
2,0.002978300000000554,1.362209188748653,0.0009928189799421894,-12.0,-0.6796153559762235,12.0,-0.001246105531412675,6.806081749561658e-05,6.806081848843554e-05,0.0001362209188748653,0.001041837464640226,-6.806081749561657e-05
2,0.002978500000000554,1.34975891881765,0.0009930013401951432,-12.0,-0.6733899474685192,12.0,-0.0012452364445069,6.743829488087144e-05,6.743829587387277e-05,0.000134975891881765,0.001042835802400145,-6.743829488087143e-05
2,0.002978700000000554,1.337306517464545,0.000993182142852267,-12.0,-0.6671634755861727,12.0,-0.001244366612409148,6.68156657729025e-05,6.681566676608466e-05,0.0001337306517464545,0.001043833714582207,-6.68156657729025e-05
2,0.0029789000000005543,1.324852004353425,0.000993361387632119,-12.0,-0.6609359501616505,12.0,-0.001243496036287886,6.619293115492829e-05,6.619293214828966e-05,0.0001324852004353425,0.001044831199405599,-6.619293115492826e-05
2,0.0029791000000005544,1.312395399151616,0.0009935390742583095,-12.0,-0.6547073810290299,12.0,-0.001242624717314761,6.557009201032882e-05,6.55700930038679e-05,0.0001312395399151616,0.001045828255091932,-6.557009201032882e-05
2,0.0029793000000005545,1.299936721529807,0.0009937152024295237,-12.0,-0.6484777780241071,12.0,-0.001241752656664485,6.494714932265368e-05,6.494715031636888e-05,0.0001299936721529807,0.001046824879865516,-6.494714932265366e-05
2,0.0029795000000005546,1.287475991161938,0.0009938897718872464,-12.0,-0.6422471509842405,12.0,-0.001240879855514798,6.432410407561278e-05,6.432410506950255e-05,0.0001287475991161938,0.001047821071953239,-6.432410407561278e-05
2,0.0029797000000005547,1.275013227725174,0.0009940627823343817,-12.0,-0.6360155097484579,12.0,-0.001240006315046643,6.370095725307924e-05,6.370095824714201e-05,0.0001275013227725175,0.001048816829584624,-6.370095725307923e-05
2,0.002979900000000555,1.26254845089997,0.0009942342335021448,-12.0,-0.6297828641573893,12.0,-0.001239132036444004,6.307770983908915e-05,6.307771083332339e-05,0.000126254845089997,0.001049812150991702,-6.307770983908914e-05
2,0.002980100000000555,1.250081680369857,0.0009944041251265245,-12.0,-0.6235492240531975,12.0,-0.001238257020893918,6.24543628178324e-05,6.245436381223653e-05,0.0001250081680369857,0.001050807034409205,-6.24543628178324e-05
2,0.002980300000000555,1.237612935821554,0.0009945724569225267,-12.0,-0.6173145992796687,12.0,-0.001237381269586474,6.183091717365913e-05,6.183091816823159e-05,0.0001237612935821554,0.001051801478074495,-6.183091717365912e-05
2,0.002980500000000555,1.225142236944956,0.0009947392286276946,-12.0,-0.6110789996821441,12.0,-0.001236504783714981,6.120737389107716e-05,6.12073748858164e-05,0.0001225142236944956,0.001052795480227436,-6.120737389107718e-05
2,0.0029807000000005553,1.212669603432947,0.0009949044399853446,-12.0,-0.6048424351074512,12.0,-0.001235627564475719,6.058373395474366e-05,6.05837349496481e-05,0.0001212669603432947,0.001053789039110596,-6.058373395474366e-05
2,0.0029809000000005554,1.200195054981529,0.0009950680907142573,-12.0,-0.5986049154040121,12.0,-0.001234749613068034,5.995999834947264e-05,5.995999934454072e-05,0.0001200195054981529,0.001054782152969141,-5.995999834947264e-05
2,0.0029811000000005555,1.187718611289704,0.0009952301805757346,-12.0,-0.5923664504216866,12.0,-0.001233870930694395,5.933616806022624e-05,5.933616905545642e-05,0.0001187718611289704,0.001055774820050877,-5.933616806022624e-05
2,0.0029813000000005556,1.175240292059452,0.000995390709292554,-12.0,-0.58612705001188,12.0,-0.001232991518560322,5.871224407211726e-05,5.871224506750799e-05,0.0001175240292059452,0.00105676703860616,-5.871224407211726e-05
2,0.0029815000000005558,1.162760116995791,0.0009955496766159144,-12.0,-0.579886724027475,12.0,-0.001232111377874413,5.80882273704091e-05,5.808822836595878e-05,0.0001162760116995791,0.001057758806888069,-5.808822737040908e-05
2,0.002981700000000556,1.150278105806572,0.0009957070823016778,-12.0,-0.5736454823227625,12.0,-0.001231230509848351,5.746411894050642e-05,5.74641199362135e-05,0.0001150278105806572,0.001058750123152229,-5.746411894050641e-05
2,0.002981900000000556,1.137794278202579,0.000995862926084723,-12.0,-0.567403334753533,12.0,-0.001230348915696809,5.683991976796178e-05,5.683992076382471e-05,0.0001137794278202579,0.001059740985656955,-5.683991976796177e-05
2,0.002982100000000556,1.125308653897524,0.0009960172077218554,-12.0,-0.5611602911770069,12.0,-0.001229466596637613,5.621563083847289e-05,5.62156318344901e-05,0.0001125308653897524,0.001060731392663182,-5.621563083847288e-05
2,0.002982300000000556,1.112821252607866,0.0009961699269776525,-12.0,-0.5549163614517673,12.0,-0.001228583553891612,5.55912531378745e-05,5.559125413404441e-05,0.0001112821252607866,0.00106172134243443,-5.55912531378745e-05
2,0.0029825000000005563,1.1003320940529,0.0009963210835935987,-12.0,-0.5486715554378486,12.0,-0.001227699788682736,5.496678765214422e-05,5.496678864846531e-05,0.00011003320940529,0.001062710833236918,-5.496678765214423e-05
2,0.0029827000000005564,1.087841197954757,0.0009964706773344378,-12.0,-0.54242588299667,12.0,-0.001226815302237887,5.434223536740045e-05,5.434223636387113e-05,0.0001087841197954757,0.001063699863339519,-5.434223536740045e-05
2,0.0029829000000005565,1.075348584038244,0.0009966187079680222,-12.0,-0.536179353990983,12.0,-0.001225930095787149,5.371759726989512e-05,5.371759826651382e-05,0.0001075348584038244,0.00106468843101367,-5.371759726989512e-05
2,0.0029831000000005567,1.062854272030857,0.0009967651752565976,-12.0,-0.5299319782848919,12.0,-0.001225044170563565,5.309287434601484e-05,5.309287534278002e-05,0.0001062854272030857,0.00106567653453353,-5.309287434601485e-05
2,0.0029833000000005568,1.050358281662827,0.0009969100789597451,-12.0,-0.5236837657438732,12.0,-0.001224157527803291,5.24680675822833e-05,5.246806857919338e-05,0.0001050358281662827,0.001066664172175845,-5.24680675822833e-05
2,0.002983500000000557,1.037860632667067,0.0009970534188494806,-12.0,-0.5174347262347252,12.0,-0.001223270168745468,5.184317796535748e-05,5.184317896241089e-05,0.0001037860632667067,0.001067651342220068,-5.184317796535747e-05
2,0.002983700000000557,1.025361344779027,0.0009971951947083113,-12.0,-0.5111848696254988,12.0,-0.001222382094632324,5.121820648202071e-05,5.121820747921592e-05,0.0001025361344779027,0.001068638042948274,-5.121820648202071e-05
2,0.002983900000000557,1.012860437736771,0.0009973354062953743,-12.0,-0.5049342057855883,12.0,-0.00122149330670912,5.059315411918837e-05,5.059315511652377e-05,0.0001012860437736771,0.001069624272645189,-5.059315411918837e-05
2,0.0029841000000005572,1.000357931280984,0.0009974740533925108,-12.0,-0.498682744585663,12.0,-0.001220603806224164,4.996802186390556e-05,4.996802286137961e-05,0.0001000357931280984,0.001070610029598226,-4.996802186390555e-05
2,0.0029843000000005573,0.9878538451547854,0.000997611135788945,-12.0,-0.4924304958975979,12.0,-0.001219713594428802,4.934281070333869e-05,4.934281170094982e-05,9.878538451547854e-05,0.001071595312097412,-4.934281070333869e-05
2,0.0029845000000005575,0.9753481991038171,0.00099774665325153,-12.0,-0.4861774695945648,12.0,-0.001218822672577412,4.871752162478163e-05,4.871752262252828e-05,9.753481991038171e-05,0.001072580118435487,-4.871752162478163e-05
2,0.0029847000000005576,0.9628410128762482,0.000997880605569712,-12.0,-0.4799236755509634,12.0,-0.001217931041927384,4.809215561565332e-05,4.809215661353393e-05,9.628410128762483e-05,0.001073564446907829,-4.809215561565331e-05
2,0.0029849000000005577,0.9503323062225854,0.0009980129925399872,-12.0,-0.4736691236423528,12.0,-0.001217038703739202,4.746671366348927e-05,4.746671466150227e-05,9.503323062225854e-05,0.001074548295812473,-4.746671366348928e-05
2,0.002985100000000558,0.9378220988957701,0.0009981438139367027,-12.0,-0.4674138237455419,12.0,-0.001216145659276309,4.684119675594786e-05,4.684119775409167e-05,9.378220988957701e-05,0.001075531663450188,-4.684119675594786e-05
2,0.002985300000000558,0.9253104106511731,0.0009982730695568542,-12.0,-0.4611577857385206,12.0,-0.001215251909805266,4.621560588080775e-05,4.621560687908082e-05,9.253104106511732e-05,0.00107651454812431,-4.621560588080775e-05
2,0.002985500000000558,0.9127972612464355,0.0009984007592005462,-12.0,-0.4549010195004093,12.0,-0.001214357456595545,4.558994202596099e-05,4.558994302436174e-05,9.127972612464354e-05,0.001077496948140938,-4.558994202596099e-05
2,0.002985700000000558,0.9002826704414578,0.000998526882666384,-12.0,-0.4486435349114605,12.0,-0.001213462300919746,4.496420617941269e-05,4.496420717793958e-05,9.002826704414579e-05,0.001078478861808813,-4.496420617941269e-05
2,0.0029859000000005582,0.8877666579985534,0.0009986514397299917,-12.0,-0.4423853418531672,12.0,-0.001212566444053403,4.433839932928972e-05,4.433840032794117e-05,8.877666579985534e-05,0.001079460287439375,-4.433839932928972e-05
2,0.0029861000000005584,0.8752492436822322,0.0009987744302244472,-12.0,-0.4361264502080352,12.0,-0.001211669887275141,4.371252246382597e-05,4.371252346260039e-05,8.752492436822323e-05,0.001080441223346731,-4.371252246382596e-05
2,0.0029863000000005585,0.8627304472590919,0.0009988958539427495,-12.0,-0.4298668698596732,12.0,-0.001210772631866565,4.30865765713616e-05,4.308657757025746e-05,8.62730447259092e-05,0.001081421667847686,-4.308657657136159e-05
2,0.0029865000000005586,0.8502102884981007,0.000999015710672957,-12.0,-0.4236066106928838,12.0,-0.001209874679112329,4.246056264035567e-05,4.246056363937139e-05,8.502102884981007e-05,0.001082401619261687,-4.246056264035568e-05
2,0.0029867000000005587,0.8376887871703114,0.0009991340002535876,-12.0,-0.4173456825934354,12.0,-0.001208976030300041,4.183448165936891e-05,4.183448265850289e-05,8.376887871703115e-05,0.001083381075910939,-4.18344816593689e-05
2,0.002986900000000559,0.8251659630488023,0.0009992507224824143,-12.0,-0.4110840954481703,12.0,-0.00120807668672037,4.120833461706527e-05,4.1208335616316e-05,8.251659630488024e-05,0.001084360036120308,-4.120833461706527e-05
2,0.002987100000000559,0.8126418359088448,0.0009993658771710878,-12.0,-0.404821859145007,12.0,-0.00120717664966697,4.058212250221781e-05,4.058212350158369e-05,8.126418359088448e-05,0.001085338498217348,-4.058212250221781e-05
2,0.002987300000000559,0.800116425527778,0.0009994794641368099,-12.0,-0.3985589835728891,12.0,-0.001206275920436525,3.995584630370259e-05,3.995584730318206e-05,8.00116425527778e-05,0.001086316460532297,-3.995584630370259e-05
2,0.002987500000000559,0.7875897516848944,0.000999591483210549,-12.0,-0.3922954786217165,12.0,-0.001205374500328683,3.932950701049272e-05,3.932950801008419e-05,7.875897516848945e-05,0.001087293921398155,-3.932950701049271e-05
2,0.0029877000000005593,0.7750618341615062,0.0009997019341982383,-12.0,-0.3860313541824364,12.0,-0.001204472390646111,3.870310561166347e-05,3.87031066113654e-05,7.750618341615062e-05,0.001088270879150581,-3.870310561166346e-05
2,0.0029879000000005594,0.7625326927409535,0.000999810816929847,-12.0,-0.3797666201469738,12.0,-0.00120356959269452,3.807664309639036e-05,3.807664409620119e-05,7.625326927409535e-05,0.001089247332127896,-3.807664309639036e-05
2,0.0029881000000005595,0.7500023472084139,0.0009999181312413952,-12.0,-0.3735012864081635,12.0,-0.001202666107782517,3.745012045394049e-05,3.745012145385862e-05,7.500023472084139e-05,0.001090223278671226,-3.745012045394049e-05
2,0.0029883000000005596,0.7374708173510007,0.001000023876947448,-12.0,-0.3672353628598404,12.0,-0.001201761937221824,3.68235386736788e-05,3.682353967370267e-05,7.374708173510008e-05,0.00109119871712432,-3.682353867367879e-05
2,0.0029885000000005597,0.7249381229577575,0.001000128053884969,-12.0,-0.3609688593967708,12.0,-0.001200857082327048,3.619689874506558e-05,3.619689974519363e-05,7.249381229577575e-05,0.001092173645833694,-3.619689874506558e-05
2,0.00298870000000056,0.7124042838194977,0.001000230661893947,-12.0,-0.3547017859146012,12.0,-0.001199951544415878,3.557020165764952e-05,3.557020265788019e-05,7.124042838194977e-05,0.001093148063148544,-3.557020165764952e-05
2,0.00298890000000056,0.6998693197287944,0.001000331700812984,-12.0,-0.3484341523098607,12.0,-0.001199045324808939,3.494344840106737e-05,3.494344940139908e-05,6.998693197287945e-05,0.001094121967420779,-3.494344840106738e-05
2,0.00298910000000056,0.6873332504801345,0.001000431170457505,-12.0,-0.3421659684800692,12.0,-0.001198138424829819,3.431663996505267e-05,3.431664096548385e-05,6.873332504801346e-05,0.001095095357005089,-3.431663996505268e-05
2,0.00298930000000056,0.6747960958697022,0.001000529070700862,-12.0,-0.3358972443235091,12.0,-0.001197230845805128,3.3689777339421e-05,3.368977833995007e-05,6.747960958697023e-05,0.001096068230258838,-3.3689777339421e-05
2,0.0029895000000005603,0.6622578756952678,0.001000625401375993,-12.0,-0.3296279897393159,12.0,-0.001196322589064484,3.306286151406919e-05,3.306286251469459e-05,6.622578756952679e-05,0.001097040585542088,-3.306286151406919e-05
2,0.0029897000000005604,0.6497186097564741,0.001000720162310731,-12.0,-0.3233582146275694,12.0,-0.001195413655940447,3.2435893478988e-05,3.243589447970817e-05,6.497186097564741e-05,0.00109801242121766,-3.243589347898801e-05
2,0.0029899000000005605,0.6371783178545483,0.001000813353383923,-12.0,-0.3170879288890648,12.0,-0.001194504047768517,3.180887422424487e-05,3.180887522505822e-05,6.371783178545483e-05,0.001098983735651121,-3.180887422424487e-05
2,0.0029901000000005606,0.6246370197922414,0.001000904974433087,-12.0,-0.3108171424254214,12.0,-0.001193593765887249,3.118180473998544e-05,3.118180574089042e-05,6.246370197922414e-05,0.001099954527210761,-3.118180473998544e-05
2,0.0029903000000005607,0.6120947353739992,0.001000995025309814,-12.0,-0.3045458651390846,12.0,-0.001192682811638091,3.055468601643944e-05,3.055468701743447e-05,6.120947353739991e-05,0.001100924794267589,-3.055468601643944e-05
2,0.002990500000000561,0.5995514844058358,0.001001083505871775,-12.0,-0.2982741069332752,12.0,-0.001191771186365549,2.99275190439147e-05,2.99275200449982e-05,5.995514844058359e-05,0.001101894535195328,-2.99275190439147e-05
2,0.002990700000000561,0.5870072866952163,0.001001170415989516,-12.0,-0.2920018777119198,12.0,-0.001190858891417006,2.930030481279092e-05,2.930030581396134e-05,5.870072866952163e-05,0.001102863748370497,-2.930030481279093e-05
2,0.002990900000000561,0.5744621620511272,0.001001255755509162,-12.0,-0.2857291873797423,12.0,-0.001189945928142901,2.867304431352514e-05,2.86730453147809e-05,5.744621620511272e-05,0.001103832432172304,-2.867304431352514e-05
2,0.002991100000000561,0.5619161302840815,0.00100133952430051,-12.0,-0.2794560458421947,12.0,-0.001189032297896523,2.804573853664952e-05,2.804573953798905e-05,5.619161302840815e-05,0.00110480058498276,-2.804573853664952e-05
2,0.0029913000000005613,0.549369211205931,0.00100142172224002,-12.0,-0.2731824630053882,12.0,-0.001188118002034236,2.741838847276281e-05,2.741838947418455e-05,5.49369211205931e-05,0.001105768205186559,-2.741838847276282e-05
2,0.0029915000000005614,0.536821424629961,0.001001502349181865,-12.0,-0.2669084487761842,12.0,-0.001187203041915288,2.679099511253662e-05,2.679099611403896e-05,5.36821424629961e-05,0.001106735291171175,-2.679099511253661e-05
2,0.0029917000000005615,0.5242727903708885,0.001001581405003282,-12.0,-0.2606340130621254,12.0,-0.001186287418901925,2.616355944671287e-05,2.616356044829426e-05,5.242727903708885e-05,0.00110770184132683,-2.616355944671287e-05
2,0.0029919000000005616,0.5117233282446753,0.001001658889588114,-12.0,-0.2543591657713665,12.0,-0.00118537113435932,2.553608246609546e-05,2.553608346775436e-05,5.117233282446753e-05,0.001108667854046508,-2.553608246609547e-05
2,0.0029921000000005618,0.4991730580686222,0.001001734802798221,-12.0,-0.2480839168127658,12.0,-0.001184454189655623,2.49085651615564e-05,2.49085661632912e-05,4.991730580686222e-05,0.001109633327725925,-2.49085651615564e-05
2,0.002992300000000562,0.4866219996613687,0.001001809144518168,-12.0,-0.2418082760958156,12.0,-0.001183536586161896,2.428100852403338e-05,2.428100952584252e-05,4.866219996613687e-05,0.001110598260763571,-2.428100852403338e-05
2,0.002992500000000562,0.4740701728427282,0.001001881914635627,-12.0,-0.2355322535305915,12.0,-0.001182618325252193,2.365341354452271e-05,2.365341454640463e-05,4.740701728427282e-05,0.001111562651560715,-2.365341354452272e-05
2,0.002992700000000562,0.4615175974337047,0.001001953113032722,-12.0,-0.2292558590277721,12.0,-0.001181699408303483,2.302578121408049e-05,2.30257822160336e-05,4.615175974337047e-05,0.001112526498521341,-2.302578121408049e-05
2,0.002992900000000562,0.4489642932565404,0.001002022739589409,-12.0,-0.2229791024986587,12.0,-0.001180779836695678,2.239811252382481e-05,2.239811352584755e-05,4.489642932565404e-05,0.001113489800052252,-2.239811252382481e-05
2,0.0029931000000005623,0.4364102801346569,0.001002090794197469,-12.0,-0.2167019938551243,12.0,-0.001179859611811648,2.177040846493218e-05,2.177040946702297e-05,4.364102801346569e-05,0.001114452554562977,-2.177040846493218e-05
2,0.0029933000000005624,0.4238555778925129,0.001002157276759202,-12.0,-0.2104245430095449,12.0,-0.001178938735037206,2.114267002863041e-05,2.114267103078769e-05,4.238555778925129e-05,0.001115414760465831,-2.114267002863041e-05
2,0.0029935000000005626,0.411300206355685,0.001002222187153873,-12.0,-0.2041467598748898,12.0,-0.001178017207761055,2.051489820620437e-05,2.051489920842656e-05,4.11300206355685e-05,0.001116376416175919,-2.051489820620437e-05
2,0.0029937000000005627,0.3987441853508681,0.001002285525283614,-12.0,-0.1978686543646534,12.0,-0.001177095031374878,1.98870939889937e-05,1.988709499127922e-05,3.987441853508681e-05,0.001117337520111103,-1.98870939889937e-05
2,0.0029939000000005628,0.3861875347056891,0.001002347291057332,-12.0,-0.1915902363927856,12.0,-0.001176172207273285,1.925925836838429e-05,1.925925937073159e-05,3.861875347056891e-05,0.001118298070692001,-1.925925836838429e-05
2,0.002994100000000563,0.3736302742488021,0.00100240748436202,-12.0,-0.1853115158737832,12.0,-0.001175248736853794,1.863139233581452e-05,1.8631393338222e-05,3.736302742488021e-05,0.001119258066342058,-1.863139233581452e-05
2,0.002994300000000563,0.3610724238098852,0.001002466105107305,-12.0,-0.1790325027226206,12.0,-0.001174324621516853,1.800349688277279e-05,1.80034978852389e-05,3.610724238098853e-05,0.001120217505487471,-1.800349688277279e-05
2,0.002994500000000563,0.3485140032194542,0.001002523153209561,-12.0,-0.1727532068546812,12.0,-0.001173399862665851,1.737557300078908e-05,1.737557400331223e-05,3.485140032194542e-05,0.001121176386557236,-1.737557300078908e-05
2,0.0029947000000005632,0.3359550323089829,0.001002578628559611,-12.0,-0.1664736381858657,12.0,-0.001172474461707085,1.674762168144254e-05,1.674762268402116e-05,3.359550323089829e-05,0.001122134707983106,-1.674762168144253e-05
2,0.0029949000000005633,0.3233955309107934,0.001002632531091105,-12.0,-0.1601938066324348,12.0,-0.001171548420049779,1.611964391635258e-05,1.611964491898512e-05,3.233955309107934e-05,0.001123092468199676,-1.611964391635259e-05
2,0.0029951000000005635,0.3108355188580295,0.001002684860699279,-12.0,-0.1539137221111173,12.0,-0.001170621739106072,1.549164069718165e-05,1.549164169986651e-05,3.108355188580295e-05,0.001124049665644274,-1.549164069718165e-05
2,0.0029953000000005636,0.2982750159847188,0.001002735617307751,-12.0,-0.1476333945390416,12.0,-0.001169694420291018,1.486361301563494e-05,1.486361401837056e-05,2.982750159847189e-05,0.001125006298757064,-1.486361301563494e-05
2,0.0029955000000005637,0.2857140421255649,0.001002784800845105,-12.0,-0.1413528338336668,12.0,-0.001168766465022576,1.423556186345119e-05,1.423556286623599e-05,2.85714042125565e-05,0.001125962365981004,-1.423556186345119e-05
2,0.002995700000000564,0.2731526171160499,0.001002832411218374,-12.0,-0.1350720499128732,12.0,-0.001167837874721621,1.360748823240917e-05,1.360748923524158e-05,2.7315261711605e-05,0.001126917865761835,-1.360748823240916e-05
2,0.002995900000000564,0.2605907607924285,0.001002878448357308,-12.0,-0.1287910526948938,12.0,-0.001166908650811956,1.297939311432511e-05,1.297939411720356e-05,2.605907607924285e-05,0.001127872796548092,-1.297939311432511e-05
2,0.002996100000000564,0.2480284929915433,0.001002922912198445,-12.0,-0.1225098520982448,12.0,-0.001165978794720258,1.235127750104433e-05,1.235127850396724e-05,2.480284929915433e-05,0.001128827156791145,-1.235127750104433e-05
2,0.002996300000000564,0.2354658335509435,0.001002965802652453,-12.0,-0.1162284580418351,12.0,-0.001165048307876122,1.172314238444875e-05,1.172314338741455e-05,2.354658335509435e-05,0.00112978094494514,-1.172314238444875e-05
2,0.0029965000000005643,0.222902802308777,0.001003007119673188,-12.0,-0.1099468804448075,12.0,-0.001164117191712048,1.109498875644807e-05,1.109498975945519e-05,2.22902802308777e-05,0.001130734159467052,-1.109498875644807e-05
2,0.0029967000000005644,0.2103394191037616,0.001003046863175885,-12.0,-0.1036651292266484,12.0,-0.001163185447663421,1.046681760898243e-05,1.046681861202929e-05,2.103394191037617e-05,0.001131686798816658,-1.046681760898243e-05
2,0.0029969000000005645,0.1977757037752494,0.001003085033104242,-12.0,-0.09738321430711802,12.0,-0.001162253077168551,9.838629934022228e-06,9.83863093710726e-06,1.977757037752494e-05,0.001132638861456545,-9.838629934022227e-06
2,0.0029971000000005646,0.1852116761630176,0.001003121629406946,-12.0,-0.09110114560618209,12.0,-0.001161320081668605,9.210426723558903e-06,9.210427726680532e-06,1.852116761630176e-05,0.001133590345852122,-9.210426723558905e-06
2,0.0029973000000005647,0.1726473561073948,0.001003156652007252,-12.0,-0.08481893304412001,12.0,-0.001160386462607669,8.582208969612724e-06,8.58220997276938e-06,1.726473561073949e-05,0.001134541250471617,-8.582208969612725e-06
2,0.002997500000000565,0.1600827634491518,0.001003190100871652,-12.0,-0.07853658654136743,12.0,-0.001159452221432705,7.953977664223907e-06,7.953978667414007e-06,1.600827634491518e-05,0.001135491573786077,-7.953977664223907e-06
2,0.002997700000000565,0.1475179180294723,0.001003221975927768,-12.0,-0.07225411601862475,12.0,-0.001158517359593573,7.325733799455253e-06,7.325734802677226e-06,1.475179180294723e-05,0.001136441314269364,-7.325733799455252e-06
2,0.002997900000000565,0.134952839690018,0.001003252277132029,-12.0,-0.06597153139678819,12.0,-0.001157581878543012,6.697478367392022e-06,6.697479370644298e-06,1.34952839690018e-05,0.001137390470398174,-6.697478367392021e-06
2,0.002998100000000565,0.1223875482727182,0.001003281004445411,-12.0,-0.05968884259688093,12.0,-0.00115664577973664,6.069212360132634e-06,6.069213363413639e-06,1.223875482727182e-05,0.001138339040652032,-6.069212360132634e-06
2,0.0029983000000005653,0.1098220636198745,0.001003308157807851,-12.0,-0.05340605954014389,12.0,-0.001155709064632961,5.440936769795175e-06,5.440937773103334e-06,1.098220636198745e-05,0.001139287023513287,-5.440936769795175e-06
2,0.0029985000000005654,0.09725640557415277,0.001003333737181422,-12.0,-0.04712319214796688,12.0,-0.001154771734693358,4.812652588514829e-06,4.812653591848567e-06,9.725640557415278e-06,0.001140234417467119,-4.81265258851483e-06
2,0.0029987000000005655,0.08469059397840027,0.001003357742535443,-12.0,-0.04084025034181955,12.0,-0.001153833791382082,4.1843608084355e-06,4.184361811793242e-06,8.469059397840028e-06,0.001141181221001551,-4.184360808435499e-06
2,0.0029989000000005656,0.07212464867573908,0.001003380173816942,-12.0,-0.03455724404334239,12.0,-0.001152895236166265,3.556062421715932e-06,3.556063425096107e-06,7.212464867573908e-06,0.001142127432607442,-3.556062421715933e-06
2,0.0029991000000005657,0.05955858950956346,0.001003401030995808,-12.0,-0.02827418317427771,12.0,-0.001151956070515909,2.927758420527354e-06,2.927759423928383e-06,5.955858950956346e-06,0.001143073050778476,-2.927758420527352e-06
2,0.002999300000000566,0.04699243632337775,0.001003420314044842,-12.0,-0.02199107765641847,12.0,-0.001151016295903882,2.299449797046331e-06,2.299450800466645e-06,4.699243632337775e-06,0.001144018074011198,-2.299449797046332e-06
2,0.002999500000000566,0.0344262089607877,0.001003438022935486,-12.0,-0.01570793741161039,12.0,-0.001150075913805912,1.671137543454587e-06,1.671138546892611e-06,3.44262089607877e-06,0.001144962500804987,-1.671137543454588e-06
2,0.002999700000000566,0.02185992726565255,0.001003454157616078,-12.0,-0.00942477236186058,12.0,-0.001149134925700608,1.042822651947666e-06,1.042823655401823e-06,2.185992726565255e-06,0.001145906329662071,-1.042822651947666e-06
2,0.002999900000000566,0.009293611081869817,0.001003468718092641,-12.0,-0.003141592429108765,12.0,-0.001148193333069427,4.145061147201402e-07,4.145071181888588e-07,9.293611081869817e-07,0.001146849559087519,-4.145061147201407e-07
2,0.003000100000000566,-0.003272719746712102,0.00100348170432732,-12.0,0.003141592464664074,12.0,-0.001147251137396688,-2.138110760336752e-07,-2.138100725519711e-07,-3.272719746712102e-07,0.001147792187589268,2.138110760336754e-07
2,0.003000300000000566,-0.0158390453761128,0.001003493116297355,-12.0,0.009424772397433596,12.0,-0.001146308340169565,-8.421279281136245e-07,-8.421269246205077e-07,-1.58390453761128e-06,0.001148734213678095,8.421279281136242e-07
2,0.003000500000000566,-0.02840534596235057,0.001003502953985644,-12.0,0.01570793744718329,12.0,-0.001145364942878096,-1.470443449319765e-06,-1.470442445816811e-06,-2.840534596235057e-06,0.001149675635867635,1.470443449319765e-06
2,0.003000700000000567,-0.04097160166155822,0.001003511217388103,-12.0,0.02199107769197344,12.0,-0.001144420947015158,-2.098756647458533e-06,-2.098755643947316e-06,-4.097160166155822e-06,0.001150616452674383,2.098756647458534e-06
2,0.003000900000000567,-0.05353779262991331,0.001003517906476334,-12.0,0.02827418320985022,12.0,-0.001143476354076489,-2.727066530337389e-06,-2.727065526819482e-06,-5.353779262991332e-06,0.0011515566626177,2.727066530337389e-06
2,0.003001100000000567,-0.06610389902363228,0.001003523021245518,-12.0,0.03455724407891463,12.0,-0.001142531165560666,-3.35537210576691e-06,-3.35537110224389e-06,-6.610389902363228e-06,0.001152496264219796,3.355372105766911e-06
2,0.003001300000000567,-0.07866990099915978,0.001003526561697287,-12.0,0.04084025037739144,12.0,-0.00114158538296912,-3.983672381569415e-06,-3.983671378042854e-06,-7.866990099915978e-06,0.00115343525600576,3.983672381569416e-06
2,0.003001500000000567,-0.09123577871307159,0.001003528527811538,-12.0,0.04712319218353838,12.0,-0.001140639007806115,-4.611966365572684e-06,-4.611965362044156e-06,-9.123577871307159e-06,0.001154373636503542,4.611966365572684e-06
2,0.0030017000000005668,-0.1038015123220797,0.001003528919590588,-12.0,0.05340605957571494,12.0,-0.001139692041578765,-5.240253065612435e-06,-5.240252062083516e-06,-1.038015123220797e-05,0.001155311404243964,5.240253065612435e-06
2,0.0030019000000005673,-0.1163670819831925,0.001003527737040037,-12.0,0.05968884263243371,12.0,-0.001138744485797013,-5.868531489539369e-06,-5.868530486011628e-06,-1.163670819831925e-05,0.001156248557760716,5.868531489539368e-06
2,0.003002100000000567,-0.1289324678537254,0.001003524980163789,-12.0,0.06597153143235818,12.0,-0.00113779634197364,-6.496800645219438e-06,-6.49679964169446e-06,-1.289324678537254e-05,0.001157185095590377,6.496800645219439e-06
2,0.003002300000000567,-0.1414976500911464,0.001003520648942935,-12.0,0.0722541160541941,12.0,-0.001136847611624268,-7.125059540525115e-06,-7.125058537004467e-06,-1.414976500911464e-05,0.001158121016272377,7.125059540525117e-06
2,0.003002500000000568,-0.1540626088532937,0.001003514743416048,-12.0,0.07853658657691837,12.0,-0.001135898296267348,-7.753307183350232e-06,-7.753306179835487e-06,-1.540626088532937e-05,0.001159056318349048,7.753307183350232e-06
2,0.0030027000000005678,-0.1666273242984851,0.001003507263581831,-12.0,0.08481893307968796,12.0,-0.001134948397424142,-8.381542581610614e-06,-8.381541578103349e-06,-1.666273242984852e-05,0.001159991000365603,8.381542581610614e-06
2,0.0030029000000005683,-0.1791917765852345,0.001003498209433282,-12.0,0.09110114564174926,12.0,-0.001133997916618759,-9.009764743231597e-06,-9.00976373973339e-06,-1.791917765852345e-05,0.001160925060870127,9.009764743231599e-06
2,0.003003100000000568,-0.1917559458725364,0.001003487581015039,-12.0,0.0973832143426666,12.0,-0.00113304685537813,-9.637972676165156e-06,-9.637971672677573e-06,-1.917559458725364e-05,0.001161858498413585,9.637972676165156e-06
2,0.003003300000000568,-0.2043198123199542,0.001003475378333771,-12.0,0.1036651292622316,12.0,-0.001132095215231997,-1.026616538838978e-05,-1.02661643849144e-05,-2.043198123199542e-05,0.00116279131154986,1.026616538838978e-05
2,0.003003500000000568,-0.216883356087342,0.001003461601389991,-12.0,0.109946880480372,12.0,-0.001131142997712926,-1.08943418878982e-05,-1.08943408844366e-05,-2.16883356087342e-05,0.0011637234988357,1.08943418878982e-05
2,0.003003700000000568,-0.2294465573351293,0.00100344625023574,-12.0,0.1162284580773808,12.0,-0.001130190204356308,-1.15225011827145e-05,-1.152250017926825e-05,-2.294465573351293e-05,0.001164655058830753,1.15225011827145e-05
2,0.003003900000000568,-0.2420093962243834,0.001003429324881525,-12.0,0.1225098521338072,12.0,-0.001129236836700328,-1.215064228089257e-05,-1.215064127746325e-05,-2.420093962243834e-05,0.001165585990097568,1.215064228089257e-05
2,0.003004100000000569,-0.254571852916638,0.001003410825351894,-12.0,0.1287910527304551,12.0,-0.00112828289628601,-1.277876419051032e-05,-1.277876318709949e-05,-2.54571852916638e-05,0.001166516291201585,1.277876419051032e-05
2,0.003004300000000569,-0.2671339075740185,0.001003390751677713,-12.0,0.1350720499484334,12.0,-0.001127328384657164,-1.340686591967557e-05,-1.340686491628481e-05,-2.671339075740185e-05,0.001167445960711146,1.340686591967556e-05
2,0.003004500000000569,-0.2796955403593621,0.001003369103902405,-12.0,0.1413528338692257,12.0,-0.001126373303360418,-1.403494647653233e-05,-1.403494547316323e-05,-2.796955403593621e-05,0.001168374997197501,1.403494647653233e-05
2,0.003004700000000569,-0.2922567314361447,0.001003345882045342,-12.0,0.1476333945745992,12.0,-0.001125417653945198,-1.466300486925539e-05,-1.46630038659095e-05,-2.922567314361447e-05,0.001169303399234807,1.466300486925538e-05
2,0.003004900000000569,-0.3048174609684772,0.001003321086149311,-12.0,0.1539137221466735,12.0,-0.001124461437963754,-1.529104010605242e-05,-1.529103910273133e-05,-3.048174609684772e-05,0.001170231165400102,1.529104010605242e-05
2,0.003005100000000569,-0.3173777091212936,0.001003294716263745,-12.0,0.1601938066679896,12.0,-0.0011235046569711,-1.591905119517259e-05,-1.591905019187787e-05,-3.173777091212936e-05,0.001171158294273372,1.591905119517258e-05
2,0.003005300000000569,-0.3299374560602545,0.00100326677241605,-12.0,0.1664736382214191,12.0,-0.001122547312525084,-1.65470371449003e-05,-1.654703614163353e-05,-3.299374560602546e-05,0.001172084784437491,1.65470371449003e-05
2,0.0030055000000005693,-0.3424966819517516,0.001003237254656481,-12.0,0.172753206890233,12.0,-0.00112158940618633,-1.717499696355766e-05,-1.717499596032041e-05,-3.424966819517516e-05,0.001173010634478239,1.717499696355766e-05
2,0.003005700000000569,-0.355055366963069,0.00100320616303802,-12.0,0.1790325027581531,12.0,-0.001120630939518249,-1.780292965951151e-05,-1.780292865630535e-05,-3.55055366963069e-05,0.001173935842984353,1.780292965951151e-05
2,0.00300590000000057,-0.3676134912623917,0.001003173497612475,-12.0,0.1853115159093496,12.0,-0.001119671914087059,-1.843083424117371e-05,-1.843083323800021e-05,-3.676134912623917e-05,0.001174860408547432,1.843083424117372e-05
2,0.00300610000000057,-0.3801710350186543,0.001003139258408503,-12.0,0.1915902364283326,12.0,-0.001118712331461765,-1.90587097169924e-05,-1.905870871385314e-05,-3.801710350186544e-05,0.001175784329762054,1.905870971699241e-05
2,0.00300630000000057,-0.3927279784017553,0.001003103445512493,-12.0,0.1978686544001809,12.0,-0.001117752193214135,-1.968655509546684e-05,-1.968655409236339e-05,-3.927279784017554e-05,0.001176707605225671,1.968655509546684e-05
2,0.0030065000000005703,-0.4052843015826452,0.001003066058966717,-12.0,0.2041467599104332,12.0,-0.001116791500918746,-2.031436938514666e-05,-2.03143683820806e-05,-4.052843015826452e-05,0.001177630233538691,2.031436938514665e-05
2,0.00300670000000057,-0.4178399847331441,0.001003027098828935,-12.0,0.2104245430450864,12.0,-0.001115830256152941,-2.094215159462575e-05,-2.094215059159865e-05,-4.178399847331441e-05,0.001178552213304439,2.094215159462575e-05
2,0.00300690000000057,-0.4303950080260746,0.001002986565162151,-12.0,0.2167019938906462,12.0,-0.001114868460496861,-2.156990073254841e-05,-2.156989972956184e-05,-4.303950080260746e-05,0.001179473543129167,2.156990073254841e-05
2,0.0030071000000005703,-0.4429493516353755,0.001002944458042693,-12.0,0.2229791025341964,12.0,-0.001113906115533393,-2.219761580761536e-05,-2.219761480467091e-05,-4.429493516353755e-05,0.00118039422162208,2.219761580761537e-05
2,0.00300730000000057,-0.4555029957360326,0.001002900777522464,-12.0,0.2292558590633078,12.0,-0.001112943222848217,-2.282529582857853e-05,-2.282529482567776e-05,-4.555029957360327e-05,0.001181314247395288,2.282529582857853e-05
2,0.00300750000000057,-0.4680559205040737,0.001002855523676904,-12.0,0.2355322535661074,12.0,-0.001111979784029798,-2.345293980424305e-05,-2.345293880138753e-05,-4.680559205040737e-05,0.00118223361906385,2.345293980424305e-05
2,0.003007700000000571,-0.4806081061167565,0.001002808696587948,-12.0,0.2418082761313471,12.0,-0.001111015800669343,-2.408054674347591e-05,-2.408054574066722e-05,-4.806081061167565e-05,0.001183152335245772,2.408054674347592e-05
2,0.003007900000000571,-0.4931595327524722,0.00100276029631588,-12.0,0.2480839168483128,12.0,-0.00111005127436083,-2.470811565519971e-05,-2.470811465243941e-05,-4.931595327524722e-05,0.001184070394562007,2.47081156551997e-05
2,0.0030081000000005713,-0.5057101805907513,0.001002710322943079,-12.0,0.2543591658068935,12.0,-0.001109086206701009,-2.533564554839505e-05,-2.533564454568472e-05,-5.057101805907514e-05,0.00118498779563643,2.533564554839504e-05
2,0.003008300000000571,-0.5182600298124458,0.001002658776559556,-12.0,0.2606340130976501,12.0,-0.001108120599289393,-2.596313543210905e-05,-2.596313442945027e-05,-5.182600298124458e-05,0.00118590453709588,2.596313543210905e-05
2,0.003008500000000571,-0.5308090605996136,0.001002605657228761,-12.0,0.2669084488117066,12.0,-0.001107154453728252,-2.659058431544778e-05,-2.659058331284212e-05,-5.308090605996137e-05,0.001186820617570136,2.659058431544779e-05
2,0.003008700000000571,-0.5433572531356237,0.001002550965057747,-12.0,0.2731824630409081,12.0,-0.001106187771622615,-2.721799120758503e-05,-2.721799020503407e-05,-5.433572531356237e-05,0.001187736035691923,2.721799120758504e-05
2,0.003008900000000571,-0.5559045876051859,0.001002494700114792,-12.0,0.2794560458777121,12.0,-0.00110522055458025,-2.784535511775973e-05,-2.784535411526504e-05,-5.55904587605186e-05,0.001188650790096946,2.784535511775973e-05
2,0.003009100000000571,-0.5684510441942872,0.001002436862496653,-12.0,0.2857291874152572,12.0,-0.001104252804211704,-2.847267505527606e-05,-2.847267405283919e-05,-5.684510441942872e-05,0.001189564879423829,2.847267505527605e-05
2,0.003009300000000571,-0.5809966030904005,0.001002377452304942,-12.0,0.2920018777474321,12.0,-0.001103284522130259,-2.909995002951272e-05,-2.909994902713527e-05,-5.809966030904005e-05,0.001190478302314169,2.909995002951272e-05
2,0.003009500000000572,-0.5935412444823567,0.001002316469616071,-12.0,0.2982741069687672,12.0,-0.001102315709951937,-2.972717904991511e-05,-2.972717804759864e-05,-5.935412444823567e-05,0.00119139105741253,2.972717904991511e-05
2,0.003009700000000572,-0.6060849485604561,0.001002253914549611,-12.0,0.3045458651745916,12.0,-0.001101346369295507,-3.035436112600421e-05,-3.035436012375029e-05,-6.060849485604562e-05,0.001192303143366453,3.035436112600421e-05
2,0.003009900000000572,-0.6186276955164967,0.001002189787186275,-12.0,0.3108171424609256,12.0,-0.001100376501782494,-3.098149526737394e-05,-3.098149426518415e-05,-6.186276955164967e-05,0.001193214558826393,3.098149526737394e-05
2,0.003010100000000572,-0.6311694655437095,0.001002124087635309,-12.0,0.3170879289245485,12.0,-0.001099406109037165,-3.160858048369133e-05,-3.160857948156724e-05,-6.311694655437095e-05,0.001194125302445816,3.160858048369132e-05
2,0.003010300000000572,-0.6437102388369668,0.001002056816010982,-12.0,0.323358214663068,12.0,-0.0010984351926865,-3.223561578470571e-05,-3.223561478264889e-05,-6.437102388369668e-05,0.001195035372881147,3.223561578470571e-05
2,0.0030105000000005717,-0.6562499955926812,0.001001987972406027,-12.0,0.3296279897748294,12.0,-0.001097463754360241,-3.286260018024234e-05,-3.286259917825436e-05,-6.562499955926811e-05,0.001195944768791771,3.286260018024234e-05
2,0.0030107000000005723,-0.6687887160088101,0.001001917556935711,-12.0,0.3358972443589841,12.0,-0.001096491795690817,-3.348953268020484e-05,-3.348953167828729e-05,-6.687887160088101e-05,0.00119685348884007,3.348953268020484e-05
2,0.003010900000000572,-0.6813263802850397,0.001001845569722298,-12.0,0.3421659685155589,12.0,-0.001095519318313469,-3.411641229458366e-05,-3.41164112927381e-05,-6.813263802850398e-05,0.001197761531691363,3.411641229458366e-05
2,0.003011100000000572,-0.6938629686226676,0.00100177201086224,-12.0,0.3484341523453474,12.0,-0.001094546323866095,-3.474323803344851e-05,-3.47432370316765e-05,-6.938629686226676e-05,0.001198668896013964,3.474323803344851e-05
2,0.003011300000000573,-0.7063984612247117,0.00100169688049484,-12.0,0.354701785950067,12.0,-0.001093572813989335,-3.537000890695721e-05,-3.537000790526032e-05,-7.063984612247117e-05,0.001199575580479215,3.537000890695721e-05
2,0.0030115000000005727,-0.7189328382959352,0.001001620178721074,-12.0,0.360968859432251,12.0,-0.001092598790326561,-3.5996723925353e-05,-3.599672292373282e-05,-7.189328382959353e-05,0.001200481583761369,3.5996723925353e-05
2,0.0030117000000005733,-0.731466080042786,0.001001541905670228,-12.0,0.3672353628953174,12.0,-0.00109162425452386,-3.662338209896472e-05,-3.662338109742282e-05,-7.31466080042786e-05,0.001201386904537714,3.662338209896472e-05
2,0.003011900000000573,-0.7439981666736036,0.001001462061476499,-12.0,0.3735012864436372,12.0,-0.001090649208230057,-3.724998243821607e-05,-3.724998143675401e-05,-7.439981666736037e-05,0.001202291541488487,3.724998243821607e-05
2,0.003012100000000573,-0.7565290783985169,0.001001380646252825,-12.0,0.3797666201824441,12.0,-0.001089673653096639,-3.787652395361913e-05,-3.787652295223849e-05,-7.565290783985169e-05,0.001203195493296942,3.787652395361913e-05
2,0.003012300000000573,-0.7690587954294503,0.001001297660134404,-12.0,0.3860313542179033,12.0,-0.001088697590777891,-3.850300565577689e-05,-3.850300465447924e-05,-7.690587954294504e-05,0.001204098758649297,3.850300565577689e-05
2,0.003012500000000573,-0.7815872979803073,0.001001213103263454,-12.0,0.39229547865718,12.0,-0.001087721022930727,-3.912942655539165e-05,-3.912942555417854e-05,-7.815872979803074e-05,0.001205001336234808,3.912942655539166e-05
2,0.003012700000000573,-0.7941145662668772,0.001001126975760436,-12.0,0.398558983608349,12.0,-0.001086743951214802,-3.975578566325885e-05,-3.975578466213188e-05,-7.941145662668772e-05,0.001205903224745689,3.975578566325885e-05
2,0.003012900000000573,-0.8066405805068375,0.001001039277767901,-12.0,0.4048218591804633,12.0,-0.001085766377292498,-4.038208199026955e-05,-4.038208098923028e-05,-8.066405805068375e-05,0.001206804422877156,4.038208199026954e-05
2,0.003013100000000574,-0.8191653209199143,0.001000950009432011,-12.0,0.4110840954836052,12.0,-0.001084788302828862,-4.100831454741733e-05,-4.100831354646732e-05,-8.191653209199143e-05,0.001207704929327459,4.100831454741733e-05
2,0.003013300000000574,-0.8316887677278705,0.001000859170893098,-12.0,0.4173456826288666,12.0,-0.001083809729491653,-4.163448234579735e-05,-4.163448134493818e-05,-8.316887677278705e-05,0.001208604742797825,4.163448234579735e-05
2,0.003013500000000574,-0.8442109011544539,0.001000766762289662,-12.0,0.423606610728329,12.0,-0.001082830658951352,-4.226058439660394e-05,-4.226058339583718e-05,-8.442109011544539e-05,0.001209503861992471,4.226058439660394e-05
2,0.003013700000000574,-0.8567317014254594,0.001000672783771306,-12.0,0.4298668698951146,12.0,-0.001081851092881135,-4.288661971113433e-05,-4.288661871046154e-05,-8.567317014254594e-05,0.001210402285618611,4.288661971113433e-05
2,0.003013900000000574,-0.869251148768868,0.001000577235499123,-12.0,0.436126450243455,12.0,-0.001080871032956822,-4.351258730079559e-05,-4.351258630021836e-05,-8.692511487688681e-05,0.001211300012386562,4.351258730079559e-05
2,0.003014100000000574,-0.8817692234147683,0.001000480117610392,-12.0,0.4423853418886008,12.0,-0.001079890480856993,-4.413848617709904e-05,-4.413848517661894e-05,-8.817692234147683e-05,0.001212197041009534,4.413848617709904e-05
2,0.0030143000000005743,-0.8942859055953547,0.001000381430265651,-12.0,0.4486435349468901,12.0,-0.001078909438262839,-4.476431535166244e-05,-4.476431435128102e-05,-8.942859055953548e-05,0.001213093370203824,4.476431535166245e-05
2,0.003014500000000574,-0.9068011755451144,0.0010002811736321,-12.0,0.4549010195358171,12.0,-0.001077927906858324,-4.539007383621851e-05,-4.539007283593732e-05,-9.068011755451145e-05,0.001213988998688728,4.53900738362185e-05
2,0.003014700000000575,-0.9193150135007323,0.001000179347854957,-12.0,0.4611577857739421,12.0,-0.001076945888330016,-4.601576064260872e-05,-4.601575964242937e-05,-9.193150135007323e-05,0.001214883925186538,4.601576064260871e-05
2,0.003014900000000575,-0.931827399701093,0.001000075953102086,-12.0,0.4674138237809591,12.0,-0.001075963384367239,-4.664137478278571e-05,-4.664137378270975e-05,-9.31827399701093e-05,0.001215778148422601,4.664137478278571e-05
2,0.003015100000000575,-0.9443383143874675,0.0009999709895482378,-12.0,0.4736691236777659,12.0,-0.001074980396661922,-4.726691526882178e-05,-4.726691426885079e-05,-9.443383143874676e-05,0.001216671667125267,4.726691526882177e-05
2,0.0030153000000005753,-0.9568477378034167,0.0009998644573462334,-12.0,0.4799236755863722,12.0,-0.001073996926908738,-4.78923811129026e-05,-4.789238011303815e-05,-9.568477378034167e-05,0.001217564480025898,4.78923811129026e-05
2,0.003015500000000575,-0.9693556501947969,0.0009997563566714884,-12.0,0.4861774696299693,12.0,-0.001073012976804961,-4.851777132732978e-05,-4.851777032757342e-05,-9.69355650194797e-05,0.001218456585858958,4.851777132732978e-05
2,0.003015700000000575,-0.9818620318099198,0.0009996466877023602,-12.0,0.4924304959329804,12.0,-0.001072028548050621,-4.914308492452781e-05,-4.914308392488111e-05,-9.818620318099198e-05,0.001219347983361818,4.914308492452781e-05
2,0.0030159000000005752,-0.9943668628995622,0.0009995354506154297,-12.0,0.4986827446210587,12.0,-0.001071043642348363,-4.976832091704432e-05,-4.976831991750889e-05,-9.943668628995622e-05,0.001220238671274985,4.976832091704433e-05
2,0.003016100000000575,-1.006870123716811,0.0009994226455652955,-12.0,0.5049342058209796,12.0,-0.001070058261403488,-5.039347831754144e-05,-5.039347731811879e-05,-0.0001006870123716811,0.001221128648341938,5.039347831754143e-05
2,0.003016300000000575,-1.019371794517281,0.0009993082727630664,-12.0,0.5111848696608678,12.0,-0.001069072406924013,-5.101855613881047e-05,-5.10185551395022e-05,-0.0001019371794517281,0.001222017913309212,5.101855613881048e-05
2,0.003016500000000576,-1.031871855559227,0.0009991923323803276,-12.0,0.5174347262701072,12.0,-0.001068086080620569,-5.164355339377269e-05,-5.164355239458036e-05,-0.0001031871855559227,0.00122290646492642,5.164355339377269e-05
2,0.003016700000000576,-1.044370287103255,0.0009990748245832237,-12.0,0.5236837657792507,12.0,-0.001067099284206445,-5.226846909546675e-05,-5.226846809639192e-05,-0.0001044370287103255,0.001223794301946149,5.226846909546674e-05
2,0.0030169000000005762,-1.056867069412612,0.000998955749589081,-12.0,0.529931978320247,12.0,-0.001066112019397665,-5.28933022570658e-05,-5.289330125811004e-05,-0.0001056867069412612,0.001224681423124055,5.289330225706579e-05
2,0.003017100000000576,-1.069362182753244,0.0009988351075735369,-12.0,0.5361793540263333,12.0,-0.001065124287912771,-5.351805189187599e-05,-5.351805089304087e-05,-0.0001069362182753244,0.001225567827218881,5.351805189187597e-05
2,0.003017300000000576,-1.081855607393628,0.0009987128987267724,-12.0,0.5424258830320332,12.0,-0.001064136091473079,-5.414271701333066e-05,-5.414271601461775e-05,-0.0001081855607393628,0.001226453512992359,5.414271701333064e-05
2,0.003017500000000576,-1.094347323604898,0.0009985891232444644,-12.0,0.5486715554732069,12.0,-0.001063147431802518,-5.476729663499625e-05,-5.476729563640713e-05,-0.0001094347323604898,0.001227338479209243,5.476729663499625e-05
2,0.003017700000000576,-1.106837311660958,0.0009984637813357788,-12.0,0.5549163614871205,12.0,-0.001062158310627621,-5.539178977057848e-05,-5.539178877211471e-05,-0.0001106837311660958,0.001228222724637448,5.539178977057848e-05
2,0.003017900000000576,-1.119325551838417,0.0009983368731854014,-12.0,0.5611602912123552,12.0,-0.001061168729677618,-5.601619543391699e-05,-5.60161944355801e-05,-0.0001119325551838417,0.001229106248047881,5.601619543391698e-05
2,0.003018100000000576,-1.13181202441658,0.0009982083990013324,-12.0,0.5674033347888762,12.0,-0.001060178690684352,-5.664051263898749e-05,-5.664051164077908e-05,-0.000113181202441658,0.001229989048214468,5.664051263898749e-05
2,0.003018300000000577,-1.14429670967764,0.0009980783589979003,-12.0,0.5736454823581006,12.0,-0.001059188195382338,-5.726474039991027e-05,-5.726473940183192e-05,-0.000114429670967764,0.001230871123914234,5.726474039991028e-05
2,0.003018500000000577,-1.156779587906577,0.0009979467533681174,-12.0,0.579886724062808,12.0,-0.001058197245508659,-5.788887773094398e-05,-5.788887673299724e-05,-0.0001156779587906577,0.001231752473927296,5.788887773094398e-05
2,0.003018700000000577,-1.169260639391163,0.0009978135823272005,-12.0,0.5861270500472079,12.0,-0.001057205842803131,-5.851292364648807e-05,-5.851292264867449e-05,-0.0001169260639391163,0.001232633097036751,5.851292364648807e-05
2,0.003018900000000577,-1.181739844422125,0.000997678846093697,-12.0,0.5923664504569915,12.0,-0.00105621398900814,-5.913687716108979e-05,-5.913687616341094e-05,-0.0001181739844422125,0.001233512992028812,5.913687716108979e-05
2,0.003019100000000577,-1.194217183293155,0.0009975425448842112,-12.0,0.5986049154393294,12.0,-0.001055221685868635,-5.97607372894445e-05,-5.976073629190196e-05,-0.0001194217183293155,0.001234392157692846,5.976073728944451e-05
2,0.0030193000000005767,-1.206692636300753,0.0009974046788930324,-12.0,0.604842435142763,12.0,-0.001054228935132365,-6.038450304638703e-05,-6.038450204898232e-05,-0.0001206692636300753,0.001235270592821067,6.038450304638701e-05
2,0.0030195000000005773,-1.219166183744447,0.000997265248371293,-12.0,0.6110789997174327,12.0,-0.001053235738549582,-6.100817344690615e-05,-6.10081724496409e-05,-0.0001219166183744447,0.001236148296208953,6.100817344690615e-05
2,0.003019700000000577,-1.231637805926898,0.0009971242535304348,-12.0,0.6173145993149872,12.0,-0.001052242097873163,-6.163174750614569e-05,-6.163174650902143e-05,-0.0001231637805926898,0.001237025266654979,6.163174750614569e-05
2,0.003019900000000577,-1.244107483153622,0.0009969816945765708,-12.0,0.6235492240884928,12.0,-0.001051248014858619,-6.225522423939164e-05,-6.225522324240994e-05,-0.0001244107483153622,0.001237901502960756,6.225522423939163e-05
2,0.003020100000000578,-1.256575195733271,0.0009968375717667177,-12.0,0.6297828641926615,12.0,-0.001050253491264079,-6.287860266208948e-05,-6.28786016652519e-05,-0.0001256575195733271,0.00123877700393088,6.287860266208948e-05
2,0.0030203000000005777,-1.269040923977695,0.0009966918853170914,-12.0,0.6360155097837421,12.0,-0.001049258528850315,-6.35018817898425e-05,-6.350188079315061e-05,-0.0001269040923977695,0.001239651768373068,6.35018817898425e-05
2,0.0030205000000005783,-1.281504648201774,0.0009965446354570084,-12.0,0.6422471510195188,12.0,-0.001048263129380715,-6.412506063840619e-05,-6.412505964186155e-05,-0.0001281504648201774,0.001240525795098091,6.412506063840618e-05
2,0.003020700000000578,-1.293966348723539,0.0009963958224229463,-12.0,0.6484777780593621,12.0,-0.001047267294621179,-6.474813822369394e-05,-6.474813722729811e-05,-0.0001293966348723539,0.001241399082919925,6.474813822369392e-05
2,0.003020900000000578,-1.306426005864296,0.0009962454464629844,-12.0,0.6547073810642967,12.0,-0.001046271026340306,-6.537111356178338e-05,-6.537111256553793e-05,-0.0001306426005864296,0.001242271630655531,6.537111356178338e-05
2,0.003021100000000578,-1.318883599948546,0.0009960935078020539,-12.0,0.6609359501969114,12.0,-0.001045274326309305,-6.599398566891093e-05,-6.599398467281743e-05,-0.0001318883599948547,0.001243143437124908,6.599398566891094e-05
2,0.003021300000000578,-1.331339111303991,0.000995940006688234,-12.0,0.6671634756214277,12.0,-0.001044277196301936,-6.661675356147396e-05,-6.661675256553395e-05,-0.0001331339111303991,0.001244014501151261,6.661675356147395e-05
2,0.003021500000000578,-1.343792520261711,0.0009957849433757104,-12.0,0.6733899475037683,12.0,-0.001043279638094585,-6.723941625603927e-05,-6.723941526025432e-05,-0.0001343792520261711,0.001244884821560766,6.723941625603927e-05
2,0.003021700000000578,-1.356243807156075,0.0009956283180970749,-12.0,0.6796153560114665,12.0,-0.001042281653466218,-6.786197276933696e-05,-6.786197177370861e-05,-0.0001356243807156075,0.001245754397182858,6.786197276933694e-05
2,0.003021900000000579,-1.368692952324744,0.0009954701311077896,-12.0,0.6858396913137348,12.0,-0.001041283244198443,-6.84844221182627e-05,-6.848442112279257e-05,-0.0001368692952324744,0.001246623226849888,6.84844221182627e-05
2,0.003022100000000579,-1.38113993610885,0.0009953103826697562,-12.0,0.6920629435815335,12.0,-0.001040284412075376,-6.91067633198864e-05,-6.910676232457601e-05,-0.000138113993610885,0.001247491309397483,6.910676331988638e-05
2,0.003022300000000579,-1.39358473885291,0.0009951490730230605,-12.0,0.6982851029874804,12.0,-0.001039285158883796,-6.972899539144574e-05,-6.972899439629665e-05,-0.000139358473885291,0.001248358643664224,6.972899539144574e-05
2,0.003022500000000579,-1.406027340904822,0.0009949862024304368,-12.0,0.7045061597059186,12.0,-0.001038285486413063,-7.035111735034883e-05,-7.035111635536262e-05,-0.0001406027340904822,0.001249225228491829,7.035111735034882e-05
2,0.003022700000000579,-1.418467722616029,0.0009948217711572283,-12.0,0.710726103912968,12.0,-0.00103728539645509,-7.097312821418108e-05,-7.097312721935931e-05,-0.0001418467722616029,0.001250091062725209,7.097312821418108e-05
2,0.0030229000000005788,-1.430905864341503,0.0009946557794641153,-12.0,0.7169449257865055,12.0,-0.001036284890804332,-7.159502700070414e-05,-7.159502600604834e-05,-0.0001430905864341503,0.00125095614521227,7.159502700070414e-05
2,0.0030231000000005793,-1.443341746439698,0.0009944882276090028,-12.0,0.7231626155061446,12.0,-0.001035283971257933,-7.221681272785356e-05,-7.221681173336533e-05,-0.0001443341746439698,0.001251820474804113,7.221681272785356e-05
2,0.003023300000000579,-1.455775349272607,0.0009943191158617304,-12.0,0.7293791632532874,12.0,-0.001034282639615539,-7.28384844137426e-05,-7.283848341942345e-05,-0.0001455775349272607,0.001252684050354877,7.283848441374257e-05
2,0.00302350000000058,-1.468206653205906,0.0009941484445023518,-12.0,0.7355945592111912,12.0,-0.001033280897679373,-7.34600410766689e-05,-7.346004008252044e-05,-0.0001468206653205906,0.001253546870721878,7.346004107666889e-05
2,0.00302370000000058,-1.48063563860887,0.000993976213788661,-12.0,0.7418087935648803,12.0,-0.001032278747254256,-7.408148173510919e-05,-7.408148074113296e-05,-0.0001480635638608871,0.001254408934765541,7.408148173510916e-05
2,0.0030239000000005798,-1.493062285854376,0.0009938024239999899,-12.0,0.7480218565012122,12.0,-0.001031276190147562,-7.470280540772123e-05,-7.470280441391881e-05,-0.0001493062285854376,0.001255270241349304,7.470280540772123e-05
2,0.0030241000000005803,-1.505486575319083,0.0009936270754239418,-12.0,0.7542337382089482,12.0,-0.001030273228169232,-7.532401111335245e-05,-7.532401011972537e-05,-0.0001505486575319083,0.001256130789339921,7.532401111335244e-05
2,0.00302430000000058,-1.517908487383344,0.000993450168325194,-12.0,0.7604444288786615,12.0,-0.00102926986313176,-7.594509787103364e-05,-7.594509687758346e-05,-0.0001517908487383344,0.001256990577607114,7.594509787103363e-05
2,0.00302450000000058,-1.530328002431205,0.0009932717029909055,-12.0,0.766653918702806,12.0,-0.001028266096850264,-7.656606469998151e-05,-7.65660637067098e-05,-0.0001530328002431205,0.001257849605023731,7.656606469998151e-05
2,0.0030247000000005802,-1.542745100850589,0.0009930916797158407,-12.0,0.7728621978757849,12.0,-0.001027261931142304,-7.718691061960692e-05,-7.718690962651523e-05,-0.0001542745100850589,0.00125870787046585,7.718691061960692e-05
2,0.00302490000000058,-1.555159763033179,0.0009929100987685624,-12.0,0.779069256593843,12.0,-0.001026257367828104,-7.780763464950746e-05,-7.780763365659736e-05,-0.0001555159763033179,0.001259565372812591,7.780763464950745e-05
2,0.00302510000000058,-1.567571969374524,0.0009927269604603772,-12.0,0.7852750850552225,12.0,-0.001025252408730387,-7.842823580947621e-05,-7.842823481674923e-05,-0.0001567571969374524,0.001260422110946235,7.842823580947621e-05
2,0.003025300000000581,-1.579981700274072,0.000992542265064511,-12.0,0.7914796734600553,12.0,-0.001024247055674443,-7.90487131194991e-05,-7.904871212695682e-05,-0.0001579981700274072,0.001261278083752232,7.904871311949909e-05
2,0.003025500000000581,-1.592388936135097,0.0009923560128823894,-12.0,0.7976830120104321,12.0,-0.001023241310488088,-7.9669065599755e-05,-7.966906460739898e-05,-0.0001592388936135097,0.001262133290119066,7.966906559975498e-05
2,0.0030257000000005812,-1.604793657364917,0.0009921682042194346,-12.0,0.8038850909104696,12.0,-0.001022235175001746,-8.028929227062502e-05,-8.028929127845682e-05,-0.0001604793657364917,0.001262987728938458,8.028929227062502e-05
2,0.003025900000000581,-1.617195844374779,0.0009919788393619733,-12.0,0.8100859003662211,12.0,-0.001021228651048325,-8.090939215268591e-05,-8.090939116070706e-05,-0.0001617195844374779,0.001263841399105223,8.090939215268591e-05
2,0.003026100000000581,-1.629595477579883,0.0009917879186162049,-12.0,0.8162854305857448,12.0,-0.001020221740463248,-8.152936426671285e-05,-8.152936327492495e-05,-0.0001629595477579883,0.001264694299517338,8.152936426671286e-05
2,0.003026300000000581,-1.641992537399542,0.0009915954422970996,-12.0,0.822483671779171,12.0,-0.001019214445084585,-8.214920763368739e-05,-8.214920664209196e-05,-0.0001641992537399542,0.001265546429075864,8.21492076336874e-05
2,0.003026500000000581,-1.654387004257086,0.0009914014106926494,-12.0,0.8286806141585961,12.0,-0.001018206766752849,-8.276892127479037e-05,-8.276892028338894e-05,-0.0001654387004257086,0.001266397786685081,8.276892127479035e-05
2,0.0030267000000005814,-1.666778858579956,0.0009912058241338118,-12.0,0.8348762479382368,12.0,-0.001017198707311123,-8.338850421141032e-05,-8.33885032202045e-05,-0.0001666778858579956,0.001267248371252402,8.33885042114103e-05
2,0.003026900000000581,-1.679168080799734,0.0009910086829140186,-12.0,0.8410705633343246,12.0,-0.001016190268605,-8.400795546514107e-05,-8.400795447413239e-05,-0.0001679168080799734,0.001268098181688382,8.400795546514106e-05
2,0.003027100000000582,-1.691554651352081,0.0009908099873543463,-12.0,0.8472635505651722,12.0,-0.001015181452482597,-8.46272740577818e-05,-8.462727306697179e-05,-0.0001691554651352081,0.001268947216906693,8.462727405778179e-05
2,0.003027300000000582,-1.703938550676948,0.0009906097377808676,-12.0,0.8534551998512425,12.0,-0.001014172260794644,-8.524645901134617e-05,-8.524645802073643e-05,-0.0001703938550676948,0.00126979547582419,8.524645901134617e-05
2,0.003027500000000582,-1.71631975921844,0.0009904079344946748,-12.0,0.8596455014150415,12.0,-0.001013162695394212,-8.586550934805469e-05,-8.586550835764674e-05,-0.000171631975921844,0.001270642957360915,8.586550934805468e-05
2,0.0030277000000005824,-1.728698257424937,0.000990204577838938,-12.0,0.8658344454812725,12.0,-0.001012152758137083,-8.648442409034338e-05,-8.64844231001388e-05,-0.0001728698257424937,0.001271489660440023,8.648442409034336e-05
2,0.003027900000000582,-1.741074025749111,0.0009899996681193013,-12.0,0.872022022276731,12.0,-0.00101114245088145,-8.710320226086116e-05,-8.71032012708615e-05,-0.0001741074025749111,0.001272335583987816,8.710320226086117e-05
2,0.003028100000000582,-1.753447044647869,0.000989793205669498,-12.0,0.8782082220303709,12.0,-0.00101013177548806,-8.772184288247017e-05,-8.772184189267693e-05,-0.0001753447044647869,0.001273180726933817,8.772184288247014e-05
2,0.0030283000000005823,-1.76581729458256,0.000989585190827591,-12.0,0.8843930349733733,12.0,-0.001009120733820132,-8.83403449782546e-05,-8.834034398866939e-05,-0.000176581729458256,0.001274025088210687,8.834034497825458e-05
2,0.003028500000000582,-1.778184756018869,0.000989375623910882,-12.0,0.8905764513390573,12.0,-0.001008109327743478,-8.895870757151466e-05,-8.8958706582139e-05,-0.0001778184756018869,0.001274868666754178,8.895870757151464e-05
2,0.003028700000000582,-1.790549409426827,0.000989164505258766,-12.0,0.8967584613629466,12.0,-0.001007097559126285,-8.95769296857688e-05,-8.95769286966043e-05,-0.0001790549409426827,0.001275711461503348,8.957692968576878e-05
2,0.003028900000000583,-1.802911235280988,0.000988951835217633,-12.0,0.9029390552828386,12.0,-0.001006085429839376,-9.019501034476212e-05,-9.019500935581029e-05,-0.0001802911235280988,0.001276553471400363,9.01950103447621e-05
2,0.003029100000000583,-1.815270214060342,0.0009887376141116677,-12.0,0.9091182233387145,12.0,-0.00100507294175603,-9.08129485724603e-05,-9.08129475837227e-05,-0.0001815270214060342,0.001277394695390496,9.081294857246028e-05
2,0.0030293000000005833,-1.827626326248313,0.000988521842288037,-12.0,0.9152959557728069,12.0,-0.001004060096751996,-9.143074339305189e-05,-9.143074240453005e-05,-0.0001827626326248313,0.001278235132422256,9.143074339305189e-05
2,0.003029500000000583,-1.839979552332921,0.0009883045200965723,-12.0,0.9214722428296505,12.0,-0.001003046896705523,-9.204839383095539e-05,-9.204839284265085e-05,-0.000183997955233292,0.001279074781447384,9.204839383095539e-05
2,0.003029700000000583,-1.85232987280679,0.0009880856478855504,-12.0,0.92764707475608,12.0,-0.001002033343497397,-9.266589891081945e-05,-9.266589792273379e-05,-0.000185232987280679,0.001279913641420702,9.266589891081945e-05
2,0.003029900000000583,-1.864677268166999,0.0009878652259809328,-12.0,0.933820441801123,12.0,-0.001001019439010903,-9.328325765751422e-05,-9.328325666964899e-05,-0.0001864677268166999,0.00128075171130021,9.328325765751422e-05
2,0.003030100000000583,-1.877021718915291,0.0009876432547649694,-12.0,0.9399923342162254,12.0,-0.001000005185131714,-9.390046909614607e-05,-9.390046810850281e-05,-0.0001877021718915291,0.001281588990047183,9.390046909614605e-05
2,0.003030300000000583,-1.889363205558162,0.0009874197345770552,-12.0,0.946162742255144,12.0,-0.0009989905837480967,-9.451753225205672e-05,-9.451753126463694e-05,-0.0001889363205558162,0.00128242547662602,9.45175322520567e-05
2,0.003030500000000583,-1.901701708606682,0.0009871946657712405,-12.0,0.9523316561739448,12.0,-0.000997975636750817,-9.513444615081737e-05,-9.513444516362268e-05,-0.0001901701708606682,0.001283261170004268,9.513444615081735e-05
2,0.003030700000000584,-1.914037208576624,0.0009869680487071264,-12.0,0.9584990662310532,12.0,-0.0009969603460329712,-9.57512098182346e-05,-9.575120883126655e-05,-0.0001914037208576624,0.001284096069152751,9.575120981823462e-05
2,0.003030900000000584,-1.926369685988572,0.000986739883757859,-12.0,0.9646649626873217,12.0,-0.0009959447134903071,-9.636782228035643e-05,-9.636782129361652e-05,-0.0001926369685988573,0.001284930173045415,9.636782228035639e-05
2,0.003031100000000584,-1.938699121367865,0.000986510171271382,-12.0,0.9708293358059411,12.0,-0.000994928741020945,-9.698428256346699e-05,-9.698428157695682e-05,-0.0001938699121367865,0.001285763480659466,9.698428256346697e-05
2,0.003031300000000584,-1.951025495244577,0.0009862789116196202,-12.0,0.976992175852507,12.0,-0.0009939124305255176,-9.760058969408874e-05,-9.760058870780981e-05,-0.0001951025495244577,0.001286595990975192,9.760058969408874e-05
2,0.003031500000000584,-1.963348788153712,0.0009860461051810487,-12.0,0.9831534730950887,12.0,-0.0009928957839071273,-9.821674269899078e-05,-9.821674171294465e-05,-0.0001963348788153712,0.001287427702976185,9.821674269899078e-05
2,0.0030317000000005838,-1.97566898063511,0.000985811752311494,-12.0,0.9893132178041397,12.0,-0.0009918788030712639,-9.883274060518284e-05,-9.883273961937107e-05,-0.000197566898063511,0.00128825861564924,9.883274060518283e-05
2,0.0030319000000005843,-1.987986053233439,0.0009855758533909853,-12.0,0.9954714002525645,12.0,-0.0009908614899260815,-9.944858243991738e-05,-9.944858145434152e-05,-0.0001987986053233439,0.001289088727984208,9.944858243991736e-05
2,0.003032100000000584,-2.000299986498371,0.0009853384088004402,-12.0,1.00162801071577,12.0,-0.0009898438463820242,-0.000100064267230697,-0.0001000642662453586,-0.0002000299986498371,0.001289918038974283,0.000100064267230697
2,0.003032300000000584,-2.012610760984576,0.0009850994189207762,-12.0,1.007783039471663,12.0,-0.00098882587435202,-0.0001006797940052743,-0.0001006797930201748,-0.0002012610760984576,0.001290746547615781,0.0001006797940052743
2,0.003032500000000585,-2.02491835725158,0.0009848588841098183,-12.0,1.013936476800543,12.0,-0.0009878075757514954,-0.0001012951617916434,-0.0001012951608067845,-0.000202491835725158,0.001291574252908392,0.0001012951617916434
2,0.0030327000000005848,-2.037222755863974,0.0009846168047819015,-12.0,1.020088312985328,12.0,-0.0009867889524982631,-0.0001019103696180546,-0.0001019103686334378,-0.0002037222755863974,0.00129240115385483,0.0001019103696180546
2,0.0030329000000005853,-2.049523937391527,0.0009843731813115042,-12.0,1.026238538311463,12.0,-0.0009857700065127317,-0.0001025254165130151,-0.0001025254155286419,-0.0002049523937391527,0.001293227249460988,0.0001025254165130151
2,0.003033100000000585,-2.061821882408896,0.000984128014069885,-12.0,1.032387143066833,12.0,-0.0009847507397175992,-0.0001031403015052764,-0.0001031403005211483,-0.0002061821882408896,0.001294052538736143,0.0001031403015052763
2,0.003033300000000585,-2.074116571495921,0.0009838813034759308,-12.0,1.038534117541987,12.0,-0.0009837311540381727,-0.0001037550236238512,-0.0001037550226399699,-0.0002074116571495921,0.001294877020692656,0.0001037550236238511
2,0.003033500000000585,-2.086407985237674,0.0009836330499091162,-12.0,1.044679452030031,12.0,-0.0009827112514019937,-0.0001043695818980122,-0.0001043695809143792,-0.0002086407985237675,0.001295700694346161,0.0001043695818980122
2,0.003033700000000585,-2.098696104224297,0.000983383253762904,-12.0,1.050823136826625,12.0,-0.0009816910337392543,-0.0001049839753572863,-0.000104983974373903,-0.0002098696104224297,0.00129652355871554,0.0001049839753572863
2,0.003033900000000585,-2.110980909051124,0.0009831319154364193,-12.0,1.056965162230036,12.0,-0.0009806705029824225,-0.0001055982030314599,-0.000105598202048328,-0.0002110980909051124,0.001297345612822826,0.0001055982030314599
2,0.003034100000000586,-2.123262380318795,0.000982879035341555,-12.0,1.0631055185412,12.0,-0.0009796496610665478,-0.0001062122639505859,-0.0001062122629677068,-0.0002123262380318795,0.001298166855693283,0.0001062122639505859
2,0.003034300000000586,-2.135540498633191,0.00098262461386589,-12.0,1.069244196063641,12.0,-0.0009786285099289693,-0.0001068261571449775,-0.0001068261561623529,-0.0002135540498633191,0.001298987286355469,0.0001068261571449775
2,0.003034500000000586,-2.147815244605424,0.000982368651421317,-12.0,1.07538118510353,12.0,-0.0009776070515095658,-0.0001074398816452109,-0.0001074398806628423,-0.0002147815244605424,0.001299806903841044,0.0001074398816452109
2,0.003034700000000586,-2.160086598852025,0.0009821111484247247,-12.0,1.081516475969761,12.0,-0.000976585287750631,-0.0001080534364821336,-0.0001080534355000225,-0.0002160086598852025,0.001300625707184977,0.0001080534364821336
2,0.003034900000000586,-2.172354541994847,0.0009818521052716855,-12.0,1.087650058973852,12.0,-0.0009755632205968451,-0.0001086668206868581,-0.0001086668197050059,-0.0002172354541994847,0.001301443695425494,0.0001086668206868581
2,0.003035100000000586,-2.184619054661072,0.0009815915223814198,-12.0,1.093781924430023,12.0,-0.0009745408519953036,-0.0001092800332907642,-0.0001092800323091727,-0.0002184619054661072,0.001302260867604002,0.0001092800332907642
2,0.003035300000000586,-2.196880117483389,0.0009813294001780326,-12.0,1.099912062655255,12.0,-0.0009735181838955859,-0.0001098930733255078,-0.0001098930723441783,-0.0002196880117483389,0.001303077222765167,0.0001098930733255077
2,0.0030355000000005863,-2.209137711099903,0.0009810657390652011,-12.0,1.106040463969207,12.0,-0.000972495218249575,-0.0001105059398230142,-0.0001105059388419484,-0.0002209137711099903,0.001303892759956848,0.0001105059398230142
2,0.003035700000000586,-2.221391816154141,0.0009808005394679187,-12.0,1.112167118694278,12.0,-0.0009714719570117908,-0.000111118631815481,-0.0001111186308346804,-0.0002221391816154141,0.001304707478230166,0.000111118631815481
2,0.003035900000000587,-2.233642413295202,0.0009805338018149534,-12.0,1.118292017155661,12.0,-0.0009704484021389043,-0.0001117311483353846,-0.0001117311473548508,-0.0002233642413295202,0.001305521376639529,0.0001117311483353847
2,0.003036100000000587,-2.245889483177772,0.0009802655265337412,-12.0,1.124415149681342,12.0,-0.000969424555590126,-0.0001123434884154808,-0.0001123434874352153,-0.0002245889483177772,0.001306334454242469,0.0001123434884154808
2,0.003036300000000587,-2.258133006461974,0.0009799957140288473,-12.0,1.130536506601988,12.0,-0.0009684004193270673,-0.0001129556510887959,-0.0001129556501088002,-0.0002258133006461974,0.001307146710099849,0.0001129556510887959
2,0.0030365000000005873,-2.270372963813584,0.000979724364759904,-12.0,1.136656078251175,12.0,-0.0009673759953137961,-0.0001135676353886416,-0.0001135676344089172,-0.0002270372963813584,0.001307958143275806,0.0001135676353886415
2,0.003036700000000587,-2.2826093359041,0.0009794514791460207,-12.0,1.142773854965284,12.0,-0.0009663512855166007,-0.0001141794403486138,-0.0001141794393691623,-0.00022826093359041,0.001308768752837725,0.0001141794403486138
2,0.003036900000000587,-2.294842103410581,0.00097917705761974,-12.0,1.14888982708349,12.0,-0.0009653262919043504,-0.0001147910650025871,-0.00011479106402341,-0.0002294842103410581,0.001309578537856071,0.0001147910650025871
2,0.0030371000000005872,-2.307071247015767,0.0009789011006191561,-12.0,1.155003984947824,12.0,-0.0009643010164483018,-0.0001154025083847204,-0.0001154025074058193,-0.0002307071247015768,0.001310387497404752,0.0001154025083847204
2,0.003037300000000587,-2.319296747408198,0.0009786236085949085,-12.0,1.161116318903228,12.0,-0.000963275461122029,-0.0001160137695294633,-0.0001160137685508397,-0.0002319296747408198,0.001311195630560813,0.0001160137695294633
2,0.003037500000000587,-2.331518585282137,0.000978344581974877,-12.0,1.167226819297476,12.0,-0.0009622496279014792,-0.0001166248474715502,-0.0001166248464932056,-0.0002331518585282137,0.001312002936404655,0.0001166248474715502
2,0.003037700000000588,-2.343736741337569,0.0009780640212088132,-12.0,1.173335476481238,12.0,-0.0009612235187650836,-0.0001172357412460029,-0.0001172357402679389,-0.0002343736741337569,0.001312809414019844,0.0001172357412460029
2,0.003037900000000588,-2.355951196280388,0.0009777819267531296,-12.0,1.179442280808143,12.0,-0.0009601971356935773,-0.000117846449888139,-0.0001178464489103571,-0.0002355951196280388,0.001313615062493223,0.000117846449888139
2,0.0030381000000005882,-2.368161930822299,0.0009774982990432557,-12.0,1.185547222634697,12.0,-0.0009591704806700962,-0.0001184569724335654,-0.0001184569714560671,-0.0002368161930822299,0.001314419880914935,0.0001184569724335654
2,0.003038300000000588,-2.380368925680822,0.0009772131385363814,-12.0,1.191650292320347,12.0,-0.0009581435556801909,-0.0001190673079181811,-0.0001190673069409679,-0.0002380368925680822,0.001315223868378318,0.0001190673079181811
2,0.003038500000000588,-2.392572161579476,0.0009769264456961357,-12.0,1.197751480227546,12.0,-0.0009571163627117574,-0.000119677455378185,-0.0001196774544012586,-0.0002392572161579476,0.001316027023980065,0.000119677455378185
2,0.003038700000000588,-2.404771619247678,0.0009766382209656088,-12.0,1.20385077672167,12.0,-0.0009560889037550646,-0.0001202874138500704,-0.0001202874128734322,-0.0002404771619247678,0.001316829346820092,0.0001202874138500704
2,0.003038900000000588,-2.41696727942076,0.0009763484648089849,-12.0,1.209948172171078,12.0,-0.0009550611808028242,-0.0001208971823706269,-0.0001208971813942785,-0.000241696727942076,0.001317630836001477,0.0001208971823706269
2,0.003039100000000588,-2.429159122840114,0.0009760571776935567,-12.0,1.216043656947169,12.0,-0.0009540331958499682,-0.0001215067599769476,-0.0001215067590008904,-0.0002429159122840114,0.001318431490630767,0.0001215067599769476
2,0.003039300000000588,-2.441347130253183,0.0009757643600816213,-12.0,1.222137221424358,12.0,-0.0009530049508938987,-0.0001221161457064276,-0.0001221161447306633,-0.0002441347130253183,0.001319231309817648,0.0001221161457064276
2,0.003039500000000589,-2.453531282413411,0.000975470012433588,-12.0,1.228228855980056,12.0,-0.0009519764479344606,-0.0001227253385967622,-0.0001227253376212922,-0.0002453531282413411,0.001320030292675078,0.0001227253385967622
2,0.003039700000000589,-2.465711560080305,0.0009751741352207466,-12.0,1.234318550994725,12.0,-0.0009509476889736773,-0.0001233343376859505,-0.0001233343367107763,-0.0002465711560080305,0.001320828438319266,0.0001233343376859504
2,0.003039900000000589,-2.477887944019568,0.0009748767289250448,-12.0,1.240406296851939,12.0,-0.0009499186760160011,-0.0001239431420123014,-0.0001239431410374246,-0.0002477887944019568,0.001321625745869942,0.0001239431420123014
2,0.003040100000000589,-2.490060415003026,0.000974577794005671,-12.0,1.246492083938299,12.0,-0.0009488894110683543,-0.0001245517506144294,-0.0001245517496398516,-0.0002490060415003026,0.00132242221444967,0.0001245517506144294
2,0.003040300000000589,-2.502228953808623,0.0009742773309437958,-12.0,1.2525759026435,12.0,-0.0009478598961398521,-0.0001251601625312557,-0.0001251601615569783,-0.0002502228953808623,0.001323217843184704,0.0001251601625312557
2,0.0030405000000005887,-2.514393541220599,0.0009739753402289164,-12.0,1.258657743360396,12.0,-0.0009468301332420104,-0.0001257683768020168,-0.0001257683758280414,-0.0002514393541220599,0.00132401263120438,0.0001257683768020167
2,0.0030407000000005893,-2.52655415802941,0.0009736718223266605,-12.0,1.264737596484913,12.0,-0.0009458001243887321,-0.0001263763924662587,-0.0001263763914925868,-0.000252655415802941,0.001324806577641363,0.0001263763924662586
2,0.003040900000000589,-2.538710785031717,0.0009733667777264143,-12.0,1.270815452416116,12.0,-0.0009447698715962238,-0.000126984208563839,-0.0001269842075904722,-0.0002538710785031717,0.001325599681631651,0.000126984208563839
2,0.003041100000000589,-2.550863403030575,0.0009730602069231153,-12.0,1.276891301556275,12.0,-0.0009437393768830654,-0.0001275918241349352,-0.0001275918231618749,-0.0002550863403030576,0.00132639194231432,0.0001275918241349352
2,0.00304130000000059,-2.563011992835314,0.0009727521103878312,-12.0,1.28296513431076,12.0,-0.000942708642270168,-0.0001281992382200372,-0.0001281992372472851,-0.0002563011992835314,0.001327183358831974,0.0001281992382200373
2,0.0030415000000005897,-2.575156535261645,0.0009724424886322636,-12.0,1.289036941088196,12.0,-0.0009416776697807605,-0.0001288064498599564,-0.0001288064488875139,-0.0002575156535261645,0.001327973930330434,0.0001288064498599563
2,0.0030417000000005903,-2.587297011131681,0.0009721313421321431,-12.0,1.295106712300352,12.0,-0.0009406464614403753,-0.000129413458095822,-0.0001294134571236907,-0.0002587297011131681,0.001328763655958826,0.000129413458095822
2,0.00304190000000059,-2.599433401273892,0.0009718186713887356,-12.0,1.301174438362216,12.0,-0.0009396150192769875,-0.0001300202619690827,-0.000130020260997264,-0.0002599433401273892,0.001329552534869494,0.0001300202619690827
2,0.00304210000000059,-2.611565686523287,0.0009715044769096348,-12.0,1.307240109692053,12.0,-0.0009385833453207232,-0.0001306268605215143,-0.0001306268595500098,-0.0002611565686523287,0.001330340566218197,0.0001306268605215143
2,0.00304230000000059,-2.623693847721324,0.0009711887591817847,-12.0,1.313303716711323,12.0,-0.0009375514416042202,-0.0001312332527952141,-0.0001312332518240253,-0.0002623693847721324,0.001331127749163885,0.0001312332527952141
2,0.00304250000000059,-2.635817865715923,0.0009708715187130013,-12.0,1.319365249844746,12.0,-0.0009365193101623648,-0.0001318394378326033,-0.0001318394368617318,-0.0002635817865715923,0.001331914082868813,0.0001318394378326033
2,0.00304270000000059,-2.647937721361629,0.0009705527560170957,-12.0,1.325424699520368,12.0,-0.0009354869530323051,-0.0001324454146764351,-0.0001324454137058823,-0.0002647937721361629,0.001332699566498535,0.0001324454146764351
2,0.00304290000000059,-2.660053395519507,0.0009702324715857857,-12.0,1.331482056169457,12.0,-0.0009344543722535625,-0.0001330511823697872,-0.0001330511813995547,-0.0002660053395519507,0.001333484199222079,0.0001330511823697871
2,0.003043100000000591,-2.672164869057247,0.0009699106659487589,-12.0,1.337537310226653,12.0,-0.0009334215698679899,-0.0001336567399560705,-0.0001336567389861598,-0.0002672164869057247,0.001334267980211495,0.0001336567399560705
2,0.003043300000000591,-2.684272122849184,0.0009695873396018406,-12.0,1.343590452129868,12.0,-0.0009323885479197297,-0.0001342620864790267,-0.0001342620855094393,-0.0002684272122849184,0.001335050908642416,0.0001342620864790266
2,0.003043500000000591,-2.696375137776247,0.0009692624930658367,-12.0,1.349641472320347,12.0,-0.0009313553084552006,-0.0001348672209827282,-0.0001348672200134656,-0.0002696375137776247,0.001335832983693608,0.0001348672209827281
2,0.003043700000000591,-2.708473894726149,0.0009689361268671037,-12.0,1.355690361242737,12.0,-0.0009303218535231528,-0.000135472142511587,-0.0001354721415426508,-0.0002708473894726149,0.001336614204547087,0.000135472142511587
2,0.003043900000000591,-2.720568374593275,0.0009686082415084618,-12.0,1.361737109344982,12.0,-0.0009292881851746398,-0.0001360768501103474,-0.0001360768491417392,-0.0002720568374593275,0.001337394570388506,0.0001360768501103474
2,0.0030441000000005908,-2.732658558278779,0.0009682788375326989,-12.0,1.367781707078477,12.0,-0.0009282543054630887,-0.0001366813428240945,-0.0001366813418558156,-0.0002732658558278779,0.001338174080406346,0.0001366813428240945
2,0.0030443000000005913,-2.74474442669062,0.0009679479154465209,-12.0,1.373824144897959,12.0,-0.000927220216444008,-0.0001372856196982513,-0.0001372856187303033,-0.000274474442669062,0.00133895273379292,0.0001372856196982513
2,0.003044500000000591,-2.756825960743494,0.000967615475783945,-12.0,1.379864413261578,12.0,-0.0009261859201755152,-0.0001378896797785794,-0.0001378896788109639,-0.0002756825960743494,0.001339730529743399,0.0001378896797785794
2,0.003044700000000592,-2.768903141359036,0.0009672815190826523,-12.0,1.385902502630958,12.0,-0.000925151418717754,-0.0001384935221111875,-0.000138493521143906,-0.0002768903141359037,0.001340507467456536,0.0001384935221111875
2,0.003044900000000592,-2.780975949465727,0.0009669460458613388,-12.0,1.391938403471116,12.0,-0.0009241167141332413,-0.0001390971457425255,-0.0001390971447755794,-0.0002780975949465727,0.001341283546134414,0.0001390971457425255
2,0.0030451000000005918,-2.793044365998887,0.00096660905665924,-12.0,1.397972106250523,12.0,-0.0009230818084868253,-0.0001397005497193864,-0.0001397005487527773,-0.0002793044365998888,0.001342058764982307,0.0001397005497193864
2,0.0030453000000005923,-2.805108371900869,0.0009662705520221415,-12.0,1.404003601441173,12.0,-0.0009220467038455749,-0.0001403037330889152,-0.0001403037321226446,-0.0002805108371900869,0.001342833123208903,0.0001403037330889151
2,0.003045500000000592,-2.817167948120953,0.0009659305324758449,-12.0,1.410032879518496,12.0,-0.0009210114022788624,-0.000140906694898602,-0.0001409066939326715,-0.0002817167948120953,0.001343606620026222,0.000140906694898602
2,0.003045700000000592,-2.829223075615361,0.0009655889985662469,-12.0,1.41605993096142,12.0,-0.0009199759058583779,-0.0001415094341962854,-0.0001415094332306964,-0.0002829223075615361,0.001344379254649447,0.0001415094341962853
2,0.0030459000000005922,-2.841273735347402,0.000965245950843574,-12.0,1.422084746252426,12.0,-0.0009189402166579902,-0.0001421119500301583,-0.0001421119490649123,-0.0002841273735347402,0.001345151026297287,0.0001421119500301582
2,0.003046100000000592,-2.85331990828749,0.0009649013898556102,-12.0,1.428107315877542,12.0,-0.000917904336753983,-0.0001427142414487688,-0.0001427142404838673,-0.000285331990828749,0.001345921934191696,0.0001427142414487687
2,0.003046300000000592,-2.865361575412988,0.0009645553161292675,-12.0,1.434127630326242,12.0,-0.0009168682682247214,-0.0001433163075010112,-0.0001433163065364559,-0.0002865361575412988,0.001346691977558073,0.0001433163075010112
2,0.003046500000000593,-2.877398717708429,0.0009642077302450813,-12.0,1.440145680091659,12.0,-0.0009158320131510272,-0.0001439181472361415,-0.0001439181462719337,-0.0002877398717708429,0.001347461155624924,0.0001439181472361414
2,0.003046700000000593,-2.889431316165579,0.0009638586327430643,-12.0,1.44616145567049,12.0,-0.0009147955736158175,-0.0001445197597037748,-0.0001445197587399161,-0.0002889431316165579,0.001348229467624223,0.0001445197597037748
2,0.0030469000000005932,-2.901459351783283,0.0009635080241767735,-12.0,1.452174947562987,12.0,-0.0009137589517044242,-0.0001451211439538811,-0.000145121142990373,-0.0002901459351783283,0.001348996912791334,0.0001451211439538811
2,0.003047100000000593,-2.913482805567581,0.0009631559051058725,-12.0,1.458186146273008,12.0,-0.0009127221495043164,-0.0001457222990367903,-0.0001457222980736344,-0.0002913482805567581,0.001349763490364919,0.0001457222990367903
2,0.003047300000000593,-2.925501658531818,0.0009628022761016819,-12.0,1.464195042308084,12.0,-0.000911685169105253,-0.0001463232240031983,-0.000146323223040396,-0.0002925501658531818,0.001350529199586892,0.0001463232240031983
2,0.003047500000000593,-2.937515891696581,0.000962447137712652,-12.0,1.470201626179331,12.0,-0.0009106480125993244,-0.0001469239179041619,-0.0001469239169417147,-0.0002937515891696581,0.001351294039702494,0.0001469239179041618
2,0.003047700000000593,-2.949525486089693,0.0009620904905098815,-12.0,1.476205888401516,12.0,-0.0009096106820806749,-0.0001475243797911007,-0.0001475243788290102,-0.0002949525486089694,0.001352058009960633,0.0001475243797911006
2,0.0030479000000005934,-2.961530422746389,0.0009617323350701312,-12.0,1.482207819493123,12.0,-0.0009085731796458912,-0.0001481246087158053,-0.000148124607754073,-0.0002961530422746389,0.0013528211096131,0.0001481246087158053
2,0.003048100000000593,-2.973530682709231,0.0009613726719506221,-12.0,1.488207409976268,12.0,-0.0009075355073937391,-0.0001487246037304318,-0.0001487246027690591,-0.0002973530682709231,0.001353583337915382,0.0001487246037304317
2,0.003048300000000594,-2.985526247028104,0.0009610115017286702,-12.0,1.49420465037676,12.0,-0.000906497667425149,-0.0001493243638875032,-0.0001493243629264916,-0.0002985526247028104,0.001354344694126097,0.0001493243638875032
2,0.003048500000000594,-2.997517096760381,0.0009606488249849221,-12.0,1.500199531224156,12.0,-0.0009054596618434524,-0.0001499238882399172,-0.0001499238872792683,-0.0002997517096760381,0.00135510517750731,0.0001499238882399171
2,0.003048700000000594,-3.009503212970919,0.0009602846422986921,-12.0,1.506192043051754,12.0,-0.0009044214927540623,-0.0001505231758409455,-0.0001505231748806609,-0.0003009503212970919,0.001355864787324412,0.0001505231758409455
2,0.0030489000000005944,-3.021484576731922,0.0009599189542279785,-12.0,1.512182176396492,12.0,-0.000903383162264626,-0.0001511222257442265,-0.0001511222247843075,-0.0003021484576731922,0.00135662352284624,0.0001511222257442265
2,0.003049100000000594,-3.033461169123144,0.000959551761384958,-12.0,1.518169921799167,12.0,-0.0009023446724851641,-0.0001517210370037783,-0.0001517210360442265,-0.0003033461169123144,0.001357381383344791,0.0001517210370037782
2,0.0030493000000005937,-3.045432971231997,0.0009591830643436161,-12.0,1.524155269804344,12.0,-0.0009013060255277372,-0.0001523196086740001,-0.000152319607714817,-0.0003045432971231997,0.001358138368095674,0.0001523196086740001
2,0.0030495000000005943,-3.057399964153273,0.0009588128636730531,-12.0,1.530138210960275,12.0,-0.000900267223506751,-0.0001529179398096602,-0.0001529179388508473,-0.0003057399964153273,0.001358894476377603,0.0001529179398096602
2,0.003049700000000594,-3.069362128989427,0.000958441159991219,-12.0,1.536118735819112,12.0,-0.0008992282685388459,-0.0001535160294659121,-0.0001535160285074709,-0.0003069362128989427,0.00135964970747271,0.0001535160294659121
2,0.003049900000000594,-3.08131944685065,0.000958067953880537,-12.0,1.542096834936825,12.0,-0.0008981891627427435,-0.0001541138766982945,-0.0001541138757402265,-0.000308131944685065,0.00136040406066662,0.0001541138766982944
2,0.003050100000000595,-3.093271898854609,0.0009576932459156584,-12.0,1.54807249887311,12.0,-0.0008971499082394835,-0.0001547114805627195,-0.0001547114796050262,-0.0003093271898854609,0.00136115753524832,0.0001547114805627195
2,0.0030503000000005947,-3.105219466126718,0.0009573170367231931,-12.0,1.554045718191614,12.0,-0.0008961105071524228,-0.0001553088401154892,-0.0001553088391581721,-0.0003105219466126718,0.001361910130509791,0.0001553088401154891
2,0.0030505000000005953,-3.117162129800198,0.0009569393268880066,-12.0,1.560016483459824,12.0,-0.0008950709616068336,-0.0001559059544132937,-0.0001559059534563543,-0.0003117162129800198,0.00136266184574696,0.0001559059544132936
2,0.003050700000000595,-3.129099871015912,0.0009565601170087312,-12.0,1.56598478524907,12.0,-0.0008940312737303752,-0.0001565028225132062,-0.0001565028215566461,-0.0003129099871015912,0.001363412680258719,0.0001565028225132062
2,0.003050900000000595,-3.141032670922483,0.0009561794076908825,-12.0,1.571950614134572,12.0,-0.0008929914456530241,-0.0001570994434726882,-0.0001570994425165087,-0.0003141032670922483,0.001364162633347321,0.0001570994434726882
2,0.003051100000000595,-3.152960510676416,0.0009557971995508563,-12.0,1.577913960695506,12.0,-0.0008919514795067002,-0.0001576958163495956,-0.0001576958153937983,-0.0003152960510676416,0.001364911704318683,0.0001576958163495955
2,0.003051300000000595,-3.164883371442016,0.0009554134931819558,-12.0,1.583874815514916,12.0,-0.000890911377425696,-0.0001582919402021735,-0.0001582919392467599,-0.0003164883371442016,0.001365659892481719,0.0001582919402021734
2,0.003051500000000595,-3.176801234391395,0.000955028289201465,-12.0,1.589833169179783,12.0,-0.0008898711415464139,-0.0001588878140890582,-0.0001588878131340298,-0.0003176801234391395,0.001366407197149061,0.0001588878140890581
2,0.003051700000000595,-3.188714080704646,0.0009546415882311088,-12.0,1.595789012281086,12.0,-0.0008888307740075041,-0.0001594834370692855,-0.0001594834361146439,-0.0003188714080704646,0.00136715361763648,0.0001594834370692854
2,0.003051900000000596,-3.20062189156975,0.0009542533908730721,-12.0,1.601742335413718,12.0,-0.0008877902769497403,-0.0001600788082022846,-0.0001600788072480311,-0.0003200621891569749,0.001367899153263213,0.0001600788082022845
2,0.003052100000000596,-3.212524648182585,0.0009538636977501902,-12.0,1.607693129176555,12.0,-0.0008867496525161722,-0.0001606739265478805,-0.0001606739255940168,-0.0003212524648182585,0.00136864380335186,0.0001606739265478805
2,0.003052300000000596,-3.224422331747077,0.0009534725094884067,-12.0,1.613641384172496,12.0,-0.0008857089028519588,-0.0001612687911663008,-0.0001612687902128283,-0.0003224422331747077,0.001369387567228347,0.0001612687911663008
2,0.003052500000000596,-3.236314923475204,0.0009530798267125551,-12.0,1.619587091008469,12.0,-0.0008846680301043824,-0.0001618634011181758,-0.0001618634001650958,-0.0003236314923475204,0.001370130444222101,0.0001618634011181757
2,0.003052700000000596,-3.248202404586861,0.0009526856500245984,-12.0,1.625530240295324,12.0,-0.0008836270364230014,-0.00016245775546453,-0.0001624577545118443,-0.0003248202404586861,0.001370872433665876,0.00016245775546453
2,0.0030529000000005958,-3.260084756310056,0.0009522899800820106,-12.0,1.631470822648051,12.0,-0.000882585923959539,-0.0001630518532667969,-0.0001630518523145069,-0.0003260084756310056,0.001371613534895733,0.0001630518532667969
2,0.0030531000000005963,-3.271961959880989,0.0009518928175018537,-12.0,1.637408828685675,12.0,-0.0008815446948678418,-0.0001636456935868174,-0.0001636456926349245,-0.0003271961959880989,0.001372353747251198,0.0001636456935868174
2,0.003053300000000596,-3.283833996543896,0.0009514941629129581,-12.0,1.643344249031259,12.0,-0.0008805033513039628,-0.0001642392754868347,-0.0001642392745353404,-0.0003283833996543896,0.001373093070075104,0.0001642392754868346
2,0.003053500000000596,-3.29570084755116,0.0009510940169505933,-12.0,1.649277074311946,12.0,-0.0008794618954260924,-0.0001648325980294996,-0.0001648325970784055,-0.000329570084755116,0.001373831502713835,0.0001648325980294995
2,0.003053700000000597,-3.30756249416342,0.0009506923802633516,-12.0,1.655207295159029,12.0,-0.0008784203293945303,-0.0001654256602778767,-0.0001654256593271842,-0.000330756249416342,0.001374569044516966,0.0001654256602778766
2,0.0030539000000005968,-3.319418917649514,0.0009502892534760665,-12.0,1.661134902207864,12.0,-0.0008773786553717966,-0.0001660184612954389,-0.0001660184603451495,-0.0003319418917649515,0.00137530569483757,0.0001660184612954388
2,0.0030541000000005973,-3.331270099286469,0.0009498846372339997,-12.0,1.667059886097932,12.0,-0.0008763368755225764,-0.0001666110001460699,-0.0001666109991961851,-0.0003331270099286469,0.001376041453032106,0.0001666110001460698
2,0.003054300000000597,-3.343116020359672,0.0009494785321919608,-12.0,1.672982237472909,12.0,-0.0008752949920137476,-0.0001672032758940718,-0.0001672032749445932,-0.0003343116020359673,0.001376776318460338,0.0001672032758940717
2,0.003054500000000597,-3.35495666216279,0.0009490709389816665,-12.0,1.678901946980577,12.0,-0.0008742530070141585,-0.0001677952876041596,-0.0001677952866550886,-0.0003354956662162791,0.001377510290485662,0.0001677952876041596
2,0.003054700000000597,-3.366792005997772,0.0009486618582577044,-12.0,1.684819005272891,12.0,-0.0008732109226949614,-0.0001683870343414634,-0.0001683870333928015,-0.0003366792005997772,0.00137824336847453,0.0001683870343414633
2,0.003054900000000597,-3.37862203317502,0.0009482512906779927,-12.0,1.690733403006039,12.0,-0.0008721687412294454,-0.0001689785151715362,-0.0001689785142232849,-0.000337862203317502,0.001378975551797001,0.0001689785151715361
2,0.003055100000000597,-3.390446725013271,0.0009478392368813537,-12.0,1.696645130840349,12.0,-0.0008711264647928985,-0.0001695697291603469,-0.0001695697282125076,-0.0003390446725013271,0.001379706839826522,0.0001695697291603468
2,0.003055300000000598,-3.402266062839715,0.000947425697542803,-12.0,1.702554179440428,12.0,-0.0008700840955629396,-0.0001701606753742887,-0.0001701606744268629,-0.0003402266062839715,0.001380437231939868,0.0001701606753742886
2,0.003055500000000598,-3.41408002799001,0.0009470106733027173,-12.0,1.708460539475066,12.0,-0.0008690416357191033,-0.0001707513528801764,-0.0001707513519331656,-0.000341408002799001,0.001381166727517313,0.0001707513528801763
2,0.003055700000000598,-3.425888601808225,0.0009465941648278964,-12.0,1.714364201617296,12.0,-0.000867999087443283,-0.0001713417607452468,-0.0001713417597986527,-0.0003425888601808225,0.001381895325942406,0.0001713417607452468
2,0.003055900000000598,-3.437691765647035,0.0009461761727898033,-12.0,1.720265156544464,12.0,-0.0008669564529192597,-0.0001719318980371675,-0.0001719318970909912,-0.0003437691765647035,0.001382623026602303,0.0001719318980371674
2,0.003056100000000598,-3.449489500867602,0.0009457566978365861,-12.0,1.726163394938123,12.0,-0.0008659137343332013,-0.0001725217638240287,-0.0001725217628782719,-0.0003449489500867602,0.001383349828887187,0.0001725217638240286
2,0.003056300000000598,-3.461281788839684,0.0009453357406559171,-12.0,1.732058907484183,12.0,-0.0008648709338731353,-0.0001731113571743528,-0.000173111356229017,-0.0003461281788839684,0.001384075732191098,0.0001731113571743527
2,0.003056500000000598,-3.473068610941649,0.0009449133019006073,-12.0,1.737951684872808,12.0,-0.0008638280537294762,-0.0001737006771570909,-0.0001737006762121775,-0.0003473068610941649,0.001384800735911074,0.0001737006771570908
2,0.0030567000000005983,-3.484849948560433,0.0009444893822481149,-12.0,1.743841717798483,12.0,-0.0008627850960943872,-0.0001742897228416235,-0.0001742897218971341,-0.0003484849948560433,0.001385524839448038,0.0001742897228416235
2,0.003056900000000598,-3.496625783091719,0.0009440639823825592,-12.0,1.749728996960073,12.0,-0.0008617420631625294,-0.0001748784932977691,-0.0001748784923537051,-0.0003496625783091719,0.001386248042205773,0.0001748784932977691
2,0.003057100000000599,-3.50839609593985,0.0009436371029665214,-12.0,1.755613513060746,12.0,-0.0008606989571304235,-0.000175466987595778,-0.0001754669866521408,-0.000350839609593985,0.001386970343591865,0.0001754669875957779
2,0.003057300000000599,-3.520160868517832,0.000943208744684565,-12.0,1.76149525680803,12.0,-0.0008596557801967275,-0.0001760552048063346,-0.0001760552038631258,-0.0003520160868517832,0.001387691743017283,0.0001760552048063345
2,0.003057500000000599,-3.531920082247503,0.0009427789082274707,-12.0,1.767374218913882,12.0,-0.0008586125345623474,-0.0001766431440005656,-0.0001766431430577865,-0.0003531920082247504,0.001388412239896053,0.0001766431440005655
2,0.0030577000000005993,-3.543673718559437,0.0009423475942609283,-12.0,1.773250390094586,12.0,-0.0008575692224301323,-0.0001772308042500326,-0.0001772308033076849,-0.0003543673718559437,0.001389131833646085,0.0001772308042500325
2,0.003057900000000599,-3.555421758893022,0.000941914803493038,-12.0,1.779123761070899,12.0,-0.0008565258460049852,-0.0001778181846267406,-0.0001778181836848258,-0.0003555421758893022,0.001389850523688479,0.0001778181846267406
2,0.003058100000000599,-3.567164184696505,0.0009414805365934864,-12.0,1.784994322567948,12.0,-0.0008554824074941125,-0.0001784052842031356,-0.000178405283261655,-0.0003567164184696505,0.001390568309447671,0.0001784052842031355
2,0.0030583000000005993,-3.578900977426926,0.0009410447942597155,-12.0,1.790862065315301,12.0,-0.0008544389091066362,-0.0001789921020521042,-0.0001789921011110593,-0.0003578900977426927,0.001391285190351699,0.0001789921020521041
2,0.003058500000000599,-3.590632118550312,0.0009406075771938305,-12.0,1.796726980047023,12.0,-0.0008533953530538152,-0.000179578637246983,-0.0001795786363063753,-0.0003590632118550312,0.001392001165831852,0.0001795786372469829
2,0.003058700000000599,-3.602357589541583,0.0009401688860772861,-12.0,1.802589057501596,12.0,-0.000852351741548879,-0.0001801648888615519,-0.000180164887921383,-0.0003602357589541583,0.001392716235323055,0.0001801648888615519
2,0.0030589000000006,-3.614077371884554,0.0009397287216135197,-12.0,1.808448288421985,12.0,-0.0008513080768074444,-0.0001807508559700372,-0.0001807508550303084,-0.0003614077371884554,0.001393430398263423,0.0001807508559700371
2,0.0030591000000006,-3.625791447072113,0.0009392870845119639,-12.0,1.814304663555696,12.0,-0.0008502643610468485,-0.0001813365376471185,-0.0001813365367078313,-0.0003625791447072113,0.001394143654094543,0.0001813365376471184
2,0.0030593000000006003,-3.637499796606133,0.0009388439754605127,-12.0,1.820158173654697,12.0,-0.0008492205964867328,-0.0001819219329679237,-0.0001819219320290797,-0.0003637499796606133,0.001394856002261635,0.0001819219329679236
2,0.0030595000000006,-3.649202401997463,0.0009383993951697089,-12.0,1.82600880947548,12.0,-0.0008481767853486255,-0.0001825070410080312,-0.0001825070400696316,-0.0003649202401997463,0.001395567442213003,0.0001825070410080311
2,0.0030597000000006,-3.660899244766098,0.0009379533443516497,-12.0,1.83185656177911,12.0,-0.0008471329298563313,-0.0001830918608434759,-0.0001830918599055225,-0.0003660899244766098,0.001396277973400722,0.0001830918608434758
2,0.0030599000000006,-3.672590306441147,0.0009375058237144351,-12.0,1.837701421331203,12.0,-0.0008460890322355974,-0.000183676391550749,-0.0001836763906132431,-0.0003672590306441147,0.001396987595279897,0.0001836763915507489
2,0.0030601000000006,-3.684275568560798,0.0009370568339637231,-12.0,1.843543378901913,12.0,-0.0008450450947140864,-0.000184260632206795,-0.0001842606312697381,-0.0003684275568560797,0.001397696307309626,0.0001842606322067949
2,0.0030603000000006,-3.695955012672374,0.0009366063758151633,-12.0,1.849382425265973,12.0,-0.0008440011195219033,-0.0001848445818890159,-0.0001848445809524095,-0.0003695955012672375,0.001398404108951867,0.0001848445818890158
2,0.0030605000000006,-3.707628620332457,0.0009361544499961738,-12.0,1.855218551202767,12.0,-0.0008429571088908738,-0.0001854282396752772,-0.0001854282387391227,-0.0003707628620332457,0.001399110999672187,0.0001854282396752771
2,0.003060700000000601,-3.719296373106821,0.0009357010572115243,-12.0,1.861051747496238,12.0,-0.0008419130650548778,-0.0001860116046439028,-0.0001860116037082017,-0.0003719296373106822,0.001399816978939955,0.0001860116046439027
2,0.003060900000000601,-3.730958252570431,0.0009352461981861904,-12.0,1.866882004934956,12.0,-0.0008408689902500432,-0.0001865946758736771,-0.0001865946749384309,-0.0003730958252570431,0.001400522046227454,0.000186594675873677
2,0.003061100000000601,-3.742614240307605,0.0009347898736538074,-12.0,1.872709314312182,12.0,-0.0008398248867143854,-0.000187177452443853,-0.000187177451509063,-0.0003742614240307606,0.00140122620101063,0.0001871774524438529
2,0.003061300000000601,-3.754264317911947,0.0009343320843260283,-12.0,1.878533666425784,12.0,-0.0008387807566881123,-0.0001877599334341459,-0.0001877599324998137,-0.0003754264317911947,0.001401929442768679,0.0001877599334341458
2,0.003061500000000601,-3.76590846698633,0.0009338728309351563,-12.0,1.884355052078296,12.0,-0.0008377366024132082,-0.0001883421179247362,-0.0001883421169908632,-0.000376590846698633,0.001402631770984708,0.0001883421179247361
2,0.0030617000000006007,-3.777546669143073,0.0009334121142212659,-12.0,1.89017346207699,12.0,-0.0008366924261339614,-0.0001889240049962769,-0.0001889240040628647,-0.0003777546669143073,0.001403333185144767,0.0001889240049962768
2,0.0030619000000006013,-3.789178906003862,0.0009329499349031156,-12.0,1.895988887233785,12.0,-0.0008356482300965196,-0.0001895055937298883,-0.0001895055927969383,-0.0003789178906003862,0.001404033684738598,0.0001895055937298882
2,0.003062100000000601,-3.800805159199744,0.000932486293720336,-12.0,1.901801318365315,12.0,-0.0008346040165491397,-0.0001900868832071596,-0.0001900868822746733,-0.0003800805159199745,0.001404733269259273,0.0001900868832071595
2,0.003062300000000601,-3.812425410371277,0.0009320211914163323,-12.0,1.907610746292975,12.0,-0.0008335597877420498,-0.000190667872510156,-0.0001906678715781347,-0.0003812425410371278,0.001405431938203389,0.0001906678725101559
2,0.003062500000000602,-3.824039641168548,0.0009315546287318455,-12.0,1.913417161842917,12.0,-0.000832515545927559,-0.0001912485607214187,-0.000191248559789864,-0.0003824039641168548,0.001406129691070845,0.0001912485607214186
2,0.0030627000000006017,-3.835647833251016,0.000931086606386966,-12.0,1.919220555845954,12.0,-0.00083147129335992,-0.0001918289469239568,-0.0001918289459928701,-0.0003835647833251016,0.001406826527365207,0.0001918289469239567
2,0.0030629000000006023,-3.847249968287724,0.0009306171251552975,-12.0,1.925020919137766,12.0,-0.0008304270322954388,-0.0001924090302012612,-0.000192409029270644,-0.0003847249968287724,0.00140752244659334,0.0001924090302012611
2,0.003063100000000602,-3.858846027957399,0.0009301461857726956,-12.0,1.930818242558821,12.0,-0.0008293827649924201,-0.0001929888096373049,-0.0001929888087071586,-0.0003858846027957399,0.001408217448265414,0.0001929888096373048
2,0.003063300000000602,-3.870435993948188,0.0009296737889707973,-12.0,1.936612516954288,12.0,-0.0008283384937111948,-0.0001935682843165318,-0.000193568283386858,-0.0003870435993948188,0.001408911531895429,0.0001935682843165318
2,0.003063500000000602,-3.882019847957922,0.000929199935527425,-12.0,1.942403733174251,12.0,-0.0008272942207141476,-0.0001941474533238725,-0.0001941474523946725,-0.0003882019847957922,0.001409604697000383,0.0001941474533238724
2,0.003063700000000602,-3.893597571694166,0.0009287246261835413,-12.0,1.948191882073605,12.0,-0.0008262499482655228,-0.0001947263157447422,-0.0001947263148160175,-0.0003893597571694167,0.001410296943101103,0.0001947263157447421
2,0.003063900000000602,-3.905169146874076,0.0009282478616923218,-12.0,1.953976954512055,12.0,-0.0008252056786316186,-0.0001953048706650364,-0.0001953048697367884,-0.0003905169146874077,0.001410988269721608,0.0001953048706650363
2,0.003064100000000602,-3.916734555224504,0.0009277696428129367,-12.0,1.959758941354168,12.0,-0.0008241614140807596,-0.0001958831171711356,-0.0001958831162433658,-0.0003916734555224504,0.001411678676389583,0.0001958831171711355
2,0.003064300000000603,-3.92829377848211,0.0009272899703154369,-12.0,1.965537833469428,12.0,-0.0008231171568833517,-0.0001964610543499114,-0.0001964610534226213,-0.000392829377848211,0.001412368162635902,0.0001964610543499113
2,0.003064500000000603,-3.939846798393301,0.0009268088449478906,-12.0,1.97131362173216,12.0,-0.000822072909311522,-0.0001970386812887213,-0.0001970386803619124,-0.0003939846798393301,0.001413056727995132,0.0001970386812887213
2,0.003064700000000603,-3.951393596714213,0.0009263262674810147,-12.0,1.977086297021591,12.0,-0.0008210286736396177,-0.0001976159970754111,-0.0001976159961490847,-0.0003951393596714213,0.001413744372005143,0.000197615997075411
2,0.003064900000000603,-3.962934155210902,0.0009258422386901888,-12.0,1.982855850221909,12.0,-0.0008199844521439292,-0.000198193000798322,-0.0001981929998724796,-0.0003962934155210902,0.001414431094207275,0.0001981930007983218
2,0.003065100000000603,-3.974468455659244,0.0009253567593316969,-12.0,1.988622272222187,12.0,-0.0008189402471026619,-0.0001987696915462857,-0.0001987696906209288,-0.0003974468455659244,0.001415116894146362,0.0001987696915462855
2,0.003065300000000603,-3.985996479844941,0.000924869830181807,-12.0,1.994385553916441,12.0,-0.0008178960607959085,-0.0001993460684086261,-0.0001993460674837561,-0.0003985996479844941,0.001415801771370767,0.000199346068408626
2,0.0030655000000006033,-3.997518209563673,0.0009243814520194515,-12.0,2.00014568620368,12.0,-0.0008168518955059545,-0.0001999221304751662,-0.0001999221295507846,-0.0003997518209563673,0.001416485725432209,0.000199922130475166
2,0.003065700000000603,-4.009033626621097,0.0009238916256231189,-12.0,2.0059026599879,12.0,-0.0008158077535169173,-0.0002004978768362278,-0.000200497875912336,-0.0004009033626621097,0.001417168755885767,0.0002004978768362277
2,0.003065900000000604,-4.020542712832722,0.0009234003517497591,-12.0,2.011656466177989,12.0,-0.000814763637114857,-0.000201073306582624,-0.0002010733056592236,-0.0004020542712832722,0.001417850862290154,0.0002010733065826239
2,0.003066100000000604,-4.032045450024089,0.0009229076312087248,-12.0,2.017407095687934,12.0,-0.0008137195485878046,-0.0002016484188056726,-0.0002016484178827649,-0.0004032045450024089,0.00141853204420761,0.0002016484188056725
2,0.003066300000000604,-4.043541820030889,0.0009224134647727311,-12.0,2.023154539436738,12.0,-0.0008126754902258171,-0.0002022232125971966,-0.0002022232116747831,-0.0004043541820030889,0.001419212301203593,0.0002022232125971965
2,0.0030665000000006043,-4.055031804698691,0.0009219178532100525,-12.0,2.028898788348339,12.0,-0.0008116314643209221,-0.0002027976870495131,-0.0002027976861275951,-0.0004055031804698692,0.001419891632846948,0.0002027976870495129
2,0.003066700000000604,-4.066515385883211,0.0009214207973347044,-12.0,2.034639833351815,12.0,-0.0008105874731668961,-0.0002033718412554482,-0.0002033718403340273,-0.0004066515385883211,0.001420570038710461,0.0002033718412554481
2,0.003066900000000604,-4.07799254545036,0.0009209222979249532,-12.0,2.040377665381291,12.0,-0.0008095435190596245,-0.0002039456743083367,-0.0002039456733874143,-0.0004077992545450361,0.001421247518369917,0.0002039456743083366
2,0.0030671000000006042,-4.089463265276098,0.0009204223557701674,-12.0,2.046112275375928,12.0,-0.0008084996042969639,-0.0002045191853020159,-0.0002045191843815934,-0.0004089463265276098,0.001421924071404845,0.0002045191853020158
2,0.003067300000000604,-4.100927527246546,0.0009199209716652668,-12.0,2.05184365427998,12.0,-0.0008074557311786024,-0.0002050923733308316,-0.0002050923724109105,-0.0004100927527246546,0.001422599697398053,0.0002050923733308315
2,0.003067500000000604,-4.112385313258083,0.0009194181464167173,-12.0,2.057571793042849,12.0,-0.0008064119020062543,-0.0002056652374896433,-0.000205665236570225,-0.0004112385313258084,0.001423274395935703,0.0002056652374896432
2,0.003067700000000605,-4.123836605217301,0.0009189138808105568,-12.0,2.063296682619005,12.0,-0.0008053681190834383,-0.0002062377768738196,-0.0002062377759549056,-0.0004123836605217301,0.001423948166608013,0.0002062377768738194
2,0.003067900000000605,-4.135281385040981,0.0009184081756523632,-12.0,2.06901831396805,12.0,-0.0008043243847157266,-0.00020680999057924,-0.0002068099896608317,-0.0004135281385040981,0.001424621009007865,0.0002068099905792398
2,0.0030681000000006052,-4.14671963465628,0.0009179010317539316,-12.0,2.074736678054781,12.0,-0.0008032807012105792,-0.0002073818777023028,-0.0002073818767844017,-0.000414671963465628,0.001425292922732302,0.0002073818777023027
2,0.003068300000000605,-4.158151336000631,0.0009173924499084052,-12.0,2.080451765849102,12.0,-0.0008022370708774262,-0.0002079534373399195,-0.000207953436422527,-0.0004158151336000631,0.0014259639073812,0.0002079534373399194
2,0.003068500000000605,-4.16957647102176,0.0009168824309280232,-12.0,2.086163568326096,12.0,-0.0008011934960274192,-0.0002085246685895169,-0.0002085246676726344,-0.000416957647102176,0.00142663396255871,0.0002085246685895168
2,0.003068700000000605,-4.180995021677841,0.0009163709756316862,-12.0,2.091872076466077,12.0,-0.0008001499789738187,-0.0002090955705490447,-0.0002090955696326736,-0.0004180995021677841,0.001427303087871479,0.0002090955705490446
2,0.003068900000000605,-4.192406969937416,0.0009158580848189768,-12.0,2.097577281254517,12.0,-0.0007991065220318283,-0.00020966614231697,-0.0002096661414011117,-0.0004192406969937416,0.001427971282930263,0.0002096661423169698
2,0.003069100000000605,-4.203812297779402,0.0009153437593090175,-12.0,2.103279173682102,12.0,-0.0007980631275183725,-0.0002102363829922794,-0.0002102363820769356,-0.0004203812297779402,0.001428638547349259,0.0002102363829922793
2,0.003069300000000605,-4.215210987193231,0.0009148279999238174,-12.0,2.108977744744781,12.0,-0.0007970197977522908,-0.0002108062916744858,-0.0002108062907596577,-0.0004215210987193231,0.001429304880746052,0.0002108062916744857
2,0.003069500000000606,-4.226603020178839,0.0009143108074816109,-12.0,2.11467298544375,12.0,-0.0007959765350545045,-0.000211375867463627,-0.0002113758665493161,-0.0004226603020178839,0.001429970282741444,0.0002113758674636269
2,0.003069700000000606,-4.237988378746623,0.0009137921827973017,-12.0,2.120364886785429,12.0,-0.0007949333417477944,-0.0002119451094602633,-0.000211945108546471,-0.0004237988378746623,0.001430634752960125,0.0002119451094602632
2,0.003069900000000606,-4.249367044917497,0.0009132721266968957,-12.0,2.126053439781515,12.0,-0.0007938902201566345,-0.000212514016765482,-0.0002125140158522097,-0.0004249367044917497,0.001431298291030059,0.0002125140167654818
2,0.003070100000000606,-4.260739000723015,0.0009127506400150587,-12.0,2.131738635449036,12.0,-0.0007928471726075803,-0.0002130825884809023,-0.0002130825875681515,-0.0004260739000723015,0.00143196089658254,0.0002130825884809022
2,0.003070300000000606,-4.272104228205296,0.0009122277235675824,-12.0,2.137420464810277,12.0,-0.0007918042014290472,-0.0002136508237086711,-0.0002136508227964432,-0.0004272104228205296,0.00143262256925264,0.000213650823708671
2,0.0030705000000006057,-4.283462709417041,0.0009117033781897987,-12.0,2.143098918892839,12.0,-0.0007907613089511711,-0.000214218721551465,-0.0002142187206397615,-0.0004283462709417041,0.001433283308678646,0.0002142187215514649
2,0.0030707000000006063,-4.294814426421677,0.0009111776047219244,-12.0,2.148773988729698,12.0,-0.0007897184975061977,-0.0002147862811124977,-0.00021478628020132,-0.0004294814426421678,0.001433943114502456,0.0002147862811124976
2,0.003070900000000606,-4.30615936129329,0.0009106504039870789,-12.0,2.154445665359129,12.0,-0.0007886757694280933,-0.0002153535014955144,-0.0002153535005848638,-0.000430615936129329,0.001434601986369521,0.0002153535014955142
2,0.003071100000000606,-4.317497496116617,0.0009101217768254788,-12.0,2.160113939824765,12.0,-0.000787633127052767,-0.0002159203818047941,-0.0002159203808946721,-0.0004317497496116618,0.001435259923928511,0.000215920381804794
2,0.003071300000000607,-4.328828812987221,0.0009095917240864448,-12.0,2.165778803175657,12.0,-0.0007865905727179323,-0.0002164869211451572,-0.0002164869202355654,-0.0004328828812987221,0.001435916926831649,0.0002164869211451571
2,0.0030715000000006067,-4.340153294011378,0.0009090602465939845,-12.0,2.171440246466183,12.0,-0.0007855481087632454,-0.0002170531186219591,-0.0002170531177128986,-0.0004340153294011378,0.001436572994734708,0.0002170531186219589
2,0.0030717000000006073,-4.351470921306181,0.0009085273452120735,-12.0,2.177098260756182,12.0,-0.0007845057375300557,-0.0002176189733410971,-0.0002176189724325696,-0.0004351470921306181,0.001437228127297241,0.0002176189733410969
2,0.003071900000000607,-4.362781676999552,0.0009079930207698261,-12.0,2.18275283711086,12.0,-0.0007834634613617664,-0.0002181844844090092,-0.0002181844835010161,-0.0004362781676999552,0.001437882324181794,0.0002181844844090091
2,0.003072100000000607,-4.374085543230199,0.0009074572741221143,-12.0,2.188403966600856,12.0,-0.0007824212826036125,-0.0002187496509326735,-0.0002187496500252161,-0.00043740855432302,0.001438535585054579,0.0002187496509326734
2,0.003072300000000607,-4.385382502147809,0.0009069201061260301,-12.0,2.194051640302295,12.0,-0.0007813792036025224,-0.000219314472019617,-0.0002193144711126968,-0.000438538250214781,0.001439187909585082,0.0002193144720196169
2,0.003072500000000607,-4.396672535912929,0.0009063815176224566,-12.0,2.199695849296713,12.0,-0.0007803372267073672,-0.0002198789467779092,-0.0002198789458715276,-0.0004396672535912929,0.001439839297446843,0.0002198789467779091
2,0.003072700000000607,-4.407955626696995,0.0009058415094713723,-12.0,2.205336584671119,12.0,-0.0007792953542688497,-0.000220443074316165,-0.0002204430734103233,-0.0004407955626696995,0.001440489748316232,0.0002204430743161648
2,0.003072900000000607,-4.419231756682495,0.0009053000825371971,-12.0,2.210973837518054,12.0,-0.000778253588639588,-0.0002210068537435518,-0.0002210068528382516,-0.0004419231756682495,0.001441139261873392,0.0002210068537435517
2,0.003073100000000608,-4.430500908062852,0.0009047572376634783,-12.0,2.216607598935493,12.0,-0.0007772119321738657,-0.0002215702841697831,-0.0002215702832650258,-0.0004430500908062852,0.001441787837802078,0.000221570284169783
2,0.003073300000000608,-4.441763063042528,0.0009042129757315109,-12.0,2.222237860026991,12.0,-0.0007761703872279369,-0.0002221333647051261,-0.000222133363800913,-0.0004441763063042528,0.00144243547578915,0.0002221333647051259
2,0.003073500000000608,-4.453018203837049,0.0009036672975886173,-12.0,2.22786461190158,12.0,-0.0007751289561597485,-0.0002226960944603993,-0.0002226960935567319,-0.0004453018203837049,0.001443082175525634,0.0002226960944603992
2,0.003073700000000608,-4.464266312672951,0.0009031202041052122,-12.0,2.233487845673836,12.0,-0.0007740876413292463,-0.0002232584725469732,-0.0002232584716438528,-0.0004464266312672951,0.001443727936705053,0.0002232584725469731
2,0.003073900000000608,-4.475507371787959,0.0009025716961597041,-12.0,2.239107552463936,12.0,-0.0007730464450979857,-0.0002238204980767778,-0.0002238204971742059,-0.0004475507371787959,0.00144437275902537,0.0002238204980767776
2,0.0030741000000006078,-4.48674136343088,0.0009020217746045223,-12.0,2.244723723397565,12.0,-0.0007720053698295759,-0.0002243821701622962,-0.0002243821692602742,-0.0004486741363430881,0.001445016642187213,0.000224382170162296
2,0.0030743000000006083,-4.497968269861701,0.0009014704403329521,-12.0,2.250336349606054,12.0,-0.0007709644178892361,-0.0002249434879165723,-0.0002249434870151017,-0.0004497968269861702,0.001445659585895376,0.0002249434879165722
2,0.003074500000000608,-4.509188073351609,0.0009009176942018637,-12.0,2.255945422226284,12.0,-0.0007699235916440728,-0.0002255044504532085,-0.0002255044495522906,-0.0004509188073351609,0.001446301589857646,0.0002255044504532083
2,0.003074700000000609,-4.520400756182943,0.0009003635370938845,-12.0,2.261550932400748,12.0,-0.0007688828934629133,-0.0002260650568863655,-0.0002260650559860019,-0.0004520400756182944,0.001446942653785754,0.0002260650568863654
2,0.003074900000000609,-4.531606300649372,0.000899807969898303,-12.0,2.267152871277613,12.0,-0.0007678423257165279,-0.0002266253063307716,-0.0002266253054309636,-0.0004531606300649372,0.001447582777394485,0.0002266253063307715
2,0.0030751000000006088,-4.542804689055804,0.0008992509934826476,-12.0,2.272751230010635,12.0,-0.0007668018907774077,-0.0002271851979017155,-0.0002271851970024643,-0.0004542804689055804,0.001448221960402285,0.0002271851979017153
2,0.0030753000000006093,-4.553995903718398,0.0008986926087348746,-12.0,2.278345999759228,12.0,-0.0007657615910197924,-0.0002277447307150495,-0.0002277447298163567,-0.0004553995903718398,0.001448860202531155,0.0002277447307150493
2,0.003075500000000609,-4.565179926964726,0.0008981328165498237,-12.0,2.283937171688516,12.0,-0.000764721428819809,-0.0002283039038871968,-0.0002283039029890638,-0.0004565179926964726,0.00144949750350637,0.0002283039038871966
2,0.003075700000000609,-4.576356741133685,0.0008975716178021287,-12.0,2.289524736969261,12.0,-0.0007636814065551945,-0.0002288627165351461,-0.0002288627156375744,-0.0004576356741133685,0.001450133863056924,0.0002288627165351459
2,0.0030759000000006092,-4.5875263285755,0.0008970090133859632,-12.0,2.295108686777919,12.0,-0.0007626415266056286,-0.0002294211677764535,-0.0002294211668794443,-0.00045875263285755,0.001450769280915365,0.0002294211677764533
2,0.003076100000000609,-4.598688671651868,0.000896445004201496,-12.0,2.300689012296687,12.0,-0.000761601791352623,-0.0002299792567292487,-0.0002299792558328035,-0.0004598688671651869,0.001451403756817182,0.0002299792567292485
2,0.003076300000000609,-4.609843752735982,0.0008958795911417905,-12.0,2.306265704713499,12.0,-0.0007605622031791881,-0.0002305369825122359,-0.0002305369816163562,-0.0004609843752735982,0.001452037290502028,0.0002305369825122358
2,0.00307650000000061,-4.620991554212362,0.0008953127750850332,-12.0,2.311838755221936,12.0,-0.0007595227644703606,-0.0002310943442446853,-0.0002310943433493724,-0.0004620991554212363,0.001452669881712609,0.0002310943442446852
2,0.00307670000000061,-4.632132058477078,0.000894744556957594,-12.0,2.317408155021421,12.0,-0.0007584834776127314,-0.0002316513410464466,-0.0002316513401517018,-0.0004632132058477078,0.001453301530195572,0.0002316513410464464
2,0.0030769000000006102,-4.643265247937815,0.0008941749376463193,-12.0,2.322973895317127,12.0,-0.0007574443449948898,-0.0002322079720379482,-0.0002322079711437731,-0.0004643265247937815,0.00145393223570045,0.0002322079720379481
2,0.00307710000000061,-4.654391105013711,0.000893603918052932,-12.0,2.328535967319974,12.0,-0.0007564053690069517,-0.0002327642363401923,-0.0002327642354465882,-0.0004654391105013711,0.001454561997980441,0.0002327642363401922
2,0.00307730000000061,-4.665509612135469,0.0008930314990851507,-12.0,2.334094362246677,12.0,-0.0007553665520409758,-0.0002333201330747594,-0.0002333201321817277,-0.0004665509612135469,0.001455190816792629,0.0002333201330747592
2,0.00307750000000061,-4.676620751745475,0.0008924576816589092,-12.0,2.339649071319802,12.0,-0.0007543278964906308,-0.0002338756613638146,-0.0002338756604713567,-0.0004676620751745475,0.001455818691897037,0.0002338756613638143
2,0.00307770000000061,-4.687724506297718,0.0008918824666706016,-12.0,2.34520008576769,12.0,-0.0007532894047513339,-0.0002344308203301021,-0.0002344308194382194,-0.0004687724506297718,0.001456445623057689,0.000234430820330102
2,0.0030779000000006104,-4.6988208582578,0.0008913058550383823,-12.0,2.350747396824516,12.0,-0.0007522510792202508,-0.0002349856090969479,-0.0002349856082056419,-0.00046988208582578,0.001457071610041827,0.0002349856090969477
2,0.00307810000000061,-4.709909790103091,0.0008907278476830705,-12.0,2.356290995730348,12.0,-0.0007512129222964903,-0.0002355400267882668,-0.0002355400258975387,-0.0004709909790103091,0.001457696652619855,0.0002355400267882665
2,0.003078300000000611,-4.720991284322651,0.0008901484455092756,-12.0,2.361830873731074,12.0,-0.0007501749363805488,-0.0002360940725285567,-0.000236094071638408,-0.0004720991284322652,0.001458320750566566,0.0002360940725285565
2,0.003078500000000611,-4.732065323417233,0.0008895676494398153,-12.0,2.367367022078453,12.0,-0.0007491371238748656,-0.0002366477454429015,-0.0002366477445533336,-0.0004732065323417233,0.001458943903659138,0.0002366477454429013
2,0.003078700000000611,-4.743131889899422,0.0008889854604012815,-12.0,2.372899432030168,12.0,-0.0007480994871835178,-0.0002372010446569768,-0.0002372010437679911,-0.0004743131889899422,0.001459566111679078,0.0002372010446569767
2,0.0030789000000006114,-4.754190966293646,0.0008884018793169357,-12.0,2.378428094849818,12.0,-0.0007470620287123586,-0.0002377539692970503,-0.0002377539684086482,-0.0004754190966293646,0.00146018737441117,0.0002377539692970501
2,0.003079100000000611,-4.765242535136042,0.0008878169070916098,-12.0,2.383953001806828,12.0,-0.0007460247508689344,-0.0002383065184899738,-0.0002383065176021567,-0.0004765242535136042,0.001460807691643418,0.0002383065184899736
2,0.003079300000000611,-4.776286578974643,0.0008872305446800954,-12.0,2.389474144176647,12.0,-0.0007449876560625124,-0.0002388586913631969,-0.0002388586904759662,-0.0004776286578974643,0.001461427063167486,0.0002388586913631967
2,0.0030795000000006113,-4.787323080369478,0.0008866427930021015,-12.0,2.39499151324067,12.0,-0.0007439507467040529,-0.000239410487044767,-0.000239410486158124,-0.0004787323080369478,0.001462045488778707,0.0002394104870447668
2,0.003079700000000611,-4.79835202189232,0.0008860536529715635,-12.0,2.400505100286154,12.0,-0.0007429140252061539,-0.0002399619046633185,-0.0002399619037772646,-0.0004798352021892321,0.001462662968275574,0.0002399619046633182
2,0.003079900000000611,-4.809373386126939,0.0008854631255492684,-12.0,2.406014896606425,12.0,-0.0007418774939832729,-0.0002405129433480878,-0.0002405129424626244,-0.0004809373386126939,0.001463279501460413,0.0002405129433480875
2,0.003080100000000612,-4.820387155669177,0.0008848712116615864,-12.0,2.411520893500793,12.0,-0.0007408411554513661,-0.0002410636022289133,-0.000241063601344042,-0.0004820387155669177,0.001463895088138711,0.0002410636022289131
2,0.003080300000000612,-4.831393313126704,0.0008842779122288924,-12.0,2.417023082274475,12.0,-0.0007398050120282218,-0.0002416138804362247,-0.0002416138795519467,-0.0004831393313126704,0.001464509728119623,0.0002416138804362246
2,0.0030805000000006123,-4.84239184111927,0.0008836832282179685,-12.0,2.422521454238795,12.0,-0.0007387690661332658,-0.0002421637771010579,-0.0002421637762173744,-0.0004842391841119271,0.001465123421215742,0.0002421637771010577
2,0.003080700000000612,-4.853382722278757,0.0008830871605594037,-12.0,2.428016000711089,12.0,-0.0007377333201876168,-0.0002427132913550532,-0.0002427132904719658,-0.0004853382722278757,0.00146573616724327,0.000242713291355053
2,0.003080900000000612,-4.864365939249032,0.0008824897101931128,-12.0,2.433506713014702,12.0,-0.0007366977766140592,-0.0002432624223304511,-0.0002432624214479612,-0.0004864365939249032,0.001466347966021797,0.0002432624223304509
2,0.003081100000000612,-4.875341474686051,0.0008818908780676704,-12.0,2.438993582479036,12.0,-0.0007356624378370147,-0.000243811169160097,-0.000243811168278206,-0.0004875341474686051,0.001466958817374298,0.0002438111691600968
2,0.003081300000000612,-4.886309311257969,0.0008812906651423091,-12.0,2.444476600439604,12.0,-0.0007346273062826536,-0.0002443595309774463,-0.0002443595300961555,-0.0004886309311257969,0.001467568721127355,0.0002443595309774462
2,0.003081500000000612,-4.897269431645075,0.0008806890723536132,-12.0,2.449955758237958,12.0,-0.0007335923843788117,-0.0002449075069165607,-0.0002449075060358714,-0.0004897269431645075,0.001468177677110993,0.0002449075069165605
2,0.003081700000000612,-4.908221818539794,0.0008800861006577065,-12.0,2.455431047221745,12.0,-0.0007325576745548235,-0.0002454550961121089,-0.0002454550952320226,-0.0004908221818539795,0.001468785685158847,0.0002454550961121087
2,0.003081900000000613,-4.919166454646835,0.0008794817510200392,-12.0,2.460902458744765,12.0,-0.000731523179241883,-0.0002460022976993747,-0.0002460022968198928,-0.0004919166454646836,0.001469392745107934,0.0002460022976993745
2,0.003082100000000613,-4.930103322683123,0.0008788760243847449,-12.0,2.466369984166899,12.0,-0.0007304889008726279,-0.0002465491108142516,-0.0002465491099353754,-0.0004930103322683123,0.001469998856798826,0.0002465491108142515
2,0.003082300000000613,-4.941032405377801,0.000878268921714831,-12.0,2.471833614854162,12.0,-0.000729454841881666,-0.000247095534593245,-0.0002470955337149758,-0.0004941032405377802,0.001470604020075317,0.0002470955345932447
2,0.003082500000000613,-4.951953685472365,0.0008776604439764135,-12.0,2.477293342178752,12.0,-0.00072842100470491,-0.0002476415681734777,-0.000247641567295817,-0.0004951953685472365,0.001471208234784971,0.0002476415681734775
2,0.003082700000000613,-4.962867145720666,0.0008770505921358307,-12.0,2.482749157519043,12.0,-0.0007273873917799933,-0.0002481872106926909,-0.0002481872098156401,-0.0004962867145720666,0.001471811500779019,0.0002481872106926907
2,0.0030829000000006128,-4.973772768888793,0.0008764393671378823,-12.0,2.488201052259497,12.0,-0.0007263540055463813,-0.0002487324612892362,-0.0002487324604127966,-0.0004973772768888794,0.001472413817911578,0.0002487324612892359
2,0.0030831000000006133,-4.984670537755253,0.0008758267699764399,-12.0,2.493649017790859,12.0,-0.0007253208484450102,-0.0002492773191020885,-0.0002492773182262615,-0.0004984670537755253,0.00147301518604076,0.0002492773191020882
2,0.003083300000000613,-4.995560435111043,0.0008752128016096261,-12.0,2.499093045510064,12.0,-0.0007242879229183707,-0.0002498217832708457,-0.0002498217823956327,-0.0004995560435111044,0.001473615605028122,0.0002498217832708455
2,0.003083500000000613,-5.006442443759497,0.0008745974630064435,-12.0,2.504533126820232,12.0,-0.0007232552314106744,-0.0002503658529357228,-0.0002503658520611252,-0.0005006442443759497,0.001474215074738328,0.0002503658529357227
2,0.003083700000000614,-5.01731654651639,0.0008739807551434442,-12.0,2.509969253130718,12.0,-0.0007222227763678535,-0.0002509095272375577,-0.0002509095263635767,-0.000501731654651639,0.00147481359503987,0.0002509095272375575
2,0.0030839000000006138,-5.028182726210069,0.00087336267900473,-12.0,2.515401415857168,12.0,-0.0007211905602371449,-0.0002514528053178165,-0.0002514528044444537,-0.000502818272621007,0.001475411165804907,0.0002514528053178164
2,0.0030841000000006143,-5.039040965681344,0.0008727432355555287,-12.0,2.520829606421438,12.0,-0.0007201585854677006,-0.0002519956863185885,-0.000251995685445845,-0.0005039040965681344,0.001476007786908318,0.0002519956863185883
2,0.003084300000000614,-5.049891247783525,0.0008721224257828286,-12.0,2.526253816251661,12.0,-0.0007191268545101714,-0.000252538169382588,-0.0002525381685104654,-0.0005049891247783525,0.001476603458229253,0.0002525381693825878
2,0.003084500000000614,-5.060733555382568,0.0008715002506745062,-12.0,2.531674036782298,12.0,-0.0007180953698167625,-0.0002530802536531626,-0.0002530802527816622,-0.0005060733555382568,0.001477198179650197,0.0002530802536531624
2,0.003084700000000614,-5.07156787135699,0.0008708767112033389,-12.0,2.537090259454067,12.0,-0.0007170641338413442,-0.0002536219382742866,-0.0002536219374034097,-0.000507156787135699,0.001477791951056739,0.0002536219382742864
2,0.003084900000000614,-5.082394178597874,0.000870251808361644,-12.0,2.542502475713997,12.0,-0.0007160331490392857,-0.0002541632223905639,-0.0002541632215203118,-0.0005082394178597874,0.001478384772338248,0.0002541632223905636
2,0.003085100000000614,-5.093212460009035,0.0008696255431459576,-12.0,2.547910677015492,12.0,-0.0007150024178676218,-0.0002547041051472349,-0.000254704104277609,-0.0005093212460009035,0.001478976643387586,0.0002547041051472346
2,0.003085300000000615,-5.104022698506913,0.0008689979165303896,-12.0,2.553314854818231,12.0,-0.0007139719427849411,-0.0002552445856901704,-0.0002552445848211722,-0.0005104022698506913,0.001479567564101003,0.0002552445856901701
2,0.003085500000000615,-5.114824877020665,0.0008683689295267971,-12.0,2.558715000588312,12.0,-0.0007129417262513593,-0.0002557846631658787,-0.0002557846622975096,-0.0005114824877020665,0.001480157534378135,0.0002557846631658786
2,0.003085700000000615,-5.125618978492184,0.0008677385831155071,-12.0,2.564111105798151,12.0,-0.0007119117707286848,-0.0002563243367215039,-0.000256324335853765,-0.0005125618978492185,0.001480746554122392,0.0002563243367215036
2,0.003085900000000615,-5.136404985876064,0.0008671068782981628,-12.0,2.569503161926548,12.0,-0.0007108820786801973,-0.0002568636055048252,-0.0002568636046377181,-0.0005136404985876064,0.001481334623240349,0.000256863605504825
2,0.003086100000000615,-5.147182882139759,0.0008664738160804042,-12.0,2.574891160458739,12.0,-0.000709852652570675,-0.0002574024686642661,-0.000257402467797792,-0.000514718288213976,0.001481921741642578,0.0002574024686642659
2,0.003086300000000615,-5.157952650263479,0.0008658393974503298,-12.0,2.580275092886309,12.0,-0.000708823494866756,-0.0002579409253488861,-0.0002579409244830465,-0.000515795265026348,0.001482507909242092,0.0002579409253488859
2,0.003086500000000615,-5.168714273240291,0.0008652036234282345,-12.0,2.585654950707324,12.0,-0.0007077946080362718,-0.0002584789747083898,-0.000258478973843186,-0.0005168714273240292,0.001483093125956625,0.0002584789747083896
2,0.0030867000000006153,-5.179467734076137,0.0008645664950039933,-12.0,2.59103072542624,12.0,-0.0007067659945487748,-0.0002590166158931239,-0.0002590166150285571,-0.0005179467734076138,0.001483677391706573,0.0002590166158931237
2,0.003086900000000615,-5.190213015789786,0.0008639280131905736,-12.0,2.596402408553959,12.0,-0.0007057376568753715,-0.0002595538480540771,-0.0002595538471901489,-0.0005190213015789786,0.001484260706416163,0.0002595538480540769
2,0.003087100000000616,-5.200950101413003,0.0008632881790049396,-12.0,2.601769991607891,12.0,-0.0007047095974885564,-0.0002600906703428889,-0.0002600906694796004,-0.0005200950101413004,0.001484843070012787,0.0002600906703428886
2,0.003087300000000616,-5.211678973990465,0.0008626469934467362,-12.0,2.607133466111873,12.0,-0.0007036818188626282,-0.0002606270819118429,-0.0002606270810491956,-0.0005211678973990466,0.001485424482427722,0.0002606270819118426
2,0.003087500000000616,-5.222399616579773,0.0008620044575347041,-12.0,2.612492823596233,12.0,-0.0007026543234732174,-0.0002611630819138701,-0.0002611630810518654,-0.0005222399616579774,0.001486004943595409,0.0002611630819138698
2,0.0030877000000006163,-5.233112012251605,0.0008613605722911366,-12.0,2.617848055597844,12.0,-0.0007016271137974817,-0.0002616986695025556,-0.0002616986686411949,-0.0005233112012251606,0.001486584453453954,0.0002616986695025553
2,0.003087900000000616,-5.243816144089602,0.0008607153387194533,-12.0,2.623199153660034,12.0,-0.0007006001923142158,-0.0002622338438321317,-0.0002622338429714161,-0.0005243816144089602,0.001487163011944737,0.0002622338438321315
2,0.003088100000000616,-5.254511995190486,0.0008600687578574906,-12.0,2.628546109332717,12.0,-0.0006995735615035747,-0.0002627686040574862,-0.0002627686031974172,-0.0005254511995190487,0.001487740619012801,0.000262768604057486
2,0.0030883000000006162,-5.265199548664061,0.0008594208307119988,-12.0,2.633888914172307,12.0,-0.0006985472238474344,-0.0002633029493341598,-0.0002633029484747386,-0.0005265199548664061,0.001488317274606632,0.0002633029493341595
2,0.003088500000000616,-5.275878787633175,0.0008587715583110445,-12.0,2.63922755974177,12.0,-0.0006975211818290028,-0.0002638368788183462,-0.0002638368779595743,-0.0005275878787633176,0.001488892978678047,0.0002638368788183459
2,0.003088700000000616,-5.286549695233889,0.0008581209416889113,-12.0,2.644562037610687,12.0,-0.0006964954379329591,-0.0002643703916669001,-0.0002643703908087789,-0.0005286549695233889,0.00148946773118247,0.0002643703916668998
2,0.003088900000000617,-5.29721225461538,0.0008574689818618975,-12.0,2.649892339355173,12.0,-0.000695469994645731,-0.0002649034870373315,-0.0002649034861798621,-0.000529721225461538,0.001490041532078656,0.0002649034870373311
2,0.003089100000000617,-5.307866448939971,0.0008568156798640647,-12.0,2.655218456557939,12.0,-0.0006944448544549953,-0.0002654361640878078,-0.0002654361632309918,-0.0005307866448939971,0.001490614381329247,0.0002654361640878075
2,0.0030893000000006172,-5.318512261383271,0.000856161036735692,-12.0,2.66054038080835,12.0,-0.0006934200198498996,-0.0002659684219771617,-0.0002659684211210003,-0.0005318512261383271,0.001491186278899659,0.0002659684219771614
2,0.003089500000000617,-5.329149675134094,0.0008555050534988506,-12.0,2.665858103702345,12.0,-0.0006923954933213405,-0.000266500259864885,-0.0002665002590093797,-0.0005329149675134093,0.001491757224759471,0.0002665002598648846
2,0.003089700000000617,-5.339778673394467,0.0008548477311933755,-12.0,2.6711716168425,12.0,-0.0006913712773614078,-0.000267031676911131,-0.000267031676056283,-0.0005339778673394467,0.001492327218881151,0.0002670316769111307
2,0.003089900000000617,-5.350399239379783,0.000854189070866207,-12.0,2.676480911838082,12.0,-0.0006903473744637456,-0.0002675626722767219,-0.0002675626714225325,-0.0005350399239379783,0.001492896261240995,0.0002675626722767215
2,0.003090100000000617,-5.361011356318707,0.0008535290735423029,-12.0,2.681785980304958,12.0,-0.0006893237871236357,-0.0002680932451231418,-0.0002680932442696125,-0.0005361011356318707,0.001493464351818907,0.0002680932451231416
2,0.003090300000000617,-5.371615007453264,0.0008528677402825924,-12.0,2.687086813865733,12.0,-0.0006883005178376367,-0.0002686233946125454,-0.0002686233937596773,-0.0005371615007453265,0.00149403149059768,0.0002686233946125451
2,0.003090500000000617,-5.382210176038839,0.0008522050721107011,-12.0,2.692383404149636,12.0,-0.0006872775691037503,-0.0002691531199077529,-0.0002691531190555475,-0.0005382210176038839,0.001494597677564102,0.0002691531199077526
2,0.003090700000000618,-5.392796845344211,0.0008515410700946635,-12.0,2.697675742792659,12.0,-0.0006862549434215881,-0.0002696824201722567,-0.0002696824193207153,-0.0005392796845344212,0.00149516291270807,0.0002696824201722565
2,0.003090900000000618,-5.403374998651613,0.0008508757352643226,-12.0,2.70296382143746,12.0,-0.0006852326432920386,-0.0002702112945702199,-0.0002702112937193439,-0.0005403374998651613,0.001495727196023366,0.0002702112945702196
2,0.003091100000000618,-5.413944619256644,0.0008502090686772767,-12.0,2.708247631733428,12.0,-0.0006842106712175722,-0.0002707397422664755,-0.0002707397414162661,-0.0005413944619256644,0.001496290527506605,0.0002707397422664751
2,0.003091300000000618,-5.42450569046847,0.0008495410713924567,-12.0,2.713527165336735,12.0,-0.0006831890297020748,-0.0002712677624265346,-0.0002712677615769931,-0.0005424505690468471,0.001496852907158674,0.0002712677624265342
2,0.003091500000000618,-5.435058195609726,0.000848871744453028,-12.0,2.71880241391026,12.0,-0.0006821677212507649,-0.0002717953542165809,-0.000271795353367709,-0.0005435058195609727,0.001497414334983072,0.0002717953542165807
2,0.0030917000000006177,-5.445602118016521,0.000848201088920586,-12.0,2.724073369123652,12.0,-0.000681146748370387,-0.0002723225168034735,-0.0002723225159552721,-0.0005445602118016521,0.001497974810987457,0.0002723225168034732
2,0.0030919000000006183,-5.456137441038607,0.0008475291058593903,-12.0,2.729340022653384,12.0,-0.0006801261135689907,-0.0002728492493547528,-0.0002728492485072233,-0.0005456137441038607,0.001498534335182489,0.0002728492493547524
2,0.003092100000000618,-5.466664148039275,0.0008468557963197121,-12.0,2.734602366182675,12.0,-0.0006791058193564015,-0.0002733755510386359,-0.0002733755501917797,-0.0005466664148039275,0.001499092907582378,0.0002733755510386355
2,0.003092300000000618,-5.477182222395381,0.000846181161365811,-12.0,2.73986039140155,12.0,-0.000678085868243361,-0.0002739014210240188,-0.0002739014201778374,-0.0005477182222395382,0.001499650528205054,0.0002739014210240184
2,0.003092500000000619,-5.487691647497461,0.0008455052020701626,-12.0,2.745114090006888,12.0,-0.0006770662627423041,-0.0002744268584804822,-0.0002744268576349766,-0.0005487691647497461,0.001500207197071612,0.0002744268584804818
2,0.0030927000000006187,-5.498192406749764,0.0008448279194981367,-12.0,2.750363453702409,12.0,-0.0006760470053670531,-0.0002749518625782914,-0.0002749518617334631,-0.0005498192406749765,0.001500762914206533,0.0002749518625782911
2,0.0030929000000006193,-5.508684483570097,0.0008441493147004486,-12.0,2.755608474198592,12.0,-0.0006750280986326795,-0.0002754764324883895,-0.0002754764316442399,-0.0005508684483570097,0.001501317679638181,0.0002754764324883892
2,0.003093100000000619,-5.519167861390021,0.0008434693887724443,-12.0,2.760849143212863,12.0,-0.0006740095450559758,-0.0002760005673824094,-0.0002760005665389397,-0.0005519167861390022,0.001501871493397755,0.0002760005673824091
2,0.003093300000000619,-5.529642523654926,0.0008427881427750528,-12.0,2.766085452469507,12.0,-0.0006729913471548166,-0.0002765242664326736,-0.000276524265589885,-0.0005529642523654926,0.001502424355520671,0.0002765242664326732
2,0.003093500000000619,-5.540108453823874,0.0008421055777789732,-12.0,2.77131739369966,12.0,-0.0006719735074484368,-0.0002770475288121885,-0.0002770475279700826,-0.0005540108453823874,0.001502976266045009,0.0002770475288121881
2,0.003093700000000619,-5.550565635369693,0.0008414216948635644,-12.0,2.77654495864136,12.0,-0.000670956028457681,-0.0002775703536946499,-0.0002775703528532279,-0.0005550565635369694,0.001503527225012846,0.0002775703536946496
2,0.003093900000000619,-5.561014051779114,0.0008407364951157348,-12.0,2.781768139039595,12.0,-0.0006699389127046984,-0.0002780927402544484,-0.0002780927394137115,-0.0005561014051779113,0.001504077232469314,0.000278092740254448
2,0.003094100000000619,-5.571453686552671,0.0008400499796024086,-12.0,2.786986926646239,12.0,-0.0006689221627128594,-0.000278614687666664,-0.0002786146868266137,-0.0005571453686552671,0.001504626288463207,0.0002786146876666636
2,0.00309430000000062,-5.581884523204717,0.0008393621494109382,-12.0,2.792201313220096,12.0,-0.00066790578100695,-0.0002791361951070689,-0.0002791361942677064,-0.0005581884523204717,0.001505174393047093,0.0002791361951070686
2,0.00309450000000062,-5.592306545263579,0.0008386730056335612,-12.0,2.79741129052697,12.0,-0.0006668897701133658,-0.000279657261752134,-0.0002796572609134606,-0.0005592306545263579,0.001505721546276206,0.0002796572617521337
2,0.00309470000000062,-5.602719736271476,0.000837982549343641,-12.0,2.802616850339579,12.0,-0.0006658741325595019,-0.0002801778867790239,-0.000280177885941041,-0.0005602719736271476,0.001506267748209833,0.0002801778867790236
2,0.00309490000000062,-5.613124079784519,0.0008372907816347475,-12.0,2.80781798443762,12.0,-0.0006648588708742798,-0.0002806980693655989,-0.0002806980685283077,-0.0005613124079784519,0.001506812998910534,0.0002806980693655986
2,0.00309510000000062,-5.623519559372872,0.0008365977036055572,-12.0,2.813014684607821,12.0,-0.0006638439875878699,-0.000281217808690422,-0.0002812178078538239,-0.0005623519559372872,0.00150735729844409,0.0002812178086904216
2,0.0030953000000006198,-5.633906158620667,0.0008359033163343188,-12.0,2.818206942643869,12.0,-0.0006628294852319694,-0.0002817371039327538,-0.0002817371030968501,-0.0005633906158620667,0.001507900646880056,0.0002817371039327535
2,0.0030955000000006203,-5.644283861126015,0.0008352076209208192,-12.0,2.823394750346464,12.0,-0.0006618153663393855,-0.0002822559542725547,-0.0002822559534373468,-0.0005644283861126015,0.001508443044291208,0.0002822559542725544
2,0.00309570000000062,-5.654652650501128,0.0008345106184641793,-12.0,2.828578099523367,12.0,-0.0006608016334444244,-0.0002827743588904906,-0.0002827743580559796,-0.0005654652650501128,0.001508984490753928,0.0002827743588904903
2,0.003095900000000621,-5.665012510372331,0.0008338123100666284,-12.0,2.833756981989388,12.0,-0.0006597882890825024,-0.0002832923169679326,-0.0002832923161341199,-0.0005665012510372332,0.00150952498634771,0.0002832923169679321
2,0.003096100000000621,-5.675363424379944,0.000833112696806193,-12.0,2.838931389566308,12.0,-0.0006587753357905624,-0.0002838098276869505,-0.0002838098268538375,-0.0005675363424379944,0.001510064531155986,0.0002838098276869502
2,0.0030963000000006208,-5.68570537617845,0.000832411779811526,-12.0,2.844101314083059,12.0,-0.0006577627761067961,-0.0002843268902303252,-0.0002843268893979131,-0.000568570537617845,0.001510603125265075,0.0002843268902303248
2,0.0030965000000006213,-5.696038349436587,0.0008317095601779734,-12.0,2.849266747375656,12.0,-0.0006567506125706446,-0.0002848435037815482,-0.0002848435029498383,-0.0005696038349436587,0.001511140768764963,0.0002848435037815478
2,0.003096700000000621,-5.706362327837124,0.0008310060389948859,-12.0,2.854427681287115,12.0,-0.0006557388477228254,-0.0002853596675248124,-0.000285359666693806,-0.0005706362327837125,0.00151167746174935,0.000285359667524812
2,0.003096900000000621,-5.716677295077083,0.0008303012173949131,-12.0,2.859584107667646,12.0,-0.0006547274841054995,-0.0002858753806450255,-0.0002858753798147239,-0.0005716677295077084,0.001512213204314772,0.0002858753806450252
2,0.0030971000000006212,-5.726983234867794,0.0008295950964765098,-12.0,2.864736018374563,12.0,-0.0006537165242619658,-0.0002863906423278091,-0.0002863906414982136,-0.0005726983234867794,0.001512747996561536,0.0002863906423278086
2,0.003097300000000621,-5.737280130934765,0.0008288876773476783,-12.0,2.869883405272281,12.0,-0.0006527059707368832,-0.0002869054517594938,-0.0002869054509306057,-0.0005737280130934765,0.001513281838593394,0.0002869054517594934
2,0.003097500000000621,-5.747567967017768,0.0008281789611230828,-12.0,2.875026260232358,12.0,-0.0006516958260761319,-0.000287419808127124,-0.0002874198072989446,-0.0005747567967017769,0.001513814730517538,0.0002874198081271236
2,0.003097700000000622,-5.757846726870946,0.0008274689489280451,-12.0,2.880164575133555,12.0,-0.0006506860928269242,-0.0002879337106184631,-0.0002879337097909937,-0.0005757846726870947,0.001514346672444322,0.0002879337106184627
2,0.003097900000000622,-5.768116394262756,0.0008267576418674594,-12.0,2.885298341861755,12.0,-0.0006496767735376663,-0.0002884471584219893,-0.0002884471575952312,-0.0005768116394262756,0.001514877664487602,0.0002884471584219888
2,0.0030981000000006222,-5.778376952975961,0.0008260450410642051,-12.0,2.890427552310027,12.0,-0.0006486678707581517,-0.0002889601507268967,-0.0002889601499008513,-0.0005778376952975961,0.00151540770676506,0.0002889601507268963
2,0.003098300000000622,-5.788628386807783,0.0008253311476476011,-12.0,2.895552198378675,12.0,-0.0006476593870392566,-0.0002894726867231032,-0.0002894726858977716,-0.0005788628386807783,0.001515936799397155,0.0002894726867231027
2,0.003098500000000622,-5.798870679569832,0.0008246159627292027,-12.0,2.900672271975169,12.0,-0.0006466513249331896,-0.0002899847656012445,-0.0002899847647766281,-0.0005798870679569833,0.001516464942508178,0.000289984765601244
2,0.003098700000000622,-5.8091038150881,0.0008238994874369965,-12.0,2.9057877650142,12.0,-0.0006456436869935467,-0.0002904963865526767,-0.0002904963857287768,-0.00058091038150881,0.001516992136225637,0.0002904963865526763
2,0.003098900000000622,-5.819327777203113,0.0008231817229076288,-12.0,2.910898669417735,12.0,-0.0006446364757747847,-0.0002910075487694832,-0.000291007547946301,-0.0005819327777203113,0.001517518380680649,0.0002910075487694828
2,0.0030991000000006224,-5.829542549769863,0.0008224626702570959,-12.0,2.916004977114945,12.0,-0.000643629693833081,-0.0002915182514444692,-0.0002915182506220061,-0.0005829542549769864,0.001518043676007386,0.0002915182514444688
2,0.003099300000000622,-5.839748116657807,0.0008217423306196014,-12.0,2.921106680042256,12.0,-0.0006426233437253903,-0.000292028493771164,-0.0002920284929494214,-0.0005839748116657807,0.001518568022343847,0.0002920284937711636
2,0.003099500000000623,-5.849944461750986,0.0008210207051331242,-12.0,2.9262037701434,12.0,-0.0006416174280101661,-0.0002925382749438271,-0.000292538274122806,-0.0005849944461750986,0.001519091419831031,0.0002925382749438267
2,0.003099700000000623,-5.860131568948029,0.0008202977949303136,-12.0,2.931296239369388,12.0,-0.0006406119492469442,-0.0002930475941574462,-0.000293047593337148,-0.000586013156894803,0.001519613868613878,0.0002930475941574458
2,0.003099900000000623,-5.870309422162106,0.0008195736011433752,-12.0,2.936384079678503,12.0,-0.0006396069099965929,-0.0002935564506077365,-0.0002935564497881625,-0.0005870309422162106,0.001520135368839937,0.000293556450607736
2,0.0031001000000006234,-5.88047800532098,0.0008188481249109536,-12.0,2.941467283036337,12.0,-0.0006386023128210627,-0.0002940648434911431,-0.0002940648426722945,-0.000588047800532098,0.001520655920660863,0.0002940648434911426
2,0.003100300000000623,-5.890637302367119,0.0008181213673814636,-12.0,2.946545841415845,12.0,-0.0006375981602835534,-0.0002945727720048469,-0.000294572771186725,-0.0005890637302367119,0.001521175524231255,0.0002945727720048463
2,0.0031005000000006227,-5.900787297257629,0.0008173933296853342,-12.0,2.951619746797276,12.0,-0.0006365944549484859,-0.0002950802353467596,-0.0002950802345293657,-0.000590078729725763,0.001521694179709376,0.0002950802353467591
2,0.0031007000000006233,-5.910927973964265,0.0008166640129709801,-12.0,2.956688991168229,12.0,-0.0006355911993813357,-0.0002955872327155262,-0.0002955872318988618,-0.0005910927973964265,0.00152221188725693,0.0002955872327155258
2,0.003100900000000623,-5.921059316473552,0.0008159334183934774,-12.0,2.961753566523701,12.0,-0.0006345883961489385,-0.0002960937633105312,-0.0002960937624945973,-0.0005921059316473552,0.001522728647038785,0.0002960937633105308
2,0.003101100000000623,-5.931181308786757,0.0008152015470856977,-12.0,2.966813464866022,12.0,-0.0006335860478192401,-0.0002965998263318941,-0.0002965998255166922,-0.0005931181308786757,0.001523244459223083,0.0002965998263318936
2,0.003101300000000624,-5.941293934919842,0.0008144684002027169,-12.0,2.971868678204909,12.0,-0.0006325841569612412,-0.0002971054209804711,-0.0002971054201660023,-0.0005941293934919842,0.001523759323981633,0.0002971054209804707
2,0.0031015000000006237,-5.951397178903643,0.0008137339789047182,-12.0,2.976919198557519,12.0,-0.0006315827261453022,-0.0002976105464578619,-0.0002976105456441274,-0.0005951397178903643,0.001524273241489627,0.0002976105464578614
2,0.0031017000000006243,-5.961491024783771,0.0008129982843281258,-12.0,2.98196501794836,12.0,-0.000630581757942783,-0.0002981152019664037,-0.000298115201153405,-0.0005961491024783772,0.001524786211925422,0.0002981152019664032
2,0.003101900000000624,-5.971575456620683,0.0008122613176468896,-12.0,2.987006128409425,12.0,-0.0006295812549261814,-0.0002986193867091783,-0.0002986193858969165,-0.0005971575456620683,0.001525298235471151,0.0002986193867091779
2,0.003102100000000624,-5.981650458489728,0.0008115230800020967,-12.0,2.992042521980098,12.0,-0.0006285812196693275,-0.0002991230998900102,-0.0002991230990784865,-0.0005981650458489728,0.001525809312311444,0.0002991230998900097
2,0.003102300000000624,-5.991716014481076,0.0008107835725583712,-12.0,2.997074190707212,12.0,-0.000627581654746967,-0.0002996263407134658,-0.0002996263399026817,-0.0005991716014481077,0.001526319442635482,0.0002996263407134654
2,0.003102500000000624,-6.001772108699901,0.0008100427964827794,-12.0,3.002101126645103,12.0,-0.0006265825627351507,-0.0003001291083848624,-0.0003001291075748192,-0.0006001772108699902,0.001526828626634946,0.000300129108384862
2,0.003102700000000624,-6.011818725266261,0.0008093007529241802,-12.0,3.007123321855525,12.0,-0.0006255839462109281,-0.0003006314021102606,-0.0003006314013009593,-0.0006011818725266261,0.001527336864505291,0.0003006314021102601
2,0.003102900000000624,-6.021855848315208,0.000808557443064295,-12.0,3.012140768407774,12.0,-0.0006245858077525701,-0.0003011332210964715,-0.0003011332202879136,-0.0006021855848315208,0.001527844156444913,0.000301133221096471
2,0.003103100000000625,-6.031883461996792,0.0008078128680528707,-12.0,3.017153458378604,12.0,-0.000623588149939458,-0.0003016345645510556,-0.0003016345637432423,-0.0006031883461996792,0.001528350502656262,0.0003016345645510551
2,0.003103300000000625,-6.041901550476022,0.0008070670290649673,-12.0,3.022161383852279,12.0,-0.0006225909753519165,-0.0003021354316823219,-0.0003021354308752544,-0.0006041901550476023,0.001528855903344506,0.0003021354316823214
2,0.003103500000000625,-6.051910097933029,0.000806319927276089,-12.0,3.027164536920628,12.0,-0.0006215942865715196,-0.0003026358216993357,-0.0003026358208930152,-0.0006051910097933029,0.001529360358718646,0.0003026358216993352
2,0.003103700000000625,-6.061909088562979,0.0008055715638475291,-12.0,3.032162909682977,12.0,-0.0006205980861809235,-0.0003031357338119134,-0.0003031357330063413,-0.000606190908856298,0.001529863868990622,0.0003031357338119129
2,0.003103900000000625,-6.07189850657609,0.00080482193995568,-12.0,3.037156494246198,12.0,-0.0006196023767638947,-0.0003036351672306247,-0.0003036351664258023,-0.000607189850657609,0.00153036643437604,0.0003036351672306242
2,0.0031041000000006248,-6.081878336197762,0.0008040710567840392,-12.0,3.042145282724768,12.0,-0.0006186071609053101,-0.0003041341211667989,-0.0003041341203627273,-0.0006081878336197762,0.001530868055093504,0.0003041341211667984
2,0.0031043000000006253,-6.091848561668495,0.0008033189154952325,-12.0,3.04712926724068,12.0,-0.0006176124411909067,-0.0003046325948325189,-0.0003046325940291995,-0.0006091848561668495,0.001531368731365668,0.0003046325948325185
2,0.003104500000000625,-6.101809167243972,0.0008025655172865243,-12.0,3.052108439923571,12.0,-0.0006166182202077541,-0.0003051305874406289,-0.0003051305866380629,-0.0006101809167243972,0.001531868463417518,0.0003051305874406285
2,0.003104700000000625,-6.111760137195088,0.0008018108633214283,-12.0,3.057082792910634,12.0,-0.0006156245005438654,-0.0003056280982047318,-0.0003056280974029205,-0.0006111760137195088,0.001532367251478373,0.0003056280982047313
2,0.003104900000000626,-6.121701455807877,0.0008010549547896595,-12.0,3.062052318346673,12.0,-0.0006146312847882807,-0.0003061251263391889,-0.0003061251255381334,-0.0006121701455807876,0.001532865095780156,0.0003061251263391883
2,0.0031051000000006258,-6.131633107383711,0.0008002977928809329,-12.0,3.067017008384155,12.0,-0.0006136385755312612,-0.0003066216710591279,-0.0003066216702588296,-0.0006131633107383711,0.001533361996558458,0.0003066216710591275
2,0.0031053000000006263,-6.141555076239189,0.0007995393787711969,-12.0,3.071976855183145,12.0,-0.0006126463753638733,-0.0003071177315804379,-0.000307117730780898,-0.0006141555076239189,0.001533857954052364,0.0003071177315804374
2,0.003105500000000626,-6.151467346706157,0.0007987797136519426,-12.0,3.076931850911353,12.0,-0.000611654686878349,-0.0003076133071197706,-0.0003076133063209905,-0.0006151467346706158,0.00153435296850396,0.0003076133071197701
2,0.003105700000000626,-6.161369903131845,0.0007980187987213228,-12.0,3.081881987744192,12.0,-0.0006106635126680027,-0.0003081083968945477,-0.0003081083960965283,-0.0006161369903131845,0.001534847040158827,0.0003081083968945471
2,0.003105900000000626,-6.171262729878803,0.0007972566351588384,-12.0,3.086827257864706,12.0,-0.000609672855327148,-0.0003086030001229553,-0.0003086029993256981,-0.0006171262729878803,0.00153534016926582,0.0003086030001229548
2,0.003106100000000626,-6.181145811324907,0.0007964932241608658,-12.0,3.091767653463627,12.0,-0.000608682717450959,-0.0003090971160239472,-0.0003090971152274534,-0.0006181145811324907,0.001535832356077071,0.0003090971160239466
2,0.003106300000000626,-6.191019131863458,0.000795728566927778,-12.0,3.096703166739407,12.0,-0.0006076931016358866,-0.0003095907438172485,-0.0003095907430215193,-0.0006191019131863458,0.001536323600848266,0.0003095907438172479
2,0.003106500000000627,-6.200882675903203,0.0007949626646555075,-12.0,3.101633789898211,12.0,-0.0006067040104791865,-0.0003100838827233561,-0.000310083881928393,-0.0006200882675903203,0.001536813903838197,0.0003100838827233556
2,0.003106700000000627,-6.210736427868281,0.0007941955185364336,-12.0,3.106559515153901,12.0,-0.000605715446579197,-0.0003105765319635369,-0.0003105765311693409,-0.0006210736427868281,0.001537303265309098,0.0003105765319635364
2,0.003106900000000627,-6.220580372198271,0.0007934271297731499,-12.0,3.111480334728067,12.0,-0.0006047274125352831,-0.00031106869075983,-0.0003110686899664022,-0.0006220580372198271,0.001537791685526257,0.0003110686907598294
2,0.003107100000000627,-6.230414493348309,0.0007926574995762437,-12.0,3.116396240850094,12.0,-0.0006037399109476427,-0.0003115603583350523,-0.0003115603575423943,-0.000623041449334831,0.001538279164758738,0.0003115603583350517
2,0.003107300000000627,-6.240238775789015,0.000791886629136318,-12.0,3.121307225757079,12.0,-0.0006027529444177226,-0.0003120515339127948,-0.0003120515331209075,-0.0006240238775789015,0.001538765703278211,0.0003120515339127942
2,0.003107500000000627,-6.250053204006497,0.0007911145196657365,-12.0,3.126213281693893,12.0,-0.0006017665155476082,-0.0003125422167174232,-0.0003125422159263082,-0.0006250053204006498,0.001539251301360511,0.0003125422167174227
2,0.003107700000000627,-6.259857762502506,0.0007903411723790832,-12.0,3.131114400913233,12.0,-0.0006007806269406613,-0.0003130324059740859,-0.0003130324051837443,-0.0006259857762502506,0.001539735959284028,0.0003130324059740854
2,0.0031079000000006273,-6.269652435794346,0.0007895665884722902,-12.0,3.136010575675547,12.0,-0.0005997952812010765,-0.0003135221009087081,-0.0003135221001191409,-0.0006269652435794347,0.001540219677331089,0.0003135221009087075
2,0.003108100000000627,-6.279437208414894,0.0007887907691608298,-12.0,3.140901798249096,12.0,-0.0005988104809338812,-0.0003140113007479941,-0.0003140112999592027,-0.0006279437208414894,0.001540702455786747,0.0003140113007479936
2,0.003108300000000628,-6.289212064912723,0.0007880137156655032,-12.0,3.145788060909997,12.0,-0.0005978262287454073,-0.0003145000047194337,-0.0003145000039314194,-0.0006289212064912724,0.001541184294939602,0.0003145000047194332
2,0.003108500000000628,-6.298976989852047,0.0007872354291889039,-12.0,3.150669355942161,12.0,-0.0005968425272424305,-0.0003149882120512977,-0.0003149882112640618,-0.0006298976989852047,0.001541665195081587,0.0003149882120512972
2,0.003108700000000628,-6.308731967812715,0.000786455910950945,-12.0,3.155545675637343,12.0,-0.0005958593790330591,-0.0003154759219726397,-0.0003154759211861833,-0.0006308731967812715,0.001542145156507913,0.0003154759219726392
2,0.0031089000000006283,-6.318476983390338,0.0007856751621750924,-12.0,3.160417012295183,12.0,-0.0005948767867261784,-0.0003159631337133013,-0.0003159631329276257,-0.0006318476983390339,0.00154262417951706,0.0003159631337133008
2,0.003109100000000628,-6.328212021196297,0.0007848931840817031,-12.0,3.165283358223203,12.0,-0.0005938947529315619,-0.0003164498465039127,-0.000316449845719019,-0.0006328212021196297,0.001543102264410789,0.0003164498465039121
2,0.003109300000000628,-6.337937065857627,0.0007841099778724825,-12.0,3.170144705736722,12.0,-0.0005929132802600656,-0.0003169360595758855,-0.000316936058791775,-0.0006337937065857628,0.001543579411493801,0.0003169360595758849
2,0.0031095000000006283,-6.347652102017175,0.0007833255447975418,-12.0,3.175001047159038,12.0,-0.0005919323713232116,-0.0003174217721614247,-0.0003174217713780987,-0.0006347652102017176,0.001544055621074736,0.0003174217721614241
2,0.003109700000000628,-6.357357114333699,0.0007825398860701327,-12.0,3.179852374821353,12.0,-0.0005909520287335768,-0.0003179069834935288,-0.0003179069827109885,-0.0006357357114333699,0.001544530893464846,0.0003179069834935283
2,0.003109900000000628,-6.367052087481631,0.0007817530029043951,-12.0,3.184698681062701,12.0,-0.0005899722551045983,-0.0003183916928059803,-0.0003183916920242268,-0.0006367052087481632,0.001545005228979435,0.0003183916928059797
2,0.003110100000000629,-6.376737006151319,0.0007809648965491078,-12.0,3.189539958230132,12.0,-0.0005889930530505738,-0.0003188758993333589,-0.0003188758985523934,-0.0006376737006151319,0.001545478627936081,0.0003188758993333583
2,0.003110300000000629,-6.386411855049055,0.0007801755682255163,-12.0,3.194376198678622,12.0,-0.0005880144251868558,-0.0003193596023110403,-0.000319359601530864,-0.0006386411855049056,0.001545951090656417,0.0003193596023110397
2,0.0031105000000006293,-6.396076618896966,0.0007793850191610829,-12.0,3.199207394771074,12.0,-0.0005870363741292961,-0.0003198428009751918,-0.0003198428001958063,-0.0006396076618896966,0.001546422617465071,0.0003198428009751913
2,0.003110700000000629,-6.405731282433075,0.0007785932505903759,-12.0,3.204033538878356,12.0,-0.0005860589024949958,-0.0003203254945627772,-0.0003203254937841833,-0.0006405731282433075,0.001546893208689781,0.0003203254945627766
2,0.003110900000000629,-6.415375830411428,0.0007778002637581771,-12.0,3.208854623379354,12.0,-0.0005850820129016943,-0.0003208076823115602,-0.0003208076815337593,-0.0006415375830411428,0.001547362864661728,0.0003208076823115596
2,0.003111100000000629,-6.425010247602025,0.0007770060598883965,-12.0,3.213670640660906,12.0,-0.000584105707968019,-0.0003212893634601023,-0.0003212893626830957,-0.0006425010247602025,0.001547831585715309,0.0003212893634601017
2,0.003111300000000629,-6.434634518790813,0.0007762106402227076,-12.0,3.218481583117847,12.0,-0.0005831299903135967,-0.000321770537247763,-0.0003217705364715518,-0.0006434634518790813,0.001548299372187867,0.0003217705372477624
2,0.003111500000000629,-6.444248628779832,0.000775414006009445,-12.0,3.223287443153071,12.0,-0.0005821548625585815,-0.0003222512029147068,-0.000322251202139292,-0.0006444248628779833,0.001548766224420683,0.0003222512029147062
2,0.003111700000000629,-6.453852562387153,0.0007746161584782918,-12.0,3.228088213177456,12.0,-0.000581180327324321,-0.0003227313597018984,-0.0003227313589272816,-0.0006453852562387153,0.00154923214275754,0.0003227313597018978
2,0.00311190000000063,-6.463446304446858,0.0007738170988775828,-12.0,3.232883885609916,12.0,-0.0005802063872326624,-0.0003232110068511045,-0.0003232110060772868,-0.0006463446304446858,0.00154969712754599,0.0003232110068511038
2,0.00311210000000063,-6.473029839809184,0.0007730168284556527,-12.0,3.237674452877444,12.0,-0.0005792330449065075,-0.0003236901436048994,-0.000323690142831882,-0.0006473029839809184,0.001550161179136422,0.0003236901436048988
2,0.00311230000000063,-6.482603153340524,0.0007722153484608363,-12.0,3.242459907415106,12.0,-0.0005782603029693967,-0.0003241687692066652,-0.0003241687684344492,-0.0006482603153340524,0.001550624297882552,0.0003241687692066645
2,0.00311250000000063,-6.492166229923305,0.0007714126601237048,-12.0,3.247240241665965,12.0,-0.0005772881640458416,-0.0003246468829005847,-0.0003246468821291715,-0.0006492166229923306,0.001551086484141428,0.0003246468829005841
2,0.00311270000000063,-6.501719054456162,0.000770608764717462,-12.0,3.252015448081245,12.0,-0.0005763166307609924,-0.0003251244839316533,-0.000325124483161044,-0.0006501719054456162,0.001551547738273429,0.0003251244839316527
2,0.0031129000000006297,-6.511261611854008,0.0007698036634864458,-12.0,3.256785519120271,12.0,-0.0005753457057407485,-0.0003256015715456791,-0.0003256015707758748,-0.0006511261611854008,0.001552008060642041,0.0003256015715456784
2,0.0031131000000006303,-6.520793887047839,0.0007689973576678888,-12.0,3.261550447250396,12.0,-0.0005743753916120642,-0.0003260781449892734,-0.0003260781442202754,-0.0006520793887047839,0.001552467451613693,0.0003260781449892728
2,0.00311330000000063,-6.53031586498493,0.0007681898485407679,-12.0,3.266310224947175,12.0,-0.0005734056910024765,-0.0003265542035098641,-0.0003265542027416736,-0.000653031586498493,0.00155292591155809,0.0003265542035098634
2,0.00311350000000063,-6.539827530628895,0.000767381137348977,-12.0,3.271064844694282,12.0,-0.0005724366065401887,-0.000327029746355694,-0.0003270297455883122,-0.0006539827530628896,0.001553383440848655,0.0003270297463556933
2,0.003113700000000631,-6.54932886895955,0.0007665712253501766,-12.0,3.275814298983512,12.0,-0.0005714681408543476,-0.0003275047727758168,-0.000327504772009245,-0.000654932886895955,0.001553840039861587,0.0003275047727758162
2,0.0031139000000006307,-6.55881986497301,0.0007657601138046921,-12.0,3.280558580314814,12.0,-0.0005705002965747663,-0.0003279792820201016,-0.0003279792812543407,-0.000655881986497301,0.001554295708976194,0.0003279792820201009
2,0.0031141000000006313,-6.568300503681788,0.0007649478039821744,-12.0,3.285297681196345,12.0,-0.000569533076332035,-0.000328453273339237,-0.0003284532725742885,-0.0006568300503681788,0.001554750448575282,0.0003284532733392364
2,0.003114300000000631,-6.577770770114731,0.0007641342971327347,-12.0,3.290031594144407,12.0,-0.0005685664827574932,-0.0003289267459847281,-0.0003289267452205932,-0.0006577770770114732,0.001555204259044596,0.0003289267459847275
2,0.003114500000000631,-6.587230649317011,0.0007633195945269122,-12.0,3.294760311683492,12.0,-0.0005676005184830357,-0.0003293996992088972,-0.0003293996984455769,-0.0006587230649317011,0.00155565714077327,0.0003293996992088965
2,0.003114700000000631,-6.596680126350281,0.0007625036974374666,-12.0,3.299483826346334,12.0,-0.0005666351861416119,-0.0003298721322648904,-0.000329872131502386,-0.0006596680126350282,0.001556109094153435,0.0003298721322648897
2,0.003114900000000631,-6.606119186292603,0.000761686607119838,-12.0,3.304202130673848,12.0,-0.0005656704883665598,-0.0003303440444066734,-0.0003303440436449862,-0.0006606119186292603,0.001556560119580497,0.0003303440444066728
2,0.003115100000000631,-6.615547814238427,0.0007608683248498949,-12.0,3.308915217215172,12.0,-0.0005647064277920222,-0.0003308154348890329,-0.0003308154341281638,-0.0006615547814238428,0.001557010217453025,0.0003308154348890322
2,0.003115300000000631,-6.624965995298763,0.0007600488519039494,-12.0,3.313623078527726,12.0,-0.000563743007053058,-0.000331286302967583,-0.0003312863022075334,-0.0006624965995298763,0.001557459388172588,0.0003312863029675823
2,0.003115500000000632,-6.634373714601073,0.0007592281895405506,-12.0,3.318325707177129,12.0,-0.0005627802287850592,-0.0003317566478987595,-0.0003317566471395307,-0.0006634373714601073,0.001557907632144362,0.0003317566478987589
2,0.003115700000000632,-6.643770957289347,0.0007584063390515539,-12.0,3.323023095737314,12.0,-0.0005618180956243612,-0.000332226468939827,-0.00033222646818142,-0.0006643770957289347,0.001558354949776297,0.0003322264689398263
2,0.003115900000000632,-6.653157708524123,0.0007575833016950639,-12.0,3.327715236790437,12.0,-0.0005608566102077717,-0.000332695765348875,-0.0003326957645912909,-0.0006653157708524124,0.001558801341479565,0.0003326957653488743
2,0.003116100000000632,-6.662533953482513,0.0007567590787642686,-12.0,3.332402122926994,12.0,-0.0005598957751730693,-0.0003331645363848236,-0.0003331645356280639,-0.0006662533953482513,0.001559246807668502,0.0003331645363848229
2,0.003116300000000632,-6.671899677358224,0.0007559336715257103,-12.0,3.337083746745737,12.0,-0.0005589355931583107,-0.0003336327813074218,-0.0003336327805514875,-0.0006671899677358224,0.001559691348760772,0.0003336327813074211
2,0.003116500000000632,-6.68125486536153,0.0007551070812628069,-12.0,3.341760100853731,12.0,-0.0005579760668025513,-0.0003341004993772474,-0.0003341004986221397,-0.000668125486536153,0.001560134965176818,0.0003341004993772468
2,0.0031167000000006323,-6.690599502719413,0.0007542793092674138,-12.0,3.346431177866401,12.0,-0.0005570171987452632,-0.0003345676898557141,-0.000334567689101434,-0.0006690599502719413,0.001560577657340578,0.0003345676898557133
2,0.003116900000000632,-6.699933574675495,0.0007534503568091822,-12.0,3.351096970407465,12.0,-0.0005560589916266123,-0.0003350343520050663,-0.0003350343512516153,-0.0006699933574675496,0.0015610194256791,0.0003350343520050656
2,0.003117100000000633,-6.709257066490035,0.0007526202251790792,-12.0,3.355757471108988,12.0,-0.0005551014480874306,-0.0003355004850883817,-0.0003355004843357607,-0.0006709257066490035,0.001561460270622317,0.0003355004850883809
2,0.003117300000000633,-6.718569963440068,0.0007517889156689606,-12.0,3.360412672611428,12.0,-0.0005541445707691883,-0.0003359660883695766,-0.0003359660876177869,-0.0006718569963440068,0.001561900192603549,0.0003359660883695759
2,0.003117500000000633,-6.727872250819341,0.0007509564295586912,-12.0,3.365062567563573,12.0,-0.0005531883623138834,-0.0003364311611134022,-0.000336431160362445,-0.0006727872250819341,0.001562339192058726,0.0003364311611134015
2,0.0031177000000006333,-6.737163913938313,0.0007501227681392386,-12.0,3.369707148622593,12.0,-0.0005522328253642073,-0.0003368957025854462,-0.0003368957018353226,-0.0006737163913938314,0.001562777269427718,0.0003368957025854454
2,0.003117900000000633,-6.746444938124283,0.0007492879327095636,-12.0,3.374346408454085,12.0,-0.0005512779625633513,-0.0003373597120521383,-0.0003373597113028496,-0.0006746444938124283,0.001563214425152892,0.0003373597120521376
2,0.003118100000000633,-6.755715308721309,0.0007484519245504195,-12.0,3.378980339731999,12.0,-0.0005503237765552005,-0.0003378231887807456,-0.000337823188032293,-0.000675571530872131,0.001563650659679838,0.0003378231887807449
2,0.0031183000000006332,-6.764975011090296,0.0007476147449714254,-12.0,3.383608935138752,12.0,-0.0005493702699841396,-0.0003382861320393789,-0.0003382861312917634,-0.0006764975011090296,0.001564085973457696,0.0003382861320393781
2,0.003118500000000633,-6.774224030609003,0.0007467763952537787,-12.0,3.388232187365146,12.0,-0.0005484174454952195,-0.00033874854109699,-0.0003387485403502129,-0.0006774224030609003,0.001564520366937716,0.0003387485410969892
2,0.003118700000000633,-6.783462352672005,0.0007459368766991048,-12.0,3.39285008911042,12.0,-0.0005474653057339351,-0.0003392104152233729,-0.0003392104144774352,-0.0006783462352672005,0.001564953840575367,0.0003392104152233721
2,0.003118900000000634,-6.792689962690845,0.0007450961906148024,-12.0,3.397462633082306,12.0,-0.0005465138533464475,-0.0003396717536891699,-0.000339671752944073,-0.0006792689962690846,0.001565386394828505,0.0003396717536891692
2,0.003119100000000634,-6.801906846093952,0.0007442543382891742,-12.0,3.402069811996953,12.0,-0.0005455630909793063,-0.0003401325557658671,-0.0003401325550216121,-0.0006801906846093952,0.001565818030158317,0.0003401325557658664
2,0.0031193000000006342,-6.811112988326651,0.0007434113210291748,-12.0,3.406671618578983,12.0,-0.0005446130212799216,-0.0003405928207257961,-0.000340592819982384,-0.0006811112988326652,0.001566248747028876,0.0003405928207257954
2,0.003119500000000634,-6.820308374851309,0.0007425671401439793,-12.0,3.411268045561542,12.0,-0.00054366364689587,-0.0003410525478421407,-0.0003410525470995727,-0.000682030837485131,0.001566678545907585,0.0003410525478421399
2,0.003119700000000634,-6.829492991147228,0.0007417217969245549,-12.0,3.415859085686219,12.0,-0.0005427149704754219,-0.0003415117363889302,-0.0003415117356472077,-0.0006829492991147228,0.001567107427265013,0.0003415117363889295
2,0.003119900000000634,-6.838666822710732,0.0007408752926942874,-12.0,3.420444731703161,12.0,-0.0005417669946674308,-0.0003419703856410475,-0.0003419703849001714,-0.0006838666822710733,0.001567535391574115,0.0003419703856410466
2,0.003120100000000634,-6.847829855055191,0.0007400276287463647,-12.0,3.425024976370992,12.0,-0.0005408197221209998,-0.0003424284948742252,-0.0003424284941341969,-0.0006847829855055191,0.00156796243931201,0.0003424284948742245
2,0.003120300000000634,-6.856982073710976,0.000739178806395735,-12.0,3.429599812456869,12.0,-0.000539873155486148,-0.0003428860633650482,-0.0003428860626258686,-0.0006856982073710977,0.001568388570957591,0.0003428860633650474
2,0.003120500000000634,-6.866123464225601,0.0007383288269586785,-12.0,3.434169232736528,12.0,-0.0005389272974130332,-0.0003433430903909578,-0.000343343089652628,-0.0006866123464225601,0.001568813786993861,0.0003433430903909569
2,0.003120700000000635,-6.875254012163646,0.0007374776917354886,-12.0,3.438733229994203,12.0,-0.000537982150552424,-0.0003437995752302477,-0.0003437995744927691,-0.0006875254012163646,0.001569238087906488,0.0003437995752302468
2,0.003120900000000635,-6.884373703106822,0.000736625402054436,-12.0,3.443291797022747,12.0,-0.0005370377175555885,-0.0003442555171620701,-0.0003442555164254438,-0.0006884373703106822,0.00156966147418397,0.0003442555171620693
2,0.003121100000000635,-6.893482522654003,0.0007357719592158141,-12.0,3.447844926623546,12.0,-0.0005360940010741277,-0.0003447109154664338,-0.000344710914730661,-0.0006893482522654004,0.00157008394631819,0.000344710915466433
2,0.003121300000000635,-6.902580456421173,0.0007349173645425644,-12.0,3.452392611606574,12.0,-0.0005351510037602814,-0.000345165769424204,-0.0003451657686892858,-0.0006902580456421174,0.001570505504803865,0.0003451657694242032
2,0.003121500000000635,-6.911667490041575,0.0007340616193598493,-12.0,3.456934844790443,12.0,-0.0005342087282665109,-0.0003456200783171091,-0.0003456200775830467,-0.0006911667490041575,0.001570926150138818,0.0003456200783171084
2,0.0031217000000006347,-6.92074360916565,0.0007332047249741791,-12.0,3.461471619002334,12.0,-0.0005332671772461384,-0.0003460738414277367,-0.0003460738406945313,-0.0006920743609165651,0.001571345882823871,0.000346073841427736
2,0.0031219000000006353,-6.92980879946102,0.0007323466827124925,-12.0,3.466002927078046,12.0,-0.000532326353352347,-0.0003465270580395342,-0.0003465270573071866,-0.000692980879946102,0.001571764703362732,0.0003465270580395334
2,0.003122100000000635,-6.938863046612646,0.0007314874939035043,-12.0,3.470528761862052,12.0,-0.0005313862592392915,-0.0003469797274368158,-0.0003469797267053275,-0.0006938863046612646,0.001572182612262385,0.0003469797274368149
2,0.003122300000000635,-6.947906336322739,0.000730627159858166,-12.0,3.475049116207429,12.0,-0.0005304468975610432,-0.0003474318489047579,-0.0003474318481741299,-0.000694790633632274,0.001572599610032643,0.0003474318489047571
2,0.003122500000000636,-6.956938654310776,0.000729765681908745,-12.0,3.479563982975908,12.0,-0.0005295082709724508,-0.0003478834217294008,-0.0003478834209996342,-0.0006956938654310777,0.001573015697186431,0.0003478834217293999
2,0.0031227000000006357,-6.965959986313609,0.0007289030613826242,-12.0,3.484073355037909,12.0,-0.0005285703821286403,-0.0003483344451976534,-0.0003483344444687496,-0.0006965959986313609,0.001573430874239501,0.0003483344451976526
2,0.0031229000000006363,-6.974970318085465,0.0007280392996125151,-12.0,3.488577225272544,12.0,-0.0005276332336850986,-0.000348784918597294,-0.0003487849178692539,-0.0006974970318085466,0.001573845141710661,0.0003487849185972932
2,0.003123100000000636,-6.983969635397865,0.0007271743979075929,-12.0,3.493075586567538,12.0,-0.0005266968282976181,-0.0003492348412169638,-0.0003492348404897887,-0.0006983969635397866,0.001574258500121994,0.000349234841216963
2,0.003123300000000636,-6.99295792403974,0.0007263083576223295,-12.0,3.497568431819388,12.0,-0.0005257611686226848,-0.0003496842123461773,-0.0003496842116198682,-0.0006992957924039741,0.001574670949997858,0.0003496842123461766
2,0.003123500000000636,-7.001935169817517,0.0007254411800805549,-12.0,3.502055753933291,12.0,-0.000524826257316674,-0.000350133031275322,-0.0003501330305498799,-0.0007001935169817518,0.001575082491866497,0.0003501330312753211
2,0.003123700000000636,-7.010901358554999,0.0007245728666087636,-12.0,3.506537545823141,12.0,-0.00052389209703671,-0.0003505812972956541,-0.0003505812965710803,-0.0007010901358554999,0.00157549312625832,0.0003505812972956532
2,0.003123900000000636,-7.019856476093422,0.0007237034185458846,-12.0,3.511013800411564,12.0,-0.0005229586904400563,-0.0003510290096993028,-0.0003510290089755985,-0.0007019856476093423,0.001575902853707345,0.0003510290096993018
2,0.003124100000000636,-7.028800508291573,0.0007228328372361759,-12.0,3.515484510629969,12.0,-0.0005220260401843646,-0.0003514761677792741,-0.0003514761670564404,-0.0007028800508291573,0.001576311674750086,0.0003514761677792733
2,0.003124300000000637,-7.037733441025718,0.0007219611240052437,-12.0,3.519949669418479,12.0,-0.0005210941489275922,-0.0003519227708294482,-0.0003519227701074862,-0.0007037733441025718,0.001576719589926112,0.0003519227708294474
2,0.003124500000000637,-7.046655260189625,0.0007210882801969021,-12.0,3.52440926972599,12.0,-0.0005201630193281681,-0.0003523688181445802,-0.0003523688174234911,-0.0007046655260189625,0.001577126599777934,0.0003523688181445793
2,0.003124700000000637,-7.055565951694658,0.0007202143071558531,-12.0,3.528863304510206,12.0,-0.0005192326540445213,-0.0003528143090203059,-0.0003528143083000907,-0.0007055565951694658,0.001577532704851337,0.0003528143090203051
2,0.003124900000000637,-7.064465501469742,0.0007193392062165849,-12.0,3.533311766737588,12.0,-0.0005183030557356361,-0.0003532592427531379,-0.0003532592420337979,-0.0007064465501469742,0.001577937905694715,0.0003532592427531372
2,0.003125100000000637,-7.073353895461357,0.0007184629787233554,-12.0,3.537754649383393,12.0,-0.0005173742270607185,-0.0003537036186404679,-0.0003537036179220041,-0.0007073353895461357,0.001578342202859184,0.000353703618640467
2,0.0031253000000006368,-7.082231119633642,0.0007175856260261959,-12.0,3.542191945431717,12.0,-0.0005164461706792522,-0.0003541474359805699,-0.0003541474352629834,-0.0007082231119633643,0.001578745596899411,0.0003541474359805691
2,0.0031255000000006373,-7.091097159968413,0.000716707149472029,-12.0,3.546623647875487,12.0,-0.0005155188892510543,-0.0003545906940726024,-0.0003545906933558943,-0.0007091097159968413,0.00157914808837234,0.0003545906940726015
2,0.003125700000000637,-7.099952002465062,0.0007158275503891254,-12.0,3.551049749716391,12.0,-0.0005145923854359968,-0.0003550333922166011,-0.0003550333915007726,-0.0007099952002465063,0.001579549677838354,0.0003550333922166002
2,0.003125900000000638,-7.108795633140685,0.0007149468301492767,-12.0,3.555470243965035,12.0,-0.0005136666618944519,-0.0003554755297134894,-0.0003554755289985418,-0.0007108795633140685,0.001579950365860339,0.0003554755297134885
2,0.003126100000000638,-7.117628038030176,0.0007140649900940765,-12.0,3.559885123640879,12.0,-0.0005127417212868746,-0.0003559171058650795,-0.0003559171051510135,-0.0007117628038030176,0.001580350153004173,0.0003559171058650786
2,0.0031263000000006378,-7.126449203186027,0.0007131820315615656,-12.0,3.564294381772177,12.0,-0.0005118175662740532,-0.0003563581199740625,-0.0003563581192608795,-0.0007126449203186027,0.001580749039838847,0.0003563581199740616
2,0.0031265000000006383,-7.135259114678536,0.0007122979559239795,-12.0,3.568698011396133,12.0,-0.0005108941995169702,-0.0003567985713440219,-0.000356798570631723,-0.0007135259114678537,0.001581147026935958,0.0003567985713440209
2,0.003126700000000638,-7.14405775859584,0.0007114127645277968,-12.0,3.57309600555884,12.0,-0.0005099716236768581,-0.0003572384592794322,-0.0003572384585680184,-0.000714405775859584,0.001581544114870381,0.0003572384592794312
2,0.003126900000000638,-7.152845121043751,0.0007105264587154991,-12.0,3.577488357315214,12.0,-0.0005090498414151157,-0.0003576777830856508,-0.0003576777823751233,-0.0007152845121043751,0.001581940304219209,0.0003576777830856499
2,0.0031271000000006382,-7.161621188145949,0.0007096390398619867,-12.0,3.581875059729158,12.0,-0.0005081288553932528,-0.0003581165420689305,-0.0003581165413592905,-0.0007161621188145949,0.001582335595563256,0.0003581165420689296
2,0.003127300000000638,-7.17038594604401,0.0007087505093150703,-12.0,3.586256105873482,12.0,-0.000507208668273168,-0.0003585547355364177,-0.0003585547348276663,-0.000717038594604401,0.001582729989485387,0.0003585547355364167
2,0.003127500000000638,-7.179139380897294,0.0007078608684318866,-12.0,3.590631488829904,12.0,-0.000506289282716732,-0.0003589923627961482,-0.0003589923620882863,-0.0007179139380897294,0.001583123486571913,0.0003589923627961472
2,0.003127700000000639,-7.187881478883048,0.0007069701185731248,-12.0,3.595001201689085,12.0,-0.0005053707013862041,-0.0003594294231570521,-0.0003594294224500811,-0.0007187881478883048,0.001583516087411585,0.0003594294231570512
2,0.003127900000000639,-7.196612226196463,0.0007060782611074679,-12.0,3.599365237550675,12.0,-0.0005044529269438436,-0.0003598659159289576,-0.0003598659152228786,-0.0007196612226196464,0.001583907792596206,0.0003598659159289568
2,0.0031281000000006392,-7.205331609050642,0.0007051852973876116,-12.0,3.603723589523256,12.0,-0.0005035359620520485,-0.0003603018404225877,-0.0003603018397174015,-0.0007205331609050642,0.001584298602720691,0.0003603018404225868
2,0.003128300000000639,-7.214039613676595,0.0007042912287800185,-12.0,3.608076250724381,12.0,-0.0005026198093734946,-0.000360737195949561,-0.0003607371952452688,-0.0007214039613676595,0.001584688518382282,0.0003607371959495601
2,0.003128500000000639,-7.222736226323371,0.0007033960566555919,-12.0,3.612423214280629,12.0,-0.0005017044715708296,-0.0003611719818223983,-0.0003611719811190013,-0.0007222736226323371,0.001585077540181168,0.0003611719818223973
2,0.003128700000000639,-7.23142143325797,0.0007024997823710244,-12.0,3.61676447332754,12.0,-0.0005007899513070346,-0.0003616061973545179,-0.0003616061966520171,-0.0007231421433257971,0.001585465668720532,0.0003616061973545169
2,0.003128900000000639,-7.240095220765376,0.0007016024072976634,-12.0,3.621100021009658,12.0,-0.0004998762512449517,-0.000362039841860237,-0.0003620398411586337,-0.0007240095220765377,0.001585852904606444,0.0003620398418602361
2,0.0031291000000006394,-7.248757575148657,0.0007007039328064124,-12.0,3.625429850480578,12.0,-0.0004989633740477284,-0.000362472914654778,-0.0003624729139540732,-0.0007248757575148658,0.001586239248447474,0.0003624729146547771
2,0.003129300000000639,-7.257408482728961,0.0006998043602703952,-12.0,3.62975395490293,12.0,-0.0004980513223784289,-0.0003629054150542669,-0.0003629054143544616,-0.0007257408482728962,0.001586624700855188,0.0003629054150542659
2,0.00312950000000064,-7.266047929845425,0.0006989036910431956,-12.0,3.634072327448314,12.0,-0.0004971400989004504,-0.0003633373423757281,-0.0003633373416768234,-0.0007266047929845426,0.001587009262443928,0.000363337342375727
2,0.00312970000000064,-7.274675902855319,0.0006980019265179216,-12.0,3.638384961297455,12.0,-0.0004962297062769405,-0.0003637686959370948,-0.0003637686952390919,-0.0007274675902855319,0.001587392933830978,0.0003637686959370938
2,0.00312990000000064,-7.283292388134099,0.0006970990680583711,-12.0,3.642691849640128,12.0,-0.0004953201471713797,-0.000364199475057208,-0.0003641994743601079,-0.00072832923881341,0.001587775715635953,0.000364199475057207
2,0.0031301000000006404,-7.291897372075299,0.000696195117038112,-12.0,3.646992985675157,12.0,-0.0004944114242472486,-0.0003646296790558129,-0.0003646296783596169,-0.0007291897372075299,0.001588157608481522,0.0003646296790558119
2,0.00313030000000064,-7.300490841090596,0.0006952900748329327,-12.0,3.651288362610448,12.0,-0.0004935035401679444,-0.0003650593072535626,-0.0003650593065582715,-0.0007300490841090596,0.001588538612993406,0.0003650593072535615
2,0.00313050000000064,-7.309072781609919,0.0006943839428270593,-12.0,3.655577973663039,12.0,-0.0004925964975970032,-0.0003654883589720222,-0.0003654883582776373,-0.0007309072781609919,0.001588918729799549,0.0003654883589720212
2,0.0031307000000006403,-7.317643180081376,0.0006934767223869542,-12.0,3.659861812059036,12.0,-0.0004916902991979888,-0.0003659168335336658,-0.0003659168328401882,-0.0007317643180081376,0.001589297959531055,0.0003659168335336649
2,0.00313090000000064,-7.32620202297126,0.0006925684148990641,-12.0,3.664139871033662,12.0,-0.0004907849476344373,-0.0003663447302618774,-0.000366344729569308,-0.000732620202297126,0.001589676302821585,0.0003663447302618763
2,0.00313110000000064,-7.334749296764182,0.0006916590217467267,-12.0,3.668412143831302,12.0,-0.0004898804455699401,-0.0003667720484809565,-0.0003667720477892965,-0.0007334749296764182,0.00159005376030763,0.0003667720484809555
2,0.003131300000000641,-7.343284987963001,0.0006907485443048422,-12.0,3.672678623705442,12.0,-0.000488976795667978,-0.0003671987875161148,-0.0003671987868253653,-0.0007343284987963001,0.001590430332628401,0.0003671987875161137
2,0.003131500000000641,-7.351809083088829,0.0006898369839540841,-12.0,3.676939303918715,12.0,-0.0004880740005920869,-0.0003676249466934771,-0.0003676249460036392,-0.0007351809083088829,0.001590806020425606,0.0003676249466934762
2,0.0031317000000006413,-7.360321568681142,0.000688924342091557,-12.0,3.681194177742952,12.0,-0.0004871720630058862,-0.000368050525340087,-0.0003680505246511617,-0.0007360321568681143,0.001591180824344229,0.000368050525340086
2,0.003131900000000641,-7.368822431297731,0.0006880106200846114,-12.0,3.685443238459099,12.0,-0.0004862709855727454,-0.0003684755227839024,-0.0003684755220958908,-0.000736882243129773,0.001591554745031254,0.0003684755227839015
2,0.003132100000000641,-7.377311657514745,0.0006870958193374577,-12.0,3.689686479357336,12.0,-0.0004853707709561728,-0.0003688999383538009,-0.0003688999376667041,-0.0007377311657514745,0.001591927783136993,0.0003688999383537999
2,0.003132300000000641,-7.385789233926721,0.0006861799412214431,-12.0,3.693923893736993,12.0,-0.0004844714218195101,-0.0003693237713795782,-0.0003693237706933972,-0.0007385789233926722,0.001592299939314035,0.0003693237713795771
2,0.003132500000000641,-7.394255147146549,0.000685262987131896,-12.0,3.698155474906602,12.0,-0.0004835729408260436,-0.000369747021191948,-0.000369747020506684,-0.0007394255147146548,0.001592671214217856,0.000369747021191947
2,0.003132700000000641,-7.4027093838056,0.0006843449584623684,-12.0,3.702381216183944,12.0,-0.0004826753306390041,-0.0003701696871225491,-0.0003701696864382031,-0.00074027093838056,0.001593041608506707,0.0003701696871225481
2,0.003132900000000641,-7.411151930553649,0.0006834258565926454,-12.0,3.706601110895972,12.0,-0.0004817785939215391,-0.000370591768503939,-0.0003705917678205121,-0.0007411151930553649,0.001593411122841226,0.0003705917685039379
2,0.003133100000000642,-7.419582774058942,0.0006825056829273812,-12.0,3.710815152378919,12.0,-0.000480882733336685,-0.0003710132646696002,-0.0003710132639870935,-0.0007419582774058943,0.001593779757885105,0.0003710132646695992
2,0.003133300000000642,-7.428001901008228,0.0006815844388476933,-12.0,3.715023333978229,12.0,-0.0004799877515473949,-0.0003714341749539393,-0.0003714341742723538,-0.0007428001901008228,0.001594147514304367,0.0003714341749539382
2,0.003133500000000642,-7.436409298106696,0.0006806621257506862,-12.0,3.719225649048596,12.0,-0.0004790936512164279,-0.0003718544986922856,-0.0003718544980116224,-0.0007436409298106696,0.001594514392767754,0.0003718544986922845
2,0.003133700000000642,-7.444804952078135,0.0006797387450383496,-12.0,3.723422090954013,12.0,-0.0004782004350065427,-0.0003722742352208984,-0.0003722742345411587,-0.0007444804952078135,0.00159488039394684,0.0003722742352208974
2,0.003133900000000642,-7.453188849664856,0.0006788142980962419,-12.0,3.727612653067715,12.0,-0.0004773081055802486,-0.000372693383876963,-0.0003726933831981476,-0.0007453188849664856,0.001595245518515587,0.0003726933838769619
2,0.0031341000000006418,-7.46156097762769,0.0006778887863250205,-12.0,3.73179732877222,12.0,-0.0004764166655999158,-0.0003731119439985906,-0.0003731119433207008,-0.0007461560977627691,0.001595609767150785,0.0003731119439985896
2,0.0031343000000006423,-7.469921322746126,0.0006769622111297835,-12.0,3.735976111459379,12.0,-0.0004755261177277759,-0.0003735299149248261,-0.0003735299142478628,-0.0007469921322746126,0.001595973140531892,0.000373529914924825
2,0.003134500000000642,-7.478269871818224,0.000676034573894313,-12.0,3.740148994530299,12.0,-0.0004746364646259493,-0.0003739472959956415,-0.0003739472953196059,-0.0007478269871818224,0.00159633563934064,0.0003739472959956405
2,0.003134700000000642,-7.486606611660679,0.0006751058760352535,-12.0,3.744315971395451,12.0,-0.0004737477089562514,-0.0003743640865519427,-0.0003743640858768357,-0.0007486606611660679,0.001596697264261704,0.0003743640865519416
2,0.003134900000000643,-7.494931529108847,0.0006741761189426043,-12.0,3.748477035474599,12.0,-0.0004728598533803863,-0.0003747802859355667,-0.0003747802852613895,-0.0007494931529108847,0.001597058015982589,0.0003747802859355656
2,0.0031351000000006428,-7.503244611016719,0.0006732453040201314,-12.0,3.752632180196843,12.0,-0.0004719729005598639,-0.0003751958934892834,-0.000375195892816037,-0.000750324461101672,0.001597417895192632,0.0003751958934892823
2,0.0031353000000006433,-7.511545844257029,0.0006723134326773739,-12.0,3.756781399000664,12.0,-0.0004710868531559442,-0.0003756109085567998,-0.0003756109078844853,-0.0007511545844257029,0.001597776902584336,0.0003756109085567987
2,0.003135500000000643,-7.519835215721203,0.000671380506309216,-12.0,3.760924685333871,12.0,-0.00047020171382961,-0.0003760253304827573,-0.0003760253298113757,-0.0007519835215721204,0.00159813503885281,0.0003760253304827562
2,0.003135700000000643,-7.528112712319363,0.0006704465263247528,-12.0,3.765062032653634,12.0,-0.0004693174852417048,-0.000376439158612732,-0.0003764391579422844,-0.0007528112712319363,0.001598492304695442,0.0003764391586127309
2,0.003135900000000643,-7.536378320980448,0.0006695114941361879,-12.0,3.769193434426543,12.0,-0.0004684341700528227,-0.0003768523922932417,-0.0003768523916237292,-0.0007536378320980448,0.001598848700812394,0.0003768523922932407
2,0.003136100000000643,-7.544632028652145,0.0006685754111410702,-12.0,3.773318884128537,12.0,-0.0004675517709231691,-0.0003772650308717408,-0.0003772650302031643,-0.0007544632028652145,0.001599204227906326,0.0003772650308717396
2,0.003136300000000643,-7.5528738223009,0.000667638278749827,-12.0,3.777438375244957,12.0,-0.0004666702905128939,-0.0003776770736966218,-0.0003776770730289825,-0.00075528738223009,0.00159955888668234,0.0003776770736966207
2,0.003136500000000644,-7.56110368891202,0.0006667000983768823,-12.0,3.781551901270576,12.0,-0.000465789731481675,-0.0003780885201172212,-0.0003780885194505198,-0.000756110368891202,0.001599912677848092,0.00037808852011722
2,0.003136700000000644,-7.569321615489669,0.0006657608714286667,-12.0,3.785659455709587,12.0,-0.000464910096488913,-0.0003784993694838169,-0.0003784993688180549,-0.000756932161548967,0.001600265602114181,0.0003784993694838159
2,0.003136900000000644,-7.577527589056825,0.000664820599312943,-12.0,3.789761032075587,12.0,-0.0004640313881938418,-0.0003789096211476285,-0.0003789096204828069,-0.0007577527589056825,0.00160061766019326,0.0003789096211476274
2,0.003137100000000644,-7.585721596655322,0.0006638792834436913,-12.0,3.793856623891619,12.0,-0.0004631536092553623,-0.0003793192744608188,-0.0003793192737969383,-0.0007585721596655322,0.001600968852800477,0.0003793192744608175
2,0.003137300000000644,-7.593903625345952,0.0006629369252402206,-12.0,3.797946224690205,12.0,-0.0004622767623317925,-0.0003797283287764976,-0.0003797283281135596,-0.0007593903625345952,0.001601319180653982,0.0003797283287764965
2,0.003137500000000644,-7.602073662208405,0.0006619935261054088,-12.0,3.802029828013296,12.0,-0.0004614008500814781,-0.0003801367834487203,-0.0003801367827867256,-0.0007602073662208406,0.001601668644473919,0.0003801367834487191
2,0.003137700000000644,-7.610231694341271,0.0006610490874585651,-12.0,3.806107427412315,12.0,-0.0004605258751621821,-0.0003805446378324868,-0.0003805446371714365,-0.0007610231694341272,0.001602017244982989,0.0003805446378324856
2,0.0031379000000006443,-7.618377708862161,0.0006601036107203306,-12.0,3.810179016448197,12.0,-0.0004596518402314453,-0.0003809518912837488,-0.000380951890623644,-0.0007618377708862161,0.001602364982906834,0.0003809518912837477
2,0.003138100000000644,-7.626511692907632,0.0006591570972993566,-12.0,3.814244588691336,12.0,-0.0004587787479462813,-0.0003813585431594048,-0.0003813585425002466,-0.0007626511692907633,0.001602711858972983,0.0003813585431594037
2,0.003138300000000645,-7.63463363363322,0.000658209548615396,-12.0,3.818304137721628,12.0,-0.0004579066009635091,-0.0003817645928173024,-0.0003817645921590918,-0.000763463363363322,0.00160305787391174,0.0003817645928173013
2,0.003138500000000645,-7.64274351821353,0.0006572609660926432,-12.0,3.822357657128514,12.0,-0.0004570354019394485,-0.0003821700396162432,-0.0003821700389589812,-0.0007642743518213531,0.001603403028455852,0.0003821700396162421
2,0.003138700000000645,-7.650841333842189,0.0006563113511410812,-12.0,3.82640514051092,12.0,-0.0004561651535298916,-0.000382574882915979,-0.0003825748822596666,-0.000765084133384219,0.00160374732334051,0.0003825748829159779
2,0.0031389000000006453,-7.65892706773185,0.0006553607051835719,-12.0,3.830446581477307,12.0,-0.000455295858390492,-0.0003829791220772135,-0.0003829791214218517,-0.000765892706773185,0.001604090759303345,0.0003829791220772124
2,0.003139100000000645,-7.667000707114284,0.0006544090296451976,-12.0,3.834481973645701,12.0,-0.0004544275191763758,-0.0003833827564616068,-0.0003833827558071965,-0.0007667000707114285,0.00160443333708421,0.0003833827564616056
2,0.003139300000000645,-7.6750622392404,0.0006534563259505966,-12.0,3.838511310643689,12.0,-0.0004535601385420585,-0.000383785785431775,-0.0003837857847783176,-0.0007675062239240401,0.001604775057425956,0.0003837857854317738
2,0.0031395000000006452,-7.683111651380141,0.0006525025955030905,-12.0,3.842534586108351,12.0,-0.0004526937191417779,-0.0003841882083512859,-0.0003841882076987823,-0.0007683111651380142,0.001605115921073152,0.0003841882083512848
2,0.003139700000000645,-7.69114893082261,0.0006515478397508545,-12.0,3.84655179368641,12.0,-0.0004518282636293558,-0.0003845900245846671,-0.000384590023933118,-0.000769114893082261,0.001605455928773147,0.0003845900245846659
2,0.003139900000000645,-7.699174064876171,0.0006505920601083126,-12.0,3.850562927034169,12.0,-0.0004509637746578921,-0.0003849912334974072,-0.000384991232846814,-0.0007699174064876172,0.001605795081275896,0.000384991233497406
2,0.003140100000000646,-7.707187040868239,0.0006496352579885567,-12.0,3.854567979817455,12.0,-0.0004501002548802646,-0.0003853918344559478,-0.0003853918338063114,-0.0007707187040868239,0.00160613337933313,0.0003853918344559467
2,0.003140300000000646,-7.715187846145469,0.0006486774348384294,-12.0,3.858566945711766,12.0,-0.0004492377069487963,-0.000385791826827694,-0.0003857918261790154,-0.000771518784614547,0.001606470823699691,0.0003857918268276928
2,0.0031405000000006462,-7.723176468073811,0.0006477185920736872,-12.0,3.862559818402202,12.0,-0.000448376133515227,-0.0003861912099810141,-0.0003861912093332943,-0.0007723176468073812,0.00160680741513225,0.0003861912099810129
2,0.003140700000000646,-7.731152894038378,0.0006467587311207446,-12.0,3.866546591583458,12.0,-0.0004475155372307971,-0.000386589983285235,-0.000386589982638475,-0.0007731152894038378,0.001607143154389867,0.0003865899832852338
2,0.003140900000000646,-7.73911711144355,0.0006457978534086806,-12.0,3.870527258959866,12.0,-0.0004466559207461918,-0.000386988146110647,-0.000386988145464848,-0.0007739117111443551,0.001607478042234434,0.0003869881461106458
2,0.003141100000000646,-7.747069107713024,0.0006448359603727916,-12.0,3.874501814245431,12.0,-0.0004457972867117632,-0.0003873856978285069,-0.0003873856971836699,-0.0007747069107713025,0.001607812079429727,0.0003873856978285058
2,0.003141300000000646,-7.755008870289783,0.0006438730534350512,-12.0,3.878470251163775,12.0,-0.0004449396377768644,-0.0003877826378110351,-0.0003877826371671609,-0.0007755008870289783,0.001608145266742023,0.000387782637811034
2,0.003141500000000646,-7.762936386636097,0.0006429091340289794,-12.0,3.882432563448184,12.0,-0.000444082976590765,-0.0003881789654314167,-0.0003881789647885063,-0.0007762936386636098,0.001608477604939818,0.0003881789654314155
2,0.003141700000000646,-7.770851644233638,0.0006419442035916489,-12.0,3.886388744841649,12.0,-0.0004432273058018465,-0.0003885746800638069,-0.0003885746794218615,-0.0007770851644233639,0.001608809094794328,0.0003885746800638057
2,0.003141900000000647,-7.778754630583407,0.0006409782635472538,-12.0,3.890338789096807,12.0,-0.0004423726280580187,-0.0003889697810833272,-0.0003889697804423477,-0.0007778754630583407,0.001609139737078547,0.000388969781083326
2,0.003142100000000647,-7.786645333205764,0.0006400113153297582,-12.0,3.89428268997599,12.0,-0.0004415189460065805,-0.0003893642678660672,-0.0003893642672260547,-0.0007786645333205765,0.001609469532567964,0.000389364267866066
2,0.003142300000000647,-7.7945237396405,0.0006390433603775669,-12.0,3.89822044125125,12.0,-0.0004406662622941648,-0.0003897581397890884,-0.0003897581391500439,-0.00077945237396405,0.001609798482040625,0.0003897581397890872
2,0.003142500000000647,-7.802389837446854,0.0006380744001268646,-12.0,3.902152036704361,12.0,-0.0004398145795668218,-0.0003901513962304245,-0.000390151395592349,-0.0007802389837446855,0.001610126586276628,0.0003901513962304234
2,0.003142700000000647,-7.810243614203427,0.0006371044359987366,-12.0,3.906077470126756,12.0,-0.0004389639004700463,-0.000390544036569077,-0.0003905440359319713,-0.0007810243614203428,0.001610453846058013,0.0003905440365690757
2,0.0031429000000006467,-7.818085057508307,0.0006361334694475751,-12.0,3.909996735319659,12.0,-0.0004381142276483618,-0.0003909360601850224,-0.0003909360595488877,-0.0007818085057508308,0.001610780262169764,0.0003909360601850212
2,0.0031431000000006473,-7.82591415497914,0.0006351615019033474,-12.0,3.91390982609404,12.0,-0.0004372655637460976,-0.0003913274664592149,-0.0003913274658240522,-0.000782591415497914,0.001611105835398696,0.0003913274664592137
2,0.003143300000000647,-7.833730894252952,0.0006341885347906917,-12.0,3.917816736270548,12.0,-0.0004364179114065281,-0.000391718254773577,-0.0003917182541393872,-0.0007833730894252953,0.001611430566534178,0.0003917182547735757
2,0.003143500000000647,-7.841535262986333,0.0006332145695666647,-12.0,3.921717459679662,12.0,-0.0004355712732723727,-0.0003921084245110107,-0.000392108423877795,-0.0007841535262986333,0.001611754456367409,0.0003921084245110095
2,0.003143700000000648,-7.849327248855456,0.0006322396076625658,-12.0,3.925611990161618,12.0,-0.0004347256519856846,-0.0003924979750553968,-0.000392497974423156,-0.0007849327248855456,0.001612077505692033,0.0003924979750553955
2,0.0031439000000006477,-7.857106839556003,0.0006312636505141356,-12.0,3.929500321566409,12.0,-0.0004338810501877122,-0.0003928869057915907,-0.0003928869051603259,-0.0007857106839556004,0.001612399715303969,0.0003928869057915895
2,0.0031441000000006483,-7.864874022803218,0.0006302866995619993,-12.0,3.93338244775382,12.0,-0.0004330374705191486,-0.0003932752161054269,-0.000393275215475139,-0.0007864874022803219,0.001612721086001134,0.0003932752161054258
2,0.003144300000000648,-7.872628786331981,0.0006293087562569966,-12.0,3.937258362593464,12.0,-0.000432194915619688,-0.0003936629053837219,-0.0003936629047544119,-0.0007872628786331982,0.001613041618583944,0.0003936629053837207
2,0.003144500000000648,-7.880371117896785,0.000628329822026874,-12.0,3.941128059964732,12.0,-0.000431353388128497,-0.0003940499730142716,-0.0003940499723859406,-0.0007880371117896785,0.001613361313854811,0.0003940499730142705
2,0.003144700000000648,-7.888101005271711,0.0006273498983184744,-12.0,3.944991533756832,12.0,-0.0004305128906839095,-0.0003944364183858526,-0.0003944364177585015,-0.0007888101005271711,0.001613680172618426,0.0003944364183858514
2,0.003144900000000648,-7.895818436250545,0.000626368986581749,-12.0,3.948848777868835,12.0,-0.0004296734259234825,-0.0003948222408882266,-0.0003948222402618564,-0.0007895818436250546,0.001613998195681365,0.0003948222408882254
2,0.003145100000000648,-7.903523398646743,0.0006253870882479973,-12.0,3.952699786209614,12.0,-0.00042883499648394,-0.0003952074399121378,-0.0003952074392867496,-0.0007903523398646743,0.001614315383852871,0.0003952074399121366
2,0.003145300000000648,-7.911215880293399,0.0006244042047667264,-12.0,3.956544552697891,12.0,-0.0004279976050012568,-0.0003955920148493136,-0.0003955920142249083,-0.0007911215880293398,0.001614631737943961,0.0003955920148493124
2,0.003145500000000649,-7.91889586904338,0.0006234203375878877,-12.0,3.960383071262275,12.0,-0.0004271612541105196,-0.00039597596509247,-0.0003959759644690484,-0.0007918895869043381,0.001614947258767985,0.0003959759650924688
2,0.003145700000000649,-7.926563352769278,0.0006224354881458893,-12.0,3.964215335841212,12.0,-0.0004263259464460933,-0.0003963592900353079,-0.0003963592894128712,-0.0007926563352769278,0.001615261947140234,0.0003963592900353067
2,0.003145900000000649,-7.934218319363374,0.0006214496578924589,-12.0,3.968041340383023,12.0,-0.0004254916846414825,-0.0003967419890725143,-0.0003967419884510633,-0.0007934218319363374,0.001615575803878111,0.000396741989072513
2,0.003146100000000649,-7.941860756737785,0.000620462848274439,-12.0,3.971861078845933,12.0,-0.0004246584713293589,-0.000397124061599767,-0.0003971240609793029,-0.0007941860756737784,0.00161588882980146,0.0003971240615997659
2,0.003146300000000649,-7.949490652824413,0.0006194750607391164,-12.0,3.975674545198066,12.0,-0.0004238263091413119,-0.0003975055070137339,-0.0003975055063942576,-0.0007949490652824413,0.001616201025732011,0.0003975055070137327
2,0.0031465000000006488,-7.95710799557494,0.000618486296729337,-12.0,3.979481733417428,12.0,-0.0004229952007084037,-0.0003978863247120711,-0.0003978863240935835,-0.000795710799557494,0.001616512392493497,0.0003978863247120699
2,0.0031467000000006493,-7.964712772960858,0.0006174965576941638,-12.0,3.983282637491936,12.0,-0.0004221651486604749,-0.0003982665140934254,-0.0003982665134759276,-0.0007964712772960858,0.001616822930912032,0.0003982665140934242
2,0.003146900000000649,-7.972304972973549,0.0006165058450893213,-12.0,3.987077251419467,12.0,-0.0004213361556267281,-0.000398646074557439,-0.0003986460739409319,-0.000797230497297355,0.001617132641815178,0.0003986460745574378
2,0.00314710000000065,-7.979884583624249,0.0006155141603541026,-12.0,3.990865569207797,12.0,-0.0004205082242353109,-0.0003990250055047455,-0.0003990250048892301,-0.0007979884583624249,0.001617441526033381,0.0003990250055047443
2,0.00314730000000065,-7.987451592944033,0.0006145215049411235,-12.0,3.994647584874643,12.0,-0.0004196813571133995,-0.0003994033063369714,-0.0003994033057224487,-0.0007987451592944033,0.001617749584398864,0.0003994033063369702
2,0.0031475000000006498,-7.995005988983942,0.0006135278803061084,-12.0,3.998423292447708,12.0,-0.0004188555568874763,-0.0003997809764567414,-0.0003997809758432124,-0.0007995005988983942,0.001618056817744962,0.0003997809764567402
2,0.0031477000000006503,-8.002547759814911,0.000612533287891015,-12.0,4.002192685964625,12.0,-0.0004180308261825527,-0.0004001580152676745,-0.0004001580146551401,-0.0008002547759814912,0.001618363226909003,0.0004001580152676734
2,0.00314790000000065,-8.01007689352778,0.0006115377291515678,-12.0,4.005955759472995,12.0,-0.0004172071676233347,-0.0004005344221743855,-0.0004005344215628466,-0.0008010076893527779,0.001618668812728097,0.0004005344221743844
2,0.00314810000000065,-8.01759337823341,0.0006105412055434911,-12.0,4.009712507030432,12.0,-0.0004163845838330293,-0.0004009101965824901,-0.0004009101959719477,-0.0008017593378233411,0.001618973576043015,0.0004009101965824889
2,0.0031483000000006502,-8.025097202062602,0.0006095437185078545,-12.0,4.0134629227045,12.0,-0.0004155630774340668,-0.0004012853378986005,-0.0004012853372890555,-0.0008025097202062603,0.001619277517695972,0.0004012853378985993
2,0.00314850000000065,-8.032588353166167,0.0006085452695097082,-12.0,4.0172070005728,12.0,-0.0004147426510478225,-0.0004016598455303303,-0.0004016598449217838,-0.0008032588353166167,0.001619580638531293,0.000401659845530329
2,0.00314870000000065,-8.040066819714928,0.0006075458599923422,-12.0,4.020944734722912,12.0,-0.0004139233072947279,-0.0004020337188862932,-0.000402033718278746,-0.0008040066819714929,0.001619882939394635,0.000402033718886292
2,0.003148900000000651,-8.047532589899724,0.0006065454914110369,-12.0,4.024676119252433,12.0,-0.0004131050487941046,-0.0004024069573761035,-0.0004024069567695568,-0.0008047532589899724,0.00162018442113443,0.0004024069573761022
2,0.003149100000000651,-8.054985651931473,0.0006055441652277338,-12.0,4.028401148269019,12.0,-0.0004122878781640804,-0.0004027795604103804,-0.000402779559804835,-0.0008054985651931473,0.001620485084600887,0.0004027795604103792
2,0.0031493000000006512,-8.062425994041163,0.000604541882885723,-12.0,4.032119815890328,12.0,-0.0004114717980220617,-0.0004031515274007456,-0.0004031515267962025,-0.0008062425994041164,0.001620784930645991,0.0004031515274007443
2,0.003149500000000651,-8.069853604479832,0.0006035386458438374,-12.0,4.03583211624407,12.0,-0.0004106568109840392,-0.0004035228577598238,-0.0004035228571562838,-0.0008069853604479832,0.001621083960123837,0.0004035228577598226
2,0.003149700000000651,-8.077268471518689,0.0006025344555631307,-12.0,4.039538043468033,12.0,-0.0004098429196651987,-0.0004038935509012482,-0.0004038935502987126,-0.000807726847151869,0.001621382173890074,0.000403893550901247
2,0.003149900000000651,-8.084670583449014,0.000601529313488669,-12.0,4.043237591710032,12.0,-0.0004090301266793661,-0.0004042636062396557,-0.0004042636056381252,-0.0008084670583449015,0.001621679572802903,0.0004042636062396544
2,0.003150100000000651,-8.092059928582268,0.0006005232210881672,-12.0,4.046930755127998,12.0,-0.000408218434639479,-0.0004046330231906922,-0.0004046330225901678,-0.0008092059928582269,0.001621976157721527,0.000404633023190691
2,0.0031503000000006514,-8.099436495250071,0.000599516179808468,-12.0,4.05061752788991,12.0,-0.0004074078461571151,-0.0004050018011710115,-0.000405001800571494,-0.0008099436495250072,0.001622271929508368,0.0004050018011710102
2,0.003150500000000651,-8.106800271804191,0.0005985081911088486,-12.0,4.054297904173841,12.0,-0.000406598363842936,-0.0004053699395982744,-0.000405369938999765,-0.0008106800271804192,0.001622566889026067,0.0004053699395982732
2,0.003150700000000652,-8.114151246616647,0.0005974992564516945,-12.0,4.057971878167994,12.0,-0.0004057899903062989,-0.0004057374378911555,-0.000405737437293655,-0.0008114151246616647,0.001622861037140599,0.0004057374378911541
2,0.003150900000000652,-8.121489408079643,0.0005964893772851809,-12.0,4.061639444070643,12.0,-0.0004049827281554508,-0.000406104295469337,-0.0004061042948728464,-0.0008121489408079644,0.001623154374718938,0.0004061042954693358
2,0.003151100000000652,-8.128814744605632,0.0005954785550796871,-12.0,4.06530059609022,12.0,-0.0004041765799975006,-0.0004064705117535154,-0.0004064705111580356,-0.0008128814744605633,0.001623446902630277,0.0004064705117535141
2,0.0031513000000006524,-8.136127244627339,0.0005944667912811674,-12.0,4.068955328445258,12.0,-0.0004033715484381417,-0.0004068360861653989,-0.000406836085570931,-0.000813612724462734,0.001623738621745696,0.0004068360861653977
2,0.003151500000000652,-8.143426896597708,0.00059345408735334,-12.0,4.072603635364425,12.0,-0.0004025676360820962,-0.0004072010181277085,-0.0004072010175342531,-0.0008143426896597708,0.001624029532937832,0.0004072010181277072
2,0.0031517000000006517,-8.150713688990045,0.0005924404447594789,-12.0,4.076245511086566,12.0,-0.0004017648455327816,-0.0004075653070641819,-0.0004075653064717402,-0.0008150713688990046,0.001624319637081206,0.0004075653070641806
2,0.0031519000000006523,-8.157987610297933,0.0005914258649508675,-12.0,4.079880949860652,12.0,-0.0004009631793923385,-0.0004079289523995713,-0.0004079289518081442,-0.0008157987610297934,0.001624608935052341,0.0004079289523995701
2,0.003152100000000652,-8.165248649035258,0.0005904103493907797,-12.0,4.083509945945819,12.0,-0.0004001626402616587,-0.000408291953559644,-0.0004082919529692324,-0.0008165248649035258,0.001624897427729421,0.0004082919535596428
2,0.003152300000000652,-8.172496793736302,0.000589393899544266,-12.0,4.087132493611407,12.0,-0.0003993632307404404,-0.0004086543099711875,-0.0004086543093817923,-0.0008172496793736303,0.001625185115992078,0.0004086543099711863
2,0.003152500000000653,-8.179732032955702,0.0005883765168621657,-12.0,4.090748587136909,12.0,-0.0003985649534270219,-0.000409016021062006,-0.0004090160204736282,-0.0008179732032955702,0.001625472000722716,0.0004090160210620047
2,0.0031527000000006527,-8.18695435526843,0.000587358202808641,-12.0,4.09435822081201,12.0,-0.0003977678109184368,-0.0004093770862609214,-0.000409377085673562,-0.000818695435526843,0.001625758082803963,0.0004093770862609201
2,0.0031529000000006533,-8.194163749269908,0.000586338958847854,-12.0,4.097961388936615,12.0,-0.0003969718058104144,-0.0004097375049977779,-0.0004097375044114378,-0.0008194163749269908,0.00162604336312222,0.0004097375049977767
2,0.003153100000000653,-8.201360203575984,0.0005853187864404141,-12.0,4.10155808582084,12.0,-0.0003961769406974902,-0.0004100972767034414,-0.0004100972761181212,-0.0008201360203575984,0.001626327842563446,0.0004100972767034399
2,0.003153300000000653,-8.208543706822923,0.0005842976870411576,-12.0,4.105148305785,12.0,-0.0003953832181726735,-0.0004104564008097972,-0.0004104564002254982,-0.0008208543706822922,0.001626611522016597,0.0004104564008097959
2,0.003153500000000653,-8.215714247667412,0.0005832756621160229,-12.0,4.108732043159637,12.0,-0.0003945906408277244,-0.0004108148767497533,-0.0004108148761664764,-0.0008215714247667412,0.001626894402372625,0.0004108148767497521
2,0.003153700000000653,-8.222871814786675,0.0005822527131309485,-12.0,4.112309292285561,12.0,-0.0003937992112530153,-0.0004111727039572443,-0.0004111727033749903,-0.0008222871814786676,0.001627176484523152,0.000411172703957243
2,0.003153900000000653,-8.2300163968784,0.0005812288415394384,-12.0,4.115880047513797,12.0,-0.0003930089320375307,-0.000411529881867227,-0.000411529881285997,-0.00082300163968784,0.001627457769362017,0.0004115298818672258
2,0.003154100000000653,-8.237147982660748,0.000580204048806543,-12.0,4.119444303205625,12.0,-0.0003922198057687842,-0.000411886409915683,-0.0004118864093354777,-0.0008237147982660748,0.001627738257785283,0.0004118864099156818
2,0.003154300000000654,-8.244266560872463,0.0005791783364035297,-12.0,4.12300205373262,12.0,-0.0003914318350331236,-0.0004122422875396229,-0.0004122422869604433,-0.0008244266560872463,0.00162801795068912,0.0004122422875396216
2,0.003154500000000654,-8.251372120272825,0.0005781517057781294,-12.0,4.126553293476596,12.0,-0.0003906450224151897,-0.000412597514177083,-0.0004125975135989302,-0.0008251372120272825,0.001628296848973143,0.0004125975141770818
2,0.003154700000000654,-8.258464649641615,0.0005771241584024978,-12.0,4.130098016829653,12.0,-0.0003898593704983327,-0.0004129520892671263,-0.0004129520886900009,-0.0008258464649641616,0.001628574953537854,0.000412952089267125
2,0.003154900000000654,-8.265544137779276,0.0005760956957412411,-12.0,4.133636218194208,12.0,-0.0003890748818643347,-0.0004133060122498479,-0.0004133060116737509,-0.0008265544137779277,0.001628852265285086,0.0004133060122498467
2,0.003155100000000654,-8.272610573506812,0.000575066319251416,-12.0,4.137167891982948,12.0,-0.0003882915590937563,-0.0004136592825663709,-0.0004136592819913032,-0.0008272610573506812,0.001629128785118228,0.0004136592825663696
2,0.0031553000000006538,-8.279663945665822,0.0005740360303976288,-12.0,4.140693032618868,12.0,-0.0003875094047653405,-0.0004140118996588482,-0.000414011899084811,-0.0008279663945665823,0.001629404513943444,0.0004140118996588471
2,0.0031555000000006543,-8.28670424311856,0.0005730048306480384,-12.0,4.1442116345353,12.0,-0.0003867284214566086,-0.0004143638629704665,-0.0004143638623974605,-0.000828670424311856,0.001629679452667232,0.0004143638629704652
2,0.003155700000000654,-8.29373145474797,0.0005719727214659187,-12.0,4.147723692175911,12.0,-0.0003859486117434724,-0.0004147151719454458,-0.0004147151713734719,-0.000829373145474797,0.001629953602197864,0.0004147151719454446
2,0.003155900000000654,-8.300745569457584,0.0005709397043021092,-12.0,4.151229199994643,12.0,-0.0003851699782001783,-0.0004150658260290354,-0.0004150658254580943,-0.0008300745569457585,0.001630226963445947,0.0004150658260290341
2,0.003156100000000655,-8.307746576171645,0.0005699057806403118,-12.0,4.154728152455841,12.0,-0.0003843925233997375,-0.0004154158246675214,-0.0004154158240976143,-0.0008307746576171646,0.001630499537322749,0.0004154158246675201
2,0.0031563000000006548,-8.314734463835174,0.0005688709519362511,-12.0,4.158220544034201,12.0,-0.00038361624991326,-0.0004157651673082277,-0.0004157651667393555,-0.0008314734463835175,0.001630771324741653,0.0004157651673082265
2,0.0031565000000006553,-8.321709221413805,0.0005678352196434311,-12.0,4.16170636921472,12.0,-0.0003828411603106069,-0.0004161138533995089,-0.0004161138528316724,-0.0008321709221413805,0.001631042326617149,0.0004161138533995077
2,0.003156700000000655,-8.328670837893942,0.0005667985852437774,-12.0,4.165185622492823,12.0,-0.0003820672571597516,-0.0004164618823907592,-0.0004164618818239593,-0.0008328670837893942,0.001631312543866059,0.000416461882390758
2,0.003156900000000655,-8.335619302282812,0.0005657610501930144,-12.0,4.168658298374305,12.0,-0.0003812945430273079,-0.0004168092537324125,-0.0004168092531666503,-0.0008335619302282811,0.001631581977405649,0.0004168092537324112
2,0.003157100000000655,-8.342554603608344,0.000564722615953972,-12.0,4.172124391375329,12.0,-0.0003805230204781546,-0.0004171559668759387,-0.0004171559663112149,-0.0008342554603608344,0.001631850628155629,0.0004171559668759375
2,0.003157300000000655,-8.349476730919255,0.0005636832839921446,-12.0,4.175583896022449,12.0,-0.0003797526920755467,-0.0004175020212738469,-0.0004175020207101624,-0.0008349476730919256,0.001632118497036261,0.0004175020212738456
2,0.003157500000000655,-8.356385673285109,0.0005626430557792439,-12.0,4.179036806852654,12.0,-0.0003789835603811575,-0.0004178474163796886,-0.0004178474158170445,-0.000835638567328511,0.001632385584970364,0.0004178474163796875
2,0.003157700000000656,-8.363281419796289,0.000561601932769662,-12.0,4.182483118413318,12.0,-0.0003782156279549254,-0.000418192151648056,-0.0004181921510864529,-0.0008363281419796289,0.001632651892880865,0.0004181921516480549
2,0.003157900000000656,-8.370163959563978,0.0005605599164320019,-12.0,4.185922825262235,12.0,-0.000377448897355151,-0.0004185362265345816,-0.0004185362259740205,-0.0008370163959563979,0.001632917421693802,0.0004185362265345804
2,0.003158100000000656,-8.377033281720264,0.0005595170082361989,-12.0,4.189355921967657,12.0,-0.0003766833711384143,-0.0004188796404959432,-0.000418879639936425,-0.0008377033281720264,0.001633182172335101,0.0004188796404959421
2,0.003158300000000656,-8.383889375418107,0.0005584732096397538,-12.0,4.192782403108247,12.0,-0.0003759190518595884,-0.0004192223929898619,-0.0004192223924313874,-0.0008383889375418108,0.001633446145733242,0.0004192223929898607
2,0.003158500000000656,-8.39073222983133,0.0005574285221072728,-12.0,4.196202263273111,12.0,-0.000375155942071978,-0.0004195644834751016,-0.0004195644829176719,-0.0008390732229831331,0.001633709342817147,0.0004195644834751004
2,0.003158700000000656,-8.397561834154695,0.000556382947112688,-12.0,4.199615497061846,12.0,-0.000374394044326834,-0.0004199059114114747,-0.0004199059108550904,-0.0008397561834154695,0.001633971764518405,0.0004199059114114734
2,0.003158900000000656,-8.404378177603897,0.0005553364861112797,-12.0,4.20302209908448,12.0,-0.0003736333611739778,-0.000420246676259838,-0.0004202466757045004,-0.0008404378177603898,0.001634233411768382,0.0004202466762598369
2,0.0031591000000006563,-8.41118124941553,0.0005542891405703188,-12.0,4.206422063961512,12.0,-0.0003728738951612881,-0.0004205867774820954,-0.000420586776927805,-0.000841118124941553,0.00163449428550122,0.0004205867774820941
2,0.003159300000000656,-8.417971038847195,0.0005532409119575199,-12.0,4.209815386323942,12.0,-0.0003721156488349225,-0.0004209262145411998,-0.0004209262139879576,-0.0008417971038847195,0.001634754386651616,0.0004209262145411986
2,0.003159500000000657,-8.424747535177497,0.0005521918017383776,-12.0,4.213202060813273,12.0,-0.000371358624739096,-0.0004212649869011547,-0.0004212649863489618,-0.0008424747535177498,0.001635013716156375,0.0004212649869011535
2,0.003159700000000657,-8.431510727705954,0.0005511418113659516,-12.0,4.216582082081445,12.0,-0.0003706028254164967,-0.000421603094027009,-0.000421603093475866,-0.0008431510727705954,0.001635272274952304,0.0004216030940270079
2,0.003159900000000657,-8.438260605753134,0.0005500909423221678,-12.0,4.21995544479096,12.0,-0.0003698482534078007,-0.000421940535384865,-0.0004219405348347729,-0.0008438260605753135,0.001635530063978874,0.0004219405353848638
2,0.0031601000000006573,-8.444997158660684,0.0005490391960631946,-12.0,4.223322143614829,12.0,-0.0003690949112517133,-0.0004222773104418778,-0.0004222773098928373,-0.0008444997158660684,0.001635787084176998,0.0004222773104418766
2,0.003160300000000657,-8.451720375791243,0.0005479865740514178,-12.0,4.226682173236565,12.0,-0.0003683428014853996,-0.0004226134186662525,-0.0004226134181182648,-0.0008451720375791244,0.001636043336486925,0.0004226134186662513
2,0.003160500000000657,-8.458430246528504,0.0005469330777527759,-12.0,4.230035528350212,12.0,-0.0003675919266439148,-0.0004229488595272471,-0.0004229488589803129,-0.0008458430246528505,0.001636298821852344,0.000422948859527246
2,0.0031607000000006573,-8.465126760277284,0.0005458787086372041,-12.0,4.233382203660386,12.0,-0.0003668422892605105,-0.000423283632495176,-0.0004232836319492961,-0.0008465126760277285,0.001636553541216945,0.0004232836324951749
2,0.003160900000000657,-8.471809906463482,0.0005448234681626474,-12.0,4.23672219388222,12.0,-0.0003660938918664813,-0.0004236177370414068,-0.0004236177364965822,-0.0008471809906463483,0.001636807495526638,0.0004236177370414058
2,0.003161100000000657,-8.478479674534078,0.0005437673577923796,-12.0,4.240055493741401,12.0,-0.0003653467369911928,-0.000423951172638362,-0.0004239511720945936,-0.0008478479674534078,0.001637060685727887,0.000423951172638361
2,0.003161300000000658,-8.485136053957225,0.0005427103789998888,-12.0,4.243382097974217,12.0,-0.0003646008271622203,-0.0004242839387595227,-0.0004242839382168112,-0.0008485136053957226,0.001637313112768046,0.0004242839387595217
2,0.003161500000000658,-8.491779034222217,0.0005416525332391231,-12.0,4.246702001327493,12.0,-0.0003638561649049882,-0.0004246160348794265,-0.0004246160343377728,-0.0008491779034222218,0.001637564777596801,0.0004246160348794254
2,0.0031617000000006583,-8.49840860483947,0.0005405938219769091,-12.0,4.250015198558639,12.0,-0.0003631127527430472,-0.0004249474604736673,-0.0004249474599330724,-0.000849840860483947,0.001637815681164612,0.0004249474604736662
2,0.003161900000000658,-8.505024755340639,0.000539534246682738,-12.0,4.253321684435686,12.0,-0.0003623705931980054,-0.0004252782150189014,-0.0004252782144793661,-0.0008505024755340639,0.001638065824422164,0.0004252782150189003
2,0.003162100000000658,-8.511627475278532,0.0005384738088096697,-12.0,4.256621453737219,12.0,-0.0003616296887893472,-0.000425608297992842,-0.0004256082974543671,-0.0008511627475278532,0.001638315208322694,0.000425608297992841
2,0.003162300000000658,-8.518216754227195,0.0005374125098343008,-12.0,4.259914501252474,12.0,-0.0003608900420346978,-0.0004259377088742652,-0.0004259377083368515,-0.0008518216754227196,0.001638563833819773,0.0004259377088742641
2,0.003162500000000658,-8.524792581781895,0.0005363503512061385,-12.0,4.263200821781259,12.0,-0.0003601516554494893,-0.0004262664471430063,-0.0004262664466066551,-0.0008524792581781896,0.001638811701868859,0.0004262664471430054
2,0.003162700000000658,-8.531354947559137,0.0005352873344013354,-12.0,4.266480410134045,12.0,-0.0003594145315472252,-0.0004265945122799654,-0.0004265945117446769,-0.0008531354947559137,0.00163905881342552,0.0004265945122799643
2,0.003162900000000658,-8.537903841196714,0.0005342234608738394,-12.0,4.269753261131902,12.0,-0.0003586786728393271,-0.000426921903767104,-0.0004269219032328794,-0.0008537903841196714,0.001639305169446992,0.0004269219037671029
2,0.003163100000000659,-8.544439252353653,0.000533158732088701,-12.0,4.273019369606547,12.0,-0.0003579440818350377,-0.000427248621087447,-0.0004272486205542871,-0.0008544439252353654,0.001639550770892173,0.0004272486210874458
2,0.003163300000000659,-8.550961170710327,0.0005320931495123027,-12.0,4.276278730400364,12.0,-0.0003572107610416569,-0.0004275746637250862,-0.000427574663192992,-0.0008550961170710327,0.001639795618719853,0.0004275746637250851
2,0.003163500000000659,-8.557469585968398,0.0005310267146025893,-12.0,4.27953133836637,12.0,-0.0003564787129642782,-0.0004279000311651778,-0.00042790003063415,-0.0008557469585968399,0.00164003971389115,0.0004279000311651768
2,0.003163700000000659,-8.563964487850832,0.0005299594288210585,-12.0,4.282777188368242,12.0,-0.00035574794010583,-0.0004282247228939432,-0.0004282247223639827,-0.0008563964487850833,0.001640283057367298,0.0004282247228939421
2,0.003163900000000659,-8.570445866101979,0.0005288912936385337,-12.0,4.286016275280359,12.0,-0.0003550184449671728,-0.0004285487383986732,-0.0004285487378697809,-0.000857044586610198,0.001640525650111413,0.0004285487383986722
2,0.0031641000000006587,-8.57691371048754,0.0005278223105062985,-12.0,4.289248593987753,12.0,-0.0003542902300470163,-0.0004288720771677256,-0.0004288720766399023,-0.0008576913710487541,0.001640767493086503,0.0004288720771677246
2,0.0031643000000006593,-8.583368010794565,0.0005267524808885149,-12.0,4.29247413938614,12.0,-0.0003535632978418635,-0.0004291947386905262,-0.0004291947381637727,-0.0008583368010794566,0.001641008587257575,0.0004291947386905252
2,0.003164500000000659,-8.589808756831525,0.0005256818062551183,-12.0,4.295692906381963,12.0,-0.0003528376508460246,-0.0004295167224575718,-0.0004295167219318891,-0.0008589808756831526,0.001641248933590633,0.0004295167224575709
2,0.003164700000000659,-8.596235938428293,0.0005246102880547276,-12.0,4.298904889892332,12.0,-0.0003521132915515202,-0.0004298380279604288,-0.0004298380274358174,-0.0008596235938428294,0.00164148853305246,0.0004298380279604277
2,0.00316490000000066,-8.602649545436169,0.0005235379277581664,-12.0,4.302110084845102,12.0,-0.0003513902224483306,-0.0004301586546917354,-0.0004301586541681964,-0.0008602649545436169,0.001641727386610281,0.0004301586546917344
2,0.0031651000000006597,-8.609049567727899,0.000522464726820715,-12.0,4.305308486178828,12.0,-0.0003506684460239246,-0.0004304786021452017,-0.000430478601622736,-0.0008609049567727899,0.001641965495233544,0.0004304786021452008
2,0.0031653000000006603,-8.615435995197652,0.0005213906867012064,-12.0,4.308500088842785,12.0,-0.000349947964763897,-0.0004307978698156093,-0.0004307978692942177,-0.0008615435995197652,0.001642202859891251,0.0004307978698156084
2,0.00316550000000066,-8.621808817761112,0.0005203158088686877,-12.0,4.311684887797017,12.0,-0.0003492287811511924,-0.0004311164571988158,-0.0004311164566784991,-0.0008621808817761113,0.001642439481554403,0.0004311164571988148
2,0.00316570000000066,-8.628168025355441,0.0005192400947726661,-12.0,4.314862878012281,12.0,-0.0003485108976666179,-0.0004314343637917517,-0.0004314343632725107,-0.0008628168025355442,0.001642675361194557,0.0004314343637917509
2,0.00316590000000066,-8.634513607939274,0.0005181635458777478,-12.0,4.318034054470089,12.0,-0.0003477943167887743,-0.0004317515890924222,-0.0004317515885742577,-0.0008634513607939275,0.001642910499784045,0.0004317515890924211
2,0.00316610000000066,-8.640845555492815,0.0005170861636458746,-12.0,4.321198412162738,12.0,-0.0003470790409937363,-0.0004320681325999101,-0.0004320681320828231,-0.0008640845555492816,0.001643144898296311,0.0004320681325999092
2,0.00316630000000066,-8.647163858017775,0.0005160079495265535,-12.0,4.324355946093257,12.0,-0.0003463650727554002,-0.000432383993814374,-0.0004323839932983651,-0.0008647163858017775,0.001643378557705577,0.000432383993814373
2,0.00316650000000066,-8.653468505537424,0.0005149289049914962,-12.0,4.327506651275487,12.0,-0.0003456524145452056,-0.0004326991722370506,-0.0004326991717221208,-0.0008653468505537424,0.001643611478987062,0.0004326991722370496
2,0.003166700000000661,-8.6597594880966,0.0005138490314844368,-12.0,4.330650522734017,12.0,-0.0003449410688322885,-0.0004330136673702541,-0.0004330136668564043,-0.0008659759488096601,0.001643843663116651,0.0004330136673702533
2,0.003166900000000661,-8.666036795761718,0.0005127683304801955,-12.0,4.333787555504263,12.0,-0.0003442310380833424,-0.0004333274787173792,-0.0004333274782046099,-0.0008666036795761718,0.00164407511107123,0.0004333274787173784
2,0.003167100000000661,-8.672300418620825,0.00051168680342073,-12.0,4.336917744632412,12.0,-0.0003435223247626878,-0.0004336406057829,-0.0004336406052712123,-0.0008672300418620826,0.001644305823828573,0.0004336406057828992
2,0.003167300000000661,-8.678550346783519,0.0005106044517706465,-12.0,4.34004108517546,12.0,-0.0003428149313321749,-0.0004339530480723698,-0.0004339530475617645,-0.0008678550346783519,0.001644535802367342,0.0004339530480723689
2,0.003167500000000661,-8.684786570381092,0.0005095212769896662,-12.0,4.343157572201243,12.0,-0.0003421088602512667,-0.0004342648050924262,-0.0004342648045829041,-0.0008684786570381093,0.00164476504766653,0.0004342648050924254
2,0.003167700000000661,-8.691009079566458,0.0005084372805286286,-12.0,4.346267200788395,12.0,-0.0003414041139769147,-0.0004345758763507874,-0.0004345758758423493,-0.0008691009079566458,0.001644993560706465,0.0004345758763507867
2,0.0031679000000006613,-8.69721786451417,0.0005073524638459226,-12.0,4.349369966026378,12.0,-0.0003407006949637387,-0.0004348862613562541,-0.0004348862608489009,-0.0008697217864514171,0.001645221342467473,0.0004348862613562533
2,0.003168100000000661,-8.703412915420502,0.0005062668284003813,-12.0,4.352465863015521,12.0,-0.0003399986056635829,-0.0004351959596187128,-0.0004351959591124452,-0.0008703412915420502,0.001645448393932214,0.000435195959618712
2,0.003168300000000662,-8.709594222503402,0.0005051803756441764,-12.0,4.35555488686697,12.0,-0.0003392978485261405,-0.0004355049706491334,-0.0004355049701439523,-0.0008709594222503402,0.001645674716082013,0.0004355049706491325
2,0.003168500000000662,-8.715761776002498,0.0005040931070303678,-12.0,4.358637032702726,12.0,-0.0003385984259982738,-0.0004358132939595703,-0.0004358132934554765,-0.0008715761776002499,0.00164590030990075,0.0004358132939595695
2,0.003168700000000662,-8.72191556617919,0.0005030050240217854,-12.0,4.361712295655678,12.0,-0.0003379003405245273,-0.0004361209290631664,-0.0004361209285601606,-0.000872191556617919,0.001646125176371638,0.0004361209290631657
2,0.0031689000000006623,-8.728055583316598,0.0005019161280648277,-12.0,4.364780670869558,12.0,-0.0003372035945466978,-0.0004364278754741501,-0.0004364278749722331,-0.0008728055583316598,0.001646349316479667,0.0004364278754741493
2,0.003169100000000662,-8.734181817719568,0.0005008264206156632,-12.0,4.367842153498972,12.0,-0.0003365081905041117,-0.0004367341327078364,-0.0004367341322070092,-0.0008734181817719568,0.001646572731209939,0.0004367341327078357
2,0.003169300000000662,-8.740294259714751,0.0004997359031317927,-12.0,4.370896738709432,12.0,-0.0003358141308335283,-0.0004370397002806307,-0.0004370396997808942,-0.0008740294259714752,0.001646795421548219,0.0004370397002806301
2,0.0031695000000006622,-8.746392899650605,0.0004986445770662762,-12.0,4.373944421677348,12.0,-0.0003351214179690559,-0.0004373445777100289,-0.0004373445772113836,-0.0008746392899650605,0.001647017388481165,0.0004373445777100281
2,0.003169700000000662,-8.75247772789732,0.0004975524438606271,-12.0,4.376985197589976,12.0,-0.0003344300543421802,-0.0004376487645146122,-0.000437648764017059,-0.0008752477727897321,0.001647238632995651,0.0004376487645146116
2,0.003169900000000662,-8.758548734846935,0.0004964595049821163,-12.0,4.380019061645536,12.0,-0.0003337400423816805,-0.000437952260214056,-0.0004379522597175958,-0.0008758548734846936,0.001647459156080111,0.0004379522602140554
2,0.003170100000000663,-8.764605910913351,0.0004953657618762541,-12.0,4.383046009053148,12.0,-0.0003330513845138383,-0.0004382550643291279,-0.0004382550638337614,-0.0008764605910913352,0.001647678958722198,0.0004382550643291271
2,0.003170300000000663,-8.77064924653228,0.0004942712159934359,-12.0,4.386066035032842,12.0,-0.0003323640831620484,-0.0004385571763816854,-0.0004385571758874137,-0.000877064924653228,0.001647898041911788,0.0004385571763816849
2,0.0031705000000006632,-8.776678732161281,0.0004931758687849452,-12.0,4.389079134815576,12.0,-0.0003316781407470965,-0.0004388585958946798,-0.0004388585954015034,-0.0008776678732161281,0.001648116406638089,0.0004388585958946792
2,0.003170700000000663,-8.782694358279828,0.0004920797217073947,-12.0,4.392085303643272,12.0,-0.000330993559687201,-0.0004391593223921572,-0.0004391593219000768,-0.0008782694358279829,0.001648334053891198,0.0004391593223921564
2,0.003170900000000663,-8.788696115389273,0.000490982776203186,-12.0,4.39508453676877,12.0,-0.0003303103423976522,-0.0004394593553992573,-0.0004394593549082738,-0.0008788696115389274,0.001648550984661878,0.0004394593553992566
2,0.003171100000000663,-8.794683994012852,0.0004898850337240468,-12.0,4.398076829455863,12.0,-0.0003296284912910757,-0.0004397586944422145,-0.0004397586939523288,-0.0008794683994012852,0.001648767199941448,0.0004397586944422139
2,0.003171300000000663,-8.80065798469575,0.0004887864957248134,-12.0,4.401062176979328,12.0,-0.0003289480087773494,-0.0004400573390483609,-0.0004400573385595738,-0.000880065798469575,0.001648982700721779,0.0004400573390483603
2,0.003171500000000663,-8.806618078005089,0.0004876871636474434,-12.0,4.404040574624887,12.0,-0.0003282688972635062,-0.0004403552887461245,-0.0004403552882584368,-0.0008806618078005089,0.00164919748799508,0.000440355288746124
2,0.003171700000000663,-8.812564264529904,0.000486587038941888,-12.0,4.407012017689235,12.0,-0.0003275911591537617,-0.0004406525430650298,-0.0004406525425784423,-0.0008812564264529904,0.001649411562754333,0.0004406525430650293
2,0.003171900000000664,-8.818496534881223,0.0004854861230612073,-12.0,4.409976501480066,12.0,-0.0003269147968497227,-0.000440949101535701,-0.0004409491010502143,-0.0008818496534881224,0.001649624925992299,0.0004409491015357005
2,0.003172100000000664,-8.824414879692103,0.0004843844174513556,-12.0,4.412934021316071,12.0,-0.0003262398127498595,-0.0004412449636898627,-0.0004412449632054777,-0.0008824414879692104,0.001649837578703406,0.000441244963689862
2,0.003172300000000664,-8.830319289617501,0.0004832819235480734,-12.0,4.415884572526892,12.0,-0.0003255662092500472,-0.0004415401290603348,-0.0004415401285770525,-0.0008830319289617501,0.001650049521881525,0.0004415401290603343
2,0.003172500000000664,-8.836209755334423,0.0004821786428141905,-12.0,4.418828150453219,12.0,-0.0003248939887431357,-0.0004418345971810408,-0.0004418345966988619,-0.0008836209755334423,0.001650260756521194,0.0004418345971810405
2,0.003172700000000664,-8.842086267541957,0.0004810745766903324,-12.0,4.42176475044676,12.0,-0.0003242231536191298,-0.0004421283675870075,-0.0004421283671059324,-0.0008842086267541957,0.001650471283617283,0.000442128367587007
2,0.0031729000000006637,-8.847948816961143,0.0004799697266135716,-12.0,4.424694367870189,12.0,-0.00032355370626512,-0.000442421439814358,-0.0004424214393343879,-0.0008847948816961143,0.001650681104165885,0.0004424214398143576
2,0.0031731000000006643,-8.853797394335103,0.0004788640940422972,-12.0,4.427616998097256,12.0,-0.000322885649065352,-0.0004427138134003218,-0.0004427138129214573,-0.0008853797394335103,0.001650890219162426,0.0004427138134003213
2,0.003173300000000664,-8.859631990429088,0.0004777576804171346,-12.0,4.430532636512746,12.0,-0.0003222189844010875,-0.0004430054878832334,-0.0004430054874054753,-0.0008859631990429089,0.001651098629602776,0.0004430054878832329
2,0.003173500000000664,-8.865452596030346,0.0004766504871716037,-12.0,4.433441278512435,12.0,-0.0003215537146505215,-0.0004432964628025269,-0.0004432964623258759,-0.0008865452596030347,0.001651306336484137,0.0004432964628025263
2,0.003173700000000665,-8.87125920194825,0.0004755425157636495,-12.0,4.436342919503196,12.0,-0.0003208898421890455,-0.0004435867376987437,-0.0004435867372232007,-0.0008871259201948251,0.001651513340803268,0.0004435867376987433
2,0.0031739000000006647,-8.877051799014334,0.0004744337676307886,-12.0,4.439237554902951,12.0,-0.0003202273693890118,-0.0004438763121135323,-0.0004438763116390982,-0.0008877051799014334,0.001651719643556704,0.0004438763121135321
2,0.0031741000000006653,-8.882830378082208,0.0004733242442136465,-12.0,4.442125180140667,12.0,-0.0003195662986196918,-0.0004441651855896456,-0.000444165185116321,-0.0008882830378082208,0.001651925245742425,0.0004441651855896453
2,0.003174300000000665,-8.888594930027617,0.0004722139469555131,-12.0,4.445005790656381,12.0,-0.0003189066322473316,-0.0004444533576709429,-0.0004444533571987286,-0.0008888594930027618,0.001652130148358744,0.0004444533576709426
2,0.003174500000000665,-8.894345445748494,0.0004711028773041193,-12.0,4.447879381901233,12.0,-0.0003182483726352631,-0.0004447408279023931,-0.0004447408274312899,-0.0008894345445748494,0.001652334352402973,0.0004447408279023929
2,0.003174700000000665,-8.900081916164948,0.0004699910366920967,-12.0,4.450745949337422,12.0,-0.0003175915221435982,-0.0004450275958300732,-0.0004450275953600821,-0.0008900081916164949,0.001652537858874203,0.0004450275958300729
2,0.003174900000000665,-8.905804332219217,0.0004688784265622914,-12.0,4.453605488438237,12.0,-0.0003169360831294654,-0.0004453136610011677,-0.0004453136605322889,-0.0008905804332219217,0.001652740668770414,0.0004453136610011675
2,0.003175100000000665,-8.911512684875799,0.00046776504836199,-12.0,4.456457994688093,12.0,-0.0003162820579468983,-0.0004455990229639734,-0.0004455990224962081,-0.0008911512684875799,0.001652942783090583,0.0004455990229639731
2,0.003175300000000665,-8.917206965121391,0.0004666509035207156,-12.0,4.459303463582486,12.0,-0.0003156294489467387,-0.0004458836812678966,-0.0004458836808012456,-0.0008917206965121391,0.001653144202834023,0.0004458836812678965
2,0.003175500000000666,-8.922887163964884,0.00046553599348087,-12.0,4.462141890628023,12.0,-0.0003149782584767474,-0.0004461676354634543,-0.0004461676349979183,-0.0008922887163964884,0.001653344928999712,0.0004461676354634542
2,0.003175700000000666,-8.928553272437432,0.0004644203196857433,-12.0,4.464973271342448,12.0,-0.0003143284888815073,-0.0004464508851022764,-0.0004464508846378559,-0.0008928553272437432,0.001653544962587294,0.0004464508851022762
2,0.003175900000000666,-8.934205281592481,0.0004633038835741843,-12.0,4.467797601254641,12.0,-0.0003136801425024927,-0.000446733429737107,-0.0004467334292738028,-0.0008934205281592481,0.001653744304596305,0.0004467334297371067
2,0.003176100000000666,-8.939843182505696,0.0004621866865686108,-12.0,4.470614875904568,12.0,-0.0003130332216778747,-0.0004470152689218,-0.0004470152684596133,-0.0008939843182505696,0.0016539429560265,0.0004470152689217999
2,0.003176300000000666,-8.945466966275013,0.0004610687301265237,-12.0,4.473425090843383,12.0,-0.0003123877287427163,-0.0004472964022113257,-0.0004472964017502571,-0.0008945466966275014,0.001654140917877744,0.0004472964022113256
2,0.0031765000000006658,-8.951076624020741,0.0004599500156734493,-12.0,4.476228241633381,12.0,-0.0003117436660288742,-0.0004475768291617707,-0.0004475768287018207,-0.0008951076624020742,0.001654338191150018,0.0004475768291617707
2,0.0031767000000006663,-8.95667214688544,0.0004588305446477925,-12.0,4.479024323847996,12.0,-0.0003111010358648608,-0.000447856549330335,-0.0004478565488715045,-0.000895667214688544,0.001654534776843408,0.0004478565493303348
2,0.003176900000000666,-8.962253526033999,0.0004577103184830733,-12.0,4.481813333071827,12.0,-0.0003104598405759967,-0.0004481355622753344,-0.0004481355618176242,-0.0008962253526034,0.001654730675958449,0.0004481355622753344
2,0.003177100000000667,-8.967820752653672,0.0004565893386199171,-12.0,4.48459526490066,12.0,-0.0003098200824843411,-0.0004484138675562041,-0.0004484138670996146,-0.0008967820752653673,0.001654925889495007,0.000448413867556204
2,0.003177300000000667,-8.973373817954066,0.0004554676064865149,-12.0,4.48737011494144,12.0,-0.000309181763908567,-0.0004486914647334952,-0.0004486914642780276,-0.0008973373817954066,0.001655120418453615,0.0004486914647334954
2,0.0031775000000006668,-8.978912713167118,0.0004543451235199392,-12.0,4.490137878812289,12.0,-0.0003085448871641,-0.000448968353368877,-0.0004489683529145319,-0.0008978912713167118,0.001655314263834806,0.0004489683533688769
2,0.0031777000000006673,-8.984437429547189,0.0004532218911577068,-12.0,4.492898552142551,12.0,-0.0003079094545631322,-0.0004492445330251392,-0.0004492445325719173,-0.0008984437429547189,0.001655507426638669,0.0004492445330251393
2,0.003177900000000667,-8.989947958371031,0.0004520979108244561,-12.0,4.495652130572731,12.0,-0.0003072754684142753,-0.0004495200032661906,-0.0004495200028140928,-0.0008989947958371032,0.001655699907865515,0.0004495200032661907
2,0.003178100000000667,-8.99544429093776,0.0004509731839594799,-12.0,4.498398609754552,12.0,-0.0003066429310229213,-0.0004497947636570591,-0.000449794763206086,-0.0008995444290937761,0.001655891708516322,0.0004497947636570592
2,0.0031783000000006672,-9.000926418568975,0.0004498477119958544,-12.0,4.501137985350959,12.0,-0.0003060118446911175,-0.0004500688137638962,-0.0004500688133140486,-0.0009000926418568975,0.001656082829590955,0.0004500688137638964
2,0.003178500000000667,-9.006394332608682,0.0004487214963568853,-12.0,4.503870253036091,12.0,-0.000305382211717331,-0.0004503421531539733,-0.0004503421527052519,-0.0009006394332608682,0.001656273272090059,0.0004503421531539735
2,0.003178700000000667,-9.011848024423333,0.0004475945384845303,-12.0,4.506595408495339,12.0,-0.0003047540343967953,-0.0004506147813956852,-0.000450614780948091,-0.0009011848024423334,0.001656463037013722,0.0004506147813956855
2,0.003178900000000668,-9.01728748540187,0.0004464668398003191,-12.0,4.509313447425304,12.0,-0.0003041273150212048,-0.00045088669805855,-0.0004508866976120836,-0.0009017287485401869,0.001656652125362035,0.0004508866980585504
2,0.003179100000000668,-9.02271270695566,0.0004453384017377715,-12.0,4.512024365533821,12.0,-0.000303502055878771,-0.0004511579027132082,-0.0004511579022678699,-0.0009022712706955661,0.001656840538135418,0.0004511579027132084
2,0.0031793000000006682,-9.028123680518616,0.0004442092257321839,-12.0,4.514728158539999,12.0,-0.0003028782592542634,-0.0004514283949314265,-0.0004514283944872174,-0.0009028123680518617,0.001657028276334072,0.0004514283949314267
2,0.003179500000000668,-9.033520397547138,0.0004430793132002009,-12.0,4.517424822174163,12.0,-0.0003022559274290376,-0.0004516981742860959,-0.0004516981738430169,-0.0009033520397547138,0.001657215340956975,0.0004516981742860962
2,0.003179700000000668,-9.03890284952013,0.0004419486655842242,-12.0,4.520114352177927,12.0,-0.0003016350626807579,-0.0004519672403512339,-0.0004519672399092857,-0.0009038902849520129,0.001657401733004993,0.0004519672403512344
2,0.003179900000000668,-9.044271027939041,0.0004408172843044511,-12.0,4.522796744304151,12.0,-0.0003010156672837022,-0.0004522355927019843,-0.0004522355922611674,-0.0009044271027939042,0.001657587453477105,0.0004522355927019847
2,0.003180100000000668,-9.049624924327851,0.0004396851707895166,-12.0,4.525471994316963,12.0,-0.0003003977435085542,-0.0004525032309146168,-0.000452503230474932,-0.0009049624924327851,0.001657772503372623,0.0004525032309146173
2,0.0031803000000006684,-9.054964530233121,0.0004385523264716085,-12.0,4.528140097991792,12.0,-0.0002997812936223199,-0.0004527701545665316,-0.0004527701541279797,-0.0009054964530233122,0.001657956883691303,0.0004527701545665321
2,0.003180500000000668,-9.060289837223976,0.000437418752771368,-12.0,4.530801051115333,12.0,-0.0002991663198885913,-0.0004530363632362557,-0.0004530363627988374,-0.0009060289837223977,0.001658140595432123,0.0004530363632362562
2,0.003180700000000669,-9.065600836892093,0.0004362844511169861,-12.0,4.533454849485567,12.0,-0.0002985528245673247,-0.0004533018565034446,-0.0004533018560671605,-0.0009065600836892094,0.001658323639593395,0.000453301856503445
2,0.003180900000000669,-9.0708975208518,0.0004351494229397623,-12.0,4.536101488911803,12.0,-0.0002979408099147152,-0.0004535666339488859,-0.0004535666335137369,-0.00090708975208518,0.0016585060171741,0.0004535666339488863
2,0.003181100000000669,-9.076179880739996,0.000434013669655009,-12.0,4.538740965214617,12.0,-0.0002973302781834469,-0.0004538306951544957,-0.0004538306947204825,-0.0009076179880739997,0.001658687729172326,0.0004538306951544963
2,0.0031813000000006694,-9.081447908216225,0.0004328771927002428,-12.0,4.541373274225935,12.0,-0.000296721231622471,-0.0004540940397033229,-0.0004540940392704463,-0.0009081447908216225,0.001658868776586608,0.0004540940397033234
2,0.003181500000000669,-9.086701594962669,0.0004317399934907762,-12.0,4.543998411788971,12.0,-0.0002961136724770608,-0.0004543566671795474,-0.0004543566667478081,-0.000908670159496267,0.001659049160414372,0.000454356667179548
2,0.003181700000000669,-9.091940932684135,0.0004306020734530236,-12.0,4.546616373758267,12.0,-0.0002955076029889092,-0.0004546185771684808,-0.0004546185767378795,-0.0009091940932684136,0.001659228881652819,0.0004546185771684814
2,0.0031819000000006693,-9.097165913108126,0.00042946343401562,-12.0,4.549227155999722,12.0,-0.0002949030253957541,-0.00045487976925657,-0.0004548797688271071,-0.0009097165913108127,0.001659407941299929,0.0004548797692565707
2,0.003182100000000669,-9.102376527984816,0.0004283240765960983,-12.0,4.551830754390543,12.0,-0.0002942999419318498,-0.0004551402430313939,-0.0004551402426030706,-0.0009102376527984817,0.001659586340351682,0.0004551402430313947
2,0.003182300000000669,-9.107572769087037,0.0004271840026186524,-12.0,4.554427164819287,12.0,-0.0002936983548275651,-0.0004553999980816661,-0.0004553999976544828,-0.0009107572769087038,0.001659764079805059,0.0004553999980816668
2,0.00318250000000067,-9.112754628210364,0.0004260432135123615,-12.0,4.557016383185883,12.0,-0.0002930982663094384,-0.0004556590339972364,-0.0004556590335711939,-0.0009112754628210365,0.001659941160656264,0.000455659033997237
2,0.00318270000000067,-9.117922097173077,0.0004249017106916497,-12.0,4.559598405401593,12.0,-0.0002924996786003442,-0.0004559173503690893,-0.0004559173499441885,-0.0009117922097173077,0.0016601175839005,0.0004559173503690902
2,0.0031829000000006703,-9.123075167816157,0.0004237594955811552,-12.0,4.562173227389046,12.0,-0.0002919025939193132,-0.0004561749467893456,-0.0004561749463655869,-0.0009123075167816158,0.001660293350533193,0.0004561749467893465
2,0.00318310000000067,-9.12821383200336,0.0004226165696037398,-12.0,4.564740845082252,12.0,-0.0002913070144814622,-0.0004564318228512638,-0.0004564318224286481,-0.000912821383200336,0.001660468461549769,0.0004564318228512648
2,0.00318330000000067,-9.13333808162119,0.0004214729341835977,-12.0,4.5673012544266,12.0,-0.0002907129424981753,-0.0004566879781492408,-0.0004566879777277687,-0.000913333808162119,0.001660642917944211,0.0004566879781492417
2,0.00318350000000067,-9.13844790857892,0.0004203285907351528,-12.0,4.569854451378848,12.0,-0.0002901203801768948,-0.0004569434122788103,-0.0004569434118584828,-0.000913844790857892,0.001660816720710612,0.0004569434122788114
2,0.00318370000000067,-9.143543304808569,0.0004191835406808231,-12.0,4.572400431907141,12.0,-0.0002895293297212193,-0.0004571981248366451,-0.0004571981244174625,-0.0009143543304808569,0.001660989870842511,0.0004571981248366461
2,0.00318390000000067,-9.148624262264992,0.000418037785447023,-12.0,4.574939191991044,12.0,-0.0002889397933308196,-0.0004574521154205587,-0.000457452115002522,-0.0009148624262264992,0.001661162369333113,0.0004574521154205597
2,0.00318410000000067,-9.153690772925838,0.0004168913264455121,-12.0,4.5774707276215,12.0,-0.0002883517732013979,-0.0004577053836295043,-0.0004577053832126142,-0.0009153690772925839,0.001661334217174848,0.0004577053836295054
2,0.003184300000000671,-9.158742828791542,0.0004157441650991522,-12.0,4.579995034800861,12.0,-0.0002877652715248258,-0.000457957929063575,-0.0004579579286478321,-0.0009158742828791542,0.00166150541535981,0.0004579579290635762
2,0.003184500000000671,-9.163780421885408,0.0004145963028334698,-12.0,4.582512109542917,12.0,-0.0002871802904889226,-0.0004582097513240072,-0.0004582097509094121,-0.0009163780421885408,0.001661675964879428,0.0004582097513240084
2,0.003184700000000671,-9.168803544253585,0.000413447741058004,-12.0,4.585021947872856,12.0,-0.0002865968322776219,-0.0004584608500131786,-0.0004584608495997322,-0.0009168803544253585,0.001661845866724687,0.0004584608500131798
2,0.003184900000000671,-9.17381218796503,0.0004122984811956165,-12.0,4.587524545827294,12.0,-0.0002860148990707356,-0.0004587112247346086,-0.0004587112243223113,-0.000917381218796503,0.001662015121885907,0.0004587112247346099
2,0.003185100000000671,-9.178806345111619,0.0004111485246700575,-12.0,4.590019899454299,12.0,-0.0002854344930441344,-0.0004589608750929618,-0.0004589608746818145,-0.000917880634511162,0.001662183731353073,0.000458960875092963
2,0.0031853000000006708,-9.183786007808084,0.0004099978728935305,-12.0,4.592508004813363,12.0,-0.0002848556163695809,-0.0004592098006940457,-0.0004592098002840489,-0.0009183786007808085,0.001662351696115172,0.000459209800694047
2,0.0031855000000006713,-9.188751168192056,0.0004088465272835684,-12.0,4.594988857975419,12.0,-0.0002842782712149661,-0.0004594580011448122,-0.000459458000735967,-0.0009188751168192057,0.001662519017160857,0.0004594580011448136
2,0.003185700000000671,-9.193701818424058,0.000407694489263033,-12.0,4.597462455022869,12.0,-0.0002837024597439342,-0.0004597054760533592,-0.0004597054756456661,-0.0009193701818424059,0.001662685695478117,0.0004597054760533606
2,0.003185900000000671,-9.19863795068757,0.0004065417602516774,-12.0,4.59992879204958,12.0,-0.0002831281841160216,-0.0004599522250289314,-0.0004599522246223911,-0.000919863795068757,0.00166285173205416,0.0004599522250289328
2,0.003186100000000672,-9.203559557188946,0.0004053883416559323,-12.0,4.602387865160841,12.0,-0.0002825554464868374,-0.0004601982476819171,-0.0004601982472765301,-0.0009203559557188946,0.001663017127875532,0.0004601982476819185
2,0.0031863000000006718,-9.208466630157504,0.0004042342349053207,-12.0,4.604839670473453,12.0,-0.0002819842490076468,-0.0004604435436238532,-0.0004604435432196205,-0.0009208466630157505,0.001663181883928444,0.0004604435436238548
2,0.0031865000000006723,-9.213359161845556,0.0004030794414151551,-12.0,4.607284204115696,12.0,-0.0002814145938257462,-0.0004606881124674264,-0.0004606881120643486,-0.0009213359161845556,0.001663346001197552,0.0004606881124674281
2,0.003186700000000672,-9.218237144528315,0.0004019239625949744,-12.0,4.609721462227289,12.0,-0.0002808464830841434,-0.0004609319538264678,-0.0004609319534245455,-0.0009218237144528315,0.001663509480667846,0.0004609319538264694
2,0.003186900000000672,-9.223100570503991,0.0004007677998734138,-12.0,4.612151440959483,12.0,-0.0002802799189217248,-0.0004611750673159594,-0.0004611750669151933,-0.0009223100570503992,0.001663672323322762,0.000461175067315961
2,0.003187100000000672,-9.227949432093835,0.0003996109546595683,-12.0,4.614574136475015,12.0,-0.0002797149034730745,-0.0004614174525520339,-0.0004614174521524248,-0.0009227949432093835,0.001663834530145847,0.0004614174525520357
2,0.003187300000000672,-9.232783721642043,0.000398453428372747,-12.0,4.616989544948115,12.0,-0.000279151438868766,-0.0004616591091519725,-0.0004616591087535208,-0.0009232783721642044,0.001663996102118537,0.0004616591091519743
2,0.003187500000000672,-9.237603431515835,0.0003972952224291504,-12.0,4.619397662564514,12.0,-0.0002785895272349043,-0.0004619000367342066,-0.0004619000363369132,-0.0009237603431515835,0.001664157040222825,0.0004619000367342085
2,0.003187700000000673,-9.242408554105479,0.0003961363382507521,-12.0,4.621798485521479,12.0,-0.0002780291706934029,-0.0004621402349183211,-0.0004621402345221865,-0.000924240855410548,0.001664317345439259,0.0004621402349183228
2,0.003187900000000673,-9.247199081824276,0.0003949767772484236,-12.0,4.624192010027778,12.0,-0.0002774703713619847,-0.0004623797033250511,-0.0004623797029300762,-0.0009247199081824275,0.00166447701874739,0.0004623797033250529
2,0.003188100000000673,-9.251975007108545,0.0003938165408401417,-12.0,4.626578232303699,12.0,-0.0002769131313539452,-0.000462618441576284,-0.0004626184411824692,-0.0009251975007108545,0.001664636061126767,0.0004626184415762859
2,0.003188300000000673,-9.256736322417716,0.0003926556304492124,-12.0,4.628957148581089,12.0,-0.000276357452778403,-0.000462856449295062,-0.0004628564489024083,-0.0009256736322417716,0.001664794473554498,0.000462856449295064
2,0.003188500000000673,-9.261483020234273,0.0003914940474847306,-12.0,4.631328755103303,12.0,-0.0002758033377400215,-0.0004630937261055799,-0.0004630937257140879,-0.0009261483020234273,0.001664952257008578,0.0004630937261055818
2,0.003188700000000673,-9.26621509306376,0.0003903317933660055,-12.0,4.633693048125248,12.0,-0.0002752507883390654,-0.0004633302716331861,-0.0004633302712428563,-0.000926621509306376,0.001665109412465449,0.0004633302716331882
2,0.003188900000000673,-9.270932533434856,0.0003891688695136786,-12.0,4.636050023913388,12.0,-0.0002746998066716078,-0.0004635660855043853,-0.0004635660851152185,-0.0009270932533434855,0.001665265940899885,0.0004635660855043874
2,0.0031891000000006733,-9.27563533389936,0.0003880052773443943,-12.0,4.638399678745749,12.0,-0.0002741503948292257,-0.0004638011673468383,-0.0004638011669588352,-0.0009275635333899359,0.001665421843286774,0.0004638011673468406
2,0.003189300000000673,-9.28032348703213,0.0003868410182694682,-12.0,4.640742008911879,12.0,-0.0002736025548990412,-0.0004640355167893588,-0.0004640355164025199,-0.000928032348703213,0.001665577120599782,0.000464035516789361
2,0.003189500000000674,-9.284996985431196,0.0003856760937153147,-12.0,4.643077010712933,12.0,-0.0002730562889638188,-0.0004642691334619195,-0.0004642691330762456,-0.0009284996985431197,0.001665731773811241,0.0004642691334619217
2,0.003189700000000674,-9.289655821717773,0.0003845105050976905,-12.0,4.645404680461636,12.0,-0.0002725115991017574,-0.0004645020169956517,-0.0004645020166111436,-0.0009289655821717773,0.001665885803893152,0.0004645020169956538
2,0.003189900000000674,-9.29429998853615,0.0003833442538252463,-12.0,4.647725014482257,12.0,-0.0002719684873868644,-0.0004647341670228408,-0.0004647341666394988,-0.000929429998853615,0.001666039211815296,0.0004647341670228432
2,0.0031901000000006743,-9.298929478553823,0.0003821773413301699,-12.0,4.650038009110681,12.0,-0.0002714269558882626,-0.0004649655831769325,-0.0004649655827947577,-0.0009298929478553824,0.001666191998548339,0.000464965583176935
2,0.003190300000000674,-9.303544284461495,0.0003810097690242209,-12.0,4.652343660694381,12.0,-0.0002708870066709529,-0.0004651962650925333,-0.0004651962647115259,-0.0009303544284461495,0.001666344165060174,0.0004651962650925357
2,0.003190500000000674,-9.308144398973022,0.0003798415383249321,-12.0,4.654641965592414,12.0,-0.0002703486417950651,-0.0004654262124054064,-0.0004654262120255673,-0.0009308144398973023,0.001666495712318694,0.0004654262124054089
2,0.0031907000000006742,-9.312729814825454,0.0003786726506538329,-12.0,4.656932920175435,12.0,-0.0002698118633165103,-0.0004656554247524756,-0.0004656554243738054,-0.0009312729814825454,0.001666646641289793,0.0004656554247524781
2,0.003190900000000674,-9.317300524779096,0.0003775031074306767,-12.0,4.659216520825725,12.0,-0.0002692766732863422,-0.0004658839017718269,-0.0004658839013943263,-0.0009317300524779097,0.001666796952939587,0.0004658839017718295
2,0.003191100000000674,-9.321856521617454,0.0003763329100725521,-12.0,4.661492763937165,12.0,-0.0002687430737512431,-0.0004661116431027066,-0.0004661116427263763,-0.0009321856521617454,0.001666946648231971,0.0004661116431027093
2,0.003191300000000675,-9.326397798147248,0.0003751620600014327,-12.0,4.663761645915247,12.0,-0.0002682110667532461,-0.0004663386483855217,-0.0004663386480103624,-0.0009326397798147248,0.001667095728129953,0.0004663386483855245
2,0.003191500000000675,-9.330924347198483,0.0003739905586410686,-12.0,4.666023163177109,12.0,-0.0002676806543296384,-0.000466564917261844,-0.0004665649168878562,-0.0009330924347198483,0.001667244193596429,0.0004665649172618468
2,0.0031917000000006752,-9.33543616162441,0.0003728184074081042,-12.0,4.668277312151502,12.0,-0.000267151838513266,-0.0004667904493744066,-0.0004667904490015909,-0.000933543616162441,0.001667392045590965,0.0004667904493744094
2,0.003191900000000675,-9.339933234301538,0.000371645607722737,-12.0,4.67052408927881,12.0,-0.000266624621332201,-0.0004670152443671059,-0.0004670152439954631,-0.0009339933234301539,0.001667539285074127,0.0004670152443671087
2,0.003192100000000675,-9.344415558129672,0.0003704721610127137,-12.0,4.672763491011077,12.0,-0.0002660990048097833,-0.0004672393018850034,-0.0004672393015145342,-0.0009344415558129672,0.001667685913004369,0.0004672393018850065
2,0.003192300000000675,-9.348883126031902,0.0003692980686964553,-12.0,4.674995513811977,12.0,-0.0002655749909648703,-0.000467462621574325,-0.0004674626212050299,-0.0009348883126031902,0.001667831930338926,0.0004674626215743281
2,0.003192500000000675,-9.35333593095461,0.0003681233321963795,-12.0,4.677220154156834,12.0,-0.0002650525818112953,-0.0004676852030824606,-0.0004676852027143403,-0.0009353335930954611,0.001667977338033921,0.0004676852030824637
2,0.003192700000000675,-9.357773965867503,0.0003669479529420094,-12.0,4.679437408532644,12.0,-0.0002645317793584373,-0.0004679070460579672,-0.0004679070456910223,-0.0009357773965867504,0.001668122137044259,0.0004679070460579702
2,0.003192900000000675,-9.36219722376364,0.0003657719323522102,-12.0,4.681647273438067,12.0,-0.00026401258561079,-0.0004681281501505684,-0.0004681281497847996,-0.0009362197223763641,0.001668266328323398,0.0004681281501505715
2,0.003193100000000676,-9.366605697659377,0.0003645952718507317,-12.0,4.683849745383417,12.0,-0.000263495002568101,-0.0004683485150111535,-0.0004683485146465614,-0.0009366605697659377,0.001668409912823798,0.0004683485150111566
2,0.003193300000000676,-9.370999380594407,0.000363417972866209,-12.0,4.686044820890683,12.0,-0.0002629790322252884,-0.0004685681402917785,-0.0004685681399283636,-0.0009370999380594407,0.001668552891496589,0.0004685681402917817
2,0.003193500000000676,-9.375378265631833,0.0003622400368272771,-12.0,4.688232496493557,12.0,-0.0002624646765725797,-0.0004687870256456696,-0.000468787025283433,-0.0009375378265631832,0.001668695265291453,0.000468787025645673
2,0.003193700000000676,-9.379742345858087,0.0003610614651554656,-12.0,4.69041276873739,12.0,-0.0002619519375951923,-0.0004690051707272202,-0.0004690051703661622,-0.0009379742345858087,0.001668837035157078,0.0004690051707272235
2,0.003193900000000676,-9.384091614382976,0.0003598822592811857,-12.0,4.692585634179233,12.0,-0.0002614408172736671,-0.0004692225751919918,-0.0004692225748321128,-0.0009384091614382977,0.001668978202040261,0.0004692225751919952
2,0.0031941000000006757,-9.388426064339729,0.0003587024206370693,-12.0,4.694751089387844,12.0,-0.0002609313175836042,-0.0004694392386967173,-0.0004694392383380184,-0.000938842606433973,0.001669118766886579,0.0004694392386967207
2,0.0031943000000006763,-9.392745688884961,0.00035752195064509,-12.0,4.696909130943668,12.0,-0.000260423440495719,-0.0004696551608992986,-0.0004696551605417804,-0.0009392745688884961,0.001669258730640721,0.0004696551608993023
2,0.003194500000000676,-9.39705048119868,0.0003563408507383237,-12.0,4.699059755438856,12.0,-0.0002599171879757861,-0.0004698703414588082,-0.0004698703411024709,-0.000939705048119868,0.001669398094245711,0.0004698703414588119
2,0.003194700000000676,-9.401340434484343,0.0003551591223538431,-12.0,4.701202959477293,12.0,-0.0002594125619847648,-0.0004700847800354903,-0.0004700847796803348,-0.0009401340434484343,0.001669536858642684,0.0004700847800354939
2,0.003194900000000677,-9.405615541968828,0.0003539767669149541,-12.0,4.703338739674555,12.0,-0.0002589095644785905,-0.0004702984762907603,-0.0004702984759367872,-0.0009405615541968829,0.001669675024772221,0.000470298476290764
2,0.0031951000000006767,-9.40987579690246,0.0003527937858631702,-12.0,4.705467092657963,12.0,-0.0002584081974082164,-0.0004705114298872062,-0.0004705114295344162,-0.000940987579690246,0.001669812593573017,0.00047051142988721
2,0.0031953000000006773,-9.41412119255902,0.0003516101806271266,-12.0,4.707588015066552,12.0,-0.0002579084627197109,-0.0004707236404885886,-0.0004707236401369823,-0.000941412119255902,0.001669949565981987,0.0004707236404885925
2,0.003195500000000677,-9.418351722235734,0.0003504259526430076,-12.0,4.709701503551091,12.0,-0.0002574103623540769,-0.000470935107759841,-0.0004709351074094189,-0.0009418351722235734,0.001670085942934829,0.0004709351077598448
2,0.003195700000000677,-9.422567379253337,0.0003492411033509946,-12.0,4.711807554774106,12.0,-0.0002569138982473212,-0.0004711458313670714,-0.0004711458310178344,-0.0009422567379253337,0.001670221725366128,0.0004711458313670756
2,0.003195900000000677,-9.426768156956028,0.0003480556341837193,-12.0,4.713906165409846,12.0,-0.00025641907233033,-0.0004713558109775621,-0.0004713558106295106,-0.0009426768156956028,0.001670356914208693,0.0004713558109775662
2,0.003196100000000677,-9.43095404871149,0.0003468695465822513,-12.0,4.715997332144314,12.0,-0.000255925886529132,-0.000471565046259769,-0.0004715650459129036,-0.000943095404871149,0.001670491510393224,0.0004715650462597731
2,0.003196300000000677,-9.43512504791094,0.0003456828419898805,-12.0,4.718081051675283,12.0,-0.0002554343427645239,-0.0004717735368833253,-0.0004717735365376465,-0.0009435125047910941,0.001670625514849977,0.0004717735368833294
2,0.003196500000000677,-9.4392811479691,0.000344495521840571,-12.0,4.720157320712266,12.0,-0.0002549444429522513,-0.0004719812825190383,-0.000471981282174547,-0.00094392811479691,0.001670758928506433,0.0004719812825190426
2,0.003196700000000678,-9.44342234232421,0.0003433075875864944,-12.0,4.722226135976561,12.0,-0.0002544561890029523,-0.0004721882828388932,-0.0004721882824955898,-0.000944342234232421,0.001670891752289738,0.0004721882828388974
2,0.003196900000000678,-9.447548624438072,0.0003421190406633912,-12.0,4.724287494201221,12.0,-0.0002539695828221028,-0.0004723945375160514,-0.0004723945371739368,-0.0009447548624438072,0.001671023987124598,0.0004723945375160558
2,0.003197100000000678,-9.451659987795992,0.000340929882518104,-12.0,4.726341392131072,12.0,-0.0002534846263100993,-0.0004726000462248509,-0.0004726000458839256,-0.0009451659987795993,0.001671155633934163,0.0004726000462248554
2,0.003197300000000678,-9.455756425906877,0.0003397401146023604,-12.0,4.728387826522743,12.0,-0.0002530013213621618,-0.0004728048086408095,-0.000472804808301074,-0.0009455756425906877,0.00167128669364025,0.0004728048086408141
2,0.003197500000000678,-9.459837932303182,0.0003385497383567859,-12.0,4.730426794144623,12.0,-0.0002525196698682369,-0.000473008824440622,-0.000473008824102077,-0.0009459837932303183,0.001671417167162792,0.0004730088244406266
2,0.0031977000000006778,-9.46390450054093,0.0003373587552411017,-12.0,4.732458291776914,12.0,-0.0002520396737131642,-0.0004732120933021626,-0.0004732120929648086,-0.0009463904500540931,0.001671547055420164,0.0004732120933021672
2,0.0031979000000006783,-9.467956124199759,0.0003361671666994859,-12.0,4.7344823162116,12.0,-0.0002515613347765372,-0.0004734146149044854,-0.0004734146145683229,-0.0009467956124199759,0.001671676359329188,0.00047341461490449
2,0.003198100000000678,-9.471992796882871,0.0003349749741836661,-12.0,4.736498864252462,12.0,-0.0002510846549326484,-0.0004736163889278229,-0.0004736163885928528,-0.0009471992796882871,0.0016718050798048,0.0004736163889278278
2,0.003198300000000679,-9.476014512217104,0.0003337821791564721,-12.0,4.738507932715109,12.0,-0.0002506096360506832,-0.0004738174150535904,-0.000473817414719813,-0.0009476014512217105,0.001671933217759825,0.0004738174150535952
2,0.003198500000000679,-9.48002126385291,0.0003325887830651908,-12.0,4.74050951842694,12.0,-0.0002501362799943313,-0.0004740176929643826,-0.0004740176926317988,-0.000948002126385291,0.001672060774106421,0.0004740176929643875
2,0.0031987000000006788,-9.484013045464335,0.0003313947873722078,-12.0,4.742503618227174,12.0,-0.0002496645886221338,-0.0004742172223439751,-0.0004742172220125854,-0.0009484013045464336,0.001672187749753973,0.0004742172223439802
2,0.0031989000000006793,-9.487989850749107,0.0003302001935407972,-12.0,4.744490228966867,12.0,-0.0002491945637872889,-0.0004744160028773275,-0.0004744160025471324,-0.0009487989850749108,0.001672314145610754,0.0004744160028773326
2,0.003199100000000679,-9.491951673428584,0.0003290050030262393,-12.0,4.746469347508881,12.0,-0.0002487262073377211,-0.0004746140342505803,-0.0004746140339215805,-0.0009491951673428584,0.001672439962582262,0.0004746140342505855
2,0.003199300000000679,-9.49589850724776,0.0003278092172949165,-12.0,4.748440970727915,12.0,-0.0002482595211157762,-0.0004748113161510568,-0.0004748113158232528,-0.0009495898507247761,0.001672565201573883,0.000474811316151062
2,0.0031995000000006792,-9.49983034597532,0.000326612837814988,-12.0,4.750405095510511,12.0,-0.0002477945069587484,-0.0004750078482672643,-0.0004750078479406568,-0.0009499830345975321,0.001672689863487453,0.0004750078482672697
2,0.003199700000000679,-9.503747183403641,0.0003254158660537243,-12.0,4.75236171875506,12.0,-0.0002473311666982697,-0.0004752036302888953,-0.0004752036299634847,-0.0009503747183403642,0.001672813949224139,0.0004752036302889006
2,0.003199900000000679,-9.507649013348741,0.0003242183034726231,-12.0,4.754310837371762,12.0,-0.0002468695021606987,-0.0004753986619068236,-0.0004753986615826107,-0.0009507649013348742,0.001672937459682666,0.000475398661906829
2,0.00320010000000068,-9.511535829650343,0.0003230201515558306,-12.0,4.756252448282707,12.0,-0.0002464095151669538,-0.0004755929428131096,-0.000475592942490095,-0.0009511535829650344,0.001673060395760095,0.0004755929428131151
2,0.00320030000000068,-9.515407626171926,0.0003218214117692852,-12.0,4.758186548421831,12.0,-0.0002459512075325132,-0.0004757864727010006,-0.0004757864723791848,-0.0009515407626171927,0.001673182758351266,0.0004757864727010062
2,0.0032005000000006802,-9.51926439680062,0.0003206220855922481,-12.0,4.760113134734919,12.0,-0.0002454945810673181,-0.000475979251264927,-0.0004759792509443107,-0.0009519264396800621,0.00167330454835013,0.0004759792512649327
2,0.00320070000000068,-9.523106135447303,0.0003194221744999837,-12.0,4.762032204179623,12.0,-0.0002450396375759667,-0.0004761712782005066,-0.0004761712778810902,-0.0009523106135447304,0.001673425766647085,0.0004761712782005123
2,0.00320090000000068,-9.526932836046596,0.0003182216799788584,-12.0,4.763943753725483,12.0,-0.0002445863788574087,-0.0004763625532045447,-0.0004763625528863288,-0.0009526932836046596,0.001673546414131755,0.0004763625532045504
2,0.00320110000000068,-9.530744492556856,0.0003170206035063572,-12.0,4.765847780353894,12.0,-0.0002441348067051263,-0.000476553075975033,-0.0004765530756580182,-0.0009530744492556856,0.001673666491692094,0.0004765530759750388
2,0.00320130000000068,-9.53454109896018,0.0003158189465701788,-12.0,4.767744281058135,12.0,-0.0002436849229071475,-0.0004767428462111505,-0.0004767428458953375,-0.000953454109896018,0.001673786000212618,0.0004767428462111564
2,0.0032015000000006804,-9.538322649262446,0.0003146167106602427,-12.0,4.76963325284338,12.0,-0.0002432367292458104,-0.000476931863613266,-0.0004769318632986553,-0.0009538322649262446,0.00167390494057762,0.000476931863613272
2,0.00320170000000068,-9.542089137493296,0.0003134138972638034,-12.0,4.771514692726682,12.0,-0.0002427902274979854,-0.0004771201278829358,-0.000477120127569528,-0.0009542089137493296,0.001674023313667727,0.0004771201278829418
2,0.003201900000000681,-9.545840557706136,0.000312210507873889,-12.0,4.773388597736984,12.0,-0.0002423454194348529,-0.0004773076387229049,-0.0004773076384107005,-0.0009545840557706136,0.001674141120363015,0.0004773076387229111
2,0.003202100000000681,-9.54957690397818,0.0003110065439906329,-12.0,4.77525496491514,12.0,-0.000241902306822056,-0.0004774943958371087,-0.0004774943955261085,-0.000954957690397818,0.00167425836154067,0.000477494395837115
2,0.003202300000000681,-9.553298170410459,0.0003098020071092833,-12.0,4.777113791313913,12.0,-0.0002414608914196592,-0.0004776803989306741,-0.0004776803986208785,-0.0009553298170410459,0.001674375038075326,0.0004776803989306804
2,0.0032025000000006814,-9.557004351127764,0.0003085968987264209,-12.0,4.77896507399794,12.0,-0.000241021174981898,-0.000477865647709915,-0.0004778656474013246,-0.0009557004351127765,0.001674491150841173,0.0004778656477099213
2,0.003202700000000681,-9.560695440278714,0.0003073912203555018,-12.0,4.780808810043803,12.0,-0.0002405831592574986,-0.0004780501418823382,-0.0004780501415749535,-0.0009560695440278714,0.001674606700708958,0.0004780501418823448
2,0.0032029000000006807,-9.564371432035808,0.0003061849734997679,-12.0,4.782644996540003,12.0,-0.0002401468459895112,-0.0004782338811566437,-0.0004782338808504654,-0.0009564371432035808,0.001674721688547431,0.0004782338811566504
2,0.0032031000000006813,-9.568032320595302,0.0003049781596642376,-12.0,4.784473630586929,12.0,-0.000239712236915185,-0.0004784168652427199,-0.0004784168649377483,-0.0009568032320595302,0.001674836115223455,0.0004784168652427265
2,0.003203300000000681,-9.57167810017734,0.0003037707803668077,-12.0,4.786294709296929,12.0,-0.0002392793337660792,-0.0004785990938516493,-0.0004785990935478854,-0.0009571678100177341,0.001674949981602336,0.0004785990938516562
2,0.003203500000000681,-9.575308765025925,0.0003025628371235989,-12.0,4.788108229794276,12.0,-0.0002388481382680774,-0.0004787805666957085,-0.0004787805663931525,-0.0009575308765025926,0.001675063288545942,0.0004787805666957154
2,0.003203700000000682,-9.578924309408901,0.0003013543314507316,-12.0,4.789914189215169,12.0,-0.0002384186521412063,-0.000478961283488365,-0.0004789612831870176,-0.0009578924309408902,0.00167517603691536,0.0004789612834883719
2,0.0032039000000006817,-9.58252472761798,0.0003001452648692116,-12.0,4.791712584707747,12.0,-0.0002379908770998307,-0.0004791412439442807,-0.0004791412436441425,-0.000958252472761798,0.00167528822756835,0.0004791412439442878
2,0.0032041000000006823,-9.58611001396877,0.0002989356389098141,-12.0,4.793503413432107,12.0,-0.0002375648148524173,-0.0004793204477793126,-0.000479320447480384,-0.0009586110013968771,0.001675399861361115,0.0004793204477793197
2,0.003204300000000682,-9.589680162800764,0.0002977254550953212,-12.0,4.79528667256028,12.0,-0.0002371404671017291,-0.0004794988947105113,-0.000479498894412793,-0.0009589680162800765,0.001675510939147196,0.0004794988947105186
2,0.003204500000000682,-9.59323516847733,0.0002965147149622815,-12.0,4.797062359276254,12.0,-0.0002367178355445754,-0.000479676584456122,-0.0004796765841596147,-0.000959323516847733,0.001675621461778576,0.0004796765844561293
2,0.003204700000000682,-9.596775025385774,0.000295303420043691,-12.0,4.798830470775987,12.0,-0.0002362969218720201,-0.000479853516735587,-0.000479853516440291,-0.0009596775025385775,0.001675731430104133,0.0004798535167355944
2,0.003204900000000682,-9.6002997279373,0.0002940915718774306,-12.0,4.800591004267382,12.0,-0.0002358777277692847,-0.000480029691269543,-0.0004800296909754589,-0.00096002997279373,0.001675840844970633,0.0004800296912695505
2,0.003205100000000682,-9.60380927056702,0.0002928791720080426,-12.0,4.802343956970314,12.0,-0.0002354602549155677,-0.0004802051077798231,-0.0004802051074869514,-0.000960380927056702,0.001675949707223512,0.0004802051077798306
2,0.003205300000000682,-9.607303647734009,0.0002916662219827337,-12.0,4.804089326116641,12.0,-0.0002350445049842942,-0.0004803797659894583,-0.0004803797656977996,-0.0009607303647734009,0.00167605801770454,0.0004803797659894658
2,0.003205500000000683,-9.610782853921268,0.0002904527233456022,-12.0,4.805827108950179,12.0,-0.0002346304796429499,-0.0004805536656226757,-0.0004805536653322307,-0.0009610782853921269,0.001676165777254046,0.0004805536656226834
2,0.003205700000000683,-9.614246883635726,0.0002892386776545131,-12.0,4.807557302726732,12.0,-0.0002342181805530669,-0.0004807268064049,-0.000480726806115669,-0.0009614246883635726,0.001676272986709693,0.0004807268064049078
2,0.003205900000000683,-9.617695731408297,0.0002880240864659989,-12.0,4.809279904714089,12.0,-0.0002338076093701263,-0.0004808991880627543,-0.0004808991877747382,-0.0009617695731408297,0.001676379646906812,0.0004808991880627623
2,0.003206100000000683,-9.621129391793861,0.0002868089513432537,-12.0,4.810994912192036,12.0,-0.0002333987677439059,-0.0004810708103240613,-0.0004810708100372603,-0.0009621129391793862,0.001676485758678403,0.0004810708103240693
2,0.003206300000000683,-9.62454785937125,0.0002855932738441425,-12.0,4.812702322452323,12.0,-0.0002329916573179242,-0.00048124167291784,-0.0004812416726322547,-0.000962454785937125,0.001676591322855026,0.0004812416729178479
2,0.0032065000000006828,-9.627951128743279,0.0002843770555451819,-12.0,4.814402132798728,12.0,-0.0002325862797297462,-0.0004814117755743101,-0.0004814117752899412,-0.000962795112874328,0.001676696340265238,0.0004814117755743183
2,0.0032067000000006833,-9.631339194536785,0.0002831602980166714,-12.0,4.816094340547021,12.0,-0.0002321826366111363,-0.0004815811180248922,-0.0004815811177417401,-0.0009631339194536786,0.001676800811734047,0.0004815811180249005
2,0.003206900000000683,-9.634712051402575,0.0002819430028360159,-12.0,4.817778943024972,12.0,-0.0002317807295874746,-0.0004817497000022052,-0.0004817496997202706,-0.0009634712051402576,0.001676904738085572,0.0004817497000022136
2,0.003207100000000683,-9.638069694015465,0.0002807251715819525,-12.0,4.819455937572356,12.0,-0.000231380560278327,-0.0004819175212400691,-0.0004819175209593524,-0.0009638069694015466,0.001677008120139822,0.0004819175212400774
2,0.003207300000000684,-9.641412117074289,0.000279506805846097,-12.0,4.821125321540983,12.0,-0.0002309821302971249,-0.0004820845814735051,-0.0004820845811940068,-0.0009641412117074289,0.001677110958716144,0.0004820845814735137
2,0.0032075000000006838,-9.644739315301926,0.0002782879072116273,-12.0,4.82278709229466,12.0,-0.0002305854412511521,-0.0004822508804387362,-0.0004822508801604569,-0.0009644739315301927,0.001677213254629772,0.0004822508804387448
2,0.0032077000000006843,-9.648051283445243,0.0002770684772759324,-12.0,4.82444124720922,12.0,-0.0002301904947416417,-0.0004824164178731858,-0.000482416417596126,-0.0009648051283445244,0.001677315008694169,0.0004824164178731945
2,0.003207900000000684,-9.651348016275183,0.000275848517640398,-12.0,4.826087783672538,12.0,-0.0002297972923636787,-0.000482581193515481,-0.0004825811932396412,-0.0009651348016275183,0.001677416221720462,0.0004825811935154898
2,0.003208100000000684,-9.654629508586732,0.0002746280299041892,-12.0,4.827726699084502,12.0,-0.000229405835706159,-0.000482745207105451,-0.0004827452068308318,-0.0009654629508586732,0.001677516894516673,0.0004827452071054598
2,0.003208300000000684,-9.6578957551989,0.0002734070156762414,-12.0,4.829357990857035,12.0,-0.0002290161263519136,-0.000482908458384127,-0.0004829084581107289,-0.0009657895755198901,0.001677617027888934,0.0004829084583841359
2,0.003208500000000684,-9.661146750954808,0.0002721854765717069,-12.0,4.830981656414116,12.0,-0.0002286281658775424,-0.0004830709470937455,-0.000483070946821569,-0.0009661146750954808,0.001677716622639935,0.0004830709470937545
2,0.003208700000000684,-9.664382490721612,0.0002709634142039619,-12.0,4.832597693191746,12.0,-0.0002282419558533727,-0.000483232672977745,-0.0004832326727067908,-0.0009664382490721612,0.001677815679570926,0.0004832326729777543
2,0.003208900000000685,-9.667602969390563,0.0002697408302010373,-12.0,4.834206098637991,12.0,-0.0002278574978436115,-0.0004833936357807699,-0.0004833936355110382,-0.0009667602969390563,0.001677914199479602,0.000483393635780779
2,0.003209100000000685,-9.670808181877,0.000268517726184303,-12.0,4.835806870212954,12.0,-0.0002274747934062626,-0.0004835538352486678,-0.0004835538349801592,-0.0009670808181877,0.001678012183160882,0.000483553835248677
2,0.003209300000000685,-9.673998123120347,0.0002672941037862309,-12.0,4.837400005388794,12.0,-0.000227093844092946,-0.0004837132711284914,-0.0004837132708612067,-0.0009673998123120348,0.001678109631408464,0.0004837132711285009
2,0.003209500000000685,-9.67717278808414,0.0002660699646490627,-12.0,4.838985501649743,12.0,-0.0002267146514491614,-0.0004838719431685,-0.0004838719429024395,-0.0009677172788084141,0.001678206545011829,0.0004838719431685094
2,0.003209700000000685,-9.680332171756024,0.0002648453104079351,-12.0,4.840563356492077,12.0,-0.0002263372170139971,-0.0004840298511181573,-0.0004840298508533216,-0.0009680332171756025,0.001678302924758679,0.000484029851118167
2,0.003209900000000685,-9.683476269147755,0.0002636201427175244,-12.0,4.842133567424155,12.0,-0.0002259615423203659,-0.0004841869947281342,-0.0004841869944645237,-0.0009683476269147756,0.001678398771433387,0.0004841869947281438
2,0.003210100000000685,-9.686605075295232,0.0002623944632254016,-12.0,4.843696131966398,12.0,-0.000225587628894755,-0.0004843433737503075,-0.0004843433734879229,-0.0009686605075295232,0.001678494085818438,0.0004843433737503172
2,0.0032103000000006853,-9.68971858525846,0.0002611682735889076,-12.0,4.845251047651296,12.0,-0.0002252154782573929,-0.0004844989879377609,-0.0004844989876766024,-0.000968971858525846,0.001678588868693098,0.0004844989879377708
2,0.003210500000000685,-9.69281679412161,0.0002599415754769296,-12.0,4.846798312023435,12.0,-0.000224845091922124,-0.000484653837044786,-0.0004846538367848544,-0.0009692816794121611,0.001678683120833857,0.0004846538370447959
2,0.003210700000000686,-9.695899696992996,0.0002587143705521378,-12.0,4.84833792263947,12.0,-0.0002244764713963676,-0.0004848079208268817,-0.0004848079205681774,-0.0009695899696992996,0.001678776843014762,0.0004848079208268917
2,0.003210900000000686,-9.698967289005077,0.0002574866604891923,-12.0,4.849869877068139,12.0,-0.0002241096181813534,-0.0004849612390407548,-0.0004849612387832784,-0.0009698967289005078,0.001678870036006641,0.000484961239040765
2,0.003211100000000686,-9.702019565314485,0.0002562584469734119,-12.0,4.851394172890288,12.0,-0.0002237445337716359,-0.0004851137914443211,-0.0004851137911880729,-0.0009702019565314485,0.001678962700578324,0.0004851137914443315
2,0.0032113000000006863,-9.705056521102021,0.0002550297316852301,-12.0,4.852910807698835,12.0,-0.0002233812196555801,-0.0004852655777967046,-0.0004852655775416853,-0.0009705056521102022,0.001679054837494642,0.0004852655777967151
2,0.003211500000000686,-9.708078151572666,0.0002538005163188473,-12.0,4.854419779098817,12.0,-0.0002230196773150006,-0.0004854165978582393,-0.0004854165976044493,-0.0009708078151572666,0.001679146447518765,0.0004854165978582498
2,0.003211700000000686,-9.711084451955589,0.0002525708025693518,-12.0,4.855921084707356,12.0,-0.0002226599082252589,-0.0004855668513904681,-0.0004855668511379079,-0.000971108445195559,0.001679237531410749,0.0004855668513904787
2,0.0032119000000006863,-9.714075417504136,0.0002513405921393819,-12.0,4.857414722153683,12.0,-0.0002223019138553328,-0.0004857163381561437,-0.0004857163379048138,-0.0009714075417504136,0.001679328089927434,0.0004857163381561544
2,0.003212100000000686,-9.717051043495875,0.0002501098867422336,-12.0,4.85890068907915,12.0,-0.0002219456956676219,-0.0004858650579192299,-0.0004858650576691309,-0.0009717051043495876,0.001679418123823107,0.0004858650579192407
2,0.003212300000000686,-9.720011325232575,0.0002488786880867622,-12.0,4.860378983137204,12.0,-0.0002215912551181143,-0.000486013010444901,-0.0004860130101960331,-0.0009720011325232575,0.001679507633848942,0.0004860130104449118
2,0.003212500000000687,-9.722956258040204,0.000247646997896922,-12.0,4.861849601993417,12.0,-0.0002212385936561784,-0.0004861601954995411,-0.0004861601952519051,-0.0009722956258040204,0.001679596620753565,0.0004861601954995521
2,0.003212700000000687,-9.725885837268972,0.0002464148179015524,-12.0,4.863312543325487,12.0,-0.0002208877127247294,-0.0004863066128507475,-0.0004863066126043437,-0.0009725885837268973,0.001679685085282712,0.0004863066128507586
2,0.0032129000000006873,-9.728800058293308,0.000245182149831269,-12.0,4.864767804823223,12.0,-0.000220538613760049,-0.000486452262267328,-0.000486452262022157,-0.0009728800058293308,0.00167977302817901,0.0004864522622673392
2,0.003213100000000687,-9.731698916511885,0.0002439489954291219,-12.0,4.866215384188576,12.0,-0.0002201912981920628,-0.0004865971435193034,-0.0004865971432753657,-0.0009731698916511885,0.001679860450181536,0.0004865971435193147
2,0.003213300000000687,-9.734582407347606,0.0002427153564377171,-12.0,4.867655279135612,12.0,-0.0002198457674438131,-0.0004867412563779062,-0.0004867412561352022,-0.0009734582407347606,0.0016799473520277,0.0004867412563779174
2,0.003213500000000687,-9.737450526247637,0.0002414812346125395,-12.0,4.86908748739055,12.0,-0.0002195020229319306,-0.0004868846006155823,-0.0004868846003741124,-0.0009737450526247637,0.001680033734451469,0.0004868846006155938
2,0.003213700000000687,-9.740303268683396,0.0002402466317112939,-12.0,4.870512006691732,12.0,-0.0002191600660664123,-0.0004870271760059904,-0.0004870271757657554,-0.0009740303268683397,0.001680119598183372,0.0004870271760060021
2,0.003213900000000687,-9.743140630150558,0.0002390115495001233,-12.0,4.871928834789644,12.0,-0.0002188198982506218,-0.0004871689823240026,-0.0004871689820850029,-0.0009743140630150558,0.001680204943950825,0.0004871689823240145
2,0.003214100000000687,-9.74596260616908,0.000237775989753608,-12.0,4.87333796944693,12.0,-0.0002184815208812335,-0.0004873100193457059,-0.0004873100191079417,-0.000974596260616908,0.001680289772479471,0.0004873100193457176
2,0.003214300000000688,-9.748769192283195,0.0002365399542472169,-12.0,4.874739408438369,12.0,-0.0002181449353483023,-0.0004874502868484003,-0.0004874502866118722,-0.0009748769192283195,0.001680374084490621,0.0004874502868484122
2,0.003214500000000688,-9.751560384061408,0.0002353034447697411,-12.0,4.876133149550894,12.0,-0.0002178101430351798,-0.0004875897846106004,-0.0004875897843753089,-0.0009751560384061408,0.001680457880703257,0.0004875897846106124
2,0.003214700000000688,-9.754336177096535,0.000234066463114857,-12.0,4.877519190583605,12.0,-0.0002174771453185703,-0.000487728512412037,-0.0004877285121779825,-0.0009754336177096536,0.001680541161833027,0.0004877285124120491
2,0.003214900000000688,-9.757096567005682,0.0002328290110793496,-12.0,4.878897529347751,12.0,-0.0002171459435683365,-0.000487866470033655,-0.0004878664698008381,-0.0009757096567005682,0.001680623928592806,0.0004878664700336671
2,0.003215100000000688,-9.75984154943024,0.0002315910904733265,-12.0,4.880268163666742,12.0,-0.0002168165391478044,-0.0004880036572576145,-0.0004880036570260357,-0.0009759841549430241,0.001680706181692027,0.0004880036572576268
2,0.0032153000000006877,-9.76257112003595,0.0002303527031095598,-12.0,4.881631091376168,12.0,-0.0002164889334134723,-0.0004881400738672934,-0.000488140073636953,-0.0009762571120035951,0.00168078792183679,0.0004881400738673058
2,0.0032155000000006883,-9.765285274512843,0.0002291138508092594,-12.0,4.882986310323775,12.0,-0.0002161631277150244,-0.0004882757196472839,-0.0004882757194181826,-0.0009765285274512843,0.001680869149731201,0.0004882757196472966
2,0.003215700000000688,-9.767984008575272,0.0002278745354020728,-12.0,4.884333818369485,12.0,-0.0002158391233954143,-0.0004884105943833958,-0.0004884105941555337,-0.0009767984008575274,0.001680949866075476,0.0004884105943834083
2,0.003215900000000688,-9.77066731796194,0.0002266347587220885,-12.0,4.885673613385401,12.0,-0.0002155169217908787,-0.0004885446978626552,-0.0004885446976360332,-0.0009770667317961941,0.001681030071566059,0.0004885446978626679
2,0.003216100000000689,-9.773335198435888,0.0002253945226158294,-12.0,4.887005693255812,12.0,-0.0002151965242307569,-0.0004886780298733069,-0.0004886780296479252,-0.000977333519843589,0.001681109766897393,0.0004886780298733196
2,0.0032163000000006887,-9.775987645784477,0.0002241538289275979,-12.0,4.888330055877169,12.0,-0.0002148779320376021,-0.0004888105902048114,-0.0004888105899806702,-0.0009775987645784477,0.001681188952760371,0.0004888105902048243
2,0.0032165000000006893,-9.778624655819431,0.0002229126795225689,-12.0,4.889646699158128,12.0,-0.0002145611465271258,-0.0004889423786478474,-0.0004889423784249477,-0.0009778624655819431,0.001681267629842442,0.0004889423786478606
2,0.003216700000000689,-9.781246224376849,0.0002216710762650287,-12.0,4.890955621019534,12.0,-0.0002142461690082115,-0.0004890733949943138,-0.0004890733947726557,-0.0009781246224376849,0.00168134579882806,0.0004890733949943269
2,0.003216900000000689,-9.783852347317175,0.000220429021025037,-12.0,4.892256819394415,12.0,-0.000213933000782901,-0.0004892036390373259,-0.0004892036388169101,-0.0009783852347317176,0.001681423460398457,0.000489203639037339
2,0.003217100000000689,-9.78644302052521,0.0002191865156864203,-12.0,4.893550292228,12.0,-0.0002136216431462418,-0.0004893331105712182,-0.0004893331103520449,-0.000978644302052521,0.001681500615231757,0.0004893331105712313
2,0.003217300000000689,-9.789018239910163,0.0002179435621396664,-12.0,4.894836037477726,12.0,-0.0002133120973865227,-0.0004894618093915453,-0.0004894618091736152,-0.0009789018239910164,0.001681577264002532,0.0004894618093915587
2,0.003217500000000689,-9.791578001405604,0.0002167001622783715,-12.0,4.896114053113221,12.0,-0.0002130043647850521,-0.0004895897352950808,-0.0004895897350783941,-0.0009791578001405604,0.001681653407382355,0.0004895897352950944
2,0.003217700000000689,-9.79412230096949,0.0002154563180085667,-12.0,4.897384337116321,12.0,-0.0002126984466162551,-0.0004897168880798178,-0.000489716887864375,-0.0009794122300969491,0.001681729046039249,0.0004897168880798313
2,0.00321790000000069,-9.79665113458419,0.0002142120312442763,-12.0,4.898646887481081,12.0,-0.0002123943441475346,-0.00048984326754497,-0.0004898432673307717,-0.000979665113458419,0.001681804180638791,0.0004898432675449837
2,0.00321810000000069,-9.79916449825646,0.00021296730390441,-12.0,4.899901702213758,12.0,-0.0002120920586394653,-0.0004899688734909716,-0.0004899688732780182,-0.000979916449825646,0.001681878811842119,0.0004899688734909853
2,0.00321830000000069,-9.80166238801745,0.0002117221379198675,-12.0,4.901148779332825,12.0,-0.0002117915913455309,-0.0004900937057194767,-0.0004900937055077685,-0.000980166238801745,0.001681952940307818,0.0004900937057194906
2,0.00321850000000069,-9.804144799922753,0.000210476535227766,-12.0,4.902388116868984,12.0,-0.0002114929435123036,-0.0004902177640333616,-0.0004902177638228991,-0.0009804144799922753,0.001682026566690697,0.0004902177640333756
2,0.00321870000000069,-9.806611730052374,0.0002092304977705517,-12.0,4.903619712865148,12.0,-0.0002111961163793336,-0.0004903410482367236,-0.0004903410480275073,-0.0009806611730052374,0.00168209969164268,0.0004903410482367378
2,0.00321890000000069,-9.809063174510717,0.0002079840275048817,-12.0,4.904843565376456,12.0,-0.0002109011111791625,-0.0004904635581348809,-0.0004904635579269111,-0.0009809063174510719,0.001682172315812136,0.0004904635581348952
2,0.0032191000000006903,-9.811499129426641,0.0002067371263931861,-12.0,4.906059672470281,12.0,-0.0002106079291373242,-0.0004905852935343744,-0.0004905852933276518,-0.0009811499129426641,0.001682244439843772,0.0004905852935343888
2,0.00321930000000069,-9.813919590953446,0.0002054897964058888,-12.0,4.90726803222623,12.0,-0.0002103165714722327,-0.000490706254242968,-0.0004907062540374926,-0.0009813919590953447,0.001682316064379408,0.0004907062542429824
2,0.003219500000000691,-9.816324555268853,0.0002042420395191868,-12.0,4.908468642736126,12.0,-0.0002100270393953496,-0.0004908264400696462,-0.0004908264398654186,-0.0009816324555268854,0.001682387190057422,0.0004908264400696607
2,0.003219700000000691,-9.818714018575044,0.0002029938577243762,-12.0,4.909661502104046,12.0,-0.0002097393341110448,-0.0004909458508246176,-0.0004909458506216385,-0.0009818714018575044,0.001682457817512417,0.0004909458508246322
2,0.003219900000000691,-9.821087977098667,0.0002017452530163055,-12.0,4.910846608446311,12.0,-0.0002094534568165274,-0.0004910644863193148,-0.0004910644861175842,-0.0009821087977098667,0.001682527947376111,0.0004910644863193296
2,0.0032201000000006913,-9.823446427090808,0.0002004962273973732,-12.0,4.912023959891461,12.0,-0.0002091694087019841,-0.0004911823463663916,-0.0004911823461659102,-0.0009823446427090808,0.001682597580275891,0.0004911823463664064
2,0.003220300000000691,-9.825789364827024,0.0001992467828841882,-12.0,4.913193554580305,12.0,-0.0002088871909503992,-0.0004912994307797272,-0.0004912994305804955,-0.0009825789364827024,0.001682666716837034,0.0004912994307797421
2,0.003220500000000691,-9.828116786607355,0.0001979969214995769,-12.0,4.914355390665897,12.0,-0.000208606804737832,-0.0004914157393744247,-0.0004914157391764427,-0.0009828116786607356,0.001682735357679932,0.0004914157393744396
2,0.0032207000000006912,-9.830428688756319,0.0001967466452730271,-12.0,4.915509466313535,12.0,-0.000208328251232931,-0.000491531271966811,-0.0004915312717700796,-0.000983042868875632,0.001682803503422425,0.0004915312719668261
2,0.003220900000000691,-9.832725067622892,0.0001954959562446845,-12.0,4.916655779700773,12.0,-0.0002080515315973919,-0.0004916460283744377,-0.0004916460281789569,-0.0009832725067622893,0.001682871154678578,0.0004916460283744528
2,0.003221100000000691,-9.835005919580574,0.0001942448564653532,-12.0,4.917794329017433,12.0,-0.0002077766469856246,-0.0004917600084160815,-0.0004917600082218521,-0.0009835005919580574,0.001682938312059457,0.0004917600084160968
2,0.003221300000000692,-9.837271241027334,0.0001929933479898338,-12.0,4.918925112465586,12.0,-0.0002075035985449475,-0.0004918732119117441,-0.0004918732117187663,-0.0009837271241027335,0.001683004976171909,0.0004918732119117596
2,0.003221500000000692,-9.839521028385642,0.0001917414328880263,-12.0,4.920048128259568,12.0,-0.0002072323874153792,-0.0004919856386826524,-0.0004919856384909265,-0.0009839521028385642,0.001683071147619231,0.0004919856386826681
2,0.0032217000000006922,-9.841755278102486,0.0001904891132373798,-12.0,4.92116337462599,12.0,-0.0002069630147298329,-0.0004920972885512596,-0.0004920972883607861,-0.0009841755278102487,0.001683136827001719,0.0004920972885512753
2,0.003221900000000692,-9.843973986649356,0.0001892363911193407,-12.0,4.922270849803722,12.0,-0.0002066954816139221,-0.0004922081613412445,-0.0004922081611520237,-0.0009843973986649356,0.001683202014916119,0.0004922081613412603
2,0.003222100000000692,-9.846177150522252,0.0001879832686317862,-12.0,4.923370552043908,12.0,-0.0002064297891860717,-0.0004923182568775116,-0.0004923182566895441,-0.0009846177150522252,0.001683266711955289,0.0004923182568775277
2,0.003222300000000692,-9.848364766241707,0.0001867297478783669,-12.0,4.924462479609969,12.0,-0.0002061659385574205,-0.0004924275749861931,-0.0004924275747994793,-0.0009848364766241707,0.001683330918708204,0.0004924275749862091
2,0.003222500000000692,-9.850536830352791,0.0001854758309716154,-12.0,4.92554663077761,12.0,-0.0002059039308318911,-0.0004925361154946478,-0.0004925361153091881,-0.0009850536830352792,0.001683394635760838,0.000492536115494664
2,0.003222700000000692,-9.852693339425072,0.000184221520030281,-12.0,4.926623003834796,12.0,-0.0002056437671060368,-0.0004926438782314604,-0.0004926438780472551,-0.000985269333942507,0.001683457863695947,0.0004926438782314765
2,0.003222900000000692,-9.854834290052668,0.0001829668171939858,-12.0,4.927691597081792,12.0,-0.0002053854484691947,-0.0004927508630264436,-0.0004927508628434932,-0.000985483429005267,0.001683520603091626,0.0004927508630264599
2,0.003223100000000693,-9.856959678854267,0.0001817117245987987,-12.0,4.928752408831148,12.0,-0.0002051289760034436,-0.0004928570697106386,-0.0004928570695289433,-0.0009856959678854267,0.001683582854522636,0.000492857069710655
2,0.003223300000000693,-9.859069502473075,0.0001804562443958879,-12.0,4.929805437407694,12.0,-0.0002048743507833822,-0.0004929624981163133,-0.0004929624979358735,-0.0009859069502473074,0.001683644618561075,0.0004929624981163299
2,0.003223500000000693,-9.861163757576856,0.0001792003787453034,-12.0,4.93085068114855,12.0,-0.0002046215738764762,-0.0004930671480769639,-0.0004930671478977801,-0.0009861163757576856,0.001683705895773713,0.0004930671480769805
2,0.003223700000000693,-9.863242440857935,0.0001779441298204176,-12.0,4.93188813840314,12.0,-0.0002043706463427247,-0.0004931710194273153,-0.0004931710192493878,-0.0009863242440857935,0.001683766686725208,0.000493171019427332
2,0.003223900000000693,-9.865305549033213,0.0001766874997963797,-12.0,4.932917807533175,12.0,-0.0002041215692347442,-0.000493274112003321,-0.0004932741118266504,-0.0009865305549033214,0.00168382699197589,0.000493274112003338
2,0.0032241000000006927,-9.867353078844124,0.0001754304908652138,-12.0,4.933939686912664,12.0,-0.0002038743435979345,-0.0004933764256421631,-0.0004933764254667494,-0.0009867353078844125,0.001683886812082092,0.0004933764256421799
2,0.0032243000000006933,-9.869385027056708,0.0001741731052260498,-12.0,4.934953774927925,12.0,-0.0002036289704701599,-0.000493477960182253,-0.0004934779600080968,-0.0009869385027056708,0.001683946147596926,0.0004934779601822699
2,0.003224500000000693,-9.871401390461585,0.0001729153450833465,-12.0,4.935960069977572,12.0,-0.0002033854508819571,-0.0004935787154632318,-0.0004935787152903334,-0.0009871401390461586,0.001684004999070066,0.0004935787154632489
2,0.003224700000000693,-9.873402165873932,0.0001716572126584381,-12.0,4.936958570472525,12.0,-0.0002031437858564522,-0.0004936786913259696,-0.0004936786911543296,-0.0009873402165873932,0.001684063367046629,0.0004936786913259867
2,0.003224900000000694,-9.875387350133526,0.0001703987101815407,-12.0,4.937949274836021,12.0,-0.0002029039764093604,-0.0004937778876125667,-0.0004937778874421854,-0.0009875387350133525,0.001684121252068516,0.0004937778876125841
2,0.0032251000000006937,-9.877356940104747,0.0001691398398850907,-12.0,4.938932181503598,12.0,-0.0002026660235489308,-0.000493876304166354,-0.0004938763039972317,-0.0009877356940104747,0.001684178654673851,0.0004938763041663713
2,0.0032253000000006943,-9.879310932676562,0.0001678806040197323,-12.0,4.939907288923116,12.0,-0.0002024299282760295,-0.0004939739408318921,-0.0004939739406640291,-0.0009879310932676562,0.001684235575396986,0.0004939739408319098
2,0.003225500000000694,-9.881249324762537,0.0001666210048454353,-12.0,4.940874595554746,12.0,-0.0002021956915840284,-0.0004940707974549725,-0.0004940707972883692,-0.0009881249324762537,0.001684292014768385,0.0004940707974549901
2,0.003225700000000694,-9.883172113300853,0.0001653610446248344,-12.0,4.941834099870975,12.0,-0.0002019633144587779,-0.0004941668738826174,-0.0004941668737172739,-0.0009883172113300854,0.001684347973315181,0.000494166873882635
2,0.003225900000000694,-9.885079295254313,0.0001641007256383276,-12.0,4.942785800356621,12.0,-0.0002017327978788008,-0.0004942621699630805,-0.0004942621697989976,-0.0009885079295254312,0.001684403451559957,0.0004942621699630983
2,0.003226100000000694,-9.886970867610314,0.0001628400501698657,-12.0,4.943729695508813,12.0,-0.0002015041428149594,-0.0004943566855458464,-0.0004943566853830241,-0.0009886970867610315,0.001684458450022075,0.0004943566855458644
2,0.003226300000000694,-9.888846827380888,0.0001615790205216072,-12.0,4.944665783837017,12.0,-0.0002012773502307053,-0.0004944504204816316,-0.0004944504203200704,-0.000988884682738089,0.001684512969217122,0.0004944504204816496
2,0.003226500000000694,-9.890707171602692,0.000160317638997487,-12.0,4.94559406386302,12.0,-0.0002010524210819681,-0.0004945433746223842,-0.0004945433744620845,-0.0009890707171602692,0.001684567009656357,0.0004945433746224023
2,0.003226700000000695,-9.892551897337015,0.0001590559079134302,-12.0,4.946514534120936,12.0,-0.000200829356317142,-0.0004946355478212841,-0.0004946355476622464,-0.0009892551897337015,0.001684620571847373,0.0004946355478213024
2,0.003226900000000695,-9.894381001669771,0.0001577938296017933,-12.0,4.947427193157226,12.0,-0.000200608156877044,-0.0004947269399327443,-0.0004947269397749686,-0.0009894381001669772,0.001684673656294877,0.0004947269399327625
2,0.003227100000000695,-9.89619448171153,0.000156531406394933,-12.0,4.948332039530672,12.0,-0.0002003888236949969,-0.0004948175508124094,-0.0004948175506558962,-0.0009896194481711531,0.001684726263498137,0.0004948175508124277
2,0.003227300000000695,-9.897992334597493,0.000155268640641637,-12.0,4.949229071812395,12.0,-0.0002001713576967462,-0.0004949073803171568,-0.0004949073801619068,-0.0009897992334597493,0.001684778393953534,0.0004949073803171754
2,0.003227500000000695,-9.899774557487518,0.0001540055347004632,-12.0,4.950118288585864,12.0,-0.0001999557598004326,-0.0004949964283050978,-0.000494996428151111,-0.0009899774557487518,0.001684830048153452,0.0004949964283051165
2,0.0032277000000006948,-9.901541147566112,0.0001527420909361865,-12.0,4.950999688446881,12.0,-0.0001997420309166609,-0.0004950846946355757,-0.0004950846944828524,-0.0009901541147566114,0.001684881226586499,0.0004950846946355945
2,0.0032279000000006953,-9.903292102042442,0.0001514783117291252,-12.0,4.951873270003598,12.0,-0.0001995301719484033,-0.0004951721791691682,-0.0004951721790177085,-0.0009903292102042443,0.001684931929736622,0.0004951721791691869
2,0.003228100000000695,-9.905027418150336,0.0001502141994662587,-12.0,4.952739031876509,12.0,-0.0001993201837910547,-0.0004952588817676855,-0.0004952588816174902,-0.0009905027418150338,0.00168498215808488,0.0004952588817677044
2,0.003228300000000696,-9.906747093148287,0.0001489497565430042,-12.0,4.953596972698455,12.0,-0.0001991120673323493,-0.0004953448022941722,-0.0004953448021452415,-0.0009906747093148286,0.001685031912108004,0.0004953448022941913
2,0.003228500000000696,-9.908451124319459,0.0001476849853716544,-12.0,4.954447091114637,12.0,-0.0001989058234524027,-0.0004954299406129076,-0.0004954299404652415,-0.0009908451124319459,0.001685081192278393,0.0004954299406129266
2,0.0032287000000006958,-9.9101395089717,0.0001464198883649459,-12.0,4.955289385782597,12.0,-0.000198701453023753,-0.000495514296589404,-0.0004955142964430032,-0.00099101395089717,0.001685129999065116,0.0004955142965894232
2,0.0032289000000006963,-9.911812244437522,0.0001451544679529349,-12.0,4.956123855372235,12.0,-0.0001984989569111667,-0.000495597870090409,-0.0004955978699452738,-0.0009911812244437523,0.001685178332933357,0.0004955978700904283
2,0.003229100000000696,-9.913469328074124,0.0001438887265763356,-12.0,4.956950498565815,12.0,-0.0001982983359719165,-0.0004956806609839045,-0.000495680660840035,-0.0009913469328074124,0.001685226194343192,0.0004956806609839239
2,0.003229300000000696,-9.915110757263406,0.0001426226666820796,-12.0,4.957769314057953,12.0,-0.0001980995910553923,-0.0004957626691391078,-0.0004957626689965044,-0.0009915110757263406,0.001685273583752478,0.0004957626691391271
2,0.0032295000000006962,-9.916736529411951,0.0001413562907233157,-12.0,4.958580300555623,12.0,-0.000197902723003518,-0.0004958438944264704,-0.0004958438942851337,-0.0009916736529411952,0.00168532050161363,0.0004958438944264901
2,0.003229700000000696,-9.918346641951024,0.0001400896011753971,-12.0,4.959383456778171,12.0,-0.0001977077326503623,-0.0004959243367176799,-0.00049592433657761,-0.0009918346641951024,0.001685366948375733,0.0004959243367176995
2,0.003229900000000696,-9.919941092336611,0.0001388226005154536,-12.0,4.960178781457305,12.0,-0.0001975146208223338,-0.0004960039958856593,-0.0004960039957468563,-0.0009919941092336611,0.001685412924483987,0.000496003995885679
2,0.003230100000000697,-9.921519878049397,0.0001375552912303846,-12.0,4.960966273337097,12.0,-0.0001973233883381942,-0.0004960828718045668,-0.0004960828716670314,-0.0009921519878049398,0.001685458430378928,0.0004960828718045866
2,0.003230300000000697,-9.923082996594765,0.0001362876758181919,-12.0,4.961745931173986,12.0,-0.0001971340360088919,-0.000496160964349797,-0.0004961609642135292,-0.0009923082996594766,0.001685503466497984,0.0004961609643498168
2,0.0032305000000006972,-9.924630445502816,0.0001350197567915323,-12.0,4.962517753736793,12.0,-0.0001969465646376595,-0.0004962382733979803,-0.0004962382732629804,-0.0009924630445502815,0.001685548033273698,0.0004962382733980002
2,0.003230700000000697,-9.92616222232838,0.000133751536664839,-12.0,4.963281739806701,12.0,-0.000196760975020055,-0.0004963147988269836,-0.0004963147986932522,-0.000992616222232838,0.001685592131135172,0.0004963147988270037
2,0.003230900000000697,-9.927678324650978,0.0001324830179671999,-12.0,4.96403788817727,12.0,-0.0001965772679437816,-0.0004963905405159101,-0.0004963905403834473,-0.0009927678324650978,0.001685635760507398,0.0004963905405159303
2,0.003231100000000697,-9.929178750074874,0.0001312142032419139,-12.0,4.964786197654441,12.0,-0.0001963954441888127,-0.0004964654983450996,-0.0004964654982139058,-0.0009929178750074873,0.001685678921810818,0.0004964654983451199
2,0.003231300000000697,-9.93066349622906,0.0001299450950345005,-12.0,4.965526667056531,12.0,-0.0001962155045273778,-0.0004965396721961294,-0.0004965396720662048,-0.000993066349622906,0.00168572161546221,0.0004965396721961497
2,0.0032315000000006974,-9.932132560767254,0.0001286756959020252,-12.0,4.966259295214237,12.0,-0.0001960374497239348,-0.0004966130619518131,-0.0004966130618231578,-0.0009932132560767255,0.001685763841874355,0.0004966130619518336
2,0.003231700000000697,-9.933585941367905,0.0001274060084184292,-12.0,4.96698408097064,12.0,-0.0001958612805350729,-0.0004966856674962017,-0.0004966856673688162,-0.0009933585941367905,0.001685805601455925,0.0004966856674962221
2,0.003231900000000698,-9.935023635734217,0.0001261360351576535,-12.0,4.967701023181204,12.0,-0.0001956869977096237,-0.0004967574887145841,-0.0004967574885884687,-0.0009935023635734216,0.001685846894610932,0.0004967574887146046
2,0.003232100000000698,-9.936445641594114,0.0001248657787087382,-12.0,4.968410120713778,12.0,-0.0001955146019886195,-0.0004968285254934862,-0.0004968285253686411,-0.0009936445641594114,0.001685887721740054,0.0004968285254935069
2,0.003232300000000698,-9.937851956700278,0.0001235952416718256,-12.0,4.969111372448601,12.0,-0.0001953440941052514,-0.0004968987777206721,-0.0004968987775970975,-0.0009937851956700278,0.001685928083239752,0.0004968987777206928
2,0.0032325000000006984,-9.93924257883015,0.0001223244266572721,-12.0,4.969804777278305,12.0,-0.00019517547478487,-0.0004969682452851442,-0.0004969682451628404,-0.000993924257883015,0.001685967979501823,0.0004969682452851648
2,0.003232700000000698,-9.940617505785907,0.0001210533362763222,-12.0,4.970490334107901,12.0,-0.0001950087447449844,-0.0004970369280771417,-0.0004970369279561092,-0.0009940617505785907,0.001686007410914514,0.0004970369280771625
2,0.003232900000000698,-9.941976735394485,0.000119781973162425,-12.0,4.971168041854807,12.0,-0.0001948439046952771,-0.0004971048259881434,-0.0004971048258683824,-0.0009941976735394487,0.001686046377861627,0.0004971048259881645
2,0.0032331000000006983,-9.943320265507602,0.0001185103399512499,-12.0,4.971837899448832,12.0,-0.0001946809553375756,-0.0004971719389108668,-0.0004971719387923777,-0.0009943320265507602,0.00168608488072286,0.0004971719389108881
2,0.003233300000000698,-9.944648094001701,0.0001172384392909009,-12.0,4.972499905832171,12.0,-0.0001945198973658108,-0.000497238266739267,-0.0004972382666220496,-0.0009944648094001702,0.001686122919873689,0.000497238266739288
2,0.003233500000000698,-9.945960218778024,0.0001159662738370315,-12.0,4.973154059959431,12.0,-0.0001943607314660936,-0.0004973038093685383,-0.0004973038092525932,-0.0009945960218778025,0.001686160495685596,0.0004973038093685594
2,0.003233700000000699,-9.947256637762582,0.0001146938462572855,-12.0,4.973800360797615,12.0,-0.0001942034583165275,-0.0004973685666951145,-0.0004973685665804419,-0.0009947256637762583,0.001686197608526063,0.0004973685666951358
2,0.003233900000000699,-9.94853734890615,0.0001134211592246359,-12.0,4.974438807326123,12.0,-0.0001940480785874582,-0.0004974325386166685,-0.0004974325385032687,-0.0009948537348906151,0.001686234258757913,0.0004974325386166899
2,0.0032341000000006993,-9.949802350184273,0.0001121482154280429,-12.0,4.97506939853676,12.0,-0.0001938945929412378,-0.0004974957250321119,-0.000497495724919985,-0.0009949802350184274,0.001686270446740079,0.0004974957250321332
2,0.003234300000000699,-9.951051639597297,0.0001108750175617956,-12.0,4.975692133433741,12.0,-0.0001937430020324329,-0.0004975581258415965,-0.000497558125730743,-0.0009951051639597297,0.001686306172827057,0.000497558125841618
2,0.003234500000000699,-9.95228521517034,0.000109601568328177,-12.0,4.976307011033677,12.0,-0.0001935933065074849,-0.0004976197409465134,-0.0004976197408369334,-0.0009952285215170341,0.001686341437369898,0.000497619740946535
2,0.003234700000000699,-9.953503074953307,0.0001083278704414603,-12.0,4.976914030365594,12.0,-0.0001934455070050911,-0.0004976805702494936,-0.0004976805701411874,-0.0009953503074953307,0.001686376240714438,0.0004976805702495153
2,0.003234900000000699,-9.954705217020898,0.000107053926627021,-12.0,4.977513190470929,12.0,-0.0001932996041559207,-0.0004977406136544084,-0.0004977406135473762,-0.0009954705217020898,0.001686410583202735,0.0004977406136544302
2,0.003235100000000699,-9.955891639472604,0.0001057797396155635,-12.0,4.978104490403522,12.0,-0.0001931555985827879,-0.0004977998710663688,-0.0004977998709606111,-0.0009955891639472603,0.001686444465172743,0.0004977998710663907
2,0.003235300000000699,-9.957062340432715,0.0001045053121466744,-12.0,4.978687929229631,12.0,-0.0001930134909004302,-0.0004978583423917265,-0.0004978583422872431,-0.0009957062340432716,0.001686477886958082,0.0004978583423917485
2,0.0032355000000007,-9.958217318050318,0.0001032306469737065,-12.0,4.979263506027927,12.0,-0.0001928732817157025,-0.0004979160275380732,-0.0004979160274348645,-0.0009958217318050318,0.001686510848888156,0.0004979160275380953
2,0.0032357000000007,-9.959356570499315,0.0001019557468557863,-12.0,4.979831219889498,12.0,-0.0001927349716274937,-0.0004979729264142421,-0.0004979729263123085,-0.0009959356570499315,0.001686543351288039,0.0004979729264142642
2,0.0032359000000007,-9.960480095978395,0.0001006806145587014,-12.0,4.980391069917841,12.0,-0.0001925985612267131,-0.0004980290389303062,-0.0004980290388296477,-0.0009960480095978397,0.001686575394478473,0.0004980290389303283
2,0.0032361000000007,-9.961587892711066,9.940525286333823e-05,-12.0,4.98094305522888,12.0,-0.0001924640510962625,-0.0004980843649975796,-0.0004980843648981965,-0.0009961587892711066,0.001686606978776428,0.0004980843649976017
2,0.0032363000000007,-9.962679958945657,9.812966455458039e-05,-12.0,4.981487174950956,12.0,-0.0001923314418110639,-0.000498138904528618,-0.0004981389044305106,-0.0009962679958945657,0.001686638104493987,0.0004981389045286402
2,0.0032365000000006998,-9.963756292955296,9.685385242530486e-05,-12.0,4.982023428224825,12.0,-0.0001922007339380874,-0.0004981926574372176,-0.0004981926573403861,-0.0009963756292955296,0.001686668771939015,0.00049819265743724
2,0.0032367000000007003,-9.964816893037934,9.557781928570819e-05,-12.0,4.982551814203674,12.0,-0.0001920719280362193,-0.0004982456236384165,-0.000498245623542861,-0.0009964816893037935,0.001686698981415824,0.0004982456236384389
2,0.0032369000000007,-9.965861757516366,9.430156793976963e-05,-12.0,4.983072332053109,12.0,-0.0001919450246564217,-0.0004982978030484944,-0.0004982978029542154,-0.0009965861757516366,0.001686728733223508,0.000498297803048517
2,0.0032371000000007,-9.966890884738177,9.3025101214117e-05,-12.0,4.98358498095116,12.0,-0.0001918200243415449,-0.0004983491955849721,-0.0004983491954919697,-0.0009966890884738177,0.00168675802765772,0.0004983491955849946
2,0.003237300000000701,-9.967904273075785,9.174842193759858e-05,-12.0,4.984089760088283,12.0,-0.0001916969276265015,-0.000498399801166612,-0.0004983998010748862,-0.0009967904273075786,0.001686786865008671,0.0004983998011666346
2,0.0032375000000007008,-9.96890192092646,9.047153294794441e-05,-12.0,4.984586668667367,12.0,-0.0001915757350381478,-0.0004984496197134192,-0.0004984496196229704,-0.0009968901920926459,0.001686815245563245,0.0004984496197134419
2,0.0032377000000007013,-9.96988382671229,8.91944370891018e-05,-12.0,4.985075705903722,12.0,-0.0001914564470952285,-0.0004984986511466407,-0.000498498651057469,-0.000996988382671229,0.001686843169604213,0.0004984986511466634
2,0.003237900000000701,-9.970849988880193,8.791713721745253e-05,-12.0,4.985556871025093,12.0,-0.0001913390643085502,-0.0004985468953887648,-0.0004985468953008707,-0.0009970849988880195,0.001686870637408799,0.0004985468953887875
2,0.003238100000000701,-9.97180040590193,8.663963619559567e-05,-12.0,4.986030163271654,12.0,-0.0001912235871807805,-0.0004985943523635231,-0.0004985943522769063,-0.0009971800405901932,0.001686897649251229,0.000498594352363546
2,0.003238300000000701,-9.972735076274104,8.536193689501204e-05,-12.0,4.986495581896014,12.0,-0.0001911100162066068,-0.000498641021995889,-0.00049864102191055,-0.0009972735076274105,0.001686924205400286,0.0004986410219959119
2,0.003238500000000701,-9.973653998518165,8.408404219073518e-05,-12.0,4.986953126163209,12.0,-0.0001909983518725775,-0.0004986869042120788,-0.0004986869041280178,-0.0009973653998518164,0.001686950306121426,0.0004986869042121018
2,0.003238700000000701,-9.9745571711804,8.280595497200949e-05,-12.0,4.987402795350718,12.0,-0.0001908885946572195,-0.0004987319989395516,-0.0004987319988567687,-0.00099745571711804,0.001686975951675107,0.0004987319989395746
2,0.003238900000000702,-9.975444592831945,8.152767813296435e-05,-12.0,4.98784458874845,12.0,-0.0001907807450309482,-0.0004987763061070085,-0.0004987763060255039,-0.0009975444592831945,0.001687001142317235,0.0004987763061070317
2,0.003239100000000702,-9.976316262068792,8.024921457661094e-05,-12.0,4.988278505658754,12.0,-0.0001906748034561298,-0.0004988198256443946,-0.0004988198255641684,-0.0009976316262068792,0.001687025878300275,0.0004988198256444178
2,0.003239300000000702,-9.977172177511791,7.897056720995721e-05,-12.0,4.988704545396415,12.0,-0.000190570770387026,-0.0004988625574828975,-0.0004988625574039501,-0.0009977172177511792,0.001687050159871473,0.0004988625574829206
2,0.003239500000000702,-9.978012337806634,7.769173895066928e-05,-12.0,4.989122707288661,12.0,-0.000190468646269773,-0.0004989045015549478,-0.0004989045014772792,-0.0009978012337806634,0.001687073987274079,0.000498904501554971
2,0.003239700000000702,-9.978836741623882,7.64127327221864e-05,-12.0,4.989532990675153,12.0,-0.0001903684315424786,-0.0004989456577942197,-0.0004989456577178303,-0.0009978836741623882,0.001687097360746681,0.0004989456577942431
2,0.003239900000000702,-9.979645387658948,7.513355145993827e-05,-12.0,4.989935394908,12.0,-0.0001902701266350282,-0.0004989860261356306,-0.0004989860260605205,-0.0009979645387658948,0.00168712028052409,0.0004989860261356541
2,0.003240100000000702,-9.98043827463212,7.385419809891047e-05,-12.0,4.990329919351751,12.0,-0.0001901737319693272,-0.0004990256065153418,-0.000499025606441511,-0.000998043827463212,0.001687142746836345,0.0004990256065153652
2,0.0032403000000007023,-9.981215401288539,7.257467558785535e-05,-12.0,4.990716563383398,12.0,-0.000190079247959038,-0.0004990643988707576,-0.0004990643987982064,-0.000998121540128854,0.001687164759908932,0.0004990643988707809
2,0.003240500000000702,-9.981976766398219,7.129498687641345e-05,-12.0,4.991095326392375,12.0,-0.0001899866750098358,-0.0004991024031405264,-0.0004991024030692548,-0.000998197676639822,0.001687186319963008,0.0004991024031405499
2,0.003240700000000703,-9.982722368756047,7.001513492710387e-05,-12.0,4.991466207780566,12.0,-0.0001898960135191391,-0.0004991396192645404,-0.0004991396191945487,-0.0009982722368756048,0.00168720742721562,0.0004991396192645639
2,0.003240900000000703,-9.983452207181779,6.873512270511029e-05,-12.0,4.991829206962299,12.0,-0.0001898072638763237,-0.0004991760471839357,-0.0004991760471152242,-0.000998345220718178,0.001687228081879155,0.0004991760471839595
2,0.003241100000000703,-9.984166280520041,6.745495318360994e-05,-12.0,4.992184323364345,12.0,-0.0001897204264625363,-0.0004992116868410924,-0.0004992116867736613,-0.000998416628052004,0.00168724828416178,0.0004992116868411162
2,0.0032413000000007033,-9.984864587640342,6.617462934377372e-05,-12.0,4.992531556425932,12.0,-0.0001896355016508741,-0.000499246538179635,-0.0004992465381134843,-0.0009984864587640342,0.001687268034267109,0.0004992465381796589
2,0.003241500000000703,-9.985547127437062,6.4894154169437e-05,-12.0,4.992870905598727,12.0,-0.0001895524898062467,-0.0004992806011444319,-0.0004992806010795616,-0.0009985547127437063,0.001687287332394094,0.0004992806011444558
2,0.003241700000000703,-9.986213898829472,6.361353065642561e-05,-12.0,4.993202370346855,12.0,-0.0001894713912853757,-0.0004993138756815961,-0.0004993138756180064,-0.0009986213898829472,0.001687306178737802,0.0004993138756816198
2,0.0032419000000007032,-9.986864900761725,6.233276179701264e-05,-12.0,4.993525950146886,12.0,-0.0001893922064368503,-0.0004993463617384849,-0.0004993463616761761,-0.0009986864900761725,0.001687324573488969,0.000499346361738509
2,0.003242100000000703,-9.987500132202843,6.105185060167884e-05,-12.0,4.993841644487842,12.0,-0.0001893149356011412,-0.0004993780592637003,-0.0004993780592026723,-0.0009987500132202843,0.001687342516833001,0.0004993780592637241
2,0.003242300000000703,-9.988119592146752,5.977080007824043e-05,-12.0,4.994149452871201,12.0,-0.0001892395791104687,-0.0004994089682070883,-0.0004994089681473415,-0.0009988119592146752,0.001687360008951644,0.0004994089682071123
2,0.003242500000000704,-9.988723279612255,5.848961324517177e-05,-12.0,4.994449374810891,12.0,-0.0001891661372889694,-0.0004994390885197408,-0.000499439088461275,-0.0009988723279612255,0.001687377050021865,0.0004994390885197646
2,0.003242700000000704,-9.989311193643056,5.720829312094722e-05,-12.0,4.994741409833294,12.0,-0.0001890946104525504,-0.0004994684201539933,-0.0004994684200968089,-0.0009989311193643058,0.001687393640216417,0.0004994684201540172
2,0.0032429000000007042,-9.989883333307754,5.592684273425519e-05,-12.0,4.995025557477247,12.0,-0.0001890249989089238,-0.0004994969630634272,-0.0004994969630075244,-0.0009989883333307754,0.001687409779703275,0.0004994969630634514
2,0.003243100000000704,-9.990439697699815,5.464526512044543e-05,-12.0,4.99530181729404,12.0,-0.0001889573029576486,-0.000499524717202868,-0.0004995247171482467,-0.0009990439697699816,0.001687425468646642,0.000499524717202892
2,0.003243300000000704,-9.990980285937633,5.33635633144236e-05,-12.0,4.995570188847425,12.0,-0.0001888915228901236,-0.0004995516825283869,-0.0004995516824750474,-0.0009990980285937633,0.001687440707205168,0.0004995516825284111
2,0.003243500000000704,-9.991505097164483,5.208174036308577e-05,-12.0,4.995830671713605,12.0,-0.0001888276589894489,-0.0004995778589973,-0.0004995778589452423,-0.0009991505097164484,0.001687455495534396,0.0004995778589973242
2,0.003243700000000704,-9.992014130548549,5.079979931155165e-05,-12.0,4.996083265481239,12.0,-0.0001887657115306682,-0.0004996032465681686,-0.000499603246517393,-0.000999201413054855,0.001687469833784205,0.0004996032465681929
2,0.003243900000000704,-9.992507385282906,4.951774321382274e-05,-12.0,4.996327969751452,12.0,-0.0001887056807805612,-0.0004996278452007995,-0.000499627845151306,-0.0009992507385282905,0.00168748372210048,0.0004996278452008237
2,0.003244100000000704,-9.992984860585537,4.823557512878551e-05,-12.0,4.996564784137818,12.0,-0.0001886475669976712,-0.0004996516548562446,-0.0004996516548080334,-0.0009992984860585537,0.001687497160624774,0.000499651654856269
2,0.003244300000000705,-9.993446555699329,4.695329812065552e-05,-12.0,4.996793708266379,12.0,-0.0001885913704323811,-0.0004996746754968014,-0.0004996746754498725,-0.0009993446555699329,0.001687510149494087,0.0004996746754968259
2,0.003244500000000705,-9.99389246989208,4.56709152536483e-05,-12.0,4.997014741775629,12.0,-0.0001885370913268375,-0.0004996969070860132,-0.0004996969070403667,-0.000999389246989208,0.001687522688841203,0.0004996969070860376
2,0.003244700000000705,-9.99432260245648,4.438842960219347e-05,-12.0,4.997227884316528,12.0,-0.000188484729915013,-0.0004997183495886683,-0.0004997183495443041,-0.000999432260245648,0.001687534778793687,0.0004997183495886926
2,0.003244900000000705,-9.994736952710156,4.310584423894426e-05,-12.0,4.997433135552495,12.0,-0.0001884342864226299,-0.0004997390029708011,-0.0004997390029277197,-0.0009994736952710155,0.001687546419475106,0.0004997390029708255
2,0.003245100000000705,-9.99513551999562,4.182316224454752e-05,-12.0,4.997630495159408,12.0,-0.0001883857610671877,-0.0004997588671996918,-0.0004997588671578931,-0.000999513551999562,0.001687557611004808,0.0004997588671997163
2,0.0032453000000007047,-9.995518303680296,4.054038670631144e-05,-12.0,4.997819962825611,12.0,-0.000188339154058012,-0.000499777942243866,-0.0004997779422033501,-0.0009995518303680295,0.001687568353497149,0.0004997779422438905
2,0.0032455000000007053,-9.995885303156543,3.925752070843558e-05,-12.0,4.998001538251909,12.0,-0.0001882944655961505,-0.0004997962280730956,-0.0004997962280338626,-0.0009995885303156543,0.00168757864706226,0.0004997962280731201
2,0.003245700000000705,-9.996236517841622,3.797456734222493e-05,-12.0,4.998175221151569,12.0,-0.0001882516958744279,-0.0004998137246583982,-0.0004998137246204483,-0.0009996236517841623,0.001687588491805836,0.0004998137246584227
2,0.003245900000000705,-9.996571947177703,3.66915297025372e-05,-12.0,4.998341011250321,12.0,-0.0001882108450774952,-0.0004998304319720374,-0.0004998304319353703,-0.0009996571947177703,0.001687597887828685,0.0004998304319720619
2,0.003246100000000706,-9.99689159063189,3.540841088867097e-05,-12.0,4.998498908286361,12.0,-0.0001881719133817114,-0.0004998463499875227,-0.0004998463499521389,-0.000999689159063189,0.001687606835227728,0.0004998463499875473
2,0.0032463000000007057,-9.99719544769619,3.412521400125712e-05,-12.0,4.99864891201035,12.0,-0.0001881349009552058,-0.0004998614786796103,-0.0004998614786455097,-0.0009997195447696192,0.001687615334095005,0.0004998614786796349
2,0.0032465000000007063,-9.997483517887538,3.284194214625558e-05,-12.0,4.998791022185408,12.0,-0.0001880998079578991,-0.0004998758180243016,-0.0004998758179914843,-0.000999748351788754,0.001687623384518222,0.0004998758180243262
2,0.003246700000000706,-9.997755800747793,3.155859842740583e-05,-12.0,4.998925238587125,12.0,-0.0001880666345414964,-0.000499889367998845,-0.000499889367967311,-0.0009997755800747793,0.001687630986580091,0.0004998893679988698
2,0.003246900000000706,-9.998012295843727,3.027518595954959e-05,-12.0,4.999051561003555,12.0,-0.0001880353808493829,-0.000499902128581735,-0.0004999021285514844,-0.0009998012295843728,0.00168763814035966,0.0004999021285817596
2,0.003247100000000706,-9.99825300276705,2.899170785086724e-05,-12.0,4.999169989235218,12.0,-0.0001880060470167769,-0.0004999140997527122,-0.0004999140997237451,-0.0009998253002767052,0.001687644845930758,0.0004999140997527368
2,0.003247300000000706,-9.998477921134377,2.770816721930913e-05,-12.0,4.999280523095099,12.0,-0.0001879786331705699,-0.0004999252814927634,-0.0004999252814650799,-0.0009998477921134377,0.001687651103363108,0.0004999252814927881
2,0.003247500000000706,-9.998687050587266,2.642456718238151e-05,-12.0,4.999383162408652,12.0,-0.0001879531394295419,-0.0004999356737841222,-0.0004999356737577225,-0.0009998687050587266,0.00168765691272188,0.0004999356737841469
2,0.003247700000000706,-9.99888039079219,2.514091085892289e-05,-12.0,4.999477907013793,12.0,-0.00018792956590407,-0.0004999452766102688,-0.0004999452765851525,-0.000999888039079219,0.00168766227406747,0.0004999452766102934
2,0.003247900000000707,-9.999057941440558,2.385720137088043e-05,-12.0,4.999564756760908,12.0,-0.0001879079126963987,-0.0004999540899559289,-0.0004999540899320964,-0.0009999057941440558,0.001687667187455943,0.0004999540899559536
2,0.003248100000000707,-9.999219702248705,2.257344184108945e-05,-12.0,4.999643711512849,12.0,-0.0001878881799004528,-0.000499962113807076,-0.0004999621137845273,-0.0009999219702248707,0.001687671652939149,0.0004999621138071009
2,0.003248300000000707,-9.999365672957888,2.12896353990466e-05,-12.0,4.999714771144937,12.0,-0.0001878703676019555,-0.0004999693481509292,-0.0004999693481296644,-0.0009999365672957888,0.001687675670563826,0.0004999693481509539
2,0.003248500000000707,-9.999495853334308,2.000578516492268e-05,-12.0,4.999777935544959,12.0,-0.0001878544758783102,-0.0004999757929759546,-0.0004999757929559737,-0.0009999495853334308,0.001687679240372719,0.0004999757929759793
2,0.003248700000000707,-9.999610243169082,1.872189427265525e-05,-12.0,4.999833204613168,12.0,-0.000187840504798753,-0.0004999814482718648,-0.0004999814482531678,-0.0009999610243169082,0.001687682362403686,0.0004999814482718895
2,0.0032489000000007068,-9.999708842278269,1.743796584952051e-05,-12.0,4.999880578262289,12.0,-0.0001878284544241798,-0.0004999863140296192,-0.000499986314012206,-0.0009999708842278268,0.001687685036690478,0.0004999863140296439
2,0.0032491000000007073,-9.999791650502859,1.615400302723558e-05,-12.0,4.99992005641751,12.0,-0.0001878183248073123,-0.0004999903902414234,-0.0004999903902252943,-0.000999979165050286,0.001687687263261628,0.0004999903902414483
2,0.003249300000000707,-9.999858667708775,1.487000893707346e-05,-12.0,4.999951639016492,12.0,-0.0001878101159925386,-0.0004999936769007308,-0.0004999936768858856,-0.0009999858667708776,0.001687689042141893,0.0004999936769007555
2,0.003249500000000708,-9.999909893786866,1.358598671163946e-05,-12.0,4.999975326009361,12.0,-0.000187803828016038,-0.0004999961740022402,-0.0004999961739886789,-0.0009999909893786867,0.00168769037335148,0.0004999961740022649
2,0.003249700000000708,-9.999945328652931,1.230193948398295e-05,-12.0,4.999991117358711,12.0,-0.0001877994609057326,-0.0004999978815418978,-0.0004999978815296209,-0.000999994532865293,0.001687691256905155,0.0004999978815419228
2,0.0032499000000007078,-9.99996497224769,1.101787038848556e-05,-12.0,4.999999013039607,12.0,-0.0001877970146812596,-0.0004999987995168971,-0.000499998799505904,-0.0009999964972247691,0.001687691692814464,0.0004999987995169218
2,0.0032501000000007083,-9.99996882453681,9.733782556864412e-06,-12.0,4.999999013039578,12.0,-0.0001877964893539918,-0.0004999989279256774,-0.0004999989279159683,-0.000999996882453681,0.001687691681085735,0.0004999989279257022
2,0.003250300000000708,-9.999956885510878,8.449679127942034e-06,-12.0,4.999991117358627,12.0,-0.0001877978849271003,-0.0004999982667679252,-0.0004999982667595003,-0.000999995688551088,0.0016876912217203,0.0004999982667679499
2,0.003250500000000708,-9.99992915518544,7.165563230770999e-06,-12.0,4.999975326009221,12.0,-0.0001878012013954156,-0.0004999968160445743,-0.0004999968160374335,-0.000999992915518544,0.00168769031471605,0.0004999968160445991
2,0.0032507000000007082,-9.999885633600954,5.881438003285666e-06,-12.0,4.999951639016296,12.0,-0.0001878064387455872,-0.0004999945757578045,-0.0004999945757519479,-0.0009999885633600954,0.00168768896006577,0.0004999945757578293
2,0.003250900000000708,-9.999826320822837,4.59730657809132e-06,-12.0,4.999920056417259,12.0,-0.0001878135969559588,-0.0004999915459110433,-0.0004999915459064708,-0.0009999826320822838,0.0016876871577578,0.0004999915459110681
2,0.003251100000000708,-9.999751216941432,3.313172088237337e-06,-12.0,4.999880578261981,12.0,-0.0001878226759966309,-0.0004999877265089646,-0.0004999877265056761,-0.0009999751216941432,0.001687684907775822,0.0004999877265089893
2,0.003251300000000709,-9.999660322072028,2.029037666773092e-06,-12.0,4.999833204612805,12.0,-0.0001878336758294533,-0.0004999831175574891,-0.0004999831175554847,-0.000999966032207203,0.001687682210099073,0.0004999831175575138
2,0.003251500000000709,-9.999553636354843,7.449064463038724e-07,-12.0,4.99977793554454,12.0,-0.000187846596407977,-0.0004999777190637847,-0.0004999777190630645,-0.0009999553636354844,0.001687679064702463,0.0004999777190638093
2,0.0032517000000007092,-9.999431159955039,-5.392184436736613e-07,-12.0,4.999714771144462,12.0,-0.0001878614376775653,-0.0004999715310362658,-0.0004999715310368297,-0.0009999431159955039,0.001687675471556016,0.0004999715310362906
2,0.003251900000000709,-9.999292893062712,-1.823333870554222e-06,-12.0,4.999643711512318,12.0,-0.0001878781995752615,-0.0004999645534845941,-0.0004999645534864421,-0.0009999292893062713,0.00168767143062587,0.0004999645534846189
2,0.003252100000000709,-9.999138835892902,-3.107436704841149e-06,-12.0,4.999564756760321,12.0,-0.0001878968820299004,-0.0004999567864196778,-0.0004999567864228099,-0.0009999138835892903,0.001687666941872612,0.0004999567864197027
2,0.003252300000000709,-9.998968988685593,-4.391523820590493e-06,-12.0,4.99947790701315,12.0,-0.00018791748496199,-0.0004999482298536723,-0.0004999482298580887,-0.0009998968988685593,0.001687662005253721,0.000499948229853697
2,0.003252500000000709,-9.998783351705697,-5.675592092302395e-06,-12.0,4.999383162407954,12.0,-0.0001879400082838989,-0.00049993888379998,-0.0004999388838056802,-0.0009998783351705697,0.00168765662072079,0.0004999388838000047
2,0.0032527000000007094,-9.998581925243068,-6.959638394476997e-06,-12.0,4.999280523094345,12.0,-0.0001879644518996415,-0.0004999287482732492,-0.0004999287482802336,-0.0009998581925243068,0.001687650788221862,0.000499928748273274
2,0.003252900000000709,-9.998364709612503,-8.243659603390796e-06,-12.0,4.999169989234407,12.0,-0.0001879908157050303,-0.0004999178232893765,-0.0004999178232976449,-0.0009998364709612503,0.001687644507699981,0.0004999178232894011
2,0.00325310000000071,-9.99813170515373,-9.527652599317094e-06,-12.0,4.999051561002689,12.0,-0.0001880190995876135,-0.0004999061088655042,-0.0004999061088750566,-0.000999813170515373,0.001687637779093643,0.0004999061088655288
2,0.00325330000000071,-9.997882912231434,-1.081161426474964e-05,-12.0,4.998925238586203,12.0,-0.0001880493034266822,-0.0004998936050200221,-0.0004998936050308585,-0.0009997882912231434,0.00168763060233712,0.0004998936050200468
2,0.00325350000000071,-9.99761833123522,-1.209554148218217e-05,-12.0,4.99879102218443,12.0,-0.000188081427093291,-0.0004998803117725666,-0.0004998803117846869,-0.000999761833123522,0.00168762297736047,0.0004998803117725912
2,0.0032537000000007104,-9.99733796257963,-1.337943113677298e-05,-12.0,4.998648912009316,12.0,-0.0001881154704502577,-0.0004998662291440207,-0.0004998662291574248,-0.000999733796257963,0.001687614904087975,0.0004998662291440454
2,0.00325390000000071,-9.997041806704164,-1.466328011767715e-05,-12.0,4.998498908285272,12.0,-0.0001881514333521225,-0.0004998513571565144,-0.0004998513571712024,-0.0009997041806704165,0.001687606382441142,0.000499851357156539
2,0.0032541000000007097,-9.996729864073243,-1.59470853162702e-05,-12.0,4.998341011249176,12.0,-0.0001881893156452374,-0.0004998356958334246,-0.0004998356958493963,-0.0009996729864073244,0.001687597412335373,0.0004998356958334493
2,0.0032543000000007103,-9.996402135176229,-1.723084362614813e-05,-12.0,4.998175221150368,12.0,-0.0001882291171676834,-0.0004998192451993749,-0.0004998192452166302,-0.000999640213517623,0.001687587993682627,0.0004998192451993994
2,0.00325450000000071,-9.996058620527437,-1.851455194712415e-05,-12.0,4.998001538250652,12.0,-0.0001882708377492631,-0.0004998020052802353,-0.0004998020052987746,-0.0009996058620527438,0.001687578126390421,0.00049980200528026
2,0.00325470000000071,-9.995699320666093,-1.979820717679104e-05,-12.0,4.997819962824298,12.0,-0.0001883144772116124,-0.000499783976103123,-0.0004997839761229459,-0.0009995699320666093,0.001687567810360724,0.0004997839761031475
2,0.003254900000000711,-9.995324236156366,-2.108180621762656e-05,-12.0,4.997630495158039,12.0,-0.0001883600353681167,-0.0004997651576964012,-0.0004997651577175075,-0.0009995324236156365,0.001687557045492172,0.0004997651576964257
2,0.0032551000000007107,-9.99493336758739,-2.236534598143436e-05,-12.0,4.997433135551069,12.0,-0.0001884075120239109,-0.0004997455500896804,-0.0004997455501120705,-0.000999493336758739,0.00168754583167785,0.000499745550089705
2,0.0032553000000007113,-9.994526715573194,-2.36488233742449e-05,-12.0,4.997227884315048,12.0,-0.0001884569069758799,-0.0004997251533138178,-0.000499725153337491,-0.0009994526715573194,0.001687534168807736,0.0004997251533138423
2,0.003255500000000711,-9.994104280752763,-2.493223531052635e-05,-12.0,4.997014741774093,12.0,-0.0001885082200127272,-0.000499703967400916,-0.0004997039674258727,-0.0009994104280752765,0.001687522056766033,0.0004997039674009404
2,0.003255700000000711,-9.993666063790018,-2.621557871096414e-05,-12.0,4.996793708264786,12.0,-0.0001885614509149203,-0.0004996819923843253,-0.0004996819924105654,-0.000999366606379002,0.001687509495432615,0.0004996819923843497
2,0.003255900000000711,-9.993212065373811,-2.749885049713185e-05,-12.0,4.99656478413617,12.0,-0.0001886165994547037,-0.0004996592282986425,-0.0004996592283261658,-0.0009993212065373812,0.001687496484683804,0.0004996592282986668
2,0.003256100000000711,-9.992742286217922,-2.878204759504399e-05,-12.0,4.996327969749748,12.0,-0.0001886736653961066,-0.00049963567517971,-0.0004996356752085164,-0.0009992742286217922,0.001687483024390479,0.0004996356751797343
2,0.003256300000000711,-9.992256727061065,-3.006516693426775e-05,-12.0,4.99608326547948,12.0,-0.0001887326484949006,-0.0004996113330646171,-0.0004996113330947066,-0.0009992256727061066,0.001687469114419748,0.0004996113330646415
2,0.003256500000000711,-9.991755388666894,-3.134820545103167e-05,-12.0,4.995830671711788,12.0,-0.0001887935484987183,-0.0004995862019916996,-0.0004995862020230721,-0.0009991755388666895,0.001687454754633388,0.0004995862019917239
2,0.003256700000000712,-9.99123827182398,-3.263116008378475e-05,-12.0,4.995570188845553,12.0,-0.0001888563651469485,-0.0004995602820005395,-0.0004995602820331948,-0.000999123827182398,0.001687439944889513,0.0004995602820005637
2,0.003256900000000712,-9.990705377345842,-3.39140277776373e-05,-12.0,4.995301817292114,12.0,-0.0001889210981707717,-0.0004995335731319651,-0.0004995335731659032,-0.0009990705377345842,0.001687424685041572,0.0004995335731319891
2,0.003257100000000712,-9.99015670607091,-3.519680548258464e-05,-12.0,4.995025557475262,12.0,-0.0001889877472931387,-0.0004995060754280505,-0.0004995060754632714,-0.0009990156706070911,0.001687408974938354,0.0004995060754280745
2,0.003257300000000712,-9.989592258862556,-3.647949015173069e-05,-12.0,4.994741409831255,12.0,-0.0001890563122288885,-0.0004994777889321166,-0.0004994777889686203,-0.0009989592258862557,0.001687392814424094,0.0004994777889321407
2,0.003257500000000712,-9.989012036609065,-3.776207874439663e-05,-12.0,4.994449374808797,12.0,-0.0001891267926845686,-0.0004994487136887301,-0.000499448713726516,-0.0009989012036609065,0.001687376203338808,0.0004994487136887541
2,0.0032577000000007118,-9.988416040223663,-3.904456822390046e-05,-12.0,4.994149452869051,12.0,-0.0001891991883585728,-0.0004994188497437034,-0.000499418849782772,-0.0009988416040223663,0.001687359141518296,0.0004994188497437275
2,0.0032579000000007123,-9.987804270644496,-4.032695556110966e-05,-12.0,4.993841644485636,12.0,-0.0001892734989411629,-0.0004993881971440958,-0.0004993881971844467,-0.0009987804270644497,0.001687341628793471,0.0004993881971441198
2,0.003258100000000712,-9.98717672883463,-4.160923773177672e-05,-12.0,4.993525950144623,12.0,-0.0001893497241143086,-0.0004993567559382115,-0.000499356755979845,-0.000998717672883463,0.001687323664990914,0.0004993567559382356
2,0.003258300000000712,-9.986533415782048,-4.289141171609501e-05,-12.0,4.993202370344537,12.0,-0.0001894278635518887,-0.0004993245261756012,-0.0004993245262185167,-0.000998653341578205,0.001687305249932769,0.0004993245261756252
2,0.003258500000000713,-9.985874332499671,-4.417347449781062e-05,-12.0,4.992870905596353,12.0,-0.0001895079169195735,-0.0004992915079070613,-0.0004992915079512587,-0.0009985874332499672,0.001687286383436737,0.0004992915079070851
2,0.0032587000000007128,-9.985199480025337,-4.54554230744364e-05,-12.0,4.992531556423502,12.0,-0.0001895898838748591,-0.0004992577011846339,-0.0004992577012301132,-0.0009985199480025337,0.001687267065316411,0.0004992577011846577
2,0.0032589000000007133,-9.98450885942179,-4.673725444170884e-05,-12.0,4.99218432336186,12.0,-0.0001896737640671095,-0.0004992231060616065,-0.0004992231061083675,-0.0009984508859421791,0.001687247295380612,0.0004992231060616302
2,0.003259100000000713,-9.983802471776704,-4.801896560335805e-05,-12.0,4.991829206959757,12.0,-0.0001897595571374519,-0.0004991877225925125,-0.000499187722640555,-0.0009983802471776704,0.001687227073433495,0.000499187722592536
2,0.003259300000000713,-9.983080318202669,-4.930055357332819e-05,-12.0,4.991466207777969,12.0,-0.0001898472627189507,-0.0004991515508331306,-0.0004991515508824548,-0.000998308031820267,0.001687206399275554,0.0004991515508331542
2,0.003259500000000713,-9.982342399837178,-5.058201536467521e-05,-12.0,4.991095326389722,12.0,-0.0001899368804364684,-0.0004991145908404851,-0.0004991145908910908,-0.0009982342399837178,0.001687185272701841,0.0004991145908405087
2,0.003259700000000713,-9.981588717842651,-5.186334800244552e-05,-12.0,4.990716563380689,12.0,-0.0001900284099066868,-0.0004990768426728456,-0.0004990768427247325,-0.0009981588717842653,0.001687163693504079,0.0004990768426728691
2,0.003259900000000713,-9.98081927340642,-5.314454851701456e-05,-12.0,4.990329919348988,12.0,-0.0001901218507382313,-0.000499038306389727,-0.0004990383064428952,-0.000998081927340642,0.001687141661468772,0.0004990383063897505
2,0.003260100000000714,-9.98003406774071,-5.442561394497503e-05,-12.0,4.989935394905181,12.0,-0.0001902172025315257,-0.0004989989820518892,-0.0004989989821063384,-0.0009980034067740712,0.001687119176378538,0.0004989989820519126
2,0.003260300000000714,-9.979233102082677,-5.570654133091324e-05,-12.0,4.989532990672277,12.0,-0.0001903144648788546,-0.0004989588697213372,-0.0004989588697770673,-0.0009979233102082677,0.001687096238011221,0.0004989588697213609
2,0.003260500000000714,-9.97841637769437,-5.698732772030368e-05,-12.0,4.98912270728573,12.0,-0.0001904136373644116,-0.0004989179694613219,-0.0004989179695183325,-0.000997841637769437,0.001687072846140447,0.000498917969461345
2,0.003260700000000714,-9.977583895862752,-5.826797017816077e-05,-12.0,4.988704545393428,12.0,-0.0001905147195642651,-0.0004988762813363375,-0.0004988762813946287,-0.0009977583895862752,0.001687049000535734,0.0004988762813363608
2,0.003260900000000714,-9.97673565789968,-5.954846576283757e-05,-12.0,4.988278505655711,12.0,-0.0001906177110463439,-0.0004988338054121243,-0.0004988338054716959,-0.000997673565789968,0.001687024700961604,0.0004988338054121474
2,0.003261100000000714,-9.975871665141929,-6.082881154956254e-05,-12.0,4.987844588745352,12.0,-0.0001907226113704863,-0.000498790541755667,-0.000498790541816519,-0.000997587166514193,0.00168699994717858,0.0004987905417556902
2,0.003261300000000714,-9.974991918951154,-6.21090046162287e-05,-12.0,4.987402795347563,12.0,-0.0001908294200884189,-0.0004987464904351948,-0.0004987464904973269,-0.0009974991918951155,0.001686974738942526,0.000498746490435218
2,0.0032615000000007143,-9.974096420713924,-6.338904204961082e-05,-12.0,4.986953126159998,12.0,-0.0001909381367437638,-0.0004987016515201816,-0.0004987016515835938,-0.0009974096420713925,0.001686949076005861,0.0004987016515202047
2,0.003261700000000714,-9.973185171841697,-6.466892094092458e-05,-12.0,4.986495581892747,12.0,-0.0001910487608720382,-0.0004986560250813458,-0.0004986560251460379,-0.0009973185171841697,0.001686922958115344,0.0004986560250813688
2,0.003261900000000715,-9.972258173770827,-6.594863839692877e-05,-12.0,4.986030163268333,12.0,-0.0001911612920007105,-0.00049860961119065,-0.0004986096112566215,-0.0009972258173770827,0.00168689638501418,0.000498609611190673
2,0.003262100000000715,-9.97131542796256,-6.722819152260584e-05,-12.0,4.985556871021715,12.0,-0.0001912757296491097,-0.0004985624099213008,-0.0004985624099885519,-0.0009971315427962561,0.001686869356441023,0.0004985624099213238
2,0.003262300000000715,-9.97035693590304,-6.850757743670499e-05,-12.0,4.985075705900289,12.0,-0.000191392073328564,-0.0004985144213477498,-0.0004985144214162802,-0.000997035693590304,0.001686841872130196,0.0004985144213477727
2,0.0032625000000007153,-9.969382699103287,-6.978679326374859e-05,-12.0,4.984586668663879,12.0,-0.0001915103225422765,-0.0004984656455456917,-0.0004984656456155012,-0.0009969382699103286,0.001686813931812026,0.0004984656455457143
2,0.003262700000000715,-9.968392719099212,-7.106583613936124e-05,-12.0,4.984089760084738,12.0,-0.0001916304767853871,-0.0004984160825920651,-0.0004984160826631536,-0.0009968392719099212,0.00168678553521151,0.0004984160825920878
2,0.003262900000000715,-9.967386997451612,-7.234470319961162e-05,-12.0,4.983584980947559,12.0,-0.0001917525355449937,-0.0004983657325650534,-0.0004983657326374207,-0.0009967386997451612,0.001686756682050539,0.0004983657325650759
2,0.0032631000000007153,-9.966365535746172,-7.362339159922016e-05,-12.0,4.983072332049454,12.0,-0.0001918764983001517,-0.0004983145955440826,-0.0004983145956177288,-0.0009966365535746173,0.001686727372046004,0.0004983145955441053
2,0.003263300000000715,-9.96532833559344,-7.490189849201911e-05,-12.0,4.982551814199963,12.0,-0.0001920023645218746,-0.0004982626716098231,-0.0004982626716847475,-0.000996532833559344,0.00168669760491047,0.0004982626716098455
2,0.003263500000000715,-9.964275398628851,-7.618022104383115e-05,-12.0,4.982023428221058,12.0,-0.0001921301336730991,-0.0004982099608441876,-0.0004982099609203905,-0.0009964275398628851,0.001686667380352502,0.0004982099608442102
2,0.003263700000000716,-9.963206726512725,-7.74583564302489e-05,-12.0,4.981487174947133,12.0,-0.0001922598052087957,-0.0004981564633303339,-0.0004981564634078148,-0.0009963206726512725,0.001686636698076005,0.0004981564633303563
2,0.003263900000000716,-9.962122320930233,-7.873630183485858e-05,-12.0,4.980943055225001,12.0,-0.0001923913785758929,-0.0004981021791526613,-0.0004981021792314199,-0.0009962122320930232,0.001686605557780663,0.0004981021791526836
2,0.0032641000000007163,-9.961022183591432,-8.001405444524323e-05,-12.0,4.980391069913907,12.0,-0.0001925248532132356,-0.000498047108396813,-0.0004980471084768493,-0.0009961022183591433,0.001686573959162829,0.0004980471083968352
2,0.003264300000000716,-9.959906316231244,-8.129161146586128e-05,-12.0,4.979831219885508,12.0,-0.0001926602285517581,-0.0004979912511496752,-0.000497991251230989,-0.0009959906316231244,0.001686541901912531,0.0004979912511496973
2,0.003264500000000716,-9.958774720609453,-8.256897010250341e-05,-12.0,4.979263506023882,12.0,-0.000192797504014304,-0.0004979346074993764,-0.0004979346075819676,-0.0009958774720609453,0.001686509385717683,0.0004979346074993984
2,0.003264700000000716,-9.957627398510706,-8.3846127574283e-05,-12.0,4.978687929225529,12.0,-0.0001929366790158205,-0.0004978771775352884,-0.0004978771776191567,-0.0009957627398510707,0.001686476410260429,0.0004978771775353104
2,0.003264900000000716,-9.956464351744508,-8.51230811051984e-05,-12.0,4.978104490399365,12.0,-0.0001930777529631916,-0.0004978189613480251,-0.0004978189614331702,-0.0009956464351744507,0.001686442975219693,0.0004978189613480471
2,0.003265100000000716,-9.955285582145224,-8.639982793257062e-05,-12.0,4.977513190466715,12.0,-0.0001932207252553358,-0.000497759959029443,-0.0004977599591158646,-0.0009955285582145224,0.001686409080269291,0.0004977599590294649
2,0.003265300000000716,-9.954091091572078,-8.767636529993794e-05,-12.0,4.976914030361326,12.0,-0.0001933655952832264,-0.0004977001706726407,-0.0004977001707603389,-0.0009954091091572078,0.001686374725079265,0.0004977001706726625
2,0.003265500000000717,-9.952880881909145,-8.895269046149679e-05,-12.0,4.976307011029354,12.0,-0.0001935123624298568,-0.0004976395963719597,-0.0004976395964609342,-0.0009952880881909146,0.001686339909315326,0.0004976395963719816
2,0.003265700000000717,-9.951654955065331,-9.022880067766081e-05,-12.0,4.975692133429362,12.0,-0.0001936610260702479,-0.0004975782362229823,-0.0004975782363132327,-0.0009951654955065333,0.001686304632639413,0.0004975782362230041
2,0.003265900000000717,-9.950413312974408,-9.15046932208341e-05,-12.0,4.975069398532325,12.0,-0.00019381158557151,-0.000497516090322533,-0.0004975160904140594,-0.000995041331297441,0.00168626889470791,0.0004975160903225546
2,0.003266100000000717,-9.949155957594984,-9.278036537052614e-05,-12.0,4.974438807321633,12.0,-0.0001939640402927947,-0.0004974531587686788,-0.0004974531588614806,-0.0009949155957594985,0.001686232695174317,0.0004974531587687004
2,0.003266300000000717,-9.947882890910517,-9.405581441956912e-05,-12.0,4.973800360793071,12.0,-0.0001941183895852738,-0.0004973894416607276,-0.0004973894417548049,-0.0009947882890910518,0.001686196033687914,0.0004973894416607491
2,0.0032665000000007167,-9.94659411492928,-9.533103766656836e-05,-12.0,4.973154059954829,12.0,-0.0001942746327923475,-0.0004973249390992282,-0.0004973249391945807,-0.000994659411492928,0.001686158909892432,0.0004973249390992496
2,0.0032667000000007173,-9.945289631684396,-9.660603241590238e-05,-12.0,4.972499905827513,12.0,-0.0001944327692492628,-0.0004972596511859717,-0.000497259651282599,-0.0009945289631684397,0.001686121323429157,0.000497259651185993
2,0.003266900000000717,-9.943969443233835,-9.788079599326593e-05,-12.0,4.971837899444118,12.0,-0.0001945927982835993,-0.00049719357802399,-0.0004971935781218921,-0.0009943969443233834,0.001686083273933603,0.0004971935780240111
2,0.003267100000000717,-9.94263355166035,-9.915532572124519e-05,-12.0,4.971168041850039,12.0,-0.0001947547192148458,-0.0004971267197175551,-0.0004971267198167315,-0.000994263355166035,0.001686044761038508,0.0004971267197175761
2,0.003267300000000718,-9.941281959071564,-0.0001004296189393017,-12.0,4.970490334103078,12.0,-0.000194918531354768,-0.0004970590763721806,-0.0004970590764726313,-0.0009941281959071563,0.001686005784371614,0.0004970590763722017
2,0.0032675000000007177,-9.9399146675999,-0.000101703672992226,-12.0,4.969804777273425,12.0,-0.0001950842340071174,-0.0004969906480946207,-0.0004969906481963454,-0.00099399146675999,0.001685966343556555,0.0004969906480946418
2,0.0032677000000007183,-9.938531679402601,-0.0001029774852385756,-12.0,4.969111372443668,12.0,-0.0001952518264678182,-0.0004969214349928697,-0.0004969214350958682,-0.00099385316794026,0.00168592643821297,0.0004969214349928907
2,0.003267900000000718,-9.93713299666172,-0.0001042510530422369,-12.0,4.968410120708787,12.0,-0.0001954213080249817,-0.0004968514371761621,-0.000496851437280434,-0.000993713299666172,0.001685886067956388,0.0004968514371761829
2,0.003268100000000718,-9.935718621584146,-0.0001055243737808631,-12.0,4.967701023176158,12.0,-0.0001955926779587808,-0.0004967806547549731,-0.0004967806548605182,-0.0009935718621584147,0.001685845232398453,0.000496780654754994
2,0.003268300000000718,-9.934288556401542,-0.0001067974448383247,-12.0,4.966984080965538,12.0,-0.0001957659355416169,-0.0004967090878410171,-0.0004967090879478352,-0.0009934288556401542,0.001685803931145702,0.0004967090878410376
2,0.003268500000000718,-9.932842803370397,-0.0001080702636113706,-12.0,4.966259295209079,12.0,-0.0001959410800379952,-0.0004966367365472485,-0.0004966367366553393,-0.0009932842803370397,0.001685762163801785,0.0004966367365472691
2,0.003268700000000718,-9.93138136477201,-0.0001093428275047437,-12.0,4.965526667051319,12.0,-0.0001961181107046212,-0.0004965636009878619,-0.0004965636010972253,-0.000993138136477201,0.001685719929965357,0.0004965636009878823
2,0.003268900000000718,-9.929904242912446,-0.0001106151339329564,-12.0,4.964786197649173,12.0,-0.0001962970267903874,-0.0004964896812782902,-0.0004964896813889257,-0.0009929904242912447,0.001685677229231741,0.0004964896812783106
2,0.003269100000000719,-9.928411440122598,-0.0001118871803216237,-12.0,4.964037888171947,12.0,-0.0001964778275364287,-0.0004964149775352065,-0.0004964149776471139,-0.00099284114401226,0.001685634061191377,0.0004964149775352268
2,0.003269300000000719,-9.926902958758133,-0.0001131589641039099,-12.0,4.963281739801321,12.0,-0.0001966605121759279,-0.0004963394898765223,-0.0004963394899897015,-0.0009926902958758133,0.001685590425430927,0.0004963394898765425
2,0.003269500000000719,-9.925378801199503,-0.0001144304827249698,-12.0,4.96251775373136,12.0,-0.0001968450799344212,-0.0004962632184213883,-0.000496263218535839,-0.0009925378801199504,0.001685546321533615,0.0004962632184214085
2,0.003269700000000719,-9.923838969851952,-0.0001157017336401722,-12.0,4.961745931168498,12.0,-0.0001970315300296732,-0.0004961861632901939,-0.0004961861634059157,-0.0009923838969851952,0.001685501749077112,0.0004961861632902138
2,0.003269900000000719,-9.922283467145494,-0.0001169727143128796,-12.0,4.96096627333155,12.0,-0.0001972198616715243,-0.0004961083246045664,-0.0004961083247215591,-0.0009922283467145494,0.001685456707636979,0.0004961083246045864
2,0.003270100000000719,-9.920712295534932,-0.0001182434222175566,-12.0,4.960178781451706,12.0,-0.0001974100740622237,-0.0004960297024873724,-0.0004960297026056357,-0.0009920712295534932,0.001685411196783004,0.0004960297024873924
2,0.0032703000000007193,-9.919125457499826,-0.0001195138548384378,-12.0,4.959383456772517,12.0,-0.0001976021663962352,-0.0004959502970627159,-0.0004959502971822494,-0.0009919125457499827,0.001685365216081647,0.0004959502970627355
2,0.003270500000000719,-9.917522955544515,-0.0001207840096717483,-12.0,4.958580300549911,12.0,-0.0001977961378601817,-0.0004958701084559386,-0.0004958701085767421,-0.0009917522955544514,0.001685318765095589,0.0004958701084559582
2,0.00327070000000072,-9.9159047921981,-0.0001220538842177099,-12.0,4.957769314052185,12.0,-0.0001979919876330394,-0.0004957891367936208,-0.0004957891369156941,-0.00099159047921981,0.001685271843383407,0.0004957891367936404
2,0.00327090000000072,-9.914270970014444,-0.0001233234759965285,-12.0,4.956950498559992,12.0,-0.00019818971488611,-0.0004957073822035795,-0.0004957073823269224,-0.0009914270970014444,0.001685224450499234,0.0004957073822035989
2,0.00327110000000072,-9.912621491572157,-0.0001245927825292981,-12.0,4.956123855366356,12.0,-0.0001983893187828822,-0.0004956248448148693,-0.0004956248449394814,-0.0009912621491572158,0.001685176585993542,0.0004956248448148886
2,0.0032713000000007203,-9.910956359474607,-0.000125861801348659,-12.0,4.955289385776663,12.0,-0.0001985907984792118,-0.0004955415247577818,-0.000495541524883663,-0.0009910956359474607,0.001685128249412915,0.0004955415247578012
2,0.00327150000000072,-9.909275576349911,-0.0001271305300027947,-12.0,4.954447091108647,12.0,-0.0001987941531232662,-0.0004954574221638458,-0.0004954574222909955,-0.000990927557634991,0.001685079440299386,0.000495457422163865
2,0.00327170000000072,-9.907579144850931,-0.0001283989660429974,-12.0,4.953596972692413,12.0,-0.0001989993818554692,-0.0004953725371658264,-0.0004953725372942445,-0.0009907579144850932,0.001685030158191991,0.0004953725371658455
2,0.0032719000000007202,-9.90586706765527,-0.0001296671070369904,-12.0,4.952739031870409,12.0,-0.0001992064838086949,-0.0004952868698977255,-0.0004952868700274117,-0.000990586706765527,0.001684980402624769,0.0004952868698977446
2,0.00327210000000072,-9.904139347465257,-0.000130934950557382,-12.0,4.951873269997443,12.0,-0.000199415458108046,-0.000495200420494781,-0.000495200420625735,-0.0009904139347465257,0.001684930173128762,0.0004952004204948001
2,0.00327230000000072,-9.902395987007967,-0.0001322024941905475,-12.0,4.950999688440673,12.0,-0.0001996263038710755,-0.0004951131890934674,-0.0004951131892256889,-0.0009902395987007968,0.001684879469230238,0.0004951131890934864
2,0.003272500000000721,-9.900636989035178,-0.0001334697355290793,-12.0,4.950118288579598,12.0,-0.0001998390202076344,-0.0004950251758314941,-0.0004950251759649825,-0.0009900636989035178,0.001684828290452023,0.0004950251758315128
2,0.003272700000000721,-9.898862356323418,-0.0001347366721766718,-12.0,4.949229071806077,12.0,-0.0002000536062199409,-0.0004949363808478067,-0.0004949363809825621,-0.000989886235632342,0.001684776636313057,0.0004949363808478254
2,0.0032729000000007212,-9.897072091673916,-0.0001360033017547835,-12.0,4.948332039524295,12.0,-0.0002002700610026914,-0.0004948468042825865,-0.0004948468044186081,-0.0009897072091673916,0.001684724506328172,0.000494846804282605
2,0.003273100000000721,-9.895266197912624,-0.0001372696218804315,-12.0,4.947427193150794,12.0,-0.0002004883836429217,-0.000494756446277249,-0.0004947564464145372,-0.0009895266197912625,0.001684671900008317,0.0004947564462772676
2,0.003273300000000721,-9.8934446778902,-0.0001385356301946139,-12.0,4.946514534114452,12.0,-0.0002007085732199931,-0.0004946653069744463,-0.0004946653071130003,-0.00098934446778902,0.001684618816860994,0.0004946653069744648
2,0.003273500000000721,-9.891607534481993,-0.0001398013243383289,-12.0,4.945594063856476,12.0,-0.0002009306288059398,-0.0004945733865180632,-0.0004945733866578827,-0.0009891607534481994,0.001684565256388604,0.0004945733865180815
2,0.003273700000000721,-9.889754770588073,-0.0001410667019667855,-12.0,4.944665783830419,12.0,-0.0002011545494649269,-0.0004944806850532205,-0.0004944806851943053,-0.0009889754770588074,0.001684511218091433,0.0004944806850532386
2,0.003273900000000721,-9.8878863891332,-0.0001423317607467389,-12.0,4.943729695502162,12.0,-0.0002013803342537646,-0.0004943872027262727,-0.0004943872028686227,-0.00098878863891332,0.001684456701464554,0.0004943872027262909
2,0.003274100000000721,-9.886002393066812,-0.000143596498352494,-12.0,4.942785800349912,12.0,-0.0002016079822216577,-0.0004942929396848086,-0.000494292939828423,-0.0009886002393066813,0.001684401705999816,0.0004942929396848265
2,0.003274300000000722,-9.884102785363046,-0.0001448609124672373,-12.0,4.941834099864214,12.0,-0.0002018374924102756,-0.0004941978960776502,-0.000494197896222529,-0.0009884102785363046,0.001684346231184852,0.0004941978960776682
2,0.003274500000000722,-9.882187569020717,-0.0001461250007874781,-12.0,4.940874595547927,12.0,-0.0002020688638537799,-0.0004941020720548537,-0.0004941020722009965,-0.0009882187569020717,0.001684290276504186,0.0004941020720548715
2,0.003274700000000722,-9.88025674706331,-0.0001473887610172753,-12.0,4.939907288916242,12.0,-0.0002023020955788241,-0.0004940054677677082,-0.0004940054679151146,-0.000988025674706331,0.001684233841437566,0.000494005467767726
2,0.003274900000000722,-9.878310322538997,-0.0001486521908700134,-12.0,4.938932181496671,12.0,-0.0002025371866045816,-0.0004939080833687365,-0.0004939080835174064,-0.0009878310322538999,0.001684176925461744,0.0004939080833687541
2,0.003275100000000722,-9.876348298520597,-0.0001499152880719556,-12.0,4.937949274829037,12.0,-0.0002027741359426904,-0.0004938099190116935,-0.0004938099191616263,-0.0009876348298520597,0.001684119528049366,0.0004938099190117109
2,0.0032753000000007217,-9.874370678105599,-0.0001511780503560267,-12.0,4.936958570465485,12.0,-0.0002030129425973359,-0.0004937109748515668,-0.0004937109750027622,-0.00098743706781056,0.001684061648669188,0.0004937109748515841
2,0.0032755000000007223,-9.872377464416163,-0.0001524404754666975,-12.0,4.935960069970477,12.0,-0.0002032536055653344,-0.000493611251044577,-0.0004936112511970349,-0.0009872377464416164,0.001684003286786306,0.0004936112510445944
2,0.003275700000000722,-9.870368660599073,-0.0001537025611573206,-12.0,4.934953774920775,12.0,-0.0002034961238358834,-0.0004935107477481759,-0.0004935107479018959,-0.0009870368660599073,0.001683944441862595,0.0004935107477481932
2,0.003275900000000722,-9.868344269825776,-0.000154964305191907,-12.0,4.933939686905458,12.0,-0.0002037404963909223,-0.0004934094651210479,-0.0004934094652760292,-0.0009868344269825778,0.001683885113355044,0.000493409465121065
2,0.003276100000000723,-9.866304295292366,-0.0001562257053406846,-12.0,4.932917807525915,12.0,-0.0002039867222048408,-0.0004933074033231086,-0.0004933074034793513,-0.0009866304295292367,0.001683825300717867,0.0004933074033231256
2,0.0032763000000007227,-9.864248740219564,-0.0001574867593916451,-12.0,4.931888138395827,12.0,-0.0002042348002447014,-0.0004932045625155051,-0.0004932045626730087,-0.0009864248740219564,0.00168376500340095,0.0004932045625155219
2,0.0032765000000007233,-9.86217760785272,-0.0001587474651350007,-12.0,4.930850681141182,12.0,-0.0002044847294700447,-0.000493100942860615,-0.0004931009430193793,-0.000986217760785272,0.001683704220851512,0.0004931009428606317
2,0.003276700000000723,-9.860090901461813,-0.000160007820373842,-12.0,4.929805437400268,12.0,-0.0002047365088332503,-0.0004929965445220476,-0.000492996544682072,-0.0009860090901461815,0.001683642952511555,0.0004929965445220643
2,0.003276900000000723,-9.85798862434145,-0.0001612678229174769,-12.0,4.92875240882367,12.0,-0.000204990137279093,-0.0004928913676646422,-0.0004928913678259267,-0.0009857988624341451,0.001683581197820971,0.0004928913676646588
2,0.003277100000000723,-9.85587077981084,-0.0001625274705894242,-12.0,4.92769159707426,12.0,-0.0002052456137451308,-0.0004927854124544685,-0.0004927854126170125,-0.000985587077981084,0.001683518956214547,0.0004927854124544849
2,0.003277300000000723,-9.853737371213809,-0.0001637867612207522,-12.0,4.926623003827205,12.0,-0.0002055029371615114,-0.0004926786790588263,-0.0004926786792226294,-0.000985373737121381,0.001683456227124291,0.0004926786790588427
2,0.003277500000000723,-9.851588401918791,-0.0001650456926496346,-12.0,4.925546630769964,12.0,-0.0002057621064510406,-0.000492571167646245,-0.0004925711678113072,-0.0009851588401918793,0.001683393009978662,0.0004925711676462614
2,0.003277700000000723,-9.849423875318813,-0.0001663042627284561,-12.0,4.924462479602271,12.0,-0.0002060231205293223,-0.0004924628783864837,-0.0004924628785528042,-0.0009849423875318813,0.001683329304201675,0.0004924628783865
2,0.003277900000000724,-9.84724379483149,-0.0001675624693127098,-12.0,4.923370552036151,12.0,-0.000206285978304438,-0.0004923538114505303,-0.0004923538116181088,-0.000984724379483149,0.001683265109214904,0.0004923538114505464
2,0.003278100000000724,-9.84504816389905,-0.000168820310273432,-12.0,4.922270849795911,12.0,-0.0002065506786774335,-0.0004922439670106024,-0.0004922439671794388,-0.0009845048163899049,0.001683200424434927,0.0004922439670106185
2,0.003278300000000724,-9.842836985988267,-0.0001700777834878764,-12.0,4.921163374618124,12.0,-0.0002068172205418745,-0.0004921333452401453,-0.000492133345410239,-0.0009842836985988269,0.001683135249276102,0.0004921333452401612
2,0.003278500000000724,-9.84061026459052,-0.0001713348868430664,-12.0,4.920048128251647,12.0,-0.00020708560278411,-0.0004920219463138332,-0.0004920219464851839,-0.000984061026459052,0.001683069583148011,0.000492021946313849
2,0.003278700000000724,-9.838368003221756,-0.0001725916182344633,-12.0,4.91892511245761,12.0,-0.0002073558242832868,-0.0004919097704075688,-0.0004919097705801761,-0.0009838368003221756,0.001683003425457685,0.0004919097704075845
2,0.0032789000000007238,-9.836110205422477,-0.0001738479755681865,-12.0,4.917794329009405,12.0,-0.000207627883911321,-0.0004917968176984819,-0.0004917968178723454,-0.0009836110205422477,0.001682936775607602,0.0004917968176984974
2,0.0032791000000007243,-9.833836874757738,-0.0001751039567610135,-12.0,4.916655779692687,12.0,-0.000207901780532746,-0.0004916830883649294,-0.0004916830885400488,-0.0009833836874757738,0.001682869632997797,0.0004916830883649448
2,0.003279300000000724,-9.831548014817171,-0.0001763595597301659,-12.0,4.915509466305394,12.0,-0.0002081775130050867,-0.000491568582586497,-0.0004915685827628721,-0.0009831548014817171,0.001682801997023864,0.0004915685825865124
2,0.003279500000000725,-9.829243629214947,-0.0001776147824137375,-12.0,4.914355390657704,12.0,-0.0002084550801785545,-0.0004914533005439967,-0.0004914533007216266,-0.0009829243629214948,0.001682733867078179,0.0004914533005440119
2,0.003279700000000725,-9.826923721589758,-0.0001788696227529307,-12.0,4.913193554572054,12.0,-0.0002087344808961722,-0.0004913372424194656,-0.0004913372425983503,-0.0009826923721589758,0.001682665242549786,0.0004913372424194807
2,0.0032799000000007248,-9.82458829560487,-0.0001801240786925007,-12.0,4.912023959883155,12.0,-0.000209015713993857,-0.0004912204083961696,-0.000491220408576309,-0.0009824588295604872,0.001682596122824287,0.0004912204083961847
2,0.0032801000000007253,-9.822237354948063,-0.0001813781481998511,-12.0,4.91084660843795,12.0,-0.0002092987783003097,-0.0004911027986586001,-0.0004911027988399932,-0.0009822237354948063,0.001682526507283066,0.000491102798658615
2,0.003280300000000725,-9.819870903331612,-0.0001826318292357243,-12.0,4.909661502095634,12.0,-0.0002095836726370842,-0.0004909844133924721,-0.0004909844135751188,-0.0009819870903331612,0.001682456395305176,0.000490984413392487
2,0.003280500000000725,-9.817488944492357,-0.0001838851197817348,-12.0,4.908468642727655,12.0,-0.0002098703958186704,-0.0004908652527847289,-0.0004908652529686288,-0.0009817488944492358,0.001682385786265228,0.0004908652527847437
2,0.0032807000000007252,-9.815091482191628,-0.0001851380178186091,-12.0,4.907268032217705,12.0,-0.0002101589466523973,-0.0004907453170235377,-0.0004907453172086905,-0.0009815091482191628,0.001682314679535057,0.0004907453170235524
2,0.003280900000000725,-9.812678520215256,-0.000186390521345281,-12.0,4.906059672461705,12.0,-0.0002104493239384331,-0.0004906246062982905,-0.0004906246064846956,-0.0009812678520215257,0.001682243074482836,0.000490624606298305
2,0.003281100000000725,-9.810250062373578,-0.0001876426283602406,-12.0,4.904843565367822,12.0,-0.0002107415264700069,-0.0004905031207996038,-0.000490503120987261,-0.0009810250062373578,0.001682170970472963,0.0004905031207996181
2,0.003281300000000726,-9.807806112501437,-0.0001888943368784091,-12.0,4.903619712856458,12.0,-0.0002110355530330899,-0.0004903808607193193,-0.000490380860908228,-0.0009807806112501437,0.00168209836686728,0.0004903808607193337
2,0.003281500000000726,-9.805346674458143,-0.0001901456449173722,-12.0,4.90238811686024,12.0,-0.0002113314024067836,-0.0004902578262505015,-0.0004902578264406613,-0.0009805346674458142,0.001682025263023301,0.0004902578262505157
2,0.0032817000000007262,-9.802871752127496,-0.0001913965505044857,-12.0,4.901148779324026,12.0,-0.0002116290733630288,-0.0004901340175874389,-0.0004901340177788496,-0.0009802871752127497,0.001681951658295655,0.000490134017587453
2,0.003281900000000726,-9.800381349417775,-0.0001926470516750989,-12.0,4.899901702204904,12.0,-0.0002119285646667163,-0.0004900094349256439,-0.000490009435118305,-0.0009800381349417775,0.001681877552036082,0.0004900094349256579
2,0.003282100000000726,-9.797875470261724,-0.0001938971464765515,-12.0,4.898646887472175,12.0,-0.0002122298750758395,-0.0004898840784618514,-0.0004898840786557625,-0.0009797875470261724,0.001681802943591881,0.0004898840784618652
2,0.003282300000000726,-9.79535411861654,-0.0001951468329628447,-12.0,4.897384337107358,12.0,-0.0002125330033412864,-0.0004897579483940183,-0.0004897579485891788,-0.000979535411861654,0.001681727832307689,0.0004897579483940321
2,0.003282500000000726,-9.792817298463891,-0.0001963961091879796,-12.0,4.896114053104203,12.0,-0.0002128379482070064,-0.0004896310449213254,-0.0004896310451177351,-0.000979281729846389,0.00168165221752492,0.0004896310449213391
2,0.0032827000000007264,-9.790265013809895,-0.0001976449732272734,-12.0,4.894836037468656,12.0,-0.0002131447084099403,-0.0004895033682441748,-0.0004895033684418334,-0.0009790265013809895,0.001681576098581439,0.0004895033682441885
2,0.003282900000000726,-9.787697268685081,-0.0001988934231560435,-12.0,4.893550292218872,12.0,-0.0002134532826801178,-0.0004893749185641894,-0.0004893749187630963,-0.000978769726868508,0.001681499474811776,0.0004893749185642029
2,0.003283100000000727,-9.785114067144459,-0.0002001414570544924,-12.0,4.892256819385233,12.0,-0.0002137636697406298,-0.0004892456960842156,-0.0004892456962843702,-0.000978511406714446,0.001681422345547579,0.0004892456960842288
2,0.003283300000000727,-9.782515413267456,-0.0002013890730254708,-12.0,4.890955621010299,12.0,-0.0002140758683075866,-0.000489115701008319,-0.0004891157012097216,-0.0009782515413267457,0.001681344710116717,0.0004891157010083325
2,0.003283500000000727,-9.779901311157882,-0.0002026362691602834,-12.0,4.889646699148839,12.0,-0.000214389877090243,-0.0004889849335417867,-0.0004889849337444362,-0.0009779901311157883,0.001681266567843842,0.0004889849335417999
2,0.0032837000000007274,-9.777271764944016,-0.0002038830435693306,-12.0,4.888330055867823,12.0,-0.0002147056947909148,-0.0004888533938911262,-0.0004888533940950224,-0.0009777271764944016,0.001681187918051164,0.0004888533938911392
2,0.003283900000000727,-9.77462677877853,-0.0002051293943727828,-12.0,4.887005693246412,12.0,-0.0002150233201051316,-0.0004887210822640654,-0.0004887210824692078,-0.000977462677877853,0.001681108760056338,0.0004887210822640785
2,0.003284100000000727,-9.771966356838472,-0.000206375319689478,-12.0,4.885673613375949,12.0,-0.000215342751721373,-0.000488587998869551,-0.0004885879990759392,-0.0009771966356838472,0.001681029093175246,0.0004885879988695638
2,0.0032843000000007273,-9.769290503325319,-0.0002076208176524652,-12.0,4.884333818359973,12.0,-0.0002156639883214295,-0.0004884541439177498,-0.0004884541441253833,-0.0009769290503325318,0.00168094891671966,0.0004884541439177626
2,0.003284500000000727,-9.766599222464937,-0.0002088658864005666,-12.0,4.88298631031421,12.0,-0.0002159870285802501,-0.0004883195176200482,-0.0004883195178289268,-0.0009766599222464937,0.001680868229998134,0.000488319517620061
2,0.003284700000000727,-9.76389251850755,-0.000210110524081486,-12.0,4.881631091366548,12.0,-0.0002163118711659001,-0.0004881841201890504,-0.0004881841203991734,-0.000976389251850755,0.001680787032316555,0.0004881841201890629
2,0.003284900000000728,-9.761170395727767,-0.0002113547288455919,-12.0,4.880268163657068,12.0,-0.0002166385147396449,-0.0004880479518385789,-0.0004880479520499461,-0.0009761170395727768,0.001680705322977261,0.0004880479518385913
2,0.003285100000000728,-9.758432858424575,-0.0002125984988525786,-12.0,4.878897529338023,12.0,-0.0002169669579560052,-0.0004879110127836751,-0.0004879110129962861,-0.0009758432858424576,0.00168062310127981,0.0004879110127836875
2,0.0032853000000007283,-9.755679910921312,-0.0002138418322772395,-12.0,4.877519190573822,12.0,-0.0002172971994626322,-0.0004877733032405976,-0.0004877733034544518,-0.0009755679910921313,0.001680540366520655,0.00048777330324061
2,0.003285500000000728,-9.752911557565675,-0.0002150847272854861,-12.0,4.876133149541061,12.0,-0.000217629237900599,-0.0004876348234268224,-0.0004876348236419195,-0.0009752911557565675,0.001680457117992473,0.0004876348234268347
2,0.003285700000000728,-9.750127802729699,-0.0002163271820663226,-12.0,4.874739408428478,12.0,-0.0002179630719040954,-0.0004874955735610424,-0.0004874955737773816,-0.00097501278027297,0.00168037335498572,0.0004874955735610544
2,0.003285900000000728,-9.747328650809774,-0.0002175691948047564,-12.0,4.873337969436988,12.0,-0.0002182987001005665,-0.0004873555538631673,-0.0004873555540807485,-0.0009747328650809774,0.001680289076786967,0.0004873555538631793
2,0.003286100000000728,-9.744514106226612,-0.0002188107637000059,-12.0,4.871928834779648,12.0,-0.0002186361211108379,-0.000487214764554323,-0.0004872147647731456,-0.0009744514106226613,0.001680204282680786,0.0004872147645543348
2,0.003286300000000728,-9.74168417342525,-0.0002200518869521773,-12.0,4.870512006681677,12.0,-0.0002189753335489902,-0.0004870732058568511,-0.0004870732060769149,-0.0009741684173425251,0.001680118971947531,0.0004870732058568629
2,0.003286500000000728,-9.738838856875056,-0.0002212925627720352,-12.0,4.869087487380444,12.0,-0.0002193163360224987,-0.0004869308779943099,-0.0004869308782156142,-0.0009738838856875056,0.001680033143865001,0.0004869308779943216
2,0.003286700000000729,-9.73597816106969,-0.0002225327893765616,-12.0,4.867655279125453,12.0,-0.0002196591271320797,-0.0004867877811914713,-0.0004867877814140157,-0.0009735978161069691,0.001679946797708332,0.0004867877811914829
2,0.003286900000000729,-9.73310209052713,-0.0002237725649880673,-12.0,4.866215384178357,12.0,-0.0002200037054717746,-0.0004866439156743231,-0.0004866439158981071,-0.000973310209052713,0.001679859932749328,0.0004866439156743345
2,0.003287100000000729,-9.73021064978965,-0.0002250118878346363,-12.0,4.864767804812954,12.0,-0.0002203500696291438,-0.0004864992816700676,-0.0004864992818950907,-0.0009730210649789649,0.001679772548256908,0.0004864992816700788
2,0.003287300000000729,-9.727303843423805,-0.0002262507561567872,-12.0,4.86331254331516,12.0,-0.0002206982181850031,-0.0004863538794071203,-0.0004863538796333824,-0.0009727303843423805,0.00167968464349677,0.0004863538794071317
2,0.003287500000000729,-9.72438167602043,-0.00022748916819193,-12.0,4.861849601983035,12.0,-0.0002210481497136318,-0.0004862077091151115,-0.000486207709342612,-0.0009724381676020431,0.001679596217731838,0.0004862077091151227
2,0.0032877000000007288,-9.721444152194652,-0.0002287271221912412,-12.0,4.860378983126768,12.0,-0.0002213998627827868,-0.0004860607710248848,-0.000486060771253623,-0.0009721444152194652,0.001679507270221925,0.000486060771024896
2,0.0032879000000007293,-9.71849127658584,-0.0002299646164107827,-12.0,4.858900689068658,12.0,-0.0002217533559534385,-0.000485913065368496,-0.0004859130655984715,-0.0009718491276585841,0.001679417800224403,0.0004859130653685069
2,0.003288100000000729,-9.715523053857641,-0.0002312016491075042,-12.0,4.857414722143143,12.0,-0.0002221086277802709,-0.0004857645923792143,-0.0004857645926104267,-0.0009715523053857642,0.001679327806993425,0.0004857645923792251
2,0.003288300000000729,-9.712539488697946,-0.0002324382185561191,-12.0,4.855921084696757,12.0,-0.0002224656768112926,-0.0004856153522915206,-0.0004856153525239694,-0.0009712539488697946,0.001679237289779811,0.0004856153522915313
2,0.00328850000000073,-9.709540585818884,-0.0002336743230237914,-12.0,4.854419779088163,12.0,-0.0002228245015879898,-0.0004854653453411081,-0.000485465345574793,-0.0009709540585818884,0.001679146247832719,0.0004854653453411187
2,0.0032887000000007298,-9.706526349956839,-0.0002349099607923399,-12.0,4.852910807688132,12.0,-0.0002231851006454511,-0.0004853145717648818,-0.0004853145719998024,-0.000970652634995684,0.001679054680396641,0.0004853145717648925
2,0.0032889000000007303,-9.703496785872398,-0.0002361451301471362,-12.0,4.851394172879527,12.0,-0.0002235474725121311,-0.000485163031800957,-0.0004851630320371125,-0.0009703496785872398,0.00167896258671496,0.0004851630318009674
2,0.00328910000000073,-9.700451898350385,-0.0002373798293806573,-12.0,4.849869877057324,12.0,-0.0002239116157101428,-0.0004850107256886601,-0.0004850107259260502,-0.0009700451898350385,0.001678869966027285,0.0004850107256886705
2,0.00328930000000073,-9.697391692199844,-0.0002386140567876005,-12.0,4.848337922628599,12.0,-0.0002242775287550763,-0.0004848576536685284,-0.0004848576539071529,-0.0009697391692199844,0.001678776817570449,0.0004848576536685387
2,0.00328950000000073,-9.694316172253998,-0.0002398478106724333,-12.0,4.846798312012512,12.0,-0.0002246452101561658,-0.0004847038159823082,-0.0004847038162221664,-0.0009694316172253999,0.001678683140579174,0.0004847038159823184
2,0.00328970000000073,-9.69122534337029,-0.0002410810893413995,-12.0,4.845251047640322,12.0,-0.0002250146584161367,-0.0004845492128729562,-0.0004845492131140475,-0.000969122534337029,0.001678588934284186,0.0004845492128729664
2,0.00328990000000073,-9.688119210430346,-0.000242313891111845,-12.0,4.843696131955365,12.0,-0.0002253858720314,-0.0004843938445846377,-0.0004843938448269617,-0.0009688119210430346,0.001678494197914437,0.0004843938445846478
2,0.003290100000000731,-9.68499777833997,-0.0002435462142993394,-12.0,4.842133567413073,12.0,-0.0002257588494918999,-0.0004842377113627274,-0.0004842377116062835,-0.000968499777833997,0.001678398930695879,0.0004842377113627374
2,0.003290300000000731,-9.681861052029145,-0.0002447780572332192,-12.0,4.840563356480941,12.0,-0.0002261335892812383,-0.0004840808134538075,-0.0004840808136985956,-0.0009681861052029145,0.001678303131851688,0.0004840808134538174
2,0.003290500000000731,-9.678709036452004,-0.000246009418239268,-12.0,4.838985501638549,12.0,-0.000226510089876758,-0.0004839231511056691,-0.0004839231513516882,-0.0009678709036452005,0.001678206800601711,0.0004839231511056788
2,0.003290700000000731,-9.675541736586865,-0.0002472402956525954,-12.0,4.83740000537755,12.0,-0.0002268883497493351,-0.0004837647245673106,-0.0004837647248145606,-0.0009675541736586865,0.001678109936164685,0.0004837647245673202
2,0.003290900000000731,-9.672359157436176,-0.0002484706878207454,-12.0,4.835806870201651,12.0,-0.0002272683673636006,-0.0004836055340889376,-0.0004836055343374178,-0.0009672359157436176,0.001678012537754459,0.0004836055340889471
2,0.003291100000000731,-9.669161304026517,-0.0002497005930792717,-12.0,4.834206098626633,12.0,-0.0002276501411778709,-0.0004834455799219618,-0.0004834455801716719,-0.0009669161304026517,0.00167791460458433,0.0004834455799219713
2,0.003291300000000731,-9.665948181408636,-0.0002509300097859324,-12.0,4.83259769318034,12.0,-0.0002280336696442592,-0.0004832848623190033,-0.0004832848625699425,-0.0009665948181408636,0.001677816135863153,0.0004832848623190126
2,0.0032915000000007313,-9.662719794657376,-0.0002521589362984855,-12.0,4.830981656402652,12.0,-0.0002284189512084117,-0.0004831233815338858,-0.0004831233817860539,-0.0009662719794657376,0.001677717130798784,0.000483123381533895
2,0.003291700000000731,-9.659476148871693,-0.0002533873709715806,-12.0,4.829357990845517,12.0,-0.0002288059843099516,-0.0004829611378216397,-0.0004829611380750361,-0.0009659476148871694,0.001677617588595082,0.0004829611378216489
2,0.003291900000000732,-9.65621724917468,-0.0002546153121723016,-12.0,4.827726699072929,12.0,-0.0002291947673821598,-0.000482798131438501,-0.0004827981316931254,-0.0009656217249174681,0.001677517508453685,0.0004827981314385101
2,0.003292100000000732,-9.652943100713504,-0.0002558427582766143,-12.0,4.826087783660911,12.0,-0.000229585298852128,-0.0004826343626419097,-0.0004826343628977614,-0.0009652943100713504,0.001677416889574346,0.0004826343626419187
2,0.003292300000000732,-9.64965370865942,-0.0002570697076498263,-12.0,4.824441247197539,12.0,-0.0002299775771406887,-0.0004824698316905101,-0.0004824698319475886,-0.000964965370865942,0.001677315731153262,0.0004824698316905189
2,0.0032925000000007323,-9.646349078207805,-0.0002582961586776733,-12.0,4.822787092282924,12.0,-0.0002303716006626239,-0.0004823045388441515,-0.0004823045391024564,-0.0009646349078207806,0.001677214032384522,0.0004823045388441602
2,0.003292700000000732,-9.643029214578076,-0.0002595221097458911,-12.0,4.821125321529198,12.0,-0.0002307673678264704,-0.0004821384843638858,-0.0004821384846234165,-0.0009643029214578077,0.00167711179245944,0.0004821384843638944
2,0.003292900000000732,-9.639694123013703,-0.0002607475592419917,-12.0,4.819455937560513,12.0,-0.0002311648770345759,-0.000481971668511967,-0.0004819716687727231,-0.0009639694123013703,0.001677009010567332,0.0004819716685119755
2,0.0032931000000007322,-9.636343808782255,-0.0002619725055521549,-12.0,4.817778943013074,12.0,-0.0002315641266832924,-0.0004818040915518542,-0.0004818040918138352,-0.0009636343808782255,0.001676905685894403,0.0004818040915518626
2,0.003293300000000732,-9.632978277175344,-0.000263196947084765,-12.0,4.816094340535076,12.0,-0.000231965115162755,-0.0004816357537482077,-0.000481635754011413,-0.0009632978277175344,0.00167680181762464,0.0004816357537482161
2,0.003293500000000732,-9.629597533508587,-0.00026442088223666,-12.0,4.814402132786729,12.0,-0.0002323678408570479,-0.0004814666553668882,-0.0004814666556313175,-0.0009629597533508588,0.001676697404939476,0.0004814666553668966
2,0.003293700000000733,-9.626201583121656,-0.0002656443094126715,-12.0,4.812702322440265,12.0,-0.0002327723021441908,-0.0004812967966749595,-0.0004812967969406122,-0.0009626201583121656,0.001676592447017899,0.0004812967966749678
2,0.003293900000000733,-9.622790431378258,-0.0002668672270225159,-12.0,4.810994912179924,12.0,-0.000233178497396111,-0.0004811261779406864,-0.0004811261782075618,-0.0009622790431378258,0.001676486943036348,0.0004811261779406946
2,0.0032941000000007332,-9.6193640836661,-0.0002680896334839034,-12.0,4.809279904701928,12.0,-0.0002335864249787267,-0.0004809547994335332,-0.0004809547997016308,-0.0009619364083666101,0.001676380892169038,0.0004809547994335412
2,0.003294300000000733,-9.615922545396897,-0.0002693115272141,-12.0,4.807557302714512,12.0,-0.000233996083251975,-0.0004807826614241647,-0.0004807826616934841,-0.0009615922545396897,0.001676274293587077,0.0004807826614241727
2,0.003294500000000733,-9.612465822006369,-0.0002705329066330364,-12.0,4.805827108937907,12.0,-0.0002344074705696447,-0.0004806097641844461,-0.0004806097644549868,-0.0009612465822006369,0.001676167146460794,0.000480609764184454
2,0.003294700000000733,-9.608993918954214,-0.0002717537701708572,-12.0,4.804089326104314,12.0,-0.000234820585279738,-0.0004804361079874407,-0.0004804361082592022,-0.0009608993918954215,0.001676059449955969,0.0004804361079874484
2,0.003294900000000733,-9.605506841724111,-0.0002729741162537103,-12.0,4.802343956957934,12.0,-0.0002352354257240952,-0.0004802616931074111,-0.0004802616933803929,-0.0009605506841724111,0.001675951203238046,0.0004802616931074187
2,0.003295100000000733,-9.602004595823727,-0.0002741939433166252,-12.0,4.800591004254948,12.0,-0.000235651990238811,-0.0004800865198198189,-0.0004800865200940205,-0.0009602004595823727,0.001675842405468142,0.0004800865198198265
2,0.003295300000000733,-9.59848718678467,-0.0002754132497995165,-12.0,4.798830470763503,12.0,-0.0002360702771538326,-0.0004799105884013227,-0.0004799105886767436,-0.000959848718678467,0.001675733055807038,0.0004799105884013303
2,0.003295500000000734,-9.594954620162488,-0.0002766320341405226,-12.0,4.797062359263712,12.0,-0.0002364902847933337,-0.0004797338991297778,-0.0004797338994064174,-0.0009594954620162488,0.001675623153411743,0.0004797338991297853
2,0.003295700000000734,-9.591406901536718,-0.0002778502947800021,-12.0,4.795286672547686,12.0,-0.0002369120114755763,-0.0004795564522842392,-0.000479556452562097,-0.0009591406901536719,0.001675512697437487,0.0004795564522842466
2,0.003295900000000734,-9.587844036510816,-0.0002790680301769655,-12.0,4.793503413419463,12.0,-0.0002373354555128687,-0.0004793782481449567,-0.0004793782484240319,-0.0009587844036510817,0.00167540168703717,0.000479378248144964
2,0.003296100000000734,-9.584266030712124,-0.0002802852387779886,-12.0,4.791712584695044,12.0,-0.0002377606152118017,-0.0004791992869933751,-0.0004791992872736673,-0.0009584266030712124,0.001675290121361361,0.0004791992869933822
2,0.003296300000000734,-9.580672889791957,-0.0002815019190305357,-12.0,4.789914189202413,12.0,-0.0002381874888729707,-0.0004790195691121373,-0.0004790195693936464,-0.0009580672889791958,0.001675177999558297,0.0004790195691121444
2,0.0032965000000007337,-9.57706461942552,-0.0002827180694051634,-12.0,4.788108229781472,12.0,-0.0002386160747911842,-0.0004788390947850808,-0.0004788390950678058,-0.0009577064619425521,0.001675065320774327,0.0004788390947850878
2,0.0032967000000007343,-9.573441225311878,-0.0002839336883577737,-12.0,4.786294709284066,12.0,-0.0002390463712554913,-0.0004786578642972354,-0.000478657864581176,-0.0009573441225311878,0.001674952084153469,0.0004786578642972425
2,0.003296900000000734,-9.569802713174045,-0.0002851487743487091,-12.0,4.784473630574012,12.0,-0.000239478376549182,-0.0004784758779348293,-0.0004784758782199848,-0.0009569802713174046,0.001674838288837077,0.000478475877934836
2,0.003297100000000734,-9.566149088758895,-0.0002863633258538556,-12.0,4.782644996527033,12.0,-0.0002399120889496204,-0.0004782931359852818,-0.0004782931362716521,-0.0009566149088758895,0.001674723933964839,0.0004782931359852887
2,0.003297300000000735,-9.562480357837135,-0.0002875773413397731,-12.0,4.780808810030785,12.0,-0.000240347506728647,-0.0004781096387372058,-0.0004781096390247898,-0.0009562480357837135,0.001674609018674111,0.0004781096387372125
2,0.0032975000000007347,-9.55879652620338,-0.0002887908192792388,-12.0,4.778965073984863,12.0,-0.0002407846281521353,-0.0004779253864804078,-0.0004779253867692051,-0.0009558796526203381,0.00167449354209992,0.0004779253864804142
2,0.0032977000000007353,-9.555097599676097,-0.0002900037581516912,-12.0,4.777113791300783,12.0,-0.0002412234514803796,-0.0004777403795058869,-0.0004777403797958974,-0.0009555097599676098,0.001674377503375513,0.0004777403795058935
2,0.003297900000000735,-9.551383584097564,-0.0002912161564379012,-12.0,4.775254964901963,12.0,-0.0002416639749679705,-0.0004775546181058336,-0.0004775546183970564,-0.0009551383584097565,0.001674260901631475,0.0004775546181058401
2,0.003298100000000735,-9.547654485333902,-0.000292428012615531,-12.0,4.773388597723748,12.0,-0.0002421061968637672,-0.0004773681025736299,-0.0004773681028660644,-0.0009547654485333903,0.001674143735997058,0.0004773681025736363
2,0.003298300000000735,-9.543910309275088,-0.0002936393251729008,-12.0,4.771514692713391,12.0,-0.0002425501154109666,-0.0004771808332038502,-0.0004771808334974957,-0.0009543910309275088,0.00167402600559885,0.0004771808332038564
2,0.003298500000000735,-9.540151061834875,-0.0002948500926001074,-12.0,4.769633252830037,12.0,-0.0002429957288472423,-0.0004769928102922575,-0.0004769928105871138,-0.0009540151061834876,0.001673907709560885,0.0004769928102922637
2,0.003298700000000735,-9.536376748950838,-0.0002960603133854711,-12.0,4.767744281044738,12.0,-0.0002434430354044392,-0.0004768040341358063,-0.0004768040344318727,-0.0009536376748950838,0.001673788847007085,0.0004768040341358123
2,0.003298900000000735,-9.532587376584347,-0.0002972699860195327,-12.0,4.765847780340444,12.0,-0.0002438920333089761,-0.0004766145050326403,-0.0004766145053299164,-0.0009532587376584348,0.0016736694170566,0.0004766145050326463
2,0.003299100000000736,-9.528782950720567,-0.0002984791090052674,-12.0,4.763943753711985,12.0,-0.0002443427207815818,-0.0004764242232820929,-0.0004764242235805781,-0.0009528782950720567,0.001673549418828912,0.0004764242232820991
2,0.003299300000000736,-9.524963477368397,-0.0002996876808367688,-12.0,4.762032204166067,12.0,-0.0002447950960374756,-0.0004762331891846844,-0.000476233189484378,-0.0009524963477368397,0.001673428851439951,0.0004762331891846904
2,0.003299500000000736,-9.521128962560562,-0.0003008957000103507,-12.0,4.760113134721308,12.0,-0.0002452491572862703,-0.0004760414030421261,-0.0004760414033430277,-0.0009521128962560562,0.001673307714004757,0.0004760414030421319
2,0.003299700000000736,-9.517279412353522,-0.0003021031650374262,-12.0,4.758186548408173,12.0,-0.0002457049027320829,-0.0004758488651573153,-0.0004758488654594243,-0.0009517279412353522,0.001673186005635374,0.0004758488651573211
2,0.003299900000000736,-9.51341483282746,-0.0003033100744214146,-12.0,4.756252448268997,12.0,-0.0002461623305735072,-0.0004756555758343361,-0.0004756555761376519,-0.000951341483282746,0.001673063725442736,0.0004756555758343419
2,0.0033001000000007358,-9.509535230086312,-0.0003045164266661793,-12.0,4.754310837357993,12.0,-0.0002466214390035859,-0.0004754615353784603,-0.0004754615356829823,-0.0009509535230086312,0.001672940872536,0.000475461535378466
2,0.0033003000000007363,-9.50564061025777,-0.0003057222202835774,-12.0,4.752361718741237,12.0,-0.0002470822262100325,-0.0004752667440961465,-0.0004752667444018742,-0.000950564061025777,0.00167281744602088,0.0004752667440961521
2,0.003300500000000736,-9.501730979493196,-0.0003069274537885747,-12.0,4.750405095496641,12.0,-0.0002475446903749123,-0.0004750712022950376,-0.0004750712026019704,-0.0009501730979493197,0.001672693445003204,0.0004750712022950431
2,0.003300700000000737,-9.497806343967687,-0.0003081321256908076,-12.0,4.748440970713987,12.0,-0.0002480088296749755,-0.0004748749102839624,-0.0004748749105920998,-0.0009497806343967687,0.001672568868585467,0.0004748749102839679
2,0.003300900000000737,-9.49386670988005,-0.0003093362345087947,-12.0,4.7464693474949,12.0,-0.0002484746422815043,-0.0004746778683729356,-0.0004746778686822771,-0.000949386670988005,0.001672443715868943,0.0004746778683729408
2,0.0033011000000007368,-9.48991208345275,-0.0003105397787632747,-12.0,4.744490228952833,12.0,-0.0002489421263603964,-0.0004744800768731544,-0.0004744800771836994,-0.0009489912083452751,0.001672317985952465,0.0004744800768731596
2,0.0033013000000007373,-9.485942470931942,-0.0003117427569709896,-12.0,4.742503618213087,12.0,-0.0002494112800721787,-0.0004742815360970007,-0.0004742815364087486,-0.0009485942470931942,0.001672191677934087,0.0004742815360970058
2,0.003301500000000737,-9.481957878587464,-0.0003129451676531225,-12.0,4.7405095184128,12.0,-0.0002498821015719382,-0.0004740822463580404,-0.0004740822466709905,-0.0009481957878587464,0.001672064790909422,0.0004740822463580454
2,0.003301700000000737,-9.477958312712792,-0.0003141470093401821,-12.0,4.738507932700915,12.0,-0.0002503545890094883,-0.0004738822079710205,-0.0004738822082851727,-0.0009477958312712792,0.00167193732397164,0.0004738822079710256
2,0.0033019000000007372,-9.473943779625058,-0.0003153482805502428,-12.0,4.736498864238222,12.0,-0.0002508287405292853,-0.0004736814212518722,-0.0004736814215672255,-0.0009473943779625059,0.001671809276213465,0.0004736814212518772
2,0.003302100000000737,-9.46991428566503,-0.0003165489798169219,-12.0,4.7344823161973,12.0,-0.0002513045542704567,-0.0004734798865177069,-0.0004734798868342607,-0.0009469914285665031,0.001671680646724738,0.0004734798865177117
2,0.003302300000000737,-9.465869837197104,-0.0003177491056662873,-12.0,4.732458291762562,12.0,-0.000251782028366912,-0.000473277604086818,-0.0004732776044045719,-0.0009465869837197104,0.001671551434593854,0.0004732776040868229
2,0.003302500000000738,-9.461810440609305,-0.0003189486566292921,-12.0,4.730426794130223,12.0,-0.0002522611609471481,-0.0004730745742786806,-0.0004730745745976338,-0.0009461810440609306,0.00167142163890821,0.0004730745742786853
2,0.003302700000000738,-9.45773610231325,-0.0003201476312417739,-12.0,4.728387826508285,12.0,-0.0002527419501345829,-0.0004728707974139481,-0.0004728707977341005,-0.000945773610231325,0.001671291258752206,0.0004728707974139528
2,0.0033029000000007382,-9.453646828744152,-0.0003213460280324654,-12.0,4.726341392116567,12.0,-0.0002532243940472634,-0.0004726662738144554,-0.000472666274135806,-0.0009453646828744152,0.001671160293209573,0.00047266627381446
2,0.003303100000000738,-9.449542626360822,-0.0003225438455443097,-12.0,4.724287494186656,12.0,-0.0002537084907980602,-0.0004724610038032156,-0.0004724610041257639,-0.0009449542626360823,0.001671028741361935,0.0004724610038032201
2,0.003303300000000738,-9.445423501645639,-0.000323741082309148,-12.0,4.722226135961945,12.0,-0.0002541942384946122,-0.0004722549877044209,-0.0004722549880281665,-0.0009445423501645639,0.001670896602289251,0.0004722549877044254
2,0.003303500000000738,-9.441289461104558,-0.0003249377368659268,-12.0,4.720157320697603,12.0,-0.0002546816352394787,-0.0004720482258434426,-0.0004720482261683847,-0.0009441289461104558,0.001670763875070147,0.0004720482258434469
2,0.003303700000000738,-9.437140511267073,-0.0003261338077580334,-12.0,4.718081051660562,12.0,-0.0002551706791299596,-0.0004718407185468276,-0.0004718407188729657,-0.0009437140511267073,0.001670630558780917,0.000471840718546832
2,0.0033039000000007384,-9.432976658686238,-0.0003273292935244143,-12.0,4.715997332129539,12.0,-0.0002556613682582753,-0.0004716324661423021,-0.0004716324664696357,-0.0009432976658686239,0.001670496652497189,0.0004716324661423063
2,0.003304100000000738,-9.428797909938645,-0.0003285241927080129,-12.0,4.713906165395018,12.0,-0.0002561537007114284,-0.0004714234689587683,-0.0004714234692872969,-0.0009428797909938645,0.00167036215529226,0.0004714234689587727
2,0.003304300000000739,-9.42460427162439,-0.0003297185038548811,-12.0,4.711807554759226,12.0,-0.0002566476745714252,-0.000471213727326304,-0.0004712137276560267,-0.000942460427162439,0.001670227066237984,0.000471213727326308
2,0.003304500000000739,-9.420395750367092,-0.0003309122255057417,-12.0,4.709701503536165,12.0,-0.0002571432879151514,-0.000471003241576163,-0.0004710032419070793,-0.0009420395750367092,0.001670091384405215,0.0004710032415761671
2,0.003304700000000739,-9.416172352813884,-0.0003321053562141962,-12.0,4.707588015051567,12.0,-0.0002576405388143715,-0.0004707920120407741,-0.0004707920123728835,-0.0009416172352813885,0.001669955108862142,0.0004707920120407781
2,0.0033049000000007394,-9.411934085635371,-0.0003332978945214116,-12.0,4.705467092642925,12.0,-0.0002581394253358543,-0.0004705800390537406,-0.0004705800393870425,-0.0009411934085635372,0.001669818238676957,0.0004705800390537446
2,0.003305100000000739,-9.407680955525665,-0.0003344898389769924,-12.0,4.70333873965947,12.0,-0.0002586399455413446,-0.0004703673229498409,-0.0004703673232843344,-0.0009407680955525665,0.001669680772915072,0.0004703673229498447
2,0.0033053000000007387,-9.403412969202328,-0.0003356811881345401,-12.0,4.701202959462151,12.0,-0.0002591420974875636,-0.0004701538640650248,-0.0004701538644007097,-0.0009403412969202329,0.00166954271064057,0.0004701538640650286
2,0.0033055000000007393,-9.399130133406388,-0.0003368719405414389,-12.0,4.699059755423661,12.0,-0.0002596458792262224,-0.0004699396627364165,-0.0004699396630732923,-0.0009399130133406388,0.001669404050916645,0.0004699396627364204
2,0.003305700000000739,-9.394832454902335,-0.0003380620947512902,-12.0,4.69690913092842,12.0,-0.000260151288804078,-0.0004697247193023135,-0.0004697247196403792,-0.0009394832454902336,0.001669264792804714,0.0004697247193023172
2,0.003305900000000739,-9.390519940478072,-0.0003392516493176956,-12.0,4.694751089372543,12.0,-0.000260658324262919,-0.0004695090341021825,-0.0004695090344414377,-0.0009390519940478072,0.001669124935364752,0.0004695090341021861
2,0.00330610000000074,-9.38619259694495,-0.00034044060279248,-12.0,4.69258563416388,12.0,-0.0002611669836396352,-0.0004692926074766637,-0.0004692926078171078,-0.000938619259694495,0.001668984477655067,0.0004692926074766673
2,0.0033063000000007397,-9.38185043113774,-0.0003416289537301331,-12.0,4.690412768721986,12.0,-0.0002616772649660926,-0.000469075439767568,-0.0004690754401092006,-0.0009381850431137741,0.00166884341873319,0.0004690754397675716
2,0.0033065000000007403,-9.377493449914606,-0.000342816700687365,-12.0,4.688232496478105,12.0,-0.0002621891662694525,-0.0004688575313178758,-0.000468857531660696,-0.0009377493449914607,0.001668701757654767,0.0004688575313178793
2,0.00330670000000074,-9.373121660157098,-0.0003440038422204417,-12.0,4.686044820875179,12.0,-0.0002627026855717973,-0.0004686388824717365,-0.0004686388828157439,-0.0009373121660157099,0.001668559493473998,0.00046863888247174
2,0.00330690000000074,-9.368735068770167,-0.0003451903768847409,-12.0,4.683849745367854,12.0,-0.0002632178208904906,-0.0004684194935744705,-0.0004684194939196641,-0.0009368735068770168,0.001668416625244196,0.0004684194935744739
2,0.00330710000000074,-9.364333682682156,-0.0003463763032383049,-12.0,4.681647273422458,12.0,-0.0002637345702379834,-0.0004681993649725664,-0.000468199365318946,-0.0009364333682682157,0.001668273152016786,0.0004681993649725696
2,0.00330730000000074,-9.359917508844735,-0.0003475616198445053,-12.0,4.679437408516984,12.0,-0.0002642529316218695,-0.0004679784970136797,-0.0004679784973612446,-0.0009359917508844735,0.001668129072842417,0.0004679784970136828
2,0.00330750000000074,-9.355486554232922,-0.0003487463252556111,-12.0,4.677220154141114,12.0,-0.0002647729030450657,-0.0004677568900466338,-0.0004677568903953834,-0.0009355486554232923,0.001667984386770072,0.000467756890046637
2,0.00330770000000074,-9.351040825845123,-0.0003499304180349938,-12.0,4.674995513796205,12.0,-0.0002652944825056042,-0.0004675345444214208,-0.0004675345447713545,-0.0009351040825845123,0.001667839092847401,0.000467534544421424
2,0.003307900000000741,-9.346580330703015,-0.0003511138967429162,-12.0,4.672763490995253,12.0,-0.000265817667996715,-0.0004673114604891966,-0.0004673114608403136,-0.0009346580330703015,0.001667693190121389,0.0004673114604891996
2,0.003308100000000741,-9.342105075851624,-0.000352296759940085,-12.0,4.670524089262933,12.0,-0.0002663424575070628,-0.0004670876386022843,-0.0004670876389545842,-0.0009342105075851624,0.0016675466776368,0.0004670876386022874
2,0.003308300000000741,-9.33761506835929,-0.0003534790061867632,-12.0,4.668277312135574,12.0,-0.0002668688490203575,-0.0004668630791141732,-0.0004668630794676552,-0.000933761506835929,0.001667399554437954,0.0004668630791141761
2,0.003308500000000741,-9.333110315317617,-0.0003546606340489866,-12.0,4.666023163161129,12.0,-0.0002673968405157851,-0.000466637782379515,-0.0004666377827341784,-0.0009333110315317617,0.001667251819567728,0.0004666377823795179
2,0.003308700000000741,-9.328590823841516,-0.0003558416420847976,-12.0,4.663761645899214,12.0,-0.000267926429967702,-0.0004664117487541271,-0.0004664117491099716,-0.0009328590823841517,0.001667103472067666,0.0004664117487541299
2,0.0033089000000007408,-9.324056601069179,-0.000357022028859344,-12.0,4.66149276392108,12.0,-0.0002684576153458573,-0.0004661849785949912,-0.000466184978952016,-0.000932405660106918,0.001666954510978647,0.000466184978594994
2,0.0033091000000007413,-9.319507654162036,-0.0003582017929364412,-12.0,4.659216520809595,12.0,-0.0002689903946154343,-0.0004659574722602504,-0.000465957472618455,-0.0009319507654162037,0.001666804935339217,0.0004659574722602532
2,0.003309300000000741,-9.314943990304755,-0.0003593809328821251,-12.0,4.656932920159245,12.0,-0.0002695247657367866,-0.0004657292301092101,-0.0004657292304685937,-0.0009314943990304756,0.001666654744188034,0.0004657292301092127
2,0.003309500000000741,-9.31036561670529,-0.0003605594472526619,-12.0,4.654641965576173,12.0,-0.0002700607266658689,-0.0004655002525023399,-0.0004655002528629019,-0.0009310365616705291,0.001666503936562092,0.0004655002525023425
2,0.003309700000000742,-9.305772540594798,-0.0003617373346207486,-12.0,4.652343660678095,12.0,-0.0002705982753538616,-0.0004652705398012691,-0.0004652705401630089,-0.0009305772540594799,0.001666352511497271,0.0004652705398012715
2,0.0033099000000007418,-9.301164769227618,-0.0003629145935528655,-12.0,4.650038009094335,12.0,-0.0002711374097474628,-0.0004650400923687863,-0.0004650400927317033,-0.0009301164769227618,0.001666200468028234,0.0004650400923687888
2,0.0033101000000007423,-9.296542309881346,-0.0003640912226008375,-12.0,4.647725014465859,12.0,-0.0002716781277888047,-0.0004648089105688435,-0.0004648089109329373,-0.0009296542309881347,0.001666047805188864,0.0004648089105688459
2,0.003310300000000742,-9.29190516985676,-0.0003652672203471319,-12.0,4.645404680445187,12.0,-0.0002722204274154261,-0.0004645769947665509,-0.0004645769951318206,-0.000929190516985676,0.001665894522012157,0.0004645769947665535
2,0.003310500000000742,-9.287253356477768,-0.0003664425853466824,-12.0,4.643077010696438,12.0,-0.0002727643065604524,-0.0004643443453281762,-0.000464344345694621,-0.0009287253356477769,0.001665740617528999,0.0004643443453281785
2,0.003310700000000742,-9.282586877091502,-0.0003676173161681895,-12.0,4.640742008895326,12.0,-0.0002733097631524295,-0.000464110962621147,-0.0004641109629887667,-0.0009282586877091502,0.00166558609077061,0.0004641109626211493
2,0.003310900000000742,-9.277905739068244,-0.0003687914113768009,-12.0,4.638399678729144,12.0,-0.0002738567951153931,-0.0004638768470140497,-0.0004638768473828433,-0.0009277905739068244,0.001665430940766655,0.0004638768470140521
2,0.003311100000000742,-9.273209949801402,-0.0003699648695429936,-12.0,4.636050023896738,12.0,-0.0002744054003690072,-0.0004636419988766259,-0.0004636419992465929,-0.0009273209949801402,0.001665275166545577,0.0004636419988766282
2,0.003311300000000743,-9.26849951670752,-0.0003711376892292506,-12.0,4.633693048108539,12.0,-0.0002749555768284534,-0.0004634064185797747,-0.0004634064189509145,-0.0009268499516707521,0.001665118767134821,0.0004634064185797769
2,0.003311500000000743,-9.263774447226286,-0.0003723098690007198,-12.0,4.631328755086543,12.0,-0.0002755073224044169,-0.0004631701064955523,-0.0004631701068678643,-0.0009263774447226287,0.00166496174156161,0.0004631701064955545
2,0.003311700000000743,-9.259034748820472,-0.0003734814074300985,-12.0,4.628957148564276,12.0,-0.0002760606350033779,-0.0004629330629971686,-0.0004629330633706522,-0.0009259034748820473,0.001664804088850835,0.0004629330629971706
2,0.003311900000000743,-9.254280428975955,-0.0003746523030785376,-12.0,4.626578232286836,12.0,-0.0002766155125271813,-0.0004626952884589895,-0.0004626952888336439,-0.0009254280428975955,0.001664645808028054,0.0004626952884589916
2,0.003312100000000743,-9.249511495201718,-0.0003758225545147376,-12.0,4.624192010010862,12.0,-0.0002771719528734257,-0.0004624567832565357,-0.0004624567836323602,-0.0009249511495201719,0.001664486898117046,0.0004624567832565378
2,0.003312300000000743,-9.244727955029795,-0.0003769921603051785,-12.0,4.621798485504519,12.0,-0.000277729953935435,-0.0004622175477664806,-0.0004622175481434745,-0.0009244727955029795,0.001664327358140705,0.0004622175477664825
2,0.003312500000000743,-9.239929816015277,-0.0003781611190212253,-12.0,4.619397662547495,12.0,-0.0002782895136019953,-0.0004619775823666499,-0.0004619775827448128,-0.0009239929816015277,0.001664167187121257,0.0004619775823666517
2,0.0033127000000007433,-9.235117085736334,-0.0003793294292186999,-12.0,4.616989544931045,12.0,-0.0002788506297577986,-0.0004617368874360246,-0.0004617368878153558,-0.0009235117085736335,0.001664006384080263,0.0004617368874360263
2,0.003312900000000743,-9.23028977179417,-0.0003804970894760729,-12.0,4.6145741364579,12.0,-0.0002794133002831101,-0.000461495463354736,-0.0004614954637352348,-0.0009230289771794171,0.001663844948037729,0.0004614954633547376
2,0.003313100000000744,-9.225447881812975,-0.0003816640983576036,-12.0,4.612151440942309,12.0,-0.0002799775230540036,-0.000461253310504065,-0.0004612533108857309,-0.0009225447881812975,0.001663682878013439,0.0004612533105040667
2,0.003313300000000744,-9.220591423439998,-0.0003828304544208905,-12.0,4.609721462210064,12.0,-0.0002805432959421816,-0.0004610104292664467,-0.0004610104296492789,-0.0009220591423439999,0.001663520173026845,0.0004610104292664485
2,0.003313500000000744,-9.215720404345495,-0.0003839961562444039,-12.0,4.607284204098419,12.0,-0.0002811106168153082,-0.0004607668200254647,-0.0004607668204094625,-0.0009215720404345495,0.001663356832095286,0.0004607668200254663
2,0.0033137000000007443,-9.210834832222659,-0.0003851612023897388,-12.0,4.604839670456133,12.0,-0.0002816794835366343,-0.0004605224831658507,-0.0004605224835510135,-0.000921083483222266,0.001663192854236106,0.0004605224831658523
2,0.003313900000000744,-9.205934714787697,-0.000386325591421155,-12.0,4.602387865143461,12.0,-0.0002822498939652751,-0.0004602774190734867,-0.0004602774194598138,-0.0009205934714787697,0.001663028238466202,0.0004602774190734882
2,0.003314100000000744,-9.201020059779808,-0.0003874893219069087,-12.0,4.599928792032149,12.0,-0.0002828218459562659,-0.0004600316281354041,-0.000460031628522895,-0.0009201020059779808,0.001662862983801139,0.0004600316281354056
2,0.0033143000000007443,-9.196090874961085,-0.0003886523924165886,-12.0,4.597462455005394,12.0,-0.0002833953373602843,-0.0004597851107397796,-0.0004597851111284334,-0.0009196090874961085,0.001662697089256149,0.0004597851107397811
2,0.003314500000000744,-9.191147168116593,-0.0003898148015095693,-12.0,4.594988857957885,12.0,-0.0002839703660240805,-0.000459537867275938,-0.0004595378676657542,-0.0009191147168116594,0.001662530553845465,0.0004595378672759395
2,0.003314700000000744,-9.18618894705435,-0.0003909765477549954,-12.0,4.592508004795778,12.0,-0.0002845469297900749,-0.0004592898981343518,-0.0004592898985253298,-0.0009186188947054349,0.001662363376583209,0.0004592898981343533
2,0.003314900000000745,-9.181216219605242,-0.0003921376297211232,-12.0,4.590019899436663,12.0,-0.0002851250264967603,-0.000459041203706637,-0.0004590412040987761,-0.0009181216219605242,0.00166219555648206,0.0004590412037066385
2,0.003315100000000745,-9.176228993623075,-0.0003932980459677715,-12.0,4.587524545809606,12.0,-0.0002857046539785218,-0.000458791784385556,-0.0004587917847788554,-0.0009176228993623076,0.001662027092554363,0.0004587917843855573
2,0.0033153000000007453,-9.17122727698457,-0.000394457795060088,-12.0,4.585021947855117,12.0,-0.0002862858100655535,-0.0004585416405650164,-0.0004585416409594755,-0.0009171227276984571,0.00166185798381191,0.0004585416405650177
2,0.003315500000000745,-9.1662110775893,-0.000395616875570326,-12.0,4.582512109525127,12.0,-0.0002868684925840942,-0.0004582907726400685,-0.0004582907730356865,-0.0009166211077589301,0.001661688229266045,0.0004582907726400697
2,0.003315700000000745,-9.161180403359722,-0.0003967752860534191,-12.0,4.579995034783027,12.0,-0.0002874526993563442,-0.0004580391810069069,-0.0004580391814036835,-0.0009161180403359722,0.001661517827927339,0.0004580391810069081
2,0.003315900000000745,-9.156135262241131,-0.0003979330250851731,-12.0,4.577470727603608,12.0,-0.0002880384282004933,-0.0004577868660628681,-0.0004577868664608023,-0.0009156135262241131,0.001661346778805473,0.0004577868660628693
2,0.003316100000000745,-9.151075662201668,-0.0003990900912165252,-12.0,4.574939191973107,12.0,-0.0002886256769307483,-0.0004575338282064313,-0.0004575338286055226,-0.0009151075662201669,0.001661175080910238,0.0004575338282064325
2,0.003316300000000745,-9.146001611232307,-0.0004002464830223929,-12.0,4.572400431889154,12.0,-0.0002892144433573329,-0.0004572800678372165,-0.0004572800682374643,-0.0009146001611232308,0.001661002733249872,0.0004572800678372176
2,0.003316500000000745,-9.140913117346823,-0.0004014021990585981,-12.0,4.569854451360802,12.0,-0.0002898047252864883,-0.000457025585355985,-0.0004570255857573883,-0.0009140913117346824,0.00166082973483328,0.0004570255853559861
2,0.003316700000000746,-9.135810188581836,-0.0004025572378898445,-12.0,4.567301254408511,12.0,-0.0002903965205205694,-0.0004567703811646391,-0.0004567703815671973,-0.0009135810188581836,0.001660656084668144,0.0004567703811646401
2,0.003316900000000746,-9.130692832996706,-0.0004037115980830563,-12.0,4.564740845064112,12.0,-0.0002909898268579625,-0.0004565144556662186,-0.0004565144560699311,-0.0009130692832996707,0.001660481781761813,0.0004565144556662195
2,0.003317100000000746,-9.125561058673592,-0.000404865278197164,-12.0,4.562173227370846,12.0,-0.0002915846420932233,-0.0004562578092649034,-0.0004562578096697698,-0.0009125561058673592,0.001660306825120972,0.0004562578092649043
2,0.003317300000000746,-9.12041487371743,-0.0004060182767924303,-12.0,4.559598405383343,12.0,-0.0002921809640170081,-0.0004560004423660127,-0.0004560004427720319,-0.0009120414873717429,0.001660131213751748,0.0004560004423660136
2,0.003317500000000746,-9.115254286255883,-0.0004071705924366675,-12.0,4.557016383167582,12.0,-0.0002927787904160178,-0.000455742355376001,-0.0004557423557831723,-0.0009115254286255884,0.001659954946660824,0.0004557423553760019
2,0.0033177000000007457,-9.110079304439365,-0.0004083222236834771,-12.0,4.554427164800935,12.0,-0.0002933781190733453,-0.0004554835487024611,-0.0004554835491107841,-0.0009110079304439366,0.001659778022852776,0.0004554835487024619
2,0.0033179000000007463,-9.104889936441044,-0.0004094731690997833,-12.0,4.55183075437214,12.0,-0.0002939789477679339,-0.0004552240227541231,-0.0004552240231635972,-0.0009104889936441044,0.001659600441333398,0.0004552240227541239
2,0.003318100000000746,-9.09968619045674,-0.0004106234272449605,-12.0,4.549227155981268,12.0,-0.0002945812742752157,-0.0004549637779408505,-0.0004549637783514748,-0.000909968619045674,0.001659422201107041,0.0004549637779408513
2,0.003318300000000746,-9.094468074705022,-0.0004117729966734984,-12.0,4.546616373739771,12.0,-0.0002951850963667096,-0.0004547028146736438,-0.0004547028150854175,-0.0009094468074705022,0.001659243301177837,0.0004547028146736445
2,0.003318500000000747,-9.089235597427134,-0.0004129218759554298,-12.0,4.543998411770415,12.0,-0.0002957904118100901,-0.0004544411333646364,-0.0004544411337775589,-0.0009089235597427134,0.001659063740550026,0.0004544411333646371
2,0.0033187000000007467,-9.083988766886984,-0.0004140700636412475,-12.0,4.541373274207329,12.0,-0.0002963972183694652,-0.0004541787344270964,-0.0004541787348411672,-0.0009083988766886985,0.001658883518226961,0.0004541787344270971
2,0.0033189000000007473,-9.078727591371162,-0.0004152175582921025,-12.0,4.538740965195968,12.0,-0.0002970055138051125,-0.0004539156182754254,-0.0004539156186906436,-0.0009078727591371163,0.001658702633212106,0.000453915618275426
2,0.003319100000000747,-9.073452079188886,-0.0004163643584700338,-12.0,4.536101488893095,12.0,-0.0002976152958735212,-0.000453651785325156,-0.0004536517857415208,-0.0009073452079188886,0.001658521084508369,0.0004536517853251565
2,0.003319300000000747,-9.06816223867201,-0.0004175104627277548,-12.0,4.533454849466809,12.0,-0.0002982265623276137,-0.0004533872359929531,-0.000453387236410464,-0.000906816223867201,0.001658338871118437,0.0004533872359929537
2,0.003319500000000747,-9.062858078175038,-0.0004186558696246401,-12.0,4.530801051096524,12.0,-0.0002988393109166348,-0.0004531219706966144,-0.0004531219711152707,-0.0009062858078175039,0.001658155992044441,0.0004531219706966148
2,0.003319700000000747,-9.057539606075045,-0.0004198005777213965,-12.0,4.528140097972933,12.0,-0.0002994535393861103,-0.000452855989855065,-0.0004528559902748661,-0.0009057539606075045,0.001657972446288292,0.0004528559898550655
2,0.003319900000000747,-9.052206830771715,-0.0004209445855676286,-12.0,4.52547199429806,12.0,-0.0003000692454779436,-0.0004525892938883623,-0.0004525892943093074,-0.0009052206830771715,0.001657788232852342,0.0004525892938883628
2,0.003320100000000747,-9.04685976068732,-0.0004220878917275961,-12.0,4.52279674428519,12.0,-0.000300686426930416,-0.0004523218832176913,-0.0004523218836397797,-0.0009046859760687321,0.001657603350738279,0.0004523218832176918
2,0.003320300000000748,-9.0414984042667,-0.0004232304947473509,-12.0,4.520114352158925,12.0,-0.0003013050814782287,-0.0004520537582653668,-0.0004520537586885977,-0.0009041498404266701,0.001657417798947014,0.0004520537582653672
2,0.003320500000000748,-9.036122769977238,-0.0004243723931915966,-12.0,4.517424822155109,12.0,-0.0003019252068525019,-0.0004517849194548297,-0.0004517849198792023,-0.0009036122769977238,0.001657231576480012,0.00045178491945483
2,0.003320700000000748,-9.030732866308869,-0.0004255135856077175,-12.0,4.514728158520887,12.0,-0.0003025468007808313,-0.0004515153672106491,-0.0004515153676361631,-0.0009030732866308869,0.001657044682338182,0.0004515153672106495
2,0.003320900000000748,-9.025328701774072,-0.0004266540705528676,-12.0,4.512024365514666,12.0,-0.000303169860987107,-0.0004512451019585216,-0.0004512451023851759,-0.0009025328701774072,0.001656857115522548,0.0004512451019585219
2,0.003321100000000748,-9.019910284907803,-0.0004277938465819808,-12.0,4.509313447406091,12.0,-0.0003037943851918745,-0.0004509741241252669,-0.0004509741245530611,-0.0009019910284907804,0.001656668875033351,0.0004509741241252673
2,0.003321300000000748,-9.014477624267546,-0.0004289329122451058,-12.0,4.506595408476076,12.0,-0.0003044203711121546,-0.0004507024341388318,-0.0004507024345677651,-0.0009014477624267546,0.001656479959871726,0.0004507024341388322
2,0.0033215000000007483,-9.009030728433283,-0.0004300712660967321,-12.0,4.503870253016784,12.0,-0.0003050478164612763,-0.0004504300324282878,-0.0004504300328583593,-0.0009009030728433284,0.001656290369038249,0.0004504300324282881
2,0.003321700000000748,-9.003569606007435,-0.0004312089066891289,-12.0,4.501137985331595,12.0,-0.0003056767189494186,-0.0004501569194238283,-0.0004501569198550373,-0.0009003569606007435,0.001656100101532498,0.0004501569194238284
2,0.003321900000000749,-8.99809426561491,-0.0004323458325727891,-12.0,4.498398609735137,12.0,-0.0003063070762830133,-0.0004498830955567708,-0.0004498830959891168,-0.000899809426561491,0.001655909156355495,0.000449883095556771
2,0.003322100000000749,-8.992604715903068,-0.0004334820422982055,-12.0,4.495652130553268,12.0,-0.0003069388861652173,-0.0004496085612595564,-0.0004496085616930385,-0.0008992604715903069,0.001655717532507039,0.0004496085612595566
2,0.003322300000000749,-8.987100965541684,-0.0004346175344203118,-12.0,4.492898552123036,12.0,-0.0003075721462957176,-0.0004493333169657455,-0.0004493333174003632,-0.0008987100965541685,0.001655525228987598,0.0004493333169657456
2,0.0033225000000007493,-8.981583023222946,-0.0004357523074838277,-12.0,4.490137878792725,12.0,-0.0003082068543708849,-0.0004490573631100208,-0.0004490573635457731,-0.0008981583023222946,0.001655332244796415,0.0004490573631100208
2,0.003322700000000749,-8.97605089766149,-0.0004368863600383577,-12.0,4.487370114921825,12.0,-0.0003088430080835369,-0.0004487807001281862,-0.0004487807005650727,-0.0008976050897661492,0.001655138578934845,0.0004487807001281864
2,0.003322900000000749,-8.970504597594308,-0.0004380196906366152,-12.0,4.484595264881003,12.0,-0.0003094806051232579,-0.0004485033284571639,-0.0004485033288951837,-0.0008970504597594309,0.001654944230402244,0.000448503328457164
2,0.0033231000000007492,-8.964944131780765,-0.0004391522978268725,-12.0,4.481813333052119,12.0,-0.000310119643176357,-0.0004482252485349945,-0.000448225248974147,-0.0008964944131780766,0.001654749198198746,0.0004482252485349946
2,0.003323300000000749,-8.959369509002608,-0.0004402841801538493,-12.0,4.479024323828231,12.0,-0.0003107601199256321,-0.0004479464608008385,-0.0004479464612411227,-0.0008959369509002608,0.001654553481324483,0.0004479464608008385
2,0.003323500000000749,-8.953780738063944,-0.0004414153361640416,-12.0,4.476228241613573,12.0,-0.0003114020330506895,-0.0004476669656949737,-0.000447666966136389,-0.0008953780738063944,0.001654357078779922,0.0004476669656949738
2,0.00332370000000075,-8.948177827791197,-0.0004425457644101627,-12.0,4.473425090823525,12.0,-0.0003120453802278461,-0.0004473867636587936,-0.0004473867641013394,-0.0008948177827791197,0.001654159989564974,0.0004473867636587936
2,0.00332390000000075,-8.94256078703311,-0.0004436754634320472,-12.0,4.470614875884652,12.0,-0.0003126901591300746,-0.0004471058551348086,-0.0004471058555784839,-0.000894256078703311,0.001653962212680105,0.0004471058551348085
2,0.0033241000000007502,-8.936929624660776,-0.0004448044317775235,-12.0,4.467797601234676,12.0,-0.0003133363674271972,-0.0004468242405666455,-0.0004468242410114499,-0.0008936929624660776,0.00165376374712578,0.0004468242405666453
2,0.00332430000000075,-8.931284349567523,-0.0004459326679966402,-12.0,4.464973271322441,12.0,-0.0003139840027856639,-0.0004465419203990438,-0.0004465419208449763,-0.0008931284349567523,0.001653564591902357,0.0004465419203990438
2,0.00332450000000075,-8.925624970668995,-0.0004470601706261235,-12.0,4.462141890607957,12.0,-0.0003146330628688992,-0.0004462588950778585,-0.0004462588955249185,-0.0008925624970668995,0.001653364746010633,0.0004462588950778583
2,0.00332470000000075,-8.919951496903122,-0.0004481869382133574,-12.0,4.459303463562371,12.0,-0.0003152835453369141,-0.0004459751650500586,-0.0004459751654982455,-0.0008919951496903123,0.001653164208451408,0.0004459751650500584
2,0.00332490000000075,-8.914263937230038,-0.0004493129693066145,-12.0,4.456457994667929,12.0,-0.0003159354478467491,-0.0004456907307637237,-0.0004456907312130366,-0.0008914263937230038,0.001652962978225148,0.0004456907307637236
2,0.00332510000000075,-8.90856230063213,-0.0004504382624408443,-12.0,4.453605488418022,12.0,-0.0003165887680521284,-0.0004454055926680465,-0.0004454055931184845,-0.0008908562300632131,0.001652761054333429,0.0004454055926680463
2,0.00332530000000075,-8.90284659611405,-0.0004515628161607665,-12.0,4.450745949317157,12.0,-0.0003172435036035981,-0.000445119751213332,-0.0004451197516648945,-0.0008902846596114051,0.001652558435777718,0.0004451197512133318
2,0.003325500000000751,-8.897116832702626,-0.0004526866290128773,-12.0,4.447879381880926,12.0,-0.0003178996521487898,-0.0004448332068509942,-0.0004448332073036807,-0.0008897116832702626,0.001652355121559146,0.000444833206850994
2,0.003325700000000751,-8.89137301944684,-0.0004538096995378993,-12.0,4.445005790636017,12.0,-0.0003185572113319907,-0.0004445459600335557,-0.0004445459604873651,-0.0008891373019446841,0.001652151110679512,0.0004445459600335555
2,0.003325900000000751,-8.885615165417944,-0.0004549320262650092,-12.0,4.442125180120254,12.0,-0.0003192161787945874,-0.0004442580112146522,-0.0004442580116695839,-0.0008885615165417944,0.001651946402140614,0.0004442580112146519
2,0.003326100000000751,-8.87984327970932,-0.0004560536077518051,-12.0,4.439237554882496,12.0,-0.0003198765521747055,-0.000443969360849025,-0.0004439693613050784,-0.0008879843279709321,0.001651740994945139,0.0004439693608490248
2,0.003326300000000751,-8.874057371436448,-0.0004571744425305724,-12.0,4.436342919482684,12.0,-0.0003205383291075836,-0.0004436800093925218,-0.0004436800098496959,-0.0008874057371436449,0.001651534888095108,0.0004436800093925214
2,0.0033265000000007507,-8.868257449737031,-0.0004582945291327079,-12.0,4.433441278491872,12.0,-0.0003212015072252966,-0.0004433899573021009,-0.0004433899577603949,-0.0008868257449737032,0.001651328080593428,0.0004433899573021005
2,0.0033267000000007513,-8.862443523770873,-0.0004594138661091485,-12.0,4.430532636492134,12.0,-0.000321866084156977,-0.0004430992050358247,-0.0004430992054952382,-0.0008862443523770874,0.001651120571443343,0.0004430992050358244
2,0.003326900000000751,-8.856615602719838,-0.0004605324519943998,-12.0,4.427616998076603,12.0,-0.000322532057528746,-0.0004428077530528601,-0.0004428077535133922,-0.0008856615602719839,0.00165091235964776,0.0004428077530528597
2,0.003327100000000751,-8.850773695787929,-0.0004616502853220794,-12.0,4.424694367849479,12.0,-0.0003231994249637271,-0.0004425156018134805,-0.0004425156022751304,-0.0008850773695787929,0.001650703444210699,0.0004425156018134801
2,0.003327300000000752,-8.84491781220124,-0.0004627673646311337,-12.0,4.421764750426,12.0,-0.0003238681840820185,-0.0004422227517790635,-0.0004422227522418305,-0.000884491781220124,0.001650493824135957,0.0004422227517790631
2,0.0033275000000007517,-8.839047961207896,-0.0004638836884622854,-12.0,4.418828150432418,12.0,-0.0003245383325008178,-0.0004419292034120885,-0.0004419292038759717,-0.0008839047961207897,0.00165028349842844,0.0004419292034120881
2,0.0033277000000007523,-8.833164152078092,-0.0004649992553473759,-12.0,4.415884572506032,12.0,-0.0003252098678344639,-0.0004416349571761383,-0.0004416349576411372,-0.0008833164152078093,0.0016500724660925,0.000441634957176138
2,0.003327900000000752,-8.827266394104067,-0.0004661140638191341,-12.0,4.412934021295164,12.0,-0.0003258827876942982,-0.0004413400135358988,-0.0004413400140020124,-0.0008827266394104067,0.001649860726133268,0.0004413400135358983
2,0.003328100000000752,-8.821354696600062,-0.000467228112422724,-12.0,4.409976501459116,12.0,-0.000326557089688706,-0.0004410443729571544,-0.000441044373424382,-0.0008821354696600062,0.001649648277556537,0.0004410443729571539
2,0.003328300000000752,-8.815429068902326,-0.0004683413996806607,-12.0,4.407012017668228,12.0,-0.000327232771423297,-0.0004407480359067915,-0.0004407480363751322,-0.0008815429068902326,0.001649435119368103,0.0004407480359067909
2,0.003328500000000752,-8.809489520369143,-0.0004694539241345552,-12.0,4.40404057460383,12.0,-0.0003279098305007944,-0.000440451002852797,-0.0004404510033222504,-0.0008809489520369143,0.001649221250574873,0.0004404510028527965
2,0.003328700000000752,-8.803536060380717,-0.0004705656843189132,-12.0,4.401062176958223,12.0,-0.0003285882645210764,-0.0004401532742642548,-0.0004401532747348199,-0.0008803536060380717,0.001649006670182973,0.0004401532742642542
2,0.003328900000000752,-8.797568698339228,-0.0004716766787602467,-12.0,4.398076829434708,12.0,-0.0003292680710811902,-0.0004398548506113474,-0.0004398548510830234,-0.0008797568698339229,0.001648791377200087,0.0004398548506113469
2,0.003329100000000753,-8.791587443668854,-0.0004727869059943934,-12.0,4.395084536747566,12.0,-0.0003299492477753241,-0.0004395557323653567,-0.000439555732838143,-0.0008791587443668855,0.001648575370634342,0.0004395557323653561
2,0.003329300000000753,-8.785592305815653,-0.0004738963645563032,-12.0,4.392085303622028,12.0,-0.0003306317921949464,-0.0004392559199986591,-0.0004392559204725549,-0.0008785592305815653,0.001648358649493753,0.0004392559199986584
2,0.003329500000000753,-8.779583294247582,-0.000475005052976929,-12.0,4.389079134794275,12.0,-0.0003313157019287222,-0.0004389554139847258,-0.0004389554144597302,-0.0008779583294247582,0.001648141212787002,0.0004389554139847253
2,0.003329700000000753,-8.773560418454574,-0.0004761129697774535,-12.0,4.386066035011491,12.0,-0.0003320009745626101,-0.0004386542147981275,-0.0004386542152742399,-0.0008773560418454575,0.001647923059523659,0.0004386542147981269
2,0.003329900000000753,-8.767523687948419,-0.0004772201135017085,-12.0,4.383046009031756,12.0,-0.000332687607679627,-0.0004383523229145265,-0.0004383523233917458,-0.000876752368794842,0.00164770418871385,0.0004383523229145258
2,0.0033301000000007528,-8.761473112262742,-0.0004783264826744293,-12.0,4.380019061624095,12.0,-0.0003333755988603609,-0.0004380497388106776,-0.0004380497392890034,-0.0008761473112262742,0.001647484599367699,0.000438049738810677
2,0.0033303000000007533,-8.755408700953073,-0.0004794320758252368,-12.0,4.376985197568478,12.0,-0.0003340649456824996,-0.000437746462964431,-0.0004377464634438624,-0.0008755408700953073,0.00164726429049622,0.0004377464629644304
2,0.003330500000000753,-8.74933046359678,-0.0004805368914797548,-12.0,4.373944421655801,12.0,-0.0003347556457210521,-0.0004374424958547288,-0.000437442496335265,-0.000874933046359678,0.001647043261111314,0.000437442495854728
2,0.003330700000000754,-8.743238409793035,-0.0004816409281751532,-12.0,4.370896738687845,12.0,-0.0003354476965484604,-0.0004371378379616027,-0.000437137838443243,-0.0008743238409793035,0.001646821510225216,0.0004371378379616021
2,0.003330900000000754,-8.737132549162837,-0.0004827441844326152,-12.0,4.367842153477328,12.0,-0.0003361410957343908,-0.0004368324897661767,-0.0004368324902489202,-0.0008737132549162837,0.001646599036850604,0.0004368324897661761
2,0.0033311000000007538,-8.731012891349,-0.0004838466587795409,-12.0,4.364780670847864,12.0,-0.0003368358408459698,-0.000436526451750665,-0.000436526452234511,-0.0008731012891349,0.001646375840000824,0.0004365264517506644
2,0.0033313000000007543,-8.724879446016091,-0.0004849483497517681,-12.0,4.361712295633936,12.0,-0.000337531929447632,-0.0004362197243983694,-0.000436219724883317,-0.0008724879446016092,0.00164615191869022,0.0004362197243983688
2,0.003331500000000754,-8.718732222850447,-0.0004860492558638185,-12.0,4.358637032680935,12.0,-0.0003382293591012581,-0.0004359123081936807,-0.0004359123086797292,-0.0008718732222850448,0.001645927271933356,0.0004359123081936799
2,0.003331700000000754,-8.712571231560197,-0.0004871493756497536,-12.0,4.35555488684513,12.0,-0.0003389281273661199,-0.0004356042036220788,-0.0004356042041092274,-0.0008712571231560197,0.001645701898746132,0.000435604203622078
2,0.0033319000000007542,-8.706396481875155,-0.0004882487076378617,-12.0,4.352465862993633,12.0,-0.000339628231798908,-0.0004352954111701278,-0.0004352954116583758,-0.0008706396481875155,0.001645475798144225,0.0004352954111701271
2,0.003332100000000754,-8.70020798354688,-0.0004893472503448848,-12.0,4.349369966004451,12.0,-0.000340329669953815,-0.0004349859313254804,-0.0004349859318148267,-0.000870020798354688,0.001645248969144752,0.0004349859313254796
2,0.003332300000000754,-8.694005746348646,-0.0004904450023084372,-12.0,4.34626720076641,12.0,-0.0003410324393824243,-0.0004346757645768726,-0.0004346757650673169,-0.0008694005746348646,0.001645021410765279,0.0004346757645768719
2,0.003332500000000755,-8.687789780075391,-0.0004915419620385997,-12.0,4.343157572179218,12.0,-0.0003417365376338494,-0.0004343649114141265,-0.0004343649119056677,-0.0008687789780075392,0.001644793122024035,0.0004343649114141258
2,0.003332700000000755,-8.681560094543764,-0.000492638128076095,-12.0,4.340041085153386,12.0,-0.000342441962254636,-0.000434053372328147,-0.0004340533728207844,-0.0008681560094543764,0.001644564101940249,0.0004340533723281462
2,0.0033329000000007552,-8.675316699592024,-0.0004937334989305597,-12.0,4.336917744610281,12.0,-0.0003431487107889708,-0.0004337411478109219,-0.0004337411483046547,-0.0008675316699592024,0.001644334349533594,0.0004337411478109211
2,0.003333100000000755,-8.669059605080138,-0.0004948280731307264,-12.0,4.333787555482092,12.0,-0.0003438567807784731,-0.0004334282383555232,-0.0004334282388503503,-0.0008669059605080138,0.001644103863824742,0.0004334282383555224
2,0.003333300000000755,-8.662788820889652,-0.0004959218492053274,-12.0,4.330650522711799,12.0,-0.0003445661697623614,-0.0004331146444561013,-0.0004331146449520224,-0.0008662788820889653,0.001643872643835032,0.0004331146444561004
2,0.003333500000000755,-8.656504356923728,-0.0004970148256697726,-12.0,4.327506651253211,12.0,-0.0003452768752773699,-0.000432800366607889,-0.0004328003671049029,-0.0008656504356923728,0.0016436406885868,0.0004328003666078881
2,0.003333700000000755,-8.650206223107164,-0.0004981070010470212,-12.0,4.324355946070941,12.0,-0.0003459888948578321,-0.0004324854053071997,-0.0004324854058053059,-0.0008650206223107164,0.001643407997102941,0.0004324854053071988
2,0.0033339000000007554,-8.643894429386295,-0.0004991983738662498,-12.0,4.321198412140364,12.0,-0.0003467022260357361,-0.0004321697610514239,-0.0004321697615506214,-0.0008643894429386295,0.001643174568407346,0.0004321697610514231
2,0.003334100000000755,-8.637568985729033,-0.0005002889426393153,-12.0,4.318034054447668,12.0,-0.0003474168663405997,-0.0004318534343390316,-0.0004318534348393197,-0.0008637568985729033,0.001642940401524795,0.0004318534343390307
2,0.003334300000000756,-8.631229902124879,-0.0005013787058936181,-12.0,4.314862877989812,12.0,-0.0003481328132996092,-0.0004315364256695715,-0.0004315364261709493,-0.000863122990212488,0.001642705495480956,0.0004315364256695706
2,0.003334500000000756,-8.62487718858481,-0.0005024676621534496,-12.0,4.311684887774499,12.0,-0.0003488500644376891,-0.0004312187355436661,-0.0004312187360461328,-0.000862487718858481,0.001642469849301831,0.0004312187355436652
2,0.003334700000000756,-8.61851085514136,-0.0005035558099284465,-12.0,4.308500088820228,12.0,-0.0003495686172772378,-0.0004309003644630165,-0.0004309003649665716,-0.000861851085514136,0.00164223346201553,0.0004309003644630156
2,0.0033349000000007564,-8.61213091184855,-0.0005046431477522262,-12.0,4.305308486156214,12.0,-0.0003502884693385444,-0.0004305813129303976,-0.0004305813134350398,-0.0008612130911848549,0.001641996332649498,0.0004305813129303966
2,0.003335100000000756,-8.605737368781877,-0.0005057296741348694,-12.0,4.302110084822441,12.0,-0.0003510096181393724,-0.0004302615814496585,-0.0004302615819553871,-0.0008605737368781878,0.001641758460233511,0.0004302615814496576
2,0.003335300000000756,-8.599330236038364,-0.000506815387597559,-12.0,4.298904889869631,12.0,-0.000351732061195445,-0.0004299411705257239,-0.0004299411710325384,-0.0008599330236038364,0.001641519843797568,0.0004299411705257228
2,0.0033355000000007563,-8.59290952373642,-0.0005079002866690274,-12.0,4.295692906359204,12.0,-0.0003524557960200292,-0.0004296200806645883,-0.0004296200811724876,-0.000859290952373642,0.001641280482372887,0.0004296200806645874
2,0.003335700000000756,-8.586475242015922,-0.0005089843698553587,-12.0,4.292474139363334,12.0,-0.0003531808201242131,-0.00042929831237332,-0.0004292983128823034,-0.0008586475242015922,0.00164104037499091,0.0004292983123733189
2,0.003335900000000756,-8.580027401038196,-0.0005100676356821765,-12.0,4.289248593964898,12.0,-0.0003539071310168784,-0.000428975866160059,-0.0004289758666701257,-0.0008580027401038197,0.001640799520685188,0.0004289758661600581
2,0.003336100000000757,-8.573566010985928,-0.0005111500826706639,-12.0,4.286016275257457,12.0,-0.0003546347262046584,-0.0004286527425340138,-0.0004286527430451628,-0.0008573566010985929,0.001640557918489494,0.0004286527425340128
2,0.003336300000000757,-8.567091082063225,-0.0005122317093300133,-12.0,4.282777188345301,12.0,-0.0003553636031918966,-0.000428328942005464,-0.0004283289425176948,-0.0008567091082063226,0.001640315567439043,0.0004283289420054631
2,0.0033365000000007573,-8.560602624495566,-0.0005133125141911776,-12.0,4.279531338343372,12.0,-0.0003560937594809105,-0.0004280044650857572,-0.0004280044655990688,-0.0008560602624495566,0.001640072466569831,0.0004280044650857563
2,0.003336700000000757,-8.554100648529774,-0.0005143924957571322,-12.0,4.276278730377328,12.0,-0.0003568251925717414,-0.0004276793122873094,-0.0004276793128017008,-0.0008554100648529774,0.001639828614918737,0.0004276793122873086
2,0.003336900000000757,-8.547585164434036,-0.0005154716525588299,-12.0,4.273019369583463,12.0,-0.000357557899962363,-0.0004273534841236032,-0.0004273534846390739,-0.0008547585164434036,0.001639584011523754,0.0004273534841236022
2,0.003337100000000757,-8.541056182497833,-0.0005165499831032427,-12.0,4.269753261108762,12.0,-0.0003582918791484452,-0.0004270269811091875,-0.0004270269816257365,-0.0008541056182497834,0.001639338655424427,0.0004270269811091865
2,0.003337300000000757,-8.534513713032016,-0.0005176274859124419,-12.0,4.266480410110865,12.0,-0.0003590271276236595,-0.0004266998037596787,-0.0004266998042773052,-0.0008534513713032017,0.001639092545660747,0.0004266998037596777
2,0.003337500000000757,-8.527957766368663,-0.0005187041595053898,-12.0,4.263200821758032,12.0,-0.0003597636428796097,-0.0004263719525917549,-0.0004263719531104579,-0.0008527957766368664,0.001638845681274148,0.0004263719525917537
2,0.003337700000000757,-8.521388352861157,-0.0005197800023934995,-12.0,4.25991450122919,12.0,-0.0003605014224056929,-0.0004260434281231593,-0.0004260434286429382,-0.0008521388352861158,0.001638598061307284,0.0004260434281231584
2,0.003337900000000758,-8.514805482884176,-0.0005208550130939571,-12.0,4.256621453713897,12.0,-0.0003612404636893912,-0.0004257142308727001,-0.0004257142313935541,-0.0008514805482884177,0.001638349684803142,0.0004257142308726991
2,0.003338100000000758,-8.508209166833584,-0.0005219291901292777,-12.0,4.253321684412306,12.0,-0.0003619807642159384,-0.0004253843613602446,-0.0004253843618821728,-0.0008508209166833584,0.001638100550806709,0.0004253843613602435
2,0.003338300000000758,-8.501599415126494,-0.0005230025320064335,-12.0,4.250015198535213,12.0,-0.0003627223214685976,-0.0004250538201067229,-0.0004250538206297244,-0.0008501599415126494,0.001637850658363971,0.0004250538201067219
2,0.003338500000000758,-8.494976238201268,-0.0005240750372439429,-12.0,4.246702001304018,12.0,-0.0003634651329287031,-0.0004247226076341273,-0.0004247226081582012,-0.0008494976238201268,0.0016376000065218,0.0004247226076341262
2,0.003338700000000758,-8.488339646517414,-0.0005251467043638769,-12.0,4.243382097950695,12.0,-0.0003642091960754518,-0.0004243907244655069,-0.0004243907249906525,-0.0008488339646517414,0.001637348594328181,0.0004243907244655059
2,0.0033389000000007578,-8.481689650555634,-0.0005262175318723195,-12.0,4.240055493717833,12.0,-0.0003649545083861394,-0.0004240581711249717,-0.0004240581716511881,-0.0008481689650555634,0.001637096420832651,0.0004240581711249705
2,0.0033391000000007583,-8.475026260817822,-0.0005272875182886771,-12.0,4.236722193858603,12.0,-0.0003657010673359939,-0.0004237249481376903,-0.0004237249486649767,-0.0008475026260817822,0.001636843485085415,0.0004237249481376892
2,0.003339300000000758,-8.468349487826986,-0.0005283566621301361,-12.0,4.233382203636732,12.0,-0.0003664488703983837,-0.0004233910560298873,-0.0004233910565582428,-0.0008468349487826987,0.001636589786138343,0.0004233910560298863
2,0.003339500000000758,-8.46165934212724,-0.0005294249619121061,-12.0,4.230035528326502,12.0,-0.0003671979150445814,-0.0004230564953288425,-0.0004230564958582663,-0.000846165934212724,0.001636335323044746,0.0004230564953288414
2,0.003339700000000759,-8.454955834283874,-0.0005304924161380065,-12.0,4.226682173212806,12.0,-0.0003679481987440836,-0.0004227212665628955,-0.0004227212670933868,-0.0008454955834283875,0.001636080094858494,0.0004227212665628944
2,0.0033399000000007588,-8.448238974883262,-0.0005315590233392342,-12.0,4.223322143591032,12.0,-0.0003686997189643743,-0.0004223853702614382,-0.0004223853707929962,-0.0008448238974883262,0.001635824100635008,0.0004223853702614371
2,0.0033401000000007593,-8.441508774532794,-0.0005326247820223173,-12.0,4.219955444767116,12.0,-0.0003694524731711751,-0.000422048806954915,-0.0004220488074875385,-0.0008441508774532794,0.001635567339430932,0.0004220488069549139
2,0.003340300000000759,-8.43476524386098,-0.0005336896906991129,-12.0,4.216582082057545,12.0,-0.0003702064588280568,-0.0004217115771748254,-0.0004217115777085141,-0.000843476524386098,0.001635309810304353,0.0004217115771748244
2,0.003340500000000759,-8.428008393517384,-0.0005347537478854747,-12.0,4.213202060789326,12.0,-0.0003709616733970494,-0.0004213736814537223,-0.000421373681988475,-0.0008428008393517385,0.001635051512314467,0.0004213736814537212
2,0.003340700000000759,-8.421238234172558,-0.0005358169521008094,-12.0,4.209815386299958,12.0,-0.0003717181143380599,-0.0004210351203252071,-0.0004210351208610229,-0.0008421238234172558,0.001634792444521915,0.0004210351203252059
2,0.003340900000000759,-8.414454776518088,-0.0005368793018538653,-12.0,4.20642206393747,12.0,-0.0003724757791092048,-0.0004206958943239334,-0.0004206958948608117,-0.0008414454776518089,0.00163453260598867,0.0004206958943239324
2,0.003341100000000759,-8.407658031266571,-0.0005379407956578319,-12.0,4.203022099060391,12.0,-0.000373234665166991,-0.000420356003985606,-0.0004203560045235457,-0.0008407658031266571,0.001634271995777703,0.0004203560039856049
2,0.00334130000000076,-8.40084800915155,-0.000539001432033448,-12.0,4.199615497037711,12.0,-0.0003739947699657742,-0.0004200154498469756,-0.0004200154503859759,-0.0008400848009151551,0.001634010612953984,0.0004200154498469745
2,0.00334150000000076,-8.394024720927547,-0.0005400612094876855,-12.0,4.19620226324893,12.0,-0.0003747560909585362,-0.0004196742324458429,-0.000419674232985903,-0.0008394024720927547,0.001633748456582484,0.0004196742324458418
2,0.00334170000000076,-8.387188177370044,-0.0005411201265363985,-12.0,4.192782403084017,12.0,-0.0003755186255960385,-0.0004193323523210565,-0.0004193323528621754,-0.0008387188177370044,0.001633485525731393,0.0004193323523210554
2,0.00334190000000076,-8.38033838927543,-0.0005421781816949967,-12.0,4.189355921943391,12.0,-0.0003762823713276409,-0.0004189898100125098,-0.0004189898105546868,-0.0008380338389275431,0.001633221819469011,0.0004189898100125087
2,0.00334210000000076,-8.373475367460978,-0.0005432353734819984,-12.0,4.185922825237912,12.0,-0.0003770473256007184,-0.0004186466060611406,-0.0004186466066043748,-0.0008373475367460979,0.001632957336865304,0.0004186466060611395
2,0.00334230000000076,-8.366599122764917,-0.0005442917003946057,-12.0,4.182483118388949,12.0,-0.0003778134858610643,-0.0004183027410089355,-0.0004183027415532261,-0.0008366599122764918,0.001632692076991904,0.0004183027410089343
2,0.00334250000000076,-8.359709666046333,-0.0005453471609651039,-12.0,4.179036806828248,12.0,-0.0003785808495526677,-0.0004179582153989226,-0.0004179582159442684,-0.0008359709666046334,0.001632426038921331,0.0004179582153989213
2,0.0033427000000007603,-8.352807008185119,-0.0005464017537035737,-12.0,4.175583895997986,12.0,-0.0003793494141178383,-0.0004176130297751702,-0.0004176130303215708,-0.0008352807008185119,0.001632159221728102,0.0004176130297751689
2,0.00334290000000076,-8.345891160082083,-0.0005474554771107698,-12.0,4.17212439135082,12.0,-0.00038011917699729,-0.0004172671846827943,-0.0004172671852302486,-0.0008345891160082083,0.001631891624488069,0.0004172671846827932
2,0.003343100000000761,-8.338962132658837,-0.0005485083297163129,-12.0,4.16865829834976,12.0,-0.0003808901356299604,-0.000416920680667949,-0.0004169206812164561,-0.0008338962132658838,0.001631623246277858,0.0004169206806679476
2,0.003343300000000761,-8.332019936857735,-0.0005495603100298396,-12.0,4.16518562246822,12.0,-0.0003816622874530384,-0.0004165735182778263,-0.0004165735188273853,-0.0008332019936857735,0.001631354086176873,0.000416573518277825
2,0.003343500000000761,-8.325064583642034,-0.0005506114165547693,-12.0,4.16170636919007,12.0,-0.0003824356299023807,-0.0004162256980606637,-0.0004162256986112739,-0.0008325064583642034,0.001631084143264627,0.0004162256980606625
2,0.0033437000000007613,-8.318096083995705,-0.0005516616478211667,-12.0,4.158220544009505,12.0,-0.0003832101604119009,-0.0004158772205657337,-0.0004158772211173942,-0.0008318096083995706,0.001630813416622967,0.0004158772205657327
2,0.003343900000000761,-8.311114448923432,-0.000552711002332007,-12.0,4.154728152431108,12.0,-0.0003839858764141113,-0.0004155280863433454,-0.000415528086896055,-0.0008311114448923432,0.001630541905334848,0.000415528086343344
2,0.003344100000000761,-8.304119689450712,-0.0005537594786049205,-12.0,4.151229199969855,12.0,-0.0003847627753398308,-0.0004151782959448471,-0.0004151782964986054,-0.0008304119689450712,0.001630269608485002,0.0004151782959448459
2,0.0033443000000007612,-8.297111816623746,-0.000554807075150876,-12.0,4.147723692151076,12.0,-0.0003855408546183242,-0.0004148278499226239,-0.0004148278504774297,-0.0008297111816623746,0.001629996525159605,0.0004148278499226227
2,0.003344500000000761,-8.290090841509414,-0.0005558537904928329,-12.0,4.144211634510429,12.0,-0.000386320111677288,-0.0004144767488300934,-0.0004144767493859461,-0.0008290090841509414,0.001629722654446608,0.0004144767488300922
2,0.003344700000000761,-8.283056775195275,-0.0005568996231342105,-12.0,4.140693032593941,12.0,-0.0003871005439427949,-0.0004141249932217087,-0.0004141249937786071,-0.0008283056775195276,0.001629447995434741,0.0004141249932217076
2,0.003344900000000762,-8.276009628789618,-0.000557944571592639,-12.0,4.137167891957974,12.0,-0.0003878821488395717,-0.0004137725836529579,-0.0004137725842109012,-0.0008276009628789618,0.001629172547214952,0.0004137725836529567
2,0.003345100000000762,-8.268949413421318,-0.0005589886343897454,-12.0,4.133636218169188,12.0,-0.0003886649237906104,-0.000413419520680359,-0.0004134195212393464,-0.0008268949413421318,0.001628896308880079,0.0004134195206803577
2,0.0033453000000007622,-8.2618761402399,-0.0005600318100298374,-12.0,4.130098016804587,12.0,-0.0003894488662176121,-0.000413065804861463,-0.0004130658054214936,-0.0008261876140239901,0.001628619279523402,0.0004130658048614617
2,0.003345500000000762,-8.254789820415544,-0.0005610740970309891,-12.0,4.126553293451484,12.0,-0.0003902339735405713,-0.0004127114367548528,-0.0004127114373159257,-0.0008254789820415545,0.001628341458240756,0.0004127114367548515
2,0.003345700000000762,-8.247690465138989,-0.0005621154939126072,-12.0,4.123002053707471,12.0,-0.0003910202431780391,-0.0004123564169201396,-0.0004123564174822539,-0.0008247690465138989,0.001628062844129641,0.0004123564169201384
2,0.003345900000000762,-8.240578085621527,-0.000563155999188325,-12.0,4.119444303180421,12.0,-0.0003918076725473313,-0.0004120007459179621,-0.000412000746481117,-0.0008240578085621528,0.001627783436288666,0.000412000745917961
2,0.003346100000000762,-8.233452693095094,-0.0005641956113628943,-12.0,4.115880047488546,12.0,-0.0003925962590640431,-0.0004116444243099921,-0.0004116444248741866,-0.0008233452693095094,0.001627503233817884,0.000411644424309991
2,0.003346300000000762,-8.226314298812134,-0.0005652343289663797,-12.0,4.112309292260274,12.0,-0.0003933860001424511,-0.0004112874526589253,-0.0004112874532241584,-0.0008226314298812135,0.001627222235819792,0.0004112874526589242
2,0.003346500000000762,-8.219162914045574,-0.0005662721505070856,-12.0,4.108732043134305,12.0,-0.0003941768931953887,-0.0004109298315284824,-0.0004109298320947534,-0.0008219162914045575,0.001626940441398439,0.0004109298315284813
2,0.003346700000000763,-8.211998550088904,-0.0005673090744999776,-12.0,4.105148305759611,12.0,-0.000394968935634385,-0.0004105715614834124,-0.0004105715620507202,-0.0008211998550088904,0.001626657849658653,0.0004105715614834111
2,0.003346900000000763,-8.204821218256109,-0.0005683450994586892,-12.0,4.101558085795416,12.0,-0.0003957621248693866,-0.0004102126430894887,-0.0004102126436578326,-0.000820482121825611,0.001626374459707591,0.0004102126430894875
2,0.003347100000000763,-8.19763092988162,-0.000569380223907956,-12.0,4.097961388911145,12.0,-0.0003965564583091052,-0.0004098530769135067,-0.0004098530774828857,-0.0008197630929881621,0.001626090270654634,0.0004098530769135053
2,0.003347300000000763,-8.190427696320327,-0.0005704144463565264,-12.0,4.094358220786484,12.0,-0.0003973519333608233,-0.0004094928635232853,-0.0004094928640936986,-0.0008190427696320328,0.001625805281609938,0.000409492863523284
2,0.003347500000000763,-8.183211528947592,-0.0005714477653202543,-12.0,4.090748587111338,12.0,-0.0003981485474306157,-0.0004091320034876671,-0.0004091320040591135,-0.0008183211528947591,0.001625519491685212,0.0004091320034876658
2,0.0033477000000007627,-8.175982439159156,-0.0005724801793247636,-12.0,4.08713249358579,12.0,-0.0003989462979230307,-0.0004087704973765127,-0.0004087704979489915,-0.0008175982439159157,0.001625232899995166,0.0004087704973765114
2,0.0033479000000007633,-8.168740438371167,-0.0005735116868743617,-12.0,4.083509945920156,12.0,-0.0003997451822413123,-0.0004084083457607043,-0.0004084083463342147,-0.0008168740438371166,0.001624945505655395,0.000408408345760703
2,0.003348100000000763,-8.16148553802021,-0.0005745422864928962,-12.0,4.079880949834943,12.0,-0.0004005451977876495,-0.0004080455492121448,-0.0004080455497866859,-0.0008161485538020211,0.001624657307782718,0.0004080455492121436
2,0.003348300000000763,-8.154217749563172,-0.0005755719767028822,-12.0,4.076245511060812,12.0,-0.0004013463419626495,-0.0004076821083037526,-0.0004076821088793235,-0.0008154217749563172,0.001624368305497281,0.0004076821083037515
2,0.003348500000000764,-8.146937084477308,-0.0005766007560081832,-12.0,4.072603635338635,12.0,-0.0004021486121656981,-0.0004073180236094656,-0.000407318024186065,-0.0008146937084477308,0.001624078497919235,0.0004073180236094644
2,0.0033487000000007637,-8.139643554260223,-0.0005776286229410843,-12.0,4.068955328419413,12.0,-0.0004029520057950708,-0.0004069532957042368,-0.0004069532962818642,-0.0008139643554260223,0.001623787884172057,0.0004069532957042354
2,0.0033489000000007643,-8.132337170429803,-0.0005786555760107781,-12.0,4.06530059606433,12.0,-0.0004037565202476001,-0.0004065879251640353,-0.0004065879257426897,-0.0008132337170429803,0.00162349646337967,0.0004065879251640342
2,0.003349100000000764,-8.125017944524274,-0.000579681613735783,-12.0,4.061639444044717,12.0,-0.0004045621529191468,-0.0004062219125658466,-0.0004062219131455269,-0.0008125017944524274,0.001623204234668774,0.0004062219125658453
2,0.003349300000000764,-8.117685888102091,-0.0005807067346434991,-12.0,4.057971878142013,12.0,-0.0004053689012039341,-0.0004058552584876668,-0.0004058552590683724,-0.0008117685888102092,0.001622911197167731,0.0004058552584876656
2,0.003349500000000764,-8.11034101274199,-0.0005817309372408985,-12.0,4.054297904147824,12.0,-0.0004061767624954915,-0.0004054879635085078,-0.0004054879640902374,-0.0008110341012741991,0.00162261735000635,0.0004054879635085065
2,0.003349700000000764,-8.102983330042937,-0.0005827542200589342,-12.0,4.050617527863838,12.0,-0.0004069857341856553,-0.0004051200282083909,-0.000405120028791144,-0.0008102983330042937,0.001622322692316436,0.0004051200282083897
2,0.003349900000000764,-8.09561285162412,-0.0005837765816085749,-12.0,4.046930755101881,12.0,-0.0004077958136654569,-0.0004047514531683502,-0.0004047514537521256,-0.000809561285162412,0.001622027223231681,0.000404751453168349
2,0.003350100000000764,-8.088229589124953,-0.0005847980204110037,-12.0,4.04323759168388,12.0,-0.0004086069983245677,-0.0004043822389704303,-0.0004043822395552272,-0.0008088229589124954,0.001621730941888111,0.0004043822389704291
2,0.003350300000000765,-8.080833554204998,-0.0005858185349936207,-12.0,4.039538043441825,12.0,-0.0004094192855515766,-0.000404012386197683,-0.0004040123867835003,-0.0008080833554204999,0.00162143384742286,0.0004040123861976818
2,0.003350500000000765,-8.073424758543998,-0.0005868381238678388,-12.0,4.035832116217816,12.0,-0.0004102326727339345,-0.0004036418954341697,-0.0004036418960210066,-0.0008073424758543999,0.00162113593897506,0.0004036418954341684
2,0.003350700000000765,-8.066003213841874,-0.0005878567855583938,-12.0,4.032119815864031,12.0,-0.0004110471572578989,-0.0004032707672649603,-0.0004032707678528158,-0.0008066003213841875,0.001620837215686399,0.000403270767264959
2,0.003350900000000765,-8.058568931818622,-0.000588874518593574,-12.0,4.028401148242676,12.0,-0.0004118627365086169,-0.0004028990022761281,-0.0004028990028650014,-0.0008058568931818622,0.001620537676699896,0.0004028990022761269
2,0.003351100000000765,-8.05112192421438,-0.0005898913214816837,-12.0,4.024676119226055,12.0,-0.0004126794078704032,-0.0004025266010547549,-0.0004025266016446449,-0.000805112192421438,0.001620237321160345,0.0004025266010547537
2,0.0033513000000007648,-8.043662202789376,-0.0005909071927590048,-12.0,4.020944734696479,12.0,-0.0004134971687260458,-0.0004021535641889251,-0.0004021535647798309,-0.0008043662202789376,0.001619936148215095,0.0004021535641889238
2,0.0033515000000007653,-8.036189779323896,-0.0005919221309369505,-12.0,4.017207000546322,12.0,-0.0004143160164575554,-0.000401779892267727,-0.000401779892859648,-0.0008036189779323897,0.001619634157012828,0.0004017798922677259
2,0.003351700000000765,-8.028704665618326,-0.0005929361345420325,-12.0,4.013462922677988,12.0,-0.0004151359484458605,-0.0004014055858812541,-0.0004014055864741892,-0.0008028704665618327,0.001619331346704889,0.000401405585881253
2,0.003351900000000766,-8.021206873493028,-0.0005939492021047599,-12.0,4.009712507003865,12.0,-0.0004159569620708348,-0.0004010306456205982,-0.0004010306462145461,-0.0008021206873493029,0.001619027716443733,0.000401030645620597
2,0.003352100000000766,-8.013696414788399,-0.0005949613321361014,-12.0,4.005955759446381,12.0,-0.0004167790547112138,-0.0004006550720778532,-0.0004006550726728131,-0.0008013696414788399,0.001618723265384037,0.0004006550720778518
2,0.0033523000000007658,-8.006173301364893,-0.0005959725231692303,-12.0,4.002192685937968,12.0,-0.0004176022237447619,-0.000400278865846115,-0.0004002788664420862,-0.0008006173301364893,0.00161841799268303,0.0004002788658461137
2,0.0033525000000007663,-7.998637545102861,-0.0005969827737311029,-12.0,3.998423292421006,12.0,-0.0004184264665483273,-0.0003999020275194751,-0.0003999020281164565,-0.0007998637545102861,0.001618111897499275,0.0003999020275194738
2,0.003352700000000766,-7.991089157902648,-0.0005979920823380169,-12.0,3.994647584847896,12.0,-0.0004192517804977591,-0.0003995245576930246,-0.0003995245582910155,-0.0007991089157902648,0.001617804978993775,0.0003995245576930234
2,0.003352900000000766,-7.983528151684583,-0.0005990004475209254,-12.0,3.990865569181005,12.0,-0.0004200781629677963,-0.0003991464569628538,-0.0003991464575618531,-0.0007983528151684583,0.001617497236329202,0.0003991464569628527
2,0.0033531000000007662,-7.97595453838886,-0.0006000078678067844,-12.0,3.987077251392642,12.0,-0.0004209056113323173,-0.000398767725926046,-0.0003987677265260527,-0.0007975954538388861,0.001617188668670222,0.0003987677259260449
2,0.003353300000000766,-7.968368329975582,-0.0006010143417207736,-12.0,3.983282637465067,12.0,-0.0004217341229642013,-0.0003983883651806799,-0.000398388365781693,-0.0007968368329975582,0.001616879275183947,0.0003983883651806787
2,0.003353500000000766,-7.960769538424769,-0.000602019867788961,-12.0,3.979481733390502,12.0,-0.0004225636952355505,-0.0003980083753258303,-0.000398008375927849,-0.000796076953842477,0.001616569055039263,0.0003980083753258292
2,0.003353700000000767,-7.953158175736318,-0.0006030244445378585,-12.0,3.975674545171108,12.0,-0.0004233943255171901,-0.0003976277569615658,-0.000397627757564589,-0.0007953158175736318,0.001616258007407279,0.0003976277569615646
2,0.003353900000000767,-7.945534253929929,-0.0006040280705019718,-12.0,3.97186107881893,12.0,-0.0004242260111794183,-0.0003972465106889445,-0.0003972465112929714,-0.0007945534253929929,0.001615946131460877,0.0003972465106889433
2,0.0033541000000007672,-7.937897785045148,-0.0006050307442020397,-12.0,3.968041340355964,12.0,-0.0004250587495913949,-0.0003968646371100179,-0.0003968646377150474,-0.0007937897785045149,0.001615633426375052,0.0003968646371100166
2,0.003354300000000767,-7.930248781141376,-0.0006060324641690151,-12.0,3.96421533581411,12.0,-0.0004258925381215029,-0.0003964821368278291,-0.0003964821374338604,-0.0007930248781141376,0.001615319891327183,0.0003964821368278279
2,0.003354500000000767,-7.922587254297742,-0.0006070332289400682,-12.0,3.960383071235129,12.0,-0.0004267273741372091,-0.0003960990104464081,-0.0003960990110534401,-0.0007922587254297742,0.001615005525496593,0.0003960990104464069
2,0.003354700000000767,-7.914913216613163,-0.0006080330370337172,-12.0,3.9565445526707,12.0,-0.00042756325500512,-0.0003957152585707746,-0.0003957152591788065,-0.0007914913216613164,0.001614690328064605,0.0003957152585707734
2,0.003354900000000767,-7.907226680206356,-0.0006090318869871325,-12.0,3.952699786182379,12.0,-0.0004284001780909819,-0.0003953308818069379,-0.0003953308824159685,-0.0007907226680206357,0.001614374298214705,0.0003953308818069367
2,0.0033551000000007674,-7.899527657215709,-0.0006100297773343755,-12.0,3.948848777841556,12.0,-0.0004292381407597357,-0.0003949458807618903,-0.0003949458813719188,-0.000789952765721571,0.001614057435132599,0.000394945880761889
2,0.003355300000000767,-7.891816159799354,-0.0006110267066006259,-12.0,3.944991533729509,12.0,-0.0004300771403754899,-0.0003945602560436122,-0.0003945602566546377,-0.0007891816159799354,0.001613739738006104,0.000394560256043611
2,0.003355500000000768,-7.884092200135143,-0.0006120226733203893,-12.0,3.941128059937364,12.0,-0.0004309171743015761,-0.0003941740082610696,-0.0003941740088730911,-0.0007884092200135144,0.001613421206025145,0.0003941740082610685
2,0.003355700000000768,-7.876355790420567,-0.0006130176760290595,-12.0,3.937258362566063,12.0,-0.0004317582399004372,-0.0003937871380242105,-0.000393787138637227,-0.0007876355790420568,0.001613101838381703,0.0003937871380242092
2,0.003355900000000768,-7.868606942872755,-0.0006140117132633627,-12.0,3.933382447726364,12.0,-0.0004326003345338503,-0.000393399645943964,-0.0003933996465579746,-0.0007868606942872755,0.001612781634269977,0.0003933996459439628
2,0.0033561000000007684,-7.860845669728545,-0.0006150047835431494,-12.0,3.92950032153891,12.0,-0.000433443455562732,-0.0003930115326322464,-0.0003930115332472501,-0.0007860845669728546,0.001612460592886611,0.0003930115326322454
2,0.003356300000000768,-7.853071983244368,-0.0006159968854198006,-12.0,3.925611990134085,12.0,-0.0004342876003472496,-0.0003926227987019518,-0.0003926227993179474,-0.0007853071983244368,0.001612138713430078,0.0003926227987019505
2,0.0033565000000007677,-7.845285895696181,-0.0006169880174238251,-12.0,3.921717459652075,12.0,-0.0004351327662468762,-0.000392233444766951,-0.0003922334453839379,-0.0007845285895696181,0.001611815995101129,0.0003922334447669499
2,0.0033567000000007683,-7.837487419379635,-0.0006179781780795146,-12.0,3.917816736242917,12.0,-0.0004359789506203082,-0.0003918434714421009,-0.0003918434720600778,-0.0007837487419379636,0.001611492437102791,0.0003918434714420996
2,0.003356900000000768,-7.8296765666099,-0.0006189673659418027,-12.0,3.913909826066365,12.0,-0.0004368261508255478,-0.0003914528793432318,-0.0003914528799621979,-0.0007829676566609901,0.001611168038640254,0.0003914528793432306
2,0.003357100000000768,-7.821853349721631,-0.0006199555795389777,-12.0,3.909996735291952,12.0,-0.00043767436421982,-0.0003910616690871502,-0.0003910616697071047,-0.0007821853349721632,0.001610842798921042,0.0003910616690871491
2,0.003357300000000769,-7.814017781069065,-0.0006209428174068776,-12.0,3.906077470098994,12.0,-0.0004385235881598226,-0.0003906698412916412,-0.000390669841912583,-0.0007814017781069065,0.001610516717154731,0.0003906698412916401
2,0.0033575000000007687,-7.806169873025951,-0.0006219290780857811,-12.0,3.902152036676556,12.0,-0.0004393738200013653,-0.0003902773965754653,-0.0003902773971973933,-0.0007806169873025951,0.001610189792553229,0.0003902773965754642
2,0.0033577000000007693,-7.79830963798547,-0.000622914360120852,-12.0,3.898220441223411,12.0,-0.0004402250570996746,-0.0003898843355583543,-0.0003898843361812675,-0.0007798309637985471,0.001609862024330666,0.0003898843355583532
2,0.003357900000000769,-7.790437088360295,-0.000623898662042599,-12.0,3.894282689948097,12.0,-0.0004410772968093113,-0.0003894906588610151,-0.0003894906594849126,-0.0007790437088360296,0.001609533411703612,0.000389490658861014
2,0.003358100000000769,-7.782552236582566,-0.0006248819823952978,-12.0,3.890338789068871,12.0,-0.0004419305364841974,-0.0003890963671051277,-0.0003890963677300086,-0.0007782552236582567,0.001609203953890748,0.0003890963671051266
2,0.003358300000000769,-7.774655095103802,-0.0006258643197263325,-12.0,3.886388744813669,12.0,-0.0004427847734776724,-0.0003887014609133407,-0.0003887014615392038,-0.0007774655095103803,0.001608873650112752,0.0003887014609133395
2,0.003358500000000769,-7.766745676394941,-0.0006268456725684324,-12.0,3.882432563420161,12.0,-0.0004436400051423539,-0.0003883059409092741,-0.0003883059415361187,-0.0007766745676394942,0.00160854249959308,0.0003883059409092729
2,0.003358700000000769,-7.758823992946338,-0.0006278260394667612,-12.0,3.878470251135708,12.0,-0.0004444962288302767,-0.0003879098077175187,-0.0003879098083453436,-0.0007758823992946338,0.001608210501557295,0.0003879098077175175
2,0.003358900000000769,-7.750890057267681,-0.0006288054189695913,-12.0,3.874501814217332,12.0,-0.0004453534418929483,-0.0003875130619636314,-0.0003875130625924356,-0.0007750890057267682,0.00160787765523307,0.0003875130619636302
2,0.00335910000000077,-7.742943881887969,-0.0006297838096220865,-12.0,3.870527258931713,12.0,-0.0004462116416810435,-0.0003871157042741347,-0.0003871157049039174,-0.000774294388188797,0.001607543959851021,0.0003871157042741335
2,0.00335930000000077,-7.73498547935561,-0.0006307612099538673,-12.0,3.866546591555262,12.0,-0.0004470708255451261,-0.0003867177352765227,-0.0003867177359072828,-0.000773498547935561,0.001607209414643151,0.0003867177352765216
2,0.00335950000000077,-7.727014862238289,-0.0006317376185296375,-12.0,3.862559818373974,12.0,-0.0004479309908347884,-0.0003863191555992515,-0.000386319156230988,-0.000772701486223829,0.001606874018844351,0.0003863191555992503
2,0.00335970000000077,-7.719032043122897,-0.0006327130338896758,-12.0,3.858566945683484,12.0,-0.0004487921348992063,-0.0003859199658717385,-0.0003859199665044503,-0.0007719032043122897,0.001606537771691896,0.0003859199658717373
2,0.00335990000000077,-7.711037034615711,-0.0006336874545684879,-12.0,3.854567979789128,12.0,-0.0004496542550869453,-0.0003855201667243708,-0.0003855201673580571,-0.0007711037034615712,0.001606200672425395,0.0003855201667243697
2,0.0033601000000007698,-7.703029849342217,-0.0006346608791334418,-12.0,3.850562927005799,12.0,-0.0004505173487462932,-0.0003851197587884944,-0.0003851197594231542,-0.0007703029849342217,0.001605862720286511,0.0003851197587884933
2,0.0033603000000007703,-7.695010499947058,-0.0006356333061243724,-12.0,3.846551793658009,12.0,-0.0004513814132246774,-0.0003847187426964146,-0.0003847187433320467,-0.0007695010499947059,0.001605523914519791,0.0003847187426964134
2,0.00336050000000077,-7.68697899909415,-0.0006366047340877756,-12.0,3.842534586079896,12.0,-0.0004522464458692199,-0.0003843171190813995,-0.0003843171197180032,-0.000768697899909415,0.001605184254371561,0.0003843171190813984
2,0.00336070000000077,-7.678935359466611,-0.0006375751615754766,-12.0,3.838511310615191,12.0,-0.0004531124440265988,-0.0003839148885776778,-0.0003839148892152518,-0.0007678935359466611,0.001604843739090922,0.0003839148885776767
2,0.003360900000000771,-7.670879593766672,-0.0006385445871455175,-12.0,3.834481973617172,12.0,-0.0004539794050427703,-0.0003835120518204329,-0.0003835120524589764,-0.0007670879593766673,0.001604502367929361,0.0003835120518204318
2,0.0033611000000007708,-7.662811714715729,-0.0006395130093403978,-12.0,3.830446581448724,12.0,-0.0004548473262635799,-0.0003831086094458076,-0.0003831086100853195,-0.0007662811714715729,0.00160416014014042,0.0003831086094458065
2,0.0033613000000007713,-7.654731735054339,-0.0006404804267146069,-12.0,3.826405140482294,12.0,-0.000455716205034068,-0.000382704562090902,-0.0003827045627313813,-0.000765473173505434,0.00160381705498075,0.0003827045620909008
2,0.003361500000000771,-7.646639667542113,-0.0006414468378288518,-12.0,3.822357657099844,12.0,-0.0004565860386990528,-0.0003822999103937684,-0.0003822999110352142,-0.0007646639667542113,0.001603473111708609,0.0003822999103937673
2,0.003361700000000771,-7.638535524957764,-0.0006424122412291844,-12.0,3.818304137692916,12.0,-0.0004574568246029087,-0.0003818946549934156,-0.0003818946556358267,-0.0007638535524957764,0.001603128309585033,0.0003818946549934146
2,0.003361900000000771,-7.630419320099104,-0.0006433766354700943,-12.0,3.814244588662581,12.0,-0.0004583285600893716,-0.0003814887965298063,-0.0003814887971731818,-0.0007630419320099104,0.001602782647873724,0.0003814887965298051
2,0.003362100000000771,-7.622291065782952,-0.0006443400191176174,-12.0,3.810179016419399,12.0,-0.0004592012425019831,-0.0003810823356438529,-0.0003810823362881918,-0.0007622291065782952,0.001602436125840656,0.0003810823356438517
2,0.003362300000000771,-7.614150774845166,-0.0006453023907151412,-12.0,3.806107427383487,12.0,-0.000460074869183813,-0.0003806752729774213,-0.0003806752736227225,-0.0007614150774845166,0.001602088742754249,0.0003806752729774202
2,0.003362500000000772,-7.605998460140609,-0.0006462637488349188,-12.0,3.802029827984414,12.0,-0.0004609494374775702,-0.0003802676091733261,-0.0003802676098195887,-0.0007605998460140609,0.00160174049788514,0.000380267609173325
2,0.003362700000000772,-7.597834134543126,-0.0006472240920194494,-12.0,3.797946224661292,12.0,-0.0004618249447256029,-0.0003798593448753323,-0.0003798593455225553,-0.0007597834134543127,0.001601391390506746,0.0003798593448753312
2,0.003362900000000772,-7.589657810945531,-0.0006481834188454272,-12.0,3.793856623862664,12.0,-0.0004627013882698983,-0.000379450480728152,-0.0003794504813763343,-0.0007589657810945532,0.001601041419894866,0.000379450480728151
2,0.003363100000000772,-7.581469502259566,-0.0006491417278580158,-12.0,3.789761032046578,12.0,-0.0004635787654518053,-0.0003790410173774447,-0.0003790410180265854,-0.0007581469502259566,0.001600690585328024,0.0003790410173774437
2,0.003363300000000772,-7.573269221415944,-0.0006500990176241395,-12.0,3.785659455680546,12.0,-0.0004644570736128117,-0.0003786309554698182,-0.000378630956119916,-0.0007573269221415944,0.001600338886086738,0.0003786309554698171
2,0.003363500000000772,-7.565056981364229,-0.0006510552867124986,-12.0,3.781551901241493,12.0,-0.0004653363100937946,-0.0003782202956528217,-0.0003782202963038759,-0.000756505698136423,0.001599986321454416,0.0003782202956528206
2,0.003363700000000772,-7.556832795072876,-0.0006520105336744741,-12.0,3.777438375215821,12.0,-0.0004662164722353257,-0.0003778090385749506,-0.0003778090392269601,-0.0007556832795072876,0.001599632890716962,0.0003778090385749496
2,0.0033639000000007723,-7.548596675529247,-0.0006529647570792108,-12.0,3.773318884099358,12.0,-0.0004670975573776992,-0.0003773971848856447,-0.0003773971855386084,-0.0007548596675529247,0.001599278593162612,0.0003773971848856437
2,0.003364100000000772,-7.54034863573949,-0.000653917955495853,-12.0,3.769193434397322,12.0,-0.0004679795628608763,-0.0003769847352352828,-0.0003769847358891997,-0.0007540348635739491,0.001598923428082155,0.0003769847352352817
2,0.003364300000000773,-7.532088688728592,-0.0006548701274824431,-12.0,3.765062032624371,12.0,-0.0004688624860245405,-0.0003765716902751864,-0.0003765716909300555,-0.0007532088688728593,0.001598567394769046,0.0003765716902751854
2,0.003364500000000773,-7.523816847540383,-0.0006558212716085698,-12.0,3.760924685304566,12.0,-0.0004697463242082367,-0.0003761580506576185,-0.0003761580513134387,-0.0007523816847540383,0.001598210492519236,0.0003761580506576174
2,0.003364700000000773,-7.515533125237404,-0.0006567713864469304,-12.0,3.756781398971318,12.0,-0.0004706310747509823,-0.0003757438170357776,-0.0003757438176925478,-0.0007515533125237405,0.001597852720631343,0.0003757438170357765
2,0.0033649000000007733,-7.507237534901007,-0.0006577204705555673,-12.0,3.752632180167465,12.0,-0.0004715167349918503,-0.0003753289900638032,-0.0003753289907215226,-0.0007507237534901007,0.001597494078406092,0.0003753289900638021
2,0.003365100000000773,-7.498930089631257,-0.0006586685225169475,-12.0,3.748477035445168,12.0,-0.0004724033022694141,-0.0003749135703967696,-0.000374913571055437,-0.0007498930089631257,0.001597134565147373,0.0003749135703967685
2,0.003365300000000773,-7.490610802546936,-0.0006596155408895576,-12.0,3.744315971365979,12.0,-0.0004732907739220249,-0.0003744975586906879,-0.0003744975593503023,-0.0007490610802546936,0.001596774180161353,0.0003744975586906868
2,0.0033655000000007733,-7.482279686785571,-0.0006605615242496476,-12.0,3.740148994500796,12.0,-0.0004741791472880064,-0.0003740809556025056,-0.0003740809562630661,-0.0007482279686785571,0.001596412922756696,0.0003740809556025046
2,0.003365700000000773,-7.473936755503301,-0.0006615064711752439,-12.0,3.735976111429823,12.0,-0.000475068419705349,-0.0003736637617901009,-0.0003736637624516063,-0.0007473936755503301,0.00159605079224473,0.0003736637617900998
2,0.003365900000000773,-7.465582021874945,-0.0006624503802306059,-12.0,3.731797328742623,12.0,-0.0004759585885118489,-0.0003732459779122864,-0.0003732459785747358,-0.0007465582021874945,0.00159568778793967,0.0003732459779122854
2,0.003366100000000774,-7.457215499093991,-0.0006633932499915396,-12.0,3.727612653038075,12.0,-0.0004768496510450249,-0.0003728276046288078,-0.0003728276052921999,-0.0007457215499093991,0.001595323909157842,0.0003728276046288067
2,0.003366300000000774,-7.448837200372493,-0.0006643350790431768,-12.0,3.723422090924331,12.0,-0.0004777416046424787,-0.0003724086426003385,-0.0003724086432646725,-0.0007448837200372493,0.001594959155218512,0.0003724086426003375
2,0.0033665000000007743,-7.440447138941123,-0.0006652758659453362,-12.0,3.719225649018885,12.0,-0.0004786344466412851,-0.0003719890924884841,-0.0003719890931537589,-0.0007440447138941124,0.001594593525443444,0.000371989092488483
2,0.003366700000000774,-7.432045328049123,-0.0006662156092938076,-12.0,3.715023333948465,12.0,-0.0004795281743787128,-0.000371568954955777,-0.0003715689556219915,-0.0007432045328049124,0.001594227019157013,0.0003715689549557759
2,0.003366900000000774,-7.423631780964289,-0.0006671543076506303,-12.0,3.710815152349126,12.0,-0.0004804227851915865,-0.0003711482306656786,-0.0003711482313328319,-0.000742363178096429,0.001593859635686645,0.0003711482306656777
2,0.003367100000000774,-7.415206510972942,-0.0006680919596098178,-12.0,3.706601110866136,12.0,-0.00048131827641687,-0.0003707269202825756,-0.0003707269209506666,-0.0007415206510972942,0.001593491374361655,0.0003707269202825746
2,0.003367300000000774,-7.406769531379899,-0.0006690285637396265,-12.0,3.702381216154055,12.0,-0.0004822146453911658,-0.0003703050244717804,-0.000370305025140808,-0.0007406769531379899,0.001593122234514466,0.0003703050244717794
2,0.003367500000000774,-7.398320855508525,-0.000669964118624744,-12.0,3.698155474876684,12.0,-0.0004831118894510766,-0.0003698825438995319,-0.0003698825445694951,-0.0007398320855508526,0.001592752215480331,0.0003698825438995309
2,0.003367700000000774,-7.389860496700584,-0.0006708986228560754,-12.0,3.693923893707021,12.0,-0.0004840100059330943,-0.0003694594792329888,-0.0003694594799038864,-0.0007389860496700585,0.001592381316596669,0.0003694594792329878
2,0.003367900000000775,-7.381388468316306,-0.0006718320750058737,-12.0,3.689686479327323,12.0,-0.0004849089921735994,-0.0003690358311402339,-0.000369035831812065,-0.0007381388468316306,0.001592009537203898,0.0003690358311402329
2,0.003368100000000775,-7.372904783734396,-0.0006727644736632676,-12.0,3.685443238429058,12.0,-0.0004858088455088616,-0.0003686116002902732,-0.0003686116009630366,-0.0007372904783734396,0.001591636876645153,0.0003686116002902721
2,0.003368300000000775,-7.364409456351891,-0.0006736958174204943,-12.0,3.681194177712857,12.0,-0.0004867095632751506,-0.0003681867873530287,-0.0003681867880267235,-0.0007364409456351891,0.001591263334266124,0.0003681867873530277
2,0.003368500000000775,-7.355902499584238,-0.0006746261048524715,-12.0,3.67693930388858,12.0,-0.0004876111428085972,-0.0003677613929993443,-0.0003677613936739693,-0.0007355902499584239,0.001590888909415167,0.0003677613929993432
2,0.003368700000000775,-7.347383926865295,-0.0006755553345527687,-12.0,3.672678623675265,12.0,-0.0004885135814453601,-0.0003673354179009828,-0.0003673354185765371,-0.0007347383926865295,0.001590513601443411,0.0003673354179009818
2,0.0033689000000007747,-7.338853751647185,-0.0006764835051162876,-12.0,3.668412143801083,12.0,-0.0004894168765213758,-0.000366908862730621,-0.0003669088634071035,-0.0007338853751647185,0.001590137409704928,0.00036690886273062
2,0.0033691000000007753,-7.330311987400386,-0.000677410615122831,-12.0,3.664139871003402,12.0,-0.000490321025372914,-0.0003664817281618536,-0.0003664817288392632,-0.0007330311987400386,0.001589760333555568,0.0003664817281618525
2,0.003369300000000775,-7.321758647613708,-0.0006783366631677445,-12.0,3.659861812028736,12.0,-0.0004912260253357725,-0.0003660540148691913,-0.000366054015547527,-0.0007321758647613707,0.001589382372355619,0.0003660540148691903
2,0.003369500000000775,-7.313193745794194,-0.0006792616478472624,-12.0,3.65557797363271,12.0,-0.0004921318737460822,-0.0003656257235280567,-0.0003656257242073174,-0.0007313193745794195,0.001589003525466259,0.0003656257235280557
2,0.003369700000000776,-7.304617295467106,-0.000680185567754954,-12.0,3.651288362580066,12.0,-0.000493038567939752,-0.0003651968548147831,-0.0003651968554949676,-0.0007304617295467107,0.001588623792252608,0.0003651968548147821
2,0.0033699000000007757,-7.296029310176048,-0.000681108421470622,-12.0,3.646992985644734,12.0,-0.0004939461052528848,-0.0003647674094066215,-0.0003647674100877289,-0.0007296029310176049,0.001588243172082004,0.0003647674094066205
2,0.0033701000000007763,-7.287429803482789,-0.0006820302076104845,-12.0,3.642691849609677,12.0,-0.0004948544830214452,-0.0003643373879817297,-0.000364337388663759,-0.0007287429803482789,0.001587861664324508,0.0003643373879817288
2,0.003370300000000776,-7.278818788967227,-0.0006829509247610055,-12.0,3.638384961266963,12.0,-0.0004957636985814806,-0.0003639067912191733,-0.0003639067919021234,-0.0007278818788967228,0.001587479268353564,0.0003639067912191724
2,0.003370500000000776,-7.270196280227508,-0.0006838705715193072,-12.0,3.634072327417769,12.0,-0.000496673749269122,-0.0003634756197989299,-0.0003634756204827995,-0.0007270196280227509,0.001587095983544451,0.0003634756197989289
2,0.003370700000000776,-7.261562290879924,-0.0006847891464847322,-12.0,3.629753954872344,12.0,-0.000497584632420417,-0.0003630438744018839,-0.000363043875086672,-0.0007261562290879924,0.001586711809275887,0.0003630438744018829
2,0.003370900000000776,-7.252916834558854,-0.0006857066482646168,-12.0,3.625429850449964,12.0,-0.0004984963453716629,-0.0003626115557098238,-0.0003626115563955295,-0.0007252916834558854,0.001586326744929423,0.0003626115557098229
2,0.003371100000000776,-7.2442599249168,-0.0006866230754516423,-12.0,3.621100020978992,12.0,-0.0004994088854591294,-0.0003621786644054453,-0.0003621786650920674,-0.00072442599249168,0.001585940789888385,0.0003621786644054443
2,0.003371300000000776,-7.235591575624382,-0.0006875384266500362,-12.0,3.616764473296832,12.0,-0.0005003222500190863,-0.0003617452011723492,-0.0003617452018598866,-0.0007235591575624383,0.00158555394354043,0.0003617452011723483
2,0.003371500000000777,-7.22691180037023,-0.0006884527004711316,-12.0,3.612423214249882,12.0,-0.0005012364363879418,-0.0003613111666950363,-0.0003613111673834879,-0.0007226911800370231,0.001585166205274935,0.0003613111666950353
2,0.003371700000000777,-7.218220612861031,-0.0006893658955089421,-12.0,3.608076250693593,12.0,-0.000502151441902382,-0.0003608765616589112,-0.0003608765623482761,-0.0007218220612861031,0.001584777574484109,0.0003608765616589102
2,0.003371900000000777,-7.209518026821541,-0.0006902780103748007,-12.0,3.603723589492428,12.0,-0.0005030672638988709,-0.0003604413867502812,-0.0003604413874405583,-0.0007209518026821541,0.001584388050563601,0.0003604413867502803
2,0.003372100000000777,-7.200804055994455,-0.0006911890436782642,-12.0,3.59936523751982,12.0,-0.0005039838997142887,-0.0003600056426563508,-0.0003600056433475389,-0.0007200804055994455,0.001583997632911283,0.0003600056426563498
2,0.003372300000000777,-7.192078714140422,-0.0006920989940297773,-12.0,3.595001201658176,12.0,-0.0005049013466854047,-0.0003595693300652216,-0.0003595693307573196,-0.0007192078714140422,0.001583606320928133,0.0003595693300652206
2,0.003372500000000777,-7.183342015038138,-0.0006930078600233536,-12.0,3.590631488798955,12.0,-0.0005058196021492656,-0.0003591324496658988,-0.0003591324503589058,-0.0007183342015038139,0.001583214114017906,0.0003591324496658978
2,0.0033727000000007773,-7.174593972484195,-0.0006939156402907543,-12.0,3.586256105842506,12.0,-0.0005067386634430571,-0.0003586950021482807,-0.0003586950028421952,-0.0007174593972484195,0.001582821011587188,0.0003586950021482797
2,0.003372900000000777,-7.165834600293016,-0.000694822333436651,-12.0,3.581875059698129,12.0,-0.0005076585279040757,-0.0003582569882031576,-0.000358256988897979,-0.0007165834600293016,0.00158242701304534,0.0003582569882031566
2,0.003373100000000778,-7.157063912297033,-0.0006957279380617187,-12.0,3.577488357284145,12.0,-0.000508579192869757,-0.0003578184085222216,-0.0003578184092179486,-0.0007157063912297032,0.001582032117804666,0.0003578184085222207
2,0.003373300000000778,-7.148281922346513,-0.000696632452799939,-12.0,3.573096005527731,12.0,-0.0005095006556778137,-0.0003573792637980541,-0.0003573792644946857,-0.0007148281922346513,0.0015816363252803,0.0003573792637980531
2,0.003373500000000778,-7.139488644309476,-0.0006975358762626449,-12.0,3.568698011364985,12.0,-0.0005104229136660698,-0.0003569395547241256,-0.0003569395554216607,-0.0007139488644309477,0.001581239634890153,0.0003569395547241248
2,0.0033737000000007783,-7.130684092071894,-0.0006984382070509554,-12.0,3.564294381740988,12.0,-0.0005113459641725715,-0.0003564992819948049,-0.0003564992826932422,-0.0007130684092071894,0.001580842046055242,0.0003564992819948039
2,0.003373900000000778,-7.121868279537502,-0.000699339443803737,-12.0,3.559885123609651,12.0,-0.0005122698045354479,-0.0003560584463053464,-0.0003560584470046849,-0.0007121868279537502,0.001580443558198918,0.0003560584463053455
2,0.003374100000000778,-7.113041220627745,-0.0007002395851323229,-12.0,3.555470243933779,12.0,-0.0005131944320932724,-0.000355617048351892,-0.0003556170490521307,-0.0007113041220627746,0.001580044170748141,0.0003556170483518911
2,0.0033743000000007782,-7.104202929281905,-0.0007011386296551514,-12.0,3.551049749685083,12.0,-0.0005141198441845907,-0.0003551750888314747,-0.0003551750895326124,-0.0007104202929281905,0.001579643883132309,0.0003551750888314738
2,0.003374500000000778,-7.095353419456994,-0.0007020365759942138,-12.0,3.54662364784414,12.0,-0.0005150460381483368,-0.0003547325684420143,-0.00035473256914405,-0.0007095353419456994,0.001579242694783767,0.0003547325684420134
2,0.003374700000000778,-7.086492705127697,-0.0007029334227817152,-12.0,3.542191945400342,12.0,-0.0005159730113237226,-0.0003542894878823133,-0.0003542894885852458,-0.0007086492705127697,0.001578840605137632,0.0003542894878823124
2,0.003374900000000779,-7.07762080028641,-0.0007038291686312093,-12.0,3.537754649351967,12.0,-0.0005169007610499876,-0.0003538458478520607,-0.000353845848555889,-0.0007077620800286411,0.001578437613632244,0.0003538458478520598
2,0.003375100000000779,-7.068737718943237,-0.0007047238121717925,-12.0,3.533311766706122,12.0,-0.0005178292846668708,-0.0003534016490518303,-0.0003534016497565533,-0.0007068737718943237,0.001578033719708716,0.0003534016490518294
2,0.0033753000000007792,-7.059843475125863,-0.0007056173520383346,-12.0,3.5288633044787,12.0,-0.0005187585795142224,-0.0003529568921830748,-0.0003529568928886913,-0.0007059843475125863,0.001577628922810881,0.0003529568921830739
2,0.003375500000000779,-7.050938082879632,-0.0007065097868488301,-12.0,3.524409269694444,12.0,-0.0005196886429322534,-0.0003525115779481303,-0.0003525115786546391,-0.0007050938082879632,0.001577223222385904,0.0003525115779481294
2,0.003375700000000779,-7.042021556267525,-0.0007074011152377047,-12.0,3.519949669386895,12.0,-0.0005206194722614799,-0.0003520657070502141,-0.0003520657077576144,-0.0007042021556267526,0.00157681661788317,0.0003520657070502133
2,0.003375900000000779,-7.033093909370053,-0.0007082913358376075,-12.0,3.515484510598357,12.0,-0.000521551064842557,-0.0003516192801934203,-0.0003516192809017108,-0.0007033093909370054,0.00157640910875595,0.0003516192801934195
2,0.003376100000000779,-7.024155156285265,-0.0007091804472847407,-12.0,3.511013800379901,12.0,-0.0005224834180165561,-0.0003511722980827194,-0.000351172298791899,-0.0007024155156285265,0.001576000694459623,0.0003511722980827186
2,0.003376300000000779,-7.01520531112883,-0.0007100684481944342,-12.0,3.506537545791439,12.0,-0.0005234165291249926,-0.0003507247614239642,-0.0003507247621340318,-0.000701520531112883,0.001575591374453067,0.0003507247614239634
2,0.003376500000000779,-7.006244388033907,-0.0007109553372246502,-12.0,3.502055753901562,12.0,-0.0005243503955094375,-0.0003502766709238796,-0.0003502766716348341,-0.0007006244388033907,0.001575181148197602,0.0003502766709238787
2,0.00337670000000078,-6.997272401151069,-0.000711841113002265,-12.0,3.49756843178762,12.0,-0.0005252850145119337,-0.0003498280272900631,-0.0003498280280019033,-0.0006997272401151069,0.001574770015158045,0.0003498280272900622
2,0.00337690000000078,-6.988289364648439,-0.0007127257741617044,-12.0,3.493075586535718,12.0,-0.0005262203834749124,-0.0003493788312309889,-0.0003493788319437139,-0.0006988289364648439,0.001574357974801655,0.000349378831230988
2,0.00337710000000078,-6.979295292711594,-0.0007136093193453874,-12.0,3.488577225240685,12.0,-0.0005271564997409717,-0.0003489290834560039,-0.0003489290841696125,-0.0006979295292711595,0.001573945026599244,0.0003489290834560031
2,0.00337730000000078,-6.970290199543478,-0.0007144917471992862,-12.0,3.484073355006024,12.0,-0.0005280933606532923,-0.0003484787846753231,-0.000348478785389814,-0.0006970290199543478,0.001573531170023901,0.0003484787846753223
2,0.00337750000000078,-6.961274099364463,-0.0007153730563533856,-12.0,3.479563982943971,12.0,-0.000529030963555277,-0.0003480279356000333,-0.0003480279363154055,-0.0006961274099364463,0.001573116404552377,0.0003480279356000325
2,0.0033777000000007797,-6.952247006412348,-0.0007162532454580983,-12.0,3.475049116175454,12.0,-0.0005299693057907728,-0.000347576536942092,-0.0003475765376583445,-0.0006952247006412348,0.001572700729663812,0.0003475765369420912
2,0.0033779000000007803,-6.943208934942207,-0.0007171323131611729,-12.0,3.470528761830038,12.0,-0.000530908384703932,-0.0003471245894143209,-0.0003471245901314523,-0.0006943208934942207,0.001572284144840508,0.00034712458941432
2,0.00337810000000078,-6.934159899226493,-0.0007180102581005876,-12.0,3.466002927045993,12.0,-0.0005318481976393508,-0.0003466720937304102,-0.0003466720944484196,-0.0006934159899226493,0.00157186664956821,0.0003466720937304094
2,0.00337830000000078,-6.925099913555006,-0.0007188870789267554,-12.0,3.461471618970242,12.0,-0.0005327887419419308,-0.0003462190506049177,-0.000346219051323804,-0.0006925099913555006,0.00157144824333505,0.0003462190506049168
2,0.003378500000000781,-6.916028992234766,-0.0007197627742949742,-12.0,3.456934844758313,12.0,-0.0005337300149572677,-0.0003457654607532615,-0.0003457654614730236,-0.0006916028992234766,0.001571028925632489,0.0003457654607532608
2,0.0033787000000007807,-6.906947149590109,-0.0007206373428414459,-12.0,3.452392611574418,12.0,-0.0005346720140309846,-0.0003453113248917267,-0.0003453113256123634,-0.0006906947149590109,0.001570608695954989,0.000345311324891726
2,0.0033789000000007813,-6.897854399962593,-0.0007215107832339029,-12.0,3.447844926591338,12.0,-0.0005356147365095654,-0.000344856643737458,-0.000344856644458968,-0.0006897854399962594,0.001570187553799618,0.0003448566437374572
2,0.003379100000000781,-6.888750757710996,-0.0007223830941112119,-12.0,3.4432917969905,12.0,-0.0005365581797394103,-0.0003444014180084619,-0.0003444014187308443,-0.0006888750757710996,0.001569765498667108,0.0003444014180084612
2,0.003379300000000781,-6.879636237211348,-0.0007232542741335557,-12.0,3.438733229961931,12.0,-0.0005375023410677526,-0.0003439456484236072,-0.0003439456491468607,-0.0006879636237211348,0.001569342530061024,0.0003439456484236065
2,0.003379500000000781,-6.870510852856781,-0.0007241243219615612,-12.0,3.434169232704205,12.0,-0.0005384472178422417,-0.0003434893357026174,-0.000343489336426741,-0.0006870510852856781,0.001568918647487538,0.0003434893357026166
2,0.003379700000000781,-6.861374619057626,-0.0007249932362398681,-12.0,3.429599812424521,12.0,-0.0005393928074107768,-0.0003430324805660769,-0.0003430324812910693,-0.0006861374619057626,0.00156849385045621,0.0003430324805660761
2,0.003379900000000781,-6.852227550241332,-0.0007258610156424261,-12.0,3.425024976338592,12.0,-0.0005403391071220343,-0.0003425750837354242,-0.0003425750844612844,-0.0006852227550241333,0.001568068138479595,0.0003425750837354235
2,0.003380100000000781,-6.843069660852441,-0.000726727658814319,-12.0,3.420444731670722,12.0,-0.0005412861143248293,-0.0003421171459329545,-0.0003421171466596814,-0.0006843069660852441,0.00156764151107347,0.0003421171459329537
2,0.003380300000000782,-6.833900965352647,-0.0007275931644237232,-12.0,3.415859085653756,12.0,-0.0005422338263686155,-0.0003416586678818188,-0.0003416586686094112,-0.0006833900965352647,0.001567213967756387,0.000341658667881818
2,0.003380500000000782,-6.824721478220623,-0.0007284575311388153,-12.0,3.411268045529028,12.0,-0.0005431822406035125,-0.0003411996503060175,-0.0003411996510344743,-0.0006824721478220624,0.00156678550804995,0.0003411996503060167
2,0.003380700000000782,-6.815531213952116,-0.0007293207576131167,-12.0,3.406671618546431,12.0,-0.0005441313543799176,-0.0003407400939304052,-0.0003407400946597251,-0.0006815531213952116,0.001566356131478652,0.0003407400939304044
2,0.003380900000000782,-6.806330187059932,-0.0007301828425165802,-12.0,3.402069811964363,12.0,-0.000545081165048783,-0.0003402799994806887,-0.0003402800002108708,-0.0006806330187059933,0.00156592583757087,0.000340279999480688
2,0.003381100000000782,-6.797118412073803,-0.0007310437845244877,-12.0,3.397462633049678,12.0,-0.0005460316699616163,-0.000339819367683421,-0.0003398193684144639,-0.0006797118412073803,0.001565494625856978,0.0003398193676834202
2,0.0033813000000007818,-6.787895903540472,-0.0007319035822881403,-12.0,3.392850089077768,12.0,-0.0005469828664704524,-0.0003393581992660064,-0.0003393581999979092,-0.0006787895903540473,0.001565062495871294,0.0003393581992660056
2,0.0033815000000007823,-6.778662676023621,-0.000732762234497919,-12.0,3.388232187332441,12.0,-0.0005479347519277977,-0.0003388964949566947,-0.0003388964956894562,-0.0006778662676023621,0.001564629447150689,0.0003388964949566939
2,0.003381700000000782,-6.769418744103838,-0.0007336197398077893,-12.0,3.38360893510601,12.0,-0.0005488873236867697,-0.0003384342554845825,-0.0003384342562182015,-0.0006769418744103839,0.001564195479235309,0.0003384342554845818
2,0.003381900000000783,-6.760164122378681,-0.000734476096897918,-12.0,3.378980339699233,12.0,-0.0005498405791010408,-0.0003379714815796139,-0.0003379714823140892,-0.0006760164122378682,0.001563760591668351,0.0003379714815796131
2,0.003382100000000783,-6.750898825462506,-0.0007353313044484722,-12.0,3.374346408421268,12.0,-0.0005507945155248939,-0.0003375081739725723,-0.0003375081747079029,-0.0006750898825462506,0.001563324783995956,0.0003375081739725716
2,0.0033823000000007828,-6.741622867986555,-0.0007361853611236313,-12.0,3.369707148589738,12.0,-0.0005517491303129174,-0.000337044333395087,-0.0003370443341312716,-0.0006741622867986555,0.001562888055767875,0.0003370443333950862
2,0.0033825000000007833,-6.732336264598947,-0.000737038265607115,-12.0,3.365062567530681,12.0,-0.0005527044208206433,-0.0003365799605796295,-0.000336579961316667,-0.0006732336264598948,0.001562450406536076,0.0003365799605796288
2,0.003382700000000783,-6.723039029964542,-0.0007378900165821989,-12.0,3.360412672578497,12.0,-0.0005536603844039367,-0.0003361150562595088,-0.000336115056997398,-0.0006723039029964543,0.001562011835856747,0.000336115056259508
2,0.003382900000000783,-6.713731178765015,-0.0007387406127215002,-12.0,3.35575747107602,12.0,-0.0005546170184193011,-0.0003356496211688748,-0.0003356496219076147,-0.0006713731178765016,0.001561572343288242,0.0003356496211688741
2,0.0033831000000007832,-6.704412725698844,-0.0007395900527074062,-12.0,3.35109697037446,12.0,-0.0005555743202239893,-0.0003351836560427175,-0.0003351836567823068,-0.0006704412725698844,0.001561131928392301,0.0003351836560427168
2,0.003383300000000783,-6.695083685481198,-0.0007404383352294097,-12.0,3.346431177833371,12.0,-0.0005565322871756984,-0.0003347171616168608,-0.0003347171623572985,-0.0006695083685481198,0.001560690590734048,0.0003347171616168601
2,0.003383500000000783,-6.685744072843949,-0.0007412854589707862,-12.0,3.341760100820664,12.0,-0.000557490916632708,-0.0003342501386279642,-0.000334250139369249,-0.0006685744072843949,0.001560248329881442,0.0003342501386279635
2,0.003383700000000784,-6.676393902535703,-0.0007421314226121467,-12.0,3.337083746712619,12.0,-0.000558450205953992,-0.0003337825878135239,-0.0003337825885556545,-0.0006676393902535704,0.001559805145405824,0.0003337825878135231
2,0.003383900000000784,-6.66703318932176,-0.0007429762248447602,-12.0,3.332402122893852,12.0,-0.0005594101524992734,-0.0003333145099118704,-0.0003333145106548458,-0.0006667033189321761,0.001559361036881313,0.0003333145099118696
2,0.0033841000000007842,-6.657661947984004,-0.0007438198643638927,-12.0,3.327715236757258,12.0,-0.0005603707536287195,-0.0003328459056621628,-0.000332845906405982,-0.0006657661947984004,0.001558916003885524,0.0003328459056621623
2,0.003384300000000784,-6.648280193320966,-0.000744662339849711,-12.0,3.323023095704085,12.0,-0.0005613320067033023,-0.0003323767758043941,-0.0003323767765490559,-0.0006648280193320966,0.001558470045999016,0.0003323767758043934
2,0.003384500000000784,-6.638887940147826,-0.0007455036500005896,-12.0,3.318325707143876,12.0,-0.0005622939090845214,-0.0003319071210793884,-0.0003319071218248913,-0.0006638887940147826,0.0015580231628054,0.0003319071210793877
2,0.003384700000000784,-6.629485203296268,-0.0007463437935149031,-12.0,3.313623078494423,12.0,-0.0005632564581345423,-0.0003314369422287946,-0.0003314369429751376,-0.0006629485203296268,0.001557575353891838,0.0003314369422287938
2,0.003384900000000784,-6.620071997614563,-0.000747182769081256,-12.0,3.308915217181831,12.0,-0.0005642196512163078,-0.0003309662399950919,-0.0003309662407422741,-0.0006620071997614563,0.001557126618848159,0.0003309662399950913
2,0.0033851000000007844,-6.61064833796754,-0.0007480205753958025,-12.0,3.304202130640471,12.0,-0.0005651834856934268,-0.0003304950151215873,-0.0003304950158696072,-0.0006610648337967541,0.001556676957267522,0.0003304950151215866
2,0.003385300000000784,-6.601214239236488,-0.0007488572111684633,-12.0,3.29948382631292,12.0,-0.0005661479589301743,-0.0003300232683524095,-0.000330023269101266,-0.0006601214239236488,0.001556226368746416,0.0003300232683524089
2,0.003385500000000785,-6.591769716319188,-0.0007496926750847344,-12.0,3.294760311650041,12.0,-0.0005671130682913528,-0.0003295510004325132,-0.0003295510011822052,-0.0006591769716319188,0.001555774852884384,0.0003295510004325126
2,0.003385700000000785,-6.58231478412994,-0.0007505269658536484,-12.0,3.29003159411092,12.0,-0.000568078811142736,-0.000329078212107678,-0.0003290782128582043,-0.000658231478412994,0.001555322409284132,0.0003290782121076774
2,0.003385900000000785,-6.572849457599412,-0.0007513600821806854,-12.0,3.285297681162834,12.0,-0.0005690451848505973,-0.0003286049041245021,-0.0003286049048758616,-0.0006572849457599412,0.001554869037551476,0.0003286049041245015
2,0.0033861000000007854,-6.563373751674669,-0.0007521920227744339,-12.0,3.280558580281252,12.0,-0.0005700121867820984,-0.0003281310772304033,-0.0003281310779825947,-0.0006563373751674669,0.001554414737295506,0.0003281310772304026
2,0.003386300000000785,-6.553887681319249,-0.000753022786321278,-12.0,3.275814298949914,12.0,-0.0005709798143049005,-0.0003276567321736242,-0.0003276567329266464,-0.0006553887681319248,0.001553959508128422,0.0003276567321736236
2,0.003386500000000785,-6.544391261513032,-0.0007538523715542311,-12.0,3.271064844660661,12.0,-0.0005719480647876918,-0.0003271818697032222,-0.0003271818704570739,-0.0006544391261513032,0.001553503349665641,0.0003271818697032216
2,0.0033867000000007853,-6.534884507252162,-0.0007546807771707797,-12.0,3.266310224913517,12.0,-0.0005729169355996322,-0.0003267064905690695,-0.0003267064913237496,-0.0006534884507252162,0.001553046261525859,0.0003267064905690688
2,0.003386900000000785,-6.525367433549184,-0.0007555080018830651,-12.0,3.261550447216688,12.0,-0.00057388642411077,-0.0003262305955218578,-0.0003262305962773651,-0.0006525367433549184,0.001552588243330655,0.0003262305955218571
2,0.003387100000000785,-6.515840055432937,-0.000756334044401008,-12.0,3.256785519086526,12.0,-0.0005748565276919027,-0.0003257541853130934,-0.0003257541860694268,-0.0006515840055432938,0.001552129294705384,0.0003257541853130928
2,0.003387300000000786,-6.506302387948483,-0.0007571589034500725,-12.0,3.252015448047477,12.0,-0.0005758272437144663,-0.0003252772606950935,-0.0003252772614522517,-0.0006506302387948483,0.001551669415277956,0.0003252772606950927
2,0.003387500000000786,-6.496754446157149,-0.0007579825777335181,-12.0,3.247240241632148,12.0,-0.0005767985695508127,-0.0003247998224209888,-0.0003247998231789708,-0.0006496754446157149,0.001551208604679832,0.0003247998224209882
2,0.0033877000000007863,-6.48719624513653,-0.0007588050659741441,-12.0,3.242459907381253,12.0,-0.0005777705025739877,-0.0003243218712447234,-0.0003243218720035278,-0.000648719624513653,0.001550746862545749,0.0003243218712447227
2,0.003387900000000786,-6.477627799980357,-0.0007596263668969705,-12.0,3.237674452843568,12.0,-0.0005787430401578697,-0.0003238434079210471,-0.000323843408680673,-0.0006477627799980357,0.001550284188513551,0.0003238434079210465
2,0.003388100000000786,-6.46804912579855,-0.0007604464792136945,-12.0,3.23288388557599,12.0,-0.0005797161796771144,-0.000323364433205521,-0.0003233644339659669,-0.0006468049125798551,0.001549820582224193,0.0003233644332055204
2,0.003388300000000786,-6.458460237717241,-0.0007612654016480036,-12.0,3.228088213143494,12.0,-0.0005806899185071823,-0.0003228849478545148,-0.0003228849486157797,-0.0006458460237717241,0.001549356043321681,0.0003228849478545142
2,0.003388500000000786,-6.448861150878612,-0.0007620831329333555,-12.0,3.223287443119074,12.0,-0.0005816642540242001,-0.0003224049526252014,-0.0003224049533872839,-0.0006448861150878612,0.001548890571454131,0.0003224049526252007
2,0.003388700000000786,-6.439251880440974,-0.0007628996717850001,-12.0,3.218481583083813,12.0,-0.0005826391836052658,-0.0003219244482755604,-0.0003219244490384595,-0.0006439251880440974,0.001548424166271822,0.0003219244482755598
2,0.003388900000000786,-6.429632441578769,-0.0007637150169323981,-12.0,3.213670640626836,12.0,-0.000583614704628449,-0.0003214434355643775,-0.0003214434363280918,-0.0006429632441578769,0.001547956827428532,0.0003214434355643769
2,0.003389100000000787,-6.420002849482439,-0.0007645291671103394,-12.0,3.208854623345263,12.0,-0.0005845908144721523,-0.0003209619152512379,-0.0003209619160157665,-0.0006420002849482439,0.001547488554582088,0.0003209619152512373
2,0.003389300000000787,-6.410363119358422,-0.000765342121049617,-12.0,3.204033538844215,12.0,-0.0005855675105161384,-0.0003204798880965272,-0.0003204798888618686,-0.0006410363119358423,0.001547019347392264,0.0003204798880965265
2,0.003389500000000787,-6.40071326642927,-0.0007661538774659249,-12.0,3.199207394736897,12.0,-0.0005865447901406695,-0.0003199973548614369,-0.0003199973556275902,-0.0006400713266429271,0.001546549205523107,0.0003199973548614363
2,0.003389700000000787,-6.391053305933489,-0.0007669644351175897,-12.0,3.194376198644424,12.0,-0.0005875226507270348,-0.0003195143163079547,-0.0003195143170749185,-0.0006391053305933489,0.001546078128641437,0.0003195143163079541
2,0.003389900000000787,-6.381383253125431,-0.0007677737927296313,-12.0,3.189539958195884,12.0,-0.0005885010896572451,-0.000319030773198862,-0.0003190307739666351,-0.0006381383253125432,0.001545606116417353,0.0003190307731988614
2,0.0033901000000007868,-6.371703123275552,-0.0007685819490261814,-12.0,3.184698681028417,12.0,-0.0005894801043143383,-0.0003185467262977449,-0.0003185467270663263,-0.0006371703123275551,0.001545133168524115,0.0003185467262977443
2,0.0033903000000007873,-6.362012931670152,-0.0007693889027691192,-12.0,3.179852374787033,12.0,-0.0005904596920820182,-0.0003180621763689808,-0.0003180621771383692,-0.0006362012931670152,0.001544659284638761,0.0003180621763689802
2,0.003390500000000787,-6.352312693611349,-0.0007701946526874615,-12.0,3.175001047124697,12.0,-0.0005914398503450435,-0.000317577124177739,-0.0003175771249479331,-0.000635231269361135,0.001544184464441045,0.0003175771241777384
2,0.003390700000000787,-6.342602424417212,-0.0007709991975217712,-12.0,3.170144705702332,12.0,-0.0005924205764889501,-0.000317091570489986,-0.0003170915712609845,-0.0006342602424417212,0.001543708707613944,0.0003170915704899854
2,0.003390900000000788,-6.332882139421653,-0.0007718025360166081,-12.0,3.165283358188777,12.0,-0.0005934018679001896,-0.00031660551607248,-0.0003166055168442819,-0.0006332882139421654,0.001543232013844154,0.0003166055160724794
2,0.0033911000000007878,-6.323151853974345,-0.0007726046669267461,-12.0,3.160417012260735,12.0,-0.0005943837219661297,-0.0003161189616927668,-0.0003161189624653709,-0.0006323151853974345,0.001542754382821365,0.0003161189616927662
2,0.0033913000000007883,-6.313411583440768,-0.0007734055889878633,-12.0,3.155545675602847,12.0,-0.0005953661360749707,-0.000315631908119184,-0.000315631908892589,-0.0006313411583440768,0.001542275814238603,0.0003156319081191834
2,0.003391500000000788,-6.30366134320222,-0.0007742053009520689,-12.0,3.150669355907629,12.0,-0.0005963491076160787,-0.0003151443561208587,-0.0003151443568950634,-0.0006303661343202221,0.001541796307791887,0.0003151443561208581
2,0.003391700000000788,-6.293901148655671,-0.0007750038015781335,-12.0,3.14578806087543,12.0,-0.0005973326339792362,-0.0003146563064677014,-0.0003146563072427046,-0.0006293901148655671,0.00154131586318107,0.0003146563064677008
2,0.003391900000000788,-6.28413101521383,-0.0007758010896070644,-12.0,3.140901798214494,12.0,-0.0005983167125556965,-0.0003141677599304106,-0.0003141677607062111,-0.000628413101521383,0.001540834480108666,0.0003141677599304101
2,0.003392100000000788,-6.274350958305156,-0.0007765971637976321,-12.0,3.13601057564091,12.0,-0.000599301340737296,-0.0003136787172804713,-0.0003136787180570679,-0.0006274350958305157,0.001540352158281133,0.0003136787172804708
2,0.003392300000000788,-6.26456099337371,-0.0007773920229077191,-12.0,3.131114400878574,12.0,-0.0006002865159169257,-0.0003131891792901487,-0.0003131891800675401,-0.000626456099337371,0.001539868897407537,0.0003131891792901482
2,0.003392500000000789,-6.254761135879196,-0.0007781856656956521,-12.0,3.126213281659199,12.0,-0.0006012722354883926,-0.00031269914673249,-0.0003126991475106751,-0.0006254761135879197,0.00153938469720083,0.0003126991467324895
2,0.003392700000000789,-6.244951401296979,-0.0007789780909148725,-12.0,3.121307225722336,12.0,-0.0006022584968464473,-0.0003122086203813256,-0.0003122086211603032,-0.000624495140129698,0.001538899557376794,0.0003122086203813251
2,0.003392900000000789,-6.235131805118033,-0.0007797692973281478,-12.0,3.11639624081533,12.0,-0.0006032452973868119,-0.0003117176010112664,-0.0003117176017910352,-0.0006235131805118033,0.001538413477654821,0.0003117176010112659
2,0.003393100000000789,-6.225302362848842,-0.0007805592837062392,-12.0,3.111480334693269,12.0,-0.0006042326345062632,-0.0003112260893976981,-0.0003112260901782568,-0.0006225302362848842,0.001537926457757521,0.0003112260893976975
2,0.003393300000000789,-6.215463090011472,-0.0007813480488008118,-12.0,3.106559515119054,12.0,-0.0006052205056024385,-0.000310734086316786,-0.0003107340870981336,-0.0006215463090011472,0.001537438497410504,0.0003107340863167855
2,0.003393500000000789,-6.205614002143553,-0.000782135591384403,-12.0,3.101633789863344,12.0,-0.0006062089080738353,-0.0003102415925454734,-0.0003102415933276085,-0.0006205614002143553,0.001536949596343429,0.0003102415925454729
2,0.003393700000000789,-6.195755114798138,-0.0007829219102299945,-12.0,3.096703166704505,12.0,-0.000607197839320256,-0.000309748608861474,-0.0003097486096443954,-0.0006195755114798138,0.001536459754288289,0.0003097486088614735
2,0.0033939000000007893,-6.185886443543782,-0.0007837070040968008,-12.0,3.091767653428676,12.0,-0.0006081872967422797,-0.0003092551360432779,-0.0003092551368269842,-0.0006185886443543782,0.001535968970981239,0.0003092551360432773
2,0.003394100000000789,-6.176008003964542,-0.0007844908717604682,-12.0,3.086827257829722,12.0,-0.0006091772777414017,-0.0003087611748701488,-0.0003087611756546391,-0.0006176008003964542,0.00153547724616121,0.0003087611748701482
2,0.00339430000000079,-6.166119811659818,-0.0007852735120006393,-12.0,3.081881987709172,12.0,-0.0006101677797203109,-0.0003082667261221179,-0.0003082667269073909,-0.0006166119811659818,0.001534984579570631,0.0003082667261221173
2,0.00339450000000079,-6.15622188224444,-0.000786054923581414,-12.0,3.076931850876299,12.0,-0.0006111588000826396,-0.0003077717905799886,-0.0003077717913660429,-0.000615622188224444,0.001534490970955427,0.0003077717905799881
2,0.00339470000000079,-6.146314231348664,-0.0007868351052824352,-12.0,3.071976855148057,12.0,-0.0006121503362330472,-0.0003072763690253345,-0.0003072763698121691,-0.0006146314231348665,0.001533996420064465,0.000307276369025334
2,0.0033949000000007903,-6.136396874618019,-0.0007876140558908951,-12.0,3.067017008349033,12.0,-0.0006131423855771645,-0.0003067804622404929,-0.0003067804630281065,-0.0006136396874618019,0.001533500926650277,0.0003067804622404924
2,0.00339510000000079,-6.126469827713408,-0.0007883917741713375,-12.0,3.06205231831153,12.0,-0.0006141349455216494,-0.0003062840710085706,-0.0003062840717969619,-0.0006126469827713409,0.001533004490468615,0.0003062840710085702
2,0.00339530000000079,-6.116533106311019,-0.0007891682589225013,-12.0,3.057082792875443,12.0,-0.0006151280134742698,-0.0003057871961134371,-0.0003057871969026049,-0.000611653310631102,0.001532507111278503,0.0003057871961134366
2,0.0033955000000007902,-6.106586726102303,-0.0007899435089133711,-12.0,3.052108439888346,12.0,-0.0006161215868437653,-0.0003052898383397265,-0.0003052898391296695,-0.0006106586726102304,0.001532008788842243,0.0003052898383397259
2,0.00339570000000079,-6.096630702794022,-0.0007907175229346919,-12.0,3.047129267205435,12.0,-0.0006171156630399299,-0.0003047919984728375,-0.0003047919992635544,-0.0006096630702794023,0.001531509522925745,0.000304791998472837
2,0.00339590000000079,-6.086665052108096,-0.0007914902997807616,-12.0,3.042145282689474,12.0,-0.0006181102394737792,-0.000304293677298926,-0.0003042936780904158,-0.0006086665052108096,0.001531009313297804,0.0003042936772989255
2,0.003396100000000791,-6.076689789781681,-0.0007922618382254498,-12.0,3.037156494210884,12.0,-0.0006191053135570501,-0.0003037948756049116,-0.0003037948763971728,-0.0006076689789781681,0.001530508159731103,0.000303794875604911
2,0.003396300000000791,-6.066704931567108,-0.0007930321370781535,-12.0,3.032162909647615,12.0,-0.0006201008827028953,-0.0003032955941784698,-0.0003032955949715015,-0.0006066704931567108,0.001530006062001155,0.0003032955941784694
2,0.0033965000000007912,-6.056710493231833,-0.0007938011951145185,-12.0,3.027164536885233,12.0,-0.0006210969443252723,-0.0003027958338080352,-0.000302795834601836,-0.0006056710493231834,0.001529503019887302,0.0003027958338080348
2,0.003396700000000791,-6.046706490558512,-0.0007945690111341719,-12.0,3.022161383816864,12.0,-0.0006220934958393598,-0.0003022955952828003,-0.0003022955960773689,-0.0006046706490558511,0.001528999033171941,0.0003022955952827998
2,0.003396900000000791,-6.036692939344817,-0.0007953355839411813,-12.0,3.017153458343142,12.0,-0.0006230905346613913,-0.0003017948793927088,-0.0003017948801880438,-0.0006036692939344818,0.001528494101640521,0.0003017948793927083
2,0.003397100000000791,-6.026669855403537,-0.0007961009123214069,-12.0,3.012140768372278,12.0,-0.0006240880582087938,-0.0003012936869284605,-0.0003012936877245608,-0.0006026669855403537,0.00152798822508271,0.0003012936869284599
2,0.003397300000000791,-6.016637254562553,-0.0007968649950789164,-12.0,3.007123321820009,12.0,-0.0006250860638999101,-0.0003007920186815093,-0.0003007920194783737,-0.0006016637254562554,0.001527481403290676,0.0003007920186815088
2,0.003397500000000791,-6.006595152664702,-0.0007976278310222185,-12.0,3.002101126609539,12.0,-0.0006260845491542488,-0.0003002898754440566,-0.000300289876241684,-0.0006006595152664702,0.001526973636060525,0.0003002898754440562
2,0.003397700000000791,-5.996543565567868,-0.0007983894189405039,-12.0,2.997074190671629,12.0,-0.0006270835113925122,-0.0002997872580090575,-0.0002997872588074464,-0.0005996543565567868,0.001526464923191195,0.000299787258009057
2,0.003397900000000792,-5.986482509144898,-0.000799149757656048,-12.0,2.992042521944468,12.0,-0.0006280829480364014,-0.0002992841671702128,-0.0002992841679693621,-0.0005986482509144898,0.001525955264485401,0.0002992841671702124
2,0.003398100000000792,-5.976411999283579,-0.000799908845959818,-12.0,2.987006128373761,12.0,-0.0006290828565088669,-0.0002987806037219726,-0.000298780604521881,-0.0005976411999283579,0.001525444659749187,0.0002987806037219722
2,0.003398300000000792,-5.966332051886685,-0.0008006666826654296,-12.0,2.981965017912677,12.0,-0.0006300832342338858,-0.0002982765684595348,-0.000298276569260201,-0.0005966332051886685,0.001524933108791593,0.0002982765684595343
2,0.003398500000000792,-5.956242682871821,-0.0008014232665929377,-12.0,2.976919198521788,12.0,-0.0006310840786365457,-0.0002977720621788385,-0.0002977720629802614,-0.0005956242682871821,0.00152442061142577,0.0002977720621788381
2,0.003398700000000792,-5.946143908171484,-0.0008021785965406369,-12.0,2.971868678169145,12.0,-0.0006320853871432108,-0.000297267085676569,-0.0002972670864787472,-0.0005946143908171484,0.00152390716746742,0.0002972670856765686
2,0.0033989000000007917,-5.936035743733083,-0.0008029326713268059,-12.0,2.966813464830225,12.0,-0.0006330871571812446,-0.0002967616397501557,-0.0002967616405530878,-0.0005936035743733083,0.001523392776736188,0.0002967616397501552
2,0.0033991000000007923,-5.92591820551878,-0.0008036854897768286,-12.0,2.96175356648787,12.0,-0.0006340893861792873,-0.0002962557251977651,-0.0002962557260014502,-0.000592591820551878,0.001522877439054771,0.0002962557251977647
2,0.003399300000000792,-5.91579130950556,-0.0008044370506958831,-12.0,2.956688991132365,12.0,-0.0006350920715671449,-0.0002957493428183065,-0.0002957493436227433,-0.000591579130950556,0.001522361154249197,0.0002957493428183061
2,0.003399500000000792,-5.905655071685232,-0.0008051873529080211,-12.0,2.95161974676138,12.0,-0.0006360952107756501,-0.0002952424934114293,-0.0002952424942166162,-0.0005905655071685233,0.001521843922149269,0.0002952424934114288
2,0.003399700000000793,-5.895509508064299,-0.0008059363952370724,-12.0,2.94654584137993,12.0,-0.000637098801236774,-0.0002947351777775172,-0.0002947351785834531,-0.0005895509508064299,0.001521325742588009,0.0002947351777775167
2,0.0033999000000007927,-5.885354634663985,-0.0008066841765075328,-12.0,2.941467283000389,12.0,-0.0006381028403839861,-0.0002942273967176902,-0.0002942273975243739,-0.0005885354634663986,0.001520806615401493,0.0002942273967176897
2,0.0034001000000007933,-5.875190467520249,-0.0008074306955394572,-12.0,2.936384079642508,12.0,-0.0006391073256515056,-0.0002937191510338052,-0.0002937191518412355,-0.000587519046752025,0.001520286540429738,0.0002937191510338048
2,0.003400300000000793,-5.865017022683746,-0.00080817595115934,-12.0,2.931296239333375,12.0,-0.0006401122544751059,-0.0002932104415284538,-0.0002932104423366294,-0.0005865017022683747,0.001519765517515703,0.0002932104415284534
2,0.003400500000000793,-5.854834316219722,-0.0008089199422049997,-12.0,2.926203770107354,12.0,-0.0006411176242915873,-0.0002927012690049564,-0.0002927012698138759,-0.0005854834316219722,0.001519243546505844,0.0002927012690049559
2,0.003400700000000793,-5.844642364208068,-0.0008096626674962693,-12.0,2.921106680006163,12.0,-0.0006421234325389436,-0.0002921916342673664,-0.0002921916350770286,-0.0005844642364208068,0.001518720627250225,0.0002921916342673659
2,0.003400900000000793,-5.834441182743327,-0.0008104041258689687,-12.0,2.916004977078819,12.0,-0.0006431296766564176,-0.0002916815381204693,-0.0002916815389308729,-0.0005834441182743327,0.001518196759601964,0.0002916815381204688
2,0.003401100000000793,-5.824230787934541,-0.0008111443161666898,-12.0,2.910898669381577,12.0,-0.0006441363540843625,-0.0002911709813697748,-0.0002911709821809187,-0.0005824230787934541,0.001517671943417842,0.0002911709813697744
2,0.003401300000000793,-5.814011195905319,-0.000811883237212152,-12.0,2.90578776497801,12.0,-0.0006451434622645746,-0.0002906599648215226,-0.0002906599656334054,-0.000581401119590532,0.001517146178557971,0.0002906599648215222
2,0.003401500000000794,-5.803782422793851,-0.000812620887848059,-12.0,2.900672271938945,12.0,-0.000646150998639794,-0.0002901484892826797,-0.0002901484900953002,-0.0005803782422793851,0.001516619464885904,0.0002901484892826794
2,0.003401700000000794,-5.793544484752751,-0.000813357266921777,-12.0,2.895552198342419,12.0,-0.0006471589606542039,-0.0002896365555609345,-0.0002896365563742914,-0.0005793544484752751,0.001516091802268416,0.0002896365555609341
2,0.003401900000000794,-5.783297397949121,-0.0008140923732655736,-12.0,2.890427552273739,12.0,-0.0006481673457531256,-0.0002891241644647008,-0.0002891241652787928,-0.0005783297397949121,0.001515563190575775,0.0002891241644647004
2,0.003402100000000794,-5.773041178564565,-0.0008148262057237066,-12.0,2.885298341825435,12.0,-0.0006491761513831018,-0.0002886113168031164,-0.0002886113176179421,-0.0005773041178564565,0.001515033629681861,0.0002886113168031159
2,0.003402300000000794,-5.762775842795058,-0.0008155587631502037,-12.0,2.880164575097217,12.0,-0.000650185374992035,-0.0002880980133860372,-0.0002880980142015954,-0.0005762775842795059,0.001514503119463606,0.0002880980133860367
2,0.0034025000000007938,-5.752501406850926,-0.0008162900443922094,-12.0,2.875026260195974,12.0,-0.0006511950140288825,-0.000287584255024037,-0.0002875842558403267,-0.0005752501406850926,0.001513971659801772,0.0002875842550240366
2,0.0034027000000007943,-5.74221788695697,-0.0008170200482802148,-12.0,2.869883405235864,12.0,-0.0006522050659441281,-0.0002870700425284149,-0.0002870700433454345,-0.000574221788695697,0.001513439250580062,0.0002870700425284144
2,0.003402900000000794,-5.731925299352305,-0.0008177487736906741,-12.0,2.864736018338129,12.0,-0.0006532155281891994,-0.0002865553767111824,-0.0002865553775289307,-0.0005731925299352305,0.001512905891685956,0.000286555376711182
2,0.003403100000000795,-5.721623660290262,-0.0008184762194687334,-12.0,2.859584107631166,12.0,-0.0006542263982171059,-0.0002860402583850638,-0.0002860402592035396,-0.0005721623660290262,0.001512371583010097,0.0002860402583850634
2,0.003403300000000795,-5.711312986038612,-0.0008192023844533214,-12.0,2.854427681250602,12.0,-0.0006552376734818566,-0.000285524688363506,-0.000285524689182708,-0.0005711312986038613,0.001511836324446847,0.0002855246883635056
2,0.0034035000000007948,-5.700993292879347,-0.0008199272675259994,-12.0,2.849266747339112,12.0,-0.0006562493514389311,-0.0002850086674606641,-0.0002850086682805911,-0.0005700993292879347,0.001511300115893732,0.0002850086674606637
2,0.0034037000000007953,-5.690664597108613,-0.0008206508675334678,-12.0,2.844101314046497,12.0,-0.000657261429545003,-0.0002844921964914035,-0.000284492197312054,-0.0005690664597108613,0.001510762957251777,0.0002844921964914031
2,0.003403900000000795,-5.680326915036866,-0.0008213731833346394,-12.0,2.838931389529699,12.0,-0.0006582739052580777,-0.0002839752762713037,-0.0002839752770926766,-0.0005680326915036866,0.001510224848425334,0.0002839752762713034
2,0.003404100000000795,-5.66998026298876,-0.0008220942137937559,-12.0,2.833756981952748,12.0,-0.0006592867760374099,-0.0002834579076166546,-0.0002834579084387484,-0.000566998026298876,0.001509685789322479,0.0002834579076166541
2,0.0034043000000007952,-5.659624657303048,-0.000822813957783497,-12.0,2.828578099486709,12.0,-0.0006603000393435865,-0.0002829400913444497,-0.0002829400921672633,-0.0005659624657303048,0.001509145779854282,0.0002829400913444493
2,0.003404500000000795,-5.649260114332645,-0.0008235324141585565,-12.0,2.823394750309761,12.0,-0.0006613136926385543,-0.0002824218282723923,-0.0002824218290959243,-0.0005649260114332645,0.001508604819935533,0.000282421828272392
2,0.003404700000000795,-5.638886650444634,-0.0008242495817907258,-12.0,2.818206942607135,12.0,-0.0006623277333854538,-0.000281903119218893,-0.0002819031200431422,-0.0005638886650444634,0.001508062909484631,0.0002819031192188925
2,0.003404900000000796,-5.628504282020102,-0.0008249654595611222,-12.0,2.813014684571055,12.0,-0.0006633421590488131,-0.000281383965003062,-0.0002813839658280271,-0.0005628504282020102,0.00150752004842275,0.0002813839650030616
2,0.003405100000000796,-5.618113025454225,-0.000825680046326438,-12.0,2.807817984400822,12.0,-0.0006643569670945204,-0.0002808643664447153,-0.0002808643672703949,-0.0005618113025454225,0.001506976236675062,0.0002808643664447149
2,0.0034053000000007962,-5.607712897156268,-0.0008263933409669022,-12.0,2.80261685030275,12.0,-0.0006653721549896296,-0.0002803443243643721,-0.0002803443251907651,-0.0005607712897156268,0.001506431474170178,0.0002803443243643717
2,0.003405500000000796,-5.597303913549444,-0.000827105342362966,-12.0,2.797411290490124,12.0,-0.0006663877202028046,-0.0002798238395832492,-0.0002798238404103541,-0.0005597303913549445,0.001505885760839709,0.0002798238395832487
2,0.003405700000000796,-5.586886091070915,-0.0008278160493950804,-12.0,2.792201313183205,12.0,-0.0006674036602037359,-0.0002793029129232604,-0.000279302913751076,-0.0005586886091070915,0.001505339096619263,0.00027930291292326
2,0.003405900000000796,-5.576459446171912,-0.0008285254609234904,-12.0,2.786986926609316,12.0,-0.0006684199724636131,-0.0002787815452070243,-0.0002787815460355494,-0.0005576459446171912,0.001504791481447276,0.000278781545207024
2,0.003406100000000796,-5.566023995317551,-0.0008292335758557368,-12.0,2.781768139002657,12.0,-0.000669436654455069,-0.0002782597372578516,-0.0002782597380870847,-0.0005566023995317551,0.001504242915266185,0.0002782597372578512
2,0.0034063000000007964,-5.555579754986755,-0.0008299403930660532,-12.0,2.776544958604374,12.0,-0.0006704537036519853,-0.0002777374898997444,-0.0002777374907296844,-0.0005555579754986755,0.001503693398021533,0.000277737489899744
2,0.003406500000000796,-5.545126741672485,-0.0008306459114257869,-12.0,2.771317393662645,12.0,-0.0006714711175295485,-0.0002772148039574074,-0.000277214804788053,-0.0005545126741672486,0.001503142929662193,0.0002772148039574071
2,0.003406700000000797,-5.534664971881491,-0.0008313501298462533,-12.0,2.766085452432475,12.0,-0.000672488893564277,-0.0002766916802562325,-0.0002766916810875823,-0.0005534664971881491,0.001502591510141038,0.0002766916802562321
2,0.003406900000000797,-5.524194462134281,-0.0008320530472063492,-12.0,2.7608491431758,12.0,-0.0006735070292344381,-0.000276168119622301,-0.0002761681204543537,-0.0005524194462134281,0.001502039139413824,0.0002761681196223007
2,0.003407100000000797,-5.513715228965245,-0.0008327546623949633,-12.0,2.755608474161483,12.0,-0.000674525522019076,-0.0002756441228823882,-0.0002756441237151425,-0.0005513715228965245,0.001501485817439974,0.0002756441228823879
2,0.0034073000000007974,-5.50322728892256,-0.0008334549743067576,-12.0,2.750363453665269,12.0,-0.0006755443693991225,-0.000275119690863958,-0.0002751196916974127,-0.000550322728892256,0.001500931544182293,0.0002751196908639576
2,0.003407500000000797,-5.492730658568084,-0.0008341539818466082,-12.0,2.745114089969733,12.0,-0.0006765635688565641,-0.0002745948243951583,-0.0002745948252293119,-0.0005492730658568085,0.001500376319607255,0.000274594824395158
2,0.0034077000000007967,-5.482225354477433,-0.0008348516838996289,-12.0,2.73986039136435,12.0,-0.0006775831178750524,-0.0002740695243048253,-0.0002740695251396767,-0.0005482225354477433,0.001499820143684272,0.000274069524304825
2,0.0034079000000007973,-5.471711393239955,-0.0008355480793686976,-12.0,2.734602366145443,12.0,-0.0006786030139393773,-0.0002735437914224816,-0.0002735437922580293,-0.0005471711393239955,0.00149926301638692,0.0002735437914224813
2,0.003408100000000797,-5.461188791458603,-0.0008362431671646853,-12.0,2.729340022616122,12.0,-0.0006796232545359104,-0.000273017626578329,-0.0002730176274145719,-0.0005461188791458603,0.001498704937691608,0.0002730176265783287
2,0.003408300000000797,-5.450657565749996,-0.0008369369461789233,-12.0,2.72407336908636,12.0,-0.0006806438371523837,-0.0002724910306032542,-0.0002724910314401909,-0.0005450657565749997,0.001498145907578574,0.0002724910306032539
2,0.003408500000000798,-5.440117732744421,-0.0008376294153191743,-12.0,2.718802413872937,12.0,-0.0006816647592778613,-0.000271964004328826,-0.0002719640051664551,-0.000544011773274442,0.001497585926031164,0.0002719640043288256
2,0.0034087000000007977,-5.429569309085686,-0.000838320573503637,-12.0,2.713527165299381,12.0,-0.0006826860184029337,-0.0002714365485872888,-0.0002714365494256091,-0.0005429569309085686,0.001497024993036555,0.0002714365485872885
2,0.0034089000000007983,-5.4190123114312,-0.0008390104196240866,-12.0,2.70824763169606,12.0,-0.0006837076120195518,-0.0002709086642115687,-0.0002709086650505788,-0.0005419012311431201,0.001496463108585144,0.0002709086642115683
2,0.003409100000000798,-5.408446756451905,-0.0008396989526109344,-12.0,2.702963821400047,12.0,-0.0006847295376210816,-0.0002703803520352661,-0.0002703803528749647,-0.0005408446756451906,0.001495900272670991,0.0002703803520352658
2,0.003409300000000798,-5.39787266083226,-0.0008403861713590643,-12.0,2.69767574275523,12.0,-0.0006857517927024159,-0.0002698516128926592,-0.0002698516137330451,-0.000539787266083226,0.001495336485291154,0.0002698516128926589
2,0.003409500000000798,-5.387290041270203,-0.0008410720748022182,-12.0,2.692383404112177,12.0,-0.0006867743747596411,-0.0002693224476186982,-0.00026932244845977,-0.0005387290041270203,0.001494771746446799,0.000269322447618698
2,0.003409700000000798,-5.376698914477118,-0.0008417566618419414,-12.0,2.68708681382823,12.0,-0.0006877972812907029,-0.0002687928570490075,-0.0002687928578907638,-0.0005376698914477118,0.001494206056142089,0.0002687928570490072
2,0.003409900000000798,-5.366099297177889,-0.000842439931403316,-12.0,2.681785980267439,12.0,-0.0006888205097946021,-0.0002682628420198847,-0.0002682628428623243,-0.0005366099297177889,0.001493639414384629,0.0002682628420198843
2,0.003410100000000798,-5.355491206110717,-0.0008431218824143105,-12.0,2.676480911800518,12.0,-0.0006898440577718656,-0.0002677324033682936,-0.0002677324042114152,-0.0005355491206110717,0.001493071821186076,0.0002677324033682933
2,0.003410300000000799,-5.344874658027228,-0.0008438025137882388,-12.0,2.671171616804906,12.0,-0.0006908679227246306,-0.0002672015419318697,-0.000267201542775672,-0.0005344874658027228,0.001492503276560697,0.0002672015419318694
2,0.003410500000000799,-5.334249669692438,-0.0008444818244528474,-12.0,2.665858103664722,12.0,-0.0006918921021564495,-0.0002666702585489178,-0.0002666702593933993,-0.0005334249669692438,0.0014919337805267,0.0002666702585489175
2,0.003410700000000799,-5.323616257884622,-0.0008451598133443206,-12.0,2.660540380770697,12.0,-0.0006929165935722348,-0.0002661385540584044,-0.0002661385549035639,-0.0005323616257884622,0.001491363333105789,0.0002661385540584042
2,0.003410900000000799,-5.312974439395381,-0.0008458364793799689,-12.0,2.655218456520256,12.0,-0.0006939413944784534,-0.0002656064292999639,-0.0002656064301458,-0.0005312974439395381,0.001490791934322888,0.0002656064292999636
2,0.003411100000000799,-5.302324231029637,-0.0008465118214937561,-12.0,2.64989233931746,12.0,-0.0006949665023830431,-0.0002650738851138957,-0.0002650738859604071,-0.0005302324231029637,0.001490219584206864,0.0002650738851138954
2,0.0034113000000007988,-5.291665649605494,-0.0008471858386291942,-12.0,2.644562037572944,12.0,-0.0006959919147953852,-0.0002645409223411577,-0.0002645409231883433,-0.0005291665649605494,0.00148964628278947,0.0002645409223411573
2,0.0034115000000007993,-5.280998711954314,-0.0008478585297051477,-12.0,2.639227559704014,12.0,-0.0006970176292263319,-0.0002640075418233722,-0.0002640075426712304,-0.0005280998711954314,0.001489072030106176,0.0002640075418233719
2,0.003411700000000799,-5.270323434920641,-0.0008485298936771191,-12.0,2.633888914134506,12.0,-0.0006980436431883452,-0.0002634737444028186,-0.0002634737452513482,-0.0005270323434920641,0.001488496826196006,0.0002634737444028183
2,0.003411900000000799,-5.259639835362179,-0.0008491999294688579,-12.0,2.628546109294887,12.0,-0.000699069954195275,-0.0002629395309224359,-0.0002629395317716355,-0.0005259639835362179,0.001487920671101373,0.0002629395309224355
2,0.0034121000000008,-5.248947930149833,-0.0008498686360278729,-12.0,2.623199153622188,12.0,-0.0007000965597624143,-0.0002624049022258219,-0.0002624049030756903,-0.0005248947930149834,0.001487343564868349,0.0002624049022258216
2,0.0034123000000007998,-5.238247736167542,-0.0008505360123045591,-12.0,2.617848055559955,12.0,-0.0007011234574067216,-0.0002618698591572262,-0.0002618698600077619,-0.0005238247736167543,0.001486765507545895,0.000261869859157226
2,0.0034125000000008003,-5.227539270312366,-0.0008512020572319923,-12.0,2.612492823558314,12.0,-0.0007021506446465986,-0.0002613344025615549,-0.0002613344034127567,-0.0005227539270312365,0.001486186499187026,0.0002613344025615547
2,0.0034127000000008,-5.216822549494474,-0.0008518667697623439,-12.0,2.607133466073925,12.0,-0.0007031781190018904,-0.0002607985332843691,-0.0002607985341362356,-0.0005216822549494474,0.001485606539848139,0.0002607985332843688
2,0.0034129000000008,-5.206097590636992,-0.0008525301488537806,-12.0,2.601769991569914,12.0,-0.0007042058779940796,-0.0002602622521718771,-0.000260262253024407,-0.0005206097590636993,0.00148502562958891,0.0002602622521718768
2,0.0034131000000008,-5.195364410676105,-0.0008531921934418207,-12.0,2.596402408515968,12.0,-0.0007052339191460366,-0.0002597255600709412,-0.0002597255609241332,-0.0005195364410676105,0.001484443768472565,0.000259725560070941
2,0.0034133000000008,-5.184623026560963,-0.0008538529024983976,-12.0,2.591030725388205,12.0,-0.0007062622399822693,-0.0002591884578290706,-0.0002591884586829232,-0.0005184623026560963,0.001483860956565886,0.0002591884578290704
2,0.0034135000000008,-5.173873455253674,-0.0008545122749590295,-12.0,2.585654950669276,12.0,-0.0007072908380287846,-0.0002586509462944238,-0.0002586509471489358,-0.0005173873455253674,0.001483277193939148,0.0002586509462944234
2,0.003413700000000801,-5.163115713729277,-0.0008551703098025332,-12.0,2.580275092848232,12.0,-0.0007083197108130324,-0.0002581130263158037,-0.0002581130271709737,-0.0005163115713729277,0.001482692480665904,0.0002581130263158034
2,0.003413900000000801,-5.152349818975688,-0.0008558270059715323,-12.0,2.574891160420617,12.0,-0.0007093488558642391,-0.0002575746987426592,-0.0002575746995984859,-0.0005152349818975688,0.00148210681682337,0.0002575746987426589
2,0.003414100000000801,-5.141575787993772,-0.0008564823624328533,-12.0,2.569503161888413,12.0,-0.0007103782707129913,-0.0002570359644250849,-0.000257035965281567,-0.0005141575787993772,0.001481520202492148,0.0002570359644250846
2,0.003414300000000801,-5.130793637797153,-0.0008571363781597618,-12.0,2.564111105759972,12.0,-0.0007114079528914019,-0.0002564968242138135,-0.0002564968250709497,-0.0005130793637797153,0.001480932637756449,0.0002564968242138132
2,0.003414500000000801,-5.120003385412304,-0.0008577890521048737,-12.0,2.558715000550104,12.0,-0.000712437899933277,-0.0002559572789602211,-0.00025595727981801,-0.0005120003385412305,0.001480344122703703,0.0002559572789602209
2,0.003414700000000801,-5.109205047878548,-0.000858440383239234,-12.0,2.553314854780011,12.0,-0.0007134681093738104,-0.0002554173295163253,-0.0002554173303747654,-0.0005109205047878547,0.00147975465742517,0.000255417329516325
2,0.003414900000000801,-5.09839864224789,-0.0008590903705427699,-12.0,2.547910676977227,12.0,-0.0007144985787499725,-0.0002548769767347773,-0.0002548769775938674,-0.0005098398642247891,0.001479164242015163,0.000254876976734777
2,0.0034151000000008013,-5.08758418558511,-0.0008597390129738702,-12.0,2.542502475675705,12.0,-0.0007155293056002321,-0.0002543362214688681,-0.0002543362223286068,-0.0005087584185585111,0.001478572876571882,0.0002543362214688678
2,0.003415300000000801,-5.076761694967754,-0.0008603863095120179,-12.0,2.537090259415746,12.0,-0.0007165602874644739,-0.0002537950645725261,-0.0002537950654329121,-0.0005076761694967754,0.001477980561196635,0.0002537950645725258
2,0.003415500000000802,-5.065931187485964,-0.0008610322591411368,-12.0,2.531674036743948,12.0,-0.0007175915218843032,-0.0002532535069003092,-0.0002532535077613411,-0.0005065931187485964,0.001477387295994725,0.0002532535069003089
2,0.003415700000000802,-5.055092680242582,-0.0008616768608264991,-12.0,2.526253816213282,12.0,-0.0007186230064029075,-0.0002527115493074112,-0.0002527115501690878,-0.0005055092680242582,0.001476793081074457,0.0002527115493074109
2,0.003415900000000802,-5.044246190353126,-0.0008623201135533609,-12.0,2.520829606383032,12.0,-0.000719654738565001,-0.0002521691926496588,-0.0002521691935119787,-0.0005044246190353127,0.00147619791654785,0.0002521691926496586
2,0.0034161000000008023,-5.033391734945665,-0.0008629620163087548,-12.0,2.515401415818749,12.0,-0.0007206867159169905,-0.0002516264377835061,-0.0002516264386464678,-0.0005033391734945666,0.001475601802530202,0.0002516264377835058
2,0.003416300000000802,-5.022529331160803,-0.0008636025680801573,-12.0,2.509969253092255,12.0,-0.0007217189360068099,-0.0002510832855660338,-0.0002510832864296361,-0.0005022529331160803,0.001475004739140529,0.0002510832855660336
2,0.003416500000000802,-5.011658996151811,-0.0008642417678312864,-12.0,2.504533126781742,12.0,-0.0007227513963840027,-0.0002505397368549576,-0.000250539737719199,-0.0005011658996151812,0.001474406726501232,0.0002505397368549573
2,0.0034167000000008023,-5.000780747084451,-0.0008648796145791504,-12.0,2.499093045471561,12.0,-0.0007237840945996665,-0.0002499957925086143,-0.0002499957933734936,-0.0005000780747084451,0.0014738077647381,0.0002499957925086139
2,0.003416900000000802,-4.989894601136884,-0.0008655161073016782,-12.0,2.493649017752328,12.0,-0.0007248170282065369,-0.0002494514533859632,-0.0002494514542514791,-0.0004989894601136884,0.001473207853980751,0.000249451453385963
2,0.003417100000000802,-4.979000575499838,-0.0008661512449892328,-12.0,2.488201052220922,12.0,-0.0007258501947590978,-0.0002489067203465914,-0.0002489067212127424,-0.0004979000575499838,0.001472606994361803,0.0002489067203465912
2,0.003417300000000803,-4.968098687376493,-0.0008667850266372845,-12.0,2.48274915748044,12.0,-0.0007268835918133043,-0.0002483615942507081,-0.0002483615951174928,-0.0004968098687376493,0.0014720051860177,0.0002483615942507078
2,0.003417500000000803,-4.957188953982381,-0.0008674174512528499,-12.0,2.477293342140137,12.0,-0.0007279172169266379,-0.0002478160759591392,-0.0002478160768265564,-0.0004957188953982382,0.00147140242908822,0.000247816075959139
2,0.0034177000000008033,-4.946271392545445,-0.0008680485178220732,-12.0,2.471833614815505,12.0,-0.0007289510676584954,-0.000247270166333333,-0.0002472701672013812,-0.0004946271392545445,0.001470798723716749,0.0002472701663333328
2,0.003417900000000803,-4.935346020306042,-0.0008686782253499725,-12.0,2.466369984128214,12.0,-0.0007299851415697722,-0.0002467238662353567,-0.0002467238671040346,-0.0004935346020306042,0.001470194070049946,0.0002467238662353564
2,0.003418100000000803,-4.924412854516782,-0.0008693065728488936,-12.0,2.460902458706053,12.0,-0.0007310194362228073,-0.0002461771765278903,-0.0002461771773971967,-0.0004924412854516782,0.001469588468238248,0.0002461771765278902
2,0.003418300000000803,-4.913471912442608,-0.0008699335593091995,-12.0,2.455431047183004,12.0,-0.0007320539491818268,-0.0002456300980742316,-0.0002456300989441649,-0.0004913471912442608,0.001468981918435419,0.0002456300980742313
2,0.003418500000000803,-4.9025232113608,-0.0008705591837454563,-12.0,2.449955758199191,12.0,-0.0007330886780127222,-0.0002450826317382938,-0.0002450826326088528,-0.00049025232113608,0.001468374420798613,0.0002450826317382936
2,0.003418700000000803,-4.891566768560829,-0.0008711834451700096,-12.0,2.444476600400825,12.0,-0.0007341236202828005,-0.0002445347783845998,-0.000244534779255783,-0.0004891566768560829,0.001467765975488478,0.0002445347783845995
2,0.003418900000000803,-4.880602601344351,-0.0008718063425985356,-12.0,2.438993582440214,12.0,-0.0007351587735612009,-0.0002439865388782815,-0.0002439865397500876,-0.0004880602601344351,0.00146715658266966,0.0002439865388782812
2,0.003419100000000804,-4.869630727025331,-0.0008724278750222858,-12.0,2.433506712975853,12.0,-0.0007361941354187551,-0.0002434379140850878,-0.0002434379149575154,-0.0004869630727025331,0.00146654624250947,0.0002434379140850875
2,0.003419300000000804,-4.858651162929872,-0.0008730480414853581,-12.0,2.428016000672228,12.0,-0.0007372297034277664,-0.0002428889048713716,-0.0002428889057444193,-0.0004858651162929873,0.001465934955179216,0.0002428889048713713
2,0.003419500000000804,-4.847663926396104,-0.0008736668409945469,-12.0,2.422521454199891,12.0,-0.0007382654751623974,-0.0002423395121040888,-0.0002423395129777555,-0.0004847663926396104,0.001465322720853535,0.0002423395121040886
2,0.003419700000000804,-4.836669034774439,-0.0008742842725553146,-12.0,2.417023082235544,12.0,-0.000739301448198254,-0.0002417897366508101,-0.0002417897375250942,-0.0004836669034774439,0.001464709539710896,0.0002417897366508099
2,0.003419900000000804,-4.82566650542732,-0.0008749003352150897,-12.0,2.411520893461835,12.0,-0.0007403376201130241,-0.0002412395793797052,-0.0002412395802546052,-0.000482566650542732,0.001464095411932431,0.000241239579379705
2,0.0034201000000008037,-4.814656355729144,-0.0008755150279877721,-12.0,2.40601489656744,12.0,-0.0007413739884855886,-0.000240689041159543,-0.0002406890420350578,-0.0004814656355729144,0.001463480337703826,0.0002406890411595428
2,0.0034203000000008043,-4.803638603066507,-0.0008761283498850414,-12.0,2.400505100247142,12.0,-0.0007424105508967715,-0.0002401381228597029,-0.0002401381237358311,-0.0004803638603066508,0.001462864317213597,0.0002401381228597027
2,0.003420500000000804,-4.792613264837947,-0.0008767402999596552,-12.0,2.394991513201632,12.0,-0.0007434473049291457,-0.0002395868253501593,-0.0002395868262268994,-0.0004792613264837948,0.001462247350653645,0.0002395868253501591
2,0.003420700000000804,-4.781580358453906,-0.0008773508772303984,-12.0,2.389474144137598,12.0,-0.0007444842481667824,-0.000239035149501483,-0.0002390351503788338,-0.0004781580358453906,0.001461629438219758,0.0002390351495014829
2,0.003420900000000805,-4.770539901336858,-0.0008779600807276022,-12.0,2.383953001767736,12.0,-0.0007455213781955572,-0.0002384830961848466,-0.0002384830970628065,-0.0004770539901336858,0.001461010580111055,0.0002384830961848464
2,0.0034211000000008047,-4.759491910921219,-0.000878567909487149,-12.0,2.378428094810699,12.0,-0.0007465586926030943,-0.0002379306662720189,-0.0002379306671505866,-0.0004759491910921219,0.001460390776530152,0.0002379306662720186
2,0.0034213000000008053,-4.748436404653234,-0.0008791743625566895,-12.0,2.372899431991038,12.0,-0.0007475961889785998,-0.0002373778606353597,-0.0002373778615145339,-0.0004748436404653235,0.001459770027682938,0.0002373778606353595
2,0.003421500000000805,-4.737373399991033,-0.0008797794389596714,-12.0,2.367367022039282,12.0,-0.0007486338649131397,-0.0002368246801478244,-0.0002368246810276037,-0.0004737373399991033,0.001459148333779137,0.0002368246801478242
2,0.003421700000000805,-4.726302914404648,-0.0008803831377444116,-12.0,2.361830873691876,12.0,-0.0007496717179992785,-0.0002362711256829623,-0.0002362711265633452,-0.0004726302914404649,0.001458525695031743,0.0002362711256829621
2,0.003421900000000805,-4.715224965375844,-0.0008809854579616694,-12.0,2.356290995691125,12.0,-0.0007507097458314127,-0.0002357171981149088,-0.0002357171989958941,-0.0004715224965375844,0.001457902111657472,0.0002357171981149087
2,0.003422100000000805,-4.704139570398192,-0.0008815863986446626,-12.0,2.350747396785265,12.0,-0.0007517479460057985,-0.0002351628983183912,-0.0002351628991999774,-0.0004704139570398192,0.001457277583876149,0.000235162898318391
2,0.003422300000000805,-4.69304674697708,-0.0008821859588445946,-12.0,2.345200085728413,12.0,-0.0007527863161201909,-0.000234608227168726,-0.0002346082280509118,-0.000469304674697708,0.001456652111911483,0.0002346082271687258
2,0.003422500000000805,-4.681946512629565,-0.0008827841376166656,-12.0,2.339649071280515,12.0,-0.0007538248537741765,-0.0002340531855418134,-0.0002340531864245974,-0.0004681946512629565,0.001456025695990348,0.0002340531855418132
2,0.003422700000000806,-4.670838884884382,-0.0008833809340120791,-12.0,2.334094362207364,12.0,-0.0007548635565690631,-0.0002334977743141378,-0.0002334977751975185,-0.0004670838884884383,0.001455398336343228,0.0002334977743141375
2,0.003422900000000806,-4.659723881281998,-0.0008839763470771533,-12.0,2.32853596728062,12.0,-0.0007559024221078514,-0.0002329419943627699,-0.0002329419952467461,-0.0004659723881281998,0.001454770033204211,0.0002329419943627697
2,0.003423100000000806,-4.648601519374549,-0.0008845703758724177,-12.0,2.322973895277761,12.0,-0.000756941447995485,-0.0002323858465653636,-0.0002323858474499338,-0.0004648601519374549,0.001454140786810554,0.0002323858465653634
2,0.003423300000000806,-4.637471816725713,-0.0008851630194643967,-12.0,2.31740815498203,12.0,-0.0007579806318382953,-0.0002318293318001496,-0.0002318293326853124,-0.0004637471816725713,0.001453510597403618,0.0002318293318001494
2,0.003423500000000806,-4.626334790910794,-0.0008857542769002968,-12.0,2.311838755182503,12.0,-0.0007590199712447232,-0.0002312724509459406,-0.0002312724518316947,-0.0004626334790910794,0.001452879465227375,0.0002312724509459404
2,0.003423700000000806,-4.615190459516708,-0.0008863441472479749,-12.0,2.306265704674041,12.0,-0.000760059463824736,-0.000230715204882129,-0.000230715205768473,-0.0004615190459516709,0.001452247390530237,0.0002307152048821289
2,0.0034239000000008063,-4.604038840141831,-0.0008869326295806168,-12.0,2.300689012257218,12.0,-0.0007610991071900219,-0.00023015759448868,-0.0002301575953756125,-0.0004604038840141831,0.001451614373563226,0.0002301575944886799
2,0.003424100000000806,-4.59287995039607,-0.0008875197229523124,-12.0,2.295108686738409,12.0,-0.0007621388989542954,-0.0002295996206461364,-0.0002295996215336559,-0.000459287995039607,0.00145098041458136,0.0002295996206461362
2,0.003424300000000807,-4.581713807900868,-0.0008881054264360255,-12.0,2.289524736929725,12.0,-0.0007631788367327974,-0.0002290412842356164,-0.0002290412851237216,-0.0004581713807900868,0.00145034551384321,0.0002290412842356162
2,0.003424500000000807,-4.570540430289044,-0.0008886897391131576,-12.0,2.283937171648955,12.0,-0.0007642189181426562,-0.000228482586138807,-0.0002284825870274966,-0.0004570540430289044,0.001449709671610344,0.0002284825861388068
2,0.003424700000000807,-4.559359835204865,-0.0008892726600431278,-12.0,2.278345999719641,12.0,-0.0007652591408026654,-0.0002279235272379686,-0.0002279235281272411,-0.0004559359835204865,0.001449072888148439,0.0002279235272379684
2,0.0034249000000008073,-4.548172040304051,-0.0008898541883064492,-12.0,2.272751229971023,12.0,-0.0007662995023333952,-0.0002273641084159332,-0.0002273641093057872,-0.0004548172040304051,0.00144843516372628,0.000227364108415933
2,0.003425100000000807,-4.536977063253604,-0.0008904343229889644,-12.0,2.267152871237975,12.0,-0.0007673400003574138,-0.0002268043305560966,-0.0002268043314465308,-0.0004536977063253605,0.001447796498616039,0.0002268043305560965
2,0.003425300000000807,-4.525774921731934,-0.0008910130631558655,-12.0,2.261550932361102,12.0,-0.0007683806324987885,-0.000226244194542426,-0.0002262441954334389,-0.0004525774921731934,0.001447156893093715,0.0002262441945424258
2,0.0034255000000008072,-4.514565633428722,-0.0008915904079074277,-12.0,2.255945422186596,12.0,-0.0007694213963836127,-0.0002256837012594505,-0.0002256837021510407,-0.0004514565633428722,0.001446516347438476,0.0002256837012594503
2,0.003425700000000807,-4.503349216044939,-0.0008921663563101756,-12.0,2.250336349566341,12.0,-0.0007704622896396174,-0.0002251228515922653,-0.0002251228524844315,-0.0004503349216044939,0.001445874861933205,0.0002251228515922651
2,0.003425900000000807,-4.492125687292879,-0.0008927409074588333,-12.0,2.244723723357843,12.0,-0.0007715033098963098,-0.0002245616464265304,-0.000224561647319271,-0.0004492125687292879,0.001445232436864174,0.0002245616464265301
2,0.003426100000000808,-4.480895064895972,-0.0008933140604483469,-12.0,2.239107552424173,12.0,-0.0007725444547851679,-0.0002240000866484623,-0.0002240000875417762,-0.0004480895064895973,0.001444589072521207,0.0002240000866484621
2,0.003426300000000808,-4.469657366588907,-0.000893885814355011,-12.0,2.233487845634063,12.0,-0.0007735857219392517,-0.0002234381731448419,-0.0002234381740387276,-0.0004469657366588907,0.001443944769197514,0.0002234381731448418
2,0.0034265000000008082,-4.458412610117527,-0.000894456168289981,-12.0,2.227864611861767,12.0,-0.0007746271089936752,-0.0002228759068030058,-0.0002228759076974619,-0.0004458412610117527,0.001443299527189579,0.0002228759068030057
2,0.003426700000000808,-4.447160813238802,-0.0008950251213313276,-12.0,2.222237859987153,12.0,-0.0007756686135851065,-0.0002223132885108486,-0.0002223132894058735,-0.0004447160813238802,0.00144265334679794,0.0002223132885108484
2,0.003426900000000808,-4.435901993720895,-0.000895592672583323,-12.0,2.216607598895646,12.0,-0.0007767102333522957,-0.0002217503191568231,-0.0002217503200524156,-0.0004435901993720895,0.001442006228326298,0.000221750319156823
2,0.003427100000000808,-4.424636169342971,-0.0008961588211540139,-12.0,2.210973837478166,12.0,-0.0007777519659354915,-0.0002211869996299322,-0.0002211870005260909,-0.0004424636169342971,0.001441358172081575,0.000221186999629932
2,0.003427300000000808,-4.413363357895278,-0.0008967235661312412,-12.0,2.205336584631207,12.0,-0.0007787938089771351,-0.000220623330819734,-0.0002206233317164573,-0.0004413363357895278,0.001440709178374577,0.0002206233308197338
2,0.003427500000000808,-4.402083577179162,-0.0008972869066239397,-12.0,2.199695849256776,12.0,-0.0007798357601211947,-0.0002200593136163402,-0.0002200593145136269,-0.0004402083577179163,0.001440059247519332,0.00022005931361634
2,0.003427700000000808,-4.390796845006885,-0.000897848841747706,-12.0,2.194051640262333,12.0,-0.0007808778170136366,-0.0002194949489104082,-0.0002194949498082568,-0.0004390796845006885,0.00143940837983364,0.0002194949489104081
2,0.003427900000000809,-4.379503179201737,-0.0008984093705928231,-12.0,2.188403966560886,12.0,-0.0007819199773020924,-0.000218930237593148,-0.0002189302384915572,-0.0004379503179201737,0.001438756575638633,0.0002189302375931479
2,0.003428100000000809,-4.368202597597941,-0.0008989684922908747,-12.0,2.18275283707085,12.0,-0.00078296223863622,-0.0002183651805563142,-0.0002183651814552825,-0.0004368202597597941,0.001438103835258775,0.0002183651805563141
2,0.003428300000000809,-4.356895118040627,-0.0008995262059363629,-12.0,2.177098260716146,12.0,-0.0007840045986675093,-0.0002177997786922084,-0.0002177997795917345,-0.0004356895118040627,0.001437450159022025,0.0002177997786922083
2,0.003428500000000809,-4.345580758385887,-0.0009000825106524335,-12.0,2.17144024642614,12.0,-0.0007850470550491706,-0.0002172340328936793,-0.0002172340337937617,-0.0004345580758385887,0.001436795547260006,0.0002172340328936792
2,0.003428700000000809,-4.334259536500578,-0.0009006374055613442,-12.0,2.165778803135574,12.0,-0.000786089605436302,-0.0002166679440541136,-0.0002166679449547509,-0.0004334259536500579,0.00143614000030784,0.0002166679440541135
2,0.0034289000000008087,-4.322931470262447,-0.0009011908897715859,-12.0,2.160113939784657,12.0,-0.0007871322474858611,-0.000216101513067443,-0.0002161015139686338,-0.0004322931470262447,0.001435483518503922,0.0002161015130674429
2,0.0034291000000008093,-4.31159657756008,-0.0009017429624094131,-12.0,2.154445665318997,12.0,-0.0007881749788567483,-0.0002155347408281408,-0.0002155347417298835,-0.000431159657756008,0.001434826102190201,0.0002155347408281407
2,0.003429300000000809,-4.300254876292775,-0.0009022936226061873,-12.0,2.148773988689542,12.0,-0.0007892177972095016,-0.0002149676282312149,-0.0002149676291335085,-0.0004300254876292775,0.001434167751712401,0.0002149676282312148
2,0.003429500000000809,-4.288906384370602,-0.0009028428694759505,-12.0,2.143098918852659,12.0,-0.0007902607002069073,-0.0002144001761722136,-0.0002144001770750563,-0.0004288906384370602,0.001433508467419076,0.0002144001761722135
2,0.00342970000000081,-4.277551119714412,-0.0009033907021502863,-12.0,2.137420464770074,12.0,-0.0007913036855132227,-0.0002138323855472226,-0.0002138323864506131,-0.0004277551119714413,0.001432848249662722,0.0002138323855472224
2,0.0034299000000008097,-4.266189100255691,-0.0009039371197663293,-12.0,2.131738635408825,12.0,-0.0007923467507946758,-0.0002132642572528592,-0.0002132642581567962,-0.0004266189100255691,0.001432187098799498,0.0002132642572528591
2,0.0034301000000008103,-4.254820343936561,-0.0009044821214532206,-12.0,2.12605343974128,12.0,-0.0007933898937196038,-0.0002126957921862734,-0.0002126957930907554,-0.0004254820343936561,0.001431525015188506,0.0002126957921862733
2,0.00343030000000081,-4.243444868709847,-0.0009050257063416556,-12.0,2.120364886745155,12.0,-0.0007944331119580095,-0.0002121269912451498,-0.0002121269921501753,-0.0004243444868709848,0.001430861999192456,0.0002121269912451497
2,0.00343050000000081,-4.232062692539,-0.000905567873569213,-12.0,2.114672985403467,12.0,-0.0007954764031816719,-0.0002115578553277038,-0.0002115578562332716,-0.0004232062692539001,0.001430198051178055,0.0002115578553277037
2,0.00343070000000081,-4.220673833397981,-0.0009061086222863501,-12.0,2.108977744704475,12.0,-0.0007965197650645905,-0.0002109883853326763,-0.0002109883862387847,-0.0004220673833397981,0.001429533171514674,0.0002109883853326761
2,0.00343090000000081,-4.20927830927133,-0.0009066479516195436,-12.0,2.103279173641756,12.0,-0.0007975631952824302,-0.0002104185821593377,-0.0002104185830659855,-0.000420927830927133,0.001428867360575792,0.0002104185821593375
2,0.00343110000000081,-4.197876138154166,-0.0009071858607181404,-12.0,2.097577281214148,12.0,-0.0007986066915127432,-0.0002098484467074867,-0.0002098484476146724,-0.0004197876138154167,0.001428200618738107,0.0002098484467074866
2,0.00343130000000081,-4.186467338052027,-0.0009077223487368169,-12.0,2.091872076425684,12.0,-0.0007996502514350523,-0.0002092779798774423,-0.0002092779807851645,-0.0004186467338052027,0.001427532946381593,0.0002092779798774421
2,0.003431500000000811,-4.175051926980941,-0.0009082574148107092,-12.0,2.08616356828568,12.0,-0.0008006938727307122,-0.0002087071825700492,-0.0002087071834783065,-0.0004175051926980941,0.001426864343890277,0.0002087071825700491
2,0.003431700000000811,-4.163629922967431,-0.0009087910580944936,-12.0,2.080451765808663,12.0,-0.0008017375530829651,-0.0002081360556866759,-0.0002081360565954668,-0.0004163629922967431,0.001426194811651127,0.0002081360556866758
2,0.003431900000000811,-4.152201344048351,-0.0009093232777497295,-12.0,2.074736678014318,12.0,-0.000802781290177218,-0.0002075646001292069,-0.0002075646010385301,-0.0004152201344048351,0.001425524350054608,0.0002075646001292068
2,0.003432100000000811,-4.140766208270964,-0.0009098540729175486,-12.0,2.069018313927565,12.0,-0.0008038250817004045,-0.0002069928168000484,-0.0002069928177099024,-0.0004140766208270964,0.001424852959495015,0.0002069928168000482
2,0.003432300000000811,-4.129324533692943,-0.0009103834427606206,-12.0,2.063296682578496,12.0,-0.0008048689253415953,-0.0002064207066021258,-0.0002064207075125091,-0.0004129324533692943,0.001424180640369754,0.0002064207066021257
2,0.0034325000000008108,-4.11787633838222,-0.0009109113864427254,-12.0,2.057571793002333,12.0,-0.0008059128187918319,-0.0002058482704388777,-0.0002058482713497889,-0.000411787633838222,0.001423507393079781,0.0002058482704388775
2,0.0034327000000008113,-4.106421640416994,-0.0009114379031285313,-12.0,2.051843654239425,12.0,-0.0008069567597438487,-0.0002052755092142555,-0.0002052755101256933,-0.0004106421640416995,0.001422833218029773,0.0002052755092142554
2,0.003432900000000811,-4.094960457885841,-0.000911962991959836,-12.0,2.04611227533535,12.0,-0.0008080007458925176,-0.0002047024238327312,-0.0002047024247446941,-0.0004094960457885841,0.001422158115627514,0.000204702423832731
2,0.003433100000000812,-4.083492808887537,-0.0009124866521301733,-12.0,2.040377665340706,12.0,-0.0008090447749346252,-0.0002041290151992838,-0.0002041290161117703,-0.0004083492808887537,0.001421482086284398,0.0002041290151992837
2,0.003433300000000812,-4.07201871153096,-0.0009130088827993266,-12.0,2.034639833311192,12.0,-0.0008100888445687349,-0.0002035552842193993,-0.0002035552851324081,-0.0004072018711530961,0.001420805130415315,0.0002035552842193992
2,0.0034335000000008118,-4.060538183935339,-0.0009135296831197515,-12.0,2.028898788307693,12.0,-0.0008111329524954913,-0.0002029812317990814,-0.000202981232712611,-0.000406053818393534,0.001420127248438624,0.0002029812317990813
2,0.0034337000000008123,-4.049051244229994,-0.0009140490522916433,-12.0,2.023154539396069,12.0,-0.0008121770964174269,-0.0002024068588448362,-0.0002024068597588851,-0.0004049051244229994,0.001419448440776017,0.0002024068588448361
2,0.003433900000000812,-4.037557910554288,-0.0009145669894770059,-12.0,2.017407095647259,12.0,-0.000813221274038961,-0.0002018321662636737,-0.0002018321671782405,-0.0004037557910554288,0.001418768707852985,0.0002018321662636736
2,0.003434100000000812,-4.026058201057772,-0.0009150834938511654,-12.0,2.011656466137274,12.0,-0.0008142654830665397,-0.0002012571549631127,-0.0002012571558781961,-0.0004026058201057772,0.001418088050098104,0.0002012571549631126
2,0.0034343000000008122,-4.01455213390008,-0.0009155985645938891,-12.0,2.005902659947163,12.0,-0.0008153097212086069,-0.0002006818258511759,-0.0002006818267667743,-0.000401455213390008,0.001417406467943444,0.0002006818258511757
2,0.003434500000000812,-4.003039727250814,-0.000916112200898267,-12.0,2.000145686162938,12.0,-0.0008163539861754943,-0.0002001061798363838,-0.0002001061807524958,-0.0004003039727250814,0.00141672396182474,0.0002001061798363837
2,0.003434700000000812,-3.99152099928961,-0.00091662440193363,-12.0,1.994385553875661,12.0,-0.0008173982756793652,-0.0001995302178277595,-0.0001995302187443838,-0.000399152099928961,0.001416040532181112,0.0001995302178277594
2,0.003434900000000813,-3.979995968206144,-0.0009171351668912919,-12.0,1.988622272181384,12.0,-0.000818442587434659,-0.0001989539407348277,-0.0001989539416519627,-0.0003979995968206145,0.00141535617945493,0.0001989539407348275
2,0.003435100000000813,-3.968464652199964,-0.0009176444949690055,-12.0,1.982855850181083,12.0,-0.0008194869191573417,-0.0001983773494676053,-0.0001983773503852497,-0.0003968464652199964,0.001414670904092447,0.0001983773494676052
2,0.0034353000000008132,-3.956927069480564,-0.0009181523853436513,-12.0,1.977086296980743,12.0,-0.0008205312685657662,-0.0001978004449366088,-0.000197800445854761,-0.0003956927069480564,0.001413984706543081,0.0001978004449366087
2,0.003435500000000813,-3.945383238267399,-0.0009186588372134263,-12.0,1.971313621691291,12.0,-0.0008215756333800617,-0.0001972232280528505,-0.0001972232289715093,-0.0003945383238267399,0.001413297587259554,0.0001972232280528504
2,0.003435700000000813,-3.93383317678972,-0.0009191638497794141,-12.0,1.965537833428552,12.0,-0.0008226200113223003,-0.0001966456997278333,-0.0001966457006469971,-0.000393383317678972,0.001412609546698473,0.0001966456997278332
2,0.003435900000000813,-3.922276903286578,-0.0009196674222404777,-12.0,1.959758941313254,12.0,-0.0008236644001165805,-0.0001960678608735495,-0.0001960678617932169,-0.0003922276903286578,0.001411920585319582,0.0001960678608735495
2,0.003436100000000813,-3.910714436006955,-0.000920169553774608,-12.0,1.95397695447112,12.0,-0.0008247087974890266,-0.0001954897124024896,-0.000195489713322659,-0.0003910714436006955,0.001411230703586119,0.0001954897124024895
2,0.0034363000000008134,-3.899145793209573,-0.0009206702436135306,-12.0,1.948191882032664,12.0,-0.000825753201167706,-0.0001949112552276278,-0.000194911256148298,-0.0003899145793209573,0.001410539901964797,0.0001949112552276277
2,0.003436500000000813,-3.887570993162788,-0.0009211694909512236,-12.0,1.942403733133272,12.0,-0.0008267976088827123,-0.0001943324902624225,-0.0001943324911835918,-0.0003887570993162788,0.001409848180925793,0.0001943324902624224
2,0.003436700000000814,-3.875990054144852,-0.0009216672949767801,-12.0,1.936612516913288,12.0,-0.0008278420183659707,-0.0001937534184208266,-0.0001937534193424938,-0.0003875990054144852,0.001409155540942869,0.0001937534184208265
2,0.003436900000000814,-3.864402994443651,-0.0009221636549270329,-12.0,1.930818242517799,12.0,-0.0008288864273515717,-0.0001931740406172727,-0.0001931740415394362,-0.0003864402994443651,0.001408461982493031,0.0001931740406172726
2,0.003437100000000814,-3.852809832356648,-0.0009226585700004009,-12.0,1.925020919096738,12.0,-0.0008299308335755484,-0.0001925943577666739,-0.0001925943586893324,-0.0003852809832356648,0.001407767506056784,0.0001925943577666739
2,0.0034373000000008144,-3.841210586191038,-0.0009231520394070714,-12.0,1.919220555804888,12.0,-0.0008309752347760158,-0.0001920143707844296,-0.0001920143717075816,-0.0003841210586191038,0.001407072112117963,0.0001920143707844295
2,0.003437500000000814,-3.829605274263633,-0.000923644062363449,-12.0,1.913417161801831,12.0,-0.000832019628692976,-0.0001914340805864195,-0.0001914340815100635,-0.0003829605274263633,0.001406375801164234,0.0001914340805864194
2,0.003437700000000814,-3.817993914900759,-0.0009241346380997051,-12.0,1.907610746251883,12.0,-0.0008330640130684019,-0.0001908534880889984,-0.000190853489013133,-0.0003817993914900759,0.00140567857368637,0.0001908534880889983
2,0.0034379000000008143,-3.806376526438308,-0.0009246237658202539,-12.0,1.901801318324186,12.0,-0.0008341083856464593,-0.0001902725942090007,-0.0001902725951336244,-0.0003806376526438308,0.001404980430178615,0.0001902725942090006
2,0.003438100000000814,-3.794753127221759,-0.0009251114447537123,-12.0,1.895988887192634,12.0,-0.0008351527441731454,-0.0001896913998637389,-0.0001896914007888503,-0.0003794753127221759,0.001404281371138766,0.0001896913998637388
2,0.003438300000000814,-3.783123735605992,-0.0009255976741342486,-12.0,1.890173462035818,12.0,-0.0008361970863966506,-0.0001891099059709953,-0.0001891099068965929,-0.0003783123735605992,0.001403581397068032,0.0001891099059709952
2,0.003438500000000815,-3.771488369955379,-0.0009260824531744927,-12.0,1.884355052037103,12.0,-0.0008372414100670245,-0.0001885281134490278,-0.0001885281143751102,-0.0003771488369955379,0.001402880508471038,0.0001885281134490278
2,0.003438700000000815,-3.759847048643784,-0.0009265657811097228,-12.0,1.87853366638457,12.0,-0.0008382857129364263,-0.000187946023216568,-0.0001879460241431337,-0.0003759847048643785,0.001402178705855794,0.000187946023216568
2,0.0034389000000008153,-3.748199790054389,-0.0009270476571801023,-12.0,1.872709314270948,12.0,-0.0008393299927590137,-0.0001873636361928129,-0.0001873636371198605,-0.0003748199790054389,0.001401475989733864,0.0001873636361928128
2,0.003439100000000815,-3.736546612579802,-0.0009275280806020358,-12.0,1.866882004893717,12.0,-0.0008403742472909981,-0.000186780953297432,-0.00018678095422496,-0.0003736546612579802,0.001400772360620139,0.0001867809532974319
2,0.003439300000000815,-3.724887534621964,-0.0009280070506332283,-12.0,1.861051747454961,12.0,-0.0008414184742906172,-0.0001861979754505596,-0.0001861979763785665,-0.0003724887534621964,0.001400067819033124,0.0001861979754505595
2,0.003439500000000815,-3.713222574592136,-0.0009284845664905284,-12.0,1.855218551161486,12.0,-0.0008424626715181904,-0.0001856147035727978,-0.0001856147045012823,-0.0003713222574592136,0.001399362365494483,0.0001856147035727977
2,0.003439700000000815,-3.701551750910867,-0.0009289606274367479,-12.0,1.849382425224672,12.0,-0.0008435068367359799,-0.000185031138585211,-0.0001850311395141715,-0.0003701551750910867,0.001398656000529575,0.0001850311385852109
2,0.003439900000000815,-3.689875082007944,-0.0009294352326971733,-12.0,1.843543378860574,12.0,-0.0008445509677083296,-0.0001844472814093272,-0.0001844472823387623,-0.0003689875082007944,0.001397948724667086,0.0001844472814093271
2,0.003440100000000815,-3.678192586322458,-0.0009299083815235143,-12.0,1.83770142128986,12.0,-0.0008455950622017205,-0.0001838631329671385,-0.0001838631338970468,-0.0003678192586322459,0.001397240538439065,0.0001838631329671384
2,0.003440300000000816,-3.66650428230261,-0.0009303800731716994,-12.0,1.831856561737747,12.0,-0.0008466391179845767,-0.0001832786941810919,-0.0001832786951114719,-0.000366650428230261,0.001396531442381083,0.0001832786941810919
2,0.003440500000000816,-3.654810188405804,-0.0009308503068794494,-12.0,1.82600880943408,12.0,-0.0008476831328273482,-0.000182693965974096,-0.0001826939669049462,-0.0003654810188405804,0.00139582143703218,0.0001826939659740959
2,0.003440700000000816,-3.643110323098642,-0.0009313190819026929,-12.0,1.820158173613276,12.0,-0.0008487271045026779,-0.0001821089492695179,-0.000182108950200837,-0.0003643110323098642,0.001395110522934673,0.0001821089492695179
2,0.003440900000000816,-3.631404704856755,-0.0009317863975060181,-12.0,1.814304663514255,12.0,-0.0008497710307851791,-0.0001815236449911761,-0.0001815236459229625,-0.0003631404704856756,0.001394398700634458,0.0001815236449911761
2,0.003441100000000816,-3.61969335216489,-0.0009322522529329191,-12.0,1.808448288380523,12.0,-0.0008508149094515749,-0.0001809380540633457,-0.0001809380549955979,-0.000361969335216489,0.001393685970680791,0.0001809380540633456
2,0.0034413000000008158,-3.607976283516902,-0.0009327166474464299,-12.0,1.802589057460115,12.0,-0.0008518587382805864,-0.0001803521774107562,-0.0001803521783434728,-0.0003607976283516902,0.001392972333626286,0.0001803521774107562
2,0.0034415000000008163,-3.59625351741559,-0.0009331795803186882,-12.0,1.796726980005521,12.0,-0.0008529025150530722,-0.000179766015958584,-0.0001797660168917636,-0.000359625351741559,0.00139225779002719,0.000179766015958584
2,0.003441700000000816,-3.584525072372799,-0.0009336410507951864,-12.0,1.790862065273796,12.0,-0.0008539462375519447,-0.0001791795706324592,-0.0001791795715661002,-0.0003584525072372799,0.001391542340442947,0.0001791795706324591
2,0.003441900000000816,-3.572790966909325,-0.0009341010581633835,-12.0,1.784994322526407,12.0,-0.0008549899035620867,-0.0001785928423584571,-0.0001785928432925581,-0.0003572790966909324,0.00139082598543655,0.000178592842358457
2,0.003442100000000817,-3.561051219554888,-0.0009345596016734348,-12.0,1.779123761029337,12.0,-0.0008560335108707406,-0.0001780058320631012,-0.0001780058329976607,-0.0003561051219554888,0.001390108725574324,0.0001780058320631011
2,0.0034423000000008168,-3.549305848848188,-0.0009350166806036952,-12.0,1.773250390053022,12.0,-0.0008570770572668973,-0.0001774185406733626,-0.0001774185416083792,-0.0003549305848848188,0.001389390561426146,0.0001774185406733625
2,0.0034425000000008173,-3.537554873336714,-0.0009354722942349625,-12.0,1.767374218872281,12.0,-0.000858120540541879,-0.0001768309691166517,-0.0001768309700521239,-0.0003537554873336714,0.001388671493565141,0.0001768309691166516
2,0.003442700000000817,-3.525798311576834,-0.0009359264418289381,-12.0,1.761495256766409,12.0,-0.0008591639584890065,-0.0001762431183208239,-0.0001762431192567503,-0.0003525798311576834,0.001387951522567932,0.0001762431183208238
2,0.003442900000000817,-3.5140361821338,-0.0009363791226690843,-12.0,1.755613513019105,12.0,-0.0008602073089036266,-0.0001756549892141776,-0.0001756549901505566,-0.00035140361821338,0.001387230649014637,0.0001756549892141774
2,0.003443100000000817,-3.502268503581565,-0.00093683033604397,-12.0,1.749728996918413,12.0,-0.0008612505895833067,-0.0001750665827254458,-0.0001750665836622761,-0.0003502268503581565,0.001386508873488734,0.0001750665827254457
2,0.003443300000000817,-3.4904952945029,-0.0009372800812195159,-12.0,1.74384171775682,12.0,-0.0008622937983276402,-0.000174477899783804,-0.000174477900721084,-0.00034904952945029,0.001385786196577032,0.0001744778997838039
2,0.003443500000000817,-3.478716573489285,-0.000937728357499612,-12.0,1.737951684831109,12.0,-0.0008633369329383578,-0.000173888941318861,-0.0001738889422565893,-0.0003478716573489285,0.001385062618869809,0.0001738889413188609
2,0.003443700000000818,-3.46693235914092,-0.0009381751641515113,-12.0,1.732058907442481,12.0,-0.000864379991219244,-0.0001732997082606633,-0.0001732997091988384,-0.000346693235914092,0.001384338140960839,0.0001732997082606633
2,0.003443900000000818,-3.455142670066671,-0.0009386205004859871,-12.0,1.726163394896402,12.0,-0.0008654229709762762,-0.0001727102015396888,-0.0001727102024783093,-0.0003455142670066671,0.001383612763447173,0.0001727102015396888
2,0.003444100000000818,-3.443347524884029,-0.0009390643657760656,-12.0,1.720265156502707,12.0,-0.0008664658700174022,-0.0001721204220868484,-0.0001721204230259127,-0.0003443347524884029,0.001382886486929386,0.0001721204220868483
2,0.003444300000000818,-3.431546942219174,-0.0009395067593223061,-12.0,1.714364201575536,12.0,-0.0008675086861528736,-0.0001715303708334859,-0.0001715303717729926,-0.0003431546942219174,0.001382159312011272,0.0001715303708334858
2,0.003444500000000818,-3.419740940706785,-0.0009399476804303752,-12.0,1.70846053943327,12.0,-0.0008685514171949404,-0.0001709400487113701,-0.0001709400496513177,-0.0003419740940706785,0.001381431239300235,0.00017094004871137
2,0.003444700000000818,-3.407929538990125,-0.0009403871283846232,-12.0,1.702554179398614,12.0,-0.0008695940609579345,-0.0001703494566526999,-0.000170349457593087,-0.0003407929538990125,0.001380702269407036,0.0001703494566526999
2,0.003444900000000818,-3.396112755721043,-0.0009408251024920489,-12.0,1.696645130798533,12.0,-0.00087063661525838,-0.0001697585955901025,-0.0001697585965309275,-0.0003396112755721043,0.00137997240294585,0.0001697585955901025
2,0.0034451000000008183,-3.384290609559797,-0.0009412616020632036,-12.0,1.690733402964187,12.0,-0.0008716790779150496,-0.0001691674664566251,-0.0001691674673978867,-0.0003384290609559797,0.001379241640534046,0.000169167466456625
2,0.003445300000000818,-3.372463119175147,-0.0009416966263917637,-12.0,1.684819005231019,12.0,-0.0008727214467485755,-0.0001685760701857412,-0.0001685760711274378,-0.0003372463119175147,0.001378509982792653,0.0001685760701857411
2,0.003445500000000819,-3.360630303244351,-0.0009421301747907229,-12.0,1.678901946938687,12.0,-0.0008737637195818937,-0.0001679844077113479,-0.000167984408653478,-0.0003360630303244351,0.001377777430346117,0.0001679844077113478
2,0.003445700000000819,-3.348792180452983,-0.0009425622465788486,-12.0,1.672982237431,12.0,-0.0008748058942400772,-0.000167392479967758,-0.0001673924809103202,-0.0003348792180452983,0.001377043983821935,0.0001673924799677579
2,0.003445900000000819,-3.336948769495032,-0.0009429928410551458,-12.0,1.667059886056005,12.0,-0.0008758479685501974,-0.000166800287889706,-0.0001668002888326988,-0.0003336948769495032,0.001376309643851603,0.000166800287889706
2,0.0034461000000008193,-3.325100089072893,-0.000943421957539492,-12.0,1.661134902165918,12.0,-0.0008768899403417685,-0.0001662078324123458,-0.0001662078333557677,-0.0003325100089072893,0.001375574411069225,0.0001662078324123457
2,0.003446300000000819,-3.313246157897221,-0.0009438495953553172,-12.0,1.655207295117082,12.0,-0.0008779318074461917,-0.0001656151144712437,-0.0001656151154150933,-0.0003313246157897221,0.001374838286112956,0.0001656151144712437
2,0.003446500000000819,-3.301386994686935,-0.0009442757538200564,-12.0,1.64927707426998,12.0,-0.0008789735676970056,-0.00016502213500238,-0.0001650221359466558,-0.0003301386994686935,0.001374101269624062,0.00016502213500238
2,0.0034467000000008192,-3.289522618169273,-0.00094470043224959,-12.0,1.643344248989258,12.0,-0.0008800152189300803,-0.0001644288949421508,-0.0001644288958868512,-0.0003289522618169273,0.001373363362247221,0.0001644288949421507
2,0.003446900000000819,-3.277653047079728,-0.0009451236299702348,-12.0,1.637408828643672,12.0,-0.0008810567589832563,-0.0001638353952273644,-0.0001638353961724879,-0.0003277653047079728,0.001372624564630609,0.0001638353952273642
2,0.003447100000000819,-3.265778300161928,-0.0009455453463205199,-12.0,1.631470822606029,12.0,-0.0008820981856966781,-0.000163241636795235,-0.0001632416377407804,-0.0003265778300161928,0.001371884877425622,0.000163241636795235
2,0.00344730000000082,-3.253898396167686,-0.0009459655806127731,-12.0,1.625530240253268,12.0,-0.0008831394969125994,-0.0001626476205833882,-0.0001626476215293537,-0.0003253898396167686,0.00137114430128718,0.0001626476205833881
2,0.00344750000000082,-3.242013353857033,-0.0009463843321855236,-12.0,1.619587090966395,12.0,-0.0008841806904753974,-0.0001620533475298581,-0.0001620533484762424,-0.0003242013353857033,0.00137040283687348,0.000162053347529858
2,0.0034477000000008202,-3.230123191998016,-0.0009468016003808533,-12.0,1.61364138413042,12.0,-0.0008852217642316557,-0.0001614588185730802,-0.0001614588195198818,-0.0003230123191998016,0.001369660484846186,0.0001614588185730801
2,0.00344790000000082,-3.2182279293668,-0.0009472173845210818,-12.0,1.607693129134444,12.0,-0.0008862627160301367,-0.0001608640346518966,-0.0001608640355991139,-0.00032182279293668,0.001368917245870349,0.0001608640346518965
2,0.00344810000000082,-3.206327584747664,-0.0009476316839498455,-12.0,1.60174233537159,12.0,-0.0008873035437217264,-0.000160268996705554,-0.0001602689976531857,-0.0003206327584747664,0.001368173120614297,0.000160268996705554
2,0.00344830000000082,-3.194422176932821,-0.0009480444980172198,-12.0,1.595789012238939,12.0,-0.0008883442451595586,-0.0001596737056736957,-0.0001596737066217402,-0.0003194422176932821,0.00136742810974988,0.0001596737056736957
2,0.00344850000000082,-3.182511724722511,-0.0009484558260524079,-12.0,1.589833169137619,12.0,-0.0008893848181988906,-0.0001590781624963672,-0.0001590781634448229,-0.0003182511724722511,0.001366682213952197,0.0001590781624963671
2,0.00344870000000082,-3.170596246925,-0.0009488656674059293,-12.0,1.583874815472734,12.0,-0.0008904252606971863,-0.0001584823681140141,-0.0001584823690628797,-0.0003170596246925001,0.001365935433899845,0.000158482368114014
2,0.00344890000000082,-3.158675762356421,-0.0009492740214314122,-12.0,1.577913960653323,12.0,-0.0008914655705140745,-0.0001578863234674755,-0.0001578863244167495,-0.0003158675762356421,0.001365187770274695,0.0001578863234674755
2,0.003449100000000821,-3.146750289840771,-0.0009496808874807083,-12.0,1.571950614092355,12.0,-0.0008925057455113489,-0.0001572900294979837,-0.0001572900304476645,-0.0003146750289840771,0.00136443922376206,0.0001572900294979836
2,0.003449300000000821,-3.134819848210049,-0.0009500862648841313,-12.0,1.565984785206836,12.0,-0.0008935457835531624,-0.000156693487147172,-0.0001566934880972582,-0.0003134819848210049,0.001363689795050554,0.000156693487147172
2,0.003449500000000821,-3.122884456304062,-0.0009504901530266174,-12.0,1.560016483417589,12.0,-0.0008945856825055831,-0.0001560966973570617,-0.0001560966983075517,-0.0003122884456304062,0.001362939484832265,0.0001560966973570616
2,0.003449700000000821,-3.110944132970307,-0.0009508925512555777,-12.0,1.554045718149345,12.0,-0.0008956254402371355,-0.0001554996610700601,-0.0001554996620209526,-0.0003110944132970308,0.001362188293802497,0.00015549966107006
2,0.003449900000000821,-3.09899889706425,-0.0009512934589115396,-12.0,1.548072498830824,12.0,-0.0008966650546183563,-0.0001549023792289736,-0.0001549023801802669,-0.0003098998897064251,0.001361436222660051,0.0001549023792289735
2,0.0034501000000008207,-3.087048767449055,-0.0009516928753854348,-12.0,1.542096834894521,12.0,-0.0008977045235220721,-0.0001543048527769906,-0.0001543048537286835,-0.0003087048767449055,0.001360683272107172,0.0001543048527769906
2,0.0034503000000008213,-3.075093762995516,-0.0009520908000284489,-12.0,1.536118735776808,12.0,-0.0008987438448233576,-0.0001537070826576837,-0.0001537070836097744,-0.0003075093762995517,0.001359929442849184,0.0001537070826576836
2,0.003450500000000821,-3.063133902582232,-0.0009524872322048683,-12.0,1.530138210917936,12.0,-0.0008997830163994108,-0.0001531090698150142,-0.0001531090707675014,-0.0003063133902582233,0.001359174735595048,0.0001531090698150141
2,0.003450700000000821,-3.051169205095476,-0.0009528821712849744,-12.0,1.524155269761989,12.0,-0.0009008220361296088,-0.0001525108151933274,-0.0001525108161462095,-0.0003051169205095476,0.001358419151056972,0.0001525108151933274
2,0.003450900000000822,-3.039199689429086,-0.000953275616650151,-12.0,1.518169921756811,12.0,-0.000901860901895743,-0.0001519123197373462,-0.0001519123206906218,-0.0003039199689429086,0.001357662689950523,0.0001519123197373462
2,0.0034511000000008217,-3.027225374484539,-0.0009536675676606876,-12.0,1.512182176354103,12.0,-0.0009028996115815757,-0.0001513135843921764,-0.0001513135853458439,-0.0003027225374484539,0.001356905352994681,0.0001513135843921764
2,0.0034513000000008223,-3.015246279170949,-0.0009540580236977458,-12.0,1.506192043009348,12.0,-0.0009039381630732701,-0.0001507146101033046,-0.0001507146110573625,-0.0003015246279170949,0.001356147140911673,0.0001507146101033046
2,0.003451500000000822,-3.003262422404887,-0.0009544469841493708,-12.0,1.50019953118175,12.0,-0.0009049765542591404,-0.0001501153978165899,-0.0001501153987710369,-0.0003003262422404886,0.001355388054427226,0.0001501153978165899
2,0.003451700000000822,-2.991273823110474,-0.0009548344483814031,-12.0,1.49420465033432,12.0,-0.0009060147830296655,-0.0001495159484782702,-0.0001495159494331046,-0.0002991273823110474,0.00135462809427031,0.0001495159484782702
2,0.003451900000000822,-2.979280500219383,-0.0009552204157836641,-12.0,1.488207409933811,12.0,-0.0009070528472776979,-0.0001489162630349596,-0.00014891626399018,-0.0002979280500219383,0.001353867261173286,0.0001489162630349595
2,0.003452100000000822,-2.967282472670651,-0.0009556048857510824,-12.0,1.48220781945065,12.0,-0.0009080907448982545,-0.0001483163424336402,-0.000148316343389245,-0.0002967282472670652,0.00135310555587187,0.0001483163424336402
2,0.003452300000000822,-2.95527975941078,-0.0009559878576567149,-12.0,1.476205888359027,12.0,-0.0009091284737884897,-0.0001477161876216684,-0.0001477161885776562,-0.0002955279759410781,0.001352342979105137,0.0001477161876216684
2,0.003452500000000822,-2.943272379393727,-0.0009563693308967114,-12.0,1.470201626136825,12.0,-0.0009101660318480281,-0.0001471157995467722,-0.0001471158005031415,-0.0002943272379393727,0.001351579531615438,0.0001471157995467722
2,0.003452700000000823,-2.931260351580753,-0.0009567493048698861,-12.0,1.464195042265579,12.0,-0.0009112034169784233,-0.0001465151791570449,-0.0001465151801137942,-0.0002931260351580753,0.001350815214148732,0.0001465151791570449
2,0.003452900000000823,-2.919243694940413,-0.0009571277789729438,-12.0,1.458186146230469,12.0,-0.0009122406270837824,-0.0001459143274009443,-0.000145914328358072,-0.0002919243694940413,0.001350050027453864,0.0001459143274009442
2,0.003453100000000823,-2.907222428448702,-0.0009575047525808289,-12.0,1.452174947520432,12.0,-0.0009132776600702247,-0.0001453132452273014,-0.0001453132461848061,-0.0002907222428448702,0.001349283972283372,0.0001453132452273013
2,0.003453300000000823,-2.895196571088849,-0.0009578802251239971,-12.0,1.446161455627936,12.0,-0.0009143145138462566,-0.0001447119335853061,-0.0001447119345431863,-0.000289519657108885,0.001348517049393122,0.000144711933585306
2,0.003453500000000823,-2.883166141851235,-0.0009582541959909374,-12.0,1.440145680049089,12.0,-0.0009153511863226604,-0.0001441103934245081,-0.0001441103943827622,-0.0002883166141851235,0.001347749259542119,0.000144110393424508
2,0.0034537000000008228,-2.87113115973356,-0.0009586266645835728,-12.0,1.434127630283638,12.0,-0.0009163876754123002,-0.0001435086256948222,-0.0001435086266534488,-0.0002871131159733561,0.00134698060349292,0.0001435086256948222
2,0.0034539000000008233,-2.859091643740729,-0.0009589976303098213,-12.0,1.428107315834923,12.0,-0.0009174239790304684,-0.0001429066313465234,-0.0001429066323055209,-0.0002859091643740729,0.001346211082011245,0.0001429066313465233
2,0.003454100000000823,-2.84704761288473,-0.0009593670925910347,-12.0,1.422084746209808,12.0,-0.0009184600950946087,-0.0001423044113302399,-0.000142304412289607,-0.000284704761288473,0.001345440695866423,0.0001423044113302399
2,0.003454300000000824,-2.834999086184709,-0.0009597350508234737,-12.0,1.416059930918768,12.0,-0.0009194960215245518,-0.0001417019665969592,-0.0001417019675566943,-0.0002834999086184709,0.001344669445830615,0.0001417019665969592
2,0.003454500000000824,-2.822946082666968,-0.0009601015044270467,-12.0,1.410032879475829,12.0,-0.0009205317562422655,-0.0001410992980980256,-0.0001410992990581271,-0.0002822946082666968,0.001343897332679839,0.0001410992980980256
2,0.0034547000000008238,-2.810888621364795,-0.0009604664528282125,-12.0,1.40400360139849,12.0,-0.0009215672971720767,-0.0001404964067851319,-0.0001404964077455983,-0.0002810888621364795,0.001343124357193221,0.0001404964067851319
2,0.0034549000000008243,-2.798826721318541,-0.0009608298954313366,-12.0,1.397972106207825,12.0,-0.0009226026422405886,-0.0001398932936103257,-0.0001398932945711555,-0.0002798826721318541,0.001342350520153135,0.0001398932936103256
2,0.003455100000000824,-2.786760401575629,-0.0009611918316634327,-12.0,1.391938403428401,12.0,-0.0009236377893765274,-0.0001392899595260065,-0.0001392899604871983,-0.0002786760401575629,0.001341575822345481,0.0001392899595260065
2,0.003455300000000824,-2.774689681190373,-0.0009615522609569549,-12.0,1.385902502588228,12.0,-0.0009246727365111035,-0.0001386864054849185,-0.0001386864064464708,-0.0002774689681190373,0.001340800264559294,0.0001386864054849185
2,0.0034555000000008242,-2.762614579224086,-0.0009619111827212645,-12.0,1.37986441321885,12.0,-0.0009257074815777339,-0.0001380826324401571,-0.0001380826334020683,-0.0002762614579224086,0.001340023847586969,0.0001380826324401571
2,0.003455700000000824,-2.750535114744987,-0.000962268596405691,-12.0,1.373824144855199,12.0,-0.000926742022512056,-0.0001374786413451605,-0.0001374786423074291,-0.0002750535114744987,0.001339246572224423,0.0001374786413451605
2,0.003455900000000824,-2.738451306828185,-0.0009626245014191515,-12.0,1.367781707035719,12.0,-0.0009277763572520803,-0.0001368744331537138,-0.0001368744341163383,-0.0002738451306828185,0.001338468439270574,0.0001368744331537138
2,0.003456100000000825,-2.726363174555649,-0.0009629788972178588,-12.0,1.361737109302208,12.0,-0.0009288104837380518,-0.0001362700088199427,-0.0001362700097829215,-0.0002726363174555649,0.00133768944952789,0.0001362700088199426
2,0.003456300000000825,-2.714270737016154,-0.0009633317832188348,-12.0,1.355690361199931,12.0,-0.0009298443999125883,-0.000135665369298315,-0.0001356653702616468,-0.0002714270737016154,0.001336909603802089,0.000135665369298315
2,0.0034565000000008252,-2.70217401330535,-0.0009636831588669681,-12.0,1.349641472277543,12.0,-0.0009308781037204172,-0.000135060515543641,-0.0001350605165073242,-0.000270217401330535,0.001336128902902273,0.000135060515543641
2,0.003456700000000825,-2.69007302252556,-0.00096403302361181,-12.0,1.343590452087032,12.0,-0.0009319115931088334,-0.0001344554485110644,-0.0001344554494750975,-0.0002690073022525561,0.00133534734764057,0.0001344554485110644
2,0.003456900000000825,-2.67796778378588,-0.0009643813768824838,-12.0,1.337537310183802,12.0,-0.0009329448660271994,-0.0001338501691560685,-0.0001338501701204498,-0.000267796778378588,0.001334564938832855,0.0001338501691560685
2,0.003457100000000825,-2.665858316202167,-0.0009647282181289851,-12.0,1.331482056126608,12.0,-0.0009339779204273063,-0.0001332446784344737,-0.0001332446793992019,-0.0002665858316202167,0.001333781677298057,0.0001332446784344737
2,0.003457300000000825,-2.653744638896872,-0.000965073546809303,-12.0,1.325424699477487,12.0,-0.0009350107542632075,-0.0001326389773024296,-0.0001326389782675032,-0.0002653744638896873,0.001332997563858379,0.0001326389773024296
2,0.0034575000000008254,-2.641626770999122,-0.000965417362358667,-12.0,1.31936524980185,12.0,-0.0009360433654912736,-0.0001320330667164209,-0.0001320330676818382,-0.0002641626770999122,0.001332212599339466,0.0001320330667164209
2,0.003457700000000825,-2.629504731644724,-0.0009657596642352884,-12.0,1.313303716668412,12.0,-0.0009370757520702488,-0.0001314269476332648,-0.0001314269485990244,-0.0002629504731644724,0.001331426784570128,0.0001314269476332647
2,0.003457900000000826,-2.617378539975975,-0.0009661004519037064,-12.0,1.307240109649127,12.0,-0.0009381079119610419,-0.0001308206210101031,-0.0001308206219762036,-0.0002617378539975975,0.001330640120382698,0.0001308206210101031
2,0.003458100000000826,-2.60524821514179,-0.0009664397248030365,-12.0,1.301174438319293,12.0,-0.0009391398431270459,-0.0001302140878044097,-0.0001302140887708494,-0.000260524821514179,0.001329852607612508,0.0001302140878044097
2,0.003458300000000826,-2.593113776297591,-0.0009667774824151376,-12.0,1.295106712257398,12.0,-0.000940171543533902,-0.0001296073489739813,-0.0001296073499407588,-0.0002593113776297591,0.00132906424709836,0.0001296073489739813
2,0.0034585000000008264,-2.580975242605277,-0.0009671137241827887,-12.0,1.289036941045227,12.0,-0.0009412030111495273,-0.000129000405476941,-0.0001290004064440547,-0.0002580975242605277,0.001328275039682525,0.000129000405476941
2,0.003458700000000826,-2.568832633233291,-0.0009674484495779678,-12.0,1.282965134267794,12.0,-0.0009422342439442261,-0.0001283932582717372,-0.0001283932592391856,-0.0002568832633233291,0.00132748498621027,0.0001283932582717372
2,0.0034589000000008257,-2.556685967356418,-0.0009677816580764276,-12.0,1.276891301513277,12.0,-0.0009432652398906893,-0.0001277859083171354,-0.0001277859092849171,-0.0002556685967356418,0.001326694087530167,0.0001277859083171354
2,0.0034591000000008263,-2.544535264155877,-0.0009681133491342697,-12.0,1.270815452373104,12.0,-0.0009442959969637871,-0.0001271783565722238,-0.0001271783575403372,-0.0002544535264155877,0.001325902344494395,0.0001271783565722238
2,0.003459300000000826,-2.532380542819325,-0.0009684435222270249,-12.0,1.264737596441887,12.0,-0.0009453265131408595,-0.0001265706039964115,-0.0001265706049648549,-0.0002532380542819325,0.001325109757958076,0.0001265706039964114
2,0.003459500000000826,-2.520221822540676,-0.0009687721768397717,-12.0,1.258657743317356,12.0,-0.0009463567864014949,-0.0001259626515494196,-0.0001259626525181918,-0.0002520221822540676,0.001324316328779884,0.0001259626515494196
2,0.003459700000000827,-2.508059122520206,-0.0009690993124307212,-12.0,1.252575902600464,12.0,-0.0009473868147277104,-0.0001253545001912894,-0.0001253545011603888,-0.0002508059122520206,0.001323522057821463,0.0001253545001912894
2,0.0034599000000008267,-2.495892461964462,-0.0009694249285000511,-12.0,1.246492083895232,12.0,-0.0009484165961037433,-0.0001247461508823732,-0.0001247461518517981,-0.0002495892461964462,0.001322726945948177,0.0001247461508823732
2,0.0034601000000008273,-2.483721860086253,-0.0009697490245078599,-12.0,1.240406296808874,12.0,-0.0009494461285163291,-0.0001241376045833383,-0.0001241376055530873,-0.0002483721860086253,0.001321930994028303,0.0001241376045833382
2,0.003460300000000827,-2.471547336104606,-0.0009700715999604315,-12.0,1.234318550951647,12.0,-0.0009504754099544377,-0.0001235288622551607,-0.0001235288632252323,-0.0002471547336104606,0.001321134202933588,0.0001235288622551607
2,0.003460500000000827,-2.459368909244721,-0.0009703926543248587,-12.0,1.228228855936947,12.0,-0.0009515044384093702,-0.0001229199248591272,-0.0001229199258295198,-0.0002459368909244721,0.001320336573538944,0.0001229199248591272
2,0.003460700000000827,-2.447186598738039,-0.0009707121870973223,-12.0,1.222137221381252,12.0,-0.0009525332118749952,-0.0001223107933568349,-0.0001223107943275471,-0.000244718659873804,0.00131953810672264,0.0001223107933568349
2,0.003460900000000827,-2.435000423822038,-0.000971030197777889,-12.0,1.21604365690405,12.0,-0.0009535617283472075,-0.0001217014687101828,-0.000121701469681213,-0.0002435000423822038,0.001318738803366248,0.0001217014687101828
2,0.003461100000000827,-2.422810403740327,-0.0009713466858457531,-12.0,1.209948172127928,12.0,-0.0009545899858245249,-0.0001210919518813774,-0.0001210919528527241,-0.0002422810403740327,0.001317938664354534,0.0001210919518813774
2,0.003461300000000827,-2.410616557742651,-0.0009716616508019804,-12.0,1.203850776678506,12.0,-0.0009556179823076993,-0.0001204822438329308,-0.0001204822448045925,-0.0002410616557742651,0.00131713769057562,0.0001204822438329308
2,0.003461500000000828,-2.398418905084706,-0.0009719750921551862,-12.0,1.197751480184369,12.0,-0.0009566457157999392,-0.0001198723455276524,-0.0001198723464996275,-0.0002398418905084706,0.001316335882920766,0.0001198723455276524
2,0.003461700000000828,-2.386217465028226,-0.0009722870093911151,-12.0,1.191650292277156,12.0,-0.0009576731843067149,-0.0001192622579286548,-0.0001192622589009418,-0.0002386217465028226,0.001315533242284728,0.0001192622579286548
2,0.003461900000000828,-2.374012256840992,-0.0009725974020191597,-12.0,1.185547222591494,12.0,-0.0009587003858359394,-0.0001186519819993513,-0.0001186519829719487,-0.0002374012256840993,0.001314729769565315,0.0001186519819993513
2,0.003462100000000828,-2.361803299796638,-0.0009729062695534862,-12.0,1.179442280764926,12.0,-0.0009597273183978988,-0.000118041518703448,-0.0001180415196763542,-0.0002361803299796638,0.001313925465663612,0.000118041518703448
2,0.003462300000000828,-2.349590613174754,-0.0009732136114890544,-12.0,1.173335476438008,12.0,-0.0009607539800052245,-0.0001174308690049497,-0.0001174308699781633,-0.0002349590613174754,0.001313120331484119,0.0001174308690049497
2,0.0034625000000008278,-2.337374216260877,-0.0009735194273408077,-12.0,1.167226819254233,12.0,-0.0009617803686728793,-0.0001168200338681574,-0.0001168200348416768,-0.0002337374216260877,0.001312314367934581,0.0001168200338681574
2,0.0034627000000008283,-2.325154128346337,-0.0009738237166282415,-12.0,1.161116318859989,12.0,-0.0009628064824183657,-0.0001162090142576617,-0.0001162090152314854,-0.0002325154128346337,0.001311507575925797,0.0001162090142576617
2,0.003462900000000828,-2.312930368728242,-0.0009741264788680759,-12.0,1.155003984904554,12.0,-0.0009638323192614623,-0.0001155978111383423,-0.0001155978121124687,-0.0002312930368728242,0.00131069995637198,0.0001155978111383422
2,0.003463100000000828,-2.300702956709636,-0.0009744277135550483,-12.0,1.148889827040208,12.0,-0.000964857877224265,-0.0001149864254753764,-0.000114986426449804,-0.0002300702956709636,0.001309891510190647,0.0001149864254753763
2,0.003463300000000829,-2.288471911599284,-0.0009747274202411838,-12.0,1.142773854922006,12.0,-0.0009658831543314234,-0.0001143748582342247,-0.0001143748592089521,-0.0002288471911599284,0.00130908223830245,0.0001143748582342247
2,0.0034635000000008288,-2.276237252711583,-0.0009750255984336542,-12.0,1.136656078207885,12.0,-0.0009669081486098213,-0.0001137631103806319,-0.0001137631113556575,-0.0002276237252711583,0.001308272141631428,0.0001137631103806319
2,0.0034637000000008293,-2.263998999366748,-0.000975322247656174,-12.0,1.130536506558667,12.0,-0.0009679328580888408,-0.0001131511828806324,-0.0001131511838559546,-0.0002263998999366749,0.001307461221104728,0.0001131511828806324
2,0.003463900000000829,-2.251757170890677,-0.0009756173674370094,-12.0,1.124415149638009,12.0,-0.0009689572808002922,-0.0001125390767005446,-0.000112539077676162,-0.0002251757170890677,0.001306649477652772,0.0001125390767005446
2,0.003464100000000829,-2.239511786614837,-0.0009759109573171942,-12.0,1.118292017112333,12.0,-0.0009699814147782343,-0.0001119267928069651,-0.000111926793782876,-0.0002239511786614837,0.001305836912209452,0.000111926792806965
2,0.003464300000000829,-2.227262865876342,-0.0009762030168141145,-12.0,1.11216711865092,12.0,-0.0009710052580592654,-0.0001113143321667734,-0.0001113143331429764,-0.0002227262865876342,0.001305023525711518,0.0001113143321667734
2,0.003464500000000829,-2.215010428017949,-0.0009764935454683599,-12.0,1.106040463925837,12.0,-0.0009720288086823431,-0.0001107016957471305,-0.0001107016967236241,-0.000221501042801795,0.001304209319099248,0.0001107016957471305
2,0.003464700000000829,-2.202754492387876,-0.0009767825428266264,-12.0,1.099912062611873,12.0,-0.0009730520646888396,-0.00011008888451547,-0.0001100888854922525,-0.0002202754492387876,0.001303394293316079,0.0001100888845154699
2,0.00346490000000083,-2.1904950783399,-0.0009770700084142936,-12.0,1.093781924386628,12.0,-0.0009740750241225699,-0.0001094758994395043,-0.0001094759004165743,-0.00021904950783399,0.001302578449308645,0.0001094758994395043
2,0.00346510000000083,-2.178232205233345,-0.0009773559417787236,-12.0,1.087650058930445,12.0,-0.0009750976850296383,-0.0001088627414872224,-0.0001088627424645783,-0.0002178232205233346,0.001301761788026934,0.0001088627414872224
2,0.00346530000000083,-2.165965892432935,-0.0009776403424701652,-12.0,1.081516475926359,12.0,-0.0009761200454587032,-0.0001082494116268829,-0.0001082494126045233,-0.0002165965892432935,0.001300944310424088,0.0001082494116268829
2,0.00346550000000083,-2.153696159308777,-0.0009779232100380897,-12.0,1.075381185060099,12.0,-0.0009771421034608235,-0.0001076359108270137,-0.000107635911804937,-0.0002153696159308778,0.001300126017456493,0.0001076359108270137
2,0.00346570000000083,-2.141423025236512,-0.000978204544008543,-12.0,1.069244196020197,12.0,-0.000978163857089459,-0.0001070222400564206,-0.0001070222410346252,-0.0002141423025236512,0.001299306910083661,0.0001070222400564206
2,0.00346590000000083,-2.129146509597104,-0.0009784843439643032,-12.0,1.063105518497762,12.0,-0.000979185304400415,-0.0001064084002841727,-0.000106408401262657,-0.0002129146509597105,0.001298486989268599,0.0001064084002841727
2,0.00346610000000083,-2.116866631776738,-0.0009787626094494017,-12.0,1.056965162186569,12.0,-0.0009802064434520363,-0.0001057943924796018,-0.0001057943934583644,-0.0002116866631776738,0.001297666255977284,0.0001057943924796018
2,0.0034663000000008303,-2.104583411167084,-0.0009790393400015418,-12.0,1.050823136783146,12.0,-0.0009812272723050547,-0.0001051802176123148,-0.0001051802185913541,-0.0002104583411167084,0.001296844711179052,0.0001051802176123148
2,0.00346650000000083,-2.092296867165037,-0.0009793145352099408,-12.0,1.044679451986558,12.0,-0.0009822477890227138,-0.0001045658766521768,-0.0001045658776314914,-0.0002092296867165037,0.001296022355846374,0.0001045658766521768
2,0.003466700000000831,-2.080007019172612,-0.0009795881946259577,-12.0,1.038534117498485,12.0,-0.00098326799167045,-0.0001039513705693111,-0.0001039513715488993,-0.0002080007019172612,0.001295199190955124,0.0001039513705693111
2,0.003466900000000831,-2.067713886597228,-0.000979860317794179,-12.0,1.032387143023319,12.0,-0.0009842878783164616,-0.0001033367003341114,-0.0001033367013139717,-0.0002067713886597228,0.001294375217484114,0.0001033367003341114
2,0.003467100000000831,-2.055417488851427,-0.0009801309043113715,-12.0,1.026238538267938,12.0,-0.0009853074470311252,-0.0001027218669172249,-0.0001027218678973558,-0.0002055417488851427,0.001293550436415672,0.0001027218669172249
2,0.0034673000000008313,-2.043117845352815,-0.000980399953732669,-12.0,1.020088312941809,12.0,-0.0009863266958874128,-0.0001021068712895541,-0.0001021068722699541,-0.0002043117845352815,0.001292724848735133,0.0001021068712895541
2,0.003467500000000831,-2.030814975524221,-0.000980667465626861,-12.0,1.013936476756995,12.0,-0.0009873456229607114,-0.0001014917144222622,-0.0001014917154029297,-0.0002030814975524221,0.001291898455431109,0.0001014917144222622
2,0.003467700000000831,-2.018508898793582,-0.0009809334395686209,-12.0,1.007783039428104,12.0,-0.0009883642263288223,-0.0001008763972867673,-0.0001008763982677007,-0.0002018508898793582,0.001291071257495474,0.0001008763972867673
2,0.0034679000000008313,-2.006199634593829,-0.000981197875145834,-12.0,1.001628010672217,12.0,-0.0009893825040719895,-0.0001002609208547363,-0.0001002609218359342,-0.0002006199634593829,0.001290243255923154,0.0001002609208547363
2,0.003468100000000831,-1.993887202362947,-0.0009814607719220714,-12.0,0.9954714002089828,12.0,-0.0009904004542729827,-9.964528609809052e-05,-9.964528707955128e-05,-0.0001993887202362948,0.0012894144517126,9.964528609809049e-05
2,0.003468300000000831,-1.98157162154399,-0.0009817221294845524,-12.0,0.9893132177605469,12.0,-0.000991418075016945,-9.902949398900316e-05,-9.902949497072529e-05,-0.000198157162154399,0.001288584845865123,9.902949398900315e-05
2,0.003468500000000832,-1.969252911584887,-0.0009819819474259361,-12.0,0.983153473051485,12.0,-0.0009924353643915307,-9.841354549989112e-05,-9.841354648187305e-05,-0.0001969252911584887,0.001287754439385447,9.84135454998911e-05
2,0.003468700000000832,-1.956931091938544,-0.0009822402253184537,-12.0,0.9769921758088922,12.0,-0.000993452320486879,-9.779744160342107e-05,-9.779744258566127e-05,-0.0001956931091938544,0.001286923233281362,9.779744160342107e-05
2,0.0034689000000008323,-1.944606182062837,-0.0009824969627556523,-12.0,0.9708293357623154,12.0,-0.000994468941395446,-9.718118327250712e-05,-9.71811842550041e-05,-0.0001944606182062837,0.001286091228564101,9.718118327250712e-05
2,0.003469100000000832,-1.932278201420452,-0.0009827521593344102,-12.0,0.9646649626437027,12.0,-0.0009954852252124363,-9.656477148030375e-05,-9.656477246305589e-05,-0.0001932278201420452,0.001285258426247687,9.656477148030372e-05
2,0.003469300000000832,-1.919947169478903,-0.0009830058146466092,-12.0,0.9584990661874233,12.0,-0.000996501170035205,-9.594820720020702e-05,-9.59482081832128e-05,-0.0001919947169478903,0.00128442482734975,9.5948207200207e-05
2,0.003469500000000832,-1.907613105710577,-0.0009832579282813558,-12.0,0.9523316561302868,12.0,-0.000997516773963772,-9.533149140585684e-05,-9.533149238911476e-05,-0.0001907613105710577,0.001283590432891002,9.533149140585681e-05
2,0.003469700000000832,-1.895276029592675,-0.000983508499839636,-12.0,0.9461627422114929,12.0,-0.0009985320351006133,-9.471462507113328e-05,-9.471462605464176e-05,-0.0001895276029592675,0.001282755243895123,9.471462507113326e-05
2,0.003469900000000832,-1.882935960607079,-0.0009837575289335376,-12.0,0.9399923341725638,12.0,-0.0009995469515506478,-9.409760917014974e-05,-9.409761015390727e-05,-0.0001882935960607079,0.001281919261389222,9.409760917014974e-05
2,0.003470100000000832,-1.870592918240419,-0.000984005015150613,-12.0,0.9338204417574335,12.0,-0.001000561521421264,-9.348044467725844e-05,-9.348044566126343e-05,-0.0001870592918240419,0.001281082486403587,9.348044467725841e-05
2,0.003470300000000833,-1.858246921984087,-0.0009842509581027281,-12.0,0.92764707471238,12.0,-0.001001575742822364,-9.286313256704828e-05,-9.28631335512992e-05,-0.0001858246921984087,0.001280244919971585,9.286313256704828e-05
2,0.003470500000000833,-1.845897991334044,-0.0009844953574073,-12.0,0.9214722427859576,12.0,-0.001002589613866345,-9.224567381433653e-05,-9.224567479883187e-05,-0.0001845897991334044,0.00127940656312979,9.22456738143365e-05
2,0.003470700000000833,-1.833546145790919,-0.0009847382126607629,-12.0,0.9152959557290863,12.0,-0.001003603132668049,-9.16280693941747e-05,-9.162807037891293e-05,-0.0001833546145790919,0.001278567416918064,9.16280693941747e-05
2,0.003470900000000833,-1.821191404860002,-0.0009849795234815328,-12.0,0.9091182232949837,12.0,-0.001004616297344843,-9.101032028184655e-05,-9.101032126682603e-05,-0.0001821191404860002,0.001277727482379309,9.101032028184653e-05
2,0.003471100000000833,-1.808833788051066,-0.0009852192894947986,-12.0,0.9029390552390977,12.0,-0.001005629106016537,-9.039242745285928e-05,-9.039242843807856e-05,-0.0001808833788051066,0.001276886760559717,9.039242745285925e-05
2,0.0034713000000008327,-1.796473314878455,-0.0009854575103044327,-12.0,0.8967584613191958,12.0,-0.001006641556805521,-8.977439188295005e-05,-8.977439286840752e-05,-0.0001796473314878455,0.001276045252508587,8.977439188295003e-05
2,0.0034715000000008333,-1.784110004861084,-0.0009856941855358459,-12.0,0.8905764512952964,12.0,-0.001007653647836629,-8.915621454808322e-05,-8.915621553377742e-05,-0.0001784110004861084,0.00127520295927841,8.915621454808322e-05
2,0.003471700000000833,-1.771743877522258,-0.0009859293148222203,-12.0,0.8843930349296025,12.0,-0.001008665377237219,-8.853789642444248e-05,-8.853789741037179e-05,-0.0001771743877522258,0.001274359881924841,8.853789642444248e-05
2,0.003471900000000833,-1.759374952389783,-0.0009861628977700931,-12.0,0.8782082219866076,12.0,-0.001009676743137081,-8.791943848843776e-05,-8.791943947460067e-05,-0.0001759374952389783,0.001273516021506757,8.791943848843778e-05
2,0.003472100000000834,-1.747003248995868,-0.000986394934029633,-12.0,0.8720220222329405,12.0,-0.001010687743668651,-8.730084171669701e-05,-8.730084270309194e-05,-0.0001747003248995869,0.00127267137908614,8.730084171669701e-05
2,0.0034723000000008337,-1.734628786877089,-0.0009866254232119287,-12.0,0.8658344454374723,12.0,-0.001011698376966713,-8.668210708606844e-05,-8.668210807269385e-05,-0.0001734628786877089,0.001271825955728209,8.668210708606843e-05
2,0.0034725000000008343,-1.722251585574458,-0.000986854364957379,-12.0,0.8596455013712491,12.0,-0.001012708641168675,-8.606323557362065e-05,-8.606323656047502e-05,-0.0001722251585574458,0.001270979752501261,8.606323557362065e-05
2,0.003472700000000834,-1.709871664633211,-0.0009870817589097136,-12.0,0.8534551998074233,12.0,-0.00101371853441444,-8.544422815663332e-05,-8.544422914371509e-05,-0.0001709871664633211,0.001270132770476814,8.54442281566333e-05
2,0.003472900000000834,-1.697489043602941,-0.000987307604689014,-12.0,0.8472635505213609,12.0,-0.001014728054846412,-8.482508581260499e-05,-8.48250867999126e-05,-0.0001697489043602941,0.001269285010729509,8.4825085812605e-05
2,0.003473100000000834,-1.685103742037481,-0.000987531901956773,-12.0,0.8410705632904862,12.0,-0.00101573720060949,-8.420580951924435e-05,-8.420581050677623e-05,-0.0001685103742037481,0.00126843647433722,8.42058095192443e-05
2,0.003473300000000834,-1.672715779494883,-0.0009877546503374024,-12.0,0.8348762478943892,12.0,-0.001016745969851129,-8.358640025447267e-05,-8.35864012422273e-05,-0.0001672715779494883,0.001267587162380915,8.358640025447267e-05
2,0.003473500000000834,-1.660325175537478,-0.0009879758494828472,-12.0,0.8286806141147565,12.0,-0.001017754360721324,-8.296685899642394e-05,-8.296685998439978e-05,-0.0001660325175537478,0.001266737075944657,8.296685899642394e-05
2,0.003473700000000834,-1.647931949731669,-0.0009881954990498265,-12.0,0.8224836717353048,12.0,-0.001018762371372495,-8.234718672343548e-05,-8.234718771163096e-05,-0.0001647931949731669,0.001265886216115869,8.234718672343546e-05
2,0.003473900000000835,-1.635536121648056,-0.0009884135986699683,-12.0,0.816285430541887,12.0,-0.001019769999959744,-8.17273844140557e-05,-8.17273854024693e-05,-0.0001635536121648056,0.001265034583984845,8.17273844140557e-05
2,0.003474100000000835,-1.623137710861331,-0.0009886301480180881,-12.0,0.8100859003223368,12.0,-0.001020777244640642,-8.110745304703551e-05,-8.110745403566564e-05,-0.0001623137710861331,0.00126418218064521,8.11074530470355e-05
2,0.003474300000000835,-1.610736736950245,-0.000988845146729811,-12.0,0.8038850908665761,12.0,-0.00102178410357523,-8.048739360133061e-05,-8.048739459017574e-05,-0.0001610736736950245,0.001263329007193753,8.04873936013306e-05
2,0.003474500000000835,-1.598333219497676,-0.0009890585944700714,-12.0,0.7976830119665472,12.0,-0.001022790574926158,-7.986720705610173e-05,-7.986720804516032e-05,-0.0001598333219497677,0.001262475064730303,7.986720705610173e-05
2,0.003474700000000835,-1.585927178090421,-0.000989270490907912,-12.0,0.7914796734161439,12.0,-0.001023796656858589,-7.92468943907052e-05,-7.924689537997567e-05,-0.0001585927178090421,0.001261620354357867,7.924689439070518e-05
2,0.003474900000000835,-1.573518632319294,-0.000989480835690948,-12.0,0.7852750850113023,12.0,-0.001024802347540252,-7.862645658469932e-05,-7.862645757418015e-05,-0.0001573518632319294,0.001260764877182685,7.862645658469933e-05
2,0.0034751000000008353,-1.561107601779125,-0.000989689628489554,-12.0,0.7790692565499318,12.0,-0.001025807645141374,-7.800589461784214e-05,-7.800589560753178e-05,-0.0001561107601779125,0.001259908634313925,7.800589461784214e-05
2,0.003475300000000835,-1.548694106068576,-0.0009898968689813215,-12.0,0.7728621978318474,12.0,-0.001026812547834793,-7.738520947008289e-05,-7.738521045997976e-05,-0.0001548694106068576,0.001259051626864113,7.738520947008287e-05
2,0.003475500000000836,-1.536278164790234,-0.000990102556820971,-12.0,0.7666539186588599,12.0,-0.001027817053795829,-7.676440212156811e-05,-7.676440311167066e-05,-0.0001536278164790234,0.001258193855948803,7.676440212156808e-05
2,0.003475700000000836,-1.523859797550607,-0.0009903066916864267,-12.0,0.7604444288347068,12.0,-0.001028821161202426,-7.614347355263933e-05,-7.614347454294604e-05,-0.0001523859797550607,0.001257335322686598,7.614347355263933e-05
2,0.003475900000000836,-1.511439023959942,-0.0009905092732621634,-12.0,0.7542337381649851,12.0,-0.00102982486823501,-7.552242474382473e-05,-7.552242573433402e-05,-0.0001511439023959942,0.001256476028199463,7.552242474382473e-05
2,0.0034761000000008363,-1.49901586363232,-0.0009907103012109508,-12.0,0.7480218564572407,12.0,-0.001030828173076648,-7.490125667584518e-05,-7.490125766655547e-05,-0.000149901586363232,0.001255615973612276,7.490125667584518e-05
2,0.003476300000000836,-1.48659033618565,-0.0009909097752177631,-12.0,0.7418087935209003,12.0,-0.001031831073912873,-7.427997032961182e-05,-7.42799713205216e-05,-0.000148659033618565,0.001254755160053134,7.427997032961181e-05
2,0.003476500000000836,-1.474162461241508,-0.0009911076949708497,-12.0,0.7355945591672207,12.0,-0.001032833568931857,-7.365856668621917e-05,-7.365856767732686e-05,-0.0001474162461241508,0.001253893588653188,7.365856668621915e-05
2,0.0034767000000008362,-1.461732258425157,-0.0009913040601527978,-12.0,0.7293791632093087,12.0,-0.00103383565632427,-7.303704672694616e-05,-7.303704771825021e-05,-0.0001461732258425157,0.001253031260546864,7.303704672694615e-05
2,0.003476900000000836,-1.449299747365591,-0.0009914988704444738,-12.0,0.7231626154621402,12.0,-0.001034837334283445,-7.241541143325848e-05,-7.241541242475734e-05,-0.0001449299747365591,0.001252168176871488,7.241541143325848e-05
2,0.003477100000000836,-1.436864947695477,-0.0009916921255379019,-12.0,0.7169449257425105,12.0,-0.001035838601005173,-7.179366178680482e-05,-7.179366277849697e-05,-0.0001436864947695478,0.001251304338767731,7.179366178680485e-05
2,0.003477300000000837,-1.424427879051015,-0.0009918838251359863,-12.0,0.7107261038689651,12.0,-0.001036839454687924,-7.117179876941011e-05,-7.117179976129393e-05,-0.0001424427879051015,0.001250439747379178,7.117179876941011e-05
2,0.003477500000000837,-1.411988561072014,-0.0009920739689180391,-12.0,0.7045061596618901,12.0,-0.001037839893532649,-7.054982336308083e-05,-7.054982435515478e-05,-0.0001411988561072014,0.001249574403852663,7.054982336308082e-05
2,0.0034777000000008372,-1.399547013401901,-0.0009922625565870757,-12.0,0.6982851029434443,12.0,-0.00103883991574294,-6.992773655000315e-05,-6.992773754226569e-05,-0.0001399547013401901,0.001248708309338098,6.992773655000313e-05
2,0.003477900000000837,-1.387103255687528,-0.0009924495878524398,-12.0,0.6920629435374896,12.0,-0.001039839519524938,-6.930553931253421e-05,-6.930554030498379e-05,-0.0001387103255687528,0.001247841464988422,6.930553931253421e-05
2,0.003478100000000837,-1.374657307579271,-0.0009926350624009928,-12.0,0.6858396912696831,12.0,-0.001040838703087396,-6.868323263320843e-05,-6.868323362584348e-05,-0.0001374657307579271,0.001246973871959808,6.868323263320841e-05
2,0.003478300000000837,-1.362209188731023,-0.0009928189799430776,-12.0,0.6796153559674072,12.0,-0.001041837464641635,-6.806081749473504e-05,-6.806081848755401e-05,-0.0001362209188731023,0.001246105531411482,6.806081749473503e-05
2,0.003478500000000837,-1.349758918800016,-0.0009930013401953097,-12.0,0.6733899474597015,12.0,-0.00104283580240154,-6.74382948799897e-05,-6.743829587299102e-05,-0.0001349758918800016,0.001245236444505679,6.743829487998969e-05
2,0.003478700000000837,-1.337306517446908,-0.0009931821428526,-12.0,0.6671634755773534,12.0,-0.001043833714583629,-6.68156657720206e-05,-6.681566676520276e-05,-0.0001337306517446908,0.001244366612407913,6.68156657720206e-05
2,0.003478900000000837,-1.324852004335784,-0.0009933613876323966,-12.0,0.6609359501528296,12.0,-0.001044831199407015,-6.61929311540462e-05,-6.619293214740758e-05,-0.0001324852004335784,0.001243496036286651,6.61929311540462e-05
2,0.003479100000000838,-1.312395399133996,-0.0009935390742546457,-12.0,0.6547073810202253,12.0,-0.001045828255093348,-6.557009200944799e-05,-6.557009300298708e-05,-0.0001312395399133996,0.001242624717313526,6.557009200944799e-05
2,0.003479300000000838,-1.299936721512152,-0.000993715202438794,-12.0,0.6484777780152657,12.0,-0.001046824879866938,-6.494714932177047e-05,-6.494715031548564e-05,-0.0001299936721512152,0.00124175265666325,6.494714932177046e-05
2,0.003479500000000838,-1.287475991144267,-0.000993889771880363,-12.0,0.6422471509754152,12.0,-0.001047821071954669,-6.432410407472958e-05,-6.432410506861935e-05,-0.0001287475991144267,0.001240879855513549,6.432410407472955e-05
2,0.003479700000000838,-1.275013227707553,-0.0009940627823332715,-12.0,0.6360155097396489,12.0,-0.001048816829586026,-6.370095725219823e-05,-6.370095824626102e-05,-0.0001275013227707554,0.001240006315045422,6.370095725219822e-05
2,0.003479900000000838,-1.262548450882303,-0.000994234233510416,-12.0,0.6297828641485437,12.0,-0.001049812150993111,-6.30777098382054e-05,-6.307771083243963e-05,-0.0001262548450882303,0.001239132036442769,6.30777098382054e-05
2,0.0034801000000008377,-1.250081680352179,-0.0009944041251200852,-12.0,0.6235492240443681,12.0,-0.001050807034410614,-6.245436281694883e-05,-6.245436381135295e-05,-0.0001250081680352179,0.001238257020892683,6.245436281694882e-05
2,0.0034803000000008383,-1.237612935803924,-0.0009945724569214165,-12.0,0.6173145992708554,12.0,-0.001051801478075882,-6.183091717277769e-05,-6.183091816735014e-05,-0.0001237612935803924,0.00123738126958528,6.183091717277769e-05
2,0.003480500000000838,-1.225142236927305,-0.0009947392286322465,-12.0,0.6110789996733118,12.0,-0.001052795480228852,-6.12073738901944e-05,-6.120737488493363e-05,-0.0001225142236927305,0.00123650478371376,6.120737389019441e-05
2,0.003480700000000838,-1.212669603415276,-0.0009949044399839013,-12.0,0.6048424350986176,12.0,-0.001053789039111991,-6.058373395386016e-05,-6.058373494876458e-05,-0.0001212669603415276,0.001235627564474484,6.058373395386014e-05
2,0.003480900000000839,-1.200195054963861,-0.0009950680907150344,-12.0,0.5986049153951771,12.0,-0.001054782152970543,-5.995999834858922e-05,-5.995999934365731e-05,-0.0001200195054963861,0.001234749613066799,5.995999834858922e-05
2,0.0034811000000008387,-1.187718611272032,-0.0009952301805759012,-12.0,0.5923664504128503,12.0,-0.001055774820052265,-5.933616805934262e-05,-5.93361690545728e-05,-0.0001187718611272032,0.001233870930693159,5.933616805934262e-05
2,0.0034813000000008393,-1.175240292041778,-0.0009953907092929426,-12.0,0.5861270500030425,12.0,-0.001056767038607562,-5.871224407123355e-05,-5.871224506662426e-05,-0.0001175240292041778,0.001232991518559101,5.871224407123354e-05
2,0.003481500000000839,-1.162760116978114,-0.000995549676616081,-12.0,0.5798867240186361,12.0,-0.001057758806889478,-5.808822736952522e-05,-5.808822836507489e-05,-0.0001162760116978114,0.00123211137787315,5.808822736952522e-05
2,0.003481700000000839,-1.150278105788892,-0.0009957070823017888,-12.0,0.5736454823139223,12.0,-0.001058750123153644,-5.746411893962242e-05,-5.746411993532949e-05,-0.0001150278105788892,0.001231230509847074,5.746411893962241e-05
2,0.003481900000000839,-1.137794278184897,-0.0009958629260850005,-12.0,0.5674033347446915,12.0,-0.001059740985658357,-5.683991976707765e-05,-5.683992076294058e-05,-0.0001137794278184897,0.001230348915695553,5.683991976707765e-05
2,0.003482100000000839,-1.125308653879839,-0.000996017207722244,-12.0,0.5611602911681642,12.0,-0.001060731392664577,-5.621563083758864e-05,-5.621563183360585e-05,-0.0001125308653879839,0.001229466596636364,5.621563083758865e-05
2,0.003482300000000839,-1.112821252590203,-0.0009961699269739888,-12.0,0.554916361442941,12.0,-0.001061721342435845,-5.559125313699152e-05,-5.559125413316143e-05,-0.0001112821252590203,0.001228583553890342,5.559125313699149e-05
2,0.003482500000000839,-1.100332094035226,-0.0009963210835990388,-12.0,0.5486715554290035,12.0,-0.001062710833238348,-5.496678765126026e-05,-5.496678864758134e-05,-0.0001100332094035226,0.001227699788681459,5.496678765126026e-05
2,0.00348270000000084,-1.087841197937059,-0.0009964706773328835,-12.0,0.5424258829878237,12.0,-0.001063699863340914,-5.434223536651566e-05,-5.434223636298634e-05,-0.000108784119793706,0.001226815302236652,5.434223536651566e-05
2,0.00348290000000084,-1.075348584020552,-0.0009966187079689104,-12.0,0.5361793539821355,12.0,-0.001064688431015072,-5.371759726901045e-05,-5.371759826562916e-05,-0.0001075348584020552,0.001225930095785907,5.371759726901044e-05
2,0.00348310000000084,-1.062854272013136,-0.0009967651752604278,-12.0,0.5299319782760255,12.0,-0.001065676534534918,-5.309287434512859e-05,-5.309287534189376e-05,-0.0001062854272013136,0.00122504417056233,5.30928743451286e-05
2,0.00348330000000084,-1.050358281645112,-0.0009969100789548602,-12.0,0.5236837657350233,12.0,-0.001066664172177233,-5.246806758139782e-05,-5.246806857830788e-05,-0.0001050358281645113,0.001224157527802056,5.246806758139781e-05
2,0.00348350000000084,-1.037860632649371,-0.0009970534188514235,-12.0,0.517434726225874,12.0,-0.001067651342221469,-5.184317796447256e-05,-5.184317896152596e-05,-0.0001037860632649371,0.001223270168744212,5.184317796447256e-05
2,0.0034837000000008398,-1.025361344761321,-0.0009971951947079782,-12.0,0.5111848696166464,12.0,-0.001068638042949668,-5.121820648113544e-05,-5.121820747833063e-05,-0.0001025361344761321,0.001222382094631061,5.121820648113544e-05
2,0.0034839000000008403,-1.012860437719065,-0.0009973354062957074,-12.0,0.504934205776735,12.0,-0.001069624272646584,-5.059315411830308e-05,-5.059315511563848e-05,-0.0001012860437719065,0.001221493306707865,5.059315411830308e-05
2,0.00348410000000084,-1.000357931263276,-0.0009974740533927884,-12.0,0.4986827445768085,12.0,-0.0010706100295996,-4.996802186302012e-05,-4.996802286049418e-05,-0.0001000357931263276,0.001220603806222922,4.996802186302013e-05
2,0.003484300000000841,-0.987853845137075,-0.000997611135789278,-12.0,0.4924304958887422,12.0,-0.0010715953120988,-4.934281070245314e-05,-4.934281170006428e-05,-9.87853845137075e-05,0.001219713594427546,4.934281070245315e-05
2,0.003484500000000841,-0.9753481990861044,-0.0009977466532518076,-12.0,0.486177469585708,12.0,-0.001072580118436875,-4.871752162389597e-05,-4.871752262164263e-05,-9.753481990861044e-05,0.001218822672576135,4.871752162389598e-05
2,0.0034847000000008408,-0.9628410128585329,-0.000997880605569934,-12.0,0.4799236755421055,12.0,-0.001073564446909224,-4.809215561476755e-05,-4.809215661264815e-05,-9.62841012858533e-05,0.001217931041926121,4.809215561476755e-05
2,0.0034849000000008413,-0.9503323062048681,-0.0009980129925401537,-12.0,0.4736691236334939,12.0,-0.001074548295813882,-4.746671366260341e-05,-4.746671466061639e-05,-9.503323062048682e-05,0.00121703870373794,4.746671366260341e-05
2,0.003485100000000841,-0.9378220988780509,-0.0009981438139369248,-12.0,0.4674138237366818,12.0,-0.001075531663451562,-4.684119675506188e-05,-4.68411977532057e-05,-9.37822098878051e-05,0.001216145659275074,4.684119675506188e-05
2,0.003485300000000841,-0.9253104106334514,-0.0009982730695570763,-12.0,0.4611577857296595,12.0,-0.001076514548125705,-4.621560587992166e-05,-4.621560687819471e-05,-9.253104106334515e-05,0.001215251909803997,4.621560587992166e-05
2,0.0034855000000008412,-0.9127972612286881,-0.0009984007592045985,-12.0,0.4549010194915296,12.0,-0.001077496948142326,-4.558994202507341e-05,-4.558994302347418e-05,-9.127972612286881e-05,0.001214357456594276,4.558994202507342e-05
2,0.003485700000000841,-0.9002826704237409,-0.0009985268826576132,-12.0,0.4486435349026152,12.0,-0.001078478861810207,-4.496420617852729e-05,-4.496420717705416e-05,-9.00282670423741e-05,0.001213462300918462,4.496420617852728e-05
2,0.003485900000000841,-0.8877666579808471,-0.0009986514397372637,-12.0,0.4423853418443032,12.0,-0.00107946028744077,-4.433839932840405e-05,-4.43384003270555e-05,-8.87766657980847e-05,0.001212566444052127,4.433839932840405e-05
2,0.003486100000000842,-0.875249243664495,-0.0009987744302220047,-12.0,0.4361264501991702,12.0,-0.001080441223348126,-4.371252246293923e-05,-4.371252346171365e-05,-8.75249243664495e-05,0.001211669887273871,4.371252246293922e-05
2,0.003486300000000842,-0.8627304472413868,-0.0009988958539400294,-12.0,0.4298668698508249,12.0,-0.00108142166784906,-4.308657657047649e-05,-4.308657756937234e-05,-8.627304472413869e-05,0.001210772631865295,4.30865765704765e-05
2,0.0034865000000008422,-0.8502102884803817,-0.000999015710677953,-12.0,0.4236066106840169,12.0,-0.001082401619263082,-4.246056263946949e-05,-4.246056363848519e-05,-8.502102884803817e-05,0.001209874679111052,4.246056263946949e-05
2,0.003486700000000842,-0.8376887871525714,-0.0009991340002520888,-12.0,0.4173456825845676,12.0,-0.001083381075912326,-4.183448165848197e-05,-4.183448265761597e-05,-8.376887871525715e-05,0.001208976030298778,4.183448165848197e-05
2,0.003486900000000842,-0.8251659630310669,-0.000999250722483247,-12.0,0.4110840954393015,12.0,-0.001084360036121688,-4.120833461617847e-05,-4.120833561542918e-05,-8.25165963031067e-05,0.001208076686719101,4.120833461617847e-05
2,0.003487100000000842,-0.8126418358911051,-0.0009993658771709213,-12.0,0.4048218591361373,12.0,-0.001085338498218728,-4.058212250133083e-05,-4.058212350069671e-05,-8.126418358911051e-05,0.001207176649665694,4.058212250133083e-05
2,0.003487300000000842,-0.8001164255100377,-0.000999479464137143,-12.0,0.3985589835640185,12.0,-0.001086316460533691,-3.995584630281557e-05,-3.995584730229503e-05,-8.001164255100377e-05,0.001206275920435249,3.995584630281557e-05
2,0.0034875000000008424,-0.787589751667152,-0.00099959148321066,-12.0,0.3922954786128451,12.0,-0.00108729392139955,-3.932950700960557e-05,-3.932950800919707e-05,-7.87589751667152e-05,0.001205374500327407,3.932950700960557e-05
2,0.003487700000000842,-0.7750618341437624,-0.0009997019341985158,-12.0,0.386031354173564,12.0,-0.001088270879151955,-3.870310561077626e-05,-3.87031066104782e-05,-7.750618341437624e-05,0.001204472390644841,3.870310561077626e-05
2,0.003487900000000843,-0.7625326927232072,-0.0009998108169299025,-12.0,0.3797666201381006,12.0,-0.001089247332129291,-3.807664309550306e-05,-3.807664409531387e-05,-7.625326927232073e-05,0.001203569592693229,3.807664309550305e-05
2,0.003488100000000843,-0.7500023471906664,-0.0009999181312415895,-12.0,0.3735012863992895,12.0,-0.001090223278672607,-3.745012045305311e-05,-3.745012145297124e-05,-7.500023471906665e-05,0.00120266610778124,3.745012045305311e-05
2,0.003488300000000843,-0.7374708173332756,-0.001000023876943867,-12.0,0.3672353628509832,12.0,-0.001091198717125701,-3.682353867279271e-05,-3.682353967281659e-05,-7.374708173332755e-05,0.001201761937220533,3.682353867279271e-05
2,0.0034885000000008434,-0.7249381229400221,-0.001000128053890353,-12.0,0.3609688593878951,12.0,-0.001092173645835075,-3.619689874417854e-05,-3.619689974430659e-05,-7.249381229400222e-05,0.001200857082325764,3.619689874417854e-05
2,0.003488700000000843,-0.7124042838017155,-0.00100023066189614,-12.0,0.3547017859057069,12.0,-0.001093148063149911,-3.557020165676031e-05,-3.557020265699097e-05,-7.124042838017155e-05,0.001199951544414601,3.557020165676031e-05
2,0.003488900000000843,-0.6998693197110503,-0.001000331700804657,-12.0,0.3484341523010012,12.0,-0.00109412196742216,-3.494344840018059e-05,-3.494344940051229e-05,-6.998693197110503e-05,0.001199045324807649,3.494344840018059e-05
2,0.0034891000000008433,-0.6873332504623991,-0.001000431170464472,-12.0,0.3421659684711911,12.0,-0.001095095357006477,-3.431663996416557e-05,-3.431664096459673e-05,-6.873332504623992e-05,0.001198138424828528,3.431663996416557e-05
2,0.003489300000000843,-0.6747960958519136,-0.001000529070702416,-12.0,0.3358972443146125,12.0,-0.001096068230260205,-3.368977733853149e-05,-3.368977833906056e-05,-6.747960958519136e-05,0.001197230845803858,3.368977733853149e-05
2,0.003489500000000843,-0.66225787567752,-0.001000625401367944,-12.0,0.3296279897304541,12.0,-0.001097040585543455,-3.306286151318221e-05,-3.30628625138076e-05,-6.6225787567752e-05,0.001196322589063215,3.306286151318221e-05
2,0.003489700000000844,-0.6497186097387342,-0.001000720162317587,-12.0,0.3233582146186891,12.0,-0.001098012421219034,-3.243589347810067e-05,-3.243589447882084e-05,-6.497186097387343e-05,0.00119541365593915,3.243589347810068e-05
2,0.003489900000000844,-0.6371783178367795,-0.001000813353381647,-12.0,0.3170879288801837,12.0,-0.001098983735652505,-3.180887422335654e-05,-3.180887522416989e-05,-6.371783178367795e-05,0.001194504047767227,3.180887422335654e-05
2,0.0034901000000008443,-0.6246370197744807,-0.00100090497443403,-12.0,0.3108171424165396,12.0,-0.001099954527212132,-3.118180473909737e-05,-3.118180574000233e-05,-6.246370197744807e-05,0.001193593765885959,3.118180473909737e-05
2,0.003490300000000844,-0.6120947353562578,-0.001000995025305818,-12.0,0.3045458651302199,12.0,-0.001100924794268945,-3.055468601555257e-05,-3.05546870165476e-05,-6.120947353562578e-05,0.001192682811636817,3.055468601555258e-05
2,0.003490500000000844,-0.5995514843880857,-0.001001083505877187,-12.0,0.298274106924392,12.0,-0.001101894535196692,-2.992751904302692e-05,-2.992752004411043e-05,-5.995514843880857e-05,0.001191771186364262,2.992751904302693e-05
2,0.003490700000000844,-0.5870072866774435,-0.00100117041598774,-12.0,0.292001877703036,12.0,-0.001102863748371867,-2.930030481190238e-05,-2.930030581307279e-05,-5.870072866774435e-05,0.001190858891415722,2.930030481190237e-05
2,0.003490900000000844,-0.5744621620333847,-0.001001255755506109,-12.0,0.2857291873708757,12.0,-0.001103832432173685,-2.867304431263818e-05,-2.867304531389393e-05,-5.744621620333847e-05,0.001189945928141596,2.867304431263818e-05
2,0.003491100000000844,-0.5619161302663266,-0.001001339524305617,-12.0,0.2794560458333096,12.0,-0.001104800584984134,-2.804573853576152e-05,-2.804573953710105e-05,-5.619161302663266e-05,0.001189032297895232,2.804573853576152e-05
2,0.003491300000000844,-0.5493692111881544,-0.001001421722238299,-12.0,0.2731824629965026,12.0,-0.001105768205187919,-2.741838847187408e-05,-2.741838947329581e-05,-5.493692111881544e-05,0.001188118002032949,2.741838847187409e-05
2,0.003491500000000845,-0.5368214246122147,-0.001001502349178757,-12.0,0.2669084487673157,12.0,-0.001106735291172549,-2.679099511164946e-05,-2.67909961131518e-05,-5.368214246122147e-05,0.001187203041913987,2.679099511164945e-05
2,0.003491700000000845,-0.5242727903531302,-0.001001581405008389,-12.0,0.2606340130532385,12.0,-0.001107701841328197,-2.616355944582469e-05,-2.616356044740609e-05,-5.242727903531303e-05,0.001186287418900627,2.616355944582469e-05
2,0.003491900000000845,-0.5117233282268955,-0.001001658889586476,-12.0,0.2543591657624791,12.0,-0.001108667854047871,-2.553608246520656e-05,-2.553608346686545e-05,-5.117233282268955e-05,0.001185371134358029,2.553608246520656e-05
2,0.003492100000000845,-0.4991730580508727,-0.00100173480279514,-12.0,0.2480839168038956,12.0,-0.001109633327727292,-2.490856516066908e-05,-2.490856616240388e-05,-4.991730580508727e-05,0.001184454189654315,2.490856516066907e-05
2,0.003492300000000845,-0.4866219996436068,-0.001001809144523219,-12.0,0.2418082760869271,12.0,-0.001110598260764938,-2.428100852314504e-05,-2.428100952495418e-05,-4.866219996436068e-05,0.001183536586160602,2.428100852314503e-05
2,0.0034925000000008448,-0.4740701728249212,-0.001001881914637792,-12.0,0.2355322535216847,12.0,-0.001111562651562079,-2.365341354363225e-05,-2.365341454551417e-05,-4.740701728249212e-05,0.001182618325250892,2.365341354363226e-05
2,0.0034927000000008453,-0.4615175974159121,-0.001001953113028253,-12.0,0.2292558590188825,12.0,-0.001112526498522708,-2.302578121319109e-05,-2.30257822151442e-05,-4.615175974159122e-05,0.001181699408302178,2.302578121319108e-05
2,0.003492900000000845,-0.4489642932387894,-0.001002022739587327,-12.0,0.2229791024897864,12.0,-0.001113489800053612,-2.239811252293736e-05,-2.239811352496011e-05,-4.489642932387895e-05,0.001180779836694377,2.239811252293737e-05
2,0.003493100000000845,-0.4364102801168658,-0.00100209079420599,-12.0,0.216701993846216,12.0,-0.001114452554564341,-2.17704084640422e-05,-2.177040946613299e-05,-4.364102801168658e-05,0.001179859611810351,2.17704084640422e-05
2,0.003493300000000846,-0.4238555778747107,-0.001002157276752513,-12.0,0.2104245430006538,12.0,-0.001115414760467195,-2.114267002774063e-05,-2.114267102989791e-05,-4.238555778747107e-05,0.001178938735035898,2.114267002774063e-05
2,0.0034935000000008458,-0.4113002063379335,-0.001002222187152541,-12.0,0.204146759866016,12.0,-0.001116376416177279,-2.051489820531686e-05,-2.051489920753905e-05,-4.113002063379335e-05,0.001178017207759754,2.051489820531686e-05
2,0.0034937000000008463,-0.3987441853330975,-0.001002285525288055,-12.0,0.1978686543557614,12.0,-0.00111733752011246,-1.988709398810495e-05,-1.988709499039047e-05,-3.987441853330975e-05,0.001177095031373577,1.988709398810495e-05
2,0.003493900000000846,-0.3861875346878998,-0.001002347291055861,-12.0,0.1915902363838932,12.0,-0.001118298070693358,-1.925925836749491e-05,-1.92592593698422e-05,-3.861875346878999e-05,0.00117617220727198,1.925925836749491e-05
2,0.003494100000000846,-0.3736302742310425,-0.001002407484358842,-12.0,0.1853115158649081,12.0,-0.001119258066343418,-1.863139233492669e-05,-1.863139333733418e-05,-3.736302742310425e-05,0.001175248736852482,1.86313923349267e-05
2,0.003494300000000846,-0.3610724237921139,-0.001002466105112343,-12.0,0.1790325027137274,12.0,-0.001120217505488828,-1.800349688188398e-05,-1.800349788435008e-05,-3.610724237921139e-05,0.001174324621515545,1.800349688188398e-05
2,0.003494500000000846,-0.348514003201662,-0.001002523153207896,-12.0,0.1727532068457876,12.0,-0.001121176386558589,-1.737557299989955e-05,-1.737557400242271e-05,-3.48514003201662e-05,0.001173399862664543,1.737557299989955e-05
2,0.003494700000000846,-0.335955032291197,-0.001002578628560319,-12.0,0.1664736381769717,12.0,-0.001122134707984467,-1.674762168055321e-05,-1.674762268313184e-05,-3.35955032291197e-05,0.001172474461705774,1.674762168055321e-05
2,0.003494900000000847,-0.3233955308930044,-0.001002632531090994,-12.0,0.1601938066235404,12.0,-0.001123092468201029,-1.611964391546314e-05,-1.611964491809567e-05,-3.233955308930044e-05,0.001171548420048464,1.611964391546314e-05
2,0.003495100000000847,-0.3108355188402405,-0.001002684860699404,-12.0,0.1539137221022225,12.0,-0.001124049665645626,-1.549164069629219e-05,-1.549164169897705e-05,-3.108355188402406e-05,0.001170621739104764,1.549164069629219e-05
2,0.003495300000000847,-0.2982750159669289,-0.001002735617307834,-12.0,0.1476333945301466,12.0,-0.001125006298758422,-1.486361301474544e-05,-1.486361401748105e-05,-2.982750159669289e-05,0.001169694420289703,1.486361301474544e-05
2,0.003495500000000847,-0.2857140421077983,-0.001002784800841316,-12.0,0.1413528338247892,12.0,-0.00112596236598236,-1.423556186256305e-05,-1.423556286534785e-05,-2.857140421077984e-05,0.001168766465021258,1.423556186256305e-05
2,0.003495700000000847,-0.2731526170982743,-0.001002832411223648,-12.0,0.1350720499039776,12.0,-0.001126917865763185,-1.360748823152012e-05,-1.360748923435253e-05,-2.731526170982743e-05,0.001167837874720308,1.360748823152012e-05
2,0.003495900000000847,-0.2605907607746313,-0.001002878448355574,-12.0,0.1287910526859978,12.0,-0.00112787279654945,-1.297939311343534e-05,-1.297939411631379e-05,-2.605907607746314e-05,0.001166908650810638,1.297939311343534e-05
2,0.003496100000000847,-0.2480284929737769,-0.001002922912195336,-12.0,0.1225098520893664,12.0,-0.001128827156792495,-1.235127750015617e-05,-1.235127850307908e-05,-2.48028492973777e-05,0.001165978794718943,1.235127750015617e-05
2,0.0034963000000008473,-0.2354658335331415,-0.001002965802661293,-12.0,0.1162284580329208,12.0,-0.001129780944946493,-1.172314238355821e-05,-1.172314338652401e-05,-2.354658335331415e-05,0.0011650483078748,1.172314238355821e-05
2,0.003496500000000847,-0.2229028022909629,-0.001003007119666346,-12.0,0.1099468804359107,12.0,-0.001130734159468405,-1.10949887555577e-05,-1.109498975856483e-05,-2.229028022909629e-05,0.001164117191710726,1.109498875555771e-05
2,0.003496700000000848,-0.2103394190859992,-0.001003046863174595,-12.0,0.1036651292177691,12.0,-0.001131686798818005,-1.046681760809437e-05,-1.046681861114123e-05,-2.103394190859992e-05,0.001163185447662104,1.046681760809437e-05
2,0.003496900000000848,-0.1977757037574682,-0.001003085033108669,-12.0,0.09738321429822078,12.0,-0.001132638861457893,-9.838629933132947e-06,-9.838630936217978e-06,-1.977757037574682e-05,0.001162253077167228,9.838629933132945e-06
2,0.003497100000000848,-0.1852116761452182,-0.001003121629405461,-12.0,0.09110114559728462,12.0,-0.001133590345853471,-9.21042672266901e-06,-9.210427725790638e-06,-1.852116761452182e-05,0.001161320081667279,9.210426722669007e-06
2,0.0034973000000008483,-0.1726473560896013,-0.001003156652007842,-12.0,0.08481893303522237,12.0,-0.001134541250472963,-8.58220896872302e-06,-8.582209971879671e-06,-1.726473560896013e-05,0.001160386462606347,8.58220896872302e-06
2,0.003497500000000848,-0.1600827634313556,-0.001003190100871486,-12.0,0.07853658653246959,12.0,-0.001135491573787419,-7.953977663334107e-06,-7.953978666524207e-06,-1.600827634313557e-05,0.001159452221431383,7.953977663334109e-06
2,0.003497700000000848,-0.1475179180116767,-0.001003221975927907,-12.0,0.07225411600972673,12.0,-0.001136441314270708,-7.325733798565462e-06,-7.32573480178744e-06,-1.475179180116767e-05,0.00115851735959225,7.325733798565464e-06
2,0.0034979000000008482,-0.1349528396722217,-0.001003252277132043,-12.0,0.06597153138789003,12.0,-0.001137390470399519,-6.697478366502206e-06,-6.697479369754483e-06,-1.349528396722217e-05,0.001157581878541686,6.697478366502208e-06
2,0.003498100000000848,-0.1223875482549218,-0.001003281004445487,-12.0,0.05968884258798262,12.0,-0.001138339040653373,-6.069212359242812e-06,-6.069213362523815e-06,-1.223875482549218e-05,0.001156645779735315,6.069212359242811e-06
2,0.003498300000000848,-0.1098220636020777,-0.001003308157807858,-12.0,0.05340605953124546,12.0,-0.001139287023514627,-5.440936768905334e-06,-5.440937772213491e-06,-1.098220636020777e-05,0.001155709064631633,5.440936768905333e-06
2,0.003498500000000849,-0.09725640555635581,-0.001003333737181471,-12.0,0.04712319213906833,12.0,-0.001140234417468461,-4.812652587624982e-06,-4.812653590958717e-06,-9.725640555635582e-06,0.00115477173469203,4.81265258762498e-06
2,0.003498700000000849,-0.08469059396060302,-0.001003357742535446,-12.0,0.04084025033292091,12.0,-0.001141181221002892,-4.184360807545635e-06,-4.184361810903379e-06,-8.469059396060303e-06,0.001153833791380753,4.184360807545636e-06
2,0.0034989000000008492,-0.07212464865794176,-0.00100338017381698,-12.0,0.03455724403444367,12.0,-0.001142127432608781,-3.556062420826067e-06,-3.556063424206239e-06,-7.212464865794176e-06,0.001152895236164935,3.556062420826065e-06
2,0.003499100000000849,-0.05955858949176592,-0.001003401030995821,-12.0,0.02827418316537892,12.0,-0.001143073050779814,-2.927758419637473e-06,-2.927759423038505e-06,-5.955858949176592e-06,0.001151956070514578,2.927758419637474e-06
2,0.003499300000000849,-0.04699243630558016,-0.001003420314044878,-12.0,0.02199107764751962,12.0,-0.001144018074012535,-2.299449796156451e-06,-2.299450799576764e-06,-4.699243630558017e-06,0.00115101629590255,2.29944979615645e-06
2,0.003499500000000849,-0.0344262089429899,-0.001003438022935484,-12.0,0.01570793740271149,12.0,-0.001144962500806324,-1.671137542564697e-06,-1.671138546002721e-06,-3.44262089429899e-06,0.00115007591380458,1.671137542564698e-06
2,0.003499700000000849,-0.02185992724785487,-0.001003454157616132,-12.0,0.00942477235296166,12.0,-0.001145906329663407,-1.042822651057778e-06,-1.042823654511937e-06,-2.185992724785487e-06,0.001149134925699275,1.042822651057779e-06
2,0.003499900000000849,-0.009293611064071996,-0.001003468718092657,-12.0,0.003141592420209832,12.0,-0.001146849559088854,-4.145061138302482e-07,-4.14507117298967e-07,-9.293611064071996e-07,0.001148193333068093,4.145061138302489e-07
2,0.003500100000000849,0.003272719764509883,-0.001003481704327348,-12.0,-0.003141592473563008,12.0,-0.001147792187590603,2.138110769235668e-07,2.138100734418616e-07,3.272719764509884e-07,0.001147251137395352,-2.13811076923566e-07
2,0.00350030000000085,0.01583904539391067,-0.001003493116297344,-12.0,-0.009424772406332516,12.0,-0.001148734213679429,8.421279290035143e-07,8.42126925510401e-07,1.583904539391068e-06,0.001146308340168229,-8.421279290035173e-07
2,0.00350050000000085,0.02840534598014832,-0.001003502953985656,-12.0,-0.01570793745608218,12.0,-0.001149675635868968,1.470443450209653e-06,1.470442446706699e-06,2.840534598014832e-06,0.001145364942876759,-1.470443450209653e-06
2,0.00350070000000085,0.04097160167935587,-0.00100351121738812,-12.0,-0.02199107770087229,12.0,-0.001150616452675716,2.098756648348419e-06,2.0987556448372e-06,4.097160167935587e-06,0.001144420947013821,-2.098756648348417e-06
2,0.00350090000000085,0.05353779264771081,-0.001003517906476362,-12.0,-0.02827418321874901,12.0,-0.001151556662619031,2.727066531227263e-06,2.727065527709359e-06,5.353779264771081e-06,0.00114347635407515,-2.727066531227265e-06
2,0.00350110000000085,0.06610389904142984,-0.001003523021245473,-12.0,-0.03455724408781334,12.0,-0.001152496264221124,3.355372106656785e-06,3.355371103133766e-06,6.610389904142984e-06,0.001142531165559328,-3.355372106656787e-06
2,0.0035013000000008497,0.078669901016957,-0.001003526561697311,-12.0,-0.04084025038629008,12.0,-0.001153435256007088,3.983672382459279e-06,3.983671378932716e-06,7.866990101695701e-06,0.001141585382967781,-3.983672382459278e-06
2,0.0035015000000008503,0.0912357787308687,-0.001003528527811527,-12.0,-0.04712319219243692,12.0,-0.001154373636504872,4.611966366462538e-06,4.611965362934012e-06,9.12357787308687e-06,0.001140639007804774,-4.61196636646254e-06
2,0.00350170000000085,0.1038015123398765,-0.001003528919590602,-12.0,-0.05340605958461337,12.0,-0.001155311404245292,5.240253066502277e-06,5.240252062973356e-06,1.038015123398765e-05,0.001139692041577423,-5.240253066502277e-06
2,0.00350190000000085,0.1163670820010132,-0.001003527737043867,-12.0,-0.05968884264134978,12.0,-0.001156248557762045,5.868531490430591e-06,5.868530486902854e-06,1.163670820010132e-05,0.001138744485795668,-5.868531490430591e-06
2,0.003502100000000851,0.1289324678715133,-0.001003524980154762,-12.0,-0.06597153144123857,12.0,-0.001157185095591702,6.496800646108382e-06,6.496799642583403e-06,1.289324678715133e-05,0.001137796341972298,-6.496800646108381e-06
2,0.0035023000000008507,0.1414976501089214,-0.001003520648949936,-12.0,-0.07225411606309211,12.0,-0.0011581210162737,7.125059541414217e-06,7.125058537893569e-06,1.414976501089214e-05,0.001136847611622928,-7.125059541414217e-06
2,0.0035025000000008513,0.1540626088711208,-0.001003514743417436,-12.0,-0.07853658658583396,12.0,-0.001159056318350377,7.753307184241653e-06,7.753306180726911e-06,1.540626088711208e-05,0.001135898296266,-7.753307184241653e-06
2,0.003502700000000851,0.1666273243162696,-0.001003507263573629,-12.0,-0.08481893308856786,12.0,-0.00115999100036693,8.381542582499426e-06,8.38154157899216e-06,1.666273243162696e-05,0.001134948397422793,-8.381542582499424e-06
2,0.003502900000000851,0.1791917766030092,-0.001003498209440006,-12.0,-0.09110114565064671,12.0,-0.001160925060871447,9.009764744120675e-06,9.009763740622462e-06,1.791917766030092e-05,0.001133997916617412,-9.009764744120671e-06
2,0.003503100000000851,0.1917559458903381,-0.001003487581012652,-12.0,-0.09738321435156384,12.0,-0.001161858498414908,9.637972677055119e-06,9.637971673567539e-06,1.917559458903381e-05,0.001133046855376782,-9.637972677055119e-06
2,0.003503300000000851,0.2043198123377217,-0.001003475378330773,-12.0,-0.1036651292711108,12.0,-0.001162791311551179,1.026616538927801e-05,1.026616438580263e-05,2.043198123377217e-05,0.001132095215230649,-1.026616538927801e-05
2,0.003503500000000851,0.2168833561051208,-0.001003461601394889,-12.0,-0.1099468804892688,12.0,-0.00116372349883702,1.089434188878739e-05,1.089434088532579e-05,2.168833561051208e-05,0.001131142997711578,-1.089434188878739e-05
2,0.003503700000000851,0.2294465573529276,-0.001003446250233991,-12.0,-0.1162284580862773,12.0,-0.001164655058832073,1.152250118360433e-05,1.152250018015808e-05,2.294465573529277e-05,0.001130190204354956,-1.152250118360433e-05
2,0.003503900000000852,0.2420093962421743,-0.001003429324882094,-12.0,-0.1225098521427035,12.0,-0.001165585990098883,1.215064228178214e-05,1.215064127835282e-05,2.420093962421743e-05,0.001129236836698983,-1.215064228178214e-05
2,0.003504100000000852,0.2545718529344305,-0.001003410825351686,-12.0,-0.128791052739351,12.0,-0.001166516291202907,1.277876419139993e-05,1.277876318798911e-05,2.545718529344305e-05,0.001128282896284657,-1.277876419139994e-05
2,0.003504300000000852,0.2671339075918098,-0.001003390751677727,-12.0,-0.135072049957329,12.0,-0.001167445960712468,1.340686592056513e-05,1.340686491717438e-05,2.671339075918098e-05,0.001127328384655808,-1.340686592056513e-05
2,0.003504500000000852,0.2796955403771531,-0.001003369103902349,-12.0,-0.1413528338781211,12.0,-0.001168374997198822,1.403494647742187e-05,1.403494547405277e-05,2.796955403771531e-05,0.001126373303359062,-1.403494647742187e-05
2,0.003504700000000852,0.292256731453911,-0.001003345882041456,-12.0,-0.1476333945834765,12.0,-0.001169303399236116,1.46630048701435e-05,1.466300386679763e-05,2.92256731453911e-05,0.001125417653943849,-1.46630048701435e-05
2,0.0035049000000008518,0.3048174609862512,-0.001003321086154474,-12.0,-0.1539137221555682,12.0,-0.001170231165401416,1.529104010694137e-05,1.529103910362028e-05,3.048174609862512e-05,0.001124461437962403,-1.529104010694137e-05
2,0.0035051000000008523,0.3173777091390879,-0.001003294716261885,-12.0,-0.1601938066768839,12.0,-0.00117115829427468,1.591905119606221e-05,1.591905019276749e-05,3.173777091390879e-05,0.00112350465696975,-1.591905119606221e-05
2,0.003505300000000852,0.3299374560780167,-0.001003266772412845,-12.0,-0.1664736382302953,12.0,-0.001172084784438802,1.654703714578825e-05,1.654703614252148e-05,3.299374560780167e-05,0.001122547312523727,-1.654703714578825e-05
2,0.003505500000000853,0.3424966819695242,-0.001003237254661365,-12.0,-0.1727532068991267,12.0,-0.001173010634479554,1.717499696444653e-05,1.717499596120928e-05,3.424966819695242e-05,0.00112158940618497,-1.717499696444653e-05
2,0.003505700000000853,0.3550553669808848,-0.00100320616304006,-12.0,-0.1790325027670641,12.0,-0.001173935842985654,1.78029296604024e-05,1.780292865719624e-05,3.550553669808848e-05,0.001120630939516899,-1.78029296604024e-05
2,0.0035059000000008528,0.3676134912801672,-0.001003173497604024,-12.0,-0.1853115159182246,12.0,-0.00117486040854875,1.843083424206206e-05,1.843083323888856e-05,3.676134912801673e-05,0.001119671914085699,-1.843083424206206e-05
2,0.0035061000000008533,0.3801710350364187,-0.001003139258415331,-12.0,-0.1915902364372249,12.0,-0.001175784329763362,1.905870971788096e-05,1.90587087147417e-05,3.801710350364187e-05,0.001118712331460398,-1.905870971788096e-05
2,0.003506300000000853,0.3927279784195468,-0.001003103445509995,-12.0,-0.1978686544090728,12.0,-0.001176707605226975,1.968655509635629e-05,1.968655409325284e-05,3.927279784195469e-05,0.001117752193212772,-1.968655509635628e-05
2,0.003506500000000853,0.4052843016004258,-0.001003066058967522,-12.0,-0.2041467599193247,12.0,-0.001177630233539999,2.031436938603572e-05,2.031436838296967e-05,4.052843016004258e-05,0.001116791500917383,-2.031436938603572e-05
2,0.0035067000000008532,0.4178399847509033,-0.001003027098824688,-12.0,-0.2104245430539597,12.0,-0.001178552213305741,2.094215159551351e-05,2.09421505924864e-05,4.178399847509034e-05,0.001115830256151584,-2.094215159551351e-05
2,0.003506900000000853,0.4303950080438402,-0.001002986565167396,-12.0,-0.2167019938995368,12.0,-0.001179473543130471,2.156990073343695e-05,2.156989973045038e-05,4.303950080438403e-05,0.001114868460495494,-2.156990073343694e-05
2,0.003507100000000853,0.4429493516531615,-0.001002944458040778,-12.0,-0.2229791025430864,12.0,-0.001180394221623384,2.219761580850457e-05,2.219761480556011e-05,4.429493516531615e-05,0.001113906115532026,-2.219761580850457e-05
2,0.003507300000000854,0.4555029957537859,-0.001002900777519244,-12.0,-0.2292558590721796,12.0,-0.001181314247396585,2.282529582946604e-05,2.282529482656526e-05,4.55502995753786e-05,0.001112943222846861,-2.282529582946604e-05
2,0.003507500000000854,0.4680559205218371,-0.001002855523681762,-12.0,-0.2355322535749965,12.0,-0.001182233619065151,2.345293980513147e-05,2.345293880227595e-05,4.680559205218372e-05,0.001111979784028435,-2.345293980513147e-05
2,0.0035077000000008542,0.4806081061345387,-0.001002808696586199,-12.0,-0.2418082761402356,12.0,-0.001183152335247083,2.408054674436494e-05,2.408054574155624e-05,4.806081061345387e-05,0.001111015800667973,-2.408054674436494e-05
2,0.003507900000000854,0.4931595327702224,-0.001002760296312577,-12.0,-0.248083916857183,12.0,-0.001184070394563311,2.470811565608705e-05,2.470811465332675e-05,4.931595327702224e-05,0.00111005127435946,-2.470811565608705e-05
2,0.003508100000000854,0.5057101806085113,-0.001002710322948047,-12.0,-0.2543591658157809,12.0,-0.001184987795637742,2.533564554928329e-05,2.533564454657297e-05,5.057101806085113e-05,0.001109086206699632,-2.533564554928329e-05
2,0.003508300000000854,0.5182600298302251,-0.001002658776557697,-12.0,-0.2606340131065369,12.0,-0.001185904537097188,2.596313543299791e-05,2.596313443033914e-05,5.182600298302252e-05,0.001108120599288016,-2.596313543299792e-05
2,0.003508500000000854,0.5308090606173844,-0.001002605657229344,-12.0,-0.2669084488205928,12.0,-0.001186820617571426,2.659058431633635e-05,2.659058331373069e-05,5.308090606173845e-05,0.001107154453726888,-2.659058431633635e-05
2,0.0035087000000008544,0.5433572531533957,-0.001002550965057525,-12.0,-0.2731824630497938,12.0,-0.001187736035693221,2.721799120847363e-05,2.721799020592266e-05,5.433572531533957e-05,0.001106187771621244,-2.721799120847362e-05
2,0.003508900000000854,0.5559045876229558,-0.001002494700114875,-12.0,-0.2794560458865972,12.0,-0.001188650790098236,2.784535511864824e-05,2.784535411615353e-05,5.559045876229558e-05,0.001105220554578883,-2.784535511864823e-05
2,0.003509100000000855,0.5684510442120564,-0.00100243686249657,-12.0,-0.2857291874241417,12.0,-0.00118956487942512,2.847267505616451e-05,2.847267405372765e-05,5.684510442120564e-05,0.001104252804210327,-2.847267505616451e-05
2,0.003509300000000855,0.5809966031081443,-0.001002377452301001,-12.0,-0.2920018777562982,12.0,-0.001190478302315459,2.909995003039971e-05,2.909994902802227e-05,5.809966031081443e-05,0.001103284522128892,-2.909995003039971e-05
2,0.003509500000000855,0.5935412445001316,-0.001002316469624981,-12.0,-0.2982741069776679,12.0,-0.001191391057413831,2.97271790508043e-05,2.972717804848783e-05,5.935412445001316e-05,0.001102315709950556,-2.97271790508043e-05
2,0.0035097000000008554,0.6060849485782422,-0.001002253914542534,-12.0,-0.304545865183474,12.0,-0.001192303143367747,3.035436112689315e-05,3.035436012463924e-05,6.060849485782423e-05,0.001101346369294133,-3.035436112689315e-05
2,0.003509900000000855,0.6186276955342294,-0.001002189787184748,-12.0,-0.3108171424697896,12.0,-0.00119321455882769,3.098149526826049e-05,3.098149426607071e-05,6.186276955342294e-05,0.00110037650178112,-3.098149526826049e-05
2,0.0035101000000008547,0.6311694655614588,-0.001002124087639472,-12.0,-0.3170879289334295,12.0,-0.00119412530244712,3.1608580484579e-05,3.160857948245491e-05,6.311694655614588e-05,0.001099406109035792,-3.160858048457901e-05
2,0.0035103000000008553,0.6437102388547321,-0.001002056816009345,-12.0,-0.3233582146719483,12.0,-0.001195035372882437,3.22356157855939e-05,3.223561478353707e-05,6.437102388547321e-05,0.00109843519268513,-3.223561578559389e-05
2,0.003510500000000855,0.6562499956104149,-0.001001987972402696,-12.0,-0.3296279897836912,12.0,-0.001195944768793061,3.286260018112886e-05,3.286259917914088e-05,6.562499956104149e-05,0.00109746375435886,-3.286260018112885e-05
2,0.003510700000000855,0.6687887160265529,-0.001001917556940568,-12.0,-0.3358972443678629,12.0,-0.001196853488841347,3.348953268109223e-05,3.348953167917468e-05,6.687887160265529e-05,0.001096491795689457,-3.348953268109223e-05
2,0.003510900000000856,0.681326380302801,-0.001001845569720522,-12.0,-0.342165968524437,12.0,-0.001197761531692661,3.411641229547165e-05,3.411641129362608e-05,6.81326380302801e-05,0.001095519318312088,-3.411641229547166e-05
2,0.0035111000000008557,0.6938629686404209,-0.001001772010862739,-12.0,-0.3484341523542246,12.0,-0.001198668896015255,3.474323803433619e-05,3.474323703256418e-05,6.938629686404209e-05,0.001094546323864722,-3.474323803433619e-05
2,0.0035113000000008563,0.7063984612424654,-0.001001696880494646,-12.0,-0.3547017859589435,12.0,-0.001199575580480505,3.537000890784489e-05,3.537000790614801e-05,7.063984612424654e-05,0.001093572813987947,-3.537000890784489e-05
2,0.003511500000000856,0.7189328383136866,-0.001001620178721102,-12.0,-0.3609688594411267,12.0,-0.001200481583762666,3.599672392624057e-05,3.599672292462039e-05,7.189328383136866e-05,0.001092598790325174,-3.599672392624056e-05
2,0.003511700000000856,0.7314660800605364,-0.001001541905670061,-12.0,-0.3672353629041923,12.0,-0.001201386904539005,3.662338209985222e-05,3.662338109831032e-05,7.314660800605365e-05,0.001091624254522479,-3.662338209985223e-05
2,0.003511900000000856,0.7439981666913521,-0.001001462061476388,-12.0,-0.3735012864525112,12.0,-0.001202291541489771,3.724998243910349e-05,3.724998143764142e-05,7.439981666913521e-05,0.00109064920822867,-3.724998243910349e-05
2,0.003512100000000856,0.7565290784162638,-0.001001380646252659,-12.0,-0.3797666201913174,12.0,-0.001203195493298212,3.787652395450648e-05,3.787652295312583e-05,7.565290784162639e-05,0.001089673653095279,-3.787652395450647e-05
2,0.003512300000000856,0.7690587954471952,-0.001001297660134237,-12.0,-0.3860313542267756,12.0,-0.001204098758650574,3.850300565666414e-05,3.850300465536648e-05,7.690587954471952e-05,0.001088697590776504,-3.850300565666414e-05
2,0.003512500000000856,0.7815872979980268,-0.001001213103259568,-12.0,-0.3922954786660338,12.0,-0.001205001336236085,3.912942655627742e-05,3.912942555506432e-05,7.815872979980268e-05,0.001087721022929332,-3.912942655627742e-05
2,0.003512700000000857,0.7941145662846034,-0.001001126975765432,-12.0,-0.3985589836172196,12.0,-0.001205903224746972,3.975578566414541e-05,3.975578466301845e-05,7.941145662846035e-05,0.001086743951213401,-3.975578566414542e-05
2,0.003512900000000857,0.8066405805245825,-0.001001039277766014,-12.0,-0.404821859189333,12.0,-0.001206804422878439,4.03820819911567e-05,4.038208099011743e-05,8.066405805245825e-05,0.00108576637729111,-4.03820819911567e-05
2,0.003513100000000857,0.8191653209376505,-0.001000950009432455,-12.0,-0.411084095492474,12.0,-0.001207704929328736,4.100831454830416e-05,4.100831354735415e-05,8.191653209376505e-05,0.001084788302827468,-4.100831454830416e-05
2,0.003513300000000857,0.8316887677456314,-0.001000859170896595,-12.0,-0.4173456826377522,12.0,-0.001208604742799109,4.163448234668557e-05,4.163448134582641e-05,8.316887677456314e-05,0.001083809729490258,-4.163448234668556e-05
2,0.003513500000000857,0.8442109011722037,-0.001000766762284333,-12.0,-0.423606610737196,12.0,-0.001209503861993734,4.226058439749117e-05,4.22605833967244e-05,8.442109011722036e-05,0.001082830658949971,-4.226058439749117e-05
2,0.0035137000000008568,0.8567317014431866,-0.001000672783773027,-12.0,-0.4298668699039806,12.0,-0.001210402285619895,4.288661971202076e-05,4.288661871134798e-05,8.567317014431866e-05,0.001081851092879747,-4.288661971202076e-05
2,0.0035139000000008573,0.8692511487866004,-0.001000577235498346,-12.0,-0.43612645025232,12.0,-0.001211300012387832,4.351258730168217e-05,4.351258630110494e-05,8.692511487866004e-05,0.001080871032955434,-4.351258730168217e-05
2,0.003514100000000857,0.8817692234324959,-0.001000480117610503,-12.0,-0.4423853418974649,12.0,-0.001212197041010804,4.413848617798543e-05,4.413848517750532e-05,8.817692234324959e-05,0.001079890480855598,-4.413848617798544e-05
2,0.003514300000000857,0.8942859056130814,-0.001000381430265485,-12.0,-0.4486435349557532,12.0,-0.001213093370205101,4.476431535254877e-05,4.476431435216734e-05,8.942859056130815e-05,0.001078909438261451,-4.476431535254877e-05
2,0.003514500000000858,0.9068011755628389,-0.001000281173631989,-12.0,-0.4549010195446792,12.0,-0.001213988998689984,4.539007383710474e-05,4.539007283682355e-05,9.06801175562839e-05,0.001077927906856929,-4.539007383710472e-05
2,0.0035147000000008578,0.9193150135184545,-0.001000179347854901,-12.0,-0.461157785782803,12.0,-0.001214883925187801,4.601576064349482e-05,4.601575964331547e-05,9.193150135184545e-05,0.001076945888328629,-4.601576064349482e-05
2,0.0035149000000008583,0.9318273997188132,-0.001000075953101975,-12.0,-0.4674138237898191,12.0,-0.001215778148423864,4.664137478367171e-05,4.664137378359577e-05,9.318273997188133e-05,0.001075963384365851,-4.664137478367172e-05
2,0.003515100000000858,0.9443383144051855,-0.0009999709895481268,-12.0,-0.4736691236866248,12.0,-0.001216671667126537,4.726691526970766e-05,4.726691426973668e-05,9.443383144051855e-05,0.001074980396660513,-4.726691526970766e-05
2,0.003515300000000858,0.9568477378211325,-0.000999864457346178,-12.0,-0.4799236755952301,12.0,-0.001217564480027175,4.78923811137884e-05,4.789238011392394e-05,9.568477378211325e-05,0.001073996926907336,-4.789238111378839e-05
2,0.003515500000000858,0.9693556502125112,-0.0009997563566712664,-12.0,-0.4861774696388261,12.0,-0.001218456585860214,4.851777132821549e-05,4.851777032845913e-05,9.693556502125113e-05,0.001073012976803588,-4.851777132821548e-05
2,0.003515700000000858,0.9818620318276323,-0.0009996466877020271,-12.0,-0.492430495941836,12.0,-0.001219347983363081,4.91430849254134e-05,4.914308392576672e-05,9.818620318276324e-05,0.001072028548049241,-4.91430849254134e-05
2,0.003515900000000858,0.9943668629172476,-0.0009995354506114884,-12.0,-0.4986827446298956,12.0,-0.001220238671276234,4.976832091792842e-05,4.976831991839296e-05,9.943668629172477e-05,0.001071043642346968,-4.976832091792841e-05
2,0.003516100000000859,1.006870123734502,-0.000999422645570347,-12.0,-0.5049342058298331,12.0,-0.001221128648343194,5.039347831842627e-05,5.039347731900362e-05,0.0001006870123734502,0.001070058261402107,-5.039347831842627e-05
2,0.003516300000000859,1.019371794534992,-0.000999308272761068,-12.0,-0.5111848696697201,12.0,-0.001222017913310482,5.101855613969591e-05,5.101855514038764e-05,0.0001019371794534992,0.001069072406922618,-5.101855613969591e-05
2,0.003516500000000859,1.031871855576903,-0.000999192332377108,-12.0,-0.5174347262789407,12.0,-0.001222906464927676,5.164355339465636e-05,5.164355239546403e-05,0.0001031871855576903,0.001068086080619174,-5.164355339465637e-05
2,0.003516700000000859,1.044370287120941,-0.0009990748245879977,-12.0,-0.5236837657881006,12.0,-0.001223794301947405,5.226846909635126e-05,5.226846809727644e-05,0.0001044370287120941,0.001067099284205064,-5.226846909635126e-05
2,0.003516900000000859,1.056867069430315,-0.0009989557495870827,-12.0,-0.5299319783290958,12.0,-0.001224681423125325,5.289330225795088e-05,5.289330125899513e-05,0.0001056867069430316,0.001066112019396263,-5.289330225795087e-05
2,0.003517100000000859,1.069362182770938,-0.000998835107573981,-12.0,-0.536179354035181,12.0,-0.001225567827220143,5.351805189276072e-05,5.351805089392561e-05,0.0001069362182770938,0.001065124287911355,-5.351805189276071e-05
2,0.003517300000000859,1.081855607411323,-0.0009987128987262173,-12.0,-0.5424258830408797,12.0,-0.001226453512993594,5.414271701421535e-05,5.414271601550245e-05,0.0001081855607411323,0.001064136091471678,-5.414271701421535e-05
2,0.0035175000000008593,1.094347323622589,-0.0009985891232442423,-12.0,-0.5486715554820522,12.0,-0.001227338479210492,5.476729663588079e-05,5.476729563729167e-05,0.0001094347323622589,0.001063147431801123,-5.47672966358808e-05
2,0.003517700000000859,1.106837311678646,-0.0009984637813357233,-12.0,-0.5549163614959645,12.0,-0.001228222724638711,5.539178977146288e-05,5.539178877299911e-05,0.0001106837311678646,0.00106215831062622,-5.539178977146287e-05
2,0.00351790000000086,1.119325551856102,-0.000998336873185346,-12.0,-0.5611602912211979,12.0,-0.001229106248049124,5.601619543480128e-05,5.60161944364644e-05,0.0001119325551856103,0.00106116872967621,-5.601619543480126e-05
2,0.00351810000000086,1.131812024434264,-0.0009982083990011104,-12.0,-0.5674033347977177,12.0,-0.001229989048215689,5.664051263987167e-05,5.664051164166326e-05,0.0001131812024434264,0.001060178690682978,-5.664051263987165e-05
2,0.00351830000000086,1.144296709695321,-0.0009980783589976783,-12.0,-0.5736454823669408,12.0,-0.00123087112391549,5.726474040079432e-05,5.726473940271595e-05,0.0001144296709695321,0.001059188195380922,-5.726474040079432e-05
2,0.0035185000000008603,1.156779587924231,-0.0009979467533641762,-12.0,-0.5798867240716292,12.0,-0.001231752473928538,5.788887773182652e-05,5.788887673387975e-05,0.0001156779587924231,0.00105819724550725,-5.788887773182651e-05
2,0.00351870000000086,1.169260639408823,-0.0009978135823321965,-12.0,-0.5861270500560455,12.0,-0.001232633097038,5.851292364737133e-05,5.851292264955775e-05,0.0001169260639408823,0.001057205842801716,-5.851292364737133e-05
2,0.00351890000000086,1.181739844439827,-0.0009976788460955843,-12.0,-0.5923664504658455,12.0,-0.001233512992030089,5.9136877161975e-05,5.913687616429615e-05,0.0001181739844439827,0.001056213989006703,-5.913687716197499e-05
2,0.0035191000000008603,1.194217183310815,-0.000997542544875718,-12.0,-0.5986049154481466,12.0,-0.001234392157694067,5.97607372903271e-05,5.976073629278456e-05,0.0001194217183310815,0.001055221685867254,-5.97607372903271e-05
2,0.00351930000000086,1.206692636318401,-0.0009974046788995272,-12.0,-0.6048424351515966,12.0,-0.001235270592822316,6.03845030472697e-05,6.038450204986504e-05,0.0001206692636318401,0.001054228935130977,-6.038450304726972e-05
2,0.00351950000000086,1.219166183762119,-0.0009972652483685729,-12.0,-0.611078999726265,12.0,-0.001236148296210202,6.100817344778964e-05,6.100817245052439e-05,0.0001219166183762119,0.001053235738548167,-6.100817344778964e-05
2,0.003519700000000861,1.231637805944534,-0.0009971242535272151,-12.0,-0.6173145993238004,12.0,-0.001237025266656228,6.163174750702733e-05,6.163174650990307e-05,0.0001231637805944534,0.001052242097871747,-6.163174750702731e-05
2,0.003519900000000861,1.244107483171268,-0.0009969816945811782,-12.0,-0.6235492240973223,12.0,-0.001237901502961991,6.225522424027411e-05,6.225522324329244e-05,0.0001244107483171268,0.001051248014857203,-6.225522424027411e-05
2,0.0035201000000008613,1.256575195750933,-0.0009968375717648303,-12.0,-0.6297828642014895,12.0,-0.001238777003932115,6.287860266297247e-05,6.28786016661349e-05,0.0001256575195750933,0.001050253491262677,-6.287860266297247e-05
2,0.003520300000000861,1.269040923995348,-0.0009966918853174245,-12.0,-0.6360155097925686,12.0,-0.001239651768374289,6.350188179072513e-05,6.350188079403325e-05,0.0001269040923995347,0.001049258528848934,-6.350188179072511e-05
2,0.003520500000000861,1.281504648219401,-0.0009965446354529006,-12.0,-0.6422471510283265,12.0,-0.00124052579509934,6.412506063928737e-05,6.412505964274273e-05,0.0001281504648219402,0.001048263129379286,-6.412506063928736e-05
2,0.003520700000000861,1.293966348741172,-0.0009963958224278868,-12.0,-0.648477778068186,12.0,-0.00124139908292116,6.474813822457581e-05,6.474813722817999e-05,0.0001293966348741172,0.001047267294619778,-6.474813822457581e-05
2,0.003520900000000861,1.306426005881947,-0.000996245446460875,-12.0,-0.6547073810731191,12.0,-0.001242271630656752,6.537111356266584e-05,6.537111256642037e-05,0.0001306426005881947,0.001046271026338898,-6.537111356266583e-05
2,0.003521100000000861,1.318883599966163,-0.0009960935077988342,-12.0,-0.6609359502057146,12.0,-0.001243143437126115,6.599398566979159e-05,6.599398467369808e-05,0.0001318883599966163,0.001045274326307903,-6.599398566979159e-05
2,0.003521300000000861,1.331339111321616,-0.000995940006692897,-12.0,-0.667163475630247,12.0,-0.001244014501152482,6.661675356235542e-05,6.661675256641542e-05,0.0001331339111321616,0.001044277196300514,-6.661675356235542e-05
2,0.003521500000000862,1.343792520279353,-0.0009957849433735455,-12.0,-0.6733899475125861,12.0,-0.001244884821562001,6.723941625692126e-05,6.723941526113632e-05,0.0001343792520279353,0.001043279638093177,-6.723941625692125e-05
2,0.003521700000000862,1.356243807173683,-0.0009956283180936332,-12.0,-0.6796153560202651,12.0,-0.001245754397184065,6.786197277021714e-05,6.786197177458882e-05,0.0001356243807173683,0.001042281653464816,-6.786197277021715e-05
2,0.003521900000000862,1.368692952342359,-0.0009954701311126746,-12.0,-0.6858396913225496,12.0,-0.001246623226851123,6.84844221191437e-05,6.848442112367357e-05,0.0001368692952342359,0.001041283244197028,-6.848442211914369e-05
2,0.003522100000000862,1.381139936126483,-0.0009953103826677578,-12.0,-0.6920629435903468,12.0,-0.001247491309398691,6.910676332076791e-05,6.910676232545752e-05,0.0001381139936126483,0.001040284412073975,-6.910676332076791e-05
2,0.003522300000000862,1.393584738870508,-0.0009951490730196189,-12.0,-0.6982851029962744,12.0,-0.001248358643665431,6.97289953923255e-05,6.972899439717641e-05,0.0001393584738870508,0.001039285158882408,-6.97289953923255e-05
2,0.0035225000000008617,1.406027340922428,-0.0009949862024352107,-12.0,-0.7045061597147286,12.0,-0.001249225228493078,7.035111735122935e-05,7.035111635624314e-05,0.0001406027340922428,0.001038285486411647,-7.035111735122935e-05
2,0.0035227000000008623,1.418467722633675,-0.000994821771158949,-12.0,-0.710726103921794,12.0,-0.001250091062726416,7.09731282150635e-05,7.097312722024172e-05,0.0001418467722633676,0.001037285396453647,-7.097312821506351e-05
2,0.003522900000000862,1.430905864359131,-0.0009946557794595634,-12.0,-0.7169449257953124,12.0,-0.001250956145213492,7.159502700158532e-05,7.159502600692951e-05,0.0001430905864359131,0.00103628489080293,-7.159502700158529e-05
2,0.003523100000000862,1.443341746457281,-0.0009944882276065603,-12.0,-0.7231626155149324,12.0,-0.001251820474805335,7.221681272873261e-05,7.221681173424436e-05,0.0001443341746457281,0.001035283971256531,-7.22168127287326e-05
2,0.003523300000000863,1.455775349290202,-0.0009943191158659492,-12.0,-0.7293791632620911,12.0,-0.001252684050356098,7.28384844146225e-05,7.28384834203034e-05,0.0001455775349290202,0.001034282639614109,-7.28384844146225e-05
2,0.0035235000000008627,1.468206653223516,-0.0009941484445004645,-12.0,-0.7355945592199933,12.0,-0.001253546870723113,7.34600410775493e-05,7.346004008340084e-05,0.0001468206653223516,0.001033280897677943,-7.346004107754929e-05
2,0.0035237000000008633,1.480635638626447,-0.0009939762137849417,-12.0,-0.741808793573663,12.0,-0.001254408934766749,7.408148173598781e-05,7.40814807420116e-05,0.0001480635638626447,0.001032278747252841,-7.408148173598781e-05
2,0.003523900000000863,1.493062285871959,-0.0009938024240048748,-12.0,-0.7480218565100111,12.0,-0.00125527024135054,7.470280540860063e-05,7.470280441479819e-05,0.0001493062285871959,0.001031276190146133,-7.470280540860062e-05
2,0.003524100000000863,1.505486575336684,-0.0009936270754219434,-12.0,-0.7542337382177454,12.0,-0.001256130789341128,7.532401111423234e-05,7.532401012060528e-05,0.0001505486575336684,0.00103027322816783,-7.532401111423235e-05
2,0.003524300000000863,1.51790848740091,-0.0009934501683215302,-12.0,-0.7604444288874392,12.0,-0.001256990577608308,7.594509787191177e-05,7.59450968784616e-05,0.000151790848740091,0.001029269863130344,-7.594509787191178e-05
2,0.003524500000000863,1.530328002448778,-0.0009932717029954574,-12.0,-0.7666539187115996,12.0,-0.001257849605024952,7.65660647008604e-05,7.65660637075887e-05,0.0001530328002448778,0.001028266096848834,-7.656606470086042e-05
2,0.003524700000000863,1.542745100868179,-0.0009930916797138423,-12.0,-0.7728621978845769,12.0,-0.001258707870467071,7.71869106204863e-05,7.718690962739462e-05,0.0001542745100868179,0.001027261931140888,-7.718691062048631e-05
2,0.003524900000000863,1.555159763050758,-0.0009929100987688955,-12.0,-0.7790692566026334,12.0,-0.001259565372813812,7.780763465038647e-05,7.780763365747637e-05,0.0001555159763050759,0.001026257367826675,-7.780763465038645e-05
2,0.003525100000000864,1.56757196939208,-0.0009927269604559363,-12.0,-0.7852750850639933,12.0,-0.001260422110947457,7.842823581035376e-05,7.842823481762678e-05,0.000156757196939208,0.001025252408728972,-7.842823581035375e-05
2,0.003525300000000864,1.579981700291631,-0.000992542265069507,-12.0,-0.7914796734688421,12.0,-0.001261278083753439,7.904871312037726e-05,7.9048712127835e-05,0.0001579981700291631,0.001024247055673014,-7.904871312037726e-05
2,0.003525500000000864,1.592388936152674,-0.0009923560128798359,-12.0,-0.797683012019217,12.0,-0.001262133290120288,7.966906560063373e-05,7.96690646082777e-05,0.0001592388936152674,0.001023241310486658,-7.966906560063372e-05
2,0.003525700000000864,1.604793657382458,-0.000992168204216104,-12.0,-0.8038850909192352,12.0,-0.00126298772893968,8.028929227150191e-05,8.028929127933369e-05,0.0001604793657382458,0.001022235175000316,-8.028929227150191e-05
2,0.003525900000000864,1.617195844392328,-0.0009919788393667472,-12.0,-0.8100859003750026,12.0,-0.00126384139910643,8.090939215356359e-05,8.090939116158475e-05,0.0001617195844392329,0.001021228651046868,-8.090939215356359e-05
2,0.003526100000000864,1.629595477597447,-0.0009917879186144285,-12.0,-0.8162854305945244,12.0,-0.001264694299518518,8.152936426759101e-05,8.152936327580307e-05,0.0001629595477597447,0.001020221740461846,-8.1529364267591e-05
2,0.0035263000000008643,1.641992537417073,-0.0009915954422934359,-12.0,-0.8224836717879312,12.0,-0.001265546429077044,8.214920763456377e-05,8.214920664296832e-05,0.0001641992537417073,0.001019214445083169,-8.214920763456379e-05
2,0.003526500000000864,1.654387004274648,-0.000991401410700976,-12.0,-0.8286806141673895,12.0,-0.001266397786686316,8.276892127566888e-05,8.276892028426744e-05,0.0001654387004274648,0.00101820676675142,-8.276892127566885e-05
2,0.003526700000000865,1.666778858597525,-0.0009912058241265953,-12.0,-0.8348762479470108,12.0,-0.00126724837125361,8.338850421228843e-05,8.338850322108258e-05,0.0001666778858597525,0.001017198707309708,-8.338850421228843e-05
2,0.003526900000000865,1.679168080817248,-0.0009910086829122422,-12.0,-0.8410705633430792,12.0,-0.001268098181689561,8.40079554660167e-05,8.400795447500799e-05,0.0001679168080817248,0.001016190268603584,-8.40079554660167e-05
2,0.003527100000000865,1.691554651369609,-0.0009908099873585652,-12.0,-0.8472635505739424,12.0,-0.001268947216907915,8.462727405865839e-05,8.46272730678484e-05,0.0001691554651369609,0.001015181452481154,-8.462727405865839e-05
2,0.0035273000000008653,1.70393855069449,-0.0009906097377792022,-12.0,-0.853455199860011,12.0,-0.001269795475825397,8.524645901222319e-05,8.524645802161344e-05,0.000170393855069449,0.001014172260793214,-8.524645901222317e-05
2,0.003527500000000865,1.716319759235972,-0.0009904079344948968,-12.0,-0.8596455014238079,12.0,-0.001270642957362123,8.586550934893131e-05,8.586550835852336e-05,0.0001716319759235972,0.001013162695392769,-8.586550934893131e-05
2,0.003527700000000865,1.728698257442467,-0.0009902045778382718,-12.0,-0.865834445490037,12.0,-0.001271489660441216,8.648442409121987e-05,8.648442310101529e-05,0.0001728698257442467,0.00101215275813564,-8.648442409121987e-05
2,0.0035279000000008652,1.741074025766636,-0.0009899996681191903,-12.0,-0.8720220222854935,12.0,-0.001272335583989023,8.710320226173744e-05,8.710320127173777e-05,0.0001741074025766636,0.00101114245088002,-8.710320226173744e-05
2,0.003528100000000865,1.753447044665391,-0.000989793205669276,-12.0,-0.8782082220391314,12.0,-0.001273180726935011,8.772184288334623e-05,8.772184189355301e-05,0.0001753447044665391,0.001010131775486631,-8.772184288334622e-05
2,0.003528300000000865,1.765817294600078,-0.000989585190827369,-12.0,-0.8843930349821321,12.0,-0.00127402508821188,8.834034497913049e-05,8.834034398954527e-05,0.0001765817294600078,0.001009120733818702,-8.834034497913048e-05
2,0.003528500000000866,1.778184756036384,-0.00098937562391066,-12.0,-0.890576451347814,12.0,-0.001274868666755399,8.895870757239035e-05,8.895870658301472e-05,0.0001778184756036384,0.001008109327742021,-8.895870757239034e-05
2,0.003528700000000866,1.790549409444337,-0.000989164505258433,-12.0,-0.8967584613717012,12.0,-0.001275711461504542,8.95769296866443e-05,8.957692869747978e-05,0.0001790549409444337,0.001007097559124856,-8.957692968664429e-05
2,0.0035289000000008662,1.80291123529847,-0.0009889518352135251,-12.0,-0.9029390552915738,12.0,-0.00127655347140157,9.019501034563602e-05,9.019500935668418e-05,0.000180291123529847,0.001006085429837933,-9.019501034563604e-05
2,0.003529100000000866,1.815270214077828,-0.0009887376141163307,-12.0,-0.909118223347465,12.0,-0.00127739469539169,9.081294857333487e-05,9.081294758459724e-05,0.0001815270214077828,0.001005072941754601,-9.081294857333487e-05
2,0.003529300000000866,1.827626326265816,-0.0009885218422859277,-12.0,-0.9152959557815554,12.0,-0.001278235132423464,9.143074339392694e-05,9.143074240540512e-05,0.0001827626326265817,0.001004060096750553,-9.143074339392695e-05
2,0.003529500000000866,1.839979552350413,-0.0009883045200967944,-12.0,-0.9214722428383969,12.0,-0.001279074781448564,9.204839383183002e-05,9.204839284352549e-05,0.0001839979552350413,0.001003046896704093,-9.204839383183002e-05
2,0.003529700000000866,1.852329872824281,-0.0009880856478849953,-12.0,-0.9276470747648244,12.0,-0.001279913641421909,9.266589891169395e-05,9.266589792360829e-05,0.0001852329872824281,0.001002033343495953,-9.266589891169395e-05
2,0.003529900000000866,1.864677268184485,-0.0009878652259805998,-12.0,-0.9338204418098655,12.0,-0.001280751711301403,9.328325765838849e-05,9.328325667052326e-05,0.0001864677268184485,0.001001019439009432,-9.328325765838849e-05
2,0.003530100000000866,1.877021718932773,-0.0009876432547646363,-12.0,-0.9399923342249656,12.0,-0.001281588990048391,9.390046909702012e-05,9.390046810937687e-05,0.0001877021718932773,0.001000005185130257,-9.39004690970201e-05
2,0.003530300000000867,1.889363205575639,-0.0009874197345767222,-12.0,-0.9461627422638821,12.0,-0.001282425476627214,9.451753225293055e-05,9.45175312655108e-05,0.0001889363205575639,0.0009989905837466673,-9.451753225293053e-05
2,0.003530500000000867,1.901701708624155,-0.0009871946657710184,-12.0,-0.9523316561826807,12.0,-0.001283261170005448,9.5134446151691e-05,9.51344451644963e-05,0.0001901701708624155,0.0009979756367493875,-9.513444615169096e-05
2,0.003530700000000867,1.914037208594092,-0.0009869680487071264,-12.0,-0.958499066239787,12.0,-0.001284096069153945,9.5751209819108e-05,9.575120883213993e-05,0.0001914037208594092,0.0009969603460315418,-9.5751209819108e-05
2,0.003530900000000867,1.926369686006037,-0.0009867398837575259,-12.0,-0.9646649626960535,12.0,-0.001284930173046636,9.636782228122962e-05,9.636782129448973e-05,0.0001926369686006037,0.0009959447134888638,-9.63678222812296e-05
2,0.003531100000000867,1.938699121385325,-0.000986510171271049,-12.0,-0.9708293358146707,12.0,-0.001285763480660645,9.698428256433997e-05,9.69842815778298e-05,0.0001938699121385325,0.0009949287410195018,-9.698428256433997e-05
2,0.0035313000000008667,1.951025495262033,-0.0009862789116191761,-12.0,-0.9769921758612343,12.0,-0.001286595990976386,9.760058969496152e-05,9.76005887086826e-05,0.0001951025495262033,0.0009939124305240604,-9.760058969496152e-05
2,0.0035315000000008673,1.963348788171165,-0.0009860461051803826,-12.0,-0.983153473103814,12.0,-0.001287427702977378,9.821674269986338e-05,9.821674171381727e-05,0.0001963348788171165,0.0009928957839056701,-9.821674269986336e-05
2,0.003531700000000867,1.975668980652556,-0.000985811752311383,-12.0,-0.9893132178128627,12.0,-0.001288258615650434,9.883274060605517e-05,9.883273962024339e-05,0.0001975668980652556,0.0009918788030698206,-9.883274060605514e-05
2,0.003531900000000867,1.987986053250882,-0.0009855758533905412,-12.0,-0.9954714002612853,12.0,-0.00128908872798536,9.94485824407895e-05,9.944858145521364e-05,0.0001987986053250882,0.000990861489924666,-9.944858244078949e-05
2,0.003532100000000868,2.000299986515832,-0.000985338408804104,-12.0,-1.001628010724506,12.0,-0.001289918038975463,0.0001000642672315702,0.0001000642662462318,0.0002000299986515832,0.0009898438463805809,-0.0001000642672315702
2,0.0035323000000008677,2.012610761002001,-0.0009850994189116724,-12.0,-1.007783039480362,12.0,-0.001290746547616975,0.0001006797940061451,0.0001006797930210456,0.0002012610761002001,0.0009888258743505768,-0.0001006797940061451
2,0.0035325000000008683,2.024918357268988,-0.0009848588841162575,-12.0,-1.013936476809257,12.0,-0.001291574252909572,0.0001012951617925141,0.0001012951608076552,0.0002024918357268988,0.000987807575750052,-0.0001012951617925141
2,0.003532700000000868,2.037222755881407,-0.000984616804778904,-12.0,-1.02008831299404,12.0,-0.00129240115385594,0.0001019103696189261,0.0001019103686343093,0.0002037222755881407,0.0009867889524968476,-0.0001019103696189261
2,0.003532900000000868,2.04952393740892,-0.0009843731813085066,-12.0,-1.026238538320155,12.0,-0.001293227249462112,0.0001025254165138846,0.0001025254155295114,0.000204952393740892,0.0009857700065113162,-0.0001025254165138847
2,0.003533100000000868,2.061821882426297,-0.0009841280140743258,-12.0,-1.03238714307554,12.0,-0.001294052538737267,0.0001031403015061466,0.0001031403005220186,0.0002061821882426297,0.0009847507397161837,-0.0001031403015061466
2,0.003533300000000868,2.074116571513337,-0.0009838813034735994,-12.0,-1.038534117550692,12.0,-0.001294877020693808,0.0001037550236247219,0.0001037550226408405,0.0002074116571513337,0.0009837311540367294,-0.0001037550236247219
2,0.003533500000000868,2.086407985255079,-0.0009836330499090051,-12.0,-1.044679452038734,12.0,-0.001295700694347326,0.0001043695818988825,0.0001043695809152494,0.0002086407985255079,0.0009827112514005504,-0.0001043695818988825
2,0.003533700000000868,2.098696104241699,-0.0009833832537622378,-12.0,-1.050823136835326,12.0,-0.001296523558716706,0.0001049839753581564,0.0001049839743747731,0.0002098696104241699,0.000981691033737797,-0.0001049839753581563
2,0.003533900000000869,2.110980909068521,-0.0009831319154359752,-12.0,-1.056965162238733,12.0,-0.001297345612824019,0.0001055982030323298,0.0001055982020491978,0.0002110980909068521,0.0009806705029809792,-0.0001055982030323297
2,0.003534100000000869,2.123262380336187,-0.000982879035341222,-12.0,-1.063105518549896,12.0,-0.001298166855694449,0.0001062122639514555,0.0001062122629685764,0.0002123262380336187,0.0009796496610650907,-0.0001062122639514555
2,0.003534300000000869,2.135540498650578,-0.000982624613865779,-12.0,-1.069244196072334,12.0,-0.001298987286356593,0.0001068261571458468,0.0001068261561632222,0.0002135540498650578,0.000978628509927526,-0.0001068261571458468
2,0.003534500000000869,2.147815244622806,-0.000982368651420984,-12.0,-1.075381185112221,12.0,-0.001299806903842196,0.00010743988164608,0.0001074398806637114,0.0002147815244622807,0.0009776070515081225,-0.00010743988164608
2,0.003534700000000869,2.160086598869403,-0.0009821111484241696,-12.0,-1.081516475978449,12.0,-0.00130062570718617,0.0001080534364830025,0.0001080534355008913,0.0002160086598869403,0.0009765852877491737,-0.0001080534364830025
2,0.0035349000000008688,2.172354542012196,-0.0009818521052677998,-12.0,-1.087650058982521,12.0,-0.001301443695426646,0.0001086668206877253,0.0001086668197058732,0.0002172354542012196,0.0009755632205953879,-0.0001086668206877253
2,0.0035351000000008693,2.184619054678424,-0.0009815915223863048,-12.0,-1.093781924438707,12.0,-0.001302260867605196,0.0001092800332916321,0.0001092800323100405,0.0002184619054678424,0.0009745408519938464,-0.000109280033291632
2,0.003535300000000869,2.196880117500758,-0.0009813294001758122,-12.0,-1.099912062663936,12.0,-0.001303077222766319,0.0001098930733263761,0.0001098930723450467,0.0002196880117500758,0.0009735181838941426,-0.0001098930733263761
2,0.00353550000000087,2.209137711117237,-0.0009810657390616484,-12.0,-1.106040463977868,12.0,-0.001303892759957986,0.0001105059398238807,0.0001105059388428149,0.0002209137711117237,0.0009724952182481594,-0.0001105059398238806
2,0.00353570000000087,2.22139181617148,-0.0009808005394722485,-12.0,-1.112167118702954,12.0,-0.001304707478231332,0.0001111186318163482,0.0001111186308355476,0.000222139181617148,0.0009714719570103753,-0.0001111186318163482
2,0.0035359000000008698,2.233642413312578,-0.0009805338018167298,-12.0,-1.118292017164352,12.0,-0.001305521376640639,0.0001117311483362535,0.0001117311473557197,0.0002233642413312578,0.000970448402137461,-0.0001117311483362535
2,0.0035361000000008703,2.245889483195105,-0.0009802655265253035,-12.0,-1.124415149689995,12.0,-0.00130633445424358,0.000112343488416347,0.0001123434874360815,0.0002245889483195105,0.0009694245555886827,-0.000112343488416347
2,0.00353630000000087,2.258133006479294,-0.0009799957140346205,-12.0,-1.130536506610656,12.0,-0.001307146710101043,0.0001129556510896621,0.0001129556501096664,0.0002258133006479294,0.000968400419325624,-0.0001129556510896622
2,0.00353650000000087,2.270372963830924,-0.0009797243647572396,-12.0,-1.136656078259841,12.0,-0.001307958143276999,0.0001135676353895084,0.0001135676344097841,0.0002270372963830924,0.0009673759953123251,-0.0001135676353895084
2,0.0035367000000008702,2.282609335921425,-0.0009794514791464648,-12.0,-1.142773854973947,12.0,-0.001308768752838835,0.0001141794403494801,0.0001141794393700286,0.0002282609335921425,0.0009663512855151574,-0.0001141794403494801
2,0.00353690000000087,2.294842103427881,-0.0009791770576152992,-12.0,-1.148889827092134,12.0,-0.001309578537857237,0.0001147910650034519,0.0001147910640242748,0.0002294842103427882,0.0009653262919029071,-0.0001147910650034519
2,0.00353710000000087,2.30707124703307,-0.000978901100623819,-12.0,-1.155003984956482,12.0,-0.00131038749740589,0.0001154025083855858,0.0001154025074066847,0.000230707124703307,0.0009643010164468863,-0.0001154025083855858
2,0.003537300000000871,2.319296747425516,-0.00097862360859291,-12.0,-1.161116318911883,12.0,-0.001311195630561951,0.0001160137695303291,0.0001160137685517054,0.0002319296747425516,0.0009632754611205718,-0.0001160137695303291
2,0.003537500000000871,2.331518585299419,-0.0009783445819713243,-12.0,-1.167226819306112,12.0,-0.001312002936405765,0.0001166248474724141,0.0001166248464940695,0.0002331518585299419,0.0009622496279000359,-0.0001166248474724141
2,0.0035377000000008712,2.343736741354856,-0.000978064021213254,-12.0,-1.173335476489888,12.0,-0.001312809414020982,0.0001172357412468675,0.0001172357402688035,0.0002343736741354856,0.0009612235187636264,-0.0001172357412468675
2,0.003537900000000871,2.35595119629769,-0.0009777819267512422,-12.0,-1.179442280816791,12.0,-0.001313615062494389,0.000117846449889004,0.000117846448911222,0.000235595119629769,0.0009601971356921202,-0.000117846449889004
2,0.003538100000000871,2.368161930839566,-0.000977498299039481,-12.0,-1.185547222643325,12.0,-0.001314419880916129,0.0001184569724344286,0.0001184569714569303,0.0002368161930839567,0.0009591704806686113,-0.0001184569724344286
2,0.003538300000000871,2.380368925698094,-0.0009772131385407112,-12.0,-1.19165029232899,12.0,-0.001315223868379484,0.0001190673079190449,0.0001190673069418318,0.0002380368925698095,0.0009581435556787199,-0.0001190673079190449
2,0.003538500000000871,2.392572161596762,-0.0009769264456939153,-12.0,-1.197751480236186,12.0,-0.001316027023981203,0.0001196774553790492,0.0001196774544021228,0.0002392572161596762,0.0009571163627103141,-0.0001196774553790492
2,0.0035387000000008714,2.404771619264929,-0.000976638220961834,-12.0,-1.20385077673029,12.0,-0.00131682934682123,0.0001202874138509328,0.0001202874128742945,0.0002404771619264929,0.0009560889037536213,-0.0001202874138509328
2,0.003538900000000871,2.416967279438017,-0.0009763484648129817,-12.0,-1.209948172179713,12.0,-0.001317630836002615,0.00012089718237149,0.0001208971813951415,0.0002416967279438017,0.0009550611808013393,-0.0001208971823714899
2,0.003539100000000872,2.429159122857407,-0.000976057177695111,-12.0,-1.216043656955818,12.0,-0.001318431490631877,0.0001215067599778124,0.0001215067590017551,0.0002429159122857407,0.0009540331958485249,-0.0001215067599778123
2,0.003539300000000872,2.441347130270455,-0.0009757643600768473,-12.0,-1.222137221432987,12.0,-0.001319231309818786,0.000122116145707291,0.0001221161447315266,0.0002441347130270455,0.0009530049508924554,-0.000122116145707291
2,0.003539500000000872,2.453531282430637,-0.0009754700124310345,-12.0,-1.228228855988665,12.0,-0.001320030292676216,0.0001227253385976234,0.0001227253376221534,0.0002453531282430637,0.0009519764479330034,-0.0001227253385976234
2,0.0035397000000008724,2.465711560097562,-0.0009751741352286292,-12.0,-1.234318551003366,12.0,-0.001320828438320459,0.0001233343376868137,0.0001233343367116396,0.0002465711560097562,0.0009509476889722063,-0.0001233343376868137
2,0.003539900000000872,2.477887944036831,-0.0009748767289179394,-12.0,-1.24040629686056,12.0,-0.001321625745871025,0.0001239431420131642,0.0001239431410382875,0.0002477887944036832,0.0009499186760145578,-0.0001239431420131642
2,0.003540100000000872,2.490060415020233,-0.0009745777940037836,-12.0,-1.2464920839469,12.0,-0.001322422214450808,0.0001245517506152897,0.0001245517496407118,0.0002490060415020233,0.0009488894110669249,-0.0001245517506152896
2,0.0035403000000008723,2.502228953825841,-0.0009742773309479036,-12.0,-1.252575902652115,12.0,-0.001323217843185842,0.0001251601625321168,0.0001251601615578394,0.0002502228953825841,0.0009478598961384088,-0.0001251601625321168
2,0.003540500000000872,2.514393541237829,-0.000973975340226918,-12.0,-1.258657743369008,12.0,-0.001324012631205546,0.0001257683768028782,0.0001257683758289028,0.0002514393541237829,0.0009468301332405255,-0.0001257683768028782
2,0.003540700000000872,2.526554158046606,-0.0009736718223227747,-12.0,-1.264737596493505,12.0,-0.001324806577642501,0.0001263763924671183,0.0001263763914934464,0.0002526554158046606,0.0009458001243872749,-0.0001263763924671183
2,0.003540900000000873,2.538710785048917,-0.0009733667777305222,-12.0,-1.270815452424723,12.0,-0.001325599681632733,0.0001269842085646992,0.0001269842075913324,0.0002538710785048917,0.0009447698715947944,-0.0001269842085646992
2,0.003541100000000873,2.55086340304779,-0.0009730602069207839,-12.0,-1.276891301564879,12.0,-0.001326391942315458,0.0001275918241357958,0.0001275918231627356,0.0002550863403047791,0.0009437393768815805,-0.0001275918241357958
2,0.0035413000000008733,2.563011992852516,-0.0009727521103881642,-12.0,-1.282965134319361,12.0,-0.001327183358833139,0.0001281992382208974,0.0001281992372481452,0.0002563011992852516,0.000942708642268697,-0.0001281992382208973
2,0.003541500000000873,2.575156535278841,-0.0009724424886320415,-12.0,-1.289036941096794,12.0,-0.0013279739303316,0.0001288064498608162,0.0001288064488883737,0.0002575156535278841,0.0009416776697792617,-0.0001288064498608162
2,0.003541700000000873,2.587297011148873,-0.0009721313421318101,-12.0,-1.295106712308948,12.0,-0.001328763655959936,0.0001294134580966816,0.0001294134571245503,0.0002587297011148874,0.000940646461438932,-0.0001294134580966816
2,0.003541900000000873,2.599433401291078,-0.0009718186713881805,-12.0,-1.301174438370808,12.0,-0.001329552534870659,0.000130020261969942,0.0001300202609981233,0.0002599433401291079,0.0009396150192754887,-0.000130020261969942
2,0.003542100000000873,2.611565686540442,-0.0009715044769060821,-12.0,-1.307240109700625,12.0,-0.001330340566219335,0.0001306268605223719,0.0001306268595508674,0.0002611565686540442,0.0009385833453192383,-0.0001306268605223719
2,0.003542300000000873,2.623693847738483,-0.0009711887591864476,-12.0,-1.313303716719909,12.0,-0.001331127749164968,0.0001312332527960723,0.0001312332518248835,0.0002623693847738483,0.0009375514416027492,-0.0001312332527960723
2,0.003542500000000873,2.635817865733097,-0.0009708715187105588,-12.0,-1.319365249853329,12.0,-0.001331914082869895,0.0001318394378334619,0.0001318394368625904,0.0002635817865733097,0.0009365193101609215,-0.0001318394378334619
2,0.003542700000000874,2.647937721378766,-0.000970552756013654,-12.0,-1.325424699528931,12.0,-0.001332699566499645,0.0001324454146772918,0.000132445413706739,0.0002647937721378766,0.0009354869530308341,-0.0001324454146772918
2,0.003542900000000874,2.660053395536672,-0.0009702324715935573,-12.0,-1.331482056178051,12.0,-0.001333484199223189,0.0001330511823706458,0.0001330511814004133,0.0002660053395536672,0.0009344543722521054,-0.0001330511823706458
2,0.003543100000000874,2.672164869074418,-0.0009699106659417644,-12.0,-1.337537310235228,12.0,-0.001334267980212606,0.0001336567399569287,0.000133656738987018,0.0002672164869074418,0.0009334215698665466,-0.0001336567399569286
2,0.003543300000000874,2.684272122866299,-0.0009695873395997312,-12.0,-1.343590452138423,12.0,-0.001335050908643526,0.0001342620864798823,0.000134262085510295,0.00026842721228663,0.0009323885479182725,-0.0001342620864798823
2,0.003543500000000874,2.696375137793396,-0.0009692624930731641,-12.0,-1.349641472328933,12.0,-0.001335832983694718,0.000134867220983586,0.0001348672200143235,0.0002696375137793396,0.0009313553084537157,-0.0001348672209835859
2,0.0035437000000008738,2.708473894743301,-0.0009689361268602203,-12.0,-1.355690361251302,12.0,-0.001336614204548281,0.0001354721425124443,0.0001354721415435081,0.0002708473894743301,0.0009303218535216679,-0.0001354721425124442
2,0.0035439000000008743,2.720568374610394,-0.0009686082415102382,-12.0,-1.361737109353545,12.0,-0.001337394570389533,0.0001360768501112035,0.0001360768491425952,0.0002720568374610394,0.0009292881851732243,-0.0001360768501112035
2,0.003544100000000874,2.732658558295902,-0.0009682788375314777,-12.0,-1.367781707087037,12.0,-0.001338174080407512,0.0001366813428249505,0.0001366813418566717,0.0002732658558295902,0.0009282543054615899,-0.0001366813428249505
2,0.003544300000000874,2.744744426707734,-0.0009679479154464099,-12.0,-1.373824144906516,12.0,-0.001338952733794002,0.000137285619699107,0.000137285618731159,0.0002744744426707734,0.0009272202164425508,-0.0001372856196991069
2,0.003544500000000875,2.756825960760603,-0.0009676154757830568,-12.0,-1.379864413270131,12.0,-0.001339730529744482,0.0001378896797794348,0.0001378896788118193,0.0002756825960760603,0.0009261859201740441,-0.0001378896797794348
2,0.0035447000000008748,2.768903141376138,-0.0009672815190823192,-12.0,-1.385902502639508,12.0,-0.001340507467457674,0.0001384935221120426,0.000138493521144761,0.0002768903141376138,0.000925151418716269,-0.0001384935221120426
2,0.0035449000000008753,2.780975949482821,-0.0009669460458610057,-12.0,-1.391938403479663,12.0,-0.001341283546135552,0.0001390971457433802,0.0001390971447764341,0.0002780975949482821,0.0009241167141317702,-0.0001390971457433802
2,0.003545100000000875,2.793044366015977,-0.0009666090566585739,-12.0,-1.397972106259067,12.0,-0.001342058764983473,0.0001397005497202409,0.0001397005487536318,0.0002793044366015977,0.0009230818084852987,-0.0001397005497202408
2,0.003545300000000875,2.805108371917952,-0.0009662705520220305,-12.0,-1.404003601449714,12.0,-0.001342833123209985,0.0001403037330897693,0.0001403037321234987,0.0002805108371917952,0.0009220467038440899,-0.0001403037330897692
2,0.003545500000000875,2.81716794813803,-0.0009659305324751788,-12.0,-1.410032879527033,12.0,-0.001343606620027249,0.0001409066948994559,0.0001409066939335253,0.000281716794813803,0.0009210114022774052,-0.0001409066948994558
2,0.003545700000000875,2.829223075632431,-0.0009655889985658028,-12.0,-1.416059930969954,12.0,-0.00134437925465053,0.0001415094341971389,0.0001415094332315499,0.0002829223075632431,0.0009199759058569068,-0.0001415094341971389
2,0.003545900000000875,2.841273735364467,-0.0009652459508430189,-12.0,-1.422084746260957,12.0,-0.001345151026298397,0.0001421119500310115,0.0001421119490657655,0.0002841273735364467,0.0009189402166565191,-0.0001421119500310114
2,0.003546100000000876,2.853319908304525,-0.0009649013898515024,-12.0,-1.428107315886054,12.0,-0.001345921934192806,0.0001427142414496203,0.0001427142404847188,0.0002853319908304525,0.000917904336752498,-0.0001427142414496202
2,0.003546300000000876,2.865361575430026,-0.0009645553161337084,-12.0,-1.434127630334767,12.0,-0.001346691977559128,0.0001433163075018634,0.000143316306537308,0.0002865361575430027,0.0009168682682232782,-0.0001433163075018633
2,0.003546500000000876,2.877398717725479,-0.0009642077302427499,-12.0,-1.440145680100181,12.0,-0.001347461155626006,0.0001439181472369939,0.0001439181462727861,0.0002877398717725479,0.000915832013149584,-0.0001439181472369939
2,0.003546700000000876,2.889431316182617,-0.0009638586327429532,-12.0,-1.446161455679009,12.0,-0.001348229467625361,0.0001445197597046266,0.000144519758740768,0.0002889431316182617,0.0009147955736143604,-0.0001445197597046266
2,0.003546900000000876,2.901459351800316,-0.0009635080241759963,-12.0,-1.452174947571503,12.0,-0.001348996912792444,0.0001451211439547327,0.0001451211429912246,0.0002901459351800317,0.0009137589517029532,-0.0001451211439547327
2,0.003547100000000876,2.913482805584606,-0.0009631559051055394,-12.0,-1.45818614628152,12.0,-0.001349763490366002,0.0001457222990376416,0.0001457222980744856,0.0002913482805584607,0.0009127221495028731,-0.0001457222990376415
2,0.003547300000000876,2.925501658548837,-0.0009628022761012378,-12.0,-1.464195042316593,12.0,-0.001350529199587974,0.0001463232240040492,0.0001463232230412469,0.0002925501658548837,0.0009116851691037819,-0.0001463232240040492
2,0.0035475000000008763,2.937515891713594,-0.0009624471377119859,-12.0,-1.470201626187837,12.0,-0.001351294039703604,0.0001469239179050125,0.0001469239169425653,0.0002937515891713595,0.0009106480125978395,-0.0001469239179050125
2,0.003547700000000876,2.949525486106699,-0.0009620904905093264,-12.0,-1.476205888410018,12.0,-0.001352058009961715,0.000147524379791951,0.0001475243788298604,0.0002949525486106699,0.0009096106820791899,-0.0001475243797919509
2,0.003547900000000877,2.961530422763388,-0.0009617323350702423,-12.0,-1.482207819501622,12.0,-0.001352821109614183,0.0001481246087166553,0.0001481246077549229,0.0002961530422763388,0.0009085731796444341,-0.0001481246087166552
2,0.003548100000000877,2.973530682726224,-0.0009613726719501781,-12.0,-1.488207409984764,12.0,-0.001353583337916492,0.0001487246037312814,0.0001487246027699087,0.0002973530682726224,0.0009075355073922542,-0.0001487246037312813
2,0.003548300000000877,2.98552624704509,-0.0009610115017282261,-12.0,-1.494204650385252,12.0,-0.001354344694127124,0.0001493243638883525,0.0001493243629273409,0.000298552624704509,0.0009064976674237335,-0.0001493243638883524
2,0.0035485000000008773,2.997517096777383,-0.0009606488249880307,-12.0,-1.500199531232662,12.0,-0.001355105177508392,0.0001499238882407674,0.0001499238872801185,0.0002997517096777383,0.0009054596618419952,-0.0001499238882407674
2,0.003548700000000877,3.009503212987882,-0.0009602846422900324,-12.0,-1.506192043060223,12.0,-0.001355864787325523,0.0001505231758417933,0.0001505231748815086,0.0003009503212987883,0.0009044214927525634,-0.0001505231758417933
2,0.003548900000000877,3.021484576748867,-0.0009599189542344178,-12.0,-1.512182176404975,12.0,-0.001356623522847294,0.0001511222257450741,0.000151122224785155,0.0003021484576748867,0.0009033831622631827,-0.000151122225745074
2,0.0035491000000008772,3.033461169140133,-0.0009595517613860682,-12.0,-1.518169921807663,12.0,-0.001357381383345929,0.0001517210370046278,0.0001517210360450759,0.0003033461169140133,0.0009023446724836792,-0.0001517210370046277
2,0.003549300000000877,3.045432971248938,-0.0009591830643351784,-12.0,-1.524155269812802,12.0,-0.001358138368096701,0.0001523196086748468,0.0001523196077156637,0.0003045432971248938,0.00090130602552628,-0.0001523196086748467
2,0.003549500000000877,3.057399964170199,-0.0009588128636788262,-12.0,-1.530138210968747,12.0,-0.00135889447637863,0.0001529179398105068,0.0001529179388516939,0.0003057399964170199,0.00090026722350528,-0.0001529179398105068
2,0.003549700000000878,3.069362129006372,-0.0009584411599885545,-12.0,-1.536118735827581,12.0,-0.001359649707473792,0.0001535160294667592,0.000153516028508318,0.0003069362129006372,0.0008992282685373748,-0.0001535160294667592
2,0.003549900000000878,3.081319446867556,-0.0009580679538767622,-12.0,-1.542096834945273,12.0,-0.00136040406066773,0.0001541138766991396,0.0001541138757410717,0.0003081319446867556,0.0008981891627412447,-0.0001541138766991396
2,0.0035501000000008782,3.09327189887152,-0.0009576932459196552,-12.0,-1.548072498881572,12.0,-0.001361157535249347,0.0001547114805635653,0.0001547114796058719,0.000309327189887152,0.0008971499082380402,-0.0001547114805635652
2,0.003550300000000878,3.10521946614364,-0.0009573170367211947,-12.0,-1.554045718200072,12.0,-0.001361910130510902,0.0001553088401163352,0.0001553088391590181,0.000310521946614364,0.0008961105071509101,-0.0001553088401163351
2,0.003550500000000878,3.117162129817107,-0.0009569393268880066,-12.0,-1.560016483468279,12.0,-0.001362661845748042,0.0001559059544141391,0.0001559059534571997,0.0003117162129817107,0.0008950709616053487,-0.0001559059544141391
2,0.003550700000000878,3.129099871032815,-0.0009565601170085092,-12.0,-1.565984785257521,12.0,-0.001363412680259773,0.0001565028225140514,0.0001565028215574912,0.0003129099871032815,0.0008940312737288902,-0.0001565028225140513
2,0.003550900000000878,3.14103267093938,-0.0009561794076906605,-12.0,-1.57195061414302,12.0,-0.001364162633348376,0.0001570994434735331,0.0001570994425173535,0.000314103267093938,0.0008929914456515808,-0.000157099443473533
2,0.003551100000000878,3.152960510693307,-0.0009557971995499681,-12.0,-1.57791396070395,12.0,-0.001364911704319766,0.0001576958163504401,0.0001576958153946429,0.0003152960510693307,0.0008919514795051875,-0.00015769581635044
2,0.003551300000000878,3.164883371458877,-0.000955413493177959,-12.0,-1.58387481552334,12.0,-0.001365659892482829,0.0001582919402030163,0.0001582919392476027,0.0003164883371458877,0.0008909113774242111,-0.0001582919402030162
2,0.003551500000000879,3.176801234408257,-0.0009550282892056838,-12.0,-1.58983316918822,12.0,-0.001366407197150116,0.0001588878140899015,0.0001588878131348731,0.0003176801234408257,0.0008898711415449428,-0.0001588878140899014
2,0.003551700000000879,3.188714080721519,-0.0009546415882293324,-12.0,-1.595789012289519,12.0,-0.001367153617637507,0.000159483437070129,0.0001594834361154874,0.0003188714080721519,0.0008888307740060469,-0.000159483437070129
2,0.003551900000000879,3.200621891586586,-0.0009542533908695194,-12.0,-1.601742335422131,12.0,-0.00136789915326424,0.0001600788082031262,0.0001600788072488728,0.0003200621891586586,0.0008877902769482832,-0.0001600788082031262
2,0.003552100000000879,3.212524648199425,-0.0009538636977548531,-12.0,-1.607693129184981,12.0,-0.001368643803352915,0.0001606739265487227,0.000160673925594859,0.0003212524648199425,0.0008867496525146873,-0.0001606739265487226
2,0.003552300000000879,3.224422331763951,-0.0009534725094897389,-12.0,-1.613641384180935,12.0,-0.001369387567229374,0.0001612687911671446,0.0001612687902136721,0.0003224422331763951,0.0008857089028504878,-0.0001612687911671446
2,0.0035525000000008787,3.236314923492035,-0.0009530798267041174,-12.0,-1.619587091016871,12.0,-0.001370130444223155,0.0001618634011190168,0.0001618634001659369,0.0003236314923492035,0.0008846680301028975,-0.0001618634011190167
2,0.0035527000000008793,3.248202404603676,-0.0009526856500301495,-12.0,-1.62553024030374,12.0,-0.001370872433666986,0.000162457755465371,0.0001624577545126853,0.0003248202404603677,0.0008836270364215304,-0.000162457755465371
2,0.003552900000000879,3.26008475632691,-0.0009522899800828988,-12.0,-1.631470822656479,12.0,-0.001371613534896815,0.0001630518532676397,0.0001630518523153496,0.000326008475632691,0.0008825859239580403,-0.0001630518532676396
2,0.003553100000000879,3.271961959897819,-0.0009518928174971908,-12.0,-1.637408828694084,12.0,-0.001372353747252253,0.0001636456935876587,0.0001636456926357658,0.0003271961959897819,0.000881544694866343,-0.0001636456935876587
2,0.00355330000000088,3.283833996560681,-0.0009514941629098495,-12.0,-1.643344249039647,12.0,-0.00137309307007627,0.0001642392754876738,0.0001642392745361795,0.0003283833996560681,0.0008805033513024363,-0.0001642392754876737
2,0.0035535000000008797,3.29570084756795,-0.0009510940169545901,-12.0,-1.649277074320347,12.0,-0.00137383150271489,0.0001648325980303393,0.0001648325970792452,0.000329570084756795,0.0008794618954246214,-0.0001648325980303392
2,0.0035537000000008803,3.307562494180222,-0.0009506923802613532,-12.0,-1.655207295167427,12.0,-0.001374569044517993,0.0001654256602787166,0.0001654256593280242,0.0003307562494180222,0.0008784203293930315,-0.0001654256602787165
2,0.00355390000000088,3.31941891766628,-0.0009502892534722918,-12.0,-1.66113490221624,12.0,-0.00137530569483868,0.0001660184612962769,0.0001660184603459876,0.000331941891766628,0.0008773786553702978,-0.0001660184612962768
2,0.00355410000000088,3.331270099303235,-0.0009498846372384406,-12.0,-1.667059886106322,12.0,-0.001376041453033133,0.0001666110001469084,0.0001666109991970237,0.0003331270099303235,0.0008763368755211609,-0.0001666110001469083
2,0.00355430000000088,3.343116020376451,-0.0009494785321899624,-12.0,-1.672982237481295,12.0,-0.001376776318461392,0.0001672032758949106,0.000167203274945432,0.0003343116020376451,0.0008752949920122488,-0.0001672032758949105
2,0.00355450000000088,3.354956662179533,-0.0009490709389781138,-12.0,-1.678901946988943,12.0,-0.001377510290486716,0.0001677952876049966,0.0001677952866559256,0.0003354956662179533,0.0008742530070126875,-0.0001677952876049965
2,0.00355470000000088,3.366792006014518,-0.0009486618582610351,-12.0,-1.684819005281269,12.0,-0.001378243368475585,0.0001683870343423009,0.000168387033393639,0.0003366792006014518,0.0008732109226934903,-0.0001683870343423008
2,0.00355490000000088,3.378622033191775,-0.0009482512906762164,-12.0,-1.690733403014414,12.0,-0.001378975551798028,0.0001689785151723739,0.0001689785142241226,0.0003378622033191775,0.0008721687412279466,-0.0001689785151723738
2,0.003555100000000881,3.390446725030012,-0.0009478392368813537,-12.0,-1.69664513084872,12.0,-0.001379706839827549,0.000169569729161184,0.0001695697282133447,0.0003390446725030012,0.0008711264647914274,-0.0001695697291611839
2,0.003555300000000881,3.402266062856451,-0.0009474256975421369,-12.0,-1.702554179448796,12.0,-0.001380437231940923,0.0001701606753751254,0.0001701606744276997,0.0003402266062856451,0.0008700840955614408,-0.0001701606753751254
2,0.003555500000000881,3.414080028006739,-0.0009470106733018291,-12.0,-1.708460539483429,12.0,-0.001381166727518368,0.0001707513528810128,0.000170751351934002,0.0003414080028006739,0.0008690416357175768,-0.0001707513528810127
2,0.003555700000000881,3.425888601824946,-0.0009465941648270082,-12.0,-1.714364201625655,12.0,-0.001381895325943433,0.0001713417607460829,0.0001713417597994887,0.0003425888601824946,0.0008679990874417842,-0.0001713417607460828
2,0.003555900000000881,3.437691765663725,-0.0009461761727858065,-12.0,-1.720265156552803,12.0,-0.001382623026603302,0.0001719318980380018,0.0001719318970918256,0.0003437691765663725,0.0008669564529177609,-0.0001719318980380017
2,0.0035561000000008808,3.449489500884315,-0.0009457566978445797,-12.0,-1.726163394946491,12.0,-0.001383349828888242,0.0001725217638248647,0.000172521762879108,0.0003449489500884315,0.0008659137343317025,-0.0001725217638248647
2,0.0035563000000008813,3.4612817888564,-0.0009453357406488117,-12.0,-1.732058907492531,12.0,-0.001384075732192097,0.0001731113571751883,0.0001731113562298525,0.00034612817888564,0.0008648709338716642,-0.0001731113571751882
2,0.003556500000000881,3.47306861095831,-0.0009449133018986089,-12.0,-1.737951684881136,12.0,-0.001384800735912128,0.0001737006771579238,0.0001737006762130104,0.000347306861095831,0.0008638280537279774,-0.0001737006771579237
2,0.003556700000000882,3.484849948577104,-0.0009444893822514455,-12.0,-1.743841717806823,12.0,-0.001385524839449037,0.0001742897228424572,0.0001742897218979678,0.0003484849948577104,0.0008627850960929162,-0.0001742897228424572
2,0.003556900000000882,3.496625783108397,-0.0009440639823803387,-12.0,-1.749728996968409,12.0,-0.001386248042206828,0.000174878493298603,0.0001748784923545389,0.0003496625783108397,0.0008617420631610584,-0.0001748784932986029
2,0.0035571000000008818,3.50839609595649,-0.0009436371029631907,-12.0,-1.755613513069061,12.0,-0.001386970343592947,0.0001754669875966099,0.0001754669866529727,0.0003508396095956491,0.0008606989571289247,-0.0001754669875966098
2,0.0035573000000008823,3.520160868534476,-0.0009432087446885618,-12.0,-1.761495256816358,12.0,-0.001387691743018227,0.0001760552048071671,0.0001760552038639582,0.0003520160868534476,0.000859655780195312,-0.000176055204807167
2,0.003557500000000882,3.53192008226416,-0.0009427789082252502,-12.0,-1.767374218922207,12.0,-0.001388412239897135,0.0001766431440013982,0.0001766431430586193,0.000353192008226416,0.0008586125345608486,-0.0001766431440013981
2,0.003557700000000882,3.543673718576078,-0.0009423475942615944,-12.0,-1.773250390102907,12.0,-0.001389131833647139,0.0001772308042508646,0.000177230803308517,0.0003543673718576078,0.0008575692224286058,-0.0001772308042508645
2,0.0035579000000008822,3.55542175890966,-0.0009419148034917058,-12.0,-1.779123761079215,12.0,-0.001389850523689451,0.0001778181846275724,0.0001778181836856576,0.0003555421758909659,0.0008565258460035141,-0.0001778181846275724
2,0.003558100000000882,3.567164184713133,-0.0009414805365923762,-12.0,-1.784994322576261,12.0,-0.001390568309448698,0.0001784052842039669,0.0001784052832624863,0.0003567164184713134,0.0008554824074926415,-0.0001784052842039669
2,0.003558300000000882,3.578900977443546,-0.0009410447942588274,-12.0,-1.790862065323609,12.0,-0.001391285190352698,0.0001789921020529351,0.0001789921011118902,0.0003578900977443546,0.0008544389091051652,-0.0001789921020529351
2,0.003558500000000883,3.590632118566924,-0.0009406075771931643,-12.0,-1.796726980055327,12.0,-0.001392001165832851,0.0001795786372478135,0.0001795786363072058,0.0003590632118566924,0.0008533953530523442,-0.0001795786372478134
2,0.003558700000000883,3.602357589558185,-0.000940168886076842,-12.0,-1.802589057509897,12.0,-0.001392716235324082,0.0001801648888623821,0.0001801648879222131,0.0003602357589558185,0.0008523517415474358,-0.000180164888862382
2,0.0035589000000008832,3.614077371901149,-0.0009397287216130756,-12.0,-1.808448288430281,12.0,-0.001393430398264422,0.0001807508559708669,0.0001807508550311381,0.0003614077371901149,0.0008513080768059733,-0.0001807508559708668
2,0.003559100000000883,3.625791447088679,-0.000939287084507523,-12.0,-1.814304663563971,12.0,-0.001394143654095514,0.0001813365376479465,0.0001813365367086593,0.0003625791447088679,0.0008502643610454053,-0.0001813365376479464
2,0.003559300000000883,3.637499796622697,-0.0009388439754645095,-12.0,-1.820158173662985,12.0,-0.001394856002262607,0.0001819219329687522,0.0001819219320299081,0.0003637499796622697,0.000849220596485234,-0.0001819219329687521
2,0.003559500000000883,3.64920240201404,-0.0009383993951670444,-12.0,-1.826008809483764,12.0,-0.00139556744221403,0.0001825070410088598,0.0001825070400704603,0.000364920240201404,0.0008481767853471545,-0.0001825070410088597
2,0.003559700000000883,3.66089924478266,-0.0009379533443514276,-12.0,-1.83185656178739,12.0,-0.001396277973401666,0.000183091860844304,0.0001830918599063506,0.000366089924478266,0.000847132929854888,-0.0001830918608443039
2,0.0035599000000008834,3.672590306457723,-0.0009375058237173217,-12.0,-1.837701421339496,12.0,-0.00139698759528098,0.0001836763915515779,0.000183676390614072,0.0003672590306457724,0.0008460890322340708,-0.0001836763915515779
2,0.003560100000000883,3.684275568577358,-0.000937056833958394,-12.0,-1.843543378910184,12.0,-0.001397696307310625,0.0001842606322076227,0.0001842606312705658,0.0003684275568577358,0.0008450450947126154,-0.0001842606322076226
2,0.003560300000000884,3.695955012688906,-0.0009366063758164955,-12.0,-1.849382425274241,12.0,-0.001398404108952839,0.0001848445818898426,0.0001848445809532361,0.0003695955012688906,0.0008440011195204322,-0.0001848445818898425
2,0.003560500000000884,3.707628620348987,-0.0009361544499950636,-12.0,-1.855218551211031,12.0,-0.001399110999673242,0.0001854282396761037,0.0001854282387399491,0.0003707628620348988,0.0008429571088893473,-0.0001854282396761036
2,0.003560700000000884,3.719296373123341,-0.0009357010572110802,-12.0,-1.861051747504498,12.0,-0.001399816978940982,0.0001860116046447287,0.0001860116037090276,0.0003719296373123341,0.000841913065053379,-0.0001860116046447287
2,0.0035609000000008844,3.730958252586943,-0.0009352461981855242,-12.0,-1.866882004943212,12.0,-0.001400522046228425,0.0001865946758745027,0.0001865946749392564,0.0003730958252586943,0.0008408689902485444,-0.0001865946758745026
2,0.003561100000000884,3.74261424032411,-0.0009347898736533633,-12.0,-1.872709314320434,12.0,-0.001401226201011518,0.0001871774524446781,0.0001871774515098882,0.000374261424032411,0.0008398248867129421,-0.000187177452444678
2,0.0035613000000008837,3.754264317928444,-0.0009343320843251401,-12.0,-1.878533666434031,12.0,-0.00140192944276965,0.0001877599334349706,0.0001877599325006385,0.0003754264317928444,0.0008387807566866412,-0.0001877599334349706
2,0.0035615000000008843,3.765908467002818,-0.0009338728309344901,-12.0,-1.884355052086539,12.0,-0.001402631770985707,0.0001883421179255605,0.0001883421169916876,0.0003765908467002818,0.0008377366024117372,-0.0001883421179255604
2,0.003561700000000884,3.777546669159552,-0.0009334121142205998,-12.0,-1.890173462085228,12.0,-0.001403333185145766,0.0001889240049971009,0.0001889240040636886,0.0003777546669159552,0.0008366924261324626,-0.0001889240049971008
2,0.003561900000000884,3.789178906020332,-0.0009329499349026715,-12.0,-1.895988887242019,12.0,-0.00140403368473957,0.0001895055937307118,0.0001895055927977618,0.0003789178906020332,0.0008356482300950485,-0.0001895055937307117
2,0.003562100000000885,3.800805159216206,-0.0009324862937198919,-12.0,-1.901801318373546,12.0,-0.001404733269260217,0.0001900868832079827,0.0001900868822754963,0.0003800805159216206,0.0008346040165476964,-0.0001900868832079826
2,0.0035623000000008847,3.812425410387753,-0.000932021191419441,-12.0,-1.907610746301217,12.0,-0.001405431938204332,0.0001906678725109799,0.0001906678715789586,0.0003812425410387753,0.0008335597877405787,-0.0001906678725109798
2,0.0035625000000008853,3.824039641184984,-0.0009315546287227416,-12.0,-1.913417161851123,12.0,-0.001406129691071845,0.0001912485607222401,0.0001912485597906853,0.0003824039641184984,0.000832515545926088,-0.00019124856072224
2,0.003562700000000885,3.835647833267431,-0.0009310866063929613,-12.0,-1.919220555854171,12.0,-0.001406826527366206,0.0001918289469247779,0.0001918289459936912,0.0003835647833267431,0.0008314712933584212,-0.0001918289469247778
2,0.003562900000000885,3.847249968304158,-0.000930617125152633,-12.0,-1.925020919145979,12.0,-0.001407522446594311,0.0001924090302020827,0.0001924090292714655,0.0003847249968304158,0.0008304270322939677,-0.0001924090302020826
2,0.003563100000000885,3.858846027973795,-0.0009301461857689208,-12.0,-1.930818242567013,12.0,-0.001408217448266386,0.0001929888096381245,0.0001929888087079782,0.0003858846027973795,0.0008293827649909769,-0.0001929888096381244
2,0.003563300000000885,3.870435993964586,-0.0009296737889745721,-12.0,-1.936612516962493,12.0,-0.001408911531896345,0.0001935682843173519,0.000193568283387678,0.0003870435993964586,0.0008283384937097515,-0.0001935682843173518
2,0.003563500000000885,3.882019847974328,-0.0009291999355252045,-12.0,-1.942403733182452,12.0,-0.001409604697001354,0.0001941474533246927,0.0001941474523954927,0.0003882019847974329,0.0008272942207126488,-0.0001941474533246927
2,0.003563700000000885,3.893597571710557,-0.0009287246261837634,-12.0,-1.9481918820818,12.0,-0.001410296943102046,0.0001947263157455618,0.0001947263148168371,0.0003893597571710558,0.000826249948264024,-0.0001947263157455617
2,0.003563900000000886,3.905169146890461,-0.0009282478616918777,-12.0,-1.953976954520247,12.0,-0.001410988269722607,0.0001953048706658556,0.0001953048697376076,0.0003905169146890461,0.0008252056786301198,-0.0001953048706658555
2,0.003564100000000886,3.916734555240879,-0.0009277696428122706,-12.0,-1.959758941362355,12.0,-0.001411678676390526,0.0001958831171719544,0.0001958831162441846,0.0003916734555240879,0.0008241614140793163,-0.0001958831171719542
2,0.003564300000000886,3.928293778498478,-0.0009272899703145487,-12.0,-1.96553783347761,12.0,-0.001412368162636929,0.0001964610543507297,0.0001964610534234396,0.0003928293778498478,0.0008231171568818252,-0.0001964610543507296
2,0.003564500000000886,3.939846798409657,-0.0009268088449474465,-12.0,-1.971313621740338,12.0,-0.001413056727996131,0.0001970386812895392,0.0001970386803627303,0.0003939846798409658,0.0008220729093100232,-0.0001970386812895391
2,0.003564700000000886,3.951393596730563,-0.0009263262674803485,-12.0,-1.977086297029764,12.0,-0.001413744372006059,0.0001976159970762285,0.0001976159961499021,0.0003951393596730563,0.0008210286736381744,-0.0001976159970762284
2,0.0035649000000008858,3.962934155227242,-0.0009258422386897447,-12.0,-1.982855850230078,12.0,-0.001414431094208218,0.000198193000799139,0.0001981929998732966,0.0003962934155227242,0.0008199844521424582,-0.0001981930007991388
2,0.0035651000000008863,3.974468455675554,-0.0009253567593274781,-12.0,-1.988622272230336,12.0,-0.001415116894147278,0.000198769691547101,0.0001987696906217441,0.0003974468455675554,0.0008189402471011631,-0.0001987696915471008
2,0.003565300000000886,3.98599647986125,-0.0009248698301858038,-12.0,-1.994385553924602,12.0,-0.001415801771371766,0.0001993460684094418,0.0001993460674845718,0.0003985996479861251,0.0008178960607944097,-0.0001993460684094416
2,0.003565500000000886,3.997518209580013,-0.0009243814520207838,-12.0,-2.000145686211852,12.0,-0.001416485725433098,0.0001999221304759833,0.0001999221295516017,0.0003997518209580013,0.0008168518955045112,-0.0001999221304759831
2,0.003565700000000887,4.009033626637393,-0.0009238916256151253,-12.0,-2.005902659996035,12.0,-0.001417168755886655,0.0002004978768370422,0.0002004978759131504,0.0004009033626637394,0.0008158077535155017,-0.000200497876837042
2,0.0035659000000008868,4.020542712848999,-0.0009234003517550882,-12.0,-2.011656466186135,12.0,-0.001417850862291209,0.0002010733065834382,0.0002010733056600377,0.0004020542712848999,0.0008147636371133582,-0.000201073306583438
2,0.0035661000000008873,4.032045450040382,-0.0009229076312058382,-12.0,-2.017407095696076,12.0,-0.001418532044208554,0.0002016484188064871,0.0002016484178835794,0.0004032045450040382,0.0008137195485863336,-0.000201648418806487
2,0.003566300000000887,4.043541820047142,-0.0009224134647689564,-12.0,-2.023154539444859,12.0,-0.001419212301204481,0.0002022232125980092,0.0002022232116755956,0.0004043541820047142,0.000812675490224346,-0.000202223212598009
2,0.003566500000000887,4.055031804714945,-0.0009219178532138272,-12.0,-2.028898788356472,12.0,-0.001419891632847947,0.000202797687050326,0.0002027976861284079,0.0004055031804714945,0.0008116314643193956,-0.0002027976870503258
2,0.003566700000000887,4.066515385899474,-0.000921420797332928,-12.0,-2.034639833359944,12.0,-0.00142057003871135,0.0002033718412562613,0.0002033718403348404,0.0004066515385899474,0.0008105874731654528,-0.0002033718412562612
2,0.003566900000000887,4.077992545466609,-0.0009209222979251752,-12.0,-2.040377665389415,12.0,-0.001421247518370888,0.0002039456743091491,0.0002039456733882267,0.0004077992545466609,0.0008095435190581535,-0.000203945674309149
2,0.003567100000000887,4.08946326529232,-0.0009204223557657265,-12.0,-2.046112275384032,12.0,-0.001421924071405761,0.0002045191853028268,0.0002045191843824043,0.000408946326529232,0.0008084996042954928,-0.0002045191853028266
2,0.003567300000000888,4.100927527262762,-0.0009199209716694856,-12.0,-2.051843654288095,12.0,-0.001422599697398885,0.0002050923733316427,0.0002050923724117216,0.0004100927527262762,0.0008074557311771868,-0.0002050923733316425
2,0.003567500000000888,4.112385313274311,-0.0009194181464147189,-12.0,-2.057571793050959,12.0,-0.001423274395936702,0.0002056652374904546,0.0002056652365710363,0.0004112385313274311,0.0008064119020047833,-0.0002056652374904544
2,0.003567700000000888,4.12383660523349,-0.0009189138808070041,-12.0,-2.063296682627094,12.0,-0.001423948166608957,0.0002062377768746289,0.0002062377759557148,0.000412383660523349,0.0008053681190819673,-0.0002062377768746287
2,0.003567900000000888,4.135281385057171,-0.000918408175656138,-12.0,-2.069018313976152,12.0,-0.001424621009008753,0.0002068099905800497,0.0002068099896616414,0.0004135281385057171,0.0008043243847142834,-0.0002068099905800495
2,0.003568100000000888,4.14671963467248,-0.0009179010317517111,-12.0,-2.074736678062878,12.0,-0.00142529292273319,0.0002073818777031127,0.0002073818767852116,0.000414671963467248,0.0008032807012091636,-0.0002073818777031126
2,0.003568300000000888,4.158151336016795,-0.0009173924499046304,-12.0,-2.080451765857179,12.0,-0.001425963907382199,0.0002079534373407275,0.000207953436423335,0.0004158151336016795,0.0008022370708759552,-0.0002079534373407274
2,0.003568500000000888,4.169576471037923,-0.000916882430931576,-12.0,-2.086163568334183,12.0,-0.001426633962559598,0.0002085246685903254,0.0002085246676734427,0.0004169576471037923,0.0008011934960259759,-0.0002085246685903252
2,0.0035687000000008883,4.180995021694011,-0.0009163709756294658,-12.0,-2.09187207647416,12.0,-0.001427303087872367,0.0002090955705498532,0.000209095569633482,0.0004180995021694011,0.0008001499789723754,-0.000209095570549853
2,0.003568900000000888,4.192406969953548,-0.0009158580848156461,-12.0,-2.097577281262579,12.0,-0.001427971282931262,0.0002096661423177764,0.0002096661414019182,0.0004192406969953548,0.0007991065220303017,-0.0002096661423177763
2,0.003569100000000889,4.203812297795535,-0.0009153437593130143,-12.0,-2.103279173690175,12.0,-0.001428638547350258,0.0002102363829930864,0.0002102363820777424,0.0004203812297795535,0.0007980631275167904,-0.0002102363829930862
2,0.003569300000000889,4.215210987209396,-0.0009148279999253717,-12.0,-2.108977744752866,12.0,-0.001429304880747051,0.0002108062916752942,0.0002108062907604661,0.0004215210987209396,0.0007970197977507643,-0.0002108062916752941
2,0.003569500000000889,4.226603020194981,-0.0009143108074769479,-12.0,-2.114672985451814,12.0,-0.001429970282742443,0.0002113758674644339,0.0002113758665501229,0.0004226603020194981,0.0007959765350530612,-0.0002113758674644337
2,0.0035697000000008893,4.237988378762718,-0.0009137921827946371,-12.0,-2.120364886793473,12.0,-0.001430634752961124,0.000211945109461068,0.0002119451085472756,0.0004237988378762718,0.0007949333417463234,-0.0002119451094610678
2,0.003569900000000889,4.249367044933598,-0.0009132721266997823,-12.0,-2.126053439789569,12.0,-0.001431298291031058,0.0002125140167662871,0.0002125140158530149,0.0004249367044933598,0.0007938902201551634,-0.0002125140167662869
2,0.003570100000000889,4.260739000739121,-0.0009127506400128382,-12.0,-2.131738635457086,12.0,-0.00143196089658354,0.0002130825884817075,0.0002130825875689567,0.0004260739000739121,0.0007928471726060815,-0.0002130825884817073
2,0.0035703000000008893,4.272104228221366,-0.0009122277235642517,-12.0,-2.137420464818307,12.0,-0.001432622569253694,0.0002136508237094744,0.0002136508227972465,0.0004272104228221366,0.0007918042014275206,-0.0002136508237094742
2,0.003570500000000889,4.283462709433111,-0.0009117033781929074,-12.0,-2.143098918900879,12.0,-0.001433283308679645,0.0002142187215522687,0.0002142187206405652,0.0004283462709433112,0.0007907613089496723,-0.0002142187215522686
2,0.003570700000000889,4.294814426437754,-0.000911177604719926,-12.0,-2.148773988737733,12.0,-0.001433943114503344,0.0002147862811133015,0.0002147862802021237,0.0004294814426437754,0.0007897184975047544,-0.0002147862811133013
2,0.00357090000000089,4.306159361309331,-0.00091065040398286,-12.0,-2.154445665367144,12.0,-0.001434601986370354,0.0002153535014963162,0.0002153535005856657,0.0004306159361309331,0.0007886757694266222,-0.0002153535014963161
2,0.00357110000000089,4.317497496132657,-0.0009101217768290315,-12.0,-2.16011393983279,12.0,-0.001435259923929344,0.0002159203818055963,0.0002159203808954743,0.0004317497496132657,0.0007876331270512682,-0.0002159203818055962
2,0.0035713000000008903,4.328828813003271,-0.0009095917240835583,-12.0,-2.165778803183678,12.0,-0.001435916926832481,0.0002164869211459596,0.0002164869202363677,0.0004328828813003271,0.000786590572716489,-0.0002164869211459595
2,0.00357150000000089,4.340153294027413,-0.0009090602465930964,-12.0,-2.171440246474198,12.0,-0.001436572994735708,0.0002170531186227607,0.0002170531177137003,0.0004340153294027413,0.0007855481087617189,-0.0002170531186227606
2,0.00357170000000089,4.351470921322203,-0.0009085273452116294,-12.0,-2.177098260764192,12.0,-0.00143722812729824,0.0002176189733418983,0.0002176189724333708,0.0004351470921322204,0.0007845057375285847,-0.0002176189733418981
2,0.00357190000000089,4.362781677015565,-0.000907993020769382,-12.0,-2.182752837118867,12.0,-0.001437882324182682,0.0002181844844098099,0.0002181844835018167,0.0004362781677015565,0.0007834634613602953,-0.0002181844844098098
2,0.00357210000000089,4.374085543246207,-0.0009074572741203379,-12.0,-2.188403966608857,12.0,-0.001438535585055412,0.0002187496509334738,0.0002187496500260164,0.0004374085543246207,0.0007824212826021415,-0.0002187496509334737
2,0.00357230000000089,4.385382502163782,-0.0009069201061218113,-12.0,-2.194051640310275,12.0,-0.001439187909586082,0.0002193144720204155,0.0002193144711134952,0.0004385382502163783,0.0007813792036010514,-0.0002193144720204153
2,0.00357250000000089,4.3966725359289,-0.0009063815176264534,-12.0,-2.199695849304705,12.0,-0.001439839297447731,0.000219878946778708,0.0002198789458723264,0.00043966725359289,0.0007803372267058961,-0.0002198789467787079
2,0.003572700000000891,4.407955626712975,-0.0009058415094684857,-12.0,-2.205336584679106,12.0,-0.001440489748317064,0.0002204430743169639,0.0002204430734111222,0.0004407955626712975,0.0007792953542674064,-0.0002204430743169637
2,0.003572900000000891,4.419231756698438,-0.0009053000825332003,-12.0,-2.21097383752602,12.0,-0.001441139261874336,0.0002210068537443488,0.0002210068528390486,0.0004419231756698438,0.0007782535886380892,-0.0002210068537443487
2,0.003573100000000891,4.430500908078815,-0.0009047572376710278,-12.0,-2.216607598943486,12.0,-0.001441787837803077,0.0002215702841705817,0.0002215702832658243,0.0004430500908078815,0.0007772119321723392,-0.0002215702841705815
2,0.003573300000000891,4.441763063058492,-0.0009042129757248496,-12.0,-2.222237860034963,12.0,-0.00144243547579026,0.0002221333647059239,0.0002221333638017108,0.0004441763063058492,0.0007761703872263825,-0.0002221333647059238
2,0.003573500000000891,4.453018203852955,-0.0009036672975866189,-12.0,-2.227864611909531,12.0,-0.001443082175526522,0.0002226960944611946,0.0002226960935575271,0.0004453018203852956,0.0007751289561582775,-0.0002226960944611944
2,0.0035737000000008907,4.464266312688864,-0.000903120204108987,-12.0,-2.233487845681798,12.0,-0.001443727936705996,0.000223258472547769,0.0002232584716446487,0.0004464266312688865,0.0007740876413277475,-0.0002232584725477689
2,0.0035739000000008913,4.475507371803879,-0.0009025716961577057,-12.0,-2.239107552471893,12.0,-0.001444372759026147,0.0002238204980775737,0.0002238204971750018,0.0004475507371803879,0.0007730464450965702,-0.0002238204980775735
2,0.003574100000000891,4.486741363446785,-0.0009020217746047443,-12.0,-2.244723723405517,12.0,-0.001445016642188157,0.0002243821701630914,0.0002243821692610695,0.0004486741363446785,0.0007720053698281049,-0.0002243821701630912
2,0.003574300000000891,4.497968269877597,-0.0009014704403316198,-12.0,-2.250336349614001,12.0,-0.001445659585896264,0.0002249434879173671,0.0002249434870158965,0.0004497968269877597,0.0007709644178877373,-0.0002249434879173669
2,0.003574500000000892,4.509188073367495,-0.0009009176942009756,-12.0,-2.255945422234226,12.0,-0.001446301589858645,0.0002255044504540026,0.0002255044495530848,0.0004509188073367496,0.000769923591642574,-0.0002255044504540025
2,0.0035747000000008917,4.520400756198819,-0.0009003635370934404,-12.0,-2.261550932408685,12.0,-0.001446942653786698,0.0002260650568871594,0.0002260650559867956,0.0004520400756198819,0.000768882893461359,-0.0002260650568871592
2,0.0035749000000008923,4.531606300665237,-0.0008998079698976369,-12.0,-2.267152871285544,12.0,-0.001447582777395373,0.0002266253063315649,0.0002266253054317567,0.0004531606300665237,0.0007678423257150846,-0.0002266253063315647
2,0.003575100000000892,4.542804689071658,-0.0008992509934822035,-12.0,-2.272751230018562,12.0,-0.001448221960403118,0.0002271851979025082,0.000227185197003257,0.0004542804689071658,0.0007668018907759921,-0.000227185197902508
2,0.003575300000000892,4.553995903734244,-0.0008986926087337643,-12.0,-2.278345999767149,12.0,-0.001448860202532043,0.0002277447307158417,0.0002277447298171489,0.0004553995903734245,0.0007657615910183491,-0.0002277447307158415
2,0.003575500000000892,4.56517992698054,-0.0008981328165458269,-12.0,-2.283937171696417,12.0,-0.001449497503507202,0.0002283039038879873,0.0002283039029898543,0.000456517992698054,0.0007647214288183379,-0.0002283039038879871
2,0.003575700000000892,4.576356741149496,-0.0008975716178056814,-12.0,-2.289524736977172,12.0,-0.001450133863057868,0.0002288627165359368,0.0002288627156383651,0.0004576356741149496,0.0007636814065537234,-0.0002288627165359367
2,0.003575900000000892,4.587526328591318,-0.0008970090133839648,-12.0,-2.295108686785825,12.0,-0.001450769280916087,0.0002294211677772443,0.0002294211668802351,0.0004587526328591318,0.0007626415266042408,-0.0002294211677772441
2,0.003576100000000892,4.598688671667671,-0.000896445004201496,-12.0,-2.300689012304588,12.0,-0.001451403756818126,0.0002299792567300388,0.0002299792558335936,0.0004598688671667671,0.0007616017913510964,-0.0002299792567300387
2,0.003576300000000893,4.609843752751754,-0.0008958795911375717,-12.0,-2.306265704721379,12.0,-0.001452037290502917,0.0002305369825130243,0.0002305369816171446,0.0004609843752751754,0.0007605622031777171,-0.0002305369825130242
2,0.003576500000000893,4.62099155422813,-0.00089531277508903,-12.0,-2.311838755229827,12.0,-0.001452669881713664,0.0002310943442454739,0.000231094343350161,0.000462099155422813,0.000759522764468834,-0.0002310943442454738
2,0.003576700000000893,4.632132058492856,-0.0008947445569549295,-12.0,-2.317408155029306,12.0,-0.001453301530196405,0.0002316513410472353,0.0002316513401524905,0.0004632132058492857,0.0007584834776112881,-0.0002316513410472351
2,0.003576900000000893,4.643265247953578,-0.0008941749376458752,-12.0,-2.322973895325007,12.0,-0.001453932235701172,0.0002322079720387363,0.0002322079711445612,0.0004643265247953578,0.0007574443449934187,-0.0002322079720387361
2,0.003577100000000893,4.654391105029463,-0.00089360391805271,-12.0,-2.328535967327849,12.0,-0.00145456199798133,0.0002327642363409799,0.0002327642354473758,0.0004654391105029463,0.0007564053690055084,-0.0002327642363409797
2,0.003577300000000893,4.66550961215121,-0.0008930314990844845,-12.0,-2.334094362254547,12.0,-0.001455190816793517,0.0002333201330755464,0.0002333201321825147,0.000466550961215121,0.000755366552039477,-0.0002333201330755462
2,0.0035775000000008933,4.676620751761207,-0.0008924576816577989,-12.0,-2.339649071327667,12.0,-0.001455818691897981,0.0002338756613646011,0.0002338756604721432,0.0004676620751761207,0.0007543278964891043,-0.0002338756613646009
2,0.003577700000000893,4.687724506313439,-0.0008918824666699354,-12.0,-2.34520008577555,12.0,-0.001456445623058578,0.0002344308203308882,0.0002344308194390054,0.0004687724506313439,0.0007532894047498351,-0.000234430820330888
2,0.003577900000000894,4.69882085827351,-0.0008913058550374942,-12.0,-2.35074739683237,12.0,-0.001457071610042604,0.0002349856090977334,0.0002349856082064274,0.000469882085827351,0.000752251079218863,-0.0002349856090977332
2,0.003578100000000894,4.709909790118792,-0.0008907278476819602,-12.0,-2.356290995738198,12.0,-0.001457696652620855,0.0002355400267890518,0.0002355400258983237,0.0004709909790118792,0.0007512129222950192,-0.0002355400267890516
2,0.003578300000000894,4.720991284338341,-0.0008901484455088315,-12.0,-2.361830873738918,12.0,-0.001458320750567399,0.0002360940725293411,0.0002360940716391925,0.0004720991284338341,0.0007501749363790777,-0.0002360940725293409
2,0.0035785000000008943,4.732065323432911,-0.0008895676494398153,-12.0,-2.367367022086292,12.0,-0.001458943903660026,0.0002366477454436854,0.0002366477445541175,0.0004732065323432911,0.0007491371238733946,-0.0002366477454436852
2,0.003578700000000894,4.743131889915111,-0.000888985460403946,-12.0,-2.372899432038016,12.0,-0.001459566111679966,0.0002372010446577614,0.0002372010437687758,0.0004743131889915112,0.000748099487182019,-0.0002372010446577612
2,0.003578900000000894,4.754190966309297,-0.000888401879308276,-12.0,-2.378428094857629,12.0,-0.001460187374411948,0.0002377539692978324,0.0002377539684094303,0.0004754190966309297,0.0007470620287109431,-0.0002377539692978321
2,0.0035791000000008942,4.765242535151672,-0.0008878169070967168,-12.0,-2.38395300181465,12.0,-0.001460807691644195,0.0002383065184907555,0.0002383065176029384,0.0004765242535151672,0.0007460247508675466,-0.0002383065184907554
2,0.003579300000000894,4.776286578990287,-0.0008872305446769868,-12.0,-2.389474144184464,12.0,-0.001461427063168375,0.0002388586913639789,0.0002388586904767482,0.0004776286578990287,0.0007449876560610413,-0.0002388586913639787
2,0.003579500000000894,4.787323080385081,-0.0008866427929983267,-12.0,-2.394991513248466,12.0,-0.00146204548877954,0.000239410487045547,0.000239410486158904,0.0004787323080385082,0.0007439507467025819,-0.0002394104870455468
2,0.003579700000000895,4.798352021907922,-0.0008860536529751162,-12.0,-2.400505100293961,12.0,-0.001462662968276407,0.0002399619046640988,0.0002399619037780448,0.0004798352021907922,0.0007429140252047106,-0.0002399619046640986
2,0.003579900000000895,4.809373386142549,-0.0008854631255463818,-12.0,-2.406014896614225,12.0,-0.001463279501461134,0.0002405129433488681,0.0002405129424634048,0.0004809373386142549,0.0007418774939818573,-0.0002405129433488679
2,0.0035801000000008952,4.820387155684748,-0.0008848712116575896,-12.0,-2.411520893508572,12.0,-0.001463895088139489,0.0002410636022296917,0.0002410636013448203,0.0004820387155684748,0.000740841155449895,-0.0002410636022296915
2,0.003580300000000895,4.831393313142275,-0.0008842779122324451,-12.0,-2.417023082282264,12.0,-0.001464509728120456,0.0002416138804370034,0.0002416138795527254,0.0004831393313142275,0.000739805012026723,-0.0002416138804370032
2,0.003580500000000895,4.842391841134848,-0.0008836832282150819,-12.0,-2.422521454246579,12.0,-0.00146512342121663,0.0002421637771018366,0.0002421637762181532,0.0004842391841134848,0.000738769066131878,-0.0002421637771018364
2,0.003580700000000895,4.853382722294317,-0.0008830871605589596,-12.0,-2.428016000718868,12.0,-0.001465736167244158,0.0002427132913558312,0.0002427132904727438,0.0004853382722294317,0.0007377333201861735,-0.0002427132913558309
2,0.003580900000000895,4.864365939264583,-0.0008824897101920026,-12.0,-2.433506713022476,12.0,-0.001466347966022741,0.0002432624223312286,0.0002432624214487388,0.0004864365939264583,0.0007366977766125327,-0.0002432624223312284
2,0.003581100000000895,4.875341474701589,-0.0008818908780670043,-12.0,-2.438993582486804,12.0,-0.001466958817375019,0.0002438111691608739,0.0002438111682789828,0.0004875341474701589,0.0007356624378355714,-0.0002438111691608737
2,0.003581300000000895,4.886309311273496,-0.000881290665141643,-12.0,-2.444476600447367,12.0,-0.001467568721128132,0.0002443595309782227,0.0002443595300969319,0.0004886309311273496,0.0007346273062812658,-0.0002443595309782225
2,0.003581500000000896,4.897269431660572,-0.0008806890723489502,-12.0,-2.4499557582457,12.0,-0.001468177677111937,0.0002449075069173353,0.0002449075060366461,0.0004897269431660572,0.0007335923843773129,-0.0002449075069173351
2,0.003581700000000896,4.908221818555286,-0.0008800861006619254,-12.0,-2.455431047229497,12.0,-0.001468785685159735,0.0002454550961128837,0.0002454550952327974,0.0004908221818555286,0.0007325576745533247,-0.0002454550961128834
2,0.003581900000000896,4.919166454662334,-0.0008794817510178188,-12.0,-2.460902458752511,12.0,-0.001469392745108822,0.0002460022977001496,0.0002460022968206676,0.0004919166454662334,0.0007315231792403565,-0.0002460022977001494
2,0.003582100000000896,4.930103322698587,-0.0008788760243811922,-12.0,-2.466369984174625,12.0,-0.001469998856799659,0.0002465491108150246,0.0002465491099361484,0.0004930103322698588,0.0007304889008711846,-0.0002465491108150244
2,0.003582300000000896,4.941032405393263,-0.0008782689217183837,-12.0,-2.471833614861898,12.0,-0.001470604020076205,0.0002470955345940182,0.000247095533715749,0.0004941032405393263,0.0007294548418801672,-0.000247095534594018
2,0.0035825000000008957,4.951953685487853,-0.0008776604439775237,-12.0,-2.477293342186497,12.0,-0.001471208234785915,0.0002476415681742522,0.0002476415672965915,0.0004951953685487853,0.0007284210047033834,-0.0002476415681742519
2,0.0035827000000008963,4.962867145736108,-0.0008770505921280591,-12.0,-2.482749157526752,12.0,-0.001471811500779907,0.0002481872106934627,0.0002481872098164118,0.0004962867145736108,0.0007273873917784945,-0.0002481872106934624
2,0.003582900000000896,4.973772768904216,-0.0008764393671423232,-12.0,-2.488201052267216,12.0,-0.001472413817912466,0.0002487324612900075,0.0002487324604135679,0.0004973772768904216,0.000726354005544938,-0.0002487324612900073
2,0.003583100000000896,4.984670537770687,-0.0008758267699739974,-12.0,-2.493649017798572,12.0,-0.001473015186041704,0.0002492773191028601,0.0002492773182270331,0.0004984670537770687,0.0007253208484435114,-0.0002492773191028599
2,0.003583300000000897,4.995560435126458,-0.0008752128016094041,-12.0,-2.499093045517771,12.0,-0.0014736156050289,0.0002498217832716164,0.0002498217823964034,0.0004995560435126458,0.0007242879229169275,-0.0002498217832716162
2,0.0035835000000008967,5.006442443774881,-0.0008745974630026687,-12.0,-2.504533126827919,12.0,-0.001474215074739216,0.0002503658529364919,0.0002503658520618941,0.000500644244377488,0.0007232552314092588,-0.0002503658529364917
2,0.0035837000000008973,5.017316546531775,-0.0008739807551467749,-12.0,-2.509969253138415,12.0,-0.001474813595040703,0.0002509095272383271,0.0002509095263643461,0.0005017316546531775,0.0007222227763663824,-0.0002509095272383268
2,0.003583900000000897,5.028182726225457,-0.0008733626790020654,-12.0,-2.515401415864859,12.0,-0.001475411165805629,0.0002514528053185859,0.0002514528044452229,0.0005028182726225457,0.0007211905602356461,-0.0002514528053185857
2,0.003584100000000897,5.039040965696695,-0.0008727432355524201,-12.0,-2.520829606429108,12.0,-0.00147600778690915,0.0002519956863193558,0.0002519956854466124,0.0005039040965696695,0.0007201585854662573,-0.0002519956863193555
2,0.003584300000000897,5.049891247798875,-0.0008721224257852711,-12.0,-2.52625381625934,12.0,-0.001476603458230086,0.0002525381693833557,0.000252538168511233,0.0005049891247798876,0.0007191268545087282,-0.0002525381693833555
2,0.003584500000000897,5.060733555397927,-0.0008715002506709535,-12.0,-2.531674036789972,12.0,-0.001477198179651029,0.0002530802536539303,0.0002530802527824299,0.0005060733555397927,0.0007180953698153192,-0.0002530802536539301
2,0.003584700000000897,5.071567871372307,-0.0008708767111993421,-12.0,-2.53709025946172,12.0,-0.001477791951057572,0.0002536219382750524,0.0002536219374041753,0.0005071567871372306,0.0007170641338398731,-0.0002536219382750521
2,0.003584900000000897,5.082394178613188,-0.0008702518083651967,-12.0,-2.54250247572166,12.0,-0.001478384772339136,0.0002541632223913298,0.0002541632215210777,0.0005082394178613189,0.0007160331490378147,-0.0002541632223913295
2,0.003585100000000898,5.093212460024358,-0.0008696255431424049,-12.0,-2.547910677023149,12.0,-0.001478976643388474,0.0002547041051480008,0.0002547041042783751,0.0005093212460024358,0.000715002417866123,-0.0002547041051480006
2,0.003585300000000898,5.104022698522217,-0.0008689979165297235,-12.0,-2.553314854825882,12.0,-0.00147956756410178,0.0002552445856909355,0.0002552445848219374,0.0005104022698522218,0.0007139719427834423,-0.0002552445856909353
2,0.003585500000000898,5.114824877035956,-0.0008683689295265751,-12.0,-2.558715000595957,12.0,-0.001480157534379023,0.0002557846631666433,0.0002557846622982742,0.0005114824877035957,0.0007129417262498605,-0.0002557846631666431
2,0.003585700000000898,5.125618978507466,-0.000867738583115063,-12.0,-2.564111105805791,12.0,-0.001480746554123225,0.000256324336722268,0.0002563243358545291,0.0005125618978507467,0.0007119117707272138,-0.0002563243367222676
2,0.003585900000000898,5.136404985891337,-0.0008671068782959424,-12.0,-2.569503161934182,12.0,-0.001481334623241404,0.0002568636055055888,0.0002568636046384817,0.0005136404985891337,0.0007108820786786707,-0.0002568636055055886
2,0.0035861000000008978,5.147182882154998,-0.0008664738160764074,-12.0,-2.574891160466351,12.0,-0.001481921741643355,0.0002574024686650277,0.0002574024677985537,0.0005147182882154998,0.0007098526525692594,-0.0002574024686650275
2,0.0035863000000008983,5.157952650278736,-0.0008658393974569911,-12.0,-2.580275092893947,12.0,-0.001482507909243036,0.0002579409253496493,0.0002579409244838097,0.0005157952650278736,0.0007088234948652294,-0.000257940925349649
2,0.003586500000000898,5.168714273255547,-0.0008652036234211291,-12.0,-2.585654950714941,12.0,-0.001483093125957513,0.0002584789747091523,0.0002584789738439484,0.0005168714273255547,0.0007077946080348008,-0.000258478974709152
2,0.003586700000000899,5.179467734091336,-0.0008645664950022169,-12.0,-2.591030725433836,12.0,-0.001483677391707405,0.0002590166158938837,0.0002590166150293169,0.0005179467734091336,0.000706765994547276,-0.0002590166158938834
2,0.003586900000000899,5.190213015804989,-0.000863928013193016,-12.0,-2.596402408561564,12.0,-0.001484260706416995,0.0002595538480548374,0.0002595538471909092,0.0005190213015804989,0.0007057376568738449,-0.0002595538480548371
2,0.0035871000000008988,5.200950101428207,-0.0008632881790031632,-12.0,-2.60176999161549,12.0,-0.001484843070013786,0.000260090670343649,0.0002600906694803605,0.0005200950101428208,0.0007047095974870299,-0.0002600906703436487
2,0.0035873000000008993,5.211678974005632,-0.0008626469934436276,-12.0,-2.607133466119451,12.0,-0.001485424482428555,0.000260627081912601,0.0002606270810499538,0.0005211678974005632,0.0007036818188611293,-0.0002606270819126008
2,0.003587500000000899,5.222399616594941,-0.0008620044575373687,-12.0,-2.612492823603821,12.0,-0.001486004943596242,0.0002611630819146286,0.0002611630810526239,0.0005222399616594941,0.0007026543234717186,-0.0002611630819146283
2,0.003587700000000899,5.233112012266775,-0.0008613605722884721,-12.0,-2.617848055605426,12.0,-0.001486584453454676,0.000261698669503314,0.0002616986686419532,0.0005233112012266775,0.0007016271137960384,-0.0002616986695033137
2,0.0035879000000008992,5.243816144104752,-0.0008607153387196753,-12.0,-2.623199153667609,12.0,-0.00148716301194568,0.0002622338438328893,0.0002622338429721736,0.0005243816144104752,0.000700600192312717,-0.0002622338438328889
2,0.003588100000000899,5.254511995205628,-0.0008600687578570465,-12.0,-2.628546109340287,12.0,-0.001487740619013689,0.0002627686040582433,0.0002627686031981742,0.0005254511995205629,0.0006995735615021592,-0.000262768604058243
2,0.003588300000000899,5.265199548679194,-0.0008594208307106666,-12.0,-2.633888914179872,12.0,-0.001488317274607409,0.0002633029493349164,0.0002633029484754952,0.0005265199548679194,0.0006985472238459633,-0.0002633029493349161
2,0.0035885000000009,5.275878787648296,-0.0008587715583097122,-12.0,-2.639227559749329,12.0,-0.001488892978678824,0.0002638368788191022,0.0002638368779603303,0.0005275878787648297,0.0006975211818275318,-0.0002638368788191019
2,0.0035887000000009,5.286549695248974,-0.0008581209416853586,-12.0,-2.644562037618225,12.0,-0.001489467731183358,0.0002643703916676542,0.0002643703908095329,0.0005286549695248974,0.0006964954379315158,-0.000264370391667654
2,0.0035889000000009002,5.297212254630462,-0.0008574689818654502,-12.0,-2.64989233936272,12.0,-0.001490041532079489,0.0002649034870380857,0.0002649034861806164,0.0005297212254630462,0.0006954699946442322,-0.0002649034870380854
2,0.0035891000000009,5.307866448955061,-0.0008568156798616222,-12.0,-2.65521845656548,12.0,-0.00149061438133008,0.0002654361640885621,0.0002654361632317461,0.0005307866448955061,0.0006944448544534687,-0.0002654361640885618
2,0.0035893000000009,5.318512261398324,-0.0008561610367319172,-12.0,-2.66054038081587,12.0,-0.001491186278900491,0.0002659684219779141,0.0002659684211217528,0.0005318512261398324,0.0006934200198484841,-0.0002659684219779138
2,0.0035895000000009,5.32914967514914,-0.0008555050535019593,-12.0,-2.665858103709874,12.0,-0.001491757224760193,0.0002665002598656375,0.0002665002590101321,0.0005329149675149141,0.0006923954933198695,-0.0002665002598656372
2,0.0035897000000009,5.339778673409517,-0.000854847731190711,-12.0,-2.671171616850023,12.0,-0.001492327218881984,0.0002670316769118835,0.0002670316760570354,0.0005339778673409518,0.0006913712773599645,-0.0002670316769118832
2,0.0035899000000009004,5.350399239394797,-0.0008541890708628763,-12.0,-2.676480911845584,12.0,-0.001492896261241827,0.0002675626722774724,0.000267562671423283,0.0005350399239394797,0.0006903473744623578,-0.0002675626722774721
2,0.0035901000000009,5.36101135633374,-0.0008535290735485201,-12.0,-2.681785980312484,12.0,-0.001493464351819629,0.0002680932451238938,0.0002680932442703644,0.000536101135633374,0.0006893237871222202,-0.0002680932451238936
2,0.003590300000000901,5.371615007468294,-0.000852867740275709,-12.0,-2.687086813873238,12.0,-0.001494031490598569,0.0002686233946132966,0.0002686233937604285,0.0005371615007468294,0.0006883005178361934,-0.0002686233946132963
2,0.003590500000000901,5.382210176053833,-0.0008522050721118113,-12.0,-2.692383404157135,12.0,-0.001494597677564879,0.0002691531199085026,0.0002691531190562972,0.0005382210176053833,0.000687277569102307,-0.0002691531199085023
2,0.003590700000000901,5.392796845359204,-0.0008515410700926651,-12.0,-2.697675742800151,12.0,-0.001495162912708903,0.0002696824201730062,0.0002696824193214649,0.0005392796845359204,0.0006862549434201171,-0.0002696824201730059
2,0.0035909000000009014,5.40337499866659,-0.0008508757352634344,-12.0,-2.702963821444947,12.0,-0.001495727196024088,0.0002702112945709687,0.0002702112937200927,0.000540337499866659,0.0006852326432905953,-0.0002702112945709684
2,0.003591100000000901,5.413944619271612,-0.0008502090686755004,-12.0,-2.708247631740909,12.0,-0.001496290527507549,0.0002707397422672236,0.0002707397414170144,0.0005413944619271612,0.0006842106712160734,-0.0002707397422672233
2,0.003591300000000901,5.424505690483422,-0.0008495410713913465,-12.0,-2.713527165344209,12.0,-0.001496852907159396,0.0002712677624272821,0.0002712677615777407,0.0005424505690483423,0.0006831890297006316,-0.0002712677624272818
2,0.0035915000000009013,5.435058195624665,-0.000848871744452584,-12.0,-2.718802413917729,12.0,-0.001497414334983849,0.000271795354217328,0.0002717953533684558,0.0005435058195624665,0.0006821677212492938,-0.0002717953542173276
2,0.003591700000000901,5.445602118031451,-0.0008482010889192537,-12.0,-2.724073369131115,12.0,-0.001497974810988179,0.0002723225168042199,0.0002723225159560186,0.0005445602118031451,0.000681146748368916,-0.0002723225168042196
2,0.003591900000000901,5.456137441053523,-0.0008475291058582801,-12.0,-2.72934002266084,12.0,-0.00149853433518321,0.0002728492493554985,0.0002728492485079691,0.0005456137441053523,0.0006801261135676306,-0.0002728492493554982
2,0.003592100000000902,5.466664148054178,-0.0008468557963183798,-12.0,-2.734602366190125,12.0,-0.001499092907583155,0.000273375551039381,0.0002733755501925248,0.0005466664148054178,0.0006791058193549027,-0.0002733755510393806
2,0.003592300000000902,5.477182222410268,-0.0008461811613664771,-12.0,-2.739860391408995,12.0,-0.001499650528205887,0.0002739014210247633,0.0002739014201785818,0.0005477182222410268,0.00067808586824189,-0.0002739014210247629
2,0.0035925000000009023,5.487691647512341,-0.0008455052020690523,-12.0,-2.745114090014326,12.0,-0.001500207197072334,0.0002744268584812261,0.0002744268576357206,0.0005487691647512342,0.0006770662627408885,-0.0002744268584812257
2,0.003592700000000902,5.49819240676461,-0.0008448279194939179,-12.0,-2.750363453709825,12.0,-0.001500762914207421,0.0002749518625790334,0.0002749518617342052,0.0005498192406764611,0.0006760470053655543,-0.0002749518625790332
2,0.003592900000000902,5.508684483584935,-0.0008441493147042234,-12.0,-2.755608474206017,12.0,-0.001501317679638847,0.0002754764324891317,0.000275476431644982,0.0005508684483584936,0.0006750280986312918,-0.0002754764324891313
2,0.003593100000000902,5.519167861404867,-0.0008434693887700018,-12.0,-2.760849143220283,12.0,-0.001501871493398588,0.0002760005673831516,0.0002760005665396819,0.0005519167861404868,0.000674009545054588,-0.0002760005673831513
2,0.003593300000000902,5.529642523669755,-0.0008427881427743866,-12.0,-2.76608545247692,12.0,-0.001502424355521503,0.000276524266433415,0.0002765242655906265,0.0005529642523669755,0.0006729913471533455,-0.0002765242664334146
2,0.003593500000000902,5.540108453838688,-0.000842105577778085,-12.0,-2.771317393707067,12.0,-0.001502976266045897,0.0002770475288129293,0.0002770475279708233,0.0005540108453838688,0.0006719735074469102,-0.0002770475288129289
2,0.003593700000000902,5.550565635384499,-0.0008414216948626763,-12.0,-2.776544958648761,12.0,-0.001503527225013512,0.0002775703536953901,0.0002775703528539681,0.00055505656353845,0.0006709560284562932,-0.0002775703536953899
2,0.003593900000000903,5.561014051793907,-0.0008407364951141805,-12.0,-2.78176813904699,12.0,-0.001504077232470147,0.0002780927402551879,0.0002780927394144511,0.0005561014051793907,0.0006699389127032274,-0.0002780927402551876
2,0.003594100000000903,5.571453686567449,-0.0008400499796017424,-12.0,-2.786986926653627,12.0,-0.001504626288464095,0.0002786146876674029,0.0002786146868273526,0.000557145368656745,0.0006689221627113606,-0.0002786146876674026
2,0.003594300000000903,5.581884523219483,-0.0008393621494104941,-12.0,-2.792201313227479,12.0,-0.00150517439304787,0.0002791361951078072,0.0002791361942684447,0.0005581884523219484,0.0006679057810055067,-0.0002791361951078068
2,0.003594500000000903,5.592306545278333,-0.0008386730056322289,-12.0,-2.797411290534346,12.0,-0.001505721546276984,0.0002796572617528717,0.0002796572609141983,0.0005592306545278334,0.0006668897701118948,-0.0002796572617528714
2,0.003594700000000903,5.602719736286216,-0.000837982549343641,-12.0,-2.802616850346949,12.0,-0.00150626774821061,0.000280177886779761,0.000280177885941778,0.0005602719736286216,0.0006658741325580586,-0.0002801778867797605
2,0.0035949000000009028,5.613124079799249,-0.0008372907816343034,-12.0,-2.807817984444983,12.0,-0.001506812998911256,0.0002806980693663352,0.0002806980685290442,0.0005613124079799249,0.0006648588708728087,-0.0002806980693663348
2,0.0035951000000009033,5.62351955938759,-0.000836597703604447,-12.0,-2.813014684615178,12.0,-0.001507357298444756,0.0002812178086911577,0.0002812178078545597,0.000562351955938759,0.0006638439875864266,-0.0002812178086911574
2,0.003595300000000903,5.633906158635353,-0.0008359033163301,-12.0,-2.818206942651205,12.0,-0.001507900646880778,0.0002817371039334878,0.0002817371030975842,0.0005633906158635354,0.0006628294852305538,-0.0002817371039334875
2,0.003595500000000903,5.644283861140694,-0.0008352076209234838,-12.0,-2.823394750353809,12.0,-0.001508443044291985,0.0002822559542732889,0.0002822559534380809,0.0005644283861140695,0.0006618153663379422,-0.0002822559542732886
2,0.003595700000000904,5.65465265051583,-0.0008345106184650675,-12.0,-2.828578099530719,12.0,-0.00150898449075465,0.0002827743588912257,0.0002827743580567148,0.000565465265051583,0.0006608016334429534,-0.0002827743588912254
2,0.0035959000000009038,5.665012510386989,-0.0008338123100586348,-12.0,-2.833756981996705,12.0,-0.001509524986348543,0.0002832923169686651,0.0002832923161348524,0.000566501251038699,0.0006597882890810314,-0.0002832923169686646
2,0.0035961000000009043,5.675363424394581,-0.0008331126968104119,-12.0,-2.838931389573633,12.0,-0.001510064531156763,0.0002838098276876827,0.0002838098268545696,0.0005675363424394581,0.0006587753357891191,-0.0002838098276876823
2,0.003596300000000904,5.685705376193096,-0.0008324117798088615,-12.0,-2.844101314090379,12.0,-0.001510603125265741,0.0002843268902310574,0.0002843268893986452,0.0005685705376193097,0.0006577627761053806,-0.000284326890231057
2,0.003596500000000904,5.696038349451195,-0.0008317095601744207,-12.0,-2.849266747382955,12.0,-0.001511140768765795,0.0002848435037822784,0.0002848435029505685,0.0005696038349451195,0.0006567506125691736,-0.0002848435037822781
2,0.003596700000000904,5.706362327851727,-0.0008310060389979945,-12.0,-2.854427681294421,12.0,-0.001511677461750127,0.0002853596675255427,0.0002853596666945363,0.0005706362327851728,0.0006557388477213821,-0.0002853596675255423
2,0.003596900000000904,5.71667729509169,-0.0008303012173926927,-12.0,-2.859584107674946,12.0,-0.001512213204315493,0.0002858753806457557,0.0002858753798154541,0.000571667729509169,0.000654727484104084,-0.0002858753806457554
2,0.003597100000000904,5.726983234882385,-0.0008295950964749554,-12.0,-2.864736018381857,12.0,-0.001512747996562314,0.0002863906423285385,0.000286390641498943,0.0005726983234882385,0.0006537165242605225,-0.0002863906423285382
2,0.003597300000000905,5.737280130949325,-0.0008288876773427933,-12.0,-2.869883405279554,12.0,-0.001513281838594116,0.0002869054517602215,0.0002869054509313334,0.0005737280130949326,0.0006527059707354677,-0.0002869054517602211
2,0.003597500000000905,5.74756796703232,-0.0008281789611261914,-12.0,-2.875026260239639,12.0,-0.001513814730518315,0.0002874198081278517,0.0002874198072996723,0.0005747567967032321,0.0006516958260747163,-0.0002874198081278513
2,0.003597700000000905,5.757846726885503,-0.0008274689489256026,-12.0,-2.880164575140829,12.0,-0.001514346672445044,0.0002879337106191908,0.0002879337097917215,0.0005757846726885503,0.0006506860928255087,-0.0002879337106191904
2,0.003597900000000905,5.768116394277274,-0.0008267576418639067,-12.0,-2.885298341869009,12.0,-0.00151487766448849,0.0002884471584227149,0.0002884471575959569,0.0005768116394277274,0.000649676773536223,-0.0002884471584227145
2,0.003598100000000905,5.778376952990475,-0.0008260450410670916,-12.0,-2.890427552317289,12.0,-0.001515407706765726,0.0002889601507276226,0.0002889601499015771,0.0005778376952990475,0.0006486678707567084,-0.0002889601507276222
2,0.003598300000000905,5.7886283868223,-0.0008253311476453806,-12.0,-2.895552198385929,12.0,-0.001515936799397877,0.0002894726867238288,0.0002894726858984973,0.00057886283868223,0.0006476593870378689,-0.0002894726867238284
2,0.003598500000000905,5.798870679584312,-0.0008246159627249838,-12.0,-2.900672271982403,12.0,-0.001516464942508899,0.0002899847656019682,0.0002899847647773519,0.0005798870679584313,0.0006466513249318018,-0.0002899847656019678
2,0.0035987000000009053,5.809103815102572,-0.0008238994874405492,-12.0,-2.905787765021442,12.0,-0.001516992136226303,0.0002904963865534006,0.0002904963857295006,0.0005809103815102573,0.0006456436869921311,-0.0002904963865534001
2,0.003598900000000905,5.81932777721759,-0.0008231817229054084,-12.0,-2.910898669424971,12.0,-0.001517518380681371,0.0002910075487702069,0.0002910075479470248,0.000581932777721759,0.0006446364757733969,-0.0002910075487702066
2,0.003599100000000906,5.829542549784305,-0.0008224626702533211,-12.0,-2.916004977122159,12.0,-0.001518043676008107,0.000291518251445191,0.000291518250622728,0.0005829542549784305,0.0006436296938316377,-0.0002915182514451906
2,0.003599300000000906,5.839748116672244,-0.000821742330622266,-12.0,-2.921106680049478,12.0,-0.001518568022344569,0.0002920284937718861,0.0002920284929501433,0.0005839748116672243,0.0006426233437239748,-0.0002920284937718856
2,0.003599500000000906,5.849944461765443,-0.0008210207051342344,-12.0,-2.92620377015063,12.0,-0.001519091419831808,0.00029253827494455,0.0002925382741235289,0.0005849944461765444,0.0006416174280087228,-0.0002925382749445496
2,0.0035997000000009063,5.86013156896246,-0.0008202977949258727,-12.0,-2.931296239376597,12.0,-0.001519613868614544,0.0002930475941581676,0.0002930475933378693,0.000586013156896246,0.0006406119492455287,-0.0002930475941581672
2,0.003599900000000906,5.870309422176491,-0.0008195736011400445,-12.0,-2.936384079685692,12.0,-0.001520135368840547,0.0002935564506084556,0.0002935564497888815,0.0005870309422176492,0.0006396069099951773,-0.0002935564506084552
2,0.003600100000000906,5.880478005335365,-0.000818848124912952,-12.0,-2.941467283043533,12.0,-0.001520655920661584,0.0002940648434918625,0.0002940648426730139,0.0005880478005335366,0.0006386023128196194,-0.000294064843491862
2,0.0036003000000009062,5.890637302381507,-0.000818121367378577,-12.0,-2.946545841423034,12.0,-0.001521175524231866,0.0002945727720055661,0.0002945727711874443,0.0005890637302381508,0.0006375981602821656,-0.0002945727720055656
2,0.003600500000000906,5.900787297271978,-0.0008173933296817815,-12.0,-2.951619746804445,12.0,-0.001521694179710154,0.0002950802353474768,0.000295080234530083,0.0005900787297271978,0.0006365944549470703,-0.0002950802353474764
2,0.003600700000000906,5.910927973978606,-0.0008166640129745328,-12.0,-2.956688991175405,12.0,-0.001522211887257763,0.0002955872327162435,0.0002955872318995791,0.0005910927973978606,0.0006355911993798924,-0.0002955872327162431
2,0.003600900000000907,5.921059316487901,-0.0008159334183901468,-12.0,-2.96175356653087,12.0,-0.001522728647039506,0.0002960937633112484,0.0002960937624953146,0.0005921059316487901,0.0006345883961475229,-0.000296093763311248
2,0.003601100000000907,5.931181308801066,-0.0008152015470817009,-12.0,-2.966813464873171,12.0,-0.001523244459223805,0.0002965998263326094,0.0002965998255174074,0.0005931181308801067,0.0006335860478177968,-0.0002965998263326089
2,0.0036013000000009072,5.941293934934144,-0.0008144684002064917,-12.0,-2.971868678212066,12.0,-0.001523759323982354,0.0002971054209811864,0.0002971054201667176,0.0005941293934934145,0.0006325841569598534,-0.0002971054209811859
2,0.003601500000000907,5.95139717891795,-0.0008137339789024978,-12.0,-2.976919198564668,12.0,-0.001524273241490293,0.0002976105464585771,0.0002976105456448426,0.000595139717891795,0.0006315827261438867,-0.0002976105464585766
2,0.003601700000000907,5.961491024798057,-0.0008129982843272376,-12.0,-2.981965017955504,12.0,-0.001524786211926255,0.0002981152019671181,0.0002981152011541192,0.0005961491024798058,0.0006305817579413675,-0.0002981152019671177
2,0.003601900000000907,5.971575456634959,-0.0008122613176460014,-12.0,-2.987006128416562,12.0,-0.001525298235471761,0.000298619386709892,0.0002986193858976303,0.0005971575456634959,0.0006295812549247659,-0.0002986193867098916
2,0.003602100000000907,5.98165045850399,-0.0008115230800014306,-12.0,-2.992042521987228,12.0,-0.001525809312312221,0.0002991230998907232,0.0002991230990791996,0.0005981650458503991,0.0006285812196678842,-0.0002991230998907227
2,0.003602300000000907,5.991716014495328,-0.0008107835725570389,-12.0,-2.997074190714335,12.0,-0.001526319442636259,0.0002996263407141782,0.0002996263399033943,0.0005991716014495328,0.0006275816547455237,-0.0002996263407141778
2,0.003602500000000907,6.001772108714118,-0.0008100427964790047,-12.0,-3.002101126652205,12.0,-0.001526828626635723,0.0003001291083855731,0.0003001291075755298,0.0006001772108714118,0.0006265825627337074,-0.0003001291083855726
2,0.003602700000000908,6.011818725280491,-0.0008093007529303975,-12.0,-3.007123321862649,12.0,-0.001527336864505957,0.0003006314021109723,0.0003006314013016711,0.0006011818725280491,0.0006255839462095403,-0.0003006314021109718
2,0.003602900000000908,6.021855848329432,-0.0008085574430576337,-12.0,-3.012140768414877,12.0,-0.00152784415644569,0.0003011332210971824,0.0003011332202886245,0.0006021855848329432,0.0006245858077511546,-0.0003011332210971819
2,0.003603100000000908,6.03188346201096,-0.0008078128680515384,-12.0,-3.017153458385686,12.0,-0.001528350502656983,0.0003016345645517641,0.0003016345637439506,0.0006031883462010961,0.0006235881499380147,-0.0003016345645517635
2,0.003603300000000908,6.041901550490214,-0.0008070670290702964,-12.0,-3.022161383859382,12.0,-0.001528855903345228,0.0003021354316830317,0.0003021354308759642,0.0006041901550490214,0.0006225909753504455,-0.0003021354316830312
2,0.003603500000000908,6.051910097947215,-0.0008063199272698718,-12.0,-3.027164536927711,12.0,-0.001529360358719367,0.0003026358217000447,0.0003026358208937243,0.0006051910097947215,0.0006215942865700763,-0.0003026358217000441
2,0.0036037000000009077,6.061909088577109,-0.0008055715638453087,-12.0,-3.032162909690038,12.0,-0.001529863868991344,0.0003031357338126199,0.0003031357330070478,0.0006061909088577109,0.0006205980861795357,-0.0003031357338126193
2,0.0036039000000009083,6.07189850659022,-0.0008048219399583445,-12.0,-3.037156494253266,12.0,-0.001530366434376762,0.0003036351672313313,0.0003036351664265089,0.000607189850659022,0.000619602376762507,-0.0003036351672313308
2,0.003604100000000908,6.081878336211892,-0.0008040710567822629,-12.0,-3.04214528273183,12.0,-0.001530868055094281,0.0003041341211675052,0.0003041341203634337,0.0006081878336211892,0.0006186071609038946,-0.0003041341211675048
2,0.003604300000000908,6.091848561682607,-0.0008033189154947884,-12.0,-3.047129267247735,12.0,-0.001531368731366278,0.0003046325948332245,0.0003046325940299051,0.0006091848561682607,0.000617612441189519,-0.0003046325948332241
2,0.003604500000000909,6.101809167258073,-0.000802565517285192,-12.0,-3.05210843993062,12.0,-0.00153186846341824,0.0003051305874413339,0.0003051305866387679,0.0006101809167258072,0.0006166182202063664,-0.0003051305874413335
2,0.0036047000000009087,6.111760137209174,-0.0008018108633205401,-12.0,-3.057082792917676,12.0,-0.001532367251478983,0.0003056280982054361,0.0003056280974036247,0.0006111760137209175,0.0006156245005424499,-0.0003056280982054356
2,0.0036049000000009093,6.121701455821952,-0.0008010549547883272,-12.0,-3.062052318353707,12.0,-0.001532865095780767,0.0003061251263398925,0.000306125125538837,0.0006121701455821952,0.0006146312847868929,-0.0003061251263398919
2,0.003605100000000909,6.131633107397772,-0.0008002977928800448,-12.0,-3.067017008391184,12.0,-0.001533361996559235,0.0003066216710598308,0.0003066216702595326,0.0006131633107397772,0.0006136385755298179,-0.0003066216710598303
2,0.003605300000000909,6.141555076253235,-0.0007995393787703087,-12.0,-3.071976855190166,12.0,-0.001533857954053031,0.0003071177315811402,0.0003071177307816003,0.0006141555076253235,0.0006126463753624578,-0.0003071177315811396
2,0.003605500000000909,6.151467346720185,-0.0007987797136519426,-12.0,-3.076931850918367,12.0,-0.001534352968504682,0.0003076133071204721,0.0003076133063216918,0.0006151467346720185,0.0006116546868769335,-0.0003076133071204716
2,0.003605700000000909,6.161369903145842,-0.00079801879871777,-12.0,-3.081881987751185,12.0,-0.001534847040159548,0.0003081083968952473,0.000308108396097228,0.0006161369903145842,0.0006106635126666426,-0.0003081083968952468
2,0.003605900000000909,6.171262729892798,-0.0007972566351610588,-12.0,-3.086827257871707,12.0,-0.00153534016926643,0.0003086030001236551,0.0003086029993263979,0.0006171262729892799,0.0006096728553257325,-0.0003086030001236546
2,0.003606100000000909,6.181145811338902,-0.0007964932241582012,-12.0,-3.09176765347062,12.0,-0.001535832356077849,0.0003090971160246468,0.000309097115228153,0.0006181145811338902,0.000608682717449599,-0.0003090971160246462
2,0.00360630000000091,6.191019131877432,-0.000795728566927778,-12.0,-3.096703166746393,12.0,-0.001536323600848988,0.0003095907438179471,0.000309590743022218,0.0006191019131877432,0.0006076931016344989,-0.0003095907438179466
2,0.00360650000000091,6.200882675917188,-0.0007949626646568397,-12.0,-3.101633789905205,12.0,-0.001536813903838974,0.0003100838827240555,0.0003100838819290923,0.0006200882675917188,0.000606704010477771,-0.0003100838827240549
2,0.00360670000000091,6.210736427882242,-0.0007941955185315486,-12.0,-3.106559515160873,12.0,-0.001537303265309764,0.0003105765319642348,0.0003105765311700387,0.0006210736427882242,0.0006057154465778092,-0.0003105765319642342
2,0.00360690000000091,6.220580372212204,-0.0007934271297727058,-12.0,-3.111480334735033,12.0,-0.001537791685526979,0.0003110686907605265,0.0003110686899670989,0.0006220580372212204,0.0006047274125338398,-0.000311068690760526
2,0.00360710000000091,6.23041449336223,-0.0007926574995749114,-12.0,-3.116396240857052,12.0,-0.001538279164759349,0.0003115603583357484,0.0003115603575430902,0.000623041449336223,0.0006037399109462549,-0.0003115603583357477
2,0.0036073000000009098,6.240238775802919,-0.0007918866291358739,-12.0,-3.12130722576403,12.0,-0.001538765703278877,0.00031205153391349,0.0003120515331216027,0.0006240238775802919,0.0006027529444163071,-0.0003120515339134894
2,0.0036075000000009103,6.250053204020388,-0.0007911145196657365,-12.0,-3.126213281700838,12.0,-0.001539251301361177,0.0003125422167181178,0.0003125422159270027,0.0006250053204020388,0.0006017665155462482,-0.0003125422167181172
2,0.00360770000000091,6.259857762516384,-0.000790341172378195,-12.0,-3.131114400920171,12.0,-0.001539735959284749,0.0003130324059747799,0.0003130324051844381,0.0006259857762516385,0.0006007806269392735,-0.0003130324059747793
2,0.003607900000000911,6.269652435808211,-0.000789566588470958,-12.0,-3.136010575682478,12.0,-0.001540219677331756,0.0003135221009094013,0.0003135221001198341,0.0006269652435808211,0.0005997952811996887,-0.0003135221009094007
2,0.003608100000000911,6.279437208428745,-0.0007887907691599416,-12.0,-3.14090179825602,12.0,-0.001540702455787413,0.0003140113007486866,0.0003140112999598952,0.0006279437208428745,0.0005988104809325212,-0.000314011300748686
2,0.0036083000000009108,6.289212064926561,-0.0007880137156641709,-12.0,-3.145788060916914,12.0,-0.001541184294940268,0.0003145000047201256,0.0003145000039321113,0.0006289212064926561,0.0005978262287439362,-0.000314500004720125
2,0.0036085000000009113,6.298976989865869,-0.0007872354291880157,-12.0,-3.150669355949071,12.0,-0.001541665195082254,0.0003149882120519888,0.0003149882112647529,0.000629897698986587,0.0005968425272410427,-0.0003149882120519883
2,0.003608700000000911,6.308731967826521,-0.0007864559109505009,-12.0,-3.155545675644245,12.0,-0.00154214515650869,0.0003154759219733301,0.0003154759211868736,0.0006308731967826521,0.0005958593790316158,-0.0003154759219733295
2,0.003608900000000911,6.318476983404148,-0.0007856751621773128,-12.0,-3.160417012302092,12.0,-0.001542624179517726,0.0003159631337139921,0.0003159631329283163,0.0006318476983404148,0.0005948767867248184,-0.0003159631337139915
2,0.0036091000000009112,6.328212021210073,-0.0007848931840732654,-12.0,-3.165283358230078,12.0,-0.001543102264411345,0.000316449846504601,0.0003164498457197073,0.0006328212021210073,0.0005938947529302019,-0.0003164498465046005
2,0.003609300000000911,6.337937065871374,-0.0007841099778773675,-12.0,-3.170144705743604,12.0,-0.001543579411494467,0.0003169360595765732,0.0003169360587924626,0.0006337937065871374,0.0005929132802586778,-0.0003169360595765727
2,0.003609500000000911,6.347652102030932,-0.0007833255447944332,-12.0,-3.175001047165913,12.0,-0.001544055621075346,0.0003174217721621124,0.0003174217713787863,0.0006347652102030932,0.0005919323713218239,-0.0003174217721621119
2,0.003609700000000912,6.357357114347415,-0.00078253988606658,-12.0,-3.179852374828207,12.0,-0.001544530893465568,0.0003179069834942146,0.0003179069827116741,0.0006357357114347415,0.000590952028732189,-0.000317906983494214
2,0.003609900000000912,6.36705208749534,-0.0007817530029075037,-12.0,-3.184698681069562,12.0,-0.001545005228980156,0.000318391692806666,0.0003183916920249124,0.000636705208749534,0.000589972255103155,-0.0003183916928066655
2,0.0036101000000009122,6.376737006165032,-0.0007809648965468874,-12.0,-3.189539958236986,12.0,-0.001545478627936747,0.0003188758993340445,0.0003188758985530789,0.0006376737006165032,0.0005889930530492138,-0.0003188758993340439
2,0.003610300000000912,6.386411855062752,-0.0007801755682246281,-12.0,-3.194376198685469,12.0,-0.001545951090657138,0.000319359602311725,0.0003193596015315489,0.0006386411855062752,0.000588014425185468,-0.0003193596023117244
2,0.003610500000000912,6.396076618910644,-0.0007793850191597507,-12.0,-3.199207394777913,12.0,-0.001546422617465626,0.0003198428009758759,0.0003198428001964902,0.0006396076618910645,0.0005870363741279638,-0.0003198428009758753
2,0.003610700000000912,6.405731282446739,-0.0007785932505899318,-12.0,-3.204033538885187,12.0,-0.001546893208690392,0.0003203254945634604,0.0003203254937848665,0.000640573128244674,0.000586058902493608,-0.0003203254945634598
2,0.003610900000000912,6.415375830425081,-0.000777800263757733,-12.0,-3.208854623386179,12.0,-0.001547362864662394,0.0003208076823122428,0.0003208076815344419,0.0006415375830425081,0.0005850820129003065,-0.0003208076823122422
2,0.0036111000000009124,6.425010247615664,-0.0007770060598870643,-12.0,-3.213670640667723,12.0,-0.00154783158571592,0.0003212893634607842,0.0003212893626837776,0.0006425010247615665,0.000584105707966659,-0.0003212893634607836
2,0.003611300000000912,6.434634518804438,-0.0007762106402213753,-12.0,-3.218481583124657,12.0,-0.001548299372188588,0.0003217705372484442,0.0003217705364722329,0.0006434634518804438,0.0005831299903121812,-0.0003217705372484436
2,0.003611500000000913,6.444248628793444,-0.0007754140060081127,-12.0,-3.223287443159874,12.0,-0.001548766224421239,0.0003222512029153872,0.0003222512021399726,0.0006444248628793445,0.0005821548625572492,-0.0003222512029153866
2,0.003611700000000913,6.45385256240073,-0.0007746161584738509,-12.0,-3.228088213184238,12.0,-0.001549232142758317,0.000322731359702577,0.0003227313589279602,0.000645385256240073,0.000581180327322961,-0.0003227313597025764
2,0.003611900000000913,6.463446304460427,-0.0007738170988802473,-12.0,-3.232883885616704,12.0,-0.001549697127546656,0.000323211006851783,0.0003232110060779654,0.0006463446304460427,0.0005802063872312746,-0.0003232110068517824
2,0.0036121000000009134,6.473029839822772,-0.0007730168284560968,-12.0,-3.237674452884238,12.0,-0.001550161179137088,0.0003236901436055788,0.0003236901428325614,0.0006473029839822772,0.0005792330449051475,-0.0003236901436055782
2,0.003612300000000913,6.482603153354065,-0.0007722153484537309,-12.0,-3.242459907421867,12.0,-0.001550624297883163,0.0003241687692073419,0.0003241687684351259,0.0006482603153354064,0.0005782603029680644,-0.0003241687692073413
2,0.0036125000000009127,6.492166229936826,-0.0007714126601272575,-12.0,-3.247240241672731,12.0,-0.00155108648414215,0.000324646882901261,0.0003246468821298477,0.0006492166229936827,0.0005772881640444538,-0.0003246468829012604
2,0.0036127000000009133,6.501719054469707,-0.0007706087647179061,-12.0,-3.252015448088017,12.0,-0.001551547738274095,0.0003251244839323306,0.0003251244831617212,0.0006501719054469707,0.0005763166307596046,-0.00032512448393233
2,0.003612900000000913,6.511261611867509,-0.0007698036634788963,-12.0,-3.25678551912701,12.0,-0.001552008060642596,0.0003256015715463537,0.0003256015707765494,0.0006511261611867509,0.0005753457057394162,-0.0003256015715463531
2,0.003613100000000913,6.520793887061316,-0.0007689973576723297,-12.0,-3.26155044725714,12.0,-0.001552467451614192,0.0003260781449899474,0.0003260781442209495,0.0006520793887061317,0.0005743753916107319,-0.0003260781449899468
2,0.003613300000000914,6.530315864998416,-0.0007681898485372152,-12.0,-3.266310224953912,12.0,-0.0015529259115587,0.0003265542035105382,0.0003265542027423477,0.0006530315864998416,0.0005734056910011165,-0.0003265542035105375
2,0.0036135000000009137,6.539827530642357,-0.0007673811373485329,-12.0,-3.271064844701013,12.0,-0.001553383440849432,0.000327029746356367,0.0003270297455889852,0.0006539827530642356,0.0005724366065387732,-0.0003270297463563664
2,0.0036137000000009143,6.549328868972979,-0.0007665712253461798,-12.0,-3.275814298990221,12.0,-0.001553840039862309,0.0003275047727764882,0.0003275047720099162,0.0006549328868972979,0.0005714681408529598,-0.0003275047727764875
2,0.003613900000000914,6.558819864986432,-0.0007657601138082448,-12.0,-3.280558580321529,12.0,-0.001554295708976805,0.0003279792820207728,0.000327979281255012,0.0006558819864986433,0.0005705002965734063,-0.0003279792820207721
2,0.003614100000000914,6.568300503695212,-0.000764947803979954,-12.0,-3.285297681203054,12.0,-0.001554750448576003,0.0003284532733399081,0.0003284532725749596,0.0006568300503695212,0.000569533076330675,-0.0003284532733399074
2,0.003614300000000914,6.577770770128115,-0.0007641342971296261,-12.0,-3.290031594151095,12.0,-0.001555204259045262,0.0003289267459853973,0.0003289267452212623,0.0006577770770128115,0.0005685664827561332,-0.0003289267459853966
2,0.003614500000000914,6.587230649330389,-0.0007633195945300209,-12.0,-3.294760311690186,12.0,-0.001555657140773936,0.0003293996992095663,0.000329399698446246,0.0006587230649330389,0.0005676005184816757,-0.0003293996992095656
2,0.003614700000000914,6.596680126363664,-0.0007625036974348021,-12.0,-3.299483826353021,12.0,-0.001556109094154101,0.0003298721322655593,0.000329872131503055,0.0006596680126363664,0.0005666351861402241,-0.0003298721322655586
2,0.003614900000000914,6.606119186305944,-0.0007616866071171735,-12.0,-3.304202130680514,12.0,-0.001556560119580996,0.0003303440444073404,0.0003303440436456531,0.0006606119186305944,0.0005656704883652552,-0.0003303440444073397
2,0.003615100000000915,6.615547814251761,-0.0007608683248530035,-12.0,-3.308915217221843,12.0,-0.001557010217453469,0.0003308154348896998,0.0003308154341288307,0.0006615547814251762,0.0005647064277907177,-0.0003308154348896991
2,0.003615300000000915,6.624965995312102,-0.0007600488519008408,-12.0,-3.313623078534391,12.0,-0.001557459388173144,0.0003312863029682496,0.0003312863022082001,0.0006624965995312102,0.0005637430070517258,-0.000331286302968249
2,0.003615500000000915,6.634373714614386,-0.0007592281895396624,-12.0,-3.318325707183786,12.0,-0.001557907632144917,0.0003317566478994254,0.0003317566471401963,0.0006634373714614387,0.0005627802287837269,-0.0003317566478994246
2,0.003615700000000915,6.643770957302647,-0.0007584063390502216,-12.0,-3.323023095743963,12.0,-0.001558354949776908,0.000332226468940492,0.0003322264681820849,0.0006643770957302647,0.0005618180956229735,-0.0003322264689404913
2,0.003615900000000915,6.653157708537429,-0.0007575833016959521,-12.0,-3.327715236797092,12.0,-0.001558801341480176,0.0003326957653495402,0.0003326957645919562,0.0006653157708537429,0.0005608566102064394,-0.0003326957653495396
2,0.0036161000000009148,6.662533953495797,-0.0007567590787593836,-12.0,-3.332402122933628,12.0,-0.001559246807669223,0.0003331645363854876,0.0003331645356287278,0.0006662533953495797,0.0005598957751716538,-0.0003331645363854869
2,0.0036163000000009153,6.671899677371456,-0.0007559336715234899,-12.0,-3.33708374675235,12.0,-0.001559691348761383,0.0003336327813080834,0.000333632780552149,0.0006671899677371456,0.0005589355931569506,-0.0003336327813080827
2,0.003616500000000915,6.681254865374759,-0.0007551070812668037,-12.0,-3.34176010086035,12.0,-0.001560134965177484,0.0003341004993779091,0.0003341004986228013,0.0006681254865374759,0.0005579760668011635,-0.0003341004993779084
2,0.003616700000000915,6.690599502732644,-0.0007542793092651934,-12.0,-3.346431177873013,12.0,-0.0015605776573413,0.0003345676898563755,0.0003345676891020955,0.0006690599502732644,0.0005570171987438755,-0.0003345676898563747
2,0.003616900000000916,6.699933574688687,-0.0007534503568065176,-12.0,-3.351096970414056,12.0,-0.001561019425679766,0.0003350343520057258,0.0003350343512522747,0.0006699933574688687,0.0005560589916252245,-0.000335034352005725
2,0.0036171000000009158,6.70925706650322,-0.0007526202251817438,-12.0,-3.355757471115584,12.0,-0.001561460270622927,0.000335500485089041,0.0003355004843364201,0.000670925706650322,0.0005551014480860983,-0.0003355004850890403
2,0.0036173000000009163,6.718569963453255,-0.0007517889156671842,-12.0,-3.360412672618017,12.0,-0.001561900192604104,0.0003359660883702358,0.0003359660876184461,0.0006718569963453254,0.0005541445707678005,-0.0003359660883702351
2,0.003617500000000916,6.727872250832494,-0.0007509564295542503,-12.0,-3.365062567570142,12.0,-0.001562339192059337,0.0003364311611140596,0.0003364311603631024,0.0006727872250832495,0.0005531883623125233,-0.0003364311611140588
2,0.003617700000000916,6.737163913951457,-0.000750122768141015,-12.0,-3.369707148629168,12.0,-0.001562777269428328,0.0003368957025861034,0.0003368957018359799,0.0006737163913951458,0.0005522328253628472,-0.0003368957025861027
2,0.003617900000000916,6.746444938137422,-0.0007492879327077873,-12.0,-3.374346408460652,12.0,-0.001563214425153614,0.0003373597120527952,0.0003373597113035065,0.0006746444938137422,0.0005512779625619635,-0.0003373597120527945
2,0.003618100000000916,6.755715308734428,-0.0007484519245504195,-12.0,-3.378980339738558,12.0,-0.001563650659680504,0.0003378231887814016,0.0003378231880329489,0.0006755715308734428,0.0005503237765538405,-0.0003378231887814008
2,0.003618300000000916,6.764975011103403,-0.0007476147449700932,-12.0,-3.383608935145304,12.0,-0.001564085973458251,0.0003382861320400341,0.0003382861312924187,0.0006764975011103404,0.0005493702699827518,-0.0003382861320400333
2,0.003618500000000917,6.774224030622096,-0.0007467763952520023,-12.0,-3.38823218737169,12.0,-0.001564520366938327,0.0003387485410976445,0.0003387485403508674,0.0006774224030622097,0.0005484174454938318,-0.0003387485410976438
2,0.003618700000000917,6.783462352685083,-0.0007459368766977725,-12.0,-3.392850089116957,12.0,-0.001564953840575978,0.0003392104152240267,0.0003392104144780891,0.0006783462352685084,0.0005474653057325751,-0.000339210415224026
2,0.003618900000000917,6.792689962703888,-0.0007450961906108056,-12.0,-3.397462633088822,12.0,-0.001565386394829116,0.0003396717536898219,0.000339671752944725,0.0006792689962703889,0.0005465138533450875,-0.0003396717536898211
2,0.003619100000000917,6.801906846106983,-0.0007442543382927269,-12.0,-3.402069812003474,12.0,-0.001565818030158928,0.0003401325557665189,0.0003401325550222638,0.0006801906846106983,0.0005455630909780296,-0.0003401325557665182
2,0.003619300000000917,6.811112988339688,-0.0007434113210265103,-12.0,-3.406671618585497,12.0,-0.001566248747029597,0.0003405928207264479,0.0003405928199830357,0.0006811112988339688,0.0005446130212785893,-0.0003405928207264471
2,0.003619500000000917,6.820308374864307,-0.0007425671401404266,-12.0,-3.411268045568035,12.0,-0.001566678545908362,0.0003410525478427902,0.0003410525471002224,0.0006820308374864307,0.0005436636468944545,-0.0003410525478427895
2,0.003619700000000917,6.829492991160236,-0.0007417217969298839,-12.0,-3.41585908569273,12.0,-0.001567107427265513,0.0003415117363895808,0.0003415117356478583,0.0006829492991160236,0.0005427149704740619,-0.0003415117363895801
2,0.0036199000000009173,6.838666822723734,-0.0007408752926876261,-12.0,-3.420444731709651,12.0,-0.001567535391574892,0.0003419703856416972,0.0003419703849008211,0.0006838666822723735,0.0005417669946660153,-0.0003419703856416964
2,0.003620100000000917,6.847829855068136,-0.0007400276287454766,-12.0,-3.425024976377462,12.0,-0.001567962439312454,0.0003424284948748725,0.0003424284941348441,0.0006847829855068136,0.0005408197221197231,-0.0003424284948748717
2,0.003620300000000918,6.856982073723921,-0.0007391788063975113,-12.0,-3.429599812463345,12.0,-0.001568388570958146,0.0003428860633656955,0.0003428860626265159,0.0006856982073723921,0.0005398731554848157,-0.0003428860633656947
2,0.003620500000000918,6.866123464238544,-0.0007383288269569022,-12.0,-3.434169232742996,12.0,-0.001568813786994416,0.0003433430903916048,0.0003433430896532751,0.0006866123464238545,0.0005389272974117287,-0.0003433430903916039
2,0.003620700000000918,6.875254012176568,-0.0007374776917346004,-12.0,-3.438733230000663,12.0,-0.001569238087907043,0.0003437995752308937,0.0003437995744934152,0.0006875254012176569,0.0005379821505511473,-0.0003437995752308929
2,0.0036209000000009183,6.884373703119734,-0.0007366254020517715,-12.0,-3.443291797029199,12.0,-0.001569661474184636,0.0003442555171627155,0.0003442555164260893,0.0006884373703119734,0.0005370377175542007,-0.0003442555171627147
2,0.003621100000000918,6.893482522666898,-0.0007357719592140377,-12.0,-3.44784492662999,12.0,-0.001570083946318801,0.0003447109154670784,0.0003447109147313056,0.0006893482522666899,0.0005360940010727955,-0.0003447109154670777
2,0.003621300000000918,6.902580456434053,-0.0007349173645412321,-12.0,-3.452392611613011,12.0,-0.001570505504804531,0.0003451657694248479,0.0003451657686899297,0.0006902580456434053,0.0005351510037588658,-0.0003451657694248471
2,0.0036215000000009183,6.911667490054439,-0.0007340616193576288,-12.0,-3.456934844796873,12.0,-0.001570926150139429,0.0003456200783177523,0.0003456200775836899,0.0006911667490054439,0.0005342087282652064,-0.0003456200783177515
2,0.003621700000000918,6.920743609178497,-0.0007332047249732909,-12.0,-3.461471619008755,12.0,-0.001571345882824426,0.000346073841428379,0.0003460738406951735,0.0006920743609178497,0.0005332671772448061,-0.0003460738414283782
2,0.003621900000000918,6.929808799473852,-0.0007323466827111602,-12.0,-3.466002927084459,12.0,-0.001571764703363288,0.0003465270580401756,0.0003465270573078282,0.0006929808799473852,0.0005323263533510425,-0.0003465270580401748
2,0.003622100000000919,6.938863046625463,-0.000731487493901728,-12.0,-3.470528761868458,12.0,-0.001572182612262996,0.0003469797274374565,0.0003469797267059683,0.0006938863046625464,0.0005313862592379592,-0.0003469797274374557
2,0.003622300000000919,6.947906336335539,-0.0007306271598577219,-12.0,-3.475049116213827,12.0,-0.001572599610033254,0.0003474318489053978,0.0003474318481747698,0.0006947906336335539,0.000530446897559711,-0.000347431848905397
2,0.0036225000000009193,6.95693865432356,-0.0007297656819074128,-12.0,-3.479563982982298,12.0,-0.001573015697186986,0.0003478834217300399,0.0003478834210002734,0.000695693865432356,0.0005295082709710908,-0.0003478834217300391
2,0.003622700000000919,6.965959986326375,-0.0007289030613826242,-12.0,-3.484073355044291,12.0,-0.001573430874240056,0.0003483344451982918,0.0003483344444693879,0.0006965959986326376,0.0005285703821273358,-0.0003483344451982909
2,0.003622900000000919,6.974970318098202,-0.0007280392996085183,-12.0,-3.488577225278906,12.0,-0.001573845141711327,0.0003487849185979306,0.0003487849178698905,0.0006974970318098202,0.0005276332336837386,-0.0003487849185979298
2,0.003623100000000919,6.983969635410587,-0.0007271743979111456,-12.0,-3.493075586573905,12.0,-0.001574258500122661,0.0003492348412176002,0.0003492348404904249,0.0006983969635410588,0.0005266968282962581,-0.0003492348412175994
2,0.003623300000000919,6.992957924052462,-0.0007263083576209972,-12.0,-3.497568431825747,12.0,-0.001574670949998469,0.0003496842123468134,0.0003496842116205041,0.0006992957924052462,0.0005257611686213526,-0.0003496842123468126
2,0.003623500000000919,7.001935169830226,-0.0007254411800792226,-12.0,-3.502055753939643,12.0,-0.001575082491867053,0.0003501330312759573,0.0003501330305505153,0.0007001935169830226,0.0005248262573153695,-0.0003501330312759564
2,0.003623700000000919,7.010901358567692,-0.0007245728666065432,-12.0,-3.506537545829485,12.0,-0.001575493126258931,0.0003505812972962888,0.000350581296571715,0.0007010901358567693,0.0005238920970353778,-0.0003505812972962879
2,0.00362390000000092,7.019856476106096,-0.0007237034185449964,-12.0,-3.5110138004179,12.0,-0.001575902853707956,0.0003510290096999364,0.0003510290089762321,0.0007019856476106096,0.000522958690438724,-0.0003510290096999355
2,0.00362410000000092,7.02880050830423,-0.0007228328372352877,-12.0,-3.515484510636297,12.0,-0.001576311674750586,0.000351476167779907,0.0003514761670570733,0.000702880050830423,0.0005220260401830878,-0.0003514761677799062
2,0.00362430000000092,7.037733441038364,-0.0007219611240039114,-12.0,-3.5199496694248,12.0,-0.001576719589926667,0.0003519227708300805,0.0003519227701081185,0.0007037733441038364,0.0005210941489263154,-0.0003519227708300796
2,0.00362450000000092,7.046655260202255,-0.0007210882801951257,-12.0,-3.524409269732302,12.0,-0.001577126599778544,0.0003523688181452116,0.0003523688174241225,0.0007046655260202255,0.0005201630193268358,-0.0003523688181452107
2,0.00362470000000092,7.055565951707273,-0.0007202143071545208,-12.0,-3.528863304516511,12.0,-0.001577532704851947,0.0003528143090209365,0.0003528143083007214,0.0007055565951707274,0.0005192326540431891,-0.0003528143090209356
2,0.0036249000000009197,7.064465501482339,-0.0007193392062152526,-12.0,-3.533311766743885,12.0,-0.00157793790569527,0.0003532592427537679,0.0003532592420344277,0.0007064465501482339,0.0005183030557343316,-0.000353259242753767
2,0.0036251000000009203,7.073353895473936,-0.0007184629787224672,-12.0,-3.537754649389682,12.0,-0.00157834220285985,0.0003537036186410968,0.000353703617922633,0.0007073353895473936,0.0005173742270594139,-0.0003537036186410959
2,0.00362530000000092,7.082231119646221,-0.0007175856260284164,-12.0,-3.54219194543801,12.0,-0.001578745596899966,0.000354147435981199,0.0003541474352636125,0.0007082231119646222,0.0005164461706779477,-0.0003541474359811981
2,0.00362550000000092,7.091097159980958,-0.0007167071494644794,-12.0,-3.546623647881747,12.0,-0.001579148088373006,0.0003545906940732291,0.0003545906933565211,0.0007091097159980959,0.0005155188892496942,-0.0003545906940732283
2,0.003625700000000921,7.099952002477582,-0.000715827550392234,-12.0,-3.551049749722655,12.0,-0.00157954967783891,0.0003550333922172272,0.0003550333915013987,0.0007099952002477582,0.0005145923854346923,-0.0003550333922172263
2,0.0036259000000009207,7.108795633153208,-0.0007149468301461681,-12.0,-3.555470243971291,12.0,-0.001579950365860894,0.0003554755297141154,0.0003554755289991677,0.0007108795633153208,0.0005136666618931196,-0.0003554755297141145
2,0.0036261000000009213,7.11762803804266,-0.0007140649900905238,-12.0,-3.559885123647115,12.0,-0.001580350153004728,0.0003559171058657034,0.0003559171051516375,0.000711762803804266,0.0005127417212855423,-0.0003559171058657025
2,0.003626300000000921,7.126449203198505,-0.0007131820315633419,-12.0,-3.564294381778418,12.0,-0.001580749039839346,0.0003563581199746864,0.0003563581192615034,0.0007126449203198505,0.0005118175662727764,-0.0003563581199746855
2,0.003626500000000921,7.13525911469101,-0.0007122979559208709,-12.0,-3.568698011402366,12.0,-0.001581147026936569,0.0003567985713446454,0.0003567985706323466,0.000713525911469101,0.0005108941995156935,-0.0003567985713446445
2,0.003626700000000921,7.144057758608275,-0.0007114127645246882,-12.0,-3.573096005565052,12.0,-0.001581544114870825,0.0003572384592800537,0.00035723845856864,0.0007144057758608275,0.0005099716236756091,-0.0003572384592800528
2,0.003626900000000921,7.152845121056182,-0.0007105264587172755,-12.0,-3.577488357321431,12.0,-0.00158194030421982,0.0003576777830862724,0.000357677782375745,0.0007152845121056183,0.0005090498414138112,-0.0003576777830862714
2,0.003627100000000921,7.161621188158377,-0.000709639039858434,-12.0,-3.581875059735367,12.0,-0.001582335595563811,0.0003581165420695517,0.0003581165413599118,0.0007161621188158377,0.0005081288553919483,-0.0003581165420695508
2,0.003627300000000921,7.170385946056412,-0.0007087505093141822,-12.0,-3.586256105879682,12.0,-0.001582729989485943,0.0003585547355370379,0.0003585547348282863,0.0007170385946056412,0.0005072086682718357,-0.0003585547355370368
2,0.003627500000000922,7.179139380909665,-0.0007078608684283338,-12.0,-3.590631488836085,12.0,-0.001583123486572469,0.0003589923627967666,0.0003589923620889047,0.0007179139380909665,0.0005062892827154275,-0.0003589923627967656
2,0.003627700000000922,7.187881478895409,-0.0007069701185757893,-12.0,-3.595001201695269,12.0,-0.001583516087412029,0.0003594294231576703,0.0003594294224506992,0.0007187881478895409,0.0005053707013849273,-0.0003594294231576694
2,0.003627900000000922,7.196612226208821,-0.0007060782611061356,-12.0,-3.599365237556852,12.0,-0.001583907792596873,0.0003598659159295756,0.0003598659152234964,0.0007196612226208821,0.0005044529269425668,-0.0003598659159295746
2,0.003628100000000922,7.205331609062965,-0.000705185297384503,-12.0,-3.603723589529412,12.0,-0.001584298602721301,0.0003603018404232038,0.0003603018397180175,0.0007205331609062965,0.0005035359620507718,-0.0003603018404232028
2,0.003628300000000922,7.214039613688912,-0.0007042912287822389,-12.0,-3.608076250730541,12.0,-0.001584688518382726,0.0003607371959501768,0.0003607371952458847,0.0007214039613688912,0.0005026198093721901,-0.0003607371959501759
2,0.003628500000000922,7.222736226335683,-0.0007033960566533715,-12.0,-3.612423214286782,12.0,-0.001585077540181778,0.0003611719818230138,0.0003611719811196168,0.0007222736226335683,0.0005017044715695806,-0.0003611719818230128
2,0.0036287000000009223,7.231421433270244,-0.0007024997823674717,-12.0,-3.616764473333671,12.0,-0.001585465668721087,0.0003616061973551313,0.0003616061966526305,0.0007231421433270244,0.0005007899513057579,-0.0003616061973551304
2,0.003628900000000922,7.240095220777642,-0.0007016024072998839,-12.0,-3.621100021015795,12.0,-0.001585852904606888,0.0003620398418608505,0.0003620398411592471,0.0007240095220777642,0.0004998762512437027,-0.0003620398418608495
2,0.003629100000000923,7.248757575160937,-0.0007007039328073006,-12.0,-3.625429850486718,12.0,-0.001586239248448029,0.0003624729146553921,0.0003624729139546872,0.0007248757575160937,0.0004989633740464239,-0.0003624729146553911
2,0.003629300000000923,7.257408482741195,-0.0006998043602637338,-12.0,-3.629753954909037,12.0,-0.001586624700855743,0.0003629054150548784,0.000362905414355073,0.0007257408482741196,0.0004980513223771799,-0.0003629054150548774
2,0.003629500000000923,7.266047929857636,-0.0006989036910463042,-12.0,-3.634072327454426,12.0,-0.001587009262444483,0.0003633373423763388,0.0003633373416774341,0.0007266047929857636,0.0004971400988991737,-0.0003633373423763379
2,0.0036297000000009233,7.274675902867534,-0.000698001926514813,-12.0,-3.638384961303559,12.0,-0.001587392933831422,0.0003637686959377054,0.0003637686952397024,0.0007274675902867534,0.0004962297062756915,-0.0003637686959377044
2,0.003629900000000923,7.283292388146292,-0.0006970990680583711,-12.0,-3.642691849646224,12.0,-0.001587775715636397,0.0003641994750578176,0.0003641994743607175,0.0007283292388146293,0.0004953201471701585,-0.0003641994750578166
2,0.003630100000000923,7.291897372087462,-0.0006961951170345593,-12.0,-3.646992985681233,12.0,-0.001588157608482077,0.0003646296790564209,0.0003646296783602249,0.0007291897372087462,0.0004944114242459718,-0.0003646296790564198
2,0.0036303000000009232,7.300490841102752,-0.0006952900748347091,-12.0,-3.651288362616528,12.0,-0.001588538612993962,0.0003650593072541703,0.0003650593065588793,0.0007300490841102753,0.0004935035401666676,-0.0003650593072541693
2,0.003630500000000923,7.30907278162207,-0.0006943839428243948,-12.0,-3.65557797366911,12.0,-0.001588918729799993,0.0003654883589726297,0.0003654883582782447,0.000730907278162207,0.0004925964975957264,-0.0003654883589726286
2,0.003630700000000923,7.317643180093487,-0.0006934767223847338,-12.0,-3.659861812065087,12.0,-0.001589297959531555,0.0003659168335342714,0.0003659168328407936,0.0007317643180093488,0.000491690299196712,-0.0003659168335342703
2,0.003630900000000924,7.326202022983363,-0.0006925684149008404,-12.0,-3.664139871039717,12.0,-0.001589676302822141,0.0003663447302624826,0.0003663447295699132,0.0007326202022983363,0.0004907849476331605,-0.0003663447302624817
2,0.003631100000000924,7.334749296776283,-0.0006916590217445062,-12.0,-3.668412143837348,12.0,-0.001590053760308241,0.0003667720484815614,0.0003667720477899014,0.0007334749296776283,0.0004898804455685801,-0.0003667720484815604
2,0.0036313000000009242,7.343284987975067,-0.0006907485442999572,-12.0,-3.672678623711469,12.0,-0.001590430332628956,0.0003671987875167178,0.0003671987868259684,0.0007343284987975067,0.0004889767956667013,-0.0003671987875167169
2,0.003631500000000924,7.351809083100882,-0.0006898369839567486,-12.0,-3.676939303924746,12.0,-0.001590806020426105,0.0003676249466940799,0.000367624946004242,0.0007351809083100883,0.0004880740005908379,-0.000367624946694079
2,0.003631700000000924,7.360321568693196,-0.0006889243420884483,-12.0,-3.681194177748974,12.0,-0.001591180824344618,0.0003680505253406895,0.0003680505246517643,0.0007360321568693197,0.0004871720630046095,-0.0003680505253406886
2,0.003631900000000924,7.368822431309763,-0.0006880106200841674,-12.0,-3.685443238465113,12.0,-0.001591554745031754,0.000368475522784504,0.0003684755220964924,0.0007368822431309763,0.0004862709855714964,-0.0003684755227845029
2,0.003632100000000924,7.37731165752676,-0.0006870958193356813,-12.0,-3.689686479363341,12.0,-0.001591927783137492,0.0003688999383544016,0.0003688999376673048,0.0007377311657526761,0.000485370770954896,-0.0003688999383544006
2,0.003632300000000924,7.385789233938722,-0.0006861799412201108,-12.0,-3.69392389374299,12.0,-0.001592299939314534,0.000369323771380178,0.0003693237706939971,0.0007385789233938722,0.0004844714218182611,-0.000369323771380177
2,0.003632500000000924,7.394255147158532,-0.0006852629871296756,-12.0,-3.698155474912591,12.0,-0.001592671214218355,0.0003697470211925471,0.0003697470205072831,0.0007394255147158532,0.0004835729408247669,-0.0003697470211925461
2,0.003632700000000925,7.402709383817548,-0.0006843449584592598,-12.0,-3.702381216189913,12.0,-0.001593041608507206,0.0003701696871231464,0.0003701696864388004,0.0007402709383817548,0.0004826753306377274,-0.0003701696871231454
2,0.003632900000000925,7.411151930565602,-0.0006834258565970863,-12.0,-3.706601110901956,12.0,-0.001593411122841892,0.0003705917685045369,0.0003705917678211099,0.0007411151930565602,0.0004817785939202346,-0.0003705917685045359
2,0.003633100000000925,7.419582774070888,-0.0006825056829224962,-12.0,-3.710815152384884,12.0,-0.001593779757885605,0.0003710132646701973,0.0003710132639876905,0.0007419582774070888,0.0004808827333354082,-0.0003710132646701962
2,0.003633300000000925,7.428001901020122,-0.0006815844388454728,-12.0,-3.715023333984173,12.0,-0.001594147514304811,0.0003714341749545337,0.0003714341742729484,0.0007428001901020122,0.0004799877515461182,-0.0003714341749545328
2,0.003633500000000925,7.436409298118587,-0.0006806621257524625,-12.0,-3.719225649054543,12.0,-0.001594514392768254,0.0003718544986928801,0.000371854498012217,0.0007436409298118587,0.0004790936512151789,-0.0003718544986928791
2,0.0036337000000009247,7.444804952090021,-0.0006797387450365733,-12.0,-3.723422090959953,12.0,-0.001594880393947284,0.0003722742352214927,0.0003722742345417529,0.0007444804952090022,0.0004782004350052937,-0.0003722742352214916
2,0.0036339000000009253,7.453188849676704,-0.0006788142980922451,-12.0,-3.727612653073634,12.0,-0.001595245518516031,0.0003726933838775552,0.0003726933831987398,0.0007453188849676705,0.0004773081055789441,-0.0003726933838775542
2,0.003634100000000925,7.461560977639531,-0.0006778887863272409,-12.0,-3.731797328778144,12.0,-0.001595609767151285,0.0003731119439991827,0.000373111943321293,0.0007461560977639531,0.0004764166655986113,-0.0003731119439991816
2,0.003634300000000925,7.469921322757964,-0.0006769622111262308,-12.0,-3.735976111465293,12.0,-0.001595973140532392,0.0003735299149254179,0.0003735299142484545,0.0007469921322757964,0.0004755261177264714,-0.0003735299149254167
2,0.003634500000000926,7.478269871830038,-0.0006760345738938689,-12.0,-3.740148994536205,12.0,-0.001596335639341084,0.0003739472959962322,0.0003739472953201966,0.0007478269871830038,0.0004746364646247003,-0.0003739472959962311
2,0.0036347000000009257,7.486606611672477,-0.0006751058760339212,-12.0,-3.744315971401349,12.0,-0.00159669726426237,0.0003743640865525325,0.0003743640858774255,0.0007486606611672477,0.0004737477089550024,-0.0003743640865525315
2,0.0036349000000009263,7.494931529120632,-0.000674176118940828,-12.0,-3.748477035480488,12.0,-0.001597058015983088,0.0003747802859361558,0.0003747802852619787,0.0007494931529120633,0.0004728598533791095,-0.0003747802859361548
2,0.003635100000000926,7.503244611028484,-0.000673245304018355,-12.0,-3.752632180202723,12.0,-0.001597417895193187,0.0003751958934898715,0.0003751958928166252,0.0007503244611028484,0.0004719729005586426,-0.0003751958934898705
2,0.003635300000000926,7.511545844268761,-0.0006723134326733771,-12.0,-3.756781399006525,12.0,-0.001597776902584946,0.0003756109085573862,0.0003756109078850717,0.0007511545844268761,0.0004710868531546952,-0.0003756109085573852
2,0.003635500000000926,7.519835215732922,-0.0006713805063118805,-12.0,-3.760924685339734,12.0,-0.001598135038853365,0.0003760253304833434,0.0003760253298119617,0.0007519835215732922,0.000470201713828361,-0.0003760253304833423
2,0.003635700000000926,7.528112712331078,-0.0006704465263234205,-12.0,-3.76506203265949,12.0,-0.001598492304695942,0.0003764391586133177,0.0003764391579428701,0.0007528112712331078,0.0004693174852405113,-0.0003764391586133167
2,0.003635900000000926,7.536378320992127,-0.0006695114941326352,-12.0,-3.769193434432378,12.0,-0.001598848700812949,0.0003768523922938256,0.000376852391624313,0.0007536378320992127,0.0004684341700516015,-0.0003768523922938245
2,0.003636100000000926,7.544632028663812,-0.0006685754111437348,-12.0,-3.773318884134376,12.0,-0.00159920422790677,0.0003772650308723243,0.0003772650302037478,0.0007544632028663812,0.0004675517709219479,-0.0003772650308723232
2,0.003636300000000927,7.552873822312568,-0.0006676382787471624,-12.0,-3.777438375250787,12.0,-0.001599558886682784,0.0003776770736972051,0.0003776770730295658,0.0007552873822312568,0.0004666702905116726,-0.000377677073697204
2,0.003636500000000927,7.561103688923668,-0.0006667000983751059,-12.0,-3.781551901276398,12.0,-0.001599912677848703,0.0003780885201178033,0.0003780885194511022,0.0007561103688923669,0.0004657897314803705,-0.0003780885201178023
2,0.003636700000000927,7.56932161550132,-0.0006657608714291108,-12.0,-3.785659455715412,12.0,-0.001600265602114792,0.0003784993694843993,0.0003784993688186375,0.000756932161550132,0.0004649100964876363,-0.0003784993694843982
2,0.003636900000000927,7.577527589068446,-0.0006648205993085021,-12.0,-3.789761032081392,12.0,-0.001600617660193815,0.0003789096211482094,0.0003789096204833878,0.0007577527589068447,0.0004640313881925651,-0.0003789096211482084
2,0.003637100000000927,7.585721596666914,-0.0006638792834436913,-12.0,-3.793856623897415,12.0,-0.001600968852801254,0.0003793192744613982,0.0003793192737975179,0.0007585721596666914,0.00046315360925403,-0.0003793192744613972
2,0.0036373000000009268,7.593903625357536,-0.000662936925237112,-12.0,-3.797946224695993,12.0,-0.001601319180654426,0.0003797283287770768,0.0003797283281141387,0.0007593903625357537,0.0004622767623305157,-0.0003797283287770756
2,0.0036375000000009273,7.602073662219972,-0.0006619935261036325,-12.0,-3.802029828019076,12.0,-0.001601668644474363,0.0003801367834492984,0.0003801367827873038,0.0007602073662219972,0.0004614008500802569,-0.0003801367834492972
2,0.003637700000000927,7.610231694352822,-0.0006610490874559005,-12.0,-3.806107427418086,12.0,-0.001602017244983711,0.0003805446378330641,0.0003805446371720139,0.0007610231694352822,0.0004605258751609331,-0.000380544637833063
2,0.003637900000000928,7.618377708873688,-0.0006601036107194425,-12.0,-3.810179016453959,12.0,-0.001602364982907334,0.0003809518912843251,0.0003809518906242204,0.0007618377708873688,0.0004596518402302241,-0.0003809518912843239
2,0.003638100000000928,7.626511692919143,-0.0006591570972980243,-12.0,-3.81424458869709,12.0,-0.001602711858973482,0.0003813585431599803,0.000381358542500822,0.0007626511692919144,0.0004587787479450878,-0.0003813585431599792
2,0.0036383000000009278,7.634633633644714,-0.0006582095486136197,-12.0,-3.818304137727373,12.0,-0.001603057873912017,0.0003817645928178772,0.0003817645921596664,0.0007634633633644715,0.0004579066009622879,-0.000381764592817876
2,0.0036385000000009283,7.642743518225008,-0.0006572609660913109,-12.0,-3.82235765713425,12.0,-0.001603403028456352,0.0003821700396168171,0.000382170038959555,0.0007642743518225008,0.0004570354019381717,-0.0003821700396168159
2,0.003638700000000928,7.650841333853652,-0.0006563113511388607,-12.0,-3.826405140516648,12.0,-0.001603747323341176,0.0003825748829165521,0.0003825748822602396,0.0007650841333853652,0.0004561651535286426,-0.000382574882916551
2,0.003638900000000928,7.658927067743295,-0.0006553607051817956,-12.0,-3.830446581483027,12.0,-0.001604090759303844,0.0003829791220777857,0.0003829791214224239,0.0007658927067743295,0.0004552958583892985,-0.0003829791220777845
2,0.0036391000000009282,7.667000707125712,-0.0006544090296438654,-12.0,-3.834481973651412,12.0,-0.001604433337084765,0.0003833827564621779,0.0003833827558077678,0.0007667000707125713,0.0004544275191751268,-0.0003833827564621768
2,0.003639300000000928,7.675062239251797,-0.0006534563259461557,-12.0,-3.83851131064938,12.0,-0.001604775057426455,0.0003837857854323446,0.0003837857847788872,0.0007675062239251797,0.0004535601385407539,-0.0003837857854323434
2,0.003639500000000928,7.683111651391521,-0.0006525025955057551,-12.0,-3.842534586114045,12.0,-0.001605115921073708,0.0003841882083518551,0.0003841882076993513,0.0007683111651391521,0.0004526937191405567,-0.0003841882083518539
2,0.003639700000000929,7.691148930833989,-0.0006515478397477459,-12.0,-3.846551793692095,12.0,-0.001605455928773813,0.0003845900245852358,0.0003845900239336868,0.0007691148930833989,0.000451828263628079,-0.0003845900245852347
2,0.003639900000000929,7.699174064887511,-0.000650592060105204,-12.0,-3.850562927039833,12.0,-0.00160579508127634,0.0003849912334979739,0.0003849912328473808,0.0007699174064887511,0.0004509637746566431,-0.0003849912334979729
2,0.0036401000000009292,7.707187040879569,-0.0006496352579903331,-12.0,-3.854567979823122,12.0,-0.001606133379333685,0.0003853918344565143,0.000385391833806878,0.000770718704087957,0.0004501002548790711,-0.0003853918344565132
2,0.003640300000000929,7.715187846156796,-0.0006486774348357649,-12.0,-3.858566945717426,12.0,-0.00160647082370019,0.0003857918268282601,0.0003857918261795816,0.0007715187846156796,0.000449237706947575,-0.000385791826828259
2,0.003640500000000929,7.723176468085115,-0.000647718592072799,-12.0,-3.862559818407853,12.0,-0.001606807415132694,0.0003861912099815791,0.0003861912093338594,0.0007723176468085116,0.0004483761335140335,-0.000386191209981578
2,0.003640700000000929,7.73115289404967,-0.0006467587311194123,-12.0,-3.866546591589101,12.0,-0.001607143154390256,0.0003865899832857994,0.0003865899826390395,0.000773115289404967,0.0004475155372296313,-0.0003865899832857982
2,0.003640900000000929,7.739117111454822,-0.0006457978534069042,-12.0,-3.8705272589655,12.0,-0.001607478042234989,0.0003869881461112104,0.0003869881454654114,0.0007739117111454822,0.0004466559207449983,-0.0003869881461112093
2,0.0036411000000009294,7.747069107724277,-0.0006448359603714593,-12.0,-3.874501814251055,12.0,-0.001607812079430226,0.0003873856978290696,0.0003873856971842325,0.0007747069107724278,0.0004457972867105142,-0.0003873856978290684
2,0.003641300000000929,7.755008870301018,-0.0006438730534346071,-12.0,-3.878470251169391,12.0,-0.001608145266742467,0.0003877826378115969,0.0003877826371677227,0.0007755008870301019,0.0004449396377756432,-0.0003877826378115956
2,0.00364150000000093,7.762936386647318,-0.0006429091340276472,-12.0,-3.882432563453792,12.0,-0.001608477604940428,0.0003881789654319776,0.0003881789647890673,0.0007762936386647318,0.000444082976589516,-0.0003881789654319764
2,0.00364170000000093,7.77085164424484,-0.0006419442035898726,-12.0,-3.886388744847247,12.0,-0.001608809094794772,0.0003885746800643668,0.0003885746794224215,0.0007770851644244841,0.0004432273058006253,-0.0003885746800643658
2,0.00364190000000093,7.778754630594579,-0.0006409782635423689,-12.0,-3.890338789102386,12.0,-0.001609139737078991,0.0003889697810838855,0.000388969780442906,0.0007778754630594579,0.0004423726280567974,-0.0003889697810838844
2,0.0036421000000009304,7.786645333216922,-0.0006400113153315345,-12.0,-3.894282689981571,12.0,-0.001609469532568464,0.0003893642678666252,0.0003893642672266127,0.0007786645333216922,0.0004415189460053592,-0.000389364267866624
2,0.00364230000000093,7.794523739651666,-0.0006390433603775669,-12.0,-3.898220441256833,12.0,-0.001609798482041069,0.0003897581397896467,0.0003897581391506022,0.0007794523739651666,0.0004406662622929436,-0.0003897581397896455
2,0.00364250000000093,7.802389837457976,-0.0006380744001215355,-12.0,-3.902152036709914,12.0,-0.001610126586276905,0.0003901513962309805,0.0003901513955929049,0.0007802389837457977,0.0004398145795656561,-0.0003901513962309793
2,0.0036427000000009303,7.810243614214526,-0.0006371044360018452,-12.0,-3.906077470132311,12.0,-0.001610453846058457,0.0003905440365696321,0.0003905440359325264,0.0007810243614214526,0.0004389639004687973,-0.0003905440365696309
2,0.00364290000000093,7.818085057519408,-0.0006361334694449106,-12.0,-3.909996735325206,12.0,-0.001610780262170375,0.0003909360601855772,0.0003909360595494427,0.0007818085057519408,0.0004381142276471961,-0.0003909360601855761
2,0.00364310000000093,7.825914154990203,-0.0006351615018997947,-12.0,-3.913909826099566,12.0,-0.001611105835399307,0.0003913274664597679,0.0003913274658246051,0.0007825914154990203,0.0004372655637449041,-0.0003913274664597667
2,0.003643300000000931,7.833730894264002,-0.0006341885347933562,-12.0,-3.917816736276077,12.0,-0.001611430566534677,0.0003917182547741296,0.0003917182541399398,0.0007833730894264002,0.0004364179114053068,-0.0003917182547741284
2,0.0036435000000009307,7.841535262997378,-0.0006332145695653324,-12.0,-3.921717459685182,12.0,-0.001611754456367853,0.000392108424511563,0.0003921084238783472,0.0007841535262997378,0.0004355712732711514,-0.0003921084245115618
2,0.0036437000000009313,7.84932724886648,-0.0006322396076625658,-12.0,-3.92561199016713,12.0,-0.001612077505692588,0.000392497975055948,0.0003924979744237071,0.000784932724886648,0.0004347256519844911,-0.0003924979750559467
2,0.003643900000000931,7.857106839566998,-0.0006312636505105829,-12.0,-3.929500321571901,12.0,-0.001612399715304358,0.0003928869057921404,0.0003928869051608755,0.0007857106839566999,0.0004338810501865464,-0.0003928869057921391
2,0.003644100000000931,7.864874022814201,-0.0006302866995646639,-12.0,-3.933382447759314,12.0,-0.001612721086001578,0.0003932752161059761,0.0003932752154756883,0.0007864874022814201,0.0004330374705179552,-0.000393275216105975
2,0.003644300000000931,7.872628786342962,-0.000629308756254332,-12.0,-3.937258362598949,12.0,-0.001613041618584443,0.0003936629053842707,0.0003936629047549608,0.0007872628786342962,0.0004321949156184668,-0.0003936629053842695
2,0.003644500000000931,7.880371117907728,-0.0006283298220233213,-12.0,-3.941128059970197,12.0,-0.001613361313855199,0.0003940499730148186,0.0003940499723864876,0.0007880371117907728,0.000431353388127359,-0.0003940499730148174
2,0.003644700000000931,7.888101005282641,-0.0006273498983206949,-12.0,-3.9449915337623,12.0,-0.001613680172618814,0.0003944364183863992,0.0003944364177590481,0.0007888101005282641,0.0004305128906827715,-0.000394436418386398
2,0.003644900000000931,7.89581843626147,-0.0006263689865790845,-12.0,-3.948848777874294,12.0,-0.001613998195681809,0.0003948222408887728,0.0003948222402624024,0.000789581843626147,0.000429673425922289,-0.0003948222408887715
2,0.003645100000000932,7.903523398657629,-0.0006253870882444446,-12.0,-3.952699786215053,12.0,-0.001614315383853315,0.000395207439912682,0.0003952074392872937,0.0007903523398657629,0.0004288349964827465,-0.0003952074399126809
2,0.003645300000000932,7.911215880304272,-0.0006244042047689469,-12.0,-3.956544552703332,12.0,-0.001614631737944516,0.0003955920148498575,0.000395592014225452,0.0007911215880304272,0.0004279976050000356,-0.0003955920148498563
2,0.003645500000000932,7.918895869054253,-0.0006234203375847791,-12.0,-3.960383071267707,12.0,-0.001614947258768373,0.0003959759650930134,0.0003959759644695919,0.0007918895869054253,0.0004271612541092984,-0.0003959759650930123
2,0.003645700000000932,7.926563352780112,-0.0006224354881423366,-12.0,-3.964215335846625,12.0,-0.001615261947140567,0.0003963592900358495,0.0003963592894134128,0.0007926563352780113,0.0004263259464449276,-0.0003963592900358484
2,0.003645900000000932,7.934218319374203,-0.000621449657892903,-12.0,-3.968041340388437,12.0,-0.001615575803878611,0.0003967419890730557,0.0003967419884516048,0.0007934218319374203,0.0004254916846403167,-0.0003967419890730545
2,0.0036461000000009318,7.94186075674862,-0.0006204628482739949,-12.0,-3.97186107885135,12.0,-0.001615888829801793,0.0003971240616003089,0.0003971240609798447,0.0007941860756748621,0.0004246584713281654,-0.0003971240616003076
2,0.0036463000000009323,7.94949065283522,-0.0006194750607351196,-12.0,-3.975674545203463,12.0,-0.001616201025732455,0.000397505507014274,0.0003975055063947978,0.0007949490652835221,0.0004238263091401462,-0.0003975055070142728
2,0.003646500000000932,7.957107995585704,-0.0006184862967262283,-12.0,-3.979481733422805,12.0,-0.001616512392494052,0.0003978863247126091,0.0003978863240941215,0.0007957107995585704,0.0004229952007071824,-0.0003978863247126078
2,0.003646700000000932,7.964712772971607,-0.0006174965576963842,-12.0,-3.983282637497314,12.0,-0.001616822930912365,0.0003982665140939631,0.0003982665134764652,0.0007964712772971608,0.000422165148659337,-0.0003982665140939618
2,0.003646900000000933,7.972304972984294,-0.0006165058450875449,-12.0,-3.987077251424837,12.0,-0.001617132641815511,0.0003986460745579762,0.0003986460739414691,0.0007972304972984294,0.0004213361556255901,-0.000398646074557975
2,0.0036471000000009328,7.97988458363496,-0.0006155141603501058,-12.0,-3.990865569213147,12.0,-0.001617441526033936,0.0003990250055052808,0.0003990250048897656,0.000797988458363496,0.0004205082242341451,-0.0003990250055052797
2,0.0036473000000009333,7.987451592954732,-0.0006145215049428998,-12.0,-3.994647584879995,12.0,-0.001617749584399086,0.0003994033063375065,0.0003994033057229838,0.0007987451592954732,0.0004196813571122893,-0.0003994033063375052
2,0.003647500000000933,7.995005988994634,-0.0006135278803038879,-12.0,-3.998423292453051,12.0,-0.001618056817745517,0.0003997809764572758,0.0003997809758437469,0.0007995005988994634,0.0004188555568862551,-0.0003997809764572747
2,0.003647700000000933,8.002547759825564,-0.0006125332878887946,-12.0,-4.002192685969948,12.0,-0.001618363226909003,0.0004001580152682072,0.0004001580146556727,0.0008002547759825564,0.0004180308261814702,-0.000400158015268206
2,0.003647900000000933,8.010076893538423,-0.0006115377291533441,-12.0,-4.00595575947832,12.0,-0.001618668812728541,0.0004005344221749179,0.0004005344215633788,0.0008010076893538424,0.0004172071676221967,-0.0004005344221749166
2,0.003648100000000933,8.017593378244051,-0.0006105412055403825,-12.0,-4.009712507035749,12.0,-0.00161897357604357,0.000400910196583022,0.0004009101959724796,0.0008017593378244051,0.0004163845838318359,-0.0004009101965830208
2,0.003648300000000933,8.025097202073223,-0.0006095437185060781,-12.0,-4.013462922709808,12.0,-0.001619277517696416,0.0004012853378991314,0.0004012853372895864,0.0008025097202073224,0.0004155630774329011,-0.0004012853378991303
2,0.003648500000000934,8.032588353176752,-0.0006085452695057114,-12.0,-4.017207000578088,12.0,-0.001619580638531626,0.0004016598455308594,0.0004016598449223129,0.0008032588353176753,0.0004147426510467123,-0.0004016598455308582
2,0.003648700000000934,8.040066819725503,-0.0006075458599941186,-12.0,-4.020944734728201,12.0,-0.001619882939394968,0.0004020337188868219,0.0004020337182792749,0.0008040066819725504,0.0004139233072935622,-0.0004020337188868207
2,0.003648900000000934,8.04753258991029,-0.0006065454914088164,-12.0,-4.024676119257713,12.0,-0.001620184421134874,0.0004024069573766316,0.0004024069567700849,0.000804753258991029,0.0004131050487928833,-0.0004024069573766304
2,0.003649100000000934,8.054985651942003,-0.000605544165223737,-12.0,-4.02840114827428,12.0,-0.001620485084601331,0.0004027795604109068,0.0004027795598053613,0.0008054985651942003,0.0004122878781629424,-0.0004027795604109056
2,0.003649300000000934,8.062425994051683,-0.0006045418828870552,-12.0,-4.032119815895591,12.0,-0.001620784930646546,0.0004031515274012717,0.0004031515267967284,0.0008062425994051683,0.000411471798020896,-0.0004031515274012704
2,0.003649500000000934,8.069853604490348,-0.000603538645841617,-12.0,-4.035832116249322,12.0,-0.00162108396012417,0.0004035228577603494,0.0004035228571568094,0.0008069853604490348,0.0004106568109829289,-0.0004035228577603481
2,0.003649700000000934,8.077268471529162,-0.000602534455559578,-12.0,-4.039538043473266,12.0,-0.00162138217389074,0.0004038935509017718,0.0004038935502992361,0.0008077268471529163,0.0004098429196640052,-0.0004038935509017707
2,0.0036499000000009343,8.084670583459495,-0.0006015293134922217,-12.0,-4.043237591715278,12.0,-0.001621679572803236,0.0004042636062401798,0.0004042636056386494,0.0008084670583459495,0.0004090301266782559,-0.0004042636062401786
2,0.003650100000000934,8.092059928592736,-0.0006005232210832823,-12.0,-4.046930755133225,12.0,-0.001621976157722194,0.0004046330231912154,0.000404633022590691,0.0008092059928592737,0.0004082184346383133,-0.0004046330231912142
2,0.003650300000000935,8.099436495260493,-0.0005995161798053594,-12.0,-4.050617527895117,12.0,-0.00162227192950859,0.0004050018011715324,0.000405001800572015,0.0008099436495260493,0.0004074078461559771,-0.0004050018011715311
2,0.003650500000000935,8.106800271814608,-0.0005985081911092927,-12.0,-4.054297904179049,12.0,-0.0016225668890264,0.0004053699395987952,0.0004053699390002859,0.0008106800271814608,0.0004065983638417703,-0.0004053699395987939
2,0.003650700000000935,8.114151246627051,-0.0005974992564494741,-12.0,-4.057971878173193,12.0,-0.001622861037140932,0.0004057374378916756,0.000405737437294175,0.0008114151246627051,0.0004057899903051609,-0.0004057374378916744
2,0.0036509000000009353,8.121489408090024,-0.0005964893772842927,-12.0,-4.061639444075833,12.0,-0.001623154374719271,0.0004061042954698561,0.0004061042948733654,0.0008121489408090025,0.0004049827281543406,-0.0004061042954698549
2,0.003651100000000935,8.128814744616001,-0.0005954785550774666,-12.0,-4.065300596095401,12.0,-0.001623446902630832,0.0004064705117540335,0.0004064705111585539,0.0008128814744616001,0.0004041765799963071,-0.0004064705117540324
2,0.003651300000000935,8.136127244637688,-0.0005944667912793911,-12.0,-4.06895532845043,12.0,-0.00162373862174614,0.0004068360861659164,0.0004068360855714484,0.0008136127244637688,0.000403371548436976,-0.0004068360861659152
2,0.0036515000000009352,8.14342689660804,-0.0005934540873511196,-12.0,-4.072603635369588,12.0,-0.001624029532938276,0.0004072010181282249,0.0004072010175347695,0.000814342689660804,0.0004025676360809582,-0.0004072010181282237
2,0.003651700000000935,8.150713689000359,-0.0005924404447572584,-12.0,-4.076245511091719,12.0,-0.001624319637081539,0.0004075653070646974,0.0004075653064722558,0.000815071368900036,0.0004017648455316714,-0.0004075653070646962
2,0.003651900000000935,8.15798761030823,-0.000591425864948647,-12.0,-4.079880949865796,12.0,-0.001624608935052674,0.0004079289524000859,0.0004079289518086589,0.000815798761030823,0.0004009631793912005,-0.0004079289524000847
2,0.003652100000000936,8.165248649045532,-0.0005904103493898916,-12.0,-4.083509945950954,12.0,-0.001624897427729644,0.0004082919535601578,0.0004082919529697462,0.0008165248649045533,0.0004001626402605485,-0.0004082919535601565
2,0.003652300000000936,8.172496793746546,-0.0005893938995398251,-12.0,-4.087132493616523,12.0,-0.001625185115992633,0.0004086543099716995,0.0004086543093823044,0.0008172496793746547,0.0003993632307393025,-0.0004086543099716984
2,0.0036525000000009362,8.179732032965928,-0.0005883765168639421,-12.0,-4.090748587142026,12.0,-0.001625472000723049,0.0004090160210625176,0.0004090160204741396,0.0008179732032965928,0.0003985649534258562,-0.0004090160210625163
2,0.003652700000000936,8.186954355278653,-0.0005873582028064206,-12.0,-4.094358220817118,12.0,-0.00162575808280474,0.0004093770862614324,0.0004093770856740729,0.0008186954355278653,0.0003977678109172156,-0.0004093770862614312
2,0.003652900000000936,8.194163749280108,-0.0005863389588465218,-12.0,-4.097961388941714,12.0,-0.001626043363122665,0.0004097375049982879,0.0004097375044119478,0.0008194163749280108,0.0003969718058092764,-0.0004097375049982868
2,0.003653100000000936,8.201360203586182,-0.00058531878643997,-12.0,-4.10155808582594,12.0,-0.001626327842563891,0.0004100972767039511,0.0004100972761186311,0.0008201360203586182,0.0003961769406963522,-0.00041009727670395
2,0.003653300000000936,8.208543706833098,-0.0005842976870371608,-12.0,-4.10514830579008,12.0,-0.001626611522017152,0.0004104564008103056,0.0004104564002260068,0.0008208543706833098,0.0003953832181715078,-0.0004104564008103043
2,0.003653500000000936,8.215714247677555,-0.0005832756621155788,-12.0,-4.108732043164708,12.0,-0.00162689440237318,0.0004108148767502606,0.0004108148761669836,0.0008215714247677556,0.0003945906408265865,-0.0004108148767502593
2,0.003653700000000936,8.222871814796806,-0.0005822527131287281,-12.0,-4.112309292290623,12.0,-0.001627176484523596,0.0004111727039577507,0.0004111727033754967,0.0008222871814796806,0.0003937992112518912,-0.0004111727039577494
2,0.003653900000000937,8.23001639688851,-0.0005812288415376621,-12.0,-4.11588004751885,12.0,-0.001627457769362461,0.0004115298818677325,0.0004115298812865024,0.0008230016396888511,0.0003930089320363789,-0.0004115298818677312
2,0.003654100000000937,8.237147982670841,-0.0005802040488052107,-12.0,-4.119444303210669,12.0,-0.001627738257785505,0.0004118864099161876,0.0004118864093359824,0.0008237147982670842,0.000392219805767674,-0.0004118864099161863
2,0.003654300000000937,8.244266560882535,-0.0005791783364013092,-12.0,-4.123002053737654,12.0,-0.001628017950689675,0.0004122422875401266,0.0004122422869609469,0.0008244266560882536,0.0003914318350319856,-0.0004122422875401252
2,0.003654500000000937,8.251372120282875,-0.0005781517057781294,-12.0,-4.126553293481622,12.0,-0.001628296848973698,0.0004125975141775857,0.0004125975135994327,0.0008251372120282876,0.0003906450224140517,-0.0004125975141775843
2,0.003654700000000937,8.258464649651652,-0.0005771241584011655,-12.0,-4.130098016834669,12.0,-0.001628574953538187,0.0004129520892676281,0.0004129520886905027,0.0008258464649651652,0.0003898593704971809,-0.0004129520892676268
2,0.0036549000000009367,8.265544137789295,-0.0005760956957399088,-12.0,-4.133636218199214,12.0,-0.001628852265285419,0.0004133060122503487,0.0004133060116742517,0.0008265544137789295,0.0003890748818632522,-0.0004133060122503474
2,0.0036551000000009373,8.272610573516817,-0.0005750663192487515,-12.0,-4.137167891987945,12.0,-0.001629128785118894,0.0004136592825668707,0.0004136592819918033,0.0008272610573516817,0.0003882915590926045,-0.0004136592825668697
2,0.003655300000000937,8.279663945675802,-0.0005740360303958525,-12.0,-4.140693032623856,12.0,-0.001629404513943777,0.0004140118996593473,0.0004140118990853099,0.0008279663945675802,0.000387509404764258,-0.000414011899659346
2,0.003655500000000937,8.286704243128536,-0.0005730048306484825,-12.0,-4.144211634540289,12.0,-0.001629679452667565,0.0004143638629709654,0.0004143638623979593,0.0008286704243128536,0.0003867284214554984,-0.0004143638629709641
2,0.003655700000000938,8.29373145475791,-0.0005719727214592574,-12.0,-4.147723692180871,12.0,-0.00162995360219842,0.0004147151719459425,0.0004147151713739685,0.0008293731454757911,0.0003859486117423067,-0.0004147151719459412
2,0.0036559000000009377,8.300745569467498,-0.0005709397043047737,-12.0,-4.151229199999603,12.0,-0.001630226963446169,0.000415065826029531,0.0004150658254585902,0.0008300745569467499,0.0003851699781990819,-0.0004150658260295298
2,0.0036561000000009383,8.307746576181556,-0.0005699057806376473,-12.0,-4.154728152460792,12.0,-0.001630499537323082,0.0004154158246680167,0.0004154158240981097,0.0008307746576181556,0.0003843925233985995,-0.0004154158246680154
2,0.003656300000000938,8.314734463845044,-0.0005688709519331425,-12.0,-4.158220544039132,12.0,-0.001630771324741764,0.000415765167308721,0.0004157651667398488,0.0008314734463845044,0.0003836162499121776,-0.0004157651673087199
2,0.003656500000000938,8.321709221423664,-0.0005678352196456515,-12.0,-4.161706369219652,12.0,-0.001631042326617704,0.0004161138534000018,0.0004161138528321654,0.0008321709221423664,0.0003828411603094689,-0.0004161138534000006
2,0.003656700000000938,8.328670837903797,-0.0005667985852415569,-12.0,-4.165185622497746,12.0,-0.001631312543866614,0.0004164618823912518,0.0004164618818244519,0.0008328670837903797,0.0003820672571586414,-0.0004164618823912505
2,0.003656900000000938,8.335619302292642,-0.0005657610501916821,-12.0,-4.16865829837922,12.0,-0.001631581977406094,0.0004168092537329041,0.0004168092531671417,0.0008335619302292642,0.0003812945430262116,-0.0004168092537329028
2,0.003657100000000938,8.342554603618158,-0.0005647226159526397,-12.0,-4.172124391380233,12.0,-0.001631850628155851,0.0004171559668764293,0.0004171559663117055,0.0008342554603618158,0.0003805230204770721,-0.0004171559668764281
2,0.003657300000000938,8.349476730929046,-0.0005636832839921446,-12.0,-4.175583896027344,12.0,-0.001632118497036705,0.0004175020212743365,0.000417502020710652,0.0008349476730929047,0.0003797526920744643,-0.0004175020212743352
2,0.003657500000000939,8.356385673294888,-0.0005626430557774675,-12.0,-4.17903680685754,12.0,-0.001632385584970586,0.0004178474163801775,0.0004178474158175333,0.0008356385673294888,0.000378983560380089,-0.0004178474163801763
2,0.003657700000000939,8.363281419806047,-0.0005616019327678856,-12.0,-4.182483118418194,12.0,-0.001632651892881309,0.0004181921516485438,0.0004181921510869408,0.0008363281419806047,0.0003782156279538429,-0.0004181921516485426
2,0.003657900000000939,8.370163959573711,-0.0005605599164315578,-12.0,-4.185922825267101,12.0,-0.001632917421694247,0.0004185362265350683,0.0004185362259745071,0.0008370163959573712,0.0003774488973540685,-0.000418536226535067
2,0.003658100000000939,8.377033281729986,-0.0005595170082344225,-12.0,-4.189355921972514,12.0,-0.001633182172335546,0.0004188796404964292,0.0004188796399369111,0.0008377033281729986,0.000376683371137318,-0.000418879640496428
2,0.003658300000000939,8.383889375427799,-0.0005584732096353129,-12.0,-4.192782403113084,12.0,-0.001633446145733575,0.0004192223929903462,0.0004192223924318717,0.00083838893754278,0.0003759190518585337,-0.0004192223929903449
2,0.0036585000000009388,8.390732229841001,-0.0005574285221090491,-12.0,-4.19620226327795,12.0,-0.001633709342817591,0.0004195644834755853,0.0004195644829181555,0.0008390732229841001,0.0003751559420708678,-0.0004195644834755841
2,0.0036587000000009393,8.397561834164362,-0.0005563829471104675,-12.0,-4.199615497066676,12.0,-0.001633971764518516,0.0004199059114119578,0.0004199059108555736,0.0008397561834164362,0.0003743940443257932,-0.0004199059114119566
2,0.003658900000000939,8.404378177613532,-0.0005553364861068388,-12.0,-4.20302209908929,12.0,-0.001634233411768826,0.0004202466762603195,0.000420246675704982,0.0008404378177613533,0.0003736333611729092,-0.0004202466762603183
2,0.00365910000000094,8.41118124942515,-0.0005542891405703188,-12.0,-4.206422063966322,12.0,-0.001634494285501553,0.0004205867774825763,0.0004205867769282861,0.0008411181249425151,0.0003728738951602056,-0.0004205867774825752
2,0.00365930000000094,8.417971038856818,-0.0005532409119570758,-12.0,-4.209815386328754,12.0,-0.00163475438665206,0.0004209262145416809,0.0004209262139884387,0.0008417971038856818,0.0003721156488337846,-0.0004209262145416797
2,0.0036595000000009398,8.424747535187079,-0.0005521918017326044,-12.0,-4.213202060818056,12.0,-0.001635013716156597,0.0004212649869016335,0.0004212649863494406,0.0008424747535187079,0.0003713586247380551,-0.0004212649869016324
2,0.0036597000000009403,8.431510727715512,-0.0005511418113686162,-12.0,-4.216582082086227,12.0,-0.001635272274952637,0.0004216030940274871,0.000421603093476344,0.0008431510727715513,0.0003706028254154559,-0.0004216030940274859
2,0.00365990000000094,8.438260605762684,-0.0005500909423199474,-12.0,-4.219955444795732,12.0,-0.001635530063979429,0.0004219405353853424,0.0004219405348352502,0.0008438260605762685,0.0003698482534067044,-0.0004219405353853412
2,0.00366010000000094,8.444997158670212,-0.0005490391960623064,-12.0,-4.223322143619592,12.0,-0.001635787084177331,0.0004222773104423542,0.0004222773098933137,0.0008444997158670212,0.0003690949112506448,-0.000422277310442353
2,0.0036603000000009402,8.451720375800743,-0.0005479865740478651,-12.0,-4.226682173241309,12.0,-0.001636043336487258,0.0004226134186667272,0.0004226134181187396,0.0008451720375800744,0.0003683428014843587,-0.0004226134186667261
2,0.00366050000000094,8.45843024653799,-0.0005469330777541082,-12.0,-4.230035528354957,12.0,-0.001636298821852344,0.0004229488595277214,0.0004229488589807872,0.0008458430246537991,0.0003675919266428879,-0.0004229488595277204
2,0.00366070000000094,8.465126760286763,-0.0005458787086354278,-12.0,-4.233382203665122,12.0,-0.001636553541217278,0.0004232836324956499,0.00042328363194977,0.0008465126760286763,0.000366842289259442,-0.0004232836324956487
2,0.003660900000000941,8.471809906472926,-0.0005448234681586506,-12.0,-4.236722193886936,12.0,-0.001636807495526971,0.0004236177370418789,0.0004236177364970543,0.0008471809906472926,0.0003660938918654266,-0.0004236177370418778
2,0.003661100000000941,8.478479674543506,-0.0005437673577950441,-12.0,-4.240055493746119,12.0,-0.001637060685727998,0.0004239511726388336,0.0004239511720950651,0.0008478479674543506,0.0003653467369901797,-0.0004239511726388324
2,0.0036613000000009412,8.485136053966645,-0.0005427103789976684,-12.0,-4.243382097978923,12.0,-0.001637313112768601,0.0004242839387599937,0.0004242839382172821,0.0008485136053966645,0.0003646008271611517,-0.0004242839387599926
2,0.003661500000000941,8.491779034231605,-0.0005416525332355704,-12.0,-4.246702001332181,12.0,-0.001637564777597467,0.0004246160348798956,0.0004246160343382421,0.0008491779034231606,0.0003638561649038918,-0.0004246160348798945
2,0.003661700000000941,8.498408604848844,-0.0005405938219777973,-12.0,-4.250015198563327,12.0,-0.001637815681164834,0.000424947460474136,0.0004249474599335411,0.0008498408604848844,0.0003631127527419925,-0.000424947460474135
2,0.003661900000000941,8.50502475535,-0.0005395342466805175,-12.0,-4.253321684440364,12.0,-0.001638065824422497,0.0004252782150193695,0.000425278214479834,0.000850502475535,0.0003623705931969368,-0.0004252782150193683
2,0.003662100000000941,8.511627475287872,-0.0005384738088092256,-12.0,-4.256621453741888,12.0,-0.001638315208323027,0.0004256082979933091,0.0004256082974548341,0.0008511627475287873,0.0003616296887883064,-0.000425608297993308
2,0.0036623000000009414,8.518216754236516,-0.0005374125098334126,-12.0,-4.259914501257133,12.0,-0.001638563833820217,0.0004259377088747311,0.0004259377083373175,0.0008518216754236516,0.0003608900420336431,-0.00042593770887473
2,0.003662500000000941,8.524792581791207,-0.0005363503512065826,-12.0,-4.263200821785918,12.0,-0.001638811701869192,0.0004262664471434722,0.0004262664466071207,0.0008524792581791207,0.0003601516554484208,-0.0004262664471434711
2,0.003662700000000942,8.531354947568428,-0.0005352873343977826,-12.0,-4.266480410138684,12.0,-0.001639058813425742,0.0004265945122804298,0.0004265945117451412,0.0008531354947568428,0.0003594145315461983,-0.0004265945122804287
2,0.003662900000000942,8.537903841205965,-0.0005342234608707308,-12.0,-4.269753261136524,12.0,-0.001639305169447214,0.0004269219037675663,0.0004269219032333418,0.0008537903841205965,0.0003586786728383279,-0.0004269219037675653
2,0.003663100000000942,8.544439252362908,-0.0005331587320909215,-12.0,-4.273019369611177,12.0,-0.001639550770892617,0.0004272486210879097,0.00042724862055475,0.0008544439252362909,0.0003579440818339968,-0.0004272486210879086
2,0.0036633000000009424,8.550961170719567,-0.0005320931495074177,-12.0,-4.276278730404976,12.0,-0.001639795618720186,0.0004275746637255479,0.0004275746631934538,0.0008550961170719568,0.00035721076104063,-0.0004275746637255469
2,0.003663500000000942,8.557469585977591,-0.0005310267145990366,-12.0,-4.279531338370962,12.0,-0.001640039713891484,0.0004279000311656373,0.0004279000306346095,0.0008557469585977591,0.0003564787129632374,-0.0004279000311656363
2,0.0036637000000009417,8.563964487860012,-0.0005299594288228349,-12.0,-4.282777188372834,12.0,-0.001640283057367631,0.0004282247228944022,0.0004282247223644418,0.0008563964487860012,0.000355747940104803,-0.0004282247228944011
2,0.0036639000000009423,8.570445866111154,-0.0005288912936354251,-12.0,-4.286016275284942,12.0,-0.001640525650111524,0.0004285487383991317,0.0004285487378702395,0.0008570445866111154,0.0003550184449661875,-0.0004285487383991307
2,0.003664100000000942,8.57691371049668,-0.0005278223105018576,-12.0,-4.289248593992316,12.0,-0.001640767493086726,0.0004288720771681823,0.0004288720766403591,0.000857691371049668,0.0003542902300460032,-0.0004288720771681815
2,0.003664300000000942,8.583368010803685,-0.0005267524808907353,-12.0,-4.292474139390704,12.0,-0.001641008587257797,0.0004291947386909823,0.0004291947381642288,0.0008583368010803685,0.0003535632978408643,-0.0004291947386909813
2,0.003664500000000943,8.58980875684064,-0.0005256818062524538,-12.0,-4.295692906386517,12.0,-0.001641248933591077,0.0004295167224580274,0.0004295167219323446,0.000858980875684064,0.000352837650844956,-0.0004295167224580265
2,0.0036647000000009427,8.596235938437385,-0.0005246102880529513,-12.0,-4.298904889896876,12.0,-0.001641488533052793,0.0004298380279608833,0.0004298380274362719,0.0008596235938437385,0.000352113291550521,-0.0004298380279608823
2,0.0036649000000009433,8.602649545445244,-0.0005235379277577223,-12.0,-4.302110084849637,12.0,-0.001641727386610836,0.000430158654692189,0.0004301586541686501,0.0008602649545445245,0.0003513902224472759,-0.000430158654692188
2,0.003665100000000943,8.609049567736959,-0.0005224647268180505,-12.0,-4.305308486183353,12.0,-0.001641965495233988,0.0004304786021456545,0.0004304786016231889,0.0008609049567736959,0.0003506684460229254,-0.0004304786021456535
2,0.003665300000000943,8.615435995206688,-0.0005213906866998741,-12.0,-4.308500088847301,12.0,-0.001642202859891473,0.000430797869816061,0.0004307978692946694,0.0008615435995206689,0.00034994796476287,-0.0004307978698160601
2,0.003665500000000943,8.621808817770114,-0.0005203158088660231,-12.0,-4.311684887801514,12.0,-0.001642439481554736,0.0004311164571992659,0.000431116456678949,0.0008621808817770115,0.0003492287811501654,-0.0004311164571992648
2,0.003665700000000943,8.628168025364428,-0.0005192400947744424,-12.0,-4.314862878016777,12.0,-0.001642675361194779,0.0004314343637922012,0.0004314343632729601,0.0008628168025364428,0.0003485108976656465,-0.0004314343637922003
2,0.003665900000000943,8.634513607948254,-0.0005181635458755274,-12.0,-4.318034054474575,12.0,-0.001642910499784378,0.0004317515890928709,0.0004317515885747065,0.0008634513607948254,0.0003477943167877751,-0.00043175158909287
2,0.003666100000000943,8.640845555501764,-0.0005170861636418778,-12.0,-4.321198412167206,12.0,-0.001643144898296534,0.0004320681326003574,0.0004320681320832703,0.0008640845555501765,0.000347079040992751,-0.0004320681326003564
2,0.003666300000000944,8.647163858026719,-0.0005160079495296621,-12.0,-4.324355946097733,12.0,-0.001643378557705799,0.0004323839938148213,0.0004323839932988124,0.0008647163858026719,0.0003463650727544149,-0.0004323839938148204
2,0.003666500000000944,8.653468505546355,-0.0005149289049861672,-12.0,-4.327506651279945,12.0,-0.001643611478987173,0.0004326991722374968,0.0004326991717225671,0.0008653468505546355,0.0003456524145442202,-0.000432699172237496
2,0.003666700000000944,8.659759488105493,-0.000513849031485325,-12.0,-4.330650522738465,12.0,-0.001643843663116873,0.000433013667370699,0.0004330136668568489,0.0008659759488105494,0.0003449410688312893,-0.000433013667370698
2,0.003666900000000944,8.666036795770614,-0.0005127683304801955,-12.0,-4.33378755550871,12.0,-0.001644075111071674,0.0004333274787178239,0.0004333274782050548,0.0008666036795770615,0.0003442310380823294,-0.000433327478717823
2,0.003667100000000944,8.672300418629694,-0.0005116868034171773,-12.0,-4.336917744636841,12.0,-0.001644305823829129,0.0004336406057833432,0.0004336406052716556,0.0008672300418629694,0.000343522324761647,-0.0004336406057833424
2,0.0036673000000009438,8.678550346792358,-0.0005106044517697583,-12.0,-4.340041085179879,12.0,-0.001644535802367897,0.0004339530480728117,0.0004339530475622064,0.0008678550346792359,0.0003428149313311202,-0.0004339530480728109
2,0.0036675000000009443,8.684786570389912,-0.0005095212769892221,-12.0,-4.343157572205652,12.0,-0.001644765047666863,0.0004342648050928672,0.0004342648045833451,0.0008684786570389912,0.0003421088602502537,-0.0004342648050928663
2,0.003667700000000944,8.691009079575263,-0.0005084372805268522,-12.0,-4.346267200792794,12.0,-0.001644993560706576,0.0004345758763512276,0.0004345758758427895,0.0008691009079575264,0.0003414041139759433,-0.0004345758763512267
2,0.003667900000000944,8.697217864522953,-0.0005073524638441462,-12.0,-4.349369966030768,12.0,-0.001645221342467917,0.0004348862613566932,0.0004348862608493398,0.0008697217864522954,0.0003407006949627256,-0.0004348862613566924
2,0.003668100000000945,8.703412915429267,-0.000506266828399049,-12.0,-4.3524658630199,12.0,-0.001645448393932325,0.0004351959596191508,0.0004351959591128833,0.0008703412915429267,0.0003399986056626392,-0.0004351959596191502
2,0.0036683000000009448,8.70959422251215,-0.0005051803756410678,-12.0,-4.35555488687134,12.0,-0.001645674716082346,0.0004355049706495707,0.0004355049701443896,0.000870959422251215,0.0003392978485251552,-0.0004355049706495699
2,0.0036685000000009453,8.71576177601122,-0.0005040931070290355,-12.0,-4.358637032707086,12.0,-0.001645900309900972,0.0004358132939600064,0.0004358132934559125,0.0008715761776011221,0.0003385984259973024,-0.0004358132939600057
2,0.003668700000000945,8.721915566187894,-0.0005030050240213413,-12.0,-4.361712295660029,12.0,-0.001646125176371971,0.0004361209290636015,0.0004361209285605957,0.0008721915566187894,0.0003379003405235143,-0.0004361209290636008
2,0.003668900000000945,8.728055583325284,-0.0005019161280634954,-12.0,-4.364780670873898,12.0,-0.001646349316479889,0.0004364278754745843,0.0004364278749726674,0.0008728055583325285,0.0003372035945457125,-0.0004364278754745835
2,0.003669100000000945,8.734181817728235,-0.000500826420614775,-12.0,-4.367842153503304,12.0,-0.001646572731210161,0.0004367341327082697,0.0004367341322074425,0.0008734181817728235,0.0003365081905031542,-0.000436734132708269
2,0.003669300000000945,8.740294259723397,-0.0004997359031304605,-12.0,-4.370896738713753,12.0,-0.00164679542154833,0.0004370397002810631,0.0004370396997813264,0.0008740294259723398,0.0003358141308325985,-0.0004370397002810624
2,0.003669500000000945,8.746392899659222,-0.0004986445770627235,-12.0,-4.37394442168165,12.0,-0.001647017388481387,0.0004373445777104595,0.0004373445772118143,0.0008746392899659222,0.0003351214179680845,-0.0004373445777104587
2,0.003669700000000946,8.752477727905925,-0.0004975524438610712,-12.0,-4.376985197594278,12.0,-0.001647238632995984,0.0004376487645150424,0.0004376487640174893,0.0008752477727905925,0.0003344300543411949,-0.0004376487645150418
2,0.003669900000000946,8.758548734855525,-0.0004964595049798959,-12.0,-4.380019061649827,12.0,-0.001647459156080222,0.0004379522602144855,0.0004379522597180253,0.0008758548734855526,0.000333740042380723,-0.0004379522602144847
2,0.003670100000000946,8.764605910921922,-0.0004953657618749219,-12.0,-4.383046009057431,12.0,-0.001647678958722532,0.0004382550643295563,0.0004382550638341899,0.0008764605910921922,0.0003330513845128669,-0.0004382550643295556
2,0.003670300000000946,8.770649246540827,-0.0004942712159921037,-12.0,-4.386066035037114,12.0,-0.001647898041912121,0.0004385571763821129,0.000438557175887841,0.0008770649246540828,0.000332364083161063,-0.0004385571763821123
2,0.003670500000000946,8.776678732169808,-0.000493175868783613,-12.0,-4.389079134819839,12.0,-0.001648116406638311,0.0004388585958951063,0.0004388585954019296,0.0008776678732169809,0.0003316781407461389,-0.0004388585958951056
2,0.003670700000000946,8.782694358288337,-0.0004920797217065065,-12.0,-4.392085303647525,12.0,-0.00164833405389142,0.0004391593223925825,0.0004391593219005022,0.0008782694358288337,0.0003309935596862434,-0.0004391593223925819
2,0.003670900000000946,8.788696115397766,-0.0004909827762009655,-12.0,-4.395084536773012,12.0,-0.001648550984662212,0.0004394593553996818,0.0004394593549086984,0.0008788696115397766,0.0003303103423966808,-0.0004394593553996812
2,0.0036711000000009463,8.794683994021318,-0.0004898850337231586,-12.0,-4.398076829460095,12.0,-0.001648767199941559,0.0004397586944426378,0.000439758693952752,0.0008794683994021318,0.0003296284912901598,-0.0004397586944426372
2,0.003671300000000946,8.800657984704204,-0.0004887864957225929,-12.0,-4.401062176983551,12.0,-0.001648982700722001,0.0004400573390487833,0.0004400573385599963,0.0008800657984704204,0.000328948008776378,-0.0004400573390487829
2,0.003671500000000947,8.806618078013518,-0.0004876871636461111,-12.0,-4.404040574629101,12.0,-0.001649197487995413,0.0004403552887465461,0.0004403552882588582,0.0008806618078013518,0.0003282688972625208,-0.0004403552887465455
2,0.003671700000000947,8.812564264538313,-0.0004865870389409999,-12.0,-4.407012017693439,12.0,-0.001649411562754333,0.0004406525430654504,0.0004406525425788627,0.0008812564264538313,0.0003275911591528596,-0.0004406525430654497
2,0.003671900000000947,8.818496534889633,-0.0004854861230603191,-12.0,-4.409976501484268,12.0,-0.001649624925992632,0.0004409491015361212,0.0004409491010506347,0.0008818496534889633,0.0003269147968487374,-0.0004409491015361208
2,0.0036721000000009473,8.824414879700472,-0.0004843844174451384,-12.0,-4.412934021320247,12.0,-0.001649837578703628,0.0004412449636902807,0.0004412449632058959,0.0008824414879700472,0.0003262398127489297,-0.0004412449636902802
2,0.003672300000000947,8.830319289625843,-0.0004832819235502939,-12.0,-4.415884572531066,12.0,-0.001650049521881969,0.0004415401290607521,0.0004415401285774697,0.0008830319289625843,0.0003255662092490758,-0.0004415401290607516
2,0.003672500000000947,8.836209755342772,-0.0004821786428133024,-12.0,-4.418828150457392,12.0,-0.001650260756521305,0.0004418345971814584,0.0004418345966992792,0.0008836209755342772,0.0003248939887421781,-0.0004418345971814579
2,0.0036727000000009473,8.842086267550265,-0.0004810745766854474,-12.0,-4.421764750450906,12.0,-0.001650471283617727,0.0004421283675874225,0.0004421283671063475,0.0008842086267550265,0.0003242231536181722,-0.0004421283675874222
2,0.003672900000000947,8.847948816969424,-0.0004799697266157921,-12.0,-4.424694367874333,12.0,-0.001650681104166218,0.0004424214398147721,0.000442421439334802,0.0008847948816969425,0.0003235537062641763,-0.0004424214398147718
2,0.003673100000000947,8.853797394343383,-0.0004788640940396327,-12.0,-4.42761699810139,12.0,-0.001650890219162759,0.0004427138134007355,0.0004427138129218712,0.0008853797394343384,0.0003228856490643944,-0.0004427138134007351
2,0.003673300000000948,8.859631990437334,-0.0004777576804131378,-12.0,-4.430532636516863,12.0,-0.001651098629603109,0.0004430054878836454,0.0004430054874058874,0.0008859631990437335,0.00032221898440013,-0.0004430054878836449
2,0.003673500000000948,8.865452596038576,-0.0004766504871707156,-12.0,-4.43344127851655,12.0,-0.00165130633648447,0.0004432964628029383,0.0004432964623262874,0.0008865452596038577,0.0003215537146495778,-0.0004432964628029379
2,0.0036737000000009483,8.871259201956464,-0.000475542515761429,-12.0,-4.4363429195073,12.0,-0.001651513340803268,0.0004435867376991543,0.0004435867372236113,0.0008871259201956465,0.0003208898421881434,-0.0004435867376991539
2,0.003673900000000948,8.877051799022528,-0.0004744337676290122,-12.0,-4.439237554907046,12.0,-0.001651719643556926,0.000443876312113942,0.0004438763116395078,0.0008877051799022528,0.0003202273693880681,-0.0004438763121139417
2,0.003674100000000948,8.882830378090372,-0.0004733242442105379,-12.0,-4.442125180144743,12.0,-0.001651925245742869,0.0004441651855900536,0.0004441651851167292,0.0008882830378090372,0.000319566298618762,-0.0004441651855900533
2,0.003674300000000948,8.888594930035762,-0.0004722139469568454,-12.0,-4.445005790660455,12.0,-0.001652130148358966,0.0004444533576713503,0.0004444533571991359,0.0008888594930035762,0.0003189066322464018,-0.0004444533576713498
2,0.003674500000000948,8.894345445756631,-0.0004711028773018988,-12.0,-4.447879381905297,12.0,-0.001652334352403306,0.0004447408279027998,0.0004447408274316967,0.0008894345445756631,0.0003182483726343194,-0.0004447408279027995
2,0.003674700000000948,8.900081916173047,-0.0004699910366894322,-12.0,-4.450745949341468,12.0,-0.001652537858874314,0.0004450275958304781,0.0004450275953604868,0.0008900081916173048,0.0003175915221426823,-0.0004450275958304779
2,0.003674900000000948,8.905804332227305,-0.0004688784265631796,-12.0,-4.453605488442282,12.0,-0.001652740668770525,0.0004453136610015721,0.0004453136605326935,0.0008905804332227306,0.0003169360831285495,-0.0004453136610015719
2,0.003675100000000949,8.911512684883874,-0.0004677650483602136,-12.0,-4.456457994692128,12.0,-0.001652942783090916,0.0004455990229643771,0.0004455990224966117,0.0008911512684883874,0.0003162820579459824,-0.0004455990229643768
2,0.003675300000000949,8.91720696512943,-0.0004666509035184951,-12.0,-4.459303463586503,12.0,-0.001653144202834245,0.0004458836812682987,0.0004458836808016475,0.0008917206965129432,0.0003156294489458228,-0.0004458836812682984
2,0.003675500000000949,8.922887163972906,-0.0004655359934830905,-12.0,-4.462141890632037,12.0,-0.001653344928999934,0.0004461676354638557,0.0004461676349983194,0.0008922887163972906,0.0003149782584758593,-0.0004461676354638554
2,0.003675700000000949,8.928553272445457,-0.0004644203196857433,-12.0,-4.464973271346461,12.0,-0.001653544962587516,0.0004464508851026777,0.0004464508846382572,0.0008928553272445458,0.0003143284888805775,-0.0004464508851026776
2,0.003675900000000949,8.934205281600477,-0.0004633038835670789,-12.0,-4.467797601258629,12.0,-0.001653744304596638,0.0004467334297375062,0.0004467334292742022,0.0008934205281600477,0.0003136801425015212,-0.0004467334297375062
2,0.0036761000000009487,8.93984318251366,-0.0004621866865703872,-12.0,-4.470614875908553,12.0,-0.001653942956026722,0.0004470152689221984,0.0004470152684600116,0.0008939843182513661,0.0003130332216769588,-0.0004470152689221984
2,0.0036763000000009493,8.94546696628297,-0.0004610687301247474,-12.0,-4.473425090847359,12.0,-0.001654140917877855,0.0004472964022117235,0.0004472964017506548,0.000894546696628297,0.000312387728741842,-0.0004472964022117234
2,0.003676500000000949,8.951076624028675,-0.0004599500156730052,-12.0,-4.476228241637346,12.0,-0.00165433819115024,0.0004475768291621674,0.0004475768287022174,0.0008951076624028675,0.0003117436660279443,-0.0004475768291621673
2,0.003676700000000949,8.956672146893343,-0.0004588305446442398,-12.0,-4.479024323851944,12.0,-0.00165453477684363,0.0004478565493307301,0.0004478565488718994,0.0008956672146893343,0.0003111010358639726,-0.00044785654933073
2,0.00367690000000095,8.962253526041886,-0.0004577103184839615,-12.0,-4.481813333075772,12.0,-0.001654730675958782,0.0004481355622757289,0.0004481355618180185,0.0008962253526041886,0.0003104598405750947,-0.0004481355622757289
2,0.0036771000000009497,8.967820752661549,-0.0004565893386181408,-12.0,-4.484595264904596,12.0,-0.00165492588949534,0.0004484138675565978,0.0004484138671000084,0.0008967820752661549,0.0003098200824834252,-0.0004484138675565978
2,0.0036773000000009503,8.973373817961908,-0.0004554676064842944,-12.0,-4.487370114945357,12.0,-0.001655120418453837,0.0004486914647338871,0.0004486914642784196,0.0008973373817961909,0.0003091817639076649,-0.0004486914647338873
2,0.00367750000000095,8.978912713174942,-0.0004543451235212714,-12.0,-4.490137878816205,12.0,-0.001655314263835139,0.0004489683533692683,0.0004489683529149233,0.0008978912713174942,0.0003085448871631979,-0.0004489683533692684
2,0.00367770000000095,8.984437429555005,-0.0004532218911559305,-12.0,-4.492898552146455,12.0,-0.001655507426638891,0.0004492445330255299,0.0004492445325723081,0.0008984437429555005,0.0003079094545622302,-0.0004492445330255299
2,0.00367790000000095,8.989947958378812,-0.0004520979108222356,-12.0,-4.495652130576619,12.0,-0.001655699907865849,0.0004495200032665795,0.0004495200028144817,0.0008989947958378812,0.0003072754684133594,-0.0004495200032665796
2,0.00367810000000095,8.995444290945526,-0.0004509731839603681,-12.0,-4.498398609758436,12.0,-0.001655891708516544,0.0004497947636574474,0.0004497947632064744,0.0008995444290945527,0.000306642931022047,-0.0004497947636574475
2,0.00367830000000095,9.000926418576736,-0.0004498477119931898,-12.0,-4.501137985354834,12.0,-0.001656082829591399,0.000450068813764284,0.0004500688133144364,0.0009000926418576736,0.0003060118446902016,-0.0004500688137642842
2,0.00367850000000095,9.006394332616418,-0.0004487214963542208,-12.0,-4.503870253039955,12.0,-0.001656273272090392,0.0004503421531543598,0.0004503421527056387,0.0009006394332616419,0.0003053822117164429,-0.0004503421531543602
2,0.003678700000000951,9.01184802443104,-0.0004475945384805335,-12.0,-4.506595408499186,12.0,-0.001656463037013833,0.0004506147813960704,0.0004506147809484761,0.0009011848024431041,0.0003047540343959071,-0.0004506147813960706
2,0.003678900000000951,9.01728748540956,-0.000446466839799875,-12.0,-4.509313447429148,12.0,-0.001656652125362368,0.0004508866980589345,0.000450886697612468,0.000901728748540956,0.000304127315020275,-0.0004508866980589348
2,0.003679100000000951,9.022712706963333,-0.0004453384017364392,-12.0,-4.512024365537656,12.0,-0.001656840538135862,0.0004511579027135918,0.0004511579022682534,0.0009022712706963332,0.0003035020558778828,-0.000451157902713592
2,0.003679300000000951,9.028123680526262,-0.0004442092257281871,-12.0,-4.514728158543815,12.0,-0.001657028276334183,0.0004514283949318084,0.0004514283944875995,0.0009028123680526263,0.0003028782592534029,-0.0004514283949318087
2,0.003679500000000951,9.033520397554778,-0.0004430793132019772,-12.0,-4.517424822177984,12.0,-0.001657215340957308,0.0004516981742864779,0.000451698173843399,0.0009033520397554778,0.0003022559274281633,-0.0004516981742864783
2,0.003679700000000951,9.038902849527748,-0.0004419486655806715,-12.0,-4.520114352181731,12.0,-0.001657401733005326,0.0004519672403516148,0.0004519672399096664,0.0009038902849527749,0.0003016350626798558,-0.000451967240351615
2,0.0036799000000009513,9.044271027946621,-0.0004408172843031188,-12.0,-4.522796744307938,12.0,-0.001657587453477327,0.0004522355927023631,0.0004522355922615463,0.0009044271027946622,0.0003010156672828279,-0.0004522355927023634
2,0.003680100000000951,9.049624924335419,-0.0004396851707895166,-12.0,-4.525471994320746,12.0,-0.001657772503372845,0.0004525032309149953,0.0004525032304753104,0.0009049624924335419,0.000300397743507666,-0.0004525032309149957
2,0.003680300000000952,9.054964530240678,-0.000438552326469388,-12.0,-4.528140097995566,12.0,-0.001657956883691525,0.0004527701545669092,0.0004527701541283574,0.0009054964530240678,0.0002997812936214594,-0.0004527701545669096
2,0.003680500000000952,9.0602898372315,-0.0004374187527673712,-12.0,-4.530801051119089,12.0,-0.001658140595432234,0.0004530363632366316,0.0004530363627992133,0.0009060289837231499,0.0002991663198877587,-0.0004530363632366322
2,0.003680700000000952,9.065600836899602,-0.0004362844511174302,-12.0,-4.533454849489321,12.0,-0.001658323639593617,0.0004533018565038199,0.000453301856067536,0.0009065600836899603,0.0002985528245664643,-0.0004533018565038204
2,0.0036809000000009523,9.070897520859292,-0.0004351494229370978,-12.0,-4.536101488915546,12.0,-0.001658506017174433,0.0004535666339492605,0.0004535666335141115,0.0009070897520859293,0.000297940809913827,-0.000453566633949261
2,0.003681100000000952,9.076179880747464,-0.0004340136696545649,-12.0,-4.53874096521835,12.0,-0.00165868772917277,0.000453830695154869,0.0004538306947208559,0.0009076179880747465,0.0002973302781826004,-0.0004538306951548697
2,0.003681300000000952,9.081447908223677,-0.0004328771926989106,-12.0,-4.541373274229658,12.0,-0.00165886877658683,0.0004540940397036953,0.0004540940392708188,0.0009081447908223677,0.0002967212316216244,-0.0004540940397036959
2,0.0036815000000009522,9.086701594970101,-0.0004317399934885557,-12.0,-4.543998411792684,12.0,-0.001659049160414372,0.0004543566671799189,0.0004543566667481795,0.0009086701594970102,0.000296113672476242,-0.0004543566671799195
2,0.003681700000000952,9.091940932691546,-0.0004306020734512472,-12.0,-4.54661637376197,12.0,-0.001659228881653152,0.0004546185771688513,0.0004546185767382499,0.0009091940932691547,0.0002955076029880627,-0.0004546185771688519
2,0.003681900000000952,9.097165913115516,-0.0004294634340142878,-12.0,-4.549227156003414,12.0,-0.001659407941300151,0.0004548797692569394,0.0004548797688274766,0.0009097165913115517,0.0002949030253948937,-0.00045487976925694
2,0.003682100000000953,9.102376527992185,-0.0004283240765943219,-12.0,-4.551830754394225,12.0,-0.001659586340352015,0.0004551402430317623,0.0004551402426034389,0.0009102376527992185,0.0002942999419310033,-0.0004551402430317631
2,0.003682300000000953,9.107572769094384,-0.0004271840026182083,-12.0,-4.554427164822959,12.0,-0.00165976407980517,0.0004553999980820334,0.0004553999976548501,0.0009107572769094384,0.0002936983548267047,-0.0004553999980820342
2,0.0036825000000009532,9.112754628217683,-0.000426043213509697,-12.0,-4.557016383189538,12.0,-0.001659941160656486,0.0004556590339976021,0.0004556590335715597,0.0009112754628217683,0.0002930982663085363,-0.0004556590339976028
2,0.003682700000000953,9.117922097180383,-0.0004249017106916497,-12.0,-4.559598405405245,12.0,-0.001660117583900722,0.0004559173503694544,0.0004559173499445537,0.0009117922097180383,0.0002924996785994699,-0.0004559173503694553
2,0.003682900000000953,9.12307516782345,-0.0004237594955784907,-12.0,-4.562173227392687,12.0,-0.001660293350533415,0.0004561749467897101,0.0004561749463659514,0.000912307516782345,0.0002919025939184527,-0.0004561749467897109
2,0.003683100000000953,9.128213832010626,-0.0004226165696024076,-12.0,-4.564740845085884,12.0,-0.001660468461550102,0.0004564318228516273,0.0004564318224290115,0.0009128213832010626,0.0002913070144806018,-0.0004564318228516282
2,0.003683300000000953,9.13333808162845,-0.0004214729341827095,-12.0,-4.567301254430228,12.0,-0.001660642917944544,0.0004566879781496036,0.0004566879777281317,0.000913333808162845,0.0002907129424973148,-0.0004566879781496046
2,0.003683500000000953,9.138447908586157,-0.0004203285907302678,-12.0,-4.569854451382459,12.0,-0.001660816720710834,0.0004569434122791719,0.0004569434118588444,0.0009138447908586157,0.0002901203801760482,-0.0004569434122791728
2,0.003683700000000953,9.143543304815772,-0.0004191835406808231,-12.0,-4.572400431910743,12.0,-0.001660989870842844,0.0004571981248370052,0.0004571981244178226,0.0009143543304815773,0.0002895293297203588,-0.0004571981248370062
2,0.003683900000000954,9.14862426227218,-0.0004180377854443584,-12.0,-4.574939191994635,12.0,-0.001661162369333447,0.0004574521154209181,0.0004574521150028813,0.0009148624262272181,0.0002889397933299731,-0.000457452115420919
2,0.003684100000000954,9.153690772933002,-0.0004168913264441798,-12.0,-4.57747072762508,12.0,-0.001661334217175181,0.0004577053836298626,0.0004577053832129723,0.0009153690772933003,0.0002883517732005653,-0.0004577053836298636
2,0.003684300000000954,9.158742828798683,-0.0004157441650987082,-12.0,-4.579995034804432,12.0,-0.001661505415360032,0.0004579579290639322,0.0004579579286481892,0.0009158742828798684,0.000287765271524007,-0.0004579579290639333
2,0.003684500000000954,9.163780421892536,-0.0004145963028308053,-12.0,-4.582512109546477,12.0,-0.001661675964879539,0.0004582097513243634,0.0004582097509097683,0.0009163780421892536,0.0002871802904881315,-0.0004582097513243646
2,0.003684700000000954,9.168803544260689,-0.0004134477410562276,-12.0,-4.585021947876406,12.0,-0.001661845866724798,0.0004584608500135337,0.0004584608496000873,0.0009168803544260689,0.0002865968322768031,-0.000458460850013535
2,0.0036849000000009537,9.173812187972114,-0.0004122984811942842,-12.0,-4.587524545830833,12.0,-0.001662015121886129,0.0004587112247349627,0.0004587112243226655,0.0009173812187972115,0.0002860148990699168,-0.0004587112247349639
2,0.0036851000000009543,9.17880634511868,-0.0004111485246687252,-12.0,-4.590019899457828,12.0,-0.001662183731353406,0.0004589608750933148,0.0004589608746821675,0.000917880634511868,0.0002854344930432878,-0.000458960875093316
2,0.003685300000000954,9.183786007815133,-0.0004099978728904219,-12.0,-4.592508004816882,12.0,-0.001662351696115283,0.0004592098006943979,0.0004592098002844012,0.0009183786007815134,0.0002848556163687899,-0.0004592098006943992
2,0.003685500000000954,9.188751168199083,-0.0004088465272809039,-12.0,-4.594988857978928,12.0,-0.00166251901716119,0.0004594580011451632,0.0004594580007363182,0.0009188751168199083,0.0002842782712141334,-0.0004594580011451647
2,0.003685700000000955,9.19370181843106,-0.0004076944892621448,-12.0,-4.597462455026368,12.0,-0.001662685695478339,0.0004597054760537092,0.0004597054756460161,0.0009193701818431061,0.0002837024597430737,-0.0004597054760537105
2,0.0036859000000009547,9.198637950694543,-0.0004065417602481247,-12.0,-4.599928792053062,12.0,-0.00166285173205416,0.00045995222502928,0.0004599522246227396,0.0009198637950694543,0.0002831281841152444,-0.0004599522250292814
2,0.0036861000000009553,9.2035595571959,-0.0004053883416563764,-12.0,-4.602387865164318,12.0,-0.001663017127875754,0.0004601982476822648,0.0004601982472768778,0.00092035595571959,0.0002825554464860047,-0.0004601982476822662
2,0.003686300000000955,9.208466630164445,-0.0004042342349039885,-12.0,-4.60483967047692,12.0,-0.001663181883928666,0.0004604435436242002,0.0004604435432199674,0.0009208466630164445,0.0002819842490068697,-0.0004604435436242016
2,0.003686500000000955,9.213359161852466,-0.0004030794414116023,-12.0,-4.607284204119146,12.0,-0.001663346001197774,0.0004606881124677719,0.000460688112064694,0.0009213359161852467,0.0002814145938249413,-0.0004606881124677734
2,0.003686700000000955,9.218237144535204,-0.0004019239625949744,-12.0,-4.609721462230735,12.0,-0.001663509480668179,0.0004609319538268124,0.00046093195342489,0.0009218237144535204,0.0002808464830832968,-0.0004609319538268141
2,0.003686900000000955,9.223100570510873,-0.0004007677998698611,-12.0,-4.612151440962919,12.0,-0.001663672323323206,0.0004611750673163032,0.0004611750669155372,0.0009223100570510873,0.0002802799189209199,-0.0004611750673163049
2,0.003687100000000955,9.227949432100692,-0.000399610954658236,-12.0,-4.614574136478442,12.0,-0.00166383453014618,0.0004614174525523768,0.0004614174521527675,0.0009227949432100692,0.0002797149034722834,-0.0004614174525523784
2,0.003687300000000955,9.232783721648879,-0.0003984534283718588,-12.0,-4.616989544951531,12.0,-0.00166399610211887,0.0004616591091523142,0.0004616591087538625,0.0009232783721648879,0.0002791514388679472,-0.0004616591091523159
2,0.003687500000000956,9.237603431522652,-0.0003972952224278181,-12.0,-4.61939766256792,12.0,-0.001664157040223269,0.0004619000367345475,0.000461900036337254,0.0009237603431522653,0.0002785895272340716,-0.0004619000367345493
2,0.003687700000000956,9.242408554112274,-0.0003961363382494199,-12.0,-4.621798485524875,12.0,-0.001664317345439592,0.0004621402349186607,0.0004621402345225262,0.0009242408554112274,0.0002780291706926119,-0.0004621402349186625
2,0.003687900000000956,9.247199081831049,-0.0003949767772470913,-12.0,-4.624192010031162,12.0,-0.001664477018747723,0.0004623797033253897,0.0004623797029304148,0.000924719908183105,0.0002774703713611798,-0.0004623797033253915
2,0.003688100000000956,9.251975007115302,-0.0003938165408383654,-12.0,-4.626578232307073,12.0,-0.001664636061126878,0.0004626184415766215,0.0004626184411828071,0.0009251975007115303,0.000276913131353182,-0.0004626184415766236
2,0.003688300000000956,9.256736322424448,-0.000392655630447436,-12.0,-4.628957148584452,12.0,-0.00166479447355472,0.0004628564492953985,0.0004628564489027448,0.0009256736322424448,0.0002763574527776397,-0.0004628564492954005
2,0.0036885000000009558,9.261483020240975,-0.000391494047481622,-12.0,-4.631328755106651,12.0,-0.001664952257008911,0.000463093726105915,0.0004630937257144229,0.0009261483020240976,0.0002758033377392166,-0.000463093726105917
2,0.0036887000000009563,9.266215093070448,-0.0003903317933664496,-12.0,-4.633693048128592,12.0,-0.00166510941246556,0.0004633302716335206,0.0004633302712431908,0.0009266215093070449,0.0002752507883382882,-0.0004633302716335226
2,0.003688900000000956,9.270932533441542,-0.0003891688695123463,-12.0,-4.636050023916727,12.0,-0.001665265940900218,0.0004635660855047195,0.0004635660851155527,0.0009270932533441542,0.0002746998066708584,-0.0004635660855047215
2,0.003689100000000957,9.275635333906004,-0.0003880052773395093,-12.0,-4.638399678749065,12.0,-0.001665421843286996,0.0004638011673471704,0.0004638011669591672,0.0009275635333906005,0.0002741503948284485,-0.0004638011673471725
2,0.003689300000000957,9.280323487038753,-0.0003868410182699122,-12.0,-4.640742008915192,12.0,-0.001665577120600004,0.00046403551678969,0.0004640355164028512,0.0009280323487038754,0.0002736025548982501,-0.0004640355167896922
2,0.0036895000000009568,9.284996985437813,-0.0003856760937122061,-12.0,-4.643077010716235,12.0,-0.001665731773811352,0.0004642691334622501,0.0004642691330765762,0.0009284996985437814,0.0002730562889630556,-0.0004642691334622523
2,0.0036897000000009573,9.289655821724354,-0.0003845105050936937,-12.0,-4.645404680464922,12.0,-0.001665885803893152,0.0004645020169959805,0.0004645020166114724,0.0009289655821724355,0.0002725115991010219,-0.0004645020169959828
2,0.003689900000000957,9.294299988542715,-0.0003833442538252463,-12.0,-4.647725014485538,12.0,-0.00166603921181574,0.0004647341670231689,0.000464734166639827,0.0009294299988542715,0.0002719684873860595,-0.0004647341670231713
2,0.003690100000000957,9.298929478560371,-0.0003821773413279494,-12.0,-4.650038009113951,12.0,-0.00166619199854845,0.0004649655831772599,0.0004649655827950849,0.0009298929478560371,0.000271426955887541,-0.0004649655831772624
2,0.0036903000000009572,9.303544284468021,-0.0003810097690224445,-12.0,-4.652343660697642,12.0,-0.001666344165060396,0.0004651962650928595,0.0004651962647118522,0.0009303544284468021,0.0002708870066701619,-0.0004651962650928619
2,0.003690500000000957,9.308144398979517,-0.0003798415383222675,-12.0,-4.654641965595657,12.0,-0.001666495712318805,0.0004654262124057311,0.000465426212025892,0.0009308144398979517,0.0002703486417943018,-0.0004654262124057335
2,0.003690700000000957,9.312729814831938,-0.0003786726506529448,-12.0,-4.656932920178674,12.0,-0.001666646641290126,0.0004656554247527995,0.0004656554243741296,0.0009312729814831938,0.0002698118633157331,-0.0004656554247528021
2,0.003690900000000958,9.317300524785564,-0.0003775031074284563,-12.0,-4.659216520828955,12.0,-0.001666796952939698,0.0004658839017721501,0.0004658839013946496,0.0009317300524785564,0.0002692766732855928,-0.0004658839017721526
2,0.003691100000000958,9.321856521623884,-0.0003763329100707757,-12.0,-4.661492763940378,12.0,-0.001666946648232193,0.000466111643103028,0.0004661116427266977,0.0009321856521623884,0.0002687430737504659,-0.0004661116431030306
2,0.0036913000000009582,9.326397798153662,-0.0003751620600018768,-12.0,-4.663761645918455,12.0,-0.001667095728130397,0.0004663386483858426,0.0004663386480106832,0.0009326397798153662,0.0002682110667524551,-0.0004663386483858453
2,0.003691500000000958,9.330924347204883,-0.0003739905586397363,-12.0,-4.666023163180308,12.0,-0.001667244193596318,0.0004665649172621639,0.0004665649168881762,0.0009330924347204884,0.000267680654328889,-0.0004665649172621669
2,0.003691700000000958,9.335436161630785,-0.0003728184074045515,-12.0,-4.668277312154683,12.0,-0.001667392045591076,0.0004667904493747251,0.0004667904490019095,0.0009335436161630786,0.0002671518385125721,-0.0004667904493747279
2,0.003691900000000958,9.33993323430789,-0.0003716456077231811,-12.0,-4.670524089281987,12.0,-0.001667539285074238,0.0004670152443674234,0.0004670152439957807,0.0009339933234307891,0.0002666246213314516,-0.0004670152443674263
2,0.003692100000000958,9.344415558136008,-0.0003704721610113815,-12.0,-4.672763491014243,12.0,-0.001667685913004591,0.0004672393018853203,0.000467239301514851,0.0009344415558136008,0.0002660990048090478,-0.0004672393018853232
2,0.0036923000000009584,9.34888312603821,-0.0003692980686942349,-12.0,-4.674995513815126,12.0,-0.001667831930339037,0.0004674626215746403,0.0004674626212053452,0.000934888312603821,0.0002655749909641208,-0.0004674626215746432
2,0.003692500000000958,9.353335930960899,-0.0003681233321977118,-12.0,-4.67722015415998,12.0,-0.001667977338034254,0.0004676852030827752,0.0004676852027146549,0.0009353335930960899,0.000265052581810532,-0.0004676852030827783
2,0.003692700000000959,9.357773965873792,-0.0003669479529406772,-12.0,-4.679437408535786,12.0,-0.00166812213704437,0.0004679070460582815,0.0004679070456913366,0.0009357773965873792,0.0002645317793577157,-0.0004679070460582845
2,0.003692900000000959,9.362197223769899,-0.0003657719323486575,-12.0,-4.681647273441191,12.0,-0.001668266328323509,0.0004681281501508812,0.0004681281497851124,0.0009362197223769899,0.0002640125856100545,-0.0004681281501508843
2,0.003693100000000959,9.366605697665594,-0.0003645952718493994,-12.0,-4.683849745386524,12.0,-0.001668409912823909,0.0004683485150114644,0.0004683485146468722,0.0009366605697665595,0.0002634950025673655,-0.0004683485150114675
2,0.0036933000000009594,9.370999380600617,-0.0003634179728666531,-12.0,-4.686044820893787,12.0,-0.001668552891496922,0.0004685681402920889,0.0004685681399286742,0.0009370999380600618,0.0002629790322245668,-0.0004685681402920921
2,0.003693500000000959,9.375378265638025,-0.0003622400368246126,-12.0,-4.68823249649665,12.0,-0.001668695265291675,0.0004687870256459792,0.0004687870252837425,0.0009375378265638025,0.000262464676571858,-0.0004687870256459826
2,0.0036937000000009587,9.379742345864244,-0.0003610614651532451,-12.0,-4.690412768740467,12.0,-0.001668837035157189,0.0004690051707275281,0.0004690051703664699,0.0009379742345864245,0.0002619519375944845,-0.0004690051707275314
2,0.0036939000000009593,9.384091614389124,-0.0003598822592807416,-12.0,-4.692585634182305,12.0,-0.001668978202040261,0.0004692225751922989,0.0004692225748324203,0.0009384091614389124,0.0002614408172729593,-0.0004692225751923024
2,0.003694100000000959,9.38842606434586,-0.0003587024206339606,-12.0,-4.694751089390905,12.0,-0.00166911876688669,0.0004694392386970237,0.0004694392383383247,0.000938842606434586,0.0002609313175828826,-0.0004694392386970272
2,0.003694300000000959,9.392745688891058,-0.0003575219506428695,-12.0,-4.696909130946713,12.0,-0.001669258730640943,0.0004696551608996035,0.0004696551605420851,0.0009392745688891058,0.0002604234404949834,-0.000469655160899607
2,0.00369450000000096,9.397050481204761,-0.0003563408507387678,-12.0,-4.699059755441898,12.0,-0.001669398094245822,0.0004698703414591122,0.0004698703411027751,0.0009397050481204762,0.0002599171879750783,-0.0004698703414591159
2,0.0036947000000009597,9.40134043449041,-0.0003551591223520667,-12.0,-4.701202959480324,12.0,-0.001669536858643017,0.0004700847800357936,0.000470084779680638,0.0009401340434490409,0.0002594125619840432,-0.0004700847800357972
2,0.0036949000000009603,9.405615541974877,-0.0003539767669127336,-12.0,-4.703338739677575,12.0,-0.001669675024772443,0.0004702984762910625,0.0004702984759370895,0.0009405615541974877,0.0002589095644778827,-0.0004702984762910662
2,0.00369510000000096,9.409875796908478,-0.0003527937858596175,-12.0,-4.705467092660966,12.0,-0.001669812593573128,0.0004705114298875068,0.0004705114295347169,0.0009409875796908478,0.0002584081974075225,-0.0004705114298875106
2,0.00369530000000096,9.414121192565018,-0.0003516101806266825,-12.0,-4.707588015069551,12.0,-0.001669949565981987,0.0004707236404888886,0.0004707236401372823,0.0009414121192565018,0.000257908462719017,-0.0004707236404888924
2,0.00369550000000096,9.41835172224172,-0.0003504259526394549,-12.0,-4.709701503554079,12.0,-0.00167008594293494,0.00047093510776014,0.000470935107409718,0.000941835172224172,0.000257410362353383,-0.000470935107760144
2,0.00369570000000096,9.42256737925929,-0.0003492411033469978,-12.0,-4.711807554777077,12.0,-0.001670221725366461,0.0004711458313673689,0.0004711458310181319,0.0009422567379259291,0.0002569138982465857,-0.000471145831367373
2,0.00369590000000096,9.426768156961964,-0.0003480556341837193,-12.0,-4.713906165412813,12.0,-0.001670356914208804,0.0004713558109778589,0.0004713558106298074,0.0009426768156961965,0.0002564190723296361,-0.000471355810977863
2,0.00369610000000096,9.430954048717412,-0.0003468695465791427,-12.0,-4.71599733214727,12.0,-0.001670491510393335,0.0004715650462600651,0.0004715650459131996,0.0009430954048717413,0.0002559258865284797,-0.0004715650462600691
2,0.003696300000000961,9.43512504791683,-0.0003456828419863278,-12.0,-4.718081051678223,12.0,-0.001670625514849977,0.0004717735368836195,0.0004717735365379409,0.0009435125047916831,0.0002554343427638162,-0.0004717735368836238
2,0.003696500000000961,9.43928114797498,-0.0003444955218419032,-12.0,-4.720157320715208,12.0,-0.001670758928506655,0.0004719812825193324,0.0004719812821748411,0.0009439281147974979,0.0002549444429515435,-0.0004719812825193365
2,0.003696700000000961,9.443422342330077,-0.0003433075875811653,-12.0,-4.722226135979486,12.0,-0.00167089175228996,0.0004721882828391862,0.0004721882824958829,0.0009443422342330078,0.0002544561890022584,-0.0004721882828391906
2,0.003696900000000961,9.447548624443899,-0.0003421190406589503,-12.0,-4.724287494204129,12.0,-0.00167102398712482,0.0004723945375163425,0.0004723945371742278,0.0009447548624443899,0.0002539695828214089,-0.000472394537516347
2,0.003697100000000961,9.4516599878018,-0.000340929882518104,-12.0,-4.726341392133976,12.0,-0.001671155633934385,0.0004726000462251413,0.000472600045884216,0.0009451659987801801,0.0002534846263094193,-0.0004726000462251458
2,0.0036973000000009608,9.45575642591267,-0.00033974011460014,-12.0,-4.728387826525636,12.0,-0.00167128669364025,0.0004728048086410991,0.0004728048083013635,0.000945575642591267,0.0002530013213615095,-0.0004728048086411036
2,0.0036975000000009613,9.459837932308949,-0.0003385497383558977,-12.0,-4.730426794147506,12.0,-0.001671417167162903,0.0004730088244409104,0.0004730088241023652,0.0009459837932308949,0.0002525196698675569,-0.0004730088244409149
2,0.003697700000000961,9.463904500546679,-0.0003373587552393253,-12.0,-4.732458291779786,12.0,-0.001671547055420275,0.0004732120933024501,0.0004732120929650959,0.000946390450054668,0.000252039673712498,-0.0004732120933024547
2,0.003697900000000961,9.467956124205486,-0.0003361671666977095,-12.0,-4.734482316214461,12.0,-0.001671676359329188,0.0004734146149047717,0.0004734146145686092,0.0009467956124205487,0.0002515613347758711,-0.0004734146149047764
2,0.003698100000000962,9.47199279688858,-0.0003349749741827779,-12.0,-4.736498864255313,12.0,-0.001671805079804911,0.0004736163889281083,0.0004736163885931381,0.000947199279688858,0.00025108465493201,-0.000473616388928113
2,0.0036983000000009618,9.476014512222791,-0.0003337821791542517,-12.0,-4.738507932717948,12.0,-0.001671933217759936,0.0004738174150538746,0.0004738174147200973,0.0009476014512222792,0.0002506096360500171,-0.0004738174150538795
2,0.0036985000000009623,9.480021263858577,-0.0003325887830634144,-12.0,-4.740509518429771,12.0,-0.001672060774106754,0.0004740176929646657,0.000474017692632082,0.0009480021263858577,0.0002501362799936652,-0.0004740176929646708
2,0.003698700000000962,9.48401304546998,-0.0003313947873699874,-12.0,-4.742503618229994,12.0,-0.001672187749754084,0.0004742172223442573,0.0004742172220128675,0.0009484013045469982,0.0002496645886214677,-0.0004742172223442624
2,0.003698900000000962,9.487989850754724,-0.0003302001935372445,-12.0,-4.74449022896967,12.0,-0.001672314145610643,0.0004744160028776082,0.000474416002547413,0.0009487989850754725,0.0002491945637866783,-0.0004744160028776133
2,0.003699100000000962,9.491951673434182,-0.0003290050030257952,-12.0,-4.746469347511679,12.0,-0.001672439962582484,0.0004746140342508602,0.0004746140339218604,0.0009491951673434182,0.0002487262073370272,-0.0004746140342508653
2,0.003699300000000962,9.495898507253342,-0.0003278092172926961,-12.0,-4.748440970730702,12.0,-0.001672565201574105,0.0004748113161513357,0.0004748113158235318,0.0009495898507253343,0.0002482595211151239,-0.000474811316151341
2,0.003699500000000962,9.499830345980879,-0.0003266128378127675,-12.0,-4.750405095513288,12.0,-0.001672689863487675,0.0004750078482675422,0.0004750078479409346,0.0009499830345980879,0.0002477945069580823,-0.0004750078482675475
2,0.003699700000000963,9.503747183409173,-0.0003254158660501716,-12.0,-4.75236171875782,12.0,-0.001672813949224583,0.0004752036302891715,0.0004752036299637611,0.0009503747183409174,0.0002473311666975758,-0.000475203630289177
2,0.003699900000000963,9.507649013354255,-0.0003242183034721791,-12.0,-4.754310837374518,12.0,-0.001672937459682888,0.0004753986619070991,0.0004753986615828864,0.0009507649013354256,0.0002468695021600326,-0.0004753986619071046
2,0.003700100000000963,9.511535829655843,-0.0003230201515522779,-12.0,-4.756252448285451,12.0,-0.001673060395760206,0.0004755929428133844,0.0004755929424903698,0.0009511535829655844,0.0002464095151663293,-0.0004755929428133899
2,0.003700300000000963,9.515407626177396,-0.0003218214117683971,-12.0,-4.758186548424565,12.0,-0.001673182758351488,0.0004757864727012741,0.0004757864723794582,0.0009515407626177396,0.0002459512075318471,-0.0004757864727012797
2,0.003700500000000963,9.519264396806072,-0.0003206220855904718,-12.0,-4.760113134737642,12.0,-0.00167330454835013,0.0004759792512651995,0.0004759792509445832,0.0009519264396806072,0.0002454945810667075,-0.0004759792512652052
2,0.003700700000000963,9.523106135452736,-0.0003194221744982073,-12.0,-4.762032204182336,12.0,-0.001673425766647085,0.0004761712782007781,0.0004761712778813618,0.0009523106135452736,0.0002450396375753422,-0.0004761712782007839
2,0.003700900000000963,9.526932836052005,-0.0003182216799775262,-12.0,-4.763943753728185,12.0,-0.001673546414131977,0.000476362553204815,0.0004763625528865992,0.0009526932836052005,0.0002445863788567565,-0.0004763625532048208
2,0.0037011000000009633,9.530744492562246,-0.0003170206035045808,-12.0,-4.765847780356586,12.0,-0.001673666491692205,0.0004765530759753022,0.0004765530756582875,0.0009530744492562246,0.0002441348067045018,-0.0004765530759753081
2,0.003701300000000963,9.534541098965546,-0.0003158189465679584,-12.0,-4.767744281060815,12.0,-0.00167378600021284,0.0004767428462114188,0.0004767428458956057,0.0009534541098965546,0.0002436849229064952,-0.0004767428462114247
2,0.003701500000000964,9.53832264926779,-0.0003146167106575781,-12.0,-4.76963325284605,12.0,-0.001673904940577731,0.0004769318636135331,0.0004769318632989224,0.0009538322649267791,0.0002432367292451859,-0.0004769318636135392
2,0.003701700000000964,9.542089137498618,-0.0003134138972620271,-12.0,-4.771514692729341,12.0,-0.001674023313667838,0.0004771201278832018,0.000477120127569794,0.0009542089137498618,0.0002427902274973331,-0.0004771201278832079
2,0.003701900000000964,9.54584055771144,-0.0003122105078716686,-12.0,-4.773388597739633,12.0,-0.001674141120363237,0.0004773076387231699,0.0004773076384109656,0.0009545840557711441,0.0002423454194342145,-0.0004773076387231761
2,0.0037021000000009643,9.549576903983471,-0.0003110065439888565,-12.0,-4.775254964917784,12.0,-0.001674258361540781,0.0004774943958373732,0.000477494395526373,0.0009549576903983472,0.0002419023068214454,-0.0004774943958373795
2,0.003702300000000964,9.553298170415717,-0.0003098020071043983,-12.0,-4.777113791316535,12.0,-0.00167437503807577,0.0004776803989309367,0.0004776803986211411,0.0009553298170415718,0.0002414608914189931,-0.000477680398930943
2,0.003702500000000964,9.557004351132994,-0.000308596898726865,-12.0,-4.778965074000556,12.0,-0.001674491150841617,0.0004778656477101765,0.000477865647401586,0.0009557004351132994,0.0002410211749812596,-0.000477865647710183
2,0.0037027000000009642,9.560695440283933,-0.0003073912203532814,-12.0,-4.780808810046409,12.0,-0.001674606700708958,0.000478050141882599,0.0004780501415752143,0.0009560695440283933,0.0002405831592569019,-0.0004780501418826056
2,0.003702900000000964,9.564371432040996,-0.0003061849734966593,-12.0,-4.782644996542593,12.0,-0.001674721688547764,0.0004782338811569029,0.0004782338808507247,0.0009564371432040997,0.0002401468459888728,-0.0004782338811569096
2,0.003703100000000964,9.568032320600475,-0.0003049781596624612,-12.0,-4.784473630589513,12.0,-0.001674836115223788,0.0004784168652429783,0.0004784168649380069,0.0009568032320600475,0.0002397122369145466,-0.0004784168652429851
2,0.003703300000000965,9.571678100182494,-0.0003037707803650314,-12.0,-4.786294709299503,12.0,-0.001674949981602225,0.0004785990938519071,0.0004785990935481429,0.0009571678100182494,0.0002392793337654825,-0.0004785990938519138
2,0.003703500000000965,9.575308765031055,-0.0003025628371218225,-12.0,-4.788108229796839,12.0,-0.001675063288546164,0.0004787805666959648,0.0004787805663934089,0.0009575308765031055,0.0002388481382674529,-0.0004787805666959717
2,0.0037037000000009652,9.578924309414015,-0.0003013543314480671,-12.0,-4.789914189217722,12.0,-0.001675176036915582,0.0004789612834886205,0.0004789612831872732,0.0009578924309414016,0.0002384186521406234,-0.0004789612834886274
2,0.003703900000000965,9.582524727623069,-0.000300145264866547,-12.0,-4.791712584710288,12.0,-0.001675288227568572,0.0004791412439445351,0.0004791412436443967,0.0009582524727623069,0.0002379908770992201,-0.0004791412439445422
2,0.003704100000000965,9.586110013973837,-0.0002989356389080378,-12.0,-4.793503413434637,12.0,-0.001675399861361337,0.0004793204477795657,0.0004793204474806373,0.0009586110013973838,0.0002375648148518344,-0.000479320447779573
2,0.003704300000000965,9.58968016280581,-0.000297725455094433,-12.0,-4.795286672562801,12.0,-0.001675510939147529,0.0004794988947107635,0.0004794988944130452,0.000958968016280581,0.0002371404671011323,-0.0004794988947107706
2,0.003704500000000965,9.593235168482355,-0.000296514714959617,-12.0,-4.797062359278764,12.0,-0.001675621461778687,0.0004796765844563731,0.0004796765841598657,0.0009593235168482355,0.0002367178355439786,-0.0004796765844563805
2,0.003704700000000965,9.596775025390777,-0.0002953034200414706,-12.0,-4.798830470778485,12.0,-0.001675731430104022,0.0004798535167358369,0.000479853516440541,0.0009596775025390777,0.0002362969218714511,-0.0004798535167358444
2,0.003704900000000965,9.600299727942271,-0.0002940915718756543,-12.0,-4.800591004269866,12.0,-0.001675840844970966,0.0004800296912697916,0.0004800296909757074,0.0009600299727942272,0.0002358777277686602,-0.0004800296912697991
2,0.003705100000000966,9.603809270571979,-0.0002928791720071544,-12.0,-4.802343956972791,12.0,-0.001675949707223734,0.0004802051077800708,0.0004802051074871994,0.000960380927057198,0.0002354602549149709,-0.0004802051077800784
2,0.003705300000000966,9.607303647738954,-0.0002916662219782928,-12.0,-4.804089326119107,12.0,-0.001676058017704873,0.0004803797659897053,0.0004803797656980466,0.0009607303647738955,0.0002350445049837113,-0.0004803797659897129
2,0.003705500000000966,9.610782853926178,-0.0002904527233433818,-12.0,-4.805827108952631,12.0,-0.001676165777254268,0.000480553665622921,0.0004805536653324761,0.0009610782853926178,0.0002346304796423532,-0.0004805536656229288
2,0.003705700000000966,9.61424688364062,-0.000289238677654069,-12.0,-4.807557302729177,12.0,-0.001676272986709804,0.0004807268064051446,0.0004807268061159137,0.000961424688364062,0.0002342181805524701,-0.0004807268064051523
2,0.003705900000000966,9.617695731413177,-0.0002880240864655548,-12.0,-4.809279904716528,12.0,-0.001676379646906923,0.0004808991880629984,0.0004808991877749821,0.0009617695731413177,0.0002338076093695851,-0.0004808991880630062
2,0.0037061000000009657,9.621129391798714,-0.0002868089513388128,-12.0,-4.810994912194454,12.0,-0.001676485758678625,0.0004810708103243035,0.0004810708100375027,0.0009621129391798715,0.0002333987677433091,-0.0004810708103243116
2,0.0037063000000009663,9.624547859376074,-0.0002855932738445865,-12.0,-4.812702322454737,12.0,-0.001676591322855359,0.0004812416729180812,0.0004812416726324959,0.0009624547859376075,0.0002329916573173135,-0.0004812416729180892
2,0.003706500000000966,9.627951128748087,-0.0002843770555434055,-12.0,-4.814402132801129,12.0,-0.001676696340265238,0.0004814117755745504,0.0004814117752901816,0.0009627951128748088,0.000232586279729205,-0.0004814117755745587
2,0.003706700000000966,9.631339194541567,-0.0002831602980171155,-12.0,-4.816094340549412,12.0,-0.001676800811734269,0.0004815811180251314,0.0004815811177419793,0.0009631339194541568,0.0002321826366105256,-0.0004815811180251395
2,0.003706900000000967,9.634712051407332,-0.0002819430028342396,-12.0,-4.817778943027347,12.0,-0.001676904738085461,0.0004817497000024431,0.0004817496997205083,0.0009634712051407332,0.0002317807295869195,-0.0004817497000024514
2,0.0037071000000009667,9.638069694020201,-0.0002807251715823966,-12.0,-4.819455937574726,12.0,-0.001677008120140155,0.000481917521240306,0.0004819175209595892,0.0009638069694020201,0.0002313805602777441,-0.0004819175212403144
2,0.0037073000000009673,9.641412117079016,-0.0002795068058443206,-12.0,-4.821125321543342,12.0,-0.001677110958716144,0.0004820845814737413,0.000482084581194243,0.0009641412117079016,0.0002309821302965559,-0.0004820845814737498
2,0.003707500000000967,9.64473931530662,-0.0002782879072085187,-12.0,-4.822787092297003,12.0,-0.001677213254629883,0.0004822508804389708,0.0004822508801606914,0.0009644739315306619,0.0002305854412505831,-0.0004822508804389795
2,0.003707700000000967,9.648051283449915,-0.0002770684772772647,-12.0,-4.824441247211558,12.0,-0.001677315008694391,0.0004824164178734194,0.0004824164175963597,0.0009648051283449915,0.0002301904947410865,-0.0004824164178734281
2,0.003707900000000967,9.651348016279846,-0.0002758485176386216,-12.0,-4.826087783674865,12.0,-0.001677416221720462,0.0004825811935157139,0.0004825811932398742,0.0009651348016279846,0.0002297972923631236,-0.0004825811935157226
2,0.003708100000000967,9.654629508591361,-0.0002746280299010806,-12.0,-4.827726699086813,12.0,-0.001677516894517117,0.0004827452071056822,0.0004827452068310631,0.0009654629508591362,0.0002294058357056039,-0.0004827452071056912
2,0.003708300000000967,9.657895755203516,-0.0002734070156749091,-12.0,-4.82935799085934,12.0,-0.001677617027889045,0.0004829084583843575,0.0004829084581109595,0.0009657895755203516,0.0002290161263513585,-0.0004829084583843665
2,0.003708500000000967,9.661146750959402,-0.0002721854765699305,-12.0,-4.830981656416411,12.0,-0.001677716622640379,0.0004830709470939751,0.0004830709468217986,0.0009661146750959402,0.0002286281658769734,-0.0004830709470939841
2,0.003708700000000968,9.664382490726181,-0.0002709634142030737,-12.0,-4.83259769319403,12.0,-0.001677815679571037,0.0004832326729779735,0.0004832326727070193,0.0009664382490726181,0.0002282419558528176,-0.0004832326729779827
2,0.003708900000000968,9.667602969395116,-0.0002697408301988169,-12.0,-4.834206098640264,12.0,-0.001677914199479602,0.0004833936357809973,0.0004833936355112657,0.0009667602969395116,0.0002278574978430842,-0.0004833936357810066
2,0.003709100000000968,9.67080818188153,-0.0002685177261825267,-12.0,-4.835806870215215,12.0,-0.001678012183161215,0.000483553835248894,0.0004835538349803856,0.000967080818188153,0.0002274747934057075,-0.0004835538352489034
2,0.003709300000000968,9.673998123124854,-0.0002672941037853427,-12.0,-4.837400005391046,12.0,-0.001678109631408686,0.0004837132711287166,0.000483713270861432,0.0009673998123124854,0.0002270938440924186,-0.0004837132711287261
2,0.003709500000000968,9.677172788088619,-0.00026606996464551,-12.0,-4.838985501651979,12.0,-0.00167820654501194,0.0004838719431687238,0.0004838719429026633,0.000967717278808862,0.0002267146514486063,-0.0004838719431687334
2,0.0037097000000009678,9.68033217176049,-0.0002648453104088233,-12.0,-4.840563356494311,12.0,-0.001678302924758679,0.0004840298511183806,0.0004840298508535449,0.000968033217176049,0.0002263372170134836,-0.0004840298511183903
2,0.0037099000000009683,9.683476269152205,-0.0002636201427139717,-12.0,-4.842133567426375,12.0,-0.001678398771433498,0.0004841869947283564,0.000484186994464746,0.0009683476269152205,0.0002259615423198247,-0.0004841869947283661
2,0.003710100000000968,9.686605075299642,-0.0002623944632236253,-12.0,-4.843696131968601,12.0,-0.001678494085818771,0.0004843433737505281,0.0004843433734881433,0.0009686605075299642,0.0002255876288942138,-0.0004843433737505377
2,0.003710300000000969,9.689718585262854,-0.0002611682735889076,-12.0,-4.845251047653493,12.0,-0.001678588868693209,0.0004844989879379805,0.0004844989876768222,0.0009689718585262854,0.0002252154782568655,-0.0004844989879379904
2,0.003710500000000969,9.69281679412599,-0.000259941575473821,-12.0,-4.846798312025621,12.0,-0.001678683120834079,0.0004846538370450047,0.0004846538367850732,0.0009692816794125991,0.0002248450919215689,-0.0004846538370450148
2,0.0037107000000009688,9.695899696997346,-0.0002587143705494732,-12.0,-4.84833792264164,12.0,-0.001678776843014762,0.0004848079208270989,0.0004848079205683948,0.0009695899696997347,0.0002244764713958819,-0.0004848079208271091
2,0.0037109000000009693,9.698967289009406,-0.0002574866604891923,-12.0,-4.849869877070303,12.0,-0.001678870036006863,0.0004849612390409713,0.0004849612387834948,0.0009698967289009407,0.0002241096181808261,-0.0004849612390409815
2,0.003711100000000969,9.702019565318796,-0.0002562584469725238,-12.0,-4.851394172892441,12.0,-0.001678962700578102,0.0004851137914445367,0.0004851137911882885,0.0009702019565318797,0.0002237445337711225,-0.0004851137914445469
2,0.003711300000000969,9.705056521106306,-0.000255029731684786,-12.0,-4.852910807700978,12.0,-0.001679054837494864,0.0004852655777969191,0.0004852655775418995,0.0009705056521106306,0.0002233812196550528,-0.0004852655777969293
2,0.0037115000000009692,9.708078151576933,-0.000253800516317515,-12.0,-4.854419779100948,12.0,-0.001679146447519098,0.0004854165978584525,0.0004854165976046625,0.0009708078151576934,0.0002230196773144594,-0.0004854165978584631
2,0.003711700000000969,9.711084451959834,-0.0002525708025684636,-12.0,-4.855921084709477,12.0,-0.00167923753141086,0.0004855668513906803,0.0004855668511381202,0.0009711084451959835,0.0002226599082247732,-0.0004855668513906909
2,0.003711900000000969,9.71407541750836,-0.0002513405921380496,-12.0,-4.857414722155793,12.0,-0.001679328089927545,0.0004857163381563549,0.0004857163379050249,0.000971407541750836,0.0002223019138548332,-0.0004857163381563656
2,0.00371210000000097,9.71705104350007,-0.0002501098867391249,-12.0,-4.858900689081244,12.0,-0.001679418123823107,0.0004858650579194397,0.0004858650576693405,0.0009717051043500072,0.0002219456956671362,-0.0004858650579194505
2,0.00371230000000097,9.72001132523675,-0.0002488786880872063,-12.0,-4.860378983139293,12.0,-0.001679507633849164,0.0004860130104451098,0.0004860130101962419,0.0009720011325236751,0.0002215912551175869,-0.0004860130104451205
2,0.0037125000000009702,9.722956258044364,-0.0002476469978955897,-12.0,-4.861849601995495,12.0,-0.001679596620753787,0.0004861601954997491,0.000486160195252113,0.0009722956258044365,0.0002212385936556788,-0.00048616019549976
2,0.00371270000000097,9.725885837273104,-0.0002464148179002201,-12.0,-4.86331254332755,12.0,-0.001679685085282934,0.0004863066128509539,0.0004863066126045502,0.0009725885837273104,0.0002208877127242159,-0.000486306612850965
2,0.00371290000000097,9.728800058297429,-0.0002451821498308249,-12.0,-4.864767804825282,12.0,-0.001679773028178788,0.000486452262267534,0.000486452262022363,0.0009728800058297429,0.0002205386137596049,-0.0004864522622675452
2,0.00371310000000097,9.731698916515983,-0.0002439489954260132,-12.0,-4.866215384190621,12.0,-0.001679860450181647,0.0004865971435195083,0.0004865971432755705,0.0009731698916515983,0.000220191298191591,-0.0004865971435195196
2,0.00371330000000097,9.73458240735168,-0.0002427153564359408,-12.0,-4.867655279137646,12.0,-0.001679947352028033,0.0004867412563781097,0.0004867412561354058,0.000973458240735168,0.0002198457674432996,-0.000486741256378121
2,0.0037135000000009704,9.737450526251694,-0.0002414812346125395,-12.0,-4.869087487392577,12.0,-0.00168003373445158,0.0004868846006157851,0.0004868846003743153,0.0009737450526251694,0.0002195020229314726,-0.0004868846006157964
2,0.00371370000000097,9.74030326868743,-0.0002402466317086294,-12.0,-4.870512006693744,12.0,-0.001680119598183372,0.0004870271760061919,0.000487027175765957,0.0009740303268687431,0.0002191600660659265,-0.0004870271760062035
2,0.003713900000000971,9.743140630154565,-0.000239011549498791,-12.0,-4.871928834791646,12.0,-0.001680204943951047,0.0004871689823242031,0.0004871689820852032,0.0009743140630154566,0.000218819898250136,-0.0004871689823242148
2,0.003714100000000971,9.745962606173068,-0.0002377759897513876,-12.0,-4.873337969448921,12.0,-0.001680289772479471,0.0004873100193459051,0.000487310019108141,0.0009745962606173068,0.0002184815208807478,-0.000487310019345917
2,0.003714300000000971,9.748769192287162,-0.0002365399542445523,-12.0,-4.874739408440348,12.0,-0.001680374084490843,0.0004874502868485984,0.0004874502866120703,0.0009748769192287162,0.0002181449353478165,-0.0004874502868486104
2,0.0037145000000009714,9.751560384065352,-0.0002353034447688529,-12.0,-4.876133149552863,12.0,-0.001680457880703479,0.0004875897846107976,0.0004875897843755061,0.0009751560384065352,0.0002178101430347079,-0.0004875897846108094
2,0.003714700000000971,9.754336177100459,-0.0002340664631121925,-12.0,-4.877519190585563,12.0,-0.001680541161833138,0.0004877285124122331,0.0004877285121781785,0.0009754336177100459,0.0002174771453180846,-0.0004877285124122451
2,0.0037149000000009707,9.757096567009578,-0.0002328290110789055,-12.0,-4.878897529349697,12.0,-0.001680623928592917,0.0004878664700338497,0.0004878664698010329,0.0009757096567009578,0.0002171459435678647,-0.0004878664700338618
2,0.0037151000000009713,9.759841549434121,-0.000231591090470662,-12.0,-4.880268163668678,12.0,-0.001680706181692027,0.0004880036572578084,0.0004880036570262296,0.0009759841549434121,0.0002168165391473742,-0.0004880036572578208
2,0.003715300000000971,9.762571120039807,-0.0002303527031082275,-12.0,-4.881631091378092,12.0,-0.001680787921837124,0.000488140073867486,0.0004881400736371458,0.0009762571120039808,0.0002164889334130143,-0.0004881400738674984
2,0.003715500000000971,9.765285274516676,-0.000229113850807483,-12.0,-4.882986310325689,12.0,-0.001680869149731423,0.0004882757196474756,0.0004882757194183742,0.0009765285274516677,0.0002161631277145526,-0.0004882757196474881
2,0.003715700000000972,9.767984008579086,-0.0002278745353994083,-12.0,-4.884333818371387,12.0,-0.001680949866075476,0.0004884105943835863,0.0004884105941557243,0.0009767984008579086,0.0002158391233949564,-0.0004884105943835989
2,0.0037159000000009717,9.77066731796573,-0.0002266347587207562,-12.0,-4.885673613387293,12.0,-0.00168103007156617,0.0004885446978628446,0.0004885446976362225,0.000977066731796573,0.0002155169217904207,-0.0004885446978628572
2,0.0037161000000009723,9.773335198439653,-0.0002253945226122767,-12.0,-4.88700569325769,12.0,-0.001681109766897504,0.0004886780298734949,0.0004886780296481133,0.0009773335198439653,0.0002151965242302989,-0.0004886780298735077
2,0.003716300000000972,9.775987645788225,-0.0002241538289258216,-12.0,-4.888330055879039,12.0,-0.001681188952760482,0.0004888105902049984,0.0004888105899808576,0.0009775987645788227,0.0002148779320371441,-0.0004888105902050114
2,0.003716500000000972,9.778624655823155,-0.0002229126795212366,-12.0,-4.889646699159987,12.0,-0.001681267629842442,0.0004889423786480336,0.0004889423784251339,0.0009778624655823155,0.0002145611465267233,-0.0004889423786480465
2,0.003716700000000972,9.781246224380553,-0.0002216710762619201,-12.0,-4.890955621021381,12.0,-0.001681345798828282,0.0004890733949944987,0.0004890733947728407,0.0009781246224380552,0.0002142461690077535,-0.000489073394994512
2,0.003716900000000972,9.783852347320854,-0.0002204290210228166,-12.0,-4.892256819396252,12.0,-0.001681423460398568,0.0004892036390375098,0.0004892036388170939,0.0009783852347320856,0.0002139330007824292,-0.0004892036390375229
2,0.003717100000000972,9.786443020528868,-0.0002191865156855322,-12.0,-4.893550292229827,12.0,-0.001681500615231868,0.000489333110571401,0.0004893331103522277,0.000978644302052887,0.0002136216431457977,-0.0004893331105714141
2,0.003717300000000972,9.789018239913798,-0.0002179435621383341,-12.0,-4.894836037479542,12.0,-0.001681577264002532,0.000489461809391727,0.0004894618091737968,0.0009789018239913798,0.0002133120973861063,-0.0004894618093917403
2,0.003717500000000973,9.791578001409219,-0.0002167001622765952,-12.0,-4.896114053115026,12.0,-0.001681653407382355,0.0004895897352952614,0.0004895897350785747,0.0009791578001409219,0.0002130043647846497,-0.000489589735295275
2,0.003717700000000973,9.794122300973084,-0.0002154563180063462,-12.0,-4.897384337118114,12.0,-0.001681729046039693,0.0004897168880799973,0.0004897168878645545,0.0009794122300973084,0.0002126984466157972,-0.0004897168880800109
2,0.003717900000000973,9.796651134587757,-0.0002142120312433882,-12.0,-4.898646887482863,12.0,-0.001681804180638791,0.0004898432675451484,0.00048984326733095,0.0009796651134587758,0.0002123943441471182,-0.000489843267545162
2,0.003718100000000973,9.799164498260007,-0.0002129673039026336,-12.0,-4.89990170221553,12.0,-0.001681878811842119,0.0004899688734911489,0.0004899688732781954,0.0009799164498260008,0.000212092058639049,-0.0004899688734911628
2,0.003718300000000973,9.801662388020976,-0.0002117221379180911,-12.0,-4.901148779334586,12.0,-0.001681952940307818,0.0004900937057196529,0.0004900937055079446,0.0009801662388020977,0.0002117915913451146,-0.0004900937057196668
2,0.0037185000000009728,9.80414479992626,-0.0002104765352255455,-12.0,-4.902388116870734,12.0,-0.001682026566690809,0.0004902177640335369,0.0004902177638230743,0.000980414479992626,0.0002114929435118734,-0.0004902177640335509
2,0.0037187000000009733,9.80661173005585,-0.0002092304977683312,-12.0,-4.903619712866884,12.0,-0.00168209969164268,0.0004903410482368973,0.0004903410480276809,0.0009806611730055852,0.0002111961163789311,-0.0004903410482369116
2,0.003718900000000973,9.809063174514172,-0.0002079840275048817,-12.0,-4.904843565378184,12.0,-0.001682172315812247,0.0004904635581350537,0.0004904635579270839,0.0009809063174514173,0.0002109011111787462,-0.0004904635581350679
2,0.003719100000000973,9.811499129430086,-0.0002067371263914097,-12.0,-4.906059672472002,12.0,-0.001682244439843883,0.0004905852935345466,0.0004905852933278238,0.0009811499129430087,0.000210607929136894,-0.000490585293534561
2,0.003719300000000974,9.813919590956862,-0.000205489796401892,-12.0,-4.907268032227933,12.0,-0.001682316064379408,0.0004907062542431385,0.0004907062540376632,0.0009813919590956862,0.0002103165714718302,-0.000490706254243153
2,0.0037195000000009738,9.816324555272244,-0.0002042420395196309,-12.0,-4.908468642737821,12.0,-0.001682387190057644,0.0004908264400698157,0.0004908264398655882,0.0009816324555272245,0.000210027039394961,-0.0004908264400698303
2,0.0037197000000009743,9.818714018578417,-0.0002029938577217116,-12.0,-4.90966150210573,12.0,-0.001682457817512639,0.0004909458508247862,0.0004909458506218069,0.0009818714018578418,0.0002097393341106146,-0.0004909458508248008
2,0.003719900000000974,9.82108797710201,-0.0002017452530145292,-12.0,-4.91084660844798,12.0,-0.001682527947376111,0.0004910644863194819,0.0004910644861177513,0.000982108797710201,0.000209453456816111,-0.0004910644863194966
2,0.003720100000000974,9.823446427094135,-0.0002004962273955968,-12.0,-4.912023959893123,12.0,-0.001682597580276113,0.0004911823463665579,0.0004911823461660765,0.0009823446427094135,0.0002091694087015539,-0.0004911823463665727
2,0.003720300000000974,9.82578936483033,-0.0001992467828819677,-12.0,-4.913193554581956,12.0,-0.001682666716837034,0.0004912994307798924,0.0004912994305806606,0.000982578936483033,0.0002088871909500106,-0.0004912994307799075
2,0.003720500000000974,9.828116786610641,-0.0001979969214982447,-12.0,-4.914355390667537,12.0,-0.001682735357680043,0.0004914157393745888,0.000491415739176607,0.000982811678661064,0.0002086068047374157,-0.0004914157393746039
2,0.003720700000000974,9.83042868875958,-0.0001967466452690303,-12.0,-4.915509466315161,12.0,-0.001682803503422425,0.000491531271966974,0.0004915312717702425,0.000983042868875958,0.0002083282512325424,-0.0004915312719669892
2,0.003720900000000975,9.832725067626136,-0.0001954959562424641,-12.0,-4.916655779702391,12.0,-0.001682871154678911,0.0004916460283745996,0.000491646028179119,0.0009832725067626135,0.0002080515315969894,-0.0004916460283746149
2,0.003721100000000975,9.835005919583793,-0.0001942448564631327,-12.0,-4.91779432901904,12.0,-0.001682938312059568,0.0004917600084162424,0.0004917600082220129,0.0009835005919583792,0.0002077766469852638,-0.0004917600084162578
2,0.003721300000000975,9.837271241030527,-0.0001929933479885015,-12.0,-4.918925112467179,12.0,-0.001683004976171798,0.0004918732119119037,0.0004918732117189258,0.0009837271241030527,0.0002075035985445728,-0.0004918732119119192
2,0.003721500000000975,9.839521028388814,-0.0001917414328871381,-12.0,-4.920048128261153,12.0,-0.001683071147619342,0.0004919856386828111,0.0004919856384910851,0.0009839521028388815,0.0002072323874149906,-0.0004919856386828267
2,0.003721700000000975,9.841755278105637,-0.0001904891132360476,-12.0,-4.921163374627564,12.0,-0.001683136827001941,0.0004920972885514173,0.0004920972883609438,0.0009841755278105638,0.0002069630147294443,-0.0004920972885514329
2,0.003721900000000975,9.84397398665248,-0.0001892363911188966,-12.0,-4.922270849805282,12.0,-0.001683202014916119,0.0004922081613414006,0.00049220816115218,0.000984397398665248,0.0002066954816135474,-0.0004922081613414164
2,0.003722100000000975,9.846177150525362,-0.0001879832686304539,-12.0,-4.923370552045459,12.0,-0.001683266711955067,0.000492318256877667,0.0004923182566896996,0.0009846177150525362,0.0002064297891857247,-0.0004923182568776829
2,0.0037223000000009753,9.848364766244803,-0.0001867297478765906,-12.0,-4.924462479611513,12.0,-0.001683330918708204,0.0004924275749863476,0.000492427574799634,0.0009848364766244803,0.0002061659385570319,-0.0004924275749863637
2,0.003722500000000975,9.850536830355853,-0.0001854758309685067,-12.0,-4.925546630779137,12.0,-0.001683394635761171,0.0004925361154948009,0.0004925361153093411,0.0009850536830355854,0.0002059039308315025,-0.0004925361154948169
2,0.003722700000000976,9.852693339428109,-0.0001842215200307251,-12.0,-4.926623003836315,12.0,-0.001683457863696058,0.0004926438782316123,0.0004926438780474071,0.000985269333942811,0.0002056437671056621,-0.0004926438782316284
2,0.003722900000000976,9.854834290055694,-0.0001829668171917653,-12.0,-4.927691597083303,12.0,-0.001683520603091515,0.0004927508630265949,0.0004927508628436443,0.0009854834290055695,0.0002053854484688478,-0.0004927508630266111
2,0.003723100000000976,9.856959678857267,-0.0001817117245965783,-12.0,-4.928752408832645,12.0,-0.001683582854522858,0.0004928570697107885,0.0004928570695290932,0.0009856959678857268,0.000205128976003055,-0.0004928570697108048
2,0.0037233000000009763,9.859069502476048,-0.0001804562443936675,-12.0,-4.929805437409176,12.0,-0.001683644618561186,0.0004929624981164618,0.0004929624979360222,0.000985906950247605,0.0002048743507830214,-0.0004929624981164783
2,0.003723500000000976,9.861163757579808,-0.0001792003787439711,-12.0,-4.930850681150025,12.0,-0.001683705895773824,0.0004930671480771114,0.0004930671478979277,0.000986116375757981,0.0002046215738761292,-0.0004930671480771281
2,0.003723700000000976,9.863242440860871,-0.0001779441298186413,-12.0,-4.931888138404604,12.0,-0.00168376668672543,0.0004931710194274618,0.0004931710192495345,0.000986324244086087,0.0002043706463423361,-0.0004931710194274785
2,0.0037239000000009763,9.865305549036117,-0.0001766874997950474,-12.0,-4.932917807534626,12.0,-0.001683826991976001,0.0004932741120034663,0.0004932741118267957,0.0009865305549036118,0.0002041215692343973,-0.000493274112003483
2,0.003724100000000976,9.867353078847009,-0.0001754304908643256,-12.0,-4.933939686914106,12.0,-0.001683886812082203,0.0004933764256423072,0.0004933764254668937,0.000986735307884701,0.0002038743435975876,-0.0004933764256423242
2,0.003724300000000976,9.869385027059579,-0.0001741731052233852,-12.0,-4.934953774929355,12.0,-0.001683946147597259,0.0004934779601823962,0.0004934779600082402,0.000986938502705958,0.000203628970469813,-0.0004934779601824133
2,0.003724500000000977,9.871401390464428,-0.0001729153450815701,-12.0,-4.935960069978989,12.0,-0.001684004999070399,0.0004935787154633738,0.0004935787152904756,0.0009871401390464428,0.0002033854508815824,-0.0004935787154633908
2,0.003724700000000977,9.873402165876747,-0.0001716572126584381,-12.0,-4.936958570473934,12.0,-0.001684063367046851,0.0004936786913261104,0.0004936786911544702,0.0009873402165876748,0.0002031437858560775,-0.0004936786913261275
2,0.0037249000000009773,9.875387350136327,-0.0001703987101784321,-12.0,-4.937949274837419,12.0,-0.001684121252068405,0.0004937778876127068,0.0004937778874423253,0.0009875387350136327,0.0002029039764090274,-0.0004937778876127241
2,0.003725100000000977,9.877356940107521,-0.0001691398398828703,-12.0,-4.938932181504985,12.0,-0.001684178654673962,0.0004938763041664927,0.0004938763039973702,0.000987735694010752,0.0002026660235485978,-0.0004938763041665102
2,0.003725300000000977,9.879310932679312,-0.0001678806040184,-12.0,-4.939907288924489,12.0,-0.001684235575396875,0.0004939739408320296,0.0004939739406641666,0.0009879310932679312,0.0002024299282757103,-0.000493973940832047
2,0.003725500000000977,9.88124932476527,-0.0001666210048436589,-12.0,-4.94087459555611,12.0,-0.001684292014768496,0.0004940707974551091,0.0004940707972885057,0.000988124932476527,0.0002021956915836953,-0.0004940707974551267
2,0.003725700000000977,9.883172113303573,-0.0001653610446217257,-12.0,-4.941834099872328,12.0,-0.001684347973315292,0.0004941668738827529,0.0004941668737174098,0.0009883172113303574,0.0002019633144584448,-0.0004941668738827707
2,0.003725900000000977,9.885079295257,-0.0001641007256343308,-12.0,-4.94278580035796,12.0,-0.001684403451559957,0.0004942621699632147,0.0004942621697991318,0.0009885079295257001,0.0002017327978784955,-0.0004942621699632326
2,0.003726100000000977,9.886970867612979,-0.0001628400501703098,-12.0,-4.943729695510147,12.0,-0.001684458450022075,0.0004943566855459797,0.0004943566853831575,0.000988697086761298,0.0002015041428146402,-0.0004943566855459976
2,0.003726300000000978,9.888846827383535,-0.0001615790205193868,-12.0,-4.944665783838337,12.0,-0.001684512969217122,0.0004944504204817638,0.0004944504203202027,0.0009888846827383535,0.0002012773502303861,-0.0004944504204817818
2,0.003726500000000978,9.890707171605314,-0.0001603176389952665,-12.0,-4.945594063864326,12.0,-0.001684567009656246,0.0004945433746225149,0.0004945433744622155,0.0009890707171605314,0.0002010524210816628,-0.0004945433746225331
2,0.003726700000000978,9.892551897339615,-0.0001590559079134302,-12.0,-4.946514534122237,12.0,-0.001684620571847595,0.0004946355478214142,0.0004946355476623764,0.0009892551897339615,0.000200829356316809,-0.0004946355478214324
2,0.003726900000000978,9.89438100167235,-0.0001577938296004611,-12.0,-4.947427193158513,12.0,-0.001684673656294877,0.0004947269399328731,0.0004947269397750976,0.000989438100167235,0.0002006081568767248,-0.0004947269399328914
2,0.003727100000000978,9.896194481714085,-0.0001565314063927126,-12.0,-4.948332039531945,12.0,-0.001684726263498248,0.0004948175508125369,0.000494817550656024,0.0009896194481714086,0.0002003888236946777,-0.0004948175508125553
2,0.0037273000000009777,9.897992334600026,-0.0001552686406398607,-12.0,-4.94922907181366,12.0,-0.001684778393953645,0.0004949073803172835,0.0004949073801620333,0.0009897992334600026,0.0002001713576964548,-0.000494907380317302
2,0.0037275000000009783,9.89977455749003,-0.0001540055346986868,-12.0,-4.950118288587118,12.0,-0.001684830048153785,0.0004949964283052235,0.0004949964281512364,0.000989977455749003,0.0001999557598001273,-0.000494996428305242
2,0.003727700000000978,9.901541147568599,-0.0001527420909348542,-12.0,-4.950999688448123,12.0,-0.001684881226586388,0.0004950846946357003,0.0004950846944829767,0.0009901541147568599,0.0001997420309163833,-0.0004950846946357189
2,0.003727900000000978,9.903292102044908,-0.000151478311728237,-12.0,-4.95187327000483,12.0,-0.001684931929736511,0.0004951721791692914,0.0004951721790178319,0.0009903292102044908,0.0001995301719481257,-0.0004951721791693101
2,0.003728100000000979,9.905027418152786,-0.0001502141994635942,-12.0,-4.95273903187773,12.0,-0.001684982158085102,0.0004952588817678077,0.0004952588816176125,0.0009905027418152786,0.0001993201837907632,-0.0004952588817678267
2,0.0037283000000009787,9.906747093150711,-0.0001489497565407838,-12.0,-4.953596972699665,12.0,-0.001685031912108004,0.0004953448022942935,0.0004953448021453626,0.0009906747093150713,0.0001991120673320579,-0.0004953448022943125
2,0.0037285000000009793,9.90845112432186,-0.0001476849853698781,-12.0,-4.954447091115835,12.0,-0.001685081192278393,0.0004954299406130275,0.0004954299404653615,0.0009908451124321861,0.0001989058234521252,-0.0004954299406130466
2,0.003728700000000979,9.910139508974082,-0.0001464198883631695,-12.0,-4.955289385783784,12.0,-0.001685129999065227,0.000495514296589523,0.0004955142964431223,0.0009910139508974081,0.0001987014530234477,-0.0004955142965895422
2,0.003728900000000979,9.911812244439876,-0.0001451544679516026,-12.0,-4.956123855373411,12.0,-0.001685178332933468,0.0004955978700905266,0.0004955978699453914,0.0009911812244439875,0.0001984989569108753,-0.000495597870090546
2,0.003729100000000979,9.91346932807646,-0.0001438887265745592,-12.0,-4.956950498566978,12.0,-0.001685226194343303,0.0004956806609840211,0.0004956806608401518,0.000991346932807646,0.0001982983359716251,-0.0004956806609840404
2,0.003729300000000979,9.915110757265724,-0.0001426226666785269,-12.0,-4.957769314059107,12.0,-0.001685273583752367,0.0004957626691392234,0.0004957626689966201,0.0009915110757265724,0.0001980995910551425,-0.0004957626691392428
2,0.003729500000000979,9.916736529414244,-0.0001413562907215393,-12.0,-4.958580300556767,12.0,-0.001685320501613852,0.0004958438944265849,0.0004958438942852483,0.0009916736529414244,0.0001979027230032265,-0.0004958438944266045
2,0.003729700000000979,9.91834664195329,-0.0001400896011740649,-12.0,-4.959383456779303,12.0,-0.001685366948375844,0.0004959243367177933,0.0004959243365777233,0.000991834664195329,0.0001977077326500848,-0.0004959243367178129
2,0.00372990000000098,9.919941092338853,-0.0001388226005150095,-12.0,-4.960178781458426,12.0,-0.001685412924483765,0.0004960039958857715,0.0004960039957469685,0.0009919941092338853,0.000197514620822084,-0.0004960039958857911
2,0.00373010000000098,9.92151987805162,-0.0001375552912286082,-12.0,-4.960966273338206,12.0,-0.001685458430378928,0.0004960828718046779,0.0004960828716671424,0.000992151987805162,0.0001973233883379444,-0.0004960828718046978
2,0.00373030000000098,9.92308299659697,-0.0001362876758164155,-12.0,-4.961745931175086,12.0,-0.001685503466497984,0.0004961609643499072,0.0004961609642136393,0.000992308299659697,0.0001971340360086143,-0.0004961609643499269
2,0.00373050000000098,9.924630445505004,-0.0001350197567884237,-12.0,-4.962517753737881,12.0,-0.001685548033273809,0.0004962382733980894,0.0004962382732630896,0.0009924630445505005,0.0001969465646374097,-0.0004962382733981092
2,0.00373070000000098,9.926162222330534,-0.0001337515366621744,-12.0,-4.963281739807777,12.0,-0.001685592131135283,0.0004963147988270915,0.0004963147986933598,0.0009926162222330536,0.0001967609750197913,-0.0004963147988271115
2,0.00373090000000098,9.927678324653108,-0.0001324830179676439,-12.0,-4.964037888178335,12.0,-0.001685635760507398,0.0004963905405160167,0.0004963905403835539,0.000992767832465311,0.0001965772679435041,-0.0004963905405160368
2,0.0037311000000009803,9.929178750076987,-0.0001312142032401376,-12.0,-4.964786197655496,12.0,-0.001685678921810818,0.0004964654983452054,0.0004964654982140114,0.0009929178750076987,0.0001963954441885629,-0.0004964654983452256
2,0.00373130000000098,9.930663496231151,-0.00012994509503228,-12.0,-4.965526667057575,12.0,-0.001685721615462099,0.000496539672196234,0.0004965396720663092,0.000993066349623115,0.0001962155045271419,-0.0004965396721962543
2,0.003731500000000981,9.932132560769322,-0.0001286756959006929,-12.0,-4.966259295215269,12.0,-0.001685763841874466,0.0004966130619519165,0.0004966130618232612,0.0009932132560769322,0.0001960374497236989,-0.0004966130619519369
2,0.003731700000000981,9.933585941369957,-0.0001274060084153206,-12.0,-4.966984080971661,12.0,-0.001685805601455925,0.0004966856674963041,0.0004966856673689187,0.0009933585941369959,0.000195861280534837,-0.0004966856674963247
2,0.003731900000000981,9.935023635736242,-0.0001261360351558771,-12.0,-4.967701023182214,12.0,-0.00168584689461071,0.0004967574887146854,0.0004967574885885699,0.0009935023635736242,0.0001956869977093878,-0.0004967574887147059
2,0.0037321000000009813,9.93644564159612,-0.0001248657787069618,-12.0,-4.968410120714777,12.0,-0.001685887721740054,0.0004968285254935864,0.0004968285253687413,0.000993644564159612,0.0001955146019883836,-0.000496828525493607
2,0.003732300000000981,9.937851956702264,-0.0001235952416713815,-12.0,-4.969111372449591,12.0,-0.001685928083239974,0.0004968987777207712,0.0004968987775971968,0.0009937851956702264,0.0001953440941050016,-0.000496898777720792
2,0.003732500000000981,9.93924257883211,-0.0001223244266537193,-12.0,-4.96980477727928,12.0,-0.001685967979502045,0.0004969682452852417,0.0004969682451629382,0.000993924257883211,0.0001951754747846202,-0.0004969682452852627
2,0.0037327000000009812,9.940617505787843,-0.0001210533362749899,-12.0,-4.970490334108868,12.0,-0.001686007410914625,0.0004970369280772383,0.0004970369279562059,0.0009940617505787843,0.0001950087447447485,-0.0004970369280772593
2,0.003732900000000981,9.9419767353964,-0.0001197819731602046,-12.0,-4.971168041855761,12.0,-0.00168604637786185,0.000497104825988239,0.000497104825868478,0.0009941976735396401,0.0001948439046950273,-0.00049710482598826
2,0.003733100000000981,9.943320265509488,-0.0001185103399512499,-12.0,-4.971837899449772,12.0,-0.00168608488072286,0.000497171938910961,0.0004971719387924721,0.0009943320265509488,0.0001946809553373396,-0.0004971719389109821
2,0.003733300000000982,9.94464809400357,-0.0001172384392900128,-12.0,-4.972499905833104,12.0,-0.0016861229198738,0.0004972382667393602,0.000497238266622143,0.000994464809400357,0.0001945198973655887,-0.0004972382667393813
2,0.003733500000000982,9.945960218779875,-0.0001159662738348111,-12.0,-4.973154059960352,12.0,-0.001686160495685707,0.0004973038093686304,0.0004973038092526855,0.0009945960218779876,0.0001943607314658369,-0.0004973038093686517
2,0.0037337000000009822,9.94725663776441,-0.000114693846254621,-12.0,-4.973800360798525,12.0,-0.001686197608526174,0.0004973685666952057,0.0004973685665805332,0.000994725663776441,0.0001942034583162916,-0.0004973685666952271
2,0.003733900000000982,9.948537348907951,-0.0001134211592233036,-12.0,-4.974438807327022,12.0,-0.001686234258757802,0.0004974325386167586,0.0004974325385033588,0.000994853734890795,0.0001940480785872362,-0.0004974325386167799
2,0.003734100000000982,9.949802350186054,-0.0001121482154267106,-12.0,-4.975069398537649,12.0,-0.00168627044674019,0.0004974957250322008,0.0004974957249200741,0.0009949802350186054,0.0001938945929410366,-0.0004974957250322221
2,0.003734300000000982,9.951051639599054,-0.0001108750175595752,-12.0,-4.975692133434617,12.0,-0.001686306172827168,0.0004975581258416842,0.0004975581257308307,0.0009951051639599054,0.0001937430020322109,-0.0004975581258417057
2,0.003734500000000982,9.952285215172074,-0.0001096015683259566,-12.0,-4.976307011034542,12.0,-0.001686341437370009,0.0004976197409465999,0.00049761974083702,0.0009952285215172074,0.0001935933065072767,-0.0004976197409466217
2,0.003734700000000982,9.953503074955021,-0.0001083278704392399,-12.0,-4.976914030366448,12.0,-0.001686376240714327,0.0004976805702495792,0.0004976805701412731,0.0009953503074955022,0.0001934455070048899,-0.0004976805702496009
2,0.003734900000000982,9.954705217022589,-0.0001070539266252446,-12.0,-4.977513190471772,12.0,-0.001686410583202624,0.000497740613654493,0.0004977406135474608,0.000995470521702259,0.0001932996041557403,-0.0004977406136545147
2,0.003735100000000983,9.955891639474272,-0.0001057797396124549,-12.0,-4.978104490404353,12.0,-0.001686444465172632,0.0004977998710664521,0.0004977998709606942,0.0009955891639474273,0.0001931555985825867,-0.0004977998710664741
2,0.003735300000000983,9.957062340434362,-0.0001045053121444539,-12.0,-4.978687929230452,12.0,-0.001686477886958193,0.0004978583423918088,0.0004978583422873253,0.0009957062340434362,0.0001930134909002429,-0.0004978583423918307
2,0.003735500000000983,9.958217318051947,-0.0001032306469714861,-12.0,-4.979263506028738,12.0,-0.001686510848888267,0.0004979160275381546,0.000497916027434946,0.0009958217318051948,0.0001928732817154943,-0.0004979160275381765
2,0.003735700000000983,9.959356570500915,-0.00010195574685401,-12.0,-4.979831219890295,12.0,-0.001686543351288039,0.0004979729264143223,0.0004979729263123884,0.0009959356570500915,0.0001927349716272994,-0.0004979729264143442
2,0.003735900000000983,9.960480095979975,-0.0001006806145564809,-12.0,-4.980391069918628,12.0,-0.001686575394478584,0.0004980290389303849,0.0004980290388297265,0.0009960480095979976,0.000192598561226498,-0.0004980290389304072
2,0.0037361000000009827,9.961587892712625,-9.940525286200597e-05,-12.0,-4.980943055229657,12.0,-0.00168660697877665,0.0004980843649976575,0.0004980843648982743,0.0009961587892712625,0.0001924640510960612,-0.0004980843649976795
2,0.0037363000000009833,9.962679958947191,-9.812966455191585e-05,-12.0,-4.98148717495172,12.0,-0.001686638104493876,0.0004981389045286945,0.0004981389044305872,0.0009962679958947192,0.0001923314418108904,-0.0004981389045287168
2,0.003736500000000983,9.963756292956809,-9.685385242441669e-05,-12.0,-4.982023428225579,12.0,-0.001686668771939237,0.0004981926574372932,0.0004981926573404617,0.000996375629295681,0.000192200733937907,-0.0004981926574373155
2,0.003736700000000983,9.964816893039428,-9.557781928259956e-05,-12.0,-4.982551814204417,12.0,-0.001686698981415935,0.000498245623638491,0.0004982456235429355,0.000996481689303943,0.0001920719280360389,-0.0004982456236385135
2,0.003736900000000984,9.965861757517834,-9.430156793888145e-05,-12.0,-4.98307233205384,12.0,-0.00168672873322373,0.0004982978030485677,0.0004982978029542886,0.0009965861757517834,0.0001919450246562412,-0.0004982978030485902
2,0.0037371000000009837,9.966890884739621,-9.302510121234064e-05,-12.0,-4.983584980951879,12.0,-0.001686758027657609,0.0004983491955850443,0.0004983491954920418,0.0009966890884739621,0.0001918200243413715,-0.0004983491955850667
2,0.0037373000000009843,9.967904273077206,-9.17484219367104e-05,-12.0,-4.984089760088993,12.0,-0.00168678686500856,0.0004983998011666831,0.0004983998010749572,0.0009967904273077207,0.0001916969276263419,-0.0004983998011667056
2,0.003737500000000984,9.968901920927864,-9.047153294572396e-05,-12.0,-4.984586668668065,12.0,-0.001686815245563356,0.0004984496197134894,0.0004984496196230406,0.0009968901920927864,0.0001915757350379743,-0.0004984496197135119
2,0.003737700000000984,9.96988382671367,-8.919443708643726e-05,-12.0,-4.985075705904408,12.0,-0.001686843169604102,0.0004984986511467095,0.0004984986510575377,0.000996988382671367,0.0001914564470950689,-0.0004984986511467321
2,0.003737900000000984,9.970849988881547,-8.791713721567618e-05,-12.0,-4.985556871025769,12.0,-0.00168687063740891,0.0004985468953888325,0.0004985468953009381,0.0009970849988881548,0.0001913390643083768,-0.0004985468953888553
2,0.003738100000000984,9.971800405903267,-8.663963619337522e-05,-12.0,-4.98603016327232,12.0,-0.001686897649251229,0.0004985943523635898,0.0004985943522769731,0.0009971800405903267,0.0001912235871806209,-0.0004985943523636127
2,0.003738300000000984,9.972735076275416,-8.53619368923475e-05,-12.0,-4.986495581896666,12.0,-0.001686924205400286,0.0004986410219959545,0.0004986410219106155,0.0009972735076275417,0.0001911100162064472,-0.0004986410219959774
2,0.003738500000000984,9.973653998519453,-8.408404218940291e-05,-12.0,-4.986953126163851,12.0,-0.001686950306121537,0.0004986869042121432,0.0004986869041280821,0.0009973653998519452,0.0001909983518724179,-0.0004986869042121661
2,0.003738700000000985,9.974557171181667,-8.280595497023313e-05,-12.0,-4.987402795351349,12.0,-0.001686975951674996,0.0004987319989396148,0.0004987319988568319,0.0009974557171181667,0.0001908885946570599,-0.0004987319989396379
2,0.003738900000000985,9.975444592833192,-8.152767813207618e-05,-12.0,-4.98784458874907,12.0,-0.001687001142317235,0.0004987763061070706,0.0004987763060255663,0.0009975444592833192,0.0001907807450308094,-0.0004987763061070938
2,0.003739100000000985,9.976316262070021,-8.024921457350231e-05,-12.0,-4.988278505659363,12.0,-0.001687025878300386,0.0004988198256444558,0.0004988198255642298,0.0009976316262070022,0.0001906748034559771,-0.000498819825644479
2,0.003739300000000985,9.977172177512992,-7.897056720773676e-05,-12.0,-4.988704545397014,12.0,-0.001687050159871584,0.0004988625574829575,0.00049886255740401,0.0009977172177512994,0.0001905707703868734,-0.0004988625574829807
2,0.003739500000000985,9.978012337807813,-7.769173894933701e-05,-12.0,-4.989122707289247,12.0,-0.001687073987273968,0.0004989045015550066,0.0004989045014773382,0.0009978012337807814,0.0001904686462696342,-0.0004989045015550298
2,0.0037397000000009848,9.978836741625038,-7.641273272085414e-05,-12.0,-4.989532990675728,12.0,-0.001687097360746903,0.0004989456577942775,0.000498945657717888,0.0009978836741625038,0.000190368431542326,-0.0004989456577943007
2,0.0037399000000009853,9.979645387660083,-7.513355145771783e-05,-12.0,-4.989935394908565,12.0,-0.001687120280524201,0.0004989860261356871,0.0004989860260605771,0.0009979645387660084,0.0001902701266348825,-0.0004989860261357107
2,0.003740100000000985,9.980438274633235,-7.385419809669003e-05,-12.0,-4.990329919352305,12.0,-0.001687142746836456,0.0004990256065153973,0.0004990256064415666,0.0009980438274633234,0.0001901737319691815,-0.0004990256065154208
2,0.003740300000000986,9.981215401289631,-7.257467558430264e-05,-12.0,-4.990716563383939,12.0,-0.001687164759908821,0.0004990643988708119,0.0004990643987982608,0.0009981215401289633,0.0001900792479589131,-0.0004990643988708355
2,0.003740500000000986,9.98197676639929,-7.129498687463709e-05,-12.0,-4.991095326392906,12.0,-0.001687186319963008,0.0004991024031405796,0.0004991024030693083,0.0009981976766399291,0.000189986675009704,-0.0004991024031406031
2,0.0037407000000009858,9.982722368757095,-7.001513492532752e-05,-12.0,-4.991466207781087,12.0,-0.001687207427215398,0.0004991396192645926,0.0004991396191946011,0.0009982722368757095,0.0001898960135190281,-0.0004991396192646162
2,0.0037409000000009863,9.9834522071828,-6.873512270333393e-05,-12.0,-4.991829206962806,12.0,-0.001687228081879266,0.0004991760471839867,0.0004991760471152752,0.0009983452207182801,0.0001898072638761988,-0.0004991760471840102
2,0.003741100000000986,9.984166280521041,-6.745495318227768e-05,-12.0,-4.992184323364842,12.0,-0.001687248284161669,0.0004992116868411423,0.0004992116867737112,0.0009984166280521043,0.0001897204264624322,-0.000499211686841166
2,0.003741300000000986,9.984864587641319,-6.617462934110918e-05,-12.0,-4.992531556426417,12.0,-0.001687268034266998,0.0004992465381796838,0.000499246538113533,0.000998486458764132,0.00018963550165077,-0.0004992465381797077
2,0.0037415000000009862,9.985547127438016,-6.489415416854882e-05,-12.0,-4.992870905599202,12.0,-0.001687287332394094,0.0004992806011444796,0.0004992806010796093,0.0009985547127438017,0.0001895524898061218,-0.0004992806011445034
2,0.003741700000000986,9.986213898830407,-6.361353065376107e-05,-12.0,-4.993202370347318,12.0,-0.001687306178738135,0.0004993138756816427,0.000499313875618053,0.0009986213898830407,0.0001894713912852439,-0.0004993138756816664
2,0.003741900000000986,9.986864900762633,-6.233276179568037e-05,-12.0,-4.993525950147339,12.0,-0.00168732457348908,0.0004993463617385304,0.0004993463616762215,0.0009986864900762634,0.0001893922064367462,-0.0004993463617385543
2,0.003742100000000987,9.987500132203726,-6.105185060079066e-05,-12.0,-4.993841644488283,12.0,-0.001687342516833001,0.0004993780592637444,0.0004993780592027164,0.0009987500132203726,0.0001893149356010301,-0.0004993780592637682
2,0.003742300000000987,9.988119592147612,-5.977080007735225e-05,-12.0,-4.994149452871631,12.0,-0.001687360008951533,0.0004994089682071315,0.0004994089681473845,0.0009988119592147613,0.0001892395791103785,-0.0004994089682071554
2,0.0037425000000009872,9.988723279613097,-5.848961324295132e-05,-12.0,-4.99444937481131,12.0,-0.001687377050021865,0.0004994390885197828,0.0004994390884613171,0.0009988723279613098,0.0001891661372888723,-0.0004994390885198067
2,0.003742700000000987,9.989311193643877,-5.720829312005904e-05,-12.0,-4.994741409833702,12.0,-0.001687393640216306,0.0004994684201540342,0.0004994684200968499,0.0009989311193643877,0.0001890946104524463,-0.0004994684201540581
2,0.003742900000000987,9.98988333330855,-5.592684273203474e-05,-12.0,-4.995025557477643,12.0,-0.001687409779703386,0.000499496963063467,0.0004994969630075641,0.000998988333330855,0.0001890249989088197,-0.0004994969630634911
2,0.003743100000000987,9.990439697700591,-5.464526511911316e-05,-12.0,-4.995301817294426,12.0,-0.001687425468646531,0.0004995247172029067,0.0004995247171482855,0.0009990439697700592,0.0001889573029575584,-0.0004995247172029307
2,0.003743300000000987,9.990980285938388,-5.336356331353542e-05,-12.0,-4.995570188847799,12.0,-0.001687440707205501,0.0004995516825284245,0.0004995516824750851,0.0009990980285938388,0.0001888915228900057,-0.0004995516825284487
2,0.0037435000000009874,9.991505097165216,-5.208174036086533e-05,-12.0,-4.995830671713967,12.0,-0.001687455495534507,0.0004995778589973365,0.0004995778589452789,0.0009991505097165217,0.0001888276589893517,-0.0004995778589973606
2,0.003743700000000987,9.992014130549256,-5.07997993097753e-05,-12.0,-4.996083265481591,12.0,-0.001687469833784094,0.0004996032465682039,0.0004996032465174283,0.0009992014130549257,0.0001887657115305988,-0.0004996032465682282
2,0.003743900000000988,9.992507385283592,-4.951774321293456e-05,-12.0,-4.996327969751793,12.0,-0.001687483722100369,0.0004996278452008338,0.0004996278451513402,0.0009992507385283593,0.0001887056807804849,-0.0004996278452008581
2,0.003744100000000988,9.992984860586201,-4.823557512745325e-05,-12.0,-4.996564784138148,12.0,-0.001687497160624662,0.0004996516548562778,0.0004996516548080664,0.0009992984860586202,0.0001886475669975948,-0.000499651654856302
2,0.003744300000000988,9.993446555699974,-4.695329811932325e-05,-12.0,-4.996793708266697,12.0,-0.001687510149494198,0.0004996746754968335,0.0004996746754499046,0.0009993446555699975,0.0001885913704322978,-0.0004996746754968579
2,0.0037445000000009884,9.993892469892698,-4.567091525320421e-05,-12.0,-4.997014741775937,12.0,-0.001687522688841203,0.0004996969070860441,0.0004996969070403976,0.0009993892469892698,0.0001885370913267612,-0.0004996969070860684
2,0.003744700000000988,9.994322602457084,-4.438842959952893e-05,-12.0,-4.997227884316825,12.0,-0.001687534778793687,0.0004997183495886981,0.0004997183495443341,0.0009994322602457084,0.0001884847299149298,-0.0004997183495887226
2,0.0037449000000009877,9.994736952710737,-4.310584423539154e-05,-12.0,-4.99743313555278,12.0,-0.001687546419475217,0.00049973900297083,0.0004997390029277487,0.0009994736952710736,0.0001884342864225536,-0.0004997390029708545
2,0.0037451000000009883,9.995135519996168,-4.182316224365934e-05,-12.0,-4.997630495159682,12.0,-0.001687557611004808,0.0004997588671997195,0.0004997588671579207,0.0009995135519996169,0.0001883857610671322,-0.0004997588671997439
2,0.003745300000000988,9.995518303680823,-4.054038670542326e-05,-12.0,-4.997819962825874,12.0,-0.001687568353497149,0.0004997779422438925,0.0004997779422033764,0.0009995518303680825,0.0001883391540579565,-0.0004997779422439169
2,0.003745500000000988,9.99588530315705,-3.925752070665922e-05,-12.0,-4.998001538252161,12.0,-0.00168757864706226,0.0004997962280731208,0.0004997962280338878,0.000999588530315705,0.0001882944655960811,-0.0004997962280731454
2,0.003745700000000989,9.996236517842108,-3.797456734000448e-05,-12.0,-4.99817522115181,12.0,-0.001687588491805836,0.0004998137246584226,0.0004998137246204725,0.0009996236517842109,0.0001882516958743724,-0.0004998137246584471
2,0.0037459000000009887,9.996571947178166,-3.669152970164902e-05,-12.0,-4.998341011250551,12.0,-0.001687597887828685,0.0004998304319720604,0.0004998304319353934,0.0009996571947178167,0.0001882108450774259,-0.0004998304319720849
2,0.0037461000000009893,9.996891590632327,-3.540841088822688e-05,-12.0,-4.99849890828658,12.0,-0.001687606835227839,0.0004998463499875446,0.0004998463499521608,0.0009996891590632326,0.000188171913381642,-0.0004998463499875693
2,0.003746300000000989,9.997195447696608,-3.412521399992485e-05,-12.0,-4.998648912010556,12.0,-0.001687615334095116,0.0004998614786796311,0.0004998614786455304,0.0009997195447696608,0.0001881349009551433,-0.0004998614786796557
2,0.003746500000000989,9.997483517887936,-3.284194214447922e-05,-12.0,-4.998791022185603,12.0,-0.001687623384518,0.0004998758180243213,0.000499875817991504,0.0009997483517887936,0.0001880998079578575,-0.000499875818024346
2,0.003746700000000989,9.997755800748168,-3.155859842651765e-05,-12.0,-4.998925238587309,12.0,-0.001687630986580202,0.0004998893679988637,0.0004998893679673297,0.0009997755800748168,0.000188066634541427,-0.0004998893679988882
2,0.003746900000000989,9.998012295844084,-3.027518595644096e-05,-12.0,-4.999051561003728,12.0,-0.00168763814035966,0.0004999021285817525,0.0004999021285515021,0.0009998012295844086,0.0001880353808493412,-0.0004999021285817773
2,0.003747100000000989,9.99825300276738,-2.899170784909089e-05,-12.0,-4.99916998923538,12.0,-0.001687644845930758,0.0004999140997527284,0.0004999140997237614,0.000999825300276738,0.0001880060470167214,-0.0004999140997527532
2,0.003747300000000989,9.998477921134684,-2.770816721753278e-05,-12.0,-4.99928052309525,12.0,-0.001687651103363108,0.0004999252814927787,0.0004999252814650952,0.0009998477921134685,0.0001879786331705491,-0.0004999252814928033
2,0.00374750000000099,9.99868705058755,-2.642456718060515e-05,-12.0,-4.999383162408791,12.0,-0.001687656912721991,0.0004999356737841364,0.0004999356737577365,0.0009998687050587552,0.0001879531394294934,-0.0004999356737841611
2,0.00374770000000099,9.998880390792454,-2.514091085714654e-05,-12.0,-4.999477907013921,12.0,-0.001687662274067359,0.0004999452766102818,0.0004999452765851656,0.0009998880390792455,0.0001879295659040492,-0.0004999452766103065
2,0.00374790000000099,9.999057941440801,-2.385720136777181e-05,-12.0,-4.999564756761025,12.0,-0.001687667187455943,0.000499954089955941,0.0004999540899321085,0.0009999057941440803,0.0001879079126963848,-0.0004999540899559657
2,0.00374810000000099,9.99921970224892,-2.257344184064536e-05,-12.0,-4.999643711512955,12.0,-0.001687671652939149,0.0004999621138070868,0.0004999621137845381,0.0009999219702248922,0.0001878881799004389,-0.0004999621138071115
2,0.00374830000000099,9.999365672958085,-2.12896353950498e-05,-12.0,-4.999714771145031,12.0,-0.001687675670563826,0.0004999693481509389,0.000499969348129674,0.0009999365672958085,0.0001878703676019347,-0.0004999693481509636
2,0.0037485000000009898,9.999495853334478,-2.000578516359042e-05,-12.0,-4.999777935545042,12.0,-0.001687679240372608,0.000499975792975963,0.0004999757929559821,0.000999949585333448,0.0001878544758782963,-0.0004999757929759879
2,0.0037487000000009903,9.999610243169233,-1.872189426999071e-05,-12.0,-4.999833204613241,12.0,-0.001687682362403575,0.0004999814482718723,0.0004999814482531752,0.0009999610243169234,0.0001878405047987391,-0.0004999814482718972
2,0.00374890000000099,9.999708842278395,-1.743796584774415e-05,-12.0,-4.99988057826235,12.0,-0.001687685036690256,0.0004999863140296254,0.0004999863140122122,0.0009999708842278396,0.0001878284544241729,-0.0004999863140296503
2,0.00374910000000099,9.999791650502964,-1.61540030263474e-05,-12.0,-4.999920056417561,12.0,-0.001687687263261628,0.0004999903902414288,0.0004999903902252995,0.0009999791650502964,0.0001878183248072984,-0.0004999903902414534
2,0.003749300000000991,9.999858667708855,-1.48700089357412e-05,-12.0,-4.999951639016532,12.0,-0.001687689042141893,0.0004999936769007349,0.0004999936768858896,0.0009999858667708856,0.0001878101159925455,-0.0004999936769007595
2,0.0037495000000009908,9.999909893786928,-1.35859867103072e-05,-12.0,-4.999975326009388,12.0,-0.001687690373351369,0.000499996174002243,0.0004999961739886819,0.0009999909893786928,0.000187803828016038,-0.0004999961740022678
2,0.0037497000000009913,9.99994532865297,-1.230193948220659e-05,-12.0,-4.999991117358728,12.0,-0.001687691256905266,0.0004999978815418999,0.0004999978815296226,0.000999994532865297,0.0001877994609057188,-0.0004999978815419246
2,0.003749900000000991,9.999964972247705,-1.101787038715329e-05,-12.0,-4.999999013039612,12.0,-0.001687691692814464,0.0004999987995168979,0.0004999987995059046,0.0009999964972247704,0.0001877970146812527,-0.0004999987995169225
2,0.003750100000000991,9.999968824536802,-9.733782556420323e-06,-12.0,-4.999999013039573,12.0,-0.001687691681085624,0.0004999989279256769,0.000499998927915968,0.0009999968824536802,0.0001877964893540127,-0.0004999989279257018
2,0.003750300000000991,9.999956885510851,-8.449679125721588e-06,-12.0,-4.99999111735861,12.0,-0.0016876912217203,0.0004999982667679238,0.0004999982667594989,0.0009999956885510851,0.0001877978849271003,-0.0004999982667679484
2,0.003750500000000991,9.999929155185388,-7.165563229438732e-06,-12.0,-4.999975326009193,12.0,-0.001687690314716273,0.0004999968160445716,0.0004999968160374308,0.000999992915518539,0.0001878012013954225,-0.0004999968160445963
2,0.003750700000000991,9.99988563360088,-5.881438001509309e-06,-12.0,-4.999951639016257,12.0,-0.001687688960065992,0.0004999945757578007,0.0004999945757519441,0.000999988563360088,0.0001878064387455872,-0.0004999945757578256
2,0.003750900000000992,9.999826320822741,-4.597306576314963e-06,-12.0,-4.999920056417208,12.0,-0.001687687157757911,0.0004999915459110385,0.000499991545906466,0.0009999826320822743,0.0001878135969559797,-0.0004999915459110632
2,0.003751100000000992,9.99975121694132,-3.313172085128713e-06,-12.0,-4.99988057826192,12.0,-0.001687684907775822,0.0004999877265089586,0.0004999877265056703,0.000999975121694132,0.0001878226759966448,-0.0004999877265089835
2,0.003751300000000992,9.99966032207189,-2.029037664552646e-06,-12.0,-4.999833204612732,12.0,-0.001687682210098962,0.0004999831175574822,0.0004999831175554778,0.000999966032207189,0.0001878336758294741,-0.0004999831175575068
2,0.003751500000000992,9.99955363635468,-7.449064436393371e-07,-12.0,-4.999777935544455,12.0,-0.001687679064702352,0.0004999777190637764,0.0004999777190630563,0.000999955363635468,0.0001878465964079978,-0.0004999777190638012
2,0.003751700000000992,9.99943115995485,5.392184445618398e-07,-12.0,-4.999714771144367,12.0,-0.001687675471555905,0.0004999715310362565,0.0004999715310368203,0.000999943115995485,0.0001878614376776,-0.0004999715310362811
2,0.003751900000000992,9.999292893062503,1.823333870554222e-06,-12.0,-4.999643711512212,12.0,-0.001687671430625759,0.0004999645534845835,0.0004999645534864316,0.0009999292893062503,0.0001878781995752754,-0.0004999645534846083
2,0.003752100000000992,9.999138835892676,3.107436707061595e-06,-12.0,-4.999564756760203,12.0,-0.001687666941872612,0.0004999567864196662,0.0004999567864227985,0.0009999138835892676,0.0001878968820299282,-0.0004999567864196911
2,0.0037523000000009923,9.998968988685343,4.391523823255028e-06,-12.0,-4.999477907013022,12.0,-0.00168766200525361,0.0004999482298536597,0.000499948229858076,0.0009998968988685344,0.0001879174849620177,-0.0004999482298536845
2,0.003752500000000992,9.998783351705422,5.675592094078752e-06,-12.0,-4.999383162407813,12.0,-0.00168765662072079,0.0004999388837999661,0.0004999388838056664,0.0009998783351705422,0.0001879400082839405,-0.0004999388837999908
2,0.003752700000000993,9.99858192524277,6.959638395365175e-06,-12.0,-4.999280523094194,12.0,-0.001687650788221751,0.0004999287482732344,0.0004999287482802187,0.000999858192524277,0.0001879644518996831,-0.000499928748273259
2,0.003752900000000993,9.998364709612181,8.243659605167153e-06,-12.0,-4.999169989234246,12.0,-0.001687644507699759,0.0004999178232893605,0.0004999178232976288,0.0009998364709612182,0.0001879908157050858,-0.0004999178232893851
2,0.003753100000000993,9.998131705153392,9.52765260153754e-06,-12.0,-4.999051561002516,12.0,-0.001687637779093532,0.0004999061088654871,0.0004999061088750396,0.0009998131705153393,0.0001880190995876552,-0.0004999061088655118
2,0.0037533000000009933,9.99788291223107,1.081161426741417e-05,-12.0,-4.998925238586018,12.0,-0.00168763060233712,0.0004998936050200039,0.0004998936050308402,0.000999788291223107,0.0001880493034267169,-0.0004998936050200286
2,0.003753500000000993,9.997618331234829,1.209554148307035e-05,-12.0,-4.998791022184235,12.0,-0.001687622977360248,0.0004998803117725472,0.0004998803117846674,0.000999761833123483,0.0001880814270933395,-0.0004998803117725718
2,0.003753700000000993,9.99733796257922,1.337943113766116e-05,-12.0,-4.998648912009109,12.0,-0.001687614904087975,0.0004998662291440001,0.0004998662291574041,0.000999733796257922,0.0001881154704503132,-0.0004998662291440248
2,0.0037539000000009932,9.997041806703733,1.466328011900941e-05,-12.0,-4.998498908285055,12.0,-0.00168760638244092,0.0004998513571564927,0.0004998513571711807,0.0009997041806703733,0.0001881514333521989,-0.0004998513571565174
2,0.003754100000000993,9.996729864072792,1.594708531760247e-05,-12.0,-4.998341011248947,12.0,-0.001687597412335484,0.000499835695833402,0.0004998356958493737,0.0009996729864072793,0.000188189315645293,-0.0004998356958334265
2,0.003754300000000993,9.996402135175758,1.723084362970084e-05,-12.0,-4.998175221150127,12.0,-0.001687587993682738,0.000499819245199351,0.0004998192452166064,0.0009996402135175758,0.0001882291171677458,-0.0004998192451993758
2,0.003754500000000994,9.996058620526938,1.851455194801233e-05,-12.0,-4.9980015382504,12.0,-0.001687578126390421,0.0004998020052802104,0.0004998020052987495,0.0009996058620526937,0.0001882708377493256,-0.0004998020052802348
2,0.003754700000000994,9.99569932066557,1.979820717812331e-05,-12.0,-4.997819962824035,12.0,-0.001687567810360724,0.000499783976103097,0.0004997839761229196,0.000999569932066557,0.0001883144772116957,-0.0004997839761031215
2,0.0037549000000009942,9.995324236155824,2.10818062202911e-05,-12.0,-4.997630495157765,12.0,-0.001687557045492061,0.0004997651576963742,0.0004997651577174801,0.0009995324236155825,0.000188360035368193,-0.0004997651576963986
2,0.003755100000000994,9.99493336758682,2.236534598099027e-05,-12.0,-4.997433135550785,12.0,-0.001687545831677961,0.0004997455500896522,0.000499745550112042,0.0009994933367586819,0.0001884075120239803,-0.0004997455500896766
2,0.003755300000000994,9.994526715572606,2.364882337513308e-05,-12.0,-4.997227884314752,12.0,-0.001687534168807625,0.0004997251533137882,0.0004997251533374617,0.0009994526715572606,0.0001884569069759492,-0.0004997251533138127
2,0.003755500000000994,9.994104280752156,2.493223531363498e-05,-12.0,-4.997014741773786,12.0,-0.001687522056765811,0.0004997039674008854,0.0004997039674258421,0.0009994104280752157,0.0001885082200128244,-0.0004997039674009099
2,0.003755700000000994,9.993666063789385,2.621557871318458e-05,-12.0,-4.996793708264468,12.0,-0.001687509495432615,0.0004996819923842936,0.0004996819924105337,0.0009993666063789386,0.0001885614509150105,-0.0004996819923843181
2,0.003755900000000994,9.993212065373157,2.749885049890821e-05,-12.0,-4.996564784135841,12.0,-0.001687496484683915,0.0004996592282986096,0.0004996592283261329,0.0009993212065373157,0.0001886165994547731,-0.000499659228298634
2,0.003756100000000994,9.992742286217245,2.878204759726444e-05,-12.0,-4.996327969749407,12.0,-0.001687483024390479,0.0004996356751796762,0.0004996356752084825,0.0009992742286217245,0.0001886736653961829,-0.0004996356751797004
2,0.003756300000000995,9.992256727060363,3.006516693471184e-05,-12.0,-4.996083265479127,12.0,-0.001687469114419637,0.000499611333064582,0.0004996113330946715,0.0009992256727060363,0.000188732648494977,-0.0004996113330646062
2,0.003756500000000995,9.991755388666173,3.134820545236394e-05,-12.0,-4.995830671711425,12.0,-0.001687454754633388,0.0004995862019916634,0.0004995862020230361,0.0009991755388666173,0.0001887935484988154,-0.0004995862019916878
2,0.003756700000000995,9.99123827182324,3.26311600860052e-05,-12.0,-4.995570188845179,12.0,-0.001687439944889513,0.0004995602820005024,0.0004995602820331577,0.0009991238271823241,0.0001888563651470457,-0.0004995602820005266
2,0.003756900000000995,9.990705377345073,3.391402777896957e-05,-12.0,-4.995301817291728,12.0,-0.001687424685041461,0.0004995335731319266,0.0004995335731658647,0.0009990705377345072,0.0001889210981708689,-0.0004995335731319507
2,0.003757100000000995,9.990156706070124,3.519680548480508e-05,-12.0,-4.995025557474866,12.0,-0.001687408974938021,0.0004995060754280109,0.0004995060754632321,0.0009990156706070124,0.0001889877472932566,-0.0004995060754280351
2,0.0037573000000009947,9.989592258861745,3.647949015306295e-05,-12.0,-4.994741409830848,12.0,-0.001687392814423982,0.000499477788932076,0.0004994777889685796,0.0009989592258861746,0.0001890563122289995,-0.0004994777889321001
2,0.0037575000000009953,9.989012036608232,3.77620787457289e-05,-12.0,-4.994449374808378,12.0,-0.001687376203338697,0.0004994487136886882,0.0004994487137264743,0.0009989012036608232,0.0001891267926846796,-0.0004994487136887124
2,0.003757700000000995,9.988416040222809,3.904456822567681e-05,-12.0,-4.99414945286862,12.0,-0.001687359141518185,0.0004994188497436605,0.0004994188497827292,0.0009988416040222809,0.0001891991883587046,-0.0004994188497436846
2,0.003757900000000995,9.987804270643617,4.032695556288601e-05,-12.0,-4.993841644485195,12.0,-0.001687341628793249,0.0004993881971440518,0.0004993881971844027,0.0009987804270643616,0.000189273498941267,-0.0004993881971440757
2,0.003758100000000996,9.987176728833726,4.160923773310898e-05,-12.0,-4.99352595014417,12.0,-0.001687323664990803,0.0004993567559381664,0.0004993567559797997,0.0009987176728833726,0.0001893497241144265,-0.0004993567559381904
2,0.0037583000000009957,9.986533415781125,4.28914117165391e-05,-12.0,-4.993202370344073,12.0,-0.001687305249932769,0.0004993245261755552,0.0004993245262184705,0.0009986533415781125,0.0001894278635519997,-0.000499324526175579
2,0.0037585000000009963,9.985874332498724,4.417347449958697e-05,-12.0,-4.992870905595879,12.0,-0.001687286383436737,0.000499291507907014,0.0004992915079512113,0.0009985874332498724,0.0001895079169196845,-0.0004992915079070378
2,0.003758700000000996,9.98519948002437,4.545542307665684e-05,-12.0,-4.992531556423017,12.0,-0.001687267065316411,0.0004992577011845854,0.0004992577012300647,0.000998519948002437,0.0001895898838749771,-0.0004992577011846093
2,0.003758900000000996,9.984508859420805,4.673725444526156e-05,-12.0,-4.992184323361363,12.0,-0.001687247295380723,0.0004992231060615569,0.000499223106108318,0.0009984508859420804,0.0001896737640672136,-0.0004992231060615808
2,0.003759100000000996,9.983802471775695,4.801896560646668e-05,-12.0,-4.991829206959249,12.0,-0.001687227073433606,0.0004991877225924617,0.0004991877226405045,0.0009983802471775695,0.0001897595571375837,-0.0004991877225924855
2,0.003759300000000996,9.983080318201637,4.930055357510454e-05,-12.0,-4.99146620777745,12.0,-0.001687206399275443,0.0004991515508330788,0.000499151550882403,0.0009983080318201637,0.0001898472627190756,-0.0004991515508331025
2,0.003759500000000996,9.982342399836122,5.058201536556339e-05,-12.0,-4.991095326389191,12.0,-0.001687185272701952,0.0004991145908404322,0.0004991145908910379,0.0009982342399836124,0.0001899368804365656,-0.0004991145908404557
2,0.003759700000000996,9.981588717841573,5.186334800422188e-05,-12.0,-4.990716563380147,12.0,-0.001687163693504079,0.0004990768426727916,0.0004990768427246784,0.0009981588717841573,0.0001900284099068256,-0.0004990768426728151
2,0.003759900000000997,9.980819273405315,5.314454851879091e-05,-12.0,-4.990329919348435,12.0,-0.001687141661468994,0.0004990383063896718,0.0004990383064428399,0.0009980819273405315,0.0001901218507383493,-0.0004990383063896953
2,0.003760100000000997,9.980034067739584,5.442561394675138e-05,-12.0,-4.989935394904616,12.0,-0.001687119176378649,0.0004989989820518328,0.0004989989821062819,0.0009980034067739584,0.0001902172025316506,-0.0004989989820518563
2,0.003760300000000997,9.979233102081528,5.570654133091324e-05,-12.0,-4.989532990671702,12.0,-0.001687096238011221,0.0004989588697212799,0.0004989588697770099,0.0009979233102081527,0.0001903144648790003,-0.0004989588697213033
2,0.003760500000000997,9.9784163776932,5.698732772341231e-05,-12.0,-4.989122707285143,12.0,-0.001687072846140447,0.0004989179694612632,0.0004989179695182738,0.0009978416377693202,0.0001904136373645574,-0.0004989179694612866
2,0.003760700000000997,9.977583895861564,5.826797018038121e-05,-12.0,-4.988704545392832,12.0,-0.001687049000535734,0.0004988762813362778,0.0004988762813945692,0.0009977583895861564,0.0001905147195644177,-0.0004988762813363012
2,0.0037609000000009968,9.976735657898466,5.954846576416983e-05,-12.0,-4.988278505655102,12.0,-0.001687024700961492,0.0004988338054120635,0.0004988338054716351,0.0009976735657898468,0.0001906177110464966,-0.0004988338054120867
2,0.0037611000000009973,9.97587166514069,6.082881155089481e-05,-12.0,-4.987844588744731,12.0,-0.001686999947178358,0.0004987905417556048,0.0004987905418164571,0.0009975871665140691,0.0001907226113706459,-0.0004987905417556282
2,0.003761300000000997,9.974991918949899,6.210900461844915e-05,-12.0,-4.987402795346932,12.0,-0.001686974738942526,0.0004987464904351318,0.000498746490497264,0.00099749919189499,0.0001908294200885716,-0.000498746490435155
2,0.003761500000000998,9.974096420712641,6.338904204961082e-05,-12.0,-4.986953126159356,12.0,-0.00168694907600575,0.0004987016515201174,0.0004987016515835296,0.000997409642071264,0.0001909381367439233,-0.0004987016515201406
2,0.003761700000000998,9.973185171840395,6.466892094358911e-05,-12.0,-4.986495581892093,12.0,-0.001686922958115122,0.0004986560250812808,0.0004986560251459726,0.0009973185171840396,0.0001910487608721978,-0.0004986560250813037
2,0.0037619000000009978,9.972258173769502,6.594863839737286e-05,-12.0,-4.986030163267668,12.0,-0.001686896385013958,0.0004986096111905837,0.0004986096112565553,0.0009972258173769502,0.0001911612920008701,-0.0004986096111906066
2,0.0037621000000009983,9.971315427961216,6.72281915243822e-05,-12.0,-4.985556871021039,12.0,-0.001686869356440912,0.0004985624099212335,0.0004985624099884846,0.0009971315427961217,0.0001912757296492831,-0.0004985624099212564
2,0.003762300000000998,9.970356935901671,6.850757743892544e-05,-12.0,-4.985075705899602,12.0,-0.001686841872130196,0.0004985144213476812,0.0004985144214162116,0.0009970356935901671,0.0001913920733287375,-0.000498514421347704
2,0.003762500000000998,9.969382699101896,6.978679326596904e-05,-12.0,-4.984586668663181,12.0,-0.001686813931811915,0.0004984656455456221,0.0004984656456154316,0.0009969382699101896,0.00019151032254245,-0.0004984656455456447
2,0.0037627000000009982,9.968392719097798,7.10658361406935e-05,-12.0,-4.98408976008403,12.0,-0.00168678553521151,0.0004984160825919943,0.0004984160826630829,0.0009968392719097799,0.0001916304767855675,-0.0004984160825920171
2,0.003762900000000998,9.96738699745018,7.234470320316433e-05,-12.0,-4.983584980946839,12.0,-0.00168675668205065,0.0004983657325649814,0.000498365732637349,0.000996738699745018,0.0001917525355451602,-0.0004983657325650043
2,0.003763100000000998,9.966365535744714,7.362339160055242e-05,-12.0,-4.983072332048722,12.0,-0.001686727372045893,0.0004983145955440098,0.0004983145956176557,0.0009966365535744714,0.0001918764983003321,-0.0004983145955440323
2,0.003763300000000999,9.965328335591956,7.49018984924632e-05,-12.0,-4.98255181419922,12.0,-0.00168669760491047,0.0004982626716097489,0.0004982626716846731,0.0009965328335591957,0.000192002364522055,-0.0004982626716097712
2,0.003763500000000999,9.96427539862735,7.618022104516342e-05,-12.0,-4.982023428220304,12.0,-0.001686667380352391,0.0004982099608441125,0.0004982099609203153,0.000996427539862735,0.0001921301336732864,-0.0004982099608441349
2,0.0037637000000009992,9.9632067265112,7.745835643291343e-05,-12.0,-4.981487174946367,12.0,-0.001686636698075894,0.0004981564633302577,0.0004981564634077383,0.0009963206726511199,0.000192259805208983,-0.00049815646333028
2,0.003763900000000999,9.962122320928685,7.873630183619085e-05,-12.0,-4.980943055224226,12.0,-0.001686605557780774,0.0004981021791525839,0.0004981021792313425,0.0009962122320928686,0.0001923913785760803,-0.0004981021791526063
2,0.003764100000000999,9.961022183589863,8.001405444790777e-05,-12.0,-4.980391069913119,12.0,-0.001686573959162607,0.0004980471083967346,0.0004980471084767707,0.0009961022183589863,0.0001925248532134299,-0.0004980471083967567
2,0.003764300000000999,9.959906316229652,8.129161146808173e-05,-12.0,-4.979831219884709,12.0,-0.001686541901912531,0.0004979912511495955,0.0004979912512309092,0.0009959906316229653,0.0001926602285519524,-0.0004979912511496177
2,0.003764500000000999,9.95877472060784,8.256897010561204e-05,-12.0,-4.979263506023072,12.0,-0.001686509385717572,0.0004979346074992956,0.0004979346075818867,0.000995877472060784,0.0001927975040145122,-0.0004979346074993178
2,0.0037647000000009994,9.957627398509066,8.384612757517118e-05,-12.0,-4.978687929224709,12.0,-0.001686476410260429,0.0004978771775352063,0.0004978771776190746,0.0009957627398509067,0.0001929366790160147,-0.0004978771775352284
2,0.003764900000000999,9.956464351742852,8.512308110741884e-05,-12.0,-4.978104490398533,12.0,-0.001686442975219582,0.0004978189613479421,0.0004978189614330874,0.0009956464351742853,0.0001930777529633929,-0.0004978189613479641
2,0.003765100000001,9.955285582143551,8.639982793612333e-05,-12.0,-4.977513190465872,12.0,-0.001686409080269291,0.0004977599590293588,0.0004977599591157808,0.0009955285582143552,0.0001932207252555371,-0.0004977599590293808
2,0.003765300000001,9.95409109157038,8.76763653017143e-05,-12.0,-4.976914030360473,12.0,-0.001686374725079265,0.0004977001706725557,0.0004977001707602539,0.000995409109157038,0.0001933655952834276,-0.0004977001706725774
2,0.003765500000001,9.952880881907415,8.895269046238496e-05,-12.0,-4.976307011028488,12.0,-0.001686339909315437,0.0004976395963718733,0.0004976395964608478,0.0009952880881907416,0.000193512362430065,-0.000497639596371895
2,0.0037657000000010004,9.951654955063582,9.022880067854899e-05,-12.0,-4.975692133428485,12.0,-0.001686304632639191,0.0004975782362228947,0.0004975782363131452,0.0009951654955063583,0.0001936610260704699,-0.0004975782362229163
2,0.003765900000001,9.950413312972637,9.150469322216637e-05,-12.0,-4.975069398531439,12.0,-0.00168626889470791,0.0004975160903224445,0.0004975160904139708,0.0009950413312972638,0.0001938115855717182,-0.0004975160903224662
2,0.0037661000000009997,9.949155957593193,9.27803653723025e-05,-12.0,-4.974438807320734,12.0,-0.001686232695174317,0.0004974531587685891,0.0004974531588613911,0.0009949155957593193,0.0001939640402930168,-0.0004974531587686107
2,0.0037663000000010003,9.9478828909087,9.405581442134547e-05,-12.0,-4.97380036079216,12.0,-0.001686196033687692,0.0004973894416606369,0.000497389441754714,0.00099478828909087,0.0001941183895855167,-0.0004973894416606582
2,0.003766500000001,9.94659411492744,9.533103766701245e-05,-12.0,-4.973154059953909,12.0,-0.001686158909892432,0.0004973249390991363,0.0004973249391944886,0.000994659411492744,0.0001942746327925557,-0.0004973249390991576
2,0.003766700000001,9.94528963168254,9.6606032419011e-05,-12.0,-4.972499905826581,12.0,-0.001686121323428935,0.0004972596511858788,0.000497259651282506,0.000994528963168254,0.0001944327692494988,-0.0004972596511859
2,0.003766900000001001,9.94396944323195,9.78807959945982e-05,-12.0,-4.971837899443175,12.0,-0.001686083273933714,0.0004971935780238957,0.0004971935781217978,0.000994396944323195,0.0001945927982838214,-0.000497193578023917
2,0.0037671000000010007,9.942633551658451,9.915532572435382e-05,-12.0,-4.971168041849086,12.0,-0.001686044761038397,0.0004971267197174599,0.0004971267198166364,0.000994263355165845,0.0001947547192150817,-0.000497126719717481
2,0.0037673000000010013,9.941281959069642,0.000100429618941078,-12.0,-4.970490334102114,12.0,-0.001686005784371503,0.0004970590763720844,0.000497059076472535,0.0009941281959069642,0.0001949185313550039,-0.0004970590763721055
2,0.003767500000001001,9.939914667597954,0.0001017036729940024,-12.0,-4.969804777272449,12.0,-0.001685966343556444,0.0004969906480945234,0.000496990648196248,0.0009939914667597954,0.0001950842340073394,-0.0004969906480945444
2,0.003767700000001001,9.938531679400628,0.0001029774852394638,-12.0,-4.96911137244268,12.0,-0.00168592643821297,0.0004969214349927712,0.0004969214350957694,0.0009938531679400627,0.000195251826468068,-0.000496921434992792
2,0.003767900000001001,9.93713299665973,0.0001042510530431251,-12.0,-4.96841012070779,12.0,-0.001685886067956277,0.0004968514371760626,0.0004968514372803344,0.000993713299665973,0.0001954213080252176,-0.0004968514371760833
2,0.003768100000001001,9.935718621582133,0.0001055243737830835,-12.0,-4.967701023175148,12.0,-0.001685845232398342,0.0004967806547548723,0.0004967806548604175,0.0009935718621582133,0.0001955926779590167,-0.0004967806547548932
2,0.003768300000001001,9.934288556399505,0.0001067974448405451,-12.0,-4.966984080964517,12.0,-0.001685803931145702,0.0004967090878409152,0.0004967090879477333,0.0009934288556399506,0.0001957659355418528,-0.0004967090878409358
2,0.003768500000001001,9.932842803368338,0.0001080702636118147,-12.0,-4.966259295208049,12.0,-0.001685762163801563,0.0004966367365471456,0.0004966367366552363,0.000993284280336834,0.0001959410800382588,-0.0004966367365471661
2,0.003768700000001002,9.93138136476993,0.0001093428275069641,-12.0,-4.965526667050276,12.0,-0.001685719929965468,0.0004965636009877577,0.0004965636010971212,0.000993138136476993,0.0001961181107048848,-0.0004965636009877783
2,0.003768900000001002,9.929904242910343,0.0001106151339351769,-12.0,-4.964786197648118,12.0,-0.00168567722923163,0.0004964896812781849,0.0004964896813888205,0.0009929904242910344,0.0001962970267906511,-0.0004964896812782054
2,0.003769100000001002,9.928411440120477,0.0001118871803234001,-12.0,-4.964037888170882,12.0,-0.001685634061191266,0.0004964149775351002,0.0004964149776470077,0.000992841144012048,0.0001964778275366647,-0.0004964149775351206
2,0.003769300000001002,9.926902958755987,0.0001131589641061304,-12.0,-4.963281739800244,12.0,-0.001685590425431038,0.000496339489876415,0.0004963394899895941,0.0009926902958755988,0.0001966605121761916,-0.0004963394898764351
2,0.003769500000001002,9.925378801197333,0.0001144304827276343,-12.0,-4.96251775373027,12.0,-0.001685546321533393,0.0004962632184212797,0.0004962632185357302,0.0009925378801197333,0.0001968450799347266,-0.0004962632184212999
2,0.0037697000000010018,9.92383896984976,0.0001157017336415045,-12.0,-4.9617459311674,12.0,-0.001685501749077112,0.0004961861632900842,0.0004961861634058059,0.000992383896984976,0.0001970315300299508,-0.0004961861632901041
2,0.0037699000000010023,9.922283467143284,0.0001169727143146559,-12.0,-4.960966273330444,12.0,-0.001685456707636757,0.0004961083246044558,0.0004961083247214485,0.0009922283467143284,0.000197219861671788,-0.0004961083246044759
2,0.003770100000001002,9.9207122955327,0.0001182434222211093,-12.0,-4.960178781450585,12.0,-0.001685411196782671,0.0004960297024872608,0.0004960297026055239,0.00099207122955327,0.0001974100740625151,-0.0004960297024872807
2,0.003770300000001002,9.919125457497572,0.0001195138548419905,-12.0,-4.959383456771384,12.0,-0.001685365216081647,0.0004959502970626028,0.0004959502971821365,0.0009919125457497572,0.000197602166396485,-0.0004959502970626226
2,0.003770500000001003,9.91752295554224,0.0001207840096730806,-12.0,-4.95858030054877,12.0,-0.001685318765095589,0.0004958701084558248,0.0004958701085766284,0.0009917522955542241,0.0001977961378604592,-0.0004958701084558444
2,0.0037707000000010028,9.915904792195803,0.0001220538842217067,-12.0,-4.95776931405103,12.0,-0.001685271843383296,0.0004957891367935057,0.0004957891369155791,0.0009915904792195803,0.0001979919876333169,-0.0004957891367935252
2,0.0037709000000010033,9.91427097001212,0.0001233234759983048,-12.0,-4.956950498558827,12.0,-0.001685224450499345,0.0004957073822034631,0.0004957073823268061,0.0009914270970012122,0.0001981897148863876,-0.0004957073822034826
2,0.003771100000001003,9.912621491569814,0.0001245927825310744,-12.0,-4.956123855365183,12.0,-0.001685176585993653,0.000495624844814752,0.0004956248449393641,0.0009912621491569814,0.0001983893187831459,-0.0004956248448147715
2,0.003771300000001003,9.910956359472241,0.0001258618013508794,-12.0,-4.955289385775475,12.0,-0.001685128249412804,0.0004955415247576633,0.0004955415248835446,0.0009910956359472241,0.0001985907984795171,-0.0004955415247576827
2,0.003771500000001003,9.909275576347524,0.0001271305300045711,-12.0,-4.954447091107449,12.0,-0.001685079440299164,0.0004954574221637262,0.0004954574222908759,0.0009909275576347523,0.0001987941531235438,-0.0004954574221637454
2,0.003771700000001003,9.907579144848519,0.0001283989660447737,-12.0,-4.953596972691204,12.0,-0.00168503015819188,0.0004953725371657057,0.0004953725372941238,0.0009907579144848519,0.0001989993818557745,-0.000495372537165725
2,0.003771900000001003,9.905867067652839,0.0001296671070387667,-12.0,-4.95273903186919,12.0,-0.001684980402624769,0.0004952868698976039,0.00049528687002729,0.000990586706765284,0.0001992064838089863,-0.0004952868698976228
2,0.003772100000001004,9.904139347462799,0.0001309349505591584,-12.0,-4.951873269996211,12.0,-0.001684930173128651,0.0004952004204946582,0.000495200420625612,0.0009904139347462798,0.0001994154581083513,-0.0004952004204946771
2,0.003772300000001004,9.902395987005482,0.0001322024941905475,-12.0,-4.950999688439429,12.0,-0.001684879469230127,0.0004951131890933431,0.0004951131892255646,0.0009902395987005483,0.0001996263038713808,-0.0004951131890933621
2,0.003772500000001004,9.90063698903268,0.0001334697355304115,-12.0,-4.950118288578347,12.0,-0.001684828290452023,0.000495025175831369,0.0004950251759648576,0.0009900636989032682,0.0001998390202079259,-0.0004950251758313877
2,0.003772700000001004,9.898862356320896,0.0001347366721820009,-12.0,-4.949229071804809,12.0,-0.001684776636312835,0.0004949363808476804,0.0004949363809824357,0.0009898862356320895,0.0002000536062202463,-0.0004949363808476992
2,0.003772900000001004,9.897072091671374,0.0001360033017561157,-12.0,-4.948332039523019,12.0,-0.001684724506328061,0.0004948468042824591,0.0004948468044184809,0.0009897072091671374,0.0002002700610030245,-0.0004948468042824775
2,0.003773100000001004,9.895266197910065,0.0001372696218839842,-12.0,-4.94742719314951,12.0,-0.001684671900008317,0.0004947564462771209,0.0004947564464144091,0.0009895266197910066,0.0002004883836432408,-0.0004947564462771394
2,0.003773300000001004,9.893444677887608,0.0001385356301977225,-12.0,-4.946514534113151,12.0,-0.001684618816860661,0.0004946653069743164,0.0004946653071128705,0.000989344467788761,0.000200708573220354,-0.0004946653069743349
2,0.0037735000000010043,9.891607534479379,0.000139801324338773,-12.0,-4.945594063855167,12.0,-0.001684565256388604,0.0004945733865179323,0.000494573386657752,0.000989160753447938,0.0002009306288062312,-0.0004945733865179506
2,0.003773700000001004,9.88975477058544,0.00014106670196945,-12.0,-4.944665783829101,12.0,-0.001684511218091322,0.0004944806850530887,0.0004944806851941736,0.0009889754770585442,0.0002011545494652323,-0.0004944806850531071
2,0.003773900000001005,9.887886389130543,0.0001423317607489594,-12.0,-4.943729695500831,12.0,-0.001684456701464332,0.0004943872027261399,0.0004943872028684897,0.0009887886389130544,0.0002013803342540837,-0.000494387202726158
2,0.003774100000001005,9.886002393064132,0.0001435964983542704,-12.0,-4.942785800348569,12.0,-0.001684401705999594,0.0004942929396846743,0.0004942929398282889,0.0009886002393064133,0.0002016079822219907,-0.0004942929396846924
2,0.003774300000001005,9.884102785360346,0.0001448609124685696,-12.0,-4.94183409986286,12.0,-0.001684346231184963,0.0004941978960775151,0.0004941978962223939,0.0009884102785360346,0.0002018374924106087,-0.0004941978960775329
2,0.0037745000000010053,9.882187569017994,0.0001461250007892545,-12.0,-4.940874595546562,12.0,-0.001684290276503964,0.0004941020720547173,0.0004941020722008603,0.0009882187569017994,0.0002020688638541129,-0.0004941020720547352
2,0.003774700000001005,9.880256747060562,0.0001473887610177194,-12.0,-4.939907288914867,12.0,-0.001684233841437344,0.0004940054677675709,0.0004940054679149772,0.0009880256747060562,0.000202302095579171,-0.0004940054677675885
2,0.003774900000001005,9.878310322536231,0.0001486521908717897,-12.0,-4.938932181495285,12.0,-0.001684176925461855,0.0004939080833685982,0.000493908083517268,0.0009878310322536232,0.0002025371866049008,-0.0004939080833686158
2,0.0037751000000010053,9.876348298517806,0.000149915288073732,-12.0,-4.937949274827639,12.0,-0.001684119528049255,0.0004938099190115538,0.0004938099191614866,0.0009876348298517806,0.0002027741359430096,-0.0004938099190115713
2,0.003775300000001005,9.874370678102787,0.0001511780503582472,-12.0,-4.936958570464077,12.0,-0.001684061648669077,0.000493710974851426,0.0004937109750026215,0.0009874370678102787,0.0002030129425976829,-0.0004937109748514436
2,0.003775500000001005,9.872377464413324,0.0001524404754671416,-12.0,-4.935960069969058,12.0,-0.001684003286786306,0.0004936112510444353,0.0004936112511968929,0.0009872377464413325,0.0002032536055656398,-0.0004936112510444525
2,0.003775700000001006,9.870368660596219,0.0001537025611582088,-12.0,-4.934953774919347,12.0,-0.001683944441862484,0.0004935107477480333,0.0004935107479017531,0.000987036866059622,0.0002034961238362443,-0.0004935107477480505
2,0.003775900000001006,9.8683442698229,0.0001549643051936833,-12.0,-4.933939686904017,12.0,-0.001683885113354822,0.000493409465120904,0.0004934094652758853,0.00098683442698229,0.0002037404963912692,-0.0004934094651209212
2,0.0037761000000010063,9.866304295289469,0.0001562257053433491,-12.0,-4.932917807524462,12.0,-0.001683825300717534,0.0004933074033229636,0.0004933074034792063,0.000986630429528947,0.0002039867222051878,-0.0004933074033229806
2,0.003776300000001006,9.864248740216647,0.0001574867593956419,-12.0,-4.931888138394363,12.0,-0.001683765003401172,0.000493204562515359,0.0004932045626728626,0.0009864248740216648,0.0002042348002450345,-0.0004932045625153759
2,0.003776500000001006,9.862177607849782,0.0001587474651385534,-12.0,-4.930850681139708,12.0,-0.001683704220851401,0.0004931009428604678,0.0004931009430192323,0.0009862177607849782,0.0002044847294704055,-0.0004931009428604847
2,0.003776700000001006,9.860090901458852,0.0001600078203769506,-12.0,-4.929805437398782,12.0,-0.001683642952511444,0.0004929965445218992,0.0004929965446819238,0.0009860090901458853,0.000204736508833625,-0.0004929965445219158
2,0.003776900000001006,9.857988624338459,0.0001612678229183651,-12.0,-4.928752408822174,12.0,-0.00168358119782086,0.0004928913676644928,0.0004928913678257771,0.0009857988624338459,0.0002049901372794538,-0.0004928913676645092
2,0.003777100000001006,9.855870779807832,0.000162527470593421,-12.0,-4.927691597072752,12.0,-0.001683518956214325,0.000492785412454318,0.0004927854126168619,0.0009855870779807833,0.0002052456137454917,-0.0004927854124543345
2,0.003777300000001006,9.85373737121077,0.0001637867612211963,-12.0,-4.926623003825686,12.0,-0.001683456227124402,0.0004926786790586744,0.0004926786792224775,0.000985373737121077,0.0002055029371618444,-0.0004926786790586908
2,0.003777500000001007,9.85158840191573,0.0001650456926496346,-12.0,-4.925546630768435,12.0,-0.001683393009978773,0.0004925711676460921,0.000492571167811154,0.000985158840191573,0.0002057621064513876,-0.0004925711676461084
2,0.003777700000001007,9.84942387531573,0.0001663042627289002,-12.0,-4.92446247960073,12.0,-0.001683329304201897,0.0004924628783863296,0.0004924628785526502,0.0009849423875315732,0.0002060231205296553,-0.0004924628783863459
2,0.003777900000001007,9.847243794828392,0.0001675624693140421,-12.0,-4.9233705520346,12.0,-0.001683265109214793,0.0004923538114503753,0.000492353811617954,0.0009847243794828392,0.0002062859783048127,-0.0004923538114503914
2,0.003778100000001007,9.845048163895926,0.0001688203102743202,-12.0,-4.922270849794348,12.0,-0.001683200424435038,0.0004922439670104464,0.0004922439671792827,0.0009845048163895926,0.0002065506786778082,-0.0004922439670104622
2,0.003778300000001007,9.842836985985128,0.000170077783490985,-12.0,-4.921163374616549,12.0,-0.001683135249276213,0.000492133345239988,0.0004921333454100819,0.0009842836985985129,0.0002068172205422214,-0.000492133345240004
2,0.0037785000000010067,9.840610264587355,0.0001713348868448428,-12.0,-4.920048128250062,12.0,-0.0016830695831479,0.0004920219463136749,0.0004920219464850255,0.0009840610264587354,0.0002070856027845125,-0.0004920219463136906
2,0.0037787000000010073,9.838368003218566,0.0001725916182353515,-12.0,-4.918925112456014,12.0,-0.001683003425457463,0.0004919097704074094,0.0004919097705800166,0.0009838368003218566,0.0002073558242836893,-0.0004919097704074249
2,0.003778900000001007,9.836110205419264,0.0001738479755712952,-12.0,-4.917794329007795,12.0,-0.001682936775607602,0.000491796817698321,0.0004917968178721847,0.0009836110205419264,0.0002076278839116957,-0.0004917968176983367
2,0.003779100000001007,9.833836874754505,0.0001751039567610135,-12.0,-4.916655779691072,12.0,-0.001682869632997686,0.0004916830883647678,0.0004916830885398871,0.0009833836874754505,0.0002079017805331346,-0.0004916830883647833
2,0.003779300000001008,9.831548014813922,0.0001763595597337186,-12.0,-4.915509466303765,12.0,-0.001682801997023642,0.0004915685825863345,0.0004915685827627094,0.0009831548014813923,0.0002081775130054891,-0.0004915685825863499
2,0.0037795000000010077,9.829243629211671,0.000177614782415958,-12.0,-4.914355390656064,12.0,-0.001682733867077957,0.0004914533005438329,0.0004914533007214628,0.0009829243629211671,0.0002084550801789431,-0.0004914533005438479
2,0.0037797000000010083,9.826923721586471,0.0001788696227547071,-12.0,-4.913193554570406,12.0,-0.001682665242549564,0.0004913372424193009,0.0004913372425981859,0.0009826923721586473,0.0002087344808965885,-0.0004913372424193162
2,0.003779900000001008,9.824588295601554,0.0001801240786956093,-12.0,-4.912023959881493,12.0,-0.001682596122824065,0.000491220408396004,0.000491220408576143,0.0009824588295601555,0.0002090157139942594,-0.0004912204083960189
2,0.003780100000001008,9.822237354944717,0.0001813781482002952,-12.0,-4.910846608436277,12.0,-0.001682526507283066,0.0004911027986584328,0.0004911027988398259,0.0009822237354944717,0.0002092987783006983,-0.0004911027986584477
2,0.003780300000001008,9.819870903328253,0.0001826318292383888,-12.0,-4.90966150209395,12.0,-0.001682456395304954,0.000490984413392304,0.0004909844135749507,0.0009819870903328253,0.0002095836726374867,-0.0004909844133923189
2,0.003780500000001008,9.81748894448897,0.0001838851197821789,-12.0,-4.908468642725961,12.0,-0.001682385786265117,0.0004908652527845595,0.0004908652529684594,0.000981748894448897,0.0002098703958191006,-0.0004908652527845742
2,0.003780700000001008,9.815091482188219,0.0001851380178199413,-12.0,-4.907268032215999,12.0,-0.001682314679535057,0.0004907453170233674,0.00049074531720852,0.000981509148218822,0.0002101589466527859,-0.0004907453170233818
2,0.003780900000001008,9.812678520211827,0.0001863905213475014,-12.0,-4.906059672459987,12.0,-0.001682243074482836,0.0004906246062981189,0.000490624606484524,0.0009812678520211829,0.0002104493239388355,-0.0004906246062981335
2,0.003781100000001009,9.810250062370132,0.0001876426283620169,-12.0,-4.904843565366097,12.0,-0.001682170970472852,0.0004905031207994315,0.0004905031209870885,0.0009810250062370132,0.0002107415264704093,-0.0004905031207994458
2,0.003781300000001009,9.807806112497971,0.0001888943368815177,-12.0,-4.90361971285472,12.0,-0.001682098366867169,0.0004903808607191458,0.0004903808609080545,0.0009807806112497972,0.0002110355530334923,-0.0004903808607191602
2,0.003781500000001009,9.80534667445465,0.0001901456449195926,-12.0,-4.90238811685849,12.0,-0.00168202526302319,0.0004902578262503267,0.0004902578264404866,0.0009805346674454651,0.0002113314024071999,-0.000490257826250341
2,0.003781700000001009,9.802871752123984,0.0001913965505058179,-12.0,-4.901148779322268,12.0,-0.001681951658295655,0.0004901340175872633,0.000490134017778674,0.0009802871752123985,0.0002116290733634452,-0.0004901340175872774
2,0.003781900000001009,9.800381349414241,0.0001926470516786516,-12.0,-4.899901702203132,12.0,-0.001681877552035638,0.0004900094349254672,0.0004900094351181282,0.0009800381349414243,0.0002119285646671742,-0.0004900094349254812
2,0.003782100000001009,9.797875470258163,0.0001938971464805483,-12.0,-4.89864688747039,12.0,-0.001681802943591548,0.000489884078461673,0.0004898840786555841,0.0009797875470258163,0.0002122298750762974,-0.0004898840784616871
2,0.0037823000000010093,9.795354118612961,0.0001951468329637329,-12.0,-4.897384337105567,12.0,-0.001681727832307467,0.0004897579483938393,0.0004897579485889999,0.000979535411861296,0.0002125330033417305,-0.0004897579483938531
2,0.003782500000001009,9.79281729846029,0.0001963961091910882,-12.0,-4.896114053102398,12.0,-0.001681652217524809,0.0004896310449211452,0.000489631045117555,0.0009792817298460291,0.0002128379482074366,-0.0004896310449211588
2,0.00378270000000101,9.790265013806264,0.0001976449732294938,-12.0,-4.894836037466837,12.0,-0.001681576098581439,0.0004895033682439932,0.0004895033684416518,0.0009790265013806265,0.0002131447084103705,-0.0004895033682440068
2,0.00378290000000101,9.787697268681436,0.0001988934231560435,-12.0,-4.89355029221705,12.0,-0.001681499474811665,0.0004893749185640072,0.000489374918762914,0.0009787697268681436,0.0002134532826805757,-0.0004893749185640206
2,0.00378310000000101,9.785114067140798,0.0002001414570593774,-12.0,-4.892256819383396,12.0,-0.001681422345547579,0.000489245696084032,0.000489245696284187,0.0009785114067140798,0.0002137636697410322,-0.0004892456960840456
2,0.0037833000000010103,9.782515413263761,0.0002013890730254708,-12.0,-4.890955621008452,12.0,-0.001681344710116495,0.0004891157010081345,0.0004891157012095369,0.0009782515413263762,0.0002140758683080446,-0.0004891157010081477
2,0.00378350000000101,9.779901311154171,0.0002026362691611716,-12.0,-4.88964669914698,12.0,-0.001681266567843842,0.000488984933541601,0.0004889849337442505,0.0009779901311154171,0.0002143898770906733,-0.0004889849335416142
2,0.00378370000000101,9.77727176494029,0.0002038830435715511,-12.0,-4.888330055865956,12.0,-0.001681187918051052,0.0004888533938909398,0.0004888533940948359,0.000977727176494029,0.0002147056947913867,-0.0004888533938909528
2,0.0037839000000010102,9.774626778774772,0.0002051293943750032,-12.0,-4.88700569324453,12.0,-0.001681108760056227,0.0004887210822638776,0.0004887210824690199,0.0009774626778774774,0.0002150233201055479,-0.0004887210822638906
2,0.00378410000000101,9.771966356834692,0.0002063753196908102,-12.0,-4.885673613374057,12.0,-0.001681029093175246,0.000488587998869362,0.0004885879990757502,0.0009771966356834692,0.000215342751721817,-0.0004885879988693749
2,0.00378430000000101,9.76929050332153,0.0002076208176546857,-12.0,-4.884333818358074,12.0,-0.001680948916719327,0.0004884541439175601,0.0004884541441251938,0.000976929050332153,0.0002156639883218875,-0.000488454143917573
2,0.003784500000001011,9.766599222461123,0.0002088658864036752,-12.0,-4.882986310312296,12.0,-0.001680868229997801,0.0004883195176198573,0.000488319517828736,0.0009766599222461123,0.0002159870285807358,-0.0004883195176198699
2,0.003784700000001011,9.763892518503704,0.0002101105240828183,-12.0,-4.881631091364623,12.0,-0.001680787032316444,0.0004881841201888581,0.0004881841203989811,0.0009763892518503705,0.0002163118711663581,-0.0004881841201888706
2,0.0037849000000010112,9.761170395723903,0.0002113547288451478,-12.0,-4.880268163655136,12.0,-0.00168070532297715,0.0004880479518383856,0.0004880479520497529,0.0009761170395723904,0.0002166385147401167,-0.0004880479518383981
2,0.003785100000001011,9.75843285842069,0.0002125984988561314,-12.0,-4.878897529336076,12.0,-0.00168062310127981,0.0004879110127834808,0.0004879110129960918,0.0009758432858420691,0.0002169669579564631,-0.0004879110127834932
2,0.003785300000001011,9.755679910917399,0.0002138418322776836,-12.0,-4.877519190571864,12.0,-0.001680540366520322,0.000487773303240402,0.0004877733034542561,0.0009755679910917399,0.0002172971994631179,-0.0004877733032404143
2,0.003785500000001011,9.752911557561738,0.0002150847272863743,-12.0,-4.876133149539092,12.0,-0.001680457117992362,0.0004876348234266256,0.0004876348236417226,0.0009752911557561739,0.0002176292379010569,-0.0004876348234266378
2,0.003785700000001011,9.750127802725743,0.000216327182068099,-12.0,-4.874739408426498,12.0,-0.001680373354985609,0.0004874955735608446,0.0004874955737771838,0.0009750127802725743,0.0002179630719045533,-0.0004874955735608566
2,0.003785900000001011,9.747328650805793,0.000217569194807421,-12.0,-4.873337969434993,12.0,-0.001680289076786967,0.0004873555538629681,0.0004873555540805493,0.0009747328650805793,0.0002182987001010384,-0.00048735555386298
2,0.003786100000001011,9.744514106222608,0.0002188107637004499,-12.0,-4.871928834777647,12.0,-0.001680204282680564,0.0004872147645541229,0.0004872147647729454,0.0009744514106222609,0.0002186361211113097,-0.0004872147645541347
2,0.003786300000001012,9.741684173421234,0.0002200518869526213,-12.0,-4.870512006679669,12.0,-0.001680118971947198,0.0004870732058566504,0.0004870732060767141,0.0009741684173421234,0.0002189753335495176,-0.0004870732058566622
2,0.003786500000001012,9.738838856871013,0.000221292562775588,-12.0,-4.869087487378417,12.0,-0.001680033143864779,0.0004869308779941076,0.0004869308782154119,0.0009738838856871013,0.0002193163360229983,-0.0004869308779941193
2,0.003786700000001012,9.735978161065624,0.0002225327893774498,-12.0,-4.867655279123419,12.0,-0.001679946797708332,0.0004867877811912681,0.0004867877814138123,0.0009735978161065625,0.0002196591271325377,-0.0004867877811912797
2,0.003786900000001012,9.733102090523051,0.0002237725649889555,-12.0,-4.866215384176317,12.0,-0.001679859932749328,0.0004866439156741192,0.0004866439158979031,0.0009733102090523051,0.0002200037054722742,-0.0004866439156741306
2,0.003787100000001012,9.73021064978555,0.0002250118878386331,-12.0,-4.864767804810898,12.0,-0.001679772548256908,0.0004864992816698623,0.0004864992818948856,0.000973021064978555,0.0002203500696296157,-0.0004864992816698737
2,0.0037873000000010117,9.727303843419673,0.0002262507561572313,-12.0,-4.863312543313093,12.0,-0.001679684643496659,0.0004863538794069139,0.0004863538796331758,0.0009727303843419673,0.0002206982181854888,-0.000486353879406925
2,0.0037875000000010123,9.724381676016286,0.0002274891681923741,-12.0,-4.861849601980962,12.0,-0.001679596217731394,0.0004862077091149043,0.0004862077093424047,0.0009724381676016286,0.0002210481497141453,-0.0004862077091149156
2,0.003787700000001012,9.721444152190482,0.0002287271221943499,-12.0,-4.860378983124679,12.0,-0.001679507270221925,0.0004860607710246763,0.0004860607712534144,0.0009721444152190483,0.0002213998627832586,-0.0004860607710246874
2,0.003787900000001012,9.718491276581643,0.0002299646164112268,-12.0,-4.85890068906656,12.0,-0.001679417800224403,0.0004859130653682862,0.0004859130655982617,0.0009718491276581643,0.0002217533559539242,-0.0004859130653682971
2,0.003788100000001013,9.71552305385343,0.0002312016491097246,-12.0,-4.857414722141033,12.0,-0.001679327806993092,0.0004857645923790035,0.000485764592610216,0.000971552305385343,0.0002221086277807843,-0.0004857645923790143
2,0.0037883000000010127,9.712539488693713,0.0002324382185583396,-12.0,-4.855921084694637,12.0,-0.001679237289779811,0.0004856153522913087,0.0004856153525237577,0.0009712539488693714,0.0002224656768117922,-0.0004856153522913195
2,0.0037885000000010133,9.709540585814626,0.0002336743230260119,-12.0,-4.854419779086031,12.0,-0.001679146247832719,0.000485465345340895,0.00048546534557458,0.0009709540585814626,0.0002228245015884894,-0.0004854653453409057
2,0.003788700000001013,9.706526349952561,0.0002349099607941163,-12.0,-4.85291080768599,12.0,-0.001679054680396641,0.0004853145717646678,0.0004853145719995884,0.0009706526349952562,0.0002231851006459507,-0.0004853145717646784
2,0.003788900000001013,9.703496785868106,0.0002361451301493567,-12.0,-4.851394172877377,12.0,-0.00167896258671496,0.0004851630318007423,0.0004851630320368979,0.0009703496785868107,0.0002235474725126169,-0.0004851630318007527
2,0.003789100000001013,9.700451898346065,0.0002373798293828777,-12.0,-4.849869877055159,12.0,-0.001678869966027285,0.0004850107256884439,0.0004850107259258342,0.0009700451898346066,0.0002239116157106563,-0.0004850107256884542
2,0.003789300000001013,9.697391692195493,0.0002386140567884887,-12.0,-4.848337922626424,12.0,-0.00167877681757056,0.0004848576536683109,0.0004848576539069353,0.0009697391692195493,0.0002242775287556037,-0.0004848576536683213
2,0.003789500000001013,9.694316172249632,0.0002398478106719892,-12.0,-4.84679831201033,12.0,-0.001678683140578952,0.0004847038159820901,0.000484703816221948,0.0009694316172249633,0.0002246452101566793,-0.0004847038159821003
2,0.003789700000001013,9.691225343365897,0.0002410810893445081,-12.0,-4.845251047638121,12.0,-0.001678588934283964,0.0004845492128727366,0.0004845492131138277,0.0009691225343365897,0.000225014658416664,-0.0004845492128727466
2,0.003789900000001014,9.688119210425926,0.0002423138911109568,-12.0,-4.843696131953157,12.0,-0.001678494197914326,0.0004843938445844169,0.0004843938448267408,0.0009688119210425926,0.0002253858720319135,-0.0004843938445844268
2,0.003790100000001014,9.684997778335537,0.0002435462143002276,-12.0,-4.842133567410855,12.0,-0.001678398930695768,0.0004842377113625057,0.0004842377116060619,0.0009684997778335538,0.0002257588494923995,-0.0004842377113625155
2,0.003790300000001014,9.681861052024686,0.0002447780572336633,-12.0,-4.840563356478712,12.0,-0.001678303131851466,0.0004840808134535848,0.0004840808136983727,0.0009681861052024687,0.0002261335892817656,-0.0004840808134535946
2,0.003790500000001014,9.678709036447527,0.0002460094182401562,-12.0,-4.838985501636309,12.0,-0.001678206800601711,0.0004839231511054452,0.0004839231513514644,0.0009678709036447528,0.0002265100898772715,-0.0004839231511054549
2,0.003790700000001014,9.675541736582367,0.0002472402956548159,-12.0,-4.837400005375299,12.0,-0.001678109936164573,0.0004837647245670858,0.0004837647248143356,0.0009675541736582368,0.0002268883497498625,-0.0004837647245670955
2,0.0037909000000010138,9.672359157431655,0.0002484706878211895,-12.0,-4.835806870199389,12.0,-0.001678012537754348,0.0004836055340887115,0.0004836055343371918,0.0009672359157431656,0.0002272683673641418,-0.000483605534088721
2,0.0037911000000010143,9.669161304021978,0.0002497005930819363,-12.0,-4.83420609862436,12.0,-0.001677914604583886,0.0004834455799217348,0.0004834455801714448,0.0009669161304021979,0.0002276501411784398,-0.0004834455799217443
2,0.003791300000001014,9.665948181404078,0.000250930009789041,-12.0,-4.832597693178056,12.0,-0.001677816135863264,0.0004832848623187751,0.0004832848625697144,0.0009665948181404078,0.0002280336696447866,-0.0004832848623187845
2,0.003791500000001015,9.662719794652794,0.0002521589362998178,-12.0,-4.830981656400358,12.0,-0.001677717130798673,0.0004831233815336566,0.0004831233817858247,0.0009662719794652795,0.0002284189512089668,-0.0004831233815336658
2,0.003791700000001015,9.65947614886709,0.0002533873709742451,-12.0,-4.829357990843211,12.0,-0.00167761758859486,0.0004829611378214094,0.0004829611380748059,0.0009659476148867091,0.0002288059843105067,-0.0004829611378214185
2,0.0037919000000010148,9.656217249170055,0.000254615312174078,-12.0,-4.827726699070612,12.0,-0.001677517508453574,0.0004827981314382697,0.0004827981316928941,0.0009656217249170056,0.0002291947673827011,-0.0004827981314382786
2,0.0037921000000010153,9.652943100708857,0.0002558427582779466,-12.0,-4.826087783658584,12.0,-0.001677416889574235,0.0004826343626416772,0.0004826343628975289,0.0009652943100708857,0.0002295852988526831,-0.0004826343626416863
2,0.003792300000001015,9.649653708654753,0.0002570697076520467,-12.0,-4.824441247195202,12.0,-0.001677315731152818,0.0004824698316902766,0.000482469831947355,0.0009649653708654754,0.0002299775771412854,-0.0004824698316902854
2,0.003792500000001015,9.646349078203121,0.0002582961586807819,-12.0,-4.822787092280577,12.0,-0.001677214032384411,0.0004823045388439169,0.0004823045391022221,0.0009646349078203121,0.0002303716006631651,-0.0004823045388439258
2,0.0037927000000010152,9.643029214573364,0.0002595221097476674,-12.0,-4.821125321526839,12.0,-0.001677111792459329,0.0004821384843636501,0.0004821384846231808,0.0009643029214573364,0.0002307673678269978,-0.0004821384843636587
2,0.003792900000001015,9.639694123008976,0.0002607475592419917,-12.0,-4.819455937558149,12.0,-0.001677009010567221,0.0004819716685117306,0.0004819716687724867,0.0009639694123008976,0.0002311648770351449,-0.0004819716685117391
2,0.003793100000001015,9.636343808777506,0.0002619725055557076,-12.0,-4.817778943010694,12.0,-0.001676905685894292,0.0004818040915516165,0.0004818040918135975,0.0009636343808777506,0.0002315641266838614,-0.000481804091551625
2,0.003793300000001016,9.632978277170567,0.0002631969470856532,-12.0,-4.816094340532684,12.0,-0.001676801817624751,0.0004816357537479686,0.000481635754011174,0.0009632978277170568,0.0002319651151633101,-0.000481635753747977
2,0.003793500000001016,9.629597533503787,0.0002644208822384364,-12.0,-4.814402132784327,12.0,-0.001676697404939254,0.0004814666553666481,0.0004814666556310774,0.0009629597533503788,0.0002323678408576446,-0.0004814666553666566
2,0.0037937000000010162,9.626201583116833,0.0002656443094135597,-12.0,-4.812702322437853,12.0,-0.001676592447017788,0.0004812967966747185,0.000481296796940371,0.0009626201583116834,0.0002327723021447736,-0.0004812967966747267
2,0.003793900000001016,9.622790431373419,0.0002668672270242922,-12.0,-4.810994912177501,12.0,-0.001676486943035904,0.0004811261779404442,0.0004811261782073197,0.0009622790431373419,0.0002331784973967077,-0.0004811261779404525
2,0.003794100000001016,9.619364083661239,0.000268089633487012,-12.0,-4.809279904699492,12.0,-0.001676380892168816,0.0004809547994332898,0.0004809547997013876,0.0009619364083661239,0.0002335864249792957,-0.0004809547994332979
2,0.003794300000001016,9.615922545392015,0.0002693115272167645,-12.0,-4.807557302712067,12.0,-0.001676274293587299,0.0004807826614239204,0.0004807826616932399,0.0009615922545392016,0.0002339960832525301,-0.0004807826614239284
2,0.003794500000001016,9.612465822001466,0.000270532906635701,-12.0,-4.805827108935451,12.0,-0.001676167146460461,0.0004806097641842008,0.0004806097644547416,0.0009612465822001466,0.0002344074705702415,-0.0004806097641842086
2,0.0037947000000010164,9.608993918949286,0.0002717537701717454,-12.0,-4.804089326101847,12.0,-0.001676059449955969,0.0004804361079871943,0.0004804361082589558,0.0009608993918949287,0.0002348205852803209,-0.0004804361079872019
2,0.003794900000001016,9.605506841719162,0.0002729741162550425,-12.0,-4.802343956955457,12.0,-0.001675951203237935,0.0004802616931071635,0.0004802616933801453,0.0009605506841719163,0.0002352354257246919,-0.0004802616931071712
2,0.003795100000001017,9.602004595818755,0.0002741939433184015,-12.0,-4.80059100425246,12.0,-0.001675842405468253,0.0004800865198195703,0.0004800865200937718,0.0009602004595818755,0.0002356519902393939,-0.0004800865198195779
2,0.003795300000001017,9.598487186779664,0.0002754132497995165,-12.0,-4.798830470761001,12.0,-0.001675733055807038,0.0004799105884010726,0.0004799105886764933,0.0009598487186779664,0.0002360702771544154,-0.00047991058840108
2,0.003795500000001017,9.594954620157479,0.0002766320341400785,-12.0,-4.797062359261208,12.0,-0.001675623153411632,0.0004797338991295274,0.0004797338994061669,0.0009594954620157479,0.0002364902847939443,-0.0004797338991295348
2,0.0037957000000010174,9.591406901531691,0.000277850294784443,-12.0,-4.795286672545165,12.0,-0.001675512697437376,0.0004795564522839877,0.0004795564525618454,0.0009591406901531691,0.000236912011476173,-0.000479556452283995
2,0.003795900000001017,9.58784403650575,0.0002790680301787418,-12.0,-4.793503413416927,12.0,-0.001675401687036948,0.0004793782481447033,0.0004793782484237786,0.0009587844036505751,0.0002373354555134932,-0.0004793782481447106
2,0.0037961000000010167,9.58426603070705,0.0002802852387762123,-12.0,-4.791712584692508,12.0,-0.001675290121361028,0.0004791992869931214,0.0004791992872734137,0.0009584266030707051,0.0002377606152124262,-0.0004791992869931285
2,0.0037963000000010173,9.580672889786866,0.0002815019190349766,-12.0,-4.789914189199861,12.0,-0.001675177999558186,0.0004790195691118825,0.0004790195693933916,0.0009580672889786866,0.0002381874888735536,-0.0004790195691118896
2,0.003796500000001017,9.577064619420398,0.0002827180694064957,-12.0,-4.788108229778908,12.0,-0.001675065320774216,0.0004788390947848245,0.0004788390950675495,0.0009577064619420399,0.0002386160747917948,-0.0004788390947848315
2,0.003796700000001017,9.573441225306743,0.0002839336883586618,-12.0,-4.786294709281497,12.0,-0.001674952084153358,0.0004786578642969787,0.0004786578645809192,0.0009573441225306744,0.000239046371256102,-0.0004786578642969856
2,0.003796900000001018,9.569802713168889,0.0002851487743527059,-12.0,-4.784473630571427,12.0,-0.001674838288836966,0.0004784758779345711,0.0004784758782197268,0.000956980271316889,0.0002394783765497926,-0.000478475877934578
2,0.0037971000000010177,9.566149088753708,0.000286363325855632,-12.0,-4.782644996524438,12.0,-0.001674723933964617,0.0004782931359850225,0.0004782931362713926,0.0009566149088753709,0.0002399120889502587,-0.0004782931359850294
2,0.0037973000000010183,9.562480357831927,0.0002875773413406613,-12.0,-4.780808810028178,12.0,-0.001674609018674111,0.0004781096387369454,0.0004781096390245293,0.0009562480357831927,0.0002403475067292299,-0.0004781096387369519
2,0.003797500000001018,9.558796526198163,0.0002887908192810151,-12.0,-4.778965073982252,12.0,-0.001674493542099698,0.0004779253864801465,0.0004779253867689441,0.0009558796526198163,0.0002407846281527598,-0.0004779253864801532
2,0.003797700000001018,9.555097599670857,0.0002900037581561321,-12.0,-4.777113791298156,12.0,-0.001674377503375291,0.0004777403795056246,0.000477740379795635,0.0009555097599670858,0.0002412234514810041,-0.0004777403795056312
2,0.003797900000001018,9.551383584092289,0.0002912161564387894,-12.0,-4.775254964899324,12.0,-0.001674260901631475,0.0004775546181055699,0.0004775546183967925,0.000955138358409229,0.0002416639749685673,-0.0004775546181055763
2,0.003798100000001018,9.547654485328618,0.0002924280126164192,-12.0,-4.773388597721104,12.0,-0.001674143735996947,0.0004773681025733657,0.0004773681028658001,0.0009547654485328618,0.0002421061968643917,-0.0004773681025733721
2,0.003798300000001018,9.543910309269782,0.0002936393251760094,-12.0,-4.771514692710733,12.0,-0.001674026005598628,0.0004771808332035845,0.0004771808334972303,0.0009543910309269782,0.0002425501154115911,-0.0004771808332035909
2,0.003798500000001018,9.540151061829542,0.0002948500926023279,-12.0,-4.769633252827367,12.0,-0.001673907709560996,0.0004769928102919908,0.000476992810586847,0.0009540151061829543,0.0002429957288478668,-0.000476992810291997
2,0.003798700000001019,9.536376748945488,0.0002960603133854711,-12.0,-4.767744281042062,12.0,-0.001673788847006641,0.0004768040341355386,0.0004768040344316051,0.0009536376748945488,0.0002434430354051054,-0.0004768040341355448
2,0.003798900000001019,9.532587376578977,0.0002972699860239736,-12.0,-4.765847780337753,12.0,-0.001673669417056267,0.0004766145050323716,0.0004766145053296477,0.0009532587376578978,0.0002438920333096423,-0.0004766145050323777
2,0.003799100000001019,9.528782950715154,0.0002984791090057115,-12.0,-4.763943753709277,12.0,-0.00167354941882869,0.0004764242232818223,0.0004764242235803075,0.0009528782950715155,0.0002443427207822479,-0.0004764242232818283
2,0.003799300000001019,9.52496347736298,0.0002996876808358806,-12.0,-4.76203220416336,12.0,-0.001673428851439618,0.0004762331891844137,0.0004762331894841072,0.0009524963477362981,0.0002447950960381418,-0.0004762331891844195
2,0.003799500000001019,9.521128962555126,0.0003008957000147916,-12.0,-4.760113134718585,12.0,-0.001673307714004202,0.0004760414030418541,0.0004760414033427556,0.0009521128962555127,0.0002452491572869503,-0.0004760414030418601
2,0.0037997000000010188,9.517279412348058,0.0003021031650387584,-12.0,-4.75818654840544,12.0,-0.00167318600563493,0.000475848865157042,0.000475848865459151,0.0009517279412348059,0.0002457049027327352,-0.0004758488651570479
2,0.0037999000000010193,9.513414832821974,0.0003033100744227468,-12.0,-4.756252448266252,12.0,-0.001673063725442736,0.0004756555758340619,0.0004756555761373776,0.0009513414832821974,0.0002461623305741595,-0.0004756555758340676
2,0.003800100000001019,9.509535230080811,0.0003045164266657352,-12.0,-4.754310837355243,12.0,-0.001672940872535666,0.0004754615353781854,0.0004754615356827072,0.0009509535230080811,0.000246621439004252,-0.0004754615353781909
2,0.003800300000001019,9.505640610252248,0.0003057222202866861,-12.0,-4.752361718738472,12.0,-0.00167281744602088,0.0004752667440958703,0.0004752667444015982,0.0009505640610252249,0.0002470822262106848,-0.0004752667440958759
2,0.00380050000000102,9.501730979487649,0.0003069274537899069,-12.0,-4.750405095493865,12.0,-0.001672693445002871,0.0004750712022947601,0.0004750712026016929,0.0009501730979487649,0.0002475446903755646,-0.0004750712022947655
2,0.0038007000000010198,9.497806343962127,0.0003081321256912517,-12.0,-4.748440970711205,12.0,-0.001672568868585134,0.0004748749102836843,0.0004748749105918219,0.0009497806343962128,0.0002480088296756139,-0.0004748749102836896
2,0.0038009000000010203,9.493866709874462,0.0003093362345114592,-12.0,-4.746469347492102,12.0,-0.001672443715868832,0.000474677868372656,0.0004746778686819975,0.0009493866709874462,0.0002484746422821427,-0.0004746778683726614
2,0.00380110000000102,9.48991208344714,0.000310539778765051,-12.0,-4.744490228950023,12.0,-0.001672317985952465,0.0004744800768728736,0.0004744800771834188,0.0009489912083447139,0.0002489421263610486,-0.0004744800768728789
2,0.00380130000000102,9.485942470926316,0.0003117427569709896,-12.0,-4.742503618210273,12.0,-0.001672191677934198,0.0004742815360967193,0.0004742815364084673,0.0009485942470926317,0.0002494112800728171,-0.0004742815360967244
2,0.00380150000000102,9.481957878581817,0.0003129451676566752,-12.0,-4.74050951840997,12.0,-0.001672064790909311,0.0004740822463577576,0.000474082246670708,0.0009481957878581817,0.0002498821015725627,-0.0004740822463577628
2,0.00380170000000102,9.477958312707116,0.0003141470093410703,-12.0,-4.738507932698075,12.0,-0.001671937323971528,0.0004738822079707367,0.0004738822082848888,0.0009477958312707116,0.0002503545890101405,-0.0004738822079707417
2,0.00380190000000102,9.473943779619361,0.000315348280551575,-12.0,-4.73649886423537,12.0,-0.001671809276213354,0.0004736814212515874,0.0004736814215669405,0.0009473943779619362,0.0002508287405299514,-0.0004736814212515923
2,0.003802100000001021,9.469914285659321,0.000316548979817366,-12.0,-4.734482316194445,12.0,-0.001671680646724294,0.0004734798865174213,0.0004734798868339752,0.0009469914285659322,0.0002513045542711229,-0.0004734798865174263
2,0.003802300000001021,9.465869837191372,0.00031774910566984,-12.0,-4.73245829175969,12.0,-0.001671551434593743,0.0004732776040865312,0.0004732776044042851,0.0009465869837191372,0.0002517820283675781,-0.000473277604086536
2,0.003802500000001021,9.461810440603546,0.0003189486566301802,-12.0,-4.730426794127341,12.0,-0.00167142163890821,0.0004730745742783924,0.0004730745745973458,0.0009461810440603547,0.0002522611609478281,-0.0004730745742783972
2,0.003802700000001021,9.457736102307477,0.0003201476312431062,-12.0,-4.728387826505398,12.0,-0.001671291258751872,0.0004728707974136595,0.0004728707977338118,0.0009457736102307478,0.0002527419501352907,-0.0004728707974136642
2,0.003802900000001021,9.45364682873835,0.0003213460280377944,-12.0,-4.726341392113658,12.0,-0.001671160293209462,0.000472666273814165,0.0004726662741355156,0.000945364682873835,0.0002532243940479434,-0.0004726662738141696
2,0.003803100000001021,9.449542626354994,0.0003225438455443097,-12.0,-4.724287494183742,12.0,-0.001671028741361602,0.0004724610038029242,0.0004724610041254725,0.0009449542626354994,0.0002537084907987541,-0.0004724610038029287
2,0.003803300000001021,9.445423501639803,0.0003237410823100362,-12.0,-4.722226135959025,12.0,-0.001670896602289029,0.0004722549877041291,0.0004722549880278747,0.0009445423501639804,0.0002541942384953061,-0.0004722549877041336
2,0.0038035000000010213,9.441289461098695,0.0003249377368685913,-12.0,-4.720157320694668,12.0,-0.001670763875069925,0.0004720482258431493,0.0004720482261680913,0.0009441289461098695,0.0002546816352401726,-0.0004720482258431537
2,0.003803700000001021,9.437140511261191,0.0003261338077606979,-12.0,-4.718081051657616,12.0,-0.001670630558780584,0.0004718407185465333,0.0004718407188726715,0.0009437140511261192,0.0002551706791306813,-0.0004718407185465377
2,0.003803900000001022,9.432976658680339,0.0003273292935257466,-12.0,-4.715997332126588,12.0,-0.001670496652496856,0.000471632466142007,0.0004716324664693406,0.000943297665868034,0.0002556613682589692,-0.0004716324661420114
2,0.003804100000001022,9.428797909932719,0.0003285241927102334,-12.0,-4.713906165392051,12.0,-0.001670362155291927,0.0004714234689584719,0.0004714234692870004,0.000942879790993272,0.0002561537007121362,-0.0004714234689584761
2,0.003804300000001022,9.424604271618435,0.0003297185038566575,-12.0,-4.711807554756247,12.0,-0.001670227066237873,0.0004712137273260063,0.000471213727655729,0.0009424604271618435,0.0002566476745721191,-0.0004712137273260105
2,0.0038045000000010223,9.42039575036112,0.0003309122255079622,-12.0,-4.709701503533176,12.0,-0.001670091384404881,0.0004710032415758643,0.0004710032419067806,0.000942039575036112,0.0002571432879158453,-0.0004710032415758685
2,0.003804700000001022,9.41617235280789,0.0003321053562150844,-12.0,-4.707588015048568,12.0,-0.001669955108862142,0.0004707920120404743,0.0004707920123725837,0.0009416172352807889,0.0002576405388150654,-0.0004707920120404783
2,0.003804900000001022,9.411934085629355,0.0003332978945222997,-12.0,-4.705467092639916,12.0,-0.001669818238676735,0.0004705800390534399,0.0004705800393867416,0.0009411934085629355,0.000258139425336576,-0.0004705800390534439
2,0.0038051000000010222,9.407680955519634,0.0003344898389792128,-12.0,-4.70333873965645,12.0,-0.00166968077291485,0.000470367322949539,0.0004703673232840328,0.0009407680955519635,0.0002586399455420385,-0.0004703673229495429
2,0.003805300000001022,9.403412969196276,0.0003356811881372046,-12.0,-4.70120295945912,12.0,-0.001669542710640126,0.0004701538640647221,0.000470153864400407,0.0009403412969196277,0.000259142097488313,-0.0004701538640647258
2,0.003805500000001022,9.399130133400313,0.0003368719405441034,-12.0,-4.69905975542062,12.0,-0.001669404050916534,0.0004699396627361127,0.0004699396630729884,0.0009399130133400313,0.0002596458792269302,-0.0004699396627361164
2,0.003805700000001023,9.394832454896235,0.0003380620947530666,-12.0,-4.696909130925368,12.0,-0.001669264792804714,0.0004697247193020084,0.0004697247196400741,0.0009394832454896236,0.0002601512888047858,-0.0004697247193020122
2,0.003805900000001023,9.390519940471965,0.0003392516493190278,-12.0,-4.694751089369487,12.0,-0.001669124935364641,0.000469509034101877,0.0004695090344411323,0.0009390519940471965,0.0002606583242636268,-0.0004695090341018807
2,0.0038061000000010232,9.386192596938812,0.0003404406027955886,-12.0,-4.692585634160808,12.0,-0.001668984477655067,0.0004692926074763568,0.0004692926078168009,0.0009386192596938813,0.0002611669836403568,-0.0004692926074763603
2,0.003806300000001023,9.381850431131573,0.0003416289537301331,-12.0,-4.690412768718902,12.0,-0.001668843418733079,0.0004690754397672597,0.0004690754401088922,0.0009381850431131574,0.0002616772649668281,-0.0004690754397672633
2,0.003806500000001023,9.377493449908423,0.0003428167006882532,-12.0,-4.688232496475012,12.0,-0.001668701757654656,0.0004688575313175666,0.0004688575316603867,0.0009377493449908423,0.0002621891662701603,-0.00046885753131757
2,0.003806700000001023,9.373121660150884,0.0003440038422231062,-12.0,-4.68604482087207,12.0,-0.001668559493473665,0.0004686388824714259,0.0004686388828154331,0.0009373121660150884,0.0002627026855725467,-0.0004686388824714293
2,0.003806900000001023,9.36873506876394,0.0003451903768838527,-12.0,-4.68384974536474,12.0,-0.001668416625243974,0.0004684194935741592,0.0004684194939193528,0.000936873506876394,0.0002632178208911984,-0.0004684194935741625
2,0.003807100000001023,9.364333682675914,0.0003463763032400813,-12.0,-4.681647273419333,12.0,-0.001668273152016675,0.0004681993649722541,0.0004681993653186338,0.0009364333682675915,0.0002637345702386912,-0.0004681993649722573
2,0.003807300000001023,9.359917508838466,0.0003475616198453935,-12.0,-4.679437408513849,12.0,-0.001668129072842195,0.0004679784970133662,0.0004679784973609311,0.0009359917508838466,0.000264252931622605,-0.0004679784970133694
2,0.003807500000001024,9.355486554226635,0.0003487463252564993,-12.0,-4.677220154137969,12.0,-0.001667984386769628,0.0004677568900463195,0.000467756890395069,0.0009355486554226635,0.000264772903045829,-0.0004677568900463226
2,0.003807700000001024,9.351040825838814,0.0003499304180354379,-12.0,-4.674995513793049,12.0,-0.001667839092847179,0.0004675345444211053,0.0004675345447710389,0.0009351040825838814,0.0002652944825063397,-0.0004675345444211084
2,0.003807900000001024,9.346580330696687,0.0003511138967451366,-12.0,-4.672763490992087,12.0,-0.001667693190121056,0.0004673114604888801,0.0004673114608399972,0.0009346580330696687,0.0002658176679974505,-0.0004673114604888833
2,0.003808100000001024,9.342105075845272,0.0003522967599414173,-12.0,-4.670524089259756,12.0,-0.001667546677636578,0.0004670876386019669,0.0004670876389542665,0.0009342105075845272,0.0002663424575077844,-0.0004670876386019698
2,0.003808300000001024,9.337615068352914,0.0003534790061872073,-12.0,-4.668277312132386,12.0,-0.001667399554437954,0.0004668630791138545,0.0004668630794673364,0.0009337615068352915,0.000266868849021093,-0.0004668630791138574
2,0.0038085000000010237,9.333110315311226,0.0003546606340503189,-12.0,-4.666023163157931,12.0,-0.001667251819567617,0.0004666377823791953,0.0004666377827338588,0.0009333110315311226,0.0002673968405165206,-0.0004666377823791982
2,0.0038087000000010243,9.328590823835103,0.000355841642086574,-12.0,-4.663761645896006,12.0,-0.001667103472067666,0.0004664117487538064,0.0004664117491096508,0.0009328590823835104,0.0002679264299684375,-0.0004664117487538093
2,0.003808900000001024,9.324056601062745,0.0003570220288606762,-12.0,-4.661492763917861,12.0,-0.001666954510978313,0.0004661849785946695,0.0004661849789516943,0.0009324056601062745,0.0002684576153466345,-0.0004661849785946722
2,0.003809100000001024,9.319507654155583,0.0003582017929382175,-12.0,-4.659216520806366,12.0,-0.001666804935339106,0.0004659574722599277,0.0004659574726181323,0.0009319507654155584,0.0002689903946161837,-0.0004659574722599304
2,0.003809300000001025,9.314943990298287,0.000359380932881681,-12.0,-4.656932920156012,12.0,-0.001666654744187923,0.0004657292301088868,0.0004657292304682703,0.0009314943990298288,0.0002695247657375499,-0.0004657292301088894
2,0.0038095000000010247,9.310365616698801,0.0003605594472557705,-12.0,-4.654641965572923,12.0,-0.00166650393656198,0.0004655002525020152,0.0004655002528625773,0.0009310365616698802,0.0002700607266666183,-0.0004655002525020178
2,0.0038097000000010253,9.305772540588283,0.000361737334622525,-12.0,-4.652343660674834,12.0,-0.001666352511497049,0.0004652705398009431,0.0004652705401626831,0.0009305772540588284,0.0002705982753545971,-0.0004652705398009457
2,0.003809900000001025,9.301164769221092,0.0003629145935524214,-12.0,-4.650038009091071,12.0,-0.001666200468028123,0.0004650400923684598,0.0004650400927313771,0.0009301164769221093,0.0002711374097482122,-0.0004650400923684623
2,0.003810100000001025,9.296542309874797,0.0003640912226048343,-12.0,-4.647725014462577,12.0,-0.001666047805188753,0.0004648089105685158,0.0004648089109326095,0.0009296542309874797,0.000271678127789568,-0.0004648089105685182
2,0.003810300000001025,9.291905169850176,0.0003652672203462437,-12.0,-4.645404680441897,12.0,-0.001665894522011935,0.0004645769947662219,0.0004645769951314916,0.0009291905169850177,0.0002722204274161616,-0.0004645769947662244
2,0.003810500000001025,9.287253356471169,0.0003664425853484587,-12.0,-4.643077010693136,12.0,-0.001665740617528999,0.0004643443453278461,0.000464344345694291,0.0009287253356471169,0.0002727643065612018,-0.0004643443453278485
2,0.003810700000001025,9.282586877084881,0.0003676173161690777,-12.0,-4.640742008892014,12.0,-0.00166558609077061,0.0004641109626208161,0.0004641109629884357,0.0009282586877084882,0.0002733097631531789,-0.0004641109626208182
2,0.003810900000001025,9.277905739061605,0.0003687914113785773,-12.0,-4.638399678725821,12.0,-0.001665430940766655,0.0004638768470137177,0.0004638768473825113,0.0009277905739061606,0.0002738567951161563,-0.00046387684701372
2,0.003811100000001026,9.27320994979474,0.0003699648695443258,-12.0,-4.636050023893405,12.0,-0.001665275166545466,0.0004636419988762928,0.0004636419992462598,0.0009273209949794741,0.0002744054003697705,-0.0004636419988762949
2,0.003811300000001026,9.268499516700837,0.0003711376892301388,-12.0,-4.633693048105196,12.0,-0.00166511876713471,0.0004634064185794405,0.0004634064189505804,0.0009268499516700838,0.0002749555768292306,-0.0004634064185794427
2,0.003811500000001026,9.263774447219586,0.0003723098690024962,-12.0,-4.63132875508319,12.0,-0.001664961741561277,0.0004631701064952172,0.0004631701068675292,0.0009263774447219586,0.0002755073224052218,-0.0004631701064952193
2,0.003811700000001026,9.25903474881375,0.000373481407432763,-12.0,-4.628957148560912,12.0,-0.001664804088850613,0.0004629330629968324,0.0004629330633703159,0.0009259034748813751,0.0002760606350041689,-0.0004629330629968345
2,0.003811900000001026,9.25428042896922,0.0003746523030794258,-12.0,-4.626578232283468,12.0,-0.001664645808028165,0.0004626952884586527,0.000462695288833307,0.0009254280428969221,0.0002766155125279168,-0.0004626952884586547
2,0.0038121000000010258,9.24951149519496,0.0003758225545182903,-12.0,-4.624192010007477,12.0,-0.001664486898117046,0.0004624567832561976,0.0004624567836320221,0.0009249511495194961,0.0002771719528742028,-0.0004624567832561996
2,0.0038123000000010263,9.244727955023004,0.0003769921603087312,-12.0,-4.621798485501118,12.0,-0.001664327358140594,0.0004622175477661407,0.0004622175481431348,0.0009244727955023004,0.0002777299539361844,-0.0004622175477661427
2,0.003812500000001026,9.239929816008477,0.0003781611190203371,-12.0,-4.619397662544097,12.0,-0.001664167187121146,0.0004619775823663098,0.0004619775827444729,0.0009239929816008477,0.0002782895136028002,-0.0004619775823663117
2,0.003812700000001027,9.235117085729517,0.0003793294292231408,-12.0,-4.616989544927629,12.0,-0.001664006384080041,0.0004617368874356835,0.0004617368878150147,0.0009235117085729517,0.0002788506297585758,-0.0004617368874356853
2,0.003812900000001027,9.230289771787321,0.000380497089476961,-12.0,-4.614574136454475,12.0,-0.001663844948037618,0.0004614954633543934,0.0004614954637348923,0.0009230289771787321,0.0002794133002838872,-0.0004614954633543952
2,0.0038131000000010268,9.225447881806113,0.0003816640983580477,-12.0,-4.612151440938879,12.0,-0.001663682878013439,0.000461253310503722,0.0004612533108853878,0.0009225447881806113,0.0002799775230547946,-0.0004612533105037237
2,0.0038133000000010273,9.220591423433115,0.0003828304544244432,-12.0,-4.609721462206616,12.0,-0.001663520173026511,0.0004610104292661024,0.0004610104296489345,0.0009220591423433115,0.0002805432959430282,-0.0004610104292661041
2,0.003813500000001027,9.215720404338583,0.000383996156245292,-12.0,-4.607284204094962,12.0,-0.001663356832094842,0.0004607668200251191,0.0004607668204091169,0.0009215720404338584,0.000281110616816127,-0.0004607668200251208
2,0.003813700000001027,9.210834832215724,0.000385161202390627,-12.0,-4.604839670452664,12.0,-0.001663192854235884,0.0004605224831655039,0.0004605224835506666,0.0009210834832215724,0.0002816794835374115,-0.0004605224831655055
2,0.0038139000000010272,9.205934714780758,0.0003863255914215991,-12.0,-4.602387865139991,12.0,-0.00166302823846598,0.0004602774190731397,0.0004602774194594669,0.0009205934714780759,0.0002822498939660939,-0.0004602774190731413
2,0.003814100000001027,9.20102005977284,0.0003874893219104614,-12.0,-4.599928792028662,12.0,-0.001662862983801028,0.0004600316281350557,0.0004600316285225465,0.0009201020059772841,0.0002828218459570431,-0.0004600316281350573
2,0.003814300000001027,9.19609087495409,0.0003886523924170326,-12.0,-4.597462455001896,12.0,-0.001662697089255927,0.0004597851107394298,0.0004597851111280837,0.000919609087495409,0.0002833953373611031,-0.0004597851107394313
2,0.003814500000001028,9.191147168109591,0.0003898148015095693,-12.0,-4.594988857954384,12.0,-0.001662530553845132,0.0004595378672755879,0.0004595378676654041,0.0009191147168109592,0.0002839703660248577,-0.0004595378672755894
2,0.003814700000001028,9.186188947047324,0.0003909765477585481,-12.0,-4.592508004792259,12.0,-0.001662363376582987,0.0004592898981340003,0.0004592898985249783,0.0009186188947047325,0.0002845469297908937,-0.0004592898981340017
2,0.0038149000000010282,9.181216219598186,0.0003921376297220114,-12.0,-4.590019899433134,12.0,-0.001662195556481505,0.0004590412037062842,0.0004590412040984232,0.0009181216219598186,0.0002851250264976346,-0.0004590412037062857
2,0.003815100000001028,9.176228993616007,0.0003932980459673274,-12.0,-4.587524545806073,12.0,-0.001662027092554141,0.0004587917843852027,0.000458791784778502,0.0009176228993616008,0.0002857046539793545,-0.0004587917843852041
2,0.003815300000001028,9.171227276977481,0.0003944577950631967,-12.0,-4.585021947851567,12.0,-0.001661857983811688,0.0004585416405646618,0.0004585416409591209,0.0009171227276977481,0.0002862858100663584,-0.0004585416405646631
2,0.003815500000001028,9.16621107758219,0.0003956168755721023,-12.0,-4.582512109521567,12.0,-0.001661688229265712,0.0004582907726397127,0.0004582907730353309,0.0009166211077582191,0.0002868684925849407,-0.000458290772639714
2,0.003815700000001028,9.161180403352592,0.0003967752860569718,-12.0,-4.579995034779457,12.0,-0.001661517827927006,0.0004580391810065502,0.0004580391814033268,0.0009161180403352593,0.000287452699357163,-0.0004580391810065514
2,0.0038159000000010284,9.156135262233976,0.0003979330250865054,-12.0,-4.577470727600027,12.0,-0.001661346778805251,0.0004577868660625102,0.0004577868664604445,0.0009156135262233977,0.0002880384282013121,-0.0004577868660625114
2,0.003816100000001028,9.15107566219448,0.0003990900912191897,-12.0,-4.57493919196951,12.0,-0.001661175080909794,0.0004575338282060719,0.000457533828605163,0.000915107566219448,0.0002886256769316087,-0.0004575338282060729
2,0.003816300000001029,9.146001611225103,0.0004002464830219488,-12.0,-4.572400431885553,12.0,-0.00166100273324965,0.0004572800678368565,0.0004572800682371041,0.0009146001611225103,0.0002892144433581517,-0.0004572800678368575
2,0.003816500000001029,9.140913117339618,0.0004014021990585981,-12.0,-4.569854451357199,12.0,-0.00166082973483328,0.0004570255853556247,0.000457025585757028,0.0009140913117339619,0.0002898047252873071,-0.0004570255853556259
2,0.003816700000001029,9.135810188574604,0.0004025572378933973,-12.0,-4.56730125440489,12.0,-0.001660656084668033,0.0004567703811642773,0.0004567703815668356,0.0009135810188574604,0.0002903965205214021,-0.0004567703811642783
2,0.0038169000000010294,9.130692832989448,0.0004037115980848327,-12.0,-4.56474084506048,12.0,-0.001660481781761591,0.0004565144556658556,0.0004565144560695682,0.0009130692832989448,0.0002909898268587813,-0.0004565144556658565
2,0.003817100000001029,9.125561058666321,0.0004048652781967199,-12.0,-4.562173227367213,12.0,-0.00166030682512075,0.00045625780926454,0.0004562578096694062,0.0009125561058666321,0.000291584642094056,-0.000456257809264541
2,0.0038173000000010287,9.120414873710137,0.0004060182767968712,-12.0,-4.559598405379691,12.0,-0.001660131213751526,0.0004560004423656478,0.0004560004427716671,0.0009120414873710138,0.0002921809640178408,-0.0004560004423656488
2,0.0038175000000010293,9.115254286248563,0.0004071705924375557,-12.0,-4.55701638316392,12.0,-0.001659954946660491,0.0004557423553756348,0.0004557423557828063,0.0009115254286248564,0.000292778790416906,-0.0004557423553756358
2,0.003817700000001029,9.110079304432038,0.0004083222236834771,-12.0,-4.55442716479727,12.0,-0.001659778022852554,0.0004554835487020947,0.0004554835491104177,0.0009110079304432038,0.0002933781190741919,-0.0004554835487020954
2,0.003817900000001029,9.104889936433688,0.0004094731691020037,-12.0,-4.551830754368458,12.0,-0.001659600441333065,0.0004552240227537553,0.0004552240231632293,0.0009104889936433689,0.0002939789477688082,-0.000455224022753756
2,0.00381810000000103,9.099686190449358,0.0004106234272454046,-12.0,-4.549227155977576,12.0,-0.001659422201106597,0.0004549637779404814,0.0004549637783511056,0.0009099686190449358,0.0002945812742760762,-0.0004549637779404822
2,0.0038183000000010297,9.094468074697623,0.0004117729966757189,-12.0,-4.546616373736068,12.0,-0.001659243301177726,0.0004547028146732736,0.0004547028150850474,0.0009094468074697623,0.0002951850963675423,-0.0004547028146732744
2,0.0038185000000010303,9.089235597419725,0.0004129218759558739,-12.0,-4.54399841176671,12.0,-0.001659063740549693,0.0004544411333642658,0.0004544411337771885,0.0009089235597419726,0.0002957904118109644,-0.0004544411333642666
2,0.00381870000000103,9.083988766879548,0.0004140700636448003,-12.0,-4.541373274203606,12.0,-0.00165888351822685,0.0004541787344267244,0.0004541787348407952,0.0009083988766879548,0.0002963972183703256,-0.0004541787344267251
2,0.00381890000000103,9.078727591363702,0.0004152175582929907,-12.0,-4.538740965192235,12.0,-0.001658702633211884,0.0004539156182750522,0.0004539156186902704,0.0009078727591363702,0.0002970055138059591,-0.0004539156182750528
2,0.00381910000000103,9.073452079181417,0.0004163643584704779,-12.0,-4.53610148888936,12.0,-0.001658521084508036,0.0004536517853247824,0.0004536517857411473,0.0009073452079181417,0.0002976152958743816,-0.000453651785324783
2,0.00381930000000103,9.06816223866452,0.0004175104627326398,-12.0,-4.533454849463056,12.0,-0.001658338871117881,0.0004533872359925782,0.0004533872364100894,0.000906816223866452,0.0002982265623285157,-0.000453387235992579
2,0.00381950000000103,9.062858078167514,0.0004186558696259723,-12.0,-4.53080105109276,12.0,-0.001658155992044108,0.0004531219706962381,0.0004531219711148945,0.0009062858078167514,0.0002988393109175091,-0.0004531219706962386
2,0.00381970000000103,9.05753960606751,0.0004198005777213965,-12.0,-4.528140097969167,12.0,-0.00165797244628807,0.0004528559898546883,0.0004528559902744894,0.000905753960606751,0.0002994535393869568,-0.0004528559898546888
2,0.003819900000001031,9.052206830764145,0.0004209445855725136,-12.0,-4.525471994294269,12.0,-0.001657788232852231,0.0004525892938879837,0.0004525892943089287,0.0009052206830764146,0.000300069245478804,-0.0004525892938879841
2,0.003820100000001031,9.04685976067973,0.0004220878917258197,-12.0,-4.522796744281397,12.0,-0.001657603350737946,0.0004523218832173118,0.0004523218836394002,0.0009046859760679731,0.0003006864269312903,-0.0004523218832173123
2,0.003820300000001031,9.0414984042591,0.0004232304947500154,-12.0,-4.520114352155121,12.0,-0.001657417798946681,0.0004520537582649866,0.0004520537586882175,0.00090414984042591,0.0003013050814791307,-0.0004520537582649871
2,0.003820500000001031,9.036122769969614,0.0004243723931929289,-12.0,-4.517424822151294,12.0,-0.001657231576479679,0.0004517849194544483,0.0004517849198788211,0.0009036122769969614,0.000301925206853404,-0.0004517849194544487
2,0.003820700000001031,9.030732866301225,0.0004255135856094938,-12.0,-4.514728158517062,12.0,-0.001657044682337849,0.0004515153672102668,0.0004515153676357808,0.0009030732866301225,0.0003025468007816917,-0.0004515153672102672
2,0.0038209000000010308,9.025328701766405,0.0004266540705528676,-12.0,-4.512024365510833,12.0,-0.001656857115521992,0.0004512451019581383,0.0004512451023847926,0.0009025328701766405,0.0003031698609880229,-0.0004512451019581386
2,0.0038211000000010313,9.019910284900126,0.0004277938465855335,-12.0,-4.509313447402246,12.0,-0.001656668875033018,0.0004509741241248828,0.0004509741245526771,0.0009019910284900126,0.0003037943851927905,-0.0004509741241248831
2,0.003821300000001031,9.014477624259843,0.0004289329122473262,-12.0,-4.506595408472221,12.0,-0.001656479959871615,0.0004507024341384466,0.0004507024345673798,0.0009014477624259843,0.0003044203711130428,-0.0004507024341384469
2,0.003821500000001031,9.009030728425559,0.0004300712660976203,-12.0,-4.50387025301292,12.0,-0.001656290369037916,0.0004504300324279016,0.0004504300328579732,0.000900903072842556,0.0003050478164621784,-0.0004504300324279018
2,0.003821700000001032,9.00356960599969,0.0004312089066909053,-12.0,-4.50113798532772,12.0,-0.001656100101532387,0.0004501569194234409,0.00045015691985465,0.0009003569605999691,0.000305676718950279,-0.0004501569194234411
2,0.0038219000000010318,8.998094265607147,0.0004323458325750096,-12.0,-4.498398609731252,12.0,-0.001655909156355273,0.0004498830955563825,0.0004498830959887286,0.0008998094265607147,0.0003063070762839154,-0.0004498830955563827
2,0.0038221000000010323,8.992604715895283,0.0004334820422990937,-12.0,-4.495652130549372,12.0,-0.001655717532506706,0.000449608561259167,0.0004496085616926492,0.0008992604715895283,0.0003069388861661054,-0.0004496085612591671
2,0.003822300000001032,8.987100965533887,0.0004346175344198677,-12.0,-4.492898552119138,12.0,-0.001655525228987154,0.0004493333169653557,0.0004493333173999734,0.0008987100965533888,0.0003075721462966474,-0.0004493333169653559
2,0.003822500000001032,8.981583023215126,0.0004357523074864922,-12.0,-4.49013787878881,12.0,-0.001655332244796304,0.0004490573631096297,0.000449057363545382,0.0008981583023215127,0.0003082068543717592,-0.0004490573631096297
2,0.003822700000001032,8.976050897653646,0.0004368863600396899,-12.0,-4.487370114917899,12.0,-0.001655138578934512,0.0004487807001277938,0.0004487807005646803,0.0008976050897653647,0.0003088430080844251,-0.000448780700127794
2,0.003822900000001032,8.970504597586446,0.0004380196906392797,-12.0,-4.484595264877067,12.0,-0.001654944230401911,0.0004485033284567707,0.0004485033288947904,0.0008970504597586446,0.00030948060512416,-0.0004485033284567707
2,0.003823100000001032,8.96494413177288,0.0004391522978282048,-12.0,-4.481813333048174,12.0,-0.001654749198198413,0.0004482252485346001,0.0004482252489737526,0.000896494413177288,0.0003101196431772452,-0.0004482252485346002
2,0.003823300000001033,8.959369508994698,0.0004402841801542934,-12.0,-4.479024323824276,12.0,-0.00165455348132415,0.0004479464608004431,0.0004479464612407272,0.0008959369508994698,0.0003107601199265758,-0.000447946460800443
2,0.003823500000001033,8.953780738056018,0.0004414153361644857,-12.0,-4.476228241609609,12.0,-0.0016543570787797,0.0004476669656945774,0.0004476669661359927,0.0008953780738056019,0.0003114020330515915,-0.0004476669656945774
2,0.003823700000001033,8.948177827783251,0.0004425457644123831,-12.0,-4.47342509081955,12.0,-0.001654159989564752,0.0004473867636583963,0.0004473867641009419,0.0008948177827783251,0.0003120453802287343,-0.0004473867636583963
2,0.003823900000001033,8.942560787025146,0.0004436754634338236,-12.0,-4.470614875880667,12.0,-0.001653962212679994,0.0004471058551344102,0.0004471058555780856,0.0008942560787025146,0.0003126901591309905,-0.0004471058551344101
2,0.003824100000001033,8.936929624652787,0.0004448044317792998,-12.0,-4.46779760123068,12.0,-0.001653763747125669,0.0004468242405662461,0.0004468242410110504,0.0008936929624652788,0.0003133363674280853,-0.000446824240566246
2,0.003824300000001033,8.931284349559522,0.0004459326679993048,-12.0,-4.464973271318435,12.0,-0.001653564591902246,0.0004465419203986435,0.0004465419208445762,0.0008931284349559523,0.0003139840027865659,-0.0004465419203986434
2,0.003824500000001033,8.925624970660973,0.0004470601706278998,-12.0,-4.462141890603943,12.0,-0.0016533647460103,0.0004462588950774572,0.0004462588955245172,0.0008925624970660973,0.0003146330628698152,-0.0004462588950774571
2,0.0038247000000010333,8.919951496895074,0.0004481869382142456,-12.0,-4.459303463558346,12.0,-0.001653164208451074,0.0004459751650496563,0.000445975165497843,0.0008919951496895075,0.0003152835453378577,-0.0004459751650496561
2,0.003824900000001033,8.914263937221968,0.0004493129693079467,-12.0,-4.456457994663893,12.0,-0.001652962978224815,0.0004456907307633202,0.000445690731212633,0.0008914263937221968,0.000315935447847665,-0.0004456907307633201
2,0.003825100000001034,8.908562300624043,0.0004504382624417325,-12.0,-4.453605488413977,12.0,-0.001652761054333318,0.0004454055926676421,0.00044540559311808,0.0008908562300624043,0.0003165887680530582,-0.000445405592667642
2,0.003825300000001034,8.902846596105949,0.0004515628161625429,-12.0,-4.450745949313102,12.0,-0.001652558435777385,0.0004451197512129268,0.0004451197516644893,0.000890284659610595,0.0003172435036045557,-0.0004451197512129265
2,0.003825500000001034,8.897116832694488,0.0004526866290150977,-12.0,-4.447879381876854,12.0,-0.001652355121558702,0.0004448332068505872,0.0004448332073032736,0.0008897116832694489,0.0003178996521497196,-0.000444833206850587
2,0.0038257000000010343,8.8913730194387,0.0004538096995347907,-12.0,-4.44500579063195,12.0,-0.001652151110679068,0.0004445459600331488,0.0004445459604869583,0.00088913730194387,0.0003185572113329482,-0.0004445459600331486
2,0.003825900000001034,8.885615165409787,0.0004549320262707823,-12.0,-4.442125180116168,12.0,-0.001651946402140392,0.0004442580112142441,0.0004442580116691758,0.0008885615165409787,0.0003192161787955172,-0.0004442580112142439
2,0.003826100000001034,8.87984327970113,0.0004560536077526933,-12.0,-4.4392375548784,12.0,-0.001651740994944806,0.0004439693608486156,0.0004439693613046689,0.0008879843279701132,0.0003198765521756491,-0.0004439693608486153
2,0.0038263000000010343,8.874057371428256,0.0004571744425305724,-12.0,-4.436342919478586,12.0,-0.001651534888094663,0.000443680009392112,0.0004436800098492863,0.0008874057371428256,0.0003205383291085273,-0.0004436800093921117
2,0.003826500000001034,8.868257449728818,0.0004582945291371487,-12.0,-4.433441278487757,12.0,-0.001651328080592984,0.0004433899573016898,0.000443389957759984,0.0008868257449728818,0.0003212015072262542,-0.0004433899573016895
2,0.003826700000001034,8.862443523762629,0.0004594138661109248,-12.0,-4.430532636488009,12.0,-0.001651120571442788,0.0004430992050354124,0.0004430992054948259,0.0008862443523762629,0.0003218660841579346,-0.0004430992050354121
2,0.003826900000001035,8.856615602711575,0.0004605324519961762,-12.0,-4.427616998072469,12.0,-0.001650912359647205,0.0004428077530524469,0.000442807753512979,0.0008856615602711575,0.0003225320575297175,-0.0004428077530524465
2,0.003827100000001035,8.850773695779644,0.0004616502853242999,-12.0,-4.424694367845333,12.0,-0.001650703444210366,0.0004425156018130662,0.000442515602274716,0.0008850773695779644,0.0003231994249646569,-0.0004425156018130657
2,0.0038273000000010353,8.84491781219294,0.0004627673646337982,-12.0,-4.421764750421846,12.0,-0.001650493824135624,0.0004422227517786483,0.0004422227522414152,0.000884491781219294,0.0003238681840829899,-0.000442222751778648
2,0.003827500000001035,8.839047961199578,0.0004638836884653941,-12.0,-4.418828150428254,12.0,-0.001650283498428107,0.0004419292034116724,0.0004419292038755556,0.0008839047961199579,0.0003245383325017892,-0.000441929203411672
2,0.003827700000001035,8.833164152069756,0.0004649992553460436,-12.0,-4.415884572501867,12.0,-0.001650072466092056,0.0004416349571757218,0.0004416349576407205,0.0008833164152069757,0.0003252098678354354,-0.0004416349571757213
2,0.003827900000001035,8.827266394095709,0.0004661140638231309,-12.0,-4.41293402129098,12.0,-0.001649860726133046,0.0004413400135354808,0.0004413400140015943,0.0008827266394095709,0.0003258827876952558,-0.0004413400135354803
2,0.003828100000001035,8.821354696591676,0.0004672281124236122,-12.0,-4.409976501454922,12.0,-0.001649648277556315,0.0004410443729567351,0.0004410443734239627,0.0008821354696591677,0.0003265570896896358,-0.0004410443729567346
2,0.003828300000001035,8.815429068893941,0.000468341399681993,-12.0,-4.407012017664033,12.0,-0.001649435119367881,0.000440748035906372,0.000440748036374713,0.0008815429068893941,0.0003272327714242546,-0.0004407480359063715
2,0.003828500000001035,8.809489520360733,0.0004694539241394402,-12.0,-4.404040574599618,12.0,-0.00164922125057454,0.0004404510028523762,0.0004404510033218297,0.0008809489520360733,0.0003279098305017381,-0.0004404510028523758
2,0.003828700000001036,8.803536060372274,0.0004705656843198014,-12.0,-4.401062176953999,12.0,-0.00164900667018264,0.0004401532742638325,0.0004401532747343977,0.0008803536060372274,0.0003285882645220617,-0.000440153274263832
2,0.003828900000001036,8.79756869833078,0.0004716766787598026,-12.0,-4.398076829430483,12.0,-0.001648791377199865,0.0004398548506109249,0.000439854851082601,0.000879756869833078,0.0003292680710821616,-0.0004398548506109244
2,0.003829100000001036,8.79158744366038,0.0004727869059979461,-12.0,-4.395084536743323,12.0,-0.001648575370634009,0.0004395557323649326,0.0004395557328377191,0.000879158744366038,0.0003299492477762678,-0.0004395557323649321
2,0.003829300000001036,8.785592305807134,0.0004738963645585237,-12.0,-4.392085303617766,12.0,-0.00164835864949342,0.0004392559199982331,0.0004392559204721287,0.0008785592305807134,0.000330631792195904,-0.0004392559199982324
2,0.003829500000001036,8.779583294239066,0.0004750050529747085,-12.0,-4.389079134790021,12.0,-0.001648141212786669,0.0004389554139843001,0.0004389554144593046,0.0008779583294239066,0.0003313157019296936,-0.0004389554139842996
2,0.0038297000000010357,8.77356041844604,0.0004761129697814503,-12.0,-4.386066035007219,12.0,-0.001647923059523326,0.0004386542147977007,0.000438654215273813,0.0008773560418446041,0.0003320009745635538,-0.0004386542147977
2,0.0038299000000010363,8.76752368793986,0.0004772201135030407,-12.0,-4.383046009027474,12.0,-0.001647704188713628,0.0004383523229140983,0.0004383523233913179,0.0008767523687939861,0.0003326876076805985,-0.0004383523229140977
2,0.003830100000001036,8.76147311225417,0.0004783264826779821,-12.0,-4.380019061619802,12.0,-0.001647484599367366,0.0004380497388102486,0.0004380497392885746,0.0008761473112254169,0.0003333755988613185,-0.000438049738810248
2,0.003830300000001036,8.755408700944484,0.0004794320758243487,-12.0,-4.376985197564185,12.0,-0.001647264290495998,0.0004377464629640015,0.000437746463443433,0.0008755408700944484,0.0003340649456834432,-0.0004377464629640009
2,0.003830500000001037,8.749330463588166,0.0004805368914841956,-12.0,-4.373944421651489,12.0,-0.001647043261111203,0.000437442495854298,0.0004374424963348341,0.0008749330463588166,0.0003347556457219958,-0.0004374424958542973
2,0.0038307000000010367,8.743238409784396,0.0004816409281764855,-12.0,-4.370896738683524,12.0,-0.001646821510224883,0.0004371378379611708,0.000437137838442811,0.0008743238409784396,0.0003354476965494457,-0.0004371378379611701
2,0.0038309000000010373,8.73713254915419,0.000482744184431283,-12.0,-4.367842153473005,12.0,-0.001646599036850382,0.0004368324897657445,0.0004368324902484879,0.000873713254915419,0.0003361410957353483,-0.0004368324897657437
2,0.003831100000001037,8.73101289134033,0.0004838466587830936,-12.0,-4.364780670843524,12.0,-0.00164637584000038,0.0004365264517502314,0.0004365264522340773,0.000873101289134033,0.000336835840846969,-0.0004365264517502307
2,0.003831300000001037,8.724879446007389,0.0004849483497504359,-12.0,-4.361712295629586,12.0,-0.001646151918689776,0.0004362197243979343,0.0004362197248828819,0.0008724879446007389,0.0003375319294486451,-0.0004362197243979337
2,0.003831500000001037,8.718732222841743,0.0004860492558642626,-12.0,-4.358637032676583,12.0,-0.001645927271933245,0.0004359123081932455,0.000435912308679294,0.0008718732222841743,0.0003382293591022434,-0.0004359123081932447
2,0.003831700000001037,8.712571231551465,0.0004871493756528622,-12.0,-4.35555488684076,12.0,-0.00164570189874591,0.000435604203621642,0.0004356042041087906,0.0008712571231551465,0.0003389281273670774,-0.0004356042036216413
2,0.003831900000001037,8.706396481866395,0.0004882487076383057,-12.0,-4.352465862989253,12.0,-0.001645475798144003,0.0004352954111696899,0.0004352954116579379,0.0008706396481866395,0.0003396282317998933,-0.0004352954111696892
2,0.003832100000001037,8.70020798353811,0.0004893472503479934,-12.0,-4.349369966000061,12.0,-0.001645248969144419,0.0004349859313250417,0.0004349859318143882,0.0008700207983538111,0.0003403296699548281,-0.0004349859313250409
2,0.003832300000001038,8.694005746339858,0.0004904450023075491,-12.0,-4.346267200762019,12.0,-0.001645021410765168,0.0004346757645764334,0.0004346757650668775,0.0008694005746339859,0.0003410324393833958,-0.0004346757645764326
2,0.003832500000001038,8.687789780066577,0.000491541962045261,-12.0,-4.343157572174801,12.0,-0.001644793122023813,0.0004343649114136854,0.0004343649119052266,0.0008687789780066577,0.0003417365376348347,-0.0004343649114136846
2,0.003832700000001038,8.681560094534921,0.0004926381280743186,-12.0,-4.340041085148967,12.0,-0.001644564101940249,0.000434053372327705,0.0004340533728203424,0.0008681560094534922,0.0003424419622555935,-0.0004340533723277042
2,0.003832900000001038,8.675316699583188,0.0004937334989310038,-12.0,-4.336917744605861,12.0,-0.001644334349533261,0.0004337411478104801,0.0004337411483042128,0.0008675316699583189,0.0003431487107899839,-0.0004337411478104793
2,0.003833100000001038,8.669059605071265,0.0004948280731373877,-12.0,-4.333787555477645,12.0,-0.001644103863824409,0.0004334282383550792,0.0004334282388499064,0.0008669059605071266,0.0003438567807794723,-0.0004334282383550783
2,0.003833300000001038,8.662788820880749,0.0004959218492035511,-12.0,-4.330650522707351,12.0,-0.001643872643834809,0.0004331146444556563,0.0004331146449515773,0.000866278882088075,0.0003445661697633468,-0.0004331146444556554
2,0.0038335000000010383,8.656504356914832,0.0004970148256702167,-12.0,-4.327506651248763,12.0,-0.001643640688586467,0.0004328003666074442,0.0004328003671044581,0.0008656504356914833,0.000345276875278383,-0.0004328003666074434
2,0.003833700000001038,8.650206223098238,0.0004981070010496857,-12.0,-4.324355946066474,12.0,-0.001643407997102608,0.0004324854053067533,0.0004324854058048594,0.0008650206223098238,0.0003459888948588313,-0.0004324854053067524
2,0.003833900000001039,8.64389442937734,0.0004991983738658057,-12.0,-4.321198412135888,12.0,-0.001643174568406902,0.0004321697610509764,0.0004321697615501737,0.000864389442937734,0.0003467022260367492,-0.0004321697610509754
2,0.003834100000001039,8.637568985720076,0.0005002889426393153,-12.0,-4.31803405444319,12.0,-0.001642940401524351,0.0004318534343385839,0.0004318534348388719,0.0008637568985720076,0.0003474168663416127,-0.000431853434338583
2,0.003834300000001039,8.631229902115894,0.0005013787058967267,-12.0,-4.314862877985315,12.0,-0.00164270549548029,0.0004315364256691222,0.0004315364261704999,0.0008631229902115895,0.0003481328133006639,-0.0004315364256691212
2,0.0038345000000010393,8.6248771885758,0.0005024676621530055,-12.0,-4.311684887769993,12.0,-0.001642469849301276,0.0004312187355432157,0.0004312187360456823,0.00086248771885758,0.0003488500644387299,-0.0004312187355432146
2,0.003834700000001039,8.618510855132334,0.0005035558099302229,-12.0,-4.308500088815713,12.0,-0.001642233462014975,0.0004309003644625654,0.0004309003649661202,0.0008618510855132334,0.0003495686172782786,-0.0004309003644625644
2,0.003834900000001039,8.6121309118395,0.0005046431477535585,-12.0,-4.305308486151689,12.0,-0.001641996332649165,0.0004305813129299451,0.0004305813134345874,0.00086121309118395,0.0003502884693395297,-0.0004305813129299443
2,0.0038351000000010392,8.605737368772818,0.0005057296741370898,-12.0,-4.302110084817906,12.0,-0.001641758460233178,0.0004302615814492052,0.0004302615819549341,0.0008605737368772819,0.0003510096181403993,-0.0004302615814492043
2,0.003835300000001039,8.599330236029282,0.0005068153876002235,-12.0,-4.298904889865086,12.0,-0.001641519843797457,0.0004299411705252697,0.0004299411710320841,0.0008599330236029282,0.0003517320611964442,-0.0004299411705252686
2,0.003835500000001039,8.592909523727327,0.0005079002866676952,-12.0,-4.29569290635466,12.0,-0.001641280482372443,0.0004296200806641337,0.000429620081172033,0.0008592909523727327,0.0003524557960210284,-0.0004296200806641327
2,0.00383570000000104,8.586475242006808,0.0005089843698597996,-12.0,-4.29247413935877,12.0,-0.001641040374990577,0.000429298312372864,0.0004292983128818474,0.0008586475242006808,0.0003531808201252679,-0.0004292983123728631
2,0.00383590000000104,8.580027401029051,0.0005100676356826206,-12.0,-4.289248593960325,12.0,-0.001640799520684855,0.0004289758661596017,0.0004289758666696685,0.0008580027401029051,0.0003539071310179193,-0.0004289758661596008
2,0.0038361000000010402,8.57356601097678,0.0005111500826702198,-12.0,-4.286016275252884,12.0,-0.001640557918489161,0.0004286527425335564,0.0004286527430447055,0.000857356601097678,0.0003546347262056854,-0.0004286527425335554
2,0.00383630000000104,8.56709108205404,0.0005122317093353423,-12.0,-4.2827771883407,12.0,-0.001640315567438821,0.0004283289420050046,0.0004283289425172353,0.000856709108205404,0.0003553636031929375,-0.0004283289420050036
2,0.00383650000000104,8.560602624486354,0.000513312514188069,-12.0,-4.27953133833877,12.0,-0.001640072466569498,0.0004280044650852967,0.0004280044655986083,0.0008560602624486354,0.0003560937594819374,-0.0004280044650852957
2,0.00383670000000104,8.554100648520556,0.0005143924957584645,-12.0,-4.276278730372717,12.0,-0.001639828614918293,0.0004276793122868485,0.0004276793128012399,0.0008554100648520557,0.0003568251925727961,-0.0004276793122868475
2,0.00383690000000104,8.547585164424785,0.0005154716525610503,-12.0,-4.273019369578833,12.0,-0.001639584011523532,0.0004273534841231405,0.0004273534846386112,0.0008547585164424785,0.0003575578999633899,-0.0004273534841231394
2,0.00383710000000104,8.541056182488571,0.0005165499831032427,-12.0,-4.269753261104131,12.0,-0.001639338655424205,0.0004270269811087244,0.0004270269816252734,0.0008541056182488571,0.0003582918791494721,-0.0004270269811087234
2,0.00383730000000104,8.534513713022742,0.0005176274859137742,-12.0,-4.266480410106225,12.0,-0.001639092545660636,0.0004266998037592149,0.0004266998042768414,0.0008534513713022742,0.0003590271276246726,-0.0004266998037592139
2,0.003837500000001041,8.527957766359368,0.0005187041595067221,-12.0,-4.263200821753382,12.0,-0.001638845681273815,0.00042637195259129,0.000426371953109993,0.0008527957766359368,0.0003597636428806783,-0.0004263719525912889
2,0.003837700000001041,8.521388352851845,0.0005197800023948318,-12.0,-4.259914501224531,12.0,-0.00163859806130684,0.0004260434281226936,0.0004260434286424726,0.0008521388352851846,0.0003605014224067477,-0.0004260434281226925
2,0.003837900000001041,8.514805482874843,0.0005208550130948453,-12.0,-4.256621453709228,12.0,-0.001638349684802809,0.0004257142308722334,0.0004257142313930874,0.0008514805482874844,0.0003612404636904598,-0.0004257142308722324
2,0.003838100000001041,8.508209166824232,0.0005219291901301659,-12.0,-4.253321684407628,12.0,-0.001638100550806487,0.0004253843613597769,0.0004253843618817051,0.0008508209166824232,0.0003619807642169376,-0.0004253843613597758
2,0.003838300000001041,8.501599415117122,0.0005230025320068776,-12.0,-4.250015198530525,12.0,-0.00163785065836386,0.0004250538201062543,0.0004250538206292557,0.0008501599415117122,0.0003627223214696385,-0.0004250538201062532
2,0.0038385000000010407,8.49497623819188,0.0005240750372452752,-12.0,-4.246702001299321,12.0,-0.001637600006521467,0.0004247226076336578,0.0004247226081577317,0.000849497623819188,0.0003634651329297717,-0.0004247226076336566
2,0.0038387000000010413,8.488339646508006,0.0005251467043656532,-12.0,-4.243382097945988,12.0,-0.001637348594327848,0.0004243907244650364,0.0004243907249901821,0.0008488339646508007,0.0003642091960765065,-0.0004243907244650353
2,0.003838900000001041,8.481689650546203,0.0005262175318732076,-12.0,-4.240055493713117,12.0,-0.001637096420832207,0.0004240581711245001,0.0004240581716507165,0.0008481689650546204,0.0003649545083871664,-0.000424058171124499
2,0.003839100000001041,8.475026260808372,0.0005272875182900094,-12.0,-4.236722193853877,12.0,-0.001636843485085193,0.0004237249481372178,0.0004237249486645041,0.0008475026260808372,0.0003657010673370348,-0.0004237249481372167
2,0.003839300000001042,8.46834948781752,0.0005283566621310243,-12.0,-4.233382203631997,12.0,-0.00163658978613801,0.000423391056029414,0.0004233910565577695,0.000846834948781752,0.0003664488703994245,-0.0004233910560294128
2,0.0038395000000010417,8.461659342117764,0.000529424961911662,-12.0,-4.230035528321766,12.0,-0.001636335323044524,0.0004230564953283688,0.0004230564958577927,0.0008461659342117765,0.0003671979150456361,-0.0004230564953283677
2,0.0038397000000010423,8.45495583427438,0.0005304924161428914,-12.0,-4.226682173208052,12.0,-0.001636080094858161,0.0004227212665624206,0.0004227212670929118,0.000845495583427438,0.0003679481987451244,-0.0004227212665624195
2,0.003839900000001042,8.448238974873737,0.0005315590233392342,-12.0,-4.223322143586269,12.0,-0.001635824100634564,0.000422385370260962,0.00042238537079252,0.0008448238974873738,0.0003686997189654706,-0.0004223853702609608
2,0.003840100000001042,8.441508774523253,0.0005326247820240937,-12.0,-4.219955444762343,12.0,-0.001635567339430377,0.0004220488069544378,0.0004220488074870614,0.0008441508774523254,0.0003694524731722437,-0.0004220488069544367
2,0.003840300000001042,8.434765243851414,0.000533689690699557,-12.0,-4.216582082052762,12.0,-0.001635309810303909,0.0004217115771743473,0.0004217115777080357,0.0008434765243851414,0.0003702064588291948,-0.0004217115771743462
2,0.003840500000001042,8.428008393507806,0.000534753747886807,-12.0,-4.213202060784535,12.0,-0.001635051512314245,0.0004213736814532432,0.000421373681987996,0.0008428008393507806,0.000370961673398118,-0.0004213736814532421
2,0.003840700000001042,8.42123823416296,0.0005358169521030298,-12.0,-4.209815386295157,12.0,-0.001634792444521804,0.0004210351203247271,0.0004210351208605428,0.000842123823416296,0.0003717181143391007,-0.000421035120324726
2,0.003840900000001042,8.414454776508466,0.0005368793018543094,-12.0,-4.206422063932659,12.0,-0.001634532605988337,0.0004206958943234525,0.0004206958948603305,0.0008414454776508466,0.0003724757791102595,-0.0004206958943234513
2,0.003841100000001043,8.407658031256933,0.0005379407956578319,-12.0,-4.203022099055572,12.0,-0.00163427199577737,0.0004203560039851242,0.0004203560045230638,0.0008407658031256933,0.000373234665168018,-0.000420356003985123
2,0.003841300000001043,8.400848009141896,0.0005390014320347802,-12.0,-4.199615497032882,12.0,-0.001634010612953429,0.0004200154498464929,0.0004200154503854931,0.0008400848009141896,0.0003739947699668844,-0.0004200154498464917
2,0.003841500000001043,8.394024720917871,0.0005400612094890178,-12.0,-4.19620226324409,12.0,-0.001633748456582151,0.000419674232445359,0.0004196742329854191,0.0008394024720917872,0.0003747560909595909,-0.0004196742324453579
2,0.003841700000001043,8.38718817736035,0.0005411201265372867,-12.0,-4.192782403079168,12.0,-0.00163348552573106,0.0004193323523205718,0.0004193323528616906,0.000838718817736035,0.000375518625597121,-0.0004193323523205706
2,0.003841900000001043,8.380338389265706,0.0005421781816985494,-12.0,-4.189355921938524,12.0,-0.001633221819468456,0.0004189898100120234,0.0004189898105542004,0.0008380338389265706,0.0003762823713287511,-0.0004189898100120223
2,0.0038421000000010428,8.373475367451249,0.0005432353734775575,-12.0,-4.185922825233055,12.0,-0.00163295733686486,0.0004186466060606545,0.0004186466066038886,0.0008373475367451249,0.0003770473256018286,-0.0004186466060606533
2,0.0038423000000010433,8.366599122755177,0.0005442917004003789,-12.0,-4.182483118384072,12.0,-0.001632692076991349,0.0004183027410084485,0.0004183027415527389,0.0008366599122755178,0.0003778134858621746,-0.0004183027410084473
2,0.003842500000001043,8.359709666036553,0.0005453471609691007,-12.0,-4.179036806823352,12.0,-0.001632426038920998,0.0004179582153984333,0.0004179582159437792,0.0008359709666036553,0.0003785808495537363,-0.0004179582153984321
2,0.003842700000001044,8.352807008175338,0.000546401753700021,-12.0,-4.175583895993101,12.0,-0.001632159221727769,0.0004176130297746813,0.0004176130303210819,0.0008352807008175339,0.0003793494141189624,-0.0004176130297746801
2,0.003842900000001044,8.345891160072288,0.0005474554771152107,-12.0,-4.172124391345916,12.0,-0.001631891624487403,0.0004172671846823044,0.0004172671852297587,0.0008345891160072288,0.0003801191769983864,-0.0004172671846823031
2,0.0038431000000010438,8.33896213264901,0.0005485083297172011,-12.0,-4.168658298344846,12.0,-0.001631623246277636,0.0004169206806674576,0.0004169206812159647,0.0008338962132649011,0.000380890135631029,-0.0004169206806674564
2,0.0038433000000010443,8.332019936847912,0.0005495603100311719,-12.0,-4.165185622463307,12.0,-0.001631354086176429,0.0004165735182773349,0.0004165735188268941,0.0008332019936847912,0.0003816622874541487,-0.0004165735182773338
2,0.003843500000001044,8.32506458363218,0.0005506114165596543,-12.0,-4.161706369185137,12.0,-0.001631084143264294,0.0004162256980601708,0.000416225698610781,0.000832506458363218,0.0003824356299034631,-0.0004162256980601697
2,0.003843700000001044,8.318096083985822,0.0005516616478207226,-12.0,-4.158220544004563,12.0,-0.001630813416622634,0.0004158772205652396,0.0004158772211169001,0.0008318096083985823,0.0003832101604129834,-0.0004158772205652384
2,0.0038439000000010442,8.311114448913537,0.0005527110023342274,-12.0,-4.154728152426158,12.0,-0.001630541905334626,0.0004155280863428504,0.0004155280868955602,0.0008311114448913537,0.0003839858764152076,-0.0004155280863428493
2,0.003844100000001044,8.304119689440812,0.0005537594786044764,-12.0,-4.151229199964905,12.0,-0.00163026960848478,0.0004151782959443521,0.0004151782964981104,0.0008304119689440812,0.0003847627753409133,-0.0004151782959443509
2,0.003844300000001044,8.297111816613823,0.0005548070751562051,-12.0,-4.147723692146107,12.0,-0.001629996525159383,0.0004148278499221275,0.0004148278504769333,0.0008297111816613823,0.0003855408546194067,-0.0004148278499221263
2,0.003844500000001045,8.290090841499453,0.0005558537904928329,-12.0,-4.144211634505449,12.0,-0.001629722654446164,0.0004144767488295955,0.000414476749385448,0.0008290090841499453,0.0003863201116783704,-0.0004144767488295942
2,0.003844700000001045,8.283056775185317,0.0005568996231337664,-12.0,-4.140693032588962,12.0,-0.001629447995434297,0.0004141249932212109,0.0004141249937781092,0.0008283056775185317,0.000387100543943919,-0.0004141249932212096
2,0.0038449000000010452,8.276009628779635,0.0005579445715966358,-12.0,-4.137167891952977,12.0,-0.001629172547214619,0.0004137725836524586,0.0004137725842104019,0.0008276009628779635,0.000387882148840682,-0.0004137725836524574
2,0.003845100000001045,8.268949413411308,0.0005589886343910777,-12.0,-4.133636218164181,12.0,-0.001628896308879635,0.0004134195206798584,0.0004134195212388459,0.0008268949413411308,0.0003886649237917483,-0.0004134195206798572
2,0.003845300000001045,8.261876140229887,0.0005600318100302815,-12.0,-4.130098016799581,12.0,-0.001628619279522847,0.0004130658048609623,0.0004130658054209929,0.0008261876140229887,0.0003894488662187084,-0.0004130658048609611
2,0.003845500000001045,8.25478982040551,0.0005610740970363182,-12.0,-4.126553293446459,12.0,-0.001628341458240423,0.0004127114367543508,0.0004127114373154237,0.000825478982040551,0.0003902339735416677,-0.0004127114367543495
2,0.003845700000001045,8.247690465128908,0.0005621154939148276,-12.0,-4.123002053702427,12.0,-0.001628062844128975,0.0004123564169196354,0.0004123564174817496,0.0008247690465128909,0.0003910202431792048,-0.0004123564169196342
2,0.0038459000000010454,8.240578085611451,0.0005631559991861046,-12.0,-4.119444303175387,12.0,-0.001627783436287999,0.0004120007459174585,0.0004120007464806133,0.0008240578085611452,0.0003918076725484831,-0.0004120007459174573
2,0.003846100000001045,8.233452693085,0.0005641956113668911,-12.0,-4.115880047483493,12.0,-0.001627503233817329,0.0004116444243094873,0.0004116444248736818,0.0008233452693085002,0.0003925962590651672,-0.0004116444243094861
2,0.003846300000001046,8.226314298801995,0.0005652343289686002,-12.0,-4.112309292255202,12.0,-0.001627222235819237,0.0004112874526584183,0.0004112874532236514,0.0008226314298801996,0.000393386000143589,-0.0004112874526584171
2,0.003846500000001046,8.219162914035428,0.0005662721505057533,-12.0,-4.108732043129233,12.0,-0.001626940441397884,0.0004109298315279752,0.0004109298320942461,0.0008219162914035428,0.0003941768931965545,-0.000410929831527974
2,0.003846700000001046,8.211998550078764,0.0005673090744995335,-12.0,-4.105148305754541,12.0,-0.001626657849658319,0.0004105715614829053,0.0004105715620502133,0.0008211998550078765,0.0003949689356354674,-0.0004105715614829041
2,0.0038469000000010464,8.204821218245947,0.0005683450994640182,-12.0,-4.101558085790327,12.0,-0.001626374459707258,0.0004102126430889804,0.0004102126436573242,0.0008204821218245947,0.000395762124870469,-0.0004102126430889791
2,0.003847100000001046,8.197630929871424,0.0005693802239092882,-12.0,-4.097961388906047,12.0,-0.00162609027065419,0.0004098530769129968,0.0004098530774823758,0.0008197630929871424,0.0003965564583102155,-0.0004098530769129957
2,0.0038473000000010457,8.190427696310131,0.0005704144463565264,-12.0,-4.094358220781387,12.0,-0.001625805281609272,0.0004094928635227755,0.0004094928640931888,0.0008190427696310132,0.0003973519333620168,-0.0004094928635227744
2,0.0038475000000010463,8.183211528937374,0.0005714477653260275,-12.0,-4.090748587106221,12.0,-0.001625519491684768,0.0004091320034871559,0.0004091320040586024,0.0008183211528937374,0.0003981485474317537,-0.0004091320034871547
2,0.003847700000001046,8.175982439148905,0.0005724801793247636,-12.0,-4.087132493580664,12.0,-0.001625232899994944,0.0004087704973760002,0.0004087704979484791,0.0008175982439148906,0.0003989462979241409,-0.0004087704973759989
2,0.003847900000001046,8.168740438360915,0.0005735116868734735,-12.0,-4.083509945915031,12.0,-0.001624945505654618,0.0004084083457601918,0.0004084083463337021,0.0008168740438360915,0.0003997451822425335,-0.0004084083457601905
2,0.003848100000001047,8.161485538009938,0.0005745422864977812,-12.0,-4.079880949829799,12.0,-0.001624657307782496,0.0004080455492116308,0.000408045549786172,0.0008161485538009938,0.0004005451977887875,-0.0004080455492116297
2,0.0038483000000010467,8.154217749552863,0.0005755719767024381,-12.0,-4.076245511055658,12.0,-0.001624368305496948,0.0004076821083032373,0.0004076821088788081,0.0008154217749552863,0.0004013463419637875,-0.000407682108303236
2,0.0038485000000010473,8.146937084466991,0.0005766007560104036,-12.0,-4.072603635333473,12.0,-0.001624078497918791,0.0004073180236089496,0.000407318024185549,0.0008146937084466991,0.0004021486121668361,-0.0004073180236089483
2,0.003848700000001047,8.139643554249899,0.0005776286229406402,-12.0,-4.068955328414252,12.0,-0.001623787884171501,0.0004069532957037205,0.000406953296281348,0.0008139643554249899,0.0004029520057962366,-0.0004069532957037193
2,0.003848900000001047,8.132337170419456,0.000578655576015219,-12.0,-4.065300596059149,12.0,-0.001623496463379337,0.0004065879251635177,0.000406587925742172,0.0008132337170419457,0.0004037565202487658,-0.0004065879251635165
2,0.003849100000001047,8.125017944513896,0.0005796816137366712,-12.0,-4.061639444039527,12.0,-0.001623204234668441,0.0004062219125653276,0.000406221913145008,0.0008125017944513896,0.000404562152920257,-0.0004062219125653265
2,0.003849300000001047,8.117685888091714,0.000580706734643055,-12.0,-4.057971878136824,12.0,-0.001622911197167176,0.000405855258487148,0.0004058552590678535,0.0008117685888091714,0.0004053689012051276,-0.0004058552584871468
2,0.003849500000001047,8.11034101273157,0.0005817309372466717,-12.0,-4.054297904142606,12.0,-0.001622617350005684,0.0004054879635079866,0.0004054879640897162,0.000811034101273157,0.0004061767624966017,-0.0004054879635079854
2,0.003849700000001047,8.102983330032494,0.0005827542200558256,-12.0,-4.050617527858621,12.0,-0.001622322692315992,0.000405120028207869,0.000405120028790622,0.0008102983330032494,0.000406985734186821,-0.0004051200282078677
2,0.003849900000001048,8.095612851613685,0.0005837765816081308,-12.0,-4.046930755096665,12.0,-0.001622027223231348,0.0004047514531678286,0.0004047514537516039,0.0008095612851613686,0.0004077958136665671,-0.0004047514531678273
2,0.003850100000001048,8.088229589114496,0.0005847980204154446,-12.0,-4.043237591678645,12.0,-0.001621730941887556,0.0004043822389699073,0.000404382239554704,0.0008088229589114496,0.0004086069983257334,-0.0004043822389699061
2,0.003850300000001048,8.080833554194513,0.0005858185349936207,-12.0,-4.039538043436581,12.0,-0.001621433847422415,0.0004040123861971587,0.000404012386782976,0.0008080833554194513,0.0004094192855526868,-0.0004040123861971575
2,0.003850500000001048,8.073424758533513,0.0005868381238678388,-12.0,-4.035832116212574,12.0,-0.001621135938974727,0.0004036418954336455,0.0004036418960204823,0.0008073424758533513,0.000410232672735017,-0.0004036418954336442
2,0.003850700000001048,8.066003213831362,0.0005878567855632788,-12.0,-4.032119815858769,12.0,-0.001620837215685955,0.0004032707672644343,0.00040327076785229,0.0008066003213831362,0.0004110471572590091,-0.0004032707672644332
2,0.0038509000000010478,8.058568931808079,0.0005888745185931299,-12.0,-4.028401148237404,12.0,-0.001620537676699341,0.000402899002275601,0.0004028990028644743,0.0008058568931808079,0.0004118627365098104,-0.0004028990022755998
2,0.0038511000000010483,8.051121924203823,0.0005898913214830159,-12.0,-4.024676119220775,12.0,-0.00162023732115979,0.000402526601054227,0.0004025266016441171,0.0008051121924203823,0.0004126794078715412,-0.0004025266010542258
2,0.003851300000001048,8.043662202778805,0.000590907192759893,-12.0,-4.02094473469119,12.0,-0.001619936148214651,0.0004021535641883962,0.0004021535647793023,0.0008043662202778805,0.0004134971687272393,-0.000402153564188395
2,0.003851500000001048,8.036189779313306,0.0005919221309387268,-12.0,-4.017207000541024,12.0,-0.001619634157012384,0.0004017798922671976,0.0004017798928591183,0.0008036189779313306,0.0004143160164587767,-0.0004017798922671963
2,0.003851700000001049,8.028704665607714,0.0005929361345438089,-12.0,-4.01346292267268,12.0,-0.001619331346704445,0.0004014055858807236,0.0004014055864736586,0.0008028704665607715,0.000415135948447054,-0.0004014055858807224
2,0.0038519000000010488,8.021206873482399,0.0005939492021056481,-12.0,-4.009712506998548,12.0,-0.001619027716443178,0.0004010306456200667,0.0004010306462140147,0.0008021206873482399,0.0004159569620719727,-0.0004010306456200654
2,0.0038521000000010493,8.013696414777758,0.00059496133213921,-12.0,-4.005955759441057,12.0,-0.001618723265383704,0.0004006550720773209,0.000400655072672281,0.0008013696414777759,0.0004167790547123795,-0.0004006550720773197
2,0.003852300000001049,8.006173301354229,0.0005959725231705626,-12.0,-4.002192685932633,12.0,-0.001618417992682586,0.0004002788658455816,0.000400278866441553,0.0008006173301354229,0.0004176022237459276,-0.0004002788658455805
2,0.003852500000001049,7.998637545092195,0.0005969827737311029,-12.0,-3.998423292415674,12.0,-0.001618111897498831,0.0003999020275189417,0.0003999020281159232,0.0007998637545092196,0.0004184264665495208,-0.0003999020275189405
2,0.003852700000001049,7.991089157891959,0.0005979920823429019,-12.0,-3.994647584842544,12.0,-0.001617804978993331,0.0003995245576924899,0.0003995245582904808,0.0007991089157891959,0.0004192517804989526,-0.0003995245576924887
2,0.003852900000001049,7.98352815167386,0.0005990004475209254,-12.0,-3.990865569175644,12.0,-0.001617497236328647,0.0003991464569623177,0.0003991464575613169,0.0007983528151673861,0.0004200781629689621,-0.0003991464569623165
2,0.003853100000001049,7.975954538378125,0.0006000078678081167,-12.0,-3.987077251387272,12.0,-0.001617188668669778,0.0003987677259255093,0.0003987677265255159,0.0007975954538378125,0.0004209056113335385,-0.000398767725925508
2,0.00385330000000105,7.968368329964826,0.0006010143417212177,-12.0,-3.983282637459688,12.0,-0.001616879275183392,0.0003983883651801423,0.0003983883657811553,0.0007968368329964826,0.0004217341229654503,-0.0003983883651801409
2,0.00385350000000105,7.960769538413998,0.0006020198677898492,-12.0,-3.979481733385115,12.0,-0.001616569055039041,0.0003980083753252918,0.0003980083759273104,0.0007960769538413998,0.0004225636952367162,-0.0003980083753252905
2,0.00385370000000105,7.953158175725527,0.0006030244445387467,-12.0,-3.975674545165711,12.0,-0.001616258007406834,0.0003976277569610262,0.0003976277575640494,0.0007953158175725527,0.0004233943255183836,-0.000397627756961025
2,0.00385390000000105,7.945534253919122,0.0006040280705037482,-12.0,-3.971861078813525,12.0,-0.001615946131460211,0.0003972465106884041,0.000397246511292431,0.0007945534253919123,0.0004242260111806118,-0.0003972465106884029
2,0.00385410000000105,7.937897785034325,0.000605030744203372,-12.0,-3.96804134035055,12.0,-0.001615633426374719,0.0003968646371094766,0.0003968646377145061,0.0007937897785034325,0.0004250587495925329,-0.0003968646371094754
2,0.00385430000000105,7.930248781130534,0.0006060324641699033,-12.0,-3.964215335808687,12.0,-0.001615319891326683,0.0003964821368272869,0.0003964821374333182,0.0007930248781130534,0.0004258925381226963,-0.0003964821368272857
2,0.00385450000000105,7.92258725428688,0.0006070332289409563,-12.0,-3.960383071229697,12.0,-0.001615005525496038,0.0003960990104458649,0.000396099011052897,0.000792258725428688,0.0004267273741383748,-0.0003960990104458638
2,0.0038547000000010503,7.914913216602283,0.0006080330370354936,-12.0,-3.956544552665259,12.0,-0.001614690328064106,0.0003957152585702306,0.0003957152591782624,0.0007914913216602284,0.0004275632550063413,-0.0003957152585702294
2,0.00385490000000105,7.90722668019546,0.0006090318869880207,-12.0,-3.952699786176929,12.0,-0.001614374298214316,0.000395330881806393,0.0003953308824154236,0.000790722668019546,0.0004284001780921198,-0.0003953308818063917
2,0.003855100000001051,7.899527657204799,0.0006100297773361518,-12.0,-3.948848777836098,12.0,-0.001614057435132266,0.0003949458807613446,0.0003949458813713731,0.00078995276572048,0.0004292381407609291,-0.0003949458807613434
2,0.003855300000001051,7.891816159788424,0.000611026706601514,-12.0,-3.944991533724042,12.0,-0.00161373973800566,0.0003945602560430656,0.0003945602566540911,0.0007891816159788424,0.0004300771403767112,-0.0003945602560430644
2,0.003855500000001051,7.884092200124194,0.0006120226733208334,-12.0,-3.941128059931888,12.0,-0.001613421206024646,0.0003941740082605222,0.0003941740088725436,0.0007884092200124194,0.0004309171743027695,-0.0003941740082605209
2,0.0038557000000010513,7.876355790409585,0.0006130176760326123,-12.0,-3.937258362560567,12.0,-0.001613101838381259,0.0003937871380236612,0.0003937871386366776,0.0007876355790409586,0.0004317582399016306,-0.00039378713802366
2,0.003855900000001051,7.868606942861777,0.0006140117132593659,-12.0,-3.933382447720882,12.0,-0.0016127816342697,0.0003933996459434154,0.0003933996465574259,0.0007868606942861777,0.000432600334535016,-0.0003933996459434141
2,0.003856100000001051,7.860845669717554,0.0006150047835475903,-12.0,-3.929500321533407,12.0,-0.001612460592886222,0.0003930115326316967,0.0003930115332467003,0.0007860845669717554,0.0004334434555639255,-0.0003930115326316955
2,0.0038563000000010512,7.853071983233344,0.0006159968854189124,-12.0,-3.925611990128574,12.0,-0.001612138713429689,0.0003926227987014006,0.0003926227993173963,0.0007853071983233344,0.000434287600348443,-0.0003926227987013993
2,0.003856500000001051,7.84528589568516,0.0006169880174238251,-12.0,-3.921717459646565,12.0,-0.001611815995100629,0.0003922334447664001,0.0003922334453833869,0.000784528589568516,0.0004351327662480697,-0.0003922334447663989
2,0.003856700000001051,7.837487419368591,0.0006179781780839555,-12.0,-3.917816736237388,12.0,-0.001611492437102402,0.0003918434714415484,0.0003918434720595253,0.0007837487419368591,0.0004359789506215017,-0.0003918434714415472
2,0.003856900000001052,7.829676566598828,0.0006189673659422468,-12.0,-3.913909826060827,12.0,-0.001611168038639865,0.0003914528793426781,0.0003914528799616443,0.0007829676566598829,0.0004368261508267135,-0.0003914528793426769
2,0.003857100000001052,7.821853349710547,0.0006199555795411982,-12.0,-3.909996735286405,12.0,-0.001610842798920653,0.0003910616690865959,0.0003910616697065503,0.0007821853349710547,0.0004376743642210412,-0.0003910616690865947
2,0.0038573000000010522,7.814017781057959,0.0006209428174090981,-12.0,-3.906077470093438,12.0,-0.001610516717154231,0.0003906698412910859,0.0003906698419120275,0.000781401778105796,0.0004385235881610161,-0.0003906698412910848
2,0.003857500000001052,7.806169873014828,0.0006219290780871134,-12.0,-3.902152036670992,12.0,-0.00161018979255273,0.0003902773965749091,0.0003902773971968371,0.0007806169873014829,0.0004393738200025588,-0.0003902773965749079
2,0.003857700000001052,7.798309637974333,0.0006229143601226284,-12.0,-3.898220441217839,12.0,-0.001609862024330222,0.0003898843355577973,0.0003898843361807105,0.0007798309637974333,0.0004402250571008681,-0.0003898843355577961
2,0.003857900000001052,7.790437088349138,0.0006238986620439313,-12.0,-3.894282689942515,12.0,-0.001609533411703223,0.0003894906588604572,0.0003894906594843547,0.0007790437088349138,0.0004410772968105048,-0.0003894906588604559
2,0.003858100000001052,7.782552236571391,0.0006248819823966301,-12.0,-3.890338789063281,12.0,-0.001609203953890359,0.0003890963671045689,0.0003890963677294497,0.0007782552236571391,0.0004419305364854187,-0.0003890963671045677
2,0.003858300000001052,7.774655095092609,0.0006258643197281089,-12.0,-3.88638874480807,12.0,-0.001608873650112419,0.0003887014609127809,0.0003887014615386441,0.000777465509509261,0.0004427847734788659,-0.0003887014609127798
2,0.003858500000001052,7.766745676383742,0.0006268456725675442,-12.0,-3.882432563414564,12.0,-0.001608542499592747,0.0003883059409087144,0.0003883059415355588,0.0007766745676383742,0.0004436400051435474,-0.0003883059409087132
2,0.003858700000001053,7.758823992935119,0.0006278260394716462,-12.0,-3.878470251130092,12.0,-0.00160821050155685,0.0003879098077169575,0.0003879098083447824,0.000775882399293512,0.0004444962288314702,-0.0003879098077169564
2,0.003858900000001053,7.750890057256417,0.0006288054189726999,-12.0,-3.874501814211695,12.0,-0.001607877655232681,0.000387513061963068,0.0003875130625918722,0.0007750890057256417,0.0004453534418940863,-0.0003875130619630668
2,0.003859100000001053,7.742943881876709,0.0006297838096176456,-12.0,-3.870527258926091,12.0,-0.001607543959850355,0.000387115704273572,0.0003871157049033545,0.0007742943881876709,0.0004462116416823203,-0.0003871157042735709
2,0.003859300000001053,7.734985479344341,0.0006307612099591964,-12.0,-3.86654659154962,12.0,-0.001607209414642652,0.0003867177352759591,0.0003867177359067191,0.0007734985479344341,0.0004470708255463196,-0.0003867177352759579
2,0.003859500000001053,7.727014862226985,0.0006317376185296375,-12.0,-3.862559818368323,12.0,-0.001606874018843796,0.0003863191555986863,0.0003863191562304228,0.0007727014862226986,0.0004479309908359819,-0.0003863191555986852
2,0.0038597000000010527,7.719032043111598,0.0006327130338887876,-12.0,-3.858566945677835,12.0,-0.001606537771691452,0.0003859199658711737,0.0003859199665038855,0.0007719032043111599,0.0004487921349003998,-0.0003859199658711724
2,0.0038599000000010533,7.71103703460439,0.0006336874545733728,-12.0,-3.85456797978346,12.0,-0.00160620067242484,0.0003855201667238045,0.0003855201673574908,0.000771103703460439,0.0004496542550882221,-0.0003855201667238034
2,0.003860100000001053,7.703029849330864,0.0006346608791338859,-12.0,-3.850562927000122,12.0,-0.001605862720286066,0.0003851197587879268,0.0003851197594225865,0.0007703029849330864,0.0004505173487475145,-0.0003851197587879257
2,0.003860300000001053,7.695010499935693,0.0006356333061265929,-12.0,-3.846551793652324,12.0,-0.001605523914519236,0.0003847187426958462,0.0003847187433314783,0.0007695010499935693,0.0004513814132259264,-0.000384718742695845
2,0.003860500000001054,7.686978999082783,0.0006366047340873315,-12.0,-3.842534586074213,12.0,-0.001605184254371173,0.0003843171190808311,0.0003843171197174348,0.0007686978999082783,0.0004522464458704134,-0.0003843171190808301
2,0.0038607000000010537,7.678935359455219,0.0006375751615799174,-12.0,-3.838511310609488,12.0,-0.001604843739090478,0.000383914888577108,0.000383914889214682,0.000767893535945522,0.00045311244402782,-0.0003839148885771068
2,0.0038609000000010543,7.67087959375525,0.0006385445871455175,-12.0,-3.834481973611461,12.0,-0.001604502367928862,0.0003835120518198618,0.0003835120524584052,0.000767087959375525,0.0004539794050440471,-0.0003835120518198607
2,0.003861100000001054,7.66281171470431,0.0006395130093395096,-12.0,-3.830446581443016,12.0,-0.001604160140140087,0.0003831086094452367,0.0003831086100847485,0.000766281171470431,0.0004548473262647734,-0.0003831086094452356
2,0.003861300000001054,7.654731735042896,0.0006404804267190478,-12.0,-3.826405140476565,12.0,-0.001603817054980139,0.0003827045620903296,0.0003827045627308088,0.0007654731735042896,0.0004557162050353447,-0.0003827045620903285
2,0.003861500000001054,7.646639667530636,0.0006414468378288518,-12.0,-3.822357657094107,12.0,-0.001603473111708054,0.0003822999103931948,0.0003822999110346404,0.0007646639667530636,0.0004565860387003018,-0.0003822999103931936
2,0.003861700000001054,7.63853552494629,0.0006424122412265199,-12.0,-3.818304137687182,12.0,-0.001603128309584534,0.0003818946549928421,0.0003818946556352531,0.000763853552494629,0.00045745682460413,-0.0003818946549928409
2,0.003861900000001054,7.630419320087615,0.0006433766354749793,-12.0,-3.814244588656828,12.0,-0.001602782647873335,0.0003814887965292314,0.000381488797172607,0.0007630419320087615,0.0004583285600905929,-0.0003814887965292303
2,0.003862100000001054,7.622291065771429,0.0006443400191180615,-12.0,-3.810179016413637,12.0,-0.001602436125840323,0.0003810823356432766,0.0003810823362876156,0.000762229106577143,0.0004592012425031211,-0.0003810823356432756
2,0.003862300000001055,7.614150774833631,0.0006453023907173616,-12.0,-3.806107427377716,12.0,-0.001602088742753693,0.0003806752729768445,0.0003806752736221457,0.0007614150774833631,0.0004600748691850898,-0.0003806752729768434
2,0.003862500000001055,7.605998460129054,0.000646263748835807,-12.0,-3.802029827978635,12.0,-0.001601740497884585,0.0003802676091727483,0.0003802676098190109,0.0007605998460129054,0.0004609494374788192,-0.0003802676091727471
2,0.003862700000001055,7.597834134531539,0.0006472240920243344,-12.0,-3.797946224655492,12.0,-0.001601391390506135,0.0003798593448747528,0.0003798593455219757,0.000759783413453154,0.0004618249447269074,-0.0003798593448747517
2,0.003862900000001055,7.589657810933933,0.0006481834188432067,-12.0,-3.793856623856867,12.0,-0.001601041419894478,0.0003794504807275721,0.0003794504813757545,0.0007589657810933933,0.0004627013882710918,-0.0003794504807275711
2,0.003863100000001055,7.581469502247979,0.0006491417278584599,-12.0,-3.789761032040785,12.0,-0.001600690585327524,0.0003790410173768654,0.0003790410180260061,0.000758146950224798,0.0004635787654530266,-0.0003790410173768643
2,0.0038633000000010548,7.57326922140433,0.0006500990176281363,-12.0,-3.785659455674733,12.0,-0.001600338886086183,0.0003786309554692373,0.0003786309561193351,0.000757326922140433,0.0004644570736140885,-0.0003786309554692361
2,0.0038635000000010553,7.565056981352585,0.0006510552867120545,-12.0,-3.781551901235672,12.0,-0.001599986321454083,0.0003782202956522395,0.0003782202963032937,0.0007565056981352586,0.0004653363100950159,-0.0003782202956522384
2,0.003863700000001055,7.556832795061236,0.000652010533673586,-12.0,-3.777438375210002,12.0,-0.001599632890716407,0.0003778090385743687,0.0003778090392263781,0.0007556832795061237,0.0004662164722365469,-0.0003778090385743676
2,0.003863900000001056,7.548596675517585,0.0006529647570836516,-12.0,-3.773318884093519,12.0,-0.001599278593162057,0.0003773971848850614,0.0003773971855380251,0.0007548596675517585,0.0004670975573789204,-0.0003773971848850604
2,0.003864100000001056,7.540348635727795,0.000653917955495853,-12.0,-3.769193434391474,12.0,-0.001598923428081711,0.0003769847352346981,0.000376984735888615,0.0007540348635727795,0.000467979562862042,-0.000376984735234697
2,0.0038643000000010558,7.532088688716905,0.000654870127481999,-12.0,-3.765062032618527,12.0,-0.001598567394768546,0.000376571690274602,0.0003765716909294712,0.0007532088688716905,0.0004688624860258173,-0.000376571690274601
2,0.0038645000000010563,7.523816847528668,0.0006558212716130107,-12.0,-3.760924685298701,12.0,-0.001598210492518959,0.0003761580506570325,0.0003761580513128528,0.0007523816847528668,0.0004697463242094579,-0.0003761580506570315
2,0.003864700000001056,7.515533125225659,0.0006567713864469304,-12.0,-3.756781398965445,12.0,-0.001597852720630788,0.0003757438170351904,0.0003757438176919606,0.000751553312522566,0.0004706310747522591,-0.0003757438170351892
2,0.003864900000001056,7.507237534889251,0.0006577204705573436,-12.0,-3.752632180161585,12.0,-0.001597494078405648,0.0003753289900632152,0.0003753289907209347,0.0007507237534889251,0.0004715167349930438,-0.0003753289900632142
2,0.0038651000000010562,7.498930089619482,0.0006586685225182798,-12.0,-3.748477035439279,12.0,-0.001597134565146818,0.0003749135703961808,0.0003749135710548483,0.0007498930089619482,0.0004724033022706631,-0.0003749135703961797
2,0.003865300000001056,7.490610802535145,0.0006596155408908899,-12.0,-3.744315971360081,12.0,-0.001596774180160798,0.0003744975586900983,0.0003744975593497127,0.0007490610802535145,0.0004732907739233017,-0.0003744975586900972
2,0.003865500000001056,7.482279686773762,0.0006605615242509799,-12.0,-3.74014899449489,12.0,-0.001596412922756141,0.0003740809556019152,0.0003740809562624756,0.0007482279686773762,0.0004741791472893109,-0.0003740809556019141
2,0.003865700000001057,7.47393675549149,0.0006615064711734675,-12.0,-3.73597611142392,12.0,-0.001596050792244286,0.0003736637617895105,0.0003736637624510158,0.000747393675549149,0.0004750684197066257,-0.0003736637617895094
2,0.003865900000001057,7.465582021863114,0.0006624503802350468,-12.0,-3.7317973287367,12.0,-0.001595687787939171,0.0003732459779116946,0.0003732459785741439,0.0007465582021863115,0.0004759585885130979,-0.0003732459779116935
2,0.0038661000000010572,7.45721549908213,0.0006633932499924278,-12.0,-3.727612653032145,12.0,-0.001595323909157287,0.0003728276046282147,0.0003728276052916069,0.000745721549908213,0.0004768496510463571,-0.0003728276046282137
2,0.003866300000001057,7.448837200360635,0.0006643350790418445,-12.0,-3.723422090918404,12.0,-0.001594959155217901,0.0003724086425997456,0.0003724086432640797,0.0007448837200360635,0.0004777416046437277,-0.0003724086425997446
2,0.003866500000001057,7.440447138929226,0.0006652758659528857,-12.0,-3.719225649012925,12.0,-0.001594593525443,0.0003719890924878889,0.0003719890931531637,0.0007440447138929227,0.0004786344466425618,-0.0003719890924878878
2,0.003866700000001057,7.432045328037201,0.000666215609290699,-12.0,-3.715023333942509,12.0,-0.001594227019156624,0.000371568954955181,0.0003715689556213955,0.0007432045328037202,0.0004795281743799895,-0.0003715689549551799
2,0.003866900000001057,7.42363178095237,0.000667154307653739,-12.0,-3.710815152343161,12.0,-0.001593859635686146,0.0003711482306650825,0.0003711482313322358,0.000742363178095237,0.0004804227851929188,-0.0003711482306650815
2,0.0038671000000010574,7.415206510960997,0.0006680919596102619,-12.0,-3.706601110860164,12.0,-0.0015934913743611,0.0003707269202819785,0.0003707269209500693,0.0007415206510960997,0.000481318276418119,-0.0003707269202819774
2,0.003867300000001057,7.40676953136794,0.0006690285637400706,-12.0,-3.702381216148074,12.0,-0.001593122234514022,0.0003703050244711824,0.00037030502514021,0.0007406769531367941,0.0004822146453924148,-0.0003703050244711814
2,0.003867500000001058,7.398320855496549,0.0006699641186265204,-12.0,-3.698155474870695,12.0,-0.001592752215479776,0.0003698825438989331,0.0003698825445688962,0.000739832085549655,0.0004831118894523256,-0.0003698825438989321
2,0.003867700000001058,7.38986049668859,0.0006708986228569636,-12.0,-3.693923893701024,12.0,-0.001592381316596114,0.0003694594792323891,0.0003694594799032867,0.000738986049668859,0.000484010005934371,-0.0003694594792323881
2,0.003867900000001058,7.3813884683043,0.0006718320750080942,-12.0,-3.689686479321317,12.0,-0.001592009537203398,0.0003690358311396335,0.0003690358318114646,0.00073813884683043,0.0004849089921748484,-0.0003690358311396326
2,0.0038681000000010584,7.372904783722372,0.000672764473665044,-12.0,-3.685443238423043,12.0,-0.001591636876644598,0.0003686116002896718,0.0003686116009624353,0.0007372904783722372,0.0004858088455101106,-0.0003686116002896709
2,0.003868300000001058,7.36440945633985,0.0006736958174213825,-12.0,-3.681194177706834,12.0,-0.001591263334265625,0.0003681867873524266,0.0003681867880261214,0.000736440945633985,0.0004867095632763996,-0.0003681867873524256
2,0.0038685000000010577,7.35590249957218,0.0006746261048533597,-12.0,-3.676939303882549,12.0,-0.001590888909414556,0.0003677613929987413,0.0003677613936733664,0.0007355902499572181,0.0004876111428099017,-0.0003677613929987402
2,0.0038687000000010583,7.34738392685322,0.0006755553345536569,-12.0,-3.672678623669226,12.0,-0.001590513601442967,0.000367335417900379,0.0003673354185759333,0.0007347383926853221,0.0004885135814465813,-0.000367335417900378
2,0.003868900000001058,7.338853751635114,0.0006764835051153995,-12.0,-3.668412143795049,12.0,-0.001590137409704317,0.0003669088627300175,0.0003669088634064999,0.0007338853751635114,0.000489416876522708,-0.0003669088627300164
2,0.003869100000001058,7.330311987388293,0.0006774106151277159,-12.0,-3.664139870997348,12.0,-0.001589760333555124,0.0003664817281612486,0.0003664817288386583,0.0007330311987388293,0.0004903210253741908,-0.0003664817281612475
2,0.003869300000001059,7.321758647601584,0.0006783366631686327,-12.0,-3.659861812022672,12.0,-0.001589382372355008,0.0003660540148685851,0.0003660540155469208,0.0007321758647601584,0.0004912260253371048,-0.0003660540148685841
2,0.0038695000000010587,7.313193745782057,0.0006792616478485947,-12.0,-3.655577973626638,12.0,-0.001589003525465704,0.0003656257235274497,0.0003656257242067105,0.0007313193745782057,0.000492131873747359,-0.0003656257235274487
2,0.0038697000000010593,7.304617295454968,0.0006801855677540658,-12.0,-3.651288362573998,12.0,-0.001588623792252053,0.0003651968548141763,0.0003651968554943607,0.0007304617295454969,0.0004930385679410842,-0.0003651968548141753
2,0.003869900000001059,7.296029310163886,0.000681108421475507,-12.0,-3.646992985638647,12.0,-0.001588243172081394,0.0003647674094060132,0.0003647674100871206,0.0007296029310163886,0.0004939461052541894,-0.0003647674094060122
2,0.003870100000001059,7.287429803470595,0.0006820302076091522,-12.0,-3.642691849603581,12.0,-0.001587861664324064,0.0003643373879811201,0.0003643373886631493,0.0007287429803470596,0.0004948544830226942,-0.0003643373879811191
2,0.003870300000001059,7.278818788955024,0.0006829509247623378,-12.0,-3.638384961260859,12.0,-0.001587479268353009,0.0003639067912185631,0.0003639067919015131,0.0007278818788955025,0.0004957636985827574,-0.0003639067912185621
2,0.003870500000001059,7.270196280215287,0.0006838705715210835,-12.0,-3.634072327411657,12.0,-0.001587095983543896,0.0003634756197983187,0.0003634756204821883,0.0007270196280215287,0.000496673749270371,-0.0003634756197983178
2,0.003870700000001059,7.26156229086769,0.0006847891464865086,-12.0,-3.629753954866224,12.0,-0.001586711809275387,0.000363043874401272,0.0003630438750860602,0.0007261562290867691,0.0004975846324217215,-0.0003630438744012711
2,0.003870900000001059,7.252916834546603,0.0006857066482663932,-12.0,-3.625429850443835,12.0,-0.00158632674492859,0.0003626115557092112,0.0003626115563949169,0.0007252916834546604,0.0004984963453730229,-0.0003626115557092102
2,0.00387110000000106,7.244259924904529,0.0006866230754516423,-12.0,-3.621100020972856,12.0,-0.001585940789887941,0.0003621786644048318,0.0003621786650914539,0.000724425992490453,0.0004994088854603507,-0.0003621786644048307
2,0.00387130000000106,7.235591575612096,0.0006875384266504803,-12.0,-3.616764473290688,12.0,-0.001585553943539875,0.0003617452011717349,0.0003617452018592723,0.0007235591575612097,0.000500322250020363,-0.0003617452011717339
2,0.00387150000000106,7.22691180035793,0.000688452700472908,-12.0,-3.612423214243729,12.0,-0.001585166205274324,0.000361311166694421,0.0003613111673828729,0.000722691180035793,0.0005012364363893018,-0.0003613111666944202
2,0.00387170000000106,7.218220612848717,0.0006893658955111626,-12.0,-3.608076250687433,12.0,-0.001584777574483609,0.0003608765616582953,0.0003608765623476603,0.0007218220612848717,0.0005021514419036588,-0.0003608765616582944
2,0.00387190000000106,7.209518026809206,0.000690278010376133,-12.0,-3.603723589486259,12.0,-0.001584388050563101,0.0003604413867496644,0.0003604413874399415,0.0007209518026809206,0.0005030672639002309,-0.0003604413867496635
2,0.0038721000000010598,7.200804055982088,0.000691189043682261,-12.0,-3.59936523751363,12.0,-0.001583997632910727,0.0003600056426557322,0.0003600056433469203,0.0007200804055982089,0.0005039838997155655,-0.0003600056426557312
2,0.0038723000000010603,7.192078714128062,0.0006920989940253364,-12.0,-3.595001201652003,12.0,-0.001583606320927688,0.0003595693300646038,0.0003595693307567018,0.0007192078714128062,0.0005049013466866814,-0.0003595693300646029
2,0.00387250000000106,7.18334201502577,0.0006930078600291267,-12.0,-3.590631488792763,12.0,-0.001583214114017351,0.0003591324496652802,0.000359132450358287,0.000718334201502577,0.0005058196021505978,-0.0003591324496652792
2,0.00387270000000106,7.174593972471794,0.0006939156402903102,-12.0,-3.586256105836305,12.0,-0.001582821011586633,0.0003586950021476605,0.0003586950028415751,0.0007174593972471794,0.0005067386634443616,-0.0003586950021476595
2,0.003872900000001061,7.165834600280618,0.0006948223334353187,-12.0,-3.581875059691932,12.0,-0.00158242701304484,0.0003582569882025377,0.0003582569888973592,0.0007165834600280619,0.0005076585279053525,-0.0003582569882025368
2,0.0038731000000010608,7.157063912284617,0.0006957279380670478,-12.0,-3.577488357277928,12.0,-0.001582032117804055,0.0003578184085216004,0.0003578184092173275,0.0007157063912284617,0.000508579192871117,-0.0003578184085215995
2,0.0038733000000010613,7.148281922334063,0.0006966324528008272,-12.0,-3.573096005521506,12.0,-0.001581636325279745,0.0003573792637974316,0.0003573792644940632,0.0007148281922334063,0.0005095006556791459,-0.0003573792637974307
2,0.003873500000001061,7.139488644297032,0.0006975358762617567,-12.0,-3.568698011358764,12.0,-0.001581239634889597,0.0003569395547235035,0.0003569395554210386,0.0007139488644297032,0.0005104229136674299,-0.0003569395547235026
2,0.003873700000001061,7.130684092059423,0.0006984382070545081,-12.0,-3.564294381734748,12.0,-0.00158084204605452,0.0003564992819941812,0.0003564992826926184,0.0007130684092059423,0.0005113459641738483,-0.0003564992819941802
2,0.003873900000001061,7.121868279525005,0.000699339443803737,-12.0,-3.559885123603402,12.0,-0.001580443558198363,0.0003560584463047214,0.0003560584470040601,0.0007121868279525006,0.0005122698045367802,-0.0003560584463047206
2,0.003874100000001061,7.11304122061524,0.0007002395851345433,-12.0,-3.555470243927522,12.0,-0.001580044170747585,0.0003556170483512666,0.0003556170490515053,0.000711304122061524,0.0005131944320945492,-0.0003556170483512657
2,0.003874300000001061,7.104202929269393,0.0007011386296529309,-12.0,-3.551049749678831,12.0,-0.001579643883131754,0.0003551750888308493,0.000355175089531987,0.0007104202929269393,0.0005141198441858952,-0.0003551750888308484
2,0.003874500000001062,7.095353419444463,0.0007020365759995428,-12.0,-3.546623647837866,12.0,-0.001579242694783212,0.0003547325684413875,0.0003547325691434232,0.0007095353419444464,0.0005150460381496413,-0.0003547325684413866
2,0.003874700000001062,7.086492705115139,0.0007029334227817152,-12.0,-3.542191945394062,12.0,-0.001578840605137133,0.0003542894878816852,0.0003542894885846178,0.0007086492705115139,0.0005159730113249994,-0.0003542894878816844
2,0.0038749000000010622,7.077620800273857,0.0007038291686307652,-12.0,-3.537754649345691,12.0,-0.001578437613631634,0.000353845847851433,0.0003538458485552613,0.0007077620800273857,0.0005169007610513199,-0.0003538458478514322
2,0.003875100000001062,7.068737718930658,0.0007047238121766775,-12.0,-3.533311766699825,12.0,-0.001578033719708105,0.0003534016490512011,0.0003534016497559241,0.0007068737718930659,0.0005178292846681753,-0.0003534016490512002
2,0.003875300000001062,7.059843475113254,0.0007056173520383346,-12.0,-3.528863304472396,12.0,-0.001577628922810326,0.0003529568921824444,0.0003529568928880608,0.0007059843475113255,0.0005187585795155547,-0.0003529568921824435
2,0.003875500000001062,7.05093808286703,0.000706509786847942,-12.0,-3.524409269688145,12.0,-0.001577223222385238,0.0003525115779475001,0.0003525115786540092,0.000705093808286703,0.0005196886429335856,-0.0003525115779474993
2,0.003875700000001062,7.042021556254898,0.0007074011152421456,-12.0,-3.519949669380575,12.0,-0.00157681661788267,0.0003520657070495826,0.0003520657077569828,0.0007042021556254898,0.0005206194722627844,-0.0003520657070495817
2,0.0038759000000010623,7.033093909357381,0.000708291335839828,-12.0,-3.515484510592017,12.0,-0.001576409108755339,0.0003516192801927866,0.0003516192809010771,0.000703309390935738,0.0005215510648438615,-0.0003516192801927857
2,0.003876100000001062,7.024155156272605,0.0007091804472794117,-12.0,-3.511013800373578,12.0,-0.001576000694459123,0.0003511722980820867,0.0003511722987912663,0.0007024155156272606,0.0005224834180179161,-0.0003511722980820858
2,0.003876300000001063,7.015205311116161,0.0007100684482002073,-12.0,-3.506537545785096,12.0,-0.001575591374452401,0.0003507247614233304,0.0003507247621333981,0.0007015205311116161,0.0005234165291262971,-0.0003507247614233296
2,0.003876500000001063,7.006244388021202,0.0007109553372242061,-12.0,-3.502055753895212,12.0,-0.001575181148197047,0.0003502766709232445,0.0003502766716341989,0.0007006244388021201,0.000524350395510742,-0.0003502766709232436
2,0.003876700000001063,6.99727240113836,0.0007118411130053737,-12.0,-3.497568431781261,12.0,-0.001574770015157489,0.0003498280272894274,0.0003498280280012678,0.000699727240113836,0.0005252850145132382,-0.0003498280272894266
2,0.0038769000000010633,6.988289364635729,0.0007127257741617044,-12.0,-3.493075586529364,12.0,-0.001574357974801155,0.0003493788312303534,0.0003493788319430784,0.0006988289364635729,0.0005262203834762169,-0.0003493788312303526
2,0.003877100000001063,6.979295292698858,0.0007136093193498283,-12.0,-3.488577225234311,12.0,-0.001573945026598744,0.0003489290834553669,0.0003489290841689754,0.0006979295292698857,0.0005271564997422484,-0.000348929083455366
2,0.003877300000001063,6.970290199530713,0.000714491747198398,-12.0,-3.484073354999641,12.0,-0.001573531170023235,0.0003484787846746847,0.0003484787853891757,0.0006970290199530714,0.0005280933606546523,-0.000348478784674684
2,0.0038775000000010633,6.961274099351704,0.0007153730563524974,-12.0,-3.479563982937593,12.0,-0.001573116404551711,0.0003480279355993954,0.0003480279363147676,0.0006961274099351705,0.0005290309635566648,-0.0003480279355993946
2,0.003877700000001063,6.952247006399563,0.0007162532454625392,-12.0,-3.475049116169056,12.0,-0.00157270072966309,0.0003475765369414526,0.000347576537657705,0.0006952247006399562,0.0005299693057921329,-0.0003475765369414518
2,0.003877900000001063,6.943208934929394,0.000717132313161617,-12.0,-3.470528761823632,12.0,-0.001572284144839953,0.0003471245894136802,0.0003471245901308116,0.0006943208934929394,0.0005309083847052365,-0.0003471245894136794
2,0.003878100000001064,6.934159899213691,0.0007180102581005876,-12.0,-3.466002927039592,12.0,-0.001571866649567544,0.0003466720937297701,0.0003466720944477795,0.0006934159899213691,0.0005318481976407108,-0.0003466720937297693
2,0.003878300000001064,6.925099913542177,0.0007188870789316404,-12.0,-3.46147161896382,12.0,-0.001571448243334495,0.000346219050604276,0.0003462190513231623,0.0006925099913542178,0.0005327887419432631,-0.0003462190506042752
2,0.0038785000000010643,6.916028992221909,0.0007197627742945301,-12.0,-3.456934844751884,12.0,-0.001571028925631934,0.0003457654607526187,0.0003457654614723808,0.0006916028992221909,0.0005337300149586,-0.0003457654607526179
2,0.003878700000001064,6.90694714957724,0.0007206373428427781,-12.0,-3.452392611567982,12.0,-0.001570608695954323,0.0003453113248910833,0.0003453113256117199,0.000690694714957724,0.0005346720140323724,-0.0003453113248910825
2,0.003878900000001064,6.897854399949725,0.0007215107832325707,-12.0,-3.447844926584906,12.0,-0.001570187553798952,0.0003448566437368147,0.0003448566444583246,0.0006897854399949726,0.0005356147365108699,-0.0003448566437368139
2,0.003879100000001064,6.888750757698108,0.0007223830941169851,-12.0,-3.443291796984048,12.0,-0.001569765498666664,0.0003444014180078173,0.0003444014187301995,0.0006888750757698108,0.0005365581797407148,-0.0003444014180078165
2,0.003879300000001064,6.879636237198426,0.0007232542741326675,-12.0,-3.438733229955471,12.0,-0.001569342530060303,0.0003439456484229613,0.0003439456491462147,0.0006879636237198426,0.0005375023410691127,-0.0003439456484229604
2,0.003879500000001064,6.870510852843864,0.0007241243219597848,-12.0,-3.43416923269775,12.0,-0.001568918647486983,0.0003434893357019719,0.0003434893364260953,0.0006870510852843865,0.000538447217843574,-0.000343489335701971
2,0.003879700000001064,6.861374619044669,0.0007249932362465294,-12.0,-3.429599812418032,12.0,-0.001568493850455654,0.0003430324805654287,0.0003430324812904212,0.000686137461904467,0.000539392807412109,-0.0003430324805654279
2,0.003879900000001065,6.852227550228352,0.0007258610156384293,-12.0,-3.425024976332109,12.0,-0.001568068138478984,0.0003425750837347755,0.0003425750844606357,0.0006852227550228352,0.0005403391071233388,-0.0003425750837347748
2,0.003880100000001065,6.843069660839486,0.000726727658814319,-12.0,-3.420444731664245,12.0,-0.001567641511072915,0.0003421171459323067,0.0003421171466590336,0.0006843069660839486,0.0005412861143261338,-0.0003421171459323059
2,0.003880300000001065,6.833900965339662,0.00072759316442772,-12.0,-3.415859085647257,12.0,-0.001567213967755665,0.0003416586678811694,0.0003416586686087618,0.0006833900965339662,0.0005422338263699755,-0.0003416586678811686
2,0.003880500000001065,6.82472147820761,0.0007284575311383712,-12.0,-3.411268045522522,12.0,-0.001566785508049118,0.0003411996503053669,0.0003411996510338236,0.000682472147820761,0.000543182240604928,-0.0003411996503053661
2,0.003880700000001065,6.815531213939113,0.0007293207576117844,-12.0,-3.406671618539931,12.0,-0.001566356131478042,0.0003407400939297551,0.0003407400946590751,0.0006815531213939113,0.0005441313543812776,-0.0003407400939297542
2,0.0038809000000010647,6.806330187046905,0.0007301828425219092,-12.0,-3.402069811957841,12.0,-0.001565925837570148,0.0003402799994800372,0.0003402800002102191,0.0006806330187046905,0.0005450811650501153,-0.0003402799994800364
2,0.0038811000000010653,6.797118412060746,0.0007310437845240436,-12.0,-3.397462633043149,12.0,-0.001565494625856367,0.000339819367682768,0.0003398193684138111,0.0006797118412060746,0.0005460316699629486,-0.0003398193676827673
2,0.003881300000001065,6.787895903527403,0.0007319035822903608,-12.0,-3.392850089071231,12.0,-0.001565062495870628,0.0003393581992653529,0.0003393581999972557,0.0006787895903527403,0.0005469828664718124,-0.0003393581992653521
2,0.003881500000001065,6.778662676010535,0.0007327622344988072,-12.0,-3.388232187325897,12.0,-0.001564629447150079,0.0003388964949560403,0.0003388964956888018,0.0006778662676010536,0.00054793475192913,-0.0003388964949560396
2,0.003881700000001066,6.769418744090743,0.0007336197398100097,-12.0,-3.383608935099458,12.0,-0.001564195479234642,0.0003384342554839276,0.0003384342562175467,0.0006769418744090744,0.0005488873236881575,-0.0003384342554839268
2,0.0038819000000010657,6.760164122365567,0.0007344760968992503,-12.0,-3.378980339692674,12.0,-0.001563760591667684,0.000337971481578958,0.0003379714823134334,0.0006760164122365567,0.0005498405791024008,-0.0003379714815789573
2,0.0038821000000010663,6.750898825449394,0.0007353313044466958,-12.0,-3.374346408414714,12.0,-0.001563324783995401,0.0003375081739719169,0.0003375081747072473,0.0006750898825449394,0.0005507945155261984,-0.0003375081739719161
2,0.003882300000001066,6.741622867973423,0.0007361853611289604,-12.0,-3.369707148583164,12.0,-0.001562888055767264,0.00033704433339443,0.0003370443341306147,0.0006741622867973423,0.0005517491303142497,-0.0003370443333944292
2,0.003882500000001066,6.732336264585785,0.0007370382656075591,-12.0,-3.365062567524099,12.0,-0.001562450406535576,0.0003365799605789713,0.0003365799613160089,0.0006732336264585786,0.0005527044208219756,-0.0003365799605789706
2,0.003882700000001066,6.723039029951389,0.0007378900165821989,-12.0,-3.360412672571921,12.0,-0.001562011835856247,0.000336115056258851,0.0003361150569967403,0.0006723039029951389,0.000553660384405269,-0.0003361150562588503
2,0.003882900000001066,6.713731178751839,0.0007387406127272733,-12.0,-3.355757471069423,12.0,-0.001561572343287576,0.0003356496211682157,0.0003356496219069557,0.000671373117875184,0.0005546170184206889,-0.000335649621168215
2,0.003883100000001066,6.704412725685637,0.0007395900527082944,-12.0,-3.351096970367855,12.0,-0.001561131928391635,0.000335183656042057,0.0003351836567816464,0.0006704412725685637,0.0005555743202254049,-0.0003351836560420564
2,0.003883300000001066,6.69508368546798,0.0007404383352316302,-12.0,-3.346431177826759,12.0,-0.001560690590733493,0.0003347171616161998,0.0003347171623566374,0.000669508368546798,0.0005565322871770029,-0.0003347171616161991
2,0.003883500000001067,6.685744072830713,0.0007412854589721185,-12.0,-3.341760100814044,12.0,-0.001560248329880887,0.0003342501386273023,0.000334250139368587,0.0006685744072830713,0.0005574909166340403,-0.0003342501386273017
2,0.003883700000001067,6.676393902522453,0.000742131422613479,-12.0,-3.337083746705992,12.0,-0.001559805145405158,0.0003337825878128613,0.000333782588554992,0.0006676393902522454,0.0005584502059553798,-0.0003337825878128606
2,0.003883900000001067,6.667033189308495,0.0007429762248456484,-12.0,-3.332402122887217,12.0,-0.001559361036880758,0.000333314509911207,0.0003333145106541825,0.0006667033189308495,0.0005594101525005779,-0.0003333145099112063
2,0.003884100000001067,6.657661947970725,0.0007438198643647809,-12.0,-3.327715236750616,12.0,-0.001558916003884914,0.0003328459056614989,0.000332845906405318,0.0006657661947970725,0.0005603707536300517,-0.0003328459056614981
2,0.003884300000001067,6.648280193307671,0.0007446623398514873,-12.0,-3.323023095697435,12.0,-0.001558470045998461,0.0003323767758037294,0.000332376776548391,0.0006648280193307671,0.0005613320067046068,-0.0003323767758037287
2,0.003884500000001067,6.638887940134519,0.0007455036500019219,-12.0,-3.31832570713722,12.0,-0.001558023162804734,0.0003319071210787229,0.0003319071218242259,0.000663888794013452,0.0005622939090858259,-0.0003319071210787222
2,0.0038847000000010673,6.629485203282946,0.0007463437935175676,-12.0,-3.313623078487759,12.0,-0.001557575353891227,0.0003314369422281284,0.0003314369429744714,0.0006629485203282946,0.0005632564581359023,-0.0003314369422281277
2,0.003884900000001067,6.620071997601221,0.0007471827690817001,-12.0,-3.30891521717516,12.0,-0.001557126618847549,0.0003309662399944249,0.000330966240741607,0.0006620071997601221,0.0005642196512176678,-0.0003309662399944242
2,0.003885100000001068,6.610648337954186,0.0007480205753971347,-12.0,-3.304202130633791,12.0,-0.001556676957266856,0.0003304950151209195,0.0003304950158689394,0.0006610648337954186,0.0005651834856948423,-0.0003304950151209189
2,0.003885300000001068,6.60121423922312,0.0007488572111689074,-12.0,-3.299483826306234,12.0,-0.001556226368745695,0.000330023268351741,0.0003300232691005976,0.000660121423922312,0.0005661479589315066,-0.0003300232683517403
2,0.003885500000001068,6.591769716305807,0.0007496926750865107,-12.0,-3.294760311643347,12.0,-0.001555774852883829,0.000329551000431844,0.0003295510011815361,0.0006591769716305807,0.000567113068292685,-0.0003295510004318434
2,0.0038857000000010683,6.58231478411654,0.0007505269658540925,-12.0,-3.290031594104219,12.0,-0.001555322409283466,0.000329078212107008,0.0003290782128575343,0.000658231478411654,0.0005680788111441237,-0.0003290782121070073
2,0.003885900000001068,6.572849457585999,0.0007513600821815736,-12.0,-3.285297681156126,12.0,-0.001554869037550755,0.0003286049041238315,0.0003286049048751909,0.0006572849457586,0.0005690451848519851,-0.0003286049041238307
2,0.003886100000001068,6.563373751661259,0.0007521920227731016,-12.0,-3.280558580274549,12.0,-0.001554414737294896,0.0003281310772297329,0.0003281310779819243,0.0006563373751661259,0.0005700121867834584,-0.0003281310772297323
2,0.0038863000000010682,6.553887681305816,0.000753022786326607,-12.0,-3.275814298943191,12.0,-0.0015539595081277,0.0003276567321729524,0.0003276567329259745,0.0006553887681305816,0.0005709798143063161,-0.0003276567321729518
2,0.003886500000001068,6.544391261499571,0.000753852371553787,-12.0,-3.271064844653931,12.0,-0.00155350334966492,0.0003271818697025491,0.0003271818704564009,0.0006544391261499571,0.0005719480647890796,-0.0003271818697025485
2,0.003886700000001068,6.534884507238694,0.0007546807771730002,-12.0,-3.266310224906779,12.0,-0.001553046261525082,0.0003267064905683959,0.000326706491323076,0.0006534884507238694,0.00057291693560102,-0.0003267064905683952
2,0.003886900000001069,6.525367433535696,0.0007555080018839533,-12.0,-3.261550447209943,12.0,-0.001552588243330044,0.0003262305955211834,0.0003262305962766906,0.0006525367433535697,0.0005738864241121855,-0.0003262305955211827
2,0.003887100000001069,6.515840055419439,0.0007563340444032285,-12.0,-3.256785519079774,12.0,-0.001552129294704663,0.0003257541853124183,0.0003257541860687518,0.0006515840055419439,0.0005748565276932627,-0.0003257541853124177
2,0.0038873000000010692,6.506302387934968,0.0007571589034518489,-12.0,-3.252015448040718,12.0,-0.001551669415277235,0.0003252772606944175,0.0003252772614515758,0.0006506302387934968,0.0005758272437158818,-0.000325277260694417
2,0.003887500000001069,6.496754446143618,0.0007579825777348503,-12.0,-3.247240241625381,12.0,-0.001551208604679222,0.0003247998224203122,0.0003247998231782942,0.0006496754446143619,0.0005767985695522004,-0.0003247998224203116
2,0.003887700000001069,6.487196245122984,0.0007588050659750323,-12.0,-3.242459907374479,12.0,-0.001550746862545083,0.0003243218712440461,0.0003243218720028505,0.0006487196245122984,0.0005777705025753754,-0.0003243218712440455
2,0.003887900000001069,6.477627799966793,0.0007596263668978587,-12.0,-3.237674452836786,12.0,-0.001550284188512829,0.0003238434079203692,0.0003238434086799948,0.0006477627799966794,0.0005787430401592852,-0.0003238434079203684
2,0.003888100000001069,6.468049125784974,0.0007604464792136945,-12.0,-3.232883885569202,12.0,-0.001549820582223471,0.0003233644332048422,0.000323364433965288,0.0006468049125784974,0.0005797161796784467,-0.0003233644332048415
2,0.003888300000001069,6.458460237703654,0.0007612654016493359,-12.0,-3.228088213136698,12.0,-0.001549356043321126,0.0003228849478538354,0.0003228849486151003,0.0006458460237703654,0.0005806899185085146,-0.0003228849478538348
2,0.003888500000001069,6.448861150865009,0.000762083132935576,-12.0,-3.22328744311227,12.0,-0.001548890571453354,0.0003224049526245212,0.0003224049533866037,0.000644886115086501,0.0005816642540255879,-0.0003224049526245206
2,0.00388870000000107,6.439251880427374,0.0007628996717823355,-12.0,-3.218481583077017,12.0,-0.001548424166271101,0.0003219244482748806,0.0003219244490377796,0.0006439251880427375,0.0005826391836067091,-0.00032192444827488
2,0.00388890000000107,6.42963244156515,0.0007637150169381712,-12.0,-3.213670640620018,12.0,-0.001547956827427976,0.0003214434355636963,0.0003214434363274106,0.0006429632441565151,0.000583614704629809,-0.0003214434355636957
2,0.00388910000000107,6.42000284946877,0.0007645291671125598,-12.0,-3.208854623338425,12.0,-0.001547488554581422,0.0003209619152505544,0.0003209619160150829,0.0006420002849468771,0.0005845908144735679,-0.0003209619152505537
2,0.00388930000000107,6.410363119344771,0.000765342121044732,-12.0,-3.204033538837396,12.0,-0.001547019347391654,0.0003204798880958448,0.0003204798888611863,0.0006410363119344772,0.0005855675105174984,-0.0003204798880958441
2,0.00388950000000107,6.400713266415613,0.0007661538774721421,-12.0,-3.199207394730059,12.0,-0.001546549205522385,0.0003199973548607537,0.000319997355626907,0.0006400713266415613,0.000586544790142085,-0.0003199973548607531
2,0.0038897000000010697,6.391053305919792,0.0007669644351162574,-12.0,-3.194376198637578,12.0,-0.001546078128640715,0.00031951431630727,0.0003195143170742338,0.0006391053305919792,0.0005875226507283671,-0.0003195143163072694
2,0.0038899000000010703,6.381383253111749,0.0007677737927274109,-12.0,-3.189539958189044,12.0,-0.00154560611641652,0.0003190307731981779,0.0003190307739659511,0.0006381383253111749,0.0005885010896587162,-0.0003190307731981772
2,0.00389010000000107,6.371703123261845,0.0007685819490310664,-12.0,-3.184698681021557,12.0,-0.001545133168523449,0.0003185467262970594,0.0003185467270656407,0.0006371703123261846,0.0005894801043157538,-0.0003185467262970588
2,0.00389030000000107,6.362012931656413,0.0007693889027686751,-12.0,-3.179852374780165,12.0,-0.001544659284638095,0.000318062176368294,0.0003180621771376823,0.0006362012931656414,0.000590459692083406,-0.0003180621763682934
2,0.003890500000001071,6.352312693597605,0.0007701946526887937,-12.0,-3.175001047117822,12.0,-0.001544184464440324,0.0003175771241770518,0.0003175771249472458,0.0006352312693597605,0.0005914398503464036,-0.0003175771241770512
2,0.0038907000000010707,6.342602424403472,0.0007709991975195507,-12.0,-3.170144705695464,12.0,-0.001543708707613334,0.000317091570489299,0.0003170915712602976,0.0006342602424403472,0.0005924205764903101,-0.0003170915704892984
2,0.0038909000000010713,6.332882139407892,0.0007718025360219372,-12.0,-3.165283358181888,12.0,-0.001543232013843543,0.0003166055160717916,0.0003166055168435935,0.0006332882139407892,0.0005934018679015496,-0.000316605516071791
2,0.003891100000001071,6.323151853960551,0.0007726046669267461,-12.0,-3.16041701225384,12.0,-0.001542754382820755,0.0003161189616920772,0.0003161189624646812,0.0006323151853960552,0.0005943837219674897,-0.0003161189616920767
2,0.003891300000001071,6.313411583426986,0.000773405588986531,-12.0,-3.155545675595957,12.0,-0.001542275814237826,0.000315631908118495,0.0003156319088919,0.0006313411583426987,0.000595366136076414,-0.0003156319081184944
2,0.003891500000001071,6.303661343188415,0.0007742053009569538,-12.0,-3.150669355900719,12.0,-0.001541796307791221,0.0003151443561201682,0.0003151443568943729,0.0006303661343188415,0.000596349107617411,-0.0003151443561201676
2,0.003891700000001071,6.293901148641836,0.0007750038015776894,-12.0,-3.145788060868513,12.0,-0.001541315863180237,0.0003146563064670097,0.0003146563072420129,0.0006293901148641836,0.0005973326339806795,-0.0003146563064670091
2,0.003891900000001071,6.284131015200005,0.000775801089605288,-12.0,-3.140901798207583,12.0,-0.001540834480108055,0.0003141677599297194,0.00031416776070552,0.0006284131015200005,0.0005983167125570843,-0.0003141677599297188
2,0.003892100000001071,6.274350958291308,0.000776597163802073,-12.0,-3.136010575633979,12.0,-0.001540352158280467,0.0003136787172797787,0.0003136787180563753,0.0006274350958291308,0.0005993013407387116,-0.0003136787172797782
2,0.003892300000001072,6.264560993359817,0.0007773920229108278,-12.0,-3.131114400871622,12.0,-0.001539868897406871,0.0003131891792894538,0.0003131891800668453,0.0006264560993359818,0.0006002865159182857,-0.0003131891792894533
2,0.003892500000001072,6.254761135865301,0.0007781856656934316,-12.0,-3.126213281652254,12.0,-0.001539384697200108,0.0003126991467317953,0.0003126991475099805,0.0006254761135865302,0.0006012722354897804,-0.0003126991467317948
2,0.003892700000001072,6.244951401283081,0.000778978090917537,-12.0,-3.121307225715384,12.0,-0.001538899557376072,0.0003122086203806307,0.0003122086211596081,0.0006244951401283081,0.0006022584968478906,-0.0003122086203806302
2,0.003892900000001072,6.235131805104094,0.0007797692973317005,-12.0,-3.116396240808357,12.0,-0.001538413477654155,0.0003117176010105694,0.0003117176017903382,0.0006235131805104095,0.0006032452973882274,-0.0003117176010105689
2,0.003893100000001072,6.225302362834901,0.0007805592837031305,-12.0,-3.111480334686303,12.0,-0.001537926457756744,0.0003112260893970011,0.0003112260901775599,0.0006225302362834901,0.0006042326345077065,-0.0003112260893970006
2,0.0038933000000010718,6.215463089997553,0.0007813480488008118,-12.0,-3.106559515112095,12.0,-0.001537438497409838,0.0003107340863160901,0.0003107340870974376,0.0006215463089997553,0.0006052205056037985,-0.0003107340863160896
2,0.0038935000000010723,6.205614002129606,0.0007821355913888439,-12.0,-3.101633789856364,12.0,-0.001536949596342652,0.0003102415925447759,0.0003102415933269109,0.0006205614002129607,0.0006062089080752786,-0.0003102415925447753
2,0.003893700000001072,6.195755114784165,0.0007829219102299945,-12.0,-3.096703166697518,12.0,-0.001536459754287622,0.0003097486088607754,0.0003097486096436967,0.0006195755114784165,0.0006071978393216992,-0.0003097486088607748
2,0.003893900000001073,6.185886443529819,0.0007837070040959127,-12.0,-3.091767653421696,12.0,-0.001535968970980461,0.0003092551360425797,0.0003092551368262862,0.000618588644352982,0.0006081872967436674,-0.0003092551360425793
2,0.003894100000001073,6.176008003950555,0.0007844908717653531,-12.0,-3.086827257822721,12.0,-0.001535477246160433,0.0003087611748694492,0.0003087611756539395,0.0006176008003950555,0.0006091772777427895,-0.0003087611748694487
2,0.0038943000000010728,6.1661198116458,0.0007852735120006393,-12.0,-3.081881987702165,12.0,-0.001534984579569854,0.0003082667261214171,0.0003082667269066899,0.00061661198116458,0.0006101677797217819,-0.0003082667261214165
2,0.0038945000000010733,6.156221882230434,0.0007860549235796377,-12.0,-3.076931850869298,12.0,-0.001534490970954705,0.0003077717905792883,0.0003077717913653428,0.0006156221882230434,0.0006111588000840551,-0.0003077717905792878
2,0.003894700000001073,6.146314231334635,0.0007868351052868761,-12.0,-3.071976855141036,12.0,-0.001533996420063799,0.0003072763690246328,0.0003072763698114674,0.0006146314231334635,0.0006121503362344627,-0.0003072763690246322
2,0.003894900000001073,6.136396874603963,0.0007876140558913391,-12.0,-3.067017008342004,12.0,-0.001533500926649667,0.0003067804622397901,0.0003067804630274036,0.0006136396874603964,0.00061314238557858,-0.0003067804622397896
2,0.0038951000000010732,6.12646982769934,0.0007883917741717816,-12.0,-3.062052318304495,12.0,-0.001533004490467837,0.0003062840710078673,0.0003062840717962584,0.000612646982769934,0.0006141349455230649,-0.0003062840710078667
2,0.003895300000001073,6.116533106296957,0.0007891682589202809,-12.0,-3.057082792868415,12.0,-0.00153250711127767,0.0003057871961127341,0.0003057871969019019,0.0006116533106296958,0.0006151280134756854,-0.0003057871961127335
2,0.003895500000001073,6.106586726088222,0.000789943508918256,-12.0,-3.052108439881298,12.0,-0.001532008788841521,0.0003052898383390222,0.0003052898391289652,0.0006106586726088222,0.0006161215868451808,-0.0003052898383390216
2,0.003895700000001074,6.096630702779912,0.0007907175229342478,-12.0,-3.047129267198379,12.0,-0.001531509522925023,0.0003047919984721319,0.0003047919992628489,0.0006096630702779912,0.0006171156630413732,-0.0003047919984721313
2,0.003895900000001074,6.086665052093997,0.0007914902997794293,-12.0,-3.042145282682426,12.0,-0.001531009313297027,0.000304293677298221,0.0003042936780897109,0.0006086665052093997,0.0006181102394751947,-0.0003042936772982205
2,0.0038961000000010742,6.076689789767542,0.0007922618382343316,-12.0,-3.037156494203801,12.0,-0.001530508159730437,0.0003037948756042041,0.0003037948763964654,0.0006076689789767543,0.0006191053135584101,-0.0003037948756042035
2,0.003896300000001074,6.066704931552941,0.0007930321370732685,-12.0,-3.032162909640539,12.0,-0.001530006062000488,0.0003032955941777618,0.0003032955949707934,0.0006066704931552942,0.0006201008827042553,-0.0003032955941777613
2,0.003896500000001074,6.056710493217692,0.0007938011951136303,-12.0,-3.027164536878165,12.0,-0.001529503019886636,0.0003027958338073283,0.0003027958346011289,0.0006056710493217692,0.0006210969443266323,-0.0003027958338073278
2,0.003896700000001074,6.046706490544327,0.0007945690111417214,-12.0,-3.022161383809761,12.0,-0.001528999033171274,0.0003022955952820907,0.0003022955960766593,0.0006046706490544328,0.0006220934958406921,-0.0003022955952820902
2,0.003896900000001074,6.036692939330615,0.0007953355839376286,-12.0,-3.017153458336046,12.0,-0.001528494101639855,0.0003017948793919988,0.0003017948801873339,0.0006036692939330615,0.0006230905346628068,-0.0003017948793919983
2,0.0038971000000010744,6.026669855389362,0.000796100912321851,-12.0,-3.012140768365189,12.0,-0.001527988225081933,0.0003012936869277517,0.000301293687723852,0.0006026669855389362,0.000624088058210237,-0.0003012936869277511
2,0.003897300000001074,6.016637254548349,0.0007968649950829132,-12.0,-3.007123321812899,12.0,-0.001527481403289899,0.0003007920186807989,0.0003007920194776633,0.0006016637254548349,0.0006250860639013811,-0.0003007920186807983
2,0.003897500000001075,6.00659515265047,0.0007976278310224405,-12.0,-3.002101126602423,12.0,-0.001526973636059692,0.0003002898754433451,0.0003002898762409724,0.000600659515265047,0.0006260845491556921,-0.0003002898754433446
2,0.003897700000001075,5.996543565553626,0.0007983894189418361,-12.0,-2.997074190664506,12.0,-0.001526464923190307,0.0002997872580083454,0.0002997872588067342,0.0005996543565553626,0.0006270835113939277,-0.0002997872580083448
2,0.003897900000001075,5.986482509130643,0.0007991497576567141,-12.0,-2.992042521937338,12.0,-0.001525955264484624,0.0002992841671695,0.0002992841679686493,0.0005986482509130643,0.000628082948037817,-0.0002992841671694995
2,0.0038981000000010754,5.97641199926931,0.0007999088459609283,-12.0,-2.987006128366625,12.0,-0.001525444659748409,0.000298780603721259,0.0002987806045211675,0.000597641199926931,0.0006290828565103102,-0.0002987806037212586
2,0.003898300000001075,5.9663320518724,0.0008006666826667619,-12.0,-2.981965017905534,12.0,-0.001524933108790871,0.0002982765684588205,0.0002982765692594867,0.0005966332051872401,0.0006300832342353013,-0.0002982765684588201
2,0.0038985000000010747,5.956242682857521,0.0008014232665929377,-12.0,-2.976919198514638,12.0,-0.001524420611425048,0.0002977720621781236,0.0002977720629795465,0.0005956242682857521,0.0006310840786379335,-0.0002977720621781231
2,0.0038987000000010753,5.946143908157172,0.000802178596541081,-12.0,-2.971868678161989,12.0,-0.001523907167466754,0.0002972670856758535,0.0002972670864780315,0.0005946143908157172,0.0006320853871446264,-0.000297267085675853
2,0.003898900000001075,5.936035743718763,0.0008029326713279161,-12.0,-2.966813464823062,12.0,-0.001523392776735411,0.0002967616397494395,0.0002967616405523718,0.0005936035743718763,0.0006330871571826879,-0.000296761639749439
2,0.003899100000001075,5.925918205504465,0.0008036854897752743,-12.0,-2.961753566480715,12.0,-0.001522877439053938,0.0002962557251970494,0.0002962557260007345,0.0005925918205504466,0.0006340893861807306,-0.000296255725197049
2,0.003899300000001076,5.915791309491223,0.0008044370507016563,-12.0,-2.956688991125189,12.0,-0.001522361154248419,0.0002957493428175895,0.0002957493436220261,0.0005915791309491224,0.0006350920715685882,-0.0002957493428175891
2,0.0038995000000010757,5.905655071670863,0.000805187352907355,-12.0,-2.951619746754198,12.0,-0.001521843922148602,0.0002952424934107109,0.0002952424942158978,0.0005905655071670864,0.0006360952107770101,-0.0002952424934107105
2,0.0038997000000010763,5.895509508049925,0.0008059363952395149,-12.0,-2.94654584137274,12.0,-0.001521325742587287,0.0002947351777767984,0.0002947351785827343,0.0005895509508049926,0.0006370988012381895,-0.000294735177776798
2,0.003899900000001076,5.885354634649596,0.000806684176508865,-12.0,-2.941467282993193,12.0,-0.001520806615400827,0.0002942273967169706,0.0002942273975236544,0.0005885354634649597,0.0006381028403853739,-0.0002942273967169702
2,0.003900100000001076,5.875190467505846,0.0008074306955396793,-12.0,-2.936384079635306,12.0,-0.001520286540428906,0.0002937191510330851,0.0002937191518405153,0.0005875190467505846,0.0006391073256529767,-0.0002937191510330845
2,0.003900300000001076,5.865017022669329,0.0008081759511595621,-12.0,-2.931296239326166,12.0,-0.001519765517514871,0.000293210441527733,0.0002932104423359085,0.0005865017022669329,0.0006401122544765492,-0.0002932104415277325
2,0.003900500000001076,5.854834316205292,0.0008089199422065541,-12.0,-2.926203770100138,12.0,-0.001519243546505178,0.0002927012690042349,0.0002927012698131543,0.0005854834316205292,0.0006411176242930028,-0.0002927012690042344
2,0.003900700000001076,5.844642364193627,0.0008096626674971574,-12.0,-2.921106679998941,12.0,-0.001518720627249337,0.0002921916342666443,0.0002921916350763065,0.0005844642364193627,0.0006421234325403591,-0.0002921916342666438
2,0.003900900000001076,5.834441182728872,0.000810404125870301,-12.0,-2.916004977071589,12.0,-0.001518196759601131,0.0002916815381197464,0.0002916815389301501,0.0005834441182728873,0.0006431296766578054,-0.000291681538119746
2,0.003901100000001077,5.824230787920071,0.0008111443161671339,-12.0,-2.910898669374342,12.0,-0.001517671943417065,0.0002911709813690513,0.0002911709821801952,0.0005824230787920072,0.0006441363540858058,-0.0002911709813690509
2,0.003901300000001077,5.814011195890838,0.0008118832372128182,-12.0,-2.905787764970768,12.0,-0.001517146178557194,0.0002906599648207985,0.0002906599656326813,0.0005814011195890839,0.0006451434622660179,-0.0002906599648207981
2,0.003901500000001077,5.803782422779358,0.0008126208878487251,-12.0,-2.900672271931697,12.0,-0.001516619464885127,0.000290148489281955,0.0002901484900945755,0.0005803782422779359,0.0006461509986412373,-0.0002901484892819546
2,0.003901700000001077,5.793544484738242,0.0008133572669231093,-12.0,-2.895552198335164,12.0,-0.001516091802267527,0.0002896365555602092,0.0002896365563735659,0.0005793544484738243,0.0006471589606556472,-0.0002896365555602087
2,0.003901900000001077,5.7832973979346,0.0008140923732662397,-12.0,-2.890427552266477,12.0,-0.001515563190574998,0.0002891241644639748,0.0002891241652780667,0.00057832973979346,0.0006481673457545412,-0.0002891241644639743
2,0.0039021000000010768,5.773041178550035,0.0008148262057254829,-12.0,-2.885298341818167,12.0,-0.001515033629681084,0.0002886113168023897,0.0002886113176172155,0.0005773041178550036,0.0006491761513845451,-0.0002886113168023893
2,0.0039023000000010773,5.762775842780496,0.0008155587631544226,-12.0,-2.880164575089928,12.0,-0.001514503119462884,0.0002880980133853087,0.0002880980142008671,0.0005762775842780496,0.0006501853749934783,-0.0002880980133853082
2,0.003902500000001077,5.752501406836373,0.000816290044385104,-12.0,-2.875026260188708,12.0,-0.001513971659800939,0.0002875842550233098,0.0002875842558395994,0.0005752501406836373,0.0006511950140303535,-0.0002875842550233093
2,0.003902700000001077,5.742217886942417,0.0008170200482870982,-12.0,-2.869883405228577,12.0,-0.00151343925057934,0.0002870700425276868,0.0002870700433447065,0.0005742217886942417,0.0006522050659455436,-0.0002870700425276865
2,0.003902900000001078,5.731925299337714,0.0008177487736895639,-12.0,-2.864736018330835,12.0,-0.001512905891685179,0.0002865553767104528,0.0002865553775282012,0.0005731925299337715,0.0006532155281906149,-0.0002865553767104525
2,0.0039031000000010778,5.721623660275687,0.0008184762194676232,-12.0,-2.85958410762388,12.0,-0.001512371583009431,0.0002860402583843352,0.000286040259202811,0.0005721623660275687,0.0006542263982185215,-0.0002860402583843348
2,0.0039033000000010783,5.711312986024016,0.0008192023844584284,-12.0,-2.854427681243296,12.0,-0.001511836324446181,0.0002855246883627759,0.0002855246891819779,0.0005711312986024016,0.0006552376734832444,-0.0002855246883627755
2,0.003903500000001078,5.700993292864721,0.0008199272675255553,-12.0,-2.849266747331799,12.0,-0.001511300115893011,0.0002850086674599329,0.0002850086682798598,0.0005700993292864721,0.0006562493514403467,-0.0002850086674599325
2,0.003903700000001078,5.69066459709398,0.0008206508675350221,-12.0,-2.844101314039178,12.0,-0.001510762957250888,0.0002844921964906717,0.0002844921973113222,0.000569066459709398,0.0006572614295464463,-0.0002844921964906713
2,0.003903900000001078,5.680326915022219,0.0008213731833355276,-12.0,-2.838931389522374,12.0,-0.001510224848424557,0.0002839752762705714,0.0002839752770919442,0.0005680326915022219,0.000658273905259521,-0.000283975276270571
2,0.003904100000001078,5.669980262974102,0.0008220942137950882,-12.0,-2.833756981945416,12.0,-0.001509685789321646,0.0002834579076159215,0.0002834579084380153,0.0005669980262974102,0.000659286776038881,-0.0002834579076159211
2,0.003904300000001078,5.659624657288374,0.0008228139577841631,-12.0,-2.828578099479371,12.0,-0.00150914577985356,0.0002829400913437159,0.0002829400921665295,0.0005659624657288374,0.000660300039345002,-0.0002829400913437155
2,0.003904500000001079,5.649260114317979,0.000823532414156336,-12.0,-2.823394750302431,12.0,-0.001508604819934811,0.0002824218282716591,0.0002824218290951912,0.0005649260114317979,0.0006613136926399699,-0.0002824218282716588
2,0.003904700000001079,5.63888665042995,0.0008242495817969431,-12.0,-2.818206942599784,12.0,-0.001508062909483854,0.0002819031192181584,0.0002819031200424077,0.0005638886650429951,0.0006623277333868693,-0.0002819031192181581
2,0.003904900000001079,5.628504282005385,0.000824965459560012,-12.0,-2.813014684563698,12.0,-0.001507520048421918,0.0002813839650023262,0.0002813839658272913,0.0005628504282005386,0.0006633421590502286,-0.0002813839650023258
2,0.003905100000001079,5.618113025439523,0.0008256800463246616,-12.0,-2.807817984393473,12.0,-0.00150697623667434,0.0002808643664439802,0.0002808643672696599,0.0005618113025439523,0.000664356967095936,-0.0002808643664439798
2,0.003905300000001079,5.607712897141544,0.0008263933409717872,-12.0,-2.802616850295381,12.0,-0.001506431474169401,0.0002803443243636357,0.0002803443251900286,0.0005607712897141544,0.0006653721549911285,-0.0002803443243636353
2,0.003905500000001079,5.597303913534672,0.0008271053423660746,-12.0,-2.797411290482734,12.0,-0.001505885760838988,0.0002798238395825104,0.0002798238404096153,0.0005597303913534672,0.0006663877202042201,-0.00027982383958251
2,0.003905700000001079,5.586886091056162,0.0008278160493888631,-12.0,-2.792201313175838,12.0,-0.001505339096618541,0.0002793029129225231,0.0002793029137503386,0.0005586886091056162,0.0006674036602050959,-0.0002793029129225227
2,0.0039059000000010793,5.576459446157154,0.0008285254609303738,-12.0,-2.786986926601927,12.0,-0.001504791481446444,0.0002787815452062861,0.0002787815460348112,0.0005576459446157154,0.0006684199724650841,-0.0002787815452062857
2,0.003906100000001079,5.566023995302737,0.000829233575857069,-12.0,-2.781768138995247,12.0,-0.001504242915265408,0.0002782597372571108,0.000278259738086344,0.0005566023995302737,0.0006694366544565122,-0.0002782597372571104
2,0.0039063000000010804,5.555579754971967,0.0008299403930607241,-12.0,-2.776544958596989,12.0,-0.001503693398020756,0.0002777374898990053,0.0002777374907289453,0.0005555579754971967,0.0006704537036533453,-0.0002777374898990049
2,0.003906500000001079,5.545126741657711,0.0008306459114291176,-12.0,-2.771317393655252,12.0,-0.001503142929661527,0.0002772148039566685,0.0002772148047873141,0.0005545126741657711,0.0006714711175309918,-0.0002772148039566681
2,0.003906700000001079,5.534664971866697,0.0008313501298469195,-12.0,-2.766085452425076,12.0,-0.001502591510140316,0.0002766916802554926,0.0002766916810868425,0.0005534664971866697,0.000672488893565748,-0.0002766916802554923
2,0.003906900000001079,5.524194462119516,0.0008320530472007981,-12.0,-2.760849143168426,12.0,-0.001502039139412992,0.0002761681196215631,0.0002761681204536158,0.0005524194462119516,0.0006735070292358258,-0.0002761681196215627
2,0.003907100000001078,5.51371522895049,0.0008327546623971838,-12.0,-2.755608474154102,12.0,-0.001501485817439141,0.0002756441228816504,0.0002756441237144046,0.000551371522895049,0.0006745255220205193,-0.00027564412288165
2,0.003907300000001078,5.503227288907805,0.0008334549743038711,-12.0,-2.750363453657897,12.0,-0.001500931544181516,0.0002751196908632205,0.0002751196916966751,0.0005503227288907805,0.0006755443694005103,-0.0002751196908632201
2,0.0039075000000010785,5.492730658553355,0.00083415398184572,-12.0,-2.745114089962369,12.0,-0.001500376319606478,0.0002745948243944218,0.0002745948252285754,0.0005492730658553355,0.0006765635688580074,-0.0002745948243944215
2,0.003907700000001077,5.482225354462717,0.0008348516838974085,-12.0,-2.739860391356995,12.0,-0.00149982014368355,0.0002740695243040896,0.000274069525138941,0.0005482225354462716,0.0006775831178764402,-0.0002740695243040892
2,0.003907900000001077,5.471711393225237,0.0008355480793702519,-12.0,-2.734602366138082,12.0,-0.001499263016386199,0.0002735437914217456,0.0002735437922572934,0.0005471711393225237,0.0006786030139407928,-0.0002735437914217453
2,0.003908100000001077,5.461188791443892,0.0008362431671624648,-12.0,-2.72934002260877,12.0,-0.001498704937690942,0.0002730176265775936,0.0002730176274138365,0.0005461188791443892,0.000679623254537326,-0.0002730176265775933
2,0.003908300000001076,5.450657565735306,0.0008369369461778131,-12.0,-2.724073369079017,12.0,-0.001498145907577741,0.0002724910306025198,0.0002724910314394564,0.0005450657565735307,0.0006806438371537993,-0.0002724910306025195
2,0.003908500000001076,5.440117732729727,0.0008376294153211727,-12.0,-2.718802413865588,12.0,-0.001497585926030331,0.0002719640043280912,0.0002719640051657203,0.0005440117732729727,0.0006816647592793046,-0.000271964004328091
2,0.003908700000001076,5.429569309071018,0.0008383205734976418,-12.0,-2.713527165292056,12.0,-0.001497024993035778,0.0002714365485865557,0.000271436549424876,0.0005429569309071018,0.000682686018404377,-0.0002714365485865554
2,0.003908900000001075,5.419012311416529,0.000839010419631192,-12.0,-2.708247631688714,12.0,-0.001496463108584367,0.0002709086642108347,0.0002709086650498449,0.0005419012311416529,0.0006837076120209395,-0.0002709086642108345
2,0.003909100000001075,5.40844675643724,0.0008396989526033849,-12.0,-2.702963821392725,12.0,-0.001495900272670103,0.0002703803520345332,0.0002703803528742318,0.000540844675643724,0.0006847295376225249,-0.0002703803520345328
2,0.003909300000001075,5.397872660817616,0.0008403861713626171,-12.0,-2.697675742747902,12.0,-0.001495336485290377,0.0002698516128919268,0.0002698516137323127,0.0005397872660817617,0.000685751792703776,-0.0002698516128919265
2,0.003909500000001074,5.387290041255577,0.0008410720747957789,-12.0,-2.692383404104874,12.0,-0.001494771746445966,0.0002693224476179672,0.0002693224484590391,0.0005387290041255577,0.0006867743747611121,-0.000269322447617967
2,0.003909700000001074,5.376698914462508,0.0008417566618454941,-12.0,-2.687086813820919,12.0,-0.001494206056141256,0.0002687928570482768,0.0002687928578900331,0.0005376698914462508,0.0006877972812921185,-0.0002687928570482764
2,0.003909900000001074,5.366099297163275,0.0008424399314002073,-12.0,-2.681785980260138,12.0,-0.001493639414383963,0.0002682628420191542,0.0002682628428615938,0.0005366099297163275,0.0006888205097959343,-0.0002682628420191539
2,0.0039101000000010735,5.355491206096132,0.0008431218824138664,-12.0,-2.676480911793226,12.0,-0.001493071821185243,0.0002677324033675643,0.0002677324042106859,0.0005355491206096132,0.0006898440577732534,-0.000267732403367564
2,0.003910300000001073,5.344874658012658,0.0008438025137864624,-12.0,-2.671171616797624,12.0,-0.001492503276559864,0.0002672015419311413,0.0002672015427749436,0.0005344874658012659,0.0006908679227260461,-0.0002672015419311411
2,0.003910500000001073,5.33424966967787,0.0008444818244550678,-12.0,-2.665858103657434,12.0,-0.001491933780525923,0.0002666702585481892,0.0002666702593926708,0.0005334249669677871,0.0006918921021578373,-0.0002666702585481889
2,0.003910700000001072,5.323616257870057,0.0008451598133418781,-12.0,-2.660540380763417,12.0,-0.0014913633331049,0.0002661385540576763,0.0002661385549028358,0.0005323616257870057,0.0006929165935736781,-0.000266138554057676
2,0.003910900000001072,5.312974439380837,0.0008458364793779705,-12.0,-2.655218456512987,12.0,-0.001490791934322222,0.0002656064292992368,0.000265606430145073,0.0005312974439380837,0.0006939413944798412,-0.0002656064292992365
2,0.003911100000001072,5.302324231015092,0.0008465118214957545,-12.0,-2.649892339310185,12.0,-0.001490219584206143,0.0002650738851131683,0.0002650738859596799,0.0005302324231015092,0.0006949665023843754,-0.000265073885113168
2,0.0039113000000010716,5.291665649590974,0.000847185838623199,-12.0,-2.644562037565694,12.0,-0.001489646282788581,0.000264540922340432,0.0002645409231876176,0.0005291665649590974,0.0006959919147968008,-0.0002645409223404317
2,0.003911500000001071,5.28099871193981,0.0008478585297082564,-12.0,-2.639227559696757,12.0,-0.001489072030105343,0.0002640075418226468,0.0002640075426705051,0.000528099871193981,0.0006970176292277752,-0.0002640075418226466
2,0.003911700000001071,5.270323434906138,0.0008485298936740104,-12.0,-2.633888914127259,12.0,-0.001488496826195285,0.0002634737444020936,0.0002634737452506232,0.0005270323434906139,0.0006980436431897608,-0.0002634737444020933
2,0.0039119000000010715,5.259639835347703,0.0008491999294684138,-12.0,-2.628546109287649,12.0,-0.001487920671100706,0.000262939530921712,0.0002629395317709118,0.0005259639835347703,0.0006990699541966072,-0.0002629395309217118
2,0.00391210000000107,5.248947930135351,0.0008498686360294272,-12.0,-2.623199153614945,12.0,-0.001487343564867516,0.0002624049022250978,0.0002624049030749661,0.0005248947930135352,0.0007000965597637465,-0.0002624049022250975
2,0.00391230000000107,5.238247736153069,0.0008505360123021166,-12.0,-2.617848055552721,12.0,-0.001486765507545007,0.0002618698591565026,0.0002618698600070384,0.0005238247736153069,0.0007011234574081371,-0.0002618698591565023
2,0.00391250000000107,5.227539270297935,0.0008512020572273293,-12.0,-2.612492823551106,12.0,-0.001486186499186248,0.0002613344025608336,0.0002613344034120354,0.0005227539270297936,0.0007021506446479864,-0.0002613344025608334
2,0.003912700000001069,5.216822549480033,0.0008518667697685611,-12.0,-2.607133466066696,12.0,-0.001485606539847417,0.0002607985332836467,0.0002607985341355132,0.0005216822549480033,0.0007031781190032782,-0.0002607985332836464
2,0.003912900000001069,5.206097590622559,0.0008525301488464532,-12.0,-2.601769991562708,12.0,-0.001485025629588077,0.0002602622521711558,0.0002602622530236856,0.0005206097590622559,0.0007042058779954119,-0.0002602622521711555
2,0.0039131000000010695,5.195364410661695,0.0008531921934451514,-12.0,-2.596402408508758,12.0,-0.001484443768471788,0.0002597255600702206,0.0002597255609234125,0.0005195364410661696,0.0007052339191473966,-0.0002597255600702203
2,0.003913300000001068,5.184623026546552,0.0008538529024948449,-12.0,-2.591030725381005,12.0,-0.001483860956565164,0.0002591884578283502,0.0002591884586822029,0.0005184623026546552,0.0007062622399836016,-0.00025918845782835
2,0.003913500000001068,5.173873455239269,0.0008545122749612499,-12.0,-2.58565495066207,12.0,-0.001483277193938426,0.0002586509462937034,0.0002586509471482154,0.0005173873455239269,0.0007072908380301168,-0.0002586509462937031
2,0.003913700000001068,5.163115713714896,0.0008551703097963159,-12.0,-2.58027509284105,12.0,-0.001482692480665126,0.0002581130263150849,0.000258113027170255,0.0005163115713714896,0.0007083197108144201,-0.0002581130263150846
2,0.0039139000000010665,5.152349818961326,0.000855827005975085,-12.0,-2.574891160413431,12.0,-0.001482106816822648,0.0002575746987419408,0.0002575746995977676,0.0005152349818961327,0.0007093488558656547,-0.0002575746987419406
2,0.003914100000001067,5.141575787979408,0.0008564823624299667,-12.0,-2.569503161881236,12.0,-0.001481520202491371,0.0002570359644243668,0.0002570359652808489,0.0005141575787979408,0.0007103782707143513,-0.0002570359644243666
2,0.003914300000001067,5.130793637782815,0.0008571363781588737,-12.0,-2.564111105752805,12.0,-0.001480932637755672,0.0002564968242130967,0.0002564968250702328,0.0005130793637782815,0.0007114079528927342,-0.0002564968242130964
2,0.003914500000001066,5.120003385397985,0.0008577890521026532,-12.0,-2.558715000542947,12.0,-0.001480344122702981,0.0002559572789595053,0.0002559572798172941,0.0005120003385397985,0.000712437899934637,-0.000255957278959505
2,0.003914700000001066,5.109205047864224,0.0008584403832405663,-12.0,-2.553314854772848,12.0,-0.001479754657424448,0.0002554173295156092,0.0002554173303740492,0.0005109205047864224,0.0007134681093751427,-0.0002554173295156088
2,0.003914900000001066,5.098398642233576,0.0008590903705392172,-12.0,-2.547910676970075,12.0,-0.001479164242014441,0.0002548769767340616,0.0002548769775931518,0.0005098398642233576,0.0007144985787513325,-0.0002548769767340614
2,0.003915100000001065,5.087584185570823,0.0008597390129732041,-12.0,-2.542502475668562,12.0,-0.001478572876571049,0.0002543362214681537,0.0002543362223278926,0.0005087584185570823,0.0007155293056015644,-0.0002543362214681535
2,0.003915300000001065,5.076761694953463,0.0008603863095133502,-12.0,-2.537090259408598,12.0,-0.001477980561195968,0.0002537950645718114,0.0002537950654321975,0.0005076761694953463,0.0007165602874657784,-0.0002537950645718111
2,0.003915500000001065,5.065931187471703,0.0008610322591353636,-12.0,-2.531674036736826,12.0,-0.001477387295994059,0.0002532535068995963,0.0002532535077606284,0.0005065931187471704,0.0007175915218856632,-0.0002532535068995961
2,0.0039157000000010645,5.055092680228337,0.0008616768608296077,-12.0,-2.526253816206155,12.0,-0.001476793081073791,0.0002527115493066987,0.0002527115501683753,0.0005055092680228338,0.0007186230064042121,-0.0002527115493066985
2,0.003915900000001064,5.044246190338883,0.0008623201135504743,-12.0,-2.520829606375914,12.0,-0.001476197916547017,0.0002521691926489468,0.0002521691935112666,0.0005044246190338883,0.000719654738566361,-0.0002521691926489465
2,0.003916100000001064,5.033391734931426,0.0008629620163114193,-12.0,-2.515401415811626,12.0,-0.00147560180252948,0.000251626437782794,0.0002516264386457558,0.0005033391734931426,0.0007206867159183783,-0.0002516264377827938
2,0.003916300000001064,5.022529331146589,0.000863602568073496,-12.0,-2.509969253085159,12.0,-0.001475004739139807,0.0002510832855653234,0.0002510832864289258,0.0005022529331146589,0.0007217189360081144,-0.0002510832855653232
2,0.003916500000001063,5.011658996137616,0.000864241767834173,-12.0,-2.504533126774639,12.0,-0.00147440672650051,0.0002505397368542476,0.0002505397377184891,0.0005011658996137616,0.0007227513963853349,-0.0002505397368542474
2,0.003916700000001063,5.000780747070257,0.0008648796145760418,-12.0,-2.499093045464468,12.0,-0.001473807764737434,0.0002499957925079047,0.0002499957933727841,0.0005000780747070258,0.000723784094600971,-0.0002499957925079045
2,0.003916900000001063,4.989894601122696,0.0008655161073043427,-12.0,-2.493649017745231,12.0,-0.00147320785398003,0.0002494514533852538,0.0002494514542507696,0.0004989894601122696,0.000724817028207897,-0.0002494514533852535
2,0.003917100000001062,4.979000575485677,0.0008661512449832376,-12.0,-2.488201052213851,12.0,-0.001472606994361025,0.0002489067203458836,0.0002489067212120347,0.0004979000575485677,0.0007258501947604579,-0.0002489067203458834
2,0.003917300000001062,4.968098687362352,0.0008667850266410593,-12.0,-2.482749157473364,12.0,-0.001472005186016978,0.0002483615942500008,0.0002483615951167856,0.0004968098687362353,0.0007268835918146088,-0.0002483615942500004
2,0.0039175000000010625,4.957188953968241,0.0008674174512497412,-12.0,-2.477293342133071,12.0,-0.001471402429087443,0.0002478160759584323,0.0002478160768258495,0.0004957188953968241,0.0007279172169279702,-0.0002478160759584321
2,0.003917700000001061,4.946271392531331,0.000868048517821185,-12.0,-2.471833614808449,12.0,-0.001470798723716027,0.0002472701663326273,0.0002472701672006755,0.0004946271392531332,0.0007289510676597999,-0.000247270166332627
2,0.003917900000001061,4.935346020291946,0.0008686782253484182,-12.0,-2.466369984121169,12.0,-0.00147019407004928,0.0002467238662346519,0.0002467238671033299,0.0004935346020291946,0.000729985141571049,-0.0002467238662346517
2,0.003918100000001061,4.924412854502685,0.0008693065728497817,-12.0,-2.460902458699002,12.0,-0.001469588468237526,0.0002461771765271854,0.0002461771773964918,0.0004924412854502685,0.0007310194362241673,-0.0002461771765271852
2,0.00391830000000106,4.91347191242854,0.0008699335593034263,-12.0,-2.455431047175979,12.0,-0.001468981918434642,0.0002456300980735286,0.0002456300989434619,0.0004913471912428541,0.0007320539491831868,-0.0002456300980735283
2,0.00391850000000106,4.902523211346751,0.0008705591837485649,-12.0,-2.449955758192161,12.0,-0.001468374420797836,0.0002450826317375911,0.0002450826326081501,0.0004902523211346751,0.0007330886780140544,-0.000245082631737591
2,0.003918700000001061,4.891566768546761,0.0008711834451704537,-12.0,-2.44447660039379,12.0,-0.001467765975487756,0.0002445347783838963,0.0002445347792550795,0.0004891566768546761,0.0007341236202841606,-0.0002445347783838961
2,0.003918900000001059,4.880602601330316,0.0008718063425927625,-12.0,-2.438993582433205,12.0,-0.001467156582668772,0.0002439865388775801,0.0002439865397493862,0.0004880602601330316,0.0007351587735625609,-0.0002439865388775798
2,0.003919100000001059,4.869630727011313,0.0008724278750258385,-12.0,-2.433506712968839,12.0,-0.001466546242508637,0.0002434379140843867,0.0002434379149568144,0.0004869630727011313,0.0007361941354200596,-0.0002434379140843865
2,0.003919300000001059,4.858651162915834,0.000873048041484692,-12.0,-2.428016000665209,12.0,-0.001465934955178438,0.0002428889048706696,0.0002428889057437175,0.0004858651162915834,0.0007372297034290709,-0.0002428889048706694
2,0.0039195000000010576,4.847663926382102,0.0008736668409894399,-12.0,-2.422521454192899,12.0,-0.001465322720852813,0.0002423395121033891,0.0002423395129770556,0.0004847663926382103,0.0007382654751636741,-0.0002423395121033889
2,0.003919700000001058,4.836669034760477,0.0008742842725553146,-12.0,-2.417023082228563,12.0,-0.001464709539710063,0.000241789736650112,0.0002417897375243961,0.0004836669034760477,0.0007393014481996141,-0.0002417897366501118
2,0.003919900000001058,4.825666505413333,0.0008749003352193085,-12.0,-2.411520893454833,12.0,-0.001464095411931765,0.0002412395793790055,0.0002412395802539057,0.0004825666505413333,0.0007403376201142731,-0.0002412395793790052
2,0.0039201000000010575,4.814656355715195,0.0008755150279777801,-12.0,-2.40601489656048,12.0,-0.001463480337703049,0.000240689041158846,0.0002406890420343609,0.0004814656355715196,0.0007413739884869486,-0.0002406890411588458
2,0.003920300000001057,4.80363860305259,0.0008761283498897043,-12.0,-2.400505100240178,12.0,-0.001462864317212764,0.000240138122859007,0.0002401381237351351,0.0004803638603052591,0.0007424105508980761,-0.0002401381228590068
2,0.003920500000001057,4.792613264824006,0.000876740299958767,-12.0,-2.394991513194662,12.0,-0.001462247350652923,0.0002395868253494623,0.0002395868262262024,0.0004792613264824006,0.0007434473049304224,-0.0002395868253494621
2,0.003920700000001056,4.781580358439981,0.0008773508772279559,-12.0,-2.389474144130639,12.0,-0.001461629438218925,0.0002390351495007869,0.0002390351503781377,0.0004781580358439981,0.0007444842481680869,-0.0002390351495007868
2,0.003920900000001056,4.77053990132298,0.0008779600807233834,-12.0,-2.383953001760804,12.0,-0.001461010580110278,0.0002384830961841529,0.0002384830970621129,0.0004770539901322981,0.0007455213781968617,-0.0002384830961841527
2,0.003921100000001056,4.759491910907331,0.0008785679094935883,-12.0,-2.378428094803747,12.0,-0.001460390776529319,0.0002379306662713242,0.0002379306671498919,0.0004759491910907332,0.0007465586926043988,-0.000237930666271324
2,0.0039213000000010555,4.748436404639356,0.0008791743625480297,-12.0,-2.372899431984112,12.0,-0.001459770027682161,0.0002373778606346662,0.0002373778615138404,0.0004748436404639356,0.0007475961889799043,-0.000237377860634666
2,0.003921500000001055,4.737373399977203,0.0008797794389601155,-12.0,-2.367367022032367,12.0,-0.00145914833377836,0.0002368246801471329,0.0002368246810269122,0.0004737373399977204,0.0007486338649144164,-0.0002368246801471327
2,0.003921700000001055,4.726302914390812,0.0008803831377452997,-12.0,-2.361830873684957,12.0,-0.001458525695030966,0.0002362711256822704,0.0002362711265626534,0.0004726302914390813,0.0007496717180005552,-0.0002362711256822702
2,0.0039219000000010554,4.715224965362016,0.0008809854579587828,-12.0,-2.356290995684216,12.0,-0.001457902111656861,0.0002357171981142176,0.0002357171989952029,0.0004715224965362016,0.0007507097458326617,-0.0002357171981142174
2,0.003922100000001054,4.704139570384392,0.0008815863986433303,-12.0,-2.350747396778367,12.0,-0.001457277583875427,0.0002351628983177012,0.0002351628991992875,0.0004704139570384392,0.0007517479460070475,-0.0002351628983177011
2,0.003922300000001054,4.693046746963301,0.0008821859588423742,-12.0,-2.345200085721527,12.0,-0.001456652111910761,0.0002346082271680371,0.000234608228050223,0.0004693046746963301,0.0007527863161214676,-0.0002346082271680369
2,0.003922500000001054,4.681946512615762,0.0008827841376213286,-12.0,-2.339649071273608,12.0,-0.001456025695989571,0.0002340531855411231,0.0002340531864239071,0.0004681946512615763,0.0007538248537754255,-0.000234053185541123
2,0.003922700000001053,4.670838884870599,0.0008833809340040855,-12.0,-2.334094362200484,12.0,-0.001455398336342395,0.000233497774313449,0.0002334977751968297,0.0004670838884870599,0.0007548635565703954,-0.0002334977743134488
2,0.003922900000001053,4.659723881268262,0.0008839763470780415,-12.0,-2.32853596727375,12.0,-0.001454770033203379,0.0002329419943620831,0.0002329419952460592,0.0004659723881268262,0.0007559024221091559,-0.0002329419943620828
2,0.0039231000000010535,4.648601519360804,0.0008845703758735279,-12.0,-2.322973895270888,12.0,-0.001454140786809832,0.0002323858465646763,0.0002323858474492465,0.0004648601519360805,0.0007569414479967618,-0.0002323858465646762
2,0.003923300000001052,4.637471816711979,0.0008851630194617321,-12.0,-2.317408154975167,12.0,-0.001453510597402785,0.0002318293317994631,0.0002318293326846259,0.000463747181671198,0.0007579806318396276,-0.0002318293317994629
2,0.003923500000001052,4.626334790897109,0.0008857542768956339,-12.0,-2.311838755175668,12.0,-0.001452879465226653,0.0002312724509452566,0.0002312724518310107,0.0004626334790897109,0.0007590199712459722,-0.0002312724509452564
2,0.003923700000001052,4.615190459503017,0.0008863441472544142,-12.0,-2.306265704667185,12.0,-0.001452247390529404,0.0002307152048814441,0.0002307152057677882,0.0004615190459503017,0.0007600594638259572,-0.000230715204881444
2,0.0039239000000010505,4.604038840128149,0.0008869326295726232,-12.0,-2.300689012250389,12.0,-0.001451614373562449,0.0002301575944879964,0.0002301575953749288,0.000460403884012815,0.0007610991071913265,-0.0002301575944879962
2,0.003924100000001051,4.592879950382434,0.0008875197229520904,-12.0,-2.295108686731592,12.0,-0.001450980414580583,0.0002295996206454547,0.0002295996215329741,0.0004592879950382434,0.0007621388989555999,-0.0002295996206454544
2,0.003924300000001051,4.581713807887227,0.0008881054264371357,-12.0,-2.289524736922904,12.0,-0.001450345513842377,0.0002290412842349343,0.0002290412851230395,0.0004581713807887227,0.0007631788367341019,-0.0002290412842349342
2,0.00392450000000105,4.570540430275416,0.0008886897391107151,-12.0,-2.283937171642145,12.0,-0.001449709671609622,0.0002284825861381257,0.0002284825870268152,0.0004570540430275416,0.0007642189181439052,-0.0002284825861381256
2,0.00392470000000105,4.559359835191284,0.0008892726600382428,-12.0,-2.278345999712858,12.0,-0.001449072888147718,0.0002279235272372898,0.0002279235281265623,0.0004559359835191284,0.0007652591408038867,-0.0002279235272372897
2,0.00392490000000105,4.548172040290462,0.0008898541883124444,-12.0,-2.27275122996422,12.0,-0.001448435163725448,0.0002273641084152534,0.0002273641093051075,0.0004548172040290462,0.0007662995023346719,-0.0002273641084152533
2,0.003925100000001049,4.536977063240031,0.000890434322981859,-12.0,-2.267152871231199,12.0,-0.001447796498615206,0.0002268043305554183,0.0002268043314458525,0.0004536977063240032,0.0007673400003587183,-0.0002268043305554182
2,0.003925300000001049,4.525774921718382,0.0008910130631591962,-12.0,-2.261550932354321,12.0,-0.001447156893092882,0.0002262441945417483,0.0002262441954327612,0.0004525774921718382,0.000768380632500093,-0.0002262441945417481
2,0.003925500000001049,4.514565633415174,0.0008915904079034309,-12.0,-2.255945422179828,12.0,-0.001446516347437754,0.0002256837012587732,0.0002256837021503635,0.0004514565633415174,0.0007694213963848617,-0.0002256837012587731
2,0.0039257000000010485,4.503349216031424,0.0008921663563097315,-12.0,-2.250336349559584,12.0,-0.001445874861932428,0.0002251228515915895,0.0002251228524837557,0.0004503349216031424,0.0007704622896408941,-0.0002251228515915893
2,0.003925900000001048,4.492125687279361,0.0008927409074601655,-12.0,-2.244723723351081,12.0,-0.001445232436863453,0.0002245616464258543,0.0002245616473185951,0.0004492125687279362,0.0007715033098975588,-0.0002245616464258542
2,0.003926100000001048,4.480895064882466,0.0008933140604463485,-12.0,-2.239107552417423,12.0,-0.00144458907252043,0.0002240000866477871,0.000224000087541101,0.0004480895064882466,0.0007725444547864446,-0.0002240000866477869
2,0.003926300000001047,4.469657366575407,0.0008938858143576756,-12.0,-2.233487845627309,12.0,-0.001443944769196681,0.0002234381731441669,0.0002234381740380525,0.0004469657366575408,0.0007735857219405007,-0.0002234381731441667
2,0.003926500000001047,4.458412610104054,0.0008944561682830976,-12.0,-2.227864611855041,12.0,-0.001443299527188913,0.0002228759068023325,0.0002228759076967886,0.0004458412610104054,0.0007746271089948686,-0.0002228759068023324
2,0.003926700000001047,4.447160813225351,0.0008950251213348803,-12.0,-2.222237859980422,12.0,-0.001442653346797218,0.0002223132885101759,0.0002223132894052008,0.0004447160813225351,0.0007756686135863278,-0.0002223132885101757
2,0.003926900000001047,4.435901993707447,0.0008955926725795482,-12.0,-2.216607598888928,12.0,-0.001442006228325465,0.0002217503191561509,0.0002217503200517434,0.0004435901993707447,0.0007767102333535447,-0.0002217503191561507
2,0.003927100000001046,4.424636169329554,0.0008961588211529037,-12.0,-2.210973837471459,12.0,-0.001441358172080687,0.0002211869996292614,0.0002211870005254201,0.0004424636169329554,0.0007777519659367682,-0.0002211869996292612
2,0.003927300000001046,4.413363357881882,0.0008967235661287987,-12.0,-2.205336584624512,12.0,-0.001440709178373745,0.0002206233308190643,0.0002206233317157877,0.0004413363357881882,0.0007787938089783564,-0.0002206233308190641
2,0.0039275000000010465,4.402083577165768,0.0008972869066257161,-12.0,-2.199695849250077,12.0,-0.00144005924751861,0.0002200593136156704,0.0002200593145129571,0.0004402083577165768,0.0007798357601224715,-0.0002200593136156703
2,0.003927700000001045,4.390796844993521,0.0008978488417406005,-12.0,-2.194051640255661,12.0,-0.001439408379832863,0.0002194949489097404,0.000219494949807589,0.0004390796844993522,0.0007808778170148578,-0.0002194949489097402
2,0.003927900000001045,4.379503179188376,0.0008984093705997065,-12.0,-2.188403966554194,12.0,-0.001438756575637856,0.0002189302375924795,0.0002189302384908888,0.0004379503179188376,0.0007819199773033414,-0.0002189302375924794
2,0.003928100000001045,4.36820259758459,0.000898968492282437,-12.0,-2.182752837064186,12.0,-0.001438103835257887,0.000218365180555647,0.0002183651814546154,0.000436820259758459,0.0007829622386375246,-0.0002183651805556469
2,0.003928300000001044,4.356895118027325,0.000899526205937029,-12.0,-2.177098260709495,12.0,-0.001437450159021192,0.0002177997786915434,0.0002177997795910694,0.0004356895118027325,0.000784004598668786,-0.0002177997786915432
2,0.003928500000001044,4.345580758372574,0.0009000825106522115,-12.0,-2.171440246419484,12.0,-0.001436795547259284,0.0002172340328930138,0.0002172340337930961,0.0004345580758372574,0.0007850470550503641,-0.0002172340328930136
2,0.0039287000000010446,4.334259536487283,0.0009006374055584576,-12.0,-2.16577880312893,12.0,-0.001436140000307062,0.000216667944053449,0.0002166679449540863,0.0004334259536487284,0.0007860896054374678,-0.0002166679440534488
2,0.003928900000001043,4.3229314702492,0.000901190889766923,-12.0,-2.160113939778041,12.0,-0.001435483518503256,0.000216101513066781,0.0002161015139679717,0.00043229314702492,0.0007871322474870546,-0.0002161015130667808
2,0.003929100000001043,4.311596577546827,0.0009017429624149642,-12.0,-2.154445665312362,12.0,-0.001434826102189479,0.0002155347408274778,0.0002155347417292206,0.0004311596577546827,0.000788174978857914,-0.0002155347408274777
2,0.003929300000001043,4.300254876279534,0.0009022936225977496,-12.0,-2.148773988682934,12.0,-0.001434167751711568,0.0002149676282305534,0.0002149676291328469,0.0004300254876279534,0.0007892177972107506,-0.0002149676282305532
2,0.0039295000000010415,4.288906384357412,0.0009028428694759505,-12.0,-2.143098918846063,12.0,-0.001433508467418299,0.0002144001761715541,0.0002144001770743968,0.0004288906384357413,0.000790260700208073,-0.0002144001761715539
2,0.003929700000001042,4.277551119701216,0.0009033907021511745,-12.0,-2.137420464763474,12.0,-0.001432848249662111,0.0002138323855465627,0.0002138323864499532,0.0004277551119701216,0.0007913036855143329,-0.0002138323855465626
2,0.003929900000001042,4.266189100242486,0.0009039371197667734,-12.0,-2.131738635402221,12.0,-0.001432187098798776,0.0002132642572521989,0.000213264258156136,0.0004266189100242486,0.0007923467507958692,-0.0002132642572521988
2,0.0039301000000010414,4.254820343923372,0.0009044821214510002,-12.0,-2.126053439734688,12.0,-0.001431525015187618,0.0002126957921856141,0.0002126957930900961,0.0004254820343923372,0.000793389893720825,-0.000212695792185614
2,0.003930300000001041,4.243444868696685,0.0009050257063403233,-12.0,-2.120364886738575,12.0,-0.001430861999191735,0.0002121269912444917,0.0002121269921495173,0.0004243444868696686,0.0007944331119591752,-0.0002121269912444916
2,0.003930500000001041,4.232062692525839,0.0009055678735712114,-12.0,-2.114672985396884,12.0,-0.001430198051177223,0.0002115578553270456,0.0002115578562326135,0.000423206269252584,0.0007954764031828931,-0.0002115578553270455
2,0.00393070000000104,4.220673833384851,0.0009061086222794668,-12.0,-2.10897774469792,12.0,-0.001429533171513842,0.0002109883853320201,0.0002109883862381286,0.0004220673833384852,0.0007965197650658951,-0.0002109883853320199
2,0.00393090000000104,4.209278309258222,0.0009066479516226522,-12.0,-2.103279173635197,12.0,-0.001428867360574959,0.0002104185821586822,0.00021041858306533,0.0004209278309258222,0.0007975631952836792,-0.000210418582158682
2,0.00393110000000104,4.197876138141067,0.0009071858607152539,-12.0,-2.097577281207601,12.0,-0.00142820061873733,0.0002098484467068318,0.0002098484476140176,0.0004197876138141067,0.0007986066915139367,-0.0002098484467068317
2,0.0039313000000010395,4.186467338038957,0.0009077223487363728,-12.0,-2.091872076419151,12.0,-0.001427532946380927,0.0002092779798767888,0.0002092779807845111,0.0004186467338038957,0.000799650251436218,-0.0002092779798767887
2,0.003931500000001039,4.175051926967891,0.0009082574148089329,-12.0,-2.086163568279158,12.0,-0.001426864343889445,0.0002087071825693969,0.0002087071834776541,0.0004175051926967891,0.0008006938727319057,-0.0002087071825693968
2,0.003931700000001039,4.163629922954385,0.0009087910580960479,-12.0,-2.080451765802138,12.0,-0.001426194811650239,0.0002081360556860236,0.0002081360565948145,0.0004163629922954386,0.0008017375530842141,-0.0002081360556860235
2,0.003931900000001039,4.152201344035337,0.0009093232777426241,-12.0,-2.074736678007822,12.0,-0.001425524350053831,0.0002075646001285566,0.0002075646010378797,0.0004152201344035337,0.0008027812901784392,-0.0002075646001285564
2,0.003932100000001038,4.140766208257973,0.0009098540729208793,-12.0,-2.069018313921064,12.0,-0.001424852959494183,0.0002069928167993987,0.0002069928177092526,0.0004140766208257973,0.0008038250817015702,-0.0002069928167993985
2,0.003932300000001038,4.129324533679956,0.0009103834427570678,-12.0,-2.063296682572008,12.0,-0.001424180640369033,0.0002064207066014766,0.00020642070751186,0.0004129324533679956,0.0008048689253427888,-0.0002064207066014765
2,0.003932500000001038,4.117876338369245,0.0009109113864449458,-12.0,-2.057571792995841,12.0,-0.001423507393079115,0.0002058482704382288,0.0002058482713491401,0.0004117876338369246,0.0008059128187930253,-0.0002058482704382287
2,0.003932700000001037,4.106421640404047,0.00091143790312187,-12.0,-2.051843654232962,12.0,-0.001422833218028996,0.0002052755092136085,0.0002052755101250463,0.0004106421640404048,0.00080695675974507,-0.0002052755092136084
2,0.003932900000001037,4.094960457872916,0.0009119629919625005,-12.0,-2.046112275328885,12.0,-0.001422158115626765,0.0002047024238320848,0.0002047024247440477,0.0004094960457872916,0.0008080007458936833,-0.0002047024238320847
2,0.0039331000000010375,4.083492808874595,0.0009124866521297292,-12.0,-2.040377665334236,12.0,-0.001421482086283649,0.0002041290151986368,0.0002041290161111233,0.0004083492808874596,0.000809044774935791,-0.0002041290151986366
2,0.003933300000001036,4.072018711518057,0.0009130088827926652,-12.0,-2.034639833304751,12.0,-0.001420805130414537,0.0002035552842187545,0.0002035552851317632,0.0004072018711518057,0.0008100888445699284,-0.0002035552842187544
2,0.003933500000001036,4.060538183922459,0.0009135296831228601,-12.0,-2.028898788301248,12.0,-0.001420127248437902,0.0002029812317984371,0.0002029812327119668,0.0004060538183922459,0.0008111329524966293,-0.0002029812317984371
2,0.003933700000001036,4.049051244217119,0.0009140490522880906,-12.0,-2.023154539389637,12.0,-0.001419448440775406,0.0002024068588441926,0.0002024068597582415,0.0004049051244217119,0.0008121770964185371,-0.0002024068588441925
2,0.003933900000001035,4.037557910541445,0.0009145669894756736,-12.0,-2.017407095640839,12.0,-0.001418768707852319,0.0002018321662630316,0.0002018321671775984,0.0004037557910541445,0.000813221274040099,-0.0002018321662630315
2,0.003934100000001035,4.026058201044952,0.000915083493849389,-12.0,-2.011656466130868,12.0,-0.001418088050097299,0.0002012571549624718,0.0002012571558775552,0.0004026058201044952,0.0008142654830677054,-0.0002012571549624717
2,0.003934300000001036,4.014552133887264,0.0009155985645958875,-12.0,-2.005902659940753,12.0,-0.001417406467942611,0.000200681825850535,0.0002006818267661334,0.0004014552133887264,0.0008153097212098004,-0.0002006818258505349
2,0.003934500000001034,4.00303972723801,0.0009161122008949363,-12.0,-2.00014568615654,12.0,-0.001416723961823962,0.0002001061798357436,0.0002001061807518558,0.000400303972723801,0.0008163539861766045,-0.0002001061798357435
2,0.003934700000001034,3.991520999276836,0.0009166244019322978,-12.0,-1.994385553869276,12.0,-0.001416040532180307,0.0001995302178271209,0.0001995302187437452,0.0003991520999276836,0.0008173982756805309,-0.0001995302178271208
2,0.003934900000001034,3.979995968193394,0.0009171351668888494,-12.0,-1.988622272175012,12.0,-0.001415356179454152,0.0001989539407341902,0.0001989539416513253,0.0003979995968193394,0.000818442587435797,-0.0001989539407341901
2,0.0039351000000010326,3.96846465218724,0.0009176444949672291,-12.0,-1.982855850174724,12.0,-0.001414670904091697,0.0001983773494669693,0.0001983773503846136,0.000396846465218724,0.0008194869191585075,-0.0001983773494669692
2,0.003935300000001033,3.956927069467866,0.0009181523853418749,-12.0,-1.977086296974397,12.0,-0.001413984706542276,0.0001978004449359739,0.0001978004458541262,0.0003956927069467866,0.0008205312685669319,-0.0001978004449359738
2,0.003935500000001033,3.945383238254704,0.0009186588372152027,-12.0,-1.971313621684941,12.0,-0.001413297587258833,0.0001972232280522157,0.0001972232289708745,0.0003945383238254704,0.0008215756333811719,-0.0001972232280522156
2,0.0039357000000010325,3.933833176777036,0.0009191638497758614,-12.0,-1.965537833422216,12.0,-0.001412609546697779,0.0001966456997271993,0.000196645700646363,0.0003933833176777036,0.0008226200113234383,-0.0001966456997271992
2,0.003935900000001032,3.922276903273925,0.0009196674222384793,-12.0,-1.95975894130693,12.0,-0.001411920585318804,0.000196067860872917,0.0001960678617925843,0.0003922276903273925,0.0008236644001177462,-0.0001960678608729169
2,0.003936100000001032,3.910714435994327,0.0009201695537726096,-12.0,-1.953976954464809,12.0,-0.001411230703585314,0.0001954897124018583,0.0001954897133220277,0.0003910714435994327,0.0008247087974901923,-0.0001954897124018582
2,0.003936300000001031,3.89914579319695,0.0009206702436150849,-12.0,-1.94819188202635,12.0,-0.001410539901964047,0.0001949112552269966,0.0001949112561476667,0.000389914579319695,0.0008257532011688717,-0.0001949112552269965
2,0.003936500000001031,3.887570993150198,0.0009211694909443402,-12.0,-1.942403733126987,12.0,-0.001409848180925072,0.0001943324902617933,0.0001943324911829627,0.0003887570993150198,0.0008267976088838225,-0.0001943324902617932
2,0.003936700000001031,3.875990054132286,0.0009216672949803328,-12.0,-1.936612516907,12.0,-0.001409155540942147,0.0001937534184201981,0.0001937534193418653,0.0003875990054132286,0.0008278420183670532,-0.000193753418420198
2,0.0039369000000010305,3.864402994431068,0.0009221636549270329,-12.0,-1.930818242511507,12.0,-0.001408461982492309,0.0001931740406166435,0.000193174041538807,0.0003864402994431068,0.0008288864273526542,-0.0001931740406166434
2,0.00393710000000103,3.852809832344084,0.0009226585699972922,-12.0,-1.92502091909046,12.0,-0.001407767506055951,0.0001925943577660458,0.0001925943586887043,0.0003852809832344084,0.0008299308335767142,-0.0001925943577660457
2,0.00393730000000103,3.841210586178502,0.0009231520394048509,-12.0,-1.919220555798623,12.0,-0.001407072112117241,0.0001920143707838029,0.0001920143717069549,0.0003841210586178503,0.0008309752347771537,-0.0001920143707838028
2,0.0039375000000010305,3.829605274251123,0.0009236440623614506,-12.0,-1.913417161795578,12.0,-0.00140637580116354,0.0001914340805857941,0.0001914340815094381,0.0003829605274251123,0.0008320196286940584,-0.000191434080585794
2,0.003937700000001029,3.817993914888253,0.0009241346381012594,-12.0,-1.907610746245628,12.0,-0.00140567857368562,0.000190853488088373,0.0001908534890125076,0.0003817993914888253,0.0008330640130695399,-0.0001908534880883729
2,0.003937900000001029,3.806376526425837,0.0009246237658135925,-12.0,-1.90180131831796,12.0,-0.001404980430177866,0.0001902725942083775,0.0001902725951330012,0.0003806376526425837,0.0008341083856475695,-0.0001902725942083774
2,0.003938100000001029,3.79475312720931,0.0009251114447568209,-12.0,-1.895988887186405,12.0,-0.0014042813711381,0.0001896913998631163,0.0001896914007882276,0.000379475312720931,0.0008351527441742557,-0.0001896913998631162
2,0.003938300000001028,3.783123735593549,0.0009255976741302518,-12.0,-1.890173462029602,12.0,-0.001403581397067338,0.0001891099059703733,0.0001891099068959709,0.0003783123735593549,0.000836197086397733,-0.0001891099059703732
2,0.003938500000001028,3.77148836994297,0.0009260824531733824,-12.0,-1.8843550520309,12.0,-0.001402880508470261,0.0001885281134484074,0.0001885281143744898,0.0003771488369942971,0.0008372414100681069,-0.0001885281134484074
2,0.0039387000000010285,3.759847048631399,0.0009265657811075023,-12.0,-1.87853366637838,12.0,-0.001402178705855045,0.0001879460232159489,0.0001879460241425146,0.0003759847048631399,0.0008382857129375365,-0.0001879460232159488
2,0.003938900000001027,3.748199790042008,0.0009270476571814346,-12.0,-1.872709314264756,12.0,-0.001401475989733086,0.0001873636361921938,0.0001873636371192413,0.0003748199790042008,0.0008393299927601239,-0.0001873636361921937
2,0.003939100000001027,3.736546612567434,0.0009275280805987052,-12.0,-1.866882004887538,12.0,-0.001400772360619418,0.0001867809532968137,0.0001867809542243418,0.0003736546612567434,0.0008403742472921083,-0.0001867809532968137
2,0.003939300000001027,3.724887534609628,0.000928007050631674,-12.0,-1.861051747448796,12.0,-0.001400067819032347,0.0001861979754499429,0.0001861979763779499,0.0003724887534609629,0.0008414184742917552,-0.0001861979754499428
2,0.0039395000000010255,3.713222574579803,0.0009284845664920827,-12.0,-1.855218551155318,12.0,-0.001399362365493734,0.0001856147035721811,0.0001856147045006656,0.0003713222574579803,0.0008424626715192729,-0.000185614703572181
2,0.003939700000001026,3.701551750898546,0.0009289606274334172,-12.0,-1.849382425218516,12.0,-0.00139865600052877,0.0001850311385845951,0.0001850311395135557,0.0003701551750898547,0.0008435068367370901,-0.000185031138584595
2,0.003939900000001026,3.689875081995679,0.0009294352326925104,-12.0,-1.843543378854449,12.0,-0.001397948724666309,0.0001844472814087142,0.0001844472823381494,0.0003689875081995679,0.0008445509677094676,-0.0001844472814087141
2,0.003940100000001025,3.678192586310186,0.0009299083815295095,-12.0,-1.837701421283715,12.0,-0.001397240538438288,0.0001838631329665246,0.0001838631338964329,0.0003678192586310186,0.0008455950622028308,-0.0001838631329665245
2,0.003940300000001025,3.666504282290354,0.0009303800731632617,-12.0,-1.831856561731632,12.0,-0.001396531442380305,0.0001832786941804796,0.0001832786951108596,0.0003666504282290354,0.0008466391179856592,-0.0001832786941804795
2,0.003940500000001025,3.654810188393601,0.0009308503068792273,-12.0,-1.826008809427978,12.0,-0.001395821437031458,0.0001826939659734858,0.0001826939669043361,0.0003654810188393601,0.0008476831328284307,-0.0001826939659734858
2,0.003940700000001024,3.643110323086435,0.000931319081903359,-12.0,-1.820158173607172,12.0,-0.001395110522933923,0.0001821089492689076,0.0001821089502002266,0.0003643110323086435,0.0008487271045037603,-0.0001821089492689075
2,0.003940900000001024,3.631404704844564,0.0009317863975029095,-12.0,-1.814304663508164,12.0,-0.001394398700633681,0.0001815236449905667,0.000181523645922353,0.0003631404704844564,0.0008497710307863171,-0.0001815236449905667
2,0.003941100000001024,3.619693352152729,0.0009322522529304766,-12.0,-1.808448288374446,12.0,-0.001393685970680042,0.0001809380540627378,0.0001809380549949899,0.000361969335215273,0.0008508149094526574,-0.0001809380540627377
2,0.0039413000000010235,3.607976283504746,0.0009327166474477622,-12.0,-1.802589057454035,12.0,-0.001392972333625564,0.0001803521774101483,0.0001803521783428649,0.0003607976283504746,0.0008518587382816689,-0.0001803521774101483
2,0.003941500000001023,3.596253517403446,0.0009331795803151355,-12.0,-1.796726979999455,12.0,-0.001392257790026413,0.000179766015957977,0.0001797660168911566,0.0003596253517403446,0.0008529025150541825,-0.000179766015957977
2,0.003941700000001023,3.584525072360687,0.0009336410507936321,-12.0,-1.790862065267743,12.0,-0.001391542340442226,0.0001791795706318537,0.0001791795715654947,0.0003584525072360688,0.0008539462375529994,-0.0001791795706318537
2,0.003941900000001022,3.572790966897217,0.0009341010581647158,-12.0,-1.784994322520351,12.0,-0.001390825985435828,0.0001785928423578516,0.0001785928432919526,0.0003572790966897218,0.0008549899035631692,-0.0001785928423578516
2,0.003942100000001022,3.561051219542816,0.0009345596016672175,-12.0,-1.779123761023311,12.0,-0.001390108725573602,0.0001780058320624979,0.0001780058329970575,0.0003561051219542816,0.0008560335108717676,-0.0001780058320624979
2,0.003942300000001022,3.549305848836141,0.0009350166806070259,-12.0,-1.773250390046993,12.0,-0.001389390561425369,0.0001774185406727601,0.0001774185416077767,0.0003549305848836141,0.0008570770572679798,-0.00017741854067276
2,0.003942500000001022,3.537554873324671,0.0009354722942307436,-12.0,-1.767374218866266,12.0,-0.001388671493564392,0.0001768309691160498,0.000176830970051522,0.0003537554873324672,0.000858120540542906,-0.0001768309691160497
2,0.003942700000001021,3.525798311564827,0.0009359264418276059,-12.0,-1.761495256760408,12.0,-0.001387951522567155,0.0001762431183202237,0.00017624311925615,0.0003525798311564827,0.0008591639584900335,-0.0001762431183202236
2,0.003942900000001021,3.514036182121819,0.0009363791226668639,-12.0,-1.755613513013118,12.0,-0.00138723064901386,0.0001756549892135786,0.0001756549901499576,0.0003514036182121819,0.0008602073089046813,-0.0001756549892135785
2,0.0039431000000010215,3.50226850356959,0.0009368303360459684,-12.0,-1.749728996912423,12.0,-0.001386508873488013,0.000175066582724847,0.0001750665836616772,0.000350226850356959,0.0008612505895843336,-0.0001750665827248469
2,0.00394330000000102,3.490495294490937,0.0009372800812159632,-12.0,-1.743841717750844,12.0,-0.001385786196576283,0.000174477899783206,0.000174477900720486,0.0003490495294490937,0.0008622937983286949,-0.000174477899783206
2,0.00394350000000102,3.478716573477356,0.0009377283574980577,-12.0,-1.737951684825147,12.0,-0.00138506261886906,0.0001738889413182646,0.0001738889422559929,0.0003478716573477356,0.0008633369329394402,-0.0001738889413182645
2,0.00394370000000102,3.466932359128994,0.0009381751641530656,-12.0,-1.732058907436516,12.0,-0.001384338140960062,0.000173299708260067,0.0001732997091982421,0.0003466932359128995,0.0008643799912203265,-0.0001732997082600669
2,0.003943900000001019,3.455142670054758,0.0009386205004822123,-12.0,-1.726163394890451,12.0,-0.001383612763446451,0.0001727102015390934,0.0001727102024777138,0.0003455142670054758,0.0008654229709773309,-0.0001727102015390933
2,0.003944100000001019,3.443347524872148,0.0009390643657740672,-12.0,-1.720265156496769,12.0,-0.001382886486928581,0.0001721204220862545,0.0001721204230253187,0.0003443347524872148,0.0008664658700184569,-0.0001721204220862544
2,0.0039443000000010196,3.431546942207298,0.0009395067593231943,-12.0,-1.714364201569596,12.0,-0.001382159312010522,0.000171530370832892,0.0001715303717723987,0.0003431546942207298,0.0008675086861539283,-0.000171530370832892
2,0.003944500000001018,3.419740940694922,0.0009399476804268225,-12.0,-1.708460539427344,12.0,-0.001381431239299513,0.0001709400487107772,0.0001709400496507248,0.0003419740940694923,0.0008685514171959674,-0.0001709400487107771
2,0.003944700000001018,3.407929538978317,0.0009403871283790721,-12.0,-1.702554179392719,12.0,-0.001380702269406286,0.0001703494566521099,0.0001703494575924969,0.0003407929538978317,0.0008695940609589892,-0.0001703494566521098
2,0.003944900000001018,3.396112755709232,0.0009408251024976,-12.0,-1.696645130792618,12.0,-0.001379972402945073,0.0001697585955895116,0.0001697585965303367,0.0003396112755709232,0.0008706366152594347,-0.0001697585955895116
2,0.0039451000000010165,3.384290609548003,0.0009412616020547659,-12.0,-1.690733402958303,12.0,-0.001379241640533352,0.0001691674664560358,0.0001691674673972974,0.0003384290609548004,0.0008716790779160211,-0.0001691674664560358
2,0.003945300000001017,3.37246311916341,0.0009416966263924298,-12.0,-1.68481900522515,12.0,-0.001378509982791987,0.0001685760701851543,0.0001685760711268509,0.000337246311916341,0.0008727214467496025,-0.0001685760701851542
2,0.003945500000001017,3.360630303232608,0.0009421301747916111,-12.0,-1.678901946932815,12.0,-0.001377777430345423,0.0001679844077107607,0.0001679844086528908,0.0003360630303232608,0.0008737637195828651,-0.0001679844077107607
2,0.0039457000000010164,3.348792180441255,0.0009425622465752959,-12.0,-1.672982237425142,12.0,-0.001377043983821297,0.0001673924799671718,0.000167392480909734,0.0003348792180441255,0.0008748058942410486,-0.0001673924799671718
2,0.003945900000001016,3.33694876948336,0.0009429928410495947,-12.0,-1.667059886050177,12.0,-0.001376309643850798,0.0001668002878891227,0.0001668002888321155,0.000333694876948336,0.0008758479685512799,-0.0001668002878891227
2,0.003946100000001016,3.325100089061219,0.0009434219575461533,-12.0,-1.661134902160071,12.0,-0.001375574411068448,0.0001662078324117618,0.0001662078333551836,0.0003325100089061219,0.000876889940342851,-0.0001662078324117617
2,0.003946300000001015,3.313246157885539,0.000943849595349544,-12.0,-1.655207295111249,12.0,-0.001374838286112151,0.0001656151144706599,0.0001656151154145095,0.0003313246157885539,0.0008779318074472187,-0.0001656151144706599
2,0.003946500000001015,3.301386994675293,0.00094427575381828,-12.0,-1.649277074264162,12.0,-0.001374101269623312,0.000165022135001798,0.0001650221359460738,0.0003301386994675293,0.0008789735676980603,-0.000165022135001798
2,0.003946700000001015,3.289522618157655,0.0009447004322464814,-12.0,-1.643344248983454,12.0,-0.001373363362246555,0.0001644288949415701,0.0001644288958862704,0.0003289522618157655,0.0008800152189310517,-0.00016442889494157
2,0.0039469000000010145,3.27765304706812,0.0009451236299720112,-12.0,-1.637408828637865,12.0,-0.001372624564629887,0.0001638353952267838,0.0001638353961719074,0.000327765304706812,0.0008810567589842833,-0.0001638353952267838
2,0.003947100000001014,3.265778300150354,0.0009455453463127483,-12.0,-1.631470822600254,12.0,-0.0013718848774249,0.0001632416367946567,0.000163241637740202,0.0003265778300150354,0.0008820981856977328,-0.0001632416367946567
2,0.003947300000001014,3.253898396156162,0.000945965580612329,-12.0,-1.625530240247507,12.0,-0.001371144301286403,0.0001626476205828119,0.0001626476215287775,0.0003253898396156163,0.0008831394969136541,-0.0001626476205828119
2,0.003947500000001014,3.242013353845508,0.0009463843321864118,-12.0,-1.619587090960631,12.0,-0.001370402836872731,0.0001620533475292818,0.0001620533484756661,0.0003242013353845508,0.0008841806904764382,-0.0001620533475292817
2,0.003947700000001013,3.230123191986507,0.0009468016003775226,-12.0,-1.613641384124671,12.0,-0.001369660484845464,0.0001614588185725049,0.0001614588195193065,0.0003230123191986507,0.0008852217642326826,-0.0001614588185725049
2,0.003947900000001013,3.218227929355324,0.0009472173845195275,-12.0,-1.607693129128709,12.0,-0.0013689172458696,0.0001608640346513229,0.0001608640355985402,0.0003218227929355325,0.0008862627160311498,-0.0001608640346513229
2,0.003948100000001013,3.206327584736191,0.0009476316839511778,-12.0,-1.601742335365852,12.0,-0.001368173120613603,0.0001602689967049804,0.000160268997652612,0.0003206327584736191,0.0008873035437226978,-0.0001602689967049804
2,0.003948300000001012,3.194422176921365,0.0009480444980141112,-12.0,-1.595789012233216,12.0,-0.00136742810974913,0.0001596737056731231,0.0001596737066211675,0.0003194422176921365,0.0008883442451605855,-0.000159673705673123
2,0.003948500000001012,3.18251172471111,0.0009484558260470788,-12.0,-1.589833169131927,12.0,-0.001366682213951503,0.0001590781624957974,0.0001590781634442532,0.000318251172471111,0.0008893848181998759,-0.0001590781624957974
2,0.0039487000000010125,3.170596246913596,0.0009488656674121465,-12.0,-1.583874815467023,12.0,-0.001365935433899151,0.0001584823681134436,0.0001584823690623092,0.0003170596246913596,0.0008904252606981716,-0.0001584823681134436
2,0.003948900000001011,3.158675762345013,0.0009492740214263051,-12.0,-1.577913960647627,12.0,-0.001365187770273918,0.0001578863234669054,0.0001578863244161793,0.0003158675762345013,0.0008914655705150737,-0.0001578863234669053
2,0.003949100000001011,3.146750289829425,0.0009496808874758234,-12.0,-1.57195061408669,12.0,-0.001364439223761338,0.0001572900294974166,0.0001572900304470975,0.0003146750289829426,0.0008925057455123897,-0.0001572900294974166
2,0.003949300000001011,3.134819848198721,0.0009500862648867958,-12.0,-1.565984785201168,12.0,-0.001363689795049833,0.0001566934871466055,0.0001566934880966917,0.0003134819848198721,0.0008935457835541477,-0.0001566934871466055
2,0.00394950000000101,3.12288445629272,0.0009504901530263954,-12.0,-1.560016483411919,12.0,-0.001362939484831543,0.0001560966973564946,0.0001560966983069847,0.0003122884456292721,0.0008945856825065546,-0.0001560966973564945
2,0.00394970000000101,3.110944132959033,0.0009508925512451416,-12.0,-1.554045718143723,12.0,-0.001362188293801747,0.0001554996610694969,0.0001554996620203894,0.0003110944132959033,0.0008956254402381347,-0.0001554996610694968
2,0.00394990000000101,3.098998897052991,0.0009512934589190891,-12.0,-1.548072498825183,12.0,-0.001361436222659385,0.0001549023792284102,0.0001549023801797036,0.0003098998897052991,0.0008966650546193278,-0.0001549023792284102
2,0.003950100000001009,3.087048767437785,0.0009516928753794396,-12.0,-1.542096834888894,12.0,-0.00136068327210645,0.0001543048527764274,0.0001543048537281203,0.0003087048767437785,0.0008977045235230713,-0.0001543048527764274
2,0.003950300000001009,3.07509376298429,0.0009520908000273387,-12.0,-1.536118735771196,12.0,-0.00135992944284849,0.0001537070826571224,0.0001537070836092131,0.000307509376298429,0.0008987438448243429,-0.0001537070826571224
2,0.003950500000001009,3.06313390257103,0.0009524872322022038,-12.0,-1.530138210912339,12.0,-0.001359174735594382,0.0001531090698144542,0.0001531090707669414,0.0003063133902571031,0.0008997830164003406,-0.0001531090698144542
2,0.003950700000001008,3.05116920508428,0.0009528821712863067,-12.0,-1.524155269756389,12.0,-0.00135841915105625,0.0001525108151927676,0.0001525108161456497,0.0003051169205084281,0.0009008220361305941,-0.0001525108151927676
2,0.003950900000001008,3.039199689417929,0.0009532756166430456,-12.0,-1.518169921751244,12.0,-0.001357662689949801,0.0001519123197367887,0.0001519123206900643,0.0003039199689417929,0.0009018609018967144,-0.0001519123197367887
2,0.003951100000001008,3.02722537447341,0.0009536675676640183,-12.0,-1.512182176348533,12.0,-0.001356905352993959,0.0001513135843916198,0.0001513135853452873,0.000302722537447341,0.0009028996115825472,-0.0001513135843916197
2,0.0039513000000010075,3.015246279159826,0.000954058023693305,-12.0,-1.506192043003793,12.0,-0.001356147140910952,0.0001507146101027487,0.0001507146110568066,0.0003015246279159826,0.0009039381630742416,-0.0001507146101027486
2,0.003951500000001007,3.003262422393802,0.0009544469841475944,-12.0,-1.500199531176209,12.0,-0.001355388054426504,0.0001501153978160358,0.0001501153987704827,0.0003003262422393802,0.000904976554260084,-0.0001501153978160357
2,0.003951700000001007,2.991273823099415,0.0009548344483788496,-12.0,-1.494204650328794,12.0,-0.001354628094269589,0.0001495159484777174,0.0001495159494325518,0.0002991273823099415,0.0009060147830306786,-0.0001495159484777173
2,0.003951900000001006,2.979280500208331,0.0009552204157852184,-12.0,-1.488207409928284,12.0,-0.001353867261172564,0.000148916263034407,0.0001489162639896273,0.0002979280500208332,0.0009070528472786693,-0.0001489162630344069
2,0.003952100000001006,2.967282472659614,0.0009556048857471966,-12.0,-1.482207819445137,12.0,-0.001353105555871176,0.0001483163424330885,0.0001483163433886934,0.0002967282472659614,0.0009080907448991982,-0.0001483163424330885
2,0.003952300000001006,2.955279759399778,0.0009559878576549385,-12.0,-1.476205888353528,12.0,-0.001352342979104443,0.0001477161876211183,0.0001477161885771062,0.0002955279759399778,0.0009091284737894473,-0.0001477161876211183
2,0.0039525000000010056,2.94327237938273,0.0009563693308982657,-12.0,-1.470201626131325,12.0,-0.001351579531614827,0.0001471157995462223,0.0001471158005025916,0.0002943272379382731,0.0009101660318489441,-0.0001471157995462223
2,0.003952700000001005,2.931260351569771,0.0009567493048662223,-12.0,-1.464195042260093,12.0,-0.001350815214148038,0.000146515179156496,0.0001465151801132453,0.0002931260351569771,0.000911203416979367,-0.000146515179156496
2,0.003952900000001005,2.919243694929467,0.0009571277789710564,-12.0,-1.458186146224999,12.0,-0.00135005002745317,0.000145914327400397,0.0001459143283575248,0.0002919243694929467,0.0009122406270846983,-0.000145914327400397
2,0.0039531000000010055,2.907222428437784,0.0009575047525784974,-12.0,-1.452174947514977,12.0,-0.00134928397228265,0.0001453132452267556,0.0001453132461842603,0.0002907222428437784,0.0009132776600711823,-0.0001453132452267555
2,0.003953300000001004,2.895196571077938,0.0009578802251253293,-12.0,-1.446161455622478,12.0,-0.001348517049392456,0.0001447119335847604,0.0001447119345426407,0.0002895196571077938,0.0009143145138471864,-0.0001447119335847604
2,0.003953500000001004,2.883166141840338,0.0009582541959871627,-12.0,-1.440145680043646,12.0,-0.001347749259541425,0.0001441103934239634,0.0001441103943822175,0.0002883166141840338,0.0009153511863235764,-0.0001441103934239633
2,0.003953700000001004,2.871131159722698,0.0009586266645813524,-12.0,-1.43412763027821,12.0,-0.001346980603492226,0.0001435086256942792,0.0001435086266529058,0.0002871131159722698,0.0009163876754132161,-0.0001435086256942792
2,0.0039539000000010024,2.859091643729895,0.0009589976303074899,-12.0,-1.42810731582951,12.0,-0.001346211082010607,0.0001429066313459818,0.0001429066323049794,0.0002859091643729895,0.0009174239790313565,-0.0001429066313459818
2,0.003954100000001003,2.847047612873905,0.000959367092592367,-12.0,-1.422084746204393,12.0,-0.001345440695865702,0.0001423044113296985,0.0001423044122890656,0.0002847047612873905,0.0009184600950955385,-0.0001423044113296985
2,0.0039543000000010035,2.834999086173921,0.0009597350508161462,-12.0,-1.416059930913386,12.0,-0.001344669445829921,0.0001417019665964202,0.0001417019675561552,0.0002834999086173921,0.0009194960215254816,-0.0001417019665964202
2,0.003954500000001002,2.822946082656209,0.0009601015044302663,-12.0,-1.410032879470444,12.0,-0.0013438973326792,0.0001410992980974874,0.0001410992990575889,0.0002822946082656209,0.0009205317562431814,-0.0001410992980974874
2,0.003954700000001002,2.810888621354043,0.0009604664528241047,-12.0,-1.404003601393121,12.0,-0.001343124357192527,0.0001404964067845945,0.0001404964077450609,0.0002810888621354043,0.0009215672971729927,-0.0001404964067845945
2,0.003954900000001002,2.798826721307826,0.0009608298954296712,-12.0,-1.39797210620247,12.0,-0.001342350520152469,0.00013989329360979,0.0001398932945706198,0.0002798826721307826,0.0009226026422414768,-0.0001398932936097899
2,0.0039551000000010005,2.786760401564919,0.0009611918316639878,-12.0,-1.391938403423045,12.0,-0.001341575822344787,0.000139289959525471,0.0001392899604866628,0.000278676040156492,0.0009236377893774711,-0.0001392899595254709
2,0.003955300000001001,2.774689681179679,0.0009615522609535132,-12.0,-1.385902502582887,12.0,-0.0013408002645586,0.000138686405484384,0.0001386864064459363,0.0002774689681179679,0.0009246727365120333,-0.000138686405484384
2,0.003955500000001002,2.762614579213404,0.0009619111827229299,-12.0,-1.379864413213506,12.0,-0.00134002384758633,0.0001380826324396229,0.0001380826334015341,0.0002762614579213405,0.0009257074815786359,-0.0001380826324396229
2,0.003955700000001,2.750535114734342,0.0009622685963981414,-12.0,-1.373824144849888,12.0,-0.001339246572223757,0.0001374786413446286,0.0001374786423068972,0.0002750535114734342,0.0009267420225129303,-0.0001374786413446286
2,0.003955900000001,2.738451306817545,0.0009626245014260348,-12.0,-1.367781707030388,12.0,-0.001338468439269935,0.0001368744331531814,0.0001368744341158059,0.0002738451306817545,0.0009277763572529546,-0.0001368744331531814
2,0.003956100000001,2.726363174545024,0.0009629788972084219,-12.0,-1.36173710929691,12.0,-0.001337689449527196,0.0001362700088194119,0.0001362700097823908,0.0002726363174545024,0.0009288104837389677,-0.0001362700088194119
2,0.003956300000000999,2.714270737005588,0.0009633317832187238,-12.0,-1.355690361194648,12.0,-0.001336909603801367,0.0001356653692977867,0.0001356653702611185,0.0002714270737005588,0.0009298443999135181,-0.0001356653692977867
2,0.003956500000000999,2.702174013294782,0.0009636831588674122,-12.0,-1.349641472272258,12.0,-0.001336128902901496,0.0001350605155431126,0.0001350605165067957,0.0002702174013294782,0.000930878103721347,-0.0001350605155431126
2,0.003956700000000999,2.690073022515012,0.0009640330236088124,-12.0,-1.343590452081763,12.0,-0.001335347347639904,0.0001344554485105371,0.0001344554494745702,0.0002690073022515012,0.0009319115931097355,-0.0001344554485105372
2,0.0039569000000009985,2.677967783775388,0.0009643813768767107,-12.0,-1.337537310178565,12.0,-0.001334564938832217,0.0001338501691555442,0.0001338501701199256,0.0002677967783775389,0.0009329448660280876,-0.0001338501691555442
2,0.003957100000000998,2.665858316191674,0.0009647282181353134,-12.0,-1.331482056121352,12.0,-0.001333781677297391,0.0001332446784339487,0.000133244679398677,0.0002665858316191674,0.0009339779204281667,-0.0001332446784339487
2,0.003957300000000998,2.653744638886398,0.0009650735467999771,-12.0,-1.325424699472264,12.0,-0.001332997563857713,0.0001326389773019064,0.0001326389782669799,0.0002653744638886398,0.0009350107542640956,-0.0001326389773019064
2,0.003957500000000998,2.641626770988707,0.000965417362358445,-12.0,-1.319365249796642,12.0,-0.0013322125993388,0.0001320330667159001,0.0001320330676813174,0.0002641626770988707,0.0009360433654921618,-0.0001320330667159
2,0.003957700000000997,2.629504731634305,0.0009657596642355104,-12.0,-1.313303716663202,12.0,-0.001331426784569434,0.0001314269476327438,0.0001314269485985035,0.0002629504731634304,0.0009370757520711093,-0.0001314269476327438
2,0.003957900000000997,2.617378539965576,0.0009661004519001537,-12.0,-1.307240109643933,12.0,-0.001330640120381976,0.0001308206210095834,0.0001308206219756838,0.0002617378539965576,0.000938107911961944,-0.0001308206210095833
2,0.003958100000000997,2.605248215131426,0.0009664397248010381,-12.0,-1.301174438314114,12.0,-0.001329852607611842,0.0001302140878038915,0.0001302140887703313,0.0002605248215131426,0.0009391398431279202,-0.0001302140878038915
2,0.003958300000000995,2.593113776287232,0.0009667774824160258,-12.0,-1.295106712252217,12.0,-0.001329064247097722,0.0001296073489734634,0.0001296073499402408,0.0002593113776287232,0.0009401715435347763,-0.0001296073489734633
2,0.003958500000000996,2.580975242594957,0.0009671137241753502,-12.0,-1.289036941040079,12.0,-0.001328275039681859,0.0001290004054764254,0.0001290004064435391,0.0002580975242594958,0.0009412030111504016,-0.0001290004054764254
2,0.0039587000000009965,2.568832633222999,0.0009674484495807434,-12.0,-1.282965134262644,12.0,-0.001327484986209548,0.0001283932582712226,0.000128393259238671,0.0002568832633223,0.0009422342439451281,-0.0001283932582712225
2,0.003958900000000995,2.556685967346136,0.0009677816580723198,-12.0,-1.276891301508143,12.0,-0.001326694087529556,0.0001277859083166215,0.0001277859092844032,0.0002556685967346136,0.000943265239891522,-0.0001277859083166215
2,0.003959100000000995,2.544535264145634,0.0009681133491322713,-12.0,-1.270815452367985,12.0,-0.001325902344493701,0.0001271783565717118,0.0001271783575398251,0.0002544535264145634,0.0009442959969646753,-0.0001271783565717117
2,0.003959300000000995,2.532380542809089,0.0009684435222282461,-12.0,-1.264737596436767,12.0,-0.00132510975795741,0.0001265706039958995,0.0001265706049643431,0.0002532380542809089,0.0009453265131417338,-0.0001265706039958995
2,0.0039595000000009935,2.520221822530454,0.00096877217683633,-12.0,-1.258657743312251,12.0,-0.001324316328779135,0.0001259626515489087,0.0001259626525176809,0.0002520221822530454,0.000946356786402397,-0.0001259626515489087
2,0.003959700000000994,2.508059122509996,0.0009690993124321645,-12.0,-1.252575902595357,12.0,-0.001323522057820853,0.0001253545001907789,0.0001253545011598782,0.0002508059122509996,0.000947386814728543,-0.0001253545001907789
2,0.003959900000000995,2.495892461954291,0.0009694249284925016,-12.0,-1.246492083890157,12.0,-0.001322726945947539,0.000124746150881865,0.0001247461518512899,0.0002495892461954291,0.0009484165961046037,-0.000124746150881865
2,0.003960100000000993,2.483721860076086,0.0009697490245144103,-12.0,-1.240406296803781,12.0,-0.001321930994027637,0.0001241376045828296,0.0001241376055525786,0.0002483721860076086,0.0009494461285171896,-0.0001241376045828296
2,0.003960300000000993,2.471547336094458,0.0009700715999509946,-12.0,-1.234318550946586,12.0,-0.001321134202932894,0.0001235288622546537,0.0001235288632247253,0.0002471547336094458,0.0009504754099552981,-0.0001235288622546537
2,0.003960500000000993,2.459368909234632,0.0009703926543250807,-12.0,-1.228228855931902,12.0,-0.00132033657353825,0.0001229199248586227,0.0001229199258290153,0.0002459368909234632,0.0009515044384102722,-0.0001229199248586227
2,0.0039607000000009916,2.447186598727971,0.0009707121870941027,-12.0,-1.222137221376223,12.0,-0.001319538106721974,0.0001223107933563317,0.0001223107943270439,0.0002447186598727971,0.0009525332118758278,-0.0001223107933563317
2,0.003960900000000992,2.43500042381198,0.0009710301977793323,-12.0,-1.216043656899019,12.0,-0.001318738803365582,0.0001217014687096799,0.0001217014696807101,0.000243500042381198,0.0009535617283480402,-0.0001217014687096798
2,0.003961100000000993,2.422810403730308,0.0009713466858380926,-12.0,-1.20994817212293,12.0,-0.001317938664353896,0.0001210919518808769,0.0001210919528522235,0.0002422810403730309,0.0009545899858253715,-0.0001210919518808768
2,0.0039613000000009915,2.410616557732662,0.000971661650805089,-12.0,-1.203850776673507,12.0,-0.00131713769057501,0.0001204822438324312,0.0001204822448040929,0.0002410616557732662,0.0009556179823085181,-0.0001204822438324312
2,0.003961500000000991,2.398418905074724,0.0009719750921505232,-12.0,-1.197751480179386,12.0,-0.001316335882920128,0.0001198723455271536,0.0001198723464991287,0.0002398418905074724,0.0009566457158007857,-0.0001198723455271536
2,0.003961700000000991,2.386217465018285,0.0009722870093893388,-12.0,-1.191650292272189,12.0,-0.001315533242284089,0.0001192622579281578,0.0001192622589004448,0.0002386217465018285,0.0009576731843075614,-0.0001192622579281578
2,0.00396190000000099,2.374012256831056,0.0009725974020200479,-12.0,-1.185547222586524,12.0,-0.001314729769564621,0.0001186519819988545,0.0001186519829714518,0.0002374012256831057,0.0009587003858367998,-0.0001186519819988544
2,0.00396210000000099,2.361803299786719,0.0009729062695498225,-12.0,-1.179442280759972,12.0,-0.001313925465662974,0.0001180415187029523,0.0001180415196758585,0.0002361803299786719,0.0009597273183987592,-0.0001180415187029522
2,0.00396230000000099,2.349590613164896,0.0009732136114832812,-12.0,-1.173335476433087,12.0,-0.001313120331483481,0.0001174308690044571,0.0001174308699776707,0.0002349590613164896,0.0009607539800060572,-0.000117430869004457
2,0.0039625000000009895,2.337374216251041,0.0009735194273434722,-12.0,-1.167226819249311,12.0,-0.001312314367933887,0.0001168200338676655,0.0001168200348411849,0.0002337374216251041,0.0009617803686737397,-0.0001168200338676655
2,0.003962700000000989,2.325154128336487,0.0009738237166274644,-12.0,-1.161116318855065,12.0,-0.001311507575925075,0.0001162090142571693,0.000116209015230993,0.0002325154128336487,0.0009628064824192123,-0.0001162090142571693
2,0.003962900000000989,2.31293036871844,0.0009741264788610815,-12.0,-1.155003984899664,12.0,-0.001310699956371342,0.0001155978111378525,0.000115597812111979,0.000231293036871844,0.0009638323192622672,-0.0001155978111378525
2,0.0039631000000009894,2.300702956699861,0.000974427713558268,-12.0,-1.148889827035316,12.0,-0.001309891510189981,0.0001149864254748875,0.0001149864264493152,0.0002300702956699862,0.0009648578772250838,-0.0001149864254748874
2,0.003963300000000988,2.288471911589495,0.0009747274202404066,-12.0,-1.142773854917113,12.0,-0.001309082238301784,0.0001143748582337353,0.0001143748592084627,0.0002288471911589495,0.0009658831543322144,-0.0001143748582337353
2,0.003963500000000988,2.276237252701819,0.0009750255984305456,-12.0,-1.136656078203008,12.0,-0.00130827214163079,0.0001137631103801438,0.0001137631113551694,0.0002276237252701819,0.0009669081486106262,-0.0001137631103801438
2,0.003963700000000988,2.263998999357042,0.0009753222476501788,-12.0,-1.130536506553823,12.0,-0.001307461221104089,0.0001131511828801473,0.0001131511838554696,0.0002263998999357042,0.0009679328580896457,-0.0001131511828801473
2,0.003963900000000986,2.251757170880968,0.0009756173674432267,-12.0,-1.124415149633146,12.0,-0.001306649477652161,0.0001125390767000589,0.0001125390776756763,0.0002251757170880969,0.0009689572808010832,-0.0001125390767000589
2,0.003964100000000987,2.239511786605149,0.0009759109573078684,-12.0,-1.118292017107503,12.0,-0.001305836912208813,0.0001119267928064811,0.0001119267937823921,0.0002239511786605149,0.0009699814147790115,-0.0001119267928064811
2,0.0039643000000009875,2.227262865866714,0.0009762030168141145,-12.0,-1.112167118646106,12.0,-0.00130502352571088,0.000111314332166292,0.000111314333142495,0.0002227262865866715,0.0009710052580600426,-0.000111314332166292
2,0.003964500000000986,2.215010428008319,0.0009764935454686929,-12.0,-1.106040463921021,12.0,-0.001304209319098526,0.000110701695746649,0.0001107016967231425,0.0002215010428008319,0.0009720288086831896,-0.000110701695746649
2,0.003964700000000986,2.202754492378267,0.0009767825428230736,-12.0,-1.099912062607074,12.0,-0.001303394293315427,0.0001100888845149897,0.0001100888854917722,0.0002202754492378267,0.0009730520646896446,-0.0001100888845149897
2,0.003964900000000986,2.19049507833035,0.0009770700084084094,-12.0,-1.093781924381862,12.0,-0.001302578449307992,0.0001094758994390271,0.0001094759004160971,0.000219049507833035,0.000974075024123347,-0.0001094758994390271
2,0.0039651000000009845,2.178232205223794,0.0009773559417848299,-12.0,-1.087650058925661,12.0,-0.001301761788026323,0.0001088627414867446,0.0001088627424641005,0.0002178232205223794,0.0009750976850304155,-0.0001088627414867446
2,0.003965300000000985,2.16596589242338,0.000977640342464503,-12.0,-1.08151647592159,12.0,-0.001300944310423491,0.0001082494116264055,0.0001082494126040458,0.0002165965892423381,0.0009761200454594943,-0.0001082494116264055
2,0.003965500000000986,2.153696159299291,0.0009779232100330937,-12.0,-1.075381185055364,12.0,-0.001300126017455799,0.0001076359108265397,0.0001076359118044629,0.0002153696159299291,0.0009771421034616423,-0.0001076359108265397
2,0.003965700000000984,2.141423025227044,0.0009782045440105414,-12.0,-1.069244196015461,12.0,-0.001299306910083051,0.0001070222400559472,0.0001070222410341517,0.0002141423025227044,0.0009781638570902224,-0.0001070222400559471
2,0.003965900000000984,2.129146509587627,0.00097848434396397,-12.0,-1.063105518493024,12.0,-0.001298486989267961,0.0001064084002836988,0.0001064084012621832,0.0002129146509587627,0.000979185304401206,-0.0001064084002836988
2,0.003966100000000984,2.116866631767308,0.0009787626094426294,-12.0,-1.056965162181864,12.0,-0.001297666255976632,0.0001057943924791307,0.0001057943934578933,0.0002116866631767308,0.0009802064434528551,-0.0001057943924791307
2,0.003966300000000983,2.104583411157683,0.0009790393400047614,-12.0,-1.050823136778441,12.0,-0.001296844711178413,0.0001051802176118445,0.0001051802185908839,0.0002104583411157683,0.0009812272723058596,-0.0001051802176118446
2,0.003966500000000983,2.09229686715562,0.0009793145352091637,-12.0,-1.044679451981851,12.0,-0.00129602235584575,0.000104565876651706,0.0001045658776310206,0.0002092296867155621,0.000982247789023477,-0.000104565876651706
2,0.003966700000000984,2.080007019163266,0.0009795881946148555,-12.0,-1.038534117493829,12.0,-0.001295199190954485,0.0001039513705688444,0.0001039513715484326,0.0002080007019163266,0.0009832679916712411,-0.0001039513705688444
2,0.0039669000000009825,2.067713886587902,0.0009798603178021725,-12.0,-1.032387143018645,12.0,-0.001294375217483504,0.0001033367003336447,0.000103336701313505,0.0002067713886587902,0.000984287878317211,-0.0001033367003336447
2,0.003967100000000982,2.055417488842092,0.0009801309043054873,-12.0,-1.026238538263279,12.0,-0.001293550436415047,0.0001027218669167585,0.0001027218678968894,0.0002055417488842093,0.0009853074470319023,-0.0001027218669167585
2,0.003967300000000982,2.043117845343526,0.0009803999537314478,-12.0,-1.020088312937166,12.0,-0.001292724848734508,0.0001021068712890898,0.0001021068722694897,0.0002043117845343526,0.0009863266958882039,-0.0001021068712890898
2,0.003967500000000981,2.030814975514958,0.0009806674656237524,-12.0,-1.013936476752369,12.0,-0.001291898455430499,0.0001014917144217993,0.0001014917154024667,0.0002030814975514959,0.0009873456229614747,-0.0001014917144217993
2,0.003967700000000981,2.018508898784331,0.0009809334395697311,-12.0,-1.007783039423476,12.0,-0.001291071257494808,0.0001008763972863046,0.0001008763982672381,0.0002018508898784331,0.0009883642263295994,-0.0001008763972863046
2,0.003967900000000981,2.006199634584618,0.0009811978751381734,-12.0,-1.001628010667623,12.0,-0.001290243255922571,0.0001002609208542762,0.000100260921835474,0.0002006199634584618,0.0009893825040727666,-0.0001002609208542761
2,0.0039681000000009806,1.993887202353767,0.00098146077192518,-12.0,-0.9954714002043878,12.0,-0.00128941445171199,9.964528609763133e-05,9.964528707909208e-05,0.0001993887202353767,0.0009904004542737321,-9.96452860976313e-05
2,0.00396830000000098,1.981571621534819,0.0009817221294801115,-12.0,-0.989313217755968,12.0,-0.001288584845864513,9.902949398854484e-05,9.902949497026694e-05,0.0001981571621534819,0.0009914180750177082,-9.902949398854482e-05
2,0.00396850000000098,1.969252911575757,0.0009819819474241598,-12.0,-0.9831534730469225,12.0,-0.001287754439384822,9.84135454994347e-05,9.841354648141663e-05,0.0001969252911575757,0.000992435364392294,-9.841354549943467e-05
2,0.0039687000000009805,1.956931091929444,0.0009822402253157891,-12.0,-0.9769921758043459,12.0,-0.001286923233280779,9.779744160296616e-05,9.77974425852064e-05,0.0001956931091929444,0.0009934523204876144,-9.779744160296618e-05
2,0.003968900000000979,1.944606182053746,0.0009824969627569846,-12.0,-0.970829335757768,12.0,-0.001286091228563435,9.71811832720525e-05,9.718118425454947e-05,0.0001944606182053746,0.0009944689413962232,-9.71811832720525e-05
2,0.003969100000000979,1.932278201411378,0.0009827521593305244,-12.0,-0.9646649626391717,12.0,-0.001285258426247091,9.656477147985022e-05,9.656477246260238e-05,0.0001932278201411378,0.000995485225213158,-9.656477147985022e-05
2,0.003969300000000979,1.919947169469844,0.0009830058146482745,-12.0,-0.9584990661828912,12.0,-0.001284424827349168,9.594820719975396e-05,9.594820818275976e-05,0.0001919947169469844,0.0009965011700359544,-9.594820719975395e-05
2,0.0039695000000009775,1.907613105701556,0.0009832579282736953,-12.0,-0.9523316561257883,12.0,-0.001283590432890364,9.53314914054062e-05,9.53314923886641e-05,0.0001907613105701556,0.0009975167739645213,-9.533149140540621e-05
2,0.003969700000000978,1.895276029583686,0.0009835084998429666,-12.0,-0.9461627422069934,12.0,-0.001282755243894512,9.471462507068365e-05,9.471462605419215e-05,0.0001895276029583686,0.0009985320351013627,-9.471462507068364e-05
2,0.0039699000000009785,1.882935960598099,0.0009837575289292078,-12.0,-0.9399923341680806,12.0,-0.001281919261388625,9.409760916970097e-05,9.409761015345851e-05,0.0001882935960598099,0.0009995469515513694,-9.409760916970099e-05
2,0.003970100000000977,1.87059291823148,0.0009840050151489477,-12.0,-0.9338204417529666,12.0,-0.001281082486402949,9.348044467681157e-05,9.348044566081658e-05,0.0001870592918231481,0.001000561521422014,-9.348044467681156e-05
2,0.003970300000000977,1.858246921975155,0.0009842509581037273,-12.0,-0.9276470747079122,12.0,-0.00128024491997096,9.28631325666016e-05,9.286313355085256e-05,0.0001858246921975155,0.001001575742823113,-9.28631325666016e-05
2,0.003970500000000977,1.845897991325129,0.0009844953574033033,-12.0,-0.9214722427815061,12.0,-0.001279406563129207,9.224567381389096e-05,9.22456747983863e-05,0.0001845897991325129,0.001002589613867066,-9.224567381389094e-05
2,0.0039707000000009755,1.833546145782042,0.0009847382126585424,-12.0,-0.9152959557246512,12.0,-0.001278567416917467,9.1628069393731e-05,9.162807037846919e-05,0.0001833546145782042,0.001003603132668771,-9.162806939373098e-05
2,0.003970900000000976,1.821191404851157,0.0009849795234788683,-12.0,-0.909118223290565,12.0,-0.001277727482378713,9.10103202814044e-05,9.101032126638391e-05,0.0001821191404851157,0.001004616297345551,-9.10103202814044e-05
2,0.003971100000000977,1.80883378804223,0.000985219289496242,-12.0,-0.9029390552346781,12.0,-0.001276886760559107,9.039242745241744e-05,9.039242843763671e-05,0.0001808833788042231,0.001005629106017258,-9.039242745241744e-05
2,0.0039713000000009754,1.79647331486966,0.0009854575102966612,-12.0,-0.89675846131481,12.0,-0.00127604525250799,8.977439188251068e-05,8.977439286796816e-05,0.000179647331486966,0.001006641556806229,-8.977439188251067e-05
2,0.003971500000000975,1.78411000485232,0.0009856941855388435,-12.0,-0.8905764512909097,12.0,-0.001275202959277827,8.915621454764487e-05,8.915621553333903e-05,0.000178411000485232,0.001007653647837323,-8.915621454764485e-05
2,0.003971700000000975,1.771743877513503,0.0009859293148175574,-12.0,-0.8843930349252322,12.0,-0.001274359881924259,8.8537896424005e-05,8.85378974099343e-05,0.0001771743877513504,0.0010086653772379,-8.853789642400498e-05
2,0.003971900000000974,1.759374952381047,0.0009861628977719805,-12.0,-0.8782082219822364,12.0,-0.001273516021506146,8.791943848800086e-05,8.791943947416375e-05,0.0001759374952381047,0.001009676743137802,-8.791943848800084e-05
2,0.003972100000000974,1.74700324898717,0.0009863949340216394,-12.0,-0.8720220222286033,12.0,-0.001272671379085571,8.73008417162625e-05,8.730084270265742e-05,0.000174700324898717,0.001010687743669345,-8.73008417162625e-05
2,0.003972300000000974,1.734628786868422,0.0009866254232151483,-12.0,-0.8658344454331341,12.0,-0.00127182595572764,8.668210708563495e-05,8.668210807226036e-05,0.0001734628786868422,0.001011698376967393,-8.668210708563494e-05
2,0.0039725000000009735,1.7222515855658,0.0009868543649527162,-12.0,-0.8596455013669274,12.0,-0.001270979752500664,8.606323557318801e-05,8.606323656004238e-05,0.00017222515855658,0.001012708641169396,-8.606323557318801e-05
2,0.003972700000000973,1.709871664624595,0.0009870817589077152,-12.0,-0.8534551998031181,12.0,-0.001270132770476232,8.54442281562026e-05,8.544422914328435e-05,0.0001709871664624595,0.001013718534415134,-8.54442281562026e-05
2,0.003972900000000973,1.697489043594331,0.000987307604689791,-12.0,-0.8472635505170547,12.0,-0.001269285010728941,8.482508581217445e-05,8.482508679948206e-05,0.0001697489043594331,0.001014728054847119,-8.482508581217445e-05
2,0.003973100000000973,1.68510374202889,0.0009875319019528872,-12.0,-0.8410705632861968,12.0,-0.001268436474336637,8.420580951881498e-05,8.420581050634686e-05,0.000168510374202889,0.001015737200610184,-8.420580951881498e-05
2,0.003973300000000972,1.672715779486355,0.0009877546503315182,-12.0,-0.8348762478901338,12.0,-0.001267587162380304,8.358640025404654e-05,8.358640124180119e-05,0.0001672715779486355,0.001016745969851837,-8.358640025404654e-05
2,0.003973500000000972,1.660325175528973,0.0009879758494851787,-12.0,-0.8286806141105003,12.0,-0.001266737075944088,8.296685899599856e-05,8.296685998397442e-05,0.0001660325175528974,0.001017754360722004,-8.296685899599855e-05
2,0.003973700000000972,1.647931949723177,0.0009881954990453856,-12.0,-0.8224836717310652,12.0,-0.001265886216115286,8.234718672301108e-05,8.234718771120657e-05,0.0001647931949723177,0.001018762371373189,-8.234718672301107e-05
2,0.00397390000000097,1.63553612163958,0.0009884135986716336,-12.0,-0.8162854305376465,12.0,-0.001265034583984262,8.172738441363183e-05,8.172738540204541e-05,0.000163553612163958,0.001019769999960451,-8.172738441363181e-05
2,0.003974100000000971,1.62313771085287,0.0009886301480136472,-12.0,-0.8100859003181129,12.0,-0.001264182180644641,8.110745304661267e-05,8.11074540352428e-05,0.000162313771085287,0.001020777244641335,-8.110745304661266e-05
2,0.0039743000000009715,1.610736736941824,0.0009888451467277015,-12.0,-0.8038850908623689,12.0,-0.001263329007193184,8.048739360090967e-05,8.048739458975481e-05,0.0001610736736941824,0.00102178410357591,-8.048739360090967e-05
2,0.00397450000000097,1.598333219489263,0.0009890585944709596,-12.0,-0.7976830119623392,12.0,-0.001262475064729734,7.986720705568102e-05,7.986720804473961e-05,0.0001598333219489263,0.001022790574926852,-7.986720705568102e-05
2,0.00397470000000097,1.58592717808205,0.0009892704909000294,-12.0,-0.7914796734119701,12.0,-0.00126162035435734,7.924689439028702e-05,7.92468953795575e-05,0.000158592717808205,0.001023796656859255,-7.924689439028702e-05
2,0.00397490000000097,1.573518632310954,0.0009894808356938345,-12.0,-0.7852750850071276,12.0,-0.001260764877182102,7.862645658428216e-05,7.8626457573763e-05,0.0001573518632310954,0.001024802347540932,-7.862645658428214e-05
2,0.0039751000000009685,1.561107601770795,0.000989689628485113,-12.0,-0.7790692565457737,12.0,-0.001259908634313356,7.800589461742588e-05,7.800589560711551e-05,0.0001561107601770795,0.001025807645142054,-7.800589461742588e-05
2,0.003975300000000969,1.548694106060287,0.000989896868979212,-12.0,-0.7728621978277062,12.0,-0.001259051626863544,7.738520946966854e-05,7.738521045956539e-05,0.0001548694106060287,0.001026812547835446,-7.738520946966854e-05
2,0.00397550000000097,1.536278164781976,0.0009901025568180843,-12.0,-0.7666539186547354,12.0,-0.001258193855948192,7.676440212115534e-05,7.67644031112579e-05,0.0001536278164781976,0.001027817053796495,-7.676440212115536e-05
2,0.003975700000000968,1.52385979754236,0.000990306691687648,-12.0,-0.7604444288305816,12.0,-0.001257335322686043,7.614347355222694e-05,7.614347454253364e-05,0.000152385979754236,0.001028821161203092,-7.614347355222692e-05
2,0.003975900000000968,1.511439023951737,0.0009905092732545029,-12.0,-0.7542337381608942,12.0,-0.001256476028198908,7.552242474341488e-05,7.552242573392413e-05,0.0001511439023951737,0.001029824868235676,-7.552242474341488e-05
2,0.003976100000000968,1.499015863624146,0.000990710301213893,-12.0,-0.7480218564531491,12.0,-0.001255615973611693,7.490125667543631e-05,7.490125766614659e-05,0.0001499015863624146,0.001030828173077342,-7.490125667543631e-05
2,0.0039763000000009666,1.486590336177485,0.0009909097752131002,-12.0,-0.7418087935168254,12.0,-0.001254755160052565,7.427997032920387e-05,7.427997132011361e-05,0.0001486590336177485,0.001031831073913511,-7.427997032920385e-05
2,0.003976500000000967,1.474162461233362,0.000991107694972626,-12.0,-0.7355945591631451,12.0,-0.001253893588652633,7.365856668581178e-05,7.365856767691947e-05,0.0001474162461233362,0.001032833568932495,-7.365856668581177e-05
2,0.003976700000000968,1.461732258417027,0.0009913040601487455,-12.0,-0.7293791632052498,12.0,-0.001253031260546281,7.303704672653986e-05,7.30370477178439e-05,0.0001461732258417027,0.001033835656324936,-7.303704672653986e-05
2,0.0039769000000009665,1.449299747357501,0.00099149887044242,-12.0,-0.7231626154580982,12.0,-0.001252168176870933,7.241541143285406e-05,7.241541242435292e-05,0.0001449299747357501,0.001034837334284097,-7.241541143285406e-05
2,0.003977100000000966,1.436864947687395,0.000991692125539012,-12.0,-0.7169449257384677,12.0,-0.001251304338767162,7.179366178640066e-05,7.17936627780928e-05,0.0001436864947687395,0.00103583860100584,-7.179366178640067e-05
2,0.003977300000000966,1.424427879042951,0.0009918838251319895,-12.0,-0.7107261038649392,12.0,-0.001250439747378609,7.117179876900714e-05,7.117179976089095e-05,0.0001424427879042951,0.001036839454688576,-7.117179876900713e-05
2,0.003977500000000965,1.411988561063989,0.0009920739689158187,-12.0,-0.7045061596578811,12.0,-0.001249574403852108,7.054982336267972e-05,7.054982435475367e-05,0.0001411988561063989,0.001037839893533288,-7.05498233626797e-05
2,0.003977700000000965,1.399547013393908,0.0009922625565843557,-12.0,-0.698285102939452,12.0,-0.001248708309337515,6.992773654960364e-05,6.992773754186619e-05,0.0001399547013393908,0.001038839915743578,-6.992773654960364e-05
2,0.003977900000000965,1.387103255679546,0.0009924495878534945,-12.0,-0.6920629435334967,12.0,-0.001247841464987867,6.930553931213503e-05,6.930554030458463e-05,0.0001387103255679546,0.001039839519525576,-6.930553931213503e-05
2,0.0039781000000009645,1.374657307571331,0.0009926350623932767,-12.0,-0.6858396912657247,12.0,-0.001246973871959267,6.86832326328118e-05,6.868323362544688e-05,0.0001374657307571331,0.001040838703088021,-6.86832326328118e-05
2,0.003978300000000964,1.362209188723114,0.0009928189799461307,-12.0,-0.6796153559634481,12.0,-0.001246105531410913,6.806081749433943e-05,6.80608184871584e-05,0.0001362209188723114,0.001041837464642259,-6.806081749433943e-05
2,0.003978500000000964,1.349758918792117,0.0009930013401908133,-12.0,-0.6733899474557592,12.0,-0.001245236444505124,6.7438294879595e-05,6.743829587259632e-05,0.0001349758918792117,0.001042835802402178,-6.743829487959501e-05
2,0.0039787000000009645,1.337306517439051,0.0009931821428506016,-12.0,-0.6671634755734281,12.0,-0.001244366612407358,6.681566577162788e-05,6.681566676481002e-05,0.0001337306517439051,0.001043833714584268,-6.681566577162788e-05
2,0.003978900000000963,1.324852004327959,0.000993361387629288,-12.0,-0.6609359501489214,12.0,-0.00124349603628611,6.619293115365508e-05,6.619293214701647e-05,0.0001324852004327959,0.001044831199407639,-6.619293115365507e-05
2,0.003979100000000963,1.312395399126158,0.0009935390742597527,-12.0,-0.6547073810162987,12.0,-0.001242624717312971,6.557009200905585e-05,6.557009300259492e-05,0.0001312395399126158,0.001045828255093972,-6.557009200905583e-05
2,0.003979300000000963,1.299936721504364,0.000993715202425749,-12.0,-0.6484777780113915,12.0,-0.001241752656662695,6.494714932138173e-05,6.494715031509694e-05,0.0001299936721504365,0.001046824879867549,-6.494714932138173e-05
2,0.0039795000000009614,1.287475991136532,0.000993889771885359,-12.0,-0.6422471509715402,12.0,-0.001240879855513008,6.432410407434256e-05,6.432410506823233e-05,0.0001287475991136532,0.001047821071955286,-6.432410407434254e-05
2,0.003979700000000962,1.275013227699797,0.0009940627823316617,-12.0,-0.6360155097357733,12.0,-0.001240006315044853,6.370095725181051e-05,6.370095824587328e-05,0.0001275013227699797,0.00104881682958665,-6.37009572518105e-05
2,0.0039799000000009625,1.2625484508746,0.0009942342335034215,-12.0,-0.6297828641447025,12.0,-0.001239132036442214,6.307770983782062e-05,6.307771083205483e-05,0.00012625484508746,0.001049812150993729,-6.30777098378206e-05
2,0.003980100000000961,1.250081680344527,0.000994404125118864,-12.0,-0.623549224040544,12.0,-0.0012382570208921,6.245436281656628e-05,6.245436381097041e-05,0.0001250081680344527,0.001050807034411246,-6.24543628165663e-05
2,0.003980300000000961,1.237612935796253,0.0009945724569257464,-12.0,-0.6173145992670133,12.0,-0.001237381269584711,6.183091717239392e-05,6.183091816696636e-05,0.0001237612935796253,0.001051801478076507,-6.183091717239391e-05
2,0.003980500000000961,1.225142236919662,0.0009947392286230872,-12.0,-0.6110789996695042,12.0,-0.001236504783713219,6.120737388981273e-05,6.120737488455196e-05,0.0001225142236919662,0.001052795480229456,-6.120737388981273e-05
2,0.0039807000000009595,1.212669603407693,0.0009949044399835683,-12.0,-0.604842435094827,12.0,-0.001235627564473943,6.058373395348107e-05,6.058373494838549e-05,0.0001212669603407693,0.001053789039112601,-6.058373395348107e-05
2,0.00398090000000096,1.20019505495628,0.000995068090715201,-12.0,-0.5986049153913862,12.0,-0.001234749613066286,5.995999834821016e-05,5.995999934327825e-05,0.000120019505495628,0.00105478215297114,-5.995999834821013e-05
2,0.003981100000000961,1.187718611264473,0.0009952301805721264,-12.0,-0.5923664504090763,12.0,-0.001233870930692618,5.933616805896485e-05,5.933616905419504e-05,0.0001187718611264473,0.001055774820052875,-5.933616805896485e-05
2,0.003981300000000959,1.175240292034257,0.0009953907092905001,-12.0,-0.5861270499992856,12.0,-0.00123299151855856,5.871224407085762e-05,5.871224506624832e-05,0.0001175240292034257,0.001056767038608158,-5.87122440708576e-05
2,0.003981500000000959,1.162760116970602,0.0009955496766170246,-12.0,-0.5798867240148785,12.0,-0.001232111377872651,5.808822736914957e-05,5.808822836469924e-05,0.0001162760116970602,0.001057758806890054,-5.808822736914956e-05
2,0.003981700000000959,1.150278105781399,0.0009957070822978475,-12.0,-0.573645482310182,12.0,-0.001231230509846575,5.746411893924799e-05,5.746411993495507e-05,0.0001150278105781399,0.001058750123154213,-5.746411893924799e-05
2,0.003981900000000958,1.137794278177467,0.0009958629260788943,-12.0,-0.5674033347409858,12.0,-0.00123034891569504,5.683991976670646e-05,5.683992076256939e-05,0.0001137794278177467,0.001059740985658947,-5.683991976670647e-05
2,0.003982100000000958,1.12530865387241,0.0009960172077281837,-12.0,-0.5611602911644404,12.0,-0.001229466596635823,5.621563083721687e-05,5.621563183323409e-05,0.000112530865387241,0.001060731392665173,-5.621563083721686e-05
2,0.003982300000000959,1.112821252582771,0.0009961699269682156,-12.0,-0.5549163614392342,12.0,-0.001228583553889835,5.559125313662026e-05,5.559125413279016e-05,0.0001112821252582771,0.001061721342436428,-5.559125313662024e-05
2,0.0039825000000009575,1.100332094027865,0.0009963210835933767,-12.0,-0.5486715554253316,12.0,-0.001227699788680939,5.496678765089251e-05,5.496678864721358e-05,0.0001100332094027865,0.001062710833238931,-5.49667876508925e-05
2,0.003982700000000957,1.087841197929721,0.000996470677334993,-12.0,-0.5424258829841513,12.0,-0.001226815302236117,5.434223536614863e-05,5.434223636261931e-05,0.0001087841197929721,0.001063699863341497,-5.434223536614863e-05
2,0.003982900000000957,1.075348584013204,0.0009966187079682443,-12.0,-0.5361793539784625,12.0,-0.00122593009578538,5.371759726864309e-05,5.371759826526179e-05,0.0001075348584013204,0.001064688431015662,-5.371759726864307e-05
2,0.003983100000000956,1.062854272005861,0.0009967651752492146,-12.0,-0.529931978272405,12.0,-0.001225044170561802,5.309287434476543e-05,5.30928753415306e-05,0.0001062854272005861,0.001065676534535508,-5.309287434476542e-05
2,0.003983300000000956,1.050358281637859,0.0009969100789626872,-12.0,-0.5236837657313846,12.0,-0.001224157527801521,5.246806758103474e-05,5.246806857794482e-05,0.0001050358281637859,0.001066664172177823,-5.246806758103473e-05
2,0.003983500000000956,1.037860632642109,0.0009970534188449842,-12.0,-0.5174347262222527,12.0,-0.001223270168743691,5.184317796410978e-05,5.184317896116321e-05,0.0001037860632642109,0.001067651342222045,-5.184317796410978e-05
2,0.003983700000000956,1.025361344754108,0.000997195194706424,-12.0,-0.5111848696130423,12.0,-0.001222382094630554,5.121820648077489e-05,5.121820747797008e-05,0.0001025361344754108,0.001068638042950244,-5.121820648077488e-05
2,0.003983900000000955,1.012860437711882,0.0009973354062924877,-12.0,-0.504934205773148,12.0,-0.001221493306707344,5.059315411794405e-05,5.059315511527946e-05,0.0001012860437711881,0.001069624272647167,-5.059315411794406e-05
2,0.003984100000000955,1.000357931256105,0.0009974740533938986,-12.0,-0.4986827445732211,12.0,-0.001220603806222388,4.996802186266151e-05,4.996802286013556e-05,0.0001000357931256105,0.001070610029600183,-4.99680218626615e-05
2,0.0039843000000009555,0.9878538451299224,0.0009976111357851147,-12.0,-0.4924304958851721,12.0,-0.00121971359442704,4.934281070209572e-05,4.934281169970686e-05,9.878538451299224e-05,0.001071595312099362,-4.934281070209572e-05
2,0.003984500000000954,0.9753481990789918,0.000997746653249476,-12.0,-0.4861774695821551,12.0,-0.001218822672575628,4.871752162354046e-05,4.871752262128712e-05,9.753481990789919e-05,0.001072580118437444,-4.871752162354046e-05
2,0.003984700000000954,0.9628410128514526,0.000997880605566881,-12.0,-0.4799236755385698,12.0,-0.001217931041925621,4.809215561441368e-05,4.809215661229429e-05,9.628410128514527e-05,0.001073564446909772,-4.809215561441368e-05
2,0.003984900000000954,0.9503323061978233,0.0009980129925374892,-12.0,-0.4736691236299755,12.0,-0.001217038703737433,4.74667136622513e-05,4.746671466026429e-05,9.503323061978233e-05,0.00107454829581443,-4.74667136622513e-05
2,0.0039851000000009525,0.93782209887104,0.0009981438139340937,-12.0,-0.4674138237331807,12.0,-0.00121614565927456,4.684119675471148e-05,4.684119775285529e-05,9.3782209887104e-05,0.001075531663452124,-4.684119675471148e-05
2,0.003985300000000953,0.9253104106264517,0.000998273069558131,-12.0,-0.461157785726158,12.0,-0.001215251909803504,4.621560587957161e-05,4.621560687784468e-05,9.253104106264517e-05,0.001076514548126246,-4.621560587957161e-05
2,0.0039855000000009536,0.9127972612217073,0.0009984007592004907,-12.0,-0.4549010194880453,12.0,-0.00121435745659379,4.558994202472459e-05,4.558994302312535e-05,9.127972612217074e-05,0.001077496948142874,-4.558994202472458e-05
2,0.003985700000000952,0.9002826704167756,0.0009985268826590565,-12.0,-0.4486435348991304,12.0,-0.00121346230091797,4.496420617817895e-05,4.496420717670583e-05,9.002826704167756e-05,0.001078478861810755,-4.496420617817895e-05
2,0.003985900000000952,0.887766657973899,0.0009986514397328783,-12.0,-0.4423853418408358,12.0,-0.001212566444051641,4.433839932805688e-05,4.433840032670831e-05,8.87766657973899e-05,0.001079460287441318,-4.433839932805687e-05
2,0.003986100000000952,0.8752492436575885,0.0009987744302198953,-12.0,-0.4361264501957201,12.0,-0.001211669887273378,4.3712522462594e-05,4.371252346136843e-05,8.752492436575885e-05,0.001080441223348667,-4.371252246259401e-05
2,0.0039863000000009505,0.862730447234513,0.0009988958539371429,-12.0,-0.4298668698473922,12.0,-0.001210772631864816,4.308657657013293e-05,4.30865775690288e-05,8.627304472345131e-05,0.001081421667849594,-4.308657657013293e-05
2,0.003986500000000951,0.8502102884735429,0.0009990157106752329,-12.0,-0.4236066106806015,12.0,-0.001209874679110559,4.246056263912767e-05,4.246056363814338e-05,8.502102884735429e-05,0.001082401619263616,-4.246056263912767e-05
2,0.003986700000000952,0.8376887871457429,0.000999134000253088,-12.0,-0.4173456825811517,12.0,-0.001208976030298278,4.183448165814048e-05,4.183448265727449e-05,8.376887871457429e-05,0.001083381075912854,-4.183448165814048e-05
2,0.0039869000000009504,0.8251659630242819,0.0009992507224753644,-12.0,-0.4110840954359207,12.0,-0.001208076686718615,4.120833461583961e-05,4.120833561509033e-05,8.251659630242819e-05,0.001084360036122216,-4.120833461583961e-05
2,0.00398710000000095,0.8126418358843512,0.0009993658771736968,-12.0,-0.4048218591327562,12.0,-0.001207176649665215,4.0582122500993e-05,4.058212350035888e-05,8.126418358843513e-05,0.001085338498219249,-4.058212250099299e-05
2,0.00398730000000095,0.8001164255032958,0.0009994794641323135,-12.0,-0.3985589835606548,12.0,-0.00120627592043477,3.995584630247872e-05,3.995584730195817e-05,8.001164255032958e-05,0.001086316460534212,-3.995584630247871e-05
2,0.003987500000000949,0.7875897516604525,0.0009995914832084951,-12.0,-0.3922954786094987,12.0,-0.001205374500326921,3.932950700927072e-05,3.932950800886221e-05,7.875897516604525e-05,0.00108729392140007,-3.932950700927072e-05
2,0.003987700000000949,0.775061834137095,0.0009997019341954627,-12.0,-0.386031354170235,12.0,-0.001204472390644355,3.870310561044305e-05,3.870310661014498e-05,7.75061834137095e-05,0.001088270879152482,-3.870310561044305e-05
2,0.003987900000000949,0.7625326927165522,0.0009998108169310682,-12.0,-0.3797666201347713,12.0,-0.001203569592692744,3.807664309517026e-05,3.807664409498106e-05,7.625326927165523e-05,0.001089247332129811,-3.807664309517024e-05
2,0.0039881000000009485,0.7500023471840297,0.0009999181312373706,-12.0,-0.3735012863959775,12.0,-0.001202666107780762,3.74501204527215e-05,3.745012145263962e-05,7.500023471840298e-05,0.001090223278673128,-3.74501204527215e-05
2,0.003988300000000948,0.7374708173266555,0.001000023876945311,-12.0,-0.367235362847671,12.0,-0.001201761937220061,3.682353867246163e-05,3.682353967248552e-05,7.374708173266555e-05,0.001091198717126214,-3.682353867246163e-05
2,0.003988500000000948,0.7249381229334195,0.001000128053885996,-12.0,-0.3609688593846003,12.0,-0.001200857082325292,3.619689874384863e-05,3.619689974397667e-05,7.249381229334195e-05,0.001092173645835581,-3.619689874384863e-05
2,0.003988700000000948,0.7124042837951782,0.001000230661890034,-12.0,-0.3547017859024473,12.0,-0.00119995154441413,3.557020165643374e-05,3.557020265666441e-05,7.124042837951781e-05,0.001093148063150418,-3.557020165643374e-05
2,0.003988900000000947,0.6998693197045134,0.001000331700810764,-12.0,-0.3484341522977235,12.0,-0.00119904532480717,3.494344839985343e-05,3.494344940018514e-05,6.998693197045134e-05,0.001094121967422673,-3.494344839985343e-05
2,0.003989100000000947,0.6873332504558849,0.001000431170454757,-12.0,-0.3421659684679487,12.0,-0.001198138424828049,3.431663996384035e-05,3.431664096427151e-05,6.873332504558849e-05,0.001095095357006977,-3.431663996384035e-05
2,0.003989300000000947,0.6747960958454625,0.001000529070702083,-12.0,-0.3358972443113875,12.0,-0.001197230845803386,3.368977733820895e-05,3.368977833873802e-05,6.747960958454626e-05,0.001096068230260712,-3.368977733820895e-05
2,0.003989500000000945,0.6622578756710701,0.001000625401368166,-12.0,-0.3296279897272287,12.0,-0.001196322589062736,3.30628615128597e-05,3.30628625134851e-05,6.622578756710701e-05,0.001097040585543954,-3.306286151285969e-05
2,0.003989700000000946,0.6497186097323069,0.001000720162313756,-12.0,-0.3233582146154813,12.0,-0.001195413655938685,3.24358934777795e-05,3.243589447849965e-05,6.49718609732307e-05,0.001098012421219534,-3.24358934777795e-05
2,0.0039899000000009465,0.6371783178303916,0.001000813353379232,-12.0,-0.3170879288769934,12.0,-0.001194504047766776,3.180887422303727e-05,3.180887522385062e-05,6.371783178303916e-05,0.001098983735653002,-3.180887422303727e-05
2,0.003990100000000945,0.6246370197681023,0.001000904974434946,-12.0,-0.310817142413349,12.0,-0.001193593765885487,3.118180473877839e-05,3.118180573968337e-05,6.246370197681023e-05,0.001099954527212635,-3.118180473877839e-05
2,0.003990300000000945,0.6120947353498992,0.001000995025301737,-12.0,-0.3045458651270467,12.0,-0.001192682811636342,3.055468601523485e-05,3.055468701622987e-05,6.120947353498992e-05,0.001100924794269452,-3.055468601523485e-05
2,0.003990500000000945,0.5995514843817675,0.001001083505874883,-12.0,-0.2982741069212364,12.0,-0.001191771186363804,2.992751904271112e-05,2.992752004379463e-05,5.995514843817675e-05,0.001101894535197181,-2.992751904271113e-05
2,0.0039907000000009435,0.5870072866711583,0.00100117041598477,-12.0,-0.2920018776998978,12.0,-0.001190858891415261,2.930030481158826e-05,2.930030581275868e-05,5.870072866711583e-05,0.001102863748372363,-2.930030481158826e-05
2,0.003990900000000944,0.5744621620271111,0.001001255755507219,-12.0,-0.2857291873677372,12.0,-0.001189945928141142,2.867304431232445e-05,2.867304531358019e-05,5.744621620271111e-05,0.00110383243217417,-2.867304431232445e-05
2,0.003991100000000945,0.5619161302600962,0.001001339524297595,-12.0,-0.2794560458302065,12.0,-0.001189032297894781,2.804573853545041e-05,2.804573953678993e-05,5.619161302600963e-05,0.001104800584984605,-2.804573853545041e-05
2,0.003991300000000943,0.5493692111819566,0.001001421722241214,-12.0,-0.2731824629933992,12.0,-0.001188118002032484,2.741838847156404e-05,2.741838947298577e-05,5.493692111819566e-05,0.001105768205188404,-2.741838847156404e-05
2,0.003991500000000943,0.5368214246060288,0.00100150234917401,-12.0,-0.2669084487642299,12.0,-0.001187203041913547,2.679099511134039e-05,2.679099611284274e-05,5.368214246060288e-05,0.001106735291173014,-2.679099511134039e-05
2,0.003991700000000943,0.5242727903469873,0.001001581405006224,-12.0,-0.2606340130501702,12.0,-0.001186287418900176,2.616355944551765e-05,2.616356044709906e-05,5.242727903469873e-05,0.001107701841328679,-2.616355944551764e-05
2,0.003991900000000942,0.5117233282207847,0.001001658889583451,-12.0,-0.2543591657594283,12.0,-0.001185371134357582,2.553608246490117e-05,2.553608346656006e-05,5.117233282207847e-05,0.001108667854048347,-2.553608246490118e-05
2,0.003992100000000942,0.4991730580447739,0.001001734802796195,-12.0,-0.2480839168008446,12.0,-0.001184454189653877,2.490856516036409e-05,2.490856616209888e-05,4.991730580447739e-05,0.00110963332772776,-2.490856516036408e-05
2,0.003992300000000943,0.4866219996375276,0.001001809144519111,-12.0,-0.2418082760838937,12.0,-0.001183536586160154,2.428100852284128e-05,2.428100952465043e-05,4.866219996375277e-05,0.001110598260765407,-2.428100852284128e-05
2,0.0039925000000009415,0.4740701728188826,0.001001881914635488,-12.0,-0.2355322535186689,12.0,-0.001182618325250451,2.365341354333044e-05,2.365341454521235e-05,4.740701728188826e-05,0.00111156265156254,-2.365341354333044e-05
2,0.003992700000000941,0.4615175974098827,0.001001953113029141,-12.0,-0.2292558590158665,12.0,-0.001181699408301741,2.302578121288956e-05,2.302578221484268e-05,4.615175974098827e-05,0.001112526498523173,-2.302578121288957e-05
2,0.003992900000000941,0.4489642932327802,0.001002022739583192,-12.0,-0.2229791024867879,12.0,-0.001180779836693936,2.239811252263711e-05,2.239811352465985e-05,4.489642932327802e-05,0.001113489800054074,-2.239811252263711e-05
2,0.00399310000000094,0.436410280110897,0.001002090794203603,-12.0,-0.2167019938432352,12.0,-0.001179859611809917,2.177040846374388e-05,2.177040946583467e-05,4.36410280110897e-05,0.001114452554564795,-2.177040846374388e-05
2,0.00399330000000094,0.4238555778687754,0.001002157276749543,-12.0,-0.2104245429976906,12.0,-0.00117893873503546,2.114267002744401e-05,2.114267102960129e-05,4.238555778687754e-05,0.001115414760467653,-2.114267002744401e-05
2,0.00399350000000094,0.4113002063320099,0.001002222187153623,-12.0,-0.2041467598630526,12.0,-0.001178017207759313,2.051489820502063e-05,2.051489920724281e-05,4.113002063320099e-05,0.001116376416177733,-2.051489820502063e-05
2,0.0039937000000009396,0.3987441853271934,0.001002285525283864,-12.0,-0.1978686543528156,12.0,-0.001177095031373143,1.988709398780995e-05,1.988709499009548e-05,3.987441853271934e-05,0.001117337520112911,-1.988709398780995e-05
2,0.003993900000000939,0.3861875346820365,0.001002347291053557,-12.0,-0.191590236380965,12.0,-0.00117617220727155,1.925925836720186e-05,1.925925936954915e-05,3.861875346820366e-05,0.001118298070693812,-1.925925836720186e-05
2,0.003994100000000939,0.3736302742252122,0.001002407484355844,-12.0,-0.1853115158619975,12.0,-0.001175248736852052,1.863139233463534e-05,1.863139333704282e-05,3.736302742252123e-05,0.001119258066343866,-1.863139233463534e-05
2,0.0039943000000009395,0.3610724237862957,0.001002466105113411,-12.0,-0.1790325027108166,12.0,-0.001174324621515111,1.800349688159301e-05,1.800349788405912e-05,3.610724237862957e-05,0.001120217505489275,-1.800349688159301e-05
2,0.003994500000000938,0.348514003195887,0.001002523153199875,-12.0,-0.1727532068429122,12.0,-0.001173399862664116,1.737557299961121e-05,1.737557400213436e-05,3.485140031958871e-05,0.001121176386559026,-1.737557299961121e-05
2,0.003994700000000938,0.3359550322854544,0.001002578628563122,-12.0,-0.1664736381740962,12.0,-0.001172474461705347,1.674762168026594e-05,1.674762268284457e-05,3.359550322854544e-05,0.001122134707984904,-1.674762168026594e-05
2,0.003994900000000938,0.3233955308872744,0.001002632531086192,-12.0,-0.1601938066206826,12.0,-0.001171548420048053,1.611964391517687e-05,1.611964491780941e-05,3.233955308872744e-05,0.001123092468201459,-1.611964391517687e-05
2,0.0039951000000009364,0.3108355188345538,0.001002684860697364,-12.0,-0.1539137220993823,12.0,-0.001170621739104342,1.549164069600796e-05,1.549164169869282e-05,3.108355188345539e-05,0.001124049665646059,-1.549164069600797e-05
2,0.003995300000000937,0.2982750159612506,0.001002735617308598,-12.0,-0.1476333945273062,12.0,-0.001169694420289278,1.486361301446148e-05,1.48636140171971e-05,2.982750159612506e-05,0.001125006298758854,-1.486361301446148e-05
2,0.0039955000000009375,0.2857140421021169,0.001002784800841081,-12.0,-0.1413528338219488,12.0,-0.001168766465020836,1.423556186227899e-05,1.423556286506379e-05,2.857140421021169e-05,0.001125962365982794,-1.423556186227899e-05
2,0.003995700000000936,0.2731526170926656,0.001002832411212268,-12.0,-0.1350720499011903,12.0,-0.001167837874719892,1.360748823124026e-05,1.360748923407267e-05,2.731526170926656e-05,0.001126917865763612,-1.360748823124026e-05
2,0.003995900000000936,0.2605907607690687,0.001002878448359612,-12.0,-0.1287910526832104,12.0,-0.001166908650810228,1.297939311315701e-05,1.297939411603545e-05,2.605907607690687e-05,0.001127872796549866,-1.297939311315701e-05
2,0.003996100000000936,0.2480284929681979,0.001002922912193949,-12.0,-0.1225098520865789,12.0,-0.001165978794718529,1.235127749987728e-05,1.23512785028002e-05,2.480284929681979e-05,0.001128827156792918,-1.235127749987729e-05
2,0.0039963000000009345,0.2354658335276161,0.00100296580265416,-12.0,-0.1162284580301688,12.0,-0.001165048307874395,1.172314238328229e-05,1.17231433862481e-05,2.354658335276162e-05,0.001129780944946911,-1.17231423832823e-05
2,0.003996500000000935,0.2229028022854664,0.0010030071196689,-12.0,-0.1099468804331586,12.0,-0.00116411719171032,1.109498875528275e-05,1.109498975828987e-05,2.229028022854664e-05,0.001130734159468818,-1.109498875528276e-05
2,0.003996700000000936,0.2103394190804922,0.001003046863173665,-12.0,-0.103665129215017,12.0,-0.0011631854476617,1.046681760781906e-05,1.046681861086593e-05,2.103394190804922e-05,0.001131686798818423,-1.046681760781906e-05
2,0.003996900000000934,0.1977757037519888,0.001003085033105172,-12.0,-0.09738321429548633,12.0,-0.001162253077166818,9.838629932859149e-06,9.838630935944183e-06,1.977757037519888e-05,0.001132638861458311,-9.83862993285915e-06
2,0.003997100000000934,0.185211676139801,0.001003121629399056,-12.0,-0.09110114559458563,12.0,-0.001161320081666879,9.21042672239847e-06,9.210427725520096e-06,1.85211676139801e-05,0.001133590345853882,-9.210426722398468e-06
2,0.003997300000000934,0.172647356084186,0.001003156652013955,-12.0,-0.08481893303250554,12.0,-0.001160386462605943,8.58220896845195e-06,8.582209971608602e-06,1.72647356084186e-05,0.001134541250473372,-8.58220896845195e-06
2,0.003997500000000933,0.1600827634259635,0.001003190100861688,-12.0,-0.07853658652978823,12.0,-0.001159452221430983,7.953977663064993e-06,7.953978666255091e-06,1.600827634259635e-05,0.00113549157378783,-7.953977663064993e-06
2,0.003997700000000933,0.1475179180063483,0.001003221975927511,-12.0,-0.07225411600706308,12.0,-0.001158517359591851,7.325733798299059e-06,7.325734801521037e-06,1.475179180063483e-05,0.00113644131427111,-7.325733798299059e-06
2,0.003997900000000933,0.1349528396668948,0.001003252277132188,-12.0,-0.06597153138522634,12.0,-0.00115758187854129,6.697478366235851e-06,6.697479369488129e-06,1.349528396668948e-05,0.00113739047039992,-6.697478366235852e-06
2,0.0039981000000009325,0.1223875482496183,0.001003281004441622,-12.0,-0.05968884258533666,12.0,-0.00115664577973492,6.069212358977827e-06,6.069213362258833e-06,1.223875482496183e-05,0.001138339040653773,-6.069212358977829e-06
2,0.003998300000000932,0.1098220635968379,0.001003308157801579,-12.0,-0.05340605952863498,12.0,-0.001155709064631244,5.440936768643656e-06,5.440937771951815e-06,1.098220635968379e-05,0.001139287023515023,-5.440936768643656e-06
2,0.003998500000000932,0.09725640555114144,0.001003333737183698,-12.0,-0.04712319213645782,12.0,-0.001154771734691639,4.812652587364154e-06,4.812653590697887e-06,9.725640555114145e-06,0.001140234417468854,-4.812652587364152e-06
2,0.003998700000000932,0.08469059395540361,0.001003357742530832,-12.0,-0.04084025033032813,12.0,-0.001153833791380366,4.184360807285897e-06,4.184361810643639e-06,8.469059395540362e-06,0.001141181221003285,-4.184360807285896e-06
2,0.003998900000000931,0.07212464865278506,0.001003380173814784,-12.0,-0.03455724403186862,12.0,-0.001152895236164549,3.556062420568343e-06,3.556063423948514e-06,7.212464865278507e-06,0.00114212743260917,-3.55606242056834e-06
2,0.003999100000000931,0.05955858948661812,0.001003401030996595,-12.0,-0.02827418316280385,12.0,-0.001151956070514194,2.927758419380047e-06,2.927759422781076e-06,5.955858948661812e-06,0.001143073050780203,-2.927758419380045e-06
2,0.003999300000000931,0.04699243630042921,0.001003420314044613,-12.0,-0.02199107764494454,12.0,-0.001151016295902165,2.299449795898915e-06,2.29945079931923e-06,4.699243630042921e-06,0.001144018074012923,-2.299449795898916e-06
2,0.003999500000000929,0.03442620893788813,0.001003438022927938,-12.0,-0.01570793740017193,12.0,-0.001150075913804199,1.671137542309986e-06,1.671138545748009e-06,3.442620893788813e-06,0.001144962500806708,-1.671137542309987e-06
2,0.00399970000000093,0.02185992724280768,0.001003454157614945,-12.0,-0.00942477235043985,12.0,-0.001149134925698896,1.04282265080548e-06,1.042823654259637e-06,2.185992724280769e-06,0.001145906329663785,-1.04282265080548e-06
2,0.0039999000000009305,0.009293611059005539,0.001003468718096891,-12.0,-0.003141592417670254,12.0,-0.001148193333067714,4.145061135767162e-07,4.145071170454325e-07,9.293611059005539e-07,0.001146849559089235,-4.145061135767145e-07
2,0.004,0.003010445991927394,0.001003475307470482,-12.0,-4.898587196589413e-15,12.0,-0.001147722310502941,1.003475307475386e-07,1.003485342228456e-07,3.010445991927394e-07,0.001147320948564441,-1.003475307475381e-07
3,0.002,0.006021069470979397,0.002007009776924687,-12.0,-4.898587196589413e-15,12.0,-0.001147922910445816,2.007009776929878e-07,2.007029847027355e-07,6.021069470979397e-07,0.001147120162906309,-2.007009776929586e-07
3,0.00200002,0.00350786499876409,0.002007032991459016,-12.0,0.001256637058136394,12.0,-0.001147734505907783,7.503959333226392e-08,7.504160036525372e-08,3.50786499876409e-07,0.001147308714980033,-7.50395933322622e-08
3,0.00200006,-0.001518667882101648,0.002007038055717336,-12.0,0.003769911095007385,12.0,-0.001147357617854936,-1.762873039290028e-07,-1.762852968909492e-07,-1.518667882101648e-07,0.001147685756672876,1.762873039290049e-07
3,0.00200014,-0.01157173311799085,0.002007047777438146,-12.0,0.00879645829563042,12.0,-0.001146603552841878,-6.789410518192279e-07,-6.789390447714497e-07,-1.157173311799085e-06,0.001148439551051995,6.789410518192274e-07
3,0.0020003,-0.0316778513355203,0.002007066013912658,-12.0,0.01884954475928928,12.0,-0.001145094267972838,-1.684247874537663e-06,-1.684245867471648e-06,-3.16778513355203e-06,0.001149945983068936,1.684247874537662e-06
3,0.0020005,-0.0568104520856628,0.002007085830077894,-12.0,0.03141587485880654,12.0,-0.001143205498314571,-2.940878902872864e-06,-2.940876895787035e-06,-5.68104520856628e-06,0.00115182685231637,2.940878902872865e-06
3,0.0020007000000000002,-0.08194296296879151,0.002007102528620301,-12.0,0.04398215534835149,12.0,-0.001141314327586266,-4.197505281973119e-06,-4.19750327487059e-06,-8.194296296879152e-06,0.001153705306858706,4.197505281973119e-06
3,0.0020009000000000003,-0.1070753443289181,0.002007116098978308,-12.0,0.0565483663840875,12.0,-0.001139420758646567,-5.45412502851092e-06,-5.45412302139482e-06,-1.070753443289181e-05,0.001155581343606053,5.45412502851092e-06
3,0.0020011000000000004,-0.1322075561512629,0.002007126650247958,-12.0,0.06911448812226988,12.0,-0.001137524794650443,-6.710736147202191e-06,-6.710734140075542e-06,-1.322075561512629e-05,0.001157454959717003,6.710736147202193e-06
3,0.0020013000000000006,-0.1573395591798332,0.002007134038620913,-12.0,0.08168050071918834,12.0,-0.001135626438348733,-7.967336668056745e-06,-7.967334660922704e-06,-1.573395591798332e-05,0.001159326152047193,7.967336668056743e-06
3,0.0020015000000000007,-0.1824713132597894,0.002007138420123948,-12.0,0.09424638433146483,12.0,-0.001133725692986974,-9.223924591134088e-06,-9.223922583995668e-06,-1.824713132597894e-05,0.001161194917827135,9.22392459113409e-06
3,0.002001700000000001,-0.2076027791853397,0.002007139634525174,-12.0,0.1068121191158539,12.0,-0.001131822561231718,-1.048049794813288e-05,-1.048049594099324e-05,-2.076027791853397e-05,0.001163061253834868,1.048049794813288e-05
3,0.002001900000000001,-0.2327339167852363,0.002007137843542117,-12.0,0.1193776852293097,12.0,-0.001129917046410668,-1.173705473857677e-05,-1.173705273143892e-05,-2.327339167852363e-05,0.001164925157380895,1.173705473857676e-05
3,0.002002100000000001,-0.2578646868603525,0.002007132885067237,-12.0,0.131943062829106,12.0,-0.001128009151109114,-1.299359299440387e-05,-1.299359098727099e-05,-2.578646868603525e-05,0.001166786625162911,1.299359299440387e-05
3,0.002002300000000001,-0.2829950492388259,0.002007124921434511,-12.0,0.1445082320728139,12.0,-0.001126098878735727,-1.425011071513794e-05,-1.425010870801302e-05,-2.829950492388259e-05,0.001168645654572328,1.425011071513794e-05
3,0.0020025000000000012,-0.3081249647230942,0.002007113790397266,-12.0,0.1570731731182809,12.0,-0.001124186231795011,-1.550660593278836e-05,-1.550660392567457e-05,-3.081249647230942e-05,0.001170502242226285,1.550660593278836e-05
3,0.0020027000000000014,-0.3332543931426439,0.002007099654299391,-12.0,0.1696378661237676,12.0,-0.001122271213776362,-1.676307664694682e-05,-1.676307463984716e-05,-3.332543931426439e-05,0.001172356385597085,1.676307664694682e-05
3,0.0020029000000000015,-0.3583832953012003,0.002007082351001874,-12.0,0.1822022912479265,12.0,-0.001120353827103602,-1.801952088969246e-05,-1.801951888261011e-05,-3.583832953012003e-05,0.001174208081221421,1.801952088969246e-05
3,0.0020031000000000016,-0.3835116310301023,0.002007062042738761,-12.0,0.1947664286497797,12.0,-0.001118434075346692,-1.92759366607041e-05,-1.927593465364205e-05,-3.835116310301023e-05,0.001176057326652425,1.92759366607041e-05
3,0.0020033000000000017,-0.4086393611343854,0.002007038567519243,-12.0,0.2073302584888573,12.0,-0.001116511960848915,-2.053232199213381e-05,-2.053231998509523e-05,-4.086393611343854e-05,0.001177904118346441,2.053232199213381e-05
3,0.002003500000000002,-0.4337664454475915,0.002007012087481608,-12.0,0.2198937609251391,12.0,-0.001114587487260607,-2.178867488376575e-05,-2.178867287675366e-05,-4.337664454475915e-05,0.001179748453937337,2.178867488376575e-05
3,0.002003700000000002,-0.4588928447764543,0.002006982440772936,-12.0,0.2324569161192109,12.0,-0.001112660656844601,-2.30449933678438e-05,-2.304499136086136e-05,-4.588928447764543e-05,0.001181590329801249,2.30449933678438e-05
3,0.002003900000000002,-0.4840185189568674,0.002006949789410434,-12.0,0.2450197042320472,12.0,-0.001110731473331527,-2.430127544426368e-05,-2.430127343731389e-05,-4.840185189568674e-05,0.001183429743652646,2.430127544426368e-05
3,0.002004100000000002,-0.5091434287972889,0.002006913971682817,-12.0,0.2575821054253085,12.0,-0.001108799938903834,-2.555751914536257e-05,-2.555751713844859e-05,-5.09143428797289e-05,0.001185266691787586,2.555751914536256e-05
3,0.0020043000000000023,-0.5342675341364589,0.002006875149559023,-12.0,0.2701440998613195,12.0,-0.001106866057372251,-2.681372247117605e-05,-2.68137204643009e-05,-5.342675341364589e-05,0.0011871011720011,2.681372247117605e-05
3,0.0020045000000000024,-0.5593907957849451,0.00200683316137712,-12.0,0.2827056677028699,12.0,-0.001104929830838982,-2.806988345414928e-05,-2.806988144731612e-05,-5.593907957849451e-05,0.001188933180509229,2.806988345414928e-05
3,0.0020047000000000025,-0.5845131735842181,0.002006788169073126,-12.0,0.2952667891136004,12.0,-0.001102991263194734,-2.932600009445273e-05,-2.932599808766456e-05,-5.845131735842181e-05,0.001190762715187449,2.932600009445273e-05
3,0.0020049000000000026,-0.6096346283474612,0.002006740011115227,-12.0,0.3078274442578036,12.0,-0.001101050356461481,-3.058207042466884e-05,-3.058206841792882e-05,-6.096346283474612e-05,0.001192589772172001,3.058207042466884e-05
3,0.0020051000000000027,-0.6347551199191519,0.002006688849291505,-12.0,0.3203876133004017,12.0,-0.001099107114609844,-3.183809244511102e-05,-3.183809043842218e-05,-6.34755119919152e-05,0.001194414349418617,3.183809244511102e-05
3,0.002005300000000003,-0.6598746091150208,0.002006634522259132,-12.0,0.3329472764072444,12.0,-0.001097161539581649,-3.309406418849854e-05,-3.3094062181864e-05,-6.598746091150208e-05,0.001196236442983833,3.309406418849853e-05
3,0.002005500000000003,-0.6849930557831281,0.002006577191703773,-12.0,0.3455064137448916,12.0,-0.001095213635427195,-3.434998365531879e-05,-3.434998164874159e-05,-6.849930557831281e-05,0.001198056050903659,3.434998365531878e-05
3,0.002005700000000003,-0.7101104207420608,0.002006516696381022,-12.0,0.3580650054807689,12.0,-0.001093263404008317,-3.560584887843879e-05,-3.560584687192209e-05,-7.101104207420609e-05,0.001199873169155,3.560584887843878e-05
3,0.002005900000000003,-0.73522666384342,0.002006453197912067,-12.0,0.3706230317831101,12.0,-0.0010913108494549,-3.686165785851981e-05,-3.68616558520666e-05,-7.3522666384342e-05,0.00120168779585398,3.686165785851981e-05
3,0.0020061000000000033,-0.7603417459089602,0.002006386535166771,-12.0,0.3831804728210955,12.0,-0.001089355973548811,-3.811740862859288e-05,-3.811740662220635e-05,-7.603417459089602e-05,0.001203499926898007,3.811740862859288e-05
3,0.0020063000000000034,-0.7854556267942181,0.002006316869701152,-12.0,0.3957373087648294,12.0,-0.001087398780499377,-3.937309918951284e-05,-3.937309718319596e-05,-7.854556267942182e-05,0.001205309560483238,3.937309918951282e-05
3,0.0020065000000000035,-0.8105682673243411,0.00200624404047145,-12.0,0.4082935197853182,12.0,-0.001085439272008548,-4.062872757448469e-05,-4.062872556824063e-05,-8.105682673243412e-05,0.001207116692427762,4.062872757448467e-05
3,0.0020067000000000036,-0.8356796273589117,0.002006168208980419,-12.0,0.4208490860546087,12.0,-0.001083477452364985,-4.188429178456283e-05,-4.188428977839461e-05,-8.356796273589117e-05,0.001208921321007611,4.188429178456283e-05
3,0.0020069000000000037,-0.860789667726849,0.002006089214299345,-12.0,0.4334039877457657,12.0,-0.001081513323190862,-4.313978985314664e-05,-4.313978784705742e-05,-8.60789667726849e-05,0.001210723441961603,4.313978985314663e-05
3,0.002007100000000004,-0.8858983482920523,0.00200600721783456,-12.0,0.4459582050328502,12.0,-0.001079546888853984,-4.439521978150158e-05,-4.439521777549434e-05,-8.858983482920524e-05,0.00121252305364565,4.439521978150157e-05
3,0.002007300000000004,-0.9110056298872903,0.002005922058782528,-12.0,0.4585117180910395,12.0,-0.001077578150896784,-4.565057960322572e-05,-4.565057759730364e-05,-9.110056298872903e-05,0.001214320151719392,4.56505796032257e-05
3,0.002007500000000004,-0.9361114723812071,0.002005833898500953,-12.0,0.4710645070966941,12.0,-0.001075607113766128,-4.690586731981934e-05,-4.69058653139854e-05,-9.361114723812071e-05,0.001216114734618495,4.690586731981932e-05
3,0.002007700000000004,-0.9612158366107343,0.002005742576243308,-12.0,0.4836165522271578,12.0,-0.001073633778924755,-4.816108096509147e-05,-4.816107895934888e-05,-9.612158366107343e-05,0.001217906797923538,4.816108096509145e-05
3,0.0020079000000000043,-0.9863186824491705,0.002005648253325387,-12.0,0.4961678336610559,12.0,-0.001071658150898464,-4.941621854077307e-05,-4.94162165351248e-05,-9.863186824491706e-05,0.001219696340149803,4.941621854077306e-05
3,0.0020081000000000044,-1.011419970738056,0.002005550769134445,-12.0,0.5087183315782374,12.0,-0.001069680231070375,-5.067127808091032e-05,-5.067127607535953e-05,-0.0001011419970738056,0.001221483356799002,5.06712780809103e-05
3,0.0020083000000000045,-1.036519661355859,0.002005450284880306,-12.0,0.5212680261597528,12.0,-0.001067700024045083,-5.192625758748728e-05,-5.192625558203698e-05,-0.0001036519661355859,0.001223267846465897,5.192625758748725e-05
3,0.0020085000000000046,-1.061617715148672,0.002005346640055528,-12.0,0.5338168975878859,12.0,-0.001065717531126165,-5.318115509478307e-05,-5.318115308943639e-05,-0.0001061617715148672,0.001225049804573379,5.318115509478303e-05
3,0.0020087000000000048,-1.08671409200027,0.002005239995825858,-12.0,0.5463649260462737,12.0,-0.001063732756996845,-5.443596860504481e-05,-5.443596659980481e-05,-0.000108671409200027,0.001226829229795695,5.443596860504479e-05
3,0.002008900000000005,-1.111808752761812,0.002005130191784277,-12.0,0.5589120917198842,12.0,-0.001061745702881221,-5.569069615281002e-05,-5.56906941476798e-05,-0.0001111808752761812,0.001228606117476973,5.569069615281e-05
3,0.002009100000000005,-1.136901657322599,0.002005017389014152,-12.0,0.5714583747949946,12.0,-0.001059756373541075,-5.694533574059808e-05,-5.694533373558067e-05,-0.0001136901657322599,0.001230380466370813,5.694533574059805e-05
3,0.002009300000000005,-1.161992766538954,0.002004901427225536,-12.0,0.5840037554593293,12.0,-0.00105776477012106,-5.819988540321041e-05,-5.819988339830895e-05,-0.0001161992766538954,0.001232152271742712,5.819988540321037e-05
3,0.002009500000000005,-1.18708204030608,0.002004782467448396,-12.0,0.5965482139020374,12.0,-0.001055770897461346,-5.945434314345894e-05,-5.945434113867643e-05,-0.000118708204030608,0.001233921532425533,5.94543431434589e-05
3,0.0020097000000000053,-1.212169439485743,0.002004660349464171,-12.0,0.6090917303136714,12.0,-0.001053774756627233,-6.070870699642077e-05,-6.070870499176037e-05,-0.0001212169439485743,0.001235688243606245,6.070870699642073e-05
3,0.0020099000000000054,-1.23725492397914,0.002004535234268023,-12.0,0.6216342848863243,12.0,-0.001051776352537157,-6.196297496520568e-05,-6.196297296067039e-05,-0.000123725492397914,0.00123745240419687,6.196297496520563e-05
3,0.0020101000000000055,-1.262338454653814,0.002004406961730876,-12.0,0.634175857813573,12.0,-0.001049775686177076,-6.321714508518428e-05,-6.321714308077725e-05,-0.0001262338454653814,0.00123921400930592,6.321714508518421e-05
3,0.0020103000000000057,-1.287419991417337,0.002004275692804647,-12.0,0.6467164292906326,12.0,-0.001047772762543614,-6.447121535978285e-05,-6.44712133555071e-05,-0.0001287419991417337,0.001240973057924519,6.44712153597828e-05
3,0.0020105000000000058,-1.312499495143191,0.002004141267421322,-12.0,0.6592559795141404,12.0,-0.001045767582543447,-6.572518382467197e-05,-6.572518182053062e-05,-0.0001312499495143191,0.001242729545082796,6.572518382467191e-05
3,0.002010700000000006,-1.337576925745339,0.002004003846496738,-12.0,0.6717944886824528,12.0,-0.001043760151251169,-6.697904848359566e-05,-6.697904647959178e-05,-0.0001337576925745339,0.001244483469850927,6.697904848359562e-05
3,0.002010900000000006,-1.362652244103703,0.002003863270092665,-12.0,0.6843319369956233,12.0,-0.001041750469494299,-6.823280737255312e-05,-6.82328053686898e-05,-0.0001362652244103703,0.001246234827180726,6.823280737255307e-05
3,0.002011100000000006,-1.387725410139006,0.002003719699001927,-12.0,0.6968683046552032,12.0,-0.001039738542425339,-6.948645849562019e-05,-6.948645649190042e-05,-0.0001387725410139006,0.001247983616221207,6.948645849562014e-05
3,0.0020113000000000062,-1.412796384737517,0.002003572973426571,-12.0,0.7094035718646279,12.0,-0.001037724370792623,-7.07399998891202e-05,-7.073999788554717e-05,-0.0001412796384737517,0.001249729831846083,7.073999988912014e-05
3,0.0020115000000000063,-1.437865127827204,0.002003423254121561,-12.0,0.7219377188290168,12.0,-0.00103570795982634,-7.19934295574896e-05,-7.199342755406628e-05,-0.0001437865127827204,0.001251473473283221,7.199342955748953e-05
3,0.0020117000000000065,-1.462931600300969,0.002003270381309707,-12.0,0.7344707257551529,12.0,-0.00103368931019579,-7.324674553738443e-05,-7.324674353411395e-05,-0.000146293160030097,0.001253214535328132,7.324674553738433e-05
3,0.0020119000000000066,-1.48799576209395,0.002003114515771842,-12.0,0.7470025728517781,12.0,-0.001031668427208809,-7.449994583360071e-05,-7.44999438304861e-05,-0.0001487995762093951,0.001254953017287466,7.449994583360063e-05
3,0.0020121000000000067,-1.513057574106293,0.002002955497795944,-12.0,0.7595332403293953,12.0,-0.001029645311455538,-7.575302848316002e-05,-7.575302648020444e-05,-0.0001513057574106293,0.001256688913878756,7.575302848315994e-05
3,0.002012300000000007,-1.538116996280537,0.002002793488087518,-12.0,0.7720627084003349,12.0,-0.001027619968321403,-7.700599149122483e-05,-7.700598948843125e-05,-0.0001538116996280537,0.001258422224487174,7.700599149122473e-05
3,0.002012500000000007,-1.563173989524022,0.002002628327053224,-12.0,0.784590957278874,12.0,-0.001025592398317524,-7.825883289518217e-05,-7.825883089255374e-05,-0.0001563173989524022,0.001260152943752313,7.825883289518207e-05
3,0.002012700000000007,-1.588228513787138,0.002002460175351328,-12.0,0.7971179671811978,12.0,-0.001023562606906669,-7.951155070058476e-05,-7.951154869812447e-05,-0.0001588228513787138,0.001261881071138019,7.951155070058465e-05
3,0.002012900000000007,-1.613280529984767,0.00200228887346221,-12.0,0.8096437183254654,12.0,-0.001021530594520897,-8.076414294520042e-05,-8.076414094291145e-05,-0.0001613280529984767,0.00126360660120603,8.076414294520033e-05
3,0.0020131000000000072,-1.638329998075243,0.002002114582002279,-12.0,0.8221681909317707,12.0,-0.001019496366700345,-8.201660763497696e-05,-8.201660563286227e-05,-0.0001638329998075243,0.00126532953349856,8.201660763497685e-05
3,0.0020133000000000074,-1.663376878981203,0.002001937141537624,-12.0,0.8346913652222794,12.0,-0.001017459923798161,-8.326894280807428e-05,-8.326894080613703e-05,-0.0001663376878981203,0.001267049862499509,8.326894280807418e-05
3,0.0020135000000000075,-1.688421132669299,0.002001756712660896,-12.0,0.8472132214212079,12.0,-0.001015421271431519,-8.452114647085483e-05,-8.452114446909799e-05,-0.0001688421132669299,0.001268767587829581,8.45211464708547e-05
3,0.0020137000000000076,-1.713462720070184,0.002001573135985035,-12.0,0.8597337397548006,12.0,-0.001013380409874629,-8.57732166618817e-05,-8.577321466030844e-05,-0.0001713462720070184,0.001270482703894946,8.577321666188156e-05
3,0.0020139000000000077,-1.738501601158901,0.002001386572089148,-12.0,0.87225290045145,12.0,-0.001011337344821756,-8.702515138793622e-05,-8.702514938654952e-05,-0.0001738501601158901,0.001272195210394567,8.702515138793608e-05
3,0.002014100000000008,-1.763537736874551,0.002001196861679211,-12.0,0.884770683741763,12.0,-0.001009292076468216,-8.827694868800853e-05,-8.827694668681152e-05,-0.0001763537736874551,0.00127390510165698,8.827694868800839e-05
3,0.002014300000000008,-1.788571087200873,0.002001004165256837,-12.0,0.8972870698583634,12.0,-0.001007244610585128,-8.952860656931078e-05,-8.95286045683065e-05,-0.0001788571087200873,0.001275612377459365,8.952860656931066e-05
3,0.002014500000000008,-1.813601613085338,0.002000808323622483,-12.0,0.9098020390361862,12.0,-0.001005194947288929,-9.078012307125652e-05,-9.078012107044804e-05,-0.0001813601613085338,0.001277317032052708,9.078012307125637e-05
3,0.002014700000000008,-1.838629274520855,0.002000609497289974,-12.0,0.9223155715124577,12.0,-0.001003143092427633,-9.203149620151693e-05,-9.203149420090728e-05,-0.0001838629274520856,0.001279019065292278,9.203149620151678e-05
3,0.0020149000000000083,-1.863654032463686,0.002000407527051884,-12.0,0.934827647526496,12.0,-0.001001089046038781,-9.328272399994458e-05,-9.328272199953689e-05,-0.0001863654032463686,0.001280718471351444,9.328272399994442e-05
3,0.0020151000000000084,-1.888675846915782,0.002000202573453014,-12.0,0.9473382473200962,12.0,-0.000999032814046924,-9.453380447466452e-05,-9.453380247446176e-05,-0.0001888675846915782,0.001282415250163718,9.453380447466432e-05
3,0.0020153000000000085,-1.913694678842646,0.001999994477351774,-12.0,0.9598473511372954,12.0,-0.0009969743964109712,-9.578473566599456e-05,-9.578473366599989e-05,-0.0001913694678842646,0.00128410939582492,9.578473566599437e-05
3,0.0020155000000000086,-1.938710488255666,0.001999783399241561,-12.0,0.9723549392245292,12.0,-0.000994913799131969,-9.703551558252896e-05,-9.703551358274536e-05,-0.0001938710488255666,0.001285800908346485,9.703551558252877e-05
3,0.0020157000000000087,-1.963723236129577,0.001999569180062055,-12.0,0.9848609918305734,12.0,-0.0009928510220899162,-9.82861422650513e-05,-9.828614026548196e-05,-0.0001963723236129577,0.001287489781746962,9.828614226505114e-05
3,0.002015900000000009,-1.988732882485462,0.001999351980287334,-12.0,0.9973654892066817,12.0,-0.000990786071362465,-9.953661372263963e-05,-9.953661172328745e-05,-0.0001988732882485462,0.001289176016115515,9.953661372263944e-05
3,0.002016100000000009,-2.013739388307703,0.00199913164093013,-12.0,1.009868411606563,12.0,-0.0009887189467507745,-0.0001007869279965635,-0.0001007869259974317,-0.0002013739388307703,0.001290859605393366,0.0001007869279965633
3,0.002016300000000009,-2.038742713627292,0.001998908322421777,-12.0,1.022369739286362,12.0,-0.0009866496544087,-0.0001020370830963942,-0.0001020370810974857,-0.0002038742713627292,0.001292540549747631,0.000102037083096394
3,0.002016500000000009,-2.063742819438383,0.001998681865854723,-12.0,1.034869452504792,12.0,-0.0009845781940587967,-0.000103287077063894,-0.0001032870750652119,-0.0002063742819438383,0.001294218843042136,0.0001032870770638938
3,0.0020167000000000093,-2.08873966578223,0.001998452431653086,-12.0,1.047367531523119,12.0,-0.0009825045719310116,-0.0001045369079091468,-0.0001045369059106942,-0.000208873966578223,0.001295894485521795,0.0001045369079091466
3,0.0020169000000000094,-2.113733213663049,0.001998219860940509,-12.0,1.059863956605134,12.0,-0.0009804287876691298,-0.0001057865736744196,-0.0001057865716761995,-0.000211373321366305,0.001297567470973149,0.0001057865736744193
3,0.0020171000000000095,-2.138723423132446,0.001997984314151657,-12.0,1.072358708017294,12.0,-0.0009783508475794123,-0.0001070360723703145,-0.0001070360703723299,-0.0002138723423132446,0.001299237799718633,0.0001070360723703142
3,0.0020173000000000096,-2.163710255205027,0.001997745632462022,-12.0,1.084851766028663,12.0,-0.0009762707512266516,-0.0001082854020396204,-0.0001082854000418745,-0.0002163710255205027,0.001300905465467822,0.0001082854020396201
3,0.0020175000000000097,-2.188693669943134,0.001997503976307713,-12.0,1.097343110911069,12.0,-0.0009741885049930898,-0.0001095345606934764,-0.0001095345586959721,-0.0002188693669943134,0.001302570468620673,0.0001095345606934761
3,0.00201770000000001,-2.213673628371899,0.00199725918688276,-12.0,1.109832722938865,12.0,-0.0009721041083649573,-0.0001107835463751985,-0.0001107835443779391,-0.0002213673628371899,0.00130423280280953,0.0001107835463751982
3,0.00201790000000001,-2.238650090564466,0.001997011424649919,-12.0,1.122320582389322,12.0,-0.0009700175678002548,-0.0001120323570964675,-0.0001120323550994558,-0.0002238650090564466,0.001305892468511843,0.0001120323570964672
3,0.00201810000000001,-2.263623017557025,0.001996760530869279,-12.0,1.134806669542422,12.0,-0.0009679288827064286,-0.0001132809909011556,-0.0001132809889043947,-0.0002263623017557025,0.001307549459282964,0.0001132809909011553
3,0.00201830000000001,-2.288592369433742,0.001996506665935316,-12.0,1.147290964680841,12.0,-0.0009658380596173494,-0.0001145294458014909,-0.0001145294438049839,-0.0002288592369433742,0.001309203775677781,0.0001145294458014905
3,0.0020185000000000103,-2.313558107241815,0.001996249671225581,-12.0,1.159773448090243,12.0,-0.0009637450978617068,-0.0001157777198419021,-0.000115777717845652,-0.0002313558107241815,0.001310855411174427,0.0001157777198419017
3,0.0020187000000000104,-2.338520191077015,0.001995989707118895,-12.0,1.172254100059083,12.0,-0.0009616500040489362,-0.0001170258110351968,-0.0001170258090392067,-0.0002338520191077015,0.001312504366405176,0.0001170258110351964
3,0.0020189000000000105,-2.363478581997808,0.001995726615002136,-12.0,1.184732900878673,12.0,-0.0009595527774290541,-0.0001182737174263675,-0.0001182737154306405,-0.0002363478581997808,0.001314150634771277,0.0001182737174263671
3,0.0020191000000000106,-2.388433240111497,0.001995460555297868,-12.0,1.197209830843301,12.0,-0.0009574534246870464,-0.0001195214370288007,-0.0001195214350333398,-0.0002388433240111498,0.001315794216982136,0.0001195214370288003
3,0.0020193000000000108,-2.413384126488299,0.001995191369430716,-12.0,1.209684870250209,12.0,-0.0009553519449941733,-0.0001207689678880782,-0.0001207689658928865,-0.0002413384126488299,0.001317435106362119,0.0001207689678880779
3,0.002019500000000011,-2.438331201247333,0.00199491921780881,-12.0,1.222157999399572,12.0,-0.0009532483451108048,-0.0001220163080181767,-0.0001220163060232571,-0.0002438331201247333,0.001319073303697738,0.0001220163080181763
3,0.002019700000000011,-2.463274425470636,0.001994643941917285,-12.0,1.234629198594633,12.0,-0.0009511426241295001,-0.000123263455465272,-0.0001232634534706277,-0.0002463274425470636,0.001320708802236531,0.0001232634554652716
3,0.002019900000000011,-2.488213759289499,0.00199436570217415,-12.0,1.247098448141668,12.0,-0.0009490347888859579,-0.0001245104082439498,-0.0001245104062495837,-0.00024882137592895,0.001322341602842086,0.0001245104082439494
3,0.002020100000000011,-2.513149163798115,0.001994084340096625,-12.0,1.259565728350046,12.0,-0.0009469248383940504,-0.0001257571644009954,-0.0001257571624069106,-0.0002513149163798115,0.001323971698684839,0.0001257571644009949
3,0.0020203000000000113,-2.538080599140058,0.001993800016110492,-12.0,1.272031019532195,12.0,-0.0009448127795645689,-0.0001270037219516089,-0.0001270037199578084,-0.0002538080599140058,0.001325599090705593,0.0001270037219516085
3,0.0020205000000000114,-2.563008026421861,0.001993512571775491,-12.0,1.284494302003719,12.0,-0.0009426986113326152,-0.0001282500789431949,-0.0001282500769496818,-0.0002563008026421861,0.001327223771997926,0.0001282500789431944
3,0.0020207000000000115,-2.587931405799815,0.001993222167556929,-12.0,1.296955556083464,12.0,-0.0009405823406841568,-0.0001294962333915912,-0.0001294962313983686,-0.0002587931405799815,0.001328845743579721,0.0001294962333915908
3,0.0020209000000000117,-2.612850698393074,0.001992928644999115,-12.0,1.309414762093322,12.0,-0.0009384639664755251,-0.0001307421833448328,-0.0001307421813519037,-0.0002612850698393074,0.001330464998467451,0.0001307421833448323
3,0.0020211000000000118,-2.637765864370568,0.001992632164610764,-12.0,1.321871900358522,12.0,-0.0009363434957676414,-0.0001319879268193917,-0.000131987924826759,-0.0002637765864370568,0.00133208153775588,0.0001319879268193911
3,0.002021300000000012,-2.662676864864556,0.001992332568006461,-12.0,1.334326951207613,12.0,-0.0009342209273381086,-0.0001332334618639612,-0.0001332334598716281,-0.0002662676864864556,0.001333695354384962,0.0001332334618639607
3,0.002021500000000012,-2.687583660057006,0.001992030015641522,-12.0,1.346779894972265,12.0,-0.0009320962683226491,-0.0001344787864956629,-0.0001344787845036324,-0.0002687583660057006,0.001335306449526091,0.0001344787864956624
3,0.002021700000000012,-2.712486211093169,0.001991724349214574,-12.0,1.35923071198765,12.0,-0.0009299695174201511,-0.0001357238987638441,-0.0001357238967721192,-0.0002712486211093169,0.001336914816042312,0.0001357238987638435
3,0.0020219000000000122,-2.737384478168493,0.00199141572920436,-12.0,1.37167938259221,12.0,-0.0009278406818410689,-0.0001369687966863011,-0.0001369687946948849,-0.0002737384478168493,0.001338520455181791,0.0001369687966863006
3,0.0020221000000000123,-2.762278422441622,0.001991103997308841,-12.0,1.384125887127814,12.0,-0.000925709760205437,-0.0001382134783130511,-0.0001382134763219466,-0.0002762278422441622,0.001340123359731049,0.0001382134783130505
3,0.0020223000000000125,-2.787168004121452,0.001990789314051167,-12.0,1.396570205939696,12.0,-0.0009235767597984001,-0.0001394579416625651,-0.0001394579396717752,-0.0002787168004121452,0.001341723531014805,0.0001394579416625645
3,0.0020225000000000126,-2.812053184380302,0.001990471521153281,-12.0,1.409012319376596,12.0,-0.0009214416791612917,-0.0001407021847855449,-0.0001407021827950728,-0.0002812053184380303,0.001343320961742611,0.0001407021847855443
3,0.0020227000000000127,-2.836933923440918,0.001990150779180078,-12.0,1.421452207790737,12.0,-0.0009193045256535859,-0.0001419462057011564,-0.0001419462037110049,-0.0002836933923440918,0.001344915653316014,0.0001419462057011557
3,0.002022900000000013,-2.861810182489507,0.001989826929851723,-12.0,1.4338898515378,12.0,-0.0009171652977378597,-0.0001431900024607956,-0.000143190000470968,-0.0002861810182489507,0.001346507598367824,0.0001431900024607949
3,0.002023100000000013,-2.886681921762775,0.00198950013378596,-12.0,1.446325230977068,12.0,-0.0009150240028480833,-0.0001444335730843289,-0.0001444335710948281,-0.0002886681921762776,0.001348096798375997,0.0001444335730843282
3,0.002023300000000013,-2.911549102461195,0.001989170232730042,-12.0,1.458758326471395,12.0,-0.0009128806393679245,-0.0001456769156238672,-0.0001456769136346962,-0.0002911549102461195,0.001349683245896627,0.0001456769156238665
3,0.002023500000000013,-2.936411684835696,0.001988837387313147,-12.0,1.471189118387192,12.0,-0.0009107352148056552,-0.0001469200280999886,-0.0001469200261111505,-0.0002936411684835696,0.001351266942484164,0.0001469200280999879
3,0.0020237000000000132,-2.961269630101121,0.001988501439322499,-12.0,1.483617587094559,12.0,-0.0009085877274660897,-0.0001481629085655244,-0.0001481629065770222,-0.0002961269630101122,0.001352847880618013,0.0001481629085655236
3,0.0020239000000000134,-2.986122898522989,0.001988162549429795,-12.0,1.496043712967265,12.0,-0.0009064381849316905,-0.0001494055550417843,-0.0001494055530536209,-0.0002986122898522989,0.001354426061928982,0.0001494055550417835
3,0.0020241000000000135,-3.010971451330786,0.00198782055941793,-12.0,1.508467476382726,12.0,-0.0009042865854283488,-0.0001506479655823316,-0.0001506479635945102,-0.0003010971451330786,0.001356001478819729,0.0001506479655823308
3,0.0020243000000000136,-3.035815248804691,0.001987475630014668,-12.0,1.520888857722124,12.0,-0.000902132936612704,-0.0001518901382092118,-0.0001518901362217353,-0.0003035815248804691,0.001357574132997419,0.0001518901382092109
3,0.0020245000000000137,-3.060654252189221,0.001987127603033434,-12.0,1.533307837370437,12.0,-0.0008999772366315995,-0.0001531320709767412,-0.0001531320689896127,-0.0003060654252189221,0.001359144016788078,0.0001531320709767404
3,0.002024700000000014,-3.085488421779613,0.001986776639230747,-12.0,1.54572439571642,12.0,-0.0008978194932157124,-0.0001543737619077198,-0.0001543737599209422,-0.0003085488421779613,0.001360711131975001,0.0001543737619077189
3,0.002024900000000014,-3.110317718835403,0.001986422580410485,-12.0,1.558138513152543,12.0,-0.0008956597044329218,-0.0001556152090572141,-0.0001556152070707907,-0.0003110317718835403,0.001362275470807556,0.0001556152090572132
3,0.002025100000000014,-3.135142103667007,0.001986065587420871,-12.0,1.570550170075291,12.0,-0.0008934978780877761,-0.0001568564104487879,-0.0001568564084627214,-0.0003135142103667007,0.001363837035145116,0.000156856410448787
3,0.002025300000000014,-3.159961537549601,0.001985705502071777,-12.0,1.582959346884963,12.0,-0.0008913340121691621,-0.0001580973641382901,-0.0001580973621525837,-0.0003159961537549601,0.001365395817160497,0.0001580973641382892
3,0.0020255000000000143,-3.184775980808964,0.001985342485222974,-12.0,1.595366023985742,12.0,-0.0008891681145553887,-0.0001593380681500529,-0.0001593380661647093,-0.0003184775980808964,0.001366951818789153,0.0001593380681500519
3,0.0020257000000000144,-3.209585394735881,0.001984976378734959,-12.0,1.607770181785806,12.0,-0.0008870001831563501,-0.0001605785205407082,-0.0001605785185557308,-0.0003209585394735881,0.001368505032127182,0.0001605785205407071
3,0.0020259000000000145,-3.234389739671944,0.001984607343514133,-12.0,1.620171800697317,12.0,-0.0008848302259238938,-0.0001618187193353814,-0.000161818717350773,-0.0003234389739671944,0.001370055459186059,0.0001618187193353803
3,0.0020261000000000146,-3.259188976923844,0.001984235221409891,-12.0,1.632570861136389,12.0,-0.0008826582406889771,-0.000163058662591499,-0.0001630586606072627,-0.0003259188976923845,0.001371603091985168,0.0001630586625914979
3,0.0020263000000000147,-3.28398306684905,0.001983860173402796,-12.0,1.644967343523231,12.0,-0.0008804842354769582,-0.000164298348334984,-0.0001642983463511226,-0.000328398306684905,0.001373147932611868,0.0001642983483349829
3,0.002026500000000015,-3.308771970770514,0.001983482041352458,-12.0,1.657361228282106,12.0,-0.0008783082080396354,-0.0001655377746240765,-0.0001655377726405933,-0.0003308771970770514,0.001374689973008936,0.0001655377746240754
3,0.002026700000000015,-3.333555649061901,0.001983100986289621,-12.0,1.669752495841395,12.0,-0.0008761301664759191,-0.0001667769394855117,-0.0001667769375024095,-0.0003333555649061902,0.001376229215339725,0.0001667769394855105
3,0.002026900000000015,-3.358334063062561,0.00198271685007434,-12.0,1.682141126633561,12.0,-0.0008739501084581991,-0.0001680158409783499,-0.0001680158389956318,-0.0003358334063062561,0.001377765651470297,0.0001680158409783486
3,0.002027100000000015,-3.383107173162514,0.001982329793805748,-12.0,1.694527101095263,12.0,-0.0008717680421589102,-0.000169254477130147,-0.000169254475147816,-0.0003383107173162514,0.001379299283639585,0.0001692544771301458
3,0.0020273000000000153,-3.407874940717951,0.001981939659371212,-12.0,1.706910399667429,12.0,-0.0008695839651713666,-0.0001704928460008071,-0.0001704928440188661,-0.0003407874940717951,0.001380830103636932,0.0001704928460008058
3,0.0020275000000000154,-3.43263732613551,0.001981546607887408,-12.0,1.719291002795052,12.0,-0.0008673978857410003,-0.0001717309456187178,-0.0001717309436371699,-0.0003432637326135511,0.001382358113777377,0.0001717309456187165
3,0.0020277000000000155,-3.457394290788164,0.001981150481266791,-12.0,1.731668890927487,12.0,-0.0008652098013819387,-0.0001729687740446234,-0.0001729687720634715,-0.0003457394290788164,0.001383883305773242,0.000172968774044622
3,0.0020279000000000156,-3.482145795099633,0.001980751440732176,-12.0,1.744044044518429,12.0,-0.0008630197204128054,-0.0001742063293077711,-0.0001742063273270182,-0.0003482145795099633,0.001385405682015228,0.0001742063293077697
3,0.0020281000000000157,-3.506891800460079,0.001980349328122522,-12.0,1.756416444025717,12.0,-0.000860827640268319,-0.0001754436094697609,-0.0001754436074894101,-0.0003506891800460079,0.001386925234139108,0.0001754436094697594
3,0.002028300000000016,-3.531632267310183,0.001979944304784986,-12.0,1.768786069911712,12.0,-0.0008586335693401559,-0.0001766806125606942,-0.0001766806105807484,-0.0003531632267310183,0.001388441964610965,0.0001766806125606927
3,0.002028500000000016,-3.556367157057771,0.001979536212560529,-12.0,1.781152902643088,12.0,-0.0008564375049837092,-0.0001779173366430542,-0.0001779173346635166,-0.0003556367157057771,0.001389955864990022,0.0001779173366430528
3,0.002028700000000016,-3.581096430160803,0.001979125212825616,-12.0,1.793516922690892,12.0,-0.0008542394556635691,-0.0001791537797478083,-0.0001791537777686814,-0.0003581096430160803,0.001391466937817887,0.0001791537797478066
3,0.002028900000000016,-3.605820048044731,0.001978711147459844,-12.0,1.805878110530667,12.0,-0.0008520394186556923,-0.0001803899399383223,-0.0001803899379596095,-0.0003605820048044731,0.001392975174576677,0.0001803899399383207
3,0.0020291000000000163,-3.630537971185213,0.001978294177906958,-12.0,1.818236446642409,12.0,-0.0008498374024973887,-0.0001816258152464519,-0.000181625813268156,-0.0003630537971185214,0.001394480577883911,0.0001816258152464502
3,0.0020293000000000164,-3.655250161025675,0.001977874146038561,-12.0,1.830591911510637,12.0,-0.0008476334043852063,-0.0001828614037364615,-0.0001828614017585857,-0.0003655250161025675,0.001395983139144658,0.0001828614037364598
3,0.0020295000000000165,-3.679956578059553,0.001977451213374337,-12.0,1.84294448562435,12.0,-0.0008454274329292577,-0.0001840967034410993,-0.0001840967014636464,-0.0003679956578059553,0.001397482861051763,0.0001840967034410975
3,0.0020297000000000166,-3.704657183748465,0.001977025221786777,-12.0,1.855294149477165,12.0,-0.0008432194852464325,-0.0001853317124255396,-0.0001853317104485126,-0.0003704657183748465,0.001398979734933664,0.0001853317124255378
3,0.0020299000000000168,-3.729351938603991,0.001976596332890157,-12.0,1.867640883567294,12.0,-0.000841009570019452,-0.0001865664287234422,-0.0001865664267468441,-0.0003729351938603992,0.001400473763558369,0.0001865664287234404
3,0.002030100000000017,-3.754040804106193,0.001976164388522772,-12.0,1.879984668397525,12.0,-0.0008387976842856304,-0.0001878008504009021,-0.0001878008484247358,-0.0003754040804106194,0.001401964938177624,0.0001878008504009002
3,0.002030300000000017,-3.778723740784892,0.001975729550407701,-12.0,1.892325484475353,12.0,-0.000836583836800131,-0.0001890349754924965,-0.000189034973516765,-0.0003778723740784892,0.001403453261634574,0.0001890349754924945
3,0.002030500000000017,-3.803400710138965,0.001975291660376133,-12.0,1.904663312312963,12.0,-0.000834368024520582,-0.0001902688020652607,-0.000190268800089967,-0.0003803400710138965,0.001404938725104193,0.0001902688020652587
3,0.002030700000000017,-3.828071672716731,0.001974850880220647,-12.0,1.916998132427206,12.0,-0.0008321502562746441,-0.0001915023281547005,-0.0001915023261798476,-0.0003828071672716732,0.001406421331504704,0.0001915023281546985
3,0.0020309000000000173,-3.852736590035966,0.00197440705177554,-12.0,1.929329925339717,12.0,-0.0008299305289400649,-0.0001927355518287962,-0.0001927355498543871,-0.0003852736590035966,0.001407901071934142,0.0001927355518287941
3,0.0020311000000000174,-3.877395422663855,0.001973960336943525,-12.0,1.941658671576946,12.0,-0.0008277088514168918,-0.0001939684711240025,-0.00019396846915004,-0.0003877395422663855,0.00140937794938592,0.0001939684711240003
3,0.0020313000000000176,-3.902048132137484,0.001973510577527371,-12.0,1.953984351670139,12.0,-0.0008254852205030194,-0.0001952010841092634,-0.0001952010821357506,-0.0003902048132137485,0.001410851954881109,0.0001952010841092612
3,0.0020315000000000177,-3.926694679042876,0.001973057935506617,-12.0,1.966306946155277,12.0,-0.000823259645170632,-0.0001964333888219793,-0.0001964333868489191,-0.0003926694679042876,0.001412323091488199,0.000196433388821977
3,0.0020317000000000178,-3.951335024936558,0.001972602252712452,-12.0,1.97862643557337,12.0,-0.0008210321221377714,-0.000197665383332068,-0.0001976653813594635,-0.0003951335024936558,0.001413791350151239,0.0001976653833320657
3,0.002031900000000018,-3.975969130423988,0.001972143691221673,-12.0,1.990942800470263,12.0,-0.0008188026604487308,-0.0001988970656779065,-0.0001988970637057605,-0.0003975969130423988,0.001415256734013659,0.0001988970656779042
3,0.002032100000000018,-4.000596957081337,0.00197168209280818,-12.0,2.003256021396701,12.0,-0.0008165712567415051,-0.0002001284339303917,-0.0002001284319587072,-0.0004000596957081337,0.00141671923394257,0.0002001284339303893
3,0.002032300000000018,-4.025218465533449,0.001971217619695764,-12.0,2.015566078908444,12.0,-0.0008143379201323298,-0.0002013594861288774,-0.0002013594841576572,-0.0004025218465533449,0.001418178853156288,0.0002013594861288748
3,0.0020325000000000182,-4.049833617376598,0.001970750113632125,-12.0,2.027872953566248,12.0,-0.0008121026471792636,-0.0002025902203452642,-0.0002025902183745116,-0.0004049833617376598,0.00141963558244465,0.0002025902203452616
3,0.0020327000000000183,-4.074442373255292,0.001970279736933422,-12.0,2.040176625935844,12.0,-0.0008098654470703459,-0.0002038206346198937,-0.0002038206326496113,-0.0004074442373255292,0.001421089425101107,0.000203820634619891
3,0.0020329000000000185,-4.099044694785982,0.001969806331344248,-12.0,2.05247707658807,12.0,-0.0008076263162834774,-0.0002050507270256753,-0.0002050507250558663,-0.0004099044694785982,0.001422540371838199,0.0002050507270256726
3,0.0020331000000000186,-4.123640542633207,0.001969330059300889,-12.0,2.064774286098855,12.0,-0.0008053852640784731,-0.0002062804956039581,-0.0002062804936346254,-0.0004123640542633207,0.001423988426024259,0.0002062804956039554
3,0.0020333000000000187,-4.148229878433865,0.00196885076249953,-12.0,2.07706823504919,12.0,-0.0008031422868529647,-0.0002075099384286718,-0.0002075099364598182,-0.0004148229878433865,0.001425433578294721,0.000207509938428669
3,0.002033500000000019,-4.172812662872613,0.0019683686035179,-12.0,2.08935890402527,12.0,-0.0008008973939385988,-0.0002087390535421781,-0.0002087390515738066,-0.0004172812662872613,0.001426875832092223,0.0002087390535421752
3,0.002033700000000019,-4.197388857607129,0.001967883424022432,-12.0,2.101646273618432,12.0,-0.0007986505816524603,-0.000209967839019444,-0.0002099678370515576,-0.0004197388857607129,0.001428315177975426,0.000209967839019441
3,0.002033900000000019,-4.221958423342544,0.001967395386725634,-12.0,2.113930324425314,12.0,-0.0007964018593978328,-0.0002111962929038619,-0.0002111962909364635,-0.0004221958423342544,0.001429751619461461,0.0002111962929038589
3,0.002034100000000019,-4.246521321757476,0.001966904333235986,-12.0,2.126211037047636,12.0,-0.0007941512234113934,-0.0002124244132714431,-0.0002124244113045356,-0.0004246521321757476,0.0014311851470315,0.0002124244132714399
3,0.0020343000000000193,-4.271077513577549,0.001966410426408771,-12.0,2.138488392092492,12.0,-0.0007918986831679797,-0.0002136521981666115,-0.0002136521962001979,-0.000427107751357755,0.001432615764277556,0.0002136521981666083
3,0.0020345000000000194,-4.295626960502803,0.001965913507864236,-12.0,2.150762370172333,12.0,-0.0007896442348236665,-0.0002148796456664501,-0.0002148796437005334,-0.0004295626960502803,0.001434043461603196,0.0002148796456664469
3,0.0020347000000000195,-4.320169623279713,0.001965413740516286,-12.0,2.163032951904768,12.0,-0.0007873878879245677,-0.0002161067538164285,-0.0002161067518510115,-0.0004320169623279713,0.001435468242675264,0.0002161067538164252
3,0.0020349000000000196,-4.344705463629646,0.001964910966007594,-12.0,2.175300117912944,12.0,-0.0007851296385462392,-0.000217333520694697,-0.0002173335187297827,-0.0004344705463629646,0.001436890097819665,0.0002173335206946937
3,0.0020351000000000197,-4.369234442320374,0.001964405347393061,-12.0,2.18756384882533,12.0,-0.0007828694963060712,-0.0002185599443477972,-0.0002185599423833883,-0.0004369234442320374,0.001438309030777629,0.0002185599443477937
3,0.00203530000000002,-4.393756521094925,0.00196389672623809,-12.0,2.199824125275787,12.0,-0.0007806074571989341,-0.0002197860228549585,-0.0002197860208910582,-0.0004393756521094925,0.001439725031797678,0.0002197860228549549
3,0.00203550000000002,-4.418271660742318,0.001963385265780326,-12.0,2.212080927903682,12.0,-0.000778343530913217,-0.0002210117542637938,-0.0002210117523004049,-0.0004418271660742318,0.001441138104695483,0.0002210117542637902
3,0.00203570000000002,-4.442779823027661,0.001962870807541872,-12.0,2.224334237353851,12.0,-0.0007760777133630214,-0.0002222371366546347,-0.0002222371346917601,-0.0004442779823027661,0.001442548239642072,0.000222237136654631
3,0.00203590000000002,-4.467280968761549,0.001962353514902482,-12.0,2.236584034276663,12.0,-0.0007738100143078741,-0.00022346216807618,-0.0002234621661138226,-0.0004467280968761549,0.001443955440527167,0.0002234621680761761
3,0.0020361000000000203,-4.49177505973127,0.001961833229343402,-12.0,2.248830299327982,12.0,-0.0007715404295807748,-0.0002246868466098679,-0.0002246868446480307,-0.000449177505973127,0.001445359697444526,0.0002246868466098639
3,0.0020363000000000204,-4.516262056769187,0.00196131011440448,-12.0,2.261073013169301,12.0,-0.0007692689690124155,-0.0002259111703054937,-0.0002259111683441796,-0.0004516262056769187,0.001446761014357756,0.0002259111703054897
3,0.0020365000000000205,-4.540741921685148,0.001960784011538541,-12.0,2.273312156467722,12.0,-0.0007669956283546386,-0.0002271351372456225,-0.0002271351352848344,-0.0004540741921685149,0.001448159381282954,0.0002271351372456184
3,0.0020367000000000206,-4.56521461533351,0.00196025508441644,-12.0,2.285547709895931,12.0,-0.0007647204175089128,-0.0002283587454811557,-0.0002283587435208963,-0.000456521461533351,0.001449554802258279,0.0002283587454811515
3,0.0020369000000000207,-4.589680099546788,0.001959723174474348,-12.0,2.297779654132337,12.0,-0.00076244333214609,-0.0002295819930957907,-0.0002295819911360631,-0.0004589680099546788,0.001450947267221725,0.0002295819930957863
3,0.002037100000000021,-4.614138335201691,0.001959188445545657,-12.0,2.310007969861049,12.0,-0.0007601643822382487,-0.0002308048781415548,-0.0002308048761823618,-0.0004614138335201691,0.001452336780285612,0.0002308048781415503
3,0.002037300000000021,-4.638589284153675,0.001958650739003254,-12.0,2.32223263777185,12.0,-0.000757883563374917,-0.0002320273987032892,-0.0002320273967446339,-0.0004638589284153676,0.001453723331310108,0.0002320273987032847
3,0.002037500000000021,-4.663032907301849,0.001958110218864162,-12.0,2.334453638560323,12.0,-0.0007556008855989504,-0.0002332495528341506,-0.0002332495508760357,-0.0004663032907301849,0.001455106924481586,0.0002332495528341459
3,0.002037700000000021,-4.687469166525041,0.001957566726480398,-12.0,2.346670952927909,12.0,-0.0007533163444183866,-0.0002344713386201476,-0.0002344713366625761,-0.0004687469166525041,0.00145648754958233,0.0002344713386201428
3,0.0020379000000000213,-4.711898022745022,0.001957020425986222,-12.0,2.358884561581695,12.0,-0.000751029949946691,-0.0002356927541155758,-0.0002356927521585504,-0.0004711898022745023,0.001457865210872544,0.0002356927541155709
3,0.0020381000000000214,-4.736319437863969,0.001956471158733875,-12.0,2.371094445234797,12.0,-0.0007487416976103556,-0.0002369137974076113,-0.0002369137954511352,-0.0004736319437863969,0.001459239898056464,0.0002369137974076063
3,0.0020383000000000215,-4.760733372826752,0.001955919089037916,-12.0,2.383300584606124,12.0,-0.000746451597593234,-0.0002381344665517138,-0.0002381344645957895,-0.0004760733372826752,0.001460611615468455,0.0002381344665517086
3,0.0020385000000000216,-4.785139789559262,0.001955364058174425,-12.0,2.395502960420533,12.0,-0.0007441596452401333,-0.0002393547596362411,-0.0002393547576808718,-0.0004785139789559263,0.001461980352734482,0.0002393547596362359
3,0.0020387000000000217,-4.809538649029445,0.001954806230659134,-12.0,2.407701553408774,12.0,-0.0007418658508052955,-0.0002405746747178169,-0.0002405746727630052,-0.0004809538649029446,0.00146334611426252,0.0002405746747178115
3,0.002038900000000022,-4.833929913187166,0.001954245447720382,-12.0,2.419896344307618,12.0,-0.0007395702095518986,-0.0002417942098859953,-0.0002417942079317443,-0.0004833929913187166,0.001464708889600652,0.0002417942098859898
3,0.002039100000000022,-4.858313543023839,0.001953681874071744,-12.0,2.432087313859846,12.0,-0.0007372727318042116,-0.0002430133631985831,-0.0002430133612448955,-0.0004858313543023839,0.001466068683230626,0.0002430133631985774
3,0.002039300000000022,-4.882689500513512,0.001953115350871615,-12.0,2.444274442814216,12.0,-0.0007349734127434226,-0.0002442321327463403,-0.0002442321307932192,-0.0004882689500513512,0.001467425484622031,0.0002442321327463345
3,0.002039500000000022,-4.907057746671158,0.001952546043044956,-12.0,2.456457711925607,12.0,-0.0007326722627641336,-0.0002454505165882622,-0.0002454505146357102,-0.0004907057746671159,0.001468779298330281,0.0002454505165882562
3,0.0020397000000000223,-4.931418243495385,0.001951973791706418,-12.0,2.46863710195499,12.0,-0.0007303692769654313,-0.0002466685128163344,-0.0002466685108643546,-0.0004931418243495386,0.001470130113746582,0.0002466685128163284
3,0.0020399000000000224,-4.955770952024984,0.001951398761955048,-12.0,2.480812593669412,12.0,-0.0007280644658118895,-0.000247886119490752,-0.000247886117539347,-0.0004955770952024984,0.001471477935500232,0.0002478861194907457
3,0.0020401000000000225,-4.980115834283199,0.001950820794879737,-12.0,2.492984167842127,12.0,-0.0007257578243203278,-0.0002491033347047311,-0.0002491033327539039,-0.0004980115834283199,0.001472822752903835,0.0002491033347047247
3,0.0020403000000000227,-5.004452851332945,0.001950240055778041,-12.0,2.50515180525254,12.0,-0.0007234493630253747,-0.0002503201565196826,-0.0002503201545694361,-0.0005004452851332945,0.001474164570660019,0.0002503201565196762
3,0.0020405000000000228,-5.028781965222493,0.00194965638569955,-12.0,2.51731548668636,12.0,-0.0007211390768615544,-0.0002515365830300727,-0.0002515365810804097,-0.0005028781965222493,0.00147550337800284,0.000251536583030066
3,0.002040700000000023,-5.053103137039009,0.001949069950122784,-12.0,2.529475192935388,12.0,-0.0007188269764331345,-0.0002527526122985333,-0.0002527526103494566,-0.0005053103137039009,0.001476839179708644,0.0002527526122985266
3,0.002040900000000023,-5.077416328855819,0.001948480590059587,-12.0,2.541630904797805,12.0,-0.0007165130565922051,-0.0002539682424207815,-0.0002539682404722939,-0.0005077416328855819,0.001478171964932551,0.0002539682424207746
3,0.002041100000000023,-5.101721501784797,0.001947888471245385,-12.0,2.553782603078151,12.0,-0.0007141973280128666,-0.0002551834714606978,-0.0002551834695128021,-0.0005101721501784797,0.001479501738524125,0.0002551834714606906
3,0.0020413000000000232,-5.126018617924689,0.001947293434569675,-12.0,2.565930268587134,12.0,-0.0007118797854644698,-0.0002563982975152636,-0.000256398295567963,-0.000512601861792469,0.001480828489560215,0.0002563982975152564
3,0.0020415000000000233,-5.150307638411967,0.001946695646039887,-12.0,2.578073882141999,12.0,-0.000709560439690643,-0.0002576127186496034,-0.0002576127167029003,-0.0005150307638411967,0.001482152222963329,0.000257612718649596
3,0.0020417000000000234,-5.17458852537125,0.001946094946499777,-12.0,2.590213424566324,12.0,-0.0007072392853781362,-0.00025882673296199,-0.0002588267310158875,-0.000517458852537125,0.001483472927731322,0.0002588267329619824
3,0.0020419000000000236,-5.198861239963917,0.001945491502137076,-12.0,2.602348876690079,12.0,-0.0007049163333400221,-0.0002600403385188021,-0.0002600403365733027,-0.0005198861239963917,0.001484790608860198,0.0002600403385187942
3,0.0020421000000000237,-5.223125744340426,0.001944885153788434,-12.0,2.614480219349748,12.0,-0.0007025915781799785,-0.0002612535334196039,-0.0002612535314747107,-0.0005223125744340427,0.00148610525526871,0.000261253533419596
3,0.002042300000000024,-5.247381999687473,0.001944276067868067,-12.0,2.626607433388299,12.0,-0.0007002650307806058,-0.0002624663157320513,-0.0002624663137877671,-0.0005247381999687474,0.001487416872025804,0.0002624663157320431
3,0.002042500000000024,-5.271629968181641,0.001943664085141794,-12.0,2.638730499655175,12.0,-0.0006979366856624258,-0.0002636786835570116,-0.0002636786816133392,-0.0005271629968181642,0.001488725447971184,0.0002636786835570033
3,0.002042700000000024,-5.295869611034989,0.001943049372283623,-12.0,2.650849399006414,12.0,-0.0006956065537773448,-0.0002648906349634216,-0.0002648906330203637,-0.0005295869611034989,0.001490030988247126,0.000264890634963413
3,0.002042900000000024,-5.320100890450581,0.001942431770007857,-12.0,2.66296411230462,12.0,-0.0006932746295625625,-0.00026610216805347,-0.0002661021661110294,-0.0005320100890450581,0.001491333481613843,0.0002661021680534612
3,0.0020431000000000242,-5.344323767666138,0.001941811445228536,-12.0,2.675074620419026,12.0,-0.0006909409240392628,-0.0002673132808973888,-0.0002673132789555684,-0.0005344323767666138,0.001492632933286553,0.0002673132808973797
3,0.0020433000000000244,-5.368538204911327,0.00194118823860312,-12.0,2.68718090422545,12.0,-0.000688605431561129,-0.0002685239715986939,-0.0002685239696574965,-0.0005368538204911327,0.001493929331946198,0.0002685239715986847
3,0.0020435000000000245,-5.392744163449696,0.001940562317310546,-12.0,2.699282944606437,12.0,-0.0006862681632184287,-0.000269734238228922,-0.0002697342362883503,-0.0005392744163449696,0.001495222682880881,0.0002697342382289127
3,0.0020437000000000246,-5.41694160553789,0.001939933521966086,-12.0,2.711380722451229,12.0,-0.0006839291132814118,-0.0002709440788929359,-0.0002709440769529928,-0.000541694160553789,0.001496512974691777,0.0002709440788929263
3,0.0020439000000000247,-5.441130492465508,0.001939302019982936,-12.0,2.723474218655749,12.0,-0.0006815882929090689,-0.0002721534916635864,-0.0002721534897242745,-0.0005441130492465508,0.001497800212740263,0.0002721534916635766
3,0.002044100000000025,-5.465310786516251,0.001938667651942838,-12.0,2.735563414122717,12.0,-0.0006792456962878834,-0.0002733624746470875,-0.0002733624727084097,-0.0005465310786516251,0.001499084385547689,0.0002733624746470774
3,0.002044300000000025,-5.489482449006164,0.001938030585548312,-12.0,2.74764828976171,12.0,-0.0006769013346458463,-0.0002745710259176265,-0.0002745710239795856,-0.0005489482449006163,0.001500365498548095,0.0002745710259176162
3,0.002044500000000025,-5.513645442246272,0.001937390661276961,-12.0,2.759728826488959,12.0,-0.0006745552020853696,-0.0002757791435827787,-0.0002757791416453775,-0.0005513645442246272,0.001501643540183062,0.0002757791435827682
3,0.002044700000000025,-5.537799727579011,0.001936748047151937,-12.0,2.771805005227714,12.0,-0.0006722073099033332,-0.0002769868257180671,-0.0002769868237813081,-0.0005537799727579012,0.001502918515959406,0.0002769868257180563
3,0.0020449000000000253,-5.561945267343239,0.001936102583609323,-12.0,2.78387680690806,12.0,-0.0006698576521179112,-0.0002781940704324561,-0.0002781940684963424,-0.0005561945267343239,0.00150419041423866,0.000278194070432445
3,0.0020451000000000254,-5.586082022907999,0.001935454438894535,-12.0,2.795944212466886,12.0,-0.0006675062400945675,-0.0002794008758028106,-0.0002794008738673447,-0.0005586082022907999,0.001505459240600249,0.0002794008758027992
3,0.0020453000000000255,-5.610209956639911,0.001934803453462086,-12.0,2.808007202848183,12.0,-0.0006651530677672934,-0.0002806072399394837,-0.0002806072380046686,-0.0005610209956639911,0.001506724983325713,0.000280607239939472
3,0.0020455000000000256,-5.634329029935166,0.001934149795828066,-12.0,2.820065759002823,12.0,-0.0006627981465699984,-0.0002818131609207114,-0.0002818131589865497,-0.0005634329029935165,0.001507987648066977,0.0002818131609206995
3,0.0020457000000000257,-5.658439205188434,0.001933493306379042,-12.0,2.832119861888718,12.0,-0.0006604414703522132,-0.0002830186368582461,-0.0002830186349247407,-0.0005658439205188435,0.001509247223025201,0.0002830186368582339
3,0.002045900000000026,-5.682540443822985,0.001932834153951069,-12.0,2.84416949247076,12.0,-0.0006580830506162094,-0.0002842236658316934,-0.0002842236638988468,-0.0005682540443822985,0.001510503713924805,0.0002842236658316809
3,0.002046100000000026,-5.706632708261838,0.001932172178875424,-12.0,2.856214631720955,12.0,-0.0006557228811268634,-0.0002854282459542206,-0.0002854282440220357,-0.0005706632708261839,0.001511757108886735,0.000285428245954208
3,0.002046300000000026,-5.730715959955707,0.001931507550313905,-12.0,2.8682552606184,12.0,-0.000653360973454642,-0.0002866323753068216,-0.000286632373375301,-0.0005730715959955707,0.001513007413707967,0.0002866323753068086
3,0.002046500000000026,-5.754790161356161,0.001930840108522514,-12.0,2.880291360149265,12.0,-0.000650997321279656,-0.0002878360520040876,-0.0002878360500732342,-0.0005754790161356161,0.001514254616428179,0.0002878360520040743
3,0.0020467000000000263,-5.778855273941436,0.001930170023003441,-12.0,2.892322911306923,12.0,-0.0006486319362405957,-0.0002890392741284057,-0.000289039272198222,-0.0005778855273941436,0.001515498722917008,0.000289039274128392
3,0.0020469000000000264,-5.802911260192006,0.001929497133970282,-12.0,2.90434989509193,12.0,-0.0006462648119323067,-0.0002902420397958099,-0.0002902420378662988,-0.0005802911260192006,0.001516739721133642,0.000290242039795796
3,0.0020471000000000265,-5.826958081613875,0.00192882161123209,-12.0,2.916372292512002,12.0,-0.0006438959600617022,-0.0002914443470900913,-0.0002914443451612553,-0.0005826958081613876,0.001517977617019772,0.000291444347090077
3,0.0020473000000000266,-5.850995700716483,0.001928143294972262,-12.0,2.928390084582133,12.0,-0.0006415253741383631,-0.0002926461941287308,-0.0002926461922005728,-0.0005850995700716484,0.001519212398453651,0.0002926461941287161
3,0.0020475000000000267,-5.875024079033945,0.001927462355351794,-12.0,2.940403252324623,12.0,-0.0006391530659369538,-0.0002938475789969422,-0.0002938475770694648,-0.0005875024079033945,0.001520444071448968,0.0002938475789969272
3,0.002047700000000027,-5.899043179105059,0.001926778632494353,-12.0,2.952411776769057,12.0,-0.0006367790288817621,-0.0002950484998136717,-0.0002950484978868777,-0.0005899043179105059,0.001521672623803094,0.0002950484998136563
3,0.002047900000000027,-5.923052962491991,0.001926092296888449,-12.0,2.964415638952251,12.0,-0.0006344032748152595,-0.0002962489546655521,-0.000296248952739444,-0.0005923052962491991,0.001522898061601774,0.0002962489546655363
3,0.002048100000000027,-5.947053391763029,0.001925403188659969,-12.0,2.976414819918536,12.0,-0.0006320257970759413,-0.0002974489416730037,-0.0002974489397475845,-0.0005947053391763029,0.001524120372561,0.0002974489416729876
3,0.002048300000000027,-5.971044428508955,0.001924711478650032,-12.0,2.988409300719568,12.0,-0.0006296466075740303,-0.0002986484589241083,-0.0002986484569993802,-0.0005971044428508955,0.001525339562838679,0.0002986484589240918
3,0.0020485000000000273,-5.995026035327722,0.001924017006906142,-12.0,3.00039906241439,12.0,-0.0006272656995622017,-0.0002998475045407653,-0.0002998475026167314,-0.0005995026035327723,0.001526555620069314,0.0002998475045407484
3,0.0020487000000000274,-6.018998173838658,0.001923319944680202,-12.0,3.012384086069549,12.0,-0.000624883085018263,-0.0003010460766125043,-0.0003010460746891669,-0.0006018998173838658,0.001527768550482533,0.0003010460766124869
3,0.0020489000000000275,-6.042960806669811,0.001922620131977304,-12.0,3.024364352759073,12.0,-0.0006224987571085694,-0.0003022441732627273,-0.0003022441713400894,-0.0006042960806669811,0.001528978341631404,0.0003022441732627096
3,0.0020491000000000276,-6.066913895469317,0.001921917740410617,-12.0,3.036339843564452,12.0,-0.000620112727878569,-0.0003034417925824224,-0.0003034417906604864,-0.0006066913895469317,0.00153018499981733,0.0003034417925824042
3,0.0020493000000000277,-6.090857402895383,0.001921212609968137,-12.0,3.04831053957477,12.0,-0.0006177249904083526,-0.0003046389326964988,-0.0003046389307752676,-0.0006090857402895384,0.001531388512511556,0.0003046389326964801
3,0.002049500000000028,-6.114791290625264,0.001920504912665155,-12.0,3.060276421886678,12.0,-0.0006153355568105645,-0.0003058355916974205,-0.0003058355897768965,-0.0006114791290625264,0.001532588886087094,0.0003058355916974013
3,0.002049700000000028,-6.138715521347588,0.001919794488430604,-12.0,3.072237471604384,12.0,-0.0006129444200786982,-0.0003070317677116149,-0.0003070317657918009,-0.0006138715521347588,0.001533786107933532,0.0003070317677115953
3,0.002049900000000028,-6.162630056768791,0.001919081509707432,-12.0,3.084193669839772,12.0,-0.0006105515923928717,-0.0003082274588330265,-0.0003082274569139249,-0.0006162630056768791,0.001534980184495272,0.0003082274588330065
3,0.002050100000000028,-6.186534859608235,0.001918365816398815,-12.0,3.096144997712374,12.0,-0.0006081570666596203,-0.000309422663189618,-0.0003094226612712317,-0.0006186534859608236,0.001536171103079353,0.0003094226631895975
3,0.0020503000000000283,-6.210429891601831,0.001917647581358484,-12.0,3.108091436349429,12.0,-0.0006057608551261195,-0.0003106173788768281,-0.0003106173769591595,-0.0006210429891601832,0.001537358870202288,0.0003106173788768071
3,0.0020505000000000284,-6.234315115499782,0.001916926644459416,-12.0,3.120032966885847,12.0,-0.0006033629506119464,-0.0003118116040241602,-0.0003118116021072121,-0.0006234315115499782,0.001538543473088627,0.0003118116040241388
3,0.0020507000000000285,-6.258190493067591,0.001916203178994547,-12.0,3.131969570464319,12.0,-0.0006009633654311397,-0.0003130053367285545,-0.0003130053348123293,-0.0006258190493067591,0.001539724918326213,0.0003130053367285325
3,0.0020509000000000287,-6.282055987086719,0.001915477024839074,-12.0,3.143901228235388,12.0,-0.0005985620923162627,-0.0003141985751210774,-0.0003141985732055779,-0.0006282055987086719,0.001540903193056942,0.0003141985751210549
3,0.0020511000000000288,-6.30591155935246,0.001914748355681617,-12.0,3.155827921357235,12.0,-0.0005961591436480784,-0.0003153913173001785,-0.0003153913153854071,-0.0006305911559352461,0.001542078303940264,0.0003153913173001554
3,0.002051300000000029,-6.329757172677502,0.001914017011421354,-12.0,3.167749630996053,12.0,-0.0005937545120715537,-0.0003165835613984868,-0.0003165835594844462,-0.0006329757172677502,0.001543250238034921,0.0003165835613984631
3,0.002051500000000029,-6.353592788887374,0.001913283166221635,-12.0,3.179666338325851,12.0,-0.0005913482100343426,-0.0003177753055159872,-0.0003177753036026798,-0.0006353592788887375,0.001544419002071584,0.0003177753055159629
3,0.002051700000000029,-6.377418370826225,0.001912546659904812,-12.0,3.191578024528436,12.0,-0.0005889402300936486,-0.0003189665477868779,-0.0003189665458743065,-0.0006377418370826226,0.001545584583026449,0.0003189665477868532
3,0.0020519000000000292,-6.401233880349712,0.001911807667178689,-12.0,3.2034846707937,12.0,-0.0005865305847636004,-0.0003201572863126776,-0.0003201572844008445,-0.0006401233880349712,0.001546746987701131,0.0003201572863126521
3,0.0020521000000000293,-6.425039280333969,0.001911066027839858,-12.0,3.215386258319404,12.0,-0.0005841192665134443,-0.0003213475192291825,-0.0003213475173180905,-0.000642503928033397,0.001547906202988392,0.0003213475192291565
3,0.0020523000000000294,-6.448834532665022,0.001910321917069524,-12.0,3.227282768311335,12.0,-0.0005817062879238943,-0.0003225372446394532,-0.0003225372427291046,-0.0006448834532665022,0.001549062235761123,0.0003225372446394265
3,0.0020525000000000296,-6.472619600250952,0.001909575174678935,-12.0,3.239174181983245,12.0,-0.0005792916413758509,-0.000323726460680884,-0.0003237264587712816,-0.0006472619600250952,0.001550215072828598,0.0003237264606808566
3,0.0020527000000000297,-6.49639444500838,0.001908825976356887,-12.0,3.251060480556986,12.0,-0.0005768753395163362,-0.000324915165458091,-0.0003249151635492369,-0.000649639444500838,0.001551364721134596,0.0003249151654580629
3,0.00205290000000003,-6.520159029877692,0.001908074161932838,-12.0,3.262941645262487,12.0,-0.0005744573746378212,-0.0003261033571100842,-0.0003261033552019813,-0.0006520159029877692,0.001552511167404791,0.0003261033571100555
3,0.00205310000000003,-6.543913316806284,0.001907319907596072,-12.0,3.274817657337734,12.0,-0.0005720377594535253,-0.0003272910337430434,-0.000327291031835694,-0.0006543913316806284,0.00155365441865396,0.0003272910337430138
3,0.00205330000000003,-6.567657268766919,0.001906563053206245,-12.0,3.2866884980289,12.0,-0.0005696164861671293,-0.0003284781934975996,-0.0003284781915910062,-0.0006567657268766919,0.001554794461523623,0.0003284781934975694
3,0.00205350000000003,-6.59139084773805,0.001905803775506865,-12.0,3.298554148590322,12.0,-0.0005671935675579942,-0.0003296648344815126,-0.0003296648325756779,-0.000659139084773805,0.001555931303099112,0.0003296648344814816
3,0.0020537000000000302,-6.615114016725077,0.001905041914352701,-12.0,3.310414590284487,12.0,-0.0005647689957406776,-0.0003308509548370451,-0.0003308509529319716,-0.0006615114016725078,0.00155706492993829,0.0003308509548370134
3,0.0020539000000000304,-6.638826737737525,0.001904277647065022,-12.0,3.322269804382137,12.0,-0.0005623427835605432,-0.0003320365526735397,-0.0003320365507692295,-0.0006638826737737526,0.001558195349196989,0.0003320365526735072
3,0.0020541000000000305,-6.66252897381381,0.001903510813550557,-12.0,3.334119772162338,12.0,-0.0005599149230428035,-0.0003332216261349121,-0.000333221624231368,-0.000666252897381381,0.001559322547348529,0.0003332216261348788
3,0.0020543000000000306,-6.686220686994755,0.001902741591664814,-12.0,3.345964474912291,12.0,-0.0005574854270986862,-0.0003344061733320968,-0.000334406171429321,-0.0006686220686994755,0.001560446531619353,0.0003344061733320627
3,0.0020545000000000307,-6.709901840351687,0.001901969821378025,-12.0,3.357803893927609,12.0,-0.0005550542876637254,-0.0003355901924106581,-0.0003355901905086533,-0.0006709901840351687,0.001561567288398125,0.0003355901924106231
3,0.002054700000000031,-6.733572395957084,0.001901195681178525,-12.0,3.369638010512267,12.0,-0.0005526215177148741,-0.0003367736814831448,-0.0003367736795819132,-0.0006733572395957084,0.001562684824982064,0.0003367736814831088
3,0.002054900000000031,-6.75723231691565,0.001900419011043653,-12.0,3.38146680597858,12.0,-0.0005501871090977939,-0.0003379566386967905,-0.0003379566367963347,-0.0006757232316915651,0.001563799127674736,0.0003379566386967537
3,0.002055100000000031,-6.780881565331389,0.001899639990091462,-12.0,3.393290261647231,12.0,-0.0005477510748549963,-0.0003391390621657517,-0.0003391390602660741,-0.0006780881565331389,0.00156491020384314,0.000339139062165714
3,0.002055300000000031,-6.804520104342473,0.001898858458378339,-12.0,3.405108358847388,12.0,-0.0005453134067419929,-0.0003403209500389397,-0.0003403209481400426,-0.0006804520104342473,0.001566018039706241,0.000340320950038901
3,0.0020555000000000313,-6.828147896084856,0.001898074595669375,-12.0,3.416921078916678,12.0,-0.0005428741178666319,-0.0003415023004321406,-0.0003415022985340263,-0.0006828147896084856,0.001567122642701702,0.0003415023004321009
3,0.0020557000000000314,-6.851764903730366,0.001897288242069362,-12.0,3.42872840320117,12.0,-0.0005404331998940803,-0.0003426831114959507,-0.0003426831095986218,-0.0006851764903730367,0.001568223998962281,0.00034268311149591
3,0.0020559000000000315,-6.875371089446902,0.001896499578039279,-12.0,3.440530313055505,12.0,-0.0005379906659974398,-0.0003438633813477884,-0.000343863379451247,-0.0006875371089446902,0.001569322115995919,0.0003438633813477466
3,0.0020561000000000316,-6.898966416440275,0.001895708443766964,-12.0,3.452326789842872,12.0,-0.000535546507750978,-0.0003450431081399533,-0.0003450431062442021,-0.0006898966416440275,0.001570416979849942,0.0003450431081399105
3,0.0020563000000000317,-6.922550846910513,0.001894915020389298,-12.0,3.464117814934991,12.0,-0.000533100738393022,-0.0003462222899915042,-0.0003462222880965451,-0.0006922550846910513,0.001571508598102067,0.0003462222899914602
3,0.002056500000000032,-6.946124344097457,0.001894119148214024,-12.0,3.475903369712241,12.0,-0.0005306533494068844,-0.0003474009250564477,-0.0003474009231622836,-0.0006946124344097457,0.001572596956713856,0.0003474009250564027
3,0.002056700000000032,-6.969686870233497,0.001893321009097892,-12.0,3.487683435563605,12.0,-0.0005282043540957015,-0.000348579011455497,-0.0003485790095621297,-0.0006969686870233497,0.001573682063332804,0.0003485790114554507
3,0.002056900000000032,-6.993238388592827,0.001892520443466772,-12.0,3.499457993886818,12.0,-0.0005257537438514703,-0.0003497565473443827,-0.0003497565454518147,-0.0006993238388592828,0.001574763903834209,0.0003497565473443352
3,0.002057100000000032,-7.016778861440257,0.001891717633904832,-12.0,3.511227026088162,12.0,-0.0005233015320422196,-0.0003509335308454746,-0.0003509335289537081,-0.0007016778861440257,0.001575842485935397,0.0003509335308454258
3,0.0020573000000000323,-7.040308252084308,0.001890912420978719,-12.0,3.522990513582746,12.0,-0.0005208477099682973,-0.0003521099601162267,-0.0003521099582252643,-0.0007040308252084308,0.001576917795425237,0.0003521099601161767
3,0.0020575000000000324,-7.06382652282258,0.001890104988095498,-12.0,3.534748437794483,12.0,-0.0005183922910624028,-0.0003532858332806901,-0.0003532858313905337,-0.000706382652282258,0.001577989840090499,0.0003532858332806388
3,0.0020577000000000325,-7.087333636998221,0.001889295175896422,-12.0,3.546500780155907,12.0,-0.0005159352665328187,-0.0003544611484980537,-0.0003544611466087059,-0.0007087333636998221,0.001579058605633288,0.0003544611484980011
3,0.0020579000000000326,-7.110829556941445,0.001888483168651867,-12.0,3.558247522108531,12.0,-0.0005134766498768595,-0.000355635903894042,-0.0003556359020055048,-0.0007110829556941445,0.00158012409990993,0.000355635903893988
3,0.0020581000000000327,-7.134314246030428,0.001887668807174503,-12.0,3.569988645102663,12.0,-0.0005110164322105204,-0.0003568100976296044,-0.0003568100957418802,-0.0007134314246030428,0.001581186308535543,0.0003568100976295489
3,0.002058300000000033,-7.157787666628151,0.001886852276523854,-12.0,3.581724130597384,12.0,-0.0005085546270954533,-0.0003579837278321431,-0.0003579837259452338,-0.0007157787666628151,0.00158224523943562,0.000357983727832086
3,0.002058500000000033,-7.181249782147703,0.001886033417760391,-12.0,3.593453960060828,12.0,-0.0005060912255550887,-0.0003591567926643652,-0.0003591567907782732,-0.0007181249782147704,0.001583300878137961,0.0003591567926643067
3,0.002058700000000033,-7.204700554985299,0.001885212416810944,-12.0,3.605178114969991,12.0,-0.0005036262412152215,-0.000360329290255378,-0.0003603292883701055,-0.00072047005549853,0.001584353232637281,0.000360329290255318
3,0.002058900000000033,-7.228139948589091,0.001884389114908736,-12.0,3.6168965768108,12.0,-0.0005011596650063843,-0.0003615012187696507,-0.0003615012168852,-0.0007228139948589092,0.001585402288374005,0.0003615012187695892
3,0.0020591000000000333,-7.251567925388353,0.001883563698938939,-12.0,3.628609327078221,12.0,-0.0004986915106184597,-0.0003626725763379916,-0.0003626725744543646,-0.0007251567925388354,0.001586448053411793,0.0003626725763379283
3,0.0020593000000000334,-7.274984448866659,0.001882736010355934,-12.0,3.640316347276223,12.0,-0.0004962217688886383,-0.0003638433611266517,-0.0003638433592438508,-0.000727498444886666,0.001587490513102696,0.0003638433611265867
3,0.0020595000000000335,-7.298389481486557,0.001881906236999686,-12.0,3.65201761891784,12.0,-0.000493750453570807,-0.0003650135712681509,-0.0003650135693861779,-0.0007298389481486557,0.001588529675579542,0.000365013571268084
3,0.0020597000000000336,-7.321782986767063,0.001881074220572376,-12.0,3.663713123525132,12.0,-0.0004912775554084814,-0.0003661832049305245,-0.0003661832030493818,-0.0007321782986767063,0.001589565526106396,0.000366183204930456
3,0.0020599000000000338,-7.345164927204052,0.001880240149926937,-12.0,3.675402842629318,12.0,-0.0004888030882192751,-0.0003673522602480097,-0.000367352258367699,-0.0007345164927204052,0.001590598072884586,0.0003673522602479392
3,0.002060100000000034,-7.368535266352247,0.001879403867061313,-12.0,3.687086757770754,12.0,-0.0004863270426528066,-0.0003685207353904416,-0.0003685207335109654,-0.0007368535266352247,0.001591627301089638,0.0003685207353903693
3,0.002060300000000034,-7.391893966740975,0.001878565561843626,-12.0,3.698764850498908,12.0,-0.0004838494325902221,-0.0003696886284937809,-0.000369688626615141,-0.0007391893966740976,0.001592653218991547,0.0003696886284937065
3,0.002060500000000034,-7.415240991960643,0.001877725076604886,-12.0,3.71043710237248,12.0,-0.0004813702485869376,-0.0003708559377296638,-0.0003708559358518624,-0.0007415240991960644,0.001593675811676742,0.0003708559377295875
3,0.002060700000000034,-7.438576304574279,0.001876882602325658,-12.0,3.722103494959454,12.0,-0.0004788895045873265,-0.0003720226612357914,-0.0003720226593588302,-0.0007438576304574279,0.001594695087484166,0.0003720226612357129
3,0.0020609000000000343,-7.461899868208176,0.001876037981637158,-12.0,3.733764009836924,12.0,-0.0004764071910522694,-0.0003731887971856094,-0.0003731887953094907,-0.0007461899868208176,0.001595711031410652,0.0003731887971855287
3,0.0020611000000000344,-7.485211645458826,0.001875191406688792,-12.0,3.74541862859136,12.0,-0.0004739233219895056,-0.0003743543437185502,-0.0003743543418432757,-0.0007485211645458826,0.001596723651863419,0.0003743543437184672
3,0.0020613000000000345,-7.508511599988712,0.001874342720519451,-12.0,3.757067332818563,12.0,-0.0004714378877646586,-0.0003755192990098896,-0.0003755192971354616,-0.0007508511599988713,0.001597732933749929,0.0003755192990098043
3,0.0020615000000000347,-7.531799694428122,0.00187349211643717,-12.0,3.768710104123637,12.0,-0.0004689509024486671,-0.0003766836612008078,-0.000376683659327228,-0.0007531799694428122,0.001598738885545514,0.00037668366120072
3,0.0020617000000000348,-7.555075892475543,0.00187263943790672,-12.0,3.780346924121025,12.0,-0.000466462356311842,-0.000377847428468402,-0.0003778474265956725,-0.0007555075892475543,0.001599741492067652,0.0003778474284683119
3,0.002061900000000035,-7.578340156795022,0.001871784879504013,-12.0,3.791977774434616,12.0,-0.0004639722634879606,-0.000379010598955604,-0.0003790105970837263,-0.0007578340156795023,0.001600740761859898,0.0003790105989555112
3,0.002062100000000035,-7.601592451121407,0.001870928285161,-12.0,3.803602636697727,12.0,-0.0004614806141515493,-0.000380173170841352,-0.0003801731689703284,-0.0007601592451121407,0.001601736679649135,0.0003801731708412566
3,0.002062300000000035,-7.624832738152534,0.001870069850742784,-12.0,3.81522149255308,12.0,-0.0004589874224992518,-0.0003813351422703318,-0.0003813351404001638,-0.0007624832738152535,0.001602729254046753,0.0003813351422702337
3,0.0020625000000000352,-7.648060981659545,0.001869209420709783,-12.0,3.826834323652932,12.0,-0.0004564926786093937,-0.0003824965114233231,-0.0003824965095540128,-0.0007648060981659546,0.001603718469689597,0.0003824965114232223
3,0.0020627000000000353,-7.671277144374228,0.001868347192312658,-12.0,3.838441111659055,12.0,-0.0004539963967410965,-0.0003836572764467782,-0.000383657274578327,-0.0007671277144374229,0.001604704335256446,0.0003836572764466742
3,0.0020629000000000355,-7.694481190104137,0.001867483010542514,-12.0,3.850041838242713,12.0,-0.0004514985668764016,-0.0003848174355233239,-0.000384817433655734,-0.0007694481190104138,0.001605686835292663,0.000384817435523217
3,0.0020631000000000356,-7.71767308161489,0.001866617074117283,-12.0,3.861636485084791,12.0,-0.0004489992033366585,-0.0003859769868011773,-0.0003859769849344504,-0.000771767308161489,0.001606665978545085,0.0003859769868010674
3,0.0020633000000000357,-7.740852782750627,0.001865749228646241,-12.0,3.873225033875776,12.0,-0.0004464982960070696,-0.0003871359284648261,-0.0003871359265989637,-0.0007740852782750628,0.001607641749467537,0.000387135928464713
3,0.002063500000000036,-7.76402025631084,0.00186487967434612,-12.0,3.884807466315736,12.0,-0.0004439958592712401,-0.0003882942586642555,-0.0003882942567992593,-0.0007764020256310841,0.0016086141568743,0.000388294258664139
3,0.002063700000000036,-7.787175466176183,0.001864008257512761,-12.0,3.896383764114443,12.0,-0.0004414918829170333,-0.0003894519755858131,-0.0003894519737216848,-0.0007787175466176184,0.00160958318512755,0.0003894519755856931
3,0.002063900000000036,-7.810318375180074,0.001863135179959841,-12.0,3.907953908991329,12.0,-0.000438986381390144,-0.0003906090773812605,-0.0003906090755180017,-0.0007810318375180075,0.001610548843108295,0.000390609077381137
3,0.002064100000000036,-7.833448947239852,0.001862260288728379,-12.0,3.919517882675621,12.0,-0.0004364793443806803,-0.0003917655622388162,-0.000391765560376429,-0.0007833448947239852,0.001611511115087061,0.0003917655622386892
3,0.0020643000000000362,-7.856567145222724,0.001861383787284066,-12.0,3.931075666906126,12.0,-0.0004339707863963149,-0.0003929214283120152,-0.0003929214264505004,-0.0007856567145222724,0.001612470010011746,0.0003929214283118842
3,0.0020645000000000364,-7.879672933082579,0.00186050552349748,-12.0,3.942627243431592,12.0,-0.0004314606970290402,-0.0003940766737909441,-0.0003940766719303039,-0.000787967293308258,0.001613425512060285,0.0003940766737908094
3,0.0020647000000000365,-7.90276627372064,0.001859625702628431,-12.0,3.954172594010519,12.0,-0.0004289490908482019,-0.000395231296830928,-0.0003952312949711634,-0.000790276627372064,0.001614377630247299,0.0003952312968307891
3,0.0020649000000000366,-7.925847131127315,0.001858744173361071,-12.0,3.965711700411141,12.0,-0.0004264359573473431,-0.000396385295623921,-0.0003963852937650338,-0.0007925847131127316,0.001615326348657631,0.000396385295623778
3,0.0020651000000000367,-7.94891546823749,0.001857861142894546,-12.0,3.977244544411699,12.0,-0.0004239213111571771,-0.0003975386683270278,-0.0003975386664690192,-0.0007948915468237491,0.001616271676373238,0.0003975386683268805
3,0.002065300000000037,-7.971971249078417,0.001856976460856252,-12.0,3.988771107800258,12.0,-0.0004214051416724651,-0.0003986914131340919,-0.0003986914112769637,-0.0007971971249078418,0.001617213597385203,0.0003986914131339402
3,0.002065500000000037,-7.995014436618556,0.00185609033639178,-12.0,4.000291372374769,12.0,-0.0004188874635853712,-0.0003998435282039943,-0.0003998435263477474,-0.0007995014436618556,0.001618152120841487,0.0003998435282038378
3,0.002065700000000037,-8.018044994921667,0.001855202620212548,-12.0,4.011805319943178,12.0,-0.0004163682661911805,-0.0004009950117324579,-0.000400995009877094,-0.0008018044994921667,0.001619087230640082,0.0004009950117322966
3,0.002065900000000037,-8.041062886989879,0.00185431352355403,-12.0,4.023312932323406,12.0,-0.0004138475642431194,-0.0004021458618801518,-0.0004021458600256716,-0.000804106288698988,0.001620018935995171,0.0004021458618799852
3,0.0020661000000000373,-8.064068076923462,0.001853422898246748,-12.0,4.03481419134333,12.0,-0.0004113253469369416,-0.0004032960768446799,-0.0004032960749910855,-0.0008064068076923462,0.001620947220709934,0.0004032960768445083
3,0.0020663000000000374,-8.087060527757908,0.001852530957763499,-12.0,4.046309078840908,12.0,-0.0004088016290867136,-0.0004044456547884915,-0.0004044456529357836,-0.0008087060527757909,0.00162187209406528,0.0004044456547883145
3,0.0020665000000000375,-8.110040203629984,0.001851637555185359,-12.0,4.057797576664145,12.0,-0.0004062763997880192,-0.0004055945939110784,-0.0004055945920592585,-0.0008110040203629984,0.001622793539769574,0.0004055945939108959
3,0.0020667000000000376,-8.133007067608455,0.00185074290632814,-12.0,4.069279666671148,12.0,-0.0004037496739157653,-0.0004067428923766704,-0.0004067428905257392,-0.0008133007067608456,0.001623711567169228,0.0004067428923764821
3,0.0020669000000000377,-8.155961083866373,0.0018498468656305,-12.0,4.080755330730101,12.0,-0.0004012214404649772,-0.0004078905483866414,-0.0004078905465366002,-0.0008155961083866374,0.001624626159878129,0.0004078905483864471
3,0.002067100000000038,-8.178902215505513,0.001848949651406251,-12.0,4.092224550719362,12.0,-0.0003986917143710411,-0.0004090375601069961,-0.000409037558257846,-0.0008178902215505513,0.001625537327307858,0.0004090375601067956
3,0.002067300000000038,-8.201830426735228,0.001848051119604843,-12.0,4.103687308527532,12.0,-0.0003961604845280076,-0.0004101839257409997,-0.0004101839238927417,-0.0008201830426735229,0.001626445052977044,0.0004101839257407928
3,0.002067500000000038,-8.224745680690077,0.001847151491145116,-12.0,4.115143586053271,12.0,-0.0003936277659317006,-0.0004113296434564262,-0.0004113296416090611,-0.0008224745680690078,0.001627349346362661,0.0004113296434562125
3,0.002067700000000038,-8.24764794161526,0.00184625062362187,-12.0,4.12659336520557,12.0,-0.0003910935473746963,-0.0004124747114584153,-0.0004124747096119441,-0.000824764794161526,0.001628250190887304,0.0004124747114581948
3,0.0020679000000000383,-8.270537172678054,0.001845348740809438,-12.0,4.138036627903728,12.0,-0.0003885578439129095,-0.0004136191279165197,-0.0004136191260709432,-0.0008270537172678055,0.001629147596093228,0.0004136191279162919
3,0.0020681000000000384,-8.293413338159409,0.001844445702008812,-12.0,4.149473356077175,12.0,-0.0003860206442372338,-0.0004147628910377518,-0.0004147628891930709,-0.000829341333815941,0.001630041545306549,0.0004147628910375167
3,0.0020683000000000385,-8.316276401258678,0.001843541734043885,-12.0,4.160903531665821,12.0,-0.00038348196346355,-0.000415905998993421,-0.0004159059971496361,-0.0008316276401258678,0.001630932048134137,0.0004159059989931777
3,0.0020685000000000386,-8.33912632629249,0.001842636698153655,-12.0,4.172327136619843,12.0,-0.0003809417901803336,-0.0004170484499924199,-0.0004170484481495322,-0.000833912632629249,0.001631819087805852,0.0004170484499921689
3,0.0020687000000000387,-8.361963076492025,0.001841730824335031,-12.0,4.183744152899823,12.0,-0.0003784001395633341,-0.0004181902422078085,-0.000418190240365818,-0.0008361963076492025,0.001632702673993069,0.0004181902422075489
3,0.002068900000000039,-8.384786616209034,0.001840823975965744,-12.0,4.195154562476706,12.0,-0.0003758570000983036,-0.0004193313738503421,-0.00041933137200925,-0.0008384786616209035,0.001633582789828503,0.0004193313738500739
3,0.002069100000000039,-8.407596908706122,0.001839916386456419,-12.0,4.20655834733191,12.0,-0.0003733123870205968,-0.0004204718430948227,-0.000420471841254629,-0.0008407596908706122,0.001634459445047587,0.0004204718430945454
3,0.002069300000000039,-8.430393918369939,0.001839007921514035,-12.0,4.21795548945732,12.0,-0.0003707662887128399,-0.0004216116481538673,-0.0004216116463145727,-0.0008430393918369939,0.001635332622685115,0.0004216116481535807
3,0.002069500000000039,-8.453177608494016,0.001838098818176537,-12.0,4.229345970855261,12.0,-0.0003682187204696596,-0.0004227507872040051,-0.0004227507853656096,-0.0008453177608494017,0.00163620233254147,0.0004227507872037084
3,0.0020697000000000393,-8.475947943499358,0.001837188944703083,-12.0,4.240729773538623,12.0,-0.0003656696705701956,-0.0004238892584596987,-0.0004238892566222031,-0.0008475947943499359,0.001637068557552079,0.000423889258459392
3,0.0020699000000000394,-8.498704886709964,0.001836278542051595,-12.0,4.252106879530845,12.0,-0.0003631191543683326,-0.0004250270600991968,-0.0004250270582626009,-0.0008498704886709964,0.001637931307582163,0.0004250270600988793
3,0.0020701000000000395,-8.521448402580736,0.001835367481231476,-12.0,4.263477270865891,12.0,-0.000360567160039113,-0.0004261641903387943,-0.0004261641885030984,-0.0008521448402580736,0.001638790565468118,0.0004261641903384659
3,0.0020703000000000396,-8.544178454465406,0.001834456007408836,-12.0,4.274840929588376,12.0,-0.0003580137029954161,-0.0004273006473584368,-0.0004273006455236408,-0.0008544178454465407,0.001639646341138556,0.0004273006473580967
3,0.0020705000000000398,-8.566895006852302,0.001833543994639086,-12.0,4.28619783775355,12.0,-0.0003554587713078816,-0.000428436429376243,-0.0004284364275423471,-0.0008566895006852303,0.001640498617331176,0.0004284364293758911
3,0.00207070000000004,-8.589598023124207,0.001832631692566977,-12.0,4.297547977427271,12.0,-0.0003529023804482168,-0.0004295715345738349,-0.0004295715327408387,-0.0008589598023124208,0.001641347404037097,0.0004295715345734705
3,0.00207090000000004,-8.612287467802089,0.001831718978591468,-12.0,4.30889133068612,12.0,-0.0003503445183822007,-0.0004307059611711303,-0.000430705959339034,-0.000861228746780209,0.001642192683894539,0.0004307059611707529
3,0.00207110000000004,-8.634963304297106,0.001830806107209426,-12.0,4.320227879617427,12.0,-0.0003477852006401883,-0.000431839707351413,-0.0004318397055202158,-0.0008634963304297106,0.001643034466958349,0.0004318397073510218
3,0.00207130000000004,-8.65762549716227,0.00182989295945557,-12.0,4.331557606319247,12.0,-0.0003452244150825567,-0.0004329727713363844,-0.0004329727695060862,-0.000865762549716227,0.001643872735765717,0.0004329727713359792
3,0.0020715000000000403,-8.680274009835992,0.001828979795016394,-12.0,4.342880492900318,12.0,-0.0003426621772982114,-0.0004341051513109503,-0.0004341051494815505,-0.0008680274009835992,0.001644707500434661,0.0004341051513105302
3,0.0020717000000000404,-8.702908806902386,0.001828066498974046,-12.0,4.354196521480318,12.0,-0.0003400984750417529,-0.0004352368454985698,-0.000435236843670068,-0.0008702908806902386,0.001645538743401453,0.0004352368454981345
3,0.0020719000000000405,-8.725529851826433,0.001827153336630083,-12.0,4.365505674189697,12.0,-0.0003375333239604983,-0.0004363678520857583,-0.0004363678502581532,-0.0008725529851826433,0.001646366474846173,0.0004363678520853067
3,0.0020721000000000407,-8.748137109222354,0.001826240197428941,-12.0,4.376807933169722,12.0,-0.0003349667117027721,-0.0004374981692976976,-0.0004374981674709891,-0.0008748137109222354,0.00164719067710406,0.0004374981692972293
3,0.0020723000000000408,-8.770730542580322,0.001825327352778849,-12.0,4.388103280572603,12.0,-0.0003323986539740809,-0.0004386277953224685,-0.000438627793496655,-0.0008770730542580322,0.0016480113604177,0.0004386277953219825
3,0.002072500000000041,-8.793310116543761,0.001824414696955934,-12.0,4.399391698561461,12.0,-0.0003298291383162372,-0.0004397567283869545,-0.0004397567265620358,-0.0008793310116543762,0.001648828507019751,0.0004397567283864505
3,0.002072700000000041,-8.815875794626807,0.001823502507920072,-12.0,4.410673169310309,12.0,-0.0003272581804927011,-0.0004408849666807623,-0.0004408849648567363,-0.0008815875794626807,0.001649642127215079,0.000440884966680239
3,0.002072900000000041,-8.838427541500696,0.001822590685284453,-12.0,4.421947675004182,12.0,-0.0003246857679383292,-0.0004420125084324331,-0.000442012506609299,-0.0008838427541500697,0.001650452203133868,0.0004420125084318897
3,0.0020731000000000412,-8.860965320702217,0.001821679514127705,-12.0,4.433215197839096,12.0,-0.0003221119164744241,-0.0004431393518330613,-0.0004431393500108173,-0.0008860965320702217,0.001651258745142381,0.0004431393518324969
3,0.0020733000000000413,-8.8834890969291,0.001820768899915226,-12.0,4.444475720022111,12.0,-0.0003195366134284422,-0.0004442654951128057,-0.0004442654932914508,-0.00088834890969291,0.001652061735267996,0.0004442654951122196
3,0.0020735000000000415,-8.90599883373905,0.001819859135450574,-12.0,4.455729223771293,12.0,-0.0003169598746795843,-0.0004453909364641936,-0.000445390934643725,-0.000890599883373905,0.001652861183937704,0.0004453909364635843
3,0.0020737000000000416,-8.928494495854652,0.001818950132665087,-12.0,4.466975691315825,12.0,-0.0003143816874474764,-0.0004465156741189491,-0.0004465156722993658,-0.0008928494495854652,0.001653657073075077,0.000446515674118316
3,0.0020739000000000417,-8.950976046852896,0.001818042192793801,-12.0,4.478215104896061,12.0,-0.0003118020676689814,-0.0004476397062709853,-0.0004476397044522845,-0.0008950976046852896,0.001654449413168724,0.0004476397062703267
3,0.002074100000000042,-8.973443451479463,0.001817135234848166,-12.0,4.489447446763355,12.0,-0.0003092210024556313,-0.0004487630311535353,-0.0004487630293357156,-0.0008973443451479464,0.001655238186037633,0.0004487630311528507
3,0.002074300000000042,-8.99589667332832,0.001816229569244321,-12.0,4.500672699180321,12.0,-0.0003066385078018125,-0.0004498856469618203,-0.0004498856451448782,-0.000899589667332832,0.001656023402231033,0.0004498856469611078
3,0.002074500000000042,-9.018335677166398,0.001815325122911382,-12.0,4.511890844420818,12.0,-0.0003040545707105741,-0.0004510075519305318,-0.0004510075501144656,-0.0009018335677166399,0.001656805043462883,0.0004510075519297907
3,0.002074700000000042,-9.040760426602501,0.001814422216195766,-12.0,4.523101864769767,12.0,-0.0003014692072340619,-0.000452128744256129,-0.0004521287424409349,-0.0009040760426602502,0.001657583120342254,0.0004521287442553571
3,0.0020749000000000422,-9.063170886422217,0.001813520784788469,-12.0,4.534305742523499,12.0,-0.0002988824042663568,-0.0004532492221746745,-0.0004532492203603503,-0.0009063170886422217,0.001658357614478079,0.0004532492221738711
3,0.0020751000000000424,-9.085567020246785,0.001812621159984484,-12.0,4.545502459989581,12.0,-0.0002962941779171141,-0.0004543689838837968,-0.0004543689820703385,-0.0009085567020246785,0.0016591285365396,0.0004543689838829597
3,0.0020753000000000425,-9.107948792877883,0.001811723287074241,-12.0,4.556691999486786,12.0,-0.0002937045149714879,-0.0004554880276208433,-0.0004554880258082479,-0.0009107948792877883,0.001659895868028838,0.0004554880276199711
3,0.0020755000000000426,-9.130316167945985,0.001810827509399537,-12.0,4.567874343345367,12.0,-0.0002911134315964625,-0.0004566063515845062,-0.0004566063497727692,-0.0009130316167945985,0.001660659619674876,0.0004566063515835968
3,0.0020757000000000427,-9.152669110266196,0.001809933782950246,-12.0,4.579049473906862,12.0,-0.0002885209144679879,-0.000457723954013339,-0.0004577239522024573,-0.0009152669110266196,0.00166141977287293,0.0004577239540123912
3,0.002075900000000043,-9.175007583474972,0.001809042464212762,-12.0,4.590217373524229,12.0,-0.0002859269798107245,-0.0004588408331069906,-0.0004588408312969593,-0.0009175007583474972,0.001662176338410815,0.0004588408331060016
3,0.002076100000000043,-9.19733155239723,0.001808153521100309,-12.0,4.601378024561801,12.0,-0.0002833316141909042,-0.0004599569871051017,-0.0004599569852959166,-0.000919733155239723,0.001662929297576832,0.0004599569871040701
3,0.002076300000000043,-9.219640980671713,0.001807267324580142,-12.0,4.6125314093954,12.0,-0.0002807348338910443,-0.0004610724142081592,-0.0004610724123998146,-0.0009219640980671713,0.001663678661217083,0.000461072414207082
3,0.002076500000000043,-9.241935833129467,0.001806383855835758,-12.0,4.623677510412326,12.0,-0.0002781366253676032,-0.0004621871126567735,-0.0004621871108492652,-0.0009241935833129468,0.001664424410511511,0.000462187112655649
3,0.0020767000000000433,-9.264216073407246,0.001805503501782102,-12.0,4.634816310011331,12.0,-0.0002755370049608158,-0.0004633010806521298,-0.0004633010788454514,-0.0009264216073407247,0.001665166556365394,0.000463301080650955
3,0.0020769000000000434,-9.286481666337764,0.001804626258401942,-12.0,4.645947790602748,12.0,-0.0002729359590174785,-0.000464414316435662,-0.0004644143146298083,-0.0009286481666337765,0.001665905079849317,0.0004644143164344346
3,0.0020771000000000435,-9.308732575551065,0.001803752530271208,-12.0,4.657071934608465,12.0,-0.0002703335039359045,-0.0004655268182091029,-0.0004655268164040669,-0.0009308732575551066,0.001666639991926067,0.0004655268182078194
3,0.0020773000000000436,-9.330968765876582,0.001802882329860811,-12.0,4.668188724461906,12.0,-0.0002677296259530199,-0.0004666385842145465,-0.0004666385824103221,-0.0009330968765876583,0.001667371273557205,0.0004666385842132046
3,0.0020775000000000437,-9.353190200932008,0.001802016081320801,-12.0,4.679298142608146,12.0,-0.0002651243415255078,-0.0004677496126540872,-0.0004677496108506665,-0.0009353190200932009,0.001668098935762696,0.0004677496126526825
3,0.002077700000000044,-9.37539684553796,0.001801153815605971,-12.0,4.690400171503927,12.0,-0.0002625176367804793,-0.0004688599017703017,-0.0004688598999676783,-0.0009375396845537961,0.001668822959393634,0.0004688599017688321
3,0.002077900000000044,-9.397588663293629,0.001800295978581001,-12.0,4.701494793617646,12.0,-0.0002599095282333208,-0.000469969449765446,-0.0004699694479636105,-0.0009397588663293629,0.001669543355527381,0.0004699694497639066
3,0.002078100000000044,-9.41976561900408,0.001799442621890357,-12.0,4.712581991429302,12.0,-0.0002573000019015226,-0.0004710782548823534,-0.0004710782530812985,-0.000941976561900408,0.00167026010490412,0.0004710782548807412
3,0.002078300000000044,-9.441927676242752,0.001798594215626892,-12.0,4.723661747430759,12.0,-0.0002546890743597846,-0.0004721863153232036,-0.000472186313522919,-0.0009441927676242753,0.001670973218657279,0.0004721863153215132
3,0.0020785000000000443,-9.464074799792023,0.001797750834699574,-12.0,4.734734044125569,12.0,-0.0002520767315161432,-0.0004732936293308589,-0.0004732936275313361,-0.0009464074799792023,0.001671682677415798,0.000473293629329087
3,0.0020787000000000444,-9.48620695319131,0.001796912976166798,-12.0,4.745798864029035,12.0,-0.0002494629900051532,-0.0004744001951071461,-0.0004744001933083738,-0.000948620695319131,0.001672388492368726,0.0004744001951052868
3,0.0020789000000000445,-9.508324101191473,0.001796080741176542,-12.0,4.756856189668309,12.0,-0.0002468478356258824,-0.000475506010894664,-0.0004755060090966325,-0.0009508324101191474,0.001673090644032649,0.0004755060108927133
3,0.0020791000000000446,-9.53042620728866,0.001795254657003031,-12.0,4.767906003582381,12.0,-0.0002442312850734762,-0.0004766110748945871,-0.0004766110730972831,-0.000953042620728866,0.001673789143652349,0.0004766110748925378
3,0.0020793000000000447,-9.552513236192372,0.001794434854349269,-12.0,4.778948288322058,12.0,-0.0002416133240385476,-0.000477715385348923,-0.0004777153835523361,-0.0009552513236192373,0.001674483971631058,0.0004777153853467709
3,0.002079500000000045,-9.574585151344454,0.001793621894420561,-12.0,4.789983026450077,12.0,-0.0002389939692777621,-0.0004788189404578286,-0.0004788189386619438,-0.0009574585151344454,0.001675175139268625,0.0004788189404555657
3,0.002079700000000045,-9.59664191740172,0.001792815941385584,-12.0,4.801010200541099,12.0,-0.0002363732063741658,-0.0004799217384623506,-0.0004799217366671554,-0.0009596641917401721,0.001675862626854152,0.0004799217384599714
3,0.002079900000000045,-9.618683497739184,0.001792017594605344,-12.0,4.812029793181677,12.0,-0.0002337510521470132,-0.0004810237775612113,-0.0004810237757666895,-0.0009618683497739184,0.001676546445742111,0.0004810237775587071
3,0.002080100000000045,-9.6407098569476,0.001791227056211486,-12.0,4.823041786970387,12.0,-0.0002311274920726442,-0.0004821250559940533,-0.0004821250542001906,-0.0009640709856947601,0.001677226576106694,0.0004821250559914177
3,0.0020803000000000453,-9.662720958320632,0.001790444968671423,-12.0,4.834046164517773,12.0,-0.0002285025430344145,-0.0004832255719576872,-0.0004832255701644652,-0.0009662720958320632,0.001677903029356109,0.0004832255719549101
3,0.0020805000000000454,-9.684716766367679,0.001789671577283602,-12.0,4.845042908446481,12.0,-0.0002258761904032486,-0.0004843253236898461,-0.0004843253218972481,-0.0009684716766367679,0.001678575785549086,0.0004843253236869197
3,0.0020807000000000455,-9.70669724428407,0.001788907573309739,-12.0,4.856032001391076,12.0,-0.0002232484511281718,-0.0004854243093848635,-0.0004854243075928691,-0.0009706697244284071,0.001679244856147566,0.0004854243093817766
3,0.0020809000000000456,-9.728662356479683,0.001788153251279567,-12.0,4.867013425998294,12.0,-0.0002206193104762749,-0.0004865225272779582,-0.0004865225254865481,-0.0009728662356479683,0.00167991022109315,0.0004865225272747014
3,0.0020811000000000458,-9.75061206603196,0.001787409357970393,-12.0,4.877987164927029,12.0,-0.0002179887854642931,-0.0004876199755603456,-0.0004876199737694966,-0.0009750612066031961,0.001680571891900962,0.000487619975556906
3,0.002081300000000046,-9.772546337230335,0.001786676244150964,-12.0,4.888953200848157,12.0,-0.0002153568612574958,-0.0004887166524640341,-0.0004887166506737244,-0.0009772546337230336,0.001681229848395138,0.0004887166524604005
3,0.002081500000000046,-9.794465133010942,0.001785954719902172,-12.0,4.899911516444871,12.0,-0.0002127235549428813,-0.0004898125561763395,-0.0004898125543865423,-0.0009794465133010943,0.00168188410214265,0.0004898125561724969
3,0.002081700000000046,-9.816368417518266,0.00178524520061929,-12.0,4.910862094412512,12.0,-0.0002100888515862154,-0.0004909076849252537,-0.0004909076831359443,-0.0009816368417518266,0.001682534632850285,0.0004909076849211893
3,0.002081900000000046,-9.838256153519998,0.001784548568707134,-12.0,4.921804917458545,12.0,-0.000207452768347674,-0.0004920020368932875,-0.0004920020351044353,-0.0009838256153519998,0.001683181452135751,0.0004920020368889837
3,0.0020821000000000463,-9.86012830498625,0.001783865314027189,-12.0,4.932739968302819,12.0,-0.0002048152901965999,-0.0004930956103034379,-0.0004930956085150138,-0.000986012830498625,0.001683824539586598,0.0004930956102988792
3,0.0020823000000000464,-9.881984834484504,0.001783196402111109,-12.0,4.943667229677383,12.0,-0.000202176434369955,-0.0004941884033323614,-0.0004941884015443308,-0.0009881984834484504,0.001684463906871825,0.0004941884033275272
3,0.0020825000000000466,-9.903825705776061,0.001782542408773402,-12.0,4.954586684326615,12.0,-0.0001995361857443645,-0.0004952804141969122,-0.0004952804124092417,-0.0009903825705776062,0.001685099533459078,0.0004952804141917841
3,0.0020827000000000467,-9.925650881189943,0.001781904395437461,-12.0,4.965498315007173,12.0,-0.0001968945616379753,-0.0004963716410666194,-0.0004963716392792691,-0.0009925650881189945,0.001685731431066873,0.0004963716410611734
3,0.0020829000000000468,-9.947460324237676,0.001781283037634029,-12.0,4.976402104488119,12.0,-0.0001942515468392053,-0.0004974620821508344,-0.0004974620803637655,-0.0009947460324237676,0.001686359579042174,0.0004974620821450484
3,0.002083100000000047,-9.969253996964728,0.001780679507824345,-12.0,4.987298035550896,12.0,-0.0001916071587526255,-0.0004985517356104615,-0.0004985517338236276,-0.0009969253996964728,0.001686983989152679,0.0004985517356043072
3,0.002083300000000047,-9.991031862583831,0.001780094597634729,-12.0,4.998186090989313,12.0,-0.0001889613820840741,-0.0004996405996457171,-0.0004996405978590733,-0.0009991031862583832,0.001687604640624008,0.0004996405996391678
3,0.002083500000000047,-10.01279388280271,0.001779529608668451,-12.0,5.009066253609657,12.0,-0.0001863142343309782,-0.0005007286724070766,-0.0005007286706205693,-0.001001279388280272,0.001688221545271817,0.0005007286724000988
3,0.0020837000000000472,-10.03454002047661,0.001778985468347205,-12.0,5.019938506230682,12.0,-0.0001836657001235628,-0.0005018159520836722,-0.0005018159502972481,-0.001003454002047661,0.001688834682198381,0.0005018159520762336
3,0.0020839000000000473,-10.05627023691052,0.001778463629128257,-12.0,5.030802831683587,12.0,-0.0001810157970598344,-0.0005029024368133852,-0.0005029024350269822,-0.001005627023691052,0.001689444063267875,0.0005029024368054459
3,0.0020841000000000475,-10.07798449453108,0.001777965177953256,-12.0,5.041659212812121,12.0,-0.000178364509702808,-0.000503988124771896,-0.0005039881229854517,-0.001007798449453108,0.001690049667458449,0.0005039881247634167
3,0.0020843000000000476,-10.0996827541621,0.001777491744444859,-12.0,5.052507632472634,12.0,-0.0001757118557608739,-0.0005050730140818859,-0.0005050730122953272,-0.00100996827541621,0.001690651506680685,0.000505073014072819
3,0.0020845000000000477,-10.12136497771565,0.001777044603763933,-12.0,5.063348073533916,12.0,-0.0001730578197401619,-0.0005061571029027175,-0.0005061571011159705,-0.001012136497771564,0.001691249559788166,0.0005061571028930152
3,0.002084700000000048,-10.14303112543852,0.001776625594620995,-12.0,5.074180518877446,12.0,-0.0001704024194712842,-0.0005072403893386781,-0.0005072403875516568,-0.001014303112543852,0.001691843838736773,0.0005072403893282826
3,0.002084900000000048,-10.16468115862336,0.0017762362155338,-12.0,5.085004951397345,12.0,-0.0001677456394164334,-0.0005083228715293282,-0.000508322869741945,-0.001016468115862337,0.001692434322253855,0.0005083228715181812
3,0.002085100000000048,-10.18631503682333,0.001775878553270882,-12.0,5.095821354000356,12.0,-0.000165087497542904,-0.0005094045475566776,-0.0005094045457688301,-0.001018631503682333,0.001693021022340591,0.0005094045475447086
3,0.002085300000000048,-10.20793272058247,0.001775554372730692,-12.0,5.106629709605873,12.0,-0.000162427978285147,-0.000510485415536177,-0.00051048541374776,-0.001020793272058247,0.001693603917596875,0.0005104854155233143
3,0.0020855000000000483,-10.22953416861631,0.00177526605681777,-12.0,5.117430001146043,12.0,-0.0001597670997653053,-0.000511565473522765,-0.0005115654717336565,-0.001022953416861631,0.001694183020067408,0.0005115654735089226
3,0.0020857000000000484,-10.25111934056118,0.001775015689998938,-12.0,5.128222211565744,12.0,-0.0001571048464100305,-0.0005126447196024855,-0.0005126447178125589,-0.001025111934056118,0.001694758308223521,0.0005126447195875745
3,0.0020859000000000485,-10.27268819411663,0.001774806010798269,-12.0,5.139006323822574,12.0,-0.0001544412365189832,-0.0005137231517972631,-0.0005137231500063715,-0.001027268819411663,0.00169532979415199,0.0005137231517811776
3,0.0020861000000000486,-10.29424068781273,0.001774639489468655,-12.0,5.149782320886964,12.0,-0.0001517762545362455,-0.0005148007681571209,-0.0005148007663651101,-0.001029424068781273,0.001695897456194473,0.0005148007681397496
3,0.0020863000000000487,-10.31577677811045,0.001774519294493349,-12.0,5.160550185742158,12.0,-0.0001491099189673967,-0.0005158775666635546,-0.0005158775648702472,-0.001031577677811045,0.001696461306478936,0.0005158775666447666
3,0.002086500000000049,-10.33729642218474,0.001774448364896486,-12.0,5.171309901384197,12.0,-0.0001464422143058058,-0.0005169535453222749,-0.0005169535435274818,-0.001033729642218474,0.00169702132321603,0.00051695354530193
3,0.002086700000000049,-10.35879957497741,0.001774430392685211,-12.0,5.182061450822037,12.0,-0.0001437731592990044,-0.0005180287020650009,-0.0005180287002685047,-0.001035879957497741,0.001697577518572246,0.0005180287020429352
3,0.002086900000000049,-10.38028619199365,0.001774468890657133,-12.0,5.192804817077498,12.0,-0.0001411027385300745,-0.0005191030348426472,-0.0005191030330442153,-0.001038028619199365,0.001698129870625786,0.0005191030348186841
3,0.002087100000000049,-10.40175622630014,0.001774568193098958,-12.0,5.203539983185399,12.0,-0.0001384309710344769,-0.0005201765415252981,-0.0005201765397246618,-0.001040175622630014,0.001698678391581443,0.00052017654149923
3,0.0020873000000000493,-10.42320963133057,0.001774732520509303,-12.0,5.214266932193372,12.0,-0.0001357578415369584,-0.0005212492199956848,-0.0005212492181925539,-0.001042320963133057,0.001699223059382415,0.0005212492199672862
3,0.0020875000000000494,-10.44464635782,0.001774967001630934,-12.0,5.224985647162116,12.0,-0.0001330833694199729,-0.0005223210680470418,-0.0005223210662410816,-0.001044464635782,0.001699763886269023,0.0005223210680160486
3,0.0020877000000000495,-10.46606635661341,0.00177527673726896,-12.0,5.235696111165376,12.0,-0.0001304075396171694,-0.0005233920834766887,-0.0005233920816675341,-0.001046606635661341,0.001700300850047909,0.0005233920834428107
3,0.0020879000000000496,-10.48746957552369,0.001775667847503826,-12.0,5.246398307289779,12.0,-0.0001277303719346423,-0.0005244622639813305,-0.0005244622621685597,-0.001048746957552369,0.001700833962993809,0.0005244622639442275
3,0.0020881000000000497,-10.50885596213334,0.001776146538012391,-12.0,5.257092218635155,12.0,-0.0001250518516026783,-0.0005255316072504189,-0.0005255316054335678,-0.001050885596213334,0.001701363202773865,0.0005255316072097142
3,0.00208830000000005,-10.53022546056047,0.001776720177956381,-12.0,5.267777828314372,12.0,-0.0001223719989517508,-0.0005266001108583909,-0.0005266001090369214,-0.001053022546056047,0.001701888581693511,0.0005266001108136417
3,0.00208850000000005,-10.55157801423865,0.001777396373356499,-12.0,5.278455119453324,12.0,-0.0001196907996245181,-0.0005276677723572856,-0.0005276677705306005,-0.001055157801423865,0.001702410077278671,0.0005276677723079967
3,0.00208870000000005,-10.5729135625679,0.001778184083581547,-12.0,5.289124075191165,12.0,-0.0001170082746094134,-0.0005287345891651693,-0.0005287345873325744,-0.00105729135625679,0.001702927701862533,0.0005287345891107583
3,0.00208890000000005,-10.59423204365193,0.001779092708845464,-12.0,5.299784678680161,12.0,-0.0001143244101159471,-0.0005298005586573221,-0.0005298005568180389,-0.001059423204365193,0.001703441432826192,0.0005298005585971316
3,0.0020891000000000503,-10.61553339080096,0.001780133255947725,-12.0,5.310436913085733,12.0,-0.0001116392279700076,-0.0005308656780497248,-0.0005308656762028452,-0.001061553339080096,0.001703951282526484,0.0005308656779829785
3,0.0020893000000000504,-10.63681753519361,0.001781317451055031,-12.0,5.321080761586562,12.0,-0.0001089527151570055,-0.0005319299444877381,-0.0005319299426322333,-0.001063681753519361,0.001704457228195622,0.0005319299444135507
3,0.0020895000000000505,-10.65808440218536,0.001782658970194362,-12.0,5.331716207374562,12.0,-0.0001062648945844742,-0.0005329933549231129,-0.0005329933530577778,-0.001065808440218536,0.001704959282209706,0.0005329933548404368
3,0.0020897000000000506,-10.67933391384453,0.00178417259395669,-12.0,5.342343233654924,12.0,-0.0001035757543005125,-0.0005340559061984693,-0.0005340559043219241,-0.001067933391384452,0.001705457421646017,0.0005340559061060968
3,0.0020899000000000507,-10.70056598499651,0.001785875526056024,-12.0,5.352961823646096,12.0,-0.00010088531863197,-0.0005351175949155093,-0.0005351175930261285,-0.001070056598499651,0.001705951658893978,0.000535117594812004
3,0.002090100000000051,-10.72178052555653,0.001787786615838005,-12.0,5.36357196057989,12.0,-9.819357708917148e-05,-0.0005361784175127161,-0.0005361784156086185,-0.001072178052555653,0.001706441970869332,0.0005361784173964052
3,0.002090300000000051,-10.74297743620387,0.001789927800165625,-12.0,5.374173627701463,12.0,-9.550055589285442e-05,-0.0005372383701212473,-0.000537238368200202,-0.001074297743620387,0.001706928369965333,0.0005372383699901298
3,0.002090500000000051,-10.76415661038803,0.0017923234347057,-12.0,5.384766808269308,12.0,-9.280624658214096e-05,-0.0005382974486317408,-0.0005382974466911367,-0.001076415661038803,0.001707410832927581,0.0005382974484834603
3,0.002090700000000051,-10.78531792946782,0.001795001914280725,-12.0,5.395351485555348,12.0,-9.011067795109198e-05,-0.0005393556485323888,-0.0005393556465691049,-0.001078531792946782,0.001707889372141724,0.0005393556483641067
3,0.0020909000000000513,-10.80646126419277,0.001797995179100731,-12.0,5.40592764284499,12.0,-8.741384438703051e-05,-0.0005404129649582536,-0.0005404129629685936,-0.001080646126419277,0.001708363964169179,0.000540412964766589
3,0.0020911000000000514,-10.82758646904138,0.001801340601911061,-12.0,5.416495263436964,12.0,-8.471577825034521e-05,-0.0005414693925026603,-0.0005414693904821648,-0.001082758646904138,0.001708834621371891,0.0005414693922835053
3,0.0020913000000000515,-10.848693382849,0.00180508077884145,-12.0,5.427054330643571,12.0,-8.201647798768141e-05,-0.0005425249252380713,-0.0005425249231813922,-0.0010848693382849,0.001709301320108103,0.000542524924986473
3,0.0020915000000000517,-10.86978182190652,0.00180926582981078,-12.0,5.437604827790632,12.0,-7.931598101132073e-05,-0.0005435795564862011,-0.0005435795543868164,-0.001086978182190652,0.001709764072691522,0.0005435795561960822
3,0.0020917000000000518,-10.89085157917508,0.001813953660263934,-12.0,5.448146738217471,12.0,-7.661429166217967e-05,-0.0005446332787917867,-0.0005446332766417672,-0.001089085157917508,0.001710222855248245,0.0005446332784557207
3,0.002091900000000052,-10.91190241539188,0.001819212925915359,-12.0,5.458680045276943,12.0,-7.391145468592028e-05,-0.0005456860836263327,-0.00054568608141589,-0.001091190241539188,0.001710677680007378,0.0005456860832351028
3,0.002092100000000052,-10.93293405588861,0.001825124093327801,-12.0,5.469204732335534,12.0,-7.120748317673495e-05,-0.0005467379612820431,-0.0005467379589990967,-0.001093293405588861,0.001711128522818073,0.0005467379608242207
3,0.002092300000000052,-10.95394617836499,0.001831783515338969,-12.0,5.479720782773341,12.0,-6.850243282386162e-05,-0.00054778890046459,-0.0005477888980940167,-0.001095394617836499,0.001711575395766163,0.0005477888999258002
3,0.0020925000000000522,-10.97493840551383,0.001839305889388854,-12.0,5.490228179984054,12.0,-6.579633007407736e-05,-0.0005488388880473387,-0.0005488388855701608,-0.001097493840551383,0.001712018274351024,0.0005488388874094666
3,0.0020927000000000523,-10.995910286976,0.001847830272515782,-12.0,5.500726907375077,12.0,-6.308924747222555e-05,-0.00054988790847035,-0.0005498879058624257,-0.0010995910286976,0.00171245717041979,0.0005498879077102561
3,0.0020929000000000524,-11.01686128434514,0.00185752507978254,-12.0,5.511216948367497,12.0,-6.03812324941732e-05,-0.0005509359432407798,-0.0005509359404712462,-0.001101686128434514,0.001712892058997717,0.0005509359423287714
3,0.0020931000000000526,-11.03779074245925,0.001868597653651438,-12.0,5.521698286396079,12.0,-5.767238461327692e-05,-0.0005519829699767811,-0.0005519829670056451,-0.001103779074245925,0.001713322951527096,0.0005519829688742428
3,0.0020933000000000527,-11.05869790021831,0.001881290658210855,-12.0,5.532170904909376,12.0,-5.496278570773713e-05,-0.0005530289614251174,-0.0005530289595438259,-0.001105869790021831,0.001713749822338351,0.0005530289614251166
3,0.002093500000000053,-11.07958163697478,0.001895966615100608,-12.0,5.542634787369708,12.0,-5.225258566574943e-05,-0.0005540738820754618,-0.0005540738801794942,-0.001107958163697478,0.001714172680706949,0.0005540738820754607
3,0.002093700000000053,-11.10044084345878,0.001912984262606443,-12.0,5.553089917253145,12.0,-4.954191538223372e-05,-0.0005551176932990555,-0.0005551176913860695,-0.001110044084345879,0.001714591504391849,0.000555117693299054
3,0.002093900000000053,-11.12127384732397,0.00193289003916286,-12.0,5.563536278049628,12.0,-4.683100135551531e-05,-0.000556160338801049,-0.0005561603368681564,-0.001112127384732397,0.001715006296033494,0.0005561603388010465
3,0.002094100000000053,-11.14207860638135,0.001956353672465383,-12.0,5.573973853262909,12.0,-4.412009556905259e-05,-0.0005572017499590483,-0.0005572017480026906,-0.001114207860638135,0.001715417034369005,0.0005572017499590444
3,0.0020943000000000532,-11.16285239664704,0.00198427216296837,-12.0,5.584402626410694,12.0,-4.140956140082693e-05,-0.0005582418354247788,-0.0005582418334405003,-0.001116285239664704,0.001715823718526577,0.0005582418354247726
3,0.0020945000000000534,-11.18359158197945,0.002017846570830262,-12.0,5.594822581024436,12.0,-3.869986004679648e-05,-0.0005592804734453706,-0.0005592804714275141,-0.001118359158197945,0.00171622632369961,0.0005592804734453607
3,0.0020947000000000535,-11.20429118940545,0.002058723573138632,-12.0,5.605233700649666,12.0,-3.599164949125676e-05,-0.0005603174977076691,-0.0005603174956489293,-0.001120429118940545,0.001716624843448478,0.0005603174977076527
3,0.0020949000000000536,-11.22494427371991,0.002109207262516843,-12.0,5.615635968845801,12.0,-3.328582420966241e-05,-0.0005613526761583563,-0.0005613526740491212,-0.001122494427371991,0.001717019244612206,0.0005613526761583284
3,0.0020951000000000537,-11.24554088579458,0.00217260304193001,-12.0,5.626029369186214,12.0,-3.058369337177649e-05,-0.0005623856766144769,-0.0005623856744418254,-0.001124554088579458,0.001717409507850598,0.0005623856766144284
3,0.002095300000000054,-11.26606637534894,0.002253783364010609,-12.0,5.63641388525832,12.0,-2.78871588775308e-05,-0.0005634160101895186,-0.0005634160079356477,-0.001126606637534894,0.001717795579220721,0.000563416010189431
3,0.002095500000000054,-11.28649848218525,0.00236015731291106,-12.0,5.646789500663566,12.0,-2.519913827660723e-05,-0.0005644429343352297,-0.0005644429319749082,-0.001128649848218525,0.001718177405004628,0.0005644429343350655
3,0.002095700000000054,-11.30680219814483,0.002503383274108373,-12.0,5.65715619901741,12.0,-2.252419058087693e-05,-0.0005654652815746514,-0.0005654652790709469,-0.001130680219814483,0.001718554872024325,0.0005654652815743302
3,0.002095900000000054,-11.32692035916215,0.002702504895540692,-12.0,5.667513963949435,12.0,-1.986978496295406e-05,-0.0005664811459060526,-0.0005664811432028845,-0.001132692035916215,0.001718927821219324,0.0005664811459053894
3,0.0020961000000000543,-11.34675597519401,0.002989841071942223,-12.0,5.677862779103329,12.0,-1.724855695709165e-05,-0.0005674872938046156,-0.0005674872908132977,-0.001134675597519401,0.001719295946544852,0.0005674872938031387
3,0.0020963000000000544,-11.36613880834946,0.003422126493918487,-12.0,5.688202628136873,12.0,-1.468270617111596e-05,-0.000568478050168058,-0.0005684780467421688,-0.001136613880834946,0.001719658734078311,0.0005684780501642955
3,0.0020965000000000545,-11.38476518860691,0.004100572941906799,-12.0,5.698533494722048,12.0,-1.221182107114297e-05,-0.0005694432921903931,-0.0005694432880774411,-0.001138476518860692,0.001720015257936677,0.0005694432921780141
3,0.0020967000000000546,-11.4021097655059,0.005200285192801801,-12.0,5.708855362545005,12.0,-9.904612022344187e-06,-0.0005703655077936078,-0.0005703655025349352,-0.00114021097655059,0.001720364139568359,0.0005703655077352204
3,0.0020969000000000547,-11.41737783385268,0.006986152345505259,-12.0,5.719168215306122,12.0,-7.865853020534166e-06,-0.0005712182066041215,-0.0005712181993099093,-0.001141737783385268,0.001720704123137115,0.0005712182062960617
3,0.002097100000000055,-11.42971173339757,0.009744048387130999,-12.0,5.729472036719967,12.0,-6.211104908359288e-06,-0.00057197279975186,-0.0005719727890892353,-0.001142971173339757,0.001721036311301126,0.0005719727988332836
3,0.0020972978094805773,-11.43864439008067,0.01355451632034665,-12.0,5.739654105066019,12.0,-5.007669652514743e-06,-0.0005726099596878468,-0.0005726099453200509,-0.001143864439008067,0.00172136185777488,0.0005726099588745673
3,0.0020974978094805774,-11.44474397849126,0.01837849421108061,-12.0,5.749939914347192,12.0,-4.184078147104401e-06,-0.0005731561420136114,-0.000573156123635117,-0.001144474397849126,0.001721692410399088,0.0005731561420136112
3,0.0020976978094805776,-11.44868233721928,0.02391682394033308,-12.0,5.76021664368838,12.0,-3.652268722381513e-06,-0.0005736299819748047,-0.0005736299580579807,-0.001144868233721928,0.001722025655133318,0.0005736299819748047
3,0.0020978978094805777,-11.45122662595249,0.02991377649818185,-12.0,5.770484276861282,12.0,-3.311597638393588e-06,-0.0005740570500363102,-0.0005740570201225335,-0.001145122662595249,0.001722363190155443,0.00057405705003631
3,0.0020980978094805778,-11.45295082929355,0.0361780141499332,-12.0,5.780742797651817,12.0,-3.090265727697785e-06,-0.0005744564783501883,-0.0005744564421721742,-0.001145295082929355,0.001722709750858439,0.0005744564783501883
3,0.002098297809480578,-11.45414415706888,0.04261312346317442,-12.0,5.790992189860439,12.0,-2.942150424988941e-06,-0.0005748379066397264,-0.000574837864026603,-0.001145414415706888,0.001723057817708257,0.0005748379066397264
3,0.002098497809480578,-11.45498676848891,0.04915904097806013,-12.0,5.801232437301957,12.0,-2.841191520826366e-06,-0.0005752073396323897,-0.0005752072904733487,-0.001145498676848891,0.00172340542398476,0.0005752073396323897
3,0.002098697809480578,-11.45559438730067,0.05577718158896139,-12.0,5.811463523805597,12.0,-2.769985583172327e-06,-0.0005755686342216634,-0.0005755685784444818,-0.001145559438730067,0.001723750693221452,0.0005755686342216635
3,0.0020988978094805782,-11.45604130996717,0.06244276920253954,-12.0,5.821685433215088,12.0,-2.719518085364719e-06,-0.0005759242664012549,-0.0005759242039584857,-0.001145604130996718,0.001724094632447386,0.0005759242664012549
3,0.0020990978094805783,-11.4563759812665,0.06913964490597094,-12.0,5.831898149388656,12.0,-2.682378550682999e-06,-0.0005762758504482686,-0.0005762757813086236,-0.00114563759812665,0.001724436416269229,0.0005762758504482685
3,0.0020992978094805785,-11.45663053769464,0.07585708585388064,-12.0,5.842101656198998,12.0,-2.655471469320676e-06,-0.0005766244570345119,-0.0005766243811774259,-0.001145663053769464,0.001724777361796594,0.0005766244570345118
3,0.0020994978094805786,-11.45682682989029,0.08258779780685029,-12.0,5.852295937533399,12.0,-2.634976592938795e-06,-0.0005769708139633913,-0.0005769707313848571,-0.001145682682989029,0.00172511668366957,0.0005769708139726549
3,0.0020996978094805787,-11.45697995597196,0.08932673736023107,-12.0,5.862480977293698,12.0,-2.620034779337056e-06,-0.0005773154239872154,-0.0005773153346666094,-0.001145697995597196,0.001725455644117331,0.0005773154239933467
3,0.002099897809480579,-11.45710063774379,0.09607031988083238,-12.0,5.872656759396342,12.0,-2.608263083478076e-06,-0.0005776586439475962,-0.000577658547881231,-0.001145710063774379,0.00172579337948205,0.000577658643951551
3,0.002100097809480579,-11.4571965548147,0.1028159748035016,-12.0,5.88282326777235,12.0,-2.599750208658495e-06,-0.0005780007292943909,-0.0005780006264809102,-0.00114571965548147,0.001726131070931662,0.0005780007292968849
3,0.002100297809480579,-11.4572733798481,0.1095618005502551,-12.0,5.892980486367437,12.0,-2.592758320573133e-06,-0.0005783418685801749,-0.0005783417590199176,-0.00114572733798481,0.001726467783734663,0.0005783418685817182
3,0.002100497809480579,-11.45733528871681,0.1163063944797519,-12.0,5.903128399141977,12.0,-2.587822834077017e-06,-0.0005786822004652819,-0.0005786820841598279,-0.001145733528871681,0.001726804636475354,0.0005786822004662226
3,0.0021006978094805792,-11.45738547613853,0.1230486810099545,-12.0,5.913266990071007,12.0,-2.583524537171273e-06,-0.0005790218309055382,-0.0005790217078574241,-0.001145738547613853,0.001727140644685063,0.0005790218309061052
3,0.0021008978094805794,-11.45742633493628,0.1297878518650952,-12.0,5.923396243144304,12.0,-2.580626707410589e-06,-0.0005793608391275817,-0.000579360709340069,-0.001145742633493629,0.001727476885335021,0.0005793608391279209
3,0.0021010978094805795,-11.45745975562395,0.1365232662145468,-12.0,5.933516142366456,12.0,-2.577878120367332e-06,-0.0005796992876149886,-0.0005796991510919247,-0.001145745975562395,0.001727812343435717,0.0005796992876151909
3,0.0021012978094805796,-11.45748716331819,0.1432544383687942,-12.0,5.943626671756671,12.0,-2.576163865417808e-06,-0.0005800372233386669,-0.0005800370800843494,-0.001145748716331819,0.001728148071176428,0.0005800372233387877
3,0.0021014978094805797,-11.45750972083986,0.1499809700796491,-12.0,5.953727815349103,12.0,-2.574324663983196e-06,-0.0005803746845268733,-0.0005803745345459752,-0.001145750972083986,0.00172848303723909,0.0005803746845269454
3,0.00210169780948058,-11.4575283000633,0.1567025600902669,-12.0,5.963819557192652,12.0,-2.573312162237872e-06,-0.0005807116997101951,-0.0005807115430076783,-0.00114575283000633,0.0017288182805893,0.0005807116997102386
3,0.00210189780948058,-11.457543638848,0.1634189518250528,-12.0,5.973901881351095,12.0,-2.572018490340549e-06,-0.0005810482929525779,-0.0005810481295336525,-0.0011457543638848,0.001729152762678262,0.0005810482929526043
3,0.00210209780948058,-11.45755628012241,0.1701299536948612,-12.0,5.983974771903037,12.0,-2.571431937508785e-06,-0.0005813844818208014,-0.0005813843116908638,-0.001145755628012241,0.001729487516178129,0.0005813844818208176
3,0.00210229780948058,-11.45756670516872,0.176835394669145,-12.0,5.994038212942023,12.0,-2.570473875802949e-06,-0.0005817202818272779,-0.0005817201049918932,-0.001145756670516872,0.001729821500417533,0.0005817202818272878
3,0.0021024978094805803,-11.45757525579293,0.183535150219037,-12.0,6.004092188576521,12.0,-2.570152778114682e-06,-0.0005820557038357422,-0.0005820555203005982,-0.001145757525579293,0.001730155745421786,0.0005820557038357484
3,0.0021026978094805804,-11.45758225469666,0.1902291021937011,-12.0,6.014136682929903,12.0,-2.569407009416892e-06,-0.0005823907580736162,-0.0005823905678445178,-0.001145758225469665,0.001730489210904204,0.0005823907580736202
3,0.0021028978094805805,-11.45758791827853,0.196917167886407,-12.0,6.024171680140554,12.0,-2.569256102967342e-06,-0.0005827254512254123,-0.000582725254308247,-0.001145758791827853,0.001730822925898457,0.0005827254512254148
3,0.0021030978094805806,-11.45759246955611,0.2035992623941203,-12.0,6.034197164361858,12.0,-2.568648604737262e-06,-0.0005830597901967722,-0.0005830595865975115,-0.001145759246955611,0.001731155851538675,0.0005830597901967738
3,0.0021032978094805807,-11.45759604555872,0.2102753294863508,-12.0,6.044213119762181,12.0,-2.568610017974871e-06,-0.0005833937790275822,-0.0005833935687522536,-0.001145759604555872,0.001731489016473992,0.0005833937790275831
3,0.002103497809480581,-11.45759880576556,0.2169453054594253,-12.0,6.054219530524973,12.0,-2.56809525166345e-06,-0.0005837274225065542,-0.0005837272055612494,-0.001145759880576556,0.001731821383567163,0.0005837274225065547
3,0.002103697809480581,-11.45760083629832,0.2236091510720599,-12.0,6.064216380848762,12.0,-2.568132912503362e-06,-0.0005840607229776699,-0.0005840604993685193,-0.001145760083629832,0.001732153981200945,0.0005840607229776703
3,0.002103897809480581,-11.45760225557682,0.2302668163270368,-12.0,6.074203654947129,12.0,-2.567682108414846e-06,-0.000584393683862009,-0.000584393453595193,-0.001145760225557682,0.001732485773963819,0.0005843936838620093
3,0.002104097809480581,-11.45760311660252,0.2369182730432082,-12.0,6.084181337048803,12.0,-2.567772914521454e-06,-0.0005847263064005594,-0.0005847260694822866,-0.001145760311660252,0.001732817789901335,0.0005847263064005596
3,0.0021042978094805813,-11.45760351084677,0.2435634802263351,-12.0,6.094149411397691,12.0,-2.567367392591745e-06,-0.0005850585931171355,-0.0005850583495536555,-0.001145760351084677,0.001733148995219358,0.0005850585931171357
3,0.0021044978094805814,-11.45760346940337,0.2502024170180006,-12.0,6.104107862252858,12.0,-2.567496138293375e-06,-0.0005853905445234856,-0.0005853902943210687,-0.001145760346940337,0.001733480417503608,0.0005853905445234857
3,0.0021046978094805815,-11.45760306572954,0.2568350484488182,-12.0,6.114056673888479,12.0,-2.567123437592266e-06,-0.0005857221625439661,-0.0005857219057089178,-0.001145760306572954,0.001733811024452065,0.0005857221625439661
3,0.0021048978094805816,-11.45760231614396,0.2634613586056763,-12.0,6.12399583059408,12.0,-2.567279846519326e-06,-0.0005860534471988402,-0.0005860531837374817,-0.001145760231614396,0.001734141843076449,0.0005860534471988404
3,0.0021050978094805817,-11.45760128180376,0.270081316639552,-12.0,6.133925316674375,12.0,-2.566931438423117e-06,-0.0005863844000034825,-0.0005863841299221656,-0.001145760128180376,0.001734471842455652,0.0005863844000034823
3,0.002105297809480582,-11.45759996884161,0.276694910052946,-12.0,6.143845116449324,12.0,-2.567108391449991e-06,-0.0005867150206396378,-0.0005867147439447278,-0.001145759996884161,0.001734802048931735,0.0005867150206396378
3,0.002105497809480582,-11.45759842981657,0.2833021108832193,-12.0,6.15375521425422,12.0,-2.566778298576727e-06,-0.0005870453103371,-0.0005870450270349893,-0.001145759842981657,0.001735131432880709,0.0005870453103371001
3,0.002105697809480582,-11.45759666367131,0.2899029090499565,-12.0,6.163655594439681,12.0,-2.56697075109773e-06,-0.0005873752685389725,-0.0005873749786360635,-0.001145759666367131,0.001735461019901815,0.0005873752685389724
3,0.002105897809480582,-11.457594716805,0.2964972786642279,-12.0,6.173546241371629,12.0,-2.566654693324013e-06,-0.0005877048962707402,-0.0005877045997734615,-0.0011457594716805,0.00173578978160342,0.0005877048962707401
3,0.0021060978094805823,-11.45759258296208,0.3030852113988286,-12.0,6.183427139431394,12.0,-2.566858997561821e-06,-0.0005880341928032566,-0.0005880338897180452,-0.001145759258296208,0.001736118742788459,0.0005880341928032566
3,0.0021062978094805824,-11.4575903040195,0.3096666828927424,-12.0,6.193298273015691,12.0,-2.56655385092426e-06,-0.0005883631590122949,-0.000588362849345612,-0.00114575903040195,0.00173644687624786,0.0005883631590122949
3,0.0021064978094805825,-11.45758786987586,0.316241686121251,-12.0,6.203159626536666,12.0,-2.566767321266997e-06,-0.0005886917940415416,-0.0005886914777998555,-0.001145758786987586,0.001736775205950422,0.0005886917940415415
3,0.0021066978094805826,-11.45758531901092,0.3228101978762867,-12.0,6.21301118442187,12.0,-2.566470766705744e-06,-0.0005890200986545585,-0.0005890197758443605,-0.001145758531901092,0.001737102705833134,0.0005890200986545584
3,0.0021068978094805828,-11.45758263841737,0.3293722121223679,-12.0,6.222852931114358,12.0,-2.566691394197434e-06,-0.000589348071899199,-0.0005893477425269869,-0.001145758263841737,0.001737430398999119,0.000589348071899199
3,0.002107097809480583,-11.45757986396926,0.335927706540661,-12.0,6.232684851072685,12.0,-2.566401684171631e-06,-0.0005896757144532024,-0.0005896753785254959,-0.001145757986396926,0.001737757260504773,0.0005896757144532024
3,0.002107297809480583,-11.4575769804226,0.342476675861881,-12.0,6.24250692877088,12.0,-2.566627944699724e-06,-0.0005900030252909,-0.0005900026828142241,-0.00114575769804226,0.001738084312565591,0.0005900030252909
3,0.002107497809480583,-11.45757402161627,0.3490190984662809,-12.0,6.252319148698541,12.0,-2.566343744717363e-06,-0.0005903300050232261,-0.0005903296560041275,-0.001145757402161627,0.001738410531334544,0.000590330005023226
3,0.002107697809480583,-11.45757097055765,0.355554969688246,-12.0,6.262121495360889,12.0,-2.56657446743914e-06,-0.0005906566525672643,-0.0005906562970122947,-0.001145757097055765,0.001738736938121397,0.0005906566525672643
3,0.0021078978094805833,-11.45756785947128,0.3620842684668463,-12.0,6.271913953278596,12.0,-2.566294746295172e-06,-0.000590982968481175,-0.0005909826063969065,-0.001145756785947128,0.001739062510158232,0.000590982968481175
3,0.0021080978094805834,-11.45756466997986,0.3686069906188383,-12.0,6.281696506988093,12.0,-2.56652902166131e-06,-0.0005913089516369255,-0.0005913085830299349,-0.001145756466997986,0.001739388267837013,0.0005913089516369254
3,0.0021082978094805836,-11.4575614330108,0.3751231155365671,-12.0,6.291469141041404,12.0,-2.566252974035358e-06,-0.0005916346025504836,-0.0005916342274273681,-0.001145756143301079,0.001739713189453135,0.0005916346025504836
3,0.0021084978094805837,-11.45755812907896,0.3816326394268414,-12.0,6.301231840006136,12.0,-2.566490088389484e-06,-0.0005919599200579296,-0.0005919595384252901,-0.001145755812907896,0.001740038294469068,0.0005919599200579296
3,0.0021086978094805838,-11.45755478805825,0.3881355420541104,-12.0,6.310984588465712,12.0,-2.566217079372459e-06,-0.0005922849046411603,-0.0005922845165056182,-0.001145755478805825,0.001740362562232495,0.0005922849046411603
3,0.002108897809480584,-11.45755138957015,0.3946318199439496,-12.0,6.320727371019197,12.0,-2.5664564677269e-06,-0.0005926095551075249,-0.000592609160475705,-0.001145755138957015,0.001740687011267763,0.0005926095551075249
3,0.002109097809480584,-11.45754796262513,0.4011214531695481,-12.0,6.330460172281419,12.0,-2.566185992478286e-06,-0.0005929338719111872,-0.000592933470789734,-0.001145754796262513,0.001741010621964238,0.0005929338719111872
3,0.002109297809480584,-11.45754448611982,0.4076044385190904,-12.0,6.340182976882932,12.0,-2.566427203938789e-06,-0.0005932578538363842,-0.0005932574462319456,-0.001145754448611982,0.001741334411899828,0.0005932578538363842
3,0.0021094978094805842,-11.45754098835173,0.4140807563244536,-12.0,6.349895769470112,12.0,-2.566158857958346e-06,-0.0005935815013145658,-0.0005935810872338094,-0.001145754098835173,0.001741657362497801,0.0005935815013145658
3,0.0021096978094805843,-11.45753744762671,0.420550403591836,-12.0,6.359598534705148,12.0,-2.566401530084453e-06,-0.0005939048131113312,-0.0005939043925609276,-0.001145753744762671,0.001741980490385117,0.0005939048131113312
3,0.0021098978094805845,-11.4575338916497,0.427013360871708,-12.0,6.369291257266021,12.0,-2.566134987035662e-06,-0.0005942277896394312,-0.0005942273626260704,-0.00114575338916497,0.001742302778009725,0.0005942277896394312
3,0.0021100978094805846,-11.45753029825621,0.4334696253481719,-12.0,6.378973921846614,12.0,-2.566378826606686e-06,-0.0005945504296494227,-0.000594549996180219,-0.001145753029825621,0.001742625241042244,0.0005945504296498442
3,0.0021102978094805847,-11.45752669464833,0.4399191777605009,-12.0,6.388646513156693,12.0,-2.566113821117232e-06,-0.0005948727335392626,-0.0005948722936204415,-0.001145752669464833,0.001742946862949567,0.0005948727335396192
3,0.002110497809480585,-11.4575230582401,0.4463620154544549,-12.0,6.398309015921885,12.0,-2.566358589320188e-06,-0.0005951947000464404,-0.0005951942536847275,-0.00114575230582401,0.001743268658443608,0.000595194700046743
3,0.002110697809480585,-11.45751941582751,0.4527981193258874,-12.0,6.407961414883782,12.0,-2.566094905963466e-06,-0.0005955163295555334,-0.0005955158767576701,-0.001145751941582751,0.00174358961200543,0.0005955163295557895
3,0.002110897809480585,-11.45751574451561,0.459227486844855,-12.0,6.417603694799955,12.0,-2.566340408107821e-06,-0.0005958376207952924,-0.0005958371615680232,-0.001145751574451561,0.001743910737382403,0.00059583762079551
3,0.002111097809480585,-11.45751207074753,0.4656500990461249,-12.0,6.427235840443942,12.0,-2.566077869349036e-06,-0.0005961585741395978,-0.0005961581084896826,-0.001145751207074753,0.001744231020064196,0.0005961585741397817
3,0.0021112978094805853,-11.45750837136158,0.4720659535099166,-12.0,6.436857836605201,12.0,-2.566323944996304e-06,-0.000596479188309372,-0.0005964787162435749,-0.001145750837136158,0.001744551472832853,0.0005964791883095285
3,0.0021114978094805854,-11.45750467250211,0.4784750313919809,-12.0,6.446469668089342,12.0,-2.566062404642718e-06,-0.0005967994636696038,-0.0005967989851947046,-0.001145750467250211,0.001744871082181927,0.0005967994636697361
3,0.0021116978094805855,-11.45750095078947,0.4848773303666199,-12.0,6.456071319717971,12.0,-2.566308921499912e-06,-0.0005971193989350225,-0.0005971189140578047,-0.001145750095078947,0.001745190859926435,0.000597119398935135
3,0.0021118978094805856,-11.45749723211363,0.491272831695738,-12.0,6.465662776328742,12.0,-2.566048258678031e-06,-0.000597438994463205,-0.0005974385031904686,-0.001145749723211363,0.001745509793559993,0.0005974389944633004
3,0.0021120978094805857,-11.45749349291722,0.4976615331343401,-12.0,6.475244022775451,12.0,-2.566295107260231e-06,-0.00059775824896403,-0.000597757751302578,-0.001145749349291722,0.001745828893929006,0.0005977582489641111
3,0.002112297809480586,-11.45748975887255,0.504043416038383,-12.0,6.484815043928013,12.0,-2.566035221674167e-06,-0.0005980771627888945,-0.000598076658745547,-0.001145748975887256,0.001746147149524146,0.000598077162788963
3,0.002112497809480586,-11.45748600627786,0.5104184782324954,-12.0,6.494375824672454,12.0,-2.566282311083942e-06,-0.0005983957346439374,-0.0005983952242255176,-0.001145748600627786,0.001746465570222022,0.0005983957346439959
3,0.002112697809480586,-11.45748226061831,0.5167867011565617,-12.0,6.503926349911008,12.0,-2.566023119250891e-06,-0.0005987139648753953,-0.0005987134480887435,-0.001145748226061831,0.001746783145506977,0.0005987139648754446
3,0.002112897809480586,-11.45747849807537,0.5231480826957288,-12.0,6.513466604562108,12.0,-2.566270373813943e-06,-0.0005990318521865958,-0.0005990313290385552,-0.001145747849807538,0.001747100884285508,0.000599031852186638
3,0.0021130978094805863,-11.45747474397253,0.5295026043653686,-12.0,6.52299657356036,12.0,-2.566011806053349e-06,-0.0005993493969194635,-0.0005993488674168949,-0.001145747474397253,0.00174741777703253,0.0005993493969194992
3,0.0021132978094805864,-11.45747097439756,0.5358502641034918,-12.0,6.532516241856658,12.0,-2.566259162618662e-06,-0.0005996665977752862,-0.0005996660619250525,-0.001145747097439756,0.001747734831684613,0.0005996665977753167
3,0.0021134978094805865,-11.45746721453342,0.5421910434939914,-12.0,6.542025594418133,12.0,-2.566001160626284e-06,-0.0005999834550923886,-0.0005999829129013706,-0.001145746721453342,0.001748051039703705,0.0005999834550924142
3,0.0021136978094805866,-11.45746344039352,0.5485249405214019,-12.0,6.551524616228271,12.0,-2.566248566385163e-06,-0.0006002999675706649,-0.0006002994190457462,-0.001145746344039352,0.001748367408056747,0.000600299967570687
3,0.0021138978094805867,-11.45745967703807,0.5548519368322338,-12.0,6.561013292286752,12.0,-2.56599108126887e-06,-0.0006006161355454334,-0.0006006155806935151,-0.001145745967703807,0.001748682929191285,0.0006006161355454518
3,0.002114097809480587,-11.45745590042219,0.561172030452186,-12.0,6.570491607609679,12.0,-2.566238491982713e-06,-0.0006009319577157334,-0.0006009313965437188,-0.001145745590042219,0.001748998609102953,0.0006009319577157493
3,0.002114297809480587,-11.45745213549823,0.5674852030856,-12.0,6.579959547229548,12.0,-2.565981482662257e-06,-0.0006012474344143814,-0.0006012468669291916,-0.001145745213549823,0.001749313441224242,0.0006012474344143947
3,0.002114497809480587,-11.45744835817659,0.5737914527948582,-12.0,6.589417096195112,12.0,-2.566228861215568e-06,-0.000601562564340014,-0.0006015619905485726,-0.001145744835817659,0.001749628430579429,0.0006015625643400254
3,0.002114697809480587,-11.45744459331425,0.5800907613379513,-12.0,6.598864239571664,12.0,-2.565972293112308e-06,-0.0006018773478233617,-0.00060187676773261,-0.001145744459331425,0.001749942571583092,0.0006018773478233712
3,0.0021148978094805873,-11.45744081678819,0.5863831268103468,-12.0,6.608300962440885,12.0,-2.566219608325752e-06,-0.0006021917835630454,-0.000602191197179927,-0.001145744081678819,0.001750256868289871,0.0006021917835630538
3,0.0021150978094805874,-11.45743705337056,0.5926685310201657,-12.0,6.617727249900839,12.0,-2.565963452286928e-06,-0.0006025058718880605,-0.0006025052792195363,-0.001145743705337056,0.001750570316093232,0.0006025058718880674
3,0.0021152978094805875,-11.45743327891447,0.5989469720928158,-12.0,6.627143087066182,12.0,-2.566210677939938e-06,-0.0006028196114973306,-0.0006028190125503646,-0.001145743327891447,0.001750883918078806,0.0006028196114973367
3,0.0021154978094805876,-11.45742951811608,0.6052184318837782,-12.0,6.636548459068024,12.0,-2.565954909349097e-06,-0.0006031330027184196,-0.0006031323974999927,-0.001145742951811608,0.001751196670619356,0.0006031330027184246
3,0.0021156978094805877,-11.45742574681263,0.611482908545712,-12.0,6.645943351053969,12.0,-2.566202023372251e-06,-0.0006034460442508213,-0.0006034454327679171,-0.001145742574681263,0.001751509575829569,0.0006034460442508258
3,0.002115897809480588,-11.45742198963173,0.6177403839790075,-12.0,6.655327748188217,12.0,-2.565946621414404e-06,-0.0006037587364209173,-0.000603758118680537,-0.001145742198963173,0.001751821631059703,0.000603758736420921
3,0.002116097809480588,-11.45741822240153,0.6239908563614615,-12.0,6.664701635651523,12.0,-2.566193605219106e-06,-0.0006040710779290031,-0.0006040704539381498,-0.001145741822240153,0.001752133837456185,0.0006040710779290062
3,0.002116297809480588,-11.4574144696874,0.6302343076363153,-12.0,6.674064998641251,12.0,-2.565938552270193e-06,-0.0006043830691004911,-0.0006043824388661859,-0.00114574144696874,0.001752445193343869,0.0006043830691004936
3,0.002116497809480588,-11.45741070731404,0.636470736004646,-12.0,6.683417822371348,12.0,-2.566185390191295e-06,-0.0006046947086366678,-0.0006046940721659343,-0.001145741070731404,0.001752756698902322,0.0006046947086366703
3,0.0021166978094805883,-11.45740695978987,0.6427001234508469,-12.0,6.69276009207244,12.0,-2.565930671309094e-06,-0.0006050059968621574,-0.0006050053541620359,-0.001145740695978987,0.001753067353428505,0.0006050059968621593
3,0.0021168978094805884,-11.45740320294095,0.6489224681977791,-12.0,6.702091792991824,12.0,-2.566177350141274e-06,-0.0006053169324794029,-0.0006053162835569363,-0.001145740320294095,0.001753378156136436,0.0006053169324794045
3,0.0021170978094805885,-11.45739946122326,0.6551377522695255,-12.0,6.711412910393442,12.0,-2.56592295264138e-06,-0.0006056275158123903,-0.0006056268606746394,-0.001145739946122326,0.001753688107295378,0.0006056275158123917
3,0.0021172978094805887,-11.45739571046822,0.6613459739094169,-12.0,6.720723429557976,12.0,-2.566169461250343e-06,-0.0006059377455648547,-0.000605937084218882,-0.001145739571046822,0.001753998205152064,0.0006059377455648559
3,0.0021174978094805888,-11.45739197508319,0.6675471151801019,-12.0,6.730023335782902,12.0,-2.565915374351072e-06,-0.0006062476220602791,-0.0006062469545131649,-0.001145739197508319,0.001754307450947196,0.0006062476220602801
3,0.002117697809480589,-11.45738823090835,0.6737411743442755,-12.0,6.73931261438233,12.0,-2.566161703349286e-06,-0.0006065571440038045,-0.0006065564702626311,-0.001145738823090835,0.001754616841962097,0.0006065571440038055
3,0.002117897809480589,-11.45738450230562,0.6799281335020608,-12.0,6.748591250687235,12.0,-2.56590791787438e-06,-0.0006068663117185168,-0.000606865631790384,-0.001145738450230562,0.001754925380407201,0.0006068663117185175
3,0.002118097809480589,-11.4573807651268,0.6861079909347348,-12.0,6.75785923004541,12.0,-2.566154059348191e-06,-0.0006071751239110669,-0.0006071744378030766,-0.00114573807651268,0.001755234062599546,0.0006071751239110676
3,0.0021182978094805892,-11.45737704369114,0.6922807287790623,-12.0,6.767116537821451,12.0,-2.565900567477334e-06,-0.0006074835809042385,-0.0006074828886235101,-0.001145737704369114,0.001755541891717597,0.0006074835809042389
3,0.0021184978094805893,-11.45737331386447,0.6984463453340592,-12.0,6.776363159396778,12.0,-2.566146514758337e-06,-0.0006077916814062714,-0.0006077909829599265,-0.001145737331386447,0.001755849863115204,0.000607791681406272
3,0.0021186978094805894,-11.45736959992566,0.7046048227724473,-12.0,6.785599080169728,12.0,-2.565893309817162e-06,-0.0006080994257397278,-0.0006080987211349053,-0.001145736959992566,0.001756156980937351,0.0006080994257397282
3,0.0021188978094805896,-11.4573658777566,0.7107561594104262,-12.0,6.794824285555535,12.0,-2.566139057290436e-06,-0.0006084068126145104,-0.0006084061018583514,-0.00114573658777566,0.001756464239575884,0.0006084068126145109
3,0.0021190978094805897,-11.45736217159775,0.716900337456039,-12.0,6.804038760986312,12.0,-2.565886133573972e-06,-0.000608713842353027,-0.0006087131254526897,-0.001145736217159775,0.001756770644140943,0.0006087138423530273
3,0.00211929780948059,-11.4573584573488,0.7230373552421377,-12.0,6.813242491911159,12.0,-2.566131676515175e-06,-0.0006090205136669019,-0.0006090197906295468,-0.00114573584573488,0.001757077188063423,0.0006090205136669021
3,0.00211949780948059,-11.45735475921344,0.7291671950116457,-12.0,6.822435463796141,12.0,-2.565879029139265e-06,-0.0006093268268784494,-0.0006093260977112545,-0.001145735475921345,0.001757382877418515,0.0006093268268784496
3,0.00211969780948059,-11.45735105311059,0.7352898551136182,-12.0,6.831617662124275,12.0,-2.566124363578479e-06,-0.0006096327807010656,-0.0006096320454112106,-0.00114573510531106,0.001757688704675148,0.0006096327807010657
3,0.00211989780948059,-11.45734736320864,0.7414053178254212,-12.0,6.84078907239563,12.0,-2.565871988354645e-06,-0.0006099383754570209,-0.000609937634051703,-0.001145734736320864,0.001757993676872525,0.0006099383754570209
3,0.0021200978094805902,-11.45734366544693,0.7475135815120212,-12.0,6.84994968012731,12.0,-2.566117110961262e-06,-0.0006102436098615289,-0.0006102428623479474,-0.001145734366544693,0.001758298785520327,0.0006102436098615289
3,0.0021202978094805904,-11.45733998395974,0.7536146284848572,-12.0,6.859099470853439,12.0,-2.565865004289934e-06,-0.0006105484842368581,-0.0006105477306222297,-0.001145733998395974,0.001758603038620449,0.0006105484842368582
3,0.0021204978094805905,-11.45733629470788,0.7597084571244999,-12.0,6.86823843012526,12.0,-2.566109912275366e-06,-0.000610852997300076,-0.0006108522375916188,-0.001145733629470788,0.001758907426723072,0.000610852997300076
3,0.0021206978094805906,-11.45733262179256,0.7657950497762143,-12.0,6.877366543511098,12.0,-2.565858071057167e-06,-0.0006111571493734884,-0.0006111563835784385,-0.001145733262179256,0.001759210958791237,0.0006111571493734884
3,0.0021208978094805907,-11.4573289411969,0.7718744048359778,-12.0,6.886483796596466,12.0,-2.566102762092226e-06,-0.0006114609391760489,-0.0006114601673016441,-0.00114573289411969,0.001759514624418412,0.0006114609391760489
3,0.002121097809480591,-11.45732527698993,0.7779465046825921,-12.0,6.895590174983902,12.0,-2.565851183652067e-06,-0.000611764367030131,-0.0006117635890836264,-0.001145732527698993,0.001759817433526971,0.0006117643670301311
3,0.002121297809480591,-11.45732160517783,0.7840113477272327,-12.0,6.904685664293241,12.0,-2.56609565579769e-06,-0.0006120674316566009,-0.000612066647645253,-0.001145732160517783,0.001760120374753635,0.0006120674316566009
3,0.002121497809480591,-11.45731794979816,0.790068916382154,-12.0,6.913770250161477,12.0,-2.565844337820943e-06,-0.0006123701333779323,-0.0006123693433090159,-0.001145731794979816,0.001760422458980126,0.0006123701333779323
3,0.002121697809480591,-11.45731428688077,0.7961192090735119,-12.0,6.922843918242744,12.0,-2.566088589469131e-06,-0.0006126724709169232,-0.0006126716747977141,-0.001145731428688077,0.001760724673887882,0.0006126724709169233
3,0.0021218978094805913,-11.45731064043244,0.8021622082468223,-12.0,6.931906654208536,12.0,-2.565837529947161e-06,-0.0006129744445961716,-0.0006129736424339631,-0.001145731064043244,0.001761026031315275,0.0006129744445961714
3,0.0021220978094805914,-11.45730698650716,0.8081979123432323,-12.0,6.940958443747554,12.0,-2.566081559771234e-06,-0.0006132760531404322,-0.0006132752449425198,-0.001145730698650716,0.00176132751799079,0.0006132760531404321
3,0.0021222978094805915,-11.4573033490815,0.8142263038413111,-12.0,6.949999272565758,12.0,-2.565830756955415e-06,-0.0006135772968724447,-0.0006135764826461408,-0.00114573033490815,0.001761628146708602,0.0006135772968724448
3,0.0021224978094805916,-11.45729970423404,0.8202473811970894,-12.0,6.959029126386463,12.0,-2.566074563867795e-06,-0.0006138781745189375,-0.0006138773542715563,-0.001145729970423404,0.001761928903243289,0.0006138781745189374
3,0.0021226978094805917,-11.45729607591158,0.8262611269221587,-12.0,6.968047990950295,12.0,-2.565824016231156e-06,-0.0006141786864028137,-0.0006141778601416868,-0.001145729607591158,0.001762228801346097,0.0006141786864028137
3,0.002122897809480592,-11.45729244021762,0.83226753948736,-12.0,6.977055852015248,12.0,-2.56606759934699e-06,-0.0006144788312527888,-0.0006144779989852492,-0.001145729244021762,0.001762528825838071,0.0006144788312527888
3,0.002123097809480592,-11.45728882106967,0.8382666014372044,-12.0,6.986052695356656,12.0,-2.565817305550711e-06,-0.0006147786093919453,-0.0006147777711253439,-0.001145728882106967,0.00176282799142443,0.0006147786093919452
3,0.002123297809480592,-11.45728519459645,0.8442583112572996,-12.0,6.995038506767287,12.0,-2.566060664158373e-06,-0.0006150780195509988,-0.0006150771752926875,-0.001145728519459645,0.001763127281975989,0.0006150780195509988
3,0.002123497809480592,-11.45728158468647,0.8502426515250554,-12.0,7.004013272057331,12.0,-2.565810623023682e-06,-0.0006153770620532279,-0.0006153762118105762,-0.001145728158468647,0.001763425713150857,0.0006153770620532276
3,0.0021236978094805923,-11.45727796749394,0.8562196207408059,-12.0,7.012976977054384,12.0,-2.566053756558318e-06,-0.0006156757356313579,-0.0006156748794117371,-0.001145727796749393,0.001763724267870039,0.0006156757356313579
3,0.0021238978094805924,-11.45727436687869,0.8621892015147795,-12.0,7.021929607603531,12.0,-2.565803967042879e-06,-0.0006159740406088752,-0.0006159731784196735,-0.001145727436687869,0.001764021962743174,0.0006159740406088751
3,0.0021240978094805925,-11.45727075902062,0.8681513923621077,-12.0,7.030871149567398,12.0,-2.566046875064711e-06,-0.0006162719757205289,-0.0006162711075691366,-0.001145727075902062,0.001764319779742994,0.000616271975720529
3,0.0021242978094805926,-11.45726716775118,0.8741061759257711,-12.0,7.039801588826005,12.0,-2.565797336242649e-06,-0.0006165695412900235,-0.0006165686671838475,-0.001145726716775118,0.001764616736429395,0.0006165695412900235
3,0.0021244978094805927,-11.45726356927607,0.8800535507356282,-12.0,7.048720911276984,12.0,-2.566040018418256e-06,-0.0006168667360541357,-0.0006168658560005848,-0.001145726356927607,0.001764913813826821,0.0006168667360541356
3,0.002124697809480593,-11.4572599873986,0.8859934994675082,-12.0,7.057629102835557,12.0,-2.565790729462792e-06,-0.0006171635603368051,-0.0006171626743433055,-0.00114572599873986,0.001765210030446363,0.000617163560336805
3,0.002124897809480593,-11.45725639835045,0.8919260206659779,-12.0,7.066526149434399,12.0,-2.566033185549221e-06,-0.0006174600128768422,-0.0006174591209508214,-0.001145725639835045,0.001765506366364869,0.0006174600128768421
3,0.002125097809480593,-11.45725282590697,0.8978510970396344,-12.0,7.075412037023908,12.0,-2.565784145717895e-06,-0.0006177560939984274,-0.0006177551961473305,-0.001145725282590697,0.001765801841042107,0.0006177560939984274
3,0.002125297809480593,-11.45724924632592,0.9037687271478753,-12.0,7.084286751572042,12.0,-2.56602637554965e-06,-0.0006180518024424168,-0.0006180508986736897,-0.001145724924632592,0.001766097433609456,0.0006180518024424168
3,0.0021254978094805933,-11.45724568335488,0.9096788937320353,-12.0,7.09315027906443,12.0,-2.565777584172378e-06,-0.0006183471385332396,-0.0006183462288543457,-0.001145724568335488,0.001766392164474241,0.0006183471385332395
3,0.0021256978094805934,-11.45724211327776,0.915581595366324,-12.0,7.102002605504323,12.0,-2.566019587649314e-06,-0.0006186421010137998,-0.0006186411854322044,-0.001145724211327776,0.00176668701182323,0.0006186421010138
3,0.0021258978094805935,-11.45723855981458,0.9214768148248456,-12.0,7.110843716912706,12.0,-2.56577104411724e-06,-0.0006189366902087862,-0.0006189357687319712,-0.001145723855981458,0.001766980997010124,0.000618936690208786
3,0.0021260978094805936,-11.45723499927544,0.9273645506966952,-12.0,7.119673599328268,12.0,-2.566012821195399e-06,-0.0006192309048631573,-0.0006192299774986065,-0.001145723499927544,0.001767275097277873,0.0006192309048631573
3,0.0021262978094805937,-11.4572314553529,0.9332447857887246,-12.0,7.128492238807393,12.0,-2.565764524952645e-06,-0.000619524745301867,-0.0006195238120570812,-0.00114572314553529,0.001767568334926625,0.0006195247453018669
3,0.002126497809480594,-11.45722790438334,0.9391175187049369,-12.0,7.137299621424262,12.0,-2.56600607563553e-06,-0.0006198182102719325,-0.0006198172711544139,-0.001145722790438334,0.001767861686256329,0.0006198182102719325
3,0.002126697809480594,-11.45722437003201,0.9449827322849969,-12.0,7.146095733270824,12.0,-2.565758026170902e-06,-0.0006201113000985828,-0.0006201103551158506,-0.001145722437003201,0.001768154174510859,0.0006201113000985828
3,0.002126897809480594,-11.45722082866158,0.9508404251478353,-12.0,7.154880560456796,12.0,-2.565999350502762e-06,-0.0006204040135308962,-0.0006204030626904709,-0.001145722082866158,0.001768446775049303,0.0006204040135308961
3,0.002127097809480594,-11.45721730391011,0.9566905801659262,-12.0,7.163654089109746,12.0,-2.565751547343596e-06,-0.0006206963508943822,-0.0006206953942038019,-0.001145721730391011,0.001768738512059578,0.000620696350894382
3,0.0021272978094805943,-11.45721377216659,0.9625331959732076,-12.0,7.172416305375066,12.0,-2.565992645403256e-06,-0.0006209883109401858,-0.0006209873484069898,-0.001145721377216659,0.001769030359959521,0.0006209883109401858
3,0.0021274978094805944,-11.45721025704198,0.9683682554750174,-12.0,7.181167195416068,12.0,-2.565745088109559e-06,-0.0006212798939941052,-0.0006212789256258497,-0.001145721025704198,0.001769321343878765,0.0006212798939941051
3,0.0021276978094805945,-11.45720673495159,0.9741957573203034,-12.0,7.189906745413826,12.0,-2.565985960005631e-06,-0.0006215710988093523,-0.0006215701246135949,-0.001145720673495159,0.001769612437296919,0.0006215710988093523
3,0.0021278978094805947,-11.45720322947943,0.9800156844472615,-12.0,7.198634941567451,12.0,-2.565738648165523e-06,-0.000621861925712019,-0.0006218609456963345,-0.001145720322947943,0.001769902666284741,0.000621861925712019
3,0.0021280978094805948,-11.45719971706712,0.9858280355200146,-12.0,7.207351770093941,12.0,-2.565979294031437e-06,-0.0006221523734573927,-0.000622151387629357,-0.001145719971706713,0.00177019300338331,0.0006221523734573927
3,0.002128297809480595,-11.45719622127177,0.9916327935095649,-12.0,7.21605721722817,12.0,-2.565732227257202e-06,-0.0006224424423718607,-0.000622441450739067,-0.001145719622127177,0.001770482475603414,0.0006224424423718606
3,0.002128497809480595,-11.45719271856136,0.9974299570952339,-12.0,7.2247512692231,12.0,-2.565972647247837e-06,-0.0006227321312127867,-0.0006227311337828296,-0.001145719271856136,0.00177077205454876,0.0006227321312127867
3,0.002128697809480595,-11.45718923246614,1.003219509280981,-12.0,7.233433912349636,12.0,-2.565725825172426e-06,-0.0006230214403068655,-0.0006230204370873562,-0.001145718923246614,0.001771060768169918,0.0006230214403068655
3,0.0021288978094805952,-11.45718573948043,1.009001448761314,-12.0,7.242105132896675,12.0,-2.565966019461003e-06,-0.0006233103684135362,-0.0006233093594120873,-0.001145718573948043,0.001771349587133822,0.0006233103684135362
3,0.0021290978094805953,-11.45718226310777,1.014775758573147,-12.0,7.250764917171189,12.0,-2.565719441735384e-06,-0.0006235989158598043,-0.0006235979010840457,-0.001145718226310777,0.001771637540329646,0.0006235989158598043
3,0.0021292978094805954,-11.45717877986876,1.020542437426303,-12.0,7.259413251498207,12.0,-2.565959410510232e-06,-0.0006238870814071905,-0.0006238860608647529,-0.001145717877986876,0.001771925597488973,0.0006238870814071904
3,0.0021294978094805956,-11.45717531324027,1.026301468390656,-12.0,7.268050122220804,12.0,-2.565713076800284e-06,-0.0006241748653830149,-0.0006241738390815465,-0.001145717531324027,0.001772212788437438,0.0006241748653830148
3,0.0021296978094805957,-11.45717183976922,1.03205285019139,-12.0,7.276675515700197,12.0,-2.565952820263498e-06,-0.0006244622665508809,-0.0006244612344980306,-0.001145717183976922,0.001772500081972922,0.0006244622665508808
3,0.002129897809480596,-11.45716838290587,1.03779656593141,-12.0,7.28528941831571,12.0,-2.565706730248133e-06,-0.0006247492852384301,-0.0006247482474418641,-0.001145716838290587,0.001772786508857969,0.0006247492852384301
3,0.002130097809480596,-11.45716491922341,1.043532614351322,-12.0,7.293891816464829,12.0,-2.565946248612836e-06,-0.0006250359202113508,-0.0006250348766787364,-0.001145716491922341,0.001773073036956258,0.0006250359202113508
3,0.002130297809480596,-11.45716147214556,1.049260978587068,-12.0,7.302482696563168,12.0,-2.565700401981997e-06,-0.0006253221717976101,-0.0006253211225366313,-0.001145716147214556,0.001773358697965367,0.0006253221717976099
3,0.002130497809480596,-11.45715801827175,1.054981657394736,-12.0,7.311062045044554,12.0,-2.565939695470996e-06,-0.0006256080387649819,-0.0006256069837833245,-0.001145715801827175,0.001773644458817597,0.0006256080387649819
3,0.0021306978094805962,-11.45715458099926,1.060694633943402,-12.0,7.319629848361073,12.0,-2.56569409192483e-06,-0.0006258935214417673,-0.0006258924607471332,-0.001145715458099926,0.001773929352143888,0.0006258935214417671
3,0.0021308978094805964,-11.45715113695371,1.066399907004672,-12.0,7.328186092982936,12.0,-2.56593316076874e-06,-0.0006261786185978265,-0.0006261775521979192,-0.001145715113695372,0.001774214343945914,0.0006261786185978264
3,0.0021310978094805965,-11.45714770950599,1.072097459780721,-12.0,7.336730765398674,12.0,-2.56568780001566e-06,-0.0006264633305617954,-0.0006264622584643356,-0.001145714770950599,0.001774498467787356,0.0006264633305617954
3,0.0021312978094805966,-11.45714427530788,1.077787291058854,-12.0,7.345263852115133,12.0,-2.565926644451915e-06,-0.000626747656105628,-0.000626746578318337,-0.001145714427530788,0.001774782688739902,0.000626747656105628
3,0.0021314978094805967,-11.45714085770393,1.083469384074351,-12.0,7.353785339657332,12.0,-2.565681526207484e-06,-0.0006270315955582983,-0.000627030512088914,-0.001145714085770393,0.001775066041299115,0.0006270315955582981
3,0.002131697809480597,-11.45713743337208,1.089143737630205,-12.0,7.362295214568726,12.0,-2.565920146479551e-06,-0.0006273151476938521,-0.0006273140585501144,-0.001145713743337208,0.001775349489608456,0.0006273151476938521
3,0.002131897809480597,-11.45713402563057,1.094810334994941,-12.0,7.370793463411049,12.0,-2.565675270465513e-06,-0.0006275983128416111,-0.0006275972180312758,-0.001145713402563058,0.001775632069093062,0.0006275983128416108
3,0.002132097809480597,-11.45713061118348,1.100469174987287,-12.0,7.37928007276442,12.0,-2.565913666821925e-06,-0.0006278810897777133,-0.0006278799893085384,-0.001145713061118348,0.001775914742969375,0.0006278810897777133
3,0.002132297809480597,-11.45712721332279,1.106120240908999,-12.0,7.3877550292273,12.0,-2.565669032765102e-06,-0.0006281634788318304,-0.0006281623727115892,-0.001145712721332279,0.001776196547592167,0.0006281634788318301
3,0.0021324978094805973,-11.45712380877865,1.11176353159463,-12.0,7.396218319416585,12.0,-2.565907205458467e-06,-0.0006284454787821956,-0.0006284443670186641,-0.001145712380877865,0.001776478445250646,0.0006284454787821956
3,0.0021326978094805974,-11.45712042081687,1.11739903037924,-12.0,7.4046699299676,12.0,-2.565662813090883e-06,-0.0006287270899588361,-0.0006287259725598057,-0.001145712042081687,0.001776759473229231,0.000628727089958836
3,0.0021328978094805975,-11.45711702619365,1.123026736113258,-12.0,7.413109847534073,12.0,-2.5659007623772e-06,-0.0006290083111420815,-0.0006290071881153455,-0.001145711702619365,0.001777040592890623,0.0006290083111420815
3,0.0021330978094805976,-11.45711364814865,1.128646632165059,-12.0,7.421538058788233,12.0,-2.565656611434726e-06,-0.0006292891426623177,-0.0006292880140156854,-0.001145711364814865,0.001777320842447133,0.0006292891426623174
3,0.0021332978094805977,-11.45711026346408,1.134258717401056,-12.0,7.429954550420797,12.0,-2.565894337572922e-06,-0.0006295695833019741,-0.0006295684490432566,-0.001145711026346408,0.001777601182336592,0.0006295695833019741
3,0.002133497809480598,-11.4571068953535,1.139862975222968,-12.0,7.438359309140954,12.0,-2.565650427795121e-06,-0.0006298496333917988,-0.0006298484935288234,-0.00114571068953535,0.001777880651698807,0.0006298496333917986
3,0.002133697809480598,-11.4571035206251,1.145459404513236,-12.0,7.446752321676452,12.0,-2.565887931046571e-06,-0.0006301292917163217,-0.000630128146256917,-0.001145710352062511,0.001778160210047027,0.0006301292917163216
3,0.002133897809480598,-11.45710016246642,1.151047988706994,-12.0,7.455133574773591,12.0,-2.565644262175885e-06,-0.0006304085586066598,-0.0006304074075586709,-0.001145710016246642,0.00177843889744632,0.0006304085586066597
3,0.002134097809480598,-11.45709679771156,1.156628726702772,-12.0,7.463503055197204,12.0,-2.565881542803995e-06,-0.0006306874328494431,-0.0006306862762207165,-0.001145709679771156,0.001778717672488637,0.0006306874328494432
3,0.0021342978094805983,-11.45709344952205,1.162201601969129,-12.0,7.471860749730742,12.0,-2.565638114585855e-06,-0.0006309659147761613,-0.0006309647525745591,-0.001145709344952205,0.001778995576162841,0.0006309659147761613
3,0.0021344978094805984,-11.45709009475791,1.167766613420798,-12.0,7.480206645176285,12.0,-2.565875172855725e-06,-0.0006312440031755487,-0.0006312428354089352,-0.001145709009475791,0.001779273566139057,0.0006312440031755486
3,0.0021346978094805985,-11.45708675655472,1.173323744559822,-12.0,7.488540728354538,12.0,-2.565631985037842e-06,-0.0006315216983794717,-0.000631520525055727,-0.001145708675655472,0.001779550684330423,0.0006315216983794717
3,0.0021348978094805986,-11.45708341179833,1.17887299431712,-12.0,7.496862986104786,12.0,-2.565868821215803e-06,-0.0006317989991787666,-0.0006317978203057723,-0.001145708341179833,0.001779827887485967,0.0006317989991787667
3,0.0021350978094805987,-11.45708008359844,1.184414346228275,-12.0,7.505173405285097,12.0,-2.565625873548161e-06,-0.0006320759059056825,-0.000632074721491336,-0.001145708008359845,0.001780104218441106,0.0006320759059056822
3,0.002135297809480599,-11.45707674886672,1.189947799240555,-12.0,7.513471972772185,12.0,-2.565862487901868e-06,-0.0006323524173531631,-0.0006323512274053637,-0.001145707674886672,0.001780380633025966,0.000632352417353163
3,0.002135497809480599,-11.45707343068701,1.195473336923052,-12.0,7.521758675461453,12.0,-2.565619780135933e-06,-0.0006326285338538402,-0.0006326273383805032,-0.001145707343068701,0.001780656174997527,0.0006326285338538401
3,0.002135697809480599,-11.45707010599673,1.200990958239421,-12.0,7.530033500267081,12.0,-2.565856172933758e-06,-0.0006329042542027659,-0.0006329030532118077,-0.001145707010599673,0.001780931799267129,0.0006329042542027659
3,0.002135897809480599,-11.45706679785394,1.206500646792375,-12.0,7.538296434122,12.0,-2.565613704823038e-06,-0.0006331795787329626,-0.0006331783722323156,-0.001145706679785394,0.001781206550511655,0.0006331795787329626
3,0.0021360978094805993,-11.45706348322177,1.212002401561991,-12.0,7.546547463977888,12.0,-2.565849876334257e-06,-0.0006334545062415896,-0.0006334532942391881,-0.001145706348322177,0.00178148138272603,0.0006334545062415898
3,0.0021362978094805994,-11.45706018513253,1.217496206184619,-12.0,7.554786576805254,12.0,-2.565607647633384e-06,-0.0006337290370620638,-0.0006337278195658574,-0.001145706018513253,0.00178175534150599,0.0006337290370620636
3,0.0021364978094805995,-11.45705688057503,1.222982059656868,-12.0,7.563013759593415,12.0,-2.565843598127703e-06,-0.0006340031699936547,-0.000634001947011595,-0.001145705688057503,0.001782029379930143,0.0006340031699936547
3,0.0021366978094805996,-11.45705359255588,1.228459945648762,-12.0,7.571228999350538,12.0,-2.565601608592873e-06,-0.0006342769053701778,-0.0006342756769102321,-0.001145705359255588,0.001782302544512611,0.0006342769053701776
3,0.0021368978094805998,-11.45705029808951,1.233929863173482,-12.0,7.579432283103612,12.0,-2.565837338340134e-06,-0.0006345502419930131,-0.0006345490080631499,-0.001145705029808951,0.001782575787416714,0.0006345502419930131
3,0.0021370978094806,-11.45704702015688,1.239391795934759,-12.0,7.587623597898537,12.0,-2.56559558772904e-06,-0.000634823180196378,-0.000634821940804582,-0.001145704702015688,0.001782848156074038,0.0006348231801963777
3,0.0021372978094806,-11.45704373579802,1.244845742962474,-12.0,7.595802930800151,12.0,-2.565831096999516e-06,-0.0006350957187837677,-0.0006350944739380247,-0.001145704373579802,0.00178312060173304,0.0006350957187837677
3,0.0021374978094806,-11.45704046796824,1.250291687994075,-12.0,7.603970268892114,12.0,-2.565589585070333e-06,-0.000635367858089804,-0.0006353666077981158,-0.001145704046796824,0.001783392172742527,0.0006353678580898039
3,0.0021376978094806,-11.45703719373316,1.255729630076144,-12.0,7.612125599277098,12.0,-2.565824874134615e-06,-0.0006356395969200955,-0.0006356383411904654,-0.001145703719373316,0.00178366381943679,0.0006356395969200954
3,0.0021378978094806003,-11.45703393602251,1.261159552979988,-12.0,7.620268909076766,12.0,-2.5655836006467e-06,-0.000635910935609678,-0.0006359096744501249,-0.001145703393602251,0.001783934591080176,0.0006359109356096778
3,0.0021380978094806004,-11.45703067192741,1.266581455768928,-12.0,7.628400185431654,12.0,-2.565818669775632e-06,-0.0006361818729662726,-0.0006361806063848168,-0.001145703067192741,0.001784205437095271,0.0006361818729662726
3,0.0021382978094806005,-11.45702742435205,1.271995322248109,-12.0,7.636519415501413,12.0,-2.565577634489162e-06,-0.0006364524093253304,-0.0006364511373300082,-0.001145702742435205,0.00178447540766011,0.0006364524093253304
3,0.0021384978094806007,-11.45702417041304,1.277401151497762,-12.0,7.644626586464679,12.0,-2.565812483953105e-06,-0.0006367225434966917,-0.0006367212660955402,-0.001145702417041304,0.001784745451285912,0.0006367225434966917
3,0.0021386978094806008,-11.45702093298908,1.282798927356835,-12.0,7.652721685519067,12.0,-2.565571686629288e-06,-0.0006369922758162233,-0.0006369909930172958,-0.001145702093298908,0.001785014619064384,0.0006369922758162232
3,0.002138897809480601,-11.4570176892222,1.288188648922511,-12.0,7.660804699881357,12.0,-2.56580631669879e-06,-0.0006372616050958845,-0.0006372603169072356,-0.00114570176892222,0.001785283858596523,0.0006372616050958846
3,0.002139097809480601,-11.45701446196566,1.293570300067682,-12.0,7.668875616787354,12.0,-2.565565757099572e-06,-0.0006375305316719672,-0.000637529238101667,-0.001145701446196566,0.001785552221886492,0.0006375305316719672
3,0.002139297809480601,-11.45701122838687,1.298943879906503,-12.0,7.676934423491989,12.0,-2.565800168044997e-06,-0.0006377990543585487,-0.0006377977554146687,-0.001145701122838687,0.00178582065562522,0.0006377990543585487
3,0.0021394978094806012,-11.45700801131369,1.304309372345808,-12.0,7.684981107269284,12.0,-2.565559845932852e-06,-0.0006380671734923477,-0.0006380658691829751,-0.00114570080113137,0.00178608821272871,0.0006380671734923475
3,0.0021396978094806013,-11.4570047879389,1.309666776516817,-12.0,7.69301565541244,12.0,-2.565794038024366e-06,-0.0006383348878895624,-0.0006383335782227859,-0.00114570047879389,0.001786355838979616,0.0006383348878895623
3,0.0021398978094806015,-11.45700158106497,1.31501607636038,-12.0,7.701038055233818,12.0,-2.565553953162672e-06,-0.0006386021978873439,-0.0006386008828712673,-0.001145700158106497,0.001786622588204355,0.0006386021978873438
3,0.0021400978094806016,-11.45699836790998,1.32035727102482,-12.0,7.709048294064931,12.0,-2.565787926670334e-06,-0.0006388691023040111,-0.00063886778194674,-0.001145699836790998,0.001786889405278634,0.0006388691023040111
3,0.0021402978094806017,-11.45699517125111,1.325690344485021,-12.0,7.717046359256531,12.0,-2.565548078822701e-06,-0.0006391356014771512,-0.0006391342757868066,-0.001145699517125111,0.001787155344937207,0.000639135601477151
3,0.002140497809480602,-11.45699196833169,1.331015295906528,-12.0,7.725032238178593,12.0,-2.56578183401636e-06,-0.0006394016942272065,-0.0006394003632119107,-0.001145699196833168,0.001787421351149852,0.0006394016942272065
3,0.002140697809480602,-11.45698878190361,1.336332109298266,-12.0,7.733005918220299,12.0,-2.565542222947354e-06,-0.0006396673808922034,-0.0006396660445600941,-0.001145698878190361,0.001787686479560415,0.0006396673808922033
3,0.002140897809480602,-11.45698558923544,1.341640783843042,-12.0,7.740967386790124,12.0,-2.565775760096211e-06,-0.0006399326602947082,-0.0006399313186539243,-0.001145698558923544,0.001787951673232997,0.0006399326602947082
3,0.002141097809480602,-11.45698241305385,1.34694130358392,-12.0,7.748916631315841,12.0,-2.565536385570963e-06,-0.0006401975327731922,-0.0006401961858318885,-0.001145698241305385,0.001788215988718228,0.0006401975327731921
3,0.0021412978094806022,-11.45697923065256,1.352233667721042,-12.0,7.756853639244521,12.0,-2.565769704944232e-06,-0.000640461997152348,-0.0006404606449186801,-0.001145697923065256,0.001788480368175762,0.0006404619971523479
3,0.0021414978094806024,-11.45697606473306,1.357517860331571,-12.0,7.764778398042489,12.0,-2.565530566728289e-06,-0.000640726053771092,-0.0006407246962532316,-0.001145697606473306,0.001788743869064225,0.0006407260537710918
3,0.0021416978094806025,-11.45697289261421,1.362793880633069,-12.0,7.772690895195513,12.0,-2.565763668594604e-06,-0.0006409897014562444,-0.0006409883386623638,-0.001145697289261421,0.001789007432638908,0.0006409897014562444
3,0.0021418978094806026,-11.45696973697235,1.36806171273692,-12.0,7.78059111820868,12.0,-2.565524766454069e-06,-0.0006412529405471762,-0.0006412515724854633,-0.001145696973697235,0.001789270117263202,0.0006412529405471761
3,0.0021420978094806027,-11.45696657515143,1.373321355878109,-12.0,7.788479054606439,12.0,-2.565757651081969e-06,-0.000641515769872833,-0.0006415143965514771,-0.001145696657515143,0.00178953286329108,0.0006415157698728331
3,0.002142297809480603,-11.4569634298027,1.378572794202252,-12.0,7.796354691932671,12.0,-2.565518984783258e-06,-0.000641778189773042,-0.0006417768112002478,-0.00114569634298027,0.001789794729989684,0.000641778189773042
3,0.002142497809480603,-11.45696027829516,1.383816026961888,-12.0,7.804218017750681,12.0,-2.565751652440861e-06,-0.0006420401990788793,-0.0006420388152628524,-0.001145696027829516,0.001790056656811983,0.0006420401990788793
3,0.002142697809480603,-11.45695714325498,1.389051038336873,-12.0,7.812069019643184,12.0,-2.565513221751083e-06,-0.0006423017981306313,-0.0006423004090795927,-0.001145695714325498,0.001790317703928654,0.0006423017981306311
3,0.002142897809480603,-11.45695400207619,1.394277827597344,-12.0,7.819907685212385,12.0,-2.565745672705946e-06,-0.0006425629857615043,-0.0006425615914836766,-0.001145695400207619,0.001790578809892621,0.0006425629857615042
3,0.0021430978094806033,-11.45695087735993,1.399496378957477,-12.0,7.827734002079973,12.0,-2.565507477392465e-06,-0.0006428237623122497,-0.0006428223628158707,-0.001145695087735994,0.00179083903577598,0.0006428237623122496
3,0.0021432978094806034,-11.4569477465252,1.404706691705057,-12.0,7.835547957887103,12.0,-2.565739711911953e-06,-0.0006430841266182047,-0.0006430827219115128,-0.00114569477465252,0.001791099319232882,0.0006430841266182047
3,0.0021434978094806035,-11.45694463214817,1.409908750088598,-12.0,7.843349540294486,12.0,-2.565501751742913e-06,-0.0006433440790205888,-0.0006433426691118386,-0.001145694463214817,0.001791358722237235,0.0006433440790205888
3,0.0021436978094806036,-11.45694151167275,1.41510255341362,-12.0,7.851138736982342,12.0,-2.565733770093802e-06,-0.0006436036183568722,-0.0006436022032543187,-0.001145694151167275,0.001791618181544188,0.0006436036183568722
3,0.0021438978094806037,-11.4569384076502,1.420288085963038,-12.0,7.858915535650515,12.0,-2.565496044837258e-06,-0.0006438627449687478,-0.0006438613246806616,-0.00114569384076502,0.001791876760028508,0.0006438627449687478
3,0.002144097809480604,-11.45693529754929,1.425465347060138,-12.0,7.866679924018321,12.0,-2.56572784728632e-06,-0.0006441214576958185,-0.0006441200322304712,-0.001145693529754929,0.001792135393547452,0.0006441214576958183
3,0.002144297809480604,-11.45693220389639,1.430634321022225,-12.0,7.874431889824743,12.0,-2.565490356711022e-06,-0.000644379756880252,-0.0006443783262459308,-0.001145693220389639,0.00179239314587585,0.0006443797568802519
3,0.002144497809480604,-11.45692910418512,1.435795007190519,-12.0,7.882171420828413,12.0,-2.565721943524079e-06,-0.0006446376413637895,-0.0006446362055687821,-0.001145692910418512,0.001792650951975147,0.0006446376413637894
3,0.002144697809480604,-11.45692602091701,1.440947389916722,-12.0,7.889898504807489,12.0,-2.565484687399245e-06,-0.0006448951114890766,-0.0006448936705416869,-0.001145692602091701,0.001792907876517343,0.0006448951114890767
3,0.0021448978094806043,-11.45692293161047,1.446091468559983,-12.0,7.897613129559893,12.0,-2.565716058841965e-06,-0.0006451521660999913,-0.0006451507200085225,-0.001145692293161047,0.001793164853568638,0.0006451521660999909
3,0.0021450978094806044,-11.4569198587422,1.451227227506543,-12.0,7.905315282903192,12.0,-2.565479036937293e-06,-0.0006454088055396651,-0.0006454073543124373,-0.00114569198587422,0.00179342094869965,0.000645408805539665
3,0.0021452978094806045,-11.4569167798554,1.456354666133479,-12.0,7.913004952674582,12.0,-2.565710193274799e-06,-0.0006456650286541105,-0.0006456635722994442,-0.00114569167798554,0.001793677095081323,0.0006456650286541104
3,0.0021454978094806046,-11.456913717402,1.461473768861583,-12.0,7.920682126731063,12.0,-2.565473405360054e-06,-0.0006459208357869484,-0.0006459193743131792,-0.0011456913717402,0.00179393235918088,0.000645920835786948
3,0.0021456978094806047,-11.4569106489499,1.466584535086021,-12.0,7.928346792949334,12.0,-2.565704346857185e-06,-0.0006461762257863313,-0.0006461747592017961,-0.00114569106489499,0.001794187673276791,0.0006461762257863313
3,0.002145897809480605,-11.45690759692632,1.471686949262111,-12.0,7.935998939225818,12.0,-2.565467792702787e-06,-0.0006464311989963706,-0.0006464297273094215,-0.001145690759692632,0.001794442104730075,0.0006464311989963708
3,0.002146097809480605,-11.45690453892382,1.476781010803151,-12.0,7.943638553476742,12.0,-2.565698519623889e-06,-0.0006466857542673592,-0.0006466842774863484,-0.001145690453892382,0.001794696584927636,0.0006466857542673591
3,0.002146297809480605,-11.45690149734494,1.481866704199068,-12.0,7.951265623638111,12.0,-2.565462199000476e-06,-0.0006469398919439045,-0.0006469384100772002,-0.001145690149734494,0.001794950182125571,0.0006469398919439044
3,0.002146497809480605,-11.45689844980688,1.486944028881348,-12.0,7.958880137665752,12.0,-2.565692711609471e-06,-0.0006471936108784404,-0.0006471921239344116,-0.001145689844980688,0.001795203826818658,0.0006471936108784404
3,0.0021466978094806053,-11.45689541868755,1.492012969374547,-12.0,7.966482083535288,12.0,-2.565456624288227e-06,-0.0006474469114160742,-0.0006474454194031048,-0.001145689541868755,0.001795456588157143,0.0006474469114160742
3,0.0021468978094806054,-11.45689238162872,1.497073525128403,-12.0,7.974071449242217,12.0,-2.565686922848359e-06,-0.0006476997924113816,-0.0006476982953378564,-0.001145689238162873,0.001795709395745058,0.0006476997924113815
3,0.0021470978094806055,-11.45688936098371,1.502125680702163,-12.0,7.981648222801908,12.0,-2.565451068600674e-06,-0.0006479522542099746,-0.0006479507520842938,-0.001145688936098371,0.001795961319624922,0.0006479522542099745
3,0.0021472978094806056,-11.45688633441885,1.507169435563863,-12.0,7.989212392249577,12.0,-2.565681153375125e-06,-0.0006482042956685714,-0.0006482027884991358,-0.001145688633441885,0.001796213288511832,0.0006482042956685714
3,0.0021474978094806058,-11.45688332426288,1.512204774307459,-12.0,7.996763945640371,12.0,-2.565445531972868e-06,-0.0006484559171332914,-0.000648454404928517,-0.001145688332426288,0.001796464373339039,0.0006484559171332912
3,0.002147697809480606,-11.45688030820665,1.517231696419402,-12.0,8.004302871049395,12.0,-2.565675403224186e-06,-0.0006487071174629993,-0.0006487056002313028,-0.001145688030820665,0.001796715501934972,0.0006487071174629993
3,0.002147897809480606,-11.45687730855439,1.522250186528364,-12.0,8.011829156571608,12.0,-2.565440014439418e-06,-0.0006489578970043245,-0.0006489563747541377,-0.001145687730855439,0.001796965746121819,0.0006489578970043244
3,0.002148097809480606,-11.45687430302141,1.527260244139226,-12.0,8.019342790321987,12.0,-2.565669672429603e-06,-0.0006492082546182761,-0.0006492067273580319,-0.001145687430302141,0.001797216032840646,0.0006492082546182762
3,0.002148297809480606,-11.45687131388746,1.532261853915486,-12.0,8.026843760435499,12.0,-2.565434516034983e-06,-0.0006494581906520013,-0.0006494566583901473,-0.001145687131388746,0.001797465434804541,0.0006494581906520013
3,0.0021484978094806063,-11.45686831889229,1.537255015380527,-12.0,8.034332055067088,12.0,-2.565663961025612e-06,-0.0006497077039686562,-0.0006497061667136407,-0.001145686831889229,0.00179771487806639,0.0006497077039686561
3,0.0021486978094806064,-11.45686534029119,1.542239713232643,-12.0,8.041807662391696,12.0,-2.565429036794273e-06,-0.0006499567949159054,-0.000649955252676192,-0.001145686534029119,0.001797963436229527,0.0006499567949159053
3,0.0021488978094806066,-11.45686235584833,1.547215947013795,-12.0,8.049270570604325,12.0,-2.565658269046326e-06,-0.000650205462359053,-0.0006502039151431061,-0.001145686235584833,0.001798212034460773,0.000650205462359053
3,0.0021490978094806067,-11.45685938779459,1.552183701457152,-12.0,8.056720767920039,12.0,-2.565423576751605e-06,-0.0006504537066462888,-0.0006504521544625872,-0.001145685938779459,0.001798459747250103,0.0006504537066462887
3,0.0021492978094806068,-11.45685641391847,1.557142976123294,-12.0,8.064158242573937,12.0,-2.565652596525811e-06,-0.0006507015266450644,-0.0006506999695020881,-0.001145685641391847,0.001798707498880676,0.0006507015266450643
3,0.002149497809480607,-11.45685345642652,1.562093755780281,-12.0,8.07158298282124,12.0,-2.56541813594139e-06,-0.0006509489227040961,-0.0006509473606103403,-0.001145685345642653,0.001798954364730058,0.000650948922704096
3,0.002149697809480607,-11.45685049313154,1.567036040007411,-12.0,8.078994976937285,12.0,-2.565646943497787e-06,-0.0006511958936929874,-0.0006511943266569474,-0.001145685049313154,0.00179920126819696,0.0006511958936929875
3,0.002149897809480607,-11.45684754621575,1.571969813607655,-12.0,8.086394213217496,12.0,-2.56541271439773e-06,-0.0006514424399609842,-0.0006514408679911705,-0.001145684754621575,0.00179944728554417,0.0006514424399609841
3,0.0021500978094806072,-11.45684459351623,1.576895076179069,-12.0,8.09378067997748,12.0,-2.565641309996302e-06,-0.000651688560379841,-0.0006516869834847648,-0.001145684459351623,0.001799693339288644,0.0006516885603798411
3,0.0021502978094806073,-11.45684165719094,1.581811812559609,-12.0,8.101154365553008,12.0,-2.565407312154937e-06,-0.0006519342552993399,-0.0006519326734875273,-0.001145684165719094,0.001799938506577769,0.0006519342552993399
3,0.0021504978094806075,-11.45683871510115,1.58672002236614,-12.0,8.108515258300006,12.0,-2.565635696054847e-06,-0.0006521795235933867,-0.0006521779368733644,-0.001145683871510115,0.001800183709046754,0.0006521795235933867
3,0.0021506978094806076,-11.4568357893806,1.591619690471614,-12.0,8.115863346594628,12.0,-2.56540192924696e-06,-0.0006524243656123015,-0.0006524227739926109,-0.00114568357893806,0.001800428024726599,0.0006524243656123015
3,0.0021508978094806077,-11.45683285791476,1.596510816511787,-12.0,8.123198618833229,12.0,-2.565630101707051e-06,-0.0006526687802321441,-0.0006526671837213275,-0.001145683285791476,0.00180067237437247,0.0006526687802321441
3,0.002151097809480608,-11.45682994281318,1.601393385394674,-12.0,8.130521063432456,12.0,-2.56539656570772e-06,-0.0006529127678037782,-0.0006529111664103928,-0.001145682994281318,0.001800915836897958,0.0006529127678037782
3,0.002151297809480608,-11.45682702198545,1.606267396774942,-12.0,8.137830668829105,12.0,-2.565624526986453e-06,-0.0006531563272054164,-0.0006531547209380195,-0.001145682702198545,0.001801159332178141,0.0006531563272054163
3,0.002151497809480608,-11.45682411751698,1.611132835595673,-12.0,8.145127423480353,12.0,-2.565391221571121e-06,-0.0006533994587884681,-0.0006533978476556324,-0.001145682411751698,0.001801401940009045,0.0006533994587884682
3,0.002151697809480608,-11.45682120734145,1.615989701530594,-12.0,8.152411315863631,12.0,-2.565618971926246e-06,-0.000653642161433304,-0.0006536405454436023,-0.001145682120734145,0.001801644579386572,0.0006536421614333038
3,0.0021518978094806082,-11.45681831352018,1.620837979557845,-12.0,8.159682334476656,12.0,-2.565385896870805e-06,-0.0006538844354918811,-0.0006538828146539015,-0.001145681831352018,0.001801886330987716,0.0006538844354918811
3,0.0021520978094806084,-11.45681541401092,1.625677669370239,-12.0,8.16694046783751,12.0,-2.565613436559793e-06,-0.0006541262798467271,-0.0006541246541690578,-0.001145681541401092,0.001802128112931534,0.0006541262798467271
3,0.0021522978094806085,-11.45681253085088,1.630508755981075,-12.0,8.174185704484614,12.0,-2.565380591640374e-06,-0.000654367694850354,-0.000654366064341598,-0.001145681253085088,0.001802369006774146,0.0006543676948503539
3,0.0021524978094806086,-11.45680964202186,1.635331239102276,-12.0,8.181418032976737,12.0,-2.565607920920307e-06,-0.0006546086793874459,-0.0006546070440562069,-0.001145680964202186,0.001802609929757792,0.000654608679387446
3,0.0021526978094806087,-11.45680676953705,1.640145103782325,-12.0,8.18863744189305,12.0,-2.565375305913172e-06,-0.0006548492338110726,-0.0006548475936659687,-0.001145680676953705,0.00180284996431787,0.0006548492338110725
3,0.002152897809480609,-11.4568038914022,1.64495034975235,-12.0,8.195843919833122,12.0,-2.56560242504072e-06,-0.0006550893570080772,-0.0006550877120577273,-0.00114568038914022,0.001803090026820214,0.0006550893570080773
3,0.002153097809480609,-11.45680102960652,1.649746962096047,-12.0,8.203037455416954,12.0,-2.565370039722727e-06,-0.000655329049332091,-0.0006553273995851286,-0.001145680102960652,0.001803329200579254,0.0006553290493320908
3,0.002153297809480609,-11.45679816217972,1.654534940563786,-12.0,8.210218037284948,12.0,-2.565596948953915e-06,-0.0006555683096721163,-0.0006555666551371756,-0.001145679816217972,0.001803568401085874,0.0006555683096721162
3,0.002153497809480609,-11.45679531108706,1.659314270274508,-12.0,8.217385654097995,12.0,-2.565364793102282e-06,-0.000655807138382349,-0.0006558054790680785,-0.001145679531108706,0.001803806712530968,0.0006558071383823488
3,0.0021536978094806093,-11.45679245438213,1.664084950997926,-12.0,8.224540294537464,12.0,-2.565591492692644e-06,-0.0006560455343539538,-0.0006560438702690027,-0.001145679245438213,0.001804045049531771,0.0006560455343539537
3,0.0021538978094806094,-11.45678961400628,1.668846967888236,-12.0,8.231681947305175,12.0,-2.565359566084832e-06,-0.0006562834979416941,-0.0006562818290947259,-0.001145678961400628,0.001804282497155335,0.000656283497941694
3,0.0021540978094806095,-11.45678676803698,1.673600320734528,-12.0,8.238810601123488,12.0,-2.565586056289593e-06,-0.000656521028038896,-0.0006565193544385753,-0.001145678676803698,0.001804519969145773,0.0006565210280388959
3,0.0021542978094806096,-11.4567839383917,1.678344994726351,-12.0,8.245926244735324,12.0,-2.565354358703449e-06,-0.0006567581250008975,-0.0006567564466559026,-0.00114567839383917,0.001804756551445663,0.0006567581250008973
3,0.0021544978094806097,-11.45678110317173,1.683080989672194,-12.0,8.253028866904051,12.0,-2.565580639777313e-06,-0.0006569947877231857,-0.000656993104642196,-0.001145678110317173,0.001804993156927129,0.0006569947877231858
3,0.00215469780948061,-11.45677828427072,1.687808290796954,-12.0,8.260118456413698,12.0,-2.565349170991046e-06,-0.0006572310165616744,-0.0006572293287533836,-0.001145677828427072,0.001805228872406681,0.0006572310165616743
3,0.00215489780948061,-11.45677545981372,1.692526897928671,-12.0,8.267195002068846,12.0,-2.56557524318832e-06,-0.0006574668104140176,-0.0006574651178871195,-0.001145677545981372,0.001805464609885594,0.0006574668104140175
3,0.00215509780948061,-11.45677265167061,1.697236796327563,-12.0,8.274258492694614,12.0,-2.565344002980503e-06,-0.0006577021696367053,-0.0006577004723999088,-0.001145677265167061,0.001805699457053682,0.0006577021696367052
3,0.00215529780948061,-11.45676983799019,1.701937985841247,-12.0,8.281308917136824,12.0,-2.565569866554768e-06,-0.0006579370931295577,-0.0006579353911915718,-0.001145676983799019,0.001805934325041861,0.0006579370931295578
3,0.0021554978094806103,-11.45676704061857,1.706630451765389,-12.0,8.288346264261888,12.0,-2.56533885470432e-06,-0.0006581715812496499,-0.000658169874619198,-0.001145676704061857,0.001806168302413136,0.0006581715812496499
3,0.0021556978094806104,-11.45676423772825,1.71131419396721,-12.0,8.29537052295688,12.0,-2.565564509908914e-06,-0.0006584056328989671,-0.000658403921584773,-0.001145676423772825,0.001806402299428718,0.000658405632898967
3,0.0021558978094806105,-11.45676145114164,1.715989197777812,-12.0,8.302381682129518,12.0,-2.565333726195039e-06,-0.0006586392484351708,-0.0006586375324459727,-0.001145676145114164,0.001806635405522529,0.0006586392484351707
3,0.0021560978094806106,-11.4567586590549,1.720655463084102,-12.0,8.309379730708237,12.0,-2.565559173282971e-06,-0.0006588724267624135,-0.0006588707061069503,-0.00114567586590549,0.00180686853008807,0.0006588724267624135
3,0.0021562978094806107,-11.45675588326678,1.725312975252684,-12.0,8.316364657642168,12.0,-2.56532861748501e-06,-0.0006591051682389487,-0.0006591034429259732,-0.001145675588326678,0.001807100763430072,0.0006591051682389485
3,0.002156497809480611,-11.45675310199704,1.729961734190188,-12.0,8.323336451901143,12.0,-2.565553856708703e-06,-0.0006593374717710958,-0.0006593357418093615,-0.001145675310199704,0.001807333014074312,0.0006593374717710957
3,0.002156697809480611,-11.45675033702081,1.734601725298731,-12.0,8.330295102475755,12.0,-2.565323528606682e-06,-0.0006595693377177026,-0.0006595676031159772,-0.001145675033702081,0.001807564373195122,0.0006595693377177025
3,0.002156897809480611,-11.45674756658144,1.739232948504767,-12.0,8.337240598377356,12.0,-2.565548560217838e-06,-0.0006598007649872589,-0.0006597990257543103,-0.001145674756658144,0.001807795748452414,0.0006598007649872589
3,0.002157097809480611,-11.45674481243045,1.743855389245945,-12.0,8.344172928638038,12.0,-2.565318459592136e-06,-0.0006600317539392093,-0.0006600300100838199,-0.001145674481243045,0.001808026231889121,0.0006600317539392094
3,0.0021572978094806113,-11.45674205283476,1.748469047468574,-12.0,8.351092082310716,12.0,-2.565543283842405e-06,-0.0006602623034842141,-0.0006602605550151667,-0.001145674205283476,0.001808256730298408,0.0006602623034842141
3,0.0021574978094806114,-11.45673930952232,1.753073908645897,-12.0,8.357998048469092,12.0,-2.565313410473321e-06,-0.0006604924139823197,-0.0006604906609084108,-0.001145673930952232,0.001808486336591842,0.0006604924139823196
3,0.0021576978094806115,-11.45673656078355,1.757669972744162,-12.0,8.364890816207744,12.0,-2.565538027613865e-06,-0.0006607220843463582,-0.0006607203266763854,-0.001145673656078355,0.001808715956698918,0.0006607220843463582
3,0.0021578978094806116,-11.4567338283229,1.762257225272191,-12.0,8.37177037464199,12.0,-2.565308381282257e-06,-0.00066095131493698,-0.0006609495526797546,-0.00114567338283229,0.001808944684397471,0.00066095131493698
3,0.0021580978094806118,-11.45673109045424,1.766835666216217,-12.0,8.378636712908108,12.0,-2.565532791563565e-06,-0.000661180104669189,-0.0006611783378335228,-0.001145673109045424,0.001809173424753009,0.000661180104669189
3,0.002158297809480612,-11.45672836885856,1.771405281120747,-12.0,8.385489820163214,12.0,-2.565303372050823e-06,-0.0006614084539042468,-0.0006614066824989655,-0.001145672836885856,0.001809401272409166,0.0006614084539042467
3,0.002158497809480612,-11.45672564187316,1.775966069992009,-12.0,8.392329685585292,12.0,-2.565527575722941e-06,-0.0006616363615593284,-0.0006616345855932584,-0.001145672564187316,0.001809629131569353,0.0006616363615593283
3,0.002158697809480612,-11.45672293115559,1.7805180184102,-12.0,8.399156298373278,12.0,-2.565298382810623e-06,-0.000661863827996308,-0.0006618620474782894,-0.001145672293115559,0.001809856097741448,0.0006618638279963077
3,0.002158897809480612,-11.45672021506651,1.785061126401667,-12.0,8.405969647747021,12.0,-2.565522380123196e-06,-0.0006620908521345355,-0.000662089067073409,-0.001145672021506651,0.001810083074268002,0.0006620908521345355
3,0.0021590978094806123,-11.45671751524011,1.789595379582297,-12.0,8.412769722947298,12.0,-2.565293413593096e-06,-0.0006623174343365002,-0.0006623156447411204,-0.001145671751524011,0.001810309157520966,0.0006623174343365001
3,0.0021592978094806124,-11.4567148100604,1.794120777998593,-12.0,8.419556513235868,12.0,-2.565517204795315e-06,-0.0006625435735237276,-0.0006625417794029494,-0.00114567148100604,0.001810535249981591,0.0006625435735237276
3,0.0021594978094806126,-11.45671212113818,1.798637307302208,-12.0,8.426330007895476,12.0,-2.565288464429775e-06,-0.0006627692700593268,-0.0006627674714220196,-0.001145671212113818,0.001810760448884681,0.0006627692700593269
3,0.0021596978094806127,-11.45670942688079,1.803144967559837,-12.0,8.433090196229827,12.0,-2.565512049770555e-06,-0.0006629945228669989,-0.0006629927197220314,-0.001145670942688079,0.001810985655851774,0.000662994522866999
3,0.0021598978094806128,-11.45670674887572,1.807643744458912,-12.0,8.439837067563673,12.0,-2.565283535351887e-06,-0.0006632193323104761,-0.0006632175246667315,-0.001145670674887572,0.001811209968980615,0.0006632193323104762
3,0.002160097809480613,-11.45670406555356,1.812133638086415,-12.0,8.446570611242784,12.0,-2.565506915079592e-06,-0.0006634436973156369,-0.0006634418851819986,-0.001145670406555356,0.001811434289033146,0.0006634436973156369
3,0.002160297809480613,-11.45670139847854,1.81661463416558,-12.0,8.453290816633979,12.0,-2.565278626390682e-06,-0.0006636676182468401,-0.0006636658016322058,-0.001145670139847854,0.001811657714967917,0.00066366761824684
3,0.002160497809480613,-11.45669872610446,1.82108673280371,-12.0,8.459997673125125,12.0,-2.565501800753119e-06,-0.0006638910940321416,-0.0006638892729454087,-0.001145669872610446,0.001811881146690186,0.0006638910940321415
3,0.0021606978094806132,-11.45669606997232,1.825549919759877,-12.0,8.466691170125175,12.0,-2.565273737577054e-06,-0.0006641141250365299,-0.00066411229948661,-0.001145669606997232,0.001812103684018368,0.0006641141250365298
3,0.0021608978094806133,-11.45669340855913,1.830004195161804,-12.0,8.473371297064224,12.0,-2.565496706821805e-06,-0.0006643367101902421,-0.0006643348801860468,-0.001145669340855913,0.001812326225999919,0.0006643367101902421
3,0.0021610978094806135,-11.45669076338267,1.834449544804399,-12.0,8.480038043393382,12.0,-2.565268868942154e-06,-0.0006645588498588985,-0.0006645570154093535,-0.001145669076338267,0.001812547873313142,0.0006645588498588984
3,0.0021612978094806136,-11.4566881129431,1.838885968835829,-12.0,8.486691398584984,12.0,-2.565491633316122e-06,-0.0006647805429749155,-0.0006647787040889465,-0.00114566881129431,0.001812769524149234,0.0006647805429749156
3,0.0021614978094806137,-11.45668547873505,1.843313453086953,-12.0,8.493331352132484,12.0,-2.56526402051675e-06,-0.0006650017899045534,-0.0006649999465911001,-0.001145668547873505,0.001812990280045294,0.0006650017899045531
3,0.002161697809480614,-11.45668283928178,1.847731997726381,-12.0,8.499957893550441,12.0,-2.565486580266372e-06,-0.0006652225895824059,-0.0006652207418504083,-0.001145668283928178,0.001813211038337737,0.000665222589582406
3,0.002161897809480614,-11.45668021605481,1.852141588620928,-12.0,8.506571012374682,12.0,-2.565259192331286e-06,-0.0006654429423753755,-0.0006654410902337867,-0.001145668021605481,0.001813430901420139,0.0006654429423753754
3,0.002162097809480614,-11.45667758760047,1.856542225959788,-12.0,8.513170698162178,12.0,-2.565481547702848e-06,-0.000665662847220239,-0.000665660990678013,-0.001145667758760047,0.001813650765774758,0.0006656628472202389
3,0.002162297809480614,-11.45667497536719,1.860933895645719,-12.0,8.519756940491133,12.0,-2.565254384416585e-06,-0.0006658823044845414,-0.0006658804435506456,-0.001145667497536719,0.001813869734652539,0.0006658823044845413
3,0.0021624978094806143,-11.45667235792435,1.865316597888532,-12.0,8.526329728960954,12.0,-2.565476535655486e-06,-0.0006661013131072423,-0.0006660994477906444,-0.001145667235792435,0.001814088703682186,0.0006661013131072422
3,0.0021626978094806144,-11.45666975669734,1.869690318626978,-12.0,8.53288905319232,12.0,-2.56524959680301e-06,-0.0006663198734565344,-0.0006663180037662157,-0.001145666975669734,0.001814306776970416,0.0006663198734565344
3,0.0021628978094806145,-11.45666715027851,1.874055058091559,-12.0,8.539434902827173,12.0,-2.565471544154282e-06,-0.0006665379844735613,-0.0006665361104185032,-0.001145666715027851,0.00181452484929252,0.0006665379844735614
3,0.0021630978094806146,-11.45666456007024,1.878410802257038,-12.0,8.545967267528702,12.0,-2.565244829520882e-06,-0.0006667556465271665,-0.0006667537681163641,-0.001145666456007024,0.001814742025610439,0.0006667556465271664
3,0.0021632978094806147,-11.45666196468788,1.882757551374646,-12.0,8.552486136981424,12.0,-2.565466573229379e-06,-0.0006669728585606779,-0.0006669709758031265,-0.001145666196468788,0.00181495919984951,0.0006669728585606779
3,0.002163497809480615,-11.45665938551082,1.887095291455221,-12.0,8.558991500891159,12.0,-2.565240082600242e-06,-0.0006671896209435939,-0.0006671877338483022,-0.001145665938551082,0.001815175477824014,0.0006671896209435937
3,0.002163697809480615,-11.45665680117733,1.891424022770762,-12.0,8.565483348985035,12.0,-2.565461622910367e-06,-0.0006674059326214274,-0.0006674040411974045,-0.001145665680117733,0.00181539175260888,0.0006674059326214274
3,0.002163897809480615,-11.45665423304386,1.895743731368194,-12.0,8.571961671011536,12.0,-2.565235356071088e-06,-0.0006676217939643344,-0.0006676198982206029,-0.001145665423304386,0.001815607130871727,0.0006676217939643342
3,0.002164097809480615,-11.45665165977157,1.900054417540389,-12.0,8.578426456740544,12.0,-2.565456693226725e-06,-0.0006678372039200156,-0.0006678353038655981,-0.001145665165977157,0.001815822504837411,0.0006678372039200155
3,0.0021642978094806153,-11.45664910269403,1.904356067370363,-12.0,8.584877695963236,12.0,-2.56523064996356e-06,-0.0006680521628592874,-0.0006680502585032199,-0.001145664910269403,0.001816036982025231,0.0006680521628592873
3,0.0021644978094806154,-11.45664654049523,1.908648681171867,-12.0,8.59131537849223,12.0,-2.565451784208024e-06,-0.0006682666697320364,-0.0006682647610833551,-0.001145664654049523,0.001816251453812692,0.0006682666697320363
3,0.0021646978094806155,-11.4566439944859,1.912932245064112,-12.0,8.597739494161567,12.0,-2.565225964307266e-06,-0.0006684807249097457,-0.0006684788119775004,-0.00114566439944859,0.001816465028569089,0.0006684807249097456
3,0.0021648978094806156,-11.45664144337281,1.917206759381795,-12.0,8.604150032826695,12.0,-2.565446895883759e-06,-0.0006686943273444901,-0.0006686924101377304,-0.001145664144337281,0.001816678596824179,0.00066869432734449
3,0.0021650978094806157,-11.4566389084439,1.921472210280281,-12.0,8.610546984364474,12.0,-2.565221299132025e-06,-0.0006689074774084195,-0.0006689055559362091,-0.00114566389084439,0.001816891267798667,0.0006689074774084193
3,0.002165297809480616,-11.45663636842871,1.925728598115282,-12.0,8.616930338673258,12.0,-2.565442028282732e-06,-0.0006691201740557978,-0.0006691182483271995,-0.001145663636842871,0.001817103931173571,0.0006691201740557977
3,0.002165497809480616,-11.45663384459237,1.929975909078391,-12.0,8.623300085672865,12.0,-2.565216654467286e-06,-0.0006693324176594475,-0.0006693304876835383,-0.001145663384459237,0.001817315697020074,0.0006693324176594474
3,0.002165697809480616,-11.45663131568719,1.934214143546366,-12.0,8.629656215304578,12.0,-2.565437181434455e-06,-0.0006695442071758214,-0.0006695422729616776,-0.001145663131568719,0.001817527454172925,0.0006695442071758212
3,0.002165897809480616,-11.45662880295554,1.938443287747044,-12.0,8.635998717531212,12.0,-2.565212030342493e-06,-0.0006697555429784171,-0.000669753604535129,-0.001145662880295554,0.001817738313551102,0.0006697555429784169
3,0.0021660978094806163,-11.45662628517241,1.942663342078313,-12.0,8.642327582337098,12.0,-2.565432355367695e-06,-0.0006699664240258783,-0.0006699644813625363,-0.001145662628517241,0.001817949163145594,0.0006699664240258785
3,0.0021662978094806164,-11.4566237835575,1.946874292804265,-12.0,8.648642799728075,12.0,-2.565207426786801e-06,-0.0006701768506923812,-0.0006701749038180882,-0.00114566237835575,0.0018181591147218,0.000670176850692381
3,0.0021664978094806165,-11.45662127690844,1.95107614034396,-12.0,8.654944359731562,12.0,-2.565427550111387e-06,-0.0006703868219387602,-0.0006703848708626199,-0.001145662127690844,0.001818369055426546,0.0006703868219387602
3,0.0021666978094806166,-11.45661878642225,1.955268870997809,-12.0,8.661232252396546,12.0,-2.565202843829606e-06,-0.0006705963381398739,-0.0006705943828710027,-0.001145661878642225,0.001818578097872882,0.0006705963381398737
3,0.0021668978094806167,-11.45661629091919,1.959452485206081,-12.0,8.667506467793569,12.0,-2.565422765694192e-06,-0.0006708053982587488,-0.0006708034388062635,-0.001145661629091919,0.001818787128362934,0.0006708053982587489
3,0.002167097809480617,-11.45661381157366,1.963626969305515,-12.0,8.673766996014795,12.0,-2.565198281499768e-06,-0.0006710140026709282,-0.0006710120390439587,-0.001145661381157366,0.001818995260356571,0.0006710140026709281
3,0.002167297809480617,-11.45661132722849,1.967792323757669,-12.0,8.680013827173989,12.0,-2.565418002144629e-06,-0.000671222150341632,-0.0006712201825493082,-0.001145661132722849,0.001819203379313383,0.000671222150341632
3,0.002167497809480617,-11.4566088590355,1.971948534935656,-12.0,8.686246951406584,12.0,-2.565193739826253e-06,-0.0006714298416470928,-0.0006714278696985578,-0.00114566088590355,0.001819410599537208,0.0006714298416470928
3,0.002167697809480617,-11.45660638586006,1.976095603322343,-12.0,8.692466358869577,12.0,-2.565413259491309e-06,-0.0006716370755547234,-0.00067163509945912,-0.001145660638586006,0.001819617805646788,0.0006716370755547234
3,0.0021678978094806173,-11.45660392883142,1.980233515327228,-12.0,8.698672039741707,12.0,-2.565189218837858e-06,-0.000671843852441448,-0.0006718418722079326,-0.001145660392883142,0.001819824112790138,0.0006718438524414479
3,0.0021680978094806174,-11.45660146683747,1.984362271454611,-12.0,8.704863984223367,12.0,-2.565408537762433e-06,-0.0006720501712768757,-0.0006720481869146042,-0.001145660146683747,0.001820030404745294,0.0006720501712768757
3,0.0021682978094806175,-11.45659902098495,1.988481858150353,-12.0,8.711042182536588,12.0,-2.565184718563093e-06,-0.0006722560324386236,-0.0006722540439567654,-0.001145659902098495,0.001820235797502264,0.0006722560324386235
3,0.0021684978094806177,-11.45659657018422,1.992592275940211,-12.0,8.717206624925184,12.0,-2.565403836986385e-06,-0.0006724614348984975,-0.0006724594423062214,-0.001145659657018422,0.001820441174000707,0.0006724614348984974
3,0.0021686978094806178,-11.45659413551952,1.996693511306525,-12.0,8.723357301654662,12.0,-2.56518023903064e-06,-0.0006726663790348139,-0.0006726643823413024,-0.001145659413551952,0.001820645651072672,0.0006726663790348138
3,0.002168897809480618,-11.45659169592366,2.000785564796512,-12.0,8.729494203012246,12.0,-2.565399157191042e-06,-0.0006728708638215735,-0.0006728688630360086,-0.001145659169592366,0.001820850110817938,0.0006728708638215734
3,0.002169097809480618,-11.45658927245844,2.004868422928993,-12.0,8.73561731930694,12.0,-2.565175780268698e-06,-0.0006730748896377949,-0.0006730728847693717,-0.001145658927245844,0.001821053670910661,0.0006730748896377947
3,0.002169297809480618,-11.45658684407905,2.008942086272744,-12.0,8.741726640869503,12.0,-2.565394498404484e-06,-0.000673278455459676,-0.0006732764465175896,-0.001145658684407905,0.001821257212612771,0.000673278455459676
3,0.0021694978094806182,-11.4565844318249,2.013006541383089,-12.0,8.747822158052497,12.0,-2.565171342305736e-06,-0.000673481561666941,-0.0006734795486603993,-0.00114565844318249,0.001821459854438587,0.0006734815616669408
3,0.0021696978094806183,-11.45658201467353,2.017061788850398,-12.0,8.753903861230249,12.0,-2.565389860654511e-06,-0.0006736842072379849,-0.0006736821901761962,-0.001145658201467353,0.001821662476812969,0.0006736842072379852
3,0.0021698978094806184,-11.45657961364198,2.021107815266524,-12.0,8.759971740798928,12.0,-2.565166925169646e-06,-0.0006738863925532405,-0.0006738843714454252,-0.001145657961364198,0.00182186419908948,0.0006738863925532405
3,0.0021700978094806186,-11.45657720773011,2.025144621243511,-12.0,8.766025787176533,12.0,-2.565385243968808e-06,-0.0006740881165933023,-0.0006740860914486809,-0.001145657720773011,0.001822065900857033,0.0006740881165933023
3,0.0021702978094806187,-11.45657481793264,2.029172193409749,-12.0,8.77206599080288,12.0,-2.565162528888765e-06,-0.0006742893797393131,-0.0006742873505671196,-0.001145657481793264,0.001822266702308192,0.000674289379739313
3,0.002170497809480619,-11.45657242327171,2.033190532398989,-12.0,8.778092342139663,12.0,-2.565380648374857e-06,-0.0006744901809740675,-0.0006744881477835351,-0.001145657242327171,0.001822467482196367,0.0006744901809740676
3,0.002170697809480619,-11.45657004471975,2.037199624876243,-12.0,8.784104831670486,12.0,-2.565158153490555e-06,-0.0006746905206794245,-0.0006746884834797995,-0.001145657004471975,0.001822667361551735,0.0006746905206794244
3,0.002170897809480619,-11.45656766132113,2.041199471496991,-12.0,8.790103449900768,12.0,-2.565376073900335e-06,-0.0006748903978403778,-0.0006748883566409063,-0.001145656766132113,0.001822867218293097,0.0006748903978403777
3,0.002171097809480619,-11.45656529402603,2.045190058962843,-12.0,8.796088187357872,12.0,-2.565153799003058e-06,-0.0006750898128395031,-0.0006750877676494439,-0.001145656529402603,0.001823066174287774,0.000675089812839503
3,0.0021712978094806192,-11.45656292190105,2.049171387951145,-12.0,8.802059034591123,12.0,-2.565371520572182e-06,-0.0006752887646639977,-0.0006752867154926097,-0.001145656292190105,0.00182326510662171,0.0006752887646639978
3,0.0021714978094806194,-11.45656056587413,2.053143445200109,-12.0,8.80801598217168,12.0,-2.565149465453833e-06,-0.0006754872536971573,-0.000675485200553712,-0.001145656056587413,0.001823463137996832,0.0006754872536971571
3,0.0021716978094806195,-11.45655820503403,2.057106231408947,-12.0,8.813959020692751,12.0,-2.565366988417901e-06,-0.0006756852789283805,-0.000675683221822149,-0.001145655820503403,0.001823661144666924,0.0006756852789283805
3,0.0021718978094806196,-11.45655586028654,2.061059733352567,-12.0,8.819888140769454,12.0,-2.565145152870167e-06,-0.0006758828407416888,-0.0006758807796819553,-0.001145655586028654,0.001823858250170127,0.0006758828407416888
3,0.0021720978094806197,-11.45655351074253,2.065003951752082,-12.0,8.825803333038907,12.0,-2.565362477464342e-06,-0.0006760799381286826,-0.0006760778731247307,-0.001145655351074253,0.001824055329927171,0.0006760799381286826
3,0.00217229780948062,-11.45655117728566,2.068938873419091,-12.0,8.8317045881602,12.0,-2.565140861279919e-06,-0.0006762765714741112,-0.0006762745025352374,-0.001145655117728566,0.001824251508310658,0.0006762765714741109
3,0.00217249780948062,-11.4565488390489,2.072864499096675,-12.0,8.837591896814452,12.0,-2.565357987738494e-06,-0.0006764727397717778,-0.0006764706669072786,-0.00114565488390489,0.001824447659911035,0.0006764727397717778
3,0.00217269780948062,-11.45654651689378,2.076780815633174,-12.0,8.843465249704808,12.0,-2.565136590709644e-06,-0.0006766684434071635,-0.0006766663666263476,-0.001145654651689378,0.001824642909933935,0.0006766684434071635
3,0.00217289780948062,-11.45654418997535,2.080687823793675,-12.0,8.849324637556427,12.0,-2.565353519267193e-06,-0.0006768636813762752,-0.0006768616006884514,-0.001145654418997535,0.001824838132139693,0.0006768636813762752
3,0.0021730978094806203,-11.45654187913307,2.084585510463268,-12.0,8.855170051116541,12.0,-2.56513234118676e-06,-0.0006770584540653274,-0.0006770563694798168,-0.001145654187913307,0.001825032452566942,0.0006770584540653274
3,0.0021732978094806204,-11.456539563544,2.088473876429126,-12.0,8.861001481154455,12.0,-2.565349072077069e-06,-0.000677252760472533,-0.0006772506719986563,-0.0011456539563544,0.001825226744145624,0.0006772527604725329
3,0.0021734978094806205,-11.45653726402557,2.092352908613102,-12.0,8.866818918461526,12.0,-2.565128112738486e-06,-0.0006774466009848427,-0.0006774445086319338,-0.001145653726402557,0.001825420133746969,0.0006774466009848424
3,0.0021736978094806206,-11.45653495977685,2.096222607824489,-12.0,8.872622353851238,12.0,-2.565344646194565e-06,-0.0006776399746026749,-0.0006776378783800671,-0.001145653495977685,0.001825613493473618,0.0006776399746026749
3,0.0021738978094806207,-11.45653267159325,2.100082961021953,-12.0,8.878411778159164,12.0,-2.565123905391169e-06,-0.0006778328817137213,-0.0006778307816307599,-0.001145653267159325,0.001825805951025167,0.0006778328817137212
3,0.002174097809480621,-11.45653037869578,2.103933969036975,-12.0,8.884187182243044,12.0,-2.565340241646256e-06,-0.0006780253213206071,-0.0006780232173866378,-0.001145653037869578,0.00182599837767859,0.000678025321320607
3,0.002174297809480621,-11.45652810185792,2.107775618865023,-12.0,8.88994855698268,12.0,-2.565119719171651e-06,-0.000678217293811766,-0.0006782151860361471,-0.001145652810185792,0.001826189901963769,0.0006782172938117658
3,0.002174497809480621,-11.45652582032257,2.111607911359804,-12.0,8.895695893280108,12.0,-2.565335858458167e-06,-0.0006784087981920302,-0.0006784066865841188,-0.001145652582032257,0.001826381394329592,0.0006784087981920303
3,0.002174697809480621,-11.45652355484128,2.115430833553685,-12.0,8.901429182059506,12.0,-2.56511555410685e-06,-0.0006785998348505822,-0.0006785977194197485,-0.001145652355484129,0.001826571984135535,0.0006785998348505821
3,0.0021748978094806213,-11.45652128467887,2.119244386322593,-12.0,8.907148414267189,12.0,-2.565331496656681e-06,-0.0006787904027944594,-0.0006787882835500732,-0.001145652128467887,0.001826762541006218,0.0006787904027944595
3,0.0021750978094806214,-11.45651903056496,2.123048556735795,-12.0,8.91285358087174,12.0,-2.565111410222617e-06,-0.0006789805024135947,-0.0006789783793650378,-0.001145651903056496,0.001826952195126888,0.0006789805024135946
3,0.0021752978094806215,-11.45651677178622,2.126843345691573,-12.0,8.918544672863923,12.0,-2.565327156267829e-06,-0.0006791701327172352,-0.0006791680058738894,-0.001145651677178622,0.001827141815298928,0.0006791701327172352
3,0.0021754978094806216,-11.45651452905043,2.130628740296062,-12.0,8.92422168125671,12.0,-2.565107287545668e-06,-0.0006793592940960649,-0.0006793571634673245,-0.001145651452905043,0.001827330532535854,0.0006793592940960649
3,0.0021756978094806217,-11.45651228166605,2.134404741469933,-12.0,8.929884597085339,12.0,-2.565322837317126e-06,-0.0006795479855615405,-0.0006795458511567992,-0.001145651228166605,0.00182751921481248,0.0006795479855615407
3,0.002175897809480622,-11.45651005031906,2.138171336356273,-12.0,8.9355334114073,12.0,-2.565103186102168e-06,-0.000679736207505103,-0.0006797340693337665,-0.001145651005031906,0.001827706993969878,0.0006797362075051028
3,0.002176097809480622,-11.45650781433968,2.141928525898154,-12.0,8.941168115302329,12.0,-2.56531853983091e-06,-0.0006799239589404174,-0.0006799218170118914,-0.001145650781433967,0.001827894737161058,0.0006799239589404176
3,0.002176297809480622,-11.4565055943921,2.145676297275628,-12.0,8.946788699872467,12.0,-2.565099105917975e-06,-0.0006801112402596841,-0.0006801090945833866,-0.00114565055943921,0.001828081577051633,0.000680111240259684
3,0.002176497809480622,-11.4565033698283,2.149414651454252,-12.0,8.952395156242044,12.0,-2.565314263834183e-06,-0.0006802980504787791,-0.0006802959010641277,-0.00114565033698283,0.001828268379972561,0.0006802980504787792
3,0.0021766978094806223,-11.45650116129072,2.153143575651062,-12.0,8.957987475557708,12.0,-2.565095047019107e-06,-0.0006804843899906646,-0.000680482236847089,-0.001145650116129072,0.001828454279413677,0.0006804843899906646
3,0.0021768978094806224,-11.45649894815301,2.156863070854128,-12.0,8.963565648988405,12.0,-2.565310009352821e-06,-0.0006806702578134277,-0.0006806681009503567,-0.001145649894815301,0.001828640140884843,0.0006806702578134277
3,0.0021770978094806225,-11.45649675103592,2.160573124317492,-12.0,8.969129667725442,12.0,-2.565091009431339e-06,-0.000680855654340795,-0.0006808534937676706,-0.001145649675103592,0.001828825098700868,0.0006808556543407949
3,0.0021772978094806226,-11.45649454933477,2.164273737051832,-12.0,8.974679522982504,12.0,-2.565305776412085e-06,-0.0006810405785930674,-0.0006810384143193302,-0.001145649454933477,0.001829010017549859,0.0006810405785930672
3,0.0021774978094806227,-11.45649236364863,2.167964896348193,-12.0,8.98021520599557,12.0,-2.565086993180307e-06,-0.0006812250309647379,-0.0006812228629998414,-0.001145649236364863,0.001829194032569631,0.0006812250309647378
3,0.002177697809480623,-11.45649017339445,2.171646603239865,-12.0,8.985736708023055,12.0,-2.565301565036994e-06,-0.000681409010478319,-0.0006814068388317155,-0.001145649017339445,0.001829378007629699,0.000681409010478319
3,0.002177897809480623,-11.45648799914965,2.175318845055001,-12.0,8.991244020345778,12.0,-2.565082998291625e-06,-0.0006815925175290779,-0.0006815903422102327,-0.001145648799914965,0.00182956107868935,0.0006815925175290778
3,0.002178097809480623,-11.45648582035279,2.178981622849518,-12.0,8.996737134266898,12.0,-2.565297375253051e-06,-0.0006817755511417381,-0.0006817733721601152,-0.001145648582035279,0.001829744108799226,0.000681775551141738
3,0.002178297809480623,-11.45648365755967,2.18263492398866,-12.0,9.002216041112069,12.0,-2.565079024790412e-06,-0.0006819581117123409,-0.0006819559290774168,-0.001145648365755968,0.001829926234740239,0.000681958111712341
3,0.0021784978094806233,-11.45648149023041,2.186278749551093,-12.0,9.007680732229343,12.0,-2.565293207084936e-06,-0.0006821401982678249,-0.0006821380119890753,-0.001145648149023041,0.001830108318744793,0.000682140198267825
3,0.0021786978094806234,-11.45647933889926,2.189913086939152,-12.0,9.01313119898923,12.0,-2.565075072702115e-06,-0.000682321811205008,-0.0006823196212919208,-0.001145647933889926,0.001830289498414473,0.0006823218112050078
3,0.0021788978094806235,-11.45647718304784,2.193537937254261,-12.0,9.018567432784687,12.0,-2.565289060557551e-06,-0.0006825029495530425,-0.0006825007560151053,-0.001145647718304785,0.001830470635165452,0.0006825029495530426
3,0.0021790978094806237,-11.45647504318889,2.197153287935897,-12.0,9.023989425031168,12.0,-2.565071142051755e-06,-0.0006826836137095272,-0.0006826814165562391,-0.001145647504318889,0.001830650867417224,0.0006826836137095271
3,0.0021792978094806238,-11.45647289882548,2.200759140108311,-12.0,9.029397167166609,12.0,-2.565284935695563e-06,-0.0006828638027058299,-0.0006828616019466898,-0.001145647289882548,0.001830831055770893,0.0006828638027058299
3,0.002179497809480624,-11.45647077044888,2.204355481248123,-12.0,9.034790650651438,12.0,-2.56506723286455e-06,-0.0006830435169403315,-0.0006830413125848502,-0.001145647077044888,0.001831010339465366,0.0006830435169403314
3,0.002179697809480624,-11.45646863758362,2.207942312502452,-12.0,9.040169866968613,12.0,-2.565280832523422e-06,-0.0006832227554466161,-0.0006832205475043035,-0.001145646863758362,0.001831189578284417,0.0006832227554466162
3,0.002179897809480624,-11.45646652069948,2.211519621385114,-12.0,9.045534807623627,12.0,-2.565063345165165e-06,-0.0006834015186238514,-0.0006833993071042299,-0.001145646652069948,0.001831367912285776,0.0006834015186238512
3,0.0021800978094806242,-11.45646439934242,2.215087409066123,-12.0,9.050885464144487,12.0,-2.565276751065833e-06,-0.0006835798055078366,-0.0006835775904204275,-0.001145646439934242,0.001831546200439983,0.0006835798055078365
3,0.0021802978094806243,-11.4564622939608,2.218645663096503,-12.0,9.056221828081787,12.0,-2.565059478978271e-06,-0.0006837576164985286,-0.0006837553978528654,-0.00114564622939608,0.001831723583620355,0.0006837576164985283
3,0.0021804978094806244,-11.45646018412196,2.22219438466924,-12.0,9.061543891008686,12.0,-2.565272691346838e-06,-0.0006839349506339447,-0.00068393272843956,-0.001145646018412196,0.001831900919984735,0.0006839349506339447
3,0.0021806978094806246,-11.45645809025285,2.225733561372578,-12.0,9.066851644520908,12.0,-2.565055634328611e-06,-0.0006841118083148332,-0.0006841095825812715,-0.001145645809025285,0.001832077351221369,0.000684111808314833
3,0.0021808978094806247,-11.45645599194217,2.2292631944225,-12.0,9.072145080236782,12.0,-2.565268653390796e-06,-0.0006842881885814279,-0.0006842859593182337,-0.001145645599194217,0.001832253734675977,0.0006842881885814282
3,0.002181097809480625,-11.45645390959552,2.232783271444527,-12.0,9.077424189797265,12.0,-2.565051811240419e-06,-0.0006844640918352738,-0.0006844618590520023,-0.001145645390959552,0.00183242921285318,0.0006844640918352738
3,0.002181297809480625,-11.45645182282289,2.236293793677703,-12.0,9.082688964865934,12.0,-2.565264637221735e-06,-0.0006846395171188234,-0.0006846372808250296,-0.001145645182282289,0.001832604642285155,0.0006846395171188231
3,0.002181497809480625,-11.45644975200857,2.239794748784784,-12.0,9.08793939712895,12.0,-2.565048009738232e-06,-0.0006848144648344168,-0.0006848122250396678,-0.001145644975200857,0.001832779166291707,0.0006848144648344167
3,0.002181697809480625,-11.45644767678383,2.243286138027933,-12.0,9.093175478295196,12.0,-2.565260642863332e-06,-0.0006849889340267263,-0.0006849866907405882,-0.001145644767678383,0.001832953640594829,0.0006849889340267263
3,0.0021818978094806252,-11.45644561751167,2.246767949107237,-12.0,9.098397200096183,12.0,-2.565044229846049e-06,-0.0006851629250988947,-0.0006851606783309454,-0.001145644561751167,0.001833127209327039,0.0006851629250988946
3,0.0021820978094806254,-11.4564435538446,2.250240183307967,-12.0,9.103604554286086,12.0,-2.565256670339758e-06,-0.000685336437097812,-0.0006853341868576286,-0.00114564435538446,0.001833300727399239,0.0006853364370978119
3,0.0021822978094806255,-11.45644150612437,2.253702828367545,-12.0,9.108797532641788,12.0,-2.565040471588088e-06,-0.0006855094704274244,-0.000685507216724596,-0.001145644150612437,0.001833473339758169,0.0006855094704274243
3,0.0021824978094806256,-11.45643945402469,2.257155885594448,-12.0,9.113976126962875,12.0,-2.565252719674171e-06,-0.0006856820241368425,-0.0006856797669809571,-0.001145643945402469,0.001833645900505927,0.0006856820241368427
3,0.0021826978094806257,-11.4564374178661,2.260599342763431,-12.0,9.119140329071627,12.0,-2.565036734988075e-06,-0.0006858540986308194,-0.0006858518380314766,-0.00114564374178661,0.001833817555399505,0.0006858540986308196
3,0.002182897809480626,-11.45643537734347,2.264033201206213,-12.0,9.124290130813069,12.0,-2.565248790890412e-06,-0.0006860256929606855,-0.0006860234289274843,-0.001145643537734347,0.001833989157732878,0.0006860256929606856
3,0.002183097809480626,-11.45643335275617,2.267457448734926,-12.0,9.129425524054962,12.0,-2.565033020070036e-06,-0.0006861968075320038,-0.000686194540074555,-0.001145643335275617,0.001834159854074486,0.0006861968075320036
3,0.002183297809480626,-11.45643132382021,2.27087208670457,-12.0,9.134546500687826,12.0,-2.56524488401173e-06,-0.0006863674413983257,-0.0006863651705262389,-0.001145643132382021,0.001834330496911181,0.0006863674413983257
3,0.002183497809480626,-11.45642931081379,2.274277102964667,-12.0,9.139653052624926,12.0,-2.565029326857511e-06,-0.0006865375949660262,-0.0006865353206889231,-0.001145642931081379,0.001834500233620957,0.000686537594966026
3,0.0021836978094806263,-11.45642729347404,2.27767249889354,-12.0,9.14474517180232,12.0,-2.565240999061336e-06,-0.000686707267290878,-0.0006867049896183791,-0.001145642729347404,0.001834669915884345,0.000686707267290878
3,0.0021838978094806264,-11.45642529205806,2.281058262378155,-12.0,9.149822850178884,12.0,-2.565025655373951e-06,-0.0006868764587800731,-0.0006868741777218105,-0.001145642529205806,0.001834838691888068,0.0006868764587800729
3,0.0021840978094806265,-11.45642328632401,2.284434394820187,-12.0,9.154886079736235,12.0,-2.565237136062351e-06,-0.0006870451684916047,-0.0006870428840572098,-0.001145642328632401,0.001835007412506875,0.0006870451684916047
3,0.0021842978094806266,-11.45642129650793,2.287800884144029,-12.0,9.159934852478852,12.0,-2.565022005642905e-06,-0.0006872133968334824,-0.000687211109032598,-0.001145642129650793,0.001835175226736866,0.0006872133968334823
3,0.0021844978094806267,-11.45641930238903,2.291157731774818,-12.0,9.164969160434058,12.0,-2.56523329503783e-06,-0.0006873811428659241,-0.0006873788517081922,-0.001145641930238903,0.001835342984646972,0.000687381142865924
3,0.002184697809480627,-11.45641732418229,2.294504925674369,-12.0,9.169988995651956,12.0,-2.565018377687439e-06,-0.0006875484069977587,-0.0006875461124928328,-0.001145641732418229,0.001835509836040558,0.0006875484069977587
3,0.002184897809480627,-11.4564153416879,2.297842467291293,-12.0,9.174994350205566,12.0,-2.565229476010482e-06,-0.0006877151882914272,-0.0006877128904489598,-0.00114564153416879,0.001835676630183095,0.0006877151882914274
3,0.002185097809480627,-11.45641337509986,2.301170344624918,-12.0,9.179985216190756,12.0,-2.565014771530744e-06,-0.000687881487156584,-0.0006878791859862391,-0.001145641337509987,0.001835842517685025,0.0006878814871565838
3,0.002185297809480627,-11.45641140423933,2.30448855914732,-12.0,9.184961585726235,12.0,-2.565225679003074e-06,-0.0006880473026578916,-0.0006880449981693323,-0.001145641140423933,0.001836008347007394,0.0006880473026578916
3,0.0021854978094806273,-11.4564094492793,2.30779709889535,-12.0,9.189923450953664,12.0,-2.565011187195742e-06,-0.0006882126352058314,-0.0006882103274087325,-0.00114564094492793,0.001836173269568096,0.0006882126352058315
3,0.0021856978094806274,-11.45640749006187,2.311095965364657,-12.0,9.194870804037572,12.0,-2.565221904038087e-06,-0.0006883774838672916,-0.0006883751727713263,-0.001145640749006187,0.001836338133024553,0.0006883774838672915
3,0.0021858978094806275,-11.45640554673911,2.314385146629602,-12.0,9.199803637165422,12.0,-2.565007624705359e-06,-0.0006885418490535822,-0.0006885395346684355,-0.001145640554673911,0.001836502089599065,0.000688541849053582
3,0.0021860978094806276,-11.45640359917399,2.317664644209428,-12.0,9.20472194254758,12.0,-2.565218151138172e-06,-0.0006887057298338153,-0.0006887034121691709,-0.001145640359917399,0.001836665986149206,0.0006887057298338153
3,0.0021862978094806277,-11.4564016674977,2.320934446216046,-12.0,9.209625712417381,12.0,-2.565004084082335e-06,-0.0006888691266201334,-0.0006888668056856871,-0.00114564016674977,0.001836828975700916,0.0006888691266201335
3,0.002186497809480628,-11.45639973159405,2.32419455419236,-12.0,9.214514939031108,12.0,-2.565214420325334e-06,-0.0006890320384838747,-0.0006890297142893206,-0.001145639973159405,0.001836991904310381,0.0006890320384838748
3,0.002186697809480628,-11.45639781157335,2.327444956287835,-12.0,9.219389614667993,12.0,-2.565000565349076e-06,-0.0006891944658380159,-0.0006891921383930594,-0.001145639781157335,0.00183715392580757,0.0006891944658380158
3,0.002186897809480628,-11.45639588734027,2.330685654069059,-12.0,9.224249731630263,12.0,-2.565210711621942e-06,-0.0006893564077561206,-0.0006893540770704664,-0.001145639588734027,0.001837315885448747,0.0006893564077561203
3,0.002187097809480628,-11.45639397898426,2.333916635723098,-12.0,9.229095282243135,12.0,-2.564997068528121e-06,-0.0006895178646520038,-0.000689515530735368,-0.001145639397898426,0.001837476937865862,0.0006895178646520037
3,0.0021872978094806283,-11.45639206643077,2.337137902840265,-12.0,9.233926258854812,12.0,-2.56520702504995e-06,-0.0006896788356014548,-0.000689676498463552,-0.001145639206643077,0.001837637927516712,0.0006896788356014547
3,0.0021874978094806284,-11.45639016974848,2.340349443645232,-12.0,9.238742653836523,12.0,-2.564993593641799e-06,-0.0006898393210191293,-0.0006898369806696854,-0.001145639016974848,0.001837798009834338,0.0006898393210191291
3,0.0021876978094806285,-11.45638826888356,2.343551259752103,-12.0,9.243544459582534,12.0,-2.565203360631316e-06,-0.0006899993199830432,-0.0006899969764317833,-0.001145638826888356,0.001837958028478995,0.000689999319983043
3,0.0021878978094806286,-11.45638638388395,2.346743339423188,-12.0,9.248331668510149,12.0,-2.564990140712211e-06,-0.0006901588329086962,-0.0006901564861653567,-0.001145638638388394,0.00183811713968438,0.0006901588329086961
3,0.0021880978094806288,-11.45638449471653,2.349925684296375,-12.0,9.253104273059673,12.0,-2.565199718387727e-06,-0.0006903178588763298,-0.0006903155089506455,-0.001145638449471653,0.001838276186313117,0.0006903178588763298
3,0.002188297809480629,-11.4563826214085,2.353098282671644,-12.0,9.257862265694543,12.0,-2.564986709761432e-06,-0.0006904763983022901,-0.0006904740452040073,-0.00114563826214085,0.001838434325399816,0.00069047639830229
3,0.002188497809480629,-11.45638074394746,2.356261136210765,-12.0,9.262605638901238,12.0,-2.565196098340752e-06,-0.0006906344502690474,-0.0006906320940079111,-0.001145638074394746,0.001838592399008951,0.0006906344502690474
3,0.002188697809480629,-11.45637888233987,2.359414233251361,-12.0,9.26733438518931,12.0,-2.564983300811352e-06,-0.000690792015193795,-0.0006907896557795617,-0.001145637888233987,0.001838749564975285,0.000690792015193795
3,0.002188897809480629,-11.456377016594,2.362557575479117,-12.0,9.27204849709143,12.0,-2.565192500512017e-06,-0.0006909490921612313,-0.0006909467296036558,-0.0011456377016594,0.001838906664567989,0.0006909490921612313
3,0.0021890978094806293,-11.45637516669565,2.365691151269359,-12.0,9.276747967163377,12.0,-2.564979913883696e-06,-0.0006911056815894019,-0.0006911033158982505,-0.001145637516669565,0.001839062856419188,0.0006911056815894018
3,0.0021892978094806294,-11.4563733126737,2.368814962331709,-12.0,9.281432787984038,12.0,-2.5651889249227e-06,-0.000691261782565233,-0.0006912594137502705,-0.00114563733126737,0.001839218981004426,0.000691261782565233
3,0.0021894978094806295,-11.45637147449334,2.371928997079202,-12.0,9.286102952155442,12.0,-2.564976549000005e-06,-0.000691417395507624,-0.0006914150235786269,-0.001145637147449334,0.001839374197753117,0.0006914173955076241
3,0.0021896978094806297,-11.45636963220401,2.375033257245467,-12.0,9.290758452302775,12.0,-2.565185371594174e-06,-0.000691572519505731,-0.0006915701444724736,-0.001145636963220401,0.001839529346344393,0.0006915725195057309
3,0.0021898978094806298,-11.4563678057503,2.378127731281257,-12.0,9.295399281074348,12.0,-2.564973206182121e-06,-0.0006917271549793092,-0.0006917247768515779,-0.00114563678057503,0.001839683587007326,0.0006917271549793091
3,0.00219009780948063,-11.45636597520223,2.381212420944228,-12.0,9.300025431141668,12.0,-2.565181840547501e-06,-0.000691881301019744,-0.0006918789198073228,-0.001145636597520223,0.001839837758627237,0.000691881301019744
3,0.00219029780948063,-11.4563641604838,2.384287314722906,-12.0,9.304636895199408,12.0,-2.564969885450963e-06,-0.0006920349580476504,-0.0006920325737603356,-0.00114563641604838,0.001839991022228299,0.0006920349580476502
3,0.00219049780948063,-11.45636234168557,2.38735241439902,-12.0,9.309233665965458,12.0,-2.565178331803569e-06,-0.0006921881251566439,-0.0006921857378042294,-0.001145636234168557,0.001840144215903766,0.0006921881251566438
3,0.0021906978094806302,-11.456360538711,2.39040770849885,-12.0,9.313815736180862,12.0,-2.564966586827915e-06,-0.0006923408027682011,-0.0006923384123604926,-0.0011456360538711,0.001840296501473097,0.0006923408027682011
3,0.0021908978094806303,-11.45635873167112,2.393453198828239,-12.0,9.318383098609909,12.0,-2.565174845383091e-06,-0.000692492989978167,-0.000692490596524968,-0.001145635873167112,0.001840448716237741,0.000692492989978167
3,0.0021910978094806305,-11.45635694044892,2.396488873951292,-12.0,9.322935746040137,12.0,-2.564963310334076e-06,-0.0006926446872088847,-0.0006926422907200106,-0.001145635694044892,0.001840600022811232,0.0006926446872088845
3,0.0021912978094806306,-11.45635514517586,2.399514735697978,-12.0,9.327473671282258,12.0,-2.565171381307106e-06,-0.0006927958935584279,-0.0006927934940436922,-0.001145635514517586,0.001840751257704264,0.0006927958935584279
3,0.0021914978094806307,-11.45635336571448,2.402530772670213,-12.0,9.33199686717029,12.0,-2.564960055990414e-06,-0.0006929466094500077,-0.0006929442069192349,-0.001145635336571449,0.001840901584324022,0.0006929466094500077
3,0.002191697809480631,-11.45635158221666,2.405536986722198,-12.0,9.336505326561497,12.0,-2.565167939595748e-06,-0.0006930968339839298,-0.000693094428446943,-0.001145635158221666,0.001841051838391851,0.0006930968339839298
3,0.002191897809480631,-11.4563498145245,2.408533366493643,-12.0,9.340999042336376,12.0,-2.56495682381769e-06,-0.0006932465675842735,-0.0006932441590509071,-0.00114563498145245,0.001841201184107308,0.0006932465675842734
3,0.002192097809480631,-11.45634804281026,2.411519913862997,-12.0,9.345478007398762,12.0,-2.565164520269531e-06,-0.0006933958093535766,-0.0006933933978336625,-0.001145634804281026,0.001841350456401699,0.0006933958093535765
3,0.002192297809480631,-11.45634628689564,2.414496617507835,-12.0,9.34994221467575,12.0,-2.564953613836497e-06,-0.0006935445597167916,-0.0006935421452201739,-0.001145634628689564,0.001841498820267346,0.0006935445597167915
3,0.0021924978094806312,-11.45634452697328,2.417463479330879,-12.0,9.354391657117754,12.0,-2.565161123348821e-06,-0.0006936928177786875,-0.0006936904003152081,-0.001145634452697328,0.001841647109846206,0.0006936928177786875
3,0.0021926978094806314,-11.45634278284451,2.420420488047567,-12.0,9.358826327698486,12.0,-2.564950426067436e-06,-0.000693840583965092,-0.0006938381635446038,-0.001145634278284451,0.001841794490922314,0.0006938405839650919
3,0.0021928978094806315,-11.45634103472226,2.423367645584941,-12.0,9.363246219414998,12.0,-2.565157748853687e-06,-0.0006939878573830057,-0.0006939854340153602,-0.001145634103472226,0.001841941796850875,0.0006939878573830058
3,0.0021930978094806316,-11.45633930238755,2.426304940696337,-12.0,9.367651325287689,12.0,-2.56494726053091e-06,-0.0006941346384591353,-0.0006941322121541944,-0.001145633930238755,0.001842088194205349,0.0006941346384591352
3,0.0021932978094806317,-11.45633756607359,2.429232375333152,-12.0,9.37204163836028,12.0,-2.5651543968042e-06,-0.0006942809263027128,-0.0006942784970703374,-0.00114563375660736,0.001842234515553756,0.0006942809263027128
3,0.002193497809480632,-11.45633584554112,2.432149938286622,-12.0,9.376417151699874,12.0,-2.564944117247199e-06,-0.0006944267213413254,-0.000694424289191387,-0.001145633584554112,0.001842379928259422,0.0006944267213413253
3,0.002193697809480632,-11.45633412104358,2.435057631532561,-12.0,9.380777858396947,12.0,-2.565151067219872e-06,-0.0006945720226864387,-0.0006945695876288069,-0.001145633412104358,0.00184252526410499,0.0006945720226864386
3,0.002193897809480632,-11.45633241232144,2.437955443900114,-12.0,9.38512375156533,12.0,-2.564940996236462e-06,-0.0006947168307665217,-0.0006947143928110776,-0.001145633241232144,0.001842669691241769,0.0006947168307665216
3,0.002194097809480632,-11.45633069964839,2.440843377389535,-12.0,9.38945482434227,12.0,-2.565147760120765e-06,-0.0006948611446952735,-0.0006948587038518961,-0.001145633069964839,0.00184281404066715,0.0006948611446952735
3,0.0021942978094806323,-11.45632900274464,2.443721420867935,-12.0,9.393771069888432,12.0,-2.564937897518426e-06,-0.0006950049649020499,-0.0006950025211806288,-0.001145632900274464,0.001842957481320988,0.0006950049649020498
3,0.0021944978094806324,-11.45632730190408,2.446589576360028,-12.0,9.398072481387848,12.0,-2.565144475526461e-06,-0.000695148290502782,-0.0006951458439132055,-0.001145632730190408,0.001843100843415405,0.0006951482905027819
3,0.0021946978094806325,-11.45632561682672,2.449447832770879,-12.0,9.402359052048007,12.0,-2.564934821113116e-06,-0.000695291121927713,-0.0006952886724798802,-0.001145632561682673,0.001843243296678196,0.0006952911219277128
3,0.0021948978094806326,-11.45632392782661,2.452296192149744,-12.0,9.406630775099842,12.0,-2.56514121345626e-06,-0.0006954334582950097,-0.0006954310059988176,-0.001145632392782661,0.001843385670537986,0.0006954334582950099
3,0.0021950978094806327,-11.45632225458358,2.455134643439661,-12.0,9.410887643797718,12.0,-2.56493176704019e-06,-0.0006955753000358056,-0.0006955728449011622,-0.001145632225458358,0.001843527135508,0.0006955753000358057
3,0.002195297809480633,-11.4563205774318,2.457963188714439,-12.0,9.415129651419445,12.0,-2.565137973929586e-06,-0.0006957166462705007,-0.000695714188307312,-0.00114563205774318,0.00184366852023437,0.0006957166462705006
3,0.002195497809480633,-11.45631891603098,2.460781816955107,-12.0,9.419356791266322,12.0,-2.564928735319267e-06,-0.0006958574974311217,-0.0006958550366493046,-0.001145631891603098,0.00184380899601638,0.0006958574974311216
3,0.002195697809480633,-11.45631725073538,2.463590530260087,-12.0,9.423569056663123,12.0,-2.56513475696552e-06,-0.0006959978526403035,-0.0006959953890497732,-0.001145631725073538,0.001843949390717892,0.0006959978526403037
3,0.002195897809480633,-11.4563156011846,2.466389317648414,-12.0,9.427766440958097,12.0,-2.564925725969725e-06,-0.0006961377123309684,-0.0006961352459416506,-0.00114563156011846,0.001844088876422283,0.0006961377123309683
3,0.0021960978094806333,-11.45631394775294,2.469178181243146,-12.0,9.431948937523003,12.0,-2.565131562583257e-06,-0.000696277075627986,-0.0006962746064498045,-0.001145631394775295,0.001844228280212792,0.0006962770756279858
3,0.0021962978094806334,-11.45631231005997,2.471957110101352,-12.0,9.436116539753115,12.0,-2.564922739010774e-06,-0.0006964159429651764,-0.0006964134710080662,-0.001145631231005997,0.00184436677495698,0.0006964159429651764
3,0.0021964978094806335,-11.4563106685,2.474726106370767,-12.0,9.440269241067211,12.0,-2.56512839080142e-06,-0.0006965543134696445,-0.0006965518387435382,-0.00114563106685,0.001844505186957164,0.0006965543134696445
3,0.0021966978094806336,-11.45630904267254,2.477485159146501,-12.0,9.444407034907611,12.0,-2.564919774461709e-06,-0.0006966921875761111,-0.0006966897100909519,-0.001145630904267254,0.001844642689864654,0.0006966921875761111
3,0.0021968978094806337,-11.4563074129919,2.480234270601018,-12.0,9.448529914740183,12.0,-2.565125241638915e-06,-0.0006968295644139165,-0.0006968270841796459,-0.00114563074129919,0.001844780109201825,0.0006968295644139165
3,0.002197097809480634,-11.45630579903761,2.48297342986748,-12.0,9.452637874054323,12.0,-2.564916832341648e-06,-0.0006969664444186845,-0.0006969639614452543,-0.001145630579903761,0.001844916619401624,0.0006969664444186844
3,0.002197297809480634,-11.45630418124392,2.485702639143105,-12.0,9.45673090636301,12.0,-2.565122115114272e-06,-0.0006971028267219906,-0.0006971003410193513,-0.001145630418124392,0.001845053045208325,0.0006971028267219906
3,0.002197497809480634,-11.45630257917039,2.488421887599138,-12.0,9.46080900520278,12.0,-2.564913912669167e-06,-0.0006972387117603643,-0.0006972362233384765,-0.001145630257917039,0.001845188561836804,0.0006972387117603642
3,0.002197697809480634,-11.45630097327121,2.491131177457601,-12.0,9.464872164133782,12.0,-2.565119011246207e-06,-0.000697374098667618,-0.0006973716075364406,-0.001145630097327121,0.001845323993253103,0.0006973740986676181
3,0.0021978978094806343,-11.45629938308598,2.493830497927819,-12.0,9.4689203767397,12.0,-2.564911015463124e-06,-0.0006975089878811882,-0.00069750649405069,-0.001145629938308598,0.00184545851545203,0.0006975089878811881
3,0.0021980978094806344,-11.45629778908879,2.496519851256641,-12.0,9.472953636627873,12.0,-2.565115930052896e-06,-0.0006976433785371232,-0.0006976408820172717,-0.001145629778908879,0.001845592951622625,0.0006976433785371232
3,0.0021982978094806345,-11.45629621079935,2.499199226691533,-12.0,9.476971937429242,12.0,-2.564908140742147e-06,-0.0006977772710737712,-0.0006977747718745442,-0.001145629621079935,0.001845726478541257,0.0006977772710737709
3,0.0021984978094806346,-11.45629462871159,2.501868626504181,-12.0,9.480975272798334,12.0,-2.565112871552458e-06,-0.0006979106646294152,-0.0006979081627607888,-0.001145629462871159,0.001845859918619101,0.0006979106646294152
3,0.0021986978094806348,-11.45629306232536,2.504528039980186,-12.0,9.484963636413358,12.0,-2.564905288524677e-06,-0.0006980435596433174,-0.0006980410551152773,-0.001145629306232536,0.001845992449411438,0.0006980435596433172
3,0.002198897809480635,-11.45629149215442,2.507177469416157,-12.0,9.48893702197614,12.0,-2.565109835763041e-06,-0.0006981759552559982,-0.0006981734480785288,-0.001145629149215442,0.001846124892553864,0.0006981759552559982
3,0.002199097809480635,-11.45628993767875,2.509816904135823,-12.0,9.492895423212154,12.0,-2.564902458829015e-06,-0.0006983078519076332,-0.0006983053420907289,-0.001145628993767875,0.00184625642638154,0.0006983078519076331
3,0.002199297809480635,-11.45628837943195,2.512446346460741,-12.0,9.49683883387055,12.0,-2.565106822702695e-06,-0.0006984392487409809,-0.0006984367362946344,-0.001145628837943195,0.001846387871753843,0.000698439248740981
3,0.002199497809480635,-11.45628683687418,2.515065785752796,-12.0,9.500767247724141,12.0,-2.564899651673367e-06,-0.0006985701461971344,-0.0006985676311313487,-0.001145628683687418,0.001846518407783244,0.0006985701461971346
3,0.0021996978094806353,-11.45628529055877,2.517675224358539,-12.0,9.504680658569436,12.0,-2.565103832388848e-06,-0.0006987005434210895,-0.0006986980257458653,-0.001145628529055877,0.001846648854556471,0.0006987005434210897
3,0.0021998978094806354,-11.45628375992613,2.52027465167802,-12.0,9.50857906022661,12.0,-2.564896867075872e-06,-0.0006988304408548592,-0.0006988279205802074,-0.001145628375992613,0.001846778391961592,0.000698830440854859
3,0.0022000978094806356,-11.45628222554932,2.5228640700828,-12.0,9.512462446539562,12.0,-2.565100864839657e-06,-0.0006989598376456764,-0.0006989573147816062,-0.001145628222554932,0.001846907839312139,0.0006989598376456762
3,0.0022002978094806357,-11.45628070684902,2.525443469011132,-12.0,9.5163308113759,12.0,-2.564894105054273e-06,-0.000699088734236477,-0.0006990862087930078,-0.001145628070684902,0.001847036377273364,0.0006990887342364769
3,0.0022004978094806358,-11.45627918441798,2.528012850859624,-12.0,9.520184148626935,12.0,-2.565097920072235e-06,-0.000699217129776731,-0.0006992146017638802,-0.001145627918441798,0.001847164824385683,0.0006992171297767312
3,0.002200697809480636,-11.45627767765715,2.530572205104732,-12.0,9.524022452207724,12.0,-2.564891365626341e-06,-0.0006993450247102993,-0.0006993424941380941,-0.001145627767765715,0.001847292362088556,0.0006993450247102993
3,0.002200897809480636,-11.45627616717896,2.533121534168175,-12.0,9.527845716057083,12.0,-2.565094998104196e-06,-0.000699472418188891,-0.0006994698850673566,-0.001145627616717896,0.00184741980815152,0.0006994724181888909
3,0.002201097809480636,-11.45627467236468,2.535660827564608,-12.0,9.53165393413753,12.0,-2.564888648809842e-06,-0.0006995993106572924,-0.0006995967749964646,-0.001145627467236468,0.001847546344789685,0.0006995993106572923
3,0.0022012978094806362,-11.45627317384638,2.53819008774087,-12.0,9.535447100435373,12.0,-2.565092098952433e-06,-0.0006997257012694504,-0.0006997231630793627,-0.001145627317384638,0.001847672788999969,0.0006997257012694504
3,0.0022014978094806363,-11.45627169098568,2.54070930424988,-12.0,9.539225208960705,12.0,-2.56488595462218e-06,-0.0006998515904710825,-0.0006998490497617782,-0.001145627169098568,0.001847798323770953,0.0006998515904710825
3,0.0022016978094806365,-11.45627020443425,2.543218479563618,-12.0,9.542988253747348,12.0,-2.565089222634368e-06,-0.000699976977418373,-0.0006999744341998933,-0.001145627020443425,0.001847923765331336,0.000699976977418373
3,0.0022018978094806366,-11.45626873353409,2.545717603273255,-12.0,9.54673622885296,12.0,-2.564883283080618e-06,-0.0007001018625579708,-0.0007000993168403673,-0.001145626873353409,0.001848048297441268,0.0007001018625579705
3,0.0022020978094806367,-11.45626725895645,2.548206677875979,-12.0,9.550469128358971,12.0,-2.565086369167039e-06,-0.0007002262450482993,-0.0007002236968416213,-0.001145626725895645,0.001848172735560078,0.0007002262450482992
3,0.002202297809480637,-11.45626580002375,2.550685693001217,-12.0,9.554186946370631,12.0,-2.564880634202352e-06,-0.0007003501253369414,-0.0007003475746512483,-0.001145626580002375,0.00184829626422043,0.0007003501253369414
3,0.002202497809480637,-11.45626433742676,2.553154651171395,-12.0,9.557889677016984,12.0,-2.565083538566891e-06,-0.000700473502584559,-0.0007004709494299078,-0.001145626433742676,0.001848419698112462,0.0007004735025845589
3,0.002202697809480637,-11.45626289046836,2.555613542054212,-12.0,9.56157731445092,12.0,-2.564878008004656e-06,-0.0007005963772396711,-0.0007005938216261288,-0.001145626289046836,0.001848542222541293,0.0007005963772396709
3,0.002202897809480637,-11.45626143985884,2.558062368197375,-12.0,9.565249852849163,12.0,-2.565080730850851e-06,-0.000700718748465179,-0.0007007161904028106,-0.001145626143985884,0.001848664651428681,0.0007007187484651789
3,0.0022030978094806372,-11.45626000488154,2.560501119306862,-12.0,9.568907286412259,12.0,-2.564875404504383e-06,-0.0007008406167105397,-0.0007008380562094203,-0.001145626000488155,0.001848786170850032,0.0007008406167105397
3,0.0022032978094806374,-11.45625856626623,2.562929797955688,-12.0,9.572549609364629,12.0,-2.565077946035316e-06,-0.0007009619811408941,-0.000700959418211096,-0.001145625856626623,0.001848907593960658,0.0007009619811408941
3,0.0022034978094806375,-11.45625714327677,2.565348393888151,-12.0,9.576176815954554,12.0,-2.564872823718223e-06,-0.0007010828422066405,-0.0007010802768582463,-0.001145625714327677,0.001849028107604927,0.0007010828422066404
3,0.0022036978094806376,-11.45625571666237,2.56775690970259,-12.0,9.579788900454167,12.0,-2.565075184136983e-06,-0.0007012031990751579,-0.000701200631318248,-0.001145625571666237,0.001849148524172386,0.0007012031990751578
3,0.0022038978094806377,-11.45625430566743,2.570155335181621,-12.0,9.5833858571595,12.0,-2.564870265662726e-06,-0.0007013230521977881,-0.0007013204820424527,-0.001145625430566743,0.001849268031276971,0.000701323052197788
3,0.002204097809480638,-11.45625289106058,2.572543672948962,-12.0,9.586967680390462,12.0,-2.565072445171756e-06,-0.0007014424007441499,-0.0007014398282004769,-0.001145625289106058,0.001849387440542251,0.00070144240074415
3,0.002204297809480638,-11.45625149206678,2.574921912825577,-12.0,9.590534364490885,12.0,-2.564867730354482e-06,-0.0007015612451665308,-0.0007015586702446179,-0.001145625149206678,0.001849505940350407,0.0007015612451665309
3,0.002204497809480638,-11.45625008947404,2.577290057460575,-12.0,9.594085903828459,12.0,-2.565069729156015e-06,-0.0007016795846367884,-0.000701677007346731,-0.001145625008947404,0.001849624341560046,0.0007016795846367884
3,0.002204697809480638,-11.45624870248795,2.579648096713262,-12.0,9.597622292794838,12.0,-2.564865217810025e-06,-0.0007017974196081578,-0.0007017948399600609,-0.001145624870248796,0.001849741833321659,0.0007017974196081577
3,0.0022048978094806383,-11.45624731191586,2.581996033258215,-12.0,9.601143525805586,12.0,-2.565067036105514e-06,-0.0007019147492547372,-0.0007019121672587039,-0.001145624731191586,0.001849859225729419,0.0007019147492547371
3,0.0022050978094806384,-11.45624593694399,2.58433385699307,-12.0,9.60464959730017,12.0,-2.564862728045371e-06,-0.0007020315740307102,-0.0007020289896968531,-0.001145624593694399,0.001849975708699862,0.0007020315740307101
3,0.0022052978094806385,-11.45624455839901,2.58666157061789,-12.0,9.608140501742046,12.0,-2.56506436603626e-06,-0.0007021478931124156,-0.0007021453064508449,-0.001145624455839901,0.001850092091565281,0.0007021478931124156
3,0.0022054978094806386,-11.45624319544781,2.588979164068702,-12.0,9.611616233618598,12.0,-2.564860261076805e-06,-0.0007022637069549898,-0.0007022611179758254,-0.001145624319544781,0.00185020756500754,0.0007022637069549896
3,0.0022056978094806387,-11.45624182893634,2.591286640071061,-12.0,9.615076787441161,12.0,-2.565061718963852e-06,-0.0007023790147370102,-0.0007023764234503699,-0.001145624182893634,0.001850322937596739,0.00070237901473701
3,0.002205897809480639,-11.4562404780122,2.593583988599378,-12.0,9.618522157745055,12.0,-2.564857816919999e-06,-0.0007024938169145677,-0.0007024912233305789,-0.00114562404780122,0.00185043740077976,0.0007024938169145678
3,0.002206097809480639,-11.4562391235406,2.595871212404762,-12.0,9.621952339089571,12.0,-2.565059094903861e-06,-0.0007026081126684806,-0.0007026055167972683,-0.00114562391235406,0.00185055176236457,0.0007026081126684808
3,0.002206297809480639,-11.45623778464986,2.598148301500022,-12.0,9.62536732605798,12.0,-2.564855395590935e-06,-0.000702721902455796,-0.0007027193043074942,-0.001145623778464986,0.001850665214563404,0.0007027219024557959
3,0.002206497809480639,-11.45623644222442,2.600415258661834,-12.0,9.62876711325755,12.0,-2.56505649387184e-06,-0.0007028351854595715,-0.0007028325850443128,-0.001145623644222442,0.001850778564423227,0.0007028351854595717
3,0.0022066978094806393,-11.45623511537336,2.602672073941425,-12.0,9.632151695319559,12.0,-2.564852997105228e-06,-0.0007029479621378136,-0.0007029453594657394,-0.001145623511537336,0.001850891004919023,0.0007029479621378134
3,0.0022068978094806394,-11.45623378500032,2.604918750141087,-12.0,9.635521066899292,12.0,-2.56505391588307e-06,-0.0007030602316758206,-0.0007030576267570704,-0.001145623378500032,0.001851003342338495,0.0007030602316758206
3,0.0022070978094806395,-11.45623247019516,2.607155277350456,-12.0,9.638875222676042,12.0,-2.564850621478392e-06,-0.0007031719945325586,-0.0007031693873772811,-0.001145623247019517,0.001851114770420832,0.0007031719945325586
3,0.0022072978094806396,-11.4562311518807,2.609381658397471,-12.0,9.642214157353138,12.0,-2.565051360952503e-06,-0.0007032832498955668,-0.0007032806405139083,-0.001145623115188069,0.001851226094691558,0.0007032832498955668
3,0.0022074978094806397,-11.45622984912761,2.611597883410219,-12.0,9.645537865657968,12.0,-2.564848268725835e-06,-0.0007033939982247749,-0.0007033913866268914,-0.001145622984912761,0.001851336509653197,0.0007033939982247748
3,0.00220769780948064,-11.45622854287783,2.613803955242298,-12.0,9.648846342341916,12.0,-2.565048829095129e-06,-0.0007035042387099619,-0.0007035016249060066,-0.001145622854287783,0.001851446820073743,0.0007035042387099618
3,0.00220789780948064,-11.45622725218292,2.615999864060234,-12.0,9.652139582180453,12.0,-2.56484593886282e-06,-0.000703613971812022,-0.0007036113558121578,-0.001145622725218292,0.001851556221216274,0.000703613971812022
3,0.00220809780948064,-11.45622595800391,2.61818561274336,-12.0,9.655417579973122,12.0,-2.565046320325962e-06,-0.0007037231967229763,-0.0007037205785373634,-0.001145622595800391,0.00185166551709069,0.0007037231967229762
3,0.00220829780948064,-11.45622467937322,2.620361191496641,-12.0,9.658680330543488,12.0,-2.564843631904356e-06,-0.0007038319139046848,-0.0007038292935434932,-0.001145622467937322,0.001851773903720996,0.0007038319139046848
3,0.0022084978094806403,-11.45622339727097,2.622526603225149,-12.0,9.661927828739243,12.0,-2.565043834659715e-06,-0.0007039401225514095,-0.0007039375000248062,-0.001145622339727098,0.001851882184360415,0.0007039401225514095
3,0.0022086978094806404,-11.45622213071051,2.624681838172334,-12.0,9.665160069432138,12.0,-2.564841347865498e-06,-0.0007040478231259807,-0.0007040451984441422,-0.001145622213071051,0.00185198955579134,0.0007040478231259804
3,0.0022088978094806405,-11.45622086069098,2.62682689926903,-12.0,9.668377047518028,12.0,-2.565041372110936e-06,-0.0007041550148248999,-0.0007041523879980006,-0.001145622086069098,0.001852096820513046,0.0007041550148248998
3,0.0022090978094806406,-11.45621960620668,2.628961776797168,-12.0,9.671578757916858,12.0,-2.564839086760839e-06,-0.0007042616981119691,-0.0007042590691501922,-0.001145621960620668,0.001852203176066447,0.0007042616981119691
3,0.0022092978094806408,-11.45621834827575,2.631086473713388,-12.0,9.674765195572693,12.0,-2.56503893269394e-06,-0.0007043678721859307,-0.0007043652410994568,-0.001145621834827575,0.001852309424193199,0.0007043678721859305
3,0.002209497809480641,-11.45621710587348,2.633200980338117,-12.0,9.677936355453719,12.0,-2.564836848605447e-06,-0.0007044735375115604,-0.0007044709043105799,-0.001145621710587348,0.001852414763194405,0.0007044735375115603
3,0.002209697809480641,-11.456215860037,2.635305299653822,-12.0,9.681092232552231,12.0,-2.565036516423252e-06,-0.0007045786932898409,-0.0007045760579845413,-0.001145621586003701,0.001852519994057091,0.000704578693289841
3,0.002209897809480641,-11.45621462972259,2.637399422019439,-12.0,9.684232821884676,12.0,-2.56483463341339e-06,-0.0007046833399865239,-0.0007046807025871016,-0.001145621462972259,0.0018526243158389,0.0007046833399865237
3,0.002210097809480641,-11.45621339598634,2.639483350443308,-12.0,9.687358118491636,12.0,-2.565034123312802e-06,-0.0007047874768048327,-0.0007047848373214823,-0.001145621339598634,0.001852728528773746,0.0007047874768048327
3,0.0022102978094806413,-11.45621217776555,2.641557075322869,-12.0,9.690468117437833,12.0,-2.564832441199335e-06,-0.0007048911042114964,-0.0007048884626544209,-0.001145621217776555,0.001852831832676027,0.0007048911042114963
3,0.0022104978094806414,-11.45621095613523,2.643620599692364,-12.0,9.693562813812159,12.0,-2.565031753376798e-06,-0.0007049942214119797,-0.0007049915777913798,-0.001145621095613523,0.001852935027025707,0.0007049942214119796
3,0.0022106978094806416,-11.45620975001378,2.645673913987761,-12.0,9.69664220272767,12.0,-2.564830271977699e-06,-0.000705096828873991,-0.000705094183200077,-0.001145620975001378,0.001853037312394143,0.0007050968288739909
3,0.0022108978094806417,-11.45620854049507,2.647717021269222,-12.0,9.699706279321582,12.0,-2.565029406628851e-06,-0.0007051989258052361,-0.0007051962780882147,-0.001145620854049507,0.001853139487508126,0.0007051989258052361
3,0.0022110978094806418,-11.45620734647859,2.649749912011255,-12.0,9.702755038755301,12.0,-2.56482812576211e-06,-0.0007053005126744046,-0.0007052978629244924,-0.001145620734647859,0.001853240753695111,0.0007053005126744045
3,0.002211297809480642,-11.4562061490771,2.651772589299989,-12.0,9.705788476214426,12.0,-2.565027083083011e-06,-0.0007054015886914437,-0.0007053989369188543,-0.00114562061490771,0.001853341908929125,0.0007054015886914437
3,0.002211497809480642,-11.4562049671712,2.653785043648473,-12.0,9.708806586908747,12.0,-2.564826002566882e-06,-0.0007055021543260273,-0.0007054995005409836,-0.00114562049671712,0.001853442155292865,0.0007055021543260273
3,0.002211697809480642,-11.45620378189246,2.65578727816882,-12.0,9.711809366072245,12.0,-2.565024782752693e-06,-0.0007056022087903425,-0.0007055995530030642,-0.001145620378189246,0.001853542290009321,0.0007056022087903426
3,0.0022118978094806422,-11.45620261210267,2.65777928341264,-12.0,9.71479680896313,12.0,-2.564823902405705e-06,-0.0007057017525550491,-0.0007056990947757655,-0.001145620261210267,0.001853641515914893,0.000705701752555049
3,0.0022120978094806423,-11.45620143895219,2.659761062518067,-12.0,9.717768910863821,12.0,-2.565022505651346e-06,-0.0007058007848345755,-0.0007057981250735128,-0.001145620143895219,0.001853740629482284,0.0007058007848345755
3,0.0022122978094806425,-11.45620028128399,2.661732606075269,-12.0,9.72072566708096,12.0,-2.564821825292535e-06,-0.000705899306100569,-0.0007058966443679629,-0.001145620028128399,0.001853838834301061,0.0007058993061005691
3,0.0022124978094806426,-11.4561991202672,2.663693917248435,-12.0,9.723667072945423,12.0,-2.565020251792157e-06,-0.0007059973155696987,-0.0007059946518757816,-0.00114561991202672,0.001853936926095147,0.0007059973155696988
3,0.0022126978094806427,-11.456197974726,2.665644986666315,-12.0,9.72659312381234,12.0,-2.564819771240522e-06,-0.0007060948137146026,-0.0007060921480696159,-0.0011456197974726,0.001854034109205314,0.0007060948137146024
3,0.002212897809480643,-11.45619682584828,2.667585817519166,-12.0,9.729503815061063,12.0,-2.565018021188431e-06,-0.0007061917997541897,-0.0007061891321683722,-0.001145619682584828,0.001854131178607153,0.0007061917997541897
3,0.002213097809480643,-11.45619569243945,2.669516400474328,-12.0,9.732399142095222,12.0,-2.564817740263278e-06,-0.0007062882741620897,-0.0007062856046456888,-0.001145619569243945,0.001854227339392729,0.0007062882741620895
3,0.002213297809480643,-11.45619455570611,2.67143673874817,-12.0,9.735279100342698,12.0,-2.565015813853392e-06,-0.0007063842361594529,-0.0007063815647227142,-0.001145619455570611,0.001854323385790906,0.0007063842361594528
3,0.002213497809480643,-11.45619343443497,2.673346823046623,-12.0,9.738143685255649,12.0,-2.564815732373904e-06,-0.0007064796862209027,-0.0007064770128740797,-0.001145619343443497,0.001854418523643223,0.0007064796862209026
3,0.0022136978094806433,-11.45619230985128,2.675246656612192,-12.0,9.740992892310494,12.0,-2.565013629799659e-06,-0.0007065746235698303,-0.0007065719483231736,-0.001145619230985128,0.001854513546431618,0.0007065746235698303
3,0.0022138978094806434,-11.45619120072306,2.67713623018941,-12.0,9.743826717007948,12.0,-2.564813747585622e-06,-0.000706669048681854,-0.0007066663715456237,-0.001145619120072306,0.0018546076607485,0.000706669048681854
3,0.0022140978094806435,-11.45619008829423,2.679015547046966,-12.0,9.746645154873033,12.0,-2.565011469040064e-06,-0.0007067629607826067,-0.0007067602817670596,-0.001145619008829423,0.001854701659328263,0.0007067629607826067
3,0.0022142978094806436,-11.45618899131413,2.68088459796799,-12.0,9.749448201455028,12.0,-2.56481178591134e-06,-0.0007068563603487041,-0.0007068536794641059,-0.001145618899131413,0.001854794749512924,0.0007068563603487038
3,0.0022144978094806437,-11.4561878910453,2.682743386247354,-12.0,9.752235852327543,12.0,-2.565009331587234e-06,-0.0007069492466080188,-0.0007069465638646328,-0.00114561878910453,0.001854887723291019,0.0007069492466080188
3,0.002214697809480644,-11.45618680621846,2.684591902706839,-12.0,9.755008103088516,12.0,-2.564809847363915e-06,-0.0007070416200381678,-0.0007070389354462649,-0.001145618680621846,0.001854979788754356,0.0007070416200381678
3,0.002214897809480644,-11.45618571811472,2.686430150667527,-12.0,9.757764949360158,12.0,-2.565007217453505e-06,-0.0007071334798692632,-0.0007071307934391125,-0.001145618571811472,0.001855071737144989,0.0007071334798692632
3,0.002215097809480644,-11.45618464544621,2.688258120989821,-12.0,9.76050638678905,12.0,-2.564807931956125e-06,-0.000707224826579923,-0.0007072221383218018,-0.001145618464544621,0.001855162777303366,0.0007072248265799229
3,0.002215297809480644,-11.45618356951261,2.690075817021077,-12.0,9.763232411046088,12.0,-2.565005126651251e-06,-0.0007073156594025012,-0.0007073129693266841,-0.001145618356951261,0.001855253699727457,0.0007073156594025012
3,0.0022154978094806443,-11.45618250900745,2.691883229660316,-12.0,9.765943017826498,12.0,-2.564806039700481e-06,-0.0007074059788166183,-0.0007074032869333885,-0.001145618250900745,0.001855343714003894,0.0007074059788166182
3,0.0022156978094806444,-11.45618144524895,2.69368036228118,-12.0,9.768638202849868,12.0,-2.565003059192651e-06,-0.0007074957840568688,-0.0007074930903765065,-0.001145618144524895,0.00185543360988752,0.0007074957840568688
3,0.0022158978094806445,-11.45618039691211,2.695467205821346,-12.0,9.771317961860133,12.0,-2.564804170609237e-06,-0.0007075850756038789,-0.0007075823801366728,-0.001145618039691211,0.001855522597712538,0.0007075850756038787
3,0.0022160978094806446,-11.45617934533364,2.697243763680757,-12.0,9.77398229062559,12.0,-2.565001015089837e-06,-0.0007076738526944833,-0.0007076711554507197,-0.001145617934533364,0.001855611466489936,0.0007076738526944834
3,0.0022162978094806447,-11.45617830917002,2.699010026835742,-12.0,9.776631184938891,12.0,-2.564802324694717e-06,-0.000707762115810315,-0.0007077594168002882,-0.001145617830917002,0.001855699427298577,0.0007077621158103149
3,0.002216497809480645,-11.45617726977643,2.700765998712584,-12.0,9.779264640617079,12.0,-2.564998994354493e-06,-0.0007078498641904494,-0.0007078471634244507,-0.001145617726977643,0.001855787268409375,0.0007078498641904495
3,0.002216697809480645,-11.45617624579088,2.702511670326282,-12.0,9.781882653501569,12.0,-2.564800501969127e-06,-0.0007079370983175287,-0.0007079343958058584,-0.001145617624579088,0.001855874201645597,0.0007079370983175287
3,0.002216897809480645,-11.45617521858698,2.704247045129473,-12.0,9.784485219458151,12.0,-2.564996996998498e-06,-0.0007080238174328679,-0.0007080211131858227,-0.001145617521858698,0.001855961014535518,0.0007080238174328679
3,0.002217097809480645,-11.4561742067843,2.705972114175823,-12.0,9.787072334377028,12.0,-2.564798702444416e-06,-0.0007081100220201205,-0.0007081073160480063,-0.00114561742067843,0.001856046919647866,0.0007081100220201204
3,0.0022172978094806453,-11.45617319177484,2.707686880944374,-12.0,9.78964399417279,12.0,-2.564995023033391e-06,-0.0007081957113228418,-0.0007081930036359608,-0.001145617319177484,0.001856132703770242,0.0007081957113228417
3,0.0022174978094806454,-11.45617219215975,2.709391336527462,-12.0,9.792200194784433,12.0,-2.564796926132413e-06,-0.0007082808858256973,-0.0007082781764343608,-0.001145617219215975,0.001856217580214708,0.0007082808858256971
3,0.0022176978094806455,-11.45617118934943,2.711085484430538,-12.0,9.794740932175364,12.0,-2.564993072470567e-06,-0.0007083655447744825,-0.0007083628336889982,-0.001145617118934943,0.001856302335028867,0.0007083655447744827
3,0.0022178978094806456,-11.45617020192661,2.712769315784645,-12.0,9.797266202333429,12.0,-2.564795173044735e-06,-0.0007084496886548784,-0.0007084469758855626,-0.001145617020192661,0.001856386182267389,0.0007084496886548783
3,0.0022180978094806457,-11.45616921132004,2.714442834121662,-12.0,9.799776001270857,12.0,-2.564991145321718e-06,-0.0007085333167149195,-0.0007085306022720854,-0.001145616921132004,0.001856469907239392,0.0007085333167149195
3,0.002218297809480646,-11.45616823609412,2.716106030611322,-12.0,9.802270325024349,12.0,-2.564793443192737e-06,-0.0007086164294413026,-0.000708613713335272,-0.001145616823609412,0.001856552724740908,0.0007086164294413026
3,0.002218497809480646,-11.45616725769589,2.717758908811991,-12.0,9.804749169655022,12.0,-2.564989241597687e-06,-0.0007086990260843031,-0.0007086963083253942,-0.001145616725769589,0.001856635419342467,0.0007086990260843031
3,0.002218697809480646,-11.45616629467142,2.719401459932094,-12.0,9.80721253124845,12.0,-2.564791736588163e-06,-0.0007087811071316357,-0.0007087783877301756,-0.001145616629467142,0.00185671720658219,0.0007087811071316356
3,0.002218897809480646,-11.45616532848606,2.721033687556487,-12.0,9.809660405914634,12.0,-2.564987361309668e-06,-0.0007088626718358147,-0.0007088599508021273,-0.001145616532848606,0.001856798870292657,0.0007088626718358148
3,0.0022190978094806463,-11.45616437766754,2.722655582932306,-12.0,9.812092789788059,12.0,-2.564790053242048e-06,-0.0007089437206855753,-0.0007089409980299923,-0.001145616437766754,0.001856879626752494,0.0007089437206855753
3,0.0022192978094806464,-11.4561634236995,2.724267149670939,-12.0,9.814509679027655,12.0,-2.564985504468388e-06,-0.0007090242529356716,-0.0007090215286685218,-0.00114561634236995,0.001856960259056866,0.0007090242529356715
3,0.0022194978094806465,-11.45616248509138,2.725868379058224,-12.0,9.81691106981682,12.0,-2.564788393165678e-06,-0.0007091042690758598,-0.0007091015432074805,-0.001145616248509139,0.001857039984224774,0.0007091042690758597
3,0.0022196978094806467,-11.45616154334506,2.727459274732101,-12.0,9.819296958363433,12.0,-2.564983671084782e-06,-0.0007091837683631333,-0.0007091810409038583,-0.001145616154334506,0.001857119584615494,0.0007091837683631333
3,0.0022198978094806468,-11.45616061695175,2.729039828017132,-12.0,9.821667340899854,12.0,-2.564786756369859e-06,-0.0007092627512882725,-0.000709260022248444,-0.001145616061695175,0.001857198277986628,0.0007092627512882723
3,0.002220097809480647,-11.45615968743151,2.730610042577825,-12.0,9.824022213682918,12.0,-2.564981861169258e-06,-0.0007093412171105093,-0.0007093384865004665,-0.001145615968743151,0.00185727684596152,0.0007093412171105093
3,0.002220297809480647,-11.45615877325732,2.732169909777469,-12.0,9.826361572993962,12.0,-2.564785142865461e-06,-0.0007094191663216494,-0.0007094164341517393,-0.001145615877325732,0.001857354507037353,0.0007094191663216494
3,0.002220497809480647,-11.45615785596743,2.733719433307178,-12.0,9.828685415138818,12.0,-2.564980074732363e-06,-0.000709496598183164,-0.0007094938644637306,-0.001145615785596743,0.00185743204210147,0.000709496598183164
3,0.0022206978094806472,-11.45615695401665,2.735258604568974,-12.0,9.830993736447834,12.0,-2.564783552663254e-06,-0.0007095735131878861,-0.0007095707779292814,-0.001145615695401665,0.001857508670388951,0.000709573513187886
3,0.0022208978094806473,-11.45615604896136,2.736787427280586,-12.0,9.833286533275833,12.0,-2.564978311784301e-06,-0.0007096499105995246,-0.0007096471738120974,-0.001145615604896136,0.001857585172054393,0.0007096499105995248
3,0.0022210978094806474,-11.4561551592382,2.738305892882775,-12.0,9.835563802002193,12.0,-2.564781985773744e-06,-0.0007097257909119421,-0.0007097230526060487,-0.00114561551592382,0.001857660767068363,0.0007097257909119419
3,0.0022212978094806476,-11.45615426642168,2.739814005119937,-12.0,9.837825539030797,12.0,-2.564976572335489e-06,-0.000709801153391086,-0.0007097984135770809,-0.001145615426642168,0.001857736234852523,0.000709801153391086
3,0.0022214978094806477,-11.4561533889303,2.741311755471554,-12.0,9.840071740790039,12.0,-2.564780442207269e-06,-0.0007098759985318485,-0.0007098732572200929,-0.00114561533889303,0.001857810796114179,0.0007098759985318486
3,0.002221697809480648,-11.45615250835667,2.742799147708705,-12.0,9.84230240373287,12.0,-2.564974856395834e-06,-0.0007099503256024164,-0.0007099475828032688,-0.001145615250835667,0.001857885229541639,0.0007099503256024164
3,0.002221897809480648,-11.45615164310118,2.74427617334963,-12.0,9.84451752433677,12.0,-2.564778921974e-06,-0.000710024135098714,-0.0007100213908225406,-0.001145615164310118,0.001857958756577849,0.0007100241350987139
3,0.002222097809480648,-11.45615077477449,2.745742836192096,-12.0,9.846717099103754,12.0,-2.564973163975281e-06,-0.0007100974262911658,-0.0007100946805483295,-0.00114561507747745,0.001858032155179259,0.0007100974262911659
3,0.002222297809480648,-11.45614992175894,2.7471991277931,-12.0,9.848901124560399,12.0,-2.564777425084346e-06,-0.00071017019967673,-0.000710167452477602,-0.001145614992175894,0.001858104647524701,0.0007101701996767299
3,0.0022224978094806482,-11.45614906568321,2.748645051977138,-12.0,9.851069597257831,12.0,-2.564971495083416e-06,-0.0007102424545280693,-0.0007102397058830174,-0.001145614906568321,0.001858177010838436,0.0007102424545280693
3,0.0022226978094806484,-11.45614822491157,2.75008060033996,-12.0,9.853222513771732,12.0,-2.564775951547965e-06,-0.0007103141913431773,-0.0007103114412625769,-0.001145614822491158,0.001858248468032894,0.0007103141913431772
3,0.0022228978094806485,-11.45614738109074,2.751505776732811,-12.0,9.855359870702355,12.0,-2.564969849730092e-06,-0.0007103854093969545,-0.0007103826578911776,-0.001145614738109074,0.001858319795602218,0.0007103854093969544
3,0.0022230978094806486,-11.45614655256696,2.752920572790207,-12.0,9.85748166467452,12.0,-2.564774501374874e-06,-0.0007104561091884315,-0.0007104533562678585,-0.001145614655256696,0.001858390217192952,0.0007104561091884313
3,0.0022232978094806487,-11.45614572100491,2.754324992390166,-12.0,9.85958789233763,12.0,-2.564968227924489e-06,-0.0007105262899947465,-0.000710523535669754,-0.001145614572100491,0.001858460508570167,0.0007105262899947465
3,0.002223497809480649,-11.45614490473287,2.755719027205967,-12.0,9.861678550365657,12.0,-2.564773074574545e-06,-0.0007105959523159691,-0.0007105931965969417,-0.001145614490473287,0.001858529894110775,0.000710595952315969
3,0.002223697809480649,-11.45614408543343,2.757102681142425,-12.0,9.863753635457165,12.0,-2.564966629676231e-06,-0.0007106650954314742,-0.0007106623383287929,-0.001145614408543343,0.001858599148851274,0.0007106650954314741
3,0.002223897809480649,-11.45614328141694,2.7584759459116,-12.0,9.865813144335325,12.0,-2.564771671156686e-06,-0.000710733719842373,-0.0007107309613664268,-0.001145614328141694,0.001858667497901832,0.0007107337198423725
3,0.002224097809480649,-11.4561424743839,2.759838825445115,-12.0,9.867857073747878,12.0,-2.564965054994285e-06,-0.0007108018248302764,-0.0007107990649914507,-0.00114561424743839,0.001858735715570472,0.0007108018248302763
3,0.0022242978094806493,-11.45614168262671,2.761191311493809,-12.0,9.869885420467183,12.0,-2.564770291130566e-06,-0.0007108694108973375,-0.0007108666497060257,-0.001145614168262671,0.001858803027697729,0.0007108694108973375
3,0.0022244978094806494,-11.45614088786378,2.762533408016162,-12.0,9.871898181290213,12.0,-2.564963503887707e-06,-0.0007109364773274052,-0.0007109337147939972,-0.001145614088786378,0.001858870207864395,0.000710936477327405
3,0.0022246978094806495,-11.4561401083696,2.763865106801773,-12.0,9.873895353038527,12.0,-2.564768934505475e-06,-0.0007110030246236756,-0.0007110002607585686,-0.00114561401083696,0.001858936482641898,0.0007110030246236754
3,0.0022248978094806496,-11.45613932588044,2.765186411835995,-12.0,9.87587693255833,12.0,-2.564961976365439e-06,-0.0007110690520722338,-0.0007110662868858217,-0.001145613932588044,0.001859002624883219,0.0007110690520722336
3,0.0022250978094806497,-11.45613855865292,2.76649731494722,-12.0,9.877842916720438,12.0,-2.564767601290643e-06,-0.0007111345601773218,-0.0007111317936800067,-0.001145613855865292,0.00185906786189083,0.0007111345601773218
3,0.00222529780948065,-11.45613778844113,2.767797820147684,-12.0,9.879793302420293,12.0,-2.564960472436051e-06,-0.0007111995482272609,-0.0007111967804294408,-0.001145613778844113,0.001859132965790866,0.0007111995482272609
3,0.00222549780948065,-11.45613703348385,2.769087919304562,-12.0,9.881728086577962,12.0,-2.564766291494889e-06,-0.0007112640167273399,-0.0007112612476394206,-0.001145613703348385,0.001859197164614228,0.00071126401672734
3,0.00222569780948065,-11.45613627555298,2.770367616457007,-12.0,9.883647266138166,12.0,-2.564958992108432e-06,-0.000711327964968116,-0.0007113251946004995,-0.001145613627555298,0.001859261229762073,0.0007113279649681159
3,0.00222589780948065,-11.45613553286947,2.771636903510989,-12.0,9.885550838070253,12.0,-2.564765005126901e-06,-0.0007113913934559267,-0.0007113886218190231,-0.001145613553286947,0.001859324389995085,0.0007113913934559265
3,0.0022260978094806503,-11.45613478722301,2.772895784532582,-12.0,9.887438799368226,12.0,-2.564957535391005e-06,-0.0007114543014835645,-0.0007114515285877798,-0.001145613478722302,0.001859387415987897,0.0007114543014835645
3,0.0022262978094806504,-11.45613405681675,2.774144251466561,-12.0,9.889311147050734,12.0,-2.564763742195594e-06,-0.0007115166895584173,-0.0007115139154141657,-0.001145613405681675,0.001859449537229066,0.0007115166895584172
3,0.0022264978094806505,-11.45613332345813,2.775382308405958,-12.0,9.891167878161088,12.0,-2.564956102291861e-06,-0.0007115785569755131,-0.0007115757815932046,-0.001145613332345814,0.001859511523670605,0.0007115785569755131
3,0.0022266978094806506,-11.45613260533253,2.77660994733434,-12.0,9.893008989767251,12.0,-2.564762502709293e-06,-0.0007116399042432912,-0.0007116371276333438,-0.001145613260533253,0.001859572605526343,0.0007116399042432912
3,0.0022268978094806507,-11.45613188426512,2.777827172371716,-12.0,9.89483447896186,12.0,-2.5649546928193e-06,-0.0007117007306590144,-0.000711697952831842,-0.001145613188426512,0.001859633552025373,0.0007117007306590145
3,0.002227097809480651,-11.45613117842355,2.779033975540458,-12.0,9.89664434286222,12.0,-2.564761286676466e-06,-0.0007117610367321762,-0.0007117582576982006,-0.001145613117842355,0.001859693594108179,0.0007117610367321763
3,0.002227297809480651,-11.45613046965067,2.780230360987572,-12.0,9.898438578610305,12.0,-2.564953306981376e-06,-0.0007118208217622733,-0.0007118180415319123,-0.001145613046965067,0.001859753500281068,0.0007118208217622734
3,0.002227497809480651,-11.45612977609643,2.781416320774232,-12.0,9.90021718337277,12.0,-2.5647600941054e-06,-0.0007118800862598539,-0.0007118773048435329,-0.001145612977609643,0.001859812502210079,0.0007118800862598539
3,0.002227697809480651,-11.45612907962133,2.782591859074471,-12.0,9.901980154340961,12.0,-2.564951944785929e-06,-0.000711938829526649,-0.0007119360469347899,-0.001145612907962133,0.001859871367680609,0.0007119388295266492
3,0.0022278978094806513,-11.45612839835765,2.783756967988271,-12.0,9.90372748873091,12.0,-2.5647589250041e-06,-0.0007119970520742642,-0.000711994268317296,-0.001145612839835765,0.001859929329081756,0.0007119970520742639
3,0.0022280978094806514,-11.45612771418354,2.78491165171669,-12.0,9.905459183783323,12.0,-2.564950606240661e-06,-0.0007120547532066634,-0.0007120519682950117,-0.001145612771418354,0.001859987153478077,0.0007120547532066634
3,0.0022282978094806515,-11.45612704521362,2.78605590239853,-12.0,9.90717523676363,12.0,-2.564757779380518e-06,-0.00071211193343651,-0.0007121091473806074,-0.001145612704521362,0.001860044073984269,0.0007121119334365099
3,0.0022284978094806516,-11.45612637334365,2.787189724261918,-12.0,9.908875644961944,12.0,-2.564949291353252e-06,-0.0007121685920700024,-0.0007121658048802782,-0.001145612637334365,0.001860100856942659,0.0007121685920700026
3,0.0022286978094806517,-11.45612571667061,2.78831310948446,-12.0,9.910560405693088,12.0,-2.564756657242606e-06,-0.0007122247296208631,-0.0007122219413077533,-0.001145612571667061,0.00186015673619208,0.0007122247296208629
3,0.002228897809480652,-11.45612505710785,2.789426062321365,-12.0,9.912229516296597,12.0,-2.564948000131063e-06,-0.0007122803453975233,-0.0007122775559714609,-0.001145612505710785,0.001860212477355536,0.0007122803453975232
3,0.002229097809480652,-11.45612441273478,2.790528574989054,-12.0,9.913882974136719,12.0,-2.564755558597717e-06,-0.0007123354399147666,-0.0007123326493861915,-0.001145612441273478,0.001860267314993655,0.0007123354399147665
3,0.002229297809480652,-11.45612376548227,2.791620651769838,-12.0,9.915520776602412,12.0,-2.564946732581546e-06,-0.0007123900124832575,-0.0007123872208626056,-0.001145612376548227,0.001860322014010691,0.0007123900124832574
3,0.002229497809480652,-11.45612313341217,2.792702284918954,-12.0,9.917142921107367,12.0,-2.564754483453468e-06,-0.0007124440636188413,-0.0007124412709165563,-0.001145612313341217,0.001860375809690409,0.0007124440636188412
3,0.0022296978094806523,-11.45612249847289,2.79377347874584,-12.0,9.918749405089994,12.0,-2.564945488711657e-06,-0.0007124975926344154,-0.0007124947988609366,-0.001145612249847289,0.001860429466217176,0.0007124975926344155
3,0.0022298978094806524,-11.45612187870872,2.794834225544551,-12.0,9.92034022601344,12.0,-2.564753431817389e-06,-0.0007125506000468891,-0.0007125478052126634,-0.001145612187870872,0.001860482219596403,0.000712550600046889
3,0.0022300978094806525,-11.45612125608558,2.795884529651661,-12.0,9.921915381365578,12.0,-2.564944268528685e-06,-0.0007126030851713917,-0.000712600289286862,-0.001145612125608558,0.001860534833294994,0.0007126030851713917
3,0.0022302978094806527,-11.45612064863024,2.796924383400043,-12.0,9.923474868659019,12.0,-2.564752403696486e-06,-0.0007126550485258976,-0.0007126522516015142,-0.001145612064863024,0.001860586544039488,0.0007126550485258977
3,0.0022304978094806528,-11.45612003832609,2.797953791153449,-12.0,9.925018685431132,12.0,-2.564943072039233e-06,-0.0007127064894277683,-0.0007127036914739771,-0.001145612003832609,0.001860638114579235,0.0007127064894277683
3,0.002230697809480653,-11.45611944318243,2.79897274528356,-12.0,9.926546829244007,12.0,-2.56475139909818e-06,-0.000712757408396045,-0.0007127546094232995,-0.001145611944318243,0.001860688782359828,0.0007127574083960447
3,0.002230897809480653,-11.45611884520008,2.799981250181305,-12.0,9.928059297684499,12.0,-2.564941899250049e-06,-0.0007128078047503196,-0.0007128050047690693,-0.001145611884520008,0.001860739309416301,0.0007128078047503194
3,0.002231097809480653,-11.45611826237088,2.800979298257199,-12.0,9.929556088364222,12.0,-2.564750418028965e-06,-0.0007128576790107024,-0.000712854878031404,-0.001145611826237088,0.001860788933912822,0.0007128576790107024
3,0.0022312978094806532,-11.45611767671307,2.801966893929366,-12.0,9.931037198919526,12.0,-2.564940750167765e-06,-0.0007129070304990161,-0.000712904228532122,-0.001145611767671308,0.001860838417167341,0.000712907030499016
3,0.0022314978094806533,-11.45611710620106,2.802944029647145,-12.0,9.932502627011546,12.0,-2.564749460495951e-06,-0.0007129558597364404,-0.0007129530567924104,-0.001145611710620106,0.001860886998063766,0.0007129558597364402
3,0.0022316978094806534,-11.45611653287048,2.803910709855886,-12.0,9.933952370326171,12.0,-2.564939624798979e-06,-0.0007130041660470285,-0.0007130013621363185,-0.001145611653287048,0.001860935437205417,0.0007130041660470285
3,0.0022318978094806536,-11.45611597467834,2.804866927043738,-12.0,9.935386426574048,12.0,-2.564748526505792e-06,-0.0007130519499530311,-0.0007130491450861039,-0.001145611597467834,0.001860982974194044,0.0007130519499530311
3,0.0022320978094806537,-11.45611541367762,2.8058126856833,-12.0,9.936804793490616,12.0,-2.564938523149646e-06,-0.0007130992107807317,-0.0007130964049680458,-0.001145611541367762,0.00186103036891832,0.0007130992107807317
3,0.002232297809480654,-11.45611486780794,2.806747978301549,-12.0,9.93820746883608,12.0,-2.564747616064705e-06,-0.0007131459490534531,-0.0007131431423054747,-0.001145611486780794,0.00186107686169729,0.0007131459490534531
3,0.002232497809480654,-11.45611431913965,2.807672809398331,-12.0,9.939594450395418,12.0,-2.5649374452262e-06,-0.0007131921640997085,-0.0007131893564268993,-0.001145611431913965,0.001861123211705811,0.0007131921640997088
3,0.002232697809480654,-11.45611378559501,2.808587171539453,-12.0,9.940965735978402,12.0,-2.564746729179115e-06,-0.000713237856443895,-0.0007132350478567234,-0.001145611378559501,0.001861168659979615,0.0007132378564438949
3,0.002232897809480654,-11.45611324926166,2.809491069252037,-12.0,9.942321323419582,12.0,-2.564936391034637e-06,-0.0007132830254167545,-0.000713280215925685,-0.001145611324926166,0.001861213964980954,0.0007132830254167546
3,0.0022330978094806542,-11.45611272804456,2.810384495140715,-12.0,9.943661210578304,12.0,-2.564745865855439e-06,-0.0007133276715437589,-0.0007133248611592637,-0.001145611272804456,0.001861258368461136,0.0007133276715437589
3,0.0022332978094806544,-11.45611220404861,2.811267453759904,-12.0,9.944985395338698,12.0,-2.564935360580809e-06,-0.0007133717941578794,-0.0007133689828904255,-0.001145611220404861,0.001861302628170108,0.0007133717941578795
3,0.0022334978094806545,-11.45611169516147,2.812139937753056,-12.0,9.9462938756097,12.0,-2.56474502609963e-06,-0.0007134153937856646,-0.0007134125816457266,-0.001145611169516148,0.001861345986574656,0.0007134153937856644
3,0.0022336978094806546,-11.45611118350533,2.813001951701906,-12.0,9.94758664932504,12.0,-2.564934353870373e-06,-0.0007134584697623134,-0.0007134556567603616,-0.001145611118350533,0.00186138920071347,0.0007134584697623134
3,0.0022338978094806547,-11.45611068695056,2.813853488288724,-12.0,9.948863714443249,12.0,-2.564744209917467e-06,-0.0007135010226154525,-0.0007134982087619641,-0.001145611068695056,0.001861431513767315,0.0007135010226154525
3,0.002234097809480655,-11.45611018763655,2.814694552122583,-12.0,9.950125068947669,12.0,-2.564933370908801e-06,-0.0007135430516825087,-0.0007135402369879566,-0.001145611018763655,0.00186147368206397,0.0007135430516825086
3,0.002234297809480655,-11.45610970341646,2.815525135924572,-12.0,9.951370710846449,12.0,-2.56474341731493e-06,-0.0007135845574921878,-0.0007135817419670518,-0.001145610970341646,0.001861514949498053,0.0007135845574921877
3,0.002234497809480655,-11.45610921644689,2.816345244331111,-12.0,9.952600638172555,12.0,-2.56493241170175e-06,-0.0007136255393841442,-0.0007136227230388999,-0.001145610921644689,0.001861556071687449,0.0007136255393841444
3,0.002234697809480655,-11.45610874456376,2.817154870102116,-12.0,9.953814848983754,12.0,-2.564742648297582e-06,-0.0007136659978881639,-0.0007136631807332937,-0.001145610874456376,0.001861596293239767,0.0007136659978881639
3,0.0022348978094806553,-11.45610826994083,2.817954017901367,-12.0,9.955013341362648,12.0,-2.564931476254407e-06,-0.0007137059323461283,-0.0007137031143921101,-0.001145610826994083,0.001861636369063262,0.0007137059323461281
3,0.0022350978094806554,-11.45610781039688,2.818742680527606,-12.0,9.956196113416656,12.0,-2.564741902870859e-06,-0.000713745343288905,-0.0007137425245462243,-0.001145610781039688,0.001861675544478372,0.000713745343288905
3,0.0022352978094806555,-11.45610734812279,2.819520862671996,-12.0,9.957363163278014,12.0,-2.564930564571818e-06,-0.0007137842300606019,-0.0007137814105397392,-0.001145610734812279,0.001861714573684499,0.0007137842300606018
3,0.0022354978094806556,-11.45610690092015,2.820288557172096,-12.0,9.958514489103793,12.0,-2.564741181039985e-06,-0.00071382259319317,-0.0007138197729046126,-0.001145610690092015,0.001861752702713367,0.0007138225931931697
3,0.0022356978094806557,-11.456106450997,2.82104576874647,-12.0,9.959650089075895,12.0,-2.564929676659142e-06,-0.0007138604320329426,-0.0007138576109871738,-0.0011456106450997,0.001861790685056064,0.0007138604320329425
3,0.002235897809480656,-11.4561060161378,2.821792490271497,-12.0,9.960769961401049,12.0,-2.564740482810395e-06,-0.0007138977471129553,-0.0007138949253204647,-0.00114561060161378,0.001861827767456434,0.0007138977471129552
3,0.002236097809480656,-11.45610557856764,2.822528726493157,-12.0,9.961874104310823,12.0,-2.564928812521155e-06,-0.0007139345377817667,-0.0007139317152530401,-0.001145610557856764,0.001861864702698057,0.0007139345377817665
3,0.002236297809480656,-11.4561051560539,2.823254470326648,-12.0,9.962962516061628,12.0,-2.56473980818692e-06,-0.0007139708045734981,-0.0007139679813190276,-0.00114561051560539,0.001861900738233996,0.0007139708045734981
3,0.002236497809480656,-11.45610473083874,2.823969726545384,-12.0,9.964035194934713,12.0,-2.564927972162622e-06,-0.0007140065468389332,-0.0007140037228692064,-0.001145610473083874,0.001861936626141873,0.000714006546838933
3,0.0022366978094806563,-11.45610432067245,2.824674488103374,-12.0,9.96509213923617,12.0,-2.564739157174616e-06,-0.0007140417651132797,-0.0007140389404387913,-0.001145610432067245,0.001861971614584532,0.0007140417651132796
3,0.0022368978094806564,-11.45610390781423,2.825368759801481,-12.0,9.966133347296937,12.0,-2.564927155587951e-06,-0.0007140764587495456,-0.0007140736333807857,-0.001145610390781423,0.001862006454933469,0.0007140764587495456
3,0.0022370978094806565,-11.45610350999732,2.826052534632538,-12.0,9.967158817472813,12.0,-2.564738529778094e-06,-0.0007141106282840276,-0.0007141078022314928,-0.001145610350999732,0.001862040396060508,0.0007141106282840275
3,0.0022372978094806566,-11.45610310949792,2.826725817424864,-12.0,9.968168548144432,12.0,-2.564926362801609e-06,-0.0007141442730719569,-0.0007141414463461393,-0.001145610310949792,0.001862074188631205,0.0007141442730719569
3,0.0022374978094806567,-11.45610272403225,2.827388601210102,-12.0,9.969162537717294,12.0,-2.564737926002234e-06,-0.0007141773936507191,-0.0007141745662621179,-0.001145610272403225,0.001862107082226801,0.0007141773936507192
3,0.002237697809480657,-11.45610233589351,2.828040890844063,-12.0,9.970140784621758,12.0,-2.564925593807787e-06,-0.0007142099893777693,-0.0007142071613368786,-0.001145610233589351,0.001862139826808019,0.0007142099893777695
3,0.002237897809480657,-11.45610196278089,2.828682679397193,-12.0,9.971103287313031,12.0,-2.564737345851187e-06,-0.0007142420607915838,-0.0007142392321089043,-0.001145610196278089,0.00186217167266237,0.0007142420607915838
3,0.002238097809480657,-11.45610158700457,2.829313971752796,-12.0,9.972050044271196,12.0,-2.564924848610938e-06,-0.00071427360725184,-0.0007142707779378681,-0.001145610158700457,0.001862203369047622,0.00071427360725184
3,0.002238297809480657,-11.45610122624677,2.829934761020133,-12.0,9.972981054001194,12.0,-2.56473678932937e-06,-0.000714304629298106,-0.000714301799363345,-0.001145610122624677,0.001862234166958784,0.0007143046292981062
3,0.0022384978094806573,-11.45610086283457,2.830545052110014,-12.0,9.973896315032828,12.0,-2.56492412721479e-06,-0.0007143351262922814,-0.0007143322957472293,-0.001145610086283457,0.001862264814949787,0.0007143351262922814
3,0.0022386978094806574,-11.45610051443327,2.831144838170509,-12.0,9.974795825920783,12.0,-2.564736256441041e-06,-0.0007143650987750274,-0.0007143622676301892,-0.001145610051443327,0.001862294564721772,0.0007143650987750274
3,0.0022388978094806575,-11.45610016338687,2.831734124139952,-12.0,9.975679585244603,12.0,-2.564923429623239e-06,-0.0007143945461104651,-0.0007143917143763408,-0.001145610016338687,0.001862324164125391,0.0007143945461104651
3,0.0022390978094806576,-11.45609982734372,2.832312903205215,-12.0,9.976547591608716,12.0,-2.564735747190237e-06,-0.0007144234688403503,-0.000714420636527447,-0.001145609982734372,0.001862352865568766,0.0007144234688403501
3,0.0022392978094806578,-11.4560994886647,2.832881180332177,-12.0,9.97739984364242,12.0,-2.56492275583985e-06,-0.0007144518663310243,-0.000714449033449844,-0.00114560994886647,0.001862381416200393,0.0007144518663310244
3,0.002239497809480658,-11.45609916498129,2.833438948746505,-12.0,9.97823633999989,12.0,-2.564735261580633e-06,-0.0007144797391253387,-0.0007144769056863897,-0.001145609916498129,0.001862409069131754,0.0007144797391253385
3,0.002239697809480658,-11.4560988386712,2.833986213441635,-12.0,9.979057079360187,12.0,-2.564922105868342e-06,-0.0007145070865918553,-0.0007145042526056416,-0.00114560988386712,0.001862436570811561,0.0007145070865918552
3,0.002239897809480658,-11.45609852734904,2.834522967682035,-12.0,9.97986206042725,12.0,-2.564734799616263e-06,-0.0007145339092745216,-0.0007145310747515538,-0.001145609852734904,0.001862463175055754,0.0007145339092745215
3,0.002240097809480658,-11.45609821340935,2.835049216488709,-12.0,9.980651281929905,12.0,-2.564921479711939e-06,-0.0007145602065441196,-0.0007145573714949032,-0.001145609821340935,0.001862489627611534,0.0007145602065441196
3,0.0022402978094806583,-11.45609791444992,2.835564953164915,-12.0,9.981424742621865,12.0,-2.564734361300504e-06,-0.0007145859789456952,-0.0007145831433807419,-0.001145609791444992,0.001862515182999071,0.000714585978945695
3,0.0022404978094806584,-11.45609761288207,2.836070182759241,-12.0,9.982182441281726,12.0,-2.564920877374157e-06,-0.0007146112258522486,-0.0007146083897820656,-0.001145609761288207,0.001862540586264773,0.0007146112258522486
3,0.0022406978094806585,-11.45609732628678,2.836564898613737,-12.0,9.98292437671298,12.0,-2.564733946636942e-06,-0.0007146359478099247,-0.0007146331112450258,-0.001145609732628678,0.00186256509263178,0.0007146359478099242
3,0.0022408978094806587,-11.45609703709214,2.837049105804591,-12.0,9.983650547744013,12.0,-2.564920298857868e-06,-0.0007146601441939423,-0.0007146573071448364,-0.001145609703709214,0.001862589446448881,0.0007146601441939422
3,0.0022410978094806588,-11.45609676286233,2.837522797712637,-12.0,9.984360953228096,12.0,-2.564733555628723e-06,-0.000714683815551546,-0.0007146809780287482,-0.001145609676286233,0.001862612903640252,0.0007146838155515459
3,0.002241297809480659,-11.4560964860422,2.837985979441673,-12.0,9.985055592043405,12.0,-2.564919744166204e-06,-0.0007147069612601733,-0.0007147041232741937,-0.00114560964860422,0.001862636207855011,0.0007147069612601732
3,0.002241497809480659,-11.45609622417918,2.838438644411318,-12.0,9.985734463093012,12.0,-2.564733188279077e-06,-0.0007147295818681693,-0.0007147267434295248,-0.001145609622417918,0.001862658615721462,0.0007147295818681694
3,0.002241697809480659,-11.45609595973482,2.838880797752997,-12.0,9.986397565304886,12.0,-2.564919213301765e-06,-0.0007147516767551888,-0.000714748837874391,-0.001145609595973482,0.001862680870188849,0.0007147516767551889
3,0.0022418978094806592,-11.45609571023982,2.839312432925103,-12.0,9.987044897631895,12.0,-2.564732844591001e-06,-0.0007147732464706794,-0.0007147704071582463,-0.001145609571023982,0.001862702228586296,0.0007147732464706792
3,0.0022420978094806593,-11.45609545817243,2.839733555086698,-12.0,9.987676459051816,12.0,-2.564918706267466e-06,-0.0007147942903965119,-0.0007147914506629566,-0.001145609545817244,0.001862723433167273,0.0007147942903965119
3,0.0022422978094806595,-11.45609522104664,2.840144157734952,-12.0,9.988292248567328,12.0,-2.564732524567507e-06,-0.0007148148090832377,-0.0007148119689390798,-0.001145609522104664,0.001862743741959046,0.0007148148090832376
3,0.0022424978094806596,-11.45609498135737,2.840544246056579,-12.0,9.988892265206012,12.0,-2.564918223065688e-06,-0.0007148348019149434,-0.0007148319613706973,-0.001145609498135737,0.001862763896520474,0.0007148348019149433
3,0.0022426978094806597,-11.4560947566019,2.840933813587517,-12.0,9.989476508020362,12.0,-2.564732228211021e-06,-0.0007148542694432845,-0.0007148514285094708,-0.00114560947566019,0.001862783155578238,0.0007148542694432845
3,0.00224289780948066,-11.45609452929181,2.841312865542147,-12.0,9.99004497608778,12.0,-2.564917763698913e-06,-0.0007148732110545636,-0.0007148703697416979,-0.001145609452929181,0.001862802259994379,0.0007148732110545635
3,0.00224309780948066,-11.45609431690774,2.841681395495165,-12.0,9.990597668510574,12.0,-2.564731955524337e-06,-0.0007148916273015408,-0.0007148887856201453,-0.001145609431690774,0.00186282046919479,0.000714891627301541
3,0.00224329780948066,-11.45609410197787,2.842039408688632,-12.0,9.99113458441597,12.0,-2.564917328169316e-06,-0.0007149095175727338,-0.000714906675533325,-0.001145609410197787,0.001862838523345589,0.0007149095175727339
3,0.00224349780948066,-11.4560939019662,2.84238689873601,-12.0,9.991655722956104,12.0,-2.564731706509811e-06,-0.0007149268824220097,-0.0007149240400351107,-0.00114560939019662,0.001862855682571796,0.0007149268824220094
3,0.0022436978094806602,-11.45609369941752,2.842723870907038,-12.0,9.992161083308027,12.0,-2.564916916479118e-06,-0.0007149437212400988,-0.0007149408785162279,-0.001145609369941752,0.001862872686345246,0.0007149437212400989
3,0.0022438978094806604,-11.45609351177921,2.843050318853941,-12.0,9.992650664673704,12.0,-2.564731481169695e-06,-0.0007149600345819763,-0.0007149571915316575,-0.001145609351177921,0.001862888795488222,0.0007149600345819763
3,0.0022440978094806605,-11.45609332161262,2.843366247874156,-12.0,9.993124466280022,12.0,-2.564916528630183e-06,-0.0007149758218405868,-0.0007149729784743388,-0.001145609332161262,0.001862904748777022,0.0007149758218405867
3,0.0022442978094806606,-11.45609314634856,2.843671651658657,-12.0,9.993582487378784,12.0,-2.564731279506127e-06,-0.0007149910835720127,-0.000714988239900361,-0.001145609314634856,0.001862919807733354,0.0007149910835720128
3,0.0022444978094806607,-11.45609296856492,2.843966535532596,-12.0,9.994024727246707,12.0,-2.564916164624149e-06,-0.0007150058191714113,-0.0007150029752048758,-0.001145609296856492,0.001862934710439361,0.0007150058191714112
3,0.002244697809480661,-11.45609280567595,2.844250893225689,-12.0,9.994451185185442,12.0,-2.564731101521315e-06,-0.0007150200291959755,-0.000715017184945082,-0.001145609280567595,0.001862948719111644,0.0007150200291959753
3,0.002244897809480661,-11.45609264027605,2.844524730090812,-12.0,9.994861860521546,12.0,-2.564915824462903e-06,-0.0007150337130430733,-0.0007150308685183433,-0.001145609264027605,0.001862962571142214,0.0007150337130430735
3,0.002245097809480661,-11.45609248976296,2.844788039896422,-12.0,9.995256752606512,12.0,-2.564730947216716e-06,-0.000715046871271009,-0.0007150440264829691,-0.001145609248976296,0.001862975529441516,0.000715046871271009
3,0.002245297809480661,-11.45609233674754,2.845040828023131,-12.0,9.995635860816748,12.0,-2.564915508147851e-06,-0.0007150595032793616,-0.0007150566582385336,-0.001145609233674754,0.001862988330709003,0.0007150595032793617
3,0.0022454978094806613,-11.45609219861104,2.845283088278128,-12.0,9.995999184553593,12.0,-2.564730816594364e-06,-0.0007150716096275466,-0.0007150687643444583,-0.001145609219861104,0.001863000238551968,0.0007150716096275465
3,0.0022456978094806614,-11.45609205798078,2.845514826069768,-12.0,9.996346723243306,12.0,-2.564915215680406e-06,-0.0007150831897173538,-0.0007150803442025277,-0.001145609205798079,0.001863011988977905,0.0007150831897173537
3,0.0022458978094806615,-11.45609193222154,2.84573603524397,-12.0,9.99667847633708,12.0,-2.564730709655782e-06,-0.000715094244109311,-0.0007150913983732755,-0.001145609193222154,0.001863022846287874,0.000715094244109311
3,0.0022460978094806616,-11.45609180397708,2.845946721236851,-12.0,9.996994443311028,12.0,-2.564914947061729e-06,-0.0007151047722074178,-0.0007151019262606966,-0.001145609180397708,0.001863033545799179,0.0007151047722074177
3,0.0022462978094806617,-11.4560916905957,2.846146877933044,-12.0,9.997294623666196,12.0,-2.564730626402067e-06,-0.0007151147745733152,-0.000715111928426437,-0.00114560916905957,0.001863043352506067,0.0007151147745733153
3,0.002246497809480662,-11.45609157473759,2.846336510796437,-12.0,9.99757901692856,12.0,-2.564914702293174e-06,-0.0007151242506132124,-0.0007151214042767015,-0.001145609157473759,0.001863053001036112,0.0007151242506132123
3,0.002246697809480662,-11.45609147373463,2.846515613750379,-12.0,9.997847622649022,12.0,-2.564730566834684e-06,-0.0007151332008898646,-0.0007151303543742506,-0.001145609147373463,0.001863061757076825,0.0007151332008898644
3,0.002246897809480662,-11.45609137026339,2.846684192286533,-12.0,9.99810044040342,12.0,-2.564914481375386e-06,-0.0007151416248116887,-0.0007151387781274962,-0.001145609137026339,0.001863070354566159,0.0007151416248116887
3,0.002247097809480662,-11.45609128163935,2.846842240366961,-12.0,9.998337469792517,12.0,-2.564730530954674e-06,-0.0007151495229425558,-0.0007151466761003153,-0.001145609128163935,0.001863078059884419,0.0007151495229425557
3,0.0022472978094806623,-11.45609119055542,2.846989763511111,-12.0,9.998558710442012,12.0,-2.56491428430907e-06,-0.00071515689469309,-0.0007151540477033265,-0.001145609119055542,0.00186308560627988,0.0007151568946930901
3,0.0022474978094806624,-11.45609111431072,2.847126755719746,-12.0,9.998764162002537,12.0,-2.564730518763246e-06,-0.0007151637406282792,-0.0007151608935015233,-0.001145609111431072,0.001863092260825053,0.0007151637406282792
3,0.0022476978094806625,-11.45609103561451,2.847253222540116,-12.0,9.998953824149655,12.0,-2.564914111095124e-06,-0.0007151700601609539,-0.0007151672129077313,-0.001145609103561451,0.001863098756080423,0.0007151700601609539
3,0.0022478978094806626,-11.45609097174953,2.847369158011678,-12.0,9.999127696583864,12.0,-2.564730530261031e-06,-0.0007151758538572188,-0.0007151730064880606,-0.001145609097174954,0.00186310435980926,0.0007151758538572187
3,0.0022480978094806627,-11.45609090544138,2.847474567709485,-12.0,9.999285779030595,12.0,-2.564913961734007e-06,-0.0007151811211321109,-0.0007151782736575431,-0.001145609090544138,0.001863109803885084,0.000715181121132111
3,0.002248297809480663,-11.45609085395645,2.847569445711689,-12.0,9.999428071240215,12.0,-2.564730565448491e-06,-0.0007151858625528528,-0.0007151830149834071,-0.001145609085395645,0.00186311435676085,0.0007151858625528526
3,0.002248497809480663,-11.45609080003663,2.847653797621158,-12.0,9.999554572988025,12.0,-2.564913836226062e-06,-0.0007151900775366868,-0.0007151872298828891,-0.001145609080003662,0.001863118749623228,0.0007151900775366867
3,0.002248697809480663,-11.45609076093201,2.847727617554721,-12.0,9.999665284074261,12.0,-2.564730624326512e-06,-0.0007151937666519544,-0.0007151909189243367,-0.001145609076093201,0.00186312225161614,0.0007151937666519541
3,0.002248897809480663,-11.45609071940074,2.847790911143074,-12.0,9.999760204324096,12.0,-2.564913734571312e-06,-0.000715196929318102,-0.0007151940815271906,-0.001145609071940074,0.001863125593239564,0.0007151969293181023
3,0.0022490978094806633,-11.45609069267665,2.847843672541726,-12.0,9.999839333587637,12.0,-2.564730706895407e-06,-0.0007151995661045913,-0.0007151967182609188,-0.001145609069267665,0.001863128044326278,0.0007151995661045912
3,0.0022492978094806634,-11.4560906635341,2.847885907409203,-12.0,9.999902671739928,12.0,-2.564913656770042e-06,-0.0007152016764330725,-0.0007151988285471651,-0.00114560906635341,0.001863130334690286,0.0007152016764330725
3,0.0022494978094806635,-11.45609064919067,2.847917609939675,-12.0,9.99995021868095,12.0,-2.564730813155273e-06,-0.0007152032608741276,-0.0007152004129565174,-0.001145609064919067,0.001863131734853107,0.0007152032608741276
3,0.0022496978094806636,-11.45609063243695,2.847938785819525,-12.0,9.999981974335622,12.0,-2.564913602822112e-06,-0.0007152043188516097,-0.0007152014709128239,-0.001145609063243695,0.001863132973945026,0.0007152043188516098
3,0.0022498978094806638,-11.45609063047429,2.847949429281568,-12.0,9.999997938653792,12.0,-2.564730943106339e-06,-0.0007152048509372225,-0.000715202002987793,-0.001145609063047429,0.00186313332317463,0.0007152048509372224
3,0.002250097809480664,-11.45609062610945,2.847949546040046,-12.0,9.999998111610255,12.0,-2.564913572727265e-06,-0.000715204856557021,-0.0007152020086074748,-0.001145609062610945,0.001863133510987511,0.0007152048565570209
3,0.002250297809480664,-11.45609063652759,2.847939130366426,-12.0,9.999982493204737,12.0,-2.564731096748581e-06,-0.0007152043362838312,-0.0007152014883447008,-0.001145609063652759,0.001863132809279982,0.0007152043362838312
3,0.002250497809480664,-11.45609064455162,2.847918188002806,-12.0,9.9999510834619,12.0,-2.564913566484923e-06,-0.0007152032895459094,-0.0007152004416277214,-0.001145609064455162,0.001863131945814608,0.0007152032895459094
3,0.002250697809480664,-11.45609066735053,2.847886713259294,-12.0,9.999903882431344,12.0,-2.564731274081736e-06,-0.000715201716917205,-0.0007151988690304915,-0.001145609066735053,0.001863130193173293,0.000715201716917205
3,0.0022508978094806643,-11.45609068776338,2.847844711905867,-12.0,9.99984089018761,12.0,-2.564913584094936e-06,-0.0007151996178281742,-0.0007151967699834624,-0.001145609068776338,0.001863128278435764,0.0007151996178281742
3,0.0022510978094806644,-11.45609072294299,2.847792178291257,-12.0,9.999762106830165,12.0,-2.56473147510536e-06,-0.0007151969928538909,-0.0007151941450617124,-0.001145609072294299,0.001863125474870203,0.0007151969928538909
3,0.0022512978094806646,-11.45609075574452,2.84772911821332,-12.0,9.999667532483425,12.0,-2.56491362555648e-06,-0.0007151938414270106,-0.0007151909936978922,-0.001145609075574452,0.001863122508873926,0.0007151938414270106
3,0.0022514978094806647,-11.4560908033047,2.847655526059415,-12.0,9.99955716729673,12.0,-2.564731699819105e-06,-0.0007151901641237316,-0.0007151873164682055,-0.00114560908033047,0.001863118654401152,0.0007151901641237315
3,0.0022516978094806648,-11.45609084849474,2.847571407655278,-12.0,9.999431011444367,12.0,-2.56491369086866e-06,-0.0007151859603789089,-0.0007151831128075012,-0.001145609084849475,0.001863114637166137,0.0007151859603789089
3,0.002251897809480665,-11.45609090843528,2.84747675742689,-12.0,9.99928906512555,12.0,-2.564731948222363e-06,-0.0007151812307698661,-0.0007151783832931086,-0.001145609090843528,0.001863109731808455,0.0007151812307698661
3,0.002252097809480665,-11.4560909660136,2.847371581227879,-12.0,9.999131328564433,12.0,-2.564913780030636e-06,-0.0007151759747336555,-0.0007151731273620743,-0.00114560909660136,0.001863104663361943,0.0007151759747336554
3,0.002252297809480665,-11.45609103833426,2.847255873522825,-12.0,9.998957802010104,12.0,-2.56473222031419e-06,-0.0007151701928487277,-0.0007151673455928542,-0.001145609103833426,0.001863098707149601,0.0007151701928487279
3,0.0022524978094806652,-11.45609110830057,2.847129640193262,-12.0,9.998768485736582,12.0,-2.564913893041239e-06,-0.0007151638845543319,-0.0007151610374246917,-0.001145609110830057,0.001863092587524209,0.0007151638845543319
3,0.0022526978094806653,-11.45609119300102,2.846992875742371,-12.0,9.998563380042826,12.0,-2.564732516093919e-06,-0.0007151570504300457,-0.0007151542034371697,-0.001145609119300102,0.001863085580492938,0.0007151570504300456
3,0.0022528978094806655,-11.45609127535497,2.846845586079586,-12.0,9.998342485252728,12.0,-2.564914029899235e-06,-0.0007151496899173142,-0.000715146843071728,-0.001145609127535497,0.001863078409729576,0.0007151496899173141
3,0.0022530978094806656,-11.45609137243487,2.846687765746674,-12.0,9.998105801715106,12.0,-2.56473283556016e-06,-0.000715141803596843,-0.0007151389569090772,-0.001145609137243487,0.001863070351922989,0.0007151418035968431
3,0.0022532978094806657,-11.45609146717604,2.84651942068099,-12.0,9.997853329803716,12.0,-2.564914190603209e-06,-0.0007151333909122726,-0.0007151305443928518,-0.001145609146717605,0.001863062130067368,0.0007151333909122726
3,0.002253497809480666,-11.45609157663496,2.846340545462877,-12.0,9.99758506991725,12.0,-2.564733178712013e-06,-0.0007151244524454374,-0.0007151216061048917,-0.001145609157663496,0.001863053021534533,0.0007151244524454373
3,0.002253697809480666,-11.4560916837629,2.846151146057609,-12.0,9.997301022479325,12.0,-2.564914375151655e-06,-0.0007151149876421716,-0.0007151121414910257,-0.00114560916837629,0.001863043748640574,0.0007151149876421716
3,0.002253897809480666,-11.45609180560035,2.845951217084096,-12.0,9.997001187938489,12.0,-2.564733545547827e-06,-0.0007151049970854394,-0.0007151021511342221,-0.001145609180560035,0.001863033589437884,0.0007151049970854393
3,0.002254097809480666,-11.45609192511454,2.845740764535539,-12.0,9.996685566768221,12.0,-2.564914583543074e-06,-0.0007150944802232683,-0.0007150916344825037,-0.001145609192511454,0.001863023265565118,0.0007150944802232684
3,0.0022542978094806662,-11.45609205932998,2.845519783069411,-12.0,9.996354159466936,12.0,-2.564733936066202e-06,-0.0007150834376397526,-0.0007150805921199694,-0.001145609205932998,0.001863012055755762,0.0007150834376397525
3,0.0022544978094806664,-11.45609219122983,2.845288278706843,-12.0,9.996006966557966,12.0,-2.564914815775405e-06,-0.0007150718687851125,-0.0007150690234968335,-0.001145609219122983,0.001863000680970873,0.0007150718687851123
3,0.0022546978094806665,-11.45609233782268,2.845046246143848,-12.0,9.995643988589574,12.0,-2.564734350265388e-06,-0.0007150597742445726,-0.0007150569291983264,-0.001145609233782268,0.001862988420624107,0.0007150597742445726
3,0.0022548978094806666,-11.45609248210756,2.844793691429509,-12.0,9.995265226134958,12.0,-2.564915071846738e-06,-0.000715047153470545,-0.0007150443086768534,-0.001145609248210756,0.001862975995000088,0.0007150471534705449
3,0.0022550978094806667,-11.45609264107715,2.844530609298374,-12.0,9.994870679792232,12.0,-2.564734788143848e-06,-0.0007150340070493858,-0.0007150311625187764,-0.001145609264107715,0.001862962684192337,0.0007150340070493858
3,0.002255297809480667,-11.45609279774637,2.844257005827462,-12.0,9.994460350184438,12.0,-2.564915351754847e-06,-0.0007150203344356975,-0.0007150174901786917,-0.001145609279774637,0.001862949207809005,0.0007150203344356977
3,0.002255497809480667,-11.45609296909201,2.843972875789855,-12.0,9.994034237959545,12.0,-2.564735249699439e-06,-0.000715006136216969,-0.0007150032922440932,-0.001145609296909201,0.001862934846623038,0.0007150061362169689
3,0.002255697809480667,-11.45609313814481,2.843678225290521,-12.0,9.99359234379044,12.0,-2.564915655497689e-06,-0.0007149914118499917,-0.0007149885681717665,-0.001145609313814481,0.00186292031956698,0.0007149914118499918
3,0.002255897809480667,-11.45609332186572,2.843373049141057,-12.0,9.993134668374935,12.0,-2.564735734930038e-06,-0.0007149761619233881,-0.0007149733185503387,-0.001145609332186572,0.001862904908091445,0.0007149761619233879
3,0.0022560978094806673,-11.45609350330129,2.843057353474385,-12.0,9.992661212435761,12.0,-2.564915983072804e-06,-0.0007149603858961376,-0.000714957542838784,-0.001145609350330129,0.001862889330456112,0.0007149603858961376
3,0.0022562978094806674,-11.45609369939665,2.842731133140609,-12.0,9.992171976720572,12.0,-2.564736243833447e-06,-0.0007149440843579964,-0.000714941241626863,-0.001145609369939665,0.001862872868788592,0.0007149440843579963
3,0.0022564978094806675,-11.45609389321414,2.842394394300615,-12.0,9.991666962001936,12.0,-2.56491633447755e-06,-0.0007149272567701323,-0.000714924414375738,-0.001145609389321414,0.001862856240672815,0.0007149272567701321
3,0.0022566978094806676,-11.45609410168307,2.842047131842993,-12.0,9.991146169077341,12.0,-2.564736776407338e-06,-0.000714909903723435,-0.000714907061676303,-0.001145609410168307,0.001862838728914989,0.0007149099037234349
3,0.0022568978094806677,-11.45609430788154,2.841689351956598,-12.0,9.99060959876919,12.0,-2.564916709709208e-06,-0.0007148920246812592,-0.0007148891829919071,-0.001145609430788154,0.001862821050426062,0.0007148920246812593
3,0.002257097809480668,-11.45609452872309,2.841321049568504,-12.0,9.990057251924801,12.0,-2.564737332649281e-06,-0.0007148736202356298,-0.00071487077891458,-0.001145609452872309,0.0018628024886875,0.0007148736202356297
3,0.002257297809480668,-11.45609474730158,2.840942230895534,-12.0,9.989489129416404,12.0,-2.564917108765013e-06,-0.0007148546898520869,-0.000714851848909856,-0.001145609474730159,0.001862783759937828,0.000714854689852087
3,0.002257497809480668,-11.45609498051477,2.840552890903233,-12.0,9.988905232141143,12.0,-2.564737912556269e-06,-0.0007148352341237911,-0.0007148323935709,-0.001145609498051477,0.001862764148334663,0.000714835234123791
3,0.002257697809480668,-11.45609521147223,2.8401530358364,-12.0,9.988305561021072,12.0,-2.564917531641852e-06,-0.0007148152525184672,-0.0007148124123654315,-0.001145609521147223,0.001862744369444248,0.0007148152525184672
3,0.0022578978094806683,-11.45609545705599,2.839742660699033,-12.0,9.987690117003151,12.0,-2.56473851612579e-06,-0.000714794745630412,-0.0007147919058877511,-0.001145609545705599,0.001862723708098985,0.0007147947456304117
3,0.0022580978094806684,-11.45609570039132,2.839321771763914,-12.0,9.98705890105925,12.0,-2.564917978336757e-06,-0.0007147737129295338,-0.0007147708736077619,-0.001145609570039132,0.001862702879193995,0.0007147737129295337
3,0.0022582978094806685,-11.45609595834455,2.838890364073489,-12.0,9.986411914186151,12.0,-2.564739143354861e-06,-0.0007147521550112663,-0.000714749316120902,-0.001145609595834455,0.00186268116823614,0.0007147521550112662
3,0.0022584978094806686,-11.45609621405662,2.83844844392852,-12.0,9.985749157405529,12.0,-2.564918448846298e-06,-0.000714730071347701,-0.0007147272328992569,-0.001145609621405662,0.001862659289448892,0.0007147300713477009
3,0.0022586978094806687,-11.45609648437814,2.837996006409889,-12.0,9.985070631763968,12.0,-2.564739794240264e-06,-0.000714707462535408,-0.0007147046245394016,-0.001145609648437814,0.001862636529014656,0.000714707462535408
3,0.002258897809480669,-11.45609675246572,2.837533057846342,-12.0,9.984376338332956,12.0,-2.564918943167114e-06,-0.0007146843280486612,-0.0007146814905156033,-0.001145609675246573,0.001862613600485476,0.0007146843280486613
3,0.002259097809480669,-11.45609703515432,2.837059593357185,-12.0,9.983666278208872,12.0,-2.564740468778677e-06,-0.0007146606684851687,-0.0007146578314255752,-0.001145609703515432,0.001862589790716571,0.0007146606684851687
3,0.002259297809480669,-11.45609731561615,2.836575619299154,-12.0,9.982940452513,12.0,-2.564919461295762e-06,-0.0007146364833213847,-0.0007146336467457654,-0.001145609731561615,0.001862565812591288,0.0007146364833213847
3,0.002259497809480669,-11.45609761067054,2.836081130829962,-12.0,9.982198862391522,12.0,-2.564741166966758e-06,-0.000714611773156156,-0.0007146089370750251,-0.001145609761067054,0.001862540953637129,0.000714611773156156
3,0.0022596978094806693,-11.4560979035053,2.835576134334341,-12.0,9.981441509015504,12.0,-2.564920003228511e-06,-0.0007145865374681164,-0.000714583701891982,-0.00114560979035053,0.001862515926068904,0.0007145865374681164
3,0.0022598978094806694,-11.45609821092414,2.835060625008397,-12.0,9.980668393580913,12.0,-2.564741888800995e-06,-0.0007145607768572519,-0.0007145579417966266,-0.001145609821092414,0.001862490018085574,0.0007145607768572517
3,0.0022600978094806695,-11.45609851613044,2.834534609264859,-12.0,9.979879517308602,12.0,-2.564920568961187e-06,-0.0007145344908043743,-0.0007145316562697651,-0.001145609851613044,0.001862463941233487,0.0007145344908043743
3,0.0022602978094806696,-11.45609883591233,2.833998082338217,-12.0,9.979074881444317,12.0,-2.564742634277704e-06,-0.0007145076799106099,-0.0007145048459125276,-0.001145609883591233,0.001862436984383144,0.00071450767991061
3,0.0022604978094806698,-11.45609915348875,2.833451050669207,-12.0,9.97825448725869,12.0,-2.564921158490056e-06,-0.0007144803436589485,-0.0007144775102078978,-0.001145609915348875,0.001862409858412933,0.0007144803436589484
3,0.00226069780948067,-11.45609948563223,2.832893509530676,-12.0,9.977418336047227,12.0,-2.564743403393034e-06,-0.0007144524826516549,-0.0007144496497581454,-0.001145609948563223,0.001862381852865152,0.0007144524826516552
3,0.00226089780948067,-11.45609981557726,2.832325465391365,-12.0,9.976566429130331,12.0,-2.564921771810863e-06,-0.0007144240963738967,-0.0007144212640484313,-0.001145609981557726,0.001862353677950192,0.0007144240963738967
3,0.00226109780948067,-11.45610016008083,2.831746913562487,-12.0,9.975698767853281,12.0,-2.564744196143043e-06,-0.0007143951854290796,-0.0007143923536821659,-0.001145610016008083,0.001862324623879948,0.0007143951854290795
3,0.00226129780948067,-11.45610050239292,2.831157860540774,-12.0,9.974815353586227,12.0,-2.564922408919492e-06,-0.0007143657493045451,-0.0007143629181466846,-0.001145610050239292,0.001862295400199995,0.0007143657493045453
3,0.0022614978094806703,-11.456100859255,2.830558301675792,-12.0,9.973916187724207,12.0,-2.564745012523402e-06,-0.0007143357886048416,-0.0007143329580465398,-0.0011456100859255,0.001862265297789779,0.0007143357886048416
3,0.0022616978094806704,-11.45610121393255,2.829948243492275,-12.0,9.97300127168712,12.0,-2.564923069811336e-06,-0.0007143053028194845,-0.0007143024728712411,-0.001145610121393255,0.001862235025529787,0.0007143053028194846
3,0.0022618978094806706,-11.45610158315152,2.829327681378117,-12.0,9.972070606919747,12.0,-2.564745852529873e-06,-0.0007142742925541632,-0.0007142714632264817,-0.001145610158315152,0.001862203874968759,0.000714274292554163
3,0.0022620978094806707,-11.45610195019284,2.828696621886065,-12.0,9.971124194891736,12.0,-2.564923754482047e-06,-0.0007142427573005672,-0.0007142399286039452,-0.001145610195019284,0.001862172554321254,0.0007142427573005671
3,0.0022622978094806708,-11.45610233176702,2.828055060442323,-12.0,9.970162037097598,12.0,-2.564746716158247e-06,-0.0007142106976655276,-0.0007142078696104671,-0.001145610233176702,0.001862140355805129,0.0007142106976655275
3,0.002262497809480671,-11.4561027111704,2.827403003627651,-12.0,9.969184135056713,12.0,-2.564924462926446e-06,-0.0007141781131429063,-0.0007141752857399025,-0.00114561027111704,0.001862107986969969,0.0007141781131429063
3,0.002262697809480671,-11.45610310509804,2.826740446906552,-12.0,9.968190490313319,12.0,-2.564747603403823e-06,-0.0007141450043406767,-0.0007141421776002296,-0.001145610310509804,0.001862074740700722,0.0007141450043406767
3,0.002262897809480671,-11.4561034968617,2.826067396887802,-12.0,9.967181104436522,12.0,-2.564925195139983e-06,-0.000714111370754872,-0.0007141085446874751,-0.00114561034968617,0.00186204132388313,0.0007141113707548719
3,0.0022630978094806712,-11.456103903141,2.825383849074189,-12.0,9.966155979020275,12.0,-2.564748514261904e-06,-0.0007140772129946088,-0.0007140743876107597,-0.0011456103903141,0.001862007030069902,0.0007140772129946086
3,0.0022632978094806713,-11.45610430726311,2.824689810102493,-12.0,9.965115115683393,12.0,-2.564925951117667e-06,-0.00071404253055809,-0.0007140397058682799,-0.001145610430726311,0.001861972565482321,0.00071404253055809
3,0.0022634978094806715,-11.45610472589222,2.823985275513786,-12.0,9.964058516069542,12.0,-2.564749448727569e-06,-0.0007140073240555756,-0.0007140045000703001,-0.001145610472589222,0.001861937224340549,0.0007140073240555756
3,0.0022636978094806716,-11.45610514237086,2.82327025197286,-12.0,9.962986181847238,12.0,-2.564926730854121e-06,-0.0007139715929874378,-0.0007139687697171859,-0.001145610514237086,0.001861901712202163,0.0007139715929874379
3,0.0022638978094806717,-11.45610557334786,2.822544735059038,-12.0,9.961898114709838,12.0,-2.564750406795974e-06,-0.0007139353379650801,-0.0007139325154203451,-0.001145610557334786,0.001861865323953565,0.00071393533796508
3,0.002264097809480672,-11.45610600218109,2.821808731465131,-12.0,9.960794316375555,12.0,-2.564927534344176e-06,-0.0007138985584910425,-0.0007138957366823111,-0.001145610600218109,0.001861828764490446,0.0007138985584910424
3,0.002264297809480672,-11.45610644550402,2.821062236808704,-12.0,9.959674788587433,12.0,-2.564751388461886e-06,-0.0007138612551778731,-0.0007138584341156362,-0.001145610644550402,0.001861791329363624,0.000713861255177873
3,0.002264497809480672,-11.45610688668983,2.82030525781058,-12.0,9.958539533113361,12.0,-2.564928361582318e-06,-0.0007138234275302781,-0.0007138206072250204,-0.001145610688668983,0.001861753722807801,0.0007138234275302783
3,0.002264697809480672,-11.45610734235665,2.819537790126554,-12.0,9.957388551746059,12.0,-2.56475239371989e-06,-0.0007137850761619505,-0.0007137822566241604,-0.001145610734235666,0.001861715241038304,0.0007137850761619504
3,0.0022648978094806723,-11.45610779589297,2.818759840505466,-12.0,9.95622184630309,12.0,-2.564929212563082e-06,-0.0007137462005797623,-0.0007137433818199218,-0.001145610779589297,0.001861676587628163,0.0007137462005797623
3,0.0022650978094806724,-11.45610826390161,2.817971404641324,-12.0,9.955039418626836,12.0,-2.564753422564723e-06,-0.0007137068013985512,-0.0007137039834271466,-0.001145610826390161,0.00186163705945829,0.0007137068013985512
3,0.0022652978094806725,-11.4561087297863,2.817172489310976,-12.0,9.953841270584512,12.0,-2.564930087280626e-06,-0.0007136668781273536,-0.000713664060954864,-0.00114561087297863,0.001861597359440365,0.0007136668781273536
3,0.0022654978094806726,-11.45610921013461,2.816363090246635,-12.0,9.95262740406816,12.0,-2.564754474990768e-06,-0.0007136264313821526,-0.0007136236150190622,-0.001145610921013461,0.001861556785117266,0.0007136264313821526
3,0.0022656978094806727,-11.45610968836551,2.81554321425316,-12.0,9.95139782099464,12.0,-2.564930985728928e-06,-0.0007135854606741479,-0.0007135826451309335,-0.001145610968836551,0.001861516038743261,0.000713585460674148
3,0.002265897809480673,-11.45611018105128,2.814712857100945,-12.0,9.95015252330563,12.0,-2.564755550992248e-06,-0.0007135439666204686,-0.0007135411519076113,-0.001145611018105128,0.001861474418523296,0.0007135439666204684
3,0.002266097809480673,-11.45611067162615,2.813872025622863,-12.0,9.948891512967625,12.0,-2.564931907902147e-06,-0.000713501948734476,-0.0007134991348624505,-0.001145611067162615,0.001861432626052013,0.0007135019487344762
3,0.002266297809480673,-11.45611117664713,2.813020715627474,-12.0,9.947614791971935,12.0,-2.564756650563163e-06,-0.0007134594076344461,-0.0007134565946137304,-0.001145611117664713,0.001861389960196554,0.0007134594076344461
3,0.002266497809480673,-11.45611167956366,2.812158933975669,-12.0,9.946322362334673,12.0,-2.56493285379403e-06,-0.0007134163428359003,-0.0007134135306769663,-0.001145611167956366,0.001861347121892796,0.0007134163428359004
3,0.0022666978094806733,-11.45611219691754,2.811286676514156,-12.0,9.945014226096767,12.0,-2.564757773697777e-06,-0.0007133727549582613,-0.0007133699436715846,-0.001145611219691754,0.001861303410670824,0.0007133727549582611
3,0.0022668978094806734,-11.45611271217337,2.810403950131833,-12.0,9.943690385323938,12.0,-2.564933823398247e-06,-0.0007133286435192106,-0.0007133258331152603,-0.001145611271217337,0.001861259526806735,0.0007133286435192105
3,0.0022670978094806735,-11.45611324185778,2.809510750713546,-12.0,9.942350842106716,12.0,-2.564758920389712e-06,-0.0007132840091393171,-0.0007132811996285662,-0.001145611324185778,0.001861214770492443,0.000713284009139317
3,0.0022672978094806736,-11.45611376945051,2.808607085176203,-12.0,9.940995598560413,12.0,-2.564934816708342e-06,-0.0007132388513384209,-0.0007132360427313357,-0.001145611376945051,0.001861169841347074,0.000713238851338421
3,0.0022674978094806737,-11.45611431146301,2.807692949442768,-12.0,9.939624656825155,12.0,-2.564760090632703e-06,-0.0007131931707382386,-0.0007131903630452892,-0.001145611431146301,0.001861124040222339,0.0007131931707382386
3,0.002267697809480674,-11.45611485139017,2.806768350458167,-12.0,9.938238019065842,12.0,-2.564935833717795e-06,-0.0007131469668607676,-0.000713144160092417,-0.001145611485139017,0.001861078066080452,0.0007131469668607676
3,0.002267897809480674,-11.45611540572828,2.805833284183449,-12.0,9.936835687472158,12.0,-2.564761284420233e-06,-0.000713100240328871,-0.0007130974344955866,-0.001145611540572828,0.001861031220433116,0.000713100240328871
3,0.002268097809480674,-11.45611595798735,2.804887757591557,-12.0,9.935417664258587,12.0,-2.564936874419824e-06,-0.0007130529906667028,-0.0007130501857789453,-0.001145611595798735,0.001860984201586548,0.000713052990666703
3,0.002268297809480674,-11.45611652464852,2.803931766681631,-12.0,9.933983951664375,12.0,-2.564762501745687e-06,-0.0007130052184982745,-0.0007130024145665077,-0.001145611652464852,0.00186093631171129,0.0007130052184982745
3,0.0022684978094806743,-11.4561170892369,2.802965318454607,-12.0,9.932534551953548,12.0,-2.564937938807557e-06,-0.000712956923349894,-0.0007129541203845756,-0.00114561170892369,0.00186088824845932,0.0007129569233498941
3,0.0022686978094806744,-11.45611766821854,2.801988408947699,-12.0,9.931069467414911,12.0,-2.564763742602507e-06,-0.0007129081058467213,-0.0007129053038583122,-0.001145611766821854,0.001860839314658098,0.0007129081058467212
3,0.0022688978094806745,-11.4561182451336,2.801001045189851,-12.0,9.929588700362029,12.0,-2.564939026873791e-06,-0.000712858765517218,-0.0007128559645161727,-0.00114561182451336,0.001860790207304264,0.0007128587655172178
3,0.0022690978094806746,-11.45611883643305,2.800003223256317,-12.0,9.928092253133233,12.0,-2.564765006983672e-06,-0.0007128089029876917,-0.0007128061029844684,-0.001145611883643305,0.001860740229885134,0.0007128089029876917
3,0.0022692978094806747,-11.45611942567209,2.798994950204053,-12.0,9.926580128091626,12.0,-2.564940138611439e-06,-0.0007127585177887574,-0.0007127557187938071,-0.001145611942567209,0.001860690078741297,0.0007127585177887574
3,0.002269497809480675,-11.45612002928662,2.797976222146346,-12.0,9.925052327625053,12.0,-2.564766294882176e-06,-0.0007127076105478709,-0.0007127048125716485,-0.001145612002928662,0.001860639058018734,0.0007127076105478708
3,0.002269697809480675,-11.45612063084689,2.796947046168144,-12.0,9.923508854146121,12.0,-2.564941274013093e-06,-0.0007126561807977978,-0.0007126533838507517,-0.001145612063084689,0.001860587863403686,0.0007126561807977977
3,0.002269897809480675,-11.45612124677374,2.79590741842075,-12.0,9.921949710092182,12.0,-2.564767606290767e-06,-0.0007126042291671433,-0.0007126014332597246,-0.001145612124677374,0.001860535799697329,0.0007126042291671432
3,0.002270097809480675,-11.45612186065242,2.794857346017118,-12.0,9.920374897925345,12.0,-2.564942433071341e-06,-0.0007125517551908227,-0.0007125489603334767,-0.001145612186065242,0.001860483561936094,0.0007125517551908228
3,0.0022702978094806753,-11.45612248888876,2.793796825146544,-12.0,9.918784420132448,12.0,-2.564768941202225e-06,-0.0007124987594985905,-0.0007124959657017651,-0.001145612248888876,0.00186043045557556,0.0007124987594985904
3,0.0022704978094806754,-11.45612311508297,2.792725862949971,-12.0,9.917178279225071,12.0,-2.564943615778641e-06,-0.0007124452416275102,-0.0007124424489016472,-0.001145612311508297,0.001860377174998217,0.0007124452416275101
3,0.0022706978094806755,-11.45612375562592,2.791644455654682,-12.0,9.915556477739536,12.0,-2.564770299609078e-06,-0.0007123912022084858,-0.0007123884105640299,-0.001145612375562592,0.001860323026317279,0.0007123912022084855
3,0.0022708978094806757,-11.45612439413274,2.790552610429606,-12.0,9.913919018236886,12.0,-2.56494482212697e-06,-0.0007123366407807279,-0.0007123338502281174,-0.001145612439413274,0.001860268703263189,0.0007123366407807281
3,0.0022710978094806758,-11.45612504697934,2.789450323539987,-12.0,9.912265903302886,12.0,-2.564771681503594e-06,-0.0007122815579762901,-0.0007122787685259663,-0.001145612504697934,0.001860213512602639,0.00071228155797629
3,0.002271297809480676,-11.4561256977958,2.788337602182748,-12.0,9.910597135548043,12.0,-2.564946052108748e-06,-0.0007122259533365295,-0.0007122231649989273,-0.00114561256977958,0.001860158147414905,0.0007122259533365295
3,0.002271497809480676,-11.45612636294305,2.787214442661073,-12.0,9.90891271760756,12.0,-2.564773086878084e-06,-0.0007121698274946489,-0.0007121670402802059,-0.001145612636294305,0.001860101915122687,0.0007121698274946488
3,0.002271697809480676,-11.45612702606609,2.786080852199865,-12.0,9.907212652141366,12.0,-2.56494730571576e-06,-0.00071211317999415,-0.000712110393913298,-0.001145612702606609,0.001860045508153491,0.0007121131799941501
3,0.0022718978094806762,-11.45612770351093,2.784936827140237,-12.0,9.905496941834093,12.0,-2.564774515724598e-06,-0.000712056011469386,-0.0007120532265325586,-0.001145612770351093,0.001859988234583067,0.0007120560114693856
3,0.0022720978094806763,-11.45612837893747,2.783782374735072,-12.0,9.903765589395087,12.0,-2.564948582939791e-06,-0.0007119983214660017,-0.0007119955376836269,-0.001145612837893747,0.001859930786189692,0.0007119983214660015
3,0.0022722978094806764,-11.45612906867679,2.782617491363387,-12.0,9.902018597558387,12.0,-2.564775968035234e-06,-0.0007119401106195002,-0.0007119373280020087,-0.001145612906867679,0.001859872471702133,0.0007119401106195001
3,0.0022724978094806766,-11.45612975640365,2.781442184306039,-12.0,9.900255969082728,12.0,-2.564949883772424e-06,-0.0007118813784776688,-0.0007118785970354845,-0.001145612975640365,0.001859813982248794,0.000711881378477669
3,0.0022726978094806767,-11.45613045843428,2.780256449979941,-12.0,9.89847770675155,12.0,-2.564777443801674e-06,-0.0007118221256771609,-0.000711819345420711,-0.001145613045843428,0.001859754627211278,0.0007118221256771609
3,0.002272897809480677,-11.45613115845825,2.77906029569392,-12.0,9.896683813372965,12.0,-2.564951208205227e-06,-0.0007117623517679045,-0.0007117595727076087,-0.001145613115845826,0.001859695097068745,0.0007117623517679045
3,0.002273097809480677,-11.45613187277695,2.777853717902745,-12.0,9.894874291779775,12.0,-2.56477894301568e-06,-0.0007117020573877029,-0.0007116992795339849,-0.001145613187277695,0.001859634701855393,0.0007117020573877031
3,0.002273297809480677,-11.45613258509478,2.776636723943224,-12.0,9.893049144829467,12.0,-2.564952556229555e-06,-0.0007116412420886244,-0.0007116384654519001,-0.001145613258509478,0.001859574131401116,0.0007116412420886243
3,0.002273497809480677,-11.45613331169826,2.775409310307973,-12.0,9.891208375404194,12.0,-2.564780465668812e-06,-0.0007115799065096222,-0.0007115771311003118,-0.001145613331169826,0.001859512696391917,0.0007115799065096221
3,0.0022736978094806772,-11.4561340363066,2.774171484361754,-12.0,9.889351986410778,12.0,-2.564953927836622e-06,-0.0007115180502049025,-0.0007115152760334179,-0.001145613403630661,0.001859451086010574,0.0007115180502049026
3,0.0022738978094806774,-11.45613477519152,2.772923242635022,-12.0,9.88747998078072,12.0,-2.564782011752236e-06,-0.0007114556738145701,-0.0007114529008913273,-0.001145613477519152,0.001859388611592395,0.0007114556738145698
3,0.0022740978094806775,-11.456135512087,2.771664592520494,-12.0,9.885592361470165,12.0,-2.564955323017677e-06,-0.0007113927768949673,-0.0007113900052303746,-0.0011456135512087,0.001859325961673266,0.0007113927768949671
3,0.0022742978094806776,-11.45613626324996,2.770395530586428,-12.0,9.883689131459928,12.0,-2.564783581257352e-06,-0.0007113293600873499,-0.0007113265896918192,-0.001145613626324996,0.00185926244824029,0.00071132936008735
3,0.0022744978094806777,-11.45613701242912,2.769116064253501,-12.0,9.881770293755455,12.0,-2.564956741763421e-06,-0.0007112654229501956,-0.0007112626538341312,-0.001145613701242912,0.001859198759181529,0.0007112654229501955
3,0.002274697809480678,-11.45613777586665,2.767826190127765,-12.0,9.879835851386872,12.0,-2.564785174175068e-06,-0.000711200966125911,-0.0007111981982997207,-0.001145613777586665,0.001859134207133571,0.0007112009661259108
3,0.002274897809480678,-11.45613853732601,2.766525915657837,-12.0,9.877885807408916,12.0,-2.564958184064832e-06,-0.0007111359891751078,-0.0007111332226491922,-0.001145613853732601,0.001859069479338729,0.0007111359891751079
3,0.002275097809480678,-11.45613931303459,2.765215237487533,-12.0,9.875920164900968,12.0,-2.564786790496462e-06,-0.0007110704927413439,-0.0007110677275261061,-0.001145613931303459,0.001859003889082154,0.0007110704927413436
3,0.002275297809480678,-11.45614008677058,2.763894163093425,-12.0,9.873938926967059,12.0,-2.564959649912518e-06,-0.0007110044763873633,-0.0007110017124932002,-0.001145614008677058,0.001858938122961305,0.0007110044763873634
3,0.0022754978094806783,-11.45614087474665,2.762562689157073,-12.0,9.871942096735825,12.0,-2.564788430212267e-06,-0.0007109379407578753,-0.000710935178195186,-0.001145614087474665,0.001858871494909658,0.0007109379407578753
3,0.0022756978094806784,-11.45614166075566,2.761220823182983,-12.0,9.869929677360535,12.0,-2.56496113929697e-06,-0.0007108708854177551,-0.000710868124196932,-0.001145614166075566,0.001858804690879392,0.0007108708854177552
3,0.0022758978094806785,-11.45614246099557,2.759868561890448,-12.0,9.867901672019077,12.0,-2.564790093313086e-06,-0.0007108033110128629,-0.0007108005511443009,-0.001145614246099557,0.001858737025452569,0.0007108033110128629
3,0.0022760978094806786,-11.45614325927392,2.758505912811906,-12.0,9.865858083913947,12.0,-2.564962652208501e-06,-0.0007107352171102043,-0.0007107324586042913,-0.001145614325927392,0.001858669183936675,0.0007107352171102042
3,0.0022762978094806787,-11.45614407177399,2.757132872704347,-12.0,9.863798916272247,12.0,-2.564791779789628e-06,-0.0007106666043567899,-0.000710663847223917,-0.0011456144071774,0.001858600481561038,0.00071066660435679
3,0.002276497809480679,-11.45614488231796,2.755749449128139,-12.0,9.861724172345683,12.0,-2.564964188637399e-06,-0.0007105974723217544,-0.0007105947165723052,-0.001145614488231796,0.001858531602989005,0.0007105974723217545
3,0.002276697809480679,-11.45614570707445,2.754355638877966,-12.0,9.859633855410564,12.0,-2.564793489632227e-06,-0.00071052782165326,-0.000710525067297621,-0.001145614570707445,0.001858461864097006,0.0007105278216532598
3,0.002276897809480679,-11.45614652988025,2.75295144954211,-12.0,9.857527968767785,12.0,-2.564965748573585e-06,-0.0007104576519225677,-0.0007104548989711182,-0.001145614652988025,0.001858391948906097,0.0007104576519225676
3,0.002277097809480679,-11.45614736688935,2.751536877952911,-12.0,9.855406515742821,12.0,-2.564795222830984e-06,-0.0007103869637789912,-0.000710384212242113,-0.001145614736688935,0.00185832117393761,0.0007103869637789911
3,0.0022772978094806793,-11.45614820195314,2.750111931726573,-12.0,9.853269499685746,12.0,-2.564967332007189e-06,-0.0007103157567959174,-0.0007103130066839855,-0.001145614820195314,0.00185825022257013,0.0007103157567959174
3,0.0022774978094806794,-11.45614905121098,2.748676607733086,-12.0,9.851116923971198,12.0,-2.564796979376004e-06,-0.0007102440316238112,-0.0007102412829472033,-0.001145614905121098,0.001858178411971292,0.0007102440316238112
3,0.0022776978094806795,-11.45614989852885,2.747230913616542,-12.0,9.848948791998378,12.0,-2.564968938927846e-06,-0.0007101717878381835,-0.0007101690406072698,-0.001145614989852885,0.001858106424876987,0.0007101717878381836
3,0.0022778978094806796,-11.45615076003152,2.745774846284568,-12.0,9.846765107191077,12.0,-2.564798759257214e-06,-0.0007100990260906511,-0.0007100962803158047,-0.001145615076003152,0.001858033579099729,0.000710099026090651
3,0.0022780978094806797,-11.45615161959953,2.744308413409148,-12.0,9.84456587299762,12.0,-2.564970569325379e-06,-0.0007100257459588472,-0.0007100230016504338,-0.001145615161959953,0.001857960556734921,0.0007100257459588472
3,0.00227829780948068,-11.45615249334305,2.742831611935503,-12.0,9.842351092890897,12.0,-2.564800562464233e-06,-0.0007099519480955397,-0.0007099492052639276,-0.001145615249334305,0.00185788667623962,0.0007099519480955396
3,0.00227849780948068,-11.45615336515716,2.741344449563524,-12.0,9.840120770368364,12.0,-2.564972223189168e-06,-0.0007098776320804841,-0.0007098748907360343,-0.001145615336515716,0.001857812619066214,0.000709877632080484
3,0.00227869780948068,-11.45615425113751,2.739846923276002,-12.0,9.837874908951989,12.0,-2.564802388987004e-06,-0.0007098027985675988,-0.0007098000587206754,-0.001145615425113751,0.001857737704317355,0.0007098027985675987
3,0.00227889780948068,-11.45615513519366,2.738339040800707,-12.0,9.835613512188297,12.0,-2.564973900508535e-06,-0.0007097274471387591,-0.0007097247087997184,-0.001145615513519366,0.001857662612805489,0.0007097274471387591
3,0.0022790978094806803,-11.45615603340673,2.73682079915799,-12.0,9.833336583648343,12.0,-2.564804238814879e-06,-0.0007096515784490354,-0.0007096488416282361,-0.001145615603340673,0.001857586664275301,0.0007096515784490354
3,0.0022792978094806804,-11.45615692970079,2.735292206103503,-12.0,9.831044126927711,12.0,-2.56497560127293e-06,-0.000709575192082421,-0.0007095724567902148,-0.001145615692970079,0.001857510538900562,0.0007095751920824209
3,0.0022794978094806805,-11.45615784014244,2.733753258695129,-12.0,9.828736145646502,12.0,-2.564806111937177e-06,-0.0007094982886951375,-0.0007094955549418786,-0.001145615784014244,0.001857433557068225,0.0007094982886951373
3,0.0022796978094806806,-11.45615874867023,2.732203964716375,-12.0,9.826412643449327,12.0,-2.56497732547115e-06,-0.000709420867873295,-0.0007094181356693303,-0.001145615874867023,0.001857356398312777,0.0007094208678732953
3,0.0022798978094806807,-11.45615967133626,2.730644321262654,-12.0,9.824073624005322,12.0,-2.564808008343174e-06,-0.0007093429302742671,-0.0007093401996299456,-0.001145615967133626,0.001857278383663185,0.0007093429302742669
3,0.002280097809480681,-11.45616059209352,2.72907433614533,-12.0,9.821719091008115,12.0,-2.564979073092202e-06,-0.0007092644754862787,-0.0007092617464119424,-0.001145616059209352,0.001857200192015579,0.0007092644754862785
3,0.002280297809480681,-11.45616152697966,2.727494006497291,-12.0,9.819349048175832,12.0,-2.56480992802219e-06,-0.0007091855041678543,-0.0007091827766738477,-0.001145616152697966,0.001857121145040723,0.000709185504167854
3,0.002280497809480681,-11.4561624599621,2.725903340157764,-12.0,9.816963499251099,12.0,-2.564980844124707e-06,-0.0007091060159093335,-0.0007091032900059932,-0.00114561624599621,0.001857041920996585,0.0007091060159093335
3,0.002280697809480681,-11.45616340706403,2.72430233429711,-12.0,9.814562448001023,12.0,-2.564811870962772e-06,-0.0007090260113703915,-0.0007090232870680572,-0.001145616340706403,0.001856961842194544,0.0007090260113703914
3,0.0022808978094806813,-11.45616435226729,2.722690996782381,-12.0,9.812145898217185,12.0,-2.564982638557609e-06,-0.0007089454901434805,-0.0007089427674524837,-0.001145616435226729,0.001856881586255595,0.0007089454901434805
3,0.0022810978094806814,-11.45616531158064,2.721069324821386,-12.0,9.809713853715648,12.0,-2.564813837153772e-06,-0.0007088644528894262,-0.0007088617318201012,-0.001145616531158064,0.001856800476131386,0.0007088644528894263
3,0.0022812978094806815,-11.4561662690003,2.719437326309029,-12.0,9.807266318336955,12.0,-2.564984456379329e-06,-0.0007087828992027927,-0.0007087801797654663,-0.00114561662690003,0.001856719188806039,0.0007087828992027927
3,0.0022814978094806817,-11.45616724052063,2.717794998490523,-12.0,9.804803295946083,12.0,-2.564815826584089e-06,-0.0007087008297455563,-0.0007086981119505577,-0.001145616724052063,0.001856637047871152,0.000708700829745556
3,0.0022816978094806818,-11.45616821015221,2.716142349288591,-12.0,9.802324790432486,12.0,-2.564986297578093e-06,-0.0007086182441143896,-0.0007086155279720401,-0.001145616821015221,0.001856554729674053,0.0007086182441143896
3,0.002281897809480682,-11.45616919387503,2.714479375985859,-12.0,9.799830805710066,12.0,-2.564817839241833e-06,-0.0007085351429724207,-0.0007085324284930448,-0.001145616919387504,0.001856471558446133,0.0007085351429724207
3,0.002282097809480682,-11.45617017571402,2.712806086532859,-12.0,9.797321345717162,12.0,-2.564988162142301e-06,-0.0007084515259184305,-0.0007084488131123438,-0.001145617017571402,0.001856388209898864,0.0007084515259184304
3,0.002282297809480682,-11.45617117163478,2.711122478249585,-12.0,9.79479641441655,12.0,-2.564819875115568e-06,-0.0007083673936166966,-0.0007083646824942182,-0.001145617117163478,0.001856304008902029,0.0007083673936166965
3,0.0022824978094806822,-11.45617216567657,2.709428559114384,-12.0,9.792256015795452,12.0,-2.564990050059939e-06,-0.0007082827456681071,-0.0007082800362395478,-0.001145617216567657,0.001856219630532529,0.0007082827456681069
3,0.0022826978094806823,-11.45617317379067,2.707724326484596,-12.0,9.789700153865494,12.0,-2.56482193419349e-06,-0.0007081975827380899,-0.0007081948750137633,-0.001145617317379067,0.00185613440029827,0.0007081975827380898
3,0.0022828978094806824,-11.45617418003062,2.706009788366359,-12.0,9.787128832662734,12.0,-2.564991961318906e-06,-0.0007081119044296376,-0.0007081091984198492,-0.001145617418003063,0.001856048992640952,0.0007081119044296376
3,0.0022830978094806826,-11.45617520033339,2.704284942154348,-12.0,9.784542056247641,12.0,-2.564824016463678e-06,-0.0007080257114093294,-0.0007080230071243871,-0.001145617520033339,0.001855962733705995,0.0007080257114093293
3,0.0022832978094806827,-11.45617621876681,2.702549795882482,-12.0,9.781939828705088,12.0,-2.564993895907059e-06,-0.0007079390032822606,-0.0007079363007324645,-0.001145617621876681,0.001855876297301469,0.0007079390032822606
3,0.002283497809480683,-11.45617725125353,2.700804346982741,-12.0,9.779322154144346,12.0,-2.564826121914075e-06,-0.0007078517807161608,-0.0007078490799118136,-0.001145617725125353,0.001855789010210335,0.0007078517807161606
3,0.002283697809480683,-11.45617828187565,2.699048603516811,-12.0,9.776689036699077,12.0,-2.564995853811853e-06,-0.0007077640433182266,-0.000707761344269623,-0.001145617828187565,0.001855701545606481,0.0007077640433182267
3,0.002283897809480683,-11.45617932654154,2.697282562953959,-12.0,9.77404048052734,12.0,-2.564828250532329e-06,-0.0007076757917573381,-0.000707673094474775,-0.001145617932654154,0.001855613230908928,0.0007076757917573381
3,0.002284097809480683,-11.45618036934754,2.695506233383641,-12.0,9.771376489811567,12.0,-2.564997835021067e-06,-0.0007075870256427925,-0.0007075843301365592,-0.001145618036934754,0.001855524738659629,0.0007075870256427927
3,0.0022842978094806832,-11.45618142618778,2.693719612312356,-12.0,9.768697068758547,12.0,-2.564830402306319e-06,-0.0007074977456446191,-0.0007074950519250067,-0.001145618142618778,0.001855435396912508,0.0007074977456446191
3,0.0022844978094806834,-11.45618248117279,2.691922707857337,-12.0,9.766002221599477,12.0,-2.564999839521782e-06,-0.0007074079513742142,-0.0007074052594515061,-0.001145618248117279,0.001855345877578009,0.000707407951374214
3,0.0022846978094806835,-11.45618355018246,2.690115517562307,-12.0,9.76329195258987,12.0,-2.564832577223402e-06,-0.0007073176435027565,-0.0007073149533872385,-0.001145618355018247,0.001855255509345127,0.0007073176435027563
3,0.0022848978094806836,-11.45618461734155,2.688298049572223,-12.0,9.760566266009608,12.0,-2.565001867301278e-06,-0.0007072268216437385,-0.0007072241333456889,-0.001145618461734155,0.001855164963492164,0.0007072268216437385
3,0.0022850978094806837,-11.45618569851573,2.686470301468042,-12.0,9.757825166162942,12.0,-2.564834775270957e-06,-0.0007071354864694901,-0.0007071327999991887,-0.001145618569851573,0.001855073569343198,0.00070713548646949
3,0.002285297809480684,-11.45618677784391,2.684632281422438,-12.0,9.755068657378429,12.0,-2.565003918346791e-06,-0.000707043637595599,-0.0007070409529633174,-0.001145618677784391,0.001854981997544855,0.0007070436375955991
3,0.002285497809480684,-11.45618787117757,2.682783987053542,-12.0,9.752296744008971,12.0,-2.564836996436128e-06,-0.0007069512756955432,-0.0007069485929115558,-0.001145618787117757,0.001854889578056511,0.0007069512756955429
3,0.002285697809480684,-11.4561889626698,2.680925426561757,-12.0,9.7495094304318,12.0,-2.565005992645212e-06,-0.0007068584003870044,-0.0007068557194615777,-0.00114561889626698,0.001854796980893229,0.0007068584003870044
3,0.002285897809480684,-11.45619006815789,2.679056597602366,-12.0,9.746706721048469,12.0,-2.564839240705922e-06,-0.0007067650123446104,-0.0007067623332880126,-0.001145619006815789,0.001854703536648096,0.0007067650123446103
3,0.0022860978094806843,-11.45619117180905,2.677177508403483,-12.0,9.743888620284833,12.0,-2.565008090183171e-06,-0.0007066711111881351,-0.0007066684340106266,-0.001145619117180905,0.001854609914706088,0.0007066711111881351
3,0.0022862978094806844,-11.45619228944644,2.675288156657515,-12.0,9.74105513259106,12.0,-2.564841508067595e-06,-0.0007065766975933546,-0.0007065740223051978,-0.001145619228944644,0.001854515446292652,0.0007065766975933544
3,0.0022864978094806845,-11.45619340525138,2.673388550620278,-12.0,9.738206262441615,12.0,-2.565010210947511e-06,-0.0007064817711821337,-0.0007064790977935831,-0.001145619340525138,0.001854420800164956,0.0007064817711821337
3,0.0022866978094806846,-11.4561945350329,2.671478688021282,-12.0,9.735342014335254,12.0,-2.564843798507534e-06,-0.0007063863326313973,-0.0007063836611527093,-0.00114561945350329,0.001854325308180054,0.0007063863326313972
3,0.0022868978094806847,-11.4561956629864,2.669558577144023,-12.0,9.732462392795009,12.0,-2.565012354924664e-06,-0.0007062903815650987,-0.0007062877120065213,-0.00114561956629864,0.001854229638465662,0.0007062903815650987
3,0.002287097809480685,-11.45619680490681,2.667628215755094,-12.0,9.729567402368204,12.0,-2.564846112012732e-06,-0.000706193918661311,-0.0007061912510330952,-0.001145619680490681,0.001854133123510829,0.000706193918661311
3,0.002287297809480685,-11.4561979450036,2.665687612165667,-12.0,9.726657047626423,12.0,-2.565014522100907e-06,-0.0007060969435460757,-0.0007060942778584636,-0.00114561979450036,0.001854036430815342,0.0007060969435460756
3,0.002287497809480685,-11.4561990990576,2.663736764179369,-12.0,9.723731333165498,12.0,-2.564848448569336e-06,-0.0007059994568986129,-0.0007059967931618487,-0.001145619909905761,0.001853938893499776,0.0007059994568986129
3,0.002287697809480685,-11.45620025129235,2.66177568013505,-12.0,9.720790263605553,12.0,-2.565016712462503e-06,-0.0007059014583470503,-0.00070589879657137,-0.001145620025129235,0.001853841178435345,0.0007059014583470504
3,0.0022878978094806853,-11.45620141747459,2.659804357873372,-12.0,9.717833843590933,12.0,-2.564850808164004e-06,-0.0007058029485717562,-0.0007058002887673981,-0.001145620141747459,0.001853742619374264,0.0007058029485717562
3,0.0022880978094806854,-11.45620258184191,2.657822805760807,-12.0,9.714862077790222,12.0,-2.56501892599572e-06,-0.0007057039272029416,-0.0007057012693801357,-0.001145620258184191,0.001853643882559712,0.0007057039272029416
3,0.0022882978094806855,-11.45620376014699,2.655831021675019,-12.0,9.71187497089624,12.0,-2.564853190782768e-06,-0.0007056043949221222,-0.0007056017390911004,-0.001145620376014699,0.001853544302374215,0.0007056043949221221
3,0.0022884978094806856,-11.45620493664142,2.653829014010134,-12.0,9.70887252762605,12.0,-2.565021162686136e-06,-0.0007055043513615918,-0.0007055016975325776,-0.001145620493664142,0.001853444544435302,0.0007055043513615918
3,0.0022886978094806857,-11.45620612706387,2.65181678068078,-12.0,9.705854752720912,12.0,-2.564855596411885e-06,-0.0007054037972040134,-0.0007054011453872326,-0.001145620612706387,0.001853343943753613,0.0007054037972040133
3,0.002288897809480686,-11.45620731567992,2.649794330108693,-12.0,9.702821650946301,12.0,-2.565023422519889e-06,-0.0007053027320837608,-0.0007053000822894307,-0.001145620731567992,0.001853243165320838,0.0007053027320837609
3,0.002289097809480686,-11.45620851821422,2.647761660245463,-12.0,9.699773227091908,12.0,-2.564858025036986e-06,-0.0007052011566846446,-0.0007051985089229844,-0.001145620851821422,0.001853141544777979,0.0007052011566846446
3,0.002289297809480686,-11.45620971894632,2.645718779540432,-12.0,9.696709485971605,12.0,-2.565025705482412e-06,-0.0007050990706431173,-0.0007050964249243377,-0.001145620971894632,0.001853039746490228,0.0007050990706431173
3,0.002289497809480686,-11.45621093358689,2.643665685982098,-12.0,9.693630432423454,12.0,-2.564860476644213e-06,-0.0007049964746441357,-0.0007049938309784496,-0.001145621093358689,0.001852937106726674,0.0007049964746441357
3,0.0022896978094806863,-11.45621214642943,2.64160238804741,-12.0,9.69053607130971,12.0,-2.565028011559337e-06,-0.00070489336832623,-0.0007048907267238419,-0.001145621214642943,0.001852834289227594,0.00070489336832623
3,0.0022898978094806864,-11.45621337317063,2.639528883761754,-12.0,9.687426407516785,12.0,-2.564862951218972e-06,-0.0007047897523755032,-0.0007047871128466194,-0.001145621337317063,0.001852730630890511,0.0007047897523755032
3,0.0022900978094806865,-11.45621459811793,2.637445181629658,-12.0,9.684301445955269,12.0,-2.565030340736089e-06,-0.000704685626432561,-0.0007046829889873794,-0.001145621459811793,0.001852626794831845,0.000704685626432561
3,0.0022902978094806866,-11.45621583695407,2.635351279713368,-12.0,9.681161191559886,12.0,-2.564865448746761e-06,-0.0007045809911846519,-0.000704578355833372,-0.001145621583695407,0.001852522118575612,0.0007045809911846517
3,0.0022904978094806868,-11.45621707400039,2.633247186544989,-12.0,9.678005649289545,12.0,-2.565032692997817e-06,-0.0007044758462744558,-0.0007044732130272691,-0.001145621707400039,0.001852417264614633,0.0007044758462744557
3,0.002290697809480687,-11.45621832492573,2.631132900223608,-12.0,9.674834824127277,12.0,-2.564867969213113e-06,-0.000704370192390367,-0.0007043675612574667,-0.001145621832492573,0.001852311571099282,0.0007043701923903669
3,0.002290897809480687,-11.45621957406528,2.629008429308861,-12.0,9.671648721080228,12.0,-2.56503506832948e-06,-0.0007042640291771366,-0.0007042614001687073,-0.001145621957406528,0.001852205699899093,0.0007042640291771367
3,0.002291097809480687,-11.45622083707399,2.626873771936666,-12.0,9.668447345179716,12.0,-2.564870512603156e-06,-0.0007041573573243051,-0.000704154730450533,-0.001145622083707399,0.001852098989791055,0.0007041573573243051
3,0.002291297809480687,-11.45622209830094,2.624728936694196,-12.0,9.665230701481134,12.0,-2.565037466716341e-06,-0.0007040501764786938,-0.000704047551749757,-0.001145622209830094,0.00185199210202234,0.0007040501764786938
3,0.0022914978094806873,-11.45622337338716,2.622573921754131,-12.0,9.661998795063996,12.0,-2.56487307890186e-06,-0.0007039424873309867,-0.0007039398647570647,-0.001145622337338716,0.001851884375995597,0.0007039424873309865
3,0.0022916978094806874,-11.4562246466956,2.620408735731194,-12.0,9.658751631031947,12.0,-2.565039888143015e-06,-0.0007038342895300752,-0.0007038316691213396,-0.00114562246466956,0.001851776472334712,0.0007038342895300754
3,0.0022918978094806875,-11.45622593385341,2.618233376834807,-12.0,9.655489214512684,12.0,-2.564875668094099e-06,-0.0007037255837677877,-0.0007037229655344107,-0.001145622593385341,0.00185166773106843,0.0007037255837677878
3,0.0022920978094806877,-11.45622721923736,2.616047853707191,-12.0,9.652211550658006,12.0,-2.565042332594311e-06,-0.0007036163696950816,-0.0007036137536472277,-0.001145622721923736,0.00185155881219825,0.0007036163696950816
3,0.0022922978094806878,-11.45622851846078,2.61385216459451,-12.0,9.648918644643803,12.0,-2.564878280164976e-06,-0.0007035066480049296,-0.0007035040341527647,-0.001145622851846078,0.001851449056378081,0.0007035066480049293
3,0.002292497809480688,-11.45622981591425,2.611646318166475,-12.0,9.645610501670019,12.0,-2.565044800054495e-06,-0.0007033964183503544,-0.0007033938067040363,-0.001145622981591425,0.001851339122988678,0.0007033964183503545
3,0.002292697809480688,-11.45623112719724,2.609430312705943,-12.0,9.642287126960662,12.0,-2.564880915099073e-06,-0.0007032856814254721,-0.0007032830719951592,-0.001145623112719724,0.001851228353307061,0.0007032856814254719
3,0.002292897809480688,-11.45623243671413,2.607204156910103,-12.0,9.638948525763787,12.0,-2.565047290508212e-06,-0.0007031744368853686,-0.0007031718296812116,-0.001145623243671413,0.001851117406094043,0.0007031744368853686
3,0.0022930978094806882,-11.4562337600506,2.604967849098483,-12.0,9.635594703351515,12.0,-2.564883572880837e-06,-0.0007030626854253034,-0.000703060080457454,-0.00114562337600506,0.001851005623249974,0.0007030626854253033
3,0.0022932978094806883,-11.45623508162478,2.602721397995742,-12.0,9.632225665019984,12.0,-2.565049803939438e-06,-0.0007029504267024242,-0.0007029478239810261,-0.001145623508162478,0.001850893662915899,0.0007029504267024242
3,0.0022934978094806885,-11.45623641700858,2.600464801958032,-12.0,9.628841416089356,12.0,-2.564886253494735e-06,-0.0007028376614131326,-0.0007028350609483304,-0.001145623641700858,0.001850780867614356,0.0007028376614131326
3,0.0022936978094806886,-11.45623775063386,2.598198069737472,-12.0,9.625441961903839,12.0,-2.565052340332511e-06,-0.0007027243892166366,-0.0007027217910185668,-0.001145623775063386,0.001850667894867204,0.0007027243892166366
3,0.0022938978094806887,-11.45623909805877,2.595921199726828,-12.0,9.622027307831626,12.0,-2.564888956924841e-06,-0.0007026106108104799,-0.00070260801488928,-0.001145623909805877,0.001850554087820167,0.0007026106108104799
3,0.002294097809480689,-11.45624044372892,2.59363420070563,-12.0,9.618597459264912,12.0,-2.565054899671224e-06,-0.0007024963258559281,-0.0007024937322217274,-0.001145624044372892,0.001850440103375423,0.0007024963258559282
3,0.002294297809480689,-11.45624180318868,2.591337071103242,-12.0,9.615152421619914,12.0,-2.564891683155402e-06,-0.0007023815350516672,-0.0007023789437145961,-0.001145624180318868,0.00185032528530072,0.0007023815350516673
3,0.002294497809480689,-11.45624316089737,2.589029819726619,-12.0,9.611692200336813,12.0,-2.565057481939479e-06,-0.0007022662380610195,-0.0007022636490311996,-0.001145624316089737,0.001850210289879754,0.0007022662380610195
3,0.002294697809480689,-11.45624453238566,2.586712445041655,-12.0,9.608216800879763,12.0,-2.564894432170216e-06,-0.0007021504355838108,-0.0007021478488713656,-0.001145624453238566,0.001850094461501795,0.0007021504355838109
3,0.0022948978094806892,-11.45624590212654,2.584384955882711,-12.0,9.604726228736894,12.0,-2.565060087120983e-06,-0.0007020341272854184,-0.0007020315429004624,-0.001145624590212654,0.00184997845583213,0.0007020341272854182
3,0.0022950978094806894,-11.45624728563697,2.582047350752206,-12.0,9.601220489420301,12.0,-2.564897203953415e-06,-0.0007019173138668095,-0.0007019147318194588,-0.001145624728563697,0.001849861617881687,0.0007019173138668095
3,0.0022952978094806895,-11.45624866740362,2.579699638511888,-12.0,9.597699588466027,12.0,-2.565062715199265e-06,-0.0007017999949954139,-0.0007017974152957752,-0.001145624866740362,0.001849744602697858,0.0007017999949954139
3,0.0022954978094806896,-11.45625006292976,2.577341817700659,-12.0,9.594163531434045,12.0,-2.564899998488237e-06,-0.0007016821713733386,-0.0007016795940315209,-0.001145625006292976,0.00184962675591157,0.0007016821713733386
3,0.0022956978094806897,-11.4562514567157,2.57497389720764,-12.0,9.590612323908283,12.0,-2.565065366157851e-06,-0.0007015638426700643,-0.000701561267696167,-0.00114562514567157,0.001849508731954653,0.0007015638426700644
3,0.00229589780948069,-11.45625286425105,2.5725958756082,-12.0,9.587045971496579,12.0,-2.564902815758509e-06,-0.0007014450095888381,-0.0007014424369929624,-0.001145625286425105,0.001849389877076432,0.000701445009588838
3,0.00229609780948069,-11.45625427004975,2.570207761818792,-12.0,9.583464479830683,12.0,-2.56506803997971e-06,-0.0007013256718011889,-0.0007013231015934271,-0.001145625427004975,0.00184927084509301,0.000701325671801189
3,0.00229629780948069,-11.45625568958775,2.567809554451233,-12.0,9.57986785456627,12.0,-2.56490565574748e-06,-0.0007012058300115039,-0.0007012032622019491,-0.001145625568958775,0.001849150982872844,0.0007012058300115037
3,0.00229649780948069,-11.45625710739262,2.565401262449308,-12.0,9.576256101382898,12.0,-2.565070736648324e-06,-0.0007010854838933589,-0.0007010829184920964,-0.001145625710739262,0.001849030943616353,0.0007010854838933589
3,0.0022966978094806903,-11.45625853892667,2.562982884461221,-12.0,9.572629225984011,12.0,-2.564908518438365e-06,-0.0007009646341522793,-0.0007009620711693946,-0.001145625853892667,0.001848910074810132,0.0007009646341522791
3,0.0022968978094806904,-11.45625996873106,2.560554429458086,-12.0,9.568987234096955,12.0,-2.565073456146616e-06,-0.000700843280463887,-0.0007008407199094573,-0.001145625996873106,0.001848789029039827,0.0007008432804638869
3,0.0022970978094806905,-11.45626141225449,2.558115896124476,-12.0,9.565330131472923,12.0,-2.564911403814308e-06,-0.0007007214235348447,-0.0007007188654189485,-0.001145626141225449,0.001848667154410852,0.0007007214235348446
3,0.0022972978094806906,-11.4562628540517,2.555667293458803,-12.0,9.561657923886987,12.0,-2.565076198457223e-06,-0.0007005990630428185,-0.000700596507375525,-0.00114562628540517,0.001848545102892833,0.0007005990630428184
3,0.0022974978094806907,-11.45626430955778,2.553208620181963,-12.0,9.55797061713804,12.0,-2.564914311858321e-06,-0.0007004761996956077,-0.0007004736464869874,-0.001145626430955779,0.001848422223210388,0.0007004761996956076
3,0.002297697809480691,-11.45626576334103,2.550739885319671,-12.0,9.554268217048877,12.0,-2.565078963562821e-06,-0.0007003528331729206,-0.0007003502824330352,-0.001145626576334103,0.001848299166717841,0.0007003528331729207
3,0.002297897809480691,-11.456267230823,2.548261087629129,-12.0,9.550550729466071,12.0,-2.56491724255341e-06,-0.0007002289641836943,-0.0007002264159226064,-0.0011456267230823,0.001848175282755446,0.0007002289641836943
3,0.002298097809480691,-11.45626869658548,2.545772236163289,-12.0,9.546818160260036,12.0,-2.565081751446179e-06,-0.0007001045924096749,-0.0007001020466374387,-0.001145626869658548,0.001848051222066541,0.0007001045924096747
3,0.002298297809480691,-11.45627017603648,2.543273329715667,-12.0,9.543070515325038,12.0,-2.564920195882077e-06,-0.0006999797185609372,-0.0006999771752876074,-0.001145627017603648,0.001847926334607412,0.0006999797185609371
3,0.0022984978094806913,-11.45627165377132,2.54076437736644,-12.0,9.539307800579094,12.0,-2.565084562089698e-06,-0.0006998543423212654,-0.0006998518015568878,-0.001145627165377132,0.001847801270507452,0.0006998543423212654
3,0.0022986978094806914,-11.45627314518446,2.53824537794536,-12.0,9.535530021964048,12.0,-2.564923171826744e-06,-0.0006997284644018689,-0.0006997259261564908,-0.001145627314518446,0.001847675380338973,0.0006997284644018688
3,0.0022988978094806915,-11.45627463488471,2.53571634055985,-12.0,9.531737185445538,12.0,-2.565087395475588e-06,-0.0006996020844885688,-0.0006995995487722281,-0.001145627463488471,0.001847549313619518,0.0006996020844885688
3,0.0022990978094806916,-11.45627613825304,2.533177264075869,-12.0,9.527929297012964,12.0,-2.564926170369939e-06,-0.0006994752032937097,-0.0006994726701164454,-0.001145627613825304,0.001847422421535982,0.0006994752032937095
3,0.0022992978094806917,-11.45627763991172,2.53062815762804,-12.0,9.524106362679497,12.0,-2.56509025158618e-06,-0.0006993478205051459,-0.0006993452898769882,-0.001145627763991172,0.001847295352994312,0.0006993478205051457
3,0.002299497809480692,-11.45627915522822,2.528069020118513,-12.0,9.520268388482084,12.0,-2.564929191493918e-06,-0.000699219936836357,-0.0006992174087673368,-0.001145627915522822,0.001847167459797847,0.000699219936836357
3,0.002299697809480692,-11.45628066883829,2.525499860709099,-12.0,9.5164153804814,12.0,-2.565093130403206e-06,-0.0006990915519772302,-0.0006990890264773693,-0.001145628066883829,0.001847039390238101,0.0006990915519772301
3,0.002299897809480692,-11.45628219609589,2.522920678338098,-12.0,9.512547344761877,12.0,-2.564932235181027e-06,-0.0006989626666423781,-0.0006989601437216997,-0.00114562821960959,0.001846910496734086,0.000698962666642378
3,0.002300097809480692,-11.45628372165023,2.520331482194483,-12.0,9.508664287431662,12.0,-2.565096031908641e-06,-0.000698833280523718,-0.0006988307601922357,-0.001145628372165023,0.001846781426967654,0.000698833280523718
3,0.0023002978094806923,-11.45628526084183,2.51773227125268,-12.0,9.504766214622645,12.0,-2.564935301413087e-06,-0.0006987033943369968,-0.0006987008766047253,-0.001145628526084183,0.0018466515339692,0.0006987033943369966
3,0.0023004978094806924,-11.45628679833327,2.515123054728819,-12.0,9.500853132490414,12.0,-2.565098956084241e-06,-0.0006985730077761595,-0.0006985704926531048,-0.001145628679833327,0.001846521464812197,0.0006985730077761595
3,0.0023006978094806925,-11.45628834945166,2.512503831633393,-12.0,9.496925047214239,12.0,-2.564938390171819e-06,-0.0006984421215580846,-0.0006984396090542529,-0.001145628834945166,0.001846390573140415,0.0006984421215580846
3,0.0023008978094806926,-11.456289898873,2.509874611209677,-12.0,9.492981964997128,12.0,-2.565101902911669e-06,-0.0006983107353787453,-0.0006983082255041339,-0.0011456289898873,0.001846259505415944,0.000698310735378745
3,0.0023010978094806928,-11.45629146191096,2.507235392504227,-12.0,9.489023892065745,12.0,-2.564941501439203e-06,-0.0006981788499561517,-0.0006981763427207593,-0.001145629146191096,0.0018461276158959,0.0006981788499561518
3,0.002301297809480693,-11.45629302325491,2.504586184787398,-12.0,9.4850508346704,12.0,-2.565104872372098e-06,-0.0006980464649883002,-0.0006980439604021154,-0.001145629302325491,0.001845995550433168,0.0006980464649883002
3,0.002301497809480693,-11.45629459820513,2.501926987141796,-12.0,9.48106279908513,12.0,-2.564944635196567e-06,-0.0006979135811943334,-0.0006979110792673462,-0.001145629459820513,0.001845862663897103,0.0006979135811943334
3,0.002301697809480693,-11.45629617146436,2.499257808864864,-12.0,9.477059791607562,12.0,-2.565107864447172e-06,-0.0006977801982742697,-0.0006977776990164609,-0.001145629617146436,0.001845729601532197,0.00069778019827427
3,0.002301897809480693,-11.45629775831948,2.496578649075179,-12.0,9.473041818559002,12.0,-2.564947791425534e-06,-0.0006976463169483825,-0.0006976438203697333,-0.001145629775831949,0.001845595718818768,0.0006976463169483824
3,0.0023020978094806933,-11.4562993434866,2.493889517097264,-12.0,9.469008886284367,12.0,-2.565110879118049e-06,-0.0006975119369187103,-0.0006975094430291931,-0.00114562993434866,0.001845461660393401,0.0006975119369187104
3,0.0023022978094806934,-11.45630094223923,2.491190412085655,-12.0,9.464961001152222,12.0,-2.564950970107284e-06,-0.0006973770589066566,-0.0006973745677162445,-0.001145630094223923,0.001845326782347633,0.0006973770589066567
3,0.0023024978094806936,-11.45630253930678,2.488481343391933,-12.0,9.460898169554723,12.0,-2.565113916365465e-06,-0.0006972416826162792,-0.0006972391941349357,-0.001145630253930678,0.001845191728710122,0.000697241682616279
3,0.0023026978094806937,-11.45630414994945,2.485762310206535,-12.0,9.456820397907629,12.0,-2.564954171223223e-06,-0.0006971058087701094,-0.0006971033230077991,-0.001145630414994945,0.001845055856183089,0.0006971058087701094
3,0.0023028978094806938,-11.45630575890992,2.483033321908087,-12.0,9.452727692650312,12.0,-2.565116976170561e-06,-0.0006969694370742225,-0.0006969669540409005,-0.001145630575890992,0.001844919808187859,0.0006969694370742225
3,0.002303097809480694,-11.4563073814351,2.480294377722919,-12.0,9.448620060245705,12.0,-2.5649573947542e-06,-0.0006968325682522787,-0.0006968300879579008,-0.00114563073814351,0.001844782942037409,0.0006968325682522787
3,0.002303297809480694,-11.45630900228094,2.477545487056648,-12.0,9.444497507180316,12.0,-2.565120058514006e-06,-0.0006966952020123667,-0.0006966927244668796,-0.001145630900228094,0.001844645900545864,0.0006966952020123668
3,0.002303497809480694,-11.45631063668104,2.474786649171475,-12.0,9.440360039964228,12.0,-2.564960640680809e-06,-0.0006965573390792752,-0.000696554864292626,-0.001145631063668104,0.001844508041634991,0.0006965573390792752
3,0.0023036978094806942,-11.45631226940464,2.472017873500005,-12.0,9.436207665131061,12.0,-2.565123163376332e-06,-0.0006964189791631055,-0.0006964165071452321,-0.001145631226940464,0.001844370007513851,0.0006964189791631056
3,0.0023038978094806943,-11.45631391567202,2.469239159340251,-12.0,9.43204038923798,12.0,-2.564963908984293e-06,-0.000696280122989773,-0.0006962776537506136,-0.001145631391567202,0.001844231156712881,0.0006962801229897728
3,0.0023040978094806945,-11.45631556026568,2.46645051615179,-12.0,9.427858218865687,12.0,-2.56512629073838e-06,-0.0006961407702713897,-0.0006961383038208734,-0.001145631556026568,0.001844092130835454,0.0006961407702713898
3,0.0023042978094806946,-11.45631721839265,2.463651943268433,-12.0,9.423661160618407,12.0,-2.564967199644878e-06,-0.0006960009217349976,-0.0006959984580830541,-0.001145631721839265,0.00184395228902084,0.0006960009217349975
3,0.0023044978094806947,-11.45631887484864,2.460843450176684,-12.0,9.419449221123852,12.0,-2.56512944058033e-06,-0.0006958605770947168,-0.0006958581162512665,-0.001145631887484864,0.001843812272266997,0.0006958605770947168
3,0.002304697809480695,-11.45632054482745,2.458025036246104,-12.0,9.415222407033244,12.0,-2.564970512643183e-06,-0.0006957197370787141,-0.0006957172790536777,-0.001145632054482745,0.001843671440321022,0.0006957197370787141
3,0.002304897809480695,-11.45632221313799,2.45519671099015,-12.0,9.410980725021329,12.0,-2.565132612882198e-06,-0.0006955784014031179,-0.0006955759462064068,-0.001145632221313799,0.001843530433576659,0.0006955784014031179
3,0.002305097809480695,-11.45632389496082,2.452358473814088,-12.0,9.406724181786279,12.0,-2.564973847959515e-06,-0.0006954365707972192,-0.0006954341184387452,-0.001145632389496082,0.001843388612388002,0.0006954365707972191
3,0.002305297809480695,-11.45632557511805,2.44951033425826,-12.0,9.402452784049757,12.0,-2.56513580762423e-06,-0.0006952942449791498,-0.0006952917954688154,-0.001145632557511805,0.001843246616545216,0.0006952942449791497
3,0.0023054978094806952,-11.45632726877703,2.446652291763641,-12.0,9.398166538556893,12.0,-2.564977205574155e-06,-0.0006951514246793253,-0.0006951489780270334,-0.001145632726877703,0.001843103807009422,0.0006951514246793252
3,0.0023056978094806954,-11.45632896077304,2.443784355897446,-12.0,9.39386545207625,12.0,-2.565139024786376e-06,-0.0006950081096178805,-0.0006950056658335246,-0.001145632896077305,0.00184296082296686,0.0006950081096178805
3,0.0023058978094806955,-11.45633066626026,2.440906526136289,-12.0,9.389549531399823,12.0,-2.564980585466964e-06,-0.0006948643005263535,-0.0006948618596198272,-0.001145633066626026,0.001842817025984572,0.0006948643005263535
3,0.0023060978094806956,-11.45633237008709,2.438018812074257,-12.0,9.385218783343053,12.0,-2.565142264348381e-06,-0.0006947199971268797,-0.0006947175591080674,-0.001145633237008709,0.001842673054646714,0.0006947199971268795
3,0.0023062978094806957,-11.45633408739455,2.435121213223578,-12.0,9.380873214744776,12.0,-2.564983987618102e-06,-0.0006945752001521198,-0.0006945727650309065,-0.001145633408739455,0.0018425282711261,0.0006945752001521198
3,0.002306497809480696,-11.45633580304419,2.432213739205166,-12.0,9.376512832467238,12.0,-2.56514552628976e-06,-0.0006944299093262072,-0.0006944274771124679,-0.001145633580304419,0.00184238331340376,0.0006944299093262072
3,0.002306697809480696,-11.45633753216385,2.429296389566831,-12.0,9.37213764339607,12.0,-2.564987412007211e-06,-0.000694284125382924,-0.0006942816960865343,-0.001145633753216385,0.001842237544258205,0.0006942841253829239
3,0.002306897809480696,-11.45633925962822,2.426369173956305,-12.0,9.367747654440308,12.0,-2.565148810590341e-06,-0.0006941378480484003,-0.0006941354216792263,-0.001145633925962822,0.001842091601068613,0.0006941378480484003
3,0.002307097809480696,-11.45634100055199,2.42343209195695,-12.0,9.36334287253234,12.0,-2.564990858613749e-06,-0.0006939910780575392,-0.000693988654625447,-0.001145634100055199,0.001841944847218377,0.0006939910780575391
3,0.0023072978094806963,-11.45634273982295,2.420485153243261,-12.0,9.358923304627899,12.0,-2.56515211722945e-06,-0.0006938438151384638,-0.0006938413946533104,-0.001145634273982295,0.00184179791948494,0.0006938438151384639
3,0.0023074978094806964,-11.45634449254267,2.417528357434134,-12.0,9.35448895770611,12.0,-2.564994327417469e-06,-0.0006936960600271978,-0.0006936936424988404,-0.001145634449254267,0.001841650181855898,0.0006936960600271977
3,0.0023076978094806965,-11.45634624361202,2.414561714230838,-12.0,9.350039838769412,12.0,-2.565155446186215e-06,-0.0006935478124538574,-0.000693545397892143,-0.001145634624361202,0.001841502270507983,0.0006935478124538573
3,0.0023078978094806966,-11.45634800811949,2.411585223287708,-12.0,9.345575954843541,12.0,-2.564997818397706e-06,-0.0006933990731555833,-0.00069339666157036,-0.001145634800811949,0.001841353550032958,0.0006933990731555834
3,0.0023080978094806967,-11.45634977097899,2.408598894332787,-12.0,9.34109731297762,12.0,-2.565158797439717e-06,-0.0006932498418644833,-0.0006932474332655889,-0.001145634977097899,0.001841204656006806,0.0006932498418644833
3,0.002308297809480697,-11.45635154726593,2.405602727055848,-12.0,9.33660392024401,12.0,-2.565001331533687e-06,-0.0006931001193188163,-0.0006930977137160891,-0.001145635154726593,0.00184105495362382,0.0006931001193188161
3,0.002308497809480697,-11.45635332190727,2.402596731211621,-12.0,9.332095783738383,12.0,-2.565162170969043e-06,-0.0006929499052526761,-0.0006929475026559448,-0.001145635332190727,0.001840905077861312,0.0006929499052526762
3,0.002308697809480697,-11.45635510996537,2.399580906525327,-12.0,9.327572910579738,12.0,-2.565004866804426e-06,-0.0006927992004054413,-0.0006927968008245346,-0.001145635510996537,0.00184075439451562,0.0006927992004054411
3,0.002308897809480697,-11.45635689638018,2.396555262778373,-12.0,9.32303530791028,12.0,-2.565165566752942e-06,-0.0006926480045131907,-0.0006926456079579278,-0.001145635689638018,0.00184060353796482,0.0006926480045131907
3,0.0023090978094806973,-11.45635869620104,2.393519799731327,-12.0,9.318482982895508,12.0,-2.565008424188867e-06,-0.0006924963183164183,-0.0006924939247966183,-0.001145635869620104,0.001840451874607726,0.0006924963183164182
3,0.0023092978094806974,-11.45636049438092,2.390474527192288,-12.0,9.313915942724163,12.0,-2.56516898477019e-06,-0.0006923441415531875,-0.0006923417510786603,-0.001145636049438092,0.001840300038223038,0.0006923441415531876
3,0.0023094978094806975,-11.4563623059561,2.387419444957157,-12.0,9.309334194608233,12.0,-2.565012003665928e-06,-0.0006921914749651078,-0.0006921890875456627,-0.00114563623059561,0.001840147395811268,0.0006921914749651077
3,0.0023096978094806976,-11.45636411589255,2.384354562860679,-12.0,9.304737745782923,12.0,-2.56517242499928e-06,-0.0006920383182922246,-0.0006920359339376615,-0.001145636411589255,0.001839994580553528,0.0006920383182922244
3,0.0023098978094806977,-11.45636593921356,2.381279880734034,-12.0,9.30012660350664,12.0,-2.565015605214234e-06,-0.0006918846722772607,-0.0006918822909973798,-0.001145636593921356,0.001839840960050797,0.0006918846722772607
3,0.002310097809480698,-11.45636776089806,2.378195408438607,-12.0,9.295500775061024,12.0,-2.565175887418665e-06,-0.0006917305366622418,-0.0006917281584668334,-0.001145636776089806,0.001839687166886648,0.0006917305366622417
3,0.002310297809480698,-11.45636959595634,2.375101145840834,-12.0,9.290860267750883,12.0,-2.565019228812381e-06,-0.0006915759121910049,-0.0006915735370898589,-0.001145636959595635,0.001839532569262544,0.000691575912191005
3,0.002310497809480698,-11.4563714293803,2.371997102828683,-12.0,9.286205088904202,12.0,-2.565179372006762e-06,-0.0006914207986075518,-0.0006914184266104491,-0.00114563714293803,0.001839377799164648,0.0006914207986075519
3,0.002310697809480698,-11.45637327616724,2.368883279303831,-12.0,9.28153524587216,12.0,-2.565022874438695e-06,-0.000691265196656833,-0.0006912628277735536,-0.001145637327616724,0.001839222225394707,0.000691265196656833
3,0.0023108978094806983,-11.456375121322,2.365759685180818,-12.0,9.276850746029076,12.0,-2.565182878741606e-06,-0.0006911091060848259,-0.0006911067403251407,-0.0011456375121322,0.001839066479342496,0.0006911091060848259
3,0.0023110978094806984,-11.45637697982893,2.362626320396485,-12.0,9.2721515967724,12.0,-2.565026542071467e-06,-0.0006909525276375915,-0.000690950165011271,-0.001145637697982893,0.001838909930409373,0.0006909525276375915
3,0.0023112978094806985,-11.45637883670578,2.359483194891923,-12.0,9.267437805522725,12.0,-2.565186407601278e-06,-0.0006907954610630802,-0.0006907931015798852,-0.001145637883670578,0.001838753209388085,0.0006907954610630802
3,0.0023114978094806986,-11.45638070692399,2.356330308639147,-12.0,9.262709379723802,12.0,-2.565030231688947e-06,-0.0006906379071084656,-0.0006906355507781568,-0.001145638070692399,0.00183859568627927,0.0006906379071084655
3,0.0023116978094806988,-11.45638257551417,2.353167671605756,-12.0,9.257966326842437,12.0,-2.565189958563547e-06,-0.0006904798655236682,-0.0006904775123559964,-0.001145638257551417,0.001838437991280495,0.0006904798655236681
3,0.002311897809480699,-11.45638445743486,2.349995283798859,-12.0,9.253208654368557,12.0,-2.565033943269035e-06,-0.0006903213370569699,-0.000690318987061686,-0.001145638445743486,0.001838279494990561,0.0006903213370569698
3,0.002312097809480699,-11.45638633772956,2.34681315521257,-12.0,9.248436369815188,12.0,-2.565193531606227e-06,-0.0006901623214602618,-0.0006901599746471064,-0.001145638633772956,0.001838120827011623,0.0006901623214602619
3,0.002312297809480699,-11.45638823134389,2.343621285889072,-12.0,9.243649480718414,12.0,-2.565037676789535e-06,-0.0006900028194829342,-0.0006900004758616483,-0.001145638823134389,0.001837961358541151,0.0006900028194829342
3,0.002312497809480699,-11.45639012333422,2.340419685848938,-12.0,9.238847994637377,12.0,-2.565197126706874e-06,-0.0006898428308788439,-0.000689840490459158,-0.001145639012333422,0.001837801718585788,0.000689842830878844
3,0.0023126978094806993,-11.4563920286333,2.337208355169396,-12.0,9.234031919154296,12.0,-2.565041432228286e-06,-0.0006896823563984901,-0.0006896800191901347,-0.00114563920286333,0.001837641278941009,0.00068968235639849
3,0.0023128978094806994,-11.45639393231033,2.333987303897463,-12.0,9.229201261874401,12.0,-2.565200743843319e-06,-0.0006895213957976938,-0.0006895190618103899,-0.001145639393231033,0.001837480668019598,0.0006895213957976938
3,0.0023130978094806996,-11.45639584928521,2.330756532145353,-12.0,9.224356030425954,12.0,-2.565045209562802e-06,-0.0006893599498280601,-0.000689357619071528,-0.001145639584928521,0.001837319258213046,0.0006893599498280601
3,0.0023132978094806997,-11.45639776463995,2.32751604998652,-12.0,9.219496232460253,12.0,-2.565204382992449e-06,-0.0006891980182473733,-0.0006891956907313234,-0.001145639776463995,0.001837157677341314,0.0006891980182473734
3,0.0023134978094806998,-11.4563996932816,2.32426585756813,-12.0,9.21462187565157,12.0,-2.565049008770611e-06,-0.000689035601808344,-0.0006890332775424865,-0.00114563996932816,0.001836995298392309,0.0006890356018083441
3,0.0023136978094807,-11.45640162030499,2.32100596499003,-12.0,9.209732967697192,12.0,-2.565208044131784e-06,-0.0006888727002707163,-0.0006888703792647513,-0.0011456401620305,0.001836832748592215,0.0006888727002707162
3,0.0023138978094807,-11.45640356060436,2.317736372434292,-12.0,9.204829516317343,12.0,-2.565052829828921e-06,-0.0006887093143883051,-0.0006887069966519326,-0.001145640356060436,0.001836669401525539,0.0006887093143883051
3,0.0023140978094807,-11.45640549928731,2.314457090027145,-12.0,9.199911529255274,12.0,-2.565211727238191e-06,-0.000688545443922813,-0.0006885431294657228,-0.001145640549928731,0.00183650588382551,0.0006885454439228129
3,0.0023142978094807002,-11.45640745123526,2.311168117985561,-12.0,9.194979014277152,12.0,-2.565056672714955e-06,-0.0006883810896291593,-0.0006883787784610411,-0.001145640745123526,0.001836341569671887,0.0006883810896291591
3,0.0023144978094807003,-11.4564094015686,2.307869466462066,-12.0,9.190031979172065,12.0,-2.565215432288885e-06,-0.0006882162512709998,-0.0006882139434015335,-0.00114564094015686,0.00183617708510708,0.0006882162512710001
3,0.0023146978094807005,-11.45641136515596,2.30456113570851,-12.0,9.1850704317521,12.0,-2.56506053740579e-06,-0.0006880509296043591,-0.0006880486250432234,-0.001145641136515596,0.001836011804904148,0.000688050929604359
3,0.0023148978094807006,-11.45641332713047,2.301243135903729,-12.0,9.180094379852186,12.0,-2.565219159260316e-06,-0.0006878851243948457,-0.0006878828231517099,-0.001145641332713047,0.001835846354513793,0.0006878851243948457
3,0.0023150978094807007,-11.45641530234798,2.297915467334345,-12.0,9.175103831330183,12.0,-2.565064423878358e-06,-0.0006877188363995838,-0.0006877165384841166,-0.001145641530234799,0.001835680109305363,0.0006877188363995838
3,0.002315297809480701,-11.45641727595438,2.294578140205525,-12.0,9.170098794066883,12.0,-2.565222908129369e-06,-0.0006875520653861358,-0.0006875497708079953,-0.001145641727595438,0.001835513694136631,0.0006875520653861358
3,0.002315497809480701,-11.45641926279277,2.291231154838639,-12.0,9.165079275965892,12.0,-2.565068332109728e-06,-0.0006873848121127254,-0.0006873825208815704,-0.001145641926279277,0.001835346484971094,0.0006873848121127254
3,0.002315697809480701,-11.45642124802173,2.2878745214651,-12.0,9.160045284953728,12.0,-2.565226678872416e-06,-0.0006872170763488628,-0.0006872147884743414,-0.001145642124802173,0.001835179106076882,0.0006872170763488628
3,0.002315897809480701,-11.45642324647162,2.284508240441015,-12.0,9.154996828979737,12.0,-2.565072262076052e-06,-0.0006870488588538724,-0.0006870465743456318,-0.001145642324647162,0.00183501093400985,0.0006870488588538722
3,0.0023160978094807013,-11.45642524331374,2.281132322024031,-12.0,9.149933916016138,12.0,-2.56523047146615e-06,-0.0006868801593992109,-0.0006868778782668888,-0.001145642524331374,0.001834842592449081,0.0006868801593992107
3,0.0023162978094807014,-11.45642725336574,2.277746766604944,-12.0,9.144856554057952,12.0,-2.56507621375396e-06,-0.000686710978745301,-0.0006867087009985344,-0.001145642725336574,0.001834673458542435,0.0006867109787453009
3,0.0023164978094807015,-11.45642926181159,2.274351584467588,-12.0,9.13976475112302,12.0,-2.565234285886622e-06,-0.0006865413166655431,-0.0006865390423139588,-0.001145642926181159,0.001834504155379259,0.0006865413166655431
3,0.0023166978094807016,-11.45643128345621,2.270946776037428,-12.0,9.134658515252008,12.0,-2.565080187119989e-06,-0.000686371173921458,-0.0006863689029746819,-0.001145643128345621,0.001834334060701157,0.000686371173921458
3,0.0023168978094807017,-11.45643330349626,2.26753235162447,-12.0,9.129537854508353,12.0,-2.565238122110001e-06,-0.0006862005502883883,-0.0006861982827560365,-0.001145643330349626,0.001834163797006915,0.0006862005502883884
3,0.002317097809480702,-11.456435336724,2.264108311688768,-12.0,9.12440277697827,12.0,-2.565084182150397e-06,-0.0006860294465289501,-0.0006860271824206385,-0.0011456435336724,0.001833992742630316,0.0006860294465289502
3,0.002317297809480702,-11.4564373683487,2.260674666566497,-12.0,9.11925329077076,12.0,-2.565241980112254e-06,-0.0006858578624204263,-0.0006858556017457596,-0.00114564373683487,0.00183382151948236,0.0006858578624204264
3,0.002317497809480702,-11.45643941314995,2.257231416752283,-12.0,9.11408940401757,12.0,-2.565088198821202e-06,-0.0006856857987265287,-0.0006856835414951119,-0.001145643941314995,0.001833649506487392,0.0006856857987265286
3,0.002317697809480702,-11.45644145634968,2.253778572608385,-12.0,9.108911124873146,12.0,-2.565245859869367e-06,-0.000685513255226476,-0.0006855110014479035,-0.001145644145634968,0.001833477324968422,0.000685513255226476
3,0.0023178978094807023,-11.45644351271483,2.250316134663986,-12.0,9.103718461514738,12.0,-2.565092237108207e-06,-0.0006853402326850753,-0.0006853379823689406,-0.001145644351271483,0.001833304354440606,0.0006853402326850752
3,0.0023180978094807024,-11.4564455674799,2.246844113307452,-12.0,9.098511422142263,12.0,-2.565249761357004e-06,-0.0006851667308834812,-0.0006851644840393677,-0.00114564455674799,0.00183313121563967,0.0006851667308834811
3,0.0023182978094807025,-11.45644763539923,2.243362509102413,-12.0,9.09329001497833,12.0,-2.5650962969876e-06,-0.0006849927505875916,-0.0006849905072250824,-0.001145644763539923,0.001832957288671262,0.0006849927505875917
3,0.0023184978094807026,-11.45644970171993,2.239871332463311,-12.0,9.088054248268255,12.0,-2.565253684550645e-06,-0.0006848182915804946,-0.000684816051709162,-0.001145644970171993,0.001832783193683815,0.0006848182915804945
3,0.0023186978094807027,-11.45645178118369,2.236370583988238,-12.0,9.082804130280042,12.0,-2.565100378434992e-06,-0.0006846433546291806,-0.0006846411182585964,-0.001145645178118369,0.001832608311373046,0.0006846433546291805
3,0.002318897809480703,-11.45645385905022,2.23286027411766,-12.0,9.07753966930434,12.0,-2.565257629425987e-06,-0.000684467939518668,-0.0006844657066583939,-0.001145645385905022,0.001832433261299686,0.000684467939518668
3,0.002319097809480703,-11.4564559500486,2.229340403484071,-12.0,9.07226087365444,12.0,-2.565104481425642e-06,-0.000684292047017037,-0.0006842898176766335,-0.00114564559500486,0.001832257424750448,0.0006842920470170368
3,0.002319297809480703,-11.4564580394511,2.225810982553949,-12.0,9.066967751666297,12.0,-2.565261595958193e-06,-0.000684115676911235,-0.0006841134511002524,-0.00114564580394511,0.001832081420699129,0.0006841156769112349
3,0.002319497809480703,-11.45646014197424,2.222272011994151,-12.0,9.061660311698466,12.0,-2.565108605935359e-06,-0.0006839388299704316,-0.0006839366076984196,-0.001145646014197424,0.001831904631020332,0.0006839388299704315
3,0.0023196978094807033,-11.45646224290281,2.218723502297121,-12.0,9.056338562132112,12.0,-2.565265584122566e-06,-0.0006837615059834991,-0.0006837592872599968,-0.001145646224290281,0.001831727674104516,0.000683761505983499
3,0.0023198978094807034,-11.45646435694078,2.215165454164058,-12.0,9.051002511371019,12.0,-2.565112751939293e-06,-0.0006835837057206962,-0.0006835814905552419,-0.001145646435694078,0.00183154993241351,0.000683583705720696
3,0.0023200978094807035,-11.45646646938546,2.211597878113346,-12.0,9.045652167841531,12.0,-2.565269593894195e-06,-0.0006834054289728186,-0.0006834032173749405,-0.001145646646938546,0.001831372023751968,0.0006834054289728185
3,0.0023202978094807036,-11.45646859492828,2.20802077488045,-12.0,9.040287539992564,12.0,-2.565116919412596e-06,-0.0006832266765112113,-0.0006832244684904365,-0.001145646859492828,0.001831193331170305,0.0006832266765112113
3,0.0023204978094807037,-11.45647071887905,2.20443415500969,-12.0,9.034908636295611,12.0,-2.565273625247864e-06,-0.0006830474481285922,-0.000683045243694437,-0.001145647071887905,0.001831014471888838,0.0006830474481285922
3,0.002320697809480704,-11.45647285591667,2.200838019270774,-12.0,9.02951546524469,12.0,-2.565121108330401e-06,-0.0006828677445973918,-0.0006828655437593724,-0.001145647285591668,0.00183083482954447,0.0006828677445973916
3,0.002320897809480704,-11.45647499136346,2.1972323782339,-12.0,9.024108035356363,12.0,-2.565277678158578e-06,-0.0006826875657122463,-0.000682685368479868,-0.001145647499136346,0.001830655020773674,0.0006826875657122463
3,0.002321097809480704,-11.4564771398858,2.193617232702959,-12.0,9.018686355169665,12.0,-2.565125318667626e-06,-0.0006825069122466706,-0.0006825047186294378,-0.00114564771398858,0.001830474429800814,0.0006825069122466706
3,0.002321297809480704,-11.45647928681846,2.189992593274036,-12.0,9.013250433246219,12.0,-2.565281752600764e-06,-0.0006823257839972184,-0.0006823235940046251,-0.001145647928681847,0.001830293672678673,0.0006823257839972183
3,0.0023214978094807043,-11.45648144681535,2.186358460785177,-12.0,9.007800278170052,12.0,-2.565129550398992e-06,-0.0006821441817384875,-0.0006821419953800266,-0.001145648144681536,0.001830112134217144,0.0006821441817384875
3,0.0023216978094807044,-11.45648360522371,2.182714845858258,-12.0,9.0023358985477,12.0,-2.565285848549114e-06,-0.0006819621052689444,-0.0006819599225540984,-0.001145648360522371,0.001829930429886803,0.0006819621052689442
3,0.0023218978094807045,-11.45648577668495,2.179061749365489,-12.0,8.996857303008204,12.0,-2.565133803499147e-06,-0.0006817795553642715,-0.0006817773763025221,-0.001145648577668495,0.00182974794508351,0.0006817795553642716
3,0.0023220978094807047,-11.45648794655875,2.17539918195452,-12.0,8.991364500202977,12.0,-2.565289965977902e-06,-0.0006815965318248458,-0.0006815943564256637,-0.001145648794655875,0.001829565294693443,0.0006815965318248458
3,0.0023222978094807048,-11.45649012947407,2.171727144531618,-12.0,8.985857498805908,12.0,-2.565138077942605e-06,-0.0006814130354274291,-0.0006814108637002845,-0.001145649012947407,0.001829381864699663,0.0006814130354274291
3,0.002322497809480705,-11.45649231080302,2.168045647770223,-12.0,8.980336307513321,12.0,-2.565294104861721e-06,-0.0006812290659743098,-0.0006812268979286619,-0.001145649231080302,0.001829198269406058,0.0006812290659743099
3,0.002322697809480705,-11.45649450516209,2.164354692610633,-12.0,8.97480093504392,12.0,-2.56514237370363e-06,-0.0006810446242433288,-0.0006810424598886362,-0.001145649450516209,0.00182901389538011,0.0006810446242433287
3,0.002322897809480705,-11.45649669793581,2.16065428975201,-12.0,8.969251390138815,12.0,-2.565298265174345e-06,-0.0006808597100386805,-0.0006808575493843908,-0.001145649669793581,0.001828829356344264,0.0006808597100386805
3,0.0023230978094807052,-11.45649890372825,2.156944440168639,-12.0,8.963687681561487,12.0,-2.565146690756627e-06,-0.0006806743241392851,-0.0006806721671948446,-0.001145649890372825,0.001828644039449441,0.0006806743241392848
3,0.0023232978094807053,-11.45650110793633,2.153225154585398,-12.0,8.958109818097807,12.0,-2.565302446890023e-06,-0.000680488466351241,-0.0006804863131260863,-0.001145650110793633,0.001828458557838502,0.000680488466351241
3,0.0023234978094807054,-11.45650332515171,2.149496434010518,-12.0,8.952517808555973,12.0,-2.565151029075683e-06,-0.0006803021374545456,-0.0006802999879581115,-0.001145650332515171,0.001828272299245775,0.0006803021374545456
3,0.0023236978094807056,-11.45650554078367,2.145758289194533,-12.0,8.946911661766526,12.0,-2.565306649982419e-06,-0.0006801153372571994,-0.00068011319149891,-0.001145650554078367,0.001828085876232276,0.0006801153372571994
3,0.0023238978094807057,-11.45650776941149,2.142010721179597,-12.0,8.941291386582353,12.0,-2.565155388634807e-06,-0.0006799280665402757,-0.0006799259245295544,-0.001145650776941149,0.001827898677117238,0.0006799280665402757
3,0.002324097809480706,-11.4565099964568,2.138253740741885,-12.0,8.935656991878636,12.0,-2.565310874425472e-06,-0.0006797403251136751,-0.0006797381868599344,-0.00114565099964568,0.00182771131388085,0.0006797403251136751
3,0.002324297809480706,-11.45651223648651,2.134487348957382,-12.0,8.930008486552817,12.0,-2.565159769407664e-06,-0.0006795521137595436,-0.0006795499792721946,-0.001145651223648651,0.001827523175424341,0.0006795521137595435
3,0.002324497809480706,-11.45651447493458,2.130711556627898,-12.0,8.924345879524703,12.0,-2.565315120192815e-06,-0.0006793634322896805,-0.0006793613015781239,-0.001145651447493458,0.001827334873150229,0.0006793634322896806
3,0.002324697809480706,-11.45651672635556,2.126926364863253,-12.0,8.91866917973631,12.0,-2.565164171368087e-06,-0.0006791742814873058,-0.0006791721545609409,-0.001145651672635556,0.00182714579654101,0.0006791742814873057
3,0.0023248978094807062,-11.45651897619574,2.123131784490784,-12.0,8.912978396151894,12.0,-2.565319387257819e-06,-0.000678984661166111,-0.0006789825380343265,-0.001145651897619575,0.001826956556419949,0.000678984661166111
3,0.0023250978094807064,-11.45652123899734,2.119327816654124,-12.0,8.907273537758023,12.0,-2.565168594489727e-06,-0.00067879457211039,-0.0006787924527825733,-0.001145652123899734,0.001826766542851564,0.0006787945721103899
3,0.0023252978094807065,-11.45652350021893,2.115514472206153,-12.0,8.90155461356342,12.0,-2.565323675593883e-06,-0.0006786040141357266,-0.0006786018986212544,-0.001145652350021893,0.001826576366080094,0.0006786040141357266
3,0.0023254978094807066,-11.45652577439041,2.111691752324215,-12.0,8.895821632599052,12.0,-2.565173038745956e-06,-0.0006784129880274839,-0.0006784108763357314,-0.001145652577439041,0.001826385416752305,0.0006784129880274837
3,0.0023256978094807067,-11.45652804698266,2.107859667886707,-12.0,8.89007460391807,12.0,-2.565327985174177e-06,-0.0006782214936031362,-0.0006782193857434683,-0.001145652804698266,0.001826194304533783,0.0006782214936031362
3,0.002325897809480707,-11.45653033251324,2.104018220104671,-12.0,8.884313536595831,12.0,-2.565177504110153e-06,-0.0006780295316491161,-0.0006780274276308959,-0.001145653033251324,0.001826002420651524,0.000678029531649116
3,0.002326097809480707,-11.45653261646532,2.100167419881991,-12.0,8.878538439729844,12.0,-2.565332315971912e-06,-0.0006778371019847855,-0.0006778350018173656,-0.001145653261646532,0.001825810374193952,0.0006778371019847853
3,0.002326297809480707,-11.45653491334417,2.096307268463328,-12.0,8.872749322439764,12.0,-2.565181990555528e-06,-0.0006776442053976437,-0.0006776421090903752,-0.001145653491334418,0.001825617556969559,0.0006776442053976437
3,0.002326497809480707,-11.45653720864521,2.09243777677803,-12.0,8.866946193867415,12.0,-2.565336667959847e-06,-0.0006774508417089387,-0.0006774487492711618,-0.001145653720864521,0.001825424577488137,0.0006774508417089386
3,0.0023266978094807073,-11.45653951686144,2.088558946104359,-12.0,8.861129063176719,12.0,-2.565186498054959e-06,-0.000677257011707236,-0.0006772549231482899,-0.001145653951686144,0.00182523082813843,0.000677257011707236
3,0.0023268978094807074,-11.45654182350049,2.08467078739706,-12.0,8.85529793955371,12.0,-2.565341041111007e-06,-0.000677062715215665,-0.0006770606305448776,-0.001145654182350049,0.001825036916853639,0.0006770627152156651
3,0.0023270978094807075,-11.45654414304314,2.080773301967971,-12.0,8.849452832206548,12.0,-2.565191026581644e-06,-0.0006768679530238578,-0.0006768658722505558,-0.001145654414304314,0.001824842236601581,0.0006768679530238578
3,0.0023272978094807076,-11.45654646100924,2.076866500797214,-12.0,8.843593750365446,12.0,-2.56534543539807e-06,-0.0006766727249568234,-0.0006766706480903225,-0.001145654646100924,0.001824647394739915,0.0006766727249568232
3,0.0023274978094807077,-11.4565487918673,2.072950385230132,-12.0,8.837720703282702,12.0,-2.565195576108231e-06,-0.000676477031805257,-0.0006764749588548717,-0.00114565487918673,0.001824451784814926,0.000676477031805257
3,0.002327697809480708,-11.45655112114938,2.069024966272181,-12.0,8.831833700232627,12.0,-2.565349850793398e-06,-0.0006762808733960446,-0.0006762788043710783,-0.001145655112114939,0.001824256013608473,0.0006762808733960446
3,0.002327897809480708,-11.4565534633118,2.065090245302199,-12.0,8.825932750511651,12.0,-2.56520014660747e-06,-0.0006760842505209452,-0.0006760821854306999,-0.00114565534633118,0.001824059475245577,0.0006760842505209452
3,0.002328097809480708,-11.45655580389877,2.06114623335095,-12.0,8.820017863438144,12.0,-2.565354287269577e-06,-0.0006758871630087195,-0.0006758851018624861,-0.001145655580389877,0.001823862775932567,0.0006758871630087194
3,0.002328297809480708,-11.4565581573544,2.057192931830668,-12.0,8.814089048352523,12.0,-2.565204738051878e-06,-0.0006756896116521856,-0.0006756875544592536,-0.00114565581573544,0.00182366531037251,0.0006756896116521855
3,0.0023284978094807083,-11.45656050923511,2.053230351797426,-12.0,8.808146314617211,12.0,-2.565358744799132e-06,-0.0006754915962819786,-0.0006754895430516268,-0.001145656050923511,0.001823467684197303,0.0006754915962819785
3,0.0023286978094807084,-11.45656287397279,2.049258494696831,-12.0,8.802189671616588,12.0,-2.565209350413692e-06,-0.0006752931176919758,-0.0006752910684334812,-0.001145656287397279,0.001823269292686659,0.0006752931176919757
3,0.0023288978094807085,-11.45656523713601,2.045277371610188,-12.0,8.796219128757,12.0,-2.565363223353837e-06,-0.0006750941757146813,-0.0006750921304373098,-0.001145656523713601,0.001823070740898581,0.0006750941757146813
3,0.0023290978094807086,-11.4565676131445,2.041286984016449,-12.0,8.790234695466763,12.0,-2.565213983665511e-06,-0.0006748947711450314,-0.0006748927298580473,-0.00114565676131445,0.001822871424690156,0.0006748947711450314
3,0.0023292978094807087,-11.45656998757895,2.037287343022134,-12.0,8.784236381196108,12.0,-2.565367722905935e-06,-0.0006746949038173973,-0.0006746928665300543,-0.001145656998757895,0.00182267194854518,0.0006746949038173973
3,0.002329497809480709,-11.45657237484695,2.033278450139469,-12.0,8.778224195417181,12.0,-2.565218637779304e-06,-0.0006744945745277712,-0.000674492541249321,-0.001145657237484695,0.001822471708897242,0.0006744945745277713
3,0.002329697809480709,-11.45657476054132,2.029260316500158,-12.0,8.772198147624062,12.0,-2.565372243427598e-06,-0.0006742937831123904,-0.0006742917538520738,-0.001145657476054132,0.001822271309656696,0.0006742937831123903
3,0.002329897809480709,-11.45657715905748,2.025232943649679,-12.0,8.766158247332696,12.0,-2.565223312727062e-06,-0.0006740925303683017,-0.0006740905051353579,-0.001145657715905748,0.001822070147833847,0.0006740925303683016
3,0.002330097809480709,-11.45657955600037,2.021196342744862,-12.0,8.760104504080907,12.0,-2.565376784890191e-06,-0.0006738908161336044,-0.0006738887949372616,-0.001145657955600037,0.001821868826765434,0.0006738908161336045
3,0.0023302978094807093,-11.45658196575329,2.017150515364385,-12.0,8.754036927428375,12.0,-2.565228008480678e-06,-0.0006736886412063993,-0.0006736866240558837,-0.001145658196575329,0.001821666744037193,0.000673688641206399
3,0.0023304978094807094,-11.45658437393326,2.013095472690197,-12.0,8.74795552695665,12.0,-2.565381347265696e-06,-0.0006734860054266454,-0.0006734839923311726,-0.001145658437393326,0.001821464502414351,0.0006734860054266454
3,0.0023306978094807095,-11.45658679491147,2.00903121633413,-12.0,8.741860312269091,12.0,-2.565232725012024e-06,-0.0006732829095934963,-0.0006732809005622799,-0.001145658679491147,0.001821261500056596,0.0006732829095934962
3,0.0023308978094807096,-11.45658921431701,2.004957757503173,-12.0,8.735751292990843,12.0,-2.565385930525469e-06,-0.0006730793535487669,-0.0006730773485910094,-0.001145658921431701,0.001821058339157723,0.000673079353548767
3,0.0023310978094807097,-11.456591646509,2.000875097842302,-12.0,8.72962847876893,12.0,-2.565237462292641e-06,-0.0006728753380926629,-0.0006728733372175649,-0.0011456591646509,0.001820854418452813,0.0006728753380926629
3,0.00233129780948071,-11.45659407712856,1.996783248583541,-12.0,8.723491879272077,12.0,-2.565390534640847e-06,-0.0006726708630688536,-0.0006726688662856048,-0.001145659407712856,0.001820650339563186,0.0006726708630688536
3,0.00233149780948071,-11.45659652052273,1.992682211404883,-12.0,8.717341504190804,12.0,-2.565242220294108e-06,-0.0006724659292785921,-0.0006724639365963807,-0.001145659652052273,0.001820445501798071,0.0006724659292785921
3,0.00233169780948071,-11.4565989623447,1.988571997563409,-12.0,8.711177363237438,12.0,-2.565395159583351e-06,-0.000672260536567403,-0.0006722585479954054,-0.00114565989623447,0.001820240506208149,0.0006722605365674029
3,0.00233189780948071,-11.45660141692943,1.984452608770106,-12.0,8.704999466145962,12.0,-2.565246998987727e-06,-0.0006720546857375855,-0.0006720527012849766,-0.001145660141692943,0.001820034752676563,0.0006720546857375856
3,0.0023320978094807103,-11.45660386994213,1.980324056307001,-12.0,8.698807822672128,12.0,-2.565399805324011e-06,-0.0006718483766365127,-0.0006718463963124565,-0.001145660386994213,0.001819828841682729,0.0006718483766365127
3,0.0023322978094807104,-11.45660633570572,1.976186341918066,-12.0,8.692602442593378,12.0,-2.565251798344771e-06,-0.0006716416100675314,-0.0006716396338811893,-0.001145660633570572,0.001819622173683025,0.0006716416100675312
3,0.0023324978094807105,-11.45660879989742,1.972039476910261,-12.0,8.68638333570887,12.0,-2.56540447183385e-06,-0.0006714343858798611,-0.0006714324138403841,-0.001145660879989742,0.001819415348587974,0.0006714343858798609
3,0.0023326978094807107,-11.45661127682813,1.967883463060482,-12.0,8.680150511839418,12.0,-2.565256618336436e-06,-0.0006712267048778937,-0.0006712247369944306,-0.001145661127682813,0.001819207767425906,0.0006712267048778936
3,0.0023328978094807108,-11.45661375218705,1.963718311700562,-12.0,8.673903980827486,12.0,-2.565409159083686e-06,-0.0006710185669126924,-0.0006710166031943806,-0.001145661375218705,0.001819000029537146,0.0006710185669126924
3,0.002333097809480711,-11.45661624027306,1.959544024640296,-12.0,8.667643752537224,12.0,-2.565261458933524e-06,-0.0006708099727896928,-0.0006708080132456681,-0.001145661624027306,0.001818791536522912,0.0006708099727896927
3,0.002333297809480711,-11.45661872678736,1.955360613236374,-12.0,8.661369836854373,12.0,-2.565413867044522e-06,-0.0006706009223618,-0.0006705989670011867,-0.001145661872678736,0.001818582887154379,0.0006706009223617999
3,0.002333497809480711,-11.45662122601682,1.951168079331394,-12.0,8.655082243686296,12.0,-2.565266320107007e-06,-0.0006703914164354903,-0.0006703894652674109,-0.001145662122601682,0.001818373483603895,0.0006703914164354903
3,0.0023336978094807112,-11.45662372367459,1.946966434306892,-12.0,8.648780982961977,12.0,-2.565418595686812e-06,-0.0006701814548655085,-0.0006701795078990741,-0.001145662372367459,0.001818163924075116,0.0006701814548655085
3,0.0023338978094807113,-11.45662623403558,1.942755680038246,-12.0,8.642466064631959,12.0,-2.565271201827666e-06,-0.0006699710384593714,-0.0006699690957036914,-0.001145662623403558,0.001817953611311698,0.0006699710384593714
3,0.0023340978094807114,-11.45662874282487,1.938535827931759,-12.0,8.63613749866835,12.0,-2.565423344980967e-06,-0.0006697601670736593,-0.0006697582285378314,-0.001145662874282487,0.001817743142947935,0.0006697601670736592
3,0.0023342978094807116,-11.4566312643054,1.934306879895559,-12.0,8.62979529506484,12.0,-2.565276104066152e-06,-0.000669548841516928,-0.0006695469072100481,-0.00114566312643054,0.0018175319222985,0.0006695488415169281
3,0.0023344978094807117,-11.4566337842142,1.930068847360706,-12.0,8.623439463836633,12.0,-2.565428114897558e-06,-0.0006693370616475926,-0.0006693351315787453,-0.00114566337842142,0.001817320546430519,0.0006693370616475926
3,0.002334697809480712,-11.45663631680225,1.92582173226799,-12.0,8.617070015020433,12.0,-2.565281026792898e-06,-0.0006691248282752444,-0.000669122902453512,-0.001145663631680225,0.001817108419229188,0.0006691248282752443
3,0.002334897809480712,-11.45663884781848,1.921565546073181,-12.0,8.61068695867447,12.0,-2.565432905406676e-06,-0.000668912141260129,-0.0006689102196945829,-0.001145663884781848,0.001816896137194574,0.000668912141260129
3,0.002335097809480712,-11.45664139150195,1.917300290749734,-12.0,8.604290304878486,12.0,-2.565285969978237e-06,-0.0006686990014128753,-0.0006686970841125844,-0.001145664139150196,0.001816683104779945,0.0006686990014128753
3,0.002335297809480712,-11.45664393361349,1.913025977778086,-12.0,8.597880063733653,12.0,-2.565437716478611e-06,-0.0006684854085955568,-0.0006684834955695789,-0.001145664393361349,0.00181646991792048,0.0006684854085955567
3,0.0023354978094807122,-11.45664648838025,1.908742609164264,-12.0,8.591456245362611,12.0,-2.565290933592227e-06,-0.0006682713636198348,-0.0006682694548772255,-0.001145664648838025,0.001816255981638515,0.0006682713636198348
3,0.0023356978094807124,-11.45664904157491,1.904450196413364,-12.0,8.585018859909464,12.0,-2.56544254808342e-06,-0.0006680568663496101,-0.0006680549618994137,-0.001145664904157491,0.001816041891302262,0.00066805686634961
3,0.0023358978094807125,-11.45665160741273,1.900148741563954,-12.0,8.578567917539713,12.0,-2.565295917605125e-06,-0.000667841917597576,-0.0006678400174488344,-0.001145665160741273,0.001815827052503398,0.0006678419175975759
3,0.0023360978094807126,-11.45665417167828,1.895838256145711,-12.0,8.572103428440268,12.0,-2.565447400190936e-06,-0.0006676265172294557,-0.0006676246213911996,-0.001145665417167828,0.00181561206004443,0.0006676265172294558
3,0.0023362978094807127,-11.45665674857491,1.891518742229719,-12.0,8.565625402819459,12.0,-2.565300921986901e-06,-0.000667410666058974,-0.0006674087745402317,-0.001145665674857491,0.001815396320085318,0.0006674106660589739
3,0.002336497809480713,-11.45665932389905,1.887190211370214,-12.0,8.559133850906962,12.0,-2.565452272770828e-06,-0.0006671943639536747,-0.0006671924767634633,-0.001145665932389905,0.001815180426863388,0.0006671943639536748
3,0.002336697809480713,-11.45666191184218,1.882852665670717,-12.0,8.552628782953821,12.0,-2.565305946707274e-06,-0.0006669776117283106,-0.0006669757288756447,-0.001145666191184218,0.001814963787106052,0.0006669776117283105
3,0.002336897809480713,-11.45666449821254,1.878506116709988,-12.0,8.546110209232422,12.0,-2.565457165792873e-06,-0.0006667604092522434,-0.0006667585307461267,-0.001145666449821254,0.001814746994486191,0.0006667604092522434
3,0.002337097809480713,-11.45666709718979,1.874150566623958,-12.0,8.539578140036499,12.0,-2.565310991736233e-06,-0.0006665427573412542,-0.0006665408831906874,-0.001145666709718979,0.001814529456298866,0.0006665427573412541
3,0.0023372978094807133,-11.45666969459398,1.86978602701588,-12.0,8.53303258568108,12.0,-2.565462079226171e-06,-0.0006663246558665198,-0.0006663227860804929,-0.001145666969459398,0.001814311765652412,0.0006663246558665199
3,0.0023374978094807134,-11.45667230459291,1.865412500053998,-12.0,8.526473556502452,12.0,-2.565316057043207e-06,-0.0006661061056448454,-0.0006661042402323455,-0.001145667230459291,0.001814093330408172,0.0006661061056448455
3,0.0023376978094807135,-11.45667491301845,1.861029997366051,-12.0,8.519901062858274,12.0,-2.565467013040299e-06,-0.0006658871065492221,-0.0006658852455192249,-0.001145667491301845,0.001813874743111408,0.0006658871065492223
3,0.0023378978094807136,-11.45667753402657,1.856638521152582,-12.0,8.513315115127373,12.0,-2.565321142597821e-06,-0.0006656676593974792,-0.0006656658027589579,-0.001145667753402657,0.001813655412189342,0.0006656676593974791
3,0.0023380978094807137,-11.45668015346094,1.852238083065699,-12.0,8.50671572370985,12.0,-2.56547196720472e-06,-0.0006654477640644151,-0.000665445911826332,-0.001145668015346094,0.001813435929624643,0.000665447764064415
3,0.002338297809480714,-11.45668278546572,1.847828685338252,-12.0,8.500102899027091,12.0,-2.565326248369266e-06,-0.0006652274213688841,-0.0006652255735401986,-0.001145668278546572,0.001813215704410609,0.0006652274213688839
3,0.002338497809480714,-11.45668541589633,1.843410339646699,-12.0,8.493476651521611,12.0,-2.56547694168839e-06,-0.0006650066311874914,-0.0006650047877771516,-0.001145668541589633,0.001812995327965814,0.0006650066311874913
3,0.002338697809480714,-11.45668805888516,1.838983048256066,-12.0,8.486836991657164,12.0,-2.565331374326658e-06,-0.0006647853943401098,-0.0006647835553570616,-0.001145668805888517,0.001812774209849588,0.0006647853943401097
3,0.002338897809480714,-11.45669070029938,1.834546822867179,-12.0,8.48018392991869,12.0,-2.56548193646022e-06,-0.000664563710705151,-0.0006645618761583281,-0.001145669070029938,0.001812552940918486,0.000664563710705151
3,0.0023390978094807143,-11.4566933542596,1.830101665777212,-12.0,8.473517476812278,12.0,-2.565336520439216e-06,-0.0006643415811035067,-0.0006643397510018408,-0.00114566933542596,0.001812330931296666,0.0006643415811035066
3,0.0023392978094807144,-11.45669600664473,1.825647588711274,-12.0,8.466837642865165,12.0,-2.565486951489237e-06,-0.0006641190054153892,-0.0006641171797678003,-0.001145669600664473,0.001812108771278354,0.0006641190054153892
3,0.0023394978094807145,-11.45669867156362,1.82118459399864,-12.0,8.460144438625713,12.0,-2.565341686675832e-06,-0.0006638959844627074,-0.0006638941632781132,-0.001145669867156362,0.001811885871552647,0.0006638959844627074
3,0.0023396978094807146,-11.45670133490692,1.816712693388687,-12.0,8.453437874663422,12.0,-2.565491986744276e-06,-0.0006636725181274736,-0.0006636707014147802,-0.001145670133490691,0.001811662821852034,0.0006636725181274736
3,0.0023398978094807147,-11.45670401077171,1.812231889242743,-12.0,8.446717961568863,12.0,-2.565346873005309e-06,-0.0006634486072326121,-0.0006634467950007228,-0.001145670401077171,0.001811439033429332,0.000663448607232612
3,0.002340097809480715,-11.45670668506035,1.807742193334385,-12.0,8.439984709953688,12.0,-2.565497042193702e-06,-0.0006632242516619302,-0.0006632224439197369,-0.001145670668506035,0.00181121509545713,0.0006632242516619304
3,0.002340297809480715,-11.45670937185822,1.803243608056967,-12.0,8.433238130450638,12.0,-2.565352079396511e-06,-0.0006629994522393673,-0.0006629976489957592,-0.001145670937185822,0.001810990419751571,0.0006629994522393672
3,0.002340497809480715,-11.45671205707934,1.798736145208239,-12.0,8.426478233713482,12.0,-2.565502117806161e-06,-0.0006627742088505244,-0.0006627724101143789,-0.001145671205707934,0.001810765594923057,0.0006627742088505244
3,0.002340697809480715,-11.45671475479739,1.794219807213477,-12.0,8.419705030416983,12.0,-2.565357305818053e-06,-0.0006625485223203508,-0.0006625467281005435,-0.001145671475479739,0.001810540033352659,0.0006625485223203506
3,0.0023408978094807153,-11.45671745093808,1.789694605894601,-12.0,8.412918531257002,12.0,-2.565507213549966e-06,-0.0006623223925362402,-0.0006623206028416341,-0.001145671745093808,0.001810314323090327,0.0006623223925362402
3,0.0023410978094807154,-11.45672015956337,1.785160543708809,-12.0,8.406118746950336,12.0,-2.565362552238218e-06,-0.0006620958203241528,-0.0006620940351636091,-0.001145672015956337,0.001810087877079677,0.0006620958203241527
3,0.0023412978094807155,-11.45672286661064,1.780617632502072,-12.0,8.399305688234755,12.0,-2.565512329393327e-06,-0.0006618688055732683,-0.0006618670249556357,-0.001145672286661064,0.001809861282810641,0.0006618688055732683
3,0.0023414978094807156,-11.45672558613018,1.776065874763447,-12.0,8.392479365869006,12.0,-2.565367818625564e-06,-0.0006616413491105559,-0.0006616395730446812,-0.001145672558613018,0.001809633953789057,0.0006616413491105559
3,0.0023416978094807158,-11.45672830407099,1.771505282362991,-12.0,8.385639790632807,12.0,-2.565517465304381e-06,-0.0006614134508269816,-0.0006614116793216991,-0.001145672830407099,0.001809406476946167,0.0006614134508269816
3,0.002341897809480716,-11.45673103447171,1.766935857821558,-12.0,8.378786973326768,12.0,-2.565373104948169e-06,-0.0006611851115505211,-0.0006611833446146632,-0.001145673103447171,0.001809178266349378,0.0006611851115505211
3,0.002342097809480716,-11.45673376329298,1.762357613033198,-12.0,8.371920924772416,12.0,-2.5655226212514e-06,-0.0006609563311739217,-0.0006609545688163088,-0.001145673376329298,0.00180894990837151,0.0006609563311739219
3,0.002342297809480716,-11.45673650456177,1.757770550550538,-12.0,8.365041655812195,12.0,-2.565378411174003e-06,-0.0006607271105261659,-0.0006607253527556152,-0.001145673650456177,0.001808720817640504,0.0006607271105261658
3,0.002342497809480716,-11.45673924425034,1.753174682291607,-12.0,8.358149177309404,12.0,-2.565527797201879e-06,-0.0006604974495017797,-0.0006604956963270974,-0.001145673924425034,0.001808491579970707,0.0006604974495017797
3,0.0023426978094807163,-11.45674199637403,1.748570010840713,-12.0,8.351243500148192,12.0,-2.565383737271206e-06,-0.0006602673489307479,-0.0006602656003607371,-0.001145674199637403,0.001808261610552234,0.0006602673489307479
3,0.0023428978094807164,-11.45674474691669,1.743956548139841,-12.0,8.34432463523359,12.0,-2.565532993123867e-06,-0.0006600368087093751,-0.0006600350647528268,-0.001145674474691669,0.001808031494640988,0.000660036808709375
3,0.0023430978094807165,-11.45674750988206,1.739334296804949,-12.0,8.337392593491419,12.0,-2.565389083207751e-06,-0.0006598058296686472,-0.0006598040903343503,-0.001145674750988206,0.001807800647986973,0.000659805829668647
3,0.0023432978094807167,-11.45675027126557,1.734703268801894,-12.0,8.330447385868311,12.0,-2.565538208984709e-06,-0.0006595744117066417,-0.000659572677003373,-0.001145675027126557,0.001807569655289271,0.0006595744117066418
3,0.0023434978094807168,-11.45675304505931,1.73006346677826,-12.0,8.323489023331712,12.0,-2.565394448950937e-06,-0.0006593425556553455,-0.0006593408255918785,-0.001145675304505931,0.001807337932857182,0.0006593425556553452
3,0.002343697809480717,-11.45675581727033,1.725414902723753,-12.0,8.31651751686982,12.0,-2.565543444752335e-06,-0.0006591102614146069,-0.0006591085359997041,-0.001145675581727033,0.001807106064833147,0.0006591102614146068
3,0.002343897809480717,-11.45675860187913,1.720757579317498,-12.0,8.309532877491604,12.0,-2.565399834468821e-06,-0.0006588775298174107,-0.0006588758090598313,-0.001145675860187913,0.001806873468086779,0.0006588775298174106
3,0.002344097809480717,-11.45676138490428,1.716091508572998,-12.0,8.302535116226725,12.0,-2.565548700393611e-06,-0.0006586443607653728,-0.0006586426446738641,-0.001145676138490428,0.001806640726203252,0.0006586443607653728
3,0.0023442978094807172,-11.45676418031473,1.711416693200909,-12.0,8.29552424412566,12.0,-2.565405239728627e-06,-0.0006584107550924752,-0.000658409043675782,-0.001145676418031473,0.001806407256610769,0.0006584107550924753
3,0.0023444978094807173,-11.45676697414059,1.706733145238498,-12.0,8.288500272259496,12.0,-2.565553975876228e-06,-0.0006581767127020998,-0.0006581750059689546,-0.001145676697414059,0.001806173642338919,0.0006581767127020998
3,0.0023446978094807175,-11.45676978033924,1.702040867427825,-12.0,8.28146321172003,12.0,-2.565410664697723e-06,-0.0006579422344292205,-0.0006579405323883531,-0.001145676978033924,0.001805939301374649,0.0006579422344292206
3,0.0023448978094807176,-11.45677258495231,1.697339871829946,-12.0,8.274413073619794,12.0,-2.565559271167175e-06,-0.0006577073201789849,-0.000657705622839113,-0.001145677258495231,0.001805704816192265,0.0006577073201789849
3,0.0023450978094807177,-11.45677540192564,1.692630161218297,-12.0,8.267349869091877,12.0,-2.565416109343372e-06,-0.000657471970787358,-0.0006574702781571968,-0.001145677540192564,0.001805469605336152,0.000657471970787358
3,0.002345297809480718,-11.45677821731238,1.687911747677585,-12.0,8.260273609290046,12.0,-2.565564586233447e-06,-0.0006572361861612461,-0.0006572344982494983,-0.001145677821731238,0.001805234250725584,0.0006572361861612461
3,0.002345497809480718,-11.45678104504683,1.683184634012628,-12.0,8.253184305388695,12.0,-2.565421573632676e-06,-0.0006569999671376068,-0.0006569982839529728,-0.001145678104504683,0.001804998171462858,0.0006569999671376067
3,0.002345697809480718,-11.45678387119363,1.678448832331774,-12.0,8.246081968582798,12.0,-2.565569921042105e-06,-0.0006567633136251027,-0.0006567616351762703,-0.001145678387119363,0.00180476194891237,0.0006567633136251024
3,0.002345897809480718,-11.45678670967557,1.673704345471116,-12.0,8.238966610087912,12.0,-2.565427057532681e-06,-0.0006565262264616798,-0.0006565245527573342,-0.001145678670967557,0.001804525002733769,0.0006565262264616796
3,0.0023460978094807182,-11.45678954656877,1.668951185562604,-12.0,8.23183824114015,12.0,-2.565575275559649e-06,-0.0006562887055577546,-0.000656287036606569,-0.001145678954656877,0.001804287913737264,0.0006562887055577547
3,0.0023462978094807184,-11.45679239578453,1.664189355473588,-12.0,8.2246968729962,12.0,-2.565432561010373e-06,-0.0006560507517522612,-0.0006560490875629057,-0.001145679239578452,0.001804050102138865,0.0006560507517522612
3,0.0023464978094807185,-11.45679524341042,1.659418867359573,-12.0,8.217542516933245,12.0,-2.565580649752856e-06,-0.000655812364957367,-0.0006558107055384997,-0.001145679524341042,0.001803812148195069,0.0006558123649573671
3,0.0023466978094807186,-11.45679810334624,1.654639724119079,-12.0,8.21037518424898,12.0,-2.565438084032249e-06,-0.0006555735460129903,-0.000655571891373266,-0.001145679810334624,0.001803573472678776,0.0006555735460129901
3,0.0023468978094807187,-11.45680096169105,1.649851937931148,-12.0,8.203194886261624,12.0,-2.565586043588461e-06,-0.0006553342948330477,-0.0006553326449811099,-0.001145680096169105,0.001803334655292544,0.0006553342948330477
3,0.002347097809480719,-11.45680383233315,1.645055511725436,-12.0,8.196001634309845,12.0,-2.565443626565008e-06,-0.0006550946122584409,-0.0006550929672029291,-0.001145680383233314,0.001803095117365224,0.0006550946122584408
3,0.002347297809480719,-11.45680670138303,1.640250457704425,-12.0,8.188795439752731,12.0,-2.565591457032772e-06,-0.0006548544982048308,-0.000654852857954373,-0.001145680670138303,0.001802855438047238,0.0006548544982048306
3,0.002347497809480719,-11.45680958271756,1.635436778828887,-12.0,8.181576313969899,12.0,-2.565449188575245e-06,-0.0006546139535141013,-0.0006546123180773223,-0.001145680958271756,0.00180261503922123,0.0006546139535141012
3,0.002347697809480719,-11.45681246245864,1.630614487324752,-12.0,8.17434426836132,12.0,-2.565596890051923e-06,-0.0006543729781036571,-0.0006543713474891697,-0.001145681246245864,0.001802374499486703,0.000654372978103657
3,0.0023478978094807193,-11.45681535447169,1.625783586183759,-12.0,8.167099314347343,12.0,-2.565454770029389e-06,-0.0006541315728163587,-0.0006541299470327723,-0.001145681535447169,0.0018021332412804,0.0006541315728163584
3,0.0023480978094807194,-11.45681824489001,1.620944087655278,-12.0,8.159841463368801,12.0,-2.565602342612172e-06,-0.0006538897375713525,-0.0006538881166272646,-0.001145681824489002,0.001801891842650151,0.0006538897375713525
3,0.0023482978094807195,-11.45682114756762,1.616095994762021,-12.0,8.152570726886788,12.0,-2.565460370893635e-06,-0.0006536474732124768,-0.000653645857116482,-0.001145682114756762,0.00180164972658695,0.0006536474732124767
3,0.0023484978094807196,-11.4568240486492,1.61123931977667,-12.0,8.145287116382802,12.0,-2.565607814679764e-06,-0.0006534047796606132,-0.0006534031684212935,-0.00114568240486492,0.001801407470587324,0.0006534047796606132
3,0.0023486978094807197,-11.45682696197733,1.606374065752883,-12.0,8.137990643358645,12.0,-2.565465991133947e-06,-0.0006531616577605763,-0.0006531600513865105,-0.001145682696197733,0.001801164498196593,0.0006531616577605762
3,0.00234889780948072,-11.4568298737081,1.601500244986645,-12.0,8.130681319336468,12.0,-2.565613306220574e-06,-0.0006529181074349823,-0.0006529165059347374,-0.00114568298737081,0.001800921386359259,0.0006529181074349823
3,0.00234909780948072,-11.45683279767269,1.596617860562487,-12.0,8.12335915585868,12.0,-2.565471630716751e-06,-0.0006526741295296192,-0.0006526725329117586,-0.001145683279767269,0.001800677559174719,0.0006526741295296193
3,0.00234929780948072,-11.45683572003853,1.59172692479963,-12.0,8.116024164487962,12.0,-2.565618817200457e-06,-0.0006524297239688332,-0.0006524281322419082,-0.001145683572003853,0.001800433593036703,0.0006524297239688333
3,0.00234949780948072,-11.45683865462543,1.586827440813446,-12.0,8.108676356807294,12.0,-2.565477289607821e-06,-0.000652184891599385,-0.000652183304771944,-0.001145683865462543,0.001800188912598555,0.0006521848915993848
3,0.0023496978094807203,-11.45684158761219,1.581919420946365,-12.0,8.101315744419853,12.0,-2.565624347584897e-06,-0.0006519396323473488,-0.0006519380504279278,-0.001145684158761219,0.001799944093703303,0.0006519396323473489
3,0.0023498978094807204,-11.45684453280722,1.577002868344499,-12.0,8.093942338949041,12.0,-2.56548296777299e-06,-0.0006516939470604544,-0.0006516923700575859,-0.001145684453280722,0.001799698561555616,0.0006516939470604543
3,0.0023500978094807205,-11.45684747640065,1.572077795373473,-12.0,8.08655615203849,12.0,-2.565629897339801e-06,-0.0006514478356665018,-0.0006514462635887063,-0.001145684747640065,0.001799452891450874,0.0006514478356665018
3,0.0023502978094807206,-11.45685043218956,1.567144205210107,-12.0,8.079157195351993,12.0,-2.565488665177797e-06,-0.0006512012990141885,-0.0006511997318699834,-0.001145685043218956,0.001799206509145533,0.0006512012990141885
3,0.0023504978094807207,-11.45685338637539,1.562202110243133,-12.0,8.071745480573497,12.0,-2.565635466430432e-06,-0.0006509543370330364,-0.0006509527748309261,-0.001145685338637539,0.001798959989384323,0.0006509543370330365
3,0.002350697809480721,-11.45685635274386,1.557251513680043,-12.0,8.064321019407133,12.0,-2.565494381787998e-06,-0.0006507069505727092,-0.0006507053933211954,-0.001145685635274387,0.001798712758476188,0.0006507069505727091
3,0.002350897809480721,-11.45685931750774,1.552292427932659,-12.0,8.05688382357714,12.0,-2.56564105482246e-06,-0.0006504591395644483,-0.0006504575872720201,-0.001145685931750774,0.001798465390617458,0.0006504591395644481
3,0.002351097809480721,-11.45686229444143,1.547324856239044,-12.0,8.049433904827843,12.0,-2.565500117568994e-06,-0.0006502109048588799,-0.0006502093575340237,-0.001145686229444143,0.001798217312668404,0.00065021090485888
3,0.002351297809480721,-11.45686526976897,1.542348811034052,-12.0,8.041971274923673,12.0,-2.565646662480933e-06,-0.0006499622463889621,-0.0006499607040401511,-0.001145686526976897,0.001797969098275659,0.0006499622463889622
3,0.0023514978094807213,-11.45686825725344,1.537364295586342,-12.0,8.034495945649189,12.0,-2.565505872486126e-06,-0.0006497131650062848,-0.0006497116276419891,-0.001145686825725344,0.001797720174851544,0.0006497131650062848
3,0.0023516978094807214,-11.45687124313018,1.532371322353735,-12.0,8.027007928808917,12.0,-2.565652289371232e-06,-0.0006494636606455182,-0.0006494621282741958,-0.001145687124313018,0.001797471115495229,0.0006494636606455182
3,0.0023518978094807215,-11.45687424115097,1.527369894635352,-12.0,8.019507236227458,12.0,-2.565511646504627e-06,-0.0006492137341592108,-0.000649212206789316,-0.001145687424115097,0.001797221348168118,0.0006492137341592107
3,0.0023520978094807216,-11.45687723756239,1.522360024912004,-12.0,8.011993879749452,12.0,-2.565657935458038e-06,-0.0006489633854837449,-0.0006489618631237199,-0.001145687723756239,0.001796971445422585,0.0006489633854837449
3,0.0023522978094807218,-11.45688024610496,1.517341716513236,-12.0,8.004467871239498,12.0,-2.565517439589748e-06,-0.0006487126154726263,-0.0006487110981309098,-0.001145688024610496,0.001796720835770406,0.0006487126154726263
3,0.002352497809480722,-11.45688325303651,1.512314981942743,-12.0,7.996929222582186,12.0,-2.565663600706705e-06,-0.0006484614240639444,-0.0006484599117489623,-0.001145688325303651,0.001796470091215402,0.0006484614240639444
3,0.002352697809480722,-11.45688627208626,1.507279824560477,-12.0,7.989377945682091,12.0,-2.565523251706562e-06,-0.0006482098121121617,-0.0006482083048323369,-0.001145688627208626,0.001796218640820076,0.0006482098121121615
3,0.002352897809480722,-11.4568892895233,1.502236256892987,-12.0,7.981814052463698,12.0,-2.565669285081852e-06,-0.0006479577795570712,-0.0006479562773208144,-0.00114568892895233,0.001795967056041933,0.0006479577795570711
3,0.002353097809480722,-11.4568923190656,1.497184282330536,-12.0,7.974237554871427,12.0,-2.565529082819944e-06,-0.0006477053272540893,-0.0006477038300698067,-0.00114568923190656,0.001795714766490852,0.0006477053272540892
3,0.0023532978094807223,-11.45689534699345,1.492123913422489,-12.0,7.966648464869593,12.0,-2.565674988548199e-06,-0.0006474524551447103,-0.0006474509630207968,-0.001145689534699345,0.001795462343080321,0.0006474524551447104
3,0.0023534978094807224,-11.45689838701359,1.487055153589395,-12.0,7.959046794442423,12.0,-2.565534932894648e-06,-0.0006471991640853028,-0.0006471976770301492,-0.001145689838701359,0.001795209215967085,0.0006471991640853028
3,0.0023536978094807226,-11.45690142541751,1.481978015403393,-12.0,7.951432555593996,12.0,-2.565680711070645e-06,-0.0006469454540190603,-0.000646943972041045,-0.001145690142541751,0.001794955955519587,0.0006469454540190603
3,0.0023538978094807227,-11.45690447590072,1.476892502315202,-12.0,7.943805760348188,12.0,-2.565540801895499e-06,-0.0006466913258032986,-0.0006466898489107964,-0.001145690447590073,0.001794701992443302,0.0006466913258032987
3,0.0023540978094807228,-11.45690752476592,1.47179862691972,-12.0,7.936166420748807,12.0,-2.565686452613463e-06,-0.0006464367793829088,-0.0006464353075842818,-0.001145690752476592,0.001794447896559946,0.0006464367793829087
3,0.002354297809480723,-11.45691058569739,1.466696392697852,-12.0,7.9285145488594,12.0,-2.565546689787227e-06,-0.000646181815616155,-0.0006461803489197622,-0.001145691058569739,0.00179419309912352,0.0006461818156161549
3,0.002354497809480723,-11.456913645009,1.4615858122671,-12.0,7.920850156763275,12.0,-2.565692213141276e-06,-0.0006459264344496176,-0.0006459249728638052,-0.0011456913645009,0.0017939381694116,0.0006459264344496176
3,0.002354697809480723,-11.45691671637386,1.456466889138529,-12.0,7.913173256563617,12.0,-2.565552596534383e-06,-0.000645670636742509,-0.0006456691802756196,-0.001145691671637386,0.001793682539224417,0.0006456706367425089
3,0.0023548978094807232,-11.45691978611698,1.45133963595227,-12.0,7.905483860383256,12.0,-2.565697992618406e-06,-0.0006454144224430987,-0.0006454129711034627,-0.001145691978611699,0.001793426777295859,0.0006454144224430986
3,0.0023550978094807233,-11.45692286790029,1.446204056249386,-12.0,7.897781980364789,12.0,-2.565558522101347e-06,-0.0006451577924115404,-0.0006451563462074841,-0.001145692286790029,0.001793170315971854,0.0006451577924115403
3,0.0023552978094807235,-11.45692594805995,1.441060162692657,-12.0,7.890067628670589,12.0,-2.565703791009235e-06,-0.0006449007465977933,-0.0006448993055376305,-0.001145692594805995,0.001792913723442916,0.0006449007465977933
3,0.0023554978094807236,-11.45692904024672,1.435907958853117,-12.0,7.882340817482626,12.0,-2.56556446645257e-06,-0.000644643285862951,-0.0006446418499549921,-0.001145692904024672,0.001792656432602484,0.0006446432858629509
3,0.0023556978094807237,-11.45693213080789,1.430747457416054,-12.0,7.874601559002602,12.0,-2.56570960827782e-06,-0.0006443854101586548,-0.0006443839794111974,-0.001145693213080789,0.001792399011096317,0.0006443854101586548
3,0.002355897809480724,-11.45693523338308,1.425578661982462,-12.0,7.866849865451851,12.0,-2.565570429552521e-06,-0.000644127120346939,-0.0006441256947682769,-0.001145693523338308,0.001792140892363246,0.000644127120346939
3,0.002356097809480724,-11.45693833433067,1.420401585260125,-12.0,7.859085749071376,12.0,-2.565715444388493e-06,-0.0006438684163811252,-0.0006438669959795399,-0.001145693833433067,0.001791882643507191,0.0006438684163811251
3,0.002356297809480724,-11.45694144727916,1.415216230879918,-12.0,7.851309222121767,12.0,-2.565576411365302e-06,-0.0006436092991241849,-0.0006436078839079539,-0.001145694144727916,0.00179162369851245,0.0006436092991241849
3,0.002356497809480724,-11.45694455859805,1.410022611572048,-12.0,7.843520296883211,12.0,-2.565721299305356e-06,-0.0006433497685311162,-0.0006433483585085048,-0.001145694455859805,0.001791364623939276,0.0006433497685311163
3,0.0023566978094807242,-11.45694768190467,1.404820730997239,-12.0,7.835718985655504,12.0,-2.565582411855095e-06,-0.0006430898254658266,-0.0006430884206450955,-0.001145694768190467,0.001791104854317202,0.0006430898254658266
3,0.0023568978094807244,-11.45695080357964,1.399610601908088,-12.0,7.827905300757971,12.0,-2.565727172992404e-06,-0.0006428294698849884,-0.0006428280702743865,-0.001145695080357964,0.00179084495566519,0.0006428294698849884
3,0.0023570978094807245,-11.45695393722919,1.39439222799507,-12.0,7.820079254529478,12.0,-2.565588430986079e-06,-0.0006425687026534408,-0.0006425673082612129,-0.001145695393722919,0.001790584363056921,0.0006425687026534409
3,0.0023572978094807246,-11.45695706924498,1.389165622033152,-12.0,7.81224085932844,12.0,-2.565733065413636e-06,-0.0006423075237295288,-0.0006423061345639067,-0.001145695706924498,0.001790323641968917,0.0006423075237295288
3,0.0023574978094807247,-11.45696021322216,1.38393078774253,-12.0,7.804390127532753,12.0,-2.565594468722538e-06,-0.0006420459339790223,-0.0006420445500482345,-0.001145696021322216,0.001790062228019825,0.0006420459339790223
3,0.002357697809480725,-11.45696335556346,1.378687737920441,-12.0,7.796527071539774,12.0,-2.565738976533047e-06,-0.0006417839333619334,-0.0006417825546741954,-0.001145696335556346,0.0017898006861447,0.0006417839333619334
3,0.002357897809480725,-11.45696650985294,1.373436476316731,-12.0,7.788651703766329,12.0,-2.565600525028453e-06,-0.00064152152274496,-0.0006415201493084836,-0.001145696650985294,0.001789538452505628,0.0006415215227449598
3,0.002358097809480725,-11.45696966250438,1.368177015750937,-12.0,7.780764036648753,12.0,-2.56574490631466e-06,-0.0006412587020897816,-0.0006412573339127659,-0.001145696966250438,0.001789276091496847,0.0006412587020897815
3,0.002358297809480725,-11.45697282709075,1.362909360002487,-12.0,7.772864082642707,12.0,-2.565606599867905e-06,-0.000640995472264022,-0.0006409941093546619,-0.001145697282709075,0.001789013039823515,0.0006409954722640219
3,0.0023584978094807253,-11.45697599003688,1.357633521913089,-12.0,7.764951854223296,12.0,-2.565750854722154e-06,-0.0006407318332310207,-0.0006407304755974987,-0.001145697599003688,0.001788749861340487,0.0006407318332310207
3,0.0023586978094807254,-11.4569791649047,1.352349505291751,-12.0,7.75702736388503,12.0,-2.565612693205178e-06,-0.000640467785859328,-0.0006404664335098226,-0.00114569791649047,0.001788485993294221,0.000640467785859328
3,0.0023588978094807255,-11.45698233813003,1.347057323002336,-12.0,7.749090624141751,12.0,-2.565756821719711e-06,-0.0006402033301139414,-0.0006402019830566185,-0.001145698233813004,0.001788221999000299,0.0006402033301139415
3,0.0023590978094807256,-11.45698552326376,1.341756978883313,-12.0,7.741141647526641,12.0,-2.565618805004086e-06,-0.0006399384668643328,-0.0006399371251073538,-0.001145698552326376,0.001787957316247546,0.0006399384668643329
3,0.0023592978094807257,-11.45698870675274,1.336448485820675,-12.0,7.733180446592244,12.0,-2.565762807271532e-06,-0.0006396731960771568,-0.000639671859628671,-0.001145698870675274,0.001787692507811815,0.0006396731960771569
3,0.002359497809480726,-11.45699190213681,1.331131847682325,-12.0,7.725207033910371,12.0,-2.565624935228875e-06,-0.0006394075186228046,-0.0006394061874909569,-0.001145699190213681,0.001787427012024364,0.0006394075186228046
3,0.002359697809480726,-11.45699509587382,1.32580707737629,-12.0,7.717221422072117,12.0,-2.56576881134133e-06,-0.0006391414344695828,-0.0006391401086625054,-0.001145699509587382,0.001787161391121395,0.0006391414344695827
3,0.002359897809480726,-11.45699830149259,1.320474178799864,-12.0,7.709223623687876,12.0,-2.56563108384408e-06,-0.0006388749444888013,-0.0006388736240146225,-0.001145699830149259,0.001786895083975195,0.0006388749444888013
3,0.002360097809480726,-11.45700150546194,1.315133164883089,-12.0,7.701213651387253,12.0,-2.565774833893457e-06,-0.0006386080486504163,-0.0006386067335172513,-0.001145700150546194,0.001786628652284313,0.0006386080486504164
3,0.0023602978094807263,-11.4570047212997,1.309784039552568,-12.0,7.693191517819098,12.0,-2.565637250813736e-06,-0.0006383407478266531,-0.0006383394380426135,-0.00114570047212997,0.001786361535461633,0.0006383407478266531
3,0.0023604978094807264,-11.45700793548566,1.30442681576028,-12.0,7.685157235651409,12.0,-2.565780874892212e-06,-0.000638073041989113,-0.0006380717375622971,-0.001145700793548566,0.001786094294667207,0.0006380730419891129
3,0.0023606978094807265,-11.45701116152665,1.299061497462113,-12.0,7.677110817571472,12.0,-2.565643436102309e-06,-0.0006378049320109358,-0.0006378036329494384,-0.001145701116152665,0.001785826369855025,0.0006378049320109358
3,0.0023608978094807266,-11.45701438591341,1.293688097631989,-12.0,7.669052276285667,12.0,-2.565786934301965e-06,-0.0006375364178653679,-0.0006375351241772702,-0.001145701438591341,0.001785558321646762,0.0006375364178653678
3,0.0023610978094807267,-11.4570176221418,1.288306620254921,-12.0,7.660981624519486,12.0,-2.565649639674775e-06,-0.0006372675004264566,-0.0006372662121198363,-0.00114570176221418,0.001785289590536805,0.0006372675004264565
3,0.002361297809480727,-11.45702085671349,1.282917078326752,-12.0,7.652898875017659,12.0,-2.565793012087233e-06,-0.0006369981796690909,-0.0006369968967520124,-0.00114570208567135,0.001785020736609377,0.0006369981796690906
3,0.002361497809480727,-11.45702410311339,1.277519475861634,-12.0,7.644804040543902,12.0,-2.565655861495838e-06,-0.000636728456468227,-0.0006367271789487511,-0.001145702410311339,0.00178475120089883,0.0006367284564682269
3,0.002361697809480727,-11.45702734785408,1.272113825877173,-12.0,7.636697133881056,12.0,-2.565799108212959e-06,-0.0006364583308003884,-0.0006364570586865625,-0.001145702734785408,0.001784481542952726,0.0006364583308003884
3,0.002361897809480727,-11.45703060440951,1.266700132416674,-12.0,7.628578167831089,12.0,-2.565662101530589e-06,-0.0006361878035414416,-0.0006361865368413091,-0.001145703060440951,0.001784211204343457,0.0006361878035414415
3,0.0023620978094807273,-11.45703385930319,1.261278408519485,-12.0,7.620447155214908,12.0,-2.565805222644459e-06,-0.0006359168746695422,-0.0006359156133911338,-0.001145703385930319,0.001783940744083043,0.0006359168746695422
3,0.0023622978094807274,-11.45703712599813,1.255848658257906,-12.0,7.612304108872507,12.0,-2.56566835974461e-06,-0.0006356455450614601,-0.0006356442892128017,-0.001145703712599813,0.00178366960428251,0.0006356455450614601
3,0.0023624978094807275,-11.45704039102873,1.250410894693027,-12.0,7.604149041662854,12.0,-2.565811355347227e-06,-0.0006353738146969827,-0.0006353725642860881,-0.001145704039102873,0.001783398343417379,0.0006353738146969827
3,0.0023626978094807276,-11.45704366784708,1.244965121926118,-12.0,7.595981966463937,12.0,-2.565674636103669e-06,-0.0006351016844537821,-0.0006351004394886601,-0.001145704366784708,0.001783126404138243,0.000635101684453782
3,0.0023628978094807278,-11.45704694299846,1.239511353039942,-12.0,7.587802896172672,12.0,-2.565817506287237e-06,-0.0006348291543132733,-0.00063482791480192,-0.001145704694299846,0.001782854344383962,0.000634829154313273
3,0.002363097809480728,-11.45705022992405,1.234049592164645,-12.0,7.579611843704913,12.0,-2.565680930574436e-06,-0.0006345562251540268,-0.0006345549911044346,-0.001145705022992405,0.001782581607343018,0.0006345562251540268
3,0.002363297809480728,-11.45705351517999,1.228579852404639,-12.0,7.571408821995477,12.0,-2.565823675430939e-06,-0.0006342828969590837,-0.0006342816683792314,-0.001145705351517999,0.001782308750419864,0.000634282896959084
3,0.002363497809480728,-11.45705681219656,1.22310213791892,-12.0,7.56319384399804,12.0,-2.565687243123732e-06,-0.0006340091706079122,-0.0006340079475057742,-0.001145705681219656,0.001782035217339206,0.000634009170607912
3,0.002363697809480728,-11.45706010754077,1.217616461833439,-12.0,7.554966922685163,12.0,-2.565829862745603e-06,-0.0006337350460851724,-0.0006337338284687106,-0.001145706010754077,0.001781761564972053,0.0006337350460851725
3,0.0023638978094807283,-11.45706341463201,1.21212282833601,-12.0,7.546728071048302,12.0,-2.565693573719272e-06,-0.0006334605242712293,-0.0006334593121484009,-0.001145706341463201,0.001781487237579989,0.0006334605242712293
3,0.0023640978094807284,-11.45706672004811,1.206621250574111,-12.0,7.538477302097727,12.0,-2.565836068199113e-06,-0.0006331856051523616,-0.000633184398531111,-0.001145706672004811,0.001781212791499078,0.0006331856051523616
3,0.0023642978094807286,-11.4570700371976,1.201111732764236,-12.0,7.530214628862483,12.0,-2.565699922329554e-06,-0.0006329102896098248,-0.0006329090884980921,-0.001145707003719761,0.001780937671527419,0.0006329102896098247
3,0.0023644978094807287,-11.45707335266914,1.195594288075374,-12.0,7.521940064390515,12.0,-2.565842291760375e-06,-0.0006326345776315141,-0.0006326333820372259,-0.001145707335266915,0.001780662433467939,0.0006326345776315142
3,0.0023646978094807288,-11.4570766798604,1.190068920752715,-12.0,7.513653621748481,12.0,-2.565706288924008e-06,-0.0006323584700995767,-0.0006323572800306558,-0.00114570766798604,0.001780386522654373,0.0006323584700995767
3,0.002364897809480729,-11.45708000537084,1.184535643986612,-12.0,7.505355314021779,12.0,-2.565848533399393e-06,-0.0006320819670035168,-0.0006320807824678728,-0.001145708000537084,0.001780110494356347,0.0006320819670035167
3,0.002365097809480729,-11.45708334258728,1.178994462050872,-12.0,7.497045154314571,12.0,-2.565712673473239e-06,-0.0006318050692263698,-0.0006318038902319078,-0.001145708334258728,0.001779833794443312,0.0006318050692263699
3,0.002365297809480729,-11.45708667811999,1.173445388157254,-12.0,7.488723155749756,12.0,-2.565854793087128e-06,-0.0006315277767592502,-0.000631526603313862,-0.001145708667811999,0.001779556977651579,0.0006315277767592502
3,0.0023654978094807292,-11.45709002534493,1.16788842660811,-12.0,7.480389331468896,12.0,-2.565719075949361e-06,-0.0006312500904860787,-0.000631248922597652,-0.001145709002534493,0.001779279490386856,0.0006312500904860786
3,0.0023656978094807293,-11.45709337088316,1.162323590636491,-12.0,7.472043694632222,12.0,-2.565861070796313e-06,-0.0006309720103995733,-0.0006309708480759825,-0.001145709337088316,0.001779001886851971,0.0006309720103995731
3,0.0023658978094807295,-11.45709672809983,1.156750884573266,-12.0,7.46368625841866,12.0,-2.565725496325998e-06,-0.0006306935373845395,-0.0006306923806336548,-0.001145709672809983,0.001778723613987678,0.0006306935373845394
3,0.0023660978094807296,-11.45710008362675,1.151170321672759,-12.0,7.455317036025731,12.0,-2.565867366501335e-06,-0.0006304146714352973,-0.0006304135202649757,-0.001145710008362675,0.001778445225464996,0.0006304146714352972
3,0.0023662978094807297,-11.45710345081826,1.145581906294246,-12.0,7.446936040669565,12.0,-2.565731934578324e-06,-0.000630135413437532,-0.0006301342678556256,-0.001145710345081826,0.001778166168758277,0.0006301354134375319
3,0.00236649780948073,-11.45710681631693,1.139985651713295,-12.0,7.438543285584924,12.0,-2.565873680178566e-06,-0.0006298557633871629,-0.0006298546234015112,-0.001145710681631693,0.001777886997007848,0.000629855763387163
3,0.00236669780948073,-11.45711019346627,1.13438156231756,-12.0,7.4301387840251,12.0,-2.565738390684259e-06,-0.0006295757221707542,-0.0006295745877891916,-0.001145711019346627,0.001777607158220968,0.000629575722170754
3,0.00236689780948073,-11.4571135689196,1.128769651403764,-12.0,7.421722549261962,12.0,-2.56588001180679e-06,-0.0006292952897858198,-0.0006292941610161684,-0.00114571135689196,0.001777327205007619,0.0006292952897858199
3,0.00236709780948073,-11.45711695600966,1.123149923387854,-12.0,7.413294594585844,12.0,-2.565744864623852e-06,-0.0006290144671197991,-0.0006290133439698755,-0.001145711695600966,0.001777046585908422,0.000629014467119799
3,0.0023672978094807303,-11.45712034140045,1.117522391587704,-12.0,7.404854933305697,12.0,-2.565886361367377e-06,-0.0006287332541717993,-0.0006287321366494076,-0.001145712034140045,0.001776765853001918,0.0006287332541717993
3,0.0023674978094807304,-11.45712373841394,1.111887060447541,-12.0,7.396403578748886,12.0,-2.565751356380517e-06,-0.0006284516518301346,-0.000628450539943074,-0.001145712373841394,0.001776484455362552,0.0006284516518301345
3,0.0023676978094807305,-11.45712713372484,1.106243943306236,-12.0,7.387940544261208,12.0,-2.565892728845107e-06,-0.0006281696600954972,-0.0006281685538515539,-0.001145712713372484,0.001776202944537895,0.0006281696600954973
3,0.0023678978094807306,-11.45713054064435,1.100593044636266,-12.0,7.379465843207019,12.0,-2.565757865940768e-06,-0.0006278872798570754,-0.0006278861792640306,-0.001145713054064435,0.001775920770135617,0.0006278872798570753
3,0.0023680978094807307,-11.45713394585785,1.094934377797517,-12.0,7.370979488968979,12.0,-2.565899114228625e-06,-0.0006276045111171464,-0.0006276034161827684,-0.001145713394585785,0.001775638483172446,0.0006276045111171463
3,0.002368297809480731,-11.45713736266578,1.089267947290551,-12.0,7.362481494948192,12.0,-2.56576439329568e-06,-0.0006273213547657642,-0.0006273202654978168,-0.001145713736266578,0.001775355533788905,0.0006273213547657641
3,0.002368497809480731,-11.4571407777642,1.083593766496295,-12.0,7.353971874564208,12.0,-2.565905517510853e-06,-0.0006270378108067914,-0.0006270367272130249,-0.00114571407777642,0.001775072472472692,0.0006270378108067913
3,0.002368697809480731,-11.45714420444278,1.07791183994336,-12.0,7.345450641254832,12.0,-2.565770938440537e-06,-0.0006267538801311472,-0.0006267528022193072,-0.001145714420444279,0.001774788749895027,0.0006267538801311473
3,0.002368897809480731,-11.45714762940824,1.072222181033548,-12.0,7.336917808476253,12.0,-2.565911938689994e-06,-0.0006264695627442705,-0.0006264684905220895,-0.001145714762940824,0.001774504916014559,0.0006264695627442705
3,0.0023690978094807313,-11.45715106593949,1.066524794323545,-12.0,7.328373389703005,12.0,-2.565777501376676e-06,-0.0006261848595379463,-0.0006261837930131517,-0.001145715106593949,0.00177422042203486,0.000626184859537946
3,0.0023692978094807314,-11.45715450075388,1.060819693236003,-12.0,7.319817398427878,12.0,-2.565918377770198e-06,-0.0006258997705191875,-0.0006258987096994941,-0.001145715450075388,0.001773935817385397,0.0006258997705191876
3,0.0023694978094807315,-11.45715794711959,1.055106882355555,-12.0,7.311249848161951,12.0,-2.56578408211175e-06,-0.0006256142965806396,-0.0006256132414737571,-0.001145715794711959,0.00177365055380019,0.0006256142965806395
3,0.0023696978094807316,-11.45716139176456,1.049386375125672,-12.0,7.302670752434541,12.0,-2.565924834762626e-06,-0.000625328437730887,-0.0006253273883445118,-0.001145716139176456,0.001773365180181007,0.000625328437730887
3,0.0023698978094807317,-11.45716484794625,1.043658176158899,-12.0,7.294080124793237,12.0,-2.565790680661193e-06,-0.0006250421948634339,-0.0006250411512052576,-0.001145716484794625,0.001773079148791509,0.0006250421948634338
3,0.002370097809480732,-11.45716830240319,1.037922298919479,-12.0,7.285477978803802,12.0,-2.565931309686988e-06,-0.0006247555679884324,-0.0006247545300661334,-0.001145716830240319,0.00177279300800693,0.0006247555679884324
3,0.002370297809480732,-11.45717176838209,1.032178748047771,-12.0,7.276864328050184,12.0,-2.565797297049218e-06,-0.0006244685580002413,-0.0006244675258214932,-0.001145717176838209,0.001772506210620398,0.0006244685580002413
3,0.002370497809480732,-11.45717523263206,1.02642753702876,-12.0,7.268239186134538,12.0,-2.565937802572122e-06,-0.0006241811649105778,-0.0006241801384830408,-0.001145717523263206,0.001772219304479136,0.0006241811649105779
3,0.002370697809480732,-11.45717870838907,1.020668670530603,-12.0,7.259602566677143,12.0,-2.565803931310412e-06,-0.0006238933896146541,-0.0006238923689459835,-0.001145717870838907,0.001771931742906502,0.000623893389614654
3,0.0023708978094807323,-11.45718218241276,1.014902162058897,-12.0,7.250954483316347,12.0,-2.565944313458613e-06,-0.0006236052321257451,-0.000623604217223583,-0.001145718218241276,0.001771644073222974,0.000623605232125745
3,0.0023710978094807324,-11.4571856679284,1.009128016309572,-12.0,7.24229494970872,12.0,-2.565810583491515e-06,-0.000623316693339915,-0.0006233156842118986,-0.00114571856679284,0.001771355749280984,0.0006233166933399148
3,0.0023712978094807325,-11.45718915170612,1.003346246808866,-12.0,7.23362397952883,12.0,-2.565950842399736e-06,-0.0006230277732719965,-0.0006230267699257495,-0.001145718915170612,0.001771067317873358,0.0006230277732719964
3,0.0023714978094807326,-11.45719264696047,0.9975568582803059,-12.0,7.224941586469278,12.0,-2.565817253653579e-06,-0.0006227384728188972,-0.0006227374752620389,-0.001145719264696047,0.001770778233382717,0.0006227384728188973
3,0.0023716978094807327,-11.45719614047206,0.9917598642707623,-12.0,7.216247784240818,12.0,-2.565957389464263e-06,-0.0006224487919970056,-0.0006224478002371413,-0.001145719614047206,0.001770489042075721,0.0006224487919970056
3,0.002371897809480733,-11.4571996454447,0.9859552695313739,-12.0,7.207542586572105,12.0,-2.565823941874248e-06,-0.0006221587317040732,-0.0006221577457488036,-0.00114571996454447,0.001770199198861723,0.0006221587317040731
3,0.002372097809480733,-11.45720314866946,0.98014308762949,-12.0,7.198826007209842,12.0,-2.565963954739199e-06,-0.0006218682919580353,-0.0006218673118149476,-0.001145720314866946,0.001769909249483292,0.0006218682919580353
3,0.002372297809480733,-11.4572066633394,0.974323323343837,-12.0,7.190098059918688,12.0,-2.56583064825008e-06,-0.0006215774736574852,-0.0006215764993341617,-0.00114572066633394,0.001769618649377768,0.0006215774736574851
3,0.002372497809480733,-11.45721017625602,0.9684959902622511,-12.0,7.181358758481289,12.0,-2.565970538331959e-06,-0.0006212862768219038,-0.0006212853083259135,-0.001145721017625602,0.001769327943761161,0.0006212862768219038
3,0.0023726978094807333,-11.45721370060162,0.96266109319096,-12.0,7.172608116698179,12.0,-2.565837372900791e-06,-0.0006209947023507221,-0.0006209937396896289,-0.001145721370060162,0.001769036588599171,0.0006209947023507219
3,0.0023728978094807334,-11.45721722318808,0.9568186457382074,-12.0,7.163846148387806,12.0,-2.565977140374701e-06,-0.0006207027502649601,-0.0006207017934463143,-0.001145721722318808,0.001768745128582813,0.00062070275026496
3,0.0023730978094807335,-11.45722075718693,0.9509686527376993,-12.0,7.155072867386539,12.0,-2.565844115972445e-06,-0.0006204104214648842,-0.0006204094704962313,-0.001145722075718693,0.001768453020204504,0.000620410421464884
3,0.0023732978094807337,-11.4572242894204,0.9451111278180621,-12.0,7.146288287548572,12.0,-2.565983761028106e-06,-0.0006201177159730509,-0.0006201167708619231,-0.00114572242894204,0.001768160807631438,0.000620117715973051
3,0.0023734978094807338,-11.45722783304922,0.9392460758403852,-12.0,7.137492422745945,12.0,-2.565850877641734e-06,-0.0006198246346905561,-0.0006198236954444802,-0.001145722783304922,0.001767867947882413,0.000619824634690556
3,0.002373697809480734,-11.45723137490592,0.9333735104536587,-12.0,7.128685286868553,12.0,-2.565990400486465e-06,-0.0006195311776414894,-0.000619530244267979,-0.001145723137490592,0.001767574984600164,0.0006195311776414895
3,0.002373897809480734,-11.45723492814042,0.9274934365463191,-12.0,7.119866893824053,12.0,-2.565857658122029e-06,-0.0006192373457277735,-0.0006192364182343368,-0.001145723492814042,0.00176728137533007,0.0006192373457277734
3,0.002374097809480734,-11.45723847959548,0.9216058677876586,-12.0,7.111037257537903,12.0,-2.565997058982983e-06,-0.0006189431389750247,-0.0006189422173691568,-0.001145723847959548,0.001766987663191432,0.0006189431389750246
3,0.0023742978094807342,-11.45724204241017,0.9157108090933858,-12.0,7.102196391953257,12.0,-2.565864457668533e-06,-0.0006186485582859872,-0.000618647642575178,-0.001145724204241017,0.001766693306255307,0.0006186485582859871
3,0.0023744978094807343,-11.45724560343745,0.9098082741531031,-12.0,7.093344311031121,12.0,-2.566003736796718e-06,-0.0006183536036878018,-0.0006183526938795278,-0.001145724560343745,0.001766398847117479,0.0006183536036878019
3,0.0023746978094807344,-11.4572491758055,0.9038982679097737,-12.0,7.084481028750089,12.0,-2.565871276586294e-06,-0.0006180582760840316,-0.0006180573721857637,-0.00114572491758055,0.001766103744375109,0.0006180582760840316
3,0.0023748978094807346,-11.45725274637737,0.8979808040731696,-12.0,7.075606559106483,12.0,-2.566010434260378e-06,-0.0006177625755033313,-0.0006177616775225271,-0.001145725274637737,0.001765808540100356,0.0006177625755033313
3,0.0023750978094807347,-11.45725632827034,0.8920558876135447,-12.0,7.066720916114361,12.0,-2.565878115238479e-06,-0.0006174665028500818,-0.0006174656107941941,-0.001145725632827034,0.001765512693415932,0.0006174665028500817
3,0.002375297809480735,-11.45725990835748,0.8861235322608394,-12.0,7.05782411380532,12.0,-2.566017151769317e-06,-0.0006171700581544481,-0.0006171691720309158,-0.001145725990835748,0.001765216745871953,0.0006171700581544481
3,0.002375497809480735,-11.45726349974506,0.8801837430124417,-12.0,7.048916166228622,12.0,-2.565884974055526e-06,-0.0006168732423216183,-0.0006168723621378751,-0.001145726349974506,0.001764920157114462,0.000616873242321618
3,0.002375697809480735,-11.45726708931612,0.8742365336185086,-12.0,7.03999708745116,12.0,-2.566023889792655e-06,-0.0006165760553832652,-0.0006165751811467316,-0.001145726708931612,0.001764623468172507,0.0006165760553832652
3,0.002375897809480735,-11.45727069016588,0.8682819091035541,-12.0,7.031066891557362,12.0,-2.56589185354794e-06,-0.0006162784982453809,-0.0006162776299634717,-0.001145727069016588,0.001764326139216702,0.0006162784982453809
3,0.0023760978094807352,-11.45727428918719,0.8623198832378581,-12.0,7.022125592649216,12.0,-2.566030648885225e-06,-0.0006159805709411359,-0.0006159797086212525,-0.001145727428918719,0.001764028710753766,0.0006159805709411358
3,0.0023762978094807354,-11.45727789946414,0.856350461073064,-12.0,7.013173204846275,12.0,-2.565898754319355e-06,-0.0006156822743773213,-0.0006156814180268601,-0.001145727789946414,0.00176373064347833,0.0006156822743773211
3,0.0023764978094807355,-11.45728150789931,0.8503736563995681,-12.0,7.004209742285572,12.0,-2.566037429702765e-06,-0.0006153836085886004,-0.0006153827582149441,-0.001145728150789931,0.001763432477375786,0.0006153836085886005
3,0.0023766978094807356,-11.45728512756553,0.8443894742960852,-12.0,6.995235219121636,12.0,-2.565905677082262e-06,-0.0006150845744825552,-0.0006150837300930807,-0.001145728512756553,0.001763133673664283,0.0006150845744825551
3,0.0023768978094807357,-11.45728874537497,0.8383979285731206,-12.0,6.986249649526453,12.0,-2.566044233019488e-06,-0.0006147851720953332,-0.0006147843336974047,-0.001145728874537497,0.001762834771809071,0.0006147851720953333
3,0.002377097809480736,-11.4572923743891,0.8323990243364632,-12.0,6.977253047689488,12.0,-2.565912622677609e-06,-0.0006144854023353027,-0.0006144845699362782,-0.00114572923743891,0.001762535233550465,0.0006144854023353026
3,0.002377297809480736,-11.45729600152951,0.8263927754167288,-12.0,6.968245427817603,12.0,-2.566051059748078e-06,-0.0006141852652400874,-0.000614184438847312,-0.001145729600152951,0.001762235597833622,0.0006141852652400875
3,0.002377497809480736,-11.45729963984616,0.8203791869467066,-12.0,6.95922680413501,12.0,-2.565919592096222e-06,-0.0006138847617188305,-0.0006138839413396434,-0.001145729963984616,0.001761935326921436,0.0006138847617188304
3,0.002377697809480736,-11.45730327626988,0.8143582727771591,-12.0,6.95019719088341,12.0,-2.566057910963724e-06,-0.000613583891810625,-0.0006135830774523523,-0.001145730327626988,0.001761634959239347,0.000613583891810625
3,0.0023778978094807363,-11.45730692383895,0.8083300380679493,-12.0,6.941156602321781,12.0,-2.565926586505322e-06,-0.0006132826564253833,-0.0006132818480953452,-0.001145730692383896,0.001761333957572408,0.0006132826564253832
3,0.0023780978094807364,-11.45731056949323,0.8022944966898738,-12.0,6.932105052726396,12.0,-2.566064787932544e-06,-0.0006129810556036522,-0.0006129802533091554,-0.001145731056949324,0.001761032859825967,0.0006129810556036522
3,0.0023782978094807365,-11.4573142262591,0.7962516538299153,-12.0,6.923042556390964,12.0,-2.565933607278509e-06,-0.0006126790902561049,-0.000612678294004451,-0.00114573142262591,0.001760731129307837,0.0006126790902561049
3,0.0023784978094807366,-11.45731788108522,0.790201523379007,-12.0,6.913969127626352,12.0,-2.566071692145035e-06,-0.0006123767604247347,-0.0006123759702232112,-0.001145731788108522,0.001760429303403521,0.0006123767604247344
3,0.0023786978094807367,-11.4573215469858,0.7841441105511663,-12.0,6.904884780760757,12.0,-2.565940656032182e-06,-0.000612074067020959,-0.0006120732828768484,-0.00114573215469858,0.001760126845942668,0.0006120740670209591
3,0.002378897809480737,-11.45732521091801,0.7780794292575244,-12.0,6.895789530139586,12.0,-2.566078625354252e-06,-0.0006117710100882062,-0.0006117702320087769,-0.001145732521091801,0.001759824293792572,0.0006117710100882062
3,0.002379097809480737,-11.45732888588366,0.7720074847392242,-12.0,6.886683390125512,12.0,-2.565947734668135e-06,-0.0006114675905386288,-0.0006114668185311441,-0.001145732888588366,0.001759521111302346,0.0006114675905386288
3,0.002379297809480737,-11.45733255884803,0.7659282909276223,-12.0,6.877566375098358,12.0,-2.566085589622334e-06,-0.0006111638084170736,-0.0006111630424887826,-0.001145733255884803,0.001759217834822501,0.0006111638084170736
3,0.002379497809480737,-11.45733624280017,0.7598418530910005,-12.0,6.86843849945512,12.0,-2.565954845422777e-06,-0.0006108596646364119,-0.0006108589047945588,-0.001145733624280018,0.001758913929222793,0.000610859664636412
3,0.0023796978094807373,-11.45733992471314,0.753748185181043,-12.0,6.859299777609989,12.0,-2.566092587374511e-06,-0.0006105551592428945,-0.0006105544054947094,-0.001145733992471314,0.001758609930334528,0.0006105551592428946
3,0.0023798978094807374,-11.4573436175628,0.7476472924932737,-12.0,6.850150223994238,12.0,-2.565961990926445e-06,-0.0006102502931500963,-0.0006102495455028038,-0.00114573436175628,0.001758305303548697,0.0006102502931500964
3,0.0023800978094807375,-11.45734730832949,0.7415391889997428,-12.0,6.840989853056251,12.0,-2.56609962146311e-06,-0.0006099450664056507,-0.0006099443248664619,-0.00114573473083295,0.001758000584180032,0.0006099450664056509
3,0.0023802978094807376,-11.45735100997543,0.7354238800233432,-12.0,6.831818679261529,12.0,-2.565969174272183e-06,-0.0006096394799238185,-0.0006096387444999386,-0.001145735100997543,0.001757695238137941,0.0006096394799238186
3,0.0023804978094807377,-11.45735470948769,0.7293013795566359,-12.0,6.822636717092593,12.0,-2.566106695242202e-06,-0.0006093335337535958,-0.0006093328044522162,-0.001145735470948769,0.001757389800220568,0.0006093335337535957
3,0.002380697809480738,-11.45735841981427,0.7231716929499599,-12.0,6.813443981049003,12.0,-2.565976399097729e-06,-0.0006090272288099042,-0.0006090265056382113,-0.001145735841981427,0.001757083736857875,0.0006090272288099044
3,0.002380897809480738,-11.45736212794835,0.7170348342165703,-12.0,6.804240485647369,12.0,-2.566113812656522e-06,-0.0006087205651430798,-0.0006087198481082457,-0.001145736212794835,0.001756777582330467,0.0006087205651430799
3,0.002381097809480738,-11.45736584682303,0.7108908087344455,-12.0,6.795026245421268,12.0,-2.565983669681806e-06,-0.0006084135436686823,-0.0006084128327778737,-0.001145736584682303,0.001756470803587498,0.0006084135436686823
3,0.002381297809480738,-11.45736956343684,0.7047396305376605,-12.0,6.785801274921216,12.0,-2.566120978346644e-06,-0.0006081061644383554,-0.0006081054596987249,-0.001145736956343684,0.001756163934394157,0.0006081061644383556
3,0.0023814978094807383,-11.4573732907072,0.6985813050320246,-12.0,6.776565588714687,12.0,-2.565990991057173e-06,-0.0006077984283682662,-0.0006077977297869612,-0.00114573732907072,0.001755856442217843,0.0006077984283682663
3,0.0023816978094807384,-11.4573770156371,0.6924158462727631,-12.0,6.767319201386156,12.0,-2.566128197771611e-06,-0.0006074903355113392,-0.000607489643095493,-0.00114573770156371,0.00175554886030864,0.0006074903355113393
3,0.0023818978094807385,-11.45738075112734,0.6862432596937438,-12.0,6.75806212753688,12.0,-2.565998369145597e-06,-0.0006071818867843136,-0.000607181200541054,-0.001145738075112734,0.001755240656651732,0.0006071818867843136
3,0.0023820978094807386,-11.45738448418431,0.6800635593715252,-12.0,6.748794381785038,12.0,-2.566135477355197e-06,-0.0006068730822413511,-0.000606872402177792,-0.001145738448418431,0.00175493236398326,0.0006068730822413514
3,0.0023822978094807387,-11.45738822769111,0.6738767507684222,-12.0,6.739515978765695,12.0,-2.566005810916654e-06,-0.0006065639227997271,-0.0006065632489229765,-0.001145738822769111,0.001754623450805321,0.0006065639227997273
3,0.002382497809480739,-11.45739196865631,0.6676828479827115,-12.0,6.730226933130703,12.0,-2.566142824658961e-06,-0.0006062544085147989,-0.0006062537408319512,-0.001145739196865631,0.001754314449339343,0.0006062544085147992
3,0.002382697809480739,-11.45739571994397,0.6614818565054469,-12.0,6.720927259548719,12.0,-2.566013324574829e-06,-0.0006059445403043271,-0.0006059438788224707,-0.001145739571994397,0.001754004828606618,0.0006059445403043272
3,0.002382897809480739,-11.45739946856341,0.6552737904570738,-12.0,6.711616972705222,12.0,-2.566150248585716e-06,-0.0006056343182248144,-0.0006056336629510243,-0.001145739946856341,0.001753695120313859,0.000605634318224815
3,0.002383097809480739,-11.45740322735811,0.649058655357872,-12.0,6.702296087302415,12.0,-2.566020919781803e-06,-0.000605323743194454,-0.0006053230941357989,-0.001145740322735811,0.001753384793999286,0.0006053237431944543
3,0.0023832978094807393,-11.45740698333643,0.6428364653509198,-12.0,6.692964618059246,12.0,-2.566157759621729e-06,-0.000605012815270832,-0.0006050121724343674,-0.001145740698333643,0.001753074380856453,0.0006050128152708328
3,0.0023834978094807394,-11.45741074931943,0.636607225986262,-12.0,6.683622579711367,12.0,-2.566028607920136e-06,-0.0006047015353725098,-0.0006047008987652845,-0.001145741074931943,0.00175276335094087,0.0006047015353725105
3,0.0023836978094807395,-11.45741451231251,0.6303709514302608,-12.0,6.674269987011158,12.0,-2.566165370123034e-06,-0.000604389903558089,-0.0006043892731871383,-0.001145741451231251,0.001752452234932833,0.0006043899035580898
3,0.0023838978094807397,-11.45741828511217,0.624127647263389,-12.0,6.664906854727638,12.0,-2.566036402404957e-06,-0.0006040779207464242,-0.0006040772966187778,-0.001145741828511217,0.001752140503405436,0.0006040779207464249
3,0.0023840978094807398,-11.45742205471845,0.6178773276759469,-12.0,6.65553319764642,12.0,-2.566173094655505e-06,-0.0006037655869970463,-0.0006037649691197197,-0.001145742205471845,0.001751828686526012,0.0006037655869970474
3,0.00238429780948074,-11.45742583390073,0.6116199982796707,-12.0,6.646149030569854,12.0,-2.566044319053649e-06,-0.0006034529032290171,-0.00060345229160902,-0.001145742583390073,0.001751516255383994,0.0006034529032290184
3,0.00238449780948074,-11.45742960965092,0.6053556732897429,-12.0,6.636754368316805,12.0,-2.566180950399011e-06,-0.0006031398695027047,-0.0006031392641470331,-0.001145742960965092,0.001751203739635682,0.0006031398695027063
3,0.00238469780948074,-11.45743339470825,0.599084358349979,-12.0,6.627349225722677,12.0,-2.566052376527555e-06,-0.000602826486737268,-0.0006028258876529114,-0.001145743339470825,0.001750890610886121,0.0006028264867372698
3,0.0023848978094807402,-11.45743717605316,0.5928060677015279,-12.0,6.617933617639551,12.0,-2.566188957625925e-06,-0.0006025127549938003,-0.0006025121621877346,-0.001145743717605316,0.001750577398281247,0.0006025127549938024
3,0.0023850978094807403,-11.4574409663912,0.5865208070214909,-12.0,6.608507558935907,12.0,-2.566060596854396e-06,-0.0006021986751914393,-0.0006021980886706346,-0.00114574409663912,0.00175026357394218,0.0006021986751914417
3,0.0023852978094807404,-11.45744475268742,0.5802285905781084,-12.0,6.599071064496776,12.0,-2.566197140274456e-06,-0.000601884247391864,-0.0006018836671632763,-0.001145744475268742,0.001749949666504335,0.0006018842473918669
3,0.0023854978094807406,-11.45744854760942,0.5739294240831642,-12.0,6.589624149223699,12.0,-2.56606900605276e-06,-0.0006015694725140502,-0.0006015688985846295,-0.001145744854760942,0.001749635148605094,0.0006015694725140535
3,0.0023856978094807407,-11.45745233810228,0.5676233218335142,-12.0,6.580166828034629,12.0,-2.566205526629234e-06,-0.0006012543506201075,-0.0006012537829967896,-0.001145745233810228,0.001749320548369794,0.0006012543506201116
3,0.002385897809480741,-11.45745613679066,0.5613102895771636,-12.0,6.57069911586397,12.0,-2.566077634876628e-06,-0.000600938882628676,-0.000600938321318391,-0.001145745613679066,0.001749005338951937,0.0006009388826286807
3,0.002386097809480741,-11.45745993059415,0.5549903416413519,-12.0,6.561221027662517,12.0,-2.566214150135683e-06,-0.000600623068602111,-0.000600622513611775,-0.001145745993059415,0.00174869004796799,0.0006006230686021166
3,0.002386297809480741,-11.45746373208856,0.548663483812248,-12.0,6.551732578397492,12.0,-2.566086519706126e-06,-0.0006003069094585179,-0.0006003063607950405,-0.001145746373208856,0.001748374149088499,0.0006003069094585244
3,0.002386497809480741,-11.45746752816155,0.5423297304495736,-12.0,6.542233783052438,12.0,-2.56622305037447e-06,-0.000599990405260279,-0.000599989862930556,-0.001145746752816155,0.001748058169420292,0.0005999904052602865
3,0.0023866978094807412,-11.45747133133306,0.5359890873798889,-12.0,6.532724656627236,12.0,-2.56609570361422e-06,-0.0005996735569247257,-0.0005996730209356473,-0.001145747133133306,0.001747741583150079,0.0005996735569247347
3,0.0023868978094807414,-11.4574751284511,0.529641568997919,-12.0,6.52320521413812,12.0,-2.566232274229528e-06,-0.0005993563645140096,-0.0005993558348724511,-0.00114574751284511,0.001747424916879174,0.0005993563645140202
3,0.0023870978094807415,-11.45747893197146,0.5232871811733586,-12.0,6.51367547061758,12.0,-2.566105237647228e-06,-0.0005990388289444098,-0.0005990383056572409,-0.001145747893197146,0.00174710764530928,0.0005990388289444221
3,0.0023872978094807416,-11.45748272869345,0.5169259383388353,-12.0,6.504135441114363,12.0,-2.56624187729444e-06,-0.0005987209502775382,-0.0005987204333516144,-0.001145748272869345,0.00174679029453611,0.0005987209502775527
3,0.0023874978094807417,-11.45748653099881,0.5105578464104253,-12.0,6.494585140693507,12.0,-2.5661151823679e-06,-0.0005984027294282911,-0.0005984022188704618,-0.001145748653099881,0.001746472339777686,0.0005984027294283082
3,0.002387697809480742,-11.4574903256274,0.5041829198622275,-12.0,6.485024584436241,12.0,-2.566251925565259e-06,-0.0005980841664573812,-0.0005980836622744815,-0.00114574903256274,0.001746154306624453,0.0005980841664574014
3,0.002387897809480742,-11.45749412487523,0.4978011646604651,-12.0,6.47545378743996,12.0,-2.566125609717023e-06,-0.0005977652622779259,-0.0005977647644767849,-0.001145749412487523,0.001745835670811785,0.0005977652622779496
3,0.002388097809480742,-11.45749791540994,0.4914125953248899,-12.0,6.465872764818259,12.0,-2.566262497489479e-06,-0.0005974460169493091,-0.0005974455255367417,-0.001145749791540994,0.001745516957426406,0.000597446016949337
3,0.002388297809480742,-11.45750170942795,0.4850172178765011,-12.0,6.456281531700907,12.0,-2.566136605269138e-06,-0.000597126431382408,-0.0005971259463652228,-0.001145750170942795,0.001745197642720696,0.0005971264313824406
3,0.0023884978094807423,-11.45750549350953,0.4786150468856812,-12.0,6.446680103233758,12.0,-2.566273686451552e-06,-0.0005968065056347693,-0.0005968060270197609,-0.001145750549350953,0.001744878251278843,0.0005968065056348076
3,0.0023886978094807424,-11.45750927973505,0.4722060884335703,-12.0,6.437068494578765,12.0,-2.566148270973604e-06,-0.0005964862406144743,-0.0005964857684084311,-0.001145750927973505,0.001744558259872503,0.0005964862406145194
3,0.0023888978094807425,-11.45751305457942,0.4657903571471426,-12.0,6.427446720913997,12.0,-2.566285603800246e-06,-0.0005961656363766319,-0.0005961651705863282,-0.001145751305457942,0.001744238192584861,0.0005961656363766855
3,0.0023890978094807426,-11.45751682998741,0.4593678591741576,-12.0,6.417814797433531,12.0,-2.566160728501912e-06,-0.0005958446938258747,-0.0005958442344580782,-0.001145751682998741,0.001743917526705515,0.0005958446938259373
3,0.0023892978094807427,-11.4575205923072,0.4529386092051908,-12.0,6.408172739347479,12.0,-2.566298382551137e-06,-0.0005955234130141548,-0.0005955229600756196,-0.00114575205923072,0.001743596785819918,0.0005955234130142289
3,0.002389497809480743,-11.45752435332473,0.4465026134623303,-12.0,6.398520561881992,12.0,-2.56617412334863e-06,-0.0005952017948418793,-0.0005952013483393529,-0.001145752435332473,0.001743275447737123,0.0005952017948419662
3,0.002389697809480743,-11.45752809923606,0.4400598867081782,-12.0,6.388858280279164,12.0,-2.566312181935888e-06,-0.0005948798393569961,-0.0005948793992972119,-0.001145752809923606,0.001742954035545134,0.0005948798393570986
3,0.002389897809480743,-11.45753184164061,0.4336104352482555,-12.0,6.379185909797042,12.0,-2.56618862988272e-06,-0.0005945575474547581,-0.0005945571138444434,-0.001145753184164061,0.001742632027575824,0.0005945575474548786
3,0.002390097809480743,-11.45753556655214,0.427154273927224,-12.0,6.369503465709645,12.0,-2.5663271930193e-06,-0.0005942349191780999,-0.000594234492023968,-0.001145753556655214,0.001742309946422095,0.0005942349191782421
3,0.0023902978094807433,-11.45753928535061,0.4206914091449762,-12.0,6.359810963306863,12.0,-2.566204457602145e-06,-0.0005939119554160214,-0.0005939115347247796,-0.001145753928535062,0.001741987270938842,0.0005939119554161887
3,0.0023904978094807434,-11.45754298383148,0.4142218558401277,-12.0,6.350108417894492,12.0,-2.566343645671871e-06,-0.0005935886562052392,-0.0005935882419835806,-0.001145754298383148,0.001741664523226486,0.0005935886562054364
3,0.0023906978094807435,-11.45754667311607,0.40774562051992,-12.0,6.340395844794121,12.0,-2.566221858919075e-06,-0.0005932650224271879,-0.0005932646146817995,-0.001145754667311607,0.00174134118266618,0.0005932650224274201
3,0.0023908978094807436,-11.4575503387386,0.4012627182312108,-12.0,6.330673259343298,12.0,-2.566361817275024e-06,-0.0005929410541109347,-0.0005929406528484906,-0.00114575503387386,0.001741017770868522,0.0005929410541112087
3,0.0023910978094807437,-11.45755399151495,0.3947731556041772,-12.0,6.320940676895298,12.0,-2.566241138908863e-06,-0.0005926167521287896,-0.0005926163573559566,-0.001145755399151496,0.001740693767742137,0.0005926167521291122
3,0.002391297809480744,-11.45755761666694,0.3882769478107977,-12.0,6.311198112819142,12.0,-2.566382043656403e-06,-0.0005922921165004538,-0.0005922917282238867,-0.001145755761666694,0.001740369694413514,0.0005922921165008344
3,0.002391497809480744,-11.45756122463566,0.3817741016272684,-12.0,6.301445582499752,12.0,-2.566262667594306e-06,-0.0005919671480872483,-0.0005919667663131467,-0.001145756122463567,0.001740045031320477,0.0005919671480872484
3,0.002391697809480744,-11.45756480027243,0.3752646323700728,-12.0,6.291683101337649,12.0,-2.566404733424026e-06,-0.0005916418468967576,-0.0005916414716321252,-0.001145756480027243,0.001739720299109124,0.0005916418468967576
3,0.002391897809480744,-11.45756835361563,0.368748546970559,-12.0,6.281910684749123,12.0,-2.566286896467518e-06,-0.0005913162137778564,-0.0005913158450293095,-0.001145756835361563,0.001739394978749959,0.0005913162137778565
3,0.0023920978094807443,-11.4575718690653,0.3622258609166145,-12.0,6.272128348166182,12.0,-2.566430384393345e-06,-0.0005909902487249569,-0.000590989886499096,-0.00114575718690653,0.001739069590410676,0.0005909902487249568
3,0.0023922978094807444,-11.45757535613864,0.3556965813342166,-12.0,6.262336107036457,12.0,-2.566314375488445e-06,-0.000590663952570224,-0.0005906635968736427,-0.001145757535613864,0.001738743615601199,0.0005906639525702241
3,0.0023924978094807445,-11.45757879870144,0.3491607239101809,-12.0,6.252533976823233,12.0,-2.566459606558299e-06,-0.0005903373252913052,-0.0005903369761305813,-0.001145757879870144,0.001738417574016458,0.0005903373252913052
3,0.0023926978094807446,-11.45758220566688,0.3426182959926651,-12.0,6.242721973005397,12.0,-2.566345781769519e-06,-0.0005900103677012732,-0.0005900100250829771,-0.001145758220566688,0.001738090947708848,0.0005900103677012732
3,0.0023928978094807448,-11.45758556026086,0.3360693135026037,-12.0,6.23290011107747,12.0,-2.566493151838383e-06,-0.0005896830797574866,-0.0005896827436881731,-0.001145758556026086,0.001737764255906943,0.0005896830797574867
3,0.002393097809480745,-11.45758887067682,0.3295137840488326,-12.0,6.223068406549499,12.0,-2.566381951429059e-06,-0.0005893554622500666,-0.0005893551327362826,-0.001145758887067682,0.001737436981210225,0.0005893554622500667
3,0.002393297809480745,-11.45759211937374,0.3229517238286439,-12.0,6.213226874947075,12.0,-2.566531951269526e-06,-0.0005890275151118432,-0.0005890271921601194,-0.001145759211937374,0.001737109642386872,0.0005890275151118432
3,0.002393497809480745,-11.45759531368599,0.3163831407579631,-12.0,6.203375531811346,12.0,-2.566423922679586e-06,-0.0005886992391053384,-0.0005886989227221976,-0.001145759531368599,0.001736781722589769,0.0005886992391053383
3,0.002393697809480745,-11.4575984351523,0.3098080513615018,-12.0,6.193514392698915,12.0,-2.566577164279983e-06,-0.0005883706341337413,-0.00058837032432569,-0.00114575984351523,0.001736453740133296,0.0005883706341337413
3,0.0023938978094807453,-11.45760149007953,0.3032264639182967,-12.0,6.18364347318185,12.0,-2.566472992274548e-06,-0.0005880417009263555,-0.0005880413976998914,-0.001145760149007953,0.001736125178730687,0.0005880417009263553
3,0.0023940978094807454,-11.4576044589006,0.2966383953423049,-12.0,6.173762788847711,12.0,-2.56663024345317e-06,-0.0005877124393505406,-0.0005877121427121452,-0.00114576044589006,0.001735796556250015,0.0005877124393505405
3,0.0023942978094807455,-11.45760734669054,0.2900438543437528,-12.0,6.163872355299445,12.0,-2.566530789923317e-06,-0.0005873828500955694,-0.0005873825600517149,-0.001145760734669055,0.001735467356970385,0.0005873828500955693
3,0.0023944978094807457,-11.45761013255086,0.2834428583008869,-12.0,6.153972188155343,12.0,-2.566693020157618e-06,-0.0005870529329854456,-0.0005870526495425873,-0.001145761013255086,0.001735138098322344,0.0005870529329854456
3,0.0023946978094807458,-11.45761282007587,0.2768354164380702,-12.0,6.144062303049203,12.0,-2.566599376963653e-06,-0.0005867226886611133,-0.0005867224118256969,-0.001145761282007587,0.001734808265159114,0.0005867226886611134
3,0.002394897809480746,-11.45761538676017,0.2702215466896504,-12.0,6.134142715630031,12.0,-2.566767818402651e-06,-0.000586392116894038,-0.0005863918466724914,-0.001145761538676018,0.00173447837448032,0.0005863921168940381
3,0.002395097809480746,-11.45761783441268,0.2636012588955274,-12.0,6.124213441562222,12.0,-2.566681377908223e-06,-0.0005860612182666695,-0.0005860609546654104,-0.001145761783441268,0.001734147911721638,0.0005860612182666694
3,0.002395297809480746,-11.45762013858295,0.2569745716588341,-12.0,6.114274496525441,12.0,-2.56685760701092e-06,-0.0005857299924866607,-0.0005857297355120892,-0.001145762013858295,0.001733817393459373,0.0005857299924866608
3,0.0023954978094807462,-11.45762229891916,0.2503414955600873,-12.0,6.104325896214668,12.0,-2.566780156687161e-06,-0.000585398440065458,-0.0005853981897239626,-0.001145762229891916,0.001733486305718022,0.0005853984400654581
3,0.0023956978094807463,-11.45762428860798,0.2437020500103994,-12.0,6.094367656340088,12.0,-2.566966203974032e-06,-0.0005850665606329688,-0.0005850663169309189,-0.001145762428860798,0.001733155164659471,0.000585066560632969
3,0.0023958978094807465,-11.45762610467149,0.2370562464859288,-12.0,6.084399792627105,12.0,-2.566900053862415e-06,-0.0005847343546141177,-0.0005847341175578712,-0.00114576261046715,0.001732823456901161,0.0005847343546141176
3,0.0023960978094807466,-11.45762771741318,0.2304041053791477,-12.0,6.074422320816364,12.0,-2.56709855210038e-06,-0.0005844018215437217,-0.0005844015911396163,-0.001145762771741318,0.001732491698195514,0.0005844018215437216
3,0.0023962978094807467,-11.45762912064698,0.2237456392558392,-12.0,6.064435256663643,12.0,-2.567046707265906e-06,-0.0005840689617407803,-0.000584068737995141,-0.001145762912064698,0.001732159375758083,0.0005840689617407803
3,0.002396497809480747,-11.45763028113943,0.2170808697076352,-12.0,6.054438615939864,12.0,-2.567261092366288e-06,-0.0005837357746232228,-0.000583735557542353,-0.001145763028113943,0.001731827004934206,0.0005837357746232229
3,0.002396697809480747,-11.4576311887611,0.2104098106349706,-12.0,6.044432414431115,12.0,-2.567227487165856e-06,-0.0005834022603796144,-0.0005834020499698038,-0.001145763118876111,0.001731494073536791,0.0005834022603796145
3,0.002396897809480747,-11.45763180591119,0.2037324851053966,-12.0,6.03441666793854,12.0,-2.567462271638219e-06,-0.0005830684182833144,-0.0005830682145508293,-0.001145763180591119,0.001731161096502628,0.0005830684182833144
3,0.002397097809480747,-11.45763211757727,0.1970489086671105,-12.0,6.024391392278385,12.0,-2.567452089246848e-06,-0.0005827342483611275,-0.0005827340513122189,-0.001145763211757727,0.001730827562235134,0.0005827342483611276
3,0.0023972978094807472,-11.45763208072285,0.1903591062195908,-12.0,6.014356603281873,12.0,-2.567713235960356e-06,-0.000582399749706228,-0.000582399559347122,-0.001145763208072285,0.00173049398525366,0.0005823997497062282
3,0.0023974978094807474,-11.45763167423489,0.1836630953646579,-12.0,6.004312316795389,12.0,-2.567733346077623e-06,-0.0005820649221430729,-0.0005820647384799777,-0.00114576316742349,0.001730159854539284,0.0005820649221430731
3,0.0023976978094807475,-11.45763084824629,0.1769609032986623,-12.0,5.994258548680174,12.0,-2.568028781489701e-06,-0.000581729764538151,-0.0005817295875772478,-0.001145763084824629,0.001729825684172976,0.0005817297645381512
3,0.0023978978094807476,-11.45762957394016,0.1702525502112708,-12.0,5.984195314812489,12.0,-2.568088342954125e-06,-0.0005813942764601214,-0.0005813941062075715,-0.001145762957394016,0.001729490963686961,0.0005813942764601218
3,0.0023980978094807477,-11.45762779276565,0.1635380662134224,-12.0,5.974122631083622,12.0,-2.568428665767843e-06,-0.0005810584564870196,-0.0005810582929489538,-0.001145762779276565,0.001729156206690956,0.00058105845648702
3,0.002398297809480748,-11.45762546605185,0.1568174747993256,-12.0,5.964040513399661,12.0,-2.568539961384554e-06,-0.000580722303860033,-0.0005807221470425588,-0.001145762546605185,0.001728820903224571,0.0005807223038600336
3,0.002398497809480748,-11.45762252405374,0.1500908098311186,-12.0,5.953948977681645,12.0,-2.568939427985953e-06,-0.0005803858167850519,-0.0005803856666942428,-0.001145762252405374,0.001728485566372415,0.0005803858167850528
3,0.002398697809480748,-11.45761891530168,0.1433580990891248,-12.0,5.943848039865517,12.0,-2.569119030452191e-06,-0.0005800489940776381,-0.0005800488507195402,-0.001145761891530168,0.001728149686614193,0.0005800489940776393
3,0.002398897809480748,-11.4576145553792,0.1366193813457391,-12.0,5.933737715902019,12.0,-2.569596938088237e-06,-0.0005797118334556267,-0.0005797116968362468,-0.00114576145553792,0.001727813776427934,0.000579711833455628
3,0.0023990978094807483,-11.45760937588944,0.129874690043399,-12.0,5.923618021756719,12.0,-2.569867356029741e-06,-0.00057937433317133,-0.0005793742032966419,-0.001145760937588944,0.001727477326636318,0.000579374333171332
3,0.0023992978094807484,-11.45760327280701,0.1231240705105426,-12.0,5.913488973410026,12.0,-2.570450008732961e-06,-0.0005790364902899455,-0.0005790363671658778,-0.001145760327280701,0.001727140848991557,0.0005790364902899483
3,0.0023994978094807485,-11.45759615486622,0.1163675638322179,-12.0,5.903350586857074,12.0,-2.570842044506013e-06,-0.0005786983023024819,-0.0005786981859349219,-0.001145759615486622,0.00172680383451579,0.0005786983023024857
3,0.0023996978094807486,-11.45758789122622,0.1096052242949374,-12.0,5.893202878107759,12.0,-2.571565594487015e-06,-0.0005783597653812769,-0.0005783596557760578,-0.001145758789122622,0.001726466794066009,0.0005783597653812821
3,0.0023998978094807487,-11.45757835894988,0.1028371035604728,-12.0,5.883045863186683,12.0,-2.572121787227781e-06,-0.0005780208759626137,-0.0005780207731255174,-0.001145757835894988,0.001726129218659979,0.0005780208759626211
3,0.002400097809480749,-11.45756738953636,0.09606326848821702,-12.0,5.872879558133191,12.0,-2.573036433157362e-06,-0.0005776816289644872,-0.0005776815329012289,-0.001145756738953636,0.001725791618014074,0.0005776816289644974
3,0.002400297809480749,-11.45755481490934,0.0892837858058231,-12.0,5.862703979001262,12.0,-2.573816214318229e-06,-0.0005773420193195299,-0.0005773419300357581,-0.001145755481490934,0.001725453482847555,0.0005773420193195439
3,0.002400497809480749,-11.4575404120242,0.08249874057331039,-12.0,5.852519141859471,12.0,-2.574992582871394e-06,-0.0005770020401285967,-0.0005770019576298753,-0.00114575404120242,0.001725115321379243,0.0005770020401286161
3,0.002400697809480749,-11.45752394630374,0.07570822170469912,-12.0,5.842325062791137,12.0,-2.576080245657758e-06,-0.0005766616841086171,-0.0005766616084004221,-0.001145752394630374,0.001724776623593797,0.0005766616841086438
3,0.0024008978094807493,-11.45750511284536,0.068912341565328,-12.0,5.832121757894085,12.0,-2.577619442165955e-06,-0.000576320941632839,-0.0005763208727205343,-0.001145750511284536,0.001724437895675287,0.0005763209416328757
3,0.0024010978094807494,-11.45748357527019,0.0621112230222317,-12.0,5.821909243280672,12.0,-2.579136954857249e-06,-0.000575979802025793,-0.000575979739914621,-0.001145748357527019,0.001724098626201274,0.0005759798020258441
3,0.0024012978094807495,-11.45745890063802,0.05530502113914256,-12.0,5.811687535077938,12.0,-2.581187093729471e-06,-0.0005756382513938084,-0.0005756381960888583,-0.001145745890063802,0.001723759318465348,0.0005756382513938795
3,0.0024014978094807496,-11.45743058958575,0.04849391313019218,-12.0,5.801456649427296,12.0,-2.583315704195531e-06,-0.0005752962736296111,-0.0005752962251357973,-0.001145743058958575,0.001723419458535716,0.0005752962736297104
3,0.0024016978094807497,-11.45739799890513,0.04167812416726193,-12.0,5.791216602484698,12.0,-2.58610054826367e-06,-0.0005749538478316046,-0.0005749538061536196,-0.001145739799890513,0.001723079545363832,0.0005749538478317436
3,0.00240189780948075,-11.45736035401183,0.03485792322366718,-12.0,5.780967410420649,12.0,-2.589119342116841e-06,-0.0005746109487195018,-0.0005746109138617749,-0.001145736035401183,0.001722739060561741,0.0005746109487196982
3,0.00240209780948075,-11.45731664553874,0.0280336575426798,-12.0,5.770709089419963,12.0,-2.592991105406233e-06,-0.000574267543187449,-0.0005742675151540709,-0.001145731664553874,0.001722398496068236,0.0005742675431877284
3,0.00240229780948075,-11.45726560294816,0.02120576143350032,-12.0,5.760441655681944,12.0,-2.59735068573463e-06,-0.0005739235894244426,-0.000573923568219083,-0.001145726560294816,0.001722057325300624,0.0005739235894248444
3,0.00240249780948075,-11.45720553123587,0.0143748107028114,-12.0,5.750165125420256,12.0,-2.6028950119874e-06,-0.0005735790314711594,-0.000573579017096934,-0.001145720553123587,0.00172171602782581,0.0005735790314717445
3,0.0024026978094807503,-11.45713418991611,0.007541562992857668,-12.0,5.739879514862974,12.0,-2.609370617128315e-06,-0.0005732337951861461,-0.0005732337876454486,-0.001145713418991611,0.001721374060988497,0.0005732337951870116
3,0.0024028978094807504,-11.45704847469057,0.0007070638910261018,-12.0,5.729584840252465,12.0,-2.617635931422481e-06,-0.0005728877776348377,-0.00057288777692908,-0.001145704847469057,0.001721031880077387,0.000572887777636144
3,0.0024030978094807505,-11.45694403311431,-0.006127224959662988,-12.0,5.71928111784541,12.0,-2.627681652410275e-06,-0.0005725408342784856,-0.0005725408404077324,-0.001145694403311431,0.001720688907846284,0.0005725408342805074
3,0.0024032978094807506,-11.45681447756052,-0.01295916351719759,-12.0,5.708968363912826,12.0,-2.64074613806526e-06,-0.0005721927527397716,-0.0005721927657021659,-0.001145681447756052,0.001720345545461346,0.0005721927527430024
3,0.0024034978094807508,-11.45665012151076,-0.01978551210688156,-12.0,5.698646594739939,12.0,-2.657441858197627e-06,-0.0005718432106793028,-0.0005718432304701941,-0.001145665012151077,0.00172000113108172,0.0005718432106846821
3,0.002403697809480751,-11.45643542943867,-0.02660108138819892,-12.0,5.688315826626221,12.0,-2.680078770016074e-06,-0.0005714916907919921,-0.0005714917174025234,-0.001145643542943867,0.001719655923977538,0.000571491690801442
3,0.002403897809480751,-11.45614391883134,-0.03339703303996509,-12.0,5.677976075885393,12.0,-2.711253488340656e-06,-0.0005711373108925359,-0.000571137344289569,-0.001145614391883134,0.001719309014947425,0.0005711373108925359
3,0.002404097809480751,-11.4557263479867,-0.04015694238572993,-12.0,5.667627358845333,12.0,-2.757296378137567e-06,-0.0005707784301231065,-0.0005707784702800487,-0.001145572634798671,0.001718960199233028,0.0005707784301231064
3,0.002404297809480751,-11.45507983448305,-0.04684650461895299,-12.0,5.657269691848049,12.0,-2.830046505629802e-06,-0.0005704116196467002,-0.000570411666493205,-0.001145507983448305,0.001718607635008913,0.0005704116196467002
3,0.0024044978094807513,-11.45394810507963,-0.05338028499151554,-12.0,5.646903091249693,12.0,-2.961430196115316e-06,-0.0005700283376241208,-0.0005700283910044059,-0.001145394810507963,0.001718249121041309,0.0005700283376241209
3,0.0024046978094807514,-11.45147530021365,-0.05947298797088351,-12.0,5.636527573420619,12.0,-3.26031241493564e-06,-0.0005696000561391507,-0.0005696001156121382,-0.001145147530021365,0.001717879446225842,0.0005696000561391503
3,0.0024047756716733828,-11.44949886213947,-0.06150863561509236,-12.0,5.632485862560742,12.0,-3.504022828053516e-06,-0.0005693994498118493,-0.000569399511326219,-0.001144949886213947,0.001717727757118923,0.0005693994498175834
3,0.002404819646292775,-11.44773497214542,-0.06244283469972872,-12.0,5.630202609594771,12.0,-3.725011960157785e-06,-0.0005692645444283505,-0.0005692646068722847,-0.001144773497214542,0.001717639089593003,0.00056926454442945
3,0.002404859884909669,-11.44531673986548,-0.06302985243289207,-12.0,5.628112960984877,12.0,-4.020537269722566e-06,-0.0005691142813408098,-0.0005691143443716293,-0.001144531673986548,0.001717544040470949,0.000569114281341777
3,0.002404891479439807,-11.44246366658007,-0.06317282773721239,-12.0,5.626471959955937,12.0,-4.366470018058001e-06,-0.0005689644787691265,-0.0005689645419421428,-0.001144246366658007,0.001717456055222954,0.000568964478769315
3,0.0024049178427042487,-11.43896204424374,-0.0629185965955167,-12.0,5.625102498042629,12.0,-4.781959909797232e-06,-0.0005688021094641392,-0.0005688021723824112,-0.001143896204424374,0.001717360006838455,0.0005688021094638146
3,0.0024049401102194637,-11.4346762920739,-0.06226123360113364,-12.0,5.623945673022912,12.0,-5.284689782584823e-06,-0.0005686206906634234,-0.0005686207529236381,-0.00114346762920739,0.001717253576050598,0.0005686206906624046
3,0.002404959511505542,-11.42935289138633,-0.06115878112769718,-12.0,5.622937662413809,12.0,-5.898439764533467e-06,-0.0005684096443575655,-0.0005684097055129318,-0.001142935289138633,0.001717124656498682,0.0005684096443541506
3,0.002404976997626615,-11.42262361590286,-0.0595214189797883,-12.0,5.622029084267557,12.0,-6.669596333355743e-06,-0.0005681550503400387,-0.0005681551098461536,-0.001142262361590286,0.001716968924562919,0.0005681550503247345
3,0.0024049936556887652,-11.41378156326008,-0.05715116080572014,-12.0,5.621163468909854,12.0,-7.68073157346856e-06,-0.0005678314630442931,-0.0005678315201227182,-0.001141378156326009,0.001716772852140724,0.0005678314629715574
3,0.0024050124479833464,-11.40008960363726,-0.0532382616803021,-12.0,5.620186876915561,12.0,-9.274281679939444e-06,-0.0005673425146491398,-0.000567342567097848,-0.001140008960363726,0.001716508886880186,0.0005673425138595863
3,0.002405030079268013,-11.38330835844689,-0.04825543199834126,-12.0,5.619270548671613,12.0,-1.128831139743706e-05,-0.0005667525998822239,-0.0005667526463224274,-0.001138330835844689,0.001716255424266871,0.0005667525980669955
3,0.0024050439365479797,-11.36789075267309,-0.04359641787841584,-12.0,5.618550313554744,12.0,-1.323075719139176e-05,-0.0005662146735092437,-0.000566214716739734,-0.00113678907526731,0.001716118567912955,0.0005662146731433159
3,0.0024050551834488274,-11.35455123974634,-0.03953966822294142,-12.0,5.617965722142077,12.0,-1.495630695579216e-05,-0.0005657505390593833,-0.0005657505785761701,-0.001135455123974634,0.001716046318188252,0.0005657505390365018
3,0.002405067725155641,-11.33950166797927,-0.03495779212796224,-12.0,5.617313796219769,12.0,-1.69625698570625e-05,-0.0005652271588380833,-0.0005652271937925653,-0.001133950166797927,0.001716024531949772,0.0005652271588347732
3,0.0024050819791311094,-11.32296809036533,-0.02994061509772994,-12.0,5.61657282312992,12.0,-1.921144568252592e-05,-0.000564651343823457,-0.0005646513737633802,-0.001132296809036533,0.001716044521681476,0.0005646513438227651
3,0.00240509642391877,-11.30749001812279,-0.02528191417872483,-12.0,5.615821884974167,12.0,-2.136297653647411e-05,-0.0005641103799248433,-0.0005641104051972033,-0.001130749001812279,0.001716107529605604,0.0005641103799152893
3,0.002405113721025729,-11.29113048269243,-0.02042828935585073,-12.0,5.614922603029547,12.0,-2.365500173780784e-05,-0.0005635350892688207,-0.0005635351096668292,-0.001129113048269244,0.001716188557436465,0.0005635350892385398
3,0.00240513637946413,-11.27342843819804,-0.0153130550029803,-12.0,5.613744483463997,12.0,-2.616779826932099e-05,-0.0005629057539568748,-0.0005629057691597528,-0.001127342843819804,0.001716302067900521,0.0005629057538466978
3,0.0024051580219069217,-11.26014793507443,-0.01163651139453092,-12.0,5.612619084080302,12.0,-2.805420633317929e-05,-0.0005624255596019188,-0.0005624255711839949,-0.001126014793507443,0.001716380414059193,0.0005624255595474834
3,0.0024051779295537565,-11.25049934162486,-0.0091105185828817,-12.0,5.611583801832919,12.0,-2.942885226292404e-05,-0.0005620694320506383,-0.0005620694411520988,-0.001125049934162486,0.001716434202663097,0.0005620694320415801
3,0.0024052012724876458,-11.24158153131031,-0.006947291969434222,-12.0,5.610369758228084,12.0,-3.068873775665532e-05,-0.0005617317050246056,-0.0005617317119670438,-0.001124158153131031,0.001716464697907039,0.0005617317050197519
3,0.002405227585302095,-11.23381659310024,-0.005271423031691924,-12.0,5.609001109288353,12.0,-3.178423367194722e-05,-0.000561427253235086,-0.0005614272585034276,-0.001123381659310024,0.001716479349347322,0.0005614272532320045
3,0.0024052555360355374,-11.22741161871607,-0.004105780986173979,-12.0,5.607547096820965,12.0,-3.267308252984363e-05,-0.0005611652877817736,-0.0005611652918864949,-0.001122741161871607,0.001716465817823365,0.0005611652877807138
3,0.0024052865458123957,-11.2217501212276,-0.003294185872381838,-12.0,5.605933748863366,12.0,-3.345495623584965e-05,-0.0005609227934739154,-0.0005609227967677609,-0.00112217501212276,0.001716439119769153,0.0005609227934735749
3,0.0024053212971812447,-11.21652106254101,-0.002756679840871357,-12.0,5.604125483942401,12.0,-3.416159071341872e-05,-0.0005606881920418251,-0.0005606882191350071,-0.001121652106254101,0.001716388240232236,0.0005606882163783272
3,0.0024053622801783643,-11.21121446393366,-0.002409727280947127,-12.0,5.601992616948138,12.0,-3.487535917324515e-05,-0.0005604402207824969,-0.0005604402368326359,-0.001121121446393367,0.001716323476466719,0.0005604402344229085
3,0.0024054106186746247,-11.2055790200801,-0.002208677117672586,-12.0,5.599476472276771,12.0,-3.561939303257326e-05,-0.0005601685081409312,-0.0005601685171481215,-0.00112055790200801,0.001716232344300739,0.0005601685149394444
3,0.0024054713464877345,-11.19892548894632,-0.00209868276577696,-12.0,5.596314699337665,12.0,-3.649790733864164e-05,-0.0005598413350624978,-0.000559841340309027,-0.001119892548894632,0.001716118425971969,0.0005598413382103441
3,0.0024055483762458756,-11.19073922359065,-0.002044394886228762,-12.0,5.592302999022031,12.0,-3.756810994927362e-05,-0.0005594347382711104,-0.0005594347414352209,-0.001119073922359065,0.001715963512144092,0.000559434739390826
3,0.0024056560312438755,-11.17942336419725,-0.002011677692914215,-12.0,5.586694145442479,12.0,-3.905142987856592e-05,-0.0005588705824790214,-0.000558870584325217,-0.001117942336419725,0.001715751232135854,0.0005588705823135393
3,0.0024058158113436125,-11.16267242545894,-0.001980895974719843,-12.0,5.578364848958431,12.0,-4.12374727898927e-05,-0.0005580345744933165,-0.000558034576474211,-0.001116267242545894,0.001715426374228279,0.0005580345744933151
3,0.0024060158113436126,-11.14170971776803,-0.001949241656074463,-12.0,5.567930976907489,12.0,-4.397616055449444e-05,-0.0005569880218563657,-0.000556988023805598,-0.001114170971776803,0.001715022486929674,0.0005569880218563564
3,0.0024062158113436127,-11.1207463480647,-0.001923228311014213,-12.0,5.557488312333546,12.0,-4.670553638906443e-05,-0.0005559411540644649,-0.0005559411559876844,-0.00111207463480647,0.001714608902718739,0.0005559411540644561
3,0.002406415811343613,-11.09977746976092,-0.001901229427456297,-12.0,5.547036871726982,12.0,-4.943754371628667e-05,-0.0005548938101154492,-0.0005548938120166733,-0.001109977746976092,0.001714196919964273,0.0005548938101154439
3,0.002406615811343613,-11.07880143830939,-0.001882685823868968,-12.0,5.536576671592032,12.0,-5.216117446741296e-05,-0.0005538459357415936,-0.000553845937624276,-0.001107880143830939,0.001713775312343846,0.0005538459357415901
3,0.002406815811343613,-11.05781566414906,-0.001866723306992668,-12.0,5.526107728446808,12.0,-5.48879631456136e-05,-0.0005527974451753823,-0.0005527974470421035,-0.001105781566414906,0.001713355270016648,0.0005527974451753801
3,0.002407015811343613,-11.03681936714507,-0.001853070812426694,-12.0,5.51563005882319,12.0,-5.760688433026524e-05,-0.0005517483129635631,-0.0005517483148166324,-0.001103681936714508,0.001712925664402343,0.0005517483129635617
3,0.0024072158113436133,-11.01581081529289,-0.001841139978792761,-12.0,5.505143679266858,12.0,-6.032926162850318e-05,-0.0005506984819245662,-0.0005506984837657051,-0.00110158108152929,0.001712497588979567,0.0005506984819245651
3,0.0024074158113436134,-10.9947897203727,-0.001830823693956152,-12.0,5.494648606337181,12.0,-6.304409356772817e-05,-0.0005496479441752506,-0.0005496479448339373,-0.00109947897203727,0.001712060009297023,0.0005496479430031138
3,0.0024076158113436135,-10.97375492409343,-0.001821724814708769,-12.0,5.484144856607401,12.0,-6.576254492075134e-05,-0.0005485966591116471,-0.000548596659963936,-0.001097375492409343,0.001711623926230255,0.000548596658142211
3,0.0024078158113436136,-10.95270631272693,-0.001813794374140976,-12.0,5.473632446664309,12.0,-6.84736780547264e-05,-0.0005475446249006582,-0.0005475446259176393,-0.001095270631272693,0.001711178393305868,0.0005475446241038451
3,0.0024080158113436137,-10.93164296252829,-0.001806713392391135,-12.0,5.463111393108424,12.0,-7.118852991812308e-05,-0.0005464918113230563,-0.000546491812456795,-0.001093164296252829,0.001710734325061358,0.0005464918106500814
3,0.002408215811343614,-10.91056506086404,-0.001800533248457192,-12.0,5.452581712553998,12.0,-7.38962163185225e-05,-0.0005454382251392799,-0.0005454382263807789,-0.001091056506086404,0.0017102808627949,0.0005454382245802455
3,0.002408415811343614,-10.88947176802646,-0.001794962956549018,-12.0,5.442043421628777,12.0,-7.660767332682769e-05,-0.0005443838389380394,-0.0005443838402534958,-0.001088947176802646,0.00170982883136378,0.0005443838384585327
3,0.002408615811343614,-10.8683633988953,-0.001790096381684592,-12.0,5.431496536974159,12.0,-7.931208931025863e-05,-0.0005433286637381219,-0.0005433286651256808,-0.00108683633988953,0.001709367461628919,0.0005433286633355844
3,0.002408815811343614,-10.84723921777003,-0.001785677188733459,-12.0,5.420941075245144,12.0,-8.2020297215539e-05,-0.0005422726755933971,-0.0005422726770290651,-0.001084723921777004,0.001708907489158806,0.0005422726752433878
3,0.0024090158113436143,-10.8260996028798,-0.001781820340976736,-12.0,5.410377053110232,12.0,-8.4721565530195e-05,-0.0005412158876415286,-0.0005412158891269411,-0.00108260996028798,0.001708438233388399,0.0005412158873451209
3,0.0024092158113436144,-10.80494389604589,-0.001778295325689516,-12.0,5.399804487251458,12.0,-8.74266287946672e-05,-0.0005401582785186201,-0.00054015828003601,-0.001080494389604589,0.001707970341789933,0.0005401582782577147
3,0.0024094158113436145,-10.78377251253701,-0.001775229434586745,-12.0,5.389223394364329,12.0,-9.01248379307322e-05,-0.0005390998626024471,-0.000539099864155121,-0.001078377251253701,0.001707493221177137,0.0005390998623798917
3,0.0024096158113436146,-10.7625848508785,-0.001772411038183819,-12.0,5.378633791157865,12.0,-9.282683303672712e-05,-0.0005380406204177013,-0.000538040621992016,-0.00107625848508785,0.001707017432119873,0.0005380406202196049
3,0.0024098158113436147,-10.74138134842441,-0.001769974771982596,-12.0,5.368035694354481,12.0,-9.552204830987066e-05,-0.0005369805670826383,-0.0005369805686826213,-0.001074138134842441,0.001706532467655952,0.0005369805669126464
3,0.002410015811343615,-10.7201614463174,-0.001767723194310289,-12.0,5.357429120690005,12.0,-9.822103241073979e-05,-0.0005359196845413031,-0.0005359196861561546,-0.00107201614463174,0.001706048802583793,0.0005359196843884316
3,0.002410215811343615,-10.69892559468091,-0.001765795179208052,-12.0,5.346814086913691,12.0,-0.0001009133029603697,-0.0005348579883411176,-0.0005348579899750852,-0.001069892559468091,0.001705556015071497,0.0005348579882092899
3,0.002410415811343615,-10.6776732676761,-0.001764004273252073,-12.0,5.336190609788129,12.0,-0.0001036093195278323,-0.0005337954615258271,-0.0005337954631701424,-0.00106776732676761,0.001705064495215347,0.0005337954614061381
3,0.002410615811343615,-10.65640492220712,-0.001762491592976367,-12.0,5.325558706089177,12.0,-0.0001062986829174287,-0.0005327321198718392,-0.000532732121530707,-0.001065640492220712,0.00170456390527407,0.0005327321197682154
3,0.0024108158113436153,-10.63512005874094,-0.001761079435690593,-12.0,5.31491839260614,12.0,-0.0001089917655155495,-0.0005316679472991123,-0.0005316679489652627,-0.001063512005874094,0.001704064551658446,0.000531667947204183
3,0.0024110158113436154,-10.6138191370488,-0.001759909855861164,-12.0,5.304269686141509,12.0,-0.0001116782508415667,-0.0005306029596821848,-0.0005306029613596468,-0.00106138191370488,0.001703556179727617,0.0005306029595997369
3,0.0024112158113436155,-10.59250167908262,-0.001758812294799128,-12.0,5.293612603510985,12.0,-0.0001143684257093117,-0.0005295371416567518,-0.0005295371433393909,-0.001059250167908262,0.001703049013175917,0.0005295371415805784
3,0.0024114158113436156,-10.5711681448971,-0.001757928883743265,-12.0,5.282947161543645,12.0,-0.000117052055751514,-0.0005284705091090596,-0.0005284705108006678,-0.00105711681448971,0.001702532879516494,0.0005284705090427389
3,0.0024116158113436158,-10.54981807438069,-0.001757095025182842,-12.0,5.272273377081619,12.0,-0.0001197393436085104,-0.0005274030472724511,-0.0005274030489677754,-0.001054981807438069,0.001702017920655108,0.0005274030472106802
3,0.002411815811343616,-10.52845192615887,-0.001756452356416194,-12.0,5.261591266980287,12.0,-0.0001224201363479657,-0.0005263347719875495,-0.0005263347736901226,-0.001052845192615887,0.001701494045351859,0.0005263347719336704
3,0.002412015811343616,-10.50706925538394,-0.001755841350279397,-12.0,5.250900848108139,12.0,-0.0001251045536818235,-0.0005252656689964155,-0.0005252656707016832,-0.001050706925538394,0.001700971314613664,0.0005252656689458419
3,0.002412215811343616,-10.48567051811964,-0.001755402772635861,-12.0,5.240202137346838,12.0,-0.000127782523392489,-0.0005241957540561154,-0.0005241957557673502,-0.001048567051811964,0.001700439717575941,0.0005241957540119474
3,0.002412415811343616,-10.4642552827269,-0.001754981481696394,-12.0,5.229495151591093,12.0,-0.0001304640833927062,-0.0005231250133490488,-0.0005231250150622604,-0.00104642552827269,0.001699909235203689,0.0005231250133072789
3,0.0024126158113436163,-10.44282400196633,-0.00175471712487596,-12.0,5.218779907748683,12.0,-0.0001331392414395116,-0.0005220534625238624,-0.0005220534642420729,-0.001044282400196634,0.001699369936168482,0.0005220534624873559
3,0.0024128158113436164,-10.4213762557963,-0.001754458408731452,-12.0,5.208056422740469,12.0,-0.0001358179546857505,-0.0005209810881496963,-0.0005209810898693785,-0.00104213762557963,0.001698831722217631,0.0005209810881149201
3,0.0024130158113436165,-10.3999124932004,-0.001754343704319261,-12.0,5.197324713500282,12.0,-0.0001384903101168955,-0.0005199079057508629,-0.0005199079074748039,-0.00103999124932004,0.0016982847407504,0.0005199079057204601
3,0.0024132158113436167,-10.37843230444867,-0.001754225138093535,-12.0,5.186584796974941,12.0,-0.0001411661850937718,-0.0005188339022404711,-0.0005188339039655286,-0.001037843230444867,0.00169773881509383,0.0005188339022113034
3,0.0024134158113436168,-10.3569361344578,-0.001754239708152472,-12.0,5.175836690124273,12.0,-0.0001438357450866193,-0.0005177590930087389,-0.0005177590947374824,-0.00103569361344578,0.001697184170591282,0.0005177590929832425
3,0.002413615811343617,-10.33542358276693,-0.001754242613369428,-12.0,5.165080409920986,12.0,-0.0001465087885738695,-0.0005166834652780662,-0.0005166834670076782,-0.001033542358276693,0.001696630552920797,0.0005166834652534356
3,0.002413815811343617,-10.31389509006347,-0.001754369424873392,-12.0,5.154315973350733,12.0,-0.0001491755587746599,-0.0005156070342990798,-0.0005156070360319301,-0.001031389509006347,0.001696068264612771,0.0005156070342775607
3,0.002414015811343617,-10.29235026429721,-0.001754478127903525,-12.0,5.143543397411968,12.0,-0.0001518457761463324,-0.0005145297875749179,-0.0005145297893084652,-0.001029235026429721,0.001695506974444205,0.0005145297875539871
3,0.0024142158113436172,-10.27078954185274,-0.001754702842131639,-12.0,5.132762699116147,12.0,-0.0001545097609324531,-0.0005134517402140984,-0.0005134517419505307,-0.001027078954185274,0.001694937061397339,0.0005134517401958279
3,0.0024144158113436173,-10.24921253837435,-0.00175490410048651,-12.0,5.121973895487406,12.0,-0.0001571771563894236,-0.0005123728799766804,-0.0005123728817136935,-0.001024921253837435,0.001694368118072109,0.0005123728799587893
3,0.0024146158113436175,-10.22761968593165,-0.001755214567292107,-12.0,5.111177003562739,12.0,-0.0001598383590737731,-0.0005112932218286013,-0.0005112932235682177,-0.001022761968593165,0.001693790599190614,0.0005112932218130031
3,0.0024148158113436176,-10.20601060725813,-0.001755497121434857,-12.0,5.100372040391941,12.0,-0.0001625029358258145,-0.0005102127537667136,-0.0005102127555068347,-0.001020601060725813,0.001693214021880718,0.0005102127537513376
3,0.0024150158113436177,-10.18438573013927,-0.001755882982198198,-12.0,5.089559023037509,12.0,-0.0001651613588179099,-0.0005091314906153558,-0.0005091314923578537,-0.001018438573013927,0.001692628915910932,0.0005091314906019708
3,0.002415215811343618,-10.16274468388044,-0.001756237202127586,-12.0,5.078737968574657,12.0,-0.0001678231192281804,-0.0005080494205909605,-0.0005080494223339157,-0.001016274468388044,0.0016920447236215,0.0005080494205776785
3,0.002415415811343618,-10.14108789204277,-0.001756689575433512,-12.0,5.06790889409134,12.0,-0.0001704787641624711,-0.0005069665583782182,-0.000506966560123367,-0.001014108789204277,0.001691452049152997,0.0005069665583666773
3,0.002415615811343618,-10.11941499005703,-0.001757107179542583,-12.0,5.057071816688127,12.0,-0.0001731377098630332,-0.0005058828923982946,-0.0005058828941438741,-0.001011941499005703,0.001690860260725624,0.000505882892386767
3,0.002415815811343618,-10.09772639733938,-0.001757618410182182,-12.0,5.046226753478229,12.0,-0.0001757905777017912,-0.0005047984371988366,-0.0005047984389464597,-0.001009772639733938,0.001690260036194657,0.0005047984371888411
3,0.0024160158113436182,-10.07602175505666,-0.001758092239931397,-12.0,5.035373721587511,12.0,-0.0001784467096868705,-0.0005037131813927936,-0.0005037131831408364,-0.001007602175505666,0.001689660670310955,0.0005037131813827441
3,0.0024162158113436184,-10.05430147857255,-0.001758655696895595,-12.0,5.024512738154376,12.0,-0.0001810968008036165,-0.0005026271393938203,-0.0005026271411437829,-0.001005430147857255,0.001689052914004119,0.0005026271393851272
3,0.0024164158113436185,-10.03256521444766,-0.00175917953482152,-12.0,5.0136438203298,12.0,-0.0001837501195055477,-0.0005015402999952597,-0.0005015403017456418,-0.001003256521444766,0.001688445989188381,0.0005015402999864622
3,0.0024166158113436186,-10.01081337409331,-0.0017597894476582,-12.0,5.002766985277272,12.0,-0.0001863974337532673,-0.0005004526774800834,-0.0005004526792322825,-0.001001081337409331,0.001687830719243721,0.000500452677472493
3,0.0024168158113436187,-9.989045609160762,-0.001760357869315499,-12.0,4.99188225017283,12.0,-0.0001890479391048611,-0.0004993642608119464,-0.0004993642625645724,-0.0009989045609160763,0.001687216253867141,0.0004993642608042146
3,0.002417015811343619,-9.967262327213785,-0.001761009194562124,-12.0,4.980989632204956,12.0,-0.000191692475872085,-0.0004982750641466039,-0.0004982750659009612,-0.0009967262327213785,0.001686593488277821,0.0004982750641399518
3,0.002417215811343619,-9.94546318472359,-0.001761617447399555,-12.0,4.97008914857452,12.0,-0.0001943401673581563,-0.0004971850766090126,-0.0004971850783638095,-0.000994546318472359,0.001685971500560823,0.000497185076602192
3,0.002417415811343619,-9.923648585512888,-0.001762305758956639,-12.0,4.959180816494951,12.0,-0.0001969819256156524,-0.0004960943122312407,-0.0004960943139876966,-0.0009923648585512888,0.001685341257178119,0.0004960943122253907
3,0.002417615811343619,-9.901818190630232,-0.001762949662427626,-12.0,4.948264653191977,12.0,-0.0001996268023161246,-0.0004950027602914781,-0.0004950027620483902,-0.0009901818190630233,0.001684711765193692,0.0004950027602854405
3,0.0024178158113436193,-9.879972400263817,-0.001763671061031591,-12.0,4.937340675903649,12.0,-0.0002022657806557138,-0.0004939104347016295,-0.0004939104364601394,-0.0009879972400263818,0.001684074061729879,0.0004939104346964681
3,0.0024180158113436194,-9.858110879819957,-0.001764346923998072,-12.0,4.926408901880512,12.0,-0.0002049078412816596,-0.0004928173248858132,-0.000492817326644798,-0.0009858110879819957,0.001683437083406902,0.0004928173248804511
3,0.0024182158113436195,-9.836234025958237,-0.001765097961914819,-12.0,4.915469348385265,12.0,-0.0002075440379493004,-0.0004917234446392861,-0.0004917234463998162,-0.0009836234025958237,0.001682791937436923,0.000491723444634718
3,0.0024184158113436196,-9.81434150824333,-0.001765802513787218,-12.0,4.904522032692959,12.0,-0.0002101832808736326,-0.0004906287835254519,-0.0004906287852864771,-0.000981434150824333,0.001682147490562613,0.0004906287835206748
3,0.0024186158113436197,-9.792433719909708,-0.001766580132081863,-12.0,4.893566972090929,12.0,-0.000212816693797066,-0.0004895333552263558,-0.0004895333569888813,-0.0009792433719909709,0.001681494919527626,0.0004895333552223011
3,0.00241881581134362,-9.77051033449891,-0.001767310465102145,-12.0,4.882604183878697,12.0,-0.0002154531170803914,-0.0004884371494386486,-0.0004884371512016905,-0.0009770510334498911,0.001680843021751421,0.00048843714943438
3,0.00241901581134362,-9.748571741921111,-0.001768111940957606,-12.0,4.871633685367999,12.0,-0.0002180837438929967,-0.0004873401797345047,-0.0004873401814990077,-0.0009748571741921111,0.00168018304296158,0.0004873401797308956
3,0.00241921581134362,-9.726617619528042,-0.001768865461753588,-12.0,4.860655493882737,12.0,-0.0002207173453063066,-0.0004862424359382741,-0.0004862424377033144,-0.0009726617619528042,0.001679523711796693,0.0004862424359344491
3,0.00241941581134362,-9.704648354003732,-0.001769688363985278,-12.0,4.849669626759004,12.0,-0.0002233451833675432,-0.0004851439315155198,-0.0004851439332819873,-0.0009704648354003732,0.00167885634243381,0.000485143931512299
3,0.0024196158113436203,-9.682663626356897,-0.001770462752568758,-12.0,4.838676101344968,12.0,-0.0002259759604111844,-0.0004840446564131904,-0.0004840446581802164,-0.0009682663626356898,0.001678189595261337,0.0004840446564097537
3,0.0024198158113436204,-9.660663820140043,-0.001771304904055082,-12.0,4.82767493500089,12.0,-0.0002286010068244249,-0.000482944623993376,-0.0004829446257617994,-0.0009660663820140043,0.001677514852380546,0.0004829446239904945
3,0.0024200158113436205,-9.63864861987736,-0.001772098079035445,-12.0,4.816666145099146,12.0,-0.0002312289567449471,-0.0004818438243209137,-0.0004818438260899162,-0.000963864861987736,0.001676840706452243,0.0004818438243178181
3,0.0024202158113436206,-9.616618406081365,-0.001772957524671437,-12.0,4.8056497490241,12.0,-0.0002338512083727984,-0.0004807422706574611,-0.0004807422724278347,-0.0009616618406081365,0.001676158606985445,0.0004807422706548772
3,0.0024204158113436207,-9.594572866660478,-0.001773767613619803,-12.0,4.794625764172133,12.0,-0.0002364763281778731,-0.0004796399531813704,-0.0004796399549523429,-0.0009594572866660478,0.001675477079425058,0.0004796399531785753
3,0.002420615811343621,-9.572512379175228,-0.00177464259302651,-12.0,4.78359420795165,12.0,-0.00023909578165561,-0.0004785368850567901,-0.00047853688682911,-0.0009572512379175228,0.001674787640183473,0.0004785368850544677
3,0.002420815811343621,-9.550436634796517,-0.001775467907063621,-12.0,4.772555097782984,12.0,-0.0002417180681266173,-0.0004774330565715345,-0.0004774330583444726,-0.0009550436634796518,0.001674098747991182,0.0004774330565690048
3,0.002421015811343621,-9.528346008217405,-0.001776356831177495,-12.0,4.761508451098368,12.0,-0.0002443347198744505,-0.0004763284807950464,-0.0004763284825693114,-0.0009528346008217405,0.001673401985667344,0.0004763284807929545
3,0.002421215811343621,-9.506240193757527,-0.001777195843227997,-12.0,4.750454285341963,12.0,-0.0002469541695780814,-0.0004752231481208136,-0.000475223149895715,-0.0009506240193757528,0.001672705745721204,0.0004752231481185192
3,0.0024214158113436213,-9.484119563323935,-0.001778097274104606,-12.0,4.739392617969837,12.0,-0.0002495680158113717,-0.0004741170715262823,-0.0004741170733024915,-0.0009484119563323935,0.001672001676891521,0.0004741170715243941
3,0.0024216158113436214,-9.461983814278899,-0.001778948600070329,-12.0,4.728323466449858,12.0,-0.0002521846251098137,-0.0004730102415070783,-0.0004730102432839415,-0.0009461983814278899,0.00167129810595068,0.0004730102415049929
3,0.0024218158113436215,-9.439833315821303,-0.001779861233553337,-12.0,4.71724684826171,12.0,-0.0002547956618487585,-0.0004719026709512337,-0.0004719026727293876,-0.0009439833315821304,0.001670586747078318,0.0004719026709495264
3,0.0024220158113436216,-9.417667768256575,-0.001780723616088498,-12.0,4.706162780896918,12.0,-0.000257409426908814,-0.0004707943504532001,-0.0004707943522320243,-0.0009417667768256575,0.001669875861784798,0.0004707943504513006
3,0.0024222158113436218,-9.395487538150428,-0.001781646266687531,-12.0,4.69507128185872,12.0,-0.0002600176499868156,-0.0004696852928140876,-0.0004696852945941871,-0.0009395487538150428,0.001669157229221563,0.0004696852928125408
3,0.002422415811343622,-9.373292328657893,-0.001782518561112223,-12.0,4.683972368662093,12.0,-0.0002626285667880618,-0.0004685754887240538,-0.000468575490504839,-0.0009373292328657894,0.001668439046103476,0.0004685754887223205
3,0.002422615811343622,-9.351082503783335,-0.001783450148934218,-12.0,4.672866058833765,12.0,-0.0002652339718593882,-0.000467464950899674,-0.00046746495268172,-0.0009351082503783336,0.001667713156092154,0.00046746495089827
3,0.002422815811343622,-9.328857769443612,-0.001784331310926923,-12.0,4.661752369912103,12.0,-0.0002678420362016432,-0.0004663536701238875,-0.0004663536719066343,-0.0009328857769443612,0.001666987691566257,0.000466353670122303
3,0.002423015811343622,-9.3066184871505,-0.001785270850281684,-12.0,4.650631319447119,12.0,-0.0002704446187484916,-0.0004652416590310165,-0.0004652416608150109,-0.00093066184871505,0.001666254560242497,0.0004652416590297401
3,0.0024232158113436223,-9.284364365499757,-0.001786159925183828,-12.0,4.639502925000503,12.0,-0.0002730498262585868,-0.00046412890849402,-0.0004641289102787287,-0.0009284364365499757,0.001665521830615968,0.0004641289084925687
3,0.0024234158113436224,-9.262095763576824,-0.001787106514567594,-12.0,4.628367204145494,12.0,-0.0002756495815971899,-0.0004630154310671684,-0.0004630154328531128,-0.0009262095763576824,0.001664781474011834,0.0004630154310660062
3,0.0024236158113436226,-9.239812392577981,-0.001788002628022589,-12.0,4.61722417446693,12.0,-0.000278251927735243,-0.0004619012177108267,-0.000461901219497498,-0.0009239812392577982,0.001664041495483937,0.0004619012177094953
3,0.0024238158113436227,-9.21751460922557,-0.001788955441411666,-12.0,4.606073853561113,12.0,-0.0002808488510218921,-0.0004607862809013125,-0.000460786282689208,-0.0009217514609225571,0.001663293929528464,0.0004607862809002525
3,0.0024240158113436228,-9.19520212724244,-0.001789857791084426,-12.0,4.594916259036016,12.0,-0.0002834483310866776,-0.0004596706116839335,-0.0004596706134725678,-0.0009195202127242441,0.001662546718195435,0.00045967061168271
3,0.002424215811343623,-9.172875301048839,-0.001790816070211587,-12.0,4.58375140851094,12.0,-0.0002860424173229265,-0.0004585542224590836,-0.0004585542242489313,-0.000917287530104884,0.00166179195871774,0.0004585542224581153
3,0.002424415811343623,-9.150533846823691,-0.001791723918607602,-12.0,4.572579319616694,12.0,-0.0002886390264575794,-0.0004574371043546561,-0.0004574371061452542,-0.0009150533846823692,0.001661037530571563,0.0004574371043535302
3,0.002424615811343623,-9.128178116743575,-0.00179268696620527,-12.0,4.56140000999561,12.0,-0.0002912302704950742,-0.0004563192696970673,-0.0004563192714888685,-0.0009128178116743575,0.001660275593302951,0.0004563192696961816
3,0.0024248158113436232,-9.105807829377094,-0.001793599634182019,-12.0,4.550213497301278,12.0,-0.0002938240036914896,-0.0004552007096945838,-0.0004552007114871456,-0.0009105807829377094,0.001659513964236137,0.0004552007096935461
3,0.0024250158113436233,-9.083423334712943,-0.001794566808048348,-12.0,4.539019799198731,12.0,-0.0002964124002368534,-0.0004540814366014892,-0.0004540814383952448,-0.0009083423334712943,0.001658744864811768,0.000454081436600678
3,0.0024252158113436235,-9.061024353646047,-0.001795483669206899,-12.0,4.527818933364377,12.0,-0.0002990032523406405,-0.0004529614417043163,-0.000452961443498842,-0.0009061024353646048,0.001657976050618126,0.0004529614417033583
3,0.0024254158113436236,-9.038611234031343,-0.0017964543768203,-12.0,4.516610917485897,12.0,-0.0003015887959593455,-0.0004518407371870159,-0.0004518407389827262,-0.0009038611234031343,0.001657199804578791,0.0004518407371862718
3,0.0024256158113436237,-9.016183699029574,-0.001797374852507527,-12.0,4.505395769262277,12.0,-0.000304176761673644,-0.0004507193144123639,-0.0004507193162088533,-0.0009016183699029574,0.001656423820956765,0.0004507193144114785
3,0.002425815811343624,-8.9937420944136,-0.001798348546375728,-12.0,4.494173506403751,12.0,-0.0003067594467942303,-0.0004495971854956959,-0.0004495971872933613,-0.00089937420944136,0.001655640443752437,0.0004495971854950127
3,0.002426015811343624,-8.971286145552636,-0.001799272101173699,-12.0,4.482944146631836,12.0,-0.0003093445206840129,-0.0004484743418741205,-0.0004484743436725731,-0.0008971286145552636,0.001654857306305213,0.000448474341873301
3,0.002426215811343624,-8.948816196187286,-0.001800248274634875,-12.0,4.471707707679208,12.0,-0.000311924341601863,-0.0004473507955960126,-0.0004473507973956325,-0.0008948816196187287,0.001654066813294497,0.0004473507955953843
3,0.002426415811343624,-8.926331973840243,-0.001801174412437323,-12.0,4.460464207289722,12.0,-0.0003145065180973072,-0.0004462265381709755,-0.0004462265399713903,-0.0008926331973840244,0.00165327653753411,0.000446226538170216
3,0.0024266158113436243,-8.903833820267714,-0.001802152595933748,-12.0,4.449213663218432,12.0,-0.0003170834689780883,-0.0004451015815820148,-0.000445101583383589,-0.0008903833820267715,0.001652478943988123,0.0004451015815814365
3,0.0024268158113436244,-8.881321465093603,-0.001803080856351613,-12.0,4.437956093231465,12.0,-0.0003196627423783932,-0.0004439759174094865,-0.0004439759192118625,-0.0008881321465093603,0.001651681545335792,0.0004439759174087817
3,0.0024270158113436245,-8.858795248135664,-0.001804060614119418,-12.0,4.426691515106047,12.0,-0.0003222368172612622,-0.0004428495575725494,-0.0004428495593760772,-0.0008858795248135664,0.001650876866439499,0.0004428495575720166
3,0.0024272158113436246,-8.836254901068855,-0.00180499056933936,-12.0,4.415419946630514,12.0,-0.0003248131817377847,-0.0004417224937206401,-0.0004417224955249758,-0.0008836254901068856,0.001650072360228849,0.0004417224937199853
3,0.0024274158113436247,-8.813700761816994,-0.001805971496378955,-12.0,4.404141405604213,12.0,-0.0003273843745387889,-0.0004405947377105508,-0.0004405947395160308,-0.0008813700761816994,0.001649260611082504,0.0004405947377100592
3,0.002427615811343625,-8.791132564057959,-0.00180690274834383,-12.0,4.392855909837436,12.0,-0.000329957824138194,-0.0004394662812591871,-0.0004394662830654808,-0.000879113256405796,0.00164844901256056,0.000439466281258578
3,0.002427815811343625,-8.768550643864279,-0.00180788446778557,-12.0,4.381563477151616,12.0,-0.000332526128653074,-0.0004383371361623941,-0.0004383371379698247,-0.0008768550643864279,0.001647630208181927,0.0004383371361619402
3,0.002428015811343625,-8.745954736871017,-0.001808816645573863,-12.0,4.370264125378982,12.0,-0.0003350966573004432,-0.0004372072942030228,-0.0004372072960112721,-0.0008745954736871017,0.001646811532511339,0.0004372072942024556
3,0.002428215811343625,-8.723345177340398,-0.001809798806295504,-12.0,4.358957872362768,12.0,-0.0003376620672075614,-0.000436076767117326,-0.0004360767689267052,-0.0008723345177340399,0.001645985687836804,0.0004360767671169064
3,0.0024284158113436253,-8.700721702820449,-0.001810731563887114,-12.0,4.347644735957077,12.0,-0.0003402296687092798,-0.0004349455467526252,-0.0004349455485628281,-0.0008700721702820449,0.001645159950097064,0.0004349455467520965
3,0.0024286158113436254,-8.67808464580299,-0.001811713838287599,-12.0,4.336324734026926,12.0,-0.000342792177572257,-0.0004338136447869096,-0.0004338136465982351,-0.000867808464580299,0.001644327079984631,0.0004338136447865214
3,0.0024288158113436255,-8.655433745706638,-0.001812646852482835,-12.0,4.324997884448126,12.0,-0.0003453568456184136,-0.0004326810531305543,-0.0004326810549427079,-0.0008655433745706639,0.001643494295175185,0.0004326810531300609
3,0.0024290158113436256,-8.632769333290957,-0.00181362893458914,-12.0,4.313664205107306,12.0,-0.0003479164468887658,-0.0004315477834045491,-0.0004315477852178184,-0.0008632769333290957,0.001642654414405254,0.0004315477834041895
3,0.0024292158113436257,-8.610091149804486,-0.001814561903135115,-12.0,4.302323713901921,12.0,-0.0003504781750562208,-0.0004304138275809665,-0.0004304138293950675,-0.0008610091149804486,0.001641814597445612,0.0004304138275805056
3,0.002429415811343626,-8.587399524311575,-0.001815543506807682,-12.0,4.290976428740141,12.0,-0.0003530348620760237,-0.0004292791972250282,-0.0004292791990402384,-0.0008587399524311576,0.001640967720722086,0.0004292791972246949
3,0.002429615811343626,-8.564694199851443,-0.00181647614673297,-12.0,4.279622367540861,12.0,-0.0003555936438305318,-0.0004281438843691904,-0.0004281438861852356,-0.0008564694199851443,0.001640120886454488,0.0004281438843687595
3,0.002429815811343626,-8.541975503828866,-0.001817457004091416,-12.0,4.268261548233726,12.0,-0.0003581474098344889,-0.000427007900524091,-0.0004270079023412388,-0.0008541975503828866,0.001639267028407998,0.0004270079005237818
3,0.002430015811343626,-8.519243181036208,-0.001818389050139757,-12.0,4.256893988759003,12.0,-0.0003607032385332942,-0.0004258712377813178,-0.0004258712395993034,-0.0008519243181036208,0.001638413191599408,0.0004258712377809143
3,0.0024302158113436263,-8.496497557253043,-0.001819368910130237,-12.0,4.245519707067639,12.0,-0.000363254076651387,-0.000424733907598064,-0.0004247339094171457,-0.0008496497557253043,0.001637552366786865,0.0004247339075977769
3,0.0024304158113436264,-8.473738378988486,-0.001820300113421602,-12.0,4.23413872112111,12.0,-0.0003658069455455548,-0.000423595902123831,-0.0004235959039437532,-0.0008473738378988486,0.001636691542129198,0.0004235959021234532
3,0.0024306158113436265,-8.450965970430294,-0.001821278740476995,-12.0,4.222751048891645,12.0,-0.0003683548488048471,-0.000422457232763479,-0.0004224572345844909,-0.0008450965970430295,0.001635823765038014,0.0004224572327632123
3,0.0024308158113436266,-8.428180079769508,-0.001822208867198416,-12.0,4.211356708361867,12.0,-0.000370904751041401,-0.0004213178917232609,-0.0004213178935451155,-0.0008428180079769508,0.001634955967151241,0.0004213178917229066
3,0.0024310158113436267,-8.405381029634015,-0.001823186040111224,-12.0,4.19995571752498,12.0,-0.0003734497123686342,-0.0004201778903567572,-0.0004201778921796952,-0.0008405381029634015,0.001634081252197883,0.0004201778903565092
3,0.002431215811343627,-8.38256856986306,-0.001824114870399018,-12.0,4.188548094384783,12.0,-0.0003759966409927623,-0.0004190372209258508,-0.0004190372227496331,-0.0008382568569863061,0.001633206495630812,0.0004190372209255182
3,0.002431415811343627,-8.359743021556083,-0.001825090381152528,-12.0,4.177133856955409,12.0,-0.0003785386532161733,-0.0004178958947338872,-0.0004178958965587466,-0.0008359743021556083,0.00163232485716458,0.0004178958947336562
3,0.002431615811343627,-8.336904136167657,-0.001826017708105088,-12.0,4.165713023261494,12.0,-0.0003810826011733381,-0.0004167539040972722,-0.0004167539059229777,-0.0008336904136167657,0.001631443156396295,0.0004167539040969599
3,0.002431815811343627,-8.31405223329888,-0.001826991360933228,-12.0,4.154285611338127,12.0,-0.0003836216570245465,-0.0004156112602701212,-0.0004156112620968974,-0.0008314052233298881,0.001630554608699875,0.0004156112602699061
3,0.0024320158113436273,-8.291187065988494,-0.001827916989560308,-12.0,4.142851639230736,12.0,-0.0003861626171624555,-0.0004144679556223233,-0.0004144679574499467,-0.0008291187065988494,0.001629665978141959,0.0004144679556220297
3,0.0024322158113436274,-8.268308952368221,-0.001828888600079459,-12.0,4.131411124995105,12.0,-0.0003886987092787397,-0.0004133240013597189,-0.0004133240031884071,-0.0008268308952368221,0.001628770535432755,0.0004133240013595185
3,0.0024324158113436275,-8.24541764703052,-0.001829812346490378,-12.0,4.119964086697402,12.0,-0.0003912366743492601,-0.0004121793899046655,-0.0004121793917342014,-0.000824541764703052,0.001627874989429845,0.0004121793899043893
3,0.0024326158113436277,-8.222513466666175,-0.001830781740817855,-12.0,4.108510542414044,12.0,-0.0003937697952750979,-0.0004110341324156729,-0.0004110341342462679,-0.0008222513466666176,0.001626972665861426,0.0004110341324154862
3,0.0024328158113436278,-8.199596167391869,-0.001831703431436793,-12.0,4.097050510231744,12.0,-0.000396304757936311,-0.0004098882213665781,-0.0004098882231980216,-0.0008199596167391869,0.001626070218693543,0.0004098882213663181
3,0.002433015811343628,-8.176666064484724,-0.001832670445477191,-12.0,4.085584008247441,12.0,-0.0003988349001254055,-0.0004087416678694663,-0.0004087416697019624,-0.0008176666064484725,0.001625161028357636,0.0004087416678692918
3,0.002433215811343628,-8.153722915557317,-0.001833589916282463,-12.0,4.074111054568336,12.0,-0.0004013668529433689,-0.0004075944644487068,-0.0004075944662820518,-0.0008153722915557318,0.001624251694240852,0.0004075944644484618
3,0.002433415811343628,-8.130767034499732,-0.001834554395020671,-12.0,4.062631667311791,12.0,-0.0004038940087603138,-0.0004064466221708441,-0.0004064466240052355,-0.0008130767034499732,0.001623335651168234,0.0004064466221706813
3,0.002433615811343628,-8.107798180392718,-0.001835471490922558,-12.0,4.05114586460526,12.0,-0.000406422944210616,-0.0004052981336098492,-0.0004052981354450898,-0.0008107798180392719,0.001622419444256562,0.0004052981336096183
3,0.0024338158113436283,-8.084816665765018,-0.001836433287800698,-12.0,4.039653664586476,12.0,-0.0004089471059327832,-0.0004041490097875798,-0.0004041490116238609,-0.0008084816665765019,0.001621496562418057,0.0004041490097874277
3,0.0024340158113436284,-8.061822251139168,-0.00183734786195533,-12.0,4.028155085403172,12.0,-0.0004114730164027358,-0.0004029992433267307,-0.0004029992451638606,-0.0008061822251139168,0.001620573496804223,0.0004029992433265128
3,0.0024342158113436286,-8.038815247707348,-0.001838306838329196,-12.0,4.016650145213112,12.0,-0.000413994176221677,-0.0004018488452052864,-0.0004018488470434509,-0.0008038815247707348,0.00161964379011259,0.0004018488452051442
3,0.0024344158113436287,-8.015795417407855,-0.001839218751651828,-12.0,4.005138862184262,12.0,-0.0004165170540117169,-0.0004006978080937972,-0.0004006978099328102,-0.0008015795417407855,0.001618713879830258,0.0004006978080935914
3,0.0024346158113436288,-7.992763070120879,-0.001840174776162939,-12.0,3.993621254494447,12.0,-0.0004190352040350787,-0.000399546142927194,-0.0003995461447672358,-0.000799276307012088,0.001617777362141415,0.000399546142927061
3,0.002434815811343629,-7.969717969175226,-0.001841083896812368,-12.0,3.982097340331556,12.0,-0.000421555041360322,-0.0003983938424230311,-0.0003983938442639206,-0.0007969717969175226,0.001616840621165738,0.0003983938424228368
3,0.002435015811343629,-7.946660423162483,-0.001842036844978079,-12.0,3.970567137893406,12.0,-0.0004240701736132058,-0.0003972409174739628,-0.0003972409193158753,-0.0007946660423162483,0.001615897306279757,0.0003972409174738384
3,0.002435215811343629,-7.923590196777887,-0.001842943047813073,-12.0,3.959030665387794,12.0,-0.0004265869626053909,-0.0003960873608437444,-0.0003960873626865037,-0.0007923590196777888,0.001614953748529158,0.0003960873608435608
3,0.0024354158113436292,-7.900507597347253,-0.001843892801553615,-12.0,3.947487941032368,12.0,-0.0004290990690320184,-0.0003949331833835086,-0.000394933185227285,-0.0007900507597347253,0.001614003650191431,0.0003949331833833922
3,0.0024356158113436293,-7.877412390908487,-0.001844795967756774,-12.0,3.935938983054649,12.0,-0.0004316128017409215,-0.0003937783779024143,-0.0003937783797470366,-0.0007877412390908488,0.00161305328952821,0.0003937783779022405
3,0.0024358158113436295,-7.854304883543871,-0.001845742414974705,-12.0,3.92438380969205,12.0,-0.0004341218742061614,-0.0003926229552108116,-0.0003926229570564449,-0.0007854304883543871,0.00161209642143112,0.0003926229552107024
3,0.0024360158113436296,-7.831184842611166,-0.001846642431604373,-12.0,3.912822439191752,12.0,-0.0004366325426008455,-0.0003914669081625002,-0.0003914669100089781,-0.0007831184842611166,0.001611139271663453,0.0003914669081623357
3,0.0024362158113436297,-7.808052572970606,-0.001847585465819535,-12.0,3.90125488981072,12.0,-0.0004391385728917119,-0.0003903102475277562,-0.0003903102493752394,-0.0007808052572970607,0.001610175647447198,0.0003903102475276539
3,0.00243641581134363,-7.784907843277479,-0.001848482225460746,-12.0,3.889681179815726,12.0,-0.000441646168862414,-0.0003891529662042746,-0.0003891529680526009,-0.000778490784327748,0.001609211722329862,0.0003891529662041187
3,0.00243661581134363,-7.761750957191119,-0.001849421745413693,-12.0,3.878101327483222,12.0,-0.0004441491486893434,-0.0003879950749229595,-0.0003879950767722853,-0.0007761750957191119,0.001608241355583739,0.0003879950749228636
3,0.00243681581134363,-7.738581684642559,-0.001850315145845993,-12.0,3.866515351099358,12.0,-0.0004466536640489183,-0.0003868365666246681,-0.0003868365684748357,-0.000773858168464256,0.001607270668819438,0.0003868365666245204
3,0.00243701581134363,-7.715400328110621,-0.001851251055195124,-12.0,3.854923268960007,12.0,-0.0004491535850474071,-0.0003856774520016102,-0.0003856774538527713,-0.0007715400328110622,0.001606293573082729,0.0003856774520015202
3,0.0024372158113436303,-7.692206658781195,-0.001852140999026641,-12.0,3.843325099370647,12.0,-0.0004516550115322981,-0.0003845177240371073,-0.0003845177258891084,-0.0007692206658781195,0.001605316138323376,0.0003845177240369674
3,0.0024374158113436304,-7.669000977972334,-0.001853073206064426,-12.0,3.831720860646339,12.0,-0.0004541518652641796,-0.0003833573933853247,-0.0003833573952383135,-0.0007669000977972335,0.001604332327086788,0.0003833573933852404
3,0.0024376158113436305,-7.645783058104135,-0.001853959600485844,-12.0,3.820110571111743,12.0,-0.0004566501945365009,-0.0003821964530713557,-0.0003821964549251824,-0.0007645783058104135,0.001603348157934281,0.0003821964530712229
3,0.0024378158113436306,-7.622553199353484,-0.001854888017792433,-12.0,3.808494249101173,12.0,-0.0004591439724911106,-0.0003810349137119759,-0.0003810349155667846,-0.0007622553199353484,0.001602357644641172,0.0003810349137118965
3,0.0024380158113436307,-7.599311175354843,-0.001855770774261245,-12.0,3.796871912958322,12.0,-0.0004616391961393962,-0.0003798727683733842,-0.0003798727702290291,-0.0007599311175354843,0.001601366754649003,0.0003798727683732583
3,0.002438215811343631,-7.576057285162421,-0.00185669531854149,-12.0,3.785243581036445,12.0,-0.0004641298897351542,-0.000378710027635573,-0.000378710029492194,-0.0007576057285162422,0.001600369552695935,0.0003787100276354987
3,0.002438415811343631,-7.552791303605678,-0.001857574352531977,-12.0,3.773609271698297,12.0,-0.0004666219992761067,-0.0003775466846052025,-0.0003775466864626573,-0.0007552791303605678,0.001599371955369466,0.0003775466846050829
3,0.002438615811343631,-7.529513528634765,-0.001858494944271705,-12.0,3.761969003316026,12.0,-0.00046910959986185,-0.0003763827498260997,-0.0003763827516845247,-0.0007529513528634766,0.001598368078107704,0.0003763827498260297
3,0.002438815811343631,-7.506223736255024,-0.001859370175082198,-12.0,3.750322794271187,12.0,-0.0004715985867412287,-0.0003752182164447406,-0.0003752182183039971,-0.0007506223736255024,0.001597363786906669,0.0003752182164446269
3,0.0024390158113436313,-7.482922223330387,-0.00186028673837324,-12.0,3.738670662954767,12.0,-0.0004740830855972655,-0.0003740530949693796,-0.0003740530968296007,-0.0007482922223330388,0.001596353247643012,0.000374053094969314
3,0.0024392158113436314,-7.459608767023811,-0.001861158088846793,-12.0,3.727012627767055,12.0,-0.0004765689411917184,-0.0003728873785856981,-0.0003728873804467482,-0.0007459608767023811,0.001595342275980849,0.0003728873785855901
3,0.0024394158113436315,-7.436283663130308,-0.001862070551190254,-12.0,3.715348707117663,12.0,-0.00047905032953105,-0.000371721077766947,-0.0003717210796289559,-0.0007436283663130308,0.001594325087978854,0.0003717210777668853
3,0.0024396158113436316,-7.412946689952462,-0.001862937947536114,-12.0,3.703678919425548,12.0,-0.0004815330451489463,-0.000370554185737411,-0.0003705541876002463,-0.0007412946689952462,0.001593307449224979,0.0003705541857373084
3,0.0024398158113436317,-7.389598142233501,-0.001863846239605227,-12.0,3.69200328311888,12.0,-0.0004840113141186542,-0.0003693867129359066,-0.0003693867147996948,-0.0007389598142233502,0.00159228362570546,0.0003693867129358486
3,0.002440015811343632,-7.366237799398038,-0.001864709611215876,-12.0,3.6803218166351,12.0,-0.0004864908810013058,-0.0003682186526247293,-0.0003682186544893411,-0.0007366237799398039,0.001591259333186157,0.0003682186526246316
3,0.002440215811343632,-7.342865955153967,-0.001865613666717003,-12.0,3.668634538420771,12.0,-0.0004889660216836622,-0.0003670500152088034,-0.0003670500170743625,-0.0007342865955153968,0.001590228887328682,0.0003670500152087488
3,0.002440415811343632,-7.319482390030934,-0.0018664729459692,-12.0,3.656941466931784,12.0,-0.0004914424310069332,-0.0003658807939878683,-0.0003658807958542482,-0.0007319482390030934,0.001589197954327326,0.0003658807939877753
3,0.002440615811343632,-7.296087396717861,-0.001867372701417125,-12.0,3.645242620633077,12.0,-0.0004939144344204838,-0.0003647109993335008,-0.0003647110012008222,-0.0007296087396717861,0.001588160899271163,0.0003647109993334495
3,0.0024408158113436323,-7.27268075683253,-0.001868227823550228,-12.0,3.633538017998661,12.0,-0.0004963876772954845,-0.0003635406245823098,-0.000363540626450449,-0.0007272680756832531,0.001587123339029883,0.0003635406245822212
3,0.0024410158113436324,-7.249262762060549,-0.001869123218161572,-12.0,3.6218276775118,12.0,-0.000498856534396408,-0.0003623696800730445,-0.0003623696819421194,-0.0007249262762060549,0.001586079687874609,0.0003623696800729962
3,0.0024412158113436325,-7.225833195091897,-0.001869974121037288,-12.0,3.610111617664652,12.0,-0.0005013266018708551,-0.0003611981591786534,-0.000361198161048543,-0.0007225833195091898,0.001585035513595012,0.0003611981591785689
3,0.0024414158113436326,-7.202392346624038,-0.001870865096605279,-12.0,3.59838985695846,12.0,-0.0005037923035539627,-0.0003600260722055521,-0.0003600260740763716,-0.0007202392346624038,0.001583985279401623,0.0003600260722055065
3,0.0024416158113436327,-7.178940000403214,-0.001871711720615732,-12.0,3.586662413903566,12.0,-0.0005062591866134558,-0.0003588534125624987,-0.0003588534144341299,-0.0007178940000403214,0.001582934504245792,0.0003588534125624182
3,0.002441815811343633,-7.155476446154093,-0.001872598221283717,-12.0,3.574929307019139,12.0,-0.000508721723712996,-0.0003576801905240851,-0.0003576801923966405,-0.0007155476446154093,0.001581877700037482,0.0003576801905240423
3,0.002442015811343633,-7.132001468663345,-0.001873440509264857,-12.0,3.56319055483337,12.0,-0.0005111854132818783,-0.0003565063995343402,-0.000356506401407704,-0.0007132001468663345,0.001580820337129085,0.0003565063995342635
3,0.002442215811343633,-7.108515356697475,-0.001874322481450807,-12.0,3.551446175883336,12.0,-0.0005136447765732299,-0.0003553320498365191,-0.0003553320517108012,-0.0007108515356697475,0.001579756975892466,0.0003553320498364787
3,0.002442415811343633,-7.085017896068692,-0.00187516037846347,-12.0,3.539696188715047,12.0,-0.0005161052635157815,-0.0003541571349094242,-0.0003541571367845114,-0.0007085017896068692,0.001578693038316925,0.0003541571349093511
3,0.0024426158113436333,-7.061509374599629,-0.001876037770744077,-12.0,3.527940611883321,12.0,-0.0005185614437159536,-0.0003529816649654446,-0.0003529816668414442,-0.0007061509374599629,0.001577623133002637,0.0003529816649654065
3,0.0024428158113436334,-7.037989579113074,-0.001876871224015808,-12.0,3.516179463951801,12.0,-0.000521018718837557,-0.0003518056335176514,-0.0003518056353944529,-0.0007037989579113075,0.001576552633809014,0.0003518056335175817
3,0.0024430158113436335,-7.014458796501837,-0.001877743987000358,-12.0,3.504412763492978,12.0,-0.0005234717066066319,-0.0003506290507480336,-0.0003506290526257419,-0.0007014458796501837,0.001575476197332448,0.0003506290507479978
3,0.0024432158113436337,-6.990916814584909,-0.001878572945775758,-12.0,3.492640529088062,12.0,-0.0005259257606546608,-0.0003494519102034503,-0.0003494519120819567,-0.000699091681458491,0.00157439914953339,0.0003494519102033838
3,0.0024434158113436338,-6.967363919338881,-0.001879441032019979,-12.0,3.480862779327001,12.0,-0.0005283755465965434,-0.0003482742220359358,-0.0003482742239153431,-0.0006967363919338881,0.001573316194775964,0.0003482742220359021
3,0.002443615811343634,-6.943799899564751,-0.00188026544747899,-12.0,3.469079532808503,12.0,-0.0005308263702615279,-0.0003470959798256618,-0.0003470959817058636,-0.0006943799899564752,0.001572232611349367,0.0003470959798255983
3,0.002443815811343634,-6.920225040336452,-0.001881128811343391,-12.0,3.457290808139923,12.0,-0.0005332729449249729,-0.0003459171936951585,-0.0003459171955762554,-0.0006920225040336453,0.001571143151158638,0.0003459171936951267
3,0.002444015811343634,-6.896639131422953,-0.001881948636527575,-12.0,3.445496623937199,12.0,-0.0005357205288414602,-0.0003447378572574334,-0.0003447378591393213,-0.0006896639131422954,0.001570053045048203,0.0003447378572573726
3,0.0024442158113436342,-6.873042457008584,-0.001882807234119266,-12.0,3.433696998825041,12.0,-0.0005381638827213209,-0.000343557980605946,-0.0003435579824887232,-0.0006873042457008584,0.001568957092239365,0.000343557980605916
3,0.0024444158113436343,-6.849434807817035,-0.001883622423760833,-12.0,3.421891951436652,12.0,-0.0005406082174690963,-0.0003423775573860992,-0.0003423775592696637,-0.0006849434807817035,0.001567860476354821,0.0003423775573860413
3,0.0024446158113436344,-6.825816467155672,-0.001884476212862918,-12.0,3.410081500413779,12.0,-0.0005430483410068798,-0.0003411965976626925,-0.0003411965995471404,-0.0006825816467155672,0.001566758043711369,0.0003411965976626642
3,0.0024448158113436346,-6.802187226689385,-0.001885286723392277,-12.0,3.398265664406736,12.0,-0.0005454894171116886,-0.0003400150951130683,-0.0003400150969982996,-0.0006802187226689385,0.001565654930930083,0.0003400150951130129
3,0.0024450158113436347,-6.778547368861403,-0.001886135663313304,-12.0,3.386444462074375,12.0,-0.0005479263006968327,-0.0003388330597737955,-0.0003388330616599045,-0.0006778547368861404,0.001564546031204483,0.0003388330597737689
3,0.002445215811343635,-6.754896686264916,-0.00188694145271473,-12.0,3.374617912083972,12.0,-0.0005503641086316013,-0.0003376504853537217,-0.00033765048724061,-0.0006754896686264916,0.00156343643437179,0.0003376504853536687
3,0.002445415811343635,-6.731235460491064,-0.001887785504288697,-12.0,3.362786033111244,12.0,-0.0005527977426022235,-0.0003364673818615785,-0.0003364673837493387,-0.0006731235460491064,0.001562321080285867,0.0003364673818615533
3,0.002445615811343635,-6.707563485048627,-0.001888586532045267,-12.0,3.35094884384038,12.0,-0.000555232272787809,-0.0003352837430372931,-0.0003352837449258291,-0.0006707563485048627,0.001561205012216238,0.0003352837430372425
3,0.002445815811343635,-6.683881040688814,-0.001889425657501498,-12.0,3.339106362963898,12.0,-0.0005576626474319002,-0.0003340995788621637,-0.0003340995807515656,-0.0006683881040688813,0.001560083216462393,0.00033409957886214
3,0.0024460158113436352,-6.660187921823413,-0.001890221884540466,-12.0,3.327258609182677,12.0,-0.0005600938902380059,-0.0003329148831067701,-0.0003329148849969436,-0.0006660187921823413,0.001558960689939493,0.0003329148831067217
3,0.0024462158113436354,-6.636484408375447,-0.00189105604746187,-12.0,3.31540560120597,12.0,-0.0005625209957937916,-0.0003317296657253656,-0.0003317296676163992,-0.0006636484408375447,0.001557832465181652,0.0003317296657253432
3,0.0024464158113436355,-6.612770295647636,-0.001891847436044092,-12.0,3.303547357751278,12.0,-0.0005649489415399944,-0.0003305439205187786,-0.0003305439224105796,-0.0006612770295647637,0.001556703492960221,0.0003305439205187322
3,0.0024466158113436356,-6.589045862746273,-0.001892676601312537,-12.0,3.291683897544402,12.0,-0.0005673727681974883,-0.0003293576574145926,-0.000329357659307248,-0.0006589045862746273,0.001555568851833611,0.0003293576574145715
3,0.0024468158113436357,-6.565310905852908,-0.001893463115015592,-12.0,3.279815239319299,12.0,-0.0005697974071541267,-0.0003281708702434759,-0.0003281708721368946,-0.0006565310905852908,0.001554433446638859,0.0003281708702434315
3,0.002447015811343636,-6.541565703268472,-0.001894287248719984,-12.0,3.267941401818284,12.0,-0.0005722179450554365,-0.0003269835689067204,-0.0003269835708009876,-0.0006541565703268473,0.001553292401752004,0.0003269835689067004
3,0.002447215811343636,-6.517810052041846,-0.001895068852323156,-12.0,3.25606240379175,12.0,-0.0005746392674444989,-0.0003257957472644499,-0.0003257957491594762,-0.0006517810052041847,0.001552150576281108,0.0003257957472644073
3,0.002447415811343636,-6.494044229679419,-0.001895887921761208,-12.0,3.244178263998189,12.0,-0.0005770565066849087,-0.0003246074151920138,-0.0003246074170878829,-0.0006494044229679419,0.00155100314021539,0.0003246074151919951
3,0.002447615811343636,-6.470268034085771,-0.001896664581238383,-12.0,3.232289001204381,12.0,-0.0005794745026806991,-0.0003234185665786027,-0.0003234185684752266,-0.0006470268034085771,0.001549854907138271,0.000323418566578562
3,0.0024478158113436363,-6.446481741983924,-0.001897478554764742,-12.0,3.220394634185029,12.0,-0.0005818884333097518,-0.0003222292112739972,-0.0003222292131714579,-0.0006446481741983924,0.001548701092449312,0.0003222292112739794
3,0.0024480158113436364,-6.422685152122644,-0.001898250237251542,-12.0,3.208495181722943,12.0,-0.0005843030930400006,-0.0003210393431960583,-0.0003210393450942696,-0.0006422685152122644,0.001547546464408689,0.0003210393431960194
3,0.0024482158113436365,-6.398878540452191,-0.001899059084291999,-12.0,3.196590662609067,12.0,-0.0005867137050618865,-0.0003198489721693526,-0.000319848974068395,-0.0006398878540452192,0.001546386283626466,0.0003198489721693359
3,0.0024484158113436366,-6.375061706554752,-0.001899825757949003,-12.0,3.184681095642195,12.0,-0.0005891250186084995,-0.0003186580921400518,-0.0003186580940398402,-0.0006375061706554752,0.001545225273239581,0.0003186580921400144
3,0.0024486158113436367,-6.351234925617893,-0.001900629448995605,-12.0,3.172766499629159,12.0,-0.0005915323019830832,-0.0003174667129078313,-0.0003174667148084449,-0.0006351234925617893,0.00154405873886948,0.0003174667129078154
3,0.002448815811343637,-6.327397998046384,-0.001901391083010573,-12.0,3.160846893384766,12.0,-0.000593940259382808,-0.0003162748284468134,-0.0003162748303481687,-0.0006327397998046384,0.001542891358727649,0.0003162748284467776
3,0.002449015811343637,-6.303551198275596,-0.001902189589479519,-12.0,3.148922295731683,12.0,-0.0005963442040265998,-0.0003150824485321313,-0.0003150824504343058,-0.0006303551198275596,0.001541718483251076,0.0003150824485321163
3,0.002449215811343637,-6.279694327522025,-0.001902946154047402,-12.0,3.13699272550048,12.0,-0.0005987487952720805,-0.000313889567165487,-0.0003138895690683989,-0.0006279694327522025,0.00154054474592108,0.0003138895671654528
3,0.002449415811343637,-6.255827659478792,-0.001903739448295916,-12.0,3.125058201529558,12.0,-0.0006011493910585697,-0.0003126961940977995,-0.0003126961960015249,-0.0006255827659478793,0.001539365541795901,0.0003126961940977854
3,0.0024496158113436373,-6.231950996163803,-0.001904490914532708,-12.0,3.113118742665193,12.0,-0.0006035506060991513,-0.0003115023233580055,-0.0003115023252624636,-0.0006231950996163804,0.00153818545981993,0.0003115023233579726
3,0.0024498158113436374,-6.208064610537781,-0.001905278969797308,-12.0,3.101174367761405,12.0,-0.0006059478428599163,-0.0003103079646731335,-0.0003103079665783992,-0.0006208064610537782,0.001536999939481476,0.0003103079646731203
3,0.0024500158113436375,-6.184168305409655,-0.001906025309732939,-12.0,3.089225095679974,12.0,-0.0006083456716022284,-0.0003091131120990023,-0.0003091131140049961,-0.0006184168305409655,0.001535813525378515,0.0003091131120989707
3,0.0024502158113436376,-6.16026235301739,-0.0019068081000988,-12.0,3.077270945290466,12.0,-0.000610739539127797,-0.000307917775339069,-0.0003079177772458646,-0.000616026235301739,0.001534621701239691,0.0003079177753390565
3,0.0024504158113436377,-6.136346556951016,-0.001907549286599863,-12.0,3.065311935470115,12.0,-0.0006131339714363915,-0.0003067219484757017,-0.0003067219503832209,-0.0006136346556951017,0.001533428967505746,0.0003067219484756715
3,0.002450615811343638,-6.112421188735036,-0.001908326786991044,-12.0,3.053348085103764,12.0,-0.0006155244594768239,-0.0003055256411890874,-0.0003055256430974023,-0.0006112421188735036,0.001532230851957639,0.0003055256411890755
3,0.002450815811343638,-6.088486052730616,-0.001909062793754135,-12.0,3.041379413084049,12.0,-0.0006179154851753965,-0.0003043288475878093,-0.0003043288494968431,-0.0006088486052730616,0.001531031811066619,0.0003043288475877804
3,0.002451015811343638,-6.064541419758402,-0.001909834979820335,-12.0,3.029405938311121,12.0,-0.000620302583440896,-0.0003031315773291053,-0.0003031315792389291,-0.0006064541419758401,0.001529827416479668,0.0003031315773290941
3,0.002451215811343638,-6.040587094940797,-0.001910565781362727,-12.0,3.017427679692696,12.0,-0.0006226901923127304,-0.0003019338245474338,-0.0003019338264579717,-0.0006040587094940797,0.001528622080883058,0.0003019338245474059
3,0.0024514158113436383,-6.016623348403438,-0.001911332629541462,-12.0,3.005444656144081,12.0,-0.000625073890474559,-0.0003007355988773728,-0.0003007356007886948,-0.0006016623348403438,0.001527411419607161,0.0003007355988773622
3,0.0024516158113436384,-5.992649986020702,-0.001912058201087641,-12.0,2.993456886588137,12.0,-0.0006274580722632483,-0.0002995368944789492,-0.0002995368963909807,-0.0005992649986020702,0.001526199801736017,0.0002995368944789225
3,0.0024518158113436385,-5.96866727723228,-0.001912819688512535,-12.0,2.981464389955174,12.0,-0.0006298383599544211,-0.0002983377209643787,-0.0002983377228771884,-0.000596866727723228,0.001524982886100812,0.0002983377209643686
3,0.0024520158113436386,-5.944675028654885,-0.001913540006052372,-12.0,2.969467185182963,12.0,-0.0006322191043647285,-0.0002971380725189273,-0.0002971380744324416,-0.0005944675028654885,0.001523764998365207,0.0002971380725189016
3,0.0024522158113436388,-5.920673509051067,-0.001914296110539837,-12.0,2.957465291216763,12.0,-0.0006345959711805682,-0.0002959379587327397,-0.0002959379606470264,-0.0005920673509051067,0.001522541840681679,0.0002959379587327303
3,0.002452415811343639,-5.896662525770795,-0.001915011150734891,-12.0,2.945458727009184,12.0,-0.0006369732678790652,-0.0002947373738160165,-0.000294737375731003,-0.0005896662525770796,0.001521317695471813,0.0002947373738159919
3,0.002452615811343639,-5.872642346907998,-0.001915761850777908,-12.0,2.933447511520213,12.0,-0.0006393467033783129,-0.000293536327337108,-0.000293536329252861,-0.0005872642346907999,0.00152008830803102,0.0002935363273370992
3,0.002452815811343639,-5.848612780536789,-0.001916471590962976,-12.0,2.921431663717234,12.0,-0.000641720541993962,-0.0002923348135308434,-0.0002923348154472913,-0.0005848612780536789,0.001518857917717664,0.0002923348135308197
3,0.002453015811343639,-5.824574094091107,-0.001917216865660043,-12.0,2.909411202574894,12.0,-0.0006440905356987214,-0.0002911328419440638,-0.0002911328438612724,-0.0005824574094091107,0.001517622312793399,0.0002911328419440555
3,0.0024532158113436393,-5.80052609636017,-0.001917921283832724,-12.0,2.897386147075123,12.0,-0.0006464609058239312,-0.0002899304068359182,-0.0002899304087538169,-0.0005800526096360171,0.00151638568972795,0.0002899304068358956
3,0.0024534158113436394,-5.776469054126224,-0.001918661112893405,-12.0,2.885356516207161,12.0,-0.0006488274472210287,-0.0002887275177320133,-0.0002887275196506665,-0.0005776469054126224,0.001515143879575909,0.0002887275177320054
3,0.0024536158113436395,-5.75240277688497,-0.001919360187642827,-12.0,2.873322328967419,12.0,-0.0006511943384118757,-0.000287524168915528,-0.0002875241708348663,-0.000575240277688497,0.001513901036091891,0.0002875241689155061
3,0.0024538158113436397,-5.728327530775081,-0.001920094551371987,-12.0,2.861283604359537,12.0,-0.000653557416953221,-0.0002863203698910983,-0.0002863203718111855,-0.0005728327530775081,0.00151265303295034,0.0002863203698910909
3,0.0024540158113436398,-5.704243125989954,-0.001920788261903228,-12.0,2.84924036139424,12.0,-0.0006559208187303656,-0.0002851161149656353,-0.0002851161168864025,-0.0005704243125989953,0.001511403981362958,0.0002851161149656143
3,0.00245421581134364,-5.680149828032873,-0.001921517141142859,-12.0,2.837192619089551,12.0,-0.0006582804238337292,-0.0002839114136230764,-0.0002839114155445865,-0.0005680149828032873,0.001510149797453675,0.0002839114136230694
3,0.00245441581134364,-5.6560474477866,-0.001922205467207894,-12.0,2.825140396470434,12.0,-0.000660640325683054,-0.0002827062601937843,-0.0002827062621159696,-0.00056560474477866,0.001508894550060536,0.0002827062601937642
3,0.00245461581134364,-5.631936250126672,-0.00192292884338241,-12.0,2.813083712568974,12.0,-0.0006629964467325666,-0.0002815006641412423,-0.0002815006660641645,-0.0005631936250126672,0.001507634197588703,0.0002815006641412357
3,0.0024548158113436402,-5.607816046616884,-0.001923611765277,-12.0,2.801022586424409,12.0,-0.0006653528381058149,-0.0002802946198189879,-0.0002802946217425804,-0.0005607816046616884,0.00150637276667126,0.0002802946198189686
3,0.0024550158113436403,-5.5836871015131,-0.001924329620281329,-12.0,2.788957037082832,12.0,-0.0006677054644524671,-0.0002790881366703176,-0.000279088138594641,-0.0005583687101513101,0.001505106257826461,0.0002790881366703113
3,0.0024552158113436405,-5.559549227051582,-0.001925007118883215,-12.0,2.776887083597395,12.0,-0.0006700583347677702,-0.0002778812090716463,-0.0002778812109966349,-0.0005559549227051582,0.00150383865564907,0.0002778812090716278
3,0.0024554158113436406,-5.535402686876186,-0.001925719435108775,-12.0,2.764812745028235,12.0,-0.0006724074557306337,-0.0002766738464463402,-0.0002766738483720539,-0.0005535402686876186,0.001502566002605343,0.0002766738464463344
3,0.0024556158113436407,-5.511247293887828,-0.001926391491757773,-12.0,2.752734040442363,12.0,-0.0006747567943733157,-0.0002754660431934299,-0.0002754660451198035,-0.0005511247293887828,0.001501292241416707,0.000275466043193412
3,0.002455815811343641,-5.487083311125693,-0.001927098252107351,-12.0,2.740650988913703,12.0,-0.000677102399239432,-0.0002742578087165866,-0.0002742578106436793,-0.0005487083311125694,0.001500013456333438,0.0002742578087165811
3,0.002456015811343641,-5.462910552147298,-0.001927764848649094,-12.0,2.728563609523026,12.0,-0.0006794481955625931,-0.0002730491374371847,-0.0002730491393649324,-0.0005462910552147298,0.001498733548366493,0.0002730491374371675
3,0.002456215811343641,-5.438729279394692,-0.001928466036465126,-12.0,2.716471921357988,12.0,-0.0006817902735878623,-0.0002718400387394505,-0.0002718400406679113,-0.0005438729279394692,0.001497448643388744,0.0002718400387394453
3,0.002456415811343641,-5.414539307074174,-0.001929127155212429,-12.0,2.704375943512996,12.0,-0.0006841325169128498,-0.0002706305070668374,-0.0002706305089959481,-0.0005414539307074174,0.001496162600861606,0.0002706305070668209
3,0.0024566158113436412,-5.390340897037834,-0.001929822754301869,-12.0,2.692275695089236,12.0,-0.0006864710573228072,-0.0002694205517843587,-0.0002694205537141766,-0.0005390340897037834,0.001494871588120061,0.0002694205517843538
3,0.0024568158113436414,-5.366133864133006,-0.00193047837802296,-12.0,2.680171195194684,12.0,-0.0006888097369399104,-0.0002682101673572867,-0.0002682101692877491,-0.0005366133864133006,0.001493579423236135,0.0002682101673572707
3,0.0024570158113436415,-5.341918469629151,-0.001931168372595327,-12.0,2.668062462943999,12.0,-0.0006911447289301709,-0.0002669993631316641,-0.0002669993650628278,-0.0005341918469629151,0.001492282314848326,0.0002669993631316595
3,0.0024572158113436416,-5.317694529006861,-0.001931818484528502,-12.0,2.655949517458453,12.0,-0.000693479834099231,-0.0002657881335943133,-0.0002657881355261166,-0.0005317694529006861,0.001490984039796972,0.0002657881335942982
3,0.0024574158113436417,-5.293462302959958,-0.001932502859217422,-12.0,2.643832377866124,12.0,-0.0006958112668358774,-0.0002645764880725385,-0.0002645764900050371,-0.0005293462302959959,0.001489680847867048,0.0002645764880725342
3,0.002457615811343642,-5.269221607595094,-0.001933147442971572,-12.0,2.631711063301616,12.0,-0.0006981427867868428,-0.0002633644210744734,-0.0002633644230076061,-0.0005269221607595094,0.001488376474823805,0.0002633644210744588
3,0.002457815811343642,-5.244972703037194,-0.001933826182844767,-12.0,2.619585592906067,12.0,-0.0007004706494072865,-0.0002621519419088953,-0.0002621519438427174,-0.0005244972703037194,0.001487067211443371,0.0002621519419088912
3,0.002458015811343642,-5.220715406011417,-0.001934465222466875,-12.0,2.607455985827356,12.0,-0.0007027985733408237,-0.0002609390451049964,-0.0002609390470394475,-0.0005220715406011417,0.001485756752570289,0.0002609390451049823
3,0.002458215811343642,-5.196449976080967,-0.001935138312922469,-12.0,2.595322261219716,12.0,-0.000705122854954221,-0.0002597257399532678,-0.0002597257418884022,-0.0005196449976080967,0.001484441429818462,0.0002597257399532639
3,0.0024584158113436423,-5.172176230582039,-0.001935771792884289,-12.0,2.583184438243975,12.0,-0.0007074471720421027,-0.0002585120210036996,-0.0002585120229394578,-0.0005172176230582039,0.001483124897265375,0.000258512021003686
3,0.0024586158113436424,-5.147894428522715,-0.001936439219715425,-12.0,2.571042536067393,12.0,-0.0007097678617299097,-0.0002572978975287144,-0.00025729789946515,-0.0005147894428522715,0.001481803527209336,0.0002572978975287108
3,0.0024588158113436425,-5.123604387843289,-0.001937067124832215,-12.0,2.558896573863725,12.0,-0.0007120885611158201,-0.0002560833640988688,-0.0002560833660359229,-0.000512360438784329,0.001480480933112927,0.0002560833640988558
3,0.0024590158113436426,-5.099306367003332,-0.001937728874193079,-12.0,2.546746570813088,12.0,-0.0007144056479323202,-0.0002548684299687316,-0.000254868431906457,-0.0005099306367003332,0.001479153527808752,0.0002548684299687281
3,0.0024592158113436427,-5.075000184539999,-0.001938351189674226,-12.0,2.534592546101976,12.0,-0.0007167227187321878,-0.0002536530897291776,-0.0002536530916675162,-0.0005075000184539999,0.001477824884293877,0.0002536530897291651
3,0.002459415811343643,-5.050686098370915,-0.001939007248064062,-12.0,2.522434518923289,12.0,-0.0007190361917051302,-0.0002524373526171384,-0.0002524373545561425,-0.0005050686098370915,0.001476491455786044,0.0002524373526171353
3,0.002459615811343643,-5.026363927623235,-0.001939623959457126,-12.0,2.510272508476193,12.0,-0.0007213496230079053,-0.0002512212132435771,-0.0002512212151831889,-0.0005026363927623235,0.001475156774965625,0.000251221213243565
3,0.002459815811343643,-5.002033929678964,-0.001940274313728674,-12.0,2.498106533966146,12.0,-0.00072365947113881,-0.0002500046808279905,-0.0002500046827682618,-0.0005002033929678965,0.00147381733528823,0.0002500046808279874
3,0.002460015811343643,-4.977695924248339,-0.001940885406932713,-12.0,2.485936614604916,12.0,-0.000725969252006825,-0.0002487877500011965,-0.0002487877519420703,-0.0004977695924248339,0.001472476629264197,0.0002487877500011849
3,0.0024602158113436433,-4.953350168184222,-0.001941530044239359,-12.0,2.473762769610451,12.0,-0.0007282754642717049,-0.0002475704299654719,-0.0002475704319069991,-0.0004953350168184222,0.001471131190440733,0.0002475704299654691
3,0.0024604158113436434,-4.928996481773071,-0.001942135505500264,-12.0,2.46158501820693,12.0,-0.0007305815837411189,-0.0002463527153712542,-0.0002463527173133786,-0.0004928996481773072,0.001469784471303859,0.0002463527153712431
3,0.0024606158113436435,-4.904635121344721,-0.001942774413333348,-12.0,2.449403379624616,12.0,-0.0007328841490910343,-0.0002451346154037976,-0.0002451346173465694,-0.0004904635121344721,0.001468433045347772,0.000245134615403795
3,0.0024608158113436436,-4.880265907755263,-0.001943374229204098,-12.0,2.437217873100083,12.0,-0.0007351865961725268,-0.0002439161247329394,-0.0002439161266763029,-0.0004880265907755263,0.001467080325178394,0.0002439161247329287
3,0.0024610158113436437,-4.855889096817823,-0.00194400739533207,-12.0,2.42502851787584,12.0,-0.0007374855035338634,-0.0002426972525271197,-0.0002426972544711245,-0.0004855889096817823,0.001465722924093416,0.0002426972525271172
3,0.002461215811343644,-4.831504509951245,-0.001944601552721803,-12.0,2.412835333200524,12.0,-0.0007397842672130506,-0.0002414779934753349,-0.0002414779954199261,-0.0004831504509951245,0.0014643642149616,0.0002414779934753246
3,0.002461415811343644,-4.807112402458044,-0.001945228965203771,-12.0,2.400638338328926,12.0,-0.0007420795054881579,-0.0002402583567294154,-0.000240258358674642,-0.0004807112402458044,0.001463000850742358,0.000240258356729413
3,0.002461615811343644,-4.782712596313586,-0.001945817451281417,-12.0,2.388437552521697,12.0,-0.0007443745747260921,-0.0002390383369973078,-0.0002390383389431152,-0.0004782712596313586,0.001461636164708346,0.0002390383369972978
3,0.002461815811343644,-4.758305346315419,-0.001946439098518216,-12.0,2.376232995045541,12.0,-0.0007466661327937274,-0.0002378179434144081,-0.0002378179453608451,-0.0004758305346315419,0.001460266849340475,0.000237817943414406
3,0.0024620158113436443,-4.733890474988991,-0.001947021900746693,-12.0,2.364024685173157,12.0,-0.0007489574965275358,-0.0002365971707073999,-0.0002365971726544122,-0.0004733890474988991,0.001458896198454462,0.0002365971707073903
3,0.0024622158113436444,-4.709468236633077,-0.001947637771364752,-12.0,2.351812642183113,12.0,-0.0007512453632434191,-0.0002353760279954499,-0.0002353760299430856,-0.0004709468236633077,0.001457520943914825,0.0002353760279954478
3,0.0024624158113436445,-4.685038454316643,-0.001948214877530718,-12.0,2.339596885359877,12.0,-0.0007535330103865256,-0.00023415451002375,-0.0002341545119719557,-0.0004685038454316643,0.001456144340218735,0.0002341545100237408
3,0.0024626158113436446,-4.660601381845463,-0.001948824960434692,-12.0,2.327377433993829,12.0,-0.0007558171745836451,-0.0002329326258954283,-0.0002329326278442514,-0.0004660601381845463,0.001454763158475814,0.0002329326258954264
3,0.0024628158113436448,-4.63615684282592,-0.001949396358574829,-12.0,2.315154307381134,12.0,-0.0007581010940264088,-0.0002317103703739797,-0.0002317103723233672,-0.000463615684282592,0.001453380614001798,0.000231710370373971
3,0.002463015811343645,-4.611705090576406,-0.001950000642945149,-12.0,2.302927524823779,12.0,-0.0007603815445157425,-0.0002304877525466741,-0.000230487754496673,-0.0004611705090576406,0.001451993517016248,0.0002304877525466724
3,0.002463215811343645,-4.587245949234461,-0.001950566321376579,-12.0,2.290697105629502,12.0,-0.0007626617251260126,-0.0002292647671950964,-0.0002292647691456543,-0.0004587245949234462,0.001450605043788578,0.0002292647671950879
3,0.002463415811343645,-4.562779671636868,-0.001951164796629046,-12.0,2.278463069111842,12.0,-0.000764938450696695,-0.0002280414233908488,-0.000228041425342012,-0.0004562779671636868,0.00144921204351306,0.0002280414233908471
3,0.002463615811343645,-4.538306082446279,-0.001951724743920691,-12.0,2.266225434590011,12.0,-0.0007672148813200885,-0.0002268177159334013,-0.0002268177178851179,-0.0004538306082446279,0.001447817653547401,0.0002268177159333932
3,0.0024638158113436453,-4.51382543402326,-0.001952317399747328,-12.0,2.253984221388834,12.0,-0.0007694878707401598,-0.0002255936538788598,-0.0002255936558311756,-0.000451382543402326,0.001446418761927415,0.0002255936538788582
3,0.0024640158113436454,-4.489337551549509,-0.001952871604727902,-12.0,2.241739448838947,12.0,-0.0007717605402005334,-0.0002243692320443754,-0.0002243692339972391,-0.0004489337551549509,0.001445018467231884,0.0002243692320443675
3,0.0024642158113436455,-4.464842686915188,-0.001953458431008137,-12.0,2.229491136276498,12.0,-0.0007740297822171893,-0.000223144459470752,-0.000223144461424209,-0.0004464842686915188,0.001443613696205714,0.0002231444594707506
3,0.0024644158113436457,-4.440340665814851,-0.001954006882788351,-12.0,2.217239303043174,12.0,-0.0007762986793172222,-0.0002219193309926039,-0.0002219193329466032,-0.0004440340665814852,0.00144220750878038,0.0002219193309925963
3,0.0024646158113436458,-4.415831739673533,-0.001954587869659408,-12.0,2.204983968486399,12.0,-0.0007785641626572859,-0.0002206938556356072,-0.0002206938575901937,-0.0004415831739673533,0.001440796870279704,0.0002206938556356058
3,0.002464815811343646,-4.391315734693112,-0.001955130557535156,-12.0,2.192725151958947,12.0,-0.000780829276178896,-0.0002194680282516556,-0.0002194680302067789,-0.0004391315734693113,0.001439384802117305,0.0002194680282516483
3,0.002465015811343646,-4.366792901838646,-0.001955705695389831,-12.0,2.180462872819182,12.0,-0.0007830909895492622,-0.0002182418578514584,-0.0002182418598071628,-0.0004366792901838646,0.001437968308067084,0.0002182418578514572
3,0.002465215811343646,-4.34226306781339,-0.001956242608913916,-12.0,2.168197150430898,12.0,-0.0007853523082539948,-0.0002170153393039882,-0.0002170153412602238,-0.000434226306781339,0.0014365503711537,0.0002170153393039811
3,0.0024654158113436462,-4.317726483127965,-0.001956811888322418,-12.0,2.155928004163379,12.0,-0.0007876102403420737,-0.0002157884816051713,-0.0002157884835619821,-0.0004317726483127965,0.001435128033472677,0.0002157884816051702
3,0.0024656158113436463,-4.293182974981223,-0.001957343017277013,-12.0,2.143655453391266,12.0,-0.0007898677529714904,-0.000214561279640861,-0.0002145612815981973,-0.0004293182974981223,0.001433704239787392,0.0002145612796408542
3,0.0024658158113436465,-4.268632793434421,-0.001957906429048695,-12.0,2.131379517494573,12.0,-0.0007921218924456241,-0.0002133337423923632,-0.0002133337443502686,-0.0004268632793434421,0.001432276070388372,0.0002133337423923622
3,0.0024660158113436466,-4.244075766176366,-0.001958431763434465,-12.0,2.119100215858714,12.0,-0.0007943755877219127,-0.0002121058647622213,-0.0002121058667206466,-0.0004244075766176366,0.001430846431903776,0.0002121058647622149
3,0.0024662158113436467,-4.21951214282421,-0.001958989298565195,-12.0,2.106817567874364,12.0,-0.0007966259232316808,-0.000210877655717294,-0.0002108776576762823,-0.000421951214282421,0.001429412442693845,0.000210877655717293
3,0.002466415811343647,-4.19494175155099,-0.001959508828614842,-12.0,2.094531592937485,12.0,-0.0007988757898577115,-0.0002096491101766162,-0.0002096491121361188,-0.000419494175155099,0.001427976971376643,0.00020964911017661
3,0.002466615811343647,-4.170364841534819,-0.001960060478308767,-12.0,2.082242310449342,12.0,-0.0008011223100348741,-0.000208420237092766,-0.0002084202390528255,-0.0004170364841534819,0.001426537174257114,0.0002084202370927651
3,0.002466815811343647,-4.145781241427556,-0.001960574194443065,-12.0,2.069949739816372,12.0,-0.0008033683366950595,-0.0002071910314010874,-0.0002071910333616557,-0.0004145781241427556,0.001425095882067684,0.0002071910314010815
3,0.002467015811343647,-4.121191199973163,-0.001961119950118162,-12.0,2.057653900450204,12.0,-0.0008056110301529473,-0.0002059615020400332,-0.0002059615040011523,-0.0004121191199973163,0.00142365028893543,0.0002059615020400322
3,0.0024672158113436472,-4.096594546296822,-0.001961627842965941,-12.0,2.045354811767683,12.0,-0.0008078532055133258,-0.0002047316439610707,-0.0002047316459226928,-0.0004096594546296822,0.00142220318782843,0.000204731643961065
3,0.0024674158113436474,-4.071991528713471,-0.001962167696206496,-12.0,2.033052493190749,12.0,-0.0008100920608482554,-0.0002035014660886964,-0.0002035014680508632,-0.0004071991528713471,0.001420751810574744,0.0002035014660886955
3,0.0024676158113436475,-4.047381976816057,-0.001962669756617075,-12.0,2.020746964146405,12.0,-0.0008123303735569631,-0.0002022709633903078,-0.000202270965352972,-0.0004047381976816057,0.001419298912499756,0.0002022709633903022
3,0.0024678158113436476,-4.022766138495227,-0.001963203699220317,-12.0,2.008438244066746,12.0,-0.00081456537934807,-0.0002010401447765974,-0.0002010401467398003,-0.0004022766138495227,0.001417841763011296,0.0002010401447765966
3,0.0024680158113436477,-3.998143843806597,-0.001963699918194672,-12.0,1.996126352389008,12.0,-0.0008167998180359237,-0.0001998090052307256,-0.0001998090071944201,-0.0003998143843806598,0.001416383079912431,0.0001998090052307202
3,0.002468215811343648,-3.973515340221473,-0.001964227942119923,-12.0,1.983811308555277,12.0,-0.0008190309628454961,-0.0001985775536497404,-0.0001985775556139676,-0.0003973515340221473,0.001414920170071832,0.0001985775536497397
3,0.002468415811343648,-3.948880458252475,-0.001964718310909719,-12.0,1.97149313201269,12.0,-0.0008212615161261594,-0.0001973457850323651,-0.0001973457869970783,-0.0003948880458252475,0.001413455713888262,0.00019734578503236
3,0.002468615811343648,-3.924239444956392,-0.00196524040828594,-12.0,1.959171842213363,12.0,-0.0008234887885004705,-0.0001961137082621655,-0.0001961137102274053,-0.0003924239444956392,0.001411987055573327,0.0001961137082621649
3,0.002468815811343648,-3.899592131297892,-0.001965724918279621,-12.0,1.946847458614277,12.0,-0.0008257154449708981,-0.0001948813183532606,-0.0001948813203189806,-0.0003899592131297892,0.001410516838239673,0.0001948813183532557
3,0.0024690158113436483,-3.874938763923752,-0.001966241081443609,-12.0,1.9345200006773,12.0,-0.0008279388334401505,-0.0001936486241758749,-0.0001936486261421154,-0.0003874938763923752,0.001409042443324626,0.0001936486241758743
3,0.0024692158113436484,-3.850279174245459,-0.001966719724219246,-12.0,1.922189487869203,12.0,-0.0008301615816809216,-0.000192415620759347,-0.000192415622726062,-0.000385027917424546,0.001407566476770927,0.0001924156207593423
3,0.0024694158113436485,-3.825613608504612,-0.001967229945648796,-12.0,1.909855939661533,12.0,-0.0008323810747598581,-0.0001911823169607188,-0.0001911823189279482,-0.0003825613608504612,0.001406086357126024,0.0001911823169607182
3,0.0024696158113436486,-3.800941898554259,-0.001967702712981856,-12.0,1.897519375530629,12.0,-0.000834599903335731,-0.0001899487078243657,-0.0001899487097920639,-0.0003800941898554259,0.00140460465327788,0.0001899487078243611
3,0.0024698158113436487,-3.776264290235399,-0.001968206985323739,-12.0,1.885179814957644,12.0,-0.0008368154895238289,-0.0001887148021942972,-0.0001887148041625038,-0.0003776264290235399,0.00140311882076985,0.0001887148021942968
3,0.002470015811343649,-3.751580615837712,-0.001968673869137572,-12.0,1.872837277428411,12.0,-0.00083903038698388,-0.0001874805951297592,-0.0001874805970984287,-0.0003751580615837712,0.00140163139154928,0.0001874805951297548
3,0.002470215811343649,-3.726891120806078,-0.001969172185212642,-12.0,1.860491782433498,12.0,-0.0008412420547659061,-0.0001862460954618716,-0.0001862460974310433,-0.0003726891120806079,0.001400139858041383,0.0001862460954618711
3,0.002470415811343649,-3.702195637861646,-0.001969633177621777,-12.0,1.848143349468059,12.0,-0.0008434530096440296,-0.0001850112982645723,-0.0001850113002342012,-0.0003702195637861646,0.001398646715366159,0.0001850112982645681
3,0.002470615811343649,-3.67749441205777,-0.001970125530392774,-12.0,1.835791998032041,12.0,-0.0008456607474901789,-0.0001837762123562438,-0.0001837762143263689,-0.0003677494412057769,0.001397149492718658,0.0001837762123562433
3,0.0024708158113436493,-3.652787276542328,-0.001970580623641194,-12.0,1.823437747629896,12.0,-0.0008478677483054475,-0.0001825408328253577,-0.0001825408347959343,-0.0003652787276542328,0.001395650648503,0.0001825408328253537
3,0.0024710158113436494,-3.62807447598134,-0.001971067006265148,-12.0,1.811080617770603,12.0,-0.0008500715446718154,-0.0001813051684776872,-0.0001813051704487538,-0.0003628074475981341,0.001394147748573105,0.0001813051684776868
3,0.0024712158113436495,-3.603355843944375,-0.001971516192776912,-12.0,1.79872062796786,12.0,-0.0008522745799287301,-0.0001800692144160676,-0.0001800692163875799,-0.0003603355843944375,0.001392643214727957,0.0001800692144160637
3,0.0024714158113436496,-3.578631624714869,-0.001971996598505443,-12.0,1.78635779773971,12.0,-0.0008544744232577284,-0.0001788329794338219,-0.0001788329814058182,-0.0003578631624714869,0.001391134649370157,0.0001788329794338216
3,0.0024716158113436497,-3.55390165227899,-0.001972439870898235,-12.0,1.773992146608749,12.0,-0.0008566734814466626,-0.0001775964586479684,-0.0001775964606204046,-0.000355390165227899,0.001389624437803161,0.0001775964586479647
3,0.00247181581134365,-3.529166170541842,-0.001972914293144612,-12.0,1.761623694102062,12.0,-0.0008588693601671304,-0.0001763596608395209,-0.0001763596628124349,-0.0003529166170541843,0.001388110218869337,0.0001763596608395206
3,0.00247201581134365,-3.504425013901674,-0.001973351644142696,-12.0,1.749252459751106,12.0,-0.000861064429764663,-0.0001751225811395285,-0.0001751225831128766,-0.0003504425013901675,0.00138659434148497,0.0001751225811395249
3,0.00247221581134365,-3.479678425889383,-0.001973820076493604,-12.0,1.736878463091751,12.0,-0.0008632563322924502,-0.0001738852283168247,-0.0001738852302906445,-0.0003479678425889383,0.001385074480824616,0.0001738852283168244
3,0.00247241581134365,-3.454926241310414,-0.00197425149899022,-12.0,1.724501723664206,12.0,-0.0008654474017616431,-0.0001726475975163232,-0.0001726475994905712,-0.0003454926241310414,0.001383552949524719,0.0001726475975163197
3,0.0024726158113436503,-3.430168703325861,-0.001974713935147587,-12.0,1.71212226101307,12.0,-0.0008676353164996931,-0.000171409697494822,-0.0001714096994695357,-0.0003430168703325861,0.001382027458985108,0.0001714096974948217
3,0.0024728158113436504,-3.40540564714369,-0.001975139422177419,-12.0,1.699740094687185,12.0,-0.0008698223742904521,-0.0001701715234109395,-0.0001701715253860756,-0.000340540564714369,0.001380500285668718,0.0001701715234109362
3,0.0024730158113436505,-3.380637315559255,-0.001975595856003487,-12.0,1.687355244239664,12.0,-0.00087200628962944,-0.000168933084009567,-0.0001689330859851626,-0.0003380637315559255,0.001378969177095152,0.0001689330840095668
3,0.0024732158113436506,-3.355863544178368,-0.001976015400744879,-12.0,1.674967729227912,12.0,-0.0008741893241788479,-0.0001676943744628689,-0.0001676943764388811,-0.0003355863544178368,0.001377436373658864,0.0001676943744628657
3,0.0024734158113436508,-3.331084575434944,-0.001976465826216245,-12.0,1.662577569213489,12.0,-0.0008763692284971536,-0.0001664554035039708,-0.0001664554054804364,-0.0003331084575434944,0.001375899658894647,0.0001664554035039706
3,0.002473615811343651,-3.306300245327881,-0.00197687942201008,-12.0,1.650184783762132,12.0,-0.0008785482282297474,-0.0001652161663184172,-0.0001652161682952936,-0.0003306300245327882,0.00137436123723278,0.0001652161663184142
3,0.002473815811343651,-3.281510795933744,-0.001977323833240341,-12.0,1.637789392443773,12.0,-0.0008807241098940377,-0.0001639766716277016,-0.0001639766736050252,-0.0003281510795933744,0.001372818928119635,0.0001639766716277014
3,0.002474015811343651,-3.256716063640105,-0.00197773147353919,-12.0,1.625391414832429,12.0,-0.0008828990632222533,-0.0001627369146305997,-0.0001627369166083283,-0.0003256716063640105,0.001371274900124286,0.0001627369146305968
3,0.002474215811343651,-3.231916290170059,-0.001978169864801371,-12.0,1.612990870506129,12.0,-0.0008850709105876903,-0.0001614969040370932,-0.0001614969060152629,-0.0003231916290170059,0.001369727008502158,0.000161496904037093
3,0.0024744158113436513,-3.207111312295257,-0.001978571543201024,-12.0,1.600587779047111,12.0,-0.0008872418059119869,-0.0001602566350590341,-0.0001602566370376028,-0.0003207111312295258,0.00136817738606354,0.0001602566350590312
3,0.0024746158113436514,-3.182301371389677,-0.001979003908843424,-12.0,1.588182160041534,12.0,-0.0008894096073223667,-0.0001590161163950379,-0.0001590161183740417,-0.0003182301371389677,0.001366623923771321,0.0001590161163950378
3,0.0024748158113436516,-3.157486304604365,-0.001979399619105759,-12.0,1.575774033079528,12.0,-0.000891576433031685,-0.000157775343269866,-0.000157775345249263,-0.0003157486304604365,0.001365068718777757,0.0001577753432698634
3,0.0024750158113436517,-3.132666352967893,-0.001979825953646541,-12.0,1.563363417755217,12.0,-0.0008937401768201181,-0.0001565343243708865,-0.0001565343263507123,-0.0003132666352967893,0.001363509697652893,0.0001565343243708864
3,0.0024752158113436518,-3.107841354006547,-0.001980215689614262,-12.0,1.550950333666695,12.0,-0.0008959029212921299,-0.0001552930549356335,-0.0001552930569158467,-0.0003107841354006548,0.001361948921991013,0.0001552930549356309
3,0.002475415811343652,-3.083011548407543,-0.001980635987676616,-12.0,1.538534800415897,12.0,-0.0008980625957809713,-0.0001540515436403574,-0.0001540515456209934,-0.0003083011548407543,0.001360384353869926,0.0001540515436403574
3,0.002475615811343652,-3.058176774067737,-0.001981019743363177,-12.0,1.526116837608626,12.0,-0.000900221247382399,-0.0001528097857352014,-0.0001528097877162187,-0.0003058176774067737,0.001358818019424779,0.000152809785735199
3,0.002475815811343652,-3.033337271336904,-0.001981433999689086,-12.0,1.513696464854578,12.0,-0.000902376840883734,-0.0001515677898854268,-0.0001515677918668608,-0.0003033337271336905,0.001357247916142917,0.0001515677898854267
3,0.0024760158113436522,-3.008492878478252,-0.001981811769207198,-12.0,1.501273701767197,12.0,-0.0009045313879705724,-0.0001503255513536428,-0.0001503255533354522,-0.0003008492878478252,0.001355676034798248,0.0001503255513536405
3,0.0024762158113436523,-2.983643835507849,-0.001982219978679423,-12.0,1.488848567963706,12.0,-0.0009066828887864392,-0.0001490830787942386,-0.0001490830807764585,-0.000298364383550785,0.001354100408190173,0.0001490830787942385
3,0.0024764158113436525,-2.958789981050891,-0.001982591756271912,-12.0,1.47642108306512,12.0,-0.000908833319704358,-0.0001478403674821415,-0.000147840369464731,-0.0002958789981050891,0.001352522991828614,0.0001478403674821392
3,0.0024766158113436526,-2.933931554793709,-0.001982993913864806,-12.0,1.463991266696118,12.0,-0.0009109807161271216,-0.0001465974260609984,-0.0001465974280439922,-0.0002933931554793709,0.001350941853728277,0.0001465974260609983
3,0.0024768158113436527,-2.909068395719106,-0.001983359693907838,-12.0,1.451559138485095,12.0,-0.0009131270192115487,-0.0001453542498179024,-0.0001453542518012599,-0.0002909068395719106,0.001349358914231158,0.0001453542498179002
3,0.002477015811343653,-2.884200743187329,-0.001983755794733644,-12.0,1.439124718064006,12.0,-0.0009152702995239986,-0.000144110847385874,-0.0001441108493696298,-0.0002884200743187329,0.001347772276472009,0.000144110847385874
3,0.002477215811343653,-2.859328436534615,-0.001984115571709522,-12.0,1.426688025068587,12.0,-0.0009174124631007724,-0.0001428672140640318,-0.0001428672160481453,-0.0002859328436534615,0.001346183825719716,0.0001428672140640297
3,0.002477415811343653,-2.834451714799097,-0.001984505610956977,-12.0,1.414249079138057,12.0,-0.0009195516155765388,-0.0001416233584749014,-0.000141623360459407,-0.0002834451714799097,0.001344591700134679,0.0001416233584749014
3,0.002477615811343653,-2.809570417665979,-0.001984859379505655,-12.0,1.401807899915138,12.0,-0.000921689627961797,-0.0001403792759294663,-0.0001403792779143237,-0.000280957041766598,0.001342997750006819,0.0001403792759294643
3,0.0024778158113436533,-2.784684783854864,-0.001985243352494725,-12.0,1.389364507046256,12.0,-0.0009238246408655865,-0.0001391349750398751,-0.0001391349770251185,-0.0002784684783854864,0.001341400148428651,0.0001391349750398751
3,0.0024780158113436534,-2.75979465339608,-0.001985591107314999,-12.0,1.376918920181156,12.0,-0.0009259584903662244,-0.000137890451128849,-0.0001378904531144383,-0.000275979465339608,0.001339800710803973,0.0001378904511288472
3,0.0024782158113436535,-2.734900264694154,-0.00198596900951109,-12.0,1.36447115897312,12.0,-0.0009280893519540978,-0.0001366457127982632,-0.0001366457147842321,-0.0002734900264694155,0.001338197645065126,0.0001366457127982632
3,0.0024784158113436536,-2.7100014581203,-0.001986310745430653,-12.0,1.352021243078896,12.0,-0.0009302190268680177,-0.0001354007553824345,-0.0001354007573687434,-0.00027100014581203,0.001336592731821906,0.0001354007553824327
3,0.0024786158113436537,-2.685098471767899,-0.001986682572360343,-12.0,1.339569192158583,12.0,-0.0009323457253876399,-0.0001341555874730944,-0.0001341555894597769,-0.0002685098471767899,0.001334984213754747,0.0001341555874730944
3,0.002478815811343654,-2.660191146344728,-0.001987018284352216,-12.0,1.327115025875652,12.0,-0.0009344712140039457,-0.0001329102044160022,-0.0001329102064030188,-0.0002660191146344728,0.001333373836770707,0.0001329102044160005
3,0.002479015811343654,-2.635279719636579,-0.001987384031655437,-12.0,1.314658763896966,12.0,-0.0009365937376948769,-0.0001316646147928622,-0.0001316646167802462,-0.0002635279719636579,0.001331759878207661,0.0001316646147928622
3,0.002479215811343654,-2.610364032683886,-0.001987713714773132,-12.0,1.302200425892646,12.0,-0.0009387150282942208,-0.0001304188139607436,-0.0001304188159484556,-0.0002610364032683885,0.001330144049360271,0.0001304188139607419
3,0.002479415811343654,-2.58544432296832,-0.001988073378212274,-12.0,1.289740031536108,12.0,-0.0009408333653880552,-0.000129172810491432,-0.0001291728124795054,-0.000258544432296832,0.001328524662133901,0.000129172810491432
3,0.0024796158113436543,-2.560520431858832,-0.001988397027632427,-12.0,1.277277600503997,12.0,-0.0009429504462429433,-0.0001279265997531645,-0.00012792660174156,-0.0002560520431858832,0.001326903393300105,0.000127926599753163
3,0.0024798158113436544,-2.535592596536632,-0.001988750603053702,-12.0,1.264813152476229,12.0,-0.0009450645849636008,-0.0001266801903079283,-0.0001266801922966789,-0.0002535592596536632,0.001325278589243334,0.0001266801903079283
3,0.0024800158113436545,-2.51066065869522,-0.001989068214051426,-12.0,1.252346707135851,12.0,-0.0009471774443384762,-0.0001254335775349917,-0.0001254335795240584,-0.000251066065869522,0.001323651892300048,0.0001254335775349902
3,0.0024802158113436546,-2.485724855218716,-0.001989415697424612,-12.0,1.239878284169064,12.0,-0.0009492873729026741,-0.0001241867699866489,-0.0001241867719760646,-0.0002485724855218716,0.001322021683245772,0.0001241867699866489
3,0.0024804158113436547,-2.46078502812118,-0.001989727265381602,-12.0,1.227407903265245,12.0,-0.0009513959990542636,-0.0001229397630530641,-0.0001229397650427899,-0.000246078502812118,0.001320389570069913,0.0001229397630530627
3,0.002480615811343655,-2.435841413993278,-0.001990068652749977,-12.0,1.214935584116828,12.0,-0.0009535017056713918,-0.0001216925652769578,-0.0001216925672670264,-0.0002435841413993278,0.001318753967851777,0.0001216925652769578
3,0.002480815811343655,-2.410893855165496,-0.001990374173180376,-12.0,1.202461346419236,12.0,-0.0009556060868489841,-0.000120445172059243,-0.0001204451740496158,-0.0002410893855165496,0.001317116450320122,0.0001204451720592416
3,0.002481015811343655,-2.385942587938462,-0.001990709460691353,-12.0,1.189985209871099,12.0,-0.0009577075597215767,-0.0001191975919331791,-0.0001191975939238885,-0.0002385942587938462,0.00131547546677227,0.0001191975919331791
3,0.002481215811343655,-2.360987454955427,-0.001991008929169591,-12.0,1.17750719417387,12.0,-0.0009598076841671743,-0.0001179498203103053,-0.0001179498223013129,-0.0002360987454955427,0.001313832556761652,0.000117949820310304
3,0.0024814158113436553,-2.336028692230181,-0.001991338113102259,-12.0,1.165027319032056,12.0,-0.0009619049114910905,-0.0001167018657145158,-0.0001167018677058539,-0.0002336028692230181,0.001312186203718646,0.0001167018657145158
3,0.0024816158113436554,-2.311066142714728,-0.001991631525322668,-12.0,1.152545604153065,12.0,-0.00096400076743966,-0.00011545372356784,-0.0001154537255594703,-0.0002311066142714728,0.001310537913106424,0.0001154537235678387
3,0.0024818158113436555,-2.286100042139656,-0.001991954602011625,-12.0,1.140062069247265,12.0,-0.000966093737404361,-0.0001142054023849276,-0.0001142054043768822,-0.0002286100042139657,0.001308886202403575,0.0001142054023849276
3,0.0024820158113436556,-2.261130233761839,-0.001992241953771567,-12.0,1.127576734027843,12.0,-0.0009681853130841939,-0.0001129568975981626,-0.0001129568995904034,-0.0002261130233761839,0.001307232543066944,0.0001129568975981614
3,0.0024822158113436557,-2.236156953031855,-0.001992558919672538,-12.0,1.11508961821083,12.0,-0.0009702740138728266,-0.0001117082177130502,-0.0001117082197056091,-0.0002236156953031856,0.001305575486540395,0.0001117082177130502
3,0.002482415811343656,-2.211180043507638,-0.001992840206863411,-12.0,1.102600741515122,12.0,-0.000972361297505539,-0.0001104593581721996,-0.0001104593601650387,-0.0002211180043507638,0.001303916470357241,0.0001104593581721985
3,0.002482615811343656,-2.18619974036322,-0.00199315105850506,-12.0,1.090110123662342,12.0,-0.0009744457172953108,-0.0001092103274720847,-0.0001092103294652358,-0.000218619974036322,0.001302254079843843,0.0001092103274720847
3,0.002482815811343656,-2.161215887453658,-0.001993426277135057,-12.0,1.077617784376863,12.0,-0.0009765286970962739,-0.0001079611210654009,-0.0001079611230588261,-0.0002161215887453658,0.001300589718692319,0.0001079611210653998
3,0.002483015811343656,-2.136228719679708,-0.001993731011143196,-12.0,1.065123743385829,12.0,-0.0009786088240586188,-0.0001067117474396973,-0.0001067117494334283,-0.0002136228719679708,0.001298922006029865,0.0001067117474396973
3,0.0024832158113436563,-2.111238081189921,-0.001994000157292897,-12.0,1.052628020419019,12.0,-0.0009806874882370975,-0.0001054622020576323,-0.0001054622040516314,-0.0002111238081189921,0.001297252311788677,0.0001054622020576312
3,0.0024834158113436564,-2.086244206614926,-0.001994298770405134,-12.0,1.040130635208868,12.0,-0.0009827633105378014,-0.0001042124933979273,-0.000104212495392226,-0.0002086244206614926,0.001295579288815962,0.0001042124933979273
3,0.0024836158113436565,-2.061246940392975,-0.001994561840255149,-12.0,1.027631607490487,12.0,-0.0009848376472972598,-0.0001029626169330751,-0.000102962618927636,-0.0002061246940392975,0.001293904273364233,0.0001029626169330742
3,0.0024838158113436567,-2.036246516887971,-0.001994854329275153,-12.0,1.015130957001529,12.0,-0.0009869091530968765,-0.0001017125811330804,-0.0001017125831279348,-0.0002036246516887971,0.001292225951920994,0.0001017125811330804
3,0.0024840158113436568,-2.011242780824059,-0.00199511131911323,-12.0,1.002628703482247,12.0,-0.0009889791506348666,-0.0001004623814801369,-0.0001004623834752473,-0.0002011242780824059,0.00129054562713872,0.000100462381480136
3,0.002484215811343657,-1.986235966301491,-0.001995397680956912,-12.0,0.9901248666753333,12.0,-0.00099104632808876,-9.921202643562903e-05,-9.921202843102672e-05,-0.0001986235966301491,0.001288862019065834,9.921202643562902e-05
3,0.002484415811343657,-1.961225918326722,-0.001995648587143739,-12.0,0.9776194663261599,12.0,-0.0009931119745975742,-9.796151149133122e-05,-9.796151348697894e-05,-0.0001961225918326722,0.001287176396833511,9.796151149133038e-05
3,0.002484615811343657,-1.936212870739721,-0.001995928818788406,-12.0,0.96511252218239,12.0,-0.0009951748118561116,-9.671084510011783e-05,-9.671084709604666e-05,-0.0001936212870739721,0.001285487513972949,9.671084510011784e-05
3,0.002484815811343657,-1.911196668825319,-0.001996173637818344,-12.0,0.9526040539941956,12.0,-0.0009972360955227827,-9.546002276320221e-05,-9.546002475937501e-05,-0.0001911196668825319,0.001283796606171908,9.54600227632014e-05
3,0.0024850158113436573,-1.886177546166335,-0.00199644773633334,-12.0,0.9400940815141905,12.0,-0.0009992945807316411,-9.420905292505237e-05,-9.420905492150009e-05,-0.0001886177546166335,0.001282102460366891,9.42090529250524e-05
3,0.0024852158113436574,-1.861155348322596,-0.001996686464747932,-12.0,0.9275826244973113,12.0,-0.001001351489738039,-9.29579310962067e-05,-9.29579330928924e-05,-0.0001861155348322596,0.001280406278879223,9.295793109620593e-05
3,0.0024854158113436576,-1.836130308622728,-0.001996954427320619,-12.0,0.9150697027008386,12.0,-0.001003405611038399,-9.170666571281596e-05,-9.170666770977036e-05,-0.0001836130308622728,0.001278706881974068,9.170666571281593e-05
3,0.0024856158113436577,-1.811102272897861,-0.001997187061760108,-12.0,0.9025553358844195,12.0,-0.001005458133561649,-9.04552522946187e-05,-9.045525429180502e-05,-0.0001811102272897861,0.001277005438682713,9.045525229461796e-05
3,0.0024858158113436578,-1.786071474225738,-0.001997448885633912,-12.0,0.8900395438099294,12.0,-0.001007507879090278,-8.920369926955637e-05,-8.920370126700523e-05,-0.0001786071474225739,0.001275300802523097,8.920369926955634e-05
3,0.002486015811343658,-1.761037758705074,-0.001997675422846679,-12.0,0.8775223462415126,12.0,-0.001009556003302714,-8.795200216643663e-05,-8.795200416411136e-05,-0.0001761037758705074,0.00127359410931191,8.795200216643594e-05
3,0.002486215811343658,-1.73600135916574,-0.001997931105362949,-12.0,0.8650037629455145,12.0,-0.001011601361192271,-8.670016940508777e-05,-8.670017140301885e-05,-0.000173600135916574,0.001271884245744884,8.670016940508776e-05
3,0.002486415811343658,-1.710962121970572,-0.001998151542165427,-12.0,0.8524838136905228,12.0,-0.001013645075261874,-8.544819652326947e-05,-8.544819852142036e-05,-0.0001710962121970572,0.001270172314498608,8.544819652326884e-05
3,0.0024866158113436582,-1.685920279704704,-0.001998401080741785,-12.0,0.8399625182472282,12.0,-0.001015686033641022,-8.419609193279703e-05,-8.41960939311981e-05,-0.0001685920279704704,0.001268457235372514,8.4196091932797e-05
3,0.0024868158113436583,-1.660875678991386,-0.001998615414060656,-12.0,0.8274398963884478,12.0,-0.001017725325731508,-8.294385118025147e-05,-8.294385317886628e-05,-0.0001660875678991386,0.001266740077976863,8.294385118025086e-05
3,0.0024870158113436585,-1.635828552174062,-0.001998858806197767,-12.0,0.8149159678891461,12.0,-0.001019761872725081,-8.169148266953439e-05,-8.16914846683932e-05,-0.0001635828552174062,0.001265019795141445,8.169148266953439e-05
3,0.0024872158113436586,-1.610778746133032,-0.001999067033019664,-12.0,0.8023907525263159,12.0,-0.001021796730995977,-8.043898195593416e-05,-8.04389839550006e-05,-0.0001610778746133032,0.001263297423483217,8.043898195593356e-05
3,0.0024874158113436587,-1.585726492972898,-0.001999304276330438,-12.0,0.7898642700789107,12.0,-0.001023828854725323,-7.918635743552411e-05,-7.918635943482839e-05,-0.0001585726492972898,0.00126157194878955,7.918635743552411e-05
3,0.002487615811343659,-1.560671639827454,-0.001999506393733586,-12.0,0.7773365403280628,12.0,-0.001025859267332285,-7.793360467218018e-05,-7.793360667168603e-05,-0.0001560671639827454,0.001259844374756541,7.793360467217964e-05
3,0.002487815811343659,-1.535614418565747,-0.001999737485868347,-12.0,0.7648075830566963,12.0,-0.001027886955915228,-7.668073205425647e-05,-7.668073405399394e-05,-0.0001535614418565747,0.001258113720057297,7.668073205425647e-05
3,0.002488015811343659,-1.5105546765713,-0.001999933491058759,-12.0,0.7522774180497271,12.0,-0.00102991291101022,-7.54277351540791e-05,-7.542773715401209e-05,-0.00015105546765713,0.001256380955538261,7.54277351540786e-05
3,0.002488215811343659,-1.48549264548059,-0.002000158429750265,-12.0,0.739746065094085,12.0,-0.00103193615256135,-7.417462235238356e-05,-7.417462435254198e-05,-0.000148549264548059,0.001254645132687526,7.417462235238352e-05
3,0.0024884158113436593,-1.460428172923703,-0.002000348319968259,-12.0,0.7272135439784156,12.0,-0.001033957638292712,-7.292138922983887e-05,-7.292139123018673e-05,-0.0001460428172923703,0.001252907189572439,7.29213892298384e-05
3,0.0024886158113436594,-1.435361490307186,-0.002000567103082329,-12.0,0.7146798744932985,12.0,-0.001035976420923582,-7.16680441596381e-05,-7.16680461602052e-05,-0.0001435361490307186,0.001251166210425744,7.166804415963808e-05
3,0.0024888158113436595,-1.410292445504182,-0.002000750875660984,-12.0,0.7021450764310905,12.0,-0.00103799342543634,-7.04145827306756e-05,-7.041458473142603e-05,-0.0001410292445504182,0.001249423100605662,7.041458273067515e-05
3,0.0024890158113436596,-1.385221269694534,-0.002000963501098518,-12.0,0.6896091695859842,12.0,-0.001040007737255488,-6.916101330870827e-05,-6.916101530967178e-05,-0.0001385221269694534,0.001247676977020079,6.916101330870827e-05
3,0.0024892158113436597,-1.36014781099095,-0.002001141153462171,-12.0,0.67707217375387,12.0,-0.001042020248691433,-6.790733149073364e-05,-6.790733349187437e-05,-0.000136014781099095,0.001245928712387115,6.790733149073322e-05
3,0.00248941581134366,-1.335072300349351,-0.002001347619227656,-12.0,0.664534108732358,12.0,-0.001044030077804764,-6.665354563515857e-05,-6.665354763650617e-05,-0.0001335072300349351,0.00124417745622124,6.665354563515857e-05
3,0.00248961581134366,-1.309994586118619,-0.002001519148879027,-12.0,0.6519949943207993,12.0,-0.001046038084302509,-6.539965134696823e-05,-6.5399653348487e-05,-0.0001309994586118619,0.001242424048668797,6.539965134696783e-05
3,0.00248981581134366,-1.284914899033792,-0.002001719453034567,-12.0,0.6394548503201497,12.0,-0.001048043418813302,-6.414565697731846e-05,-6.414565897903789e-05,-0.0001284914899033792,0.0012406676717827,6.414565697731843e-05
3,0.00249001581134366,-1.25983308767641,-0.002001884857577241,-12.0,0.6269136965329904,12.0,-0.001050046908508712,-6.289155813905715e-05,-6.289156014094164e-05,-0.000125983308767641,0.001238909133205221,6.289155813905677e-05
3,0.0024902158113436603,-1.234749382563489,-0.00200207899826893,-12.0,0.6143715527635508,12.0,-0.001052047736517757,-6.1637363176182e-05,-6.163736517826098e-05,-0.0001234749382563489,0.001237147647460621,6.163736317618198e-05
3,0.0024904158113436604,-1.20966363250602,-0.002002238275359836,-12.0,0.6018284388175874,12.0,-0.001054046697543949,-6.038306770929507e-05,-6.0383069711533e-05,-0.000120966363250602,0.001235383989753702,6.038306770929473e-05
3,0.0024906158113436605,-1.184576067805684,-0.002002426250840517,-12.0,0.5892843745023186,12.0,-0.001056043007149801,-5.912868007531593e-05,-5.912868207774217e-05,-0.0001184576067805684,0.001233617407013721,5.912868007531591e-05
3,0.0024908158113436606,-1.15948653749951,-0.002002579398225512,-12.0,0.5767393796266227,12.0,-0.001058037427637284,-5.787419590248513e-05,-5.787419790506422e-05,-0.000115948653749951,0.0012318486420742,5.787419590248481e-05
3,0.0024910158113436607,-1.134395271677028,-0.002002761206773507,-12.0,0.5641934740007414,12.0,-0.001060029206936354,-5.661962352075151e-05,-5.661962552351271e-05,-0.0001134395271677028,0.001230076974203645,5.66196235207515e-05
3,0.002491215811343661,-1.109302119597766,-0.00200290822230953,-12.0,0.5516466774363364,12.0,-0.001062019075013194,-5.536495856586489e-05,-5.536496056877283e-05,-0.0001109302119597766,0.001228303113929484,5.53649585658646e-05
3,0.002491415811343661,-1.08420731114167,-0.002003083862322785,-12.0,0.5390990097465123,12.0,-0.001064006312099942,-5.411020936088353e-05,-5.411021136396738e-05,-0.000108420731114167,0.001226526372794579,5.411020936088351e-05
3,0.002491615811343661,-1.059110695787754,-0.002003224743896859,-12.0,0.5265504907457844,12.0,-0.001065991615891958,-5.28553715489684e-05,-5.285537355219288e-05,-0.0001059110695787754,0.001224747429084912,5.285537154896813e-05
3,0.002491815811343661,-1.034012503209303,-0.002003394213833165,-12.0,0.5140011402499596,12.0,-0.001067974298858958,-5.160045344637931e-05,-5.16004554497735e-05,-0.0001034012503209303,0.001222965626553496,5.160045344637927e-05
3,0.0024920158113436613,-1.008912583101251,-0.00200352895945255,-12.0,0.5014509780761571,12.0,-0.001069955026489808,-5.034545070356121e-05,-5.034545270708992e-05,-0.0001008912583101251,0.001221181611308644,5.034545070356097e-05
3,0.0024922158113436614,-0.9838111649330396,-0.002003692257843637,-12.0,0.4889000240428318,12.0,-0.00107193314342801,-4.909037163006759e-05,-4.90903736337598e-05,-9.838111649330395e-05,0.001219394759250023,4.909037163006755e-05
3,0.0024924158113436615,-0.9587080986123918,-0.00200382086556794,-12.0,0.4763482979696354,12.0,-0.001073909283019391,-4.783521188352056e-05,-4.783521388734119e-05,-9.587080986123919e-05,0.001217605684371424,4.783521188352034e-05
3,0.0024926158113436616,-0.933603613407564,-0.002003977991042072,-12.0,0.463795819677439,12.0,-0.001075882822018107,-4.657997976684815e-05,-4.65799817708261e-05,-9.33603613407564e-05,0.001215813794656462,4.657997976684811e-05
3,0.0024928158113436617,-0.9084975594357608,-0.002004100459014058,-12.0,0.4512426089883547,12.0,-0.001077854361689841,-4.532467094473708e-05,-4.532467294883734e-05,-9.084975594357608e-05,0.001214019672046734,4.532467094473688e-05
3,0.002493015811343662,-0.8833901657669754,-0.002004251410250568,-12.0,0.4386886857255977,12.0,-0.001079823310837044,-4.406929371358487e-05,-4.406929571783625e-05,-8.833901657669754e-05,0.00121222275654774,4.406929371358483e-05
3,0.002493215811343662,-0.8582812827245538,-0.002004367736703427,-12.0,0.4261340697135443,12.0,-0.001081790238707227,-4.281384374502497e-05,-4.281384574939252e-05,-8.58281282724554e-05,0.001210423598110633,4.281384374502478e-05
3,0.002493415811343662,-0.8331711391828406,-0.002004512512479517,-12.0,0.4135787807775759,12.0,-0.00108375458608953,-4.155832932900557e-05,-4.155833133351805e-05,-8.331711391828406e-05,0.001208621668701469,4.155832932900554e-05
3,0.002493615811343662,-0.8080595856681716,-0.002004622695708558,-12.0,0.4010228387442961,12.0,-0.00108571689027475,-4.030274614400063e-05,-4.030274814862315e-05,-8.080595856681716e-05,0.001206817486341771,4.030274614400046e-05
3,0.0024938158113436623,-0.7829468508622107,-0.002004761294839341,-12.0,0.3884662634412335,12.0,-0.001087676623977643,-3.904710247360732e-05,-3.904710447836857e-05,-7.829468508622108e-05,0.00120501055489769,3.904710247360728e-05
3,0.0024940158113436624,-0.7578327854908041,-0.002004865333256833,-12.0,0.3759090746968635,12.0,-0.001089634292592949,-3.779139400301219e-05,-3.779139600787737e-05,-7.578327854908041e-05,0.001203201360521357,3.779139400301203e-05
3,0.0024942158113436625,-0.7327176180455295,-0.002004997754653098,-12.0,0.3633512923408075,12.0,-0.001091589400700872,-3.65356290095461e-05,-3.653563101454382e-05,-7.327176180455295e-05,0.0012013894389191,3.653562900954606e-05
3,0.0024944158113436627,-0.7076011994488812,-0.002005095646691379,-12.0,0.350792936203447,12.0,-0.001093542421860015,-3.527980318501398e-05,-3.527980519010949e-05,-7.076011994488812e-05,0.001199575244433142,3.527980318501384e-05
3,0.0024946158113436628,-0.6824837580048162,-0.002005221889377573,-12.0,0.3382340261161229,12.0,-0.001095492892456522,-3.402392480055009e-05,-3.402392680577194e-05,-6.824837580048162e-05,0.001197758344550784,3.402392480055005e-05
3,0.002494815811343663,-0.6573651448292387,-0.00200531363355072,-12.0,0.3256745819111569,12.0,-0.00109744125427208,-3.27679895544709e-05,-3.27679915597844e-05,-6.573651448292387e-05,0.001195939161863224,3.276798955447077e-05
3,0.002495015811343663,-0.6322455880415045,-0.002005433696573494,-12.0,0.313114623421555,12.0,-0.001099387075439905,-3.151200571181289e-05,-3.151200771724655e-05,-6.322455880415046e-05,0.001194117295580277,3.151200571181285e-05
3,0.002495215811343663,-0.6071249389473837,-0.002005519291528618,-12.0,0.300554170481206,12.0,-0.001101330766023322,-3.025596897727359e-05,-3.025597098279276e-05,-6.071249389473838e-05,0.001192293136600169,3.025596897727346e-05
3,0.0024954158113436632,-0.5820034254843174,-0.002005633174007926,-12.0,0.287993242924815,12.0,-0.001103271925844532,-2.899988760988234e-05,-2.899988961551547e-05,-5.820034254843174e-05,0.001190466315797466,2.89998876098823e-05
3,0.0024956158113436633,-0.5568808991450749,-0.002005712618418559,-12.0,0.2754318605877834,12.0,-0.001105210933306323,-2.77437573206203e-05,-2.774375932633282e-05,-5.568808991450749e-05,0.001188637192434831,2.77437573206202e-05
3,0.0024958158113436634,-0.5317575876876462,-0.002005820319580964,-12.0,0.2628700433062485,12.0,-0.001107147419862422,-2.648758636258298e-05,-2.648758836840327e-05,-5.317575876876463e-05,0.001186805428994513,2.648758636258294e-05
3,0.0024960158113436636,-0.5066333427885397,-0.002005893612211485,-12.0,0.2503078109170166,12.0,-0.001109081732312243,-2.523137045292289e-05,-2.523137245881641e-05,-5.066333427885397e-05,0.001184971353160313,2.523137045292281e-05
3,0.0024962158113436637,-0.4815083920291057,-0.002005995131332428,-12.0,0.2377451832576029,12.0,-0.001111013533684303,-2.397511783889357e-05,-2.397511984488867e-05,-4.815083920291058e-05,0.001183134658965756,2.397511783889353e-05
3,0.002496415811343664,-0.4563825872664814,-0.002006062271016296,-12.0,0.2251821801660935,12.0,-0.001112943139231055,-2.271882424371106e-05,-2.271882624977326e-05,-4.563825872664814e-05,0.001181295642571866,2.271882424371099e-05
3,0.002496615811343664,-0.4312561559078852,-0.002006157607466141,-12.0,0.2126188214811673,12.0,-0.001114870243499773,-2.146249790886338e-05,-2.146249991502096e-05,-4.312561559078853e-05,0.001179454029507702,2.146249790886335e-05
3,0.002496815811343664,-0.4061289499879442,-0.002006218593112064,-12.0,0.2000551270421181,12.0,-0.001116795130251751,-2.020613456352308e-05,-2.020613656974161e-05,-4.061289499879443e-05,0.001177610084466818,2.020613456352302e-05
3,0.002497015811343664,-0.3810011967425457,-0.002006307746307431,-12.0,0.1874911166887342,12.0,-0.001118717525497585,-1.89497424435042e-05,-1.894974444981192e-05,-3.810011967425457e-05,0.001175763564418855,1.894974244350417e-05
3,0.0024972158113436642,-0.3558727483804992,-0.002006362576927906,-12.0,0.174926810261232,12.0,-0.001120637681562536,-1.769331728381605e-05,-1.769331929017857e-05,-3.558727483804993e-05,0.001173914702644527,1.769331728381599e-05
3,0.0024974158113436644,-0.3307438319689241,-0.002006445546367752,-12.0,0.162362227600455,12.0,-0.001122555355865851,-1.64368673146823e-05,-1.643686932112782e-05,-3.307438319689241e-05,0.001172063287499657,1.643686731468227e-05
3,0.0024976158113436645,-0.3056142998880284,-0.002006494220997038,-12.0,0.1497973885475765,12.0,-0.001124470769351087,-1.51803882768574e-05,-1.518039028335157e-05,-3.056142998880285e-05,0.001170209520906188,1.518038827685735e-05
3,0.0024978158113436646,-0.2804843790385837,-0.002006571006283292,-12.0,0.1372323129441569,12.0,-0.001126383710792151,-1.392388839504405e-05,-1.392389040161502e-05,-2.804843790385837e-05,0.001168353222552421,1.392388839504402e-05
3,0.0024980158113436647,-0.2553539219688223,-0.002006613524073469,-12.0,0.1246670206321657,12.0,-0.001128294369804685,-1.266736341562396e-05,-1.266736542223744e-05,-2.553539219688224e-05,0.001166494563054806,1.266736341562392e-05
3,0.002498215811343665,-0.2302231554160767,-0.002006684124831334,-12.0,0.1121015314539501,12.0,-0.001130202566463859,-1.141082155787817e-05,-1.141082356456227e-05,-2.302231554160767e-05,0.001164633393381147,1.141082155787814e-05
3,0.002498415811343665,-0.2050919320936159,-0.002006720484992147,-12.0,0.09953586525211489,12.0,-0.001132108459110451,-1.015425857371073e-05,-1.015426058043119e-05,-2.050919320936159e-05,0.001162769852895056,1.01542585737107e-05
3,0.002498615811343665,-0.1799604785776667,-0.002006784900959978,-12.0,0.0869700418695444,12.0,-0.001134011899068223,-8.897682677050457e-06,-8.897684683835337e-06,-1.799604785776667e-05,0.001160903823791476,8.89768267705044e-06
3,0.002498815811343665,-0.1548286477434692,-0.002006815102772744,-12.0,0.07440408114942447,12.0,-0.001135913013455499,-7.641089625219749e-06,-7.641091632034825e-06,-1.548286477434692e-05,0.001159035414233171,7.641089625219722e-06
3,0.0024990158113436653,-0.1296966660088832,-0.002006873333735837,-12.0,0.06183800293510451,12.0,-0.001137811684792606,-6.38448762688405e-06,-6.384489633757369e-06,-1.296966660088832e-05,0.001157164537590541,6.384487626884035e-06
3,0.0024992158113436654,-0.1045643864079173,-0.002006897376576937,-12.0,0.04927182707011948,12.0,-0.001139708009027145,-5.12787244466966e-06,-5.127874451567019e-06,-1.045643864079173e-05,0.001155291270876824,5.127872444669642e-06
3,0.0024994158113436655,-0.07943203520260445,-0.002006949422397427,-12.0,0.03670557339821186,12.0,-0.001141601899824638,-3.871252282060939e-06,-3.871254289010351e-06,-7.943203520260445e-06,0.001153415558586849,3.871252282060929e-06
3,0.0024996158113436656,-0.05429946558281219,-0.002006967305692917,-12.0,0.02413926176319366,12.0,-0.001143493422013049,-2.61462290688867e-06,-2.614624913855964e-06,-5.429946558281219e-06,0.001151537446634997,2.614622906888658e-06
3,0.0024998158113436657,-0.02916690365717761,-0.002007013166325794,-12.0,0.01157291200896845,12.0,-0.001145382520352395,-1.357992517529432e-06,-1.357994524542591e-06,-2.916690365717761e-06,0.001149656910590146,1.357992517529424e-06
3,0.002500015811343666,-0.004034202768345378,-0.00200702488958034,-12.0,-0.000993456020446719,12.0,-0.001147269228601414,-1.013568869133666e-07,-1.013588939382519e-07,-4.034202768345378e-07,0.00114777396531784,1.013568869133621e-07
3,0.002500215811343666,0.02109841112574122,-0.002007064565028645,-12.0,-0.01355982248105923,12.0,-0.001149153522564553,1.155275791603054e-06,1.155273784538493e-06,2.109841112574122e-06,0.001145888617411288,-1.155275791603058e-06
3,0.002500415811343666,0.04623108453278352,-0.00200707012783358,-12.0,-0.02612616752884341,12.0,-0.001151035404981113,2.411909740100984e-06,2.411907733030855e-06,4.623108453278352e-06,0.001144000850736551,-2.411909740100983e-06
3,0.002500615811343666,0.07136359164313383,-0.002007103618195418,-12.0,-0.03869247131989623,12.0,-0.001152914882650561,3.668536770170083e-06,3.668534763066463e-06,7.136359164313383e-06,0.001142110702862087,-3.668536770170081e-06
3,0.0025008158113436663,0.09649607881775375,-0.002007103020196715,-12.0,-0.05125871401020216,12.0,-0.001154791927341878,4.925161099000547e-06,4.925159091897524e-06,9.649607881775377e-06,0.001140218126703196,-4.925161099000544e-06
3,0.0025010158113436664,0.1216283203925875,-0.002007130325615211,-12.0,-0.0638248757560198,12.0,-0.001156666576800774,6.181774543040471e-06,6.181772535910134e-06,1.216283203925875e-05,0.001138323190755167,-6.18177454304046e-06
3,0.0025012158113436665,0.1467604625851615,-0.00200712356657725,-12.0,-0.07639093671368229,12.0,-0.001158538771874415,7.438381314710512e-06,7.43837930758694e-06,1.467604625851616e-05,0.001136425817030591,-7.438381314710504e-06
3,0.0025014158113436666,0.1718922798744646,-0.002007144687264095,-12.0,-0.08895687703957532,12.0,-0.001160408581206626,8.694973235231141e-06,8.694971228086435e-06,1.718922798744646e-05,0.001134526104903803,-8.694973235231122e-06
3,0.0025016158113436667,0.1970239183373039,-0.002007131766976908,-12.0,-0.101522676890435,12.0,-0.001162275914770562,9.95155451234582e-06,9.95155250521404e-06,1.970239183373039e-05,0.001132623945532138,-9.951554512345809e-06
3,0.002501815811343667,0.2221551525935458,-0.00200714670327215,-12.0,-0.1140883164231481,12.0,-0.001164140872060722,1.120811697198763e-05,1.12081149648409e-05,2.221551525935458e-05,0.00113071946912178,-1.12081169719876e-05
3,0.002502015811343667,0.2472861285822878,-0.002007127621599408,-12.0,-0.1266537757948192,12.0,-0.001166003332223451,1.246466481732199e-05,1.246466281019436e-05,2.472861285822878e-05,0.001128812536021623,-1.246466481732198e-05
3,0.002502215811343667,0.2724166210614555,-0.00200713637386607,-12.0,-0.1392190351628906,12.0,-0.001167863425557027,1.372118987890248e-05,1.372118787176608e-05,2.724166210614555e-05,0.0011269033072232,-1.372118987890245e-05
3,0.002502415811343667,0.2975467758356463,-0.002007111130778741,-12.0,-0.1517840746851025,12.0,-0.001169721000427575,1.497769635543239e-05,1.497769434832125e-05,2.975467758356463e-05,0.001124991612313104,-1.497769635543238e-05
3,0.0025026158113436673,0.3226763677984419,-0.002007113699468266,-12.0,-0.1643488745195603,12.0,-0.001171576217890954,1.623417608200924e-05,1.623417407489551e-05,3.226763677984419e-05,0.001123077643022323,-1.623417608200921e-05
3,0.0025028158113436674,0.3478055426227829,-0.002007082294986709,-12.0,-0.1769134148246945,12.0,-0.00117342889557898,1.74906332529708e-05,1.749063124588848e-05,3.47805542622783e-05,0.001121161198220682,-1.749063325297078e-05
3,0.0025030158113436675,0.3729340753353732,-0.002007078680616767,-12.0,-0.1894776757593986,12.0,-0.001175279225259496,1.874705970787823e-05,1.87470577007995e-05,3.729340753353732e-05,0.001119242500333389,-1.874705970787818e-05
3,0.0025032158113436676,0.3980621114806207,-0.002007041114857222,-12.0,-0.2020416374830074,12.0,-0.001177126993875333,2.000345963681503e-05,2.000345762977389e-05,3.980621114806207e-05,0.001117321317558363,-2.000345963681501e-05
3,0.0025034158113436678,0.4231894262158665,-0.002007031318018965,-12.0,-0.2146052801552749,12.0,-0.001178972423861356,2.125982488372565e-05,2.125982287669428e-05,4.231894262158665e-05,0.001115397902970407,-2.125982488372559e-05
3,0.002503615811343668,0.4483161649598013,-0.002006987591145259,-12.0,-0.2271685839364944,12.0,-0.001180815271516072,2.251615963453494e-05,2.251615762754733e-05,4.483161649598013e-05,0.001113471994139838,-2.251615963453492e-05
3,0.002503815811343668,0.4734421029981033,-0.002006971612531827,-12.0,-0.2397315289875655,12.0,-0.001182655789897027,2.377245573750344e-05,2.377245373053176e-05,4.734421029981033e-05,0.001111543874747014,-2.377245573750337e-05
3,0.002504015811343668,0.49856738562678,-0.002006921724791416,-12.0,-0.2522940954697944,12.0,-0.001184493704702475,2.502871737450032e-05,2.502871536757857e-05,4.9856738562678e-05,0.001109613251778295,-2.50287173745003e-05
3,0.002504215811343668,0.5236917882570422,-0.00200689956511646,-12.0,-0.2648562635451914,12.0,-0.001186329299568932,2.628493639800758e-05,2.628493439110794e-05,5.236917882570422e-05,0.001107680439476205,-2.62849363980075e-05
3,0.0025044158113436683,0.5488154560654224,-0.002006843516868972,-12.0,-0.2774180133764498,12.0,-0.001188162269637808,2.75411169859581e-05,2.754111497911457e-05,5.488154560654224e-05,0.001105745114286225,-2.754111698595808e-05
3,0.0025046158113436684,0.5739381645863517,-0.002006815176944982,-12.0,-0.2899793251267451,12.0,-0.001189992929081472,2.879725099498011e-05,2.879724898816484e-05,5.739381645863517e-05,0.001103807620970221,-2.879725099498002e-05
3,0.0025048158113436685,0.5990600588794862,-0.002006752968566727,-12.0,-0.3025401789601228,12.0,-0.001191820942527344,3.005334259915564e-05,3.005334059240264e-05,5.990600588794862e-05,0.001101867605475211,-3.005334259915561e-05
3,0.0025050158113436687,0.6241809146002187,-0.002006718449312273,-12.0,-0.3151005550412622,12.0,-0.001193646654641174,3.13093836591951e-05,3.130938165247656e-05,6.241809146002187e-05,0.001099925443040273,-3.1309383659195e-05
3,0.0025052158113436688,0.6493008766944328,-0.002006650081277039,-12.0,-0.3276604335356328,12.0,-0.001195469699578552,3.25653783454356e-05,3.256537633878549e-05,6.493008766944328e-05,0.001097980749155708,-3.256537834543558e-05
3,0.002505415811343669,0.674419720935758,-0.002006609383642666,-12.0,-0.3402197946094368,12.0,-0.001197290452456722,3.382131852257953e-05,3.382131651597004e-05,6.74419720935758e-05,0.001096033929496296,-3.382131852257941e-05
3,0.002505615811343669,0.6995375921592851,-0.0020065348565034,-12.0,-0.3527786184297462,12.0,-0.001199108517001071,3.507720835732431e-05,3.507720635078943e-05,6.995375921592851e-05,0.001094084569136844,-3.507720835732429e-05
3,0.002505815811343669,0.7246542662545871,-0.002006487981539046,-12.0,-0.3653368851644819,12.0,-0.001200924298739088,3.633303971829441e-05,3.633303771180631e-05,7.24654266254587e-05,0.001092133104146853,-3.633303971829429e-05
3,0.0025060158113436692,0.7497698879488796,-0.002006407295918861,-12.0,-0.3778945749823911,12.0,-0.001202737371006887,3.758881676864724e-05,3.758881476223992e-05,7.497698879488796e-05,0.001090179089226186,-3.758881676864723e-05
3,0.0025062158113436693,0.7748842332450997,-0.002006354244728503,-12.0,-0.390451668053185,12.0,-0.001204548169701544,3.884453138084579e-05,3.884452937449141e-05,7.748842332450997e-05,0.001088222990798755,-3.884453138084565e-05
3,0.0025064158113436695,0.7999974467656525,-0.002006267401344908,-12.0,-0.4030081445475177,12.0,-0.001206356237810312,4.010018771461729e-05,4.010018570834987e-05,7.999974467656526e-05,0.001086264333229503,-4.010018771461728e-05
3,0.0025066158113436696,0.8251093046244257,-0.002006208175112378,-12.0,-0.4155639846369632,12.0,-0.001208162041559775,4.135577764618524e-05,4.13557756399769e-05,8.251093046244258e-05,0.001084303613256961,-4.135577764618508e-05
3,0.0025068158113436697,0.8502199513418021,-0.002006115174734147,-12.0,-0.428119168494154,12.0,-0.001209965093628092,4.261130533194201e-05,4.261130332582681e-05,8.50219951341802e-05,0.001082340324950519,-4.261130533194198e-05
3,0.00250701581134367,0.8753291631402573,-0.002006049774731178,-12.0,-0.4406736762927232,12.0,-0.001211765890531909,4.386676265179938e-05,4.386676064574943e-05,8.753291631402574e-05,0.001080374995324242,-4.386676265179921e-05
3,0.00250721581134367,0.9004370844412323,-0.002005950618225449,-12.0,-0.4532274882074606,12.0,-0.001213563914679493,4.512215375892353e-05,4.512215175297289e-05,9.004370844412324e-05,0.00107840708819068,-4.512215375892351e-05
3,0.00250741581134367,0.9255434915732327,-0.002005879045779979,-12.0,-0.4657805844140768,12.0,-0.00121535969283864,4.637747053682986e-05,4.637746853095064e-05,9.255434915732327e-05,0.001076437160800942,-4.637747053682968e-05
3,0.00250761581134367,0.9506485288615175,-0.002005773734063077,-12.0,-0.4783329450895907,12.0,-0.001217152677186265,4.763271713555279e-05,4.763271512977903e-05,9.506485288615175e-05,0.001074464646748943,-4.763271713555276e-05
3,0.0025078158113436702,0.9757519727384677,-0.002005695990623502,-12.0,-0.490884550412129,12.0,-0.001218943424703162,4.888788544215077e-05,4.888788343645456e-05,9.757519727384678e-05,0.001072490133484795,-4.888788544215056e-05
3,0.0025080158113436704,1.000853967436068,-0.002005584524683801,-12.0,-0.5034353805609051,12.0,-0.001220731357372808,5.014297960362213e-05,5.014297759803761e-05,0.0001000853967436068,0.001070513024421411,-5.014297960362213e-05
3,0.0025082158113436705,1.02595428948784,-0.002005500611726607,-12.0,-0.5159854157165158,12.0,-0.00122251706235129,5.139799151047915e-05,5.13979895049783e-05,0.000102595428948784,0.001068533937170622,-5.139799151047893e-05
3,0.0025084158113436706,1.051053083035769,-0.0020053829926856,-12.0,-0.5285346360607428,12.0,-0.001224299931466069,5.265292530680574e-05,5.265292330142273e-05,0.0001051053083035769,0.001066552245001247,-5.265292530680572e-05
3,0.0025086158113436707,1.076150124712088,-0.002005292911763767,-12.0,-0.5410830217766187,12.0,-0.001226080582011464,5.390777288648574e-05,5.390777088119258e-05,0.0001076150124712088,0.001064568595650059,-5.390777288648549e-05
3,0.002508815811343671,1.101245558571401,-0.002005169140770258,-12.0,-0.5536305530485472,12.0,-0.001227858375695702,5.516253839077771e-05,5.516253638560856e-05,0.0001101245558571401,0.001062582332278197,-5.51625383907777e-05
3,0.002509015811343671,1.126339161342454,-0.002005072893550675,-12.0,-0.5661772100622818,12.0,-0.001229633959914815,5.641721371687338e-05,5.641721171180021e-05,0.0001126339161342454,0.001060594132711243,-5.641721371687312e-05
3,0.002509215811343671,1.151431076995433,-0.002004942971837564,-12.0,-0.5787229730049027,12.0,-0.001231406666293997,5.767180300330654e-05,5.767180099836355e-05,0.0001151431076995434,0.001058603310038486,-5.767180300330653e-05
3,0.002509415811343671,1.176521082352993,-0.002004840560035914,-12.0,-0.5912678220649558,12.0,-0.001233177172295152,5.892629815049226e-05,5.892629614565143e-05,0.0001176521082352993,0.001056610572138669,-5.892629815049198e-05
3,0.0025096158113436713,1.201609321303937,-0.002004704488932307,-12.0,-0.6038117374324117,12.0,-0.001234944779495983,6.018070329434796e-05,6.018070128964346e-05,0.0001201609321303937,0.001054615202064429,-6.018070329434794e-05
3,0.0025098158113436714,1.226695570762484,-0.002004595914355423,-12.0,-0.616354699298734,12.0,-0.001236710195388929,6.143501033843818e-05,6.143500833384194e-05,0.0001226695570762484,0.001052617937712774,-6.143501033843785e-05
3,0.0025100158113436715,1.251779974538854,-0.00200445369524932,-12.0,-0.6288966878568382,12.0,-0.001238472691539344,6.26892234161589e-05,6.26892214117052e-05,0.0001251779974538855,0.00105061803213425,-6.268922341615889e-05
3,0.0025102158113436716,1.276862309636335,-0.002004338959770313,-12.0,-0.6414376833012123,12.0,-0.001240233005435382,6.394333443414453e-05,6.394333242980526e-05,0.0001276862309636335,0.001048616253209692,-6.39433344341442e-05
3,0.0025104158113436717,1.301942719789676,-0.002004190594159849,-12.0,-0.6539776658279838,12.0,-0.001241990378664529,6.519734752338239e-05,6.51973455191918e-05,0.0001301942719789676,0.001046611824021625,-6.51973475233824e-05
3,0.002510615811343672,1.327020982088838,-0.002004069699735878,-12.0,-0.66651661563472,12.0,-0.001243745578676514,6.645125459349877e-05,6.645125258942872e-05,0.0001327020982088838,0.001044605542400913,-6.645125459349841e-05
3,0.002510815811343672,1.352097240195704,-0.002003915189147332,-12.0,-0.679054512920725,12.0,-0.001245497817114652,6.770505977315778e-05,6.770505776924259e-05,0.0001352097240195704,0.001042596601495582,-6.770505977315778e-05
3,0.002511015811343672,1.377171271284719,-0.002003788137852291,-12.0,-0.6915913378870192,12.0,-0.001247247891356842,6.89587549749171e-05,6.895875297112856e-05,0.0001377171271284719,0.00104058582905317,-6.895875497491669e-05
3,0.002511215811343672,1.402243218947973,-0.002003627483917525,-12.0,-0.7041270707361379,12.0,-0.001248994983135576,7.021234432522205e-05,7.021234232159454e-05,0.0001402243218947973,0.00103857238832003,-7.021234432522203e-05
3,0.0025114158113436723,1.427312860441612,-0.002003494277846685,-12.0,-0.7166616916725187,12.0,-0.001250739919723784,7.146581973946762e-05,7.146581773597294e-05,0.0001427312860441612,0.001036557136927824,-7.14658197394672e-05
3,0.0025116158113436724,1.452380339291053,-0.002003327482310135,-12.0,-0.7291951809022666,12.0,-0.001252481852975856,7.271918534199565e-05,7.271918333866816e-05,0.0001452380339291053,0.00103453920825354,-7.271918534199565e-05
3,0.0025118158113436725,1.477445432831866,-0.002003188123663291,-12.0,-0.7417275186333092,12.0,-0.001254221640027364,7.397243305096502e-05,7.397243104777647e-05,0.0001477445432831866,0.001032519489780781,-7.39724330509646e-05
3,0.0025120158113436726,1.502508284525449,-0.002003015188308366,-12.0,-0.754258685075339,12.0,-0.00125595840288667,7.522556698870308e-05,7.522556498568789e-05,0.0001502508284525449,0.001030497085048987,-7.522556698870307e-05
3,0.0025122158113436727,1.527568671784399,-0.002002869679370245,-12.0,-0.7667886604399515,12.0,-0.00125769302852026,7.647857907605861e-05,7.647857707318846e-05,0.0001527568671784399,0.001028472911362127,-7.647857907605814e-05
3,0.002512415811343673,1.552626738009173,-0.002002690606086821,-12.0,-0.7793174249406231,12.0,-0.00125942460912197,7.773147343345363e-05,7.773147143076302e-05,0.0001552626738009174,0.001026446042453166,-7.773147343345363e-05
3,0.002512615811343673,1.57768226068694,-0.002002538949219534,-12.0,-0.7918449587926889,12.0,-0.001261154061457812,7.898424198434744e-05,7.8984239981808e-05,0.000157768226068694,0.001024417425415688,-7.898424198434694e-05
3,0.002512815811343673,1.602735383160008,-0.002002353739959495,-12.0,-0.8043712422134808,12.0,-0.001262880447938139,8.023688884735213e-05,8.02368868449984e-05,0.0001602735383160008,0.001022386104206713,-8.023688884735213e-05
3,0.002513015811343673,1.627785882987813,-0.002002195937626405,-12.0,-0.8168962554223053,12.0,-0.0012646047150979,8.148940594846845e-05,8.148940394627196e-05,0.0001627785882987813,0.001020353055678866,-8.14894059484679e-05
3,0.0025132158113436733,1.652833903457463,-0.00200200459442923,-12.0,-0.8294199786404213,12.0,-0.001266325895594278,8.27417974045992e-05,8.274179540259462e-05,0.0001652833903457463,0.001018317294043364,-8.27417974045992e-05
3,0.0025134158113436734,1.677879222198085,-0.002001840649152764,-12.0,-0.8419423920911783,12.0,-0.001268044965701001,8.399405514420311e-05,8.399405314236191e-05,0.0001677879222198085,0.001016279825882135,-8.399405514420255e-05
3,0.0025136158113436735,1.702921982444638,-0.00200164317416196,-12.0,-0.8544634759999936,12.0,-0.001269760928352001,8.524618328258318e-05,8.524618128094e-05,0.0001702921982444638,0.001014239635689945,-8.524618328258316e-05
3,0.0025138158113436736,1.727961961893541,-0.002001473088553585,-12.0,-0.8669832105943316,12.0,-0.00127147478953013,8.64981737505784e-05,8.649817174910472e-05,0.0001727961961893541,0.001012197759748756,-8.64981737505778e-05
3,0.0025140158113436738,1.75299930373035,-0.002001269483968282,-12.0,-0.8795015761038223,12.0,-0.001273185522475337,8.77500306619854e-05,8.775002866071591e-05,0.000175299930373035,0.001010153152865872,-8.775003066198541e-05
3,0.002514215811343674,1.778033785716483,-0.002001093260746045,-12.0,-0.8920185527602933,12.0,-0.001274894162850621,8.900174594995537e-05,8.900174394886147e-05,0.0001778033785716483,0.001008106880994578,-8.900174594995473e-05
3,0.002514415811343674,1.803065550991191,-0.002000883528877617,-12.0,-0.9045341207977475,12.0,-0.00127659965423077,9.0253323726887e-05,9.025332172600345e-05,0.0001803065550991192,0.001006057869282873,-9.025332372688699e-05
3,0.002514615811343674,1.828094377378185,-0.002000701170801422,-12.0,-0.9170482604523065,12.0,-0.001278303061930414,9.150475592815118e-05,9.150475392744932e-05,0.0001828094377378185,0.001004007213327274,-9.15047559281505e-05
3,0.002514815811343674,1.853120407973221,-0.002000485314027967,-12.0,-0.9295609519625059,12.0,-0.001280003299887145,9.275604666484777e-05,9.275604466436248e-05,0.0001853120407973221,0.001001953808644415,-9.27560466648478e-05
3,0.0025150158113436743,1.878143420660247,-0.002000296824004377,-12.0,-0.9420721755690982,12.0,-0.001281701463039533,9.400718787451008e-05,9.400718587421256e-05,0.0001878143420660247,0.0009998987804464288,-9.400718787450939e-05
3,0.0025152158113436744,1.903163558494394,-0.002000074844781596,-12.0,-0.9545819115151182,12.0,-0.001283396435715567,9.525818366703368e-05,9.525818166695881e-05,0.0001903163558494395,0.0009978409946456712,-9.525818366703366e-05
3,0.0025154158113436745,1.928180599417124,-0.001999880225758921,-12.0,-0.9670901400460029,12.0,-0.001285089342450335,9.650902598202516e-05,9.650902398214416e-05,0.0001928180599417124,0.0009957816060429392,-9.65090259820244e-05
3,0.0025156158113436747,1.953194686446104,-0.001999652126664531,-12.0,-0.9795968414095699,12.0,-0.00128677903798935,9.775971892829054e-05,9.775971692863843e-05,0.0001953194686446104,0.0009937194509728603,-9.775971892829054e-05
3,0.0025158158113436748,1.978205597577904,-0.001999451381686335,-12.0,-0.9921019958559952,12.0,-0.001288466676437394,9.901025444743171e-05,9.901025244797952e-05,0.0001978205597577904,0.0009916557137985144,-9.90102544474309e-05
3,0.002516015811343675,2.003213475795485,-0.001999217165357448,-12.0,-1.004605583637951,12.0,-0.001290151082983929,0.0001002606366472593,0.0001002606346480421,0.0002003213475795486,0.000989589201302904,-0.0001002606366472593
3,0.002516215811343675,2.028218099148202,-0.001999010297573878,-12.0,-1.017107585010565,12.0,-0.001291833441277257,0.0001015108574712999,0.0001015108554722888,0.0002028218099148202,0.0009875211273855378,-0.0001015108574712991
3,0.002516415811343675,2.053219610587325,-0.001998769966750524,-12.0,-1.029607980231488,12.0,-0.001293512546976683,0.0001027609210264737,0.0001027609190277038,0.0002053219610587325,0.000985450269303259,-0.0001027609210264738
3,0.0025166158113436752,2.078217788212422,-0.001998556979383226,-12.0,-1.042106749560855,12.0,-0.001295189613248454,0.0001040108192581481,0.0001040108172595903,0.0002078217788212422,0.0009833778704665397,-0.0001040108192581472
3,0.0025168158113436753,2.103212774945949,-0.001998310536882375,-12.0,-1.054603873261403,12.0,-0.00129686340624699,0.0001052605562724521,0.0001052605542741416,0.0002103212774945949,0.0009813026786311685,-0.0001052605562724521
3,0.0025170158113436755,2.128204348935425,-0.001998091433274896,-12.0,-1.067099331598539,12.0,-0.001298535168631404,0.0001065101240165273,0.000106510122018435,0.0002128204348935425,0.0009792259666937947,-0.0001065101240165264
3,0.0025172158113436756,2.153192653077473,-0.001997838882009551,-12.0,-1.07959310484014,12.0,-0.001300203637076017,0.000107759526595813,0.0001077595245979741,0.0002153192653077473,0.0009771464529335083,-0.000107759526595813
3,0.0025174158113436757,2.178177465564784,-0.001997613665547071,-12.0,-1.09208517325685,12.0,-0.001301870083708148,0.0001090087559591312,0.0001090087539615166,0.0002178177465564785,0.0009750654397090303,-0.0001090087559591303
3,0.002517615811343676,2.20315892927134,-0.001997355008558799,-12.0,-1.104575517122058,12.0,-0.001303533215746569,0.0001102578162113499,0.0001102578142139949,0.000220315892927134,0.0009729816158463162,-0.0001102578162113499
3,0.002517815811343676,2.228136822432694,-0.001997123682745294,-12.0,-1.117064116711702,12.0,-0.001305194334762616,0.0001115066993028967,0.000111506697305772,0.0002228136822432694,0.0009708963131426079,-0.0001115066993028957
3,0.002518015811343676,2.253111287902782,-0.001996858923111411,-12.0,-1.129550952304647,12.0,-0.001306852118543006,0.0001127554093381536,0.0001127554073412947,0.0002253111287902782,0.0009688081909943191,-0.0001127554093381536
3,0.002518215811343676,2.278082103957807,-0.001996621491584305,-12.0,-1.142036004182495,12.0,-0.001308507898080041,0.0001140039382690921,0.0001140039362724696,0.0002278082103957807,0.0009667186106137454,-0.0001140039382690911
3,0.0025184158113436762,2.303049413434654,-0.00199635063248127,-12.0,-1.154519252629556,12.0,-0.001310160321751241,0.0001152522901997074,0.0001152522882033568,0.0002303049413434654,0.0009646262019905039,-0.0001152522901997074
3,0.0025186158113436764,2.32801299464738,-0.001996107098923172,-12.0,-1.167000677933146,12.0,-0.00131181074994699,0.0001165004570834234,0.0001165004550873152,0.000232801299464738,0.0009625323557295451,-0.0001165004570834223
3,0.0025188158113436765,2.352972990419122,-0.001995830143674882,-12.0,-1.179480260383375,12.0,-0.001313457801658424,0.00011774844302397,0.0001177484410281398,0.0002352972990419122,0.0009604356724357554,-0.00011774844302397
3,0.0025190158113436766,2.377929179099359,-0.00199558051187354,-12.0,-1.191957980273295,12.0,-0.001315102866651374,0.0001189962399761433,0.0001189962379805616,0.0002377929179099359,0.000958337572084772,-0.0001189962399761421
3,0.0025192158113436767,2.402881703500183,-0.001995297463855183,-12.0,-1.204433817898849,12.0,-0.001316744534552772,0.0001202438520434994,0.0001202438500482019,0.0002402881703500183,0.0009562366259183719,-0.0001202438520434994
3,0.002519415811343677,2.427830342004056,-0.001995041737705372,-12.0,-1.216907753559004,12.0,-0.001318384224482161,0.0001214912711821311,0.0001214912691870881,0.0002427830342004056,0.0009541342832613542,-0.0001214912711821298
3,0.002519615811343677,2.452775237415162,-0.001994752600415151,-12.0,-1.229379767555729,12.0,-0.001320020496723612,0.0001227385014955314,0.0001227384995007788,0.0002452775237415162,0.0009520290860135366,-0.0001227385014955314
3,0.002519815811343677,2.477716168146426,-0.001994490783905345,-12.0,-1.241849840193979,12.0,-0.001321654799729233,0.0001239855349410087,0.0001239855329465166,0.0002477716168146426,0.0009499225128280636,-0.0001239855349410074
3,0.002520015811343677,2.50265327699698,-0.001994195560917733,-12.0,-1.254317951781823,12.0,-0.001323285664461021,0.0001252323756220905,0.0001252323736278949,0.0002502653276996981,0.0009478130762831799,-0.0001252323756220905
3,0.0025202158113436773,2.52758634240783,-0.001993927658157646,-12.0,-1.266784082630428,12.0,-0.001324914568683028,0.0001264790154972284,0.0001264790135032994,0.0002527586342407831,0.0009457022843398222,-0.0001264790154972271
3,0.0025204158113436774,2.552515507176088,-0.00199362635315381,-12.0,-1.279248213054038,12.0,-0.00132654001405591,0.0001277254586700885,0.0001277254566764621,0.0002552515507176088,0.0009435886202748961,-0.0001277254586700885
3,0.0025206158113436775,2.577440549768151,-0.001993352368326984,-12.0,-1.29171032337009,12.0,-0.001328163507635038,0.0001289716971001778,0.0001289716951068239,0.0002577440549768151,0.0009414736213373825,-0.0001289716971001763
3,0.0025208158113436776,2.602361612982308,-0.00199304498511732,-12.0,-1.30417039389928,12.0,-0.001329783521799438,0.0001302177348914163,0.0001302177328983713,0.0002602361612982309,0.0009393557415221243,-0.0001302177348914162
3,0.0025210158113436777,2.627278475307881,-0.001992764922518875,-12.0,-1.316628404965368,12.0,-0.001331401592876619,0.0001314635640042864,0.00013146356201152,0.0002627278475307881,0.0009372365473468702,-0.0001314635640042849
3,0.002521215811343678,2.652191279547019,-0.001992451464965295,-12.0,-1.329084336895472,12.0,-0.001333016163983264,0.0001327091885430507,0.0001327091865505992,0.0002652191279547019,0.0009351144635433017,-0.0001327091885430506
3,0.002521415811343678,2.677099804209633,-0.001992165329027018,-12.0,-1.34153817002001,12.0,-0.001334628800699705,0.0001339546004690999,0.000133954598476933,0.0002677099804209633,0.0009329910858792007,-0.0001339546004690984
3,0.002521615811343678,2.702004192105031,-0.001991845801138425,-12.0,-1.353989884672681,12.0,-0.001336237916899047,0.0001351998038871543,0.0001351998018953085,0.0002702004192105031,0.000930864809841489,-0.0001351998038871543
3,0.002521815811343678,2.726904221760863,-0.001991553596349505,-12.0,-1.366439461190492,12.0,-0.001337845107396152,0.0001364447907594159,0.0001364447887678606,0.0002726904221760863,0.0009287372604296629,-0.0001364447907594142
3,0.0025220158113436783,2.751800035996526,-0.001991228002223844,-12.0,-1.378886879913879,12.0,-0.001339448756838557,0.0001376895651911655,0.0001376895631999375,0.0002751800035996526,0.0009266068039037456,-0.0001376895651911655
3,0.0025222158113436784,2.776691413355113,-0.001990929733222013,-12.0,-1.391332121186687,12.0,-0.001341050489257561,0.0001389341191453482,0.0001389341171544168,0.0002776691413355114,0.0009244750944773367,-0.0001389341191453465
3,0.0025224158113436785,2.801578496669142,-0.001990598077063144,-12.0,-1.403775165356147,12.0,-0.00134264866009301,0.0001401784567279084,0.0001401784547373103,0.0002801578496669143,0.0009223404692008386,-0.0001401784567279083
3,0.0025226158113436786,2.826461064494435,-0.00199029374856996,-12.0,-1.41621599277301,12.0,-0.001344244922575233,0.0001414225699024458,0.0001414225679121503,0.0002826461064494436,0.0009202046114847873,-0.000141422569902444
3,0.0025228158113436787,2.851339259679806,-0.001989956034711082,-12.0,-1.42865458379153,12.0,-0.001345837602953398,0.0001426664627756819,0.0001426664607857259,0.0002851339259679806,0.0009180658291865762,-0.0001426664627756819
3,0.002523015811343679,2.876212860791267,-0.001989645651565453,-12.0,-1.441090918769438,12.0,-0.001347428383639743,0.0001439101273117892,0.0001439101253221416,0.0002876212860791267,0.0009159258348972327,-0.0001439101273117873
3,0.002523215811343679,2.901082010696849,-0.001989301884425587,-12.0,-1.453524978068082,12.0,-0.001349015561709771,0.0001451535676183657,0.0001451535656290637,0.0002901082010696849,0.0009137829072973364,-0.0001451535676183656
3,0.002523415811343679,2.925946487970249,-0.001988985451592429,-12.0,-1.465956742052367,12.0,-0.001350600848741002,0.0001463967756600795,0.0001463967736710921,0.0002925946487970249,0.0009116387881422938,-0.0001463967756600775
3,0.002523615811343679,2.950806435501929,-0.001988635635727154,-12.0,-1.478386191090912,12.0,-0.001352182512651179,0.0001476397555455185,0.0001476397535568828,0.0002950806435501929,0.000909491726951539,-0.0001476397555455185
3,0.0025238158113436793,2.975661631870584,-0.001988313158270971,-12.0,-1.490813305555831,12.0,-0.001353762294167754,0.000148882499239758,0.0001488824972514428,0.0002975661631870585,0.0009073434946293008,-0.000148882499239756
3,0.0025240158113436794,3.000512219991974,-0.001987957298314358,-12.0,-1.503238065823032,12.0,-0.001355338432065756,0.0001501250108524718,0.0001501250088645144,0.0003000512219991974,0.0009051923115490634,-0.0001501250108524718
3,0.0025242158113436795,3.025357978447441,-0.001987628781456863,-12.0,-1.515660452272194,12.0,-0.001356912696207302,0.0001513672823490759,0.0001513672803614449,0.0003025357978447441,0.0009030399777488762,-0.0001513672823490737
3,0.0025244158113436796,3.05019905018126,-0.00198726688217854,-12.0,-1.528080445286567,12.0,-0.001358483296240026,0.000152609317840439,0.0001526093158531719,0.000305019905018126,0.0009008846844707485,-0.0001526093178404388
3,0.0025246158113436798,3.075035213774452,-0.001986932331204949,-12.0,-1.540498025253356,12.0,-0.001360052031145559,0.0001538511092922174,0.0001538511073052828,0.0003075035213774452,0.0008987282608722141,-0.0001538511092922152
3,0.00252481581134368,3.099866612203166,-0.001986564397533419,-12.0,-1.552913172563527,12.0,-0.001361617081458683,0.0001550926608165995,0.0001550926588300349,0.0003099866612203166,0.0008965688690779072,-0.0001550926608165994
3,0.00252501581134368,3.124693024045512,-0.001986223817856292,-12.0,-1.565325867611778,12.0,-0.001363180275266496,0.0001563339643793946,0.0001563339623931684,0.0003124693024045512,0.000894408367350788,-0.0001563339643793922
3,0.00252521581134368,3.149514592312321,-0.001985849854788446,-12.0,-1.577736090796841,12.0,-0.001364739764004586,0.0001575750240942055,0.0001575750221083555,0.0003149514592312321,0.0008922448887116186,-0.0001575750240942053
3,0.00252541581134368,3.174331095576496,-0.001985503251999088,-12.0,-1.590143822521279,12.0,-0.001366297404851974,0.0001588158319269304,0.0001588158299414248,0.0003174331095576496,0.0008900803205154906,-0.000158815831926928
3,0.0025256158113436803,3.199142676886679,-0.001985123264654609,-12.0,-1.602549043191555,12.0,-0.001367851320158431,0.0001600563919926902,0.0001600563900075667,0.000319914267688668,0.0008879127666922143,-0.00016005639199269
3,0.0025258158113436804,3.223949114807612,-0.001984770644424483,-12.0,-1.614951733218149,12.0,-0.001369403396181468,0.000161296696257375,0.0001612966942726018,0.0003223949114807612,0.0008857441436762453,-0.0001612966962573724
3,0.0025260158113436806,3.248750552429113,-0.001984384638078929,-12.0,-1.627351873015521,12.0,-0.001370951726198166,0.0001625367488377444,0.0001625367468533596,0.0003248750552429113,0.0008835725263187655,-0.0001625367488377442
3,0.0025262158113436807,3.273546768305174,-0.001984026006219164,-12.0,-1.639749443002176,12.0,-0.001372498225531898,0.0001637765416995983,0.0001637765397155697,0.0003273546768305174,0.0008813998601212847,-0.0001637765416995957
3,0.0025264158113436808,3.298337905569803,-0.001983633986254452,-12.0,-1.652144423600623,12.0,-0.001374040958399186,0.0001650160789614371,0.0001650160769778029,0.0003298337905569804,0.0008792241908683607,-0.0001650160789614368
3,0.002526615811343681,3.323123742763532,-0.001983269348702521,-12.0,-1.664536795237513,12.0,-0.001375581869177078,0.0001662553525888838,0.0001662553506056117,0.0003323123742763532,0.0008770474931168448,-0.0001662553525888811
3,0.002526815811343681,3.347904423067864,-0.001982871320648893,-12.0,-1.676926538343618,12.0,-0.001377118993033444,0.0001674943667022972,0.0001674943647194257,0.0003347904423067864,0.0008748677835957452,-0.0001674943667022969
3,0.002527015811343681,3.372679725007172,-0.001982500683476385,-12.0,-1.689313633353807,12.0,-0.001378654303387544,0.000168733113267036,0.0001687331112845324,0.0003372679725007173,0.0008726870659061248,-0.0001687331132670331
3,0.0025272158113436812,3.397449791813489,-0.001982096652970222,-12.0,-1.701698060707167,12.0,-0.001380185806369671,0.0001699715964054199,0.000169971594423323,0.000339744979181349,0.000870503327732447,-0.0001699715964054196
3,0.0025274158113436813,3.422214401992492,-0.001981720022412592,-12.0,-1.714079800847065,12.0,-0.001381715504430336,0.0001712098080824682,0.0001712098061007452,0.0003422214401992492,0.0008683186017090783,-0.0001712098080824652
3,0.0025276158113436815,3.44697369883001,-0.001981309995234826,-12.0,-1.726458834220957,12.0,-0.001383241374672911,0.0001724477524225725,0.0001724477504412622,0.000344697369883001,0.000866130846486235,-0.0001724477524225722
3,0.0025278158113436816,3.471727460809966,-0.001980927377613462,-12.0,-1.738835141280677,12.0,-0.001384765448568442,0.0001736854213903095,0.000173685419409379,0.0003471727460809966,0.0008639421237215672,-0.0001736854213903064
3,0.0025280158113436817,3.496475831275399,-0.001980511359712223,-12.0,-1.751208702482382,12.0,-0.001386285674203819,0.0001749228191122673,0.0001749228171317556,0.0003496475831275399,0.0008617503630406753,-0.000174922819112267
3,0.002528215811343682,3.521218588686001,-0.001980122761534142,-12.0,-1.763579498286529,12.0,-0.001387804112060714,0.0001761599375525028,0.0001761599355723768,0.0003521218588686002,0.0008595576551148898,-0.0001761599375524995
3,0.002528415811343682,3.545955876444961,-0.001979700758947267,-12.0,-1.775947509157909,12.0,-0.001389318681218943,0.0001773967808398966,0.0001773967788601954,0.0003545955876444961,0.0008573619005543265,-0.0001773967808398962
3,0.002528615811343682,3.570687472984861,-0.001979306186846053,-12.0,-1.788312715565762,12.0,-0.001390831471161341,0.000178633340937895,0.0001786333389585854,0.0003570687472984862,0.0008551652190348646,-0.0001786333409378916
3,0.002528815811343682,3.595413521772557,-0.001978878205796342,-12.0,-1.800675097983755,12.0,-0.001392340371969891,0.0001798696219777963,0.0001798696199989177,0.0003595413521772557,0.0008529654821600174,-0.0001798696219777959
3,0.0025290158113436823,3.620133801210725,-0.001978477666551237,-12.0,-1.813034636889967,12.0,-0.001393847502119627,0.0001811056159223451,0.0001811056139438638,0.0003620133801210725,0.0008507648386015809,-0.0001811056159223415
3,0.0025292158113436824,3.644848454833006,-0.001978043713382061,-12.0,-1.825391312767013,12.0,-0.001395350722703081,0.0001823413269053636,0.0001823413249273194,0.0003644848454833007,0.0008485611309644314,-0.0001823413269053631
3,0.0025294158113436825,3.669557261009498,-0.001977637213942618,-12.0,-1.837745106102036,12.0,-0.001396852181179548,0.0001835767468888129,0.000183576744911172,0.0003669557261009498,0.0008463565369082604,-0.0001835767468888093
3,0.0025296158113436826,3.694260363343949,-0.001977197295150335,-12.0,-1.850095997386672,12.0,-0.001398349709659741,0.0001848118800091527,0.000184811878031955,0.0003694260363343949,0.0008441488700472177,-0.0001848118800091522
3,0.0025298158113436827,3.718957540170908,-0.001976784842596668,-12.0,-1.862443967117198,12.0,-0.001399845484579137,0.0001860467182274639,0.0001860467162506752,0.0003718957540170908,0.000841940337021313,-0.0001860467182274601
3,0.002530015811343683,3.743648935167669,-0.001976338964849944,-12.0,-1.8747889957945,12.0,-0.001401337309074879,0.0001872812656829655,0.000187281263706626,0.0003743648935167669,0.0008397287224605199,-0.000187281265682965
3,0.002530215811343683,3.768334326630429,-0.001975920566425149,-12.0,-1.887131063924058,12.0,-0.001402827388550854,0.0001885155143357672,0.0001885155123598427,0.000376833432663043,0.0008375162619786991,-0.0001885155143357633
3,0.002530415811343683,3.793013858313215,-0.001975468736523434,-12.0,-1.899470152016079,12.0,-0.001404313497177345,0.0001897494683279562,0.0001897494663524869,0.0003793013858313215,0.000835300711228254,-0.0001897494683279556
3,0.002530615811343683,3.817687308471069,-0.001975044399642911,-12.0,-1.911806240585443,12.0,-0.001405797869320297,0.0001909831196185842,0.0001909831176435356,0.0003817687308471069,0.0008330843347900685,-0.00019098311961858
3,0.0025308158113436833,3.842354820938259,-0.001974586624569508,-12.0,-1.92413931015185,12.0,-0.001407278250189464,0.0001922164723527288,0.0001922164703781415,0.000384235482093826,0.0008308648593451096,-0.0001922164723527281
3,0.0025310158113436834,3.867016173925684,-0.001974156356793655,-12.0,-1.936469341239596,12.0,-0.001408756903106295,0.0001934495184882846,0.0001934495165141239,0.0003867016173925684,0.0008286445784356777,-0.0001934495184882803
3,0.0025312158113436835,3.891671511351046,-0.001973692643666425,-12.0,-1.948796314377949,12.0,-0.001410231544326151,0.000194682262173429,0.0001946822601997356,0.0003891671511351046,0.0008264211897764384,-0.0001946822621734283
3,0.0025314158113436836,3.916320611378446,-0.001973256452765026,-12.0,-1.961120210100936,12.0,-0.001411704466120545,0.0001959146953648215,0.0001959146933915606,0.0003916320611378447,0.0008241970158656409,-0.000195914695364817
3,0.0025316158113436837,3.940963618012456,-0.001972786808873916,-12.0,-1.973441008947407,12.0,-0.0014131733557953,0.0001971468222138541,0.0001971468202410665,0.0003940963618012456,0.0008219697254569225,-0.0001971468222138533
3,0.002531815811343684,3.965600309367182,-0.001972344702746209,-12.0,-1.985758691461157,12.0,-0.001414640534566775,0.0001983786346758458,0.0001983786327034964,0.0003965600309367182,0.0008197416699994853,-0.0001983786346758411
3,0.002532015811343684,3.990230829537676,-0.001971869135582116,-12.0,-1.998073238190903,12.0,-0.001416103660796475,0.0001996101369055329,0.000199610134933663,0.0003990230829537676,0.0008175104892902962,-0.0001996101369055321
3,0.002532215811343684,4.014854956585158,-0.001971421122311856,-12.0,-2.010384629690258,12.0,-0.001417565084640693,0.0002008413208567995,0.0002008413188853735,0.0004014854956585158,0.0008152785637253468,-0.0002008413208567946
3,0.002532415811343684,4.039472834698419,-0.001970939639511116,-12.0,-2.022692846517872,12.0,-0.001419022435521028,0.000202072190687837,0.0002020721887168965,0.0004039472834698419,0.0008130435041484863,-0.0002020721906878361
3,0.0025326158113436843,4.064084241882924,-0.001970485727382121,-12.0,-2.034997869237392,12.0,-0.001420478092529653,0.0002033027383510061,0.0002033027363805153,0.0004064084241882924,0.0008108077198987762,-0.000203302738351001
3,0.0025328158113436844,4.088689322424761,-0.00196999833677336,-12.0,-2.047299678417524,12.0,-0.001421929656151566,0.000204532968008076,0.0002045329660380767,0.0004088689322424761,0.0008085687928705843,-0.0002045329680080751
3,0.0025330158113436845,4.113287854270523,-0.001969538534233095,-12.0,-2.059598254631997,12.0,-0.001423379534411628,0.0002057628716097817,0.0002057628696402378,0.0004113287854270524,0.0008063291613427115,-0.0002057628716097764
3,0.0025332158113436846,4.137879981807028,-0.001969045243821244,-12.0,-2.071893578459699,12.0,-0.00142482529886151,0.0002069924533215887,0.0002069924513525425,0.0004137879981807028,0.0008040863782626251,-0.0002069924533215877
3,0.0025334158113436847,4.162465482919118,-0.001968579559531003,-12.0,-2.084185630484651,12.0,-0.001426269386455126,0.0002082217050925175,0.0002082217031239324,0.0004162465482919118,0.0008018429108462566,-0.000208221705092512
3,0.002533615811343685,4.187044502097852,-0.00196808037750773,-12.0,-2.096474391295992,12.0,-0.001427709339814009,0.0002094506310918495,0.000209450629123768,0.0004187044502097852,0.0007995962830964209,-0.0002094506310918484
3,0.002533815811343685,4.211616817163111,-0.001967608820297562,-12.0,-2.10875984148809,12.0,-0.001429147624818827,0.0002106792232667849,0.0002106792212991704,0.0004211616817163111,0.0007973489911640708,-0.0002106792232667792
3,0.002534015811343685,4.236182572713922,-0.00196710375507636,-12.0,-2.121041961660613,12.0,-0.001430581755162585,0.0002119074857905548,0.0002119074838234499,0.0004236182572713922,0.0007950985301089231,-0.0002119074857905536
3,0.002534215811343685,4.260741546502175,-0.001966626333984811,-12.0,-2.133320732418329,12.0,-0.001432014225650757,0.0002131354106084403,0.000213135408641808,0.0004260741546502176,0.0007928474250153972,-0.0002131354106084344
3,0.0025344158113436853,4.285293883238116,-0.001966115394125723,-12.0,-2.145596134371401,12.0,-0.001433442521049766,0.0002143630018977287,0.0002143629999316121,0.0004285293883238116,0.000790593142001389,-0.0002143630018977275
3,0.0025346158113436854,4.309839360602778,-0.001965632118434479,-12.0,-2.157868148135362,12.0,-0.001434869165088115,0.0002155902516016989,0.0002155902496360606,0.0004309839360602778,0.0007883382350836188,-0.0002155902516016927
3,0.0025348158113436855,4.334378123421367,-0.001965115312724919,-12.0,-2.170136754330924,12.0,-0.001436291613606755,0.0002168171639018213,0.0002168171619367046,0.0004334378123421368,0.0007860801414387442,-0.0002168171639018199
3,0.0025350158113436857,4.358909949300579,-0.001964626191867769,-12.0,-2.182401933584353,12.0,-0.001437712419256554,0.0002180437307392549,0.0002180437287746224,0.0004358909949300579,0.0007838214440151481,-0.0002180437307392485
3,0.0025352158113436858,4.383434983184397,-0.00196410352933607,-12.0,-2.194663666527239,12.0,-0.00143912900895321,0.0002192699562997917,0.0002192699543356867,0.0004383434983184397,0.0007815595510483886,-0.0002192699562997903
3,0.002535415811343686,4.407953002602162,-0.00196360857298794,-12.0,-2.206921933796649,12.0,-0.001440543964269458,0.0002204958325223727,0.0002204958305587575,0.0004407953002602162,0.0007792970744187333,-0.0002204958325223661
3,0.002535615811343686,4.432464152620035,-0.001963080062835187,-12.0,-2.219176716035071,12.0,-0.001441954683196189,0.0002217213635972251,0.0002217213616341435,0.0004432464152620036,0.0007770313934198636,-0.0002217213635972236
3,0.002535815811343686,4.456968210686829,-0.001962579280894827,-12.0,-2.231427993890549,12.0,-0.001443363776227946,0.0002229465414609724,0.0002229465394983862,0.0004456968210686829,0.0007747651488644869,-0.0002229465414609655
3,0.002536015811343686,4.481465321994719,-0.001962044932567908,-12.0,-2.243675748016661,12.0,-0.001444768612430147,0.0002241713703084109,0.0002241713683463643,0.0004481465321994719,0.0007724956911037417,-0.0002241713703084093
3,0.0025362158113436863,4.505955263908743,-0.001961538335160107,-12.0,-2.255919959072495,12.0,-0.001446171831220089,0.0002253958420737407,0.0002253958401121952,0.0004505955263908743,0.0007702256898834137,-0.0002253958420737335
3,0.0025364158113436864,4.530438181750681,-0.001960998158311522,-12.0,-2.268160607722789,12.0,-0.001447570772736329,0.0002266199609564495,0.0002266199589954496,0.0004530438181750681,0.0007679524666106274,-0.0002266199609564477
3,0.0025366158113436866,4.554913852798659,-0.00196048575581198,-12.0,-2.280397674637905,12.0,-0.001448968105319803,0.0002278437188882168,0.0002278437169277236,0.0004554913852798659,0.0007656787199661619,-0.0002278437188882093
3,0.0025368158113436867,4.579382422507829,-0.001959939760332041,-12.0,-2.29263114049381,12.0,-0.001450361140181489,0.0002290671200733496,0.000229067118113408,0.0004579382422507829,0.0007634017424107131,-0.0002290671200733478
3,0.0025370158113436868,4.603843668065974,-0.001959421563336283,-12.0,-2.304860985972207,12.0,-0.001451752574587239,0.0002302901564408949,0.0002302901544814656,0.0004603843668065975,0.000761124261562357,-0.0002302901564408871
3,0.002537215811343687,4.628297735065472,-0.001958869759367987,-12.0,-2.317087191760486,12.0,-0.001453139690817895,0.0002315128322001138,0.000231512830241242,0.0004628297735065473,0.0007588435409326688,-0.0002315128322001118
3,0.002537415811343687,4.652744400600588,-0.001958345778742876,-12.0,-2.329309738551866,12.0,-0.001454525215067504,0.0002327351392773204,0.0002327351373189665,0.0004652744400600588,0.0007565623370795749,-0.0002327351392773124
3,0.002537615811343687,4.677183810404619,-0.001957788176655928,-12.0,-2.341528607045175,12.0,-0.001455906400683382,0.0002339570818868541,0.0002339570799290637,0.0004677183810404619,0.0007542778845626152,-0.000233957081886852
3,0.0025378158113436872,4.701615741474789,-0.001957258423495034,-12.0,-2.353743777945221,12.0,-0.001457286002790159,0.000235178651952181,0.0002351786499949142,0.0004701615741474789,0.0007519929688826754,-0.0002351786519521726
3,0.0025380158113436873,4.726040339689399,-0.001956695033954459,-12.0,-2.365955231962582,12.0,-0.001458661245799298,0.000236399853692865,0.0002363998517361677,0.0004726040339689399,0.0007497047956435132,-0.0002363998536928628
3,0.0025382158113436875,4.750457381945279,-0.001956159519622913,-12.0,-2.378162949813669,12.0,-0.001460034913768948,0.0002376206790294133,0.0002376206770732451,0.0004750457381945279,0.0007474161792928036,-0.0002376206790294046
3,0.0025384158113436876,4.774867014269354,-0.001955590353511782,-12.0,-2.390366912220848,12.0,-0.001461404202170724,0.0002388411321867361,0.0002388411302311433,0.0004774867014269354,0.0007451242964741367,-0.0002388411321867337
3,0.0025386158113436877,4.799269013454824,-0.001955049089674032,-12.0,-2.402567099912413,12.0,-0.001462771924000517,0.000240061205082283,0.0002400612031272249,0.0004799269013454824,0.00074283199058639,-0.000240061205082274
3,0.002538815811343688,4.823663525681197,-0.001954474158152975,-12.0,-2.41476349362257,12.0,-0.001464135245785703,0.0002412809019464444,0.0002412808999919675,0.0004823663525681197,0.0007405364093082956,-0.0002412809019464417
3,0.002539015811343688,4.848050327634401,-0.00195392715672682,-12.0,-2.426956074091562,12.0,-0.001465497009464578,0.000242500214693493,0.0002425002127395564,0.0004848050327634401,0.0007382404249942909,-0.0002425002146934836
3,0.002539215811343688,4.872429565650623,-0.001953346471256445,-12.0,-2.439144822065661,12.0,-0.001466854352615232,0.0002437191475594432,0.000243719145606094,0.0004872429565650623,0.0007359411563531981,-0.0002437191475594404
3,0.002539415811343688,4.89680101630504,-0.001952793744451009,-12.0,-2.451329718297134,12.0,-0.001468210146122695,0.000244937692455278,0.0002449376905024746,0.000489680101630504,0.0007336415047009825,-0.0002449376924552682
3,0.0025396158113436883,4.921164826094352,-0.00195220731675616,-12.0,-2.463510743544384,12.0,-0.001469561498611049,0.0002461558536227658,0.0002461558516705554,0.0004921164826094353,0.0007313385597697841,-0.0002461558536227628
3,0.0025398158113436884,4.945520771479557,-0.001951648877094758,-12.0,-2.475687878571909,12.0,-0.001470911309917777,0.0002473736229694916,0.0002473736210178326,0.0004945520771479557,0.0007290352518430354,-0.0002473736229694815
3,0.0025400158113436885,4.969868999121983,-0.001951056719207367,-12.0,-2.48786110415037,12.0,-0.001472256659706572,0.0002485910047431195,0.0002485910027920595,0.0004969868999121984,0.0007267286416705321,-0.0002485910047431163
3,0.0025402158113436886,4.994209285364737,-0.001950492579500418,-12.0,-2.500030401056545,12.0,-0.001473600476773251,0.0002498079908477151,0.0002498079888972119,0.0004994209285364737,0.0007244216885091692,-0.0002498079908477045
3,0.0025404158113436887,5.018541777037774,-0.001949894703747068,-12.0,-2.512195750073455,12.0,-0.001474939811815068,0.0002510245855369741,0.0002510245835870761,0.0005018541777037775,0.0007221114241192095,-0.0002510245855369708
3,0.002540615811343689,5.042866250362882,-0.00194932487715449,-12.0,-2.524357131990422,12.0,-0.001476277622592725,0.0002522407807113377,0.0002522407787620018,0.0005042866250362882,0.0007198008367382824,-0.0002522407807113267
3,0.002540815811343689,5.067182852342756,-0.001948721296178846,-12.0,-2.53651452760286,12.0,-0.00147761093082982,0.0002534565806306717,0.0002534565786819468,0.0005067182852342756,0.0007174869291295405,-0.0002534565806306681
3,0.002541015811343689,5.091491359073953,-0.001948145796144551,-12.0,-2.548667917712651,12.0,-0.00147894272325888,0.0002546719771916622,0.0002546719752435049,0.0005091491359073953,0.0007151727185189249,-0.0002546719771916506
3,0.002541215811343689,5.115791917736307,-0.001947536522953985,-12.0,-2.56081728312795,12.0,-0.001480269992622574,0.0002558869746605034,0.0002558869727129631,0.0005115791917736308,0.0007128551786643733,-0.0002558869746604996
3,0.0025414158113436893,5.140084304297436,-0.001946955363262726,-12.0,-2.572962604663166,12.0,-0.001481595754633191,0.0002571015649300022,0.000257101562983035,0.0005140084304297436,0.0007105373557882155,-0.0002571015649299904
3,0.0025416158113436894,5.164368666118217,-0.001946340411155711,-12.0,-2.585103863139246,12.0,-0.00148291697304348,0.0002583157522728132,0.0002583157503264687,0.0005164368666118217,0.000708216194634681,-0.000258315752272809
3,0.0025418158113436895,5.188644779033909,-0.001945753605996581,-12.0,-2.597241039383486,12.0,-0.001484236692554153,0.0002595295285777614,0.0002595295266319953,0.000518864477903391,0.0007058947704308982,-0.000259529528577749
3,0.0025420158113436896,5.212912790590678,-0.001945132988616205,-12.0,-2.609374114229594,12.0,-0.001485551847920097,0.000260742898124102,0.0002607428961789648,0.0005212912790590679,0.0007035699988982846,-0.0002607428981240978
3,0.0025422158113436897,5.237172476487325,-0.001944540552491159,-12.0,-2.621503068517805,12.0,-0.001486865512838109,0.0002619558527965442,0.0002619558508519909,0.0005237172476487325,0.0007012449842781487,-0.0002619558527965314
3,0.00254241581134369,5.261423984459782,-0.001943914283874415,-12.0,-2.633627883094845,12.0,-0.001488174593056335,0.0002631683968811016,0.0002631683949371828,0.0005261423984459782,0.0006989166132591318,-0.0002631683968810971
3,0.00254261581134369,5.28566709006664,-0.00194331623167443,-12.0,-2.645748538813995,12.0,-0.001489482191277258,0.0002643805222582454,0.0002643805203149158,0.0005285667090066641,0.0006965880191064922,-0.000264380522258232
3,0.00254281581134369,5.309901941237793,-0.001942684326205812,-12.0,-2.657865016535049,12.0,-0.00149078518423218,0.0002655922332208891,0.0002655922312782,0.0005309901941237794,0.0006942560594659086,-0.0002655922332208843
3,0.00254301581134369,5.334128313387683,-0.001942080673203561,-12.0,-2.669977297124453,12.0,-0.001492086703639095,0.0002668035216451389,0.0002668035197030444,0.0005334128313387683,0.0006919238966369978,-0.000266803521645125
3,0.0025432158113436903,5.358346354644675,-0.001941443145673905,-12.0,-2.68208536145528,12.0,-0.001493383597202635,0.0002680143918309657,0.0002680143898895174,0.0005358346354644676,0.0006895883592113183,-0.0002680143918309606
3,0.0025434158113436904,5.382555840275115,-0.001940833907541961,-12.0,-2.69418919040721,12.0,-0.001494679025666024,0.0002692248356499813,0.0002692248337091329,0.0005382555840275115,0.0006872526385338362,-0.0002692248356499668
3,0.0025436158113436905,5.406756918610142,-0.001940190773121131,-12.0,-2.70628876486666,12.0,-0.001495969807696451,0.0002704348574093594,0.0002704348554691632,0.0005406756918610142,0.0006849135341308044,-0.000270434857409354
3,0.0025438158113436906,5.430949364764126,-0.001939575965965279,-12.0,-2.71838406572677,12.0,-0.001497259133074136,0.0002716444489760956,0.0002716444470365046,0.0005430949364764126,0.0006825742664034462,-0.0002716444489760805
3,0.0025440158113436907,5.455133327275487,-0.001938927240238364,-12.0,-2.730475073887373,12.0,-0.001498543791416673,0.0002728536146647192,0.0002728536127257863,0.0005455133327275487,0.0006802316058009683,-0.0002728536146647135
3,0.002544215811343691,5.479308581102392,-0.00193830688056873,-12.0,-2.742561770255118,12.0,-0.001499827001552489,0.0002740623463374706,0.000274062344399148,0.0005479308581102392,0.0006778888017932583,-0.0002740623463374549
3,0.002544415811343691,5.503475274995223,-0.001937652579570903,-12.0,-2.754644135743494,12.0,-0.001501105524038093,0.0002752706483163984,0.0002752706463787397,0.0005503475274995223,0.0006755425957396255,-0.0002752706483163923
3,0.002544615811343691,5.527633183751965,-0.00193702668436524,-12.0,-2.766722151272798,12.0,-0.001502382606761998,0.0002764785124588596,0.0002764785105218166,0.0005527633183751966,0.0006731962661907787,-0.0002764785124588433
3,0.002544815811343691,5.551782456339355,-0.001936366824543567,-12.0,-2.778795797770161,12.0,-0.001503654981207359,0.0002776859430945683,0.000277685941158195,0.0005551782456339355,0.0006708465254033902,-0.0002776859430945618
3,0.0025450158113436913,5.575922867390939,-0.001935735411226824,-12.0,-2.790865056169664,12.0,-0.00150492592433521,0.0002788929320758607,0.0002788929301401083,0.0005575922867390939,0.0006684966810220627,-0.0002788929320758437
3,0.0025452158113436914,5.600054566094666,-0.001935070009522644,-12.0,-2.802929907412317,12.0,-0.001506192138542251,0.0002800994837402863,0.0002800994818052095,0.0005600054566094666,0.0006661434161872315,-0.0002800994837402794
3,0.0025454158113436915,5.624177326915419,-0.001934433095998944,-12.0,-2.814990332446039,12.0,-0.00150745692987464,0.0002813055899350217,0.0002813055880005709,0.0005624177326915419,0.0006637900676509378,-0.000281305589935004
3,0.0025456158113436917,5.648291299266915,-0.001933762169807229,-12.0,-2.82704631222579,12.0,-0.001508716971629853,0.0002825112550056056,0.0002825112530718361,0.0005648291299266915,0.0006614332894230301,-0.0002825112550055983
3,0.0025458158113436918,5.672396257441211,-0.001933119774498282,-12.0,-2.83909782771355,12.0,-0.001509975598952662,0.0002837164707939236,0.0002837164688607854,0.0005672396257441211,0.0006590764473775323,-0.0002837164707939052
3,0.002546015811343692,5.696492351082588,-0.00193244334171272,-12.0,-2.851144859878297,12.0,-0.001511229456026497,0.0002849212416536661,0.000284921239721215,0.0005696492351082588,0.0006567161663787735,-0.0002849212416536584
3,0.002546215811343692,5.720579354305766,-0.001931795483533172,-12.0,-2.863187389696138,12.0,-0.001512481907109675,0.0002861255594212797,0.000286125557489465,0.0005720579354305766,0.0006543558414371653,-0.0002861255594212605
3,0.002546415811343692,5.744657416990559,-0.001931113562586129,-12.0,-2.875225398150294,12.0,-0.001513729567256705,0.0002873294284587789,0.0002873294265276572,0.0005744657416990559,0.000651992068256696,-0.0002873294284587709
3,0.0025466158113436922,5.768726313069969,-0.001930460260989753,-12.0,-2.887258866231072,12.0,-0.001514975829853826,0.0002885328405970282,0.000288532838666548,0.0005768726313069969,0.0006496282709992363,-0.0002885328405970082
3,0.0025468158113436923,5.792786192664046,-0.001929772870820079,-12.0,-2.899287774935982,12.0,-0.001516217280811638,0.0002897358002065248,0.0002897357982767433,0.0005792786192664047,0.0006472610161925851,-0.0002897358002065162
3,0.0025470158113436924,5.816836829519755,-0.001929114145845734,-12.0,-2.911312105269787,12.0,-0.001517457342659734,0.0002909382991124149,0.00029093829718328,0.0005816836829519755,0.0006448937571659485,-0.0002909382991123942
3,0.0025472158113436926,5.840878374002465,-0.001928421305965822,-12.0,-2.923331838244394,12.0,-0.001518692572148983,0.000292140341693852,0.0002921403397654216,0.0005840878374002465,0.0006425230312542829,-0.0002921403416938428
3,0.0025474158113436927,5.864910599668249,-0.001927757178183054,-12.0,-2.935346954878971,12.0,-0.001519926420967821,0.0002933419197701005,0.0002933419178423216,0.000586491059966825,0.0006401523209707549,-0.0002933419197700789
3,0.002547615811343693,5.888933657132886,-0.001927058908695933,-12.0,-2.947357436200076,12.0,-0.001521155416691122,0.0002945430377291476,0.0002945430358020791,0.0005888933657132886,0.0006377781344404643,-0.000294543037729138
3,0.002547815811343693,5.912947319757215,-0.001926389399322437,-12.0,-2.959363263241485,12.0,-0.001522383040182651,0.0002957436873842389,0.0002957436854578269,0.0005912947319757216,0.0006354039833774972,-0.0002957436873842163
3,0.002548015811343693,5.936951738412265,-0.001925685720890469,-12.0,-2.971364417044326,12.0,-0.001523605789824745,0.0002969438731323537,0.0002969438712066578,0.0005936951738412266,0.0006330263466794994,-0.0002969438731323436
3,0.002548215811343693,5.960946686258905,-0.001925010851762554,-12.0,-2.983360878657205,12.0,-0.001524827175672927,0.0002981435867805677,0.0002981435848555334,0.0005960946686258905,0.000630648765278935,-0.0002981435867805442
3,0.0025484158113436932,5.984932314428865,-0.001924301785726001,-12.0,-2.995352629136039,12.0,-0.001526043666899457,0.0002993428327350422,0.0002993428308107295,0.0005984932314428865,0.000628267688827927,-0.0002993428327350313
3,0.0025486158113436934,6.008908395878048,-0.001923621579296153,-12.0,-3.007339649544183,12.0,-0.001527258802769382,0.0003005416027965132,0.0003005416008728672,0.0006008908395878049,0.0006258866874952751,-0.0003005416027964887
3,0.0025488158113436935,6.032875082004035,-0.001922907147626773,-12.0,-3.019321920952529,12.0,-0.001528469023226731,0.0003017399013805018,0.0003017398994575831,0.0006032875082004035,0.0006235021816691777,-0.0003017399013804903
3,0.0025490158113436936,6.056832145553255,-0.00192222162708422,-12.0,-3.03129942443947,12.0,-0.001529677896764392,0.0003029377202812641,0.0003029377183590169,0.0006056832145553255,0.0006211177707731441,-0.0003029377202812387
3,0.0025492158113436937,6.080779738194391,-0.001921501852429675,-12.0,-3.043272141090858,12.0,-0.001530881834079345,0.000304135063923855,0.000304135062002341,0.0006080779738194391,0.0006187298459122414,-0.0003041350639238429
3,0.002549415811343694,6.104717632459145,-0.001920811041615789,-12.0,-3.055240052000106,12.0,-0.001532084432910641,0.0003053319240958756,0.000305331922175038,0.0006104717632459145,0.0006163420357841731,-0.000305331924095849
3,0.002549615811343694,6.128645980292854,-0.001920085947353822,-12.0,-3.067203138268317,12.0,-0.001533282074689446,0.0003065283052321091,0.0003065283033120104,0.0006128645980292853,0.0006139507021905299,-0.0003065283052320963
3,0.002549815811343694,6.152564554007744,-0.001919389870892907,-12.0,-3.07916138100411,12.0,-0.001534478386419846,0.0003077241991133495,0.0003077241971939319,0.0006152564554007744,0.0006115595031231935,-0.0003077241991133217
3,0.002550015811343694,6.176473505831018,-0.00191865948110026,-12.0,-3.091114761323754,12.0,-0.00153566972024799,0.000308919610184279,0.0003089196082656059,0.0006176473505831018,0.0006091647710601555,-0.0003089196101842654
3,0.0025502158113436943,6.200372607850295,-0.001917958164378675,-12.0,-3.103063260351298,12.0,-0.00153685973246237,0.0003101145302187209,0.0003101145283007337,0.0006200372607850296,0.0006067701933075154,-0.0003101145302186919
3,0.0025504158113436944,6.224262012580489,-0.001917222503950988,-12.0,-3.115006859218397,12.0,-0.001538044745903355,0.0003113089636714589,0.000311308961754222,0.0006224262012580489,0.0006043720729986823,-0.0003113089636714446
3,0.0025506158113436945,6.248141491879202,-0.001916515973122479,-12.0,-3.126945539064444,12.0,-0.001539228446164886,0.0003125029023091623,0.0003125029003926162,0.0006248141491879202,0.0006019741267750123,-0.0003125029023091321
3,0.0025508158113436946,6.272011198554654,-0.00191577506774987,-12.0,-3.138879281036702,12.0,-0.001540407126760512,0.0003136963505969104,0.0003136963486811202,0.0006272011198554654,0.0005995726284038494,-0.0003136963505968952
3,0.0025510158113436947,6.295870904229437,-0.00191506334985192,-12.0,-3.15080806629013,12.0,-0.00154158450261016,0.0003148893002940593,0.0003148892983789644,0.0006295870904229437,0.0005971713238829557,-0.0003148893002940278
3,0.002551215811343695,6.319720762010585,-0.001914317226032747,-12.0,-3.162731875987514,12.0,-0.001542756837879578,0.0003160817558761642,0.0003160817539618309,0.0006319720762010584,0.0005947664575916278,-0.0003160817558761481
3,0.002551415811343695,6.343560543280276,-0.001913600348971034,-12.0,-3.174650691299598,12.0,-0.001543927876835605,0.0003172737090950955,0.0003172737071814623,0.0006343560543280276,0.0005923618049063772,-0.0003172737090950627
3,0.002551615811343695,6.36739040145042,-0.001912849034118036,-12.0,-3.186564493404878,12.0,-0.001545093854274315,0.000318465164437093,0.0003184651625242269,0.000636739040145042,0.0005899535807954992,-0.000318465164437076
3,0.002551815811343695,6.391210107657185,-0.001912127026692634,-12.0,-3.198473263489902,12.0,-0.001546258543831613,0.0003196561136463552,0.0003196561117341939,0.0006391210107657186,0.0005875455900367088,-0.000319656113646321
3,0.0025520158113436953,6.415019815623288,-0.001911370549142699,-12.0,-3.210376982749063,12.0,-0.001547418150911584,0.00032084656122001,0.0003208465593086215,0.0006415019815623289,0.0005851340181642628,-0.000320846561219992
3,0.0025522158113436954,6.438819296233287,-0.001910643441100923,-12.0,-3.22227563238473,12.0,-0.00154857647854123,0.0003220364988943987,0.0003220364969837194,0.0006438819296233287,0.0005827226993802281,-0.0003220364988943629
3,0.0025524158113436955,6.462608703526685,-0.0019098818301444,-12.0,-3.234169193607378,12.0,-0.001549729702709446,0.0003232259311777423,0.0003232259292678415,0.0006462608703526686,0.000580307789760981,-0.0003232259311777234
3,0.0025526158113436956,6.486387808130963,-0.00190914965227007,-12.0,-3.246057647635384,12.0,-0.001550881655857816,0.0003244148497983487,0.0003244148478891616,0.0006486387808130964,0.0005778931529565601,-0.0003244148497983113
3,0.0025528158113436957,6.510156764408424,-0.001908382938187625,-12.0,-3.257940975695322,12.0,-0.00155202848453645,0.0003256032592757335,0.0003256032573673306,0.0006510156764408424,0.0005754749155611194,-0.0003256032592757135
3,0.002553015811343696,6.53391534272369,-0.001907645722306839,-12.0,-3.269819159021762,12.0,-0.001553174050624662,0.0003267911513299847,0.0003267911494222998,0.000653391534272369,0.0005730569706972055,-0.0003267911513299456
3,0.002553215811343696,6.557663697768045,-0.001906873936424525,-12.0,-3.281692178857399,12.0,-0.001554314471209572,0.0003279785304921187,0.0003279785285852235,0.0006557663697768046,0.0005706354154514925,-0.0003279785304920974
3,0.002553415811343696,6.58140159963736,-0.001906131715454951,-12.0,-3.29356001645318,12.0,-0.00155545363763282,0.0003291653884738133,0.0003291653865676407,0.000658140159963736,0.0005682141724437928,-0.0003291653884737725
3,0.002553615811343696,6.605129203358405,-0.001905354890233912,-12.0,-3.305422653068102,12.0,-0.001556587637493667,0.0003303517298178092,0.000330351727912432,0.0006605129203358404,0.0005657893092279598,-0.0003303517298177868
3,0.0025538158113436963,6.628846278752188,-0.001904607698225647,-12.0,-3.31728006996951,12.0,-0.001557720391620498,0.000331537546227171,0.0003315375443225207,0.0006628846278752188,0.0005633647779466344,-0.0003315375462271284
3,0.0025540158113436964,6.652552981187417,-0.001903825867282549,-12.0,-3.329132248432891,12.0,-0.001558847958099796,0.0003327228422565847,0.000332722840352735,0.0006652552981187417,0.0005609366165945373,-0.0003327228422565609
3,0.0025542158113436965,6.676249080204088,-0.00190307373948162,-12.0,-3.340979169742004,12.0,-0.00155997428727167,0.0003339076096002969,0.0003339076076971785,0.0006676249080204089,0.000558508806863034,-0.0003339076096002523
3,0.0025544158113436966,6.699934731519356,-0.001902286937640607,-12.0,-3.352820815189009,12.0,-0.001561095407683732,0.000335091852825162,0.0003350918509228498,0.0006699934731519356,0.0005560773571611499,-0.0003350918528251369
3,0.0025546158113436968,6.723609704386228,-0.00190152991059156,-12.0,-3.3646571660743,12.0,-0.001562215299213632,0.0003362755636164175,0.000336275561714841,0.0006723609704386229,0.0005536462787557594,-0.0003362755636163709
3,0.002554815811343697,6.747274154876755,-0.001900738173912675,-12.0,-3.376488203706629,12.0,-0.001563329960844184,0.0003374587465532982,0.0003374587446525334,0.0006747274154876755,0.0005512115504425763,-0.0003374587465532716
3,0.002555015811343697,6.770927851950522,-0.001899976285477223,-12.0,-3.388313909403239,12.0,-0.001564443402017168,0.0003386413933118249,0.0003386413914118,0.0006770927851950522,0.0005487772130911284,-0.0003386413933117762
3,0.002555215811343697,6.794570952041576,-0.001899179651405625,-12.0,-3.400134264489693,12.0,-0.001565551592122738,0.000339823508483857,0.0003398235065846491,0.0006794570952041577,0.0005463392158563118,-0.0003398235084838288
3,0.002555415811343697,6.81820322380937,-0.001898412940793293,-12.0,-3.411949250300004,12.0,-0.001566658570193613,0.0003410050837359721,0.0003410050818375081,0.000681820322380937,0.0005439016292378418,-0.0003410050837359211
3,0.0025556158113436973,6.841824824056799,-0.001897611448167247,-12.0,-3.423758848176765,12.0,-0.001567760276000474,0.0003421861236728897,0.0003421861217752483,0.0006841824824056799,0.0005414603727211253,-0.0003421861236728597
3,0.0025558158113436974,6.865435521136858,-0.00189683995609613,-12.0,-3.435563039470972,12.0,-0.001568860778194459,0.0003433666199515411,0.0003433666180546477,0.0006865435521136858,0.0005390195464645142,-0.0003433666199514877
3,0.0025560158113436975,6.889035472228096,-0.001896033645187423,-12.0,-3.447361805542166,12.0,-0.001569955986898131,0.0003445465771897295,0.0003445465752936642,0.0006889035472228095,0.0005365750402550606,-0.0003445465771896978
3,0.0025562158113436977,6.912624445370198,-0.001895257413894846,-12.0,-3.459155127758516,12.0,-0.001571050000409135,0.000345725987034518,0.0003457259851392047,0.0006912624445370198,0.0005341309839386188,-0.0003457259870344621
3,0.0025564158113436978,6.93620259812491,-0.001894446326581534,-12.0,-3.47094298749679,12.0,-0.001572138699173609,0.0003469048541170544,0.0003469048522225746,0.000693620259812491,0.0005316832375740765,-0.0003469048541170209
3,0.002556615811343698,6.959769698211612,-0.001893665399904432,-12.0,-3.482725366142316,12.0,-0.001573226211163903,0.0003480831700742998,0.0003480831681805758,0.0006959769698211612,0.0005292359607244057,-0.0003480831700742412
3,0.002556815811343698,6.983325903582236,-0.001892849579641975,-12.0,-3.494502245089077,12.0,-0.001574308387120416,0.0003492609395509791,0.0003492609376580939,0.0006983325903582236,0.0005267849836900207,-0.0003492609395509435
3,0.002557015811343698,7.006870981628984,-0.001892064003137683,-12.0,-3.506273605739838,12.0,-0.001575389384719739,0.0003504381541737315,0.0003504381522816061,0.0007006870981628984,0.000524334495781098,-0.0003504381541736701
3,0.0025572158113436982,7.030405090701682,-0.001891243495138362,-12.0,-3.518039429505983,12.0,-0.001576465024967055,0.0003516148186011222,0.000351614816709841,0.0007030405090701682,0.0005218802975087977,-0.0003516148186010845
3,0.0025574158113436983,7.053927997857882,-0.00189045331610771,-12.0,-3.529799697807636,12.0,-0.001577539495272007,0.0003527909244492171,0.0003527909225586995,0.0007053927997857883,0.0005194266079611154,-0.0003527909244491528
3,0.0025576158113436985,7.077439861852875,-0.001889628167382806,-12.0,-3.541554392073794,12.0,-0.001578608586873809,0.000353966476390681,0.000353966474501013,0.0007077439861852876,0.0005169691978287316,-0.0003539664763906411
3,0.0025578158113436986,7.100940449402477,-0.001888833435056636,-12.0,-3.553303493742157,12.0,-0.001579676516946849,0.0003551414660307775,0.0003551414641418767,0.0007100940449402478,0.0005145123160084364,-0.0003551414660307101
3,0.0025580158113436987,7.124429919674986,-0.001888003694485718,-12.0,-3.565046984259259,12.0,-0.001580739046933011,0.0003563158980565197,0.0003563158961684736,0.0007124429919674987,0.0005120517033385119,-0.0003563158980564773
3,0.002558215811343699,7.147908039036852,-0.001887204460056857,-12.0,-3.576784845080556,12.0,-0.001581800423801183,0.0003574897640621206,0.0003574897621748455,0.0007147908039036852,0.0005095916385564059,-0.0003574897640620499
3,0.002558415811343699,7.171374967077693,-0.001886370178588503,-12.0,-3.58851705767043,12.0,-0.001582856379165276,0.0003586630687492291,0.0003586630668628141,0.0007171374967077693,0.0005071278326153617,-0.0003586630687491842
3,0.002558615811343699,7.194830469806699,-0.001885566495313018,-12.0,-3.600243603501985,12.0,-0.001583911189820375,0.0003598358037007413,0.0003598358018151006,0.0007194830469806699,0.0005046645941260697,-0.0003598358037006672
3,0.002558815811343699,7.218274707242523,-0.001884727725953717,-12.0,-3.611964464057469,12.0,-0.001584960557519666,0.0003610079736331991,0.0003610079717484239,0.0007218274707242524,0.000502197604123289,-0.0003610079736331516
3,0.0025590158113436992,7.241707445029705,-0.001883919649374732,-12.0,-3.623679620828111,12.0,-0.001586008788916349,0.0003621795701179516,0.000362179568233954,0.0007241707445029706,0.0004997312011239818,-0.0003621795701178737
3,0.0025592158113436994,7.265128843624243,-0.001883076447374066,-12.0,-3.635389055313947,12.0,-0.001587051555870633,0.0003633505978867078,0.0003633505960035809,0.0007265128843624243,0.0004972610362109497,-0.0003633505978866573
3,0.0025594158113436995,7.2885386682974,-0.001882264035270698,-12.0,-3.647092749024247,12.0,-0.00158809319492631,0.0003645210484989794,0.0003645210466166335,0.0007288538668297399,0.0004947914778407059,-0.0003645210484988976
3,0.0025596158113436996,7.311937079951413,-0.001881416458317631,-12.0,-3.658790683477347,12.0,-0.001589129348017082,0.0003656909267019565,0.0003656909248204865,0.0007311937079951413,0.0004923181471097604,-0.0003656909267019029
3,0.0025598158113436997,7.335323843476118,-0.001880599770948344,-12.0,-3.67048284020048,12.0,-0.001590164381610359,0.000366860224043039,0.0003668602221623533,0.0007335323843476119,0.0004898454424484,-0.0003668602240429532
3,0.0025600158113437,7.35869912022804,-0.001879747879134364,-12.0,-3.682169200730201,12.0,-0.001591193907679811,0.0003680289452851634,0.0003680289434053587,0.000735869912022804,0.0004873689549319826,-0.0003680289452851067
3,0.0025602158113437,7.38206267470754,-0.001878926979430151,-12.0,-3.693849746612185,12.0,-0.001592222322649994,0.0003691970819633658,0.0003691970800843485,0.000738206267470754,0.0004848931129991241,-0.0003691970819632755
3,0.0025604158113437,7.405414668734453,-0.001878070835524159,-12.0,-3.705524459401221,12.0,-0.001593245208500349,0.00037036463885663,0.0003703646369784988,0.0007405414668734453,0.0004824134776685307,-0.0003703646388565697
3,0.0025606158113437,7.428754866410475,-0.00187724578907833,-12.0,-3.717193320661312,12.0,-0.001594266991646331,0.0003715316074873183,0.0003715316056099777,0.0007428754866410475,0.0004799345074225914,-0.0003715316074872234
3,0.0025608158113437003,7.452083430027897,-0.001876385458664753,-12.0,-3.7288563119658,12.0,-0.001595283224038457,0.0003726979926507776,0.0003726979907743281,0.0007452083430027897,0.0004774517331870842,-0.0003726979926507135
3,0.0025610158113437004,7.475400123281148,-0.001875556334038908,-12.0,-3.740513414897195,12.0,-0.001596298362118054,0.0003738637858564155,0.0003738637839807593,0.0007475400123281148,0.0004749696435240591,-0.0003738637858563157
3,0.0025612158113437005,7.498705108943915,-0.001874691885621615,-12.0,-3.752164611047309,12.0,-0.001597307927770963,0.0003750289919162368,0.0003750289900414768,0.0007498705108943915,0.0004724837392300063,-0.0003750289919161687
3,0.0025614158113437006,7.521998150294218,-0.001873858754454449,-12.0,-3.763809882017378,12.0,-0.001598316407499356,0.0003761936023263975,0.0003761936004524336,0.0007521998150294218,0.0004699985389826355,-0.0003761936023262924
3,0.0025616158113437007,7.545279410596835,-0.001872990259718765,-12.0,-3.775449209417898,12.0,-0.001599319293088652,0.0003773576219158902,0.0003773576200428277,0.0007545279410596835,0.0004675095134119567,-0.0003773576219158179
3,0.002561815811343701,7.568548652703777,-0.001872153196884607,-12.0,-3.787082574868747,12.0,-0.001600321101138058,0.0003785210421672969,0.0003785210402950331,0.0007568548652703778,0.0004650212113487262,-0.0003785210421671863
3,0.002562015811343701,7.591806040380463,-0.001871280730832314,-12.0,-3.798709959999288,12.0,-0.001601317293295768,0.0003796838679269224,0.0003796838660555648,0.0007591806040380463,0.0004625290732183374,-0.0003796838679268455
3,0.002562215811343701,7.615051336043702,-0.001870439814738223,-12.0,-3.810331346448357,12.0,-0.001602312416293827,0.0003808460906634783,0.000380846088792922,0.0007615051336043703,0.0004600376780420634,-0.0003808460906633619
3,0.002562415811343701,7.638284703969246,-0.001869563455874079,-12.0,-3.821946715864069,12.0,-0.001603301901606347,0.0003820077152409012,0.000382007713371256,0.0007638284703969247,0.0004575424360026281,-0.0003820077152408195
3,0.0025626158113437013,7.661505906128442,-0.001868718768550437,-12.0,-3.833556049904234,12.0,-0.001604290326135571,0.0003831687331136911,0.0003831687312448496,0.0007661505906128442,0.0004550479563496523,-0.0003831687331135684
3,0.0025628158113437014,7.684715107317938,-0.001867838599205029,-12.0,-3.845159330236163,12.0,-0.0016052730911435,0.0003843291491637827,0.0003843291472958572,0.0007684715107317938,0.000452549618984166,-0.0003843291491636958
3,0.0025630158113437015,7.707912069053651,-0.001866990226620402,-12.0,-3.856756538536659,12.0,-0.00160625480373966,0.0003854889548311332,0.0003854889529640136,0.0007707912069053652,0.0004500520634232175,-0.0003854889548310038
3,0.0025632158113437016,7.731096956662993,-0.001866106333036299,-12.0,-3.868347656492114,12.0,-0.001607230834936468,0.0003866481550160003,0.0003866481531498015,0.0007731096956662993,0.0004475506392464801,-0.0003866481550159078
3,0.0025634158113437017,7.754269531196161,-0.001865254365342128,-12.0,-3.879932665798638,12.0,-0.00160820582208826,0.0003878067411434661,0.0003878067392780752,0.0007754269531196161,0.000445050016277454,-0.0003878067411433296
3,0.002563615811343702,7.777429958522264,-0.001864366838056242,-12.0,-3.891511548161885,12.0,-0.001609175105918736,0.0003889647181324813,0.000388964716268016,0.0007777429958522264,0.000442545513734377,-0.0003889647181323829
3,0.002563815811343702,7.800577999214795,-0.001863511369784465,-12.0,-3.903084285297188,12.0,-0.001610143354065841,0.0003901220773928846,0.000390122075529229,0.0007800577999214795,0.0004400418317872801,-0.0003901220773927404
3,0.002564015811343702,7.823713819695409,-0.001862620303848761,-12.0,-3.91465085892968,12.0,-0.001611105876925756,0.000391278823862688,0.0003912788219999629,0.000782371381969541,0.0004375342592522757,-0.0003912788238625832
3,0.002564215811343702,7.846837180050161,-0.001861761434290177,-12.0,-3.926211250794131,12.0,-0.001612067372458559,0.0003924349489361361,0.0003924349470742226,0.0007846837180050161,0.0004350275266859494,-0.0003924349489359841
3,0.0025644158113437023,7.86994824726419,-0.001860866929536797,-12.0,-3.93776544263507,12.0,-0.00161302312069278,0.000393590457570665,0.0003935904557096863,0.000786994824726419,0.0004325168924613765,-0.0003935904575705533
3,0.0025646158113437024,7.89304678092474,-0.001860004762999523,-12.0,-3.949313416206917,12.0,-0.001613977849950599,0.0003947453411445526,0.000394745339284387,0.000789304678092474,0.0004300071175626641,-0.0003947453411443917
3,0.0025648158113437025,7.916132948592172,-0.001859106924438692,-12.0,-3.960855153273813,12.0,-0.001614926809852479,0.0003958996046350565,0.0003958996027758306,0.0007916132948592173,0.0004274934298776623,-0.0003958996046349375
3,0.0025650158113437026,7.939206509343005,-0.001858241570551922,-12.0,-3.972390635609746,12.0,-0.001615874759122504,0.0003970532394040896,0.0003970532375456778,0.0007939206509343005,0.0004249806208598828,-0.0003970532394039195
3,0.0025652158113437028,7.962267631324542,-0.001857340508671257,-12.0,-3.983919844998683,12.0,-0.001616816916932939,0.0003982062504491282,0.0003982062485916607,0.0007962267631324542,0.0004224638878695675,-0.0003982062504490012
3,0.002565415811343703,7.985316073090818,-0.001856472082820027,-12.0,-3.99544276323436,12.0,-0.001617758072449238,0.000399358629115334,0.0003993586272586819,0.0007985316073090818,0.000419948052871405,-0.0003993586291151541
3,0.002565615811343703,8.008352003387998,-0.001855567913938039,-12.0,-4.006959372120584,12.0,-0.001618693414354055,0.0004005103804208001,0.0004005103785650968,0.0008008352003387999,0.0004174282826553688,-0.0004005103804206647
3,0.002565815811343703,8.031375180235207,-0.001854696537615386,-12.0,-4.018469653470992,12.0,-0.001619627762296516,0.0004016614956935282,0.0004016614938386411,0.0008031375180235208,0.0004149094297399292,-0.0004016614956933376
3,0.002566015811343703,8.054385772989937,-0.001853789384318461,-12.0,-4.029973589109341,12.0,-0.001620556274426921,0.0004028119799726467,0.0004028119781187128,0.0008054385772989938,0.0004123866303010759,-0.0004028119799725023
3,0.0025662158113437033,8.07738353912366,-0.00185291518555708,-12.0,-4.041471160869317,12.0,-0.00162148380091931,0.0004039618245685779,0.0004039618227154609,0.0008077383539123661,0.0004098647674542488,-0.0004039618245683761
3,0.0025664158113437034,8.100368648617847,-0.001852005177118254,-12.0,-4.052962350594653,12.0,-0.001622405469350219,0.000405111034541908,0.0004051110326897483,0.0008100368648617847,0.0004073389467177113,-0.0004051110345417535
3,0.0025666158113437035,8.123340858383127,-0.001851128290937698,-12.0,-4.064447140139253,12.0,-0.001623326160459682,0.0004062596011850457,0.0004062595993337032,0.0008123340858383128,0.0004048140818473656,-0.0004062596011848315
3,0.0025668158113437037,8.146300339038252,-0.001850215563836244,-12.0,-4.075925511367037,12.0,-0.001624240971207613,0.0004074075295804852,0.0004074075277301044,0.0008146300339038252,0.0004022852476591454,-0.0004074075295803201
3,0.0025670158113437038,8.169246846919226,-0.001849336132721646,-12.0,-4.087397446152058,12.0,-0.001625154812942675,0.0004085548110021607,0.0004085548091525974,0.0008169246846919226,0.0003997573885936856,-0.0004085548110019336
3,0.002567215811343704,8.192180553295486,-0.001848420831118247,-12.0,-4.098862926378628,12.0,-0.001626062751965307,0.0004097014505549277,0.0004097014487063302,0.0008192180553295487,0.0003972255487194876,-0.0004097014505547511
3,0.002567415811343704,8.215101213914599,-0.001847539005624288,-12.0,-4.110321933941126,12.0,-0.001626969730275651,0.0004108474394937912,0.0004108474376460112,0.0008215101213914599,0.0003946947032066467,-0.0004108474394935503
3,0.002567615811343704,8.238009000710404,-0.001846621281909933,-12.0,-4.121774450744279,12.0,-0.001627870783469931,0.0004119927829464258,0.0004119927810996157,0.0008238009000710405,0.0003921598653306574,-0.0004119927829462369
3,0.0025678158113437042,8.260903668827522,-0.001845737221220833,-12.0,-4.133220458702965,12.0,-0.001628770884243735,0.0004131374721484305,0.0004131374703024371,0.0008260903668827523,0.0003896260410362617,-0.0004131374721481745
3,0.0025680158113437043,8.283785390878423,-0.001844817236642093,-12.0,-4.144659939742346,12.0,-0.001629665037444994,0.0004142815122507726,0.0004142815104057533,0.0008283785390878423,0.0003870882127599284,-0.0004142815122505704
3,0.0025682158113437045,8.306653921389742,-0.001843931109200891,-12.0,-4.156092875797983,12.0,-0.001630558246508262,0.0004154248944691505,0.0004154248926249472,0.0008306653921389742,0.0003845514172666487,-0.0004154248944688782
3,0.0025684158113437046,8.329509433667457,-0.001843009034572685,-12.0,-4.167519248815678,12.0,-0.001631445485489325,0.0004165676239783272,0.0004165676221351015,0.0008329509433667458,0.0003820106061071804,-0.0004165676239781105
3,0.0025686158113437047,8.35235168160451,-0.00184212101875314,-12.0,-4.178939040751596,12.0,-0.001632331788604557,0.0004177096919735739,0.0004177096901311633,0.0008352351681604511,0.0003794708469133518,-0.0004177096919732843
3,0.002568815811343705,8.375180839215426,-0.001841197035137743,-12.0,-4.19035223357239,12.0,-0.001633212099072079,0.0004188511036539575,0.0004188511018125282,0.0008375180839215427,0.0003769270603029284,-0.0004188511036537252
3,0.002569015811343705,8.397996659743654,-0.001840307320092549,-12.0,-4.20175880925504,12.0,-0.001634091481936717,0.0004199918501938031,0.0004199918483531874,0.0008397996659743655,0.0003743843448210799,-0.0004199918501934947
3,0.002569215811343705,8.420799317927619,-0.001839381619564318,-12.0,-4.213158749786972,12.0,-0.001634964849532849,0.00042113193681699,0.0004211319349773592,0.0008420799317927619,0.0003718375901052146,-0.0004211319368167408
3,0.002569415811343705,8.443588566344566,-0.001838490406001814,-12.0,-4.22455203716619,12.0,-0.001635837297777387,0.0004222713546763476,0.0004222713528375284,0.0008443588566344566,0.0003692919256610971,-0.0004222713546760188
3,0.0025696158113437052,8.4663645804731,-0.001837563192594871,-12.0,-4.235938653401074,12.0,-0.001636703708076115,0.0004234101090211154,0.0004234101071832847,0.0008466364580473099,0.0003667422100974704,-0.0004234101090208479
3,0.0025698158113437054,8.489127112206875,-0.001836670693680542,-12.0,-4.247318580510665,12.0,-0.001637569207263656,0.0004245481909820489,0.0004245481891450278,0.0008489127112206875,0.0003641936039285171,-0.0004245481909816985
3,0.0025700158113437055,8.511876337781157,-0.001835742184295164,-12.0,-4.258691800524442,12.0,-0.001638428645769574,0.0004256856058343022,0.0004256856039982726,0.0008511876337781157,0.0003616409346859084,-0.0004256856058340147
3,0.0025702158113437056,8.534612008388173,-0.001834848626686369,-12.0,-4.270058295482603,12.0,-0.001639287181393057,0.0004268223446859658,0.000426822342850743,0.0008534612008388174,0.0003590893939402207,-0.0004268223446855917
3,0.0025704158113437057,8.557334301036944,-0.00183391905213659,-12.0,-4.281418047435866,12.0,-0.001640139633541149,0.0004279584128386821,0.0004279584110044541,0.0008557334301036944,0.0003565337780969402,-0.000427958412838373
3,0.002570615811343706,8.580042966199551,-0.00183302467705504,-12.0,-4.292771038445604,12.0,-0.001640991191022678,0.0004290938013772549,0.0004290937995438303,0.0008580042966199552,0.0003539793098319144,-0.000429093801376855
3,0.002570815811343706,8.602738181676367,-0.001832094283219732,-12.0,-4.304117250583956,12.0,-0.00164183664217521,0.0004302285156304063,0.0004302285137979794,0.0008602738181676368,0.0003514207543748593,-0.0004302285156300736
3,0.002571015811343706,8.625419697200245,-0.001831199347704704,-12.0,-4.315456665933673,12.0,-0.001642681206864061,0.0004313625466590243,0.0004313625448273975,0.0008625419697200245,0.0003488633655559098,-0.0004313625466585968
3,0.002571215811343706,8.648087691380857,-0.001830268396750157,-12.0,-4.326789266588237,12.0,-0.001643519642309688,0.000432495899819507,0.0004324958979888804,0.0008648087691380857,0.0003463018773792875,-0.0004324958998191487
3,0.0025714158113437063,8.670741913191668,-0.001829373174951243,-12.0,-4.338115034651992,12.0,-0.001644357199480972,0.0004336285661481618,0.000433628564318331,0.0008670741913191668,0.0003437415748787365,-0.0004336285661477041
3,0.0025716158113437064,8.693382542070703,-0.001828441946798876,-12.0,-4.34943395223997,12.0,-0.001645188604433301,0.0004347605510297033,0.0004347605492008751,0.0008693382542070703,0.0003411771607826491,-0.0004347605510293171
3,0.0025718158113437065,8.716009326210898,-0.001827546731404617,-12.0,-4.360746001478023,12.0,-0.001646019139286081,0.0004358918454751524,0.0004358918436471152,0.0008716009326210899,0.0003386139513784775,-0.0004358918454746618
3,0.0025720158113437066,8.738622445897958,-0.00182661552520802,-12.0,-4.372051164502945,12.0,-0.001646843498881556,0.0004370224548981904,0.0004370224530711584,0.0008738622445897959,0.0003360466180680338,-0.0004370224548977738
3,0.0025722158113437067,8.761221648522762,-0.001825720629148098,-12.0,-4.38334942346231,12.0,-0.001647666996536845,0.0004381523702838422,0.0004381523684575955,0.0008761221648522762,0.0003334805084427989,-0.0004381523702833162
3,0.002572415811343707,8.783807115238512,-0.0018247897649597,-12.0,-4.394640760514593,12.0,-0.001648484295833308,0.0004392815970754132,0.0004392815952501736,0.0008783807115238512,0.0003309102625267402,-0.0004392815970749633
3,0.002572615811343707,8.80637859261122,-0.00182389552313067,-12.0,-4.405925157829261,12.0,-0.001649300741333293,0.000440410126231178,0.0004404101244067175,0.000880637859261122,0.0003283412592662016,-0.000440410126230613
3,0.002572815811343707,8.828936262682655,-0.001822965343863725,-12.0,-4.417202597586776,12.0,-0.001650110965308427,0.0004415379632247774,0.000441537961401326,0.0008828936262682655,0.0003257681072559165,-0.0004415379632242912
3,0.002573015811343707,8.851479871170058,-0.001822072115095441,-12.0,-4.428473061978393,12.0,-0.001650920343614137,0.0004426650989869372,0.0004426650971642577,0.0008851479871170058,0.0003231962168481345,-0.0004426650989863298
3,0.0025732158113437073,8.874009601024829,-0.001821142988488234,-12.0,-4.439736533206577,12.0,-0.001651723477162692,0.0004437915390223351,0.0004437915372006659,0.000887400960102483,0.0003206201651566182,-0.0004437915390218089
3,0.0025734158113437074,8.89652519709109,-0.001820251157827357,-12.0,-4.450992993484797,12.0,-0.00165252577315167,0.0004449172742333505,0.0004449172724124459,0.0008896525197091091,0.0003180453939908845,-0.000444917274232697
3,0.0025736158113437075,8.919026843252142,-0.001819323478820412,-12.0,-4.462242425037537,12.0,-0.001653321801085239,0.0004460423101564415,0.0004460423083365481,0.0008919026843252143,0.000315466448931559,-0.0004460423101558716
3,0.0025738158113437076,8.941514283452591,-0.001818433459830349,-12.0,-4.473484810100375,12.0,-0.001654116999550759,0.0004471666376647587,0.000447166635845621,0.0008941514283452591,0.0003128888032973287,-0.0004471666376640546
3,0.0025740158113437077,8.963987702530682,-0.001817507653131933,-12.0,-4.484720130920116,12.0,-0.001654905906594673,0.0004482902623273165,0.0004482902605091907,0.0008963987702530682,0.0003103069710832934,-0.0004482902623266984
3,0.002574215811343708,8.98644684350466,-0.0018166198907279,-12.0,-4.495948369754622,12.0,-0.001655693992243079,0.000449413174987149,0.0004494131731697694,0.0008986446843504661,0.0003077264571693245,-0.0004494131749863894
3,0.002574415811343708,9.008891892191166,-0.001815696413595358,-12.0,-4.50716950887294,12.0,-0.001656475763035181,0.0004505353812466054,0.0004505353794302381,0.0009008891892191166,0.0003051417439123572,-0.0004505353812459344
3,0.002574615811343708,9.03132259065357,-0.00181481138701578,-12.0,-4.518383530555422,12.0,-0.001657256720484113,0.0004516568719176611,0.0004516568701020293,0.000903132259065357,0.0003025583678058219,-0.0004516568719168406
3,0.002574815811343708,9.053739125711722,-0.001813890732532908,-12.0,-4.529590417093567,12.0,-0.001658031339572763,0.0004527776526368327,0.0004527776508222128,0.0009053739125711723,0.0002999707795155737,-0.0004527776526361034
3,0.0025750158113437083,9.076141238444034,-0.0018130089586883,-12.0,-4.540790150790139,12.0,-0.001658805153349707,0.0004538977141840324,0.0004538977123701361,0.0009076141238444034,0.0002973845472013376,-0.0004538977141831451
3,0.0025752158113437084,9.09852911669888,-0.001812091659269655,-12.0,-4.551982713959262,12.0,-0.001659572605191229,0.0004550170622307929,0.0004550170604179075,0.0009098529116698882,0.0002947940897847917,-0.0004550170622299993
3,0.0025754158113437085,9.120902500538683,-0.001811213696623515,-12.0,-4.563168088926414,12.0,-0.001660339259730415,0.0004561356875239401,0.0004561356857117653,0.0009120902500538684,0.0002922050071448856,-0.0004561356875229791
3,0.0025756158113437086,9.143261578866476,-0.001810300327994341,-12.0,-4.574346258028234,12.0,-0.00166109952868787,0.0004572535957708886,0.0004572535939597235,0.0009143261578866476,0.0002896116864057052,-0.0004572535957700239
3,0.0025758158113437088,9.165606090695263,-0.001809426780687406,-12.0,-4.58551720361293,12.0,-0.001661859008329825,0.0004583707776842664,0.0004583707758737975,0.0009165606090695263,0.0002870197592186458,-0.0004583707776832243
3,0.002576015811343709,9.187936226010457,-0.001808517966474188,-12.0,-4.59668090804012,12.0,-0.001662612078670245,0.0004594872390083081,0.0004594872371988466,0.0009187936226010458,0.0002844235808569101,-0.0004594872390073645
3,0.002576215811343709,9.210251722740857,-0.001807649489159235,-12.0,-4.607837353680662,12.0,-0.001663364367657905,0.0004606029704202821,0.0004606029686115008,0.0009210251722740857,0.0002818288147975051,-0.0004606029704191503
3,0.002576415811343709,9.23255277198191,-0.001806745905769347,-12.0,-4.618986522917068,12.0,-0.001664110223551174,0.0004617179777021607,0.000461717975894384,0.000923255277198191,0.0002792297844092795,-0.0004617179777011299
3,0.002576615811343709,9.254839110541855,-0.001805883209056169,-12.0,-4.630128398143344,12.0,-0.00166485530602889,0.00046283225149466,0.0004628322496875455,0.0009254839110541856,0.0002766321850485726,-0.0004628322514934288
3,0.0025768158113437093,9.277110930655487,-0.00180498559148079,-12.0,-4.641262961764821,12.0,-0.001665593931544529,0.0004639457976184618,0.0004639457958123484,0.0009277110930655488,0.0002740303081262413,-0.000463945797617334
3,0.0025770158113437094,9.299367967971024,-0.001804129447839031,-12.0,-4.652390196198565,12.0,-0.001666331791555398,0.000465058606676414,0.0004650586048709432,0.0009299367967971025,0.0002714298809314286,-0.0004650586066750727
3,0.0025772158113437096,9.321610415893202,-0.00180323859613285,-12.0,-4.663510083873187,12.0,-0.001667063170660676,0.0004661706845289413,0.0004661706827244668,0.0009321610415893202,0.0002688251628636673,-0.0004661706845277054
3,0.0025774158113437097,9.343838008869207,-0.001802389846887742,-12.0,-4.674622607228834,12.0,-0.0016677937921451,0.0004672820217396583,0.0004672820199358048,0.0009343838008869208,0.0002662219131985694,-0.0004672820217381946
3,0.0025776158113437098,9.36605094150446,-0.001801506633325456,-12.0,-4.685727748717284,12.0,-0.00166851790870326,0.0004683926242097523,0.0004683926224068893,0.000936605094150446,0.0002636143592709833,-0.0004683926242083958
3,0.00257781581134371,9.388248947001475,-0.00180066619644359,-12.0,-4.696825490802064,12.0,-0.00166924127549517,0.000469502482462162,0.000469502480659896,0.0009388248947001476,0.0002610082923968082,-0.0004695024824605621
3,0.00257801581134371,9.41043222119896,-0.001799791573933174,-12.0,-4.707915815958295,12.0,-0.001669958113262315,0.0004706116024399274,0.0004706116006386447,0.0009410432221198961,0.0002583979077929038,-0.0004706116024384363
3,0.00257821581134371,9.432600496007938,-0.001798960452823462,-12.0,-4.718998706672809,12.0,-0.001670674209088174,0.0004717199746237505,0.0004717199728230381,0.0009432600496007939,0.000255789028869205,-0.0004717199746219986
3,0.0025784158113437102,9.454753968533728,-0.001798095464301319,-12.0,-4.73007414544427,12.0,-0.00167138375171183,0.000472827604999639,0.0004728276031999014,0.0009454753968533728,0.0002531758186715416,-0.0004728276049979969
3,0.0025786158113437103,9.476892369346478,-0.001797274758019274,-12.0,-4.741142114783016,12.0,-0.001672092560187077,0.0004739344840044216,0.0004739344822052249,0.0009476892369346478,0.0002505641327577579,-0.0004739344840024997
3,0.0025788158113437105,9.49901589685231,-0.001796420547215405,-12.0,-4.752202597211184,12.0,-0.001672794791203192,0.0004750406176682084,0.0004750406158699763,0.000949901589685231,0.0002479481019498908,-0.0004750406176663969
3,0.0025790158113437106,9.521124280227411,-0.001795611461981927,-12.0,-4.763255575262793,12.0,-0.00167349629583069,0.0004761459963821938,0.0004761459945844697,0.0009521124280227412,0.0002453336140074286,-0.0004761459963800811
3,0.0025792158113437107,9.543217719214452,-0.001794769285861086,-12.0,-4.774301031483711,12.0,-0.001674191198661301,0.0004772506262217873,0.0004772506244250156,0.0009543217719214452,0.0002427147674761015,-0.000477250626219785
3,0.002579415811343711,9.565295941538771,-0.001793973148338956,-12.0,-4.785338948431627,12.0,-0.001674885382828117,0.0004783544975306557,0.0004783544957343555,0.0009565295941538772,0.0002400974823708463,-0.0004783544975283288
3,0.002579615811343711,9.587359148315732,-0.001793144391213364,-12.0,-4.79636930867613,12.0,-0.001675572940778358,0.0004794576164307091,0.0004794576146353473,0.0009587359148315733,0.0002374758249092668,-0.0004794576164284918
3,0.002579815811343711,9.609407065758942,-0.001792362663828317,-12.0,-4.80739209479884,12.0,-0.001676259787753431,0.0004805599732160696,0.0004805599714211385,0.0009609407065758942,0.0002348557474151497,-0.0004805599732135011
3,0.002580015811343711,9.631439896394049,-0.001791548853817382,-12.0,-4.81840728939324,12.0,-0.001676939984010195,0.0004816615740564031,0.0004816615722623933,0.000963143989639405,0.0002322312837264862,-0.0004816615740539423
3,0.0025802158113437113,9.653457364856962,-0.001790783152327613,-12.0,-4.829414875064804,12.0,-0.001677619476941894,0.0004827624091940889,0.0004827624074004645,0.0009653457364856963,0.0002296084185295366,-0.0004827624091912476
3,0.0025804158113437114,9.675459675121761,-0.001789985980248598,-12.0,-4.840414834431114,12.0,-0.001678292294569173,0.0004838624848478233,0.0004838624830551005,0.0009675459675121762,0.0002269811532321225,-0.0004838624848450865
3,0.0025806158113437115,9.697446550175856,-0.001789238094260792,-12.0,-4.8514071501217,12.0,-0.001678964416482298,0.0004849617912058942,0.0004849617894135059,0.0009697446550175857,0.0002243555049359219,-0.0004849617912027439
3,0.0025808158113437116,9.719418195480404,-0.001788459435579703,-12.0,-4.862391804778166,12.0,-0.001679629838420071,0.0004860603345373094,0.0004860603327457992,0.0009719418195480405,0.0002217254425688764,-0.0004860603345342587
3,0.0025810158113437117,9.74137433229724,-0.001787731352247857,-12.0,-4.873368781054305,12.0,-0.001680294572212304,0.0004871581049737072,0.0004871581031824745,0.0009741374332297241,0.0002190970157010946,-0.0004871581049702057
3,0.002581215811343712,9.763315167614191,-0.001786973292742022,-12.0,-4.884338061615942,12.0,-0.001680952581273321,0.0004882551088357288,0.0004882551070453466,0.0009763315167614192,0.0002164641607317608,-0.0004882551088323201
3,0.002581415811343712,9.785240420883433,-0.001786267224442639,-12.0,-4.895299629141054,12.0,-0.001681609909713888,0.0004893513361955629,0.0004893513344053938,0.0009785240420883434,0.0002138329597521083,-0.0004893513361916612
3,0.002581615811343712,9.807150300658943,-0.001785532090065267,-12.0,-4.906253466319892,12.0,-0.001682260488580334,0.0004904467934268011,0.0004904467916374504,0.0009807150300658943,0.0002111973165849629,-0.0004904467934229827
3,0.002581815811343712,9.829044524491838,-0.001784850506910018,-12.0,-4.917199555854789,12.0,-0.001682910394304571,0.0004915414705391473,0.0004915414687499375,0.000982904452449184,0.0002085633458952657,-0.000491541470534788
3,0.0025820158113437123,9.850923302541426,-0.001784140898877684,-12.0,-4.928137880460438,12.0,-0.001683553525525627,0.0004926353739604448,0.0004926353721720152,0.0009850923302541427,0.0002059249188830076,-0.0004926353739561561
3,0.0025822158113437124,9.872786350357195,-0.001783486566826031,-12.0,-4.939068422863703,12.0,-0.001684195991034421,0.0004937284936345723,0.0004937284918462011,0.0009872786350357196,0.0002032881828388927,-0.0004937284936296877
3,0.0025824158113437125,9.894633879742354,-0.001782805402999355,-12.0,-4.949991165803731,12.0,-0.001684831657022268,0.0004948208360449035,0.0004948208342572677,0.0009894633879742355,0.0002006469762957652,-0.0004948208360400731
3,0.0025826158113437126,9.916465604133842,-0.001782181428898522,-12.0,-4.960906092032083,12.0,-0.001685466664677393,0.0004959123910658078,0.0004959123892781371,0.0009916465604133842,0.0001980074792217318,-0.0004959123910603184
3,0.0025828158113437127,9.938281737016167,-0.001781531992758101,-12.0,-4.97181318431254,12.0,-0.0016860948477051,0.0004970031652374349,0.0004970031634504463,0.0009938281737016167,0.0001953634974397045,-0.0004970031652319783
3,0.002583015811343713,9.96008198959066,-0.001780941877750575,-12.0,-4.982712425421375,12.0,-0.001686722379725558,0.0004980931483605509,0.0004980931465734206,0.000996008198959066,0.0001927212436468387,-0.0004980931483543624
3,0.002583215811343713,9.981866577058044,-0.001780327876578447,-12.0,-4.993603798147168,12.0,-0.001687343061922641,0.0004991823470332422,0.0004991823452467312,0.0009981866577058044,0.0001900744909157231,-0.000499182347027059
3,0.002583415811343713,10.00363520824701,-0.001779775579775933,-12.0,-5.004487285290924,12.0,-0.001687963100381995,0.0005002707509781141,0.0005002707491913392,0.001000363520824701,0.0001874294847237432,-0.0005002707509711149
3,0.002583615811343713,10.02538810010583,-0.001779201214175519,-12.0,-5.015362869666193,12.0,-0.0016885762637322,0.0005013583668522318,0.0005013583650660005,0.001002538810010583,0.0001847799653552848,-0.0005013583668452018
3,0.0025838158113437133,10.04712495893712,-0.001778691228941032,-12.0,-5.026230534098882,12.0,-0.001689188790554463,0.0005024451842949387,0.000502445182508303,0.001004712495893712,0.0001821322111192764,-0.0005024451842869942
3,0.0025840158113437134,10.06884600346288,-0.001778161276317469,-12.0,-5.037090261427526,12.0,-0.001689794416890766,0.0005035312100231418,0.0005035312082369597,0.001006884600346288,0.0001794799294771096,-0.0005035312100151208
3,0.0025842158113437135,10.09055093728619,-0.001777698722015053,-12.0,-5.047942034503102,12.0,-0.0016903994138463,0.0005046164335871597,0.00050461643180041,0.001009055093728619,0.0001768294316204372,-0.0005046164335781087
3,0.0025844158113437136,10.11223998092177,-0.001777218637384337,-12.0,-5.058785836189149,12.0,-0.001690997484848578,0.0005057008617643618,0.0005057008599779579,0.001011223998092177,0.000174174392156487,-0.0005057008617551765
3,0.0025846158113437137,10.13391283507607,-0.001776809370503951,-12.0,-5.069621649361887,12.0,-0.001691594933550755,0.0005067844840094905,0.0005067844822223289,0.001013391283507608,0.000171521155211192,-0.0005067844839991382
3,0.002584815811343714,10.15556972206561,-0.001776385408930103,-12.0,-5.080449456910054,12.0,-0.001692185430739568,0.0005078673071606729,0.0005078673053737269,0.001015556972206561,0.0001688633625108807,-0.0005078673071501124
3,0.002585015811343714,10.1772103394742,-0.001776036158381622,-12.0,-5.091269241735034,12.0,-0.001692775312640227,0.0005089493205695556,0.0005089493187816292,0.00101772103394742,0.0001662073911675652,-0.0005089493205576653
3,0.002585215811343714,10.19883491141508,-0.001775675524454012,-12.0,-5.102080986750974,12.0,-0.001693358217375374,0.0005100305311348453,0.0005100305293469766,0.001019883491141508,0.0001635468500052542,-0.0005100305311226521
3,0.002585415811343714,10.22044313208892,-0.001775394057478952,-12.0,-5.11288467488462,12.0,-0.001693940513759373,0.0005111109280964318,0.00051111092630732,0.001022044313208892,0.0001608881491750661,-0.0005111109280827143
3,0.0025856158113437143,10.24203522738136,-0.001775105089140805,-12.0,-5.123680289075444,12.0,-0.001694515807233565,0.0005121905184127723,0.0005121905166235254,0.001024203522738137,0.000158224864583334,-0.0005121905183986304
3,0.0025858158113437144,10.26361088780595,-0.001774900415851821,-12.0,-5.134467812275759,12.0,-0.001695090499215013,0.0005132692912018923,0.0005132692894110903,0.001026361088780595,0.0001555634394749608,-0.0005132692911859907
3,0.0025860158113437145,10.28517034097092,-0.001774692812114953,-12.0,-5.14524722745056,12.0,-0.001695658162449321,0.0005143472534803258,0.0005143472516891517,0.001028517034097092,0.0001528974168309924,-0.0005143472534638445
3,0.0025862158113437147,10.30671327334475,-0.001774575439680959,-12.0,-5.156018517577651,12.0,-0.001696225230965909,0.0005154243942323243,0.0005154243924392217,0.001030671327334475,0.0001502332730472997,-0.000515424394213797
3,0.0025864158113437148,10.32823991417278,-0.001774460544488043,-12.0,-5.166781665647726,12.0,-0.001696785244804655,0.0005165007205296309,0.0005165007187358633,0.001032823991417278,0.0001475645181813964,-0.0005165007205103237
3,0.002586615811343715,10.34974994545329,-0.001774442795506648,-12.0,-5.177536654664334,12.0,-0.001697344670612,0.0005175762212085871,0.00051757621941244,0.001034974994545329,0.0001448976618412465,-0.0005175762211868828
3,0.002586815811343715,10.37124359793496,-0.001774433954686572,-12.0,-5.188283467643851,12.0,-0.001697897015717098,0.0005186509033916597,0.0005186509015944825,0.001037124359793496,0.0001422261811742237,-0.0005186509033689165
3,0.002587015811343715,10.39272054863389,-0.001774530368871208,-12.0,-5.199022087615558,12.0,-0.001698448779382189,0.0005197247557502443,0.0005197247539501383,0.001039272054863389,0.0001395566190671854,-0.0005197247557246688
3,0.002587215811343715,10.41418102960248,-0.001774643382733032,-12.0,-5.209752497621772,12.0,-0.001698993436226703,0.0005207977854508555,0.0005207977836492605,0.001041418102960248,0.0001368824197853918,-0.0005207977854239039
3,0.0025874158113437153,10.43562471225188,-0.001774871228684027,-12.0,-5.220474680717681,12.0,-0.001699537518120353,0.0005218699809792276,0.0005218699791740285,0.001043562471225188,0.000134210159569742,-0.0005218699809488997
3,0.0025876158113437154,10.45705182964737,-0.001775124931016503,-12.0,-5.231188619971462,12.0,-0.001700074466981172,0.00052294134953619,0.0005229413477289196,0.001045705182964738,0.0001315332498500535,-0.0005229413495040446
3,0.0025878158113437156,10.47846204682672,-0.001775504863996691,-12.0,-5.241894298464405,12.0,-0.001700610847271355,0.0005240118793962498,0.0005240118775845359,0.001047846204682672,0.0001288583003083918,-0.0005240118793600407
3,0.0025880158113437157,10.49985559745186,-0.001775921870398989,-12.0,-5.25259169929075,12.0,-0.001701140068221252,0.0005250815777806439,0.0005250815759661132,0.001049985559745186,0.0001261786896098391,-0.000525081577742035
3,0.0025882158113437158,10.52123213922586,-0.001776478786729818,-12.0,-5.263280805557812,12.0,-0.001701668726861727,0.0005261504327206591,0.0005261504309006295,0.001052123213922586,0.0001235010609822659,-0.0005261504326771083
3,0.002588415811343716,10.54259190581512,-0.001777086471760558,-12.0,-5.273961600386064,12.0,-0.001702190199759201,0.0005272184514381552,0.0005272184496143439,0.001054259190581512,0.0001208187604282637,-0.0005272184513914304
3,0.002588615811343716,10.56393454636806,-0.001777850631064837,-12.0,-5.284634066909133,12.0,-0.001702711116480182,0.0005282856216806093,0.0005282856198499561,0.001056393454636806,0.0001181384648510919,-0.0005282856216278068
3,0.002588815811343716,10.58526029371559,-0.001778682419330657,-12.0,-5.295298188273616,12.0,-0.001703224820958138,0.0005293519506424446,0.0005293519488067462,0.001058526029371559,0.0001154534877353466,-0.0005293519505854286
3,0.0025890158113437162,10.60656878687684,-0.001779690936094536,-12.0,-5.30595394763947,12.0,-0.001703737975251696,0.0005304174257349188,0.0005304174238906466,0.001060656878687684,0.000112770539825717,-0.0005304174256703375
3,0.0025892158113437163,10.62786025665466,-0.001780788029764224,-12.0,-5.316601328179859,12.0,-0.001704243890704005,0.0005314820540852144,0.0005314820522342214,0.001062786025665467,0.0001100829022905592,-0.0005314820540150095
3,0.0025894158113437165,10.64913432987253,-0.001782086882570866,-12.0,-5.327240313080993,12.0,-0.001704749261807914,0.0005325458226995879,0.0005325458208377553,0.001064913432987253,0.0001073973199351083,-0.0005325458226198422
3,0.0025896158113437166,10.67039123360158,-0.001783500604484622,-12.0,-5.337870885542523,12.0,-0.001705247367369656,0.0005336087385811097,0.0005336087367103033,0.001067039123360158,0.0001047070418928944,-0.000533608738493804
3,0.0025898158113437167,10.69163057970701,-0.001785147381585528,-12.0,-5.348493028777357,12.0,-0.001705744934246467,0.0005346707882390872,0.0005346707863544298,0.001069163057970701,0.0001020188473271517,-0.0005346707881395771
3,0.002590015811343717,10.71285258907701,-0.00178694240247701,-12.0,-5.359106726011646,12.0,-0.001706235208773388,0.0005357319784706809,0.0005357319765739745,0.001071285258907701,9.932595373040795e-05,-0.0005357319783609169
3,0.002590215811343717,10.73405685484926,-0.001789010113437239,-12.0,-5.369711960484888,12.0,-0.001706724950082672,0.0005367922951627642,0.0005367922932481349,0.001073405685484926,9.663517503871039e-05,-0.0005367922950371451
3,0.002590415811343717,10.7552435881617,-0.001791268970991133,-12.0,-5.380308715450028,12.0,-0.001707207372117936,0.0005378517447875802,0.0005378517428566347,0.001075524358816171,9.393969766056595e-05,-0.0005378517446479037
3,0.002590615811343717,10.77641235817167,-0.001793851432642768,-12.0,-5.390896974173312,12.0,-0.001707689266179424,0.0005389103124346939,0.0005389103104802155,0.001077641235817167,9.124637089711132e-05,-0.000538910312274067
3,0.0025908158113437173,10.79756336100191,-0.001796680977761422,-12.0,-5.401476719934407,12.0,-0.001708163813913532,0.0005399680040758104,0.0005399680020989836,0.001079756336100191,8.854835087182544e-05,-0.0005399680038956647
3,0.0025910158113437174,10.81869613433333,-0.001799900573893787,-12.0,-5.412047936026509,12.0,-0.001708637838654936,0.000541024803753611,0.0005410248017453609,0.001081869613433333,8.585252311812258e-05,-0.0005410248035452616
3,0.0025912158113437175,10.83981085137072,-0.001803441357613345,-12.0,-5.422610605756196,12.0,-0.001709104489864721,0.0005420807166757157,0.0005420807146364169,0.001083981085137072,8.315201464195732e-05,-0.0005420807164398583
3,0.0025914158113437176,10.86090700734242,-0.001807460465150346,-12.0,-5.43316471244354,12.0,-0.001709570622748569,0.0005431357254724546,0.0005431357233903786,0.001086090700734242,8.045374851013351e-05,-0.0005431357251978391
3,0.0025916158113437177,10.88198474042716,-0.001811900726425453,-12.0,-5.443710239422225,12.0,-0.001710029354709985,0.000544189834183641,0.0005441898320576791,0.001088198474042716,7.775082435672667e-05,-0.0005441898338695799
3,0.002591815811343718,10.90304348686645,-0.001816938957852177,-12.0,-5.454247170039395,12.0,-0.00171048757262382,0.0005452430234767104,0.0005452430212912153,0.001090304348686645,7.505020478579608e-05,-0.0005452430231081543
3,0.002592015811343718,10.92408333080862,-0.001822536017398679,-12.0,-5.464775487655769,12.0,-0.001710938361978942,0.0005462952955901084,0.000546295293341301,0.001092408333080862,7.234496474114657e-05,-0.0005462952951638372
3,0.002592215811343718,10.94510362379924,-0.001828896971423077,-12.0,-5.475295175645726,12.0,-0.001711388641065958,0.0005473466283723089,0.0005473466260385333,0.001094510362379924,6.964210954045133e-05,-0.0005473466278674302
3,0.002592415811343718,10.96610436526731,-0.0018360109356923,-12.0,-5.485806217397302,12.0,-0.001711831463612479,0.0005483970212374855,0.00054839701881015,0.001096610436526731,6.693469368869442e-05,-0.000548397020646161
3,0.0025926158113437183,10.98708478063946,-0.001844125034019317,-12.0,-5.49630859631201,12.0,-0.001712273778999962,0.0005494464478358287,0.0005494464452836741,0.001098708478063946,6.422977041747532e-05,-0.000549446447127799
3,0.0025928158113437184,11.0080447333753,-0.001853273723220195,-12.0,-5.506802295805216,12.0,-0.001712708609345637,0.000550494903049283,0.000550494900354926,0.00110080447333753,6.152038078524082e-05,-0.0005504949022081996
3,0.0025930158113437185,11.02898325328508,-0.00186376935051058,-12.0,-5.517287299306,12.0,-0.001713142934689271,0.0005515423540156619,0.0005515423511317796,0.001102898325328508,5.881363477410612e-05,-0.0005515423529955489
3,0.0025932158113437186,11.04989997881349,-0.001875721395351526,-12.0,-5.527763590256987,12.0,-0.001713569745653787,0.000552588788117683,0.0005525887850104422,0.001104989997881349,5.610257199640221e-05,-0.0005525887868861637
3,0.0025934158113437187,11.07079366749222,-0.001889532982205289,-12.0,-5.538231152114747,12.0,-0.001713996052330913,0.0005536341619132553,0.0005536341600237212,0.001107079366749222,5.339437486813134e-05,-0.0005536341619132542
3,0.002593615811343719,11.09166343115928,-0.001905489143377626,-12.0,-5.548689968349599,12.0,-0.001714414812218401,0.0005546784479206236,0.000554678446015133,0.001109166343115928,5.068210941130101e-05,-0.0005546784479206222
3,0.002593815811343719,11.11250759787351,-0.001924136178332869,-12.0,-5.559140022445614,12.0,-0.001714833069650867,0.0005557215886267303,0.000555721586702592,0.001111250759787351,4.797304866698514e-05,-0.0005557215886267281
3,0.002594015811343719,11.1333246331652,-0.001945974572236775,-12.0,-5.569581297900703,12.0,-0.001715243744327855,0.0005567635323328498,0.000556763530386872,0.00111333246331652,4.526031784967029e-05,-0.0005567635323328466
3,0.002594215811343719,11.1541117395356,-0.001971925826441456,-12.0,-5.580013778226723,12.0,-0.00171565391154993,0.0005578041852400332,0.0005578041832681024,0.001115411173953561,4.255136626764994e-05,-0.0005578041852400282
3,0.0025944158113437193,11.17486611469251,-0.002002913049302446,-12.0,-5.590437446949337,12.0,-0.001716056457030268,0.0005588434533900116,0.0005588434513870904,0.001117486611469251,3.983945439663301e-05,-0.0005588434533900035
3,0.0025946158113437194,11.1955829883381,-0.002040515355940631,-12.0,-5.600852287608117,12.0,-0.00171645848110541,0.0005598811772252309,0.0005598811751847023,0.00111955829883381,3.713231989177328e-05,-0.0005598811772252177
3,0.0025948158113437195,11.21625677666253,-0.002086583039716317,-12.0,-5.611258283756669,12.0,-0.001716852833318572,0.0005609171700717174,0.0005609171679851123,0.001121625677666253,3.442355829901076e-05,-0.0005609171700716953
3,0.0025950158113437196,11.23687851141727,-0.002144094541927988,-12.0,-5.621655418962474,12.0,-0.0017172466320452,0.0005619511324420931,0.00056195113029796,0.001123687851141727,3.172148555644506e-05,-0.0005619511324420547
3,0.0025952158113437197,11.25743624365458,-0.002217021872997993,-12.0,-5.632043676807008,12.0,-0.00171763268157249,0.0005629826654934689,0.0005629826632763791,0.001125743624365458,2.90205013759098e-05,-0.0005629826654934011
3,0.00259541581134372,11.27791091654996,-0.002311706329204632,-12.0,-5.642423040885852,12.0,-0.001718018100446667,0.0005640111334557905,0.0005640111311439583,0.001127791091654996,2.63302680913566e-05,-0.0005640111334556648
3,0.00259561581134372,11.29827420214456,-0.002437579573628224,-12.0,-5.652793494808516,12.0,-0.001718395618693885,0.0005650355915237293,0.0005650355890859094,0.001129827420214456,2.364729665558455e-05,-0.0005650355915234888
3,0.00259581581134372,11.31847932612491,-0.002610222022678688,-12.0,-5.663155022198694,12.0,-0.001718772299300869,0.0005660544800180876,0.0005660544774073797,0.001131847932612491,2.098489206213807e-05,-0.0005660544800176016
3,0.00259601581134372,11.33844950491136,-0.002855217124139831,-12.0,-5.673507606694063,12.0,-0.001719140696999522,0.0005670652389580327,0.0005670652361017751,0.001133844950491136,1.834585486277401e-05,-0.0005670652389569924
3,0.0025962158113437203,11.35805034808093,-0.003217350488378345,-12.0,-5.683851231946536,12.0,-0.001719507625166788,0.000568063388148301,0.0005680633849284652,0.001135805034808093,1.575492957040436e-05,-0.0005680633881458159
3,0.0025964158113437204,11.37704433405985,-0.003775784556212525,-12.0,-5.69418588162209,12.0,-0.001719865117416425,0.0005690410097137749,0.0005690410059308033,0.001137704433405985,1.323583950505348e-05,-0.0005690410097065877
3,0.0025966158113437205,11.3950102115865,-0.004670924598916493,-12.0,-5.704511539400872,12.0,-0.001720219220883445,0.0005699840615094071,0.0005699840568092709,0.00113950102115865,1.085083248810457e-05,-0.0005699840614801956
3,0.0025968158113437207,11.41126296472836,-0.006131096868112862,-12.0,-5.714828188977316,12.0,-0.001720561202412332,0.0005708697093676499,0.0005708697030798235,0.001141126296472836,8.68256742736327e-06,-0.0005708697092109204
3,0.0025970158113437208,11.42491955746151,-0.008450633881934566,-12.0,-5.725135814059997,12.0,-0.001720898095712839,0.0005716685186696857,0.0005716685095671723,0.001142491955746151,6.855904694198165e-06,-0.0005716685180178063
3,0.0025972117782377653,11.43514852274308,-0.01176828822168569,-12.0,-5.735226811386951,12.0,-0.001721219350326361,0.0005723458532351984,0.0005723458405482385,0.001143514852274308,5.478168917439908e-06,-0.0005723458523165266
3,0.0025974117782377655,11.44243383674028,-0.0161996273993254,-12.0,-5.7455165214654,12.0,-0.001721550853113145,0.0005729316894066076,0.0005729316732069801,0.001144243383674028,4.497056769832028e-06,-0.0005729316894066075
3,0.0025976117782377656,11.44720016472035,-0.02146457438871543,-12.0,-5.75579715858899,12.0,-0.001721881041689223,0.0005734332584200274,0.0005734332369554531,0.001144720016472035,3.851387505303003e-06,-0.0005734332584200275
3,0.0025978117782377657,11.45025750103935,-0.0272931220482382,-12.0,-5.766068706523251,12.0,-0.001722217622162015,0.0005738775584475013,0.0005738775311543794,0.001145025750103935,3.440935290365068e-06,-0.0005738775584475013
3,0.002598010046955464,11.45227325093491,-0.03340359515605597,-12.0,-5.776242352237489,12.0,-0.001722556248316076,0.0005742838757081432,0.0005742838423045481,0.001145227325093491,3.175307666008238e-06,-0.0005742838757081433
3,0.002598210046955464,11.45367249268574,-0.03977273873769584,-12.0,-5.786495752176802,12.0,-0.001722905956557665,0.0005746723013439107,0.0005746722615711719,0.001145367249268574,3.000978981678661e-06,-0.0005746723013439107
3,0.002598410046955464,11.45465162450848,-0.04627582629132434,-12.0,-5.796740014449488,12.0,-0.001723252235533122,0.0005750464188158163,0.0005750463725399901,0.001145465162450848,2.880125595900268e-06,-0.0005750464188158163
3,0.002598610046955464,11.4553511632102,-0.05286600840888726,-12.0,-5.806975122878514,12.0,-0.001723600276359637,0.0005754109114469625,0.0005754108585809542,0.00114553511632102,2.79911609290404e-06,-0.0005754109114469627
3,0.0025988100469554643,11.45586143316134,-0.05951316639253269,-12.0,-5.817201061301132,12.0,-0.001723943068318767,0.0005757687894908599,0.0005757687299776936,0.001145586143316134,2.738788243264184e-06,-0.00057576878949086
3,0.0025990100469554644,11.45624056940025,-0.06619791126000803,-12.0,-5.827417813569248,12.0,-0.001724287476337878,0.000576121990230924,0.0005761219240330128,0.001145624056940025,2.698133407812686e-06,-0.000576121990230924
3,0.0025992100469554645,11.45652713187017,-0.07290737902693037,-12.0,-5.837625363549273,12.0,-0.001724627045715601,0.0005764717984522342,0.0005764717255448552,0.001145652713187017,2.665427624925122e-06,-0.0005764717984522342
3,0.0025994100469554646,11.45674675548328,-0.07963301403346479,-12.0,-5.847823695121975,12.0,-0.001724968760260587,0.0005768190680978469,0.0005768189884758371,0.001145674675548328,2.644111552771814e-06,-0.0005768190681088511
3,0.0025996100469554647,11.4569173285658,-0.08636884280768628,-12.0,-5.858012792182858,12.0,-0.001725306146074147,0.0005771643949301437,0.0005771643085686744,0.00114569173285658,2.625211279977622e-06,-0.0005771643949375172
3,0.002599810046955465,11.4570511056722,-0.09311076979878334,-12.0,-5.868192638641972,12.0,-0.00172564610767644,0.0005775081868795106,0.0005775080937735492,0.00114570511056722,2.613899103841067e-06,-0.0005775081868843189
3,0.002600010046955465,11.45715713266235,-0.09985576902337093,-12.0,-5.878363218423922,12.0,-0.00172598209626718,0.0005778507449369941,0.0005778506450842861,0.001145715713266235,2.602342073518211e-06,-0.0005778507449400551
3,0.002600210046955465,11.45724170196447,-0.1066017323122593,-12.0,-5.888524515467947,12.0,-0.001726320933727389,0.0005781922783136597,0.0005781921717138366,0.001145724170196447,2.596466851427134e-06,-0.0005781922783155688
3,0.002600410046955465,11.45730975513388,-0.1133470017940463,-12.0,-5.898676513728028,12.0,-0.001726656011475507,0.0005785329511922273,0.0005785328378463963,0.001145730975513388,2.588970933782595e-06,-0.0005785329511933982
3,0.0026006100469554653,11.45736470720122,-0.1200904284452346,-12.0,-5.908819197172747,12.0,-0.0017269940894019,0.0005788728768720423,0.0005788727567823227,0.001145736470720122,2.586142767513318e-06,-0.0005788728768727513
3,0.0026008100469554654,11.45740944311083,-0.1268310399463867,-12.0,-5.918952549785392,12.0,-0.001727328520522441,0.0005792121509834752,0.0005792120241528607,0.001145740944311083,2.580950307197872e-06,-0.0005792121509839006
3,0.0026010100469554655,11.45744588535104,-0.1335681848044716,-12.0,-5.929076555564075,12.0,-0.001727666022830774,0.0005795508370757065,0.0005795507035077754,0.001145744588535104,2.579866889815828e-06,-0.0005795508370759604
3,0.0026012100469554656,11.45747581703784,-0.1403012579933858,-12.0,-5.939191198521577,12.0,-0.001727999928866109,0.000579888994052668,0.0005798888537515612,0.001145747581703784,2.576007504167277e-06,-0.0005798889940528192
3,0.0026014100469554657,11.45750033776736,-0.1470298823353113,-12.0,-5.949296462685472,12.0,-0.001728336930092856,0.0005802266580349256,0.0005802265110051336,0.001145750033776736,2.575942578234491e-06,-0.0005802266580350161
3,0.002601610046955466,11.45752060704003,-0.1537536606944007,-12.0,-5.959392332098222,12.0,-0.001728670351268777,0.0005805638671403278,0.0005805637133867213,0.001145752060704003,2.572870634953443e-06,-0.0005805638671403822
3,0.002601810046955466,11.45753724829455,-0.1604723746306828,-12.0,-5.969478790817045,12.0,-0.001729006867481879,0.0005809006416186036,0.0005809004811462616,0.001145753724829455,2.573412816053484e-06,-0.0005809006416186363
3,0.002602010046955466,11.45755105290621,-0.1671857497356115,-12.0,-5.979555822914017,12.0,-0.001729339803542371,0.0005812370073178207,0.0005812368401320909,0.001145755105290621,2.570817000109175e-06,-0.0005812370073178406
3,0.002602210046955466,11.45756235876746,-0.1738936627705344,-12.0,-5.989623412476157,12.0,-0.001729675824033352,0.0005815729749705501,0.0005815728010768996,0.001145756235876746,2.571729784916765e-06,-0.0005815729749705623
3,0.0026024100469554663,11.45757173325151,-0.1805959140136837,-12.0,-5.999681543605423,12.0,-0.001730008258056167,0.0005819085629591665,0.00058190838236326,0.001145757173325151,2.569429638157299e-06,-0.000581908562959174
3,0.0026026100469554664,11.45757933865825,-0.1872924387766871,-12.0,-6.009730200418541,12.0,-0.001730343762664171,0.0005822437761641806,0.0005822435888717467,0.001145757933865825,2.570574685429301e-06,-0.0005822437761641854
3,0.0026028100469554665,11.45758560310981,-0.1939830837744136,-12.0,-6.019769367047365,12.0,-0.001730675673239393,0.0005825786283272922,0.0005825784343442114,0.001145758560310981,2.568463590098109e-06,-0.0005825786283272952
3,0.0026030100469554666,11.4575905789965,-0.2006678209748354,-12.0,-6.029799027638711,12.0,-0.001731010640596521,0.0005829131206663856,0.0005829129199985668,0.00114575905789965,2.569758275803099e-06,-0.0005829131206663876
3,0.0026032100469554668,11.45759460647928,-0.2073465264329621,-12.0,-6.039819166354347,12.0,-0.001731342007165815,0.0005832472639921372,0.0005832470566456121,0.001145759460647928,2.567771806834907e-06,-0.0005832472639921384
3,0.002603410046955467,11.45759766819322,-0.2140191953883433,-12.0,-6.049829767371077,12.0,-0.001731676417955263,0.0005835810571982726,0.0005835808431790781,0.001145759766819322,2.5691655858679e-06,-0.0005835810571982734
3,0.002603610046955467,11.45760004795408,-0.2206857226977249,-12.0,-6.059830814880853,12.0,-0.00173200722262667,0.0005839145092183123,0.0005839142885325901,0.001145760004795408,2.567263817750415e-06,-0.0005839145092183129
3,0.002603810046955467,11.45760168354995,-0.2273461185696433,-12.0,-6.069822293090627,12.0,-0.001732341060432898,0.000584247617452098,0.0005842473901059797,0.001145760168354995,2.568724947551426e-06,-0.0005842476174520983
3,0.002604010046955467,11.45760282217157,-0.2340002900891864,-12.0,-6.079804186222464,12.0,-0.001732671288212183,0.0005845803896133276,0.0005845801556130378,0.001145760282217157,2.566882462303897e-06,-0.0005845803896133278
3,0.0026042100469554673,11.45760337236419,-0.2406482572326537,-12.0,-6.089776478513647,12.0,-0.001733004539375262,0.0005849128221280993,0.0005849125814798421,0.001145760337236419,2.568390456961384e-06,-0.0005849128221280994
3,0.0026044100469554674,11.45760355710343,-0.2472899351769807,-12.0,-6.09973915421654,12.0,-0.001733334177810959,0.0005852449219039557,0.0005852446746140207,0.001145760355710343,2.566590623246213e-06,-0.0005852449219039559
3,0.0026046100469554676,11.45760326555045,-0.2539253503799709,-12.0,-6.109692197598685,12.0,-0.001733666830970462,0.0005855766847218712,0.0005855764307965209,0.001145760326555045,2.568131897606477e-06,-0.0005855766847218714
3,0.0026048100469554677,11.45760270434476,-0.2605544234842094,-12.0,-6.119635592942929,12.0,-0.001733995869665126,0.0005859081169458718,0.0005859078563914485,0.001145760270434476,2.566363538446719e-06,-0.000585908116945872
3,0.0026050100469554678,11.4576017495519,-0.2671771853329544,-12.0,-6.129569324547236,12.0,-0.001734327915280965,0.0005862392139214281,0.0005862389467442429,0.00114576017495519,2.567928846050289e-06,-0.0005862392139214282
3,0.002605210046955468,11.45760059653208,-0.2737935603488669,-12.0,-6.139493376724943,12.0,-0.001734656345442807,0.0005865699816376076,0.0005865697078440472,0.001145760059653208,2.566184258296487e-06,-0.0005865699816376076
3,0.002605410046955468,11.45759911231548,-0.2804035824073332,-12.0,-6.149407733804562,12.0,-0.001734987775391695,0.000586900415139723,0.0005869001347361405,0.001145759911231548,2.567767151784949e-06,-0.000586900415139723
3,0.002605610046955468,11.45759748427394,-0.2870071786141805,-12.0,-6.159312380130025,12.0,-0.001735315589477232,0.0005872305201515845,0.0005872302331444059,0.001145759748427394,2.566040902236196e-06,-0.0005872305201515845
3,0.0026058100469554682,11.45759557306499,-0.2936043849894466,-12.0,-6.169207300060516,12.0,-0.0017356463967356,0.000587560291507107,0.000587559997902722,0.001145759557306499,2.567636786360145e-06,-0.000587560291507107
3,0.0026060100469554683,11.45759356025148,-0.3001951305956873,-12.0,-6.179092477970578,12.0,-0.001735973588176811,0.0005878897347374889,0.0005878894345423584,0.001145759356025148,2.565924962259052e-06,-0.000587889734737489
3,0.0026062100469554685,11.45759130189787,-0.3067794530045058,-12.0,-6.188967898250222,12.0,-0.001736303766588068,0.0005882188445245716,0.0005882185377451186,0.001145759130189787,2.56753049706083e-06,-0.0005882188445245716
3,0.0026064100469554686,11.45758897523132,-0.3133572827441979,-12.0,-6.198833545304783,12.0,-0.001736630329588062,0.0005885476262560585,0.0005885473128987758,0.001145758897523132,2.565830227927793e-06,-0.0005885476262560585
3,0.0026066100469554687,11.45758643293882,-0.3199286585326886,-12.0,-6.208689403555029,12.0,-0.001736959873686554,0.000588876074502234,0.0005888757545735755,0.001145758643293882,2.567442943348253e-06,-0.000588876074502234
3,0.002606810046955469,11.45758384893107,-0.326493512024409,-12.0,-6.218535457437271,12.0,-0.001737285803070141,0.0005892041945412861,0.0005892038680477742,0.001145758384893108,2.565752088505016e-06,-0.0005892041945412863
3,0.002607010046955469,11.45758107336778,-0.3330518828003341,-12.0,-6.228371691403219,12.0,-0.001737614707949365,0.0005895319808602887,0.0005895316478084057,0.001145758107336778,2.56737012959243e-06,-0.0005895319808602885
3,0.002607210046955469,11.45757827756547,-0.3396037034002133,-12.0,-6.238198089920088,12.0,-0.001737939999046535,0.0005898594386519875,0.0005898590990482841,0.001145757827756547,2.565687069238937e-06,-0.0005898594386519875
3,0.002607410046955469,11.45757530976577,-0.3461490140651207,-12.0,-6.248014637470709,12.0,-0.001738268260259629,0.0005901865623405588,0.0005901862161915448,0.001145757530976577,2.567309023939333e-06,-0.0005901865623405588
3,0.0026076100469554692,11.4575723392154,-0.3526877480454536,-12.0,-6.25782131855336,12.0,-0.001738592908818251,0.0005905133570507906,0.0005905130043630427,0.00114575723392154,2.565632516472189e-06,-0.0005905133570507906
3,0.0026078100469554694,11.45756921268481,-0.359219946093425,-12.0,-6.267618117682004,12.0,-0.001738920522297675,0.0005908398171588581,0.0005908394579389118,0.001145756921268481,2.567257296851707e-06,-0.000590839817158858
3,0.0026080100469554695,11.45756609774033,-0.3657455420403668,-12.0,-6.277405019386135,12.0,-0.001739244524412739,0.0005911659477345767,0.0005911655819890347,0.001145756609774033,2.565586379519749e-06,-0.0005911659477345768
3,0.0026082100469554696,11.4575628400163,-0.3722645770379645,-12.0,-6.28718200821087,12.0,-0.001739571486408921,0.0005914917431172906,0.0005914913708527134,0.001145756284001631,2.567213138320049e-06,-0.0005914917431172906
3,0.0026084100469554697,11.45755960569395,-0.3787769854001576,-12.0,-6.296949068717064,12.0,-0.001739894838466931,0.0005918172083316906,0.0005918168295547052,0.001145755960569395,2.565547056836371e-06,-0.0005918172083316907
3,0.00260861004695547,11.45755623952762,-0.3852828085928468,-12.0,-6.306706185481167,12.0,-0.001740221145497933,0.0005921423376888318,0.0005921419524060233,0.001145755623952762,2.567175127875728e-06,-0.000592142337688832
3,0.00260881004695547,11.4575529065414,-0.3917819813365478,-12.0,-6.316453343095333,12.0,-0.001740543844129273,0.0005924671361758785,0.0005924667443938973,0.00114575529065414,2.565513285756788e-06,-0.0005924671361758785
3,0.00260901004695547,11.45754945080876,-0.398274545345127,-12.0,-6.326190526167526,12.0,-0.001740869492937536,0.0005927915980822399,0.0005927911998076944,0.001145754945080876,2.567142140720808e-06,-0.0005927915980822399
3,0.00260921004695547,11.45754603637544,-0.4047604356861797,-12.0,-6.335917719321348,12.0,-0.001741191534981082,0.0005931157283635169,0.0005931153236030811,0.001145754603637544,2.565484062302491e-06,-0.0005931157283635168
3,0.0026094100469554703,11.457542506791,-0.4112396942692312,-12.0,-6.345634907196288,12.0,-0.001741516522500429,0.0005934395212927057,0.0005934391100530114,0.0011457542506791,2.567113278991277e-06,-0.0005934395212927057
3,0.0026096100469554704,11.45753902526483,-0.4177122564616995,-12.0,-6.355342074447527,12.0,-0.001741837904969719,0.0005937629817985827,0.0005937625640863263,0.001145753902526483,2.565458582078072e-06,-0.0005937629817985827
3,0.0026098100469554705,11.45753543494777,-0.4241781643270999,-12.0,-6.365039205746177,12.0,-0.001742162228294751,0.0005940861041419077,0.0005940856799637434,0.001145753543494777,2.567087820781858e-06,-0.0005940861041419077
3,0.0026100100469554706,11.45753189832695,-0.4306373534947381,-12.0,-6.374726285779115,12.0,-0.001742482948352963,0.0005944088932284378,0.0005944084625910843,0.001145753189832695,2.56543619617943e-06,-0.0005944088932284377
3,0.0026102100469554707,11.45752825826683,-0.4370898661446803,-12.0,-6.384403299249096,12.0,-0.001742806604715828,0.0005947313433100582,0.0005947309062205755,0.001145752825826683,2.56706518190013e-06,-0.0005947313433104415
3,0.002610410046955471,11.45752467661776,-0.4435356381397219,-12.0,-6.394070230874844,12.0,-0.00174312665965025,0.0005950534592731913,0.000595053015737874,0.001145752467661776,2.565416377499863e-06,-0.0005950534592735122
3,0.002610610046955471,11.45752099600485,-0.4499747117609271,-12.0,-6.403727065390931,12.0,-0.001743449646399298,0.0005953752353627256,0.0005953747853882888,0.001145752099600485,2.567044886225828e-06,-0.0005953752353630004
3,0.002610810046955471,11.45751737773286,-0.4564070230741389,-12.0,-6.413373787547869,12.0,-0.001743769033609319,0.0005956966764471435,0.0005956962200403498,0.001145751737773286,2.565398696738057e-06,-0.000595696676447373
3,0.002611010046955471,11.4575136642917,-0.4628326144268189,-12.0,-6.423010382112222,12.0,-0.001744091348193772,0.0005960177767683432,0.000596017313935926,0.00114575136642917,2.567026545866153e-06,-0.0005960177767685403
3,0.0026112100469554713,11.45751001649227,-0.4692514220707402,-12.0,-6.432636833866464,12.0,-0.001744410065167079,0.0005963385411794083,0.0005963380719281505,0.001145751001649227,2.565382801657998e-06,-0.0005963385411795725
3,0.0026114100469554714,11.45750627672922,-0.4756634884063927,-12.0,-6.442253127609085,12.0,-0.001744731705119865,0.0005966589639201279,0.0005966584882567808,0.001145750627672922,2.567009840819581e-06,-0.0005966589639202693
3,0.0026116100469554715,11.45750260537128,-0.4820687498543773,-12.0,-6.451859248154703,12.0,-0.001745049749423207,0.0005969790498299153,0.0005969785677612828,0.001145750260537128,2.565368401773206e-06,-0.0005969790498300325
3,0.0026118100469554716,11.45749884476359,-0.4884672488530847,-12.0,-6.461455180333911,12.0,-0.001745370712348836,0.0005972987931479814,0.0005972983046808339,0.001145749884476359,2.566994507117504e-06,-0.0005972987931480827
3,0.0026120100469554717,11.45749515487529,-0.4948589219776892,-12.0,-6.471040908993398,12.0,-0.001745688081615045,0.0005976181987014873,0.0005976177038426489,0.001145749515487529,2.565355256998269e-06,-0.0005976181987015709
3,0.002612210046955472,11.45749137803973,-0.5012438116920219,-12.0,-6.480616418996016,12.0,-0.001746008365180779,0.000597937260730327,0.0005979367594865877,0.001145749137803973,2.56698032619694e-06,-0.0005979372607303995
3,0.002612410046955472,11.45748767386176,-0.5076218547142364,-12.0,-6.490181695220781,12.0,-0.001746325057100978,0.0005982559840505953,0.0005982554764287997,0.001145748767386176,2.565343168210585e-06,-0.0005982559840506544
3,0.002612610046955472,11.45748388469414,-0.513993093523136,-12.0,-6.499736722562711,12.0,-0.001746644659026168,0.0005985743629039059,0.0005985738489108639,0.001145748388469414,2.566967116499197e-06,-0.0005985743629039575
3,0.002612810046955472,11.45748016980682,-0.5203574649700674,-12.0,-6.509281485933163,12.0,-0.001746960671340184,0.0005988924020962676,0.0005988918817388445,0.001145748016980682,2.565331969756911e-06,-0.0005988924020963095
3,0.0026130100469554723,11.45747637159788,-0.5267150115404189,-12.0,-6.518815970259684,12.0,-0.001747279589390616,0.0005992100958718898,0.000599209569156915,0.001145747637159788,2.566954726773461e-06,-0.0005992100958719266
3,0.0026132100469554724,11.4574726490269,-0.5330656702105591,-12.0,-6.528340160485993,12.0,-0.001747594919880606,0.000599527449027514,0.0005995269159618733,0.00114574726490269,2.565321523459248e-06,-0.0005995274490275434
3,0.0026134100469554725,11.45746884455884,-0.5394094834652066,-12.0,-6.537854041572066,12.0,-0.001747913151860294,0.0005998444558106598,0.0005998439164012025,0.001145746884455884,2.566943030702788e-06,-0.000599844455810686
3,0.0026136100469554726,11.45746511686347,-0.5457463883990804,-12.0,-6.547357598494241,12.0,-0.001748227798344053,0.0006001611210094956,0.0006001605752631276,0.001145746511686347,2.565311713788373e-06,-0.0006001611210095161
3,0.0026138100469554728,11.45746130849059,-0.5520764274903407,-12.0,-6.556850816245079,12.0,-0.0017485453420916,0.0006004774388754556,0.0006004768867990464,0.001145746130849059,2.56693192256224e-06,-0.0006004774388754739
3,0.002614010046955473,11.45745757783741,-0.5583995379462531,-12.0,-6.566333679833463,12.0,-0.001748859302419388,0.0006007934141887072,0.0006007928557891832,0.001145745757783741,2.565302443952456e-06,-0.000600793414188721
3,0.002614210046955473,11.45745376755359,-0.5647157622335305,-12.0,-6.575806174284714,12.0,-0.001749176155801732,0.0006011090412051057,0.000601108476489356,0.001145745376755359,2.566921313691119e-06,-0.0006011090412051184
3,0.002614410046955473,11.4574500357783,-0.5710250376672772,-12.0,-6.585268284640442,12.0,-0.001749489427850154,0.0006014243246973072,0.0006014237536722788,0.00114574500357783,2.565293632712176e-06,-0.0006014243246973165
3,0.002614610046955473,11.45744622527357,-0.5773274066985361,-12.0,-6.594719995958656,12.0,-0.001749805588760543,0.0006017392589260035,0.0006017386815986053,0.001145744622527357,2.566911129613049e-06,-0.0006017392589260121
3,0.0026148100469554733,11.45744249393277,-0.5836228067462595,-12.0,-6.604161293313842,12.0,-0.00175011817043071,0.0006020538486567524,0.0006020532650339516,0.001145744249393277,2.565285211772596e-06,-0.0006020538486567583
3,0.0026150100469554734,11.4574386846408,-0.5899112802424995,-12.0,-6.613592161796955,12.0,-0.001750433636784502,0.0006023680881554399,0.0006023674982441652,0.00114574386846408,2.566901307672857e-06,-0.0006023680881554457
3,0.0026152100469554736,11.45743495505555,-0.5961927647065564,-12.0,-6.623012586515259,12.0,-0.001750745525997901,0.0006026819821808668,0.0006026813859881055,0.001145743495505555,2.565277123640597e-06,-0.0006026819821808703
3,0.0026154100469554737,11.45743114819357,-0.6024673025485754,-12.0,-6.632422552592673,12.0,-0.001751060295729521,0.0006029955250044062,0.0006029949225371073,0.001145743114819357,2.566891795090784e-06,-0.0006029955250044098
3,0.0026156100469554738,11.45742742148598,-0.6087348313855481,-12.0,-6.641822045169627,12.0,-0.001751371490425905,0.0006033087213784061,0.0006033081126435764,0.001145742742148598,2.565269319855574e-06,-0.0006033087213784078
3,0.002615810046955474,11.45742361808832,-0.614995393603226,-12.0,-6.651211049402934,12.0,-0.001751685561486849,0.0006036215655799689,0.0006036209505845772,0.001145742361808832,2.56688254735351e-06,-0.0006036215655799708
3,0.002616010046955474,11.45741989521238,-0.6212489269137793,-12.0,-6.660589550466129,12.0,-0.001751996059622428,0.0006039340623552343,0.0006039334411063079,0.001145741989521238,2.565261759525948e-06,-0.000603934062355235
3,0.002616210046955474,11.45741609615878,-0.6274954736768006,-12.0,-6.669957533549329,12.0,-0.001752309429980125,0.0006042462059872519,0.0006042455784917792,0.001145741609615878,2.566873526880278e-06,-0.0006042462059872529
3,0.0026164100469554742,11.4574123779263,-0.633734971697492,-12.0,-6.679314983859106,12.0,-0.001752619229524894,0.0006045580012161618,0.0006045573674811896,0.00114574123779263,2.565254408112529e-06,-0.0006045580012161614
3,0.0026166100469554743,11.45740858396577,-0.6399674633075355,-12.0,-6.688661886618821,12.0,-0.001752931897159729,0.0006048694423311284,0.0006048688023636653,0.001145740858396577,2.56686470191398e-06,-0.0006048694423311285
3,0.0026168100469554745,11.45740487106826,-0.6461928864036456,-12.0,-6.697998227068465,12.0,-0.001753240996097266,0.000605180534066483,0.0006051798878735956,0.001145740487106827,2.565247236416037e-06,-0.000605180534066482
3,0.0026170100469554746,11.45740108283913,-0.6524112832881739,-12.0,-6.707323990464658,12.0,-0.001753552959001814,0.0006054912707176487,0.0006054906183063651,0.001145740108283913,2.56685604559617e-06,-0.0006054912707176484
3,0.0026172100469554747,11.45739737586631,-0.6586225919477615,-12.0,-6.716639162080717,12.0,-0.001753861355326882,0.0006058016570132971,0.0006058009983907035,0.001145739737586631,2.565240219732406e-06,-0.0006058016570132955
3,0.002617410046955475,11.4573935939132,-0.6648268546544149,-12.0,-6.725943727206768,12.0,-0.001754172611504922,0.0006061116872552362,0.0006061110224283807,0.00114573935939132,2.566847535194128e-06,-0.0006061116872552352
3,0.002617610046955475,11.45738989336854,-0.6710240094834963,-12.0,-6.735237671149608,12.0,-0.001754480303223267,0.0006064213661666131,0.0006064206951426018,0.001145738989336854,2.565233337146043e-06,-0.0006064213661666111
3,0.002617810046955475,11.45738611815673,-0.6772140986756345,-12.0,-6.744520979232802,12.0,-0.00175479085068897,0.0006067306880557181,0.0006067300108416181,0.001145738611815673,2.566839151454473e-06,-0.0006067306880557168
3,0.002618010046955475,11.45738242447064,-0.683397060393913,-12.0,-6.753793636796795,12.0,-0.001755097835814802,0.0006070396576402903,0.0006070389742432278,0.001145738242447064,2.565226570937103e-06,-0.0006070396576402882
3,0.0026182100469554753,11.45737865639814,-0.6895729368468839,-12.0,-6.763055629198766,12.0,-0.001755407672591162,0.0006073482692351897,0.0006073475796622514,0.001145737865639814,2.566830878060801e-06,-0.0006073482692351884
3,0.0026184100469554754,11.45737496993912,-0.6957416662843465,-12.0,-6.77230694181274,12.0,-0.00175571394914848,0.0006076565275528417,0.0006076558318111731,0.001145737496993911,2.565219906084958e-06,-0.0006076565275528393
3,0.0026186100469554755,11.45737120934692,-0.7019032908821945,-12.0,-6.781547560029658,12.0,-0.00175602307326656,0.0006079644269147479,0.0006079637250114555,0.001145737120934691,2.566822701177714e-06,-0.0006079644269147464
3,0.0026188100469554756,11.45736753043092,-0.708057748976285,-12.0,-6.790777469257375,12.0,-0.001756328639287609,0.0006082719720281113,0.0006082712639703602,0.001145736753043092,2.565213329850511e-06,-0.0006082719720281091
3,0.0026190100469554757,11.45736377761163,-0.7142050827092385,-12.0,-6.799996654920498,12.0,-0.001756637048787183,0.0006085791572211277,0.0006085784430160433,0.001145736377761163,2.566814609068087e-06,-0.000608579157221126
3,0.002619210046955476,11.45736010651006,-0.7203452305022624,-12.0,-6.809205102460729,12.0,-0.001756941902311261,0.0006088859871958491,0.0006088852668506161,0.001145736010651006,2.565206831424278e-06,-0.0006088859871958466
3,0.002619410046955476,11.45735636171527,-0.7264782344644788,-12.0,-6.818402797336697,12.0,-0.001757249595239098,0.0006091924562872235,0.0006091917298089873,0.001145735636171527,2.566806591770358e-06,-0.0006091924562872218
3,0.002619610046955476,11.45735269866173,-0.7326040331018417,-12.0,-6.827589725023961,12.0,-0.001757553734312784,0.0006094985691922145,0.0006094978365881788,0.001145735269866174,2.565200401630553e-06,-0.000609498569192212
3,0.002619810046955476,11.45734896210816,-0.7387226684895435,-12.0,-6.836765871015081,12.0,-0.001757860708722619,0.0006098043202525556,0.0006098035815298854,0.001145734896210816,2.566798640825979e-06,-0.0006098043202525538
3,0.0026200100469554763,11.45734530730416,-0.7448340792179023,-12.0,-6.845931220819724,12.0,-0.001758164131400032,0.0006101097141601847,0.000610108969326103,0.001145734530730416,2.565194032677755e-06,-0.0006101097141601822
3,0.0026202100469554764,11.45734157917895,-0.7509383073279824,-12.0,-6.855085759964524,12.0,-0.00175847038535176,0.000610414745263656,0.0006104139943253469,0.001145734157917895,2.566790749050938e-06,-0.0006104147452636542
3,0.0026204100469554765,11.45733793279869,-0.7570352914939519,-12.0,-6.86422947399319,12.0,-0.001758773089692597,0.0006107194182499262,0.0006107186612146323,0.001145733793279869,2.565187717946994e-06,-0.0006107194182499238
3,0.0026206100469554766,11.45733421326386,-0.7631250737226221,-12.0,-6.8733623484666,12.0,-0.001759078621253098,0.0006110237274743998,0.000611022964349324,0.001145733421326386,2.566782910341076e-06,-0.0006110237274743978
3,0.0026208100469554767,11.45733057545838,-0.7692075927717029,-12.0,-6.882484368962672,12.0,-0.001759380605323757,0.0006113276776190996,0.0006113269084115041,0.001145733057545838,2.565181451814223e-06,-0.000611327677619097
3,0.002621010046955477,11.45732686465456,-0.7752828906135178,-12.0,-6.891595521076464,12.0,-0.001759685412565785,0.0006116312630462967,0.000611630487763404,0.001145732686465456,2.566775119509091e-06,-0.0006116312630462947
3,0.002621210046955477,11.45732323555521,-0.7813509060890752,-12.0,-6.900695790420278,12.0,-0.001759986674438024,0.0006119344884331229,0.0006119337070822143,0.001145732323555521,2.565175229499599e-06,-0.0006119344884331203
3,0.002621410046955477,11.45731953360487,-0.787411681136163,-12.0,-6.909785162623493,12.0,-0.001760290755440262,0.000612237348148735,0.0006122365607370519,0.001145731953360487,2.566767372144631e-06,-0.000612237348148733
3,0.002621610046955477,11.45731591332622,-0.7934651546787609,-12.0,-6.9188636233328,12.0,-0.001760591293192033,0.0006125398468654066,0.0006125390534002492,0.001145731591332622,2.56516904694e-06,-0.000612539846865404
3,0.0026218100469554773,11.45731222033639,-0.7995113686201121,-12.0,-6.927931158212049,12.0,-0.001760894646038269,0.0006128419789591956,0.000612841179447825,0.001145731222033639,2.566759664498768e-06,-0.0006128419789591937
3,0.0026220100469554774,11.45730860897877,-0.8055502619668853,-12.0,-6.936987752942333,12.0,-0.001761194457753288,0.0006131437490975474,0.0006131429435472827,0.001145730860897877,2.565162900681016e-06,-0.0006131437490975448
3,0.0026222100469554775,11.45730492504329,-0.8115818765877986,-12.0,-6.946033393222109,12.0,-0.001761497080533511,0.0006134451516634331,0.0006134443400815546,0.001145730492504329,2.566751993382878e-06,-0.0006134451516634311
3,0.0026224100469554776,11.4573013226949,-0.8176061515720391,-12.0,-6.955068064767023,12.0,-0.001761796164300297,0.0006137461913195009,0.0006137453737133468,0.00114573013226949,2.565156787785864e-06,-0.0006137461913194984
3,0.0026226100469554777,11.45729764789644,-0.8236231287537584,-12.0,-6.964091753310146,12.0,-0.0017620980551095,0.0006140468624556408,0.00061404603883251,0.001145729764789644,2.566744356085809e-06,-0.0006140468624556387
3,0.002622810046955478,11.45729405463511,-0.8296327473045234,-12.0,-6.973104444601816,12.0,-0.001762396409022692,0.0006143471697297319,0.0006143463400969819,0.001145729405463511,2.565150705756898e-06,-0.0006143471697297293
3,0.002623010046955478,11.45729038904681,-0.8356350490238988,-12.0,-6.982106124409741,12.0,-0.001762697565961153,0.0006146471075385863,0.0006146462719035353,0.001145729038904681,2.56673675030185e-06,-0.0006146471075385842
3,0.002623210046955478,11.4572868049416,-0.8416299731657042,-12.0,-6.991096778519089,12.0,-0.001762995188119803,0.0006149466805353411,0.0006149458389053652,0.00114572868049416,2.565144652471064e-06,-0.0006149466805353385
3,0.002623410046955478,11.45728314862843,-0.8476175614950223,-12.0,-7.000076392732364,12.0,-0.001763295609293312,0.0006152458831237362,0.0006152450355061726,0.001145728314862843,2.566729174070172e-06,-0.0006152458831237341
3,0.0026236100469554783,11.45727957374088,-0.8535977533476873,-12.0,-7.009044952869504,12.0,-0.001763592497802676,0.0006155447199521843,0.0006155438663544284,0.001145727957374088,2.565138626123162e-06,-0.0006155447199521817
3,0.0026238100469554784,11.45727592676091,-0.8595705904544121,-12.0,-7.01800244476798,12.0,-0.001763892181321439,0.0006158431854313589,0.0006158423258607663,0.001145727592676091,2.566721625723776e-06,-0.0006158431854313568
3,0.0026240100469554785,11.45727236114616,-0.865536012232957,-12.0,-7.026948854282638,12.0,-0.001764188334290603,0.0006161412842049707,0.0006161404186689559,0.001145727236114616,2.565132625179079e-06,-0.0006161412842049682
3,0.0026242100469554787,11.45726872355154,-0.871494060379703,-12.0,-7.035884167285928,12.0,-0.001764487278270639,0.0006164390106906247,0.0006164381391965622,0.001145726872355154,2.566714103845487e-06,-0.0006164390106906225
3,0.0026244100469554788,11.45726516725925,-0.8774446743942497,-12.0,-7.044808369667744,12.0,-0.00176478269381454,0.0006167363695273522,0.0006167354920826752,0.001145726516725925,2.565126648335337e-06,-0.0006167363695273495
3,0.002624610046955479,11.45726153909708,-0.8833878959386878,-12.0,-7.05372144733553,12.0,-0.001765080896376941,0.0006170333551396862,0.0006170324717517883,0.001145726153909708,2.566706607230929e-06,-0.0006170333551396843
3,0.002624810046955479,11.45725799217226,-0.8893236645943939,-12.0,-7.062623386214368,12.0,-0.00176537557261546,0.0006173299721620001,0.000617329082838333,0.001145725799217226,2.565120694485068e-06,-0.0006173299721619975
3,0.002625010046955479,11.45725437348533,-0.895252021989316,-12.0,-7.071514172246856,12.0,-0.001765673031885174,0.0006176262150257561,0.0006176253197737322,0.001145725437348533,2.566699134857152e-06,-0.0006176262150257541
3,0.0026252100469554792,11.45725083596901,-0.9011729077864162,-12.0,-7.080393791393206,12.0,-0.001765966966942987,0.0006179220883606815,0.0006179211871877713,0.001145725083596901,2.565114762688616e-06,-0.0006179220883606789
3,0.0026254100469554793,11.4572472267964,-0.9070863635796654,-12.0,-7.089262229631336,12.0,-0.001766263681051227,0.0006182175866051691,0.0006182166795188035,0.00114572472267964,2.566691685855799e-06,-0.0006182175866051671
3,0.0026256100469554794,11.45724369872619,-0.9129923291135749,-12.0,-7.098119472956746,12.0,-0.001766556873057471,0.0006185127143843198,0.0006185118013919881,0.001145724369872619,2.565108852149035e-06,-0.0006185127143843172
3,0.0026258100469554796,11.45724009910387,-0.9188908459481484,-12.0,-7.106965507382617,12.0,-0.001766852840139962,0.0006188074661434488,0.0006188065472526008,0.001145724009910387,2.566684259490329e-06,-0.0006188074661434468
3,0.0026260100469554797,11.45723658051445,-0.924781853909407,-12.0,-7.115800318939876,12.0,-0.001767145287229801,0.0006191018465030496,0.0006191009217211931,0.001145723658051446,2.565102962191038e-06,-0.000619101846503047
3,0.00262621004695548,11.45723299047567,-0.9306653945235958,-12.0,-7.124623893677175,12.0,-0.001767440505426054,0.00061939584991536,0.0006193949192499634,0.001145723299047567,2.566676855136634e-06,-0.0006193958499153579
3,0.00262641004695548,11.45722948139925,-0.9365414076981052,-12.0,-7.133436217660861,12.0,-0.001767732205739379,0.0006196894809962782,0.0006196885444548679,0.001145722948139925,2.565097092243428e-06,-0.0006196894809962757
3,0.00262661004695548,11.45722590097495,-0.94240993492548,-12.0,-7.142237276975046,12.0,-0.001768026673195028,0.0006199827342049586,0.0006199817917950217,0.001145722590097495,2.56666947226629e-06,-0.0006199827342049566
3,0.00262681004695548,11.45722240144158,-0.9482709161945019,-12.0,-7.151027057721707,12.0,-0.001768317624875328,0.0006202756141527231,0.0006202746658818043,0.001145722240144159,2.565091241823041e-06,-0.0006202756141527206
3,0.0026270100469554802,11.45721883066072,-0.9541243929641762,-12.0,-7.159805546020555,12.0,-0.001768611339741116,0.0006205681153056398,0.0006205671611812449,0.001145721883066072,2.566662110433076e-06,-0.0006205681153056379
3,0.0026272100469554804,11.45721534069863,-0.9599703053045081,-12.0,-7.168572728009131,12.0,-0.00176890154093779,0.0006208602422704649,0.0006208592823001571,0.001145721534069863,2.565085410522689e-06,-0.0006208602422704624
3,0.0026274100469554805,11.45721177958846,-0.9658086946411599,-12.0,-7.177328589842913,12.0,-0.001769194501368348,0.0006211519895201774,0.0006211510237114808,0.001145721177958846,2.566654769260047e-06,-0.0006211519895201753
3,0.0026276100469554806,11.45720829922429,-0.9716395011253447,-12.0,-7.186073117695171,12.0,-0.001769483950235399,0.0006214433616569852,0.0006214423900174816,0.001145720829922429,2.565079597999981e-06,-0.0006214433616569827
3,0.0026278100469554807,11.4572047478106,-0.9774627661494121,-12.0,-7.194806297757078,12.0,-0.001769776154390965,0.0006217343531607687,0.0006217333756980006,0.00114572047478106,2.56664744843039e-06,-0.0006217343531607667
3,0.002628010046955481,11.45720127706964,-0.9832784299457896,-12.0,-7.203528116237802,12.0,-0.001770064849087256,0.0006220249686292039,0.0006220239853507714,0.001145720127706964,2.565073803967047e-06,-0.0006220249686292013
3,0.002628210046955481,11.45719773537697,-0.9890865338736988,-12.0,-7.212238559364374,12.0,-0.001770356295131878,0.0006223152025490694,0.0006223142134625336,0.001145719773537697,2.566640147678152e-06,-0.0006223152025490675
3,0.002628410046955481,11.45719427428334,-0.9948870182466258,-12.0,-7.220937613381792,12.0,-0.00177064423382162,0.0006226050595135191,0.0006226040646264983,0.001145719427428334,2.565068028183572e-06,-0.0006226050595135167
3,0.002628610046955481,11.45719074233515,-1.000679924390843,-12.0,-7.229625264553086,12.0,-0.001770934919925557,0.0006228945340162263,0.0006228935333362998,0.001145719074233516,2.566632866780697e-06,-0.0006228945340162243
3,0.0026288100469554813,11.45718729091196,-1.00646519270094,-12.0,-7.23830149915932,12.0,-0.001771222100776917,0.0006231836306458406,0.0006231826241806452,0.001145718729091196,2.565062270449187e-06,-0.000623183630645838
3,0.0026290100469554814,11.45718376873078,-1.012242864470268,-12.0,-7.246966303499435,12.0,-0.0017715120251142,0.0006234723439029188,0.0006234713316600523,0.001145718376873078,2.566625605552851e-06,-0.0006234723439029168
3,0.0026292100469554815,11.45718032700028,-1.018012880174421,-12.0,-7.255619663890572,12.0,-0.001771798446300923,0.0006237606783716176,0.0006237596603587349,0.001145718032700028,2.565056530598147e-06,-0.0006237606783716152
3,0.0026294100469554816,11.4571768146078,-1.023775281074157,-12.0,-7.264261566667944,12.0,-0.001772087607050824,0.0006240486285593807,0.0006240476047840976,0.00114571768146078,2.566618363841165e-06,-0.0006240486285593788
3,0.0026296100469554817,11.45717338259148,-1.029530007725928,-12.0,-7.272891998184708,12.0,-0.001772373266750659,0.0006243361990458805,0.0006243351695158703,0.001145717338259148,2.56505080849425e-06,-0.000624336199045878
3,0.002629810046955482,11.45716988000872,-1.03527710135794,-12.0,-7.281510944812283,12.0,-0.001772661662097688,0.0006246233843454362,0.000624622349068333,0.001145716988000872,2.566611141519378e-06,-0.0006246233843454342
3,0.002630010046955482,11.45716645772742,-1.041016502607642,-12.0,-7.2901183929402,12.0,-0.001772946558494794,0.0006249101890332582,0.0006249091480167531,0.001145716645772742,2.56504510402586e-06,-0.0006249101890332557
3,0.002630210046955482,11.45716296497478,-1.046748252670788,-12.0,-7.2987143289761,12.0,-0.001773234186627465,0.0006251966076305331,0.0006251955608822784,0.001145716296497478,2.566603938484611e-06,-0.0006251966076305312
3,0.002630410046955482,11.45715955244878,-1.052472292265659,-12.0,-7.307298739345804,12.0,-0.001773518317909241,0.0006254826447080168,0.0006254815922357222,0.001145715955244878,2.565039417103513e-06,-0.0006254826447080145
3,0.0026306100469554823,11.45715606954614,-1.058188662555801,-12.0,-7.315871610493401,12.0,-0.001773805177021703,0.0006257682947937618,0.0006257672366050973,0.001145715606954614,2.566596754653595e-06,-0.00062576829479376
3,0.0026308100469554824,11.45715266679523,-1.063897304340319,-12.0,-7.324432928881136,12.0,-0.001774088541380873,0.0006260535624540842,0.0006260524985567774,0.001145715266679523,2.565033747655913e-06,-0.0006260535624540818
3,0.0026310100469554825,11.457149193762,-1.069598258750601,-12.0,-7.332982680989494,12.0,-0.001774374629672067,0.0006263384422238911,0.0006263373726256303,0.001145714919376201,2.566589589960591e-06,-0.0006263384422238893
3,0.0026312100469554826,11.45714580080552,-1.075291466666582,-12.0,-7.341520853317297,12.0,-0.001774657225306875,0.0006266229386650742,0.0006266218633736049,0.001145714580080552,2.565028095627297e-06,-0.0006266229386650715
3,0.0026314100469554827,11.45714233766072,-1.080976969187685,-12.0,-7.350047432381581,12.0,-0.001774942540980379,0.0006269070463193916,0.0006269059653424205,0.001145714233766072,2.566582444354201e-06,-0.0006269070463193896
3,0.002631610046955483,11.45713895451764,-1.086654707274532,-12.0,-7.358562404717691,12.0,-0.001775224366093848,0.0006271907697443183,0.0006271896830896086,0.001145713895451764,2.565022460975444e-06,-0.000627190769744316
3,0.002631810046955483,11.45713550127993,-1.092324721994773,-12.0,-7.367065756879347,12.0,-0.001775508907357706,0.0006274741034884595,0.0006274730111637353,0.001145713550127994,2.5665753177954e-06,-0.0006274741034884574
3,0.002632010046955483,11.4571321279689,-1.097986954389767,-12.0,-7.375557475438644,12.0,-0.001775789960156662,0.0006277570521048902,0.0006277559541179332,0.00114571321279689,2.565016843670173e-06,-0.0006277570521048877
3,0.002632210046955483,11.45712868465664,-1.103641445495419,-12.0,-7.384037546985901,12.0,-0.001776073725224997,0.0006280396101490501,0.0006280385065076028,0.001145712868465664,2.56656821025592e-06,-0.0006280396101490482
3,0.0026324100469554833,11.457125321196,-1.109288136433743,-12.0,-7.392505958129977,12.0,-0.00177635400392247,0.0006283217821696259,0.000628320672881487,0.0011457125321196,2.565011243690488e-06,-0.0006283217821696235
3,0.0026326100469554834,11.45712188782724,-1.114927068209226,-12.0,-7.400962695498143,12.0,-0.001776636991012784,0.0006286035627288937,0.0006286024478018235,0.001145712188782724,2.566561121716708e-06,-0.0006286035627288918
3,0.0026328100469554835,11.45711853423509,-1.120558182024397,-12.0,-7.409407745735961,12.0,-0.001776916493826099,0.000628884956371159,0.0006288838358129744,0.001145711853423509,2.565005661024647e-06,-0.0006288849563711563
3,0.0026330100469554836,11.45711511082768,-1.126181518852373,-12.0,-7.417841095507591,12.0,-0.001777198701162444,0.0006291659576655237,0.0006291648314840029,0.001145711511082769,2.56655405216628e-06,-0.0006291659576655219
3,0.0026332100469554837,11.45711176712189,-1.131797019976336,-12.0,-7.426262731495647,12.0,-0.001777477426313868,0.0006294465711519336,0.0006294454393549111,0.001145711176712188,2.565000095667359e-06,-0.0006294465711519311
3,0.002633410046955484,11.45710835369343,-1.137404726338141,-12.0,-7.434672640401191,12.0,-0.001777758852124021,0.000629726791406307,0.0006297256540015786,0.001145710835369343,2.566547001600377e-06,-0.000629726791406305
3,0.002633610046955484,11.45710501989164,-1.143004579301463,-12.0,-7.443070808943807,12.0,-0.00177803679784114,0.0006300066229642368,0.0006300054799596551,0.001145710501989164,2.56499454762017e-06,-0.0006300066229642344
3,0.002633810046955484,11.45710161645956,-1.148596619777139,-12.0,-7.451457223861687,12.0,-0.00177831744035818,0.0006302860604084566,0.000630284911811835,0.001145710161645956,2.56653997001995e-06,-0.0006302860604084548
3,0.002634010046955484,11.45709829257924,-1.154180789209334,-12.0,-7.459831871911514,12.0,-0.001778594604872869,0.0006305651082702205,0.0006305639540894288,0.001145709829257924,2.564989016889454e-06,-0.000630565108270218
3,0.0026342100469554843,11.45709489916078,-1.159757128477916,-12.0,-7.468194739868551,12.0,-0.001778874462334773,0.0006308437611390653,0.000630842601381935,0.001145709489916078,2.566532957431359e-06,-0.0006308437611390635
3,0.0026344100469554844,11.45709158521925,-1.16532557910755,-12.0,-7.476545814526737,12.0,-0.00177915084388437,0.0006311220235419214,0.0006311208582163398,0.001145709158521925,2.56498350348635e-06,-0.0006311220235419188
3,0.0026346100469554845,11.4570882018315,-1.170886181947328,-12.0,-7.484885082698559,12.0,-0.001779429914534395,0.0006313998900751251,0.0006313987191889412,0.00114570882018315,2.566525963844711e-06,-0.0006313998900751232
3,0.0026348100469554847,11.45708489784589,-1.176438878602281,-12.0,-7.493212531215153,12.0,-0.001779705511361272,0.0006316773652612896,0.0006316761888224086,0.001145708489784589,2.564978007425919e-06,-0.0006316773652612872
3,0.0026350100469554848,11.45708152450579,-1.18198370989093,-12.0,-7.501528146926388,12.0,-0.001779983793447095,0.0006319544437035478,0.0006319532617198359,0.001145708152450579,2.566518989274136e-06,-0.0006319544437035458
3,0.002635210046955485,11.45707823049313,-1.187520617498655,-12.0,-7.509831916700723,12.0,-0.001780258603798327,0.0006322311299202093,0.0006322299423995893,0.001145707823049313,2.564972528726511e-06,-0.0006322311299202069
3,0.002635410046955485,11.45707486721749,-1.193049642213504,-12.0,-7.518123827425422,12.0,-0.001780536095573211,0.0006325074185211936,0.0006325062254715497,0.001145707486721749,2.56651203373653e-06,-0.0006325074185211918
3,0.002635610046955485,11.45707158319467,-1.198570725801189,-12.0,-7.526403866006376,12.0,-0.001780810117700412,0.0006327833140205211,0.000632782115449793,0.001145707158319467,2.564967067409363e-06,-0.0006327833140205187
3,0.0026358100469554852,11.45706823000017,-1.20408390901943,-12.0,-7.534672019368323,12.0,-0.001781086817421988,0.0006330588110348911,0.0006330576069509803,0.001145706823000018,2.56650509725157e-06,-0.0006330588110348892
3,0.0026360100469554853,11.45706495598396,-1.20958913371425,-12.0,-7.542928274454694,12.0,-0.001781360049582993,0.000633333914074047,0.0006333327044849107,0.001145706495598397,2.564961623497973e-06,-0.0006333339140740445
3,0.0026362100469554854,11.4570616128872,-1.215086440613142,-12.0,-7.551172618227716,12.0,-0.001781635955514271,0.0006336086177614595,0.0006336074026750169,0.00114570616128872,2.566498179841078e-06,-0.0006336086177614575
3,0.0026364100469554856,11.45705834889426,-1.220575771642427,-12.0,-7.559405037668489,12.0,-0.001781908395970947,0.0006338829266026086,0.0006338817060268345,0.001145705834889426,2.564956197018257e-06,-0.0006338829266026062
3,0.0026366100469554857,11.45705501591169,-1.226057167499571,-12.0,-7.567625519776876,12.0,-0.001782183506379682,0.0006341568352277324,0.000634155609170563,0.001145705501591169,2.566491281528983e-06,-0.0006341568352277305
3,0.002636810046955486,11.45705176195859,-1.231530570191061,-12.0,-7.57583405157159,12.0,-0.001782455153399183,0.0006344303481380554,0.0006344291166074828,0.001145705176195859,2.564950787997706e-06,-0.000634430348138053
3,0.002637010046955486,11.45704843910659,-1.236996020384523,-12.0,-7.584030620090287,12.0,-0.001782729466558838,0.0006347034599705783,0.0006347022229745559,0.001145704843910659,2.566484402340634e-06,-0.0006347034599705763
3,0.002637210046955486,11.4570451952098,-1.242453460166625,-12.0,-7.592215212389442,12.0,-0.0017830003184132,0.0006349761752222839,0.0006349749327688213,0.00114570451952098,2.564945396464921e-06,-0.0006349761752222817
3,0.002637410046955486,11.45704188250466,-1.247902930175207,-12.0,-7.600387815544444,12.0,-0.001783273832601278,0.0006352484885369255,0.0006352472406339936,0.001145704188250466,2.566477542303159e-06,-0.0006352484885369237
3,0.0026376100469554862,11.45703864868056,-1.253344372577119,-12.0,-7.608548416649682,12.0,-0.001783543887567928,0.0006355204044072588,0.0006355191510628836,0.001145703864868056,2.564940022450413e-06,-0.0006355204044072564
3,0.0026378100469554864,11.45703534613847,-1.258777827980596,-12.0,-7.616697002818409,12.0,-0.001783816601067387,0.0006357919174837831,0.0006357906587059534,0.001145703534613847,2.566470701444449e-06,-0.0006357919174837812
3,0.0026380100469554865,11.45703212240334,-1.264203238632589,-12.0,-7.624833561182939,12.0,-0.001784085857428378,0.0006360630322550375,0.0006360617680517964,0.001145703212240334,2.564934665985562e-06,-0.0006360630322550351
3,0.0026382100469554866,11.45702883004042,-1.269620645111903,-12.0,-7.632958078894514,12.0,-0.001784357768527655,0.0006363337433782631,0.0006363324737576161,0.001145702883004042,2.566463879793434e-06,-0.0006363337433782613
3,0.0026384100469554867,11.45702561641048,-1.2750299897455,-12.0,-7.641070543123388,12.0,-0.001784626224570399,0.0006366040553377912,0.0006366027803077991,0.001145702561641048,2.564929327102709e-06,-0.0006366040553377889
3,0.002638610046955487,11.45702233424276,-1.280431313082939,-12.0,-7.64917094105892,12.0,-0.00178489733156257,0.0006368739627975999,0.000636872682366285,0.001145702233424276,2.566457077380166e-06,-0.0006368739627975982
3,0.002638810046955487,11.45701913073415,-1.2858245575312,-12.0,-7.657259259909451,12.0,-0.001785164985579218,0.0006371434702378275,0.0006371421844132676,0.001145701913073415,2.564924005834805e-06,-0.0006371434702378251
3,0.002639010046955487,11.45701585877759,-1.291209763610645,-12.0,-7.6653354869024,12.0,-0.001785435286762147,0.0006374125723291774,0.0006374112811194121,0.00114570158587776,2.566450294235361e-06,-0.0006374125723291755
3,0.002639210046955487,11.45701266540637,-1.296586873808285,-12.0,-7.673399609284348,12.0,-0.00178570213705083,0.0006376812735476086,0.0006376799769607326,0.001145701266540637,2.564918702215516e-06,-0.0006376812735476064
3,0.0026394100469554873,11.45700940367685,-1.301955928615457,-12.0,-7.681451614320899,12.0,-0.001785971630727978,0.0006379495685705461,0.0006379482666146155,0.001145700940367685,2.566443530390131e-06,-0.0006379495685705441
3,0.0026396100469554874,11.457006220459,-1.307316870599117,-12.0,-7.689491489296883,12.0,-0.001786237675590223,0.000638217461869779,0.0006382161545529059,0.0011457006220459,2.564913416279406e-06,-0.0006382174618697766
3,0.0026398100469554875,11.45700296897235,-1.312669740221744,-12.0,-7.697519221516195,12.0,-0.001786506360070189,0.0006384849481294471,0.0006384836354597048,0.001145700296897235,2.56643678587618e-06,-0.0006384849481294452
3,0.0026400100469554876,11.45699979592379,-1.318014480130201,-12.0,-7.705534798301996,12.0,-0.001786771597814854,0.0006387520318171819,0.0006387507138026993,0.001145699979592379,2.564908148060781e-06,-0.0006387520318171796
3,0.0026402100469554877,11.45699655469575,-1.32335113075826,-12.0,-7.713538206996573,12.0,-0.001787039471410751,0.000639018707623833,0.0006390173842727005,0.001145699655469575,2.566430060725887e-06,-0.0006390187076238313
3,0.002640410046955488,11.45699339183232,-1.328679634832612,-12.0,-7.721529434961428,12.0,-0.001787303900349499,0.000639284980012884,0.0006392836513332468,0.001145699339183233,2.564902897594943e-06,-0.0006392849800128817
3,0.002640610046955488,11.45699016087857,-1.334000032758503,-12.0,-7.729508469577367,12.0,-0.001787570961380042,0.0006395508436818883,0.0006395495096818538,0.001145699016087857,2.566423354971702e-06,-0.0006395508436818864
3,0.002640810046955488,11.45698700821607,-1.33931226734245,-12.0,-7.737475298244383,12.0,-0.001787834579831207,0.0006398163030901957,0.000639814963777926,0.001145698700821607,2.564897664917353e-06,-0.0006398163030901934
3,0.002641010046955488,11.45698378755221,-1.344616378961232,-12.0,-7.745429908381744,12.0,-0.001788100826620031,0.000640081352942053,0.0006400800083256723,0.001145698378755221,2.566416668646426e-06,-0.0006400813529420513
3,0.0026412100469554883,11.45698064510635,-1.349912310501198,-12.0,-7.753372287428077,12.0,-0.001788363632907078,0.0006403459976926905,0.0006403446477803775,0.001145698064510635,2.564892450063618e-06,-0.000640345997692688
3,0.0026414100469554884,11.45697743474795,-1.355200102310844,-12.0,-7.761302422841263,12.0,-0.001788629063782839,0.0006406102320530437,0.0006406088768529395,0.001145697743474795,2.566410001783091e-06,-0.0006406102320530419
3,0.0026416100469554885,11.45697430253438,-1.360479697356233,-12.0,-7.76922030209851,12.0,-0.001788891056233627,0.0006408740604742303,0.0006408726999945305,0.001145697430253437,2.564887253069494e-06,-0.0006408740604742278
3,0.0026418100469554886,11.4569711024969,-1.365751135957761,-12.0,-7.777125912696453,12.0,-0.001789155669530543,0.0006411374776738711,0.0006411361119227333,0.00114569711024969,2.566403354414922e-06,-0.0006411374776738694
3,0.0026420100469554887,11.45696798053122,-1.371014361161205,-12.0,-7.78501924215103,12.0,-0.00178941684647805,0.0006414004880989848,0.0006413991170846214,0.001145696798053122,2.564882073971213e-06,-0.0006414004880989825
3,0.002642210046955489,11.4569647908301,-1.376269413258928,-12.0,-7.792900277997575,12.0,-0.001789680640535292,0.0006416630864738665,0.0006416617102044515,0.00114569647908301,2.566396726575165e-06,-0.0006416630864738646
3,0.002642410046955489,11.45696167912783,-1.381516235376407,-12.0,-7.800769007790878,12.0,-0.00178994100031873,0.0006419252772414495,0.0006419238957252117,0.001145696167912783,2.564876912805062e-06,-0.0006419252772414471
3,0.002642610046955489,11.45695849977843,-1.386754867778194,-12.0,-7.808625419105185,12.0,-0.001790203973480035,0.0006421870551327007,0.0006421856683778312,0.001145695849977843,2.566390118297493e-06,-0.0006421870551326992
3,0.002642810046955489,11.45695539835503,-1.39198525366934,-12.0,-7.816469499534062,12.0,-0.001790463514442415,0.0006424484245864747,0.0006424470326012185,0.001145695539835503,2.564871769606954e-06,-0.0006424484245864722
3,0.0026430100469554893,11.45695222937265,-1.397207433286682,-12.0,-7.82430123669068,12.0,-0.001790725665057738,0.0006427093803404016,0.0006427079831329665,0.001145695222937265,2.566383529615602e-06,-0.0006427093803403999
3,0.0026432100469554894,11.45694913824354,-1.402421349914941,-12.0,-7.832120618207678,12.0,-0.001790984385548273,0.000642969926829276,0.0006429685244079238,0.001145694913824354,2.564866644413457e-06,-0.0006429699268292737
3,0.0026434100469554895,11.45694597964341,-1.407627043763349,-12.0,-7.839927631737165,12.0,-0.00179124571197224,0.0006432300587973835,0.000643228651170338,0.001145694597964341,2.56637696056267e-06,-0.0006432300587973817
3,0.0026436100469554896,11.45694289882392,-1.412824458196155,-12.0,-7.847722264950776,12.0,-0.001791503610344862,0.0006434897806754646,0.0006434883678510039,0.001145694289882392,2.564861537260812e-06,-0.0006434897806754621
3,0.0026438100469554898,11.45693975062124,-1.41801363339521,-12.0,-7.855504505539768,12.0,-0.001791764110937497,0.0006437490872144575,0.0006437476692008223,0.001145693975062124,2.566370411172709e-06,-0.0006437490872144558
3,0.00264401004695549,11.45693668012666,-1.423194512804292,-12.0,-7.863274341214898,12.0,-0.001792021185551569,0.0006440079828410629,0.0006440065596465479,0.001145693668012667,2.564856448185222e-06,-0.0006440079828410608
3,0.00264421004695549,11.45693354233653,-1.428367136577921,-12.0,-7.871031759706513,12.0,-0.001792280858677317,0.0006442664623128613,0.0006442650339457226,0.001145693354233653,2.566363881479325e-06,-0.0006442664623128593
3,0.00264441004695549,11.4569304821821,-1.433531448239399,-12.0,-7.878776748764633,12.0,-0.001792537107897196,0.0006445245300525258,0.0006445230965210751,0.00114569304821821,2.56485137722343e-06,-0.0006445245300525234
3,0.00264461004695549,11.4569273548196,-1.43868748791611,-12.0,-7.886509296158843,12.0,-0.00179279595192675,0.000644782180824275,0.0006447807421367854,0.00114569273548196,2.566357371516051e-06,-0.0006447821808242734
3,0.0026448100469554903,11.45692430502047,-1.443835199210764,-12.0,-7.894229389678373,12.0,-0.001793051374122122,0.0006450394190467634,0.0006450379752115618,0.001145692430502047,2.564846324411278e-06,-0.000645039419046761
3,0.0026450100469554904,11.45692118810059,-1.448974622223764,-12.0,-7.901937017132163,12.0,-0.001793309387430774,0.0006452962394908418,0.0006452947905162177,0.001145692118810059,2.566350881316794e-06,-0.00064529623949084
3,0.0026452100469554905,11.45691814867188,-1.454105700637277,-12.0,-7.909632166348861,12.0,-0.001793563980976793,0.000645552646571161,0.0006455511924654578,0.001145691814867188,2.564841289785411e-06,-0.0006455526465711585
3,0.0026454100469554907,11.45691504220956,-1.459228474524774,-12.0,-7.917314825176688,12.0,-0.001793821161945588,0.0006458086350651932,0.000645807175836717,0.001145691504220957,2.566344410914953e-06,-0.0006458086350651914
3,0.0026456100469554908,11.45691201316632,-1.46434288764779,-12.0,-7.924984981483723,12.0,-0.001794074925222088,0.0006460642093835957,0.0006460627450407058,0.001145691201316633,2.564836273381966e-06,-0.0006460642093835933
3,0.002645810046955491,11.45690891717646,-1.469448980053166,-12.0,-7.932642623157782,12.0,-0.001794331272236657,0.0006463193643104635,0.0006463178948614816,0.001145690891717647,2.566337960343951e-06,-0.0006463193643104616
3,0.002646010046955491,11.45690589853368,-1.474546695581682,-12.0,-7.940287738106319,12.0,-0.001794584203629264,0.0006465741042524661,0.000646572629705768,0.001145690589853368,2.564831275237383e-06,-0.0006465741042524637
3,0.002646210046955491,11.45690281303111,-1.479636074253601,-12.0,-7.947920314256698,12.0,-0.001794839715081219,0.0006468284240003115,0.0006468269443642354,0.001145690281303111,2.566331529637509e-06,-0.0006468284240003097
3,0.0026464100469554912,11.45689980480372,-1.484717059989068,-12.0,-7.955540339556059,12.0,-0.001795091812980552,0.0006470823279567015,0.0006470808432396392,0.001145689980480372,2.564826295387474e-06,-0.0006470823279566991
3,0.0026466100469554913,11.4568967298032,-1.489789692781863,-12.0,-7.963147801971322,12.0,-0.001795346487266048,0.0006473358109189476,0.0006473343211292531,0.00114568967298032,2.566325118829019e-06,-0.000647335810918946
3,0.0026468100469554915,11.45689373200607,-1.49485391663136,-12.0,-7.970742689489244,12.0,-0.001795597750068055,0.0006475888772857907,0.0006475873824318718,0.001145689373200607,2.564821333868584e-06,-0.0006475888772857884
3,0.0026470100469554916,11.45689066752233,-1.499909771505081,-12.0,-7.978324990116502,12.0,-0.001795851585589239,0.0006478415218611439,0.0006478400219513706,0.001145689066752233,2.566318727951861e-06,-0.0006478415218611422
3,0.0026472100469554917,11.45688768017029,-1.504957201481618,-12.0,-7.985894691879589,12.0,-0.0017961020116954,0.0006480937490397993,0.0006480922440825956,0.001145688768017029,2.564816390716458e-06,-0.0006480937490397972
3,0.002647410046955492,11.45688462621798,-1.509996246502291,-12.0,-7.993451782824891,12.0,-0.001796355006858893,0.0006483455536322616,0.0006483440436360134,0.001145688462621798,2.566312357039291e-06,-0.00064834555363226
3,0.002647610046955492,11.45688164932579,-1.515026850724913,-12.0,-8.00099625101877,12.0,-0.001796604594675561,0.0006485969400293881,0.0006485954250025351,0.001145688164932579,2.564811465967311e-06,-0.0006485969400293858
3,0.002647810046955492,11.4568786059195,-1.520049054064783,-12.0,-8.008528084547464,12.0,-0.001796856747893917,0.0006488479030482699,0.0006488463829992142,0.00114568786059195,2.566306006124633e-06,-0.0006488479030482681
3,0.002648010046955492,11.45687563950185,-1.525062800758814,-12.0,-8.016047271517156,12.0,-0.001797105495833221,0.0006490984470758366,0.0006490969220130334,0.001145687563950185,2.564806559656826e-06,-0.0006490984470758342
3,0.0026482100469554922,11.45687260665614,-1.530068130696461,-12.0,-8.023553800054067,12.0,-0.001797356805524258,0.0006493485669357623,0.00064934703686763,0.001145687260665614,2.566299675240956e-06,-0.0006493485669357607
3,0.0026484100469554924,11.45686965072769,-1.53506498819374,-12.0,-8.031047658304338,12.0,-0.00179760471200316,0.0006495982670110623,0.0006495967319460717,0.001145686965072769,2.56480167182047e-06,-0.0006495982670110599
3,0.0026486100469554925,11.45686662845703,-1.540053413114321,-12.0,-8.03852883443413,12.0,-0.001797855176589449,0.0006498475421319826,0.0006498460020785677,0.001145686662845703,2.566293364421364e-06,-0.000649847542131981
3,0.0026488100469554926,11.45686368303237,-1.545033349853317,-12.0,-8.045997316629661,12.0,-0.001798102240030904,0.0006500963966776367,0.0006500948516442845,0.001145686368303237,2.564796802494268e-06,-0.0006500963966776344
3,0.0026490100469554927,11.45686067135119,-1.550004838248828,-12.0,-8.053453093097222,12.0,-0.001798351857941109,0.0006503448254848411,0.0006503432754800012,0.001145686067135119,2.566287073698622e-06,-0.0006503448254848394
3,0.002649210046955493,11.45685773644485,-1.554967822774924,-12.0,-8.06089615206304,12.0,-0.00179859807677214,0.000650592832928814,0.0006505912779609888,0.001145685773644485,2.564791951713778e-06,-0.0006505928329288117
3,0.002649410046955493,11.45685473536753,-1.559922343244236,-12.0,-8.068326481773552,12.0,-0.001798846846440478,0.0006508404138529332,0.0006508388539305882,0.001145685473536753,2.566280803105688e-06,-0.0006508404138529315
3,0.002649610046955493,11.45685181099398,-1.564868344209892,-12.0,-8.07574407049527,12.0,-0.0017990922190948,0.0006510875726285401,0.0006510860077601935,0.001145685181099398,2.564787119514256e-06,-0.0006510875726285379
3,0.002649810046955493,11.45684882053482,-1.569805865459151,-12.0,-8.083148906514793,12.0,-0.001799340138959212,0.000651334304105566,0.0006513327342996988,0.001145684882053482,2.566274552675372e-06,-0.0006513343041055642
3,0.0026500100469554933,11.45684590670848,-1.574734851624061,-12.0,-8.09054097813885,12.0,-0.001799584663875405,0.0006515806126514812,0.0006515790379166273,0.001145684590670848,2.564782305931029e-06,-0.0006515806126514789
3,0.0026502100469554934,11.45684292688175,-1.57965534246673,-12.0,-8.097920273694397,12.0,-0.001799831732380544,0.0006518264931227685,0.0006518249134674242,0.001145684292688175,2.566268322440201e-06,-0.0006518264931227667
3,0.0026504100469554935,11.45684002361699,-1.584567282698115,-12.0,-8.105286781528493,12.0,-0.001800075408002887,0.00065207194988304,0.0006520703653157551,0.001145684002361699,2.564777510999403e-06,-0.0006520719498830378
3,0.0026506100469554936,11.45683705443689,-1.589470712055221,-12.0,-8.112640490008397,12.0,-0.001800321623598839,0.0006523169777953191,0.0006523153883246055,0.001145683705443689,2.566262112432848e-06,-0.0006523169777953176
3,0.0026508100469554937,11.45683416174798,-1.594365575327931,-12.0,-8.119981387521642,12.0,-0.00180056444837602,0.0006525615812193734,0.0006525599868537958,0.001145683416174799,2.564772734754438e-06,-0.0006525615812193712
3,0.002651010046955494,11.45683120322866,-1.599251912228318,-12.0,-8.12730946247593,12.0,-0.001800809809517779,0.0006528057550247628,0.0006528041557728488,0.001145683120322866,2.566255922685811e-06,-0.0006528057550247611
3,0.002651210046955494,11.45682832112988,-1.604129667625062,-12.0,-8.134624703299206,12.0,-0.001801051781904609,0.000653049503567417,0.000653047899437747,0.001145682832112988,2.564767977231092e-06,-0.0006530495035674145
3,0.002651410046955494,11.45682537328541,-1.608998881205488,-12.0,-8.141927098439751,12.0,-0.001801296287052078,0.0006532928217234281,0.0006532912127245451,0.001145682537328541,2.566249753231281e-06,-0.0006532928217234263
3,0.002651610046955494,11.45682250179094,-1.613859497917062,-12.0,-8.149216636366043,12.0,-0.001801537405509728,0.0006535357138449002,0.0006535340999854002,0.001145682250179094,2.564763238464219e-06,-0.0006535357138448981
3,0.0026518100469554943,11.45681956463536,-1.618711557422461,-12.0,-8.156493305566947,12.0,-0.001801781053129007,0.0006537781748144505,0.0006537765561028913,0.001145681956463536,2.56624360410155e-06,-0.0006537781748144487
3,0.0026520100469554944,11.45681670375933,-1.623555004747919,-12.0,-8.163757094551592,12.0,-0.001802021316121817,0.0006540202089803696,0.0006540185854253625,0.001145681670375933,2.56475851848873e-06,-0.0006540202089803674
3,0.0026522100469554945,11.45681377730662,-1.628389879531557,-12.0,-8.17100799184944,12.0,-0.001802264104684912,0.0006542618112317901,0.0006542601828419088,0.001145681377730662,2.566237475328757e-06,-0.0006542618112317883
3,0.0026524100469554946,11.4568109270631,-1.633216126878369,-12.0,-8.178245986010374,12.0,-0.001802503510684011,0.0006545029859132027,0.0006545013526970736,0.00114568109270631,2.564753817339258e-06,-0.0006545029859132006
3,0.0026526100469554947,11.45680801132718,-1.638033786402084,-12.0,-8.185471065604577,12.0,-0.001802745438666932,0.0006547437279202512,0.000654742089886463,0.001145680801132718,2.566231366944696e-06,-0.0006547437279202494
3,0.002652810046955495,11.45680517173019,-1.642842803286381,-12.0,-8.192683219222701,12.0,-0.001802983986148637,0.0006549840415936343,0.0006549823987508287,0.001145680517173019,2.564749135050232e-06,-0.000654984041593632
3,0.002653010046955495,11.45680226672491,-1.647643217120752,-12.0,-8.199882435475752,12.0,-0.001803225052034171,0.0006552239218355017,0.0006552222741922829,0.001145680226672491,2.566225278981572e-06,-0.0006552239218355
3,0.002653210046955495,11.45679943778842,-1.652434973167478,-12.0,-8.20706870299516,12.0,-0.001803462739480331,0.0006554633729827703,0.000655461720547795,0.001145679943778842,2.564744471656209e-06,-0.0006554633729827682
3,0.002653410046955495,11.45679654352758,-1.65721811099198,-12.0,-8.214242010432871,12.0,-0.001803702941755262,0.0006557023899440909,0.0006557007327259781,0.001145679654352758,2.566219211470994e-06,-0.0006557023899440891
3,0.0026536100469554953,11.45679372526549,-1.661992575935153,-12.0,-8.221402346461236,12.0,-0.001803939767653026,0.0006559409770526105,0.0006559393150600323,0.001145679372526549,2.564739827191446e-06,-0.0006559409770526083
3,0.0026538100469554954,11.45679084176285,-1.666758407538387,-12.0,-8.228549699773083,12.0,-0.001804179104811146,0.0006561791292234711,0.0006561774624650619,0.001145679084176285,2.566213164444574e-06,-0.0006561791292234696
3,0.0026540100469554955,11.45678803418902,-1.67151555122119,-12.0,-8.235684059081805,12.0,-0.001804415067653663,0.0006564168507860637,0.0006564151792705103,0.001145678803418902,2.564735201690012e-06,-0.0006564168507860616
3,0.0026542100469554956,11.45678516145825,-1.676264046501096,-12.0,-8.242805413121237,12.0,-0.001804653538192619,0.0006566541366620157,0.0006566524603979674,0.001145678516145825,2.566207137933891e-06,-0.0006566541366620142
3,0.0026544100469554958,11.45678236458645,-1.681003838876143,-12.0,-8.249913750645831,12.0,-0.001804888636477888,0.000656890991176971,0.0006568893101731298,0.001145678236458645,2.564730595186122e-06,-0.0006568909911769688
3,0.002654610046955496,11.45677950264121,-1.685734967840162,-12.0,-8.25700906043053,12.0,-0.001805126238902156,0.0006571274092590384,0.0006571257235240688,0.001145677950264122,2.56620113197054e-06,-0.0006571274092590368
3,0.002654810046955496,11.45677671648519,-1.690457378969642,-12.0,-8.264091331270848,12.0,-0.001805360471133469,0.0006573633952301228,0.0006573617047727415,0.001145677671648519,2.564726007713602e-06,-0.0006573633952301207
3,0.002655010046955496,11.45677386533905,-1.695171111734877,-12.0,-8.271160551982957,12.0,-0.001805597203952308,0.0006575989440248096,0.0006575972488536962,0.001145677386533905,2.56619514658565e-06,-0.000657598944024808
3,0.002655210046955496,11.45677108991247,-1.69987611179081,-12.0,-8.27821671140357,12.0,-0.001805830568638571,0.0006578340599612781,0.0006578323600851642,0.001145677108991247,2.564721439306199e-06,-0.000657834059961276
3,0.0026554100469554963,11.45676824957894,-1.704572418584247,-12.0,-8.28525979839003,12.0,-0.001806066430367226,0.0006580687379805799,0.0006580670334081596,0.001145676824957895,2.566189181810557e-06,-0.0006580687379805783
3,0.0026556100469554964,11.45676548489544,-1.709259977848588,-12.0,-8.292289801820381,12.0,-0.001806298926023375,0.0006583029823971815,0.0006583012731372014,0.001145676548489544,2.564716889997923e-06,-0.0006583029823971793
3,0.0026558100469554966,11.456762655388,-1.713938829007305,-12.0,-8.299306710593246,12.0,-0.00180653391518174,0.0006585367881585958,0.000658535074219765,0.0011456762655388,2.566183237676148e-06,-0.0006585367881585942
3,0.0026560100469554967,11.45675990146113,-1.718608917872178,-12.0,-8.30631051362801,12.0,-0.001806765540328359,0.0006587701595755854,0.0006587684409666652,0.001145675990146113,2.564712359822013e-06,-0.0006587701595755831
3,0.0026562100469554968,11.45675708279317,-1.723270283843498,-12.0,-8.313301199864672,12.0,-0.001806999655442739,0.0006590030916021189,0.0006590013683318334,0.001145675708279317,2.566177314213526e-06,-0.0006590030916021174
3,0.002656410046955497,11.45675433963644,-1.727922872811383,-12.0,-8.320278758264024,12.0,-0.001807230408604795,0.0006592355885452663,0.0006592338606223913,0.001145675433963644,2.564707848812047e-06,-0.000659235588545264
3,0.002656610046955497,11.45675153182133,-1.732566724153082,-12.0,-8.32724317780753,12.0,-0.001807463648206022,0.0006594676453654464,0.0006594659127987206,0.001145675153182133,2.566171411453547e-06,-0.0006594676453654447
3,0.002656810046955497,11.45674879944819,-1.737201783836976,-12.0,-8.3341944474974,12.0,-0.001807693527914849,0.0006596992663660444,0.0006596975291642584,0.001145674879944819,2.56470335700132e-06,-0.0006596992663660423
3,0.0026570100469554972,11.45674600249921,-1.741828091217434,-12.0,-8.341132556356667,12.0,-0.001807925890540152,0.000659930446513925,0.0006599287046858321,0.001145674600249921,2.566165529426804e-06,-0.0006599304465139235
3,0.0026572100469554973,11.45674328092306,-1.746445592341096,-12.0,-8.348057493429096,12.0,-0.001808154895332372,0.0006601611901088022,0.0006601594436632077,0.001145674328092306,2.564698884423256e-06,-0.0006601611901088
3,0.0026574100469554975,11.45674049485344,-1.751054326539503,-12.0,-8.354969247779243,12.0,-0.001808386379524084,0.0006603914921239757,0.0006603897410696473,0.001145674049485344,2.566159668164012e-06,-0.000660391492123974
3,0.0026576100469554976,11.45673778408761,-1.75565423993756,-12.0,-8.361867808492544,12.0,-0.001808614507942187,0.0006606213568555007,0.0006606196012012585,0.001145673778408761,2.564694431110743e-06,-0.0006606213568554985
3,0.0026578100469554977,11.45673500891056,-1.760245371844143,-12.0,-8.36875316467521,12.0,-0.001808845112248821,0.0006608507792831084,0.000660849019037735,0.001145673500891056,2.566153827695568e-06,-0.0006608507792831068
3,0.002658010046955498,11.45673230896832,-1.764827668462309,-12.0,-8.375625305454307,12.0,-0.001809072362840186,0.000661079763699202,0.0006610779988715313,0.001145673230896832,2.564689997096496e-06,-0.0006610797636991998
3,0.002658210046955498,11.45672954469694,-1.769401169078443,-12.0,-8.382484219977822,12.0,-0.001809302085814831,0.0006613083050899396,0.0006613065356887689,0.001145672954469694,2.56614800805201e-06,-0.000661308305089938
3,0.002658410046955498,11.45672685559152,-1.773965819973742,-12.0,-8.389329897414575,12.0,-0.001809528457132778,0.0006615364077440855,0.0006615346337782633,0.001145672685559153,2.564685582413782e-06,-0.0006615364077440833
3,0.002658610046955498,11.45672410223889,-1.77852166041216,-12.0,-8.396162326954288,12.0,-0.001809757297334124,0.0006617640666542145,0.0006617622881325525,0.001145672410223889,2.566142209263248e-06,-0.0006617640666542129
3,0.0026588100469554982,11.45672142398346,-1.78306863675303,-12.0,-8.402981497807641,12.0,-0.001809982787937682,0.0006619912861054633,0.0006619895030368243,0.001145672142398346,2.564681187095158e-06,-0.0006619912861054612
3,0.0026590100469554984,11.45671868156258,-1.787606788238066,-12.0,-8.409787399206271,12.0,-0.001810210743931101,0.0006622180610968222,0.0006622162734900324,0.001145671868156258,2.566136431359704e-06,-0.0006622180610968206
3,0.0026592100469554985,11.45671601417024,-1.792136061304613,-12.0,-8.416580020402654,12.0,-0.001810435352385087,0.0006624443959098063,0.0006624426037737429,0.001145671601417024,2.564676811172871e-06,-0.0006624443959098042
3,0.0026594100469554986,11.45671328269407,-1.796656495172243,-12.0,-8.423359350670353,12.0,-0.001810662422740699,0.0006626702855498125,0.000662668488893316,0.001145671328269408,2.56613067437134e-06,-0.000662670285549811
3,0.0026596100469554987,11.45671062617789,-1.801168036356394,-12.0,-8.430125379303897,12.0,-0.001810886147614427,0.0006628957342947523,0.000662893933126714,0.001145671062617789,2.564672454679709e-06,-0.0006628957342947504
3,0.002659810046955499,11.45670790565932,-1.80567072405459,-12.0,-8.436878095618786,12.0,-0.001811112330907345,0.0006631207371564212,0.0006631189314856954,0.001145670790565932,2.566124938327916e-06,-0.0006631207371564196
3,0.002660010046955499,11.45670526003227,-1.810164504860237,-12.0,-8.44361748895154,12.0,-0.001811335170776701,0.0006633452984091326,0.0006633434882446256,0.001145670526003227,2.564668117648324e-06,-0.0006633452984091303
3,0.002660210046955499,11.45670255048416,-1.814649417949009,-12.0,-8.450343548659774,12.0,-0.001811560465589521,0.000663569413071078,0.0006635675984216585,0.001145670255048416,2.566119223259208e-06,-0.0006635694130710764
3,0.002660410046955499,11.45669991575919,-1.819125409992274,-12.0,-8.457056264122105,12.0,-0.001811782419035796,0.0006637930854129853,0.0006637912662875731,0.001145669991575919,2.564663800110126e-06,-0.0006637930854129831
3,0.0026606100469554993,11.45669721719431,-1.823592520143908,-12.0,-8.463755624738218,12.0,-0.001812006823955017,0.0006640163104594324,0.0006640144868669107,0.001145669721719431,2.566113529194992e-06,-0.000664016310459431
3,0.0026608100469554994,11.45669459338429,-1.828050695153232,-12.0,-8.470441619928945,12.0,-0.001812227889564882,0.0006642390924775735,0.0006642372644268763,0.001145669459338429,2.564659502097763e-06,-0.0006642390924775713
3,0.0026610100469554995,11.45669190581537,-1.832499974152497,-12.0,-8.477114239136172,12.0,-0.001812451403182869,0.0006644614264983692,0.0006644595939983934,0.001145669190581537,2.566107856164634e-06,-0.0006644614264983676
3,0.0026612100469554996,11.45668929293314,-1.83694030396886,-12.0,-8.4837734718229,12.0,-0.001812671579549147,0.0006646833167854062,0.0006646814798451,0.001145668929293314,2.564655223642858e-06,-0.000664683316785404
3,0.0026614100469554997,11.45668661637285,-1.841371723713112,-12.0,-8.49041930747333,12.0,-0.001812894200464416,0.0006649047583760233,0.000664902917004298,0.001145668661637285,2.566102204197527e-06,-0.0006649047583760218
3,0.0026616100469555,11.45668401443117,-1.84579418029025,-12.0,-8.497051735592763,12.0,-0.001813113486185191,0.0006651257555302533,0.000665123909736071,0.001145668401443117,2.564650964777429e-06,-0.0006651257555302513
3,0.0026618100469555,11.45668134889213,-1.850207712789653,-12.0,-8.50367074570767,12.0,-0.001813335213001642,0.0006653463032918032,0.0006653444530840889,0.001145668134889213,2.566096573323032e-06,-0.0006653463032918018
3,0.0026620100469555,11.4566787579037,-1.854612268194144,-12.0,-8.510276327365748,12.0,-0.001813553606679943,0.0006655664059171625,0.000665564551304892,0.00114566787579037,2.564646725533073e-06,-0.0006655664059171605
3,0.0026622100469555,11.45667610339846,-1.859007885571891,-12.0,-8.516868470135922,12.0,-0.001813774438007015,0.0006657860584564046,0.0006657841994485176,0.001145667610339846,2.56609096357045e-06,-0.000665786058456403
3,0.0026624100469555003,11.45667352337594,-1.863394511983419,-12.0,-8.523447163608221,12.0,-0.001813991938252913,0.0006660052651624824,0.000666003401767968,0.001145667352337594,2.564642505941198e-06,-0.0006660052651624803
3,0.0026626100469555004,11.45667087991701,-1.867772186475774,-12.0,-8.530012397394032,12.0,-0.001814211872705267,0.0006662240210918273,0.0006662221533196392,0.001145667087991701,2.566085374968586e-06,-0.0006662240210918258
3,0.0026628100469555005,11.456668310873,-1.872140856187283,-12.0,-8.536564161125987,12.0,-0.001814428478134084,0.0006664423304938727,0.0006664404583530144,0.001145666831087301,2.564638306033548e-06,-0.0006664423304938705
3,0.0026630100469555006,11.45666567847281,-1.876500560143918,-12.0,-8.543102444457885,12.0,-0.001814647514332893,0.0006666601884313983,0.0006666583119308365,0.001145666567847281,2.566079807546158e-06,-0.0006666601884313966
3,0.0026632100469555007,11.45666312041985,-1.880851245561692,-12.0,-8.549627237064922,12.0,-0.001814863223564906,0.000666877599150325,0.0006668757182990774,0.001145666312041985,2.564634125841466e-06,-0.0006668775991503231
3,0.002663410046955501,11.4566604990908,-1.885192951445773,-12.0,-8.556138528643574,12.0,-0.001815081360137349,0.0006670945577197816,0.0006670926725268288,0.00114566604990908,2.566074261332176e-06,-0.0006670945577197801
3,0.002663610046955501,11.45665795204137,-1.889525625089783,-12.0,-8.56263630891161,12.0,-0.001815296171798631,0.0006673110683821849,0.0006673091788565578,0.001145665795204137,2.564629965395697e-06,-0.0006673110683821828
3,0.002663810046955501,11.45665534179578,-1.893849305478119,-12.0,-8.569120567608126,12.0,-0.0018155134073758,0.0006675271262130022,0.0006675252323636951,0.001145665534179578,2.566068736355401e-06,-0.0006675271262130007
3,0.002664010046955501,11.4566528057623,-1.898163939982052,-12.0,-8.57559129449363,12.0,-0.001815727320098868,0.00066774273545116,0.0006677408372872179,0.001145665280576231,2.564625824727763e-06,-0.0006677427354511578
3,0.0026642100469555013,11.45665020661245,-1.902469567565359,-12.0,-8.582048479349943,12.0,-0.001815943653319149,0.0006679578911784599,0.0006679559887088907,0.001145665020661246,2.566063232644103e-06,-0.0006679578911784585
3,0.0026644100469555014,11.4566476816073,-1.906766135676842,-12.0,-8.58849211198027,12.0,-0.001816156665741986,0.0006681725976303448,0.000668170690864207,0.00114566476816073,2.56462170386822e-06,-0.0006681725976303429
3,0.0026646100469555015,11.45664509356541,-1.911053683259825,-12.0,-8.594922182209274,12.0,-0.001816372095248576,0.0006683868498949465,0.0006683849388412615,0.001145664509356541,2.566057750226882e-06,-0.0006683868498949449
3,0.0026648100469555016,11.45664257960088,-1.915332157840637,-12.0,-8.601338679882975,12.0,-0.001816584206013852,0.000668600652204236,0.0006685987368720761,0.001145664257960088,2.564617602848149e-06,-0.0006686006522042338
3,0.0026650100469555018,11.45664000267911,-1.919601598342195,-12.0,-8.607741594868832,12.0,-0.001816798730456502,0.0006688139996526651,0.0006688120800510655,0.001145664000267911,2.566052289131917e-06,-0.0006688139996526638
3,0.002665210046955502,11.45663749976747,-1.92386195236835,-12.0,-8.614130917055785,12.0,-0.001817009938214266,0.0006690268964687456,0.0006690249726067912,0.001145663749976747,2.564613521697797e-06,-0.0006690268964687436
3,0.002665410046955502,11.45663493397792,-1.928113258821808,-12.0,-8.620506636354259,12.0,-0.001817223556247484,0.0006692393377532467,0.0006692374096399864,0.001145663493397792,2.566046849387516e-06,-0.0006692393377532452
3,0.002665610046955502,11.45663244213136,-1.932355465383809,-12.0,-8.626868742696049,12.0,-0.001817433859651542,0.0006694513277312262,0.0006694493953757586,0.001145663244213136,2.56460946044833e-06,-0.0006694513277312239
3,0.002665810046955502,11.45662988748608,-1.936588610936939,-12.0,-8.633217226034557,12.0,-0.001817646569936104,0.0006696628615097634,0.000669660924921151,0.001145662988748608,2.566041431021479e-06,-0.0006696628615097618
3,0.0026660100469555023,11.45662740671675,-1.940812643239917,-12.0,-8.639552076344684,12.0,-0.001817855967648297,0.0006698739433104787,0.0006698720024978335,0.001145662740671675,2.564605419129501e-06,-0.0006698739433104767
3,0.0026662100469555024,11.45662486322772,-1.945027601155293,-12.0,-8.645873283622812,12.0,-0.001818067768850654,0.0006700845682467534,0.0006700826232191507,0.001145662486322772,2.566036034061823e-06,-0.0006700845682467519
3,0.0026664100469555026,11.4566223935477,-1.949233432519136,-12.0,-8.652180837886878,12.0,-0.001818276259536311,0.0006702947405367763,0.0006702927913033417,0.00114566223935477,2.564601397772029e-06,-0.0006702947405367743
3,0.0026666100469555027,11.45661986122686,-1.953430176174155,-12.0,-8.658474729176426,12.0,-0.001818487150328599,0.0006705044553002286,0.000670502501870051,0.001145661986122686,2.56603065853642e-06,-0.0006705044553002271
3,0.0026668100469555028,11.45661740264817,-1.957617780033761,-12.0,-8.664754947552527,12.0,-0.00181869473266019,0.0006707137167518787,0.0006707117591340966,0.001145661740264817,2.564597396405809e-06,-0.0006707137167518767
3,0.002667010046955503,11.4566148815074,-1.961796282920876,-12.0,-8.671021483097842,12.0,-0.001818904711719986,0.0006709225200176983,0.0006709205582214138,0.00114566148815074,2.566025304472857e-06,-0.0006709225200176967
3,0.002667210046955503,11.45661243404202,-1.965965632826234,-12.0,-8.677274325916688,12.0,-0.001819111384375384,0.0006711308693090474,0.0006711289033434126,0.001145661243404202,2.564593415061078e-06,-0.0006711308693090454
3,0.002667410046955503,11.45660992409313,-1.970125868553137,-12.0,-8.683513466134958,12.0,-0.001819320450386161,0.0006713387597581835,0.0006713367896323134,0.001145660992409313,2.566019971898511e-06,-0.0006713387597581822
3,0.0026676100469555032,11.45660748775296,-1.974276938169545,-12.0,-8.689738893900179,12.0,-0.00181952621204891,0.0006715461955730655,0.0006715442212961252,0.001145660748775296,2.564589453767598e-06,-0.0006715461955730634
3,0.0026678100469555033,11.45660498900773,-1.978418880459279,-12.0,-8.695950599381586,12.0,-0.00181973436370046,0.0006717531718922324,0.0006717511934733502,0.001145660498900773,2.566014660841025e-06,-0.0006717531718922308
3,0.0026680100469555035,11.45660256380462,-1.982551643567511,-12.0,-8.702148572770014,12.0,-0.001819939213060174,0.0006719596929202524,0.0006719577103686068,0.001145660256380462,2.564585512555056e-06,-0.0006719596929202503
3,0.0026682100469555036,11.45660007627474,-1.986675266258677,-12.0,-8.70833280427805,12.0,-0.001820146449047366,0.0006721657538019391,0.0006721637671266711,0.001145660007627475,2.566009371327647e-06,-0.0006721657538019375
3,0.0026684100469555037,11.45659766222051,-1.990789696755141,-12.0,-8.714503284139935,12.0,-0.001820350384799148,0.0006723713587384815,0.0006723693679487826,0.001145659766222051,2.564581591453054e-06,-0.0006723713587384794
3,0.002668610046955504,11.45659518591764,-1.994894973802039,-12.0,-8.720660002611616,12.0,-0.001820556703822935,0.0006725765028809593,0.000672574507985984,0.001145659518591764,2.566004103385401e-06,-0.0006725765028809578
3,0.002668810046955504,11.45659278302401,-1.998991045698914,-12.0,-8.726802949970834,12.0,-0.00182075972466714,0.0006727811904271942,0.0006727791914361464,0.001145659278302402,2.564577690491204e-06,-0.000672781190427192
3,0.002669010046955504,11.45659031795974,-2.003077951171744,-12.0,-8.732932116516999,12.0,-0.001820965125434445,0.000672985416534527,0.0006729834134565743,0.001145659031795974,2.565998857041429e-06,-0.0006729854165345256
3,0.002669210046955504,11.45658792623841,-2.007155638597177,-12.0,-8.739047492571355,12.0,-0.001821167230078012,0.0006731891853974199,0.0006731871782417792,0.001145658792623841,2.564573809698908e-06,-0.0006731891853974178
3,0.0026694100469555043,11.45658547242427,-2.011224146682182,-12.0,-8.745149068476874,12.0,-0.001821371711301401,0.0006733924921794707,0.0006733904809553226,0.001145658547242427,2.565993632322556e-06,-0.0006733924921794691
3,0.0026696100469555044,11.45658309188685,-2.01528342388043,-12.0,-8.751236834598313,12.0,-0.001821572898456608,0.0006735953410717901,0.0006735933257883643,0.001145658309188685,2.564569949105308e-06,-0.0006735953410717882
3,0.0026698100469555045,11.45658064933433,-2.01933350888003,-12.0,-8.757310781322296,12.0,-0.001821776458853603,0.0006737977272442282,0.0006737957079107178,0.001145658064933433,2.565988429255495e-06,-0.0006737977272442267
3,0.0026700100469555046,11.4565782799924,-2.023374350211675,-12.0,-8.763370899057215,12.0,-0.001821976727239901,0.000673999654884556,0.0006739976315102038,0.00114565782799924,2.564566108739605e-06,-0.0006739996548845539
3,0.0026702100469555047,11.45657584871291,-2.027405986544651,-12.0,-8.769417178233297,12.0,-0.001822179365534992,0.0006742011191688661,0.0006741990917628781,0.001145657584871291,2.565983247867115e-06,-0.0006742011191688647
3,0.002670410046955505,11.45657349057799,-2.031428366486681,-12.0,-8.77544960930268,12.0,-0.001822378713874833,0.0006744021242816019,0.0006744000928532334,0.001145657349057799,2.564562288630686e-06,-0.0006744021242815999
3,0.002670610046955505,11.45657107058289,-2.035441528688374,-12.0,-8.781468182739296,12.0,-0.001822580428798391,0.0006746026654050936,0.0006746006299635634,0.00114565710705829,2.565978088183779e-06,-0.0006746026654050923
3,0.002670810046955505,11.45656872366643,-2.039445421834399,-12.0,-8.78747288903903,12.0,-0.001822778855822714,0.0006748027467204653,0.0006748007072750413,0.001145656872366643,2.56455848880734e-06,-0.0006748027467204631
3,0.002671010046955505,11.45656631496705,-2.043440084556828,-12.0,-8.793463718719613,12.0,-0.001822979646110172,0.0006750023634162799,0.0006750003199761938,0.001145656631496705,2.565972950231982e-06,-0.0006750023634162786
3,0.0026712100469555053,11.45656397928043,-2.047425465617212,-12.0,-8.799440662320691,12.0,-0.001823177150554593,0.00067520151967035,0.0006751994722448823,0.001145656397928043,2.564554709298251e-06,-0.0006752015196703479
3,0.0026714100469555054,11.45656158188801,-2.051401603629231,-12.0,-8.80540371040389,12.0,-0.001823377014947147,0.0006754002106774676,0.0006753981592758623,0.001145656158188801,2.565967834038089e-06,-0.000675400210677466
3,0.0026716100469555055,11.4565592574426,-2.055368447431298,-12.0,-8.811352853552723,12.0,-0.001823573595553523,0.0006755984406121446,0.0006755963852436951,0.00114565592574426,2.564550950132086e-06,-0.0006755984406121425
3,0.0026718100469555056,11.45655687136834,-2.059326035618761,-12.0,-8.817288082372666,12.0,-0.001823772532798812,0.0006757962046753919,0.0006757941453493549,0.001145655687136834,2.565962739627851e-06,-0.0006757962046753906
3,0.0026720100469555057,11.45655455817541,-2.063274317106894,-12.0,-8.823209387491216,12.0,-0.001823968188314183,0.0006759935070384343,0.000675991443764115,0.001145655455817541,2.564547211337441e-06,-0.0006759935070384323
3,0.002672210046955506,11.45655218343044,-2.067213330472857,-12.0,-8.829116759557808,12.0,-0.001824166197165525,0.0006761903429084965,0.0006761882756951646,0.001145655218343044,2.565957667027527e-06,-0.0006761903429084951
3,0.002672410046955506,11.45654988150121,-2.071143024708682,-12.0,-8.835010189243878,12.0,-0.001824360926343721,0.0006763867164535216,0.0006763846453104949,0.001145654988150121,2.564543492942306e-06,-0.0006763867164535196
3,0.002672610046955506,11.45654751809661,-2.075063438373479,-12.0,-8.84088966724291,12.0,-0.001824558005559609,0.0006765826228869447,0.0006765805478235047,0.001145654751809661,2.565952616263062e-06,-0.0006765826228869431
3,0.002672810046955506,11.45654522744228,-2.078974520536055,-12.0,-8.846755184270426,12.0,-0.001824751807159684,0.000676778066373439,0.0006767759873989167,0.001145654522744228,2.564539794975183e-06,-0.0006767780663734371
3,0.0026730100469555063,11.45654287538907,-2.082876309737549,-12.0,-8.852606731063958,12.0,-0.001824947955505624,0.0006769730421326424,0.0006769709592563311,0.001145654287538907,2.565947587359985e-06,-0.0006769730421326409
3,0.0026732100469555064,11.45654059602073,-2.086768755123452,-12.0,-8.858444298383093,12.0,-0.001825140828292373,0.0006771675543259662,0.000677165467557209,0.001145654059602073,2.564536117463917e-06,-0.0006771675543259643
3,0.0026734100469555065,11.45653825532989,-2.090651895217104,-12.0,-8.864267877009555,12.0,-0.00182533604453976,0.0006773615981792466,0.0006773595075273499,0.00114565382553299,2.565942580344241e-06,-0.0006773615981792452
3,0.0026736100469555066,11.45653598725859,-2.09452567924067,-12.0,-8.870077457747096,12.0,-0.001825527987283677,0.0006775551778506446,0.0006775530833249633,0.001145653598725859,2.56453246043643e-06,-0.0006775551778506426
3,0.0026738100469555067,11.45653365794104,-2.098390145699737,-12.0,-8.875873031421582,12.0,-0.001825722270208635,0.0006777482885721859,0.0006777461901820389,0.001145653365794104,2.565937595241279e-06,-0.0006777482885721845
3,0.002674010046955507,11.45653140117779,-2.102245243893141,-12.0,-8.881654588881045,12.0,-0.001825913281687638,0.0006779409344987924,0.0006779388322535465,0.001145653140117779,2.564528823920457e-06,-0.0006779409344987904
3,0.002674210046955507,11.45652908324436,-2.106091012308862,-12.0,-8.887422120995597,12.0,-0.001826106630071783,0.0006781331108686751,0.0006781310047776612,0.001145652908324436,2.565932632076369e-06,-0.0006781331108686735
3,0.002674410046955507,11.4565268378001,-2.109927400322299,-12.0,-8.893175618657503,12.0,-0.001826296709068195,0.0006783248218335226,0.0006783227119061201,0.00114565268378001,2.564525207943784e-06,-0.0006783248218335205
3,0.002674610046955507,11.4565245312616,-2.113754446403981,-12.0,-8.898915072781238,12.0,-0.001826489121701499,0.0006785160626377271,0.0006785139488832791,0.00114565245312616,2.565927690874812e-06,-0.0006785160626377256
3,0.0026748100469555073,11.45652229714722,-2.117572100005861,-12.0,-8.904640474303402,12.0,-0.001826678267004191,0.000678706837429756,0.0006787047198576542,0.001145652229714722,2.564521612533785e-06,-0.0006787068374297542
3,0.0026750100469555074,11.45652000201439,-2.121380399581068,-12.0,-8.91035181418279,12.0,-0.001826869742680185,0.0006788971414601737,0.0006788950200797727,0.001145652000201439,2.56592277166162e-06,-0.0006788971414601723
3,0.0026752100469555075,11.45651777924071,-2.12517929465809,-12.0,-8.916049083400434,12.0,-0.001827057953082812,0.0006790869788742365,0.0006790848536949398,0.001145651777924071,2.564518037718015e-06,-0.0006790869788742345
3,0.0026754100469555077,11.45651549552422,-2.128968823672834,-12.0,-8.921732272959598,12.0,-0.00182724849060232,0.0006792763449286779,0.0006792742159598528,0.001145651549552422,2.565917874461838e-06,-0.0006792763449286765
3,0.0026756100469555078,11.45651328410201,-2.132748936230214,-12.0,-8.92740137388569,12.0,-0.001827435764906158,0.0006794652437655497,0.0006794631110166114,0.001145651328410201,2.564514483523684e-06,-0.0006794652437655475
3,0.002675810046955508,11.4565110118125,-2.136519670748994,-12.0,-8.933056377226452,12.0,-0.001827625363075213,0.0006796536706477471,0.000679651534128075,0.00114565110118125,2.565912999300302e-06,-0.0006796536706477458
3,0.002676010046955508,11.45650881175249,-2.140280976910589,-12.0,-8.938697274051895,12.0,-0.00182781170008637,0.0006798416297141327,0.0006798394894331538,0.001145650881175249,2.564510949977764e-06,-0.0006798416297141307
3,0.002676210046955508,11.45650655090052,-2.14403289311668,-12.0,-8.944324055454214,12.0,-0.001828000357716759,0.0006800291162337546,0.0006800269722008601,0.001145650655090052,2.565908146201919e-06,-0.0006800291162337534
3,0.0026764100469555082,11.45650436221334,-2.147775369125076,-12.0,-8.949936712547979,12.0,-0.001828185756247524,0.0006802161343422924,0.0006802139865669211,0.001145650436221334,2.564507437107453e-06,-0.0006802161343422903
3,0.0026766100469555083,11.45650211280944,-2.151508443320605,-12.0,-8.955535236470059,12.0,-0.001828373472158023,0.0006804026793149468,0.0006804005278065021,0.001145650211280944,2.565903315191105e-06,-0.0006804026793149454
3,0.0026768100469555084,11.45649993550571,-2.155232065537393,-12.0,-8.9611196183796,12.0,-0.001828557931026531,0.0006805887552842227,0.0006805866000521552,0.001145649993550571,2.564503944939343e-06,-0.0006805887552842207
3,0.0026770100469555086,11.45649769756031,-2.158946274143462,-12.0,-8.96668984945809,12.0,-0.001828744704040663,0.0006807743575314642,0.0006807721985851886,0.001145649769756031,2.565898506292307e-06,-0.0006807743575314629
3,0.0026772100469555087,11.45649553165057,-2.162651019049284,-12.0,-8.972245920909401,12.0,-0.001828928222071289,0.0006809594901860136,0.0006809573275349924,0.001145649553165057,2.564500473500534e-06,-0.0006809594901860119
3,0.002677410046955509,11.45649330517408,-2.166346338606199,-12.0,-8.977787823959725,12.0,-0.001829114051019018,0.000681144148535354,0.0006811419821890138,0.001145649330517408,2.565893719530048e-06,-0.0006811441485353525
3,0.002677610046955509,11.4564911506688,-2.17003218280093,-12.0,-8.983315549857625,12.0,-0.001829296627042105,0.0006813283367056715,0.0006813261666734868,0.00114564911506688,2.564497022817254e-06,-0.0006813283367056695
3,0.002677810046955509,11.45648893567157,-2.173708589968272,-12.0,-8.988829089874095,12.0,-0.001829481510759081,0.0006815120499905836,0.0006815098762819922,0.001145648893567157,2.565888954928421e-06,-0.0006815120499905823
3,0.002678010046955509,11.45648679258119,-2.177375510171194,-12.0,-8.99432843530249,12.0,-0.001829663143611386,0.0006816952925131315,0.0006816931151376194,0.001145648679258119,2.564493592915921e-06,-0.0006816952925131297
3,0.0026782100469555092,11.4564845890735,-2.181032981728009,-12.0,-8.999813577458578,12.0,-0.001829847080939801,0.0006818780595730583,0.0006818758785400753,0.00114564845890735,2.565884212511528e-06,-0.0006818780595730569
3,0.0026784100469555094,11.45648245740839,-2.184680954777895,-12.0,-9.005284507680585,12.0,-0.001830027769461748,0.000682060355290271,0.0006820581706093143,0.001145648245740839,2.564490183823167e-06,-0.0006820603552902691
3,0.0026786100469555095,11.45648026540045,-2.188319467622863,-12.0,-9.010741217329198,12.0,-0.001830210759249793,0.000682242174970635,0.0006822399866511658,0.001145648026540045,2.565879492303418e-06,-0.0006822421749706335
3,0.0026788100469555096,11.45647814517093,-2.191948470478194,-12.0,-9.016183697787461,12.0,-0.001830390502290294,0.0006824235227309288,0.0006824213307824562,0.001145647814517093,2.564486795565032e-06,-0.0006824235227309268
3,0.0026790100469555097,11.45647596467293,-2.195568001629673,-12.0,-9.021611940460993,12.0,-0.001830572543391624,0.0006826043938831333,0.0006826021983151304,0.001145647596467293,2.565874794327742e-06,-0.0006826043938831319
3,0.00267921004695551,11.45647385588925,-2.199178011368762,-12.0,-9.02702593677788,12.0,-0.001830751339804664,0.0006827847925409138,0.0006827825933629004,0.001145647385588925,2.564483428167412e-06,-0.0006827847925409119
3,0.00267941004695551,11.45647168691129,-2.202778537965068,-12.0,-9.032425678188629,12.0,-0.001830932431078804,0.0006829647140223576,0.0006829625112438182,0.001145647168691129,2.565870118608374e-06,-0.0006829647140223562
3,0.00267961004695551,11.45646958958365,-2.206369531786129,-12.0,-9.037811156166338,12.0,-0.001831110279724894,0.0006831441624380228,0.0006831419560684891,0.001145646958958365,2.564480081656385e-06,-0.0006831441624380209
3,0.00267981004695551,11.4564674321358,-2.209951031085604,-12.0,-9.043182362206618,12.0,-0.001831290420037923,0.0006833231331121028,0.0006833209231610703,0.00114564674321358,2.565865465168651e-06,-0.0006833231331121015
3,0.0026800100469555103,11.45646534627434,-2.213522986307036,-12.0,-9.048539287827587,12.0,-0.001831467319782355,0.0006835016301520571,0.0006834994166290688,0.001145646534627434,2.564476756057778e-06,-0.0006835016301520552
3,0.0026802100469555104,11.4564632003666,-2.21708543568817,-12.0,-9.053881924569913,12.0,-0.001831646508005706,0.0006836796488881756,0.0006836774318027385,0.00114564632003666,2.565860834032197e-06,-0.0006836796488881742
3,0.0026804100469555105,11.4564611259814,-2.220638329748583,-12.0,-9.059210263996873,12.0,-0.001831822457720991,0.0006838571934248309,0.0006838549727864992,0.00114564611259814,2.564473451397026e-06,-0.000683857193424829
3,0.0026806100469555106,11.45645899162371,-2.224181706710237,-12.0,-9.064524297694275,12.0,-0.001832000692732728,0.0006840342590984053,0.0006840320349166971,0.001145645899162371,2.565856225222318e-06,-0.0006840342590984039
3,0.0026808100469555107,11.4564569287248,-2.227715517168635,-12.0,-9.069824017270523,12.0,-0.001832175691297324,0.0006842108500101909,0.0006842086222946717,0.00114564569287248,2.564470167699764e-06,-0.0006842108500101888
3,0.002681010046955511,11.45645480592704,-2.231239799330099,-12.0,-9.075109414356664,12.0,-0.001832352971981066,0.000684386961502658,0.0006843847302628571,0.001145645480592704,2.565851638762272e-06,-0.0006843869615026565
3,0.002681210046955511,11.4564527545244,-2.234754503866053,-12.0,-9.08038048060632,12.0,-0.001832527018278421,0.0006845625976740286,0.000684560362919523,0.00114564527545244,2.564466904991221e-06,-0.0006845625976740268
3,0.002681410046955511,11.45645064329641,-2.238259668967235,-12.0,-9.085637207695745,12.0,-0.001832703343524246,0.0006847377538728524,0.0006847355156131822,0.001145645064329641,2.56584707467479e-06,-0.0006847377538728511
3,0.002681610046955511,11.45644860339995,-2.241755245380967,-12.0,-9.090879587323876,12.0,-0.001832876436444692,0.0006849124341942929,0.0006849101924390457,0.001145644860339994,2.564463663297e-06,-0.000684912434194291
3,0.0026818100469555113,11.45644650375149,-2.24524127128253,-12.0,-9.096107611212252,12.0,-0.001833051805148047,0.0006850866339929735,0.0006850843887517008,0.001145644650375149,2.565842532982989e-06,-0.0006850866339929722
3,0.0026820100469555114,11.45644447537106,-2.248717697495091,-12.0,-9.101321271105139,12.0,-0.00183322394358761,0.0006852603573610068,0.0006852581086433074,0.001145644447537106,2.564460442641878e-06,-0.0006852603573610049
3,0.0026822100469555115,11.45644238731185,-2.252184562178587,-12.0,-9.106520558769427,12.0,-0.001833398354650733,0.0006854335996590853,0.0006854313474745217,0.001145644238731185,2.565838013709584e-06,-0.0006854335996590839
3,0.0026824100469555116,11.45644037045725,-2.255641816231981,-12.0,-9.11170546599476,12.0,-0.001833569537511878,0.0006856063649762797,0.0006856041093344617,0.001145644037045725,2.564457243050925e-06,-0.0006856063649762779
3,0.0026826100469555117,11.45643829399695,-2.259089497799996,-12.0,-9.116875984593447,12.0,-0.001833742989842558,0.0006857786486793465,0.0006857763895898474,0.001145643829399695,2.565833516877321e-06,-0.0006857786486793451
3,0.002682810046955512,11.45643628867793,-2.262527557857319,-12.0,-9.122032106400521,12.0,-0.001833913216033418,0.0006859504548543223,0.0006859481923267623,0.001145643628867793,2.564454064548833e-06,-0.0006859504548543204
3,0.002683010046955512,11.45643422382614,-2.265956034533581,-12.0,-9.127173823273788,12.0,-0.001834085708545944,0.0006861217788740222,0.0006861195129179861,0.001145643422382614,2.565829042508762e-06,-0.0006861217788740207
3,0.002683210046955512,11.45643223005238,-2.269374878879189,-12.0,-9.132301127093763,12.0,-0.001834254976980731,0.0006862926248214592,0.0006862903554465784,0.001145643223005238,2.564450907160436e-06,-0.0006862926248214574
3,0.002683410046955512,11.45643017681864,-2.272784129008736,-12.0,-9.137414009763717,12.0,-0.001834426508594576,0.0006864629880754996,0.0006864607152913688,0.001145643017681864,2.56582459062613e-06,-0.0006864629880754981
3,0.0026836100469555123,11.45642819459977,-2.276183736048331,-12.0,-9.14251246320974,12.0,-0.001834594818193818,0.0006866328727161429,0.0006866305965324049,0.001145642819459977,2.564447770910285e-06,-0.000686632872716141
3,0.0026838100469555124,11.45642615299358,-2.279573738097662,-12.0,-9.147596479380663,12.0,-0.001834765387835308,0.0006868022741283016,0.000686799994554562,0.001145642615299358,2.565820161251725e-06,-0.0006868022741283002
3,0.0026840100469555125,11.45642418233915,-2.282954086358453,-12.0,-9.152666050248119,12.0,-0.001834932737525595,0.0006869711963889687,0.0006869689134348803,0.001145642418233915,2.564444655822706e-06,-0.0006869711963889666
3,0.0026842100469555126,11.45642215236994,-2.286324818915621,-12.0,-9.157721167806589,12.0,-0.001835102344127053,0.0006871396348890981,0.0006871373485642778,0.001145642215236993,2.565815754407834e-06,-0.0006871396348890968
3,0.0026844100469555127,11.45642019328949,-2.289685887046474,-12.0,-9.162761824073325,12.0,-0.001835268732840375,0.0006873075937026871,0.000687305304016798,0.001145642019328948,2.564441561922043e-06,-0.0006873075937026851
3,0.002684610046955513,11.45641817496661,-2.293037328821252,-12.0,-9.167788011088472,12.0,-0.001835437375340739,0.0006874750682267234,0.0006874727751893931,0.001145641817496661,2.565811370116057e-06,-0.000687475068226722
3,0.002684810046955513,11.45641622746959,-2.296379095592818,-12.0,-9.172799720914979,12.0,-0.001835602802015287,0.000687642062532218,0.0006876397661531204,0.001145641622746959,2.564438489232599e-06,-0.0006876420625322161
3,0.002685010046955513,11.45641422080237,-2.299711225416811,-12.0,-9.17779694563866,12.0,-0.001835770479357605,0.0006878085720221862,0.0006878062723109593,0.001145641422080237,2.565807008398554e-06,-0.0006878085720221849
3,0.002685210046955513,11.45641228489818,-2.303033669721635,-12.0,-9.18277967736824,12.0,-0.001835934942938751,0.0006879746007646626,0.0006879722977309909,0.001145641228489818,2.564435437778212e-06,-0.0006879746007646605
3,0.0026854100469555133,11.45641028989589,-2.306346466548455,-12.0,-9.187747908235295,12.0,-0.001836101654074303,0.0006881401441686852,0.0006881378378222173,0.001145641028989589,2.565802669276947e-06,-0.000688140144168684
3,0.0026856100469555134,11.45640836559386,-2.309649567401127,-12.0,-9.192701630394295,12.0,-0.001836265153513165,0.0006883052062993187,0.0006883028966497493,0.001145640836559386,2.564432407582624e-06,-0.0006883052062993168
3,0.0026858100469555135,11.45640638226569,-2.312943010306476,-12.0,-9.197640836022662,12.0,-0.001836430897397586,0.00068846978257162,0.0006884674696286083,0.001145640638226569,2.565798352773128e-06,-0.0006884697825716187
3,0.0026860100469555137,11.45640446957511,-2.316226746843779,-12.0,-9.202565517320693,12.0,-0.001836593431650749,0.0006886338770476933,0.0006886315608209446,0.001145640446957511,2.564429398669771e-06,-0.0006886338770476914
3,0.0026862100469555138,11.45640249793021,-2.319500815025607,-12.0,-9.207475666511666,12.0,-0.001836758207247335,0.0006887974851486072,0.0006887951656477908,0.001145640249793021,2.565794058908105e-06,-0.000688797485148606
3,0.002686410046955514,11.45640059686031,-2.322765166506629,-12.0,-9.212371275841763,12.0,-0.001836919775277217,0.0006889606109335154,0.0006889582881683469,0.001145640059686031,2.564426411063365e-06,-0.0006889606109335134
3,0.002686610046955514,11.45639863690776,-2.326019839285266,-12.0,-9.217252337580174,12.0,-0.001837083581554975,0.0006891232498294922,0.0006891209238096515,0.001145639863690776,2.565789787703505e-06,-0.0006891232498294908
3,0.002686810046955514,11.45639674746771,-2.329264785091542,-12.0,-9.222118844019022,12.0,-0.001837244182331295,0.0006892854058927498,0.0006892830766279628,0.001145639674746771,2.5644234447866e-06,-0.000689285405892748
3,0.0026870100469555142,11.45639479921656,-2.332500041909812,-12.0,-9.226970787473416,12.0,-0.001837407018264073,0.0006894470745563618,0.0006894447420563185,0.001145639479921656,2.565785539180259e-06,-0.0006894470745563604
3,0.0026872100469555143,11.45639292141547,-2.335725561545434,-12.0,-9.231808160281501,12.0,-0.001837566650761883,0.0006896082598736086,0.0006896059241480451,0.001145639292141547,2.564420499863056e-06,-0.0006896082598736067
3,0.0026874100469555144,11.45639098487467,-2.338941381968825,-12.0,-9.236630954804394,12.0,-0.001837728515331232,0.0006897689572835583,0.0006897666183421748,0.001145639098487467,2.565781313359649e-06,-0.0006897689572835569
3,0.0026876100469555146,11.4563891187216,-2.342147455060586,-12.0,-9.241439163426229,12.0,-0.001837887178531821,0.0006899291708365662,0.0006899268286891092,0.00114563891187216,2.564417576315706e-06,-0.0006899291708365643
3,0.0026878100469555147,11.45638719390008,-2.345343818777324,-12.0,-9.246232778554216,12.0,-0.001838048070724993,0.0006900888959776905,0.0006900865506338703,0.001145638719390008,2.565777110262608e-06,-0.0006900888959776891
3,0.002688010046955515,11.45638533940403,-2.348530425074869,-12.0,-9.251011792618568,12.0,-0.001838205763615678,0.0006902481367543717,0.0006902457882239448,0.001145638533940403,2.564414674167741e-06,-0.00069024813675437
3,0.002688210046955515,11.45638342631065,-2.351707311896074,-12.0,-9.255776198072557,12.0,-0.001838365682425637,0.0006904068886176495,0.0006904045369103363,0.001145638342631065,2.565772929909776e-06,-0.0006904068886176483
3,0.002688410046955515,11.45638158348054,-2.354874431271983,-12.0,-9.260525987392562,12.0,-0.001838522404000974,0.0006905651556120597,0.0006905628007376264,0.001145638158348055,2.564411793441881e-06,-0.0006905651556120579
3,0.002688610046955515,11.45637968212412,-2.358031821131823,-12.0,-9.265261153078004,12.0,-0.001838681348426297,0.0006907229331946194,0.000690720575162797,0.001145637968212412,2.565768772322092e-06,-0.0006907229331946182
3,0.0026888100469555152,11.45637785096885,-2.361179433581759,-12.0,-9.2699816876514,12.0,-0.001838837097684897,0.0006908802254069659,0.0006908778642275305,0.001145637785096885,2.564408934161078e-06,-0.0006908802254069642
3,0.0026890100469555154,11.45637596135811,-2.364317306537512,-12.0,-9.27468758365839,12.0,-0.001838995066732326,0.0006910370277120891,0.0006910346633947811,0.001145637596135811,2.565764637519926e-06,-0.0006910370277120878
3,0.0026892100469555155,11.45637414188651,-2.367445392180383,-12.0,-9.279378833667751,12.0,-0.001839149842680568,0.0006911933441487388,0.0006911909767033447,0.001145637414188651,2.564406096347868e-06,-0.000691193344148737
3,0.0026894100469555156,11.45637226403015,-2.370563728412632,-12.0,-9.284055430271307,12.0,-0.001839306835361236,0.0006913491701858688,0.0006913467996221391,0.001145637226403015,2.565760525523626e-06,-0.0006913491701858675
3,0.0026896100469555157,11.45637045625098,-2.37367226749062,-12.0,-9.288717366084096,12.0,-0.001839460637011544,0.0006915045098593495,0.0006915021361870801,0.001145637045625098,2.564403280024935e-06,-0.0006915045098593476
3,0.002689810046955516,11.45636859015764,-2.376771047303341,-12.0,-9.293364633744304,12.0,-0.001839616652342805,0.0006916593586440976,0.0006916569818730489,0.001145636859015764,2.565756436353486e-06,-0.0006916593586440963
3,0.002690010046955516,11.45636679407962,-2.379860020182156,-12.0,-9.297997225913244,12.0,-0.001839769478713088,0.0006918137205731107,0.0006918113407130886,0.001145636679407962,2.564400485214371e-06,-0.0006918137205731088
3,0.002690210046955516,11.45636493975785,-2.382939224002827,-12.0,-9.302615135275408,12.0,-0.001839924515719864,0.0006919675911272594,0.000691965208188034,0.001145636493975785,2.565752370029654e-06,-0.0006919675911272581
3,0.002690410046955516,11.45636315538963,-2.386008611171722,-12.0,-9.307218354538513,12.0,-0.001840076365834307,0.000692120974336681,0.0006921185883280678,0.001145636315538963,2.564397711938593e-06,-0.0006921209743366792
3,0.0026906100469555163,11.45636131284798,-2.3890682195515,-12.0,-9.311806876433435,12.0,-0.001840230423546723,0.0006922738656881946,0.0006922714766199739,0.001145636131284798,2.565748326572089e-06,-0.0006922738656881935
3,0.0026908100469555164,11.45635954019816,-2.392118001623441,-12.0,-9.316380693714258,12.0,-0.001840381296435661,0.0006924262692090836,0.00069242387709108,0.001145635954019816,2.564394960219793e-06,-0.0006924262692090818
3,0.0026910100469555165,11.45635770944507,-2.395157995237225,-12.0,-9.320939799158326,12.0,-0.001840534373889455,0.0006925781803921113,0.0006925757852341148,0.001145635770944507,2.56574430600063e-06,-0.0006925781803921101
3,0.0026912100469555166,11.45635594852219,-2.398188152949035,-12.0,-9.325484185566177,12.0,-0.001840684268590745,0.000692729603261716,0.0006927272050735612,0.001145635594852219,2.56439223007955e-06,-0.0006927296032617143
3,0.0026914100469555167,11.45635412956607,-2.401208512595622,-12.0,-9.330013845761592,12.0,-0.00184083636482867,0.0006928805333165982,0.0006928781321080844,0.001145635412956607,2.56574030833509e-06,-0.000692880533316597
3,0.002691610046955517,11.45635238037861,-2.40421902680804,-12.0,-9.334528772591632,12.0,-0.001840985280384528,0.0006930309745783612,0.0006930285703593323,0.001145635238037861,2.564389521540072e-06,-0.0006930309745783593
3,0.002691810046955517,11.4563505732278,-2.407219733410266,-12.0,-9.339028958926635,12.0,-0.001841136394455169,0.0006931809225516382,0.0006931785153319034,0.00114563505732278,2.565736333595015e-06,-0.000693180922551637
3,0.002692010046955517,11.4563488357842,-2.41021058510813,-12.0,-9.343514397660144,12.0,-0.001841284329914834,0.0006933303812552034,0.0006933279710446163,0.00114563488357842,2.564386834622806e-06,-0.0006933303812552014
3,0.002692210046955517,11.456347040447,-2.413191619712909,-12.0,-9.347985081709062,12.0,-0.001841434460873096,0.0006934793461996166,0.0006934769330079956,0.0011456347040447,2.565732381799729e-06,-0.0006934793461996153
3,0.0026924100469555173,11.45634531475561,-2.41616279000526,-12.0,-9.352441004013595,12.0,-0.001841581415292496,0.0006936278214008354,0.0006936254052380434,0.001145634531475561,2.564384169349298e-06,-0.0006936278214008336
3,0.0026926100469555174,11.45634353124025,-2.419124133783814,-12.0,-9.356882157537184,12.0,-0.001841730562199158,0.0006937758023753384,0.0006937733832512032,0.001145634353124025,2.565728452968688e-06,-0.000693775802375337
3,0.0026928100469555175,11.45634181730939,-2.422075603903957,-12.0,-9.361308535266668,12.0,-0.00184187653463985,0.000693923293136273,0.0006939208710606673,0.001145634181730939,2.564381525741052e-06,-0.0006939232931362712
3,0.0026930100469555176,11.45634004562405,-2.425017238151871,-12.0,-9.365720130212212,12.0,-0.001842024696562433,0.0006940702892060353,0.0006940678641887959,0.001145634004562405,2.565724547121138e-06,-0.0006940702892060341
3,0.0026932100469555177,11.45633834346197,-2.427948989457587,-12.0,-9.370116935407259,12.0,-0.001842169686091769,0.000694216794594969,0.0006942143666459776,0.001145633834346197,2.564378903819167e-06,-0.0006942167945949672
3,0.002693410046955518,11.45633658361476,-2.430870895594895,-12.0,-9.374498943908678,12.0,-0.001842316862103993,0.0006943628048313796,0.0006943603739604828,0.001145633658361476,2.565720664276058e-06,-0.0006943628048313784
3,0.002693610046955518,11.45633489322966,-2.433782909568513,-12.0,-9.378866148796694,12.0,-0.001842460867796223,0.00069450832392282,0.0006945058901399086,0.001145633489322966,2.564376303604773e-06,-0.0006945083239228181
3,0.002693810046955518,11.45633314522865,-2.43668506913991,-12.0,-9.383218543174879,12.0,-0.001842607056977676,0.0006946533474034983,0.0006946509107184279,0.001145633314522865,2.565716804452321e-06,-0.000694653347403497
3,0.002694010046955518,11.45633146662866,-2.439577327388393,-12.0,-9.387556120170196,12.0,-0.001842750077912871,0.0006947978792781822,0.0006947954397008529,0.001145633146662866,2.56437372511905e-06,-0.0006947978792781802
3,0.0026942100469555183,11.45632973048185,-2.442459722063264,-12.0,-9.391878872933043,12.0,-0.001842895279349597,0.0006949419150869792,0.0006949394726272558,0.001145632973048185,2.565712967668812e-06,-0.000694941915086978
3,0.0026944100469555184,11.45632806367507,-2.445332206318399,-12.0,-9.396186794637195,12.0,-0.001843037314614571,0.0006950854588318816,0.0006950830134996735,0.001145632806367507,2.564371168382639e-06,-0.0006950854588318796
3,0.0026946100469555185,11.45632633939041,-2.448194817890969,-12.0,-9.400479878479839,12.0,-0.001843181527398768,0.0006952285060588883,0.0006952260578640689,0.001145632633939041,2.565709153944064e-06,-0.0006952285060588871
3,0.0026948100469555186,11.45632468438485,-2.451047510009406,-12.0,-9.404758117681636,12.0,-0.001843322576085934,0.0006953710607672248,0.000695368609719713,0.001145632468438485,2.564368633416413e-06,-0.000695371060767223
3,0.0026950100469555188,11.45632297197023,-2.453890320398887,-12.0,-9.409021505486649,12.0,-0.001843465799316112,0.0006955131185087776,0.0006955106646184559,0.001145632297197023,2.565705363296543e-06,-0.0006955131185087762
3,0.002695210046955519,11.45632132877387,-2.456723202362293,-12.0,-9.413270035162396,12.0,-0.001843605860524619,0.0006956546832800123,0.000695652226556808,0.001145632132877387,2.564366120240619e-06,-0.0006956546832800105
3,0.002695410046955519,11.45631962823712,-2.459546193612923,-12.0,-9.417503699999882,12.0,-0.001843748093305281,0.0006957957506386972,0.0006957932910925022,0.001145631962823712,2.565701595744852e-06,-0.0006957957506386959
3,0.002695610046955519,11.45631799685786,-2.462359247528124,-12.0,-9.421722493313592,12.0,-0.001843887166140099,0.0006959363245785486,0.0006959338622192991,0.001145631799685786,2.564363628876008e-06,-0.0006959363245785468
3,0.002695810046955519,11.45631630820676,-2.465162401809356,-12.0,-9.425926408441432,12.0,-0.00184402840758211,0.000696076400663209,0.0006960739355008058,0.001145631630820676,2.565697851307159e-06,-0.0006960764006632076
3,0.0026960100469555193,11.45631468865246,-2.467955609908359,-12.0,-9.430115438744869,12.0,-0.001844166491155221,0.0006962159828836528,0.0006962135149280411,0.001145631468865246,2.5643611593426e-06,-0.000696215982883651
3,0.0026962100469555194,11.45631301189473,-2.470738909514934,-12.0,-9.434289577608862,12.0,-0.001844306740375552,0.000696355066809394,0.0006963525960704831,0.001145631301189473,2.565694130001363e-06,-0.0006963550668093928
3,0.0026964100469555195,11.45631140417318,-2.473512254155156,-12.0,-9.438448818441866,12.0,-0.001844443833804743,0.0006964936564286729,0.0006964911829164168,0.001145631140417318,2.564358711660751e-06,-0.0006964936564286711
3,0.0026966100469555197,11.45630973931648,-2.476275681507203,-12.0,-9.44259315467586,12.0,-0.001844583089927075,0.0006966317473168671,0.0006966292710411842,0.001145630973931648,2.5656904318457e-06,-0.0006966317473168658
3,0.0026968100469555198,11.45630814343543,-2.479029145171486,-12.0,-9.446722579766394,12.0,-0.001844719192335797,0.0006967693434594925,0.0006967668644303456,0.001145630814343543,2.564356285850169e-06,-0.0006967693434594909
3,0.00269701004695552,11.45630649048736,-2.481772682814682,-12.0,-9.450837087192532,12.0,-0.001844857454490255,0.0006969064404377862,0.0006969039586651023,0.001145630649048736,2.565686756857743e-06,-0.000696906440437785
3,0.00269721004695552,11.45630490645448,-2.484506248111447,-12.0,-9.454936670456892,12.0,-0.001844992565008807,0.0006970430422345462,0.0006970405577282963,0.001145630490645448,2.564353881931021e-06,-0.0006970430422345445
3,0.00269741004695552,11.4563032654226,-2.487229878717074,-12.0,-9.459021323085699,12.0,-0.001845129832330735,0.0006971791444368636,0.0006971766572069838,0.00114563032654226,2.565683105055605e-06,-0.0006971791444368626
3,0.0026976100469555202,11.45630169324551,-2.489943528380449,-12.0,-9.463091038628713,12.0,-0.001845263950096154,0.0006973147510248281,0.0006973122610812979,0.001145630169324551,2.564351499922824e-06,-0.0006973147510248264
3,0.0026978100469555203,11.45630006413731,-2.492647234745522,-12.0,-9.467145810659286,12.0,-0.001845400221728423,0.0006974498575913775,0.0006974473649441417,0.001145630006413731,2.565679476456438e-06,-0.0006974498575913764
3,0.0026980100469555205,11.45629850382358,-2.4953409516354,-12.0,-9.471185632774407,12.0,-0.001845533345883097,0.0006975844681139027,0.0006975819727729492,0.001145629850382358,2.564349139845136e-06,-0.0006975844681139007
3,0.0026982100469555206,11.45629688664649,-2.498024716682805,-12.0,-9.47521049859462,12.0,-0.001845668620973448,0.0006977185781911828,0.0006977160801664647,0.001145629688664649,2.565675871077855e-06,-0.0006977185781911816
3,0.0026984100469555207,11.45629533820364,-2.500698483784983,-12.0,-9.479220401764133,12.0,-0.001845800750667142,0.0006978521917979167,0.0006978496910994311,0.001145629533820364,2.564346801717633e-06,-0.000697852191797915
3,0.002698610046955521,11.45629373296503,-2.503362290563554,-12.0,-9.483215335950755,12.0,-0.001845935028370969,0.0006979853045387212,0.0006979828011764294,0.001145629373296504,2.565672288937074e-06,-0.0006979853045387201
3,0.002698810046955521,11.4562921964005,-2.50601609098984,-12.0,-9.487195294845923,12.0,-0.001846066162758171,0.0006981179203856102,0.0006981154143695171,0.00114562921964005,2.564344485559265e-06,-0.0006981179203856084
3,0.002699010046955521,11.45629060310771,-2.508659922674456,-12.0,-9.491160272164766,12.0,-0.00184619944223637,0.0006982500349490323,0.0006982475262891084,0.001145629060310771,2.565668730051394e-06,-0.0006982500349490311
3,0.002699210046955521,11.4562890784289,-2.511293739662781,-12.0,-9.495110261646019,12.0,-0.001846329580479491,0.0006983816521983257,0.0006983791409045841,0.00114562890784289,2.564342191389448e-06,-0.0006983816521983239
3,0.0026994100469555212,11.45628749708917,-2.513917579554499,-12.0,-9.499045257052131,12.0,-0.001846461860899875,0.0006985127677497644,0.0006985102538321836,0.001145628749708917,2.565665194437517e-06,-0.0006985127677497633
3,0.0026996100469555214,11.45628598430343,-2.516531396469014,-12.0,-9.502965252169199,12.0,-0.001846591002166547,0.0006986433855700202,0.000698640869038622,0.001145628598430343,2.564339919227169e-06,-0.0006986433855700185
3,0.0026998100469555215,11.45628441492397,-2.519135227995158,-12.0,-9.506870240807,12.0,-0.00184672228270241,0.0006987735012811856,0.0006987709821459562,0.001145628441492397,2.56566168211247e-06,-0.0006987735012811843
3,0.0027000100469555216,11.45628291403856,-2.521729028326324,-12.0,-9.51076021679905,12.0,-0.001846850426167211,0.0006989031188472743,0.0006989005971182442,0.001145628291403856,2.564337669091493e-06,-0.0006989031188472726
3,0.0027002100469555217,11.45628135662653,-2.524312835040613,-12.0,-9.514635174002533,12.0,-0.001846980705998799,0.0006990322338961934,0.000699029709583357,0.001145628135662653,2.565658193092897e-06,-0.0006990322338961921
3,0.002700410046955522,11.45627986764868,-2.526886602405327,-12.0,-9.518495106298353,12.0,-0.001847107850842196,0.0006991608503893044,0.0006991583235027001,0.001145627986764867,2.564335441000741e-06,-0.0006991608503893027
3,0.002700610046955522,11.45627832221116,-2.52945036798794,-12.0,-9.52234000759117,12.0,-0.001847237129155451,0.0006992889639603243,0.0006992864345099551,0.001145627832221116,2.565654727395798e-06,-0.0006992889639603231
3,0.002700810046955522,11.45627684514803,-2.53200408612964,-12.0,-9.526169871809339,12.0,-0.001847363274564456,0.0006994165785679718,0.0006994140465638837,0.001145627684514804,2.564333234973621e-06,-0.00069941657856797
3,0.002701010046955522,11.45627531169207,-2.534547794387351,-12.0,-9.529984692905005,12.0,-0.001847491550552943,0.0006995436898517666,0.0006995411553039709,0.001145627531169207,2.565651285037354e-06,-0.0006995436898517654
3,0.0027012100469555223,11.45627384655078,-2.537081447176113,-12.0,-9.533784464854032,12.0,-0.001847616695720967,0.0006996703017677936,0.0006996677646863446,0.001145627384655078,2.564331051028655e-06,-0.0006996703017677919
3,0.0027014100469555224,11.45627232508334,-2.539605082042374,-12.0,-9.53756918165605,12.0,-0.001847743968582732,0.0006997964099613689,0.0006997938703562856,0.001145627232508334,2.565647866033829e-06,-0.0006997964099613676
3,0.0027016100469555225,11.45627087187093,-2.542118653474997,-12.0,-9.541338837334498,12.0,-0.001847868112708918,0.000699922018385952,0.0006999194762672966,0.001145627087187093,2.564328889184281e-06,-0.0006999220183859502
3,0.0027018100469555226,11.45626936239894,-2.54462219901007,-12.0,-9.545093425936566,12.0,-0.001847994381649603,0.0007000471226926509,0.0007000445780704507,0.001145626936239894,2.565644470401551e-06,-0.0007000471226926496
3,0.0027020100469555227,11.45626792112242,-2.547115673210191,-12.0,-9.54883294153323,12.0,-0.001848117523941059,0.0007001717268323055,0.0007001691797166306,0.001145626792112242,2.56432674945835e-06,-0.0007001717268323038
3,0.002702210046955523,11.45626642365273,-2.549599113601204,-12.0,-9.55255737821931,12.0,-0.001848242788172103,0.0007002958264618118,0.0007002932768626969,0.001145626642365273,2.565641098156375e-06,-0.0007002958264618106
3,0.002702410046955523,11.45626499431903,-2.552072474819424,-12.0,-9.5562667301134,12.0,-0.001848364927840197,0.0007004194255293991,0.0007004168734569227,0.001145626499431903,2.564324631869204e-06,-0.0007004194255293976
3,0.002702610046955523,11.45626350885846,-2.554535794380496,-12.0,-9.559960991357917,12.0,-0.001848489186579568,0.0007005425196977436,0.0007005399651619478,0.001145626350885846,2.565637749314531e-06,-0.0007005425196977422
3,0.002702810046955523,11.45626209147445,-2.556989026994424,-12.0,-9.56364015611913,12.0,-0.001848610322843199,0.0007006651129124724,0.0007006625559234437,0.001145626209147445,2.56432253643465e-06,-0.0007006651129124706
3,0.0027030100469555233,11.45626061802974,-2.559432210166781,-12.0,-9.567304218587143,12.0,-0.001848733575315951,0.0007007872008420376,0.0007007846414098262,0.001145626061802974,2.565634423891369e-06,-0.0007007872008420363
3,0.0027032100469555234,11.45625921260225,-2.561865298681189,-12.0,-9.570953172975894,12.0,-0.001848853707399833,0.0007009087874294724,0.000700906225564172,0.001145625921260225,2.564320463172281e-06,-0.0007009087874294706
3,0.0027034100469555235,11.4562577511801,-2.564288330033215,-12.0,-9.574587013523173,12.0,-0.001848975952835876,0.0007010298683489971,0.0007010273040606658,0.00114562577511801,2.565631121903008e-06,-0.0007010298683489958
3,0.0027036100469555236,11.45625635771589,-2.566701259080092,-12.0,-9.578205734490673,12.0,-0.00184909507997168,0.0007011504475410599,0.000701147880839799,0.001145625635771589,2.564318412099874e-06,-0.0007011504475410581
3,0.0027038100469555237,11.45625490832293,-2.569104123307485,-12.0,-9.581809330163928,12.0,-0.001849216317607945,0.0007012705206856456,0.000701267951581521,0.001145625490832293,2.565627843364684e-06,-0.0007012705206856443
3,0.002704010046955524,11.45625352682871,-2.57149687764615,-12.0,-9.585397794852357,12.0,-0.001849334439033651,0.0007013900917206223,0.0007013875202237429,0.001145625352682871,2.564316383234692e-06,-0.0007013900917206207
3,0.002704210046955524,11.45625208947152,-2.573879559571966,-12.0,-9.588971122889307,12.0,-0.001849454668114172,0.0007015091563317352,0.0007015065824521743,0.001145625208947152,2.565624588291862e-06,-0.000701509156331734
3,0.002704410046955524,11.45625071995394,-2.576252124089188,-12.0,-9.592529308631992,12.0,-0.001849571783073085,0.0007016277184542822,0.0007016251422021563,0.001145625071995394,2.56431437659413e-06,-0.0007016277184542805
3,0.002704610046955524,11.45624929463903,-2.578614608663961,-12.0,-9.596072346461545,12.0,-0.001849691002847543,0.0007017457737797596,0.0007017431951651498,0.001145624929463903,2.565621356699734e-06,-0.0007017457737797584
3,0.0027048100469555243,11.45624793710468,-2.580966968374013,-12.0,-9.599600230783045,12.0,-0.001849807110590517,0.0007018633262409049,0.0007018607452739348,0.001145624793710468,2.564312392195552e-06,-0.0007018633262409032
3,0.0027050100469555244,11.45624652383853,-2.583309240675863,-12.0,-9.603112956025468,12.0,-0.001849925320314233,0.0007019803715349618,0.0007019777882257197,0.001145624652383853,2.565618148603247e-06,-0.0007019803715349605
3,0.0027052100469555245,11.45624517829395,-2.585641380720635,-12.0,-9.606610516641734,12.0,-0.001850040420098536,0.0007020969135921116,0.0007020943279507292,0.001145624517829395,2.564310430055851e-06,-0.00070209691359211
3,0.0027054100469555246,11.45624377708296,-2.587963425955326,-12.0,-9.610092907108728,12.0,-0.001850157619034593,0.0007022129481153412,0.0007022103601519142,0.001145624377708296,2.565614964017533e-06,-0.0007022129481153402
3,0.0027056100469555248,11.45624244353461,-2.590275331604449,-12.0,-9.613560121927296,12.0,-0.001850271710122773,0.0007023284790322866,0.0007023258887569531,0.001145624244353461,2.564308490191803e-06,-0.0007023284790322848
3,0.002705810046955525,11.45624105438513,-2.592577135105521,-12.0,-9.617012155622199,12.0,-0.001850387897540121,0.000702443502051669,0.0007024409094745325,0.001145624105438513,2.565611802957466e-06,-0.0007024435020516678
3,0.002706010046955525,11.45623973283946,-2.59486879175638,-12.0,-9.620449002742218,12.0,-0.001850500979201822,0.0007025580210985855,0.0007025554262297918,0.001145623973283946,2.564306572620321e-06,-0.0007025580210985839
3,0.002706210046955525,11.45623835575777,-2.597150338985233,-12.0,-9.623870657860126,12.0,-0.001850616154375545,0.0007026720318874904,0.0007026694347371503,0.001145623835575777,2.565608665437496e-06,-0.0007026720318874893
3,0.002706410046955525,11.45623704622112,-2.59942173216316,-12.0,-9.627277115572623,12.0,-0.001850728225887167,0.0007027855383409483,0.0007027829389192142,0.001145623704622112,2.564304677357853e-06,-0.0007027855383409463
3,0.0027066100469555253,11.45623568121347,-2.601683008709094,-12.0,-9.630668370500464,12.0,-0.001850842388098578,0.0007028985361791383,0.0007028959344961282,0.001145623568121347,2.565605551472452e-06,-0.000702898536179137
3,0.0027068100469555254,11.45623438369216,-2.603934124067391,-12.0,-9.63404441728841,12.0,-0.001850953448742633,0.0007030110293221035,0.0007030084253879777,0.001145623438369216,2.564302804421131e-06,-0.0007030110293221018
3,0.0027070100469555256,11.45623303076472,-2.606175115647793,-12.0,-9.637405250605205,12.0,-0.00185106659728027,0.0007031230134957424,0.0007031204073206256,0.001145623303076472,2.565602461076196e-06,-0.0007031230134957413
3,0.0027072100469555257,11.45623174526499,-2.608405938967831,-12.0,-9.640750865143632,12.0,-0.001851176646344623,0.0007032344926175819,0.0007032318842116412,0.001145623174526499,2.564300953826284e-06,-0.0007032344926175801
3,0.0027074100469555258,11.45623040442388,-2.610626631428179,-12.0,-9.644081255620524,12.0,-0.001851288780503085,0.0007033454624192357,0.0007033428517926031,0.001145623040442388,2.565599394263536e-06,-0.0007033454624192345
3,0.002707610046955526,11.45622913095193,-2.612837148619522,-12.0,-9.647396416776731,12.0,-0.001851397817283473,0.0007034559268157228,0.0007034533139785725,0.001145622913095193,2.564299125589416e-06,-0.0007034559268157209
3,0.002707810046955526,11.45622780220321,-2.615037527933511,-12.0,-9.650696343377152,12.0,-0.001851508936362673,0.0007035658815443655,0.0007035632665068363,0.001145622780220322,2.565596351048535e-06,-0.0007035658815443642
3,0.002708010046955526,11.45622654076517,-2.617227725033956,-12.0,-9.65398103021077,12.0,-0.001851616960160615,0.0007036753305176832,0.0007036727132899564,0.001145622654076517,2.564297319726651e-06,-0.0007036753305176814
3,0.0027082100469555262,11.45622522411486,-2.619407777303605,-12.0,-9.65725047209061,12.0,-0.001851727063468452,0.0007037842694787018,0.0007037816500709231,0.001145622522411486,2.565593331445018e-06,-0.0007037842694787005
3,0.0027084100469555263,11.4562239747168,-2.621577640479306,-12.0,-9.660504663853764,12.0,-0.001851834073592048,0.0007038927023374475,0.0007038900807598053,0.00114562239747168,2.564295536254032e-06,-0.0007038927023374459
3,0.0027086100469555265,11.45622267017083,-2.623737351934996,-12.0,-9.663743600361432,12.0,-0.001851943160441983,0.0007040006248426448,0.0007039980011052916,0.001145622267017084,2.565590335466782e-06,-0.0007040006248426435
3,0.0027088100469555266,11.45622143281878,-2.625886867480561,-12.0,-9.666967276498905,12.0,-0.001852049156205859,0.0007041080409018363,0.000704105415014967,0.001145622143281878,2.564293775187096e-06,-0.0007041080409018344
3,0.0027090100469555267,11.45622014038306,-2.628026224481166,-12.0,-9.670175687175526,12.0,-0.001852157225918163,0.000704214946269437,0.0007042123182432115,0.001145622014038306,2.56558736312757e-06,-0.000704214946269436
3,0.002709210046955527,11.45621891508297,-2.630155378819679,-12.0,-9.673368827324794,12.0,-0.001852262206641849,0.0007043213448505133,0.0007043187146951326,0.001145621891508297,2.56429203654143e-06,-0.0007043213448505114
3,0.002709410046955527,11.45621763476333,-2.63227436785265,-12.0,-9.67654669190432,12.0,-0.001852369258542849,0.0007044272324051681,0.0007044246001307992,0.001145621763476333,2.565584414441169e-06,-0.000704427232405167
3,0.002709610046955527,11.45621642152111,-2.634383147535838,-12.0,-9.679709275895789,12.0,-0.001852473223554935,0.0007045326128359969,0.0007045299784528477,0.001145621642152111,2.564290320332498e-06,-0.0007045326128359951
3,0.002709810046955527,11.45621515332333,-2.636481755217233,-12.0,-9.682856574305065,12.0,-0.001852579256977297,0.0007046374819087845,0.0007046348454270281,0.001145621515332333,2.56558148942084e-06,-0.0007046374819087833
3,0.0027100100469555272,11.45621395214483,-2.638570146925507,-12.0,-9.685988582162144,12.0,-0.001852682205611353,0.0007047418435236655,0.0007047392049535167,0.001145621395214483,2.564288626575828e-06,-0.0007047418435236637
3,0.0027102100469555274,11.45621269607462,-2.64064836000016,-12.0,-9.68910529452115,12.0,-0.001852787219894362,0.0007048456934521002,0.000704843052803739,0.001145621269607462,2.565578588079785e-06,-0.0007048456934520991
3,0.0027104100469555275,11.45621150696562,-2.642716350542696,-12.0,-9.692206706460361,12.0,-0.001852889151490474,0.0007049490355917683,0.0007049463928754159,0.001145621150696562,2.564286955286483e-06,-0.0007049490355917665
3,0.0027106100469555276,11.45621026302865,-2.644774155884236,-12.0,-9.69529281308224,12.0,-0.001852993145979923,0.0007050518657198016,0.0007050492209456445,0.001145621026302865,2.565575710431134e-06,-0.0007050518657198005
3,0.0027108100469555277,11.4562090859949,-2.646821732199079,-12.0,-9.698363609513393,12.0,-0.001853094059884212,0.0007051541877314331,0.0007051515409096991,0.00114562090859949,2.564285306479509e-06,-0.0007051541877314315
3,0.002711010046955528,11.45620785419678,-2.648859116810033,-12.0,-9.701419090904608,12.0,-0.001853197033932178,0.0007052559974094586,0.0007052533485503407,0.001145620785419678,2.565572856488095e-06,-0.0007052559974094576
3,0.002711210046955528,11.45620668924394,-2.650886265964163,-12.0,-9.704459252430876,12.0,-0.001853296929497977,0.0007053572986466731,0.0007053546477604054,0.001145620668924394,2.564283680169637e-06,-0.0007053572986466713
3,0.002711410046955528,11.45620546959021,-2.652903216976059,-12.0,-9.707484089291365,12.0,-0.001853398882463982,0.0007054580872315317,0.0007054554343283136,0.001145620546959021,2.565570026263438e-06,-0.0007054580872315307
3,0.002711610046955528,11.45620431672391,-2.654909926165475,-12.0,-9.71049359670943,12.0,-0.001853497759049731,0.0007055583670543973,0.0007055557121444694,0.001145620431672391,2.564282076371947e-06,-0.0007055583670543956
3,0.0027118100469555283,11.45620310922007,-2.656906430838883,-12.0,-9.713487769932668,12.0,-0.001853598690297971,0.0007056581339093797,0.0007056554770029476,0.001145620310922007,2.565567219769688e-06,-0.0007056581339093786
3,0.0027120100469555284,11.45620196844586,-2.658892687388696,-12.0,-9.716466604232851,12.0,-0.001853696547270963,0.0007057573916844172,0.0007057547327917279,0.001145620196844586,2.564280495100797e-06,-0.0007057573916844155
3,0.0027122100469555285,11.45620077309734,-2.660868733113341,-12.0,-9.719430094906013,12.0,-0.001853796456172948,0.0007058561361792683,0.000705853475310534,0.001145620077309734,2.565564437019771e-06,-0.0007058561361792672
3,0.0027124100469555286,11.45619964442073,-2.662834524477845,-12.0,-9.72237823727238,12.0,-0.001853893292904863,0.0007059543712794552,0.000705951708444929,0.001145619964442073,2.564278936370704e-06,-0.0007059543712794535
3,0.0027126100469555287,11.45619846123291,-2.66479009877267,-12.0,-9.725311026676449,12.0,-0.001853992178838372,0.0007060520927903791,0.000706049428000279,0.001145619846123291,2.565561678025835e-06,-0.0007060520927903779
3,0.002712810046955529,11.45619734465935,-2.666735412535426,-12.0,-9.728228458486939,12.0,-0.001854087994708057,0.000706149304595153,0.0007061466378597386,0.001145619734465935,2.564277400196044e-06,-0.0007061493045951513
3,0.002713010046955529,11.45619617363754,-2.668670503048674,-12.0,-9.731130528096815,12.0,-0.001854185857058061,0.0007062460025048151,0.0007062433338343108,0.001145619617363754,2.565558942800502e-06,-0.0007062460025048141
3,0.002713210046955529,11.45619506917241,-2.67059532692257,-12.0,-9.734017230923332,12.0,-0.001854280651450915,0.0007063421904000779,0.0007063395198047491,0.001145619506917241,2.564275886590771e-06,-0.0007063421904000761
3,0.002713410046955529,11.45619391032189,-2.672509921431881,-12.0,-9.736888562407982,12.0,-0.001854377489608138,0.0007064378640976113,0.0007064351915876886,0.001145619391032189,2.565556231355683e-06,-0.0007064378640976102
3,0.0027136100469555293,11.45619281797052,-2.674414243259227,-12.0,-9.739744518016536,12.0,-0.001854471261915432,0.0007065330274757326,0.0007065303530614876,0.001145619281797053,2.5642743955692e-06,-0.000706533027475731
3,0.0027138100469555294,11.4561916712965,-2.676308329671677,-12.0,-9.742585093239063,12.0,-0.001854567075276837,0.0007066276763567395,0.0007066250000484087,0.00114561916712965,2.565553543703611e-06,-0.0007066276763567386
3,0.0027140100469555295,11.45619059106416,-2.678192137424297,-12.0,-9.745410283589901,12.0,-0.001854659824896925,0.0007067218146165621,0.000706719136424423,0.001145619059106416,2.564272927144978e-06,-0.0007067218146165605
3,0.0027142100469555296,11.45618945657177,-2.680065703776505,-12.0,-9.74822008460768,12.0,-0.001854754612866939,0.0007068154380831188,0.0007068127580174138,0.001145618945657177,2.565550879856066e-06,-0.0007068154380831177
3,0.0027144100469555297,11.4561883884637,-2.681928985555767,-12.0,-9.751014491855356,12.0,-0.001854846339204619,0.0007069085506299605,0.0007069058687009733,0.00114561883884637,2.564271481332032e-06,-0.000706908550629959
3,0.00271461004695553,11.45618726615803,-2.683782020013965,-12.0,-9.753793500920164,12.0,-0.001854940101193049,0.0007070011480906212,0.0007069984643085998,0.001145618726615803,2.565548239824582e-06,-0.0007070011480906199
3,0.00271481004695553,11.45618621017937,-2.685624764050905,-12.0,-9.756557107413686,12.0,-0.001855030803659147,0.0007070932343362799,0.000707090548711514,0.001145618621017938,2.564270058144014e-06,-0.0007070932343362781
3,0.00271501004695553,11.45618510006548,-2.687457254911008,-12.0,-9.759305306971799,12.0,-0.001855123539082911,0.0007071848052060802,0.0007071821177488242,0.001145618510006548,2.565545623621096e-06,-0.000707184805206079
3,0.00271521004695553,11.45618405622133,-2.689279449566368,-12.0,-9.762038095254715,12.0,-0.001855213217095542,0.0007072758645688363,0.0007072731752893851,0.001145618405622133,2.564268657594192e-06,-0.0007072758645688346
3,0.0027154100469555303,11.45618295830417,-2.691091385254042,-12.0,-9.764755467947003,12.0,-0.001855304925377729,0.0007073664082692972,0.0007073637171779107,0.001145618295830417,2.56554303125694e-06,-0.0007073664082692962
3,0.0027156100469555304,11.45618192659959,-2.692893019018374,-12.0,-9.767457420757546,12.0,-0.001855393578360256,0.0007074564401739191,0.0007074537472808983,0.001145618192659959,2.564267279695939e-06,-0.0007074564401739173
3,0.0027158100469555305,11.45618084088409,-2.694684388089118,-12.0,-9.770143949419607,12.0,-0.001855484258931285,0.00070754595613305,0.0007075432614486606,0.001145618084088409,2.565540462743378e-06,-0.0007075459561330489
3,0.0027160100469555306,11.45617982132406,-2.696465449582838,-12.0,-9.772815049690783,12.0,-0.001855571886314642,0.0007076349600107961,0.0007076322635453448,0.001145617982132406,2.564265924462433e-06,-0.0007076349600107944
3,0.0027162100469555308,11.45617874781509,-2.698236240722054,-12.0,-9.775470717353034,12.0,-0.001855661538609187,0.0007077234476630992,0.0007077207494268574,0.001145617874781509,2.565537918091899e-06,-0.000707723447663098
3,0.002716410046955531,11.45617774040453,-2.699996718695507,-12.0,-9.778110948212714,12.0,-0.001855748139830875,0.0007078114229517223,0.000707808722955002,0.001145617774040453,2.564264591906467e-06,-0.0007078114229517207
3,0.002716610046955531,11.4561766791069,-2.701746920718583,-12.0,-9.780735738100528,12.0,-0.001855836763293148,0.0007078988817381959,0.0007078961799912739,0.00114561766791069,2.565535397313132e-06,-0.0007078988817381946
3,0.002716810046955531,11.45617568385069,-2.703486804052124,-12.0,-9.783345082871572,12.0,-0.001855922337795751,0.0007079858278819463,0.0007079831243951406,0.001145617568385069,2.564263282041291e-06,-0.0007079858278819448
3,0.002717010046955531,11.45617463476913,-2.70521640590448,-12.0,-9.785938978405346,12.0,-0.001856009931874364,0.0007080722572500877,0.0007080695520336807,0.001145617463476913,2.565532900418231e-06,-0.0007080722572500866
3,0.0027172100469555313,11.45617365167208,-2.70693568360856,-12.0,-9.78851742060572,12.0,-0.001856094479108778,0.0007081581736997176,0.0007081554667640323,0.001145617365167209,2.56426199487938e-06,-0.000708158173699716
3,0.0027174100469555314,11.4561726148113,-2.708644674365732,-12.0,-9.791080405400995,12.0,-0.001856181043259003,0.0007082435731035274,0.0007082408644588519,0.001145617261481131,2.565530427417993e-06,-0.0007082435731035264
3,0.0027176100469555316,11.45617164387818,-2.710343335580946,-12.0,-9.793627928743867,12.0,-0.001856264562681266,0.0007083284593162937,0.0007083257489729565,0.001145617164387818,2.564260730433457e-06,-0.0007083284593162921
3,0.0027178100469555317,11.4561706192428,-2.712031704448659,-12.0,-9.796159986611435,12.0,-0.001856350096365914,0.0007084128282162787,0.0007084101161845733,0.001145617061924281,2.565527978322899e-06,-0.0007084128282162776
3,0.0027180100469555318,11.45616966047831,-2.713709738445809,-12.0,-9.798676575005253,12.0,-0.001856432587439158,0.000708496683655946,0.0007084939699462059,0.001145616966047831,2.564259488716042e-06,-0.0007084966836559444
3,0.002718210046955532,11.45616864807291,-2.715377474760044,-12.0,-9.801177689951272,12.0,-0.001856517090126505,0.000708580021519124,0.000708577306141648,0.001145616864807291,2.565525553143356e-06,-0.0007085800215191227
3,0.002718410046955532,11.45616770148169,-2.717034870940224,-12.0,-9.803663327499889,12.0,-0.001856598552321263,0.0007086628456559679,0.0007086601286210956,0.001145616770148169,2.564258269739198e-06,-0.0007086628456559666
3,0.002718610046955532,11.4561667013108,-2.718681964167275,-12.0,-9.806133483725953,12.0,-0.001856682023485673,0.0007087451519558689,0.0007087424332739037,0.00114561667013108,2.565523151889875e-06,-0.0007087451519558678
3,0.0027188100469555322,11.45616576689742,-2.720318712061943,-12.0,-9.808588154728744,12.0,-0.001856762456276694,0.0007088269442666818,0.000708824223947968,0.001145616576689742,2.564257073515313e-06,-0.0007088269442666802
3,0.0027190100469555323,11.4561647789655,-2.721945151798485,-12.0,-9.811027336631996,12.0,-0.001856844895401253,0.0007089082184833522,0.0007089054965381992,0.00114561647789655,2.565520774572719e-06,-0.0007089082184833512
3,0.0027192100469555325,11.4561638567345,-2.723561241069503,-12.0,-9.813451025583914,12.0,-0.001856924298271537,0.0007089889784514429,0.0007089862548902,0.00114561638567345,2.564255900056157e-06,-0.0007089889784514412
3,0.0027194100469555326,11.45616288104595,-2.725167017042681,-12.0,-9.81585921775717,12.0,-0.001857005704844097,0.00070906922007145,0.0007090664949044317,0.001145616288104595,2.565518421201792e-06,-0.0007090692200714489
3,0.0027196100469555327,11.4561619710018,-2.72676243748241,-12.0,-9.818251909348891,12.0,-0.001857084077283037,0.0007091489471866498,0.0007091462204242107,0.00114561619710018,2.564254749373658e-06,-0.0007091489471866482
3,0.002719810046955533,11.45616100756098,-2.728347539549865,-12.0,-9.820629096580685,12.0,-0.00185716445079795,0.000709228155703083,0.0007092254273555424,0.001145616100756098,2.565516091787104e-06,-0.0007092281557030819
3,0.002720010046955533,11.4561601097081,-2.7299222810812,-12.0,-9.822990775698662,12.0,-0.001857241792300802,0.0007093068494617476,0.0007093041195394649,0.00114561601097081,2.564253621479699e-06,-0.0007093068494617462
3,0.002720210046955533,11.45615915851929,-2.731486699231176,-12.0,-9.8253369429734,12.0,-0.00185732113225951,0.0007093850243742237,0.0007093822928875233,0.001145615915851929,2.56551378633829e-06,-0.0007093850243742225
3,0.002720410046955533,11.45615827286202,-2.733040751907632,-12.0,-9.827667594699978,12.0,-0.001857397442328646,0.0007094626842792365,0.0007094599512384827,0.001145615827286202,2.564252516385751e-06,-0.0007094626842792346
3,0.0027206100469555333,11.45615733392946,-2.734584476258995,-12.0,-9.829982727197988,12.0,-0.001857475748238713,0.0007095398250939005,0.000709537090509423,0.001145615733392946,2.565511504865307e-06,-0.0007095398250938994
3,0.0027208100469555334,11.45615646047212,-2.736117830264768,-12.0,-9.832282336811515,12.0,-0.001857551026383153,0.0007096164506546764,0.0007096137145368444,0.001145615646047212,2.564251434103075e-06,-0.0007096164506546748
3,0.0027210100469555335,11.45615553379998,-2.737640851067102,-12.0,-9.834566419909157,12.0,-0.00185762829775874,0.0007096925568842065,0.0007096898192433544,0.001145615553379999,2.565509247377255e-06,-0.0007096925568842056
3,0.0027212100469555336,11.4561546725468,-2.739153496717116,-12.0,-9.836834972884043,12.0,-0.001857702543492744,0.0007097681476166944,0.0007097654084631959,0.00114561546725468,2.564250374643214e-06,-0.0007097681476166927
3,0.0027214100469555337,11.45615375813921,-2.740655804350777,-12.0,-9.839087992153816,12.0,-0.001857778779855017,0.0007098432187803051,0.0007098404781244995,0.001145615375813921,2.565507013883684e-06,-0.000709843218780304
3,0.002721610046955534,11.45615290909438,-2.742147732090752,-12.0,-9.84132547416064,12.0,-0.001857851992701223,0.0007099177742069904,0.0007099150320592567,0.001145615290909438,2.564249338017188e-06,-0.0007099177742069889
3,0.002721810046955534,11.4561520069554,-2.743629317066913,-12.0,-9.84354741537124,12.0,-0.001857927193577361,0.0007099918098304339,0.0007099890662011156,0.00114561520069554,2.565504804393683e-06,-0.0007099918098304327
3,0.002722010046955534,11.45615117012303,-2.745100517473453,-12.0,-9.845753812276874,12.0,-0.00185799937306398,0.0007100653294803434,0.0007100625843798244,0.001145615117012303,2.564248324236013e-06,-0.0007100653294803421
3,0.002722210046955534,11.45615028025667,-2.746561370434182,-12.0,-9.847944661393313,12.0,-0.001858073537987369,0.0007101383290959141,0.0007101355825345426,0.001145615028025667,2.565502618916484e-06,-0.0007101383290959132
3,0.0027224100469555343,11.45614945564084,-2.748011834214775,-12.0,-9.850119959260926,12.0,-0.001858144683648994,0.0007102108125046168,0.000710208064492781,0.001145614945564084,2.56424733331055e-06,-0.0007102108125046151
3,0.0027226100469555344,11.45614857805104,-2.749451945933099,-12.0,-9.85227970244463,12.0,-0.001858217812160721,0.0007102827756511541,0.0007102800261992072,0.001145614857805104,2.565500457461107e-06,-0.000710282775651153
3,0.0027228100469555345,11.45614776565577,-2.750881663926228,-12.0,-9.85442388753387,12.0,-0.001858287923538736,0.0007103542223607656,0.0007103514714790999,0.001145614776565577,2.564246365251343e-06,-0.0007103542223607642
3,0.0027230100469555346,11.45614690034642,-2.752301025306156,-12.0,-9.856552511142699,12.0,-0.001858360015185096,0.0007104251485836556,0.0007104223962826289,0.001145614690034642,2.565498320036176e-06,-0.0007104251485836543
3,0.0027232100469555347,11.45614610017566,-2.753709988481347,-12.0,-9.858665569909736,12.0,-0.001858429091827546,0.0007104955581428405,0.0007104928044328504,0.001145614610017566,2.564245420069185e-06,-0.0007104955581428389
3,0.002723410046955535,11.4561452471506,-2.755108590557972,-12.0,-9.860763060498165,12.0,-0.001858500146162144,0.0007105654469940206,0.0007105626918854288,0.00114561452471506,2.565496206650307e-06,-0.0007105654469940193
3,0.002723610046955535,11.45614445920824,-2.756496790015823,-12.0,-9.862844979595756,12.0,-0.001858568187623536,0.0007106348189579951,0.0007106320624612032,0.001145614445920824,2.564244497774314e-06,-0.0007106348189579934
3,0.002723810046955535,11.45614361847125,-2.75787462395535,-12.0,-9.86491132391489,12.0,-0.001858638204207444,0.0007107036699959552,0.00071070091212133,0.001145614361847125,2.565494117312018e-06,-0.0007107036699959541
3,0.002724010046955535,11.45614284276114,-2.759242050927625,-12.0,-9.866962090192517,12.0,-0.001858705210048026,0.0007107720039264908,0.0007107692446844383,0.001145614284276114,2.564243598377024e-06,-0.0007107720039264893
3,0.0027242100469555353,11.45614201431593,-2.760599108027433,-12.0,-9.868997275190196,12.0,-0.00185877418844663,0.0007108398167162775,0.0007108370561171684,0.001145614201431593,2.565492052029698e-06,-0.0007108398167162763
3,0.0027244100469555354,11.45614125084185,-2.761945753877091,-12.0,-9.8710168756941,12.0,-0.001858840158234705,0.0007109071121817025,0.0007109043502359471,0.001145614125084185,2.564242721887524e-06,-0.0007109071121817009
3,0.0027246100469555355,11.45614043469209,-2.763282025565798,-12.0,-9.873020888514997,12.0,-0.001858908098021866,0.0007109738862949211,0.0007109711230128943,0.001145614043469209,2.565490010811527e-06,-0.00071097388629492
3,0.0027248100469555356,11.45613968345776,-2.764607881787052,-12.0,-9.875009310488275,12.0,-0.0018589730313311,0.000711040142870124,0.0007110373782622405,0.001145613968345776,2.5642418683158e-06,-0.0007110401428701223
3,0.0027250100469555357,11.45613887960705,-2.765923359624551,-12.0,-9.87698213847395,12.0,-0.001859039932086075,0.0007111058778849409,0.0007111031119615802,0.001145613887960705,2.565487993665666e-06,-0.0007111058778849399
3,0.002725210046955536,11.45613814061614,-2.767228417842945,-12.0,-9.878939369356667,12.0,-0.001859103828497899,0.0007111710951513738,0.0007111683279229544,0.001145613814061614,2.564241037671388e-06,-0.0007111710951513722
3,0.002725410046955536,11.45613734906803,-2.768523093520476,-12.0,-9.880881000045667,12.0,-0.001859169689806859,0.0007112357906525203,0.0007112330221294255,0.001145613734906803,2.565486000600052e-06,-0.0007112357906525191
3,0.002725610046955536,11.45613662232416,-2.769807345492889,-12.0,-9.882807027474867,12.0,-0.00185923254890762,0.0007112999681981994,0.0007112971983908523,0.001145613662232416,2.564240229964447e-06,-0.0007112999681981978
3,0.002725810046955536,11.45613584308215,-2.771081210833085,-12.0,-9.88471744860281,12.0,-0.001859297370363933,0.0007113636237769733,0.0007113608526957616,0.001145613584308215,2.565484031622265e-06,-0.0007113636237769726
3,0.0027260100469555363,11.45613512858885,-2.772344648447838,-12.0,-9.886612260412667,12.0,-0.00185935919174723,0.0007114267611964846,0.0007114239888518345,0.001145613512858885,2.5642394452043e-06,-0.0007114267611964829
3,0.0027262100469555364,11.45613436165636,-2.77359769540476,-12.0,-9.888491459912277,12.0,-0.001859422972950209,0.0007114893764507527,0.0007114866028530562,0.001145613436165636,2.565482086740122e-06,-0.0007114893764507518
3,0.0027264100469555365,11.45613365941715,-2.774840310681634,-12.0,-9.890355044134132,12.0,-0.001859483756217,0.0007115514733452516,0.0007115486985049391,0.001145613365941715,2.564238683400188e-06,-0.0007115514733452499
3,0.0027266100469555367,11.45613290479756,-2.776072531340853,-12.0,-9.892203010135376,12.0,-0.00185954649677187,0.0007116130478794533,0.0007116102718069208,0.001145613290479756,2.565480165961325e-06,-0.0007116130478794523
3,0.0027268100469555368,11.45613221481587,-2.777294316431141,-12.0,-9.894035354997813,12.0,-0.001859606241529721,0.0007116741038566687,0.0007116713265623506,0.001145613221481587,2.564237944561499e-06,-0.0007116741038566672
3,0.002727010046955537,11.45613147251251,-2.778505703009762,-12.0,-9.895852075827928,12.0,-0.001859667941049232,0.0007117346372818177,0.0007117318587761135,0.001145613147251251,2.565478269292961e-06,-0.0007117346372818167
3,0.002727210046955537,11.45613079479172,-2.779706650196341,-12.0,-9.89765316975687,12.0,-0.001859726646910945,0.0007117946519560546,0.0007117918722494028,0.001145613079479171,2.564237228697233e-06,-0.000711794651956053
3,0.002727410046955537,11.45613006480784,-2.780897195043057,-12.0,-9.899438633940456,12.0,-0.00185978730501404,0.0007118541438897409,0.0007118513629925448,0.001145613006480784,2.565476396742356e-06,-0.0007118541438897399
3,0.0027276100469555372,11.45612939935127,-2.782077296740404,-12.0,-9.901208465559208,12.0,-0.001859844971599924,0.0007119131168818819,0.0007119103348045835,0.001145612939935127,2.564236535816401e-06,-0.0007119131168818804
3,0.0027278100469555373,11.45612868169008,-2.783246992335566,-12.0,-9.90296266181831,12.0,-0.001859904587912495,0.0007119715669482757,0.0007119687837012823,0.001145612868169008,2.565474548316541e-06,-0.0007119715669482745
3,0.0027280100469555374,11.45612802850099,-2.784406241089827,-12.0,-9.90470121994765,12.0,-0.00185996121484859,0.0007120294978857839,0.0007120267134795411,0.0011456128028501,2.564235865927949e-06,-0.0007120294978857824
3,0.0027282100469555376,11.45612732316564,-2.78555508004546,-12.0,-9.906424137201812,12.0,-0.001860019789003176,0.0007120869057156364,0.0007120841201605552,0.001145612732316564,2.565472724022491e-06,-0.0007120869057156353
3,0.0027284100469555377,11.45612668224726,-2.786693468534497,-12.0,-9.908131410860063,12.0,-0.001860075375923228,0.0007121437942325583,0.0007121410075390881,0.001145612668224726,2.564235219040277e-06,-0.0007121437942325567
3,0.002728610046955538,11.45612598924084,-2.787821443594362,-12.0,-9.9098230382264,12.0,-0.001860132907557764,0.000712200159463205,0.0007121973716417601,0.001145612598924084,2.565470923867024e-06,-0.0007122001594632038
3,0.002728810046955538,11.45612536059631,-2.788938964627799,-12.0,-9.911499016629499,12.0,-0.001860187454101788,0.0007122560052001718,0.0007122532162612054,0.001145612536059631,2.564234595162213e-06,-0.0007122560052001699
3,0.002729010046955538,11.45612467992185,-2.79004606866744,-12.0,-9.913159343422771,12.0,-0.001860243942862595,0.0007123113274755341,0.0007123085374294645,0.001145612467992185,2.565469147856678e-06,-0.0007123113274755332
3,0.002729210046955538,11.45612406355426,-2.791142715186699,-12.0,-9.91480401598433,12.0,-0.0018602974486765,0.0007123661300797648,0.000712363338937048,0.001145612406355426,2.564233994301751e-06,-0.0007123661300797632
3,0.0027294100469555382,11.45612339521474,-2.792228941213486,-12.0,-9.916433031717009,12.0,-0.001860352894214575,0.0007124204090503533,0.0007124176168214111,0.001145612339521473,2.565467395998327e-06,-0.0007124204090503523
3,0.0027296100469555384,11.45612279112713,-2.793304706291834,-12.0,-9.918046388048378,12.0,-0.001860405358951814,0.000712474168175656,0.0007124713748709481,0.001145612279112713,2.564233416467324e-06,-0.0007124741681756544
3,0.0027298100469555385,11.45612213512546,-2.794370047445012,-12.0,-9.919644082430723,12.0,-0.001860459760926288,0.0007125274034985722,0.0007125246091285238,0.001145612213512546,2.565465668297943e-06,-0.0007125274034985712
3,0.0027300100469555386,11.45612154332082,-2.795424924287607,-12.0,-9.921226112341063,12.0,-0.001860511184245812,0.0007125801188053472,0.0007125773233804211,0.001145612154332082,2.564232861667023e-06,-0.0007125801188053456
3,0.0027302100469555387,11.45612089965987,-2.796469373838327,-12.0,-9.922792475281163,12.0,-0.001860564542321955,0.0007126323101442846,0.0007126295136749099,0.001145612089965987,2.56546396476187e-06,-0.0007126323101442837
3,0.002730410046955539,11.4561203201411,-2.797503355782273,-12.0,-9.92434316877752,12.0,-0.001860614923890372,0.0007126839812995263,0.0007126811837961688,0.00114561203201411,2.564232329908686e-06,-0.0007126839812995248
3,0.002730610046955539,11.45611968882368,-2.798526907133641,-12.0,-9.925878190381372,12.0,-0.001860667237739601,0.0007127351283247741,0.000712732329797866,0.001145611968882368,2.565462285396188e-06,-0.000712735128324773
3,0.002730810046955539,11.45611912159366,-2.799539987648007,-12.0,-9.92739753766872,12.0,-0.001860716577229448,0.0007127857550020726,0.0007127829554620835,0.001145611912159366,2.564231821200348e-06,-0.0007127857550020712
3,0.002731010046955539,11.45611850262251,-2.800542634335133,-12.0,-9.928901208240298,12.0,-0.0018607678465299,0.0007128358573905175,0.000712833056847882,0.001145611850262251,2.565460630206782e-06,-0.0007128358573905165
3,0.0027312100469555393,11.45611794768404,-2.801534807021013,-12.0,-9.930389199721613,12.0,-0.001860816143620744,0.0007128854392700616,0.0007128826377352528,0.001145611794768404,2.564231335549308e-06,-0.0007128854392700601
3,0.0027314100469555394,11.45611734106185,-2.802516542711044,-12.0,-9.93186150976292,12.0,-0.001860866368057646,0.0007129344967051886,0.0007129316941886448,0.001145611734106185,2.565458999199664e-06,-0.0007129344967051875
3,0.0027316100469555395,11.45611679841769,-2.803487801301582,-12.0,-9.933318136039235,12.0,-0.001860913622435504,0.0007129830334737668,0.0007129802299859639,0.001145611679841769,2.564230872963302e-06,-0.0007129830334737654
3,0.0027318100469555396,11.4561162041471,-2.804448619793738,-12.0,-9.934759076250355,12.0,-0.001860962801699612,0.0007130310456456626,0.0007130282411970418,0.00114561162041471,2.565457392380219e-06,-0.0007130310456456617
3,0.0027320100469555397,11.45611567379994,-2.805398958154191,-12.0,-9.936184328120838,12.0,-0.001861009013057286,0.0007130785369966661,0.0007130757315977063,0.001145611567379994,2.564230433449586e-06,-0.0007130785369966647
3,0.00273221004695554,11.45611509188351,-2.806338853379812,-12.0,-9.937593889400008,12.0,-0.001861057146847095,0.0007131255036020205,0.0007131226972631661,0.001145611509188351,2.565455809754091e-06,-0.0007131255036020197
3,0.00273241004695554,11.45611457383598,-2.80726826550756,-12.0,-9.938987757861984,12.0,-0.001861102314882897,0.000713171949235444,0.000713169141967177,0.001145611457383598,2.564230017015316e-06,-0.0007131719492354424
3,0.00273261004695554,11.45611400427624,-2.808187231530143,-12.0,-9.940365931305651,12.0,-0.001861149402903769,0.0007132178699775517,0.0007132150617903191,0.001145611400427624,2.565454251326829e-06,-0.0007132178699775509
3,0.00273281004695554,11.45611349853092,-2.809095711554745,-12.0,-9.941728407554693,12.0,-0.00186119352732371,0.0007132632695999964,0.0007132604605042833,0.001145611349853092,2.564229623667519e-06,-0.0007132632695999949
3,0.0027330100469555403,11.45611294133033,-2.809993742569982,-12.0,-9.943075184457566,12.0,-0.001861239569285714,0.0007133081441887594,0.0007133053341950158,0.001145611294133033,2.565452717103373e-06,-0.0007133081441887584
3,0.0027332100469555404,11.45611244788974,-2.810881284753209,-12.0,-9.944406259887533,12.0,-0.001861282649802732,0.0007133524975134339,0.0007133496866321477,0.001145611244788974,2.564229253413253e-06,-0.0007133524975134324
3,0.0027334100469555405,11.45611190305071,-2.811758375089022,-12.0,-9.94572163174264,12.0,-0.001861327645424146,0.0007133963256653628,0.0007133935139069866,0.001145611190305071,2.565451207088822e-06,-0.0007133963256653618
3,0.0027336100469555406,11.45611142191731,-2.812624973824892,-12.0,-9.947021297945732,12.0,-0.001861369681756779,0.0007134396324120855,0.0007134368197871102,0.001145611142191731,2.564228906259194e-06,-0.0007134396324120839
3,0.0027338100469555407,11.45611088944218,-2.813481117941465,-12.0,-9.948305256444467,12.0,-0.001861413630762844,0.0007134824138503012,0.0007134796003691821,0.001145611088944218,2.56544972128828e-06,-0.0007134824138503003
3,0.002734010046955541,11.45611042061838,-2.814326767756282,-12.0,-9.949573505211292,12.0,-0.001861454622636555,0.0007135246737455026,0.0007135218594187333,0.001145611042061838,2.564228582211911e-06,-0.000713524673745501
3,0.002734210046955541,11.45610990050944,-2.815161960246097,-12.0,-9.95082604224347,12.0,-0.001861497524757261,0.0007135664081997382,0.0007135635930377768,0.001145610990050944,2.565448259706427e-06,-0.0007135664081997374
3,0.002734410046955541,11.45610944399759,-2.815986655798485,-12.0,-9.952062865563079,12.0,-0.001861537471904308,0.0007136076209764611,0.0007136048049898038,0.001145610944399759,2.564228281277972e-06,-0.0007136076209764595
3,0.002734610046955541,11.45610893625708,-2.816800891386367,-12.0,-9.953283973217001,12.0,-0.001861579326877803,0.0007136483081830645,0.0007136454913821721,0.001145610893625708,2.565446822347973e-06,-0.0007136483081830635
3,0.0027348100469555413,11.45610849205946,-2.81760462746729,-12.0,-9.95448936327694,12.0,-0.001861618229037194,0.0007136884735809666,0.0007136856559763374,0.001145610849205946,2.564228003463662e-06,-0.000713688473580965
3,0.0027350100469555414,11.45610799668955,-2.818397901010429,-12.0,-9.955679033839427,12.0,-0.001861659036607829,0.0007137281132829007,0.0007137252948849987,0.001145610799668955,2.565445409217487e-06,-0.0007137281132828999
3,0.0027352100469555415,11.4561075648084,-2.819180672543251,-12.0,-9.956852983025804,12.0,-0.001861696893524819,0.0007137672310482566,0.0007137644118675826,0.00114561075648084,2.564227748774909e-06,-0.0007137672310482554
3,0.0027354100469555416,11.4561070818112,-2.819952979031235,-12.0,-9.958011208982246,12.0,-0.001861736653443621,0.0007138058229951019,0.0007138030030421218,0.00114561070818112,2.565444020319343e-06,-0.0007138058229951011
3,0.0027356100469555417,11.45610666224871,-2.820714781071726,-12.0,-9.959153709879754,12.0,-0.001861773464869662,0.0007138438928808045,0.0007138410721660216,0.001145610666224871,2.564227517218081e-06,-0.0007138438928808029
3,0.002735810046955542,11.45610619162629,-2.821466115626581,-12.0,-9.960280483914172,12.0,-0.001861812176893981,0.0007138814368287602,0.0007138786153626435,0.001145610619162629,2.565442655657524e-06,-0.0007138814368287591
3,0.002736010046955542,11.45610578438456,-2.822206943362963,-12.0,-9.961391529306159,12.0,-0.00186184794258841,0.0007139184585943212,0.0007139156363873761,0.001145610578438456,2.564227308798927e-06,-0.0007139184585943197
3,0.002736210046955542,11.45610532613892,-2.822937301239168,-12.0,-9.962486844301226,12.0,-0.001861885606481958,0.0007139549543062069,0.0007139521313689047,0.001145610532613892,2.565441315236281e-06,-0.0007139549543062058
3,0.002736410046955542,11.45610493122002,-2.823657149992144,-12.0,-9.963566427169727,12.0,-0.001861920326210188,0.0007139909277177599,0.0007139881040606084,0.001145610493122002,2.564227123523262e-06,-0.0007139909277177584
3,0.0027366100469555423,11.45610448535312,-2.824366526576681,-12.0,-9.964630276206847,12.0,-0.001861956941744379,0.0007140263749630177,0.00071402355059649,0.001145610448535312,2.565439999059559e-06,-0.0007140263749630167
3,0.0027368100469555424,11.45610410275905,-2.825065391799455,-12.0,-9.965678389732624,12.0,-0.001861990615277553,0.0007140612997933184,0.0007140584747279251,0.001145610410275905,2.564226961396536e-06,-0.0007140612997933168
3,0.0027370100469555425,11.45610366927276,-2.825753782611827,-12.0,-9.966710766091946,12.0,-0.001862026182229378,0.000714095698348013,0.0007140928725942293,0.001145610366927276,2.565438707131214e-06,-0.000714095698348012
3,0.0027372100469555427,11.45610329900547,-2.826431659890145,-12.0,-9.96772740365455,12.0,-0.001862058809346463,0.000714129574376442,0.0007141267479447806,0.001145610329900547,2.564226822424221e-06,-0.0007141295743764406
3,0.0027374100469555428,11.45610287790163,-2.827099060582399,-12.0,-9.968728300815021,12.0,-0.001862093327499697,0.0007141629240232632,0.0007141600969242017,0.001145610287790163,2.565437439454728e-06,-0.0007141629240232624
3,0.002737610046955543,11.45610251996301,-2.827755945634568,-12.0,-9.969713455992814,12.0,-0.001862124907985679,0.0007141957510358259,0.0007141929232798788,0.001145610251996301,2.564226706611591e-06,-0.0007141957510358246
3,0.002737810046955543,11.4561021112434,-2.82840235199134,-12.0,-9.97068286763223,12.0,-0.001862158377131128,0.0007142280515640899,0.0007142252231617369,0.00114561021112434,2.565436196033767e-06,-0.000714228051564089
3,0.002738010046955543,11.45610176563527,-2.829038240668259,-12.0,-9.971636534202432,12.0,-0.001862188910778147,0.0007142598293534187,0.0007142570003151765,0.001145610176563527,2.564226613963985e-06,-0.0007142598293534173
3,0.0027382100469555432,11.45610136930161,-2.829663648606775,-12.0,-9.972574454197453,12.0,-0.001862221330713079,0.0007142910805590687,0.0007142882508954191,0.001145610136930161,2.565434976871624e-06,-0.0007142910805590678
3,0.0027384100469555433,11.45610103602575,-2.830278536891969,-12.0,-9.9734966261362,12.0,-0.001862250817318151,0.0007143218089244247,0.0007143189786458861,0.001145610103602575,2.564226544486185e-06,-0.0007143218089244231
3,0.0027386100469555434,11.45610065207969,-2.8308829424621,-12.0,-9.97440304856242,12.0,-0.001862282187847073,0.0007143520106100332,0.0007143491797270896,0.001145610065207969,2.565433781971529e-06,-0.0007143520106100321
3,0.0027388100469555436,11.45610033113783,-2.831476826471718,-12.0,-9.975293720044757,12.0,-0.001862310627216154,0.0007143816893573054,0.0007143788578804774,0.001145610033113783,2.564226498183122e-06,-0.0007143816893573039
3,0.0027390100469555437,11.45609995958098,-2.832060225855985,-12.0,-9.976168639176725,12.0,-0.001862340948148494,0.0007144108413320751,0.0007144080092718482,0.001145609995958098,2.565432611336529e-06,-0.0007144108413320741
3,0.002739210046955544,11.45609965097476,-2.832633101838862,-12.0,-9.977027804576695,12.0,-0.001862368340093199,0.0007144394702737848,0.0007144366376406813,0.001145609965097476,2.564226475059391e-06,-0.0007144394702737833
3,0.002739410046955544,11.45609929180867,-2.833195491352455,-12.0,-9.977871214887932,12.0,-0.001862397611246365,0.0007144675723535486,0.0007144647391580563,0.001145609929180867,2.565431464969692e-06,-0.0007144675723535478
3,0.002739610046955544,11.45609899553971,-2.833747355690115,-12.0,-9.978698868778585,12.0,-0.001862423955584808,0.0007144951513088486,0.0007144923175614912,0.001145609899553971,2.564226475119673e-06,-0.000714495151308847
3,0.002739810046955544,11.45609864876586,-2.834288731780944,-12.0,-9.979510764941661,12.0,-0.001862452176782645,0.0007145222033160727,0.0007145193690273401,0.001145609864876586,2.565430342873604e-06,-0.0007145222033160718
3,0.0027400100469555442,11.45609836483569,-2.834819580987614,-12.0,-9.980306902095075,12.0,-0.00186247747333981,0.0007145487321107479,0.0007145458972911652,0.001145609836483569,2.564226498368349e-06,-0.0007145487321107462
3,0.0027402100469555444,11.45609803045551,-2.835339940236302,-12.0,-9.981087278981613,12.0,-0.001862504644411877,0.0007145747338745323,0.0007145718985345909,0.001145609803045551,2.565429245051221e-06,-0.0007145747338745312
3,0.0027404100469555445,11.45609775886563,-2.835849770958955,-12.0,-9.98185189436896,12.0,-0.001862528893019483,0.000714600212341002,0.0007145973764912296,0.001145609775886563,2.564226544809651e-06,-0.0007146002123410005
3,0.0027406100469555446,11.4560974368805,-2.83634911007888,-12.0,-9.982600747049673,12.0,-0.001862555013803438,0.0007146251636970804,0.0007146223273479693,0.001145609743688051,2.5654281715046e-06,-0.0007146251636970794
3,0.0027408100469555447,11.45609717763235,-2.836837919097238,-12.0,-9.983333835841222,12.0,-0.001862578214299147,0.0007146495916743997,0.0007146467548364792,0.001145609717763235,2.564226614447821e-06,-0.0007146495916743984
3,0.002741010046955545,11.45609686804358,-2.837316234934543,-12.0,-9.984051159585956,12.0,-0.001862603284638587,0.0007146734924651423,0.0007146706551489063,0.001145609686804358,2.56542712223644e-06,-0.0007146734924651413
3,0.002741210046955545,11.45609662113851,-2.837784019161116,-12.0,-9.98475271715112,12.0,-0.001862625436867107,0.000714696869799002,0.0007146940320149811,0.001145609662113851,2.564226707286686e-06,-0.0007146968697990003
3,0.002741410046955545,11.45609632394737,-2.838241308694724,-12.0,-9.98543850742886,12.0,-0.00186264945661238,0.0007147197198734147,0.0007147168816321047,0.001145609632394737,2.565426097248836e-06,-0.0007147197198734136
3,0.002741610046955545,11.4560960893867,-2.838688065174814,-12.0,-9.986108529336224,12.0,-0.001862670560425291,0.0007147420464161424,0.0007147392077280758,0.00114560960893867,2.564226823330092e-06,-0.0007147420464161411
3,0.0027418100469555453,11.4560958045944,-2.839124325516464,-12.0,-9.98676278181515,12.0,-0.001862693529432486,0.0007147638456298697,0.0007147610065055431,0.00114560958045944,2.56542509654378e-06,-0.0007147638456298687
3,0.0027420100469555454,11.45609558237939,-2.839550051428184,-12.0,-9.987401263832487,12.0,-0.001862713584687849,0.0007147851212404315,0.0007147822816903786,0.001145609558237939,2.564226962581784e-06,-0.0007147851212404302
3,0.0027422100469555455,11.45609530998706,-2.839965279822438,-12.0,-9.988023974379985,12.0,-0.001862735502821028,0.0007148058694557559,0.000714803029490475,0.001145609530998706,2.56542412012349e-06,-0.0007148058694557548
3,0.0027424100469555456,11.45609510011891,-2.840369972476747,-12.0,-9.9886309124743,12.0,-0.001862754509383508,0.0007148260939997568,0.0007148232536297829,0.001145609510011891,2.564227125045227e-06,-0.0007148260939997552
3,0.0027426100469555457,11.45609484012765,-2.840764166301,-12.0,-9.989222077156988,12.0,-0.001862775376513262,0.0007148457910855997,0.0007148429503214325,0.001145609484012765,2.565423167989536e-06,-0.0007148457910855989
3,0.002742810046955546,11.4560946426075,-2.841147823141696,-12.0,-9.989797467494528,12.0,-0.001862793334253698,0.0007148649644352846,0.00071486212328746,0.00114560946426075,2.564227310723703e-06,-0.0007148649644352832
3,0.002743010046955546,11.45609439501834,-2.841520979906218,-12.0,-9.990357082578294,12.0,-0.001862813150256259,0.0007148836102672085,0.0007148807687462277,0.001145609439501834,2.565422240143496e-06,-0.0007148836102672077
3,0.002743210046955546,11.45609420984728,-2.841883598509968,-12.0,-9.990900921524577,12.0,-0.001862830059052929,0.0007149017323014625,0.0007148988904178624,0.001145609420984728,2.564227519620705e-06,-0.000714901732301461
3,0.002743410046955546,11.45609397466118,-2.842235715857892,-12.0,-9.991428983474588,12.0,-0.001862848823811342,0.0007149193267616706,0.0007149164845259538,0.001145609397466119,2.565421336587103e-06,-0.0007149193267616696
3,0.0027436100469555463,11.45609380184025,-2.84257729393425,-12.0,-9.991941267594438,12.0,-0.001862864683548466,0.0007149363973660203,0.0007149335547887249,0.001145609380184025,2.564227751739024e-06,-0.0007149363973660189
3,0.0027438100469555464,11.45609357905814,-2.842908369641597,-12.0,-9.992437773075162,12.0,-0.001862882396953125,0.0007149529403433575,0.0007149500974349867,0.001145609357905814,2.565420457321579e-06,-0.0007149529403433565
3,0.0027440100469555465,11.45609341858829,-2.843228905033009,-12.0,-9.992918499132712,12.0,-0.001862897207522767,0.0007149689594099718,0.0007149661161810652,0.001145609341858829,2.564228007081839e-06,-0.0007149689594099703
3,0.0027442100469555466,11.45609320821103,-2.843538937008713,-12.0,-9.993383445007954,12.0,-0.001862913869470008,0.0007149844507999252,0.0007149816072609872,0.001145609320821103,2.565419602348006e-06,-0.0007149844507999241
3,0.0027444100469555467,11.45609306009319,-2.843838427690535,-12.0,-9.993832609966676,12.0,-0.001862927630769365,0.0007149994182276155,0.0007149965743891862,0.001145609306009319,2.5642282856519e-06,-0.0007149994182276141
3,0.002744610046955547,11.45609286212157,-2.844127413976437,-12.0,-9.994265993299583,12.0,-0.001862943241162922,0.0007150138579323157,0.0007150110138049006,0.001145609286212157,2.56541877166762e-06,-0.0007150138579323147
3,0.002744810046955547,11.45609272635659,-2.844405858056953,-12.0,-9.994683594322307,12.0,-0.001862955953096338,0.000715027773626537,0.0007150249292206774,0.001145609272635659,2.564228587451802e-06,-0.0007150277736265354
3,0.002745010046955547,11.45609254079137,-2.844673796827829,-12.0,-9.9950854123754,12.0,-0.00186297051184582,0.0007150411615547581,0.0007150383168809601,0.001145609254079137,2.565417965281269e-06,-0.000715041161554757
3,0.002745210046955547,11.45609241738005,-2.844931192548253,-12.0,-9.99547144682433,12.0,-0.001862982174324944,0.0007150540254276093,0.0007150511804964152,0.001145609241738005,2.564228912483997e-06,-0.0007150540254276077
3,0.0027454100469555473,11.45609224422191,-2.845178082111815,-12.0,-9.995841697059502,12.0,-0.001862995681346803,0.0007150663614947697,0.0007150635163166865,0.001145609224422191,2.565417183189822e-06,-0.0007150663614947688
3,0.0027456100469555474,11.45609213316499,-2.845414427846308,-12.0,-9.996196162496238,12.0,-0.001863006294288937,0.0007150781734649946,0.0007150753280505649,0.001145609213316499,2.564229260750844e-06,-0.000715078173464993
3,0.0027458100469555475,11.45609197241457,-2.845640266643226,-12.0,-9.996534842574789,12.0,-0.001863018749506819,0.0007150894575931574,0.0007150866119528897,0.001145609197241457,2.565416425393854e-06,-0.0007150894575931563
3,0.0027460100469555476,11.45609187371273,-2.845855560898905,-12.0,-9.996857736760333,12.0,-0.001863028312836744,0.0007151002175861444,0.0007150973717305818,0.001145609187371273,2.564229632254577e-06,-0.0007151002175861429
3,0.0027462100469555478,11.45609172537059,-2.846060347502801,-12.0,-9.997164844542976,12.0,-0.001863039716179837,0.0007151104497040183,0.0007151076036436698,0.001145609172537059,2.565415691893935e-06,-0.0007151104497040174
3,0.002746410046955548,11.45609163902447,-2.846254588919752,-12.0,-9.997456165437752,12.0,-0.001863048229827891,0.0007151201576518016,0.0007151173113972111,0.001145609163902447,2.56423002699734e-06,-0.0007151201576518
3,0.002746610046955548,11.45609150309113,-2.846438322037225,-12.0,-9.997731698984627,12.0,-0.001863058581233428,0.000715129337694741,0.000715126491256418,0.001145609150309113,2.565414982690123e-06,-0.0007151293376947401
3,0.002746810046955548,11.45609142910129,-2.846611509388504,-12.0,-9.997991444748495,12.0,-0.001863066045138137,0.0007151379935360007,0.0007151351469244898,0.001145609142910129,2.564230444980944e-06,-0.0007151379935359992
3,0.002747010046955548,11.45609130557722,-2.84677418785913,-12.0,-9.998235402319182,12.0,-0.001863075344548232,0.0007151461214460062,0.0007151432746718173,0.001145609130557722,2.565414297782891e-06,-0.0007151461214460053
3,0.0027472100469555483,11.45609124394417,-2.846926320050774,-12.0,-9.998463571311447,12.0,-0.001863081758653519,0.0007151537251260688,0.0007151508781997471,0.001145609124394417,2.564230886207258e-06,-0.0007151537251260673
3,0.0027474100469555484,11.45609113282976,-2.847067942847112,-12.0,-9.998675951364977,12.0,-0.001863090006018539,0.0007151608008517875,0.0007151579537838437,0.001145609113282976,2.565413637172282e-06,-0.0007151608008517864
3,0.0027476100469555485,11.45609108355396,-2.847199018918152,-12.0,-9.998872542144397,12.0,-0.001863095370275885,0.0007151673523226258,0.0007151645051236055,0.001145609108355396,2.564231350677645e-06,-0.0007151673523226246
3,0.0027478100469555487,11.45609098484956,-2.847319585145757,-12.0,-9.999053343339265,12.0,-0.001863102565552003,0.0007151733758193517,0.0007151705284997658,0.001145609098484956,2.565413000858212e-06,-0.0007151733758193507
3,0.0027480100469555488,11.4560909479314,-2.847429604268216,-12.0,-9.999218354664068,12.0,-0.001863106879917817,0.0007151788750395867,0.0007151760276099807,0.00114560909479314,2.564231838393907e-06,-0.0007151788750395852
3,0.002748210046955549,11.45609086163729,-2.847529113165635,-12.0,-9.999367575858232,12.0,-0.001863113023068698,0.0007151838462692606,0.0007151809987401463,0.001145609086163729,2.565412388840425e-06,-0.0007151838462692597
3,0.002748410046955549,11.45609083707712,-2.84761807464454,-12.0,-9.999501006686117,12.0,-0.001863116287508331,0.0007151882932041592,0.0007151854455860831,0.001145609083707712,2.564232349357051e-06,-0.0007151882932041577
3,0.002748610046955549,11.45609076319354,-2.847696525583324,-12.0,-9.999618646937016,12.0,-0.001863121378502717,0.0007151922121353699,0.0007151893644388434,0.001145609076319354,2.565411801118508e-06,-0.0007151922121353692
3,0.0027488100469555492,11.45609075099164,-2.847764428856701,-12.0,-9.99972049642516,12.0,-0.00186312359298645,0.0007151956067568475,0.000715192758992417,0.001145609075099164,2.564232883568458e-06,-0.000715195606756846
3,0.0027490100469555493,11.45609068951876,-2.847821821341415,-12.0,-9.999806554989716,12.0,-0.001863127631801258,0.0007151984733648311,0.0007151956255430087,0.001145609068951876,2.565411237691974e-06,-0.0007151984733648302
3,0.0027492100469555495,11.45609068967535,-2.847868665980299,-12.0,-9.999876822494784,12.0,-0.001863128796306614,0.0007152008156514501,0.0007151979677827825,0.001145609068967535,2.564233441029104e-06,-0.0007152008156514485
3,0.0027494100469555496,11.45609064061328,-2.847904999648508,-12.0,-9.9999312988294,12.0,-0.001863131782924674,0.0007152026299180903,0.0007151997820130896,0.001145609064061328,2.565410698560085e-06,-0.0007152026299180893
3,0.0027496100469555497,11.45609065312854,-2.847930785356947,-12.0,-9.999969983907542,12.0,-0.001863131897436378,0.000715203919855061,0.0007152010719242743,0.001145609065312854,2.564234021739962e-06,-0.0007152039198550595
3,0.00274981004695555,11.45609061647735,-2.847946059979232,-12.0,-9.999992877668122,12.0,-0.001863133831846963,0.0007152046817688899,0.000715201833822829,0.001145609061647735,2.565410183722023e-06,-0.000715204681768889
3,0.00275001004695555,11.45609064135137,-2.847950786594288,-12.0,-9.999999980074982,12.0,-0.001863132896355864,0.0007152049193480709,0.0007152020713972827,0.001145609064135137,2.564234625701563e-06,-0.0007152049193480695
3,0.00275021004695555,11.45609061711105,-2.847945002074244,-12.0,-9.999991291116912,12.0,-0.00186313377855559,0.0007152046289042677,0.0007152017809592648,0.001145609061711105,2.565409693176982e-06,-0.0007152046289042668
3,0.00275041004695555,11.4560906543439,-2.847928669565991,-12.0,-9.999966810807631,12.0,-0.001863131793058436,0.0007152038141241654,0.0007152009661954944,0.00114560906543439,2.564235252914604e-06,-0.000715203814124164
3,0.0027506100469555502,11.4560906425144,-2.847901825940225,-12.0,-9.999926539185797,12.0,-0.001863131623049434,0.0007152024713245582,0.0007151996234227313,0.00114560906425144,2.565409226923941e-06,-0.0007152024713245573
3,0.0027508100469555504,11.45609069210606,-2.847864434411751,-12.0,-9.999870476315001,12.0,-0.001863128587551214,0.0007152006041903266,0.0007151977563258907,0.001145609069210606,2.5642359033796e-06,-0.0007152006041903251
3,0.0027510100469555505,11.45609069268727,-2.847816531849882,-12.0,-9.999798622283778,12.0,-0.001863127365343917,0.0007151982090433907,0.0007151953612268578,0.001145609069268727,2.565408784961467e-06,-0.0007151982090433897
3,0.0027512100469555506,11.4560907546377,-2.847758081537287,-12.0,-9.999710977205595,12.0,-0.00186312327985464,0.0007151952895668322,0.0007151924418087493,0.00114560907546377,2.564236577096598e-06,-0.0007151952895668308
3,0.0027514100469555507,11.45609076762944,-2.847689120341953,-12.0,-9.999607541218856,12.0,-0.001863121005464581,0.0007151918420876912,0.0007151889943985697,0.001145609076762944,2.565408367288186e-06,-0.0007151918420876903
3,0.002751610046955551,11.4560908419385,-2.847609611614352,-12.0,-9.999488314486896,12.0,-0.001863115870001618,0.0007151878702872559,0.0007151850226776428,0.00114560908419385,2.564237274066151e-06,-0.0007151878702872544
3,0.002751810046955551,11.45609086734056,-2.847519592221197,-12.0,-9.999353297197997,12.0,-0.001863112543452354,0.000715183370497681,0.0007151805229780877,0.001145609086734056,2.565407973902594e-06,-0.00071518337049768
3,0.002752010046955551,11.45609095400808,-2.847419025580712,-12.0,-9.999202489565365,12.0,-0.00186310635804079,0.0007151783463984666,0.0007151754989794396,0.001145609095400808,2.564237994287909e-06,-0.0007151783463984654
3,0.002752210046955551,11.45609099182016,-2.847307948558386,-12.0,-9.999035891827146,12.0,-0.001863101979360318,0.000715172794326877,0.0007151699470189275,0.001145609099182016,2.565407604803139e-06,-0.000715172794326876
3,0.0027524100469555513,11.45609109084591,-2.847186324640147,-12.0,-9.998853504246423,12.0,-0.001863094744029648,0.000715166717960629,0.0007151638707743029,0.001145609109084591,2.564238737761791e-06,-0.0007151667179606276
3,0.0027526100469555514,11.45609114106767,-2.847054190690311,-12.0,-9.99865532711121,12.0,-0.00186308931325553,0.0007151601136420908,0.0007151572665878991,0.001145609114106767,2.565407259988006e-06,-0.0007151601136420899
3,0.0027528100469555515,11.45609125245136,-2.846911510262447,-12.0,-9.998441360734454,12.0,-0.001863081028043535,0.0007151529850472022,0.0007151501381356904,0.001145609125245136,2.564239504487483e-06,-0.0007151529850472006
3,0.0027530100469555516,11.4560913150824,-2.846758320219756,-12.0,-9.998211605454038,12.0,-0.001863074545217889,0.0007151453285234292,0.000715142481765108,0.00114560913150824,2.565406939455084e-06,-0.0007151453285234283
3,0.0027532100469555517,11.45609143882368,-2.8465945841834,-12.0,-9.99796606163278,12.0,-0.001863065210168381,0.0007151371477449396,0.0007151343011503539,0.001145609143882368,2.56424029446459e-06,-0.000715137147744938
3,0.002753410046955552,11.45609151386355,-2.846420339015507,-12.0,-9.997704729658423,12.0,-0.001863057675340895,0.0007151284390642927,0.0007151255926439527,0.001145609151386355,2.56540664320246e-06,-0.0007151284390642917
3,0.002753610046955552,11.45609164996201,-2.846235548404771,-12.0,-9.997427609943646,12.0,-0.001863047290504776,0.0007151192061538888,0.000715116359918339,0.001145609164996201,2.564241107692392e-06,-0.0007151192061538874
3,0.002753810046955552,11.45609173741019,-2.846040249212318,-12.0,-9.997134702926063,12.0,-0.001863038703730534,0.0007151094453713756,0.0007151065993311254,0.001145609173741019,2.565406371227767e-06,-0.0007151094453713745
3,0.002754010046955552,11.45609188586537,-2.845834405194315,-12.0,-9.99682600906821,12.0,-0.001863027269165202,0.0007150991603873908,0.0007150963145529842,0.001145609188586537,2.564241944170287e-06,-0.0007150991603873894
3,0.0027542100469555523,11.4560919857213,-2.845618053210919,-12.0,-9.996501528857559,12.0,-0.001863017630507013,0.0007150883475646648,0.0007150855019466108,0.00114560919857213,2.565406123528642e-06,-0.000715088347564664
3,0.0027544100469555524,11.45609214653267,-2.845391157085734,-12.0,-9.996161262806506,12.0,-0.001863005146276717,0.0007150770105720784,0.00071507416518092,0.001145609214653267,2.564242803897446e-06,-0.0007150770105720772
3,0.0027546100469555525,11.45609225879571,-2.845153753677994,-12.0,-9.995805211452382,12.0,-0.001862994455804078,0.0007150651457774398,0.000715062300623685,0.001145609225879571,2.565405900102551e-06,-0.0007150651457774387
3,0.0027548100469555526,11.4560924319627,-2.844905806878677,-12.0,-9.995433375357436,12.0,-0.001862980921977947,0.0007150527568478772,0.0007150499119420691,0.001145609243196271,2.564243686872898e-06,-0.000715052756847876
3,0.0027550100469555527,11.45609255663217,-2.844647353546152,-12.0,-9.99504575510885,12.0,-0.001862969179767723,0.0007150398401562706,0.0007150369955089162,0.001145609255663217,2.565405700946712e-06,-0.0007150398401562697
3,0.002755210046955553,11.45609274215415,-2.84437835763872,-12.0,-9.994642351318731,12.0,-0.001862954596423408,0.0007150263993680025,0.0007150235549896435,0.001145609274215415,2.564244593095151e-06,-0.0007150263993680011
3,0.002755410046955553,11.4560928792293,-2.844098856013928,-12.0,-9.994223164624104,12.0,-0.001862941802556887,0.0007150124308610185,0.0007150095867621616,0.00114560928792293,2.565405526058577e-06,-0.0007150124308610175
3,0.002755610046955553,11.45609307710557,-2.843808812697342,-12.0,-9.993788195686927,12.0,-0.001862926169778832,0.00071499793829896,0.0007149950944901457,0.001145609307710557,2.564245522563108e-06,-0.0007149979382989586
3,0.002755810046955553,11.45609322658562,-2.843508264545747,-12.0,-9.993337445194074,12.0,-0.001862912324345668,0.0007149829180648336,0.0007149800745565682,0.001145609322658562,2.56540537543498e-06,-0.0007149829180648328
3,0.0027560100469555533,11.45609343681542,-2.843197175651913,-12.0,-9.992870913857336,12.0,-0.001862895642224082,0.000714967373820544,0.0007149645306233669,0.001145609343681543,2.56424647527514e-06,-0.0007149673738205424
3,0.0027562100469555534,11.4560935986995,-2.842875582871907,-12.0,-9.99238860241344,12.0,-0.001862880745320214,0.0007149513019541541,0.0007149484590785703,0.00114560935986995,2.565405249072911e-06,-0.0007149513019541533
3,0.0027564100469555535,11.45609382128204,-2.842543450365661,-12.0,-9.991890511624014,12.0,-0.001862863013952146,0.0007149347061258368,0.0007149318635823848,0.001145609382128204,2.564247451229703e-06,-0.0007149347061258353
3,0.0027566100469555536,11.45609399556923,-2.842200814988566,-12.0,-9.991376642275613,12.0,-0.001862847065679501,0.0007149175827287057,0.0007149147405278896,0.001145609399556923,2.565405146969123e-06,-0.0007149175827287047
3,0.0027568100469555538,11.45609423050364,-2.841847640967652,-12.0,-9.990846995179707,12.0,-0.001862828285169167,0.0007148999354212068,0.0007148970935735645,0.001145609423050364,2.56424845042503e-06,-0.0007148999354212055
3,0.002757010046955554,11.45609441719297,-2.841483965157698,-12.0,-9.990301571172683,12.0,-0.001862811285636704,0.0007148817606014995,0.0007148789191175334,0.001145609441719297,2.565405069119993e-06,-0.0007148817606014986
3,0.002757210046955554,11.45609466447832,-2.841109751852771,-12.0,-9.989740371115836,12.0,-0.001862791456093916,0.000714863061926308,0.0007148602208165548,0.001145609466447832,2.564249472859317e-06,-0.0007148630619263065
3,0.002757410046955554,11.45609486356877,-2.840725037907075,-12.0,-9.98916339589538,12.0,-0.001862773405418388,0.0007148438357988313,0.0007148409950737925,0.001145609486356877,2.565405015522341e-06,-0.0007148438357988306
3,0.002757610046955554,11.45609512320409,-2.840329787681676,-12.0,-9.988570646422438,12.0,-0.001862752526960079,0.0007148240858740778,0.0007148212455442885,0.001145609512320409,2.564250518530363e-06,-0.0007148240858740763
3,0.0027578100469555543,11.45609533469458,-2.839924038030248,-12.0,-9.987962123633041,12.0,-0.001862733425263123,0.0007148038085602801,0.0007148009686362412,0.001145609533469458,2.56540498617219e-06,-0.0007148038085602795
3,0.0027580100469555544,11.45609560667882,-2.83950775338079,-12.0,-9.987337828488132,12.0,-0.001862711498013002,0.0007147830075107356,0.0007147801680029807,0.001145609560667882,2.564251587435982e-06,-0.0007147830075107342
3,0.0027582100469555546,11.45609583056819,-2.839080970586502,-12.0,-9.986697761973556,12.0,-0.001862691345423467,0.0007147616791387064,0.0007147588400577349,0.001145609583056819,2.565404981065937e-06,-0.0007147616791387053
3,0.0027584100469555547,11.45609611490027,-2.838643654142256,-12.0,-9.986041925100062,12.0,-0.0018626683695122,0.0007147398270957821,0.0007147369884521265,0.001145609611490027,2.564252679573728e-06,-0.0007147398270957807
3,0.0027586100469555548,11.45609635118733,-2.838195840900827,-12.0,-9.985370318903316,12.0,-0.001862647166165964,0.0007147174478002498,0.0007147146096044079,0.001145609635118733,2.565405000199552e-06,-0.0007147174478002489
3,0.002758810046955555,11.4560966478661,-2.837737495423909,-12.0,-9.984682944443865,12.0,-0.001862623141730392,0.0007146945449019971,0.0007146917071645003,0.00114560966478661,2.564253794941212e-06,-0.0007146945449019956
3,0.002759010046955555,11.45609689654958,-2.837268654563893,-12.0,-9.983979802807175,12.0,-0.001862600887769808,0.0007146711148243291,0.0007146682775556737,0.001145609689654958,2.565405043568698e-06,-0.0007146711148243283
3,0.002759210046955555,11.45609720557382,-2.83678928294924,-12.0,-9.983260895103598,12.0,-0.001862575814953097,0.0007146471612154372,0.0007146443244261528,0.001145609720557382,2.564254933535822e-06,-0.0007146471612154359
3,0.0027594100469555552,11.45609746665242,-2.836299417432002,-12.0,-9.982526222468387,12.0,-0.001862552510526749,0.0007146226805036394,0.000714619844204221,0.001145609746665242,2.56540511116941e-06,-0.0007146226805036385
3,0.0027596100469555553,11.45609778802086,-2.835799022707358,-12.0,-9.981775786061695,12.0,-0.001862526389479574,0.0007145976763354349,0.0007145948405364108,0.001145609778802086,2.564256095354776e-06,-0.0007145976763354337
3,0.0027598100469555555,11.4560980614932,-2.835288135627067,-12.0,-9.981009587068558,12.0,-0.00186250203474325,0.0007145721451441501,0.0007145693098560136,0.00114560980614932,2.565405202997051e-06,-0.0007145721451441491
3,0.0027600100469555556,11.45609839520453,-2.834766720952959,-12.0,-9.980227626698913,12.0,-0.001862474865622029,0.0007145460905745968,0.0007145432558078744,0.001145609839520453,2.564257280394957e-06,-0.0007145460905745953
3,0.0027602100469555557,11.45609868106918,-2.834234815536554,-12.0,-9.97942990618758,12.0,-0.00186244946073765,0.0007145195090651035,0.0007145166748302869,0.001145609868106919,2.565405319047278e-06,-0.0007145195090651026
3,0.002760410046955556,11.45609902712201,-2.833692384206281,-12.0,-9.978616426794268,12.0,-0.00186242124370666,0.0007144924042588,0.0007144895705664144,0.001145609902712201,2.564258488653339e-06,-0.0007144924042587988
3,0.002760610046955556,11.45609932537749,-2.83313946381346,-12.0,-9.977787189803575,12.0,-0.001862394788842812,0.0007144647725990125,0.0007144619394595477,0.001145609932537749,2.565405459315304e-06,-0.0007144647725990115
3,0.002760810046955556,11.45609968377038,-2.832576019253065,-12.0,-9.976942196524979,12.0,-0.001862365524071195,0.0007144366177271928,0.0007144337851511722,0.001145609968377038,2.564259720126887e-06,-0.0007144366177271915
3,0.002761010046955556,11.45609999441515,-2.832002087376256,-12.0,-9.976081448292835,12.0,-0.00186233801940402,0.0007144079360916586,0.0007144051040895703,0.001145609999441515,2.565405623796401e-06,-0.0007144079360916579
3,0.0027612100469555562,11.4561003651466,-2.831417633144504,-12.0,-9.975204946466388,12.0,-0.001862307707068527,0.0007143787313321898,0.0007143758999145552,0.00114561003651466,2.564260974811893e-06,-0.0007143787313321884
3,0.0027614100469555564,11.45610068817905,-2.830822693408858,-12.0,-9.974312692429748,12.0,-0.001862279152779475,0.0007143489999020899,0.0007143461690793956,0.001145610068817905,2.565405812485378e-06,-0.0007143489999020891
3,0.0027616100469555565,11.45610107124751,-2.830217233197214,-12.0,-9.973404687591911,12.0,-0.001862247793063837,0.000714318745439471,0.0007143159152222364,0.001145610107124752,2.564262252704889e-06,-0.0007143187454394697
3,0.0027618100469555566,11.45610140666599,-2.829601289360567,-12.0,-9.972480933386741,12.0,-0.00186221818934123,0.0007142879644026184,0.000714285134801328,0.001145610140666599,2.565406025377288e-06,-0.0007142879644026174
3,0.0027620100469555567,11.45610180206985,-2.828974826993178,-12.0,-9.971541431272966,12.0,-0.00186218578243569,0.00071425666042798,0.0007142538314531516,0.001145610180206985,2.564263553802506e-06,-0.0007142566604279788
3,0.002762210046955557,11.45610214987265,-2.828337882946027,-12.0,-9.970586182734193,12.0,-0.001862155129475513,0.0007142248299788175,0.0007142220016409337,0.001145610214987265,2.565406262466842e-06,-0.0007142248299788166
3,0.002762410046955557,11.45610255761024,-2.827690422379698,-12.0,-9.96961518927889,12.0,-0.001862121675575871,0.0007141924766899207,0.0007141896489994969,0.001145610255761024,2.564264878100541e-06,-0.0007141924766899193
3,0.002762610046955557,11.45610291779557,-2.827032482145185,-12.0,-9.968628452440385,12.0,-0.001862089973579593,0.0007141595970295208,0.0007141567699970378,0.001145610291779557,2.565406523748731e-06,-0.00071415959702952
3,0.002762810046955557,11.45610333786517,-2.826364027469344,-12.0,-9.967625973776874,12.0,-0.001862055472889358,0.0007141261946307546,0.0007141233682667255,0.001145610333786517,2.56426622559523e-06,-0.0007141261946307531
3,0.0027630100469555573,11.45610371043121,-2.825685095203233,-12.0,-9.966607754871404,12.0,-0.001862022722066283,0.0007140922659668181,0.0007140894402817221,0.001145610371043121,2.565406809217038e-06,-0.0007140922659668171
3,0.0027632100469555574,11.45610414283103,-2.824995650639908,-12.0,-9.965573797331885,12.0,-0.001861987174795447,0.000714057814669199,0.000714054989673547,0.001145610414283103,2.564267596282357e-06,-0.0007140578146691978
3,0.0027634100469555575,11.45610452777589,-2.824295730630547,-12.0,-9.964524102791074,12.0,-0.001861953375359325,0.0007140228372160536,0.0007140200129203219,0.001145610452777589,2.565407118866465e-06,-0.0007140228372160527
3,0.0027636100469555576,11.45610497250409,-2.823585300534354,-12.0,-9.963458672906583,12.0,-0.001861916781724714,0.0007139873372372244,0.0007139845136519225,0.001145610497250409,2.564268990157738e-06,-0.0007139873372372229
3,0.0027638100469555577,11.45610536982583,-2.822864397202657,-12.0,-9.962377509360874,12.0,-0.001861881933898067,0.0007139513112158226,0.0007139484883514246,0.001145610536982583,2.565407452690991e-06,-0.0007139513112158217
3,0.002764010046955558,11.45610582688052,-2.822132986060748,-12.0,-9.961280613861245,12.0,-0.00186184429412208,0.0007139147627800511,0.0007139119406470635,0.001145610582688052,2.564270407216925e-06,-0.0007139147627800498
3,0.002764210046955558,11.45610623657713,-2.821391103960161,-12.0,-9.96016798813985,12.0,-0.001861808398133464,0.0007138776884179698,0.0007138748670268649,0.001145610623657714,2.565407810684622e-06,-0.0007138776884179688
3,0.002764410046955558,11.45610670595636,-2.820638716392222,-12.0,-9.959039633953676,12.0,-0.001861769712445907,0.0007138400917561468,0.000713837271117429,0.001145610670595636,2.564271847455408e-06,-0.0007138400917561454
3,0.002764610046955558,11.45610712802579,-2.8198758602087,-12.0,-9.957895553084548,12.0,-0.00186173276852968,0.0007138019692875858,0.0007137991494117245,0.001145610712802579,2.565408192841295e-06,-0.0007138019692875848
3,0.0027648100469555583,11.45610760972752,-2.819102500966899,-12.0,-9.956735747339122,12.0,-0.00186169303716749,0.0007137633246372236,0.0007137605055347212,0.001145610760972753,2.564273310868372e-06,-0.0007137633246372223
3,0.0027650100469555584,11.45610804416766,-2.818318675518873,-12.0,-9.955560218548897,12.0,-0.001861655045566002,0.0007137241543030032,0.0007137213359843268,0.001145610804416767,2.565408599154802e-06,-0.0007137241543030024
3,0.0027652100469555585,11.45610853818985,-2.817524349487844,-12.0,-9.954368968570185,12.0,-0.001861614268771464,0.0007136844619082354,0.0007136816443838844,0.001145610853818985,2.564274797451035e-06,-0.0007136844619082341
3,0.0027654100469555586,11.45610898499851,-2.816719559726188,-12.0,-9.953161999284136,12.0,-0.001861575229731945,0.0007136442439557957,0.000713641427236235,0.001145610898499851,2.56540902961859e-06,-0.0007136442439557948
3,0.0027656100469555587,11.45610949133902,-2.815904271922997,-12.0,-9.951939312596723,12.0,-0.001861533407754975,0.0007136035040673739,0.0007136006881631007,0.001145610949133902,2.564276307198337e-06,-0.0007136035040673726
3,0.002765810046955559,11.45610995051398,-2.815078522931007,-12.0,-9.950700910438732,12.0,-0.001861493321533469,0.0007135622387507733,0.0007135594236722495,0.001145610995051399,2.565409484226177e-06,-0.0007135622387507726
3,0.002766010046955559,11.45611046917062,-2.814242278505112,-12.0,-9.949446794765763,12.0,-0.00186145045463014,0.0007135204516260664,0.0007135176373837866,0.001145611046917062,2.564277840105172e-06,-0.000713520451626065
3,0.002766210046955559,11.4561109407096,-2.813395575498461,-12.0,-9.948176967558247,12.0,-0.001861409321486884,0.0007134781392059795,0.0007134753258104029,0.00114561109407096,2.565409962970972e-06,-0.0007134781392059786
3,0.002766410046955559,11.45611147168013,-2.8125383797317,-12.0,-9.946891430821411,12.0,-0.001861365409920129,0.0007134353051089725,0.0007134324925705915,0.001145611147168013,2.56427939616622e-06,-0.0007134353051089712
3,0.0027666100469555593,11.45611195558078,-2.811670728058412,-12.0,-9.945590186585287,12.0,-0.001861323230123334,0.0007133919458526883,0.0007133891341819594,0.001145611195558078,2.565410465846003e-06,-0.0007133919458526876
3,0.0027668100469555594,11.4561124988629,-2.810792586364938,-12.0,-9.94427323690472,12.0,-0.001861278274162223,0.0007133480650539797,0.000713345254261392,0.00114561124988629,2.564280975376132e-06,-0.0007133480650539783
3,0.0027670100469555595,11.45611299512281,-2.809903991505359,-12.0,-9.942940583859361,12.0,-0.001861235047987412,0.0007133036592354011,0.0007133008493314087,0.001145611299512281,2.565410992844204e-06,-0.0007133036592354002
3,0.0027672100469555596,11.45611355071417,-2.809004909431639,-12.0,-9.94159222955364,12.0,-0.001861189047908413,0.0007132587320122015,0.0007132559230072907,0.001145611355071417,2.564282577729142e-06,-0.0007132587320122001
3,0.0027674100469555598,11.45611405933089,-2.808095376998387,-12.0,-9.940228176116797,12.0,-0.001861144775635713,0.0007132132799118418,0.000713210471816464,0.001145611405933089,2.565411543958754e-06,-0.0007132132799118411
3,0.00276761004695556,11.45611462722908,-2.807175360223147,-12.0,-9.938848425702863,12.0,-0.001861097731721125,0.0007131673065479728,0.0007131644993726113,0.001145611462722908,2.56428420321964e-06,-0.0007131673065479716
3,0.00276781004695556,11.45611514820009,-2.806244895961094,-12.0,-9.937452980490644,12.0,-0.001861052413638985,0.0007131208084529559,0.000713118002208059,0.001145611514820009,2.565412119182014e-06,-0.0007131208084529551
3,0.00276801004695556,11.45611572840262,-2.805303950295285,-12.0,-9.936041842683741,12.0,-0.001861004326177896,0.000713073789238847,0.0007130709839348954,0.001145611572840262,2.564285851841874e-06,-0.0007130737892388457
3,0.00276821004695556,11.45611626172535,-2.80435256008151,-12.0,-9.934615014510541,12.0,-0.001860957962580789,0.000713026245442904,0.0007130234410903431,0.001145611626172535,2.565412718506665e-06,-0.0007130262454429032
3,0.0027684100469555603,11.45611685422971,-2.803390691468284,-12.0,-9.933172498224195,12.0,-0.001860908831868893,0.0007129781806755925,0.0007129753772848996,0.001145611685422971,2.564287523589733e-06,-0.0007129781806755912
3,0.0027686100469555604,11.45611739990152,-2.802418381312031,-12.0,-9.931714296102621,12.0,-0.001860861423058092,0.0007129295914790599,0.0007129267890606778,0.001145611739990152,2.56541334192531e-06,-0.0007129295914790591
3,0.0027688100469555606,11.45611800470512,-2.801435595826681,-12.0,-9.93024041044854,12.0,-0.001860811249397908,0.0007128804814621871,0.00071287768002659,0.001145611800470512,2.564289218456937e-06,-0.000712880481462186
3,0.0027690100469555607,11.45611856272333,-2.800442371869351,-12.0,-9.92875084358941,12.0,-0.001860762795680775,0.0007128308471720068,0.0007128280467296339,0.001145611856272333,2.565413989430019e-06,-0.0007128308471720061
3,0.0027692100469555608,11.45611917982351,-2.799438675719292,-12.0,-9.927245597877452,12.0,-0.001860711579381505,0.0007127806922158174,0.0007127778927771402,0.001145611917982351,2.564290936437375e-06,-0.000712780692215816
3,0.002769410046955561,11.45611975018538,-2.798424544234356,-12.0,-9.925724675689668,12.0,-0.001860662081071918,0.0007127300131455321,0.000712727214720987,0.001145611975018538,2.565414661013249e-06,-0.0007127300131455313
3,0.002769610046955561,11.45612037957946,-2.797399943759086,-12.0,-9.924188079427797,12.0,-0.001860609822449244,0.0007126788135668725,0.0007126760161669273,0.001145612037957946,2.564292677524291e-06,-0.0007126788135668711
3,0.002769810046955561,11.45612096228218,-2.796364911152083,-12.0,-9.922635811518328,12.0,-0.001860559279868287,0.0007126270900366254,0.0007126242936717132,0.001145612096228218,2.565415356666729e-06,-0.0007126270900366246
3,0.0027700100469555612,11.45612160396739,-2.795319412823124,-12.0,-9.92106787441251,12.0,-0.001860505979244203,0.00071257484615894,0.0007125720508395258,0.001145612160396739,2.564294441711223e-06,-0.0007125748461589386
3,0.0027702100469555613,11.4561221990081,-2.794263485631615,-12.0,-9.91948427058633,12.0,-0.00186045439271954,0.0007125220784954724,0.0007125192842319859,0.00114561221990081,2.565416076382428e-06,-0.0007125220784954717
3,0.0027704100469555615,11.45612285298163,-2.793197096052491,-12.0,-9.917885002540512,12.0,-0.001860400050422688,0.0007124687906488035,0.000712465997451706,0.001145612285298163,2.564296228991457e-06,-0.000712468790648802
3,0.0027706100469555616,11.45612346035742,-2.792120280946,-12.0,-9.916270072800518,12.0,-0.001860347420288581,0.0007124149791854527,0.0007124121870651709,0.001145612346035742,2.56541682015209e-06,-0.0007124149791854519
3,0.0027708100469555617,11.45612412661639,-2.791033006852189,-12.0,-9.914639483916549,12.0,-0.001860292036654627,0.0007123606477064372,0.000712357856673429,0.001145612412661639,2.56429803935811e-06,-0.000712360647706436
3,0.002771010046955562,11.45612474632428,-2.789935310632182,-12.0,-9.91299323846352,12.0,-0.00186023836325024,0.0007123057927831348,0.0007123030028478232,0.001145612474632428,2.565417587967387e-06,-0.0007123057927831338
3,0.002771210046955562,11.45612542486577,-2.78882715889107,-12.0,-9.911331339041077,12.0,-0.001860181938621088,0.0007122504180150022,0.0007122476291878419,0.001145612542486577,2.564299872804129e-06,-0.0007122504180150006
3,0.002771410046955562,11.45612605690273,-2.787708588490895,-12.0,-9.909653788273594,12.0,-0.001860127222295291,0.0007121945199782707,0.0007121917322696813,0.001145612605690273,2.565418379819521e-06,-0.00071219451997827
3,0.002771610046955562,11.45612674772374,-2.786579566101744,-12.0,-9.907960588810145,12.0,-0.001860069757019476,0.0007121381022708415,0.000712135315691274,0.001145612674772374,2.564301729322171e-06,-0.0007121381022708401
3,0.0027718100469555623,11.45612739208668,-2.785440128586596,-12.0,-9.906251743324523,12.0,-0.001860013998125019,0.0007120811614737934,0.0007120783760336639,0.001145612739208669,2.565419195700134e-06,-0.0007120811614737928
3,0.0027720100469555624,11.45612809518417,-2.784290242680482,-12.0,-9.904527254515237,12.0,-0.001859955492557431,0.0007120237011834769,0.0007120209168932327,0.001145612809518417,2.564303608905036e-06,-0.0007120237011834755
3,0.0027722100469555625,11.45612875186996,-2.783129945247368,-12.0,-9.902787125105483,12.0,-0.001859898691454894,0.0007119657179858125,0.0007119629348558663,0.001145612875186996,2.565420035600229e-06,-0.0007119657179858116
3,0.0027724100469555626,11.45612946724082,-2.781959203087141,-12.0,-9.901031357843156,12.0,-0.001859839145958079,0.0007119072154756028,0.0007119044335163983,0.001145612946724082,2.564305511545178e-06,-0.0007119072154756015
3,0.0027726100469555627,11.45613013624624,-2.780778053064811,-12.0,-9.899259955500868,12.0,-0.00185978130301481,0.0007118481902436065,0.0007118454094655526,0.001145613013624624,2.565420899510529e-06,-0.0007118481902436058
3,0.002772810046955563,11.45613086388733,-2.779586462045076,-12.0,-9.897472920875899,12.0,-0.00185972071795608,0.0007117886458830835,0.0007117858662966201,0.001145613086388733,2.56430743723503e-06,-0.0007117886458830822
3,0.002773010046955563,11.45613154520912,-2.77838446689399,-12.0,-9.895670256790213,12.0,-0.001859661833544794,0.0007117285789896234,0.0007117258006051554,0.001145613154520912,2.565421787422277e-06,-0.0007117285789896223
3,0.002773210046955563,11.45613228511721,-2.777172034541013,-12.0,-9.89385196609047,12.0,-0.001859600209299495,0.000711667993154947,0.000711665215982911,0.001145613228511721,2.56430938596683e-06,-0.0007116679931549457
3,0.002773410046955563,11.45613297875205,-2.775949201853302,-12.0,-9.892018051648,12.0,-0.001859540283800683,0.0007116068849794706,0.0007116041090302679,0.001145613297875205,2.565422699326048e-06,-0.0007116068849794699
3,0.0027736100469555633,11.45613373092387,-2.774715935825003,-12.0,-9.890168516358798,12.0,-0.001859477620750583,0.0007115452580533808,0.0007115424833374438,0.001145613373092387,2.564311357732608e-06,-0.0007115452580533796
3,0.0027738100469555634,11.4561344368684,-2.773472273324402,-12.0,-9.888303363143537,12.0,-0.001859416654550908,0.0007114831089819145,0.00071148033550964,0.00114561344368684,2.565423635212317e-06,-0.0007114831089819135
3,0.0027740100469555635,11.45613520130062,-2.772218181410286,-12.0,-9.886422594947552,12.0,-0.00185935295308297,0.0007114204413537278,0.0007114176691355451,0.001145613520130062,2.564313352524413e-06,-0.0007114204413537266
3,0.0027742100469555636,11.45613591955139,-2.770953696952105,-12.0,-9.884526214740825,12.0,-0.001859290946576045,0.0007113572517788728,0.0007113544808251749,0.001145613591955139,2.565424595071631e-06,-0.000711357251778872
3,0.0027744100469555637,11.45613669624061,-2.769678787073217,-12.0,-9.882614225518003,12.0,-0.001859226207085558,0.0007112935438444799,0.0007112907741656914,0.001145613669624061,2.564315370333907e-06,-0.0007112935438444786
3,0.002774610046955564,11.45613742679416,-2.768393488644277,-12.0,-9.880686630298381,12.0,-0.0018591631606707,0.0007112293141654112,0.0007112265457719217,0.001145613742679416,2.565425578894454e-06,-0.0007112293141654104
3,0.002774810046955564,11.45613821573693,-2.767097768853156,-12.0,-9.878743432125889,12.0,-0.001859097383558877,0.0007111645663272746,0.0007111617992295043,0.001145613821573693,2.56431741115256e-06,-0.0007111645663272732
3,0.002775010046955564,11.45613895858969,-2.765791664571747,-12.0,-9.87678463406911,12.0,-0.001859033297642241,0.0007110992969497373,0.0007110965311580719,0.001145613895858969,2.565426586670859e-06,-0.0007110992969497364
3,0.002775210046955564,11.45613975978252,-2.764475143052368,-12.0,-9.874810239221244,12.0,-0.001858966483316985,0.0007110335096168889,0.0007110307451417445,0.001145613975978252,2.564319474972117e-06,-0.0007110335096168877
3,0.0027754100469555643,11.4561405149309,-2.763148241168182,-12.0,-9.872820250700133,12.0,-0.001858901358311509,0.000710967200953196,0.000710964437804954,0.00114561405149309,2.565427618390659e-06,-0.0007109672009531951
3,0.0027756100469555644,11.45614132837022,-2.761810926235917,-12.0,-9.870814671648247,12.0,-0.001858833507186897,0.0007109003745412344,0.0007108976127303069,0.001145614132837022,2.56432156178398e-06,-0.0007109003745412331
3,0.0027758100469555645,11.45614209581055,-2.760463235130023,-12.0,-9.86879350523266,12.0,-0.001858767343512174,0.0007108330270102646,0.0007108302665470284,0.001145614209581055,2.565428674043917e-06,-0.0007108330270102636
3,0.0027760100469555646,11.45614292149274,-2.759105135231569,-12.0,-9.866756754645078,12.0,-0.001858698456008943,0.0007107651619413522,0.0007107624028362156,0.001145614292149274,2.564323671579219e-06,-0.0007107651619413509
3,0.0027762100469555647,11.45614370122131,-2.757736663416341,-12.0,-9.8647044231018,12.0,-0.001858631254091154,0.0007106967759685468,0.0007106940182318825,0.001145614370122131,2.565429753620245e-06,-0.000710696775968546
3,0.002776410046955565,11.45614453914271,-2.756357787129676,-12.0,-9.86263651384374,12.0,-0.00185856133063693,0.0007106278726714075,0.0007106251163136191,0.001145614453914271,2.564325804348845e-06,-0.0007106278726714063
3,0.002776610046955565,11.45614533115573,-2.754968543248746,-12.0,-9.860553030136417,12.0,-0.001858493090908383,0.000710558448688768,0.0007105556937202238,0.001145614533115573,2.565430857109341e-06,-0.0007105584486887672
3,0.002776810046955565,11.45614618131259,-2.75356889928309,-12.0,-9.858453975269924,12.0,-0.001858422131936534,0.0007104885075986849,0.0007104857540297841,0.001145614618131259,2.56432796008397e-06,-0.0007104885075986835
3,0.002777010046955565,11.45614698560624,-2.752158892111278,-12.0,-9.85633935255896,12.0,-0.001858352854837116,0.000710418046044769,0.0007104152938858761,0.001145614698560624,2.565431984500547e-06,-0.0007104180460447681
3,0.0027772100469555653,11.45614784799478,-2.750738489307017,-12.0,-9.85420916534281,12.0,-0.00185828086078883,0.0007103470676035806,0.00071034431686509,0.001145614784799478,2.564330138775145e-06,-0.0007103470676035795
3,0.0027774100469555654,11.45614866456517,-2.749307727750304,-12.0,-9.85206341698532,12.0,-0.001858210546762748,0.0007102755689235025,0.0007102728196157739,0.001145614866456517,2.565433135783144e-06,-0.0007102755689235017
3,0.0027776100469555655,11.45614953918153,-2.747866575078941,-12.0,-9.849902110874929,12.0,-0.001858137518084906,0.0007102035535796003,0.0007102008057130238,0.001145614953918153,2.564332340413133e-06,-0.0007102035535795988
3,0.0027778100469555657,11.45615036802472,-2.746415068174386,-12.0,-9.847725250424622,12.0,-0.001858066167585751,0.0007101310182250245,0.0007101282718099554,0.001145615036802472,2.565434310946597e-06,-0.0007101310182250236
3,0.0027780100469555658,11.45615125486501,-2.744953174738477,-12.0,-9.845532839071966,12.0,-0.001857992104731764,0.0007100579664333503,0.0007100552214801742,0.001145615125486501,2.56433456498827e-06,-0.000710057966433349
3,0.002778210046955566,11.45615209597698,-2.743480931654183,-12.0,-9.843324880279082,12.0,-0.001857919718217012,0.0007099843948624908,0.0007099816513815583,0.001145615209597698,2.565435509979619e-06,-0.00070998439486249
3,0.002778410046955566,11.45615299503722,-2.741998306687301,-12.0,-9.841101377532631,12.0,-0.001857844621647554,0.0007099103070845342,0.0007099075650862263,0.001145615299503722,2.564336812491091e-06,-0.0007099103070845332
3,0.002778610046955566,11.45615384841393,-2.740505336722331,-12.0,-9.838862334343828,12.0,-0.00185777119958327,0.0007098356997621508,0.0007098329592568132,0.001145615384841393,2.565436732871151e-06,-0.0007098356997621497
3,0.0027788100469555662,11.45615475969011,-2.739001989588991,-12.0,-9.836607754248437,12.0,-0.001857695069764844,0.0007097605764659459,0.000709757837463955,0.001145615475969011,2.56433908291154e-06,-0.0007097605764659446
3,0.0027790100469555663,11.45615562532743,-2.737488302173334,-12.0,-9.834337640806735,12.0,-0.001857620612622532,0.000709684933863341,0.0007096821963750381,0.001145615562532743,2.56543797960995e-06,-0.0007096849338633401
3,0.0027792100469555664,11.45615654881546,-2.735964242368932,-12.0,-9.832051997603553,12.0,-0.001857543450028359,0.0007096087755234636,0.0007096060395592197,0.001145615654881546,2.564341376239898e-06,-0.0007096087755234622
3,0.0027794100469555666,11.45615742670922,-2.734429847063428,-12.0,-9.82975082824822,12.0,-0.001857467958286573,0.00070953209811848,0.0007095293636886322,0.001145615742670922,2.565439250184616e-06,-0.0007095320981184793
3,0.0027796100469555667,11.45615836240498,-2.732885084214185,-12.0,-9.827434136374611,12.0,-0.00185738976339583,0.0007094549052160439,0.0007094521723309584,0.001145615836240498,2.564343692466017e-06,-0.0007094549052160426
3,0.002779810046955567,11.45615925255094,-2.731329990710472,-12.0,-9.825101925641086,12.0,-0.001857313237539315,0.0007093771934930623,0.0007093744621630705,0.001145615925255094,2.565440544583479e-06,-0.0007093771934930614
3,0.002780010046955567,11.45616020045023,-2.729764534573377,-12.0,-9.822754199730529,12.0,-0.001857234010839174,0.0007092989665157167,0.0007092962367511806,0.001145616020045023,2.564346031579611e-06,-0.0007092989665157153
3,0.002780210046955567,11.45616110284411,-2.728188752693832,-12.0,-9.820390962350327,12.0,-0.001857156451359509,0.0007092202209656505,0.0007092174927768969,0.001145616110284411,2.565441862795019e-06,-0.0007092202209656495
3,0.002780410046955567,11.45616206294269,-2.726602613156577,-12.0,-9.818012217232342,12.0,-0.001857076193342738,0.0007091409604075777,0.0007091382338049632,0.001145616206294269,2.564348393570251e-06,-0.0007091409604075765
3,0.0027806100469555672,11.45616297758013,-2.725006152854232,-12.0,-9.81561796813294,12.0,-0.001856997600737483,0.0007090611815278717,0.0007090584565217179,0.001145616297758013,2.565443204807269e-06,-0.0007090611815278708
3,0.0027808100469555674,11.45616394987368,-2.72339933993516,-12.0,-9.81320821883298,12.0,-0.001856916311902613,0.0007089808878897835,0.0007089781644904422,0.001145616394987368,2.564350778427408e-06,-0.000708980887889782
3,0.0027810100469555675,11.45616487675028,-2.721782211293674,-12.0,-9.810782973137766,12.0,-0.001856836686676715,0.0007089000761844102,0.0007088973544021979,0.001145616487675029,2.565444570608374e-06,-0.0007089000761844093
3,0.0027812100469555676,11.45616586123446,-2.72015473514168,-12.0,-9.808342234877102,12.0,-0.001856754367530086,0.0007088187499735435,0.000708816029818807,0.001145616586123446,2.564353186140535e-06,-0.0007088187499735423
3,0.0027814100469555677,11.45616680034576,-2.718516948375261,-12.0,-9.805886007905254,12.0,-0.001856673710194916,0.0007087369059530002,0.0007087341874360509,0.001145616680034576,2.565445960185952e-06,-0.0007087369059529994
3,0.002781610046955568,11.45616779701612,-2.716868819269778,-12.0,-9.803414296100923,12.0,-0.001856590361248416,0.0007086545476831156,0.0007086518308142951,0.001145616779701613,2.56435561669885e-06,-0.0007086545476831145
3,0.002781810046955568,11.45616874835761,-2.715210384723092,-12.0,-9.80092710336729,12.0,-0.001856508672320504,0.0007085716718644207,0.000708568956654035,0.001145616874835761,2.565447373528e-06,-0.0007085716718644197
3,0.002782010046955568,11.45616975720969,-2.713541613074,-12.0,-9.798424433631975,12.0,-0.001856424294093635,0.0007084882820557988,0.0007084855685141844,0.001145616975720969,2.564358070091157e-06,-0.0007084882820557976
3,0.002782210046955568,11.45617072077678,-2.711862541222152,-12.0,-9.79590629084703,12.0,-0.001856341574098005,0.0007084043749624886,0.0007084016630999467,0.001145617072077678,2.565448810621989e-06,-0.0007084043749624879
3,0.0027824100469555683,11.45617174180603,-2.710173137569693,-12.0,-9.793372678988932,12.0,-0.001856256167115829,0.0007083199541419252,0.0007083172439687862,0.001145617174180603,2.564360546306367e-06,-0.000708319954141924
3,0.0027826100469555684,11.4561727175941,-2.708473439018125,-12.0,-9.79082360205863,12.0,-0.001856172416581823,0.0007082350163040513,0.0007082323078306114,0.00114561727175941,2.565450271455679e-06,-0.0007082350163040505
3,0.0027828100469555685,11.45617375079594,-2.706763414032892,-12.0,-9.788259064081448,12.0,-0.001856085981376743,0.0007081495650048569,0.0007081468582414414,0.001145617375079594,2.564363045333313e-06,-0.0007081495650048557
3,0.0027830100469555686,11.45617473880029,-2.705043099517328,-12.0,-9.785679069107132,12.0,-0.001856001200842002,0.0007080635969589813,0.000708060891915881,0.001145617473880029,2.565451756015973e-06,-0.0007080635969589805
3,0.0027832100469555687,11.45617578417006,-2.703312464000127,-12.0,-9.78308362120986,12.0,-0.0018559137379524,0.0007079771157209745,0.0007079744124085092,0.001145617578417006,2.564365567160532e-06,-0.0007079771157209733
3,0.002783410046955569,11.45617678438595,-2.70157154438652,-12.0,-9.780472724488199,12.0,-0.001855827927959983,0.0007078901180101688,0.0007078874164386234,0.001145617678438595,2.565453264290434e-06,-0.000707890118010168
3,0.002783610046955569,11.45617784191894,-2.699820309268358,-12.0,-9.777846383065102,12.0,-0.001855739437930285,0.0007078026073796756,0.0007077999075593651,0.001145617784191894,2.564368111776455e-06,-0.0007078026073796743
3,0.002783810046955569,11.45617885434157,-2.69805879555279,-12.0,-9.775204601087925,12.0,-0.001855652599030819,0.0007077145805535144,0.000707711882494718,0.001145617885434157,2.565454796265667e-06,-0.0007077145805535135
3,0.002784010046955569,11.45617992403302,-2.696286971894787,-12.0,-9.772547382728408,12.0,-0.001855563082412679,0.0007076260410833634,0.0007076233447963903,0.001145617992403302,2.564370679169647e-06,-0.0007076260410833622
3,0.0027842100469555693,11.45618094865752,-2.694504875203429,-12.0,-9.769874732182652,12.0,-0.001855475215162599,0.0007075369856979232,0.0007075342911930472,0.001145618094865751,2.565456351928875e-06,-0.0007075369856979224
3,0.0027844100469555694,11.4561820305026,-2.692712474196731,-12.0,-9.767186653671141,12.0,-0.001855384672513918,0.0007074474179474422,0.0007074447252349668,0.00114561820305026,2.56437326932803e-06,-0.000707447417947441
3,0.0027846100469555695,11.45618306732406,-2.69090980578576,-12.0,-9.764483151438725,12.0,-0.001855295777475752,0.0007073573345652973,0.0007073546436554909,0.001145618306732406,2.565457931266642e-06,-0.0007073573345652966
3,0.0027848100469555696,11.4561841613179,-2.689096838751506,-12.0,-9.761764229754595,12.0,-0.001855204209361214,0.0007072667391003102,0.0007072640500034703,0.00114561841613179,2.564375882239658e-06,-0.0007072667391003089
3,0.0027850100469555697,11.45618521033132,-2.687273610007018,-12.0,-9.759029892912288,12.0,-0.001855114287104669,0.000707175628290528,0.000707172941016917,0.001145618521033132,2.565459534265643e-06,-0.0007071756282905271
3,0.00278521004695557,11.45618631646898,-2.685440088396231,-12.0,-9.756280145229724,12.0,-0.001855021694095308,0.0007070840056833504,0.0007070813202432608,0.001145618631646898,2.564378517892607e-06,-0.0007070840056833493
3,0.00278541004695557,11.45618737766936,-2.683596310834217,-12.0,-9.753514991049112,12.0,-0.001854930745196147,0.0007069918680214903,0.0007069891844251787,0.001145618737766936,2.565461160912307e-06,-0.0007069918680214896
3,0.00278561004695557,11.45618849594584,-2.68174224622774,-12.0,-9.750734434736993,12.0,-0.001854837127868445,0.0007068992188509265,0.000706896537108679,0.001145618849594584,2.564381176274434e-06,-0.0007068992188509253
3,0.00278581004695557,11.45618956932807,-2.679877931493954,-12.0,-9.74793848068428,12.0,-0.001854745152910237,0.0007068060549190333,0.000706803375041101,0.001145618956932807,2.565462811193028e-06,-0.0007068060549190326
3,0.0027860100469555703,11.45619069973832,-2.67800333560242,-12.0,-9.745127133306147,12.0,-0.001854650511848499,0.0007067123797703739,0.0007067097017670369,0.001145619069973832,2.564383857372582e-06,-0.0007067123797703727
3,0.0027862100469555704,11.45619178529725,-2.676118495472332,-12.0,-9.74230039704208,12.0,-0.001854557511418668,0.0007066181901569756,0.0007066155140384792,0.001145619178529725,2.565464485094196e-06,-0.0007066181901569747
3,0.0027864100469555705,11.45619292783617,-2.674223380136016,-12.0,-9.739458276355911,12.0,-0.001854461847213792,0.0007065234896219907,0.0007065208153986093,0.001145619292783617,2.564386561174639e-06,-0.0007065234896219896
3,0.0027866100469555706,11.4561940255666,-2.672318026514772,-12.0,-9.736600775735726,12.0,-0.001854367821908223,0.0007064282749220962,0.0007064256026040689,0.001145619402556661,2.565466182601388e-06,-0.0007064282749220954
3,0.0027868100469555708,11.45619518022901,-2.670402403703569,-12.0,-9.733727899693896,12.0,-0.001854271135156257,0.0007063325495990341,0.0007063298791966291,0.001145619518022901,2.564389287668069e-06,-0.0007063325495990328
3,0.002787010046955571,11.45619629012569,-2.668476548625842,-12.0,-9.730839652767095,12.0,-0.001854176085577383,0.0007062363104141261,0.0007062336419375767,0.001145619629012569,2.565467903700877e-06,-0.0007062363104141253
3,0.002787210046955571,11.45619745690637,-2.666540430439184,-12.0,-9.727936039516266,12.0,-0.001854078376882141,0.0007061395609077093,0.0007061368943672777,0.001145619745690637,2.564392036839786e-06,-0.0007061395609077081
3,0.002787410046955571,11.45619857896397,-2.664594086069165,-12.0,-9.725017064526593,12.0,-0.001853982303637147,0.0007060422978457436,0.0007060396332516565,0.001145619857896397,2.565469648378337e-06,-0.0007060422978457428
3,0.002787610046955571,11.45619975785763,-2.662637484735922,-12.0,-9.722082732407547,12.0,-0.001853883573608768,0.0007059445247671638,0.0007059418621296777,0.001145619975785763,2.56439480867707e-06,-0.0007059445247671625
3,0.0027878100469555713,11.45620089207078,-2.660670663367215,-12.0,-9.719133047792845,12.0,-0.001853786477313058,0.0007058462384425639,0.0007058435777718996,0.001145620089207078,2.565471416619275e-06,-0.000705846238442563
3,0.0027880100469555714,11.45620208307209,-2.658693591245643,-12.0,-9.716168015340426,12.0,-0.001853686726566848,0.0007057474424094796,0.0007057447837158869,0.00114562020830721,2.564397603166528e-06,-0.0007057474424094784
3,0.0027882100469555715,11.45620322943535,-2.656706305301173,-12.0,-9.713187639732489,12.0,-0.001853588607841745,0.0007056481334431323,0.0007056454767368262,0.001145620322943535,2.565473208409383e-06,-0.0007056481334431316
3,0.0027884100469555717,11.45620443253892,-2.654708774878836,-12.0,-9.710191925675463,12.0,-0.00185348783700086,0.000705548315079664,0.0007055456603708879,0.001145620443253892,2.564400420294958e-06,-0.0007055483150796627
3,0.0027886100469555718,11.4562055910468,-2.652701036910807,-12.0,-9.70718087789998,12.0,-0.001853388696474128,0.0007054479840989181,0.0007054453313978805,0.00114562055910468,2.565475023733932e-06,-0.0007054479840989173
3,0.002788810046955572,11.45620680624717,-2.650683060804462,-12.0,-9.704154501160888,12.0,-0.001853286906167012,0.0007053471440356439,0.0007053444933525818,0.001145620680624717,2.564403260048893e-06,-0.0007053471440356426
3,0.002789010046955572,11.45620797689412,-2.64865488349424,-12.0,-9.701112800237256,12.0,-0.001853186744473132,0.0007052457916743025,0.0007052431430194182,0.001145620797689412,2.565476862578048e-06,-0.0007052457916743016
3,0.002789210046955572,11.45620920418578,-2.646616474449811,-12.0,-9.698055779932353,12.0,-0.001853083935336067,0.0007051439305482555,0.0007051412839317797,0.001145620920418578,2.564406122415094e-06,-0.0007051439305482543
3,0.0027894100469555722,11.4562103869662,-2.644567870607874,-12.0,-9.694983445073618,12.0,-0.001852982753115062,0.0007050415574465752,0.0007050389128787038,0.00114562103869662,2.565478724926807e-06,-0.0007050415574465744
3,0.0027896100469555723,11.45621162634359,-2.642509041500321,-12.0,-9.691895800512691,12.0,-0.001852878925789821,0.0007049386759012382,0.0007049360333921954,0.001145621162634359,2.564409007379613e-06,-0.000704938675901237
3,0.0027898100469555724,11.45621282125181,-2.640440024066166,-12.0,-9.688792851125397,12.0,-0.001852776723688787,0.0007048352827059238,0.000704832642265899,0.001145621282125181,2.565480610764989e-06,-0.0007048352827059231
3,0.0027900100469555726,11.45621407270929,-2.638360787899448,-12.0,-9.685674601811698,12.0,-0.001852671878823607,0.0007047313813912264,0.000704728743030437,0.001145621407270929,2.564411914928729e-06,-0.000704731381391225
3,0.0027902100469555727,11.45621527973961,-2.636271369941492,-12.0,-9.682541057495742,12.0,-0.00185256865749638,0.0007046269687554258,0.000704624332484055,0.001145621527973961,2.565482520077674e-06,-0.0007046269687554251
3,0.002790410046955573,11.4562165432715,-2.634171739848455,-12.0,-9.679392223125832,12.0,-0.001852462795746833,0.0007045220483277389,0.0007045194141559978,0.00114562165432715,2.564414845048216e-06,-0.0007045220483277378
3,0.002790610046955573,11.45621776241813,-2.632061934563987,-12.0,-9.676228103674392,12.0,-0.001852358555852665,0.0007044166169110412,0.0007044139848491059,0.001145621776241813,2.56548445284942e-06,-0.0007044166169110405
3,0.002790810046955573,11.4562190380187,-2.62994192380628,-12.0,-9.673048704138006,12.0,-0.00185225167787964,0.000704310678033174,0.0007043080480912488,0.00114562190380187,2.564417797724117e-06,-0.0007043106780331727
3,0.002791010046955573,11.4562202692758,-2.627811744521364,-12.0,-9.66985402953739,12.0,-0.001852146420085086,0.0007042042285016034,0.000704201600689858,0.00114562202692758,2.565486409064647e-06,-0.0007042042285016027
3,0.0027912100469555732,11.45622155693924,-2.625671366489376,-12.0,-9.666644084917351,12.0,-0.001852038526556839,0.0007040972718427988,0.0007040946461714311,0.001145622155693925,2.564420772942184e-06,-0.0007040972718427975
3,0.0027914100469555734,11.45622280030093,-2.623520826658747,-12.0,-9.663418875346853,12.0,-0.001851932251534469,0.0007039898048688113,0.0007039871813479838,0.001145622280030093,2.565488388707706e-06,-0.0007039898048688106
3,0.0027916100469555735,11.4562241000214,-2.621360094871512,-12.0,-9.660178405918916,12.0,-0.001851823343124475,0.0007038818311047416,0.0007038792097446456,0.00114562241000214,2.564423770688141e-06,-0.0007038818311047405
3,0.0027918100469555736,11.45622535548172,-2.619189208078502,-12.0,-9.656922681750697,12.0,-0.00185171605155384,0.0007037733473672203,0.0007037707281780113,0.001145622535548172,2.565490391762834e-06,-0.0007037733473672195
3,0.0027920100469555737,11.4562266672533,-2.617008136183617,-12.0,-9.653651707983439,12.0,-0.001851606128943285,0.0007036643571799834,0.0007036617401718461,0.00114562266672533,2.564426790947342e-06,-0.0007036643571799822
3,0.002792210046955574,11.45622793480626,-2.614816916140096,-12.0,-9.650365489782436,12.0,-0.001851497821509857,0.000703554857364235,0.0007035522425473179,0.001145622793480626,2.565492418214035e-06,-0.0007035548573642341
3,0.002792410046955574,11.45622925862298,-2.612615517913617,-12.0,-9.647064032337095,12.0,-0.001851386885385442,0.0007034448514423488,0.0007034422388268299,0.001145622925862298,2.564429833704882e-06,-0.0007034448514423478
3,0.002792610046955574,11.45623053826251,-2.610403978459871,-12.0,-9.643747340860848,12.0,-0.00185127756278135,0.0007033343362400986,0.0007033317258361191,0.001145623053826251,2.565494468045459e-06,-0.0007033343362400977
3,0.002792810046955574,11.45623187411835,-2.608182267806241,-12.0,-9.640415420591212,12.0,-0.001851165613836272,0.0007032233152784984,0.0007032207070962294,0.001145623187411835,2.564432898946133e-06,-0.0007032233152784972
3,0.0027930100469555743,11.45623316583833,-2.605950422910905,-12.0,-9.637068276789755,12.0,-0.00185105527676,0.0007031117853878856,0.000703109179437462,0.001145623316583833,2.565496541240846e-06,-0.000703111785387885
3,0.0027932100469555744,11.45623451372719,-2.60370841386288,-12.0,-9.633705914742055,12.0,-0.001850942315694332,0.0007029997500879188,0.0007029971463795038,0.001145623451372719,2.56443598665582e-06,-0.0007029997500879176
3,0.0027934100469555745,11.45623581752145,-2.601456277622837,-12.0,-9.63032833975776,12.0,-0.001850830964850616,0.000702887206213493,0.0007028846047572147,0.001145623581752145,2.565498637783963e-06,-0.0007028872062134923
3,0.0027936100469555746,11.45623717743721,-2.599193984341369,-12.0,-9.626935557170501,12.0,-0.001850716992370196,0.0007027741572829145,0.0007027715580889288,0.001145623717743721,2.56443909681912e-06,-0.0007027741572829132
3,0.0027938100469555747,11.45623849329951,-2.59692157098166,-12.0,-9.623527572337956,12.0,-0.001850604628470418,0.0007026606001356303,0.0007026580032140587,0.001145623849329951,2.565500757658109e-06,-0.0007026606001356296
3,0.002794010046955575,11.45623986523595,-2.594639007755835,-12.0,-9.620104390641808,12.0,-0.001850489645288571,0.0007025465382885984,0.0007025439436495895,0.001145623986523595,2.56444222942071e-06,-0.0007025465382885973
3,0.002794210046955575,11.45624119316001,-2.592346331629591,-12.0,-9.616666017487708,12.0,-0.001850376269049662,0.0007024319685858125,0.00070242937623948,0.001145624119316001,2.565502900846894e-06,-0.0007024319685858117
3,0.002794410046955575,11.45624257711089,-2.590043512876501,-12.0,-9.613212458305325,12.0,-0.001850260275885476,0.0007023168945428836,0.0007023143044993695,0.001145624257711089,2.564445384445058e-06,-0.0007023168945428824
3,0.002794610046955575,11.45624391709035,-2.587730588464836,-12.0,-9.609743718548312,12.0,-0.001850145888031766,0.0007022013130083484,0.0007021987252777591,0.001145624391709035,2.565505067333465e-06,-0.0007022013130083477
3,0.0027948100469555753,11.45624531304934,-2.585407528729536,-12.0,-9.606259803694265,12.0,-0.001850028885610223,0.000702085227496474,0.000702082642088944,0.001145624531304934,2.564448561876618e-06,-0.0007020852274964729
3,0.0027950100469555754,11.4562466650778,-2.583074370641438,-12.0,-9.602760719244765,12.0,-0.001849913486872208,0.0007019686348603332,0.0007019660517859619,0.00114562466650778,2.56550725710094e-06,-0.0007019686348603327
3,0.0027952100469555755,11.45624807303856,-2.580731084596822,-12.0,-9.599246470725358,12.0,-0.001849795475925283,0.0007018515386128547,0.000701848957881769,0.001145624807303856,2.564451761699936e-06,-0.0007018515386128536
3,0.0027954100469555756,11.45624943710954,-2.578377707569102,-12.0,-9.595717063685502,12.0,-0.001849679067039414,0.0007017339356116407,0.0007017313572339324,0.001145624943710954,2.565509470132013e-06,-0.0007017339356116401
3,0.0027956100469555757,11.45625085706562,-2.576014210015807,-12.0,-9.592172503698622,12.0,-0.00184956004830571,0.0007016158293682827,0.0007016132533540714,0.001145625085706562,2.564454983899256e-06,-0.0007016158293682816
3,0.002795810046955576,11.45625223317263,-2.573640628912978,-12.0,-9.58861279636207,12.0,-0.00184944263001535,0.00070149721674491,0.0007014946431042803,0.001145625223317263,2.565511706409823e-06,-0.0007014972167449094
3,0.002796010046955576,11.45625366511755,-2.571256934779321,-12.0,-9.585037947297105,12.0,-0.00184932260423885,0.0007013781012517794,0.0007013755299948434,0.001145625366511755,2.564458228458185e-06,-0.0007013781012517783
3,0.002796210046955576,11.45625505325399,-2.568863164593497,-12.0,-9.581447962148887,12.0,-0.001849204177293812,0.0007012584797555399,0.0007012559108923744,0.001145625505325399,2.565513965916978e-06,-0.0007012584797555392
3,0.002796410046955576,11.45625649718121,-2.566459288935341,-12.0,-9.577842846586504,12.0,-0.001849083145225522,0.0007011383557651177,0.0007011357893058275,0.001145625649718121,2.564461495360948e-06,-0.0007011383557651164
3,0.0027966100469555763,11.45625789734046,-2.564045344786171,-12.0,-9.574222606302934,12.0,-0.001848963710381075,0.0007010177261516772,0.0007010151621063315,0.001145625789734046,2.565516248636045e-06,-0.0007010177261516763
3,0.0027968100469555764,11.45625935324337,-2.561621302786866,-12.0,-9.570587247015013,12.0,-0.001848841672778839,0.000700896594422816,0.0007008940328015118,0.001145625935324337,2.564464784591081e-06,-0.0007008965944228148
3,0.0027970100469555765,11.45626076541874,-2.559187199921407,-12.0,-9.566936774463478,12.0,-0.001848721230797449,0.000700774957454208,0.0007007723982670073,0.001145626076541874,2.565518554549479e-06,-0.0007007749574542072
3,0.0027972100469555766,11.45626223329069,-2.556743006891681,-12.0,-9.563271194412938,12.0,-0.001848598188424243,0.0007006528187521269,0.0007006502620091188,0.001145626223329069,2.564468096132236e-06,-0.0007006528187521257
3,0.0027974100469555768,11.45626365747542,-2.554288760684332,-12.0,-9.559590512651816,12.0,-0.001848476740074908,0.0007005301751967492,0.0007005276209079877,0.001145626365747542,2.565520883639475e-06,-0.0007005301751967485
3,0.002797610046955577,11.45626513730971,-2.551824432062166,-12.0,-9.555894734992425,12.0,-0.001848352693700893,0.000700407030293027,0.0007004044784685937,0.001145626513730971,2.564471429967957e-06,-0.0007004070302930259
3,0.002797810046955577,11.456266573497,-2.549350058014555,-12.0,-9.552183867270914,12.0,-0.00184823023975817,0.0007002833809256366,0.0007002808315755778,0.0011456266573497,2.565523235888268e-06,-0.0007002833809256359
3,0.002798010046955577,11.45626806528684,-2.54686560936514,-12.0,-9.548457915347226,12.0,-0.00184810519015992,0.0007001592305982098,0.0007001566837325991,0.001145626806528684,2.56447478608146e-06,-0.0007001592305982087
3,0.002798210046955577,11.45626951346983,-2.544371123106009,-12.0,-9.544716885105162,12.0,-0.001847981731405228,0.000700034576199916,0.0007000320318287922,0.001145626951346983,2.565525611277724e-06,-0.0007000345761999153
3,0.0027984100469555773,11.4562710172084,-2.541866570121616,-12.0,-9.540960782452327,12.0,-0.001847855679365372,0.0006999094212330724,0.000699906879366501,0.00114562710172084,2.564478164456013e-06,-0.0006999094212330711
3,0.0027986100469555774,11.45627247738017,-2.539351987406767,-12.0,-9.53718961332011,12.0,-0.001847731216586116,0.0006997837625913351,0.0006997812232393469,0.001145627247738017,2.565528009789709e-06,-0.0006997837625913343
3,0.0027988100469555775,11.45627399306058,-2.536827345906621,-12.0,-9.533403383663682,12.0,-0.001847604162893888,0.0006996576037757072,0.00069965506694836,0.001145627399306058,2.564481565074681e-06,-0.0006996576037757061
3,0.0027990100469555777,11.45627546521415,-2.534292682618768,-12.0,-9.529602099462055,12.0,-0.001847478696884111,0.0006995309416843295,0.0006995284073916461,0.001145627546521415,2.565530431406072e-06,-0.0006995309416843288
3,0.0027992100469555778,11.45627699282947,-2.531747968549025,-12.0,-9.525785766717958,12.0,-0.001847350642334671,0.0006994037798168944,0.0006994012480689246,0.001145627699282947,2.564484987920159e-06,-0.0006994037798168933
3,0.002799410046955578,11.45627847695781,-2.529193240697712,-12.0,-9.521954391457879,12.0,-0.00184722417389479,0.0006992761150760174,0.0006992735858827759,0.001145627847695781,2.565532876108405e-06,-0.0006992761150760167
3,0.002799610046955578,11.45628001650101,-2.526628470131278,-12.0,-9.518107979732125,12.0,-0.001847095119289988,0.0006991479509600859,0.0006991454243316145,0.001145628001650101,2.564488432975439e-06,-0.0006991479509600848
3,0.002799810046955578,11.45628151259703,-2.524053693852821,-12.0,-9.514246537614683,12.0,-0.001846967649226651,0.0006990192843761873,0.0006990167603224925,0.001145628151259703,2.565535343878012e-06,-0.0006990192843761863
3,0.0028000100469555782,11.45628306406108,-2.521468882989279,-12.0,-9.510370071203289,12.0,-0.001846837595374629,0.0006988901188214021,0.000698887597352518,0.001145628306406108,2.564491900223054e-06,-0.000698890118821401
3,0.0028002100469555783,11.45628457211763,-2.518874074546573,-12.0,-9.50647858661942,12.0,-0.001846709124500755,0.0006987604512072854,0.0006987579323332101,0.001145628457211763,2.565537834696279e-06,-0.0006987604512072847
3,0.0028004100469555785,11.45628613549541,-2.516269239712116,-12.0,-9.502572090008275,12.0,-0.001846578072215777,0.0006986302850296171,0.0006986277687603762,0.001145628613549541,2.564495389645358e-06,-0.0006986302850296159
3,0.0028006100469555786,11.45628765550528,-2.513654415494617,-12.0,-9.498650587538721,12.0,-0.00184644860135048,0.0006984996172044111,0.0006984971035499949,0.001145628765550528,2.565540348544441e-06,-0.0006984996172044104
3,0.0028008100469555787,11.45628923078961,-2.511029573141883,-12.0,-9.49471408540336,12.0,-0.001846316551453221,0.0006983684512261489,0.0006983659401965745,0.001145628923078961,2.564498901224837e-06,-0.0006983684512261477
3,0.002801010046955579,11.45629076274555,-2.508394749665468,-12.0,-9.490762589818472,12.0,-0.001846186081421985,0.0006982367840153011,0.0006982342756205507,0.001145629076274555,2.565542885403486e-06,-0.0006982367840153004
3,0.002801210046955579,11.4562923499292,-2.505749916373485,-12.0,-9.48679610702399,12.0,-0.001846053034739451,0.0006981046190650518,0.0006981021133151341,0.00114562923499292,2.564502434943611e-06,-0.0006981046190650505
3,0.002801410046955579,11.45629389382387,-2.503095110280335,-12.0,-9.482814643283543,12.0,-0.001845921566374659,0.0006979719533003216,0.0006979694502052103,0.001145629389382387,2.565545445254269e-06,-0.0006979719533003209
3,0.002801610046955579,11.45629549289957,-2.500430302754402,-12.0,-9.478818204884416,12.0,-0.001845787523740759,0.0006978387902130026,0.0006978362897826987,0.001145629549289957,2.564505990783774e-06,-0.0006978387902130015
3,0.0028018100469555792,11.45629704872561,-2.497755530812936,-12.0,-9.474806798137518,12.0,-0.001845655057879896,0.000697705126732459,0.0006977026289769274,0.001145629704872561,2.565548028077329e-06,-0.0006977051267324583
3,0.0028020100469555794,11.456298659686,-2.495070765884487,-12.0,-9.470780429377387,12.0,-0.001845520020133787,0.0006975709663492912,0.0006975684712785241,0.0011456298659686,2.56450956872742e-06,-0.00069757096634929
3,0.0028022100469555795,11.45630022743597,-2.492376044989209,-12.0,-9.466739104962253,12.0,-0.001845386557621798,0.000697436305997305,0.0006974338136212591,0.001145630022743597,2.565550633853709e-06,-0.0006974363059973044
3,0.0028024100469555796,11.45630185027365,-2.489671339615783,-12.0,-9.462682831273897,12.0,-0.001845250525608945,0.0006973011491658126,0.0006972986594944718,0.001145630185027365,2.564513168755891e-06,-0.0006973011491658115
3,0.0028026100469555797,11.45630342994007,-2.486956686787202,-12.0,-9.458611614717706,12.0,-0.00184511606729649,0.0006971654927930512,0.0006971630058363636,0.001145630342994007,2.56555326256373e-06,-0.0006971654927930503
3,0.00280281004695558,11.45630506464759,-2.484232058052237,-12.0,-9.454525461722731,12.0,-0.001844979041869588,0.0006970293403670504,0.0006970268561349912,0.001145630506464759,2.564516790851145e-06,-0.0006970293403670495
3,0.00280301004695558,11.45630665622289,-2.481497490436795,-12.0,-9.450424378741545,12.0,-0.001844843588613678,0.0006968926888304758,0.0006968902073329845,0.001145630665622289,2.565555914187728e-06,-0.000696892688830475
3,0.00280321004695558,11.45630830279273,-2.478752955549591,-12.0,-9.446308372250305,12.0,-0.001844705570631191,0.0006967555416700727,0.000696753062917116,0.001145630830279273,2.564520434994757e-06,-0.0006967555416700715
3,0.00280341004695558,11.45630990626933,-2.475998490419459,-12.0,-9.442177448748758,12.0,-0.001844569123295599,0.0006966178958329305,0.0006966154198344395,0.001145630990626933,2.56555858870574e-06,-0.00069661789583293
3,0.0028036100469555803,11.4563115646939,-2.473234066715059,-12.0,-9.438031614760208,12.0,-0.001844430113622028,0.000696479754804516,0.0006964772815704482,0.00114563115646939,2.564524101167676e-06,-0.0006964797548045149
3,0.0028038100469555804,11.45631318006413,-2.470459721468126,-12.0,-9.433870876831469,12.0,-0.001844292673075799,0.0006963411155363351,0.0006963386450766129,0.001145631318006413,2.565561286098222e-06,-0.0006963411155363342
3,0.0028040100469555805,11.45631485033582,-2.467675426407166,-12.0,-9.429695241532926,12.0,-0.001844152672582628,0.0006962019815125772,0.0006961995138371495,0.001145631485033582,2.564527789351371e-06,-0.0006962019815125761
3,0.0028042100469555806,11.45631647759196,-2.464881218566885,-12.0,-9.42550471545849,12.0,-0.001844014239701711,0.0006960623496891614,0.0006960598848079421,0.001145631647759196,2.565564006344871e-06,-0.0006960623496891607
3,0.0028044100469555807,11.45631815970308,-2.46207706973554,-12.0,-9.42129930522555,12.0,-0.001843873249265647,0.0006959222235490021,0.0006959197614719311,0.001145631815970308,2.564531499526994e-06,-0.0006959222235490009
3,0.002804610046955581,11.45631979883734,-2.459263016950794,-12.0,-9.417079017475032,12.0,-0.001843733824932486,0.0006957816000524245,0.0006957791407894069,0.001145631979883734,2.565566749425454e-06,-0.0006957816000524239
3,0.002804810046955581,11.45632149278015,-2.456439032060644,-12.0,-9.412843858871362,12.0,-0.001843591845437529,0.0006956404826810729,0.0006956380262420396,0.001145632149278015,2.564535231675444e-06,-0.0006956404826810718
3,0.002805010046955581,11.45632314378471,-2.453605152105686,-12.0,-9.408593836102407,12.0,-0.001843451430540273,0.0006954988683996728,0.0006954964147945198,0.001145632314378471,2.565569515319639e-06,-0.0006954988683996721
3,0.002805210046955581,11.4563248495514,-2.450761348993579,-12.0,-9.404328955879556,12.0,-0.001843308462876223,0.0006953567606885991,0.0006953543099272488,0.00114563248495514,2.564538985777427e-06,-0.0006953567606885978
3,0.0028054100469555813,11.45632651241836,-2.447907659767893,-12.0,-9.400049224937618,12.0,-0.001843167058309663,0.0006952141565169734,0.0006952117086093128,0.001145632651241836,2.565572304007016e-06,-0.0006952141565169725
3,0.0028056100469555814,11.45632823000108,-2.445044056395862,-12.0,-9.395754650034894,12.0,-0.001843023103372819,0.0006950710593639043,0.0006950686143198469,0.001145632823000107,2.564542761813662e-06,-0.0006950710593639032
3,0.0028058100469555815,11.4563299047225,-2.442170575924044,-12.0,-9.391445237953077,12.0,-0.001842880710037771,0.0006949274662029039,0.0006949250240323272,0.00114563299047225,2.565575115466835e-06,-0.0006949274662029032
3,0.0028060100469555816,11.45633163411332,-2.439287190379179,-12.0,-9.38712099549733,12.0,-0.001842735768729864,0.0006947833805118162,0.0006947809412246248,0.001145633163411332,2.564546559764763e-06,-0.0006947833805118151
3,0.0028062100469555817,11.45633332068119,-2.436393936810849,-12.0,-9.382781929496238,12.0,-0.001842592387533001,0.0006946387992685397,0.000694636362874602,0.001145633332068119,2.565577949678659e-06,-0.000694638799268539
3,0.002806410046955582,11.45633506187214,-2.433490787305202,-12.0,-9.37842804680175,12.0,-0.001842446460763402,0.0006944937259496559,0.0006944912924588673,0.001145633506187214,2.564550379611019e-06,-0.0006944937259496549
3,0.002806610046955582,11.45633676027841,-2.43057777891484,-12.0,-9.374059354289255,12.0,-0.001842302092618542,0.0006943481575374423,0.0006943457269596625,0.001145633676027841,2.565580806621156e-06,-0.0006943481575374415
3,0.002806810046955582,11.45633851326147,-2.427654883785304,-12.0,-9.369675858857526,12.0,-0.001842155181301629,0.0006942020975072233,0.0006941996698523385,0.001145633851326147,2.564554221332675e-06,-0.0006942020975072223
3,0.002807010046955582,11.456340223498,-2.424722138972189,-12.0,-9.365277567428677,12.0,-0.00184200982712852,0.0006940555428456496,0.0006940531181235097,0.001145634022349801,2.565583686273604e-06,-0.0006940555428456488
3,0.0028072100469555823,11.45634198826507,-2.421779516680348,-12.0,-9.360864486948223,12.0,-0.001841861932184971,0.0006939084970267889,0.0006939060752472708,0.001145634198826507,2.564558084909899e-06,-0.0006939084970267876
3,0.0028074100469555824,11.45634371032371,-2.418827053968426,-12.0,-9.356436624385033,12.0,-0.001841715592909402,0.0006937609570416615,0.0006937585382146068,0.001145634371032371,2.565586588614985e-06,-0.0006937609570416607
3,0.0028076100469555825,11.45634548686664,-2.415864723100486,-12.0,-9.35199398673128,12.0,-0.001841566715266752,0.0006936129263630808,0.0006936105104983564,0.001145634548686664,2.564561970322344e-06,-0.0006936129263630795
3,0.0028078100469555826,11.45634722073914,-2.412892561138226,-12.0,-9.347536581002522,12.0,-0.00184141939182086,0.0006934644019864304,0.0006934619890938686,0.001145634722073914,2.565589513623713e-06,-0.0006934644019864296
3,0.0028080100469555828,11.45634900904975,-2.409910540404873,-12.0,-9.343064414237586,12.0,-0.00184126953241294,0.0006933153873832725,0.000693312977472731,0.001145634900904975,2.564565877550204e-06,-0.0006933153873832714
3,0.002808210046955583,11.45635075472782,-2.406918697965169,-12.0,-9.338577493498644,12.0,-0.00184112122573418,0.0006931658795533482,0.0006931634726346495,0.001145635075472782,2.565592461278485e-06,-0.0006931658795533475
3,0.002808410046955583,11.45635255479782,-2.403917006201466,-12.0,-9.334075825871173,12.0,-0.001840970385500052,0.000693015881966972,0.0006930134780499644,0.001145635255479782,2.564569806573026e-06,-0.0006930158819669708
3,0.002808610046955583,11.45635431227313,-2.400905502181536,-12.0,-9.329559418463889,12.0,-0.001840821096534269,0.000692865391628236,0.000692862990722733,0.001145635431227313,2.56559543155792e-06,-0.0006928653916282353
3,0.002808810046955583,11.45635612409422,-2.397884158346761,-12.0,-9.325028278408835,12.0,-0.001840669276419845,0.0006927144120062086,0.0006927120141220491,0.001145635612409422,2.564573757370345e-06,-0.0006927144120062075
3,0.0028090100469555833,11.45635789335834,-2.394853011768014,-12.0,-9.320482412861308,12.0,-0.001840519006116439,0.0006925629401093302,0.0006925605452563176,0.001145635789335834,2.565598424440013e-06,-0.0006925629401093294
3,0.0028092100469555834,11.45635971692215,-2.3918120349456,-12.0,-9.315921828999826,12.0,-0.001840366207074367,0.0006924109794054238,0.0006924085875933876,0.001145635971692215,2.564577729921707e-06,-0.0006924109794054227
3,0.0028094100469555836,11.45636149796663,-2.388761264953491,-12.0,-9.311346534026201,12.0,-0.001840214956391039,0.0006922585269072717,0.0006922561381460061,0.001145636149796663,2.565601439902938e-06,-0.0006922585269072711
3,0.0028096100469555837,11.45636333326473,-2.385700674350876,-12.0,-9.306756535165421,12.0,-0.00184006117937895,0.0006921055860814557,0.0006921032003807802,0.001145636333326473,2.564581724206364e-06,-0.0006921055860814546
3,0.0028098100469555838,11.45636512608105,-2.382630300214813,-12.0,-9.302151839665745,12.0,-0.001839908949277715,0.000691952153945094,0.000691949771314793,0.001145636512608105,2.565604477924924e-06,-0.0006919521539450932
3,0.002810010046955584,11.45636697310494,-2.379550115163314,-12.0,-9.297532454798592,12.0,-0.001839754195260956,0.0006917982339635289,0.0006917958544134126,0.001145636697310494,2.564585740203284e-06,-0.0006917982339635278
3,0.002810210046955584,11.45636877768452,-2.376460156276527,-12.0,-9.292898387858614,12.0,-0.001839600986712086,0.0006916438231582094,0.0006916414466980524,0.001145636877768452,2.565607538483753e-06,-0.0006916438231582087
3,0.002810410046955584,11.45637063642566,-2.373360396231237,-12.0,-9.288249646163647,12.0,-0.001839445256660577,0.0006914889249932422,0.0006914865516328448,0.001145637063642566,2.56458977789152e-06,-0.0006914889249932412
3,0.0028106100469555842,11.45637245275988,-2.370250872110669,-12.0,-9.283586237054664,12.0,-0.001839291070638849,0.0006913335364944002,0.0006913311662435273,0.001145637245275988,2.565610621557347e-06,-0.0006913335364943995
3,0.0028108100469555843,11.45637432320967,-2.36713155665029,-12.0,-9.278908167895835,12.0,-0.001839134365529865,0.0006911776611245555,0.0006911752939929977,0.001145637432320967,2.564593837250014e-06,-0.0006911776611245546
3,0.0028110100469555845,11.45637615128982,-2.364002486936471,-12.0,-9.274215446074487,12.0,-0.001838979203016785,0.0006910212959138024,0.0006910189319113147,0.001145637615128982,2.565613727123072e-06,-0.0006910212959138017
3,0.0028112100469555846,11.4563780334396,-2.360863635763254,-12.0,-9.269508079001039,12.0,-0.001838821523833065,0.0006908644443237794,0.0006908620834601424,0.00114563780334396,2.564597918257457e-06,-0.0006908644443237785
3,0.0028114100469555847,11.45637987325695,-2.357715040220134,-12.0,-9.264786074109079,12.0,-0.001838665385816365,0.0006907071033888952,0.0006907047456738541,0.001145637987325695,2.565616855158635e-06,-0.0006907071033888946
3,0.002811610046955585,11.45638176709799,-2.354556673159723,-12.0,-9.260049438855312,12.0,-0.001838506733547193,0.0006905492765695599,0.0006905469220128856,0.001145638176709799,2.564602020892457e-06,-0.000690549276569559
3,0.002811810046955585,11.45638361864373,-2.351388571674614,-12.0,-9.255298180719505,12.0,-0.001838349621021373,0.0006903909609044898,0.0006903886095159175,0.001145638361864374,2.565620005641285e-06,-0.0006903909609044892
3,0.002812010046955585,11.45638552416727,-2.348210708675889,-12.0,-9.250532307204557,12.0,-0.001838189996662089,0.0006902321598528677,0.000690229811642158,0.001145638552416727,2.564606145133463e-06,-0.0006902321598528668
3,0.002812210046955585,11.45638738743255,-2.345023121259304,-12.0,-9.245751825836443,12.0,-0.001838031910626529,0.0006900728704577146,0.0006900705254345926,0.001145638738743255,2.565623178548284e-06,-0.000690072870457714
3,0.0028124100469555853,11.45638930462974,-2.341825782394327,-12.0,-9.240956744164187,12.0,-0.00183787131517788,0.0006899130961769873,0.0006899107543512035,0.001145638930462974,2.564610290958764e-06,-0.000689913096176986
3,0.0028126100469555854,11.45639117960563,-2.338618729179823,-12.0,-9.236147069759845,12.0,-0.001837712256639283,0.0006897528340580029,0.0006897504954392729,0.001145639117960563,2.56562637385682e-06,-0.0006897528340580022
3,0.0028128100469555855,11.4563931084676,-2.335401934643639,-12.0,-9.23132281021861,12.0,-0.001837550691109451,0.0006895920875574981,0.0006895897521555622,0.001145639310846761,2.564614458346568e-06,-0.000689592087557497
3,0.0028130100469555856,11.45639499514512,-2.332175435887792,-12.0,-9.226483973158611,12.0,-0.001837390661079789,0.0006894308537270827,0.0006894285215516459,0.001145639499514513,2.565629591543726e-06,-0.0006894308537270819
3,0.0028132100469555857,11.45639693566293,-2.328939205998335,-12.0,-9.221630566221027,12.0,-0.001837228126482612,0.0006892691360222704,0.0006892668070830632,0.001145639693566293,2.564618647274967e-06,-0.0006892691360222692
3,0.002813410046955586,11.45639883403306,-2.325693282080474,-12.0,-9.21676259707006,12.0,-0.001837067125980716,0.0006891069314989593,0.0006891046058056765,0.001145639883403306,2.565632831585664e-06,-0.0006891069314989587
3,0.002813610046955586,11.45640078619768,-2.322437637278465,-12.0,-9.21188007339291,12.0,-0.001836903623335733,0.0006889442436114457,0.0006889419211738073,0.001145640078619768,2.564622857721673e-06,-0.0006889442436114446
3,0.002813810046955586,11.45640269625132,-2.319172308700648,-12.0,-9.20698300289972,12.0,-0.001836741653385693,0.000688781069419908,0.0006887787502475986,0.001145640269625132,2.565636093959541e-06,-0.0006887810694199074
3,0.002814010046955586,11.45640466005371,-2.3158972695494,-12.0,-9.202071393323653,12.0,-0.001836577183719369,0.0006886174123774264,0.0006886150964801557,0.001145640466005371,2.564627089664699e-06,-0.0006886174123774253
3,0.0028142100469555863,11.45640658178172,-2.312612556936257,-12.0,-9.197145252420817,12.0,-0.001836414245352023,0.0006884532695484567,0.000688450956935899,0.001145640658178172,2.565639378641917e-06,-0.0006884532695484561
3,0.0028144100469555864,11.45640855721276,-2.309318144121611,-12.0,-9.192204587970238,12.0,-0.001836248809696115,0.0006882886443848638,0.0006882863350667184,0.001145640855721276,2.564631343081574e-06,-0.0006882886443848626
3,0.0028146100469555865,11.45641049060593,-2.306014068220175,-12.0,-9.187249407773912,12.0,-0.001836084903948373,0.0006881235339553744,0.0006881212279413055,0.001145641049060593,2.56564268560923e-06,-0.0006881235339553736
3,0.0028148100469555866,11.45641247765644,-2.302700302550341,-12.0,-9.182279719656758,12.0,-0.001835918503341182,0.0006879579417106427,0.0006879556390103391,0.001145641247765644,2.564635617949641e-06,-0.0006879579417106418
3,0.0028150100469555867,11.45641442270552,-2.299376884229985,-12.0,-9.17729553146658,12.0,-0.001835753631255904,0.0006877918647236603,0.0006877895653467753,0.001145641442270552,2.565646014837476e-06,-0.0006877918647236595
3,0.002815210046955587,11.45641642136626,-2.296043786635376,-12.0,-9.172296851074062,12.0,-0.001835586266741637,0.0006876253064438698,0.000687623010400082,0.001145641642136626,2.564639914246571e-06,-0.0006876253064438687
3,0.002815410046955587,11.45641837806193,-2.292701046887615,-12.0,-9.167283686372858,12.0,-0.001835420429367801,0.0006874582639485251,0.0006874559712474774,0.001145641837806193,2.565649366303248e-06,-0.0006874582639485244
3,0.002815610046955587,11.45642038832363,-2.289348638420812,-12.0,-9.162256045279415,12.0,-0.001835252101997179,0.0006872907406858616,0.000687288451337222,0.001145642038832363,2.564644231949276e-06,-0.0006872907406858603
3,0.002815810046955587,11.45642235665651,-2.285986598359195,-12.0,-9.157213935733031,12.0,-0.001835085300390076,0.0006871227337373843,0.0006871204477507853,0.001145642235665651,2.565652739982184e-06,-0.0006871227337373836
3,0.0028160100469555873,11.45642437850981,-2.282614900194691,-12.0,-9.152157365695944,12.0,-0.00183491601121913,0.0006869542465501265,0.0006869519639352251,0.001145642437850981,2.564648571035095e-06,-0.0006869542465501253
3,0.0028162100469555874,11.45642635847047,-2.279233581054731,-12.0,-9.147086343153141,12.0,-0.001834748246439509,0.0006867852762098419,0.00068678299697626,0.001145642635847047,2.565656135850435e-06,-0.000686785276209841
3,0.0028164100469555875,11.45642839190597,-2.275842614488866,-12.0,-9.14200087611243,12.0,-0.001834577996531109,0.0006866158261623576,0.0006866135503197418,0.001145642839190597,2.564652931480788e-06,-0.0006866158261623564
3,0.0028166100469555876,11.45643038348493,-2.272442037627783,-12.0,-9.136900972604515,12.0,-0.001834409269646955,0.0006864458934976738,0.0006864436210556355,0.001145643038348493,2.565659553883714e-06,-0.0006864458934976731
3,0.0028168100469555877,11.45643242849316,-2.269031824078658,-12.0,-9.13178664068281,12.0,-0.001834238060069773,0.0006862754816604164,0.0006862732126285911,0.001145643242849316,2.564657313263158e-06,-0.0006862754816604152
3,0.002817010046955588,11.45643443168086,-2.265612010975324,-12.0,-9.126657888423528,12.0,-0.001834068372153864,0.0006861045877448211,0.0006861023221328094,0.001145643443168086,2.565662994057597e-06,-0.0006861045877448204
3,0.002817210046955588,11.45643648825233,-2.262182571982532,-12.0,-9.121514723925685,12.0,-0.001833896203982777,0.0006859332151943163,0.0006859309530117432,0.001145643648825233,2.564661716359227e-06,-0.0006859332151943154
3,0.002817410046955588,11.45643850303917,-2.258743544237351,-12.0,-9.116357155311054,12.0,-0.001833725556114544,0.000685761361107371,0.0006857591023638262,0.001145643850303917,2.56566645634733e-06,-0.0006857613611073703
3,0.002817610046955588,11.45644057116428,-2.255294901461971,-12.0,-9.111185190724111,12.0,-0.00183355243043027,0.0006855890289262153,0.0006855867736313126,0.001145644057116428,2.564666140745185e-06,-0.0006855890289262141
3,0.0028178100469555883,11.45644259754061,-2.251836680796663,-12.0,-9.105998838332107,12.0,-0.001833380823695377,0.0006854162157535451,0.0006854139639168637,0.001145644259754061,2.56566994072862e-06,-0.0006854162157535445
3,0.0028180100469555884,11.45644467720973,-2.24836885602106,-12.0,-9.100798106325017,12.0,-0.001833206741584802,0.0006852429250303969,0.0006852406766615398,0.001145644467720973,2.564670586397561e-06,-0.0006852429250303958
3,0.0028182100469555885,11.45644671516583,-2.244891464278613,-12.0,-9.095583002915477,12.0,-0.001833034177074253,0.0006850691538636872,0.000685066908972222,0.001145644671516583,2.56567344717661e-06,-0.0006850691538636865
3,0.0028184100469555886,11.45644880636928,-2.241404479406284,-12.0,-9.090353536338862,12.0,-0.001832859139630173,0.0006848949056932588,0.0006848926642887783,0.001145644880636928,2.564675053292712e-06,-0.0006848949056932578
3,0.0028186100469555888,11.45645085589537,-2.237907938550769,-12.0,-9.085109714853225,12.0,-0.001832685618442296,0.0006847201776302462,0.000684717939722307,0.001145645085589537,2.565676975666136e-06,-0.0006847201776302456
3,0.002818810046955589,11.4564529586234,-2.234401815606273,-12.0,-9.079851546739267,12.0,-0.001832509626763863,0.0006845449731133005,0.0006845427387114837,0.00114564529586234,2.564679541406677e-06,-0.0006845449731132995
3,0.002819010046955589,11.45645501970965,-2.230886147722675,-12.0,-9.074579040300318,12.0,-0.001832335150001797,0.0006843692892577649,0.0006843670583716165,0.001145645501970965,2.56568052617243e-06,-0.0006843692892577643
3,0.002819210046955589,11.45645713395246,-2.227360908851417,-12.0,-9.069292203862446,12.0,-0.001832158205193922,0.0006841931295011039,0.0006841909021401939,0.001145645713395246,2.564684050715401e-06,-0.0006841931295011029
3,0.002819410046955589,11.45645920658899,-2.223826136145603,-12.0,-9.06399104577426,12.0,-0.001831982773967234,0.0006840164909628665,0.0006840142671367294,0.001145645920658899,2.565684098670284e-06,-0.0006840164909628658
3,0.0028196100469555893,11.45646133233671,-2.220281803613737,-12.0,-9.058675574406998,12.0,-0.001831804877141203,0.0006838393770793271,0.0006838371567975224,0.001145646133233671,2.564688581194905e-06,-0.0006838393770793261
3,0.0028198100469555894,11.45646341651357,-2.21672794841217,-12.0,-9.053345798154524,12.0,-0.001831628492565533,0.0006836617849742361,0.0006836595682462869,0.001145646341651357,2.565687693134425e-06,-0.0006836617849742355
3,0.0028200100469555896,11.45646555375629,-2.213164544606474,-12.0,-9.048001725433302,12.0,-0.00183144964483792,0.000683483718082684,0.0006834815049181382,0.001145646555375629,2.564693132820751e-06,-0.0006834837180826828
3,0.0028202100469555897,11.45646764946348,-2.209591629356193,-12.0,-9.042643364682322,12.0,-0.001831272308035349,0.0006833051735326136,0.0006833029639409836,0.001145646764946348,2.565691309539352e-06,-0.0006833051735326129
3,0.0028204100469555898,11.45646979819122,-2.206009176783868,-12.0,-9.03727072436318,12.0,-0.001831092510529282,0.0006831261547579324,0.0006831239487487544,0.001145646979819122,2.564697705568722e-06,-0.0006831261547579313
3,0.00282061004695559,11.45647190541868,-2.202417224052298,-12.0,-9.031883812960027,12.0,-0.001830914222627676,0.0006829466588907736,0.0006829444564735488,0.001145647190541868,2.565694947859358e-06,-0.000682946658890773
3,0.00282081004695559,11.45647406562141,-2.198815745340891,-12.0,-9.026482638979497,12.0,-0.001830733476472582,0.0006827666893638616,0.0006827644905481152,0.001145647406562141,2.564702299414164e-06,-0.0006827666893638606
3,0.00282101004695559,11.45647618435902,-2.195204777815672,-12.0,-9.021067210950799,12.0,-0.001830554238604431,0.0006825862433135133,0.0006825840481087347,0.001145647618435902,2.565698608068966e-06,-0.0006825862433135127
3,0.0028212100469555902,11.45647835602666,-2.191584295712905,-12.0,-9.015637537425645,12.0,-0.001830372544935514,0.0006824053241712751,0.0006824031325869782,0.001145647835602666,2.564706914332612e-06,-0.0006824053241712741
3,0.0028214100469555903,11.45648048626426,-2.187954336201809,-12.0,-9.010193626978204,12.0,-0.001830192358241397,0.00068222392907764,0.0006822217411233034,0.001145648048626426,2.565702290142178e-06,-0.0006822239290776395
3,0.0028216100469555905,11.45648266938665,-2.184314873575415,-12.0,-9.004735488205183,12.0,-0.001830009718198964,0.0006820420614629778,0.0006820398771481031,0.001145648266938665,2.564711550299081e-06,-0.0006820420614629769
3,0.0028218100469555906,11.45648481111399,-2.180665945006166,-12.0,-8.999263129725696,12.0,-0.001829828583824677,0.0006818597184719535,0.0006818575378060079,0.001145648481111399,2.565705994053152e-06,-0.000681859718471953
3,0.0028220100469555907,11.45648700568094,-2.177007524843762,-12.0,-8.993776560181361,12.0,-0.001829644998555884,0.000681676903533761,0.0006816747265262351,0.001145648700568094,2.564716207288645e-06,-0.0006816769035337598
3,0.002822210046955591,11.45648915888774,-2.173339650263907,-12.0,-8.988275788236235,12.0,-0.001829462917653015,0.0006814936137972336,0.0006814914404575825,0.001145648915888774,2.565709719775682e-06,-0.0006814936137972328
3,0.002822410046955591,11.45649136488898,-2.169662295672872,-12.0,-8.982760822576758,12.0,-0.001829278388311436,0.0006813098526903896,0.0006813076830280928,0.001145649136488898,2.564720885276437e-06,-0.0006813098526903886
3,0.002822610046955591,11.45649352956491,-2.165975498249601,-12.0,-8.977231671911841,12.0,-0.001829095362036668,0.0006811256173662247,0.0006811234513907259,0.001145649352956492,2.56571346728361e-06,-0.0006811256173662241
3,0.002822810046955591,11.45649574699013,-2.162279232456901,-12.0,-8.97168834497274,12.0,-0.001828909889781474,0.0006809409112515851,0.0006809387489723514,0.001145649574699013,2.564725584237027e-06,-0.000680940911251584
3,0.0028230100469555913,11.45649792312478,-2.15857353547693,-12.0,-8.96613085051314,12.0,-0.001828725919299476,0.0006807557315036217,0.0006807535729300856,0.001145649792312478,2.565717236550527e-06,-0.000680755731503621
3,0.0028232100469555914,11.45650015196359,-2.154858381828989,-12.0,-8.960559197309099,12.0,-0.001828539505295516,0.0006805700815480121,0.0006805679266896292,0.001145650015196359,2.56473030414514e-06,-0.000680570081548011
3,0.0028234100469555915,11.45650233954651,-2.151133808698429,-12.0,-8.954973394158984,12.0,-0.001828354591774782,0.0006803839585460563,0.0006803818074122468,0.001145650233954651,2.565721027549962e-06,-0.0006803839585460555
3,0.0028236100469555916,11.45650457978849,-2.147399790660938,-12.0,-8.94937344988356,12.0,-0.001828167237193047,0.0006801973659222632,0.0006801952185224715,0.001145650457978849,2.564735044975492e-06,-0.0006801973659222622
3,0.0028238100469555917,11.45650677880915,-2.143656364905126,-12.0,-8.943759373325916,12.0,-0.001827981381810057,0.0006800103008420795,0.0006800081571857141,0.001145650677880915,2.565724840255258e-06,-0.000680010300842079
3,0.002824010046955592,11.45650903044382,-2.139903506062963,-12.0,-8.938131173351415,12.0,-0.001827793087826714,0.0006798227667288463,0.0006798206268253392,0.001145650903044382,2.564739806702239e-06,-0.0006798227667288452
3,0.002824210046955592,11.45651124089165,-2.136141251326296,-12.0,-8.932488858847785,12.0,-0.001827606291762911,0.0006796347607521496,0.0006796326246108976,0.001145651124089166,2.565728674639781e-06,-0.0006796347607521489
3,0.002824410046955592,11.45651350390845,-2.132369575383332,-12.0,-8.92683243872498,12.0,-0.001827417059561038,0.0006794462863341659,0.0006794441539645893,0.001145651350390845,2.564744589299853e-06,-0.0006794462863341647
3,0.002824610046955592,11.45651572577284,-2.128588515429132,-12.0,-8.921161921915273,12.0,-0.001827229324003508,0.0006792573406486148,0.0006792552120600988,0.001145651572577284,2.565732530676522e-06,-0.000679257340648614
3,0.0028248100469555923,11.45651800016117,-2.124798046208102,-12.0,-8.9154773173732,12.0,-0.001827039154772015,0.0006790679271165109,0.0006790658023184637,0.001145651800016117,2.564749392742257e-06,-0.0006790679271165099
3,0.0028250100469555924,11.45652023343142,-2.120998204918491,-12.0,-8.909778634075497,12.0,-0.001826850480914054,0.0006788780429157013,0.0006788759219174957,0.001145652023343142,2.565736408338655e-06,-0.0006788780429157007
3,0.0028252100469555925,11.45652251918062,-2.117188966360804,-12.0,-8.90406588102118,12.0,-0.001826659375848067,0.0006786876914660387,0.0006786855742770712,0.001145652251918062,2.564754217003515e-06,-0.0006786876914660377
3,0.0028254100469555926,11.45652476384599,-2.113370367736537,-12.0,-8.898339067231479,12.0,-0.001826469764888642,0.000678496869949495,0.0006784947565791266,0.001145652476384599,2.565740307598887e-06,-0.0006784968699494943
3,0.0028256100469555927,11.45652706094535,-2.109542383902181,-12.0,-8.892598201749784,12.0,-0.001826277725187886,0.0006783055817847615,0.0006783034722423765,0.001145652706094535,2.564759062057632e-06,-0.0006783055817847604
3,0.002825810046955593,11.45652931699504,-2.105705052062453,-12.0,-8.886843293641721,12.0,-0.001826087178332564,0.0006781138241579275,0.0006781117184528747,0.001145652931699504,2.56574422842993e-06,-0.000678113824157927
3,0.002826010046955593,11.45653162543378,-2.101858347129822,-12.0,-8.881074351995093,12.0,-0.001825894205204479,0.0006779216004865282,0.00067791949862818,0.001145653162543378,2.564763927878253e-06,-0.0006779216004865271
3,0.002826210046955593,11.45653389285693,-2.098002306312198,-12.0,-8.875291385919827,12.0,-0.00182570272366442,0.0006777289079607635,0.0006777268099584566,0.001145653389285693,2.565748170804573e-06,-0.0006777289079607629
3,0.002826410046955593,11.45653621262422,-2.094136904577897,-12.0,-8.869494404548002,12.0,-0.001825508818321044,0.0006775357499970114,0.0006775336558601057,0.001145653621262422,2.564768814438922e-06,-0.0006775357499970104
3,0.0028266100469555933,11.45653849140993,-2.090262179138068,-12.0,-8.863683417033858,12.0,-0.001825316403311945,0.0006773421237895798,0.0006773400335273998,0.001145653849140993,2.565752134695177e-06,-0.0006773421237895791
3,0.0028268100469555934,11.45654082249487,-2.086378105016846,-12.0,-8.857858432553755,12.0,-0.001825121566972005,0.0006771480327536919,0.000677145946375586,0.001145654082249487,2.564773721713215e-06,-0.000677148032753691
3,0.0028270100469555935,11.45654311263216,-2.082484719428552,-12.0,-8.852019460306105,12.0,-0.001824928219718228,0.0006769534740877559,0.0006769513916030358,0.001145654311263216,2.565756120073989e-06,-0.0006769534740877554
3,0.0028272100469555936,11.45654545502382,-2.078581997453048,-12.0,-8.846166509511457,12.0,-0.001824732453604776,0.0006767584512058422,0.0006767563726238436,0.001145654545502382,2.564778649674597e-06,-0.000676758451205841
3,0.0028274100469555937,11.45654775650167,-2.074669976307892,-12.0,-8.840299589412439,12.0,-0.00182453817533453,0.0006765629613104553,0.0006765608866404784,0.001145654775650167,2.565760126913343e-06,-0.0006765629613104547
3,0.002827610046955594,11.45655011018904,-2.070748631128567,-12.0,-8.834418709273685,12.0,-0.001824341480678503,0.0006763670078145129,0.0006763649370658806,0.001145655011018905,2.564783598295983e-06,-0.0006763670078145118
3,0.002827810046955594,11.45655242299637,-2.06681799913583,-12.0,-8.828523878381919,12.0,-0.001824146272626419,0.0006761705879246094,0.0006761685211066098,0.001145655242299636,2.565764155185392e-06,-0.0006761705879246089
3,0.002828010046955594,11.45655478796839,-2.062878055520772,-12.0,-8.822615106045909,12.0,-0.00182394865066403,0.0006759737050525147,0.0006759716421744583,0.001145655478796839,2.564788567550482e-06,-0.0006759737050525137
3,0.002828210046955594,11.45655711209404,-2.058928837507318,-12.0,-8.81669240159637,12.0,-0.001823752514069906,0.000675776356408906,0.0006757742974800677,0.001145655711209404,2.565768204861849e-06,-0.0006757763564089053
3,0.0028284100469555943,11.45655948833961,-2.054970320342052,-12.0,-8.810755774386086,12.0,-0.001823553966042659,0.0006755785454044044,0.000675576490434083,0.001145655948833961,2.564793557411542e-06,-0.0006755785454044034
3,0.0028286100469555944,11.45656182377239,-2.051002541252138,-12.0,-8.804805233789814,12.0,-0.001823356902153755,0.0006753802692537682,0.0006753782182512263,0.001145656182377239,2.565772275914558e-06,-0.0006753802692537676
3,0.0028288100469555945,11.45656421128032,-2.047025475539561,-12.0,-8.798840789204254,12.0,-0.001823157429309148,0.0006751815313664704,0.0006751794843409939,0.001145656421128032,2.564798567851478e-06,-0.0006751815313664693
3,0.0028290100469555947,11.45656655800897,-2.043039160434634,-12.0,-8.792862450048045,12.0,-0.001822959439377617,0.0006749823289613414,0.0006749802859221805,0.001145656655800897,2.565776368315438e-06,-0.000674982328961341
3,0.0028292100469555948,11.45656895676804,-2.039043571294756,-12.0,-8.786870225761866,12.0,-0.001822759042969311,0.000674782665446712,0.0006747806264031397,0.001145656895676804,2.564803598843152e-06,-0.000674782665446711
3,0.002829410046955595,11.45657131478126,-2.035038745353426,-12.0,-8.780864125808224,12.0,-0.001822560128252456,0.0006745825380454804,0.0006745805030067344,0.001145657131478126,2.565780482035981e-06,-0.0006745825380454798
3,0.002829610046955595,11.45657372478017,-2.03102465802326,-12.0,-8.774844159671556,12.0,-0.001822358809540141,0.0006743819501648307,0.0006743799191401715,0.001145657372478017,2.564808650359249e-06,-0.0006743819501648296
3,0.002829810046955595,11.45657609406659,-2.027001346540976,-12.0,-8.768810336858225,12.0,-0.001822158971302355,0.0006741808990317256,0.0006741788720303785,0.001145657609406659,2.565784617047527e-06,-0.000674180899031725
3,0.0028300100469555952,11.456578515294,-2.022968786374409,-12.0,-8.762762666896478,12.0,-0.001821956731550695,0.0006739793880522081,0.0006739773650834204,0.0011456578515294,2.56481372237196e-06,-0.0006739793880522069
3,0.0028302100469555953,11.45658089584219,-2.018927014763421,-12.0,-8.756701159336377,12.0,-0.001821755971061568,0.0006737774144572964,0.0006737753955302808,0.00114565808958422,2.565788773321625e-06,-0.0006737774144572956
3,0.0028304100469555954,11.45658332828671,-2.014876007230974,-12.0,-8.750625823749889,12.0,-0.001821552811542141,0.0006735749816518926,0.0006735729667758843,0.001145658332828671,2.564818814853547e-06,-0.0006735749816518915
3,0.0028306100469555956,11.45658572008519,-2.010815801020137,-12.0,-8.744536669730813,12.0,-0.00182135113007738,0.0006733720868710683,0.0006733700760552665,0.001145658572008519,2.565792950829115e-06,-0.0006733720868710676
3,0.0028308100469555957,11.45658816373535,-2.006746371708887,-12.0,-8.738433706894721,12.0,-0.001821147052066958,0.0006731687335185844,0.0006731667267722116,0.001145658816373535,2.564823927776342e-06,-0.0006731687335185834
3,0.002831010046955596,11.45659056677258,-2.002667756543456,-12.0,-8.732316944879042,12.0,-0.001820944450907586,0.0006729649188335591,0.0006729629161658018,0.001145659056677258,2.565797149541403e-06,-0.0006729649188335586
3,0.002831210046955596,11.45659302161686,-1.998579931156833,-12.0,-8.726186393342994,12.0,-0.001820739455688607,0.000672760646218617,0.0006727586476386848,0.001145659302161686,2.56482906111233e-06,-0.0006727606462186162
3,0.002831410046955596,11.45659543588125,-1.994482932798378,-12.0,-8.72004206196752,12.0,-0.001820535936121302,0.0006725559129169148,0.0006725539184339813,0.001145659543588125,2.565801369429305e-06,-0.0006725559129169142
3,0.002831610046955596,11.45659790190809,-1.990376737155973,-12.0,-8.713883960455377,12.0,-0.001820330024982394,0.0006723507223299415,0.000672348731953203,0.001145659790190809,2.564834214833515e-06,-0.0006723507223299404
3,0.0028318100469555962,11.45660032738798,-1.986261381482175,-12.0,-8.707712098531065,12.0,-0.001820125588301128,0.0006721450717048897,0.0006721430854435076,0.001145660032738798,2.565805610463404e-06,-0.000672145071704889
3,0.0028320100469555964,11.45660280458574,-1.982136841519662,-12.0,-8.701526485940777,12.0,-0.00181991876253654,0.0006719389644421127,0.0006719369823052699,0.001145660280458574,2.564839388911619e-06,-0.0006719389644421115
3,0.0028322100469555965,11.45660524126942,-1.9780031545241,-12.0,-8.695327132452405,12.0,-0.001819713410039108,0.0006717323977928312,0.000671730419789676,0.001145660524126942,2.565809872614737e-06,-0.0006717323977928307
3,0.0028324100469555966,11.45660772962642,-1.973860296292984,-12.0,-8.689114047855648,12.0,-0.001819505670949156,0.0006715253751562676,0.0006715234012959701,0.001145660772962642,2.564844583318081e-06,-0.0006715253751562665
3,0.0028326100469555967,11.45661017750213,-1.969708304085114,-12.0,-8.682887241961776,12.0,-0.001819299403940414,0.000671317893787667,0.0006713159240793621,0.001145661017750213,2.565814155853619e-06,-0.0006713178937876662
3,0.002832810046955597,11.45661267700662,-1.965547153752587,-12.0,-8.67664672460373,12.0,-0.001819090752830563,0.0006711099570851154,0.0006711079915379606,0.001145661267700662,2.564849798024693e-06,-0.0006711099570851143
3,0.002833010046955597,11.45661513606253,-1.961376882557413,-12.0,-8.670392505636212,12.0,-0.001818883572620815,0.0006709015623078806,0.0006708996009309972,0.001145661513606253,2.565818460150539e-06,-0.0006709015623078798
3,0.002833210046955597,11.45661764670272,-1.957197466406283,-12.0,-8.66412459493545,12.0,-0.001818674010803153,0.0006706927128529178,0.0006706907556554503,0.001145661764670272,2.564855033002754e-06,-0.0006706927128529166
3,0.002833410046955597,11.45662011692695,-1.953008942564274,-12.0,-8.657843002399312,12.0,-0.001818465918708473,0.0006704834059835046,0.0006704814529745612,0.001145662011692695,2.565822785475734e-06,-0.0006704834059835039
3,0.0028336100469555973,11.45662263869098,-1.948811286992633,-12.0,-8.651547737947311,12.0,-0.001818255447499732,0.0006702736450954689,0.0006702716962841808,0.001145662263869098,2.564860288223664e-06,-0.0006702736450954678
3,0.0028338100469555974,11.45662512007159,-1.944604536959586,-12.0,-8.645238811520544,12.0,-0.001818046444842028,0.0006700634274560966,0.000670061482851559,0.001145662512007159,2.56582713179933e-06,-0.0006700634274560958
3,0.0028340100469555975,11.45662765294755,-1.940388668480782,-12.0,-8.638916233081632,12.0,-0.001817835065565427,0.0006698527564600861,0.0006698508160714167,0.001145662765294755,2.564865563658429e-06,-0.0006698527564600851
3,0.0028342100469555976,11.45663014547255,-1.936163718827561,-12.0,-8.632580012614806,12.0,-0.001817625153672076,0.0006696416293787251,0.0006696396932150057,0.001145663014547255,2.565831499091422e-06,-0.0006696416293787245
3,0.0028344100469555977,11.45663268944846,-1.931929664069983,-12.0,-8.626230160125843,12.0,-0.001817412867656883,0.000669430049605587,0.000669428117675922,0.001145663268944846,2.564870859277995e-06,-0.000669430049605586
3,0.002834610046955598,11.4566351931058,-1.927686541482452,-12.0,-8.619866685641991,12.0,-0.001817202047860489,0.0006692180144159547,0.0006692160867294124,0.00114566351931058,2.565835887322061e-06,-0.0006692180144159541
3,0.002834810046955598,11.45663774816963,-1.923434327189315,-12.0,-8.61348959921206,12.0,-0.001816988856441033,0.0006690055272022756,0.0006690036037679475,0.001145663774816964,2.564876175053387e-06,-0.0006690055272022746
3,0.002835010046955598,11.4566402629472,-1.919173058468117,-12.0,-8.607098910906362,12.0,-0.001816777130082136,0.0006687925852438251,0.0006687906660707661,0.00114566402629472,2.565840296460763e-06,-0.0006687925852438245
3,0.002835210046955598,11.45664282908687,-1.914902711497384,-12.0,-8.600694630816626,12.0,-0.001816563034598553,0.0006685791919319253,0.0006685772770292128,0.001145664282908687,2.564881510955203e-06,-0.0006685791919319243
3,0.0028354100469555983,11.45664535497251,-1.910623323557756,-12.0,-8.594276769056124,12.0,-0.001816350403020107,0.0006683653445498376,0.0006683634339265134,0.001145664535497251,2.56584472647764e-06,-0.0006683653445498369
3,0.0028356100469555984,11.45664793217588,-1.906334870881898,-12.0,-8.587845335759498,12.0,-0.001816135404819405,0.000668151046487761,0.0006681491401528891,0.001145664793217588,2.564886866954122e-06,-0.00066815104648776
3,0.0028358100469555985,11.45665046915737,-1.902037390753535,-12.0,-8.581400341082894,12.0,-0.001815921869373003,0.0006679362950329365,0.0006679343929955451,0.001145665046915737,2.565849177341671e-06,-0.0006679362950329358
3,0.0028360100469555986,11.45665305741223,-1.897730859459395,-12.0,-8.574941795203804,12.0,-0.001815705969805372,0.000667721093574442,0.0006677191958435814,0.001145665305741223,2.564892243020762e-06,-0.0006677210935744409
3,0.0028362100469555987,11.45665560547728,-1.893415314286257,-12.0,-8.568469708321171,12.0,-0.001815491531847028,0.000667505439403492,0.000667503545988177,0.001145665560547728,2.565853649022741e-06,-0.0006675054394034914
3,0.002836410046955599,11.45665820477139,-1.889090731574873,-12.0,-8.561984090655322,12.0,-0.001815274732271099,0.000667289335908046,0.0006672874468173133,0.001145665820477139,2.564897639125168e-06,-0.0006672893359080449
3,0.002836610046955599,11.45666076390768,-1.884757148615047,-12.0,-8.555484952447895,12.0,-0.001815059393162542,0.0006670727803832854,0.0006670708956261363,0.001145666076390768,2.565858141489866e-06,-0.0006670727803832848
3,0.002836810046955599,11.45666337422872,-1.880414541801439,-12.0,-8.548972303961936,12.0,-0.001814841694940793,0.0006668557762160508,0.0006668538958015079,0.001145666337422872,2.564903055237938e-06,-0.0006668557762160497
3,0.002837010046955599,11.45666594442384,-1.876062948426944,-12.0,-8.542446155481823,12.0,-0.00181462545604988,0.0006666383207054884,0.0006666364446425393,0.001145666594442384,2.565862654712243e-06,-0.000666638320705488
3,0.0028372100469555993,11.45666856575944,-1.871702344940019,-12.0,-8.5359065173132,12.0,-0.001814406860551604,0.0006664204172373191,0.0006664185455349731,0.001145666856575944,2.564908491328933e-06,-0.0006664204172373181
3,0.0028374100469555994,11.45667114700096,-1.8673327686366,-12.0,-8.529353399783066,12.0,-0.001814189723249874,0.0006662020631146474,0.0006662001957818779,0.001145667114700096,2.565867188659068e-06,-0.0006662020631146466
3,0.0028376100469555995,11.45667377933869,-1.862954196018933,-12.0,-8.522786813239705,12.0,-0.001813970231850161,0.0006659832617220782,0.0006659813987678812,0.001145667377933869,2.564913947368255e-06,-0.0006659832617220773
3,0.0028378100469555996,11.4566763716141,-1.858566664385951,-12.0,-8.51620676805262,12.0,-0.001813752197518027,0.0006657640103666676,0.0006657621518000023,0.00114566763716141,2.565871743299181e-06,-0.0006657640103666668
3,0.0028380100469555998,11.45667901494148,-1.854170150293594,-12.0,-8.509613274612635,12.0,-0.001813531811596253,0.0006655443124319051,0.0006655424582617539,0.001145667901494148,2.564919423325676e-06,-0.0006655443124319041
3,0.0028382100469556,11.45668161823821,-1.849764691043815,-12.0,-8.503006343331737,12.0,-0.001813312881618023,0.0006653241652287929,0.000665322315464101,0.00114566816182382,2.565876318601036e-06,-0.0006653241652287923
3,0.0028384100469556,11.4566842725427,-1.84535026324614,-12.0,-8.496385984643195,12.0,-0.001813091602560334,0.0006651035721397064,0.0006651017267894422,0.00114566842725427,2.564924919171125e-06,-0.0006651035721397056
3,0.0028386100469556,11.45668688684814,-1.840926904205577,-12.0,-8.489752209001477,12.0,-0.001812871778326079,0.0006648825304795906,0.0006648806895526857,0.001145668688684814,2.565880914533773e-06,-0.0006648825304795899
3,0.0028388100469556,11.45668955211714,-1.836494590585136,-12.0,-8.483105026882182,12.0,-0.001812649607523082,0.0006646610436297056,0.0006646592071351139,0.001145668955211714,2.564930434873998e-06,-0.0006646610436297045
3,0.0028390100469556003,11.45669217741861,-1.832053359692834,-12.0,-8.476444448782154,12.0,-0.001812428890428626,0.0006644391089089326,0.0006644372768555722,0.001145669217741861,2.565885531065879e-06,-0.000664439108908932
3,0.0028392100469556004,11.45669485363947,-1.827603188245133,-12.0,-8.46977048521932,12.0,-0.001812205829278668,0.0006642167296974197,0.0006642149020942304,0.001145669485363948,2.564935970403795e-06,-0.0006642167296974186
3,0.0028394100469556005,11.45669748992424,-1.823144113553028,-12.0,-8.463083146732796,12.0,-0.001811984220725563,0.0006639939033179775,0.0006639920801738633,0.001145669748992424,2.565890168165457e-06,-0.0006639939033179768
3,0.0028396100469556007,11.45670017708425,-1.818676112386382,-12.0,-8.456382443882822,12.0,-0.001811760270630703,0.0006637706331496451,0.0006637688144735316,0.001145670017708425,2.564941525729825e-06,-0.000663770633149644
3,0.0028398100469556008,11.45670282433952,-1.814199222059136,-12.0,-8.449668387250686,12.0,-0.001811537772025918,0.0006635469165191556,0.0006635451023199329,0.001145670282433952,2.565894825800983e-06,-0.000663546916519155
3,0.002840010046955601,11.45670552242591,-1.809713419394456,-12.0,-8.442940987438835,12.0,-0.001811312934394665,0.0006633227568044388,0.0006633209470910184,0.001145670552242591,2.564947100821411e-06,-0.0006633227568044378
3,0.002840210046955601,11.45670818063885,-1.80521874170925,-12.0,-8.436200255070714,12.0,-0.001811089547150973,0.0006630981513361472,0.0006630963461174048,0.001145670818063885,2.565899503940696e-06,-0.0006630981513361465
3,0.002840410046955601,11.45671088963879,-1.800715165879883,-12.0,-8.429446200790881,12.0,-0.001810863823397399,0.0006628731034911009,0.000662871302775934,0.001145671088963879,2.564952695647821e-06,-0.0006628731034910998
3,0.0028406100469556012,11.45671355879649,-1.796202729226261,-12.0,-8.422678835264929,12.0,-0.001810639548932903,0.0006626476106038673,0.0006626458144011375,0.001145671355879649,2.565904202552503e-06,-0.0006626476106038668
3,0.0028408100469556013,11.45671627869711,-1.791681408677845,-12.0,-8.415898169179409,12.0,-0.001810412940476922,0.0006624216760501574,0.0006624198843687476,0.001145671627869711,2.564958310177583e-06,-0.0006624216760501565
3,0.0028410100469556014,11.4567189587866,-1.787151241557482,-12.0,-8.40910421324194,12.0,-0.00181018778021565,0.0006621952971684465,0.0006621935100172043,0.001145671895878661,2.565908921604402e-06,-0.000662195297168446
3,0.0028412100469556016,11.45672168957496,-1.782612204847734,-12.0,-8.402296978181129,12.0,-0.001809960288481811,0.0006619684773333406,0.0006619666947211346,0.001145672168957496,2.564963944379908e-06,-0.0006619684773333395
3,0.0028414100469556017,11.45672438058324,-1.778064335874338,-12.0,-8.395476474746484,12.0,-0.00180973424385338,0.0006617412138872153,0.0006617394358228787,0.001145672438058324,2.565913661064216e-06,-0.0006617412138872146
3,0.002841610046955602,11.45672712224633,-1.773507611672835,-12.0,-8.388642713708535,12.0,-0.001809505870273263,0.0006615135102035711,0.0006615117366959583,0.001145672712224633,2.564969598223433e-06,-0.00066151351020357
3,0.002841810046955602,11.45672982416033,-1.768942069571921,-12.0,-8.381795705858739,12.0,-0.001809278942712667,0.0006612853636286825,0.0006612835946866123,0.001145672982416033,2.565918420899563e-06,-0.0006612853636286818
3,0.002842010046955602,11.45673257668511,-1.764367686660002,-12.0,-8.374935462009422,12.0,-0.001809049688721763,0.000661056777534943,0.0006610550131672554,0.001145673257668511,2.56497527167662e-06,-0.0006610567775349421
3,0.002842210046955602,11.45673528949168,-1.759784500268677,-12.0,-8.368061992993859,12.0,-0.001808821879669798,0.0006608277492725187,0.0006608259894880179,0.001145673528949168,2.565923201078031e-06,-0.0006608277492725182
3,0.0028424100469556022,11.45673805286504,-1.755192487539218,-12.0,-8.361175309666221,12.0,-0.00180859174671093,0.0006605982822127014,0.0006605965270202129,0.001145673805286504,2.564980964708072e-06,-0.0006605982822127003
3,0.0028426100469556024,11.45674077655101,-1.750591685806091,-12.0,-8.354275422901498,12.0,-0.001808363057612993,0.0006603683737095414,0.000660366623117855,0.001145674077655101,2.56592800156704e-06,-0.0006603683737095408
3,0.0028428100469556025,11.45674355075978,-1.745982072263282,-12.0,-8.347362343595535,12.0,-0.001808132047133568,0.0006601380271332263,0.000660136281151153,0.001145674355075978,2.564986677286164e-06,-0.0006601380271332254
3,0.0028430100469556026,11.4567462853119,-1.741363684248167,-12.0,-8.340436082665047,12.0,-0.001807902479441838,0.0006599072398416886,0.0006599054984780036,0.001145674628531191,2.565932822333901e-06,-0.000659907239841688
3,0.0028432100469556027,11.45674907034286,-1.736736499007427,-12.0,-8.333496651047565,12.0,-0.001807670592894619,0.0006596760152040147,0.0006596742784675146,0.001145674907034286,2.564992409379013e-06,-0.0006596760152040137
3,0.002843410046955603,11.45675181574784,-1.732100553881264,-12.0,-8.326544059701357,12.0,-0.00180744014806702,0.0006594443505820098,0.0006594426184814554,0.001145675181574784,2.565937663345695e-06,-0.0006594443505820093
3,0.002843610046955603,11.45675461158772,-1.727455826168944,-12.0,-8.319578319605537,12.0,-0.001807207386910184,0.0006592122493436603,0.000659210521887833,0.001145675461158772,2.564998160954845e-06,-0.0006592122493436593
3,0.002843810046955603,11.45675736783219,-1.722802353213568,-12.0,-8.312599441759978,12.0,-0.001806976066409511,0.0006589797088546416,0.0006589779860522878,0.001145675736783219,2.565942524569692e-06,-0.0006589797088546412
3,0.002844010046955603,11.45676017446763,-1.718140112366867,-12.0,-8.305607437185241,12.0,-0.001806742432107647,0.0006587467324818384,0.000658745014341725,0.001145676017446763,2.565003931981453e-06,-0.0006587467324818374
3,0.0028442100469556033,11.45676294153819,-1.71346914097478,-12.0,-8.298602316922675,12.0,-0.001806510237401476,0.0006585133175947901,0.0006585116041256485,0.001145676294153819,2.565947405972752e-06,-0.0006585133175947896
3,0.0028444100469556034,11.45676575895582,-1.708789416441512,-12.0,-8.291584092034343,12.0,-0.001806275731424245,0.000658279467559284,0.0006582777587698666,0.001145676575895582,2.565009722426917e-06,-0.0006582794675592831
3,0.0028446100469556035,11.45676853683899,-1.704100976115788,-12.0,-8.284552773602938,12.0,-0.001806042663987298,0.0006580451797487156,0.0006580434756477387,0.001145676853683899,2.565952307521525e-06,-0.000658045179748715
3,0.0028448100469556036,11.45677136502535,-1.699403797454161,-12.0,-8.277508372731893,12.0,-0.00180580728780918,0.0006578104575277741,0.0006578087581239757,0.001145677136502535,2.565015532258923e-06,-0.0006578104575277731
3,0.0028450100469556037,11.45677415370761,-1.694697917808209,-12.0,-8.270450900545296,12.0,-0.001805573349120491,0.0006575752982737092,0.0006575736035757909,0.001145677415370761,2.565957229182897e-06,-0.0006575752982737088
3,0.002845210046955604,11.45677699264919,-1.68998331468673,-12.0,-8.263380368187839,12.0,-0.001805337104223345,0.0006573397053501119,0.0006573380153667961,0.001145677699264919,2.56502136144494e-06,-0.0006573397053501108
3,0.002845410046955604,11.45677979211695,-1.685260025444061,-12.0,-8.256296786824821,12.0,-0.001805102295767658,0.0006571036761380768,0.0006571019908780507,0.001145677979211695,2.565962170923539e-06,-0.0006571036761380761
3,0.002845610046955604,11.4567826418002,-1.680528027641257,-12.0,-8.249200167642263,12.0,-0.001804865183637071,0.0006568672140001015,0.0006568655334720729,0.00114567826418002,2.565027209952383e-06,-0.0006568672140001006
3,0.002845810046955604,11.45678545203983,-1.675787358635437,-12.0,-8.242090521846654,12.0,-0.001804629506904826,0.0006566303163211224,0.0006566286405337632,0.001145678545203983,2.565967132709701e-06,-0.0006566303163211218
3,0.0028460100469556043,11.45678831245111,-1.671037996039693,-12.0,-8.234967860665055,12.0,-0.001804391529032364,0.0006563929864625373,0.0006563913154245402,0.001145678831245111,2.565033077748938e-06,-0.0006563929864625362
3,0.0028462100469556044,11.4567911334489,-1.666279977213984,-12.0,-8.2278321953452,12.0,-0.001804154985519773,0.0006561552218131222,0.0006561535555331444,0.00114567911334489,2.565972114507885e-06,-0.0006561552218131218
3,0.0028464100469556045,11.45679400457456,-1.661513279823443,-12.0,-8.22068353715524,12.0,-0.001803916143402244,0.0006559170257331809,0.0006559153642199,0.001145679400457456,2.565038964801629e-06,-0.0006559170257331798
3,0.0028466100469556046,11.45679683631677,-1.656737941230711,-12.0,-8.213521897383862,12.0,-0.00180367873461043,0.0006556783956153157,0.0006556767388773739,0.001145679683631677,2.565977116284146e-06,-0.0006556783956153151
3,0.0028468100469556047,11.45679971814305,-1.651953939152918,-12.0,-8.206347287340291,12.0,-0.001803439029751241,0.0006554393348187383,0.0006554376828647982,0.001145679971814305,2.565044871077537e-06,-0.0006554393348187374
3,0.002847010046955605,11.45680256061586,-1.647161310955466,-12.0,-8.199159718354238,12.0,-0.001803200757186141,0.0006551998407398779,0.0006551981935785661,0.001145680256061586,2.565982138004854e-06,-0.0006551998407398772
3,0.002847210046955605,11.45680545312898,-1.642360034407318,-12.0,-8.191959201775813,12.0,-0.00180296019109371,0.0006549599167368503,0.0006549582743768149,0.001145680545312898,2.565050796543806e-06,-0.0006549599167368495
3,0.002847410046955605,11.45680830631853,-1.637550146876602,-12.0,-8.184745748975637,12.0,-0.001802721056268236,0.0006547195602099043,0.0006547179226597566,0.001145680830631853,2.565987179635715e-06,-0.0006547195602099035
3,0.002847610046955605,11.45681120950465,-1.632731626184113,-12.0,-8.177519371344754,12.0,-0.001802479630454848,0.0006544787745160651,0.000654477141784438,0.001145681120950465,2.565056741167266e-06,-0.0006544787745160641
3,0.0028478100469556053,11.45681407339701,-1.627904509700641,-12.0,-8.170280080294562,12.0,-0.001802239634887553,0.0006542375570593928,0.0006542359291548825,0.001145681407339701,2.565992241142652e-06,-0.0006542375570593921
3,0.0028480100469556054,11.45681698724221,-1.623068775298699,-12.0,-8.16302788725691,12.0,-0.001801997350871726,0.0006539959111958219,0.0006539942881270456,0.001145681698724221,2.565062704914718e-06,-0.000653995911195821
3,0.0028482100469556055,11.45681986182341,-1.618224460351807,-12.0,-8.15576280368402,12.0,-0.001801756496085245,0.0006537538343332218,0.0006537522161087609,0.001145681986182341,2.565997322491579e-06,-0.0006537538343332213
3,0.0028484100469556056,11.45682278631374,-1.61337154278409,-12.0,-8.148484841048433,12.0,-0.001801513355392532,0.0006535113298264353,0.0006535097164548914,0.001145682278631374,2.565068687752595e-06,-0.0006535113298264342
3,0.0028486100469556058,11.45682567156974,-1.608510059971688,-12.0,-8.141194010843,12.0,-0.001801271642914627,0.0006532683950871321,0.0006532667865770713,0.001145682567156974,2.566002423648305e-06,-0.0006532683950871313
3,0.002848810046955606,11.45682860669118,-1.603639989890356,-12.0,-8.133890324581023,12.0,-0.001801027647075005,0.0006530250334690676,0.0006530234298290767,0.001145682860669118,2.565074689647426e-06,-0.0006530250334690667
3,0.002849010046955606,11.45683150260788,-1.598761369918891,-12.0,-8.126573793795975,12.0,-0.001800785078439987,0.0006527812423877091,0.0006527796436263386,0.001145683150260788,2.566007544577895e-06,-0.0006527812423877085
3,0.002849210046955606,11.45683444834635,-1.593874178084441,-12.0,-8.11924443004162,12.0,-0.001800540228988065,0.0006525370251957189,0.0006525354313215398,0.001145683444834635,2.565080710565978e-06,-0.0006525370251957179
3,0.002849410046955606,11.45683735490961,-1.588978451768519,-12.0,-8.111902244892104,12.0,-0.001800296805735414,0.0006522923793123591,0.0006522907903339066,0.001145683735490961,2.566012685245913e-06,-0.0006522923793123585
3,0.0028496100469556063,11.45684031125099,-1.584074169049673,-12.0,-8.104547249941696,12.0,-0.001800051104212041,0.0006520473080892032,0.0006520457240150332,0.001145684031125099,2.565086750474338e-06,-0.0006520473080892023
3,0.0028498100469556064,11.4568432284466,-1.579161367311965,-12.0,-8.09717945680492,12.0,-0.001799806827886663,0.000651801808949296,0.0006518002297879281,0.00114568432284466,2.566017845617683e-06,-0.0006518018089492955
3,0.0028500100469556065,11.45684619537669,-1.574240024685302,-12.0,-8.089798877116545,12.0,-0.00179956027583728,0.0006515558852431252,0.0006515543110030996,0.001145684619537669,2.565092809338737e-06,-0.0006515558852431243
3,0.0028502100469556067,11.45684912319038,-1.569310178556374,-12.0,-8.082405522531536,12.0,-0.001799315147989323,0.0006513095343975168,0.0006513079650873376,0.001145684912319038,2.566023025658409e-06,-0.0006513095343975162
3,0.0028504100469556068,11.45685210069494,-1.564371807106282,-12.0,-8.074999404724966,12.0,-0.001799067746965855,0.0006510627597618693,0.0006510611953900612,0.001145685210069494,2.565098887125131e-06,-0.0006510627597618684
3,0.002850610046955607,11.45685503911239,-1.559424947724303,-12.0,-8.06758053539213,12.0,-0.001798821769150496,0.0006508155587667834,0.0006508139993418348,0.00114568550391124,2.566028225333115e-06,-0.0006508155587667827
3,0.002850810046955607,11.45685802717713,-1.554469578642736,-12.0,-8.060148926248454,12.0,-0.001798573520709372,0.0006505679347605728,0.0006505663802909932,0.001145685802717713,2.565104983799578e-06,-0.0006505679347605718
3,0.002851010046955607,11.45686097618397,-1.549505737253375,-12.0,-8.052704589029421,12.0,-0.001798326694487494,0.0006503198851776054,0.0006503183356718674,0.001145686097618397,2.566033444606933e-06,-0.0006503198851776046
3,0.0028512100469556072,11.45686397479451,-1.544533401839602,-12.0,-8.045247535490676,12.0,-0.001798077600191546,0.0006500714133651083,0.0006500698688317056,0.001145686397479451,2.565111099327695e-06,-0.0006500714133651074
3,0.0028514100469556073,11.45686693437631,-1.539552609795796,-12.0,-8.037777777407946,12.0,-0.00179782992712947,0.0006498225167612156,0.0006498209772086052,0.001145686693437631,2.566038683444485e-06,-0.0006498225167612151
3,0.0028516100469556075,11.45686994351825,-1.534563339456294,-12.0,-8.030295326576958,12.0,-0.001797579988544612,0.0006495731987120674,0.000649571664148727,0.001145686994351825,2.565117233675394e-06,-0.0006495731987120664
3,0.0028518100469556076,11.4568729136605,-1.52956562821802,-12.0,-8.022800194813565,12.0,-0.001797331470214398,0.000649323456659555,0.0006493219270939262,0.00114568729136605,2.566043941810633e-06,-0.0006493234566595544
3,0.0028520100469556077,11.45687593331936,-1.524559454466222,-12.0,-8.015292393953558,12.0,-0.001797080688914741,0.0006490732939487345,0.000649071769389279,0.001145687593331936,2.565123386808267e-06,-0.0006490732939487335
3,0.002852210046955608,11.45687891400753,-1.519544855600335,-12.0,-8.007771935852826,12.0,-0.001796831326892998,0.0006488227080252497,0.0006488211884803935,0.001145687891400753,2.566049219669983e-06,-0.0006488227080252492
3,0.002852410046955608,11.45688194416878,-1.514521810056441,-12.0,-8.000238832387152,12.0,-0.001796579704456205,0.0006485717022330721,0.0006485701877112611,0.001145688194416878,2.565129558691822e-06,-0.0006485717022330712
3,0.002852610046955608,11.45688493538827,-1.509490355236449,-12.0,-7.99269309545236,12.0,-0.001796329500324932,0.0006483202740215916,0.0006483187645312359,0.001145688493538827,2.566054516987078e-06,-0.0006483202740215911
3,0.002852810046955608,11.45688797603732,-1.504450469627241,-12.0,-7.985134736964218,12.0,-0.001796077038334106,0.0006480684267336987,0.0006480669222832281,0.001145688797603732,2.565135749291496e-06,-0.0006480684267336978
3,0.0028530100469556082,11.45689097777346,-1.499402190633151,-12.0,-7.977563768858362,12.0,-0.001795825993681018,0.0006478161578225218,0.0006478146584203303,0.001145689097777346,2.566059833726379e-06,-0.0006478161578225212
3,0.0028532100469556084,11.45689402889567,-1.494345496791736,-12.0,-7.969980203090408,12.0,-0.001795572693725709,0.0006475634706298682,0.0006475619762843705,0.001145689402889567,2.565141958572662e-06,-0.0006475634706298673
3,0.0028534100469556085,11.45689704113374,-1.489280425509822,-12.0,-7.96238405163586,12.0,-0.001795320810143521,0.0006473103626126043,0.0006473088733321783,0.001145689704113374,2.566065169852056e-06,-0.0006473103626126038
3,0.0028536100469556086,11.45690010271442,-1.484206955375517,-12.0,-7.954775326490036,12.0,-0.001795066673816972,0.0006470568371114531,0.0006470553529044968,0.001145690010271442,2.565148186500235e-06,-0.000647056837111452
3,0.0028538100469556087,11.45690312543964,-1.479125123798077,-12.0,-7.947154039668175,12.0,-0.001794813952903795,0.0006468028915870105,0.000646801412461886,0.001145690312543964,2.566070525328739e-06,-0.0006468028915870098
3,0.002854010046955609,11.45690619746402,-1.474034909416162,-12.0,-7.939520203205348,12.0,-0.001794558981805995,0.0006465485293789195,0.0006465470553440091,0.001145690619746402,2.565154433039518e-06,-0.0006465485293789187
3,0.002854210046955609,11.45690923066157,-1.468936349641401,-12.0,-7.931873829156384,12.0,-0.001794305425165482,0.000646293747951499,0.0006462922790151487,0.001145690923066157,2.566075900120083e-06,-0.0006462937479514983
3,0.002854410046955609,11.45691231311484,-1.463829423162895,-12.0,-7.924214929595993,12.0,-0.001794049620900974,0.0006460385506433107,0.0006460370868138866,0.001145691231311484,2.565160698155521e-06,-0.0006460385506433098
3,0.002854610046955609,11.45691535676982,-1.458714167394663,-12.0,-7.91654351661858,12.0,-0.001793795230141531,0.0006457829349223923,0.0006457814762082242,0.001145691535676982,2.566081294190615e-06,-0.0006457829349223917
3,0.0028548100469556093,11.4569184496371,-1.453590561076141,-12.0,-7.908859602338374,12.0,-0.001793538594319992,0.0006455269041262242,0.0006455254505356623,0.00114569184496371,2.565166981813175e-06,-0.0006455269041262234
3,0.0028550100469556094,11.45692150373458,-1.448458641623762,-12.0,-7.901163198889347,12.0,-0.001793283371055874,0.0006452704557265592,0.000645269007267917,0.001145692150373458,2.566086707503816e-06,-0.0006452704557265586
3,0.0028552100469556095,11.45692460700094,-1.443318387827184,-12.0,-7.893454318425128,12.0,-0.001793025905292232,0.0006450135930597952,0.0006450121497414065,0.001145692460700094,2.565173283977333e-06,-0.0006450135930597945
3,0.0028554100469556096,11.4569276715259,-1.438169837105196,-12.0,-7.885732973119113,12.0,-0.001792769851142386,0.0006447563136013925,0.0006447548754315547,0.00114569276715259,2.566092140023997e-06,-0.0006447563136013917
3,0.0028556100469556097,11.45693078517636,-1.433012968297676,-12.0,-7.87799917516438,12.0,-0.001792511557057437,0.0006444986206866712,0.000644497187673702,0.001145693078517637,2.565179604612802e-06,-0.0006444986206866703
3,0.00285581004695561,11.45693386011374,-1.4278478188257,-12.0,-7.87025293677361,12.0,-0.001792254673646356,0.0006442405117947916,0.000644239083946972,0.001145693386011374,2.566097591714674e-06,-0.0006442405117947909
3,0.00285601004695561,11.45693698413326,-1.422674367579273,-12.0,-7.862494270179213,12.0,-0.001791995552865898,0.000643981990259995,0.0006439805675856264,0.001145693698413326,2.565185943684294e-06,-0.000643981990259994
3,0.00285621004695561,11.45694006946793,-1.417492651981769,-12.0,-7.85472318763314,12.0,-0.001791737841823403,0.0006437230535651378,0.0006437216360724851,0.001145694006946793,2.566103062539774e-06,-0.0006437230535651372
3,0.00285641004695561,11.4569432038414,-1.412302650973217,-12.0,-7.846939701407035,12.0,-0.001791477895977601,0.0006434637050433828,0.0006434622927407309,0.00114569432038414,2.565192301156403e-06,-0.0006434637050433818
3,0.0028566100469556103,11.4569462995582,-1.40710440197928,-12.0,-7.83914382379204,12.0,-0.001791219358938528,0.0006432039421812768,0.0006432025350768741,0.00114569462995582,2.566108552463083e-06,-0.0006432039421812761
3,0.0028568100469556104,11.45694944427045,-1.401897883989911,-12.0,-7.831335567098932,12.0,-0.001790958589664192,0.0006429437683109032,0.0006429423664130182,0.001145694944427045,2.565198676993592e-06,-0.0006429437683109021
3,0.0028570100469556105,11.45695255035414,-1.39668313443308,-12.0,-7.823514943658037,12.0,-0.001790699228268749,0.0006426831809224964,0.0006426817842393613,0.001145695255035414,2.56611406144801e-06,-0.0006426831809224957
3,0.0028572100469556106,11.45695570538996,-1.391460132348559,-12.0,-7.815681965819143,12.0,-0.001790437637206528,0.0006424221833470595,0.000642420791886926,0.001145695570538996,2.565205071160454e-06,-0.0006424221833470585
3,0.0028574100469556107,11.45695882182525,-1.386228915166559,-12.0,-7.807836645951614,12.0,-0.001790177453100299,0.0006421607730785061,0.0006421593868495903,0.001145695882182525,2.566119589458485e-06,-0.0006421607730785055
3,0.002857610046955611,11.45696198716935,-1.38098946197667,-12.0,-7.7999789964443,12.0,-0.001789915041897138,0.0006418989534467639,0.000641897572457301,0.001145696198716935,2.565211483621485e-06,-0.0006418989534467631
3,0.002857810046955611,11.45696511394088,-1.375741810211278,-12.0,-7.792109029705459,12.0,-0.001789654036729776,0.0006416367219494189,0.000641635346207608,0.001145696511394088,2.566125136457989e-06,-0.0006416367219494181
3,0.002858010046955611,11.45696828957794,-1.370485939009673,-12.0,-7.784226758162868,12.0,-0.001789390807037679,0.0006413740819153204,0.0006413727114293804,0.001145696828957794,2.565217914341148e-06,-0.0006413740819153195
3,0.002858210046955611,11.45697142667029,-1.365221885806483,-12.0,-7.776332194263728,12.0,-0.00178912898246584,0.000641111030845725,0.0006411096656238387,0.001145697142667029,2.566130702409804e-06,-0.0006411110308457246
3,0.0028584100469556113,11.4569746125849,-1.35994962979056,-12.0,-7.768425350474589,12.0,-0.001788864935940873,0.0006408475720684038,0.000640846212118773,0.00114569746125849,2.565224363284126e-06,-0.0006408475720684029
3,0.0028586100469556114,11.45697775998261,-1.354669208398714,-12.0,-7.760506239281461,12.0,-0.001788602293625038,0.0006405837030882752,0.0006405823484190665,0.001145697775998262,2.566136287277726e-06,-0.0006405837030882747
3,0.0028588100469556115,11.45698095615932,-1.34938060086937,-12.0,-7.752574873189721,12.0,-0.001788337431929705,0.0006403194272320362,0.0006403180778514344,0.001145698095615932,2.565230830414764e-06,-0.0006403194272320352
3,0.0028590100469556116,11.45698411384686,-1.344083844641456,-12.0,-7.74463126472406,12.0,-0.001788073973535793,0.000640054742008261,0.0006400533979244157,0.001145698411384686,2.566141891025496e-06,-0.0006400547420082603
3,0.0028592100469556118,11.45698732027014,-1.338778919002808,-12.0,-7.736675426428472,12.0,-0.001787808298337301,0.0006397896507425672,0.0006397883119636474,0.001145698732027014,2.565237315697374e-06,-0.0006397896507425665
3,0.002859410046955612,11.45699048823191,-1.333465861394555,-12.0,-7.728707370866403,12.0,-0.001787544025536389,0.0006395241509471853,0.0006395228174813234,0.001145699048823191,2.566147513616645e-06,-0.0006395241509471848
3,0.002859610046955612,11.45699370488619,-1.328144651153897,-12.0,-7.720727110620454,12.0,-0.001787277538507112,0.0006392582459466567,0.0006392569178020046,0.001145699370488619,2.565243819096856e-06,-0.0006392582459466558
3,0.002859810046955612,11.45699688310655,-1.322815325723995,-12.0,-7.712734658292525,12.0,-0.001787012452975788,0.0006389919332568535,0.0006389906104415272,0.001145699688310655,2.56615315501483e-06,-0.000638991933256853
3,0.002860010046955612,11.4570001099762,-1.317477864491377,-12.0,-7.704730026503809,12.0,-0.001786745155792918,0.0006387252162012439,0.0006387238987233787,0.00114570001099762,2.56525034057765e-06,-0.0006387252162012431
3,0.0028602100469556123,11.45700329843942,-1.31213230490132,-12.0,-7.696713227894737,12.0,-0.001786479259212293,0.0006384580922993423,0.0006384567801670368,0.001145700329843942,2.566158815183889e-06,-0.0006384580922993417
3,0.0028604100469556124,11.45700653550871,-1.306778626389507,-12.0,-7.688684275124881,12.0,-0.001786211153559109,0.0006381905648735384,0.0006381892580949111,0.001145700653550871,2.565256880104421e-06,-0.0006381905648735374
3,0.0028606100469556126,11.45700973419902,-1.301416866403268,-12.0,-7.680643180873078,12.0,-0.001785944447616149,0.0006379226314469816,0.0006379213300301147,0.001145700973419903,2.566164494088e-06,-0.000637922631446981
3,0.0028608100469556127,11.45701298145222,-1.296047004427455,-12.0,-7.672589957837335,12.0,-0.001785675535179289,0.000637654295340989,0.0006376529992939837,0.001145701298145222,2.56526343764225e-06,-0.000637654295340988
3,0.0028610100469556128,11.45701619035377,-1.290669077911387,-12.0,-7.664524618734745,12.0,-0.001785408021565836,0.0006373855540823364,0.0006373842634132578,0.001145701619035377,2.566170191690925e-06,-0.0006373855540823359
3,0.002861210046955613,11.45701944777502,-1.285283066388951,-12.0,-7.656447176301603,12.0,-0.001785138304038696,0.0006371164109912662,0.0006371151257081988,0.001145701944777503,2.565270013156265e-06,-0.0006371164109912652
3,0.002861410046955613,11.45702266687192,-1.279889007311521,-12.0,-7.648357643293314,12.0,-0.001784869984450798,0.0006368468635981801,0.0006368455837091721,0.001145702266687192,2.566175907957063e-06,-0.0006368468635981793
3,0.002861610046955613,11.45702593444534,-1.274486880261907,-12.0,-7.640256032484334,12.0,-0.001784599463531871,0.0006365769152222436,0.0006365756407353626,0.001145702593444534,2.565276606611622e-06,-0.0006365769152222427
3,0.0028618100469556132,11.4570291637216,-1.269076722693424,-12.0,-7.632142356668164,12.0,-0.001784330339671456,0.0006363065633974747,0.0006363052943207514,0.00114570291637216,2.56618164285113e-06,-0.0006363065633974741
3,0.0028620100469556133,11.45703244143123,-1.263658514237829,-12.0,-7.6240166286575,12.0,-0.001784059017063021,0.0006360358114419682,0.0006360345477834529,0.001145703244143123,2.565283217974174e-06,-0.0006360358114419672
3,0.0028622100469556135,11.45703568087082,-1.258232292350398,-12.0,-7.61587886128393,12.0,-0.001783789090637684,0.0006357646568933538,0.0006357633986610608,0.001145703568087082,2.566187396337864e-06,-0.0006357646568933531
3,0.0028624100469556136,11.45703896870061,-1.252798036711584,-12.0,-7.607729067398052,12.0,-0.001783516968047611,0.0006354931030686476,0.0006354918502706099,0.001145703896870061,2.565289847209699e-06,-0.0006354931030686467
3,0.0028626100469556137,11.45704221828742,-1.247355784778692,-12.0,-7.599567259869594,12.0,-0.001783246240769373,0.0006352211475090908,0.0006352199001533053,0.001145704221828742,2.566193168382794e-06,-0.0006352211475090903
3,0.002862810046955614,11.45704551622128,-1.241905516280877,-12.0,-7.59139345158712,12.0,-0.001782973319911002,0.0006349487935306253,0.000634947551625108,0.001145704551622128,2.565296494284622e-06,-0.0006349487935306243
3,0.002863010046955614,11.45704877593912,-1.236447268677262,-12.0,-7.583207655458142,12.0,-0.001782701793496233,0.0006346760386780885,0.0006346748022308193,0.001145704877593912,2.566198958951658e-06,-0.000634676038678088
3,0.002863210046955614,11.45705208396088,-1.230981021745722,-12.0,-7.575009884409242,12.0,-0.001782428076088354,0.000634402886266353,0.0006344016552853303,0.001145705208396088,2.565303159165821e-06,-0.000634402886266352
3,0.002863410046955614,11.4570553537935,-1.225506812947263,-12.0,-7.566800151385773,12.0,-0.001782155752259138,0.0006341293338438517,0.0006341281083370381,0.00114570553537935,2.566204768010698e-06,-0.000634129333843851
3,0.0028636100469556143,11.45705867188691,-1.220024622108217,-12.0,-7.558578469352001,12.0,-0.00178188124002446,0.0006338553847243792,0.0006338541646997563,0.001145705867188691,2.565309841820852e-06,-0.0006338553847243784
3,0.0028638100469556144,11.45706195181796,-1.214534486691506,-12.0,-7.550344851291108,12.0,-0.00178160812050833,0.0006335810364599608,0.0006335798219254734,0.001145706195181796,2.566210595526943e-06,-0.0006335810364599602
3,0.0028640100469556145,11.45706527996669,-1.209036386571942,-12.0,-7.542099310205122,12.0,-0.001781332815175163,0.0006333062923633189,0.0006333050833269314,0.001145706527996669,2.565316542218083e-06,-0.0006333062923633181
3,0.0028642100469556146,11.45706856997977,-1.203530359214235,-12.0,-7.533841859114833,12.0,-0.001781058901704303,0.0006330311499900603,0.0006330299464597006,0.001145706856997978,2.566216441468139e-06,-0.0006330311499900598
3,0.0028644100469556147,11.45707190816739,-1.198016384541576,-12.0,-7.525572511059908,12.0,-0.001780782805005508,0.0006327556126518341,0.0006327544146354486,0.00114570719081674,2.565323260326612e-06,-0.0006327556126518332
3,0.002864610046955615,11.45707520824602,-1.192494500020525,-12.0,-7.517291279098797,12.0,-0.001780508099317182,0.0006324796779078279,0.0006324784854133272,0.001145707520824602,2.566222305803278e-06,-0.0006324796779078271
3,0.002864810046955615,11.45707855645604,-1.186964685622514,-12.0,-7.50899817630865,12.0,-0.001780231212991281,0.0006322033490686145,0.0006322021621039279,0.001145707855645604,2.565329996116471e-06,-0.0006322033490686136
3,0.002865010046955615,11.45708186658362,-1.18142697881589,-12.0,-7.500693215785431,12.0,-0.001779955716827319,0.0006319266236969548,0.0006319254422699754,0.001145708186658362,2.566228188502038e-06,-0.0006319266236969542
3,0.002865210046955615,11.45708522479946,-1.175881359620339,-12.0,-7.492376410643832,12.0,-0.001779678042618159,0.0006316495051023502,0.0006316483292209898,0.001145708522479946,2.565336749559101e-06,-0.0006316495051023493
3,0.0028654100469556153,11.45708854495929,-1.17032786550593,-12.0,-7.484047774017196,12.0,-0.00177940175772567,0.0006313719908511272,0.0006313708205232611,0.001145708854495929,2.566234089535561e-06,-0.0006313719908511267
3,0.0028656100469556154,11.45709191316426,-1.164766476540443,-12.0,-7.475707319057559,12.0,-0.001779123297380764,0.0006310940842517126,0.000631092919485235,0.001145709191316426,2.565343520627353e-06,-0.0006310940842517116
3,0.0028658100469556155,11.45709524333958,-1.159197230195708,-12.0,-7.467355058935655,12.0,-0.001778846225512248,0.0006308157828739953,0.0006308146236767646,0.001145709524333958,2.566240008876839e-06,-0.0006308157828739948
3,0.0028660100469556156,11.45709862151689,-1.153620106587575,-12.0,-7.458991006840872,12.0,-0.001778566980785346,0.0006305370900253306,0.0006305359364052231,0.001145709862151689,2.565350309295481e-06,-0.0006305370900253298
3,0.0028662100469556157,11.45710196169081,-1.148035143189535,-12.0,-7.450615175981139,12.0,-0.001778289123697467,0.0006302580032791611,0.0006302568552440173,0.001145710196169081,2.566245946500166e-06,-0.0006302580032791604
3,0.002866410046955616,11.45710534982355,-1.142442320165391,-12.0,-7.442227579583063,12.0,-0.001778009096346757,0.0006299785259417681,0.0006299773834994471,0.001145710534982355,2.565357115540002e-06,-0.0006299785259417672
3,0.002866610046955616,11.45710869997907,-1.136841674990358,-12.0,-7.433828230891823,12.0,-0.001777730455801347,0.0006296986555901471,0.0006296975187484714,0.001145710869997907,2.566251902382259e-06,-0.0006296986555901466
3,0.002866810046955616,11.45711209805023,-1.131233187876067,-12.0,-7.425417143171094,12.0,-0.001777449647589578,0.0006294183955295035,0.0006294172642963147,0.001145711209805023,2.565363939339793e-06,-0.0006294183955295028
3,0.002867010046955616,11.45711545817022,-1.125616896299385,-12.0,-7.416994329703153,12.0,-0.001777170225354532,0.0006291377433403774,0.0006291366177234805,0.001145711545817022,2.566257876502149e-06,-0.0006291377433403768
3,0.0028672100469556163,11.45711886616265,-1.119992780519779,-12.0,-7.408559803788797,12.0,-0.001776888638049914,0.0006288567023269027,0.0006288555823341213,0.001145711886616265,2.565370780675898e-06,-0.0006288567023269017
3,0.0028674100469556164,11.45712223622984,-1.114360878015694,-12.0,-7.400113578747244,12.0,-0.001776608435897003,0.0006285752700731556,0.000628574155712277,0.001145712223622985,2.566263868842e-06,-0.000628575270073155
3,0.0028676100469556165,11.45712565412624,-1.108721169094301,-12.0,-7.391655667916263,12.0,-0.001776326071272565,0.0006282934498821971,0.0006282923411610272,0.001145712565412624,2.565377639532953e-06,-0.0006282934498821963
3,0.0028678100469556166,11.45712903412324,-1.103073691235691,-12.0,-7.38318608465207,12.0,-0.001776045090978289,0.0006280112393416385,0.0006280101362679467,0.001145712903412324,2.566269879387047e-06,-0.000628011239341638
3,0.0028680100469556167,11.45713246190616,-1.097418424794615,-12.0,-7.374704842329249,12.0,-0.001775761950812167,0.0006277286417534643,0.0006277275443350388,0.001145713246190616,2.565384515899227e-06,-0.0006277286417534634
3,0.002868210046955617,11.45713585181538,-1.091755407252748,-12.0,-7.366211954340885,12.0,-0.001775480194158363,0.0006274456547088142,0.0006274445629534064,0.001145713585181538,2.566275908126837e-06,-0.0006274456547088138
3,0.002868410046955617,11.4571392894672,-1.086084619012379,-12.0,-7.35770743409836,12.0,-0.00177519628023335,0.000627162281508599,0.0006271611954239791,0.00114571392894672,2.565391409766931e-06,-0.0006271622815085982
3,0.002868610046955617,11.45714268927089,-1.080406097556716,-12.0,-7.349191295031496,12.0,-0.001774913749006522,0.0006268785197474785,0.0006268774393413804,0.001145714268927089,2.566281955055426e-06,-0.000626878519747478
3,0.002868810046955617,11.4571461367738,-1.074719823335553,-12.0,-7.340663550588465,12.0,-0.001774629063110427,0.000626594372725292,0.0006265932980054678,0.00114571461367738,2.565398321133658e-06,-0.0006265943727252912
3,0.0028690100469556173,11.457149546454,-1.069025833833567,-12.0,-7.332124214235687,12.0,-0.001774345759102942,0.0006263098380402126,0.0006263087690143783,0.0011457149546454,2.5662880201719e-06,-0.000626309838040212
3,0.0028692100469556174,11.45715300378997,-1.06332410954794,-12.0,-7.323573299457991,12.0,-0.001774060303027924,0.0006260249189910061,0.0006260238556668956,0.001145715300378997,2.565405250002519e-06,-0.0006260249189910051
3,0.0028694100469556175,11.45715642332849,-1.057614687964846,-12.0,-7.315010819758392,12.0,-0.001773776228035654,0.0006257396131793553,0.0006257385555646667,0.001145715642332849,2.566294103482308e-06,-0.0006257396131793546
3,0.0028696100469556176,11.45715989047926,-1.051897549628738,-12.0,-7.306436788658234,12.0,-0.001773490003580269,0.0006254539239029504,0.0006254528720053999,0.001145715989047926,2.56541219638379e-06,-0.0006254539239029497
3,0.0028698100469556178,11.45716331985767,-1.046172732027304,-12.0,-7.297851219697109,12.0,-0.001773205159404133,0.0006251678487669811,0.0006251668025942486,0.001145716331985767,2.566300204999455e-06,-0.0006251678487669806
3,0.002870010046955618,11.4571667968047,-1.040440215752165,-12.0,-7.289254126432755,12.0,-0.001772918168370342,0.0006248813910680598,0.0006248803506278431,0.00114571667968047,2.56541916029541e-06,-0.0006248813910680589
3,0.002870210046955618,11.45717023600426,-1.034700038292443,-12.0,-7.280645522441177,12.0,-0.001772632556817837,0.000624594548414874,0.0006245935137148353,0.001145717023600426,2.566306324745066e-06,-0.0006245945484148734
3,0.002870410046955618,11.45717372272871,-1.028952180286935,-12.0,-7.272025421316562,12.0,-0.001772344801012355,0.0006243073241029636,0.0006243062951507823,0.001145717372272871,2.5654261417647e-06,-0.0006243073241029627
3,0.002870610046955618,11.45717717173038,-1.02319667922613,-12.0,-7.263393836671178,12.0,-0.00177205842389349,0.0006240197157445054,0.0006240186925478257,0.001145717717173038,2.566312462751103e-06,-0.000624019715744505
3,0.0028708100469556183,11.45718066821306,-1.017433515795889,-12.0,-7.254750782135524,12.0,-0.001771769905129215,0.0006237317266339646,0.0006237307092004477,0.001145718066821306,2.565433140829943e-06,-0.0006237317266339635
3,0.0028710100469556184,11.45718412699743,-1.011662727488083,-12.0,-7.246096271358113,12.0,-0.001771482764260523,0.0006234433543870036,0.0006234423427242755,0.001145718412699743,2.566318619061075e-06,-0.000623443354387003
3,0.0028712100469556186,11.45718763321876,-1.005884295035528,-12.0,-7.237430318005623,12.0,-0.001771193484354101,0.0006231546022970106,0.0006231535964127146,0.001145718763321876,2.565440157541824e-06,-0.0006231546022970096
3,0.0028714100469556187,11.45719110176597,-1.000098255931505,-12.0,-7.228752935762802,12.0,-0.001770905581556221,0.0006228654679831301,0.0006228644678848738,0.001145719110176597,2.566324793731725e-06,-0.0006228654679831297
3,0.0028716100469556188,11.45719461770592,-0.9943045909556694,-12.0,-7.220064138332374,12.0,-0.001770615542329568,0.0006225759547376714,0.0006225749604330794,0.001145719461770592,2.565447191966312e-06,-0.0006225759547376704
3,0.002871810046955619,11.45719809599565,-0.9885033376026364,-12.0,-7.211363939435157,12.0,-0.001770326879427798,0.0006222860601832526,0.0006222850716799144,0.001145719809599565,2.566330986836763e-06,-0.000622286060183252
3,0.002872010046955619,11.45720162163367,-0.9826944766989198,-12.0,-7.202652352809981,12.0,-0.001770036082707837,0.0006219957876111071,0.0006219948049166293,0.001145720162163367,2.565454244186143e-06,-0.0006219957876111061
3,0.002872210046955619,11.45720510964504,-0.976878045740401,-12.0,-7.193929392213578,12.0,-0.001769746661533064,0.0006217051346473183,0.0006217041577692719,0.001145720510964504,2.566337198467788e-06,-0.0006217051346473178
3,0.0028724100469556192,11.45720864495998,-0.9710540256003174,-12.0,-7.18519507142072,12.0,-0.001769455109150974,0.0006214141045820413,0.0006214131335280147,0.001145720864495998,2.565461314304971e-06,-0.0006214141045820403
3,0.0028726100469556193,11.45721214267148,-0.965222453775893,-12.0,-7.176449404224117,12.0,-0.001769164931538015,0.000621122695044823,0.0006211217298223686,0.001145721214267148,2.566343428738494e-06,-0.0006211226950448225
3,0.0028728100469556195,11.4572156876415,-0.9593833111869866,-12.0,-7.167692404434344,12.0,-0.001768872625330592,0.0006208309093247366,0.0006208299499414246,0.001145721568764151,2.565468402449277e-06,-0.0006208309093247358
3,0.0028730100469556196,11.45721919503088,-0.9535366353320539,-12.0,-7.158924085879876,12.0,-0.001768581693120123,0.0006205387450547827,0.0006205377915181469,0.001145721919503088,2.566349677788414e-06,-0.0006205387450547822
3,0.0028732100469556197,11.45722274963338,-0.9476824071775657,-12.0,-7.15014446240711,12.0,-0.001768288634927842,0.0006202462055229554,0.0006202452578405473,0.001145722274963338,2.565475508773808e-06,-0.0006202462055229544
3,0.00287341004695562,11.45722626667753,-0.9418206642232574,-12.0,-7.141353547880293,12.0,-0.001767996949964336,0.0006199532883657042,0.0006199523465450394,0.001145722626667753,2.56635594578673e-06,-0.0006199532883657035
3,0.00287361004695562,11.45722983088896,-0.9359513874820491,-12.0,-7.13255135618143,12.0,-0.001767703141633539,0.0006196599968699391,0.0006196590609185506,0.001145722983088896,2.565482633465411e-06,-0.0006196599968699381
3,0.00287381004695562,11.4572333575638,-0.9300746144549085,-12.0,-7.123737901210409,12.0,-0.00176741070576673,0.0006193663286755506,0.0006193653986009355,0.00114572333575638,2.566362232937659e-06,-0.0006193663286755501
3,0.00287401004695562,11.45723693135958,-0.9241903262012336,-12.0,-7.114913196884903,12.0,-0.001767116149148711,0.0006190722870683677,0.0006190713628780407,0.001145723693135958,2.565489776748675e-06,-0.0006190722870683669
3,0.0028742100469556203,11.45724046763988,-0.9182985602231533,-12.0,-7.106077257140273,12.0,-0.001766822964233013,0.0006187778696917126,0.0006187769513931517,0.001145724046763988,2.566368539486244e-06,-0.0006187778696917119
3,0.0028744100469556204,11.45724405099417,-0.9123992976264258,-12.0,-7.097230095929701,12.0,-0.001766527661182612,0.0006184830798303285,0.0006184821674310299,0.001145724405099417,2.565496938892577e-06,-0.0006184830798303276
3,0.0028746100469556205,11.45724759685339,-0.9064925759144211,-12.0,-7.088371727224086,12.0,-0.001766233729077768,0.0006181879151309671,0.0006181870086383904,0.001145724759685339,2.566374865725363e-06,-0.0006181879151309665
3,0.0028748100469556206,11.45725118973895,-0.9005783762391423,-12.0,-7.079502165011951,12.0,-0.00176593768145572,0.0006178923788772817,0.0006178914782989047,0.001145725118973895,2.565504120217684e-06,-0.0006178923788772809
3,0.0028750100469556207,11.45725474514898,-0.8946567361051468,-12.0,-7.070621423299572,12.0,-0.001765643004025815,0.0006175964687194432,0.0006175955740627064,0.001145725474514898,2.566381212004045e-06,-0.0006175964687194426
3,0.002875210046955621,11.4572583475369,-0.8887276367107058,-12.0,-7.061729516110876,12.0,-0.001765346213697015,0.0006173001879400179,0.0006172992992123804,0.00114572583475369,2.565511321105336e-06,-0.000617300187940017
3,0.002875410046955621,11.45726191246787,-0.8827911155615209,-12.0,-7.052826457487375,12.0,-0.00176505079281122,0.0006170035341925858,0.0006170026514014697,0.001145726191246787,2.566387578736877e-06,-0.0006170035341925853
3,0.002875610046955621,11.45726552432729,-0.8768471539019846,-12.0,-7.043912261488162,12.0,-0.0017647532616458,0.0006167065107586187,0.0006167056339114637,0.001145726552432729,2.565518542007544e-06,-0.0006167065107586178
3,0.002875810046955621,11.45726909874723,-0.8708957892390413,-12.0,-7.034986942190068,12.0,-0.001764457099177714,0.0006164091152951033,0.0006164082443993133,0.001145726909874723,2.566393966415498e-06,-0.0006164091152951027
3,0.0028760100469556213,11.45727272004505,-0.8649370028631936,-12.0,-7.026050513687344,12.0,-0.001764158829050946,0.0006161113510824159,0.000616110486145412,0.001145727272004505,2.565525783459813e-06,-0.0006161113510824151
3,0.0028762100469556214,11.45727630391953,-0.8589708322824577,-12.0,-7.017102990091777,12.0,-0.001763861926878986,0.0006158132157809324,0.0006158123568100995,0.001145727630391953,2.566400375620696e-06,-0.000615813215780932
3,0.0028764100469556215,11.45727993462001,-0.8529972588334895,-12.0,-7.00814438553283,12.0,-0.001763562919670259,0.0006155147126699351,0.0006155138596726752,0.001145727993462001,2.565533046095029e-06,-0.0006155147126699341
3,0.0028766100469556216,11.45728352791179,-0.8470163200254783,-12.0,-6.999174714157313,12.0,-0.001763265279678508,0.000615215839413184,0.0006152149923968634,0.001145728352791179,2.566406807039507e-06,-0.0006152158394131835
3,0.0028768100469556217,11.45728716797612,-0.8410279972410016,-12.0,-6.990193990129534,12.0,-0.001762965537272844,0.0006149165992888541,0.000614915758260856,0.001145728716797612,2.565540330659966e-06,-0.0006149165992888532
3,0.002877010046955622,11.4572907706446,-0.835032327990486,-12.0,-6.981202227631309,12.0,-0.001762667161349129,0.0006146169899640829,0.0006146161549317543,0.00114572907706446,2.566413261482249e-06,-0.0006146169899640823
3,0.002877210046955622,11.45729442003035,-0.829029293702512,-12.0,-6.972199440861884,12.0,-0.001762366685635846,0.0006143170147159381,0.0006143161856866433,0.001145729442003036,2.565547638035748e-06,-0.0006143170147159372
3,0.002877410046955622,11.45729803203107,-0.8230189318886523,-12.0,-6.963185644037835,12.0,-0.001762067575673887,0.0006140166712149188,0.0006140158481959864,0.001145729803203108,2.566419739904437e-06,-0.0006140166712149183
3,0.002877610046955622,11.45730169069164,-0.8170012240234285,-12.0,-6.954160851393205,12.0,-0.001761766368547372,0.0006137159627369785,0.0006137151457357537,0.001145730169069164,2.56555496925977e-06,-0.0006137159627369776
3,0.0028778100469556223,11.45730531197557,-0.8109762076196932,-12.0,-6.9451250771794,12.0,-0.001761466526445161,0.0006134148869559713,0.0006134140759797631,0.001145730531197557,2.566426243431724e-06,-0.0006134148869559706
3,0.0028780100469556224,11.45730897985941,-0.804943864197825,-12.0,-6.936078335665085,12.0,-0.001761164589805145,0.0006131134471467267,0.0006131126422028617,0.001145730897985941,2.56556232555455e-06,-0.0006131134471467261
3,0.0028782100469556225,11.45731261037218,-0.7989042312719505,-12.0,-6.927020641136331,12.0,-0.001760864017466229,0.0006128116409864385,0.0006128108420822068,0.001145731261037219,2.566432773388697e-06,-0.0006128116409864381
3,0.0028784100469556226,11.45731628742198,-0.7928572904084022,-12.0,-6.917952007896496,12.0,-0.001760561353216667,0.0006125094717488103,0.0006125086788915191,0.001145731628742198,2.565569708358311e-06,-0.0006125094717488095
3,0.0028786100469556227,11.45731992710301,-0.7868030791225799,-12.0,-6.908872450266166,12.0,-0.001760260052549006,0.0006122069371143593,0.0006122061503112796,0.001145731992710301,2.566439331335285e-06,-0.0006122069371143587
3,0.002878810046955623,11.45732361325469,-0.7807415790266771,-12.0,-6.89978198258315,12.0,-0.001759956662599527,0.0006119040403556481,0.0006119032596140682,0.001145732361325469,2.565577119363241e-06,-0.0006119040403556473
3,0.002879010046955623,11.45732726203606,-0.7746728276375534,-12.0,-6.890680619202638,12.0,-0.001759654635516671,0.0006116007791565089,0.0006116000044836808,0.001145732726203606,2.566445919105896e-06,-0.0006116007791565085
3,0.002879210046955623,11.45733095721762,-0.7685968066133337,-12.0,-6.881568374496877,12.0,-0.001759350521782092,0.0006112971567883551,0.0006112963881915477,0.001145733095721762,2.565584560559904e-06,-0.0006112971567883543
3,0.002879410046955623,11.45733461502283,-0.762513553472228,-12.0,-6.872445262855291,12.0,-0.00175904777020256,0.0006109931709383068,0.000610992408424753,0.001145733461502283,2.566452538858265e-06,-0.0006109931709383064
3,0.0028796100469556233,11.45733831915297,-0.7564230499184266,-12.0,-6.863311298684623,12.0,-0.001758742934602624,0.0006106888248766206,0.0006106880684535697,0.001145733831915297,2.565592034289318e-06,-0.0006106888248766197
3,0.0028798100469556234,11.45734198589544,-0.7503253334716956,-12.0,-6.854166496408598,12.0,-0.001758439460450336,0.0006103841162936908,0.0006103833659683568,0.001145734198589544,2.566459193130628e-06,-0.0006103841162936902
3,0.0028800100469556235,11.45734569888195,-0.7442203858821627,-12.0,-6.84501087046808,12.0,-0.001758133904909993,0.0006100790484585925,0.0006100783042382058,0.001145734569888195,2.565599543304301e-06,-0.0006100790484585918
3,0.0028802100469556237,11.45734937446328,-0.7381082446713275,-12.0,-6.835844435321078,12.0,-0.001757829710114455,0.0006097736190649755,0.0006097728809567304,0.001145734937446328,2.566465884907173e-06,-0.000609773619064975
3,0.0028804100469556238,11.45735309620114,-0.7319888916354587,-12.0,-6.826667205442671,12.0,-0.00175752343656443,0.0006094678313807222,0.0006094670993918297,0.001145735309620114,2.565607090842368e-06,-0.0006094678313807214
3,0.002880610046955624,11.45735678050902,-0.7258623642978347,-12.0,-6.817479195324906,12.0,-0.001757218523060059,0.0006091616831027076,0.0006091609572403427,0.001145735678050902,2.566472617698175e-06,-0.0006091616831027072
3,0.002880810046955624,11.45736051087814,-0.7197286445009429,-12.0,-6.808280419476929,12.0,-0.001756911533436822,0.0006088551774975995,0.0006088544577689541,0.001145736051087814,2.565614680711068e-06,-0.0006088551774975986
3,0.002881010046955624,11.45736420378397,-0.7135877697701402,-12.0,-6.799070892424891,12.0,-0.001756605903163838,0.0006085483122654756,0.0006085475986777054,0.001145736420378397,2.566479395631666e-06,-0.0006085483122654751
3,0.0028812100469556242,11.45736794264656,-0.7074397219942262,-12.0,-6.789850628711839,12.0,-0.001756298199409429,0.0006082410906717619,0.0006082403832320392,0.001145736794264656,2.565622317388673e-06,-0.0006082410906717613
3,0.0028814100469556243,11.45737164400253,-0.7012845387008017,-12.0,-6.780619642897855,12.0,-0.001755991854313722,0.0006079335104197057,0.0006079328091351667,0.001145737164400253,2.566486223564372e-06,-0.0006079335104197054
3,0.0028816100469556244,11.45737539120001,-0.695122201825284,-12.0,-6.77137794955995,12.0,-0.001755683438375707,0.0006076255747734672,0.0006076248796512647,0.001145737539120001,2.565630006143244e-06,-0.0006076255747734667
3,0.0028818100469556246,11.45737910083575,-0.6889527488977364,-12.0,-6.762125563291969,12.0,-0.001755376380410764,0.0006073172814394234,0.0006073165924866744,0.001145737910083575,2.566493107209597e-06,-0.0006073172814394233
3,0.0028820100469556247,11.45738285618506,-0.6827761619003972,-12.0,-6.752862498704743,12.0,-0.001755067254243204,0.0006070086336804352,0.0006070079509042728,0.001145738285618506,2.565637753173881e-06,-0.0006070086336804345
3,0.002882210046955625,11.45738657390365,-0.6765924783661698,-12.0,-6.743588770425864,12.0,-0.001754759485366471,0.0006066996292059698,0.000606698952613491,0.001145738657390365,2.566500053291777e-06,-0.0006066996292059695
3,0.002882410046955625,11.45739033719293,-0.6704016803244005,-12.0,-6.734304393099868,12.0,-0.001754449650930601,0.0006063902712775472,0.0006063896008758666,0.001145739033719293,2.565645565776546e-06,-0.0006063902712775468
3,0.002882610046955625,11.45739406276623,-0.6642038053112236,-12.0,-6.725009381388002,12.0,-0.001754141173107896,0.0006060805576076781,0.0006060798934038726,0.001145739406276623,2.566507069725815e-06,-0.0006060805576076779
3,0.002882810046955625,11.45739783374971,-0.6579988354034477,-12.0,-6.715703749968381,12.0,-0.001753830632370623,0.0006057704914564938,0.000605769833457658,0.001145739783374971,2.565653452541024e-06,-0.0006057704914564934
3,0.0028830100469556252,11.45740156691277,-0.6517868081409536,-12.0,-6.706387513535898,12.0,-0.001753521447574539,0.0006054600705394944,0.0006054594187526862,0.001145740156691277,2.566514165832797e-06,-0.0006054600705394944
3,0.0028832100469556254,11.45740534530479,-0.645567705648435,-12.0,-6.697060686802106,12.0,-0.001753210202510666,0.0006051492981153674,0.0006051486525476615,0.001145740534530479,2.565661423583478e-06,-0.0006051492981153672
3,0.0028834100469556255,11.45740908574935,-0.6393415654700231,-12.0,-6.687723284495366,12.0,-0.001752900312720919,0.0006048381719025342,0.0006048375325609688,0.001145740908574935,2.566521352592038e-06,-0.0006048381719025343
3,0.0028836100469556256,11.45741287121722,-0.633108369778953,-12.0,-6.678375321360735,12.0,-0.00175258836531291,0.0006045266951581784,0.0006045260620498085,0.001145741287121722,2.565669490823353e-06,-0.0006045266951581783
3,0.0028838100469556257,11.45741661858396,-0.6268681561242203,-12.0,-6.669016812159873,12.0,-0.001752277772517026,0.0006042148656035649,0.0006042142387354091,0.001145741661858396,2.566528642942588e-06,-0.0006042148656035653
3,0.002884010046955626,11.45742041073956,-0.6206209067282139,-12.0,-6.659647771671167,12.0,-0.001751965124755996,0.0006039026864942951,0.0006039020658733886,0.001145742041073956,2.565677668310067e-06,-0.0006039026864942952
3,0.002884210046955626,11.45742416460902,-0.6143666591456922,-12.0,-6.650268214689639,12.0,-0.001751653830950366,0.000603590155554394,0.0006035895411877355,0.001145742416460902,2.566536052139374e-06,-0.0006035901555543948
3,0.002884410046955626,11.4574279629989,-0.6081053956489507,-12.0,-6.640878156026835,12.0,-0.001751340484835596,0.0006032772760377879,0.0006032766679323928,0.001145742796299891,2.565685972611936e-06,-0.0006032772760377884
3,0.002884610046955626,11.45743172288067,-0.6018371537994125,-12.0,-6.631477610510993,12.0,-0.001751028492026457,0.0006029640456711568,0.0006029634438340041,0.001145743172288067,2.566543598177492e-06,-0.0006029640456711581
3,0.0028848100469556263,11.45743552697437,-0.5955619159203076,-12.0,-6.622066592986807,12.0,-0.001750714449567588,0.0006026504677066488,0.000602649872144734,0.001145743552697437,2.565694423278137e-06,-0.0006026504677066499
3,0.0028850100469556264,11.45743929229436,-0.5892797195808033,-12.0,-6.61264511831558,12.0,-0.001750401759770726,0.0006023365398734758,0.0006023359505937581,0.001145743929229436,2.566551302295854e-06,-0.0006023365398734777
3,0.0028852100469556265,11.4574431014705,-0.5829905471562763,-12.0,-6.603213201375136,12.0,-0.00175008702298788,0.0006020222654218842,0.0006020216824313389,0.00114574431014705,2.565703043388602e-06,-0.000602022265421886
3,0.0028854100469556266,11.45744687155588,-0.5766944362249355,-12.0,-6.593770857059708,12.0,-0.001749773638230868,0.0006017076420834744,0.000601707065389041,0.001145744687155588,2.566559189577868e-06,-0.0006017076420834773
3,0.0028856100469556267,11.45745068508585,-0.5703913692156335,-12.0,-6.584318100280068,12.0,-0.001749458209156123,0.0006013926731064408,0.0006013921027150744,0.001145745068508585,2.56571186021033e-06,-0.0006013926731064436
3,0.002885810046955627,11.45745445914727,-0.5640813837173112,-12.0,-6.574854945963441,12.0,-0.001749144131478444,0.0006010773562246089,0.0006010767921432292,0.001145745445914727,2.566567289667043e-06,-0.0006010773562246131
3,0.002886010046955627,11.45745827617581,-0.5577644622139059,-12.0,-6.565381409053384,12.0,-0.001748828012156938,0.0006007616946839436,0.0006007611369194856,0.001145745827617581,2.565720905979583e-06,-0.0006007616946839477
3,0.002886210046955627,11.45746205328628,-0.5514406423069278,-12.0,-6.555897504509956,12.0,-0.001748513243612548,0.0006004456862202972,0.0006004451347796604,0.001145746205328628,2.566575637623862e-06,-0.0006004456862203028
3,0.002886410046955627,11.45746587280856,-0.5451099065374285,-12.0,-6.546403247309486,12.0,-0.00174819643610439,0.0006001293340771995,0.0006001287889672992,0.001145746587280856,2.565730218838701e-06,-0.0006001293340772058
3,0.0028866100469556273,11.45746965187855,-0.5387722925217031,-12.0,-6.536898652444757,12.0,-0.001747880978762159,0.0005998126359922975,0.0005998120972200128,0.001145746965187855,2.566584274950676e-06,-0.0005998126359923054
3,0.0028868100469556274,11.45747347271303,-0.5324277828602789,-12.0,-6.527383734924764,12.0,-0.00174756348514404,0.0005994955952064398,0.0005994950627786656,0.001145747347271303,2.565739843958523e-06,-0.0005994955952064485
3,0.0028870100469556275,11.45747725246091,-0.5260764151868547,-12.0,-6.517858509774891,12.0,-0.001747247341091521,0.0005991782094587924,0.0005991776833823884,0.001145747725246091,2.566593250821857e-06,-0.0005991782094588037
3,0.0028872100469556276,11.45748107321721,-0.5197181721643084,-12.0,-6.508322992036792,12.0,-0.00174692916345853,0.0005988604819872358,0.0005988599622690763,0.001145748107321722,2.565749834887939e-06,-0.0005988604819872484
3,0.0028874100469556277,11.45748485213422,-0.5133530914468512,-12.0,-6.498777196768301,12.0,-0.001746612334801883,0.0005985424105321294,0.0005985418971790536,0.001145748485213422,2.566602623564206e-06,-0.0005985424105321449
3,0.002887610046955628,11.45748867117499,-0.5069811557630006,-12.0,-6.489221139043556,12.0,-0.001746293475271026,0.0005982239983280377,0.0005982234913468996,0.001145748867117499,2.565760255179638e-06,-0.0005982239983280556
3,0.002887810046955628,11.45749244748378,-0.5006024027913233,-12.0,-6.479654833952903,12.0,-0.001745975964140535,0.0005979052431161364,0.0005979047425137552,0.001145749244748378,2.56661246244324e-06,-0.000597905243116158
3,0.002888010046955628,11.45749626287952,-0.4942168153299192,-12.0,-6.470078296602794,12.0,-0.001745656424852266,0.0005975861481272625,0.0005975856539104721,0.001145749626287952,2.565771180353593e-06,-0.0005975861481272876
3,0.002888210046955628,11.45750003448495,-0.48782443108608,-12.0,-6.460491542115909,12.0,-0.001745338233403757,0.0005972667111029526,0.0005972662232785517,0.001145750003448495,2.566622849825113e-06,-0.0005972667111029829
3,0.0028884100469556283,11.45750384396043,-0.4814252329323552,-12.0,-6.450894585631075,12.0,-0.001745018016527697,0.0005969469352698373,0.0005969464538446392,0.001145750384396043,2.565782700279014e-06,-0.0005969469352698721
3,0.0028886100469556284,11.45750760839118,-0.4750192586099765,-12.0,-6.441287442303139,12.0,-0.001744699146946851,0.0005966268183692744,0.0005966263433500576,0.001145750760839118,2.566633883802421e-06,-0.0005966268183693163
3,0.0028888100469556285,11.45751140926181,-0.4686064910715341,-12.0,-6.431670127303118,12.0,-0.001744378254683877,0.0005963063636231098,0.0005963058950166674,0.001145751140926181,2.565794922072972e-06,-0.0005963063636231584
3,0.0028890100469556286,11.45751516360106,-0.4621869680985885,-12.0,-6.422042655818094,12.0,-0.001744058709191077,0.0005959855687718924,0.0005959851065849824,0.001145751516360106,2.566645681396482e-06,-0.0005959855687719506
3,0.0028892100469556288,11.45751895269738,-0.4557606727304745,-12.0,-6.412405043051131,12.0,-0.0017437371437801,0.0005956644370319981,0.0005956639812713929,0.001145751895269738,2.56580797364099e-06,-0.0005956644370320657
3,0.002889410046955629,11.45752269350048,-0.449327642796427,-12.0,-6.402757304221308,12.0,-0.001743416924635482,0.0005953429661424072,0.0005953425168148453,0.001145752269350048,2.566658382477857e-06,-0.0005953429661424882
3,0.002889610046955629,11.45752646707836,-0.4428878614306355,-12.0,-6.393099454563749,12.0,-0.001743094688357025,0.0005950211593132173,0.00059502071642545,0.001145752646707836,2.565822008023467e-06,-0.0005950211593133114
3,0.002889810046955629,11.4575301902749,-0.4364413665189536,-12.0,-6.383431509329544,12.0,-0.001742773797867959,0.0005946990142809468,0.0005946985778396926,0.00114575301902749,2.566672154590344e-06,-0.000594699014281059
3,0.002890010046955629,11.45753394390878,-0.4299881412998928,-12.0,-6.373753483785642,12.0,-0.001742450893053515,0.0005943765342484441,0.0005943761042604336,0.001145753394390878,2.565837208757397e-06,-0.0005943765342485749
3,0.0028902100469556293,11.45753764468614,-0.4235282237264569,-12.0,-6.364065393214995,12.0,-0.001742129333579882,0.000594053716948698,0.00059405329342063,0.001145753764468614,2.566687198915747e-06,-0.0005940537169488538
3,0.0028904100469556294,11.45754137314195,-0.4170615971530019,-12.0,-6.354367252916448,12.0,-0.001741805762618657,0.0005937305655761625,0.0005937301485147474,0.001145754137314195,2.565853796521293e-06,-0.0005937305655763445
3,0.0028906100469556295,11.45754504580664,-0.4105882996122115,-12.0,-6.344659078204633,12.0,-0.001741483536582636,0.0005934070778590259,0.0005934066672709425,0.001145754504580664,2.566703757690751e-06,-0.0005934070778592422
3,0.0028908100469556297,11.45754874289037,-0.4041083145878514,-12.0,-6.334940884410111,12.0,-0.001741159301931167,0.0005930832569819726,0.0005930828528739113,0.001145754874289038,2.565872037423906e-06,-0.000593083256982226
3,0.0028910100469556298,11.45755238070268,-0.3976216802074134,-12.0,-6.325212686879262,12.0,-0.001740836411828392,0.0005927591006668842,0.0005927587030455047,0.001145755238070268,2.566722123481507e-06,-0.000592759100667185
3,0.00289121004695563,11.45755603907993,-0.3911283801002817,-12.0,-6.315474500974187,12.0,-0.001740511516020125,0.0005924346120870381,0.0005924342209590105,0.001145755603907993,2.565892253399571e-06,-0.0005924346120873905
3,0.00289141004695563,11.45755963405669,-0.3846284525066417,-12.0,-6.305726342072834,12.0,-0.001740187964429337,0.0005921097889562016,0.0005921094043281667,0.001145755963405669,2.566742650853823e-06,-0.0005921097889566192
3,0.00289161004695563,11.45756324502233,-0.3781218812259513,-12.0,-6.295968225568905,12.0,-0.001739862410090242,0.0005917846344342954,0.0005917842563124141,0.001145756324502233,2.565914835330329e-06,-0.0005917846344342954
3,0.0028918100469556302,11.45756678767516,-0.3716087046314321,-12.0,-6.286200166871772,12.0,-0.001739538199689822,0.0005914591462240341,0.0005914587746153295,0.001145756678767516,2.566765771713762e-06,-0.000591459146224034
3,0.0028920100469556303,11.4575703409302,-0.365088906701539,-12.0,-6.276422181406477,12.0,-0.001739211989550969,0.0005911333274704936,0.000591132962381587,0.00114575703409302,2.56594026075726e-06,-0.0005911333274704938
3,0.0028922100469556304,11.45757382006406,-0.3585625259710765,-12.0,-6.266634284613904,12.0,-0.001738887123130307,0.0005908071758642828,0.0005908068173017569,0.001145757382006406,2.566792012875286e-06,-0.0005908071758642827
3,0.0028924100469556306,11.45757730339121,-0.3520295466395675,-12.0,-6.256836491950422,12.0,-0.001738560260042607,0.0005904806945310853,0.0005904803425015387,0.001145757730339121,2.565969112023522e-06,-0.0005904806945310854
3,0.0028926100469556307,11.45758070567915,-0.3454900074322531,-12.0,-6.247028818888029,12.0,-0.001738234740522382,0.0005901538811455776,0.0005901535356555701,0.001145758070567915,2.566822020721004e-06,-0.0005901538811455776
3,0.002892810046955631,11.45758410455547,-0.3389438927985519,-12.0,-6.23721128091449,12.0,-0.001737907227479341,0.0005898267388115938,0.0005898263998677011,0.001145758410455547,2.566002107168464e-06,-0.0005898267388115938
3,0.002893010046955631,11.45758741416697,-0.3323912416913842,-12.0,-6.227383893532981,12.0,-0.001737581057934119,0.0005894992651841596,0.0005894989327929179,0.001145758741416697,2.566856593203608e-06,-0.0005894992651841596
3,0.002893210046955631,11.45759071133284,-0.3258320388503013,-12.0,-6.217546672262261,12.0,-0.001737252898092423,0.0005891714633411959,0.000589171137509157,0.001145759071133284,2.566040134181304e-06,-0.000589171463341196
3,0.002893410046955631,11.45759390944487,-0.31926632350067,-12.0,-6.207699632636673,12.0,-0.001736926081769244,0.0005888433309136002,0.0005888430116472768,0.001145759390944487,2.566896719896188e-06,-0.0005888433309136004
3,0.0028936100469556312,11.45759708436729,-0.3126940807210733,-12.0,-6.197842790206064,12.0,-0.001736597278472056,0.000588514870948499,0.0005885145582544183,0.001145759708436729,2.566084297455856e-06,-0.0005885148709484991
3,0.0028938100469556314,11.45760014857477,-0.3061153500631962,-12.0,-6.18797616053568,12.0,-0.001736269818819052,0.0005881860810472484,0.0005881857749318982,0.001145760014857477,2.566943635166957e-06,-0.0005881860810472483
3,0.0028940100469556315,11.45760317679935,-0.2995301170036357,-12.0,-6.1780997592063,12.0,-0.001735940375623191,0.0005878569642202663,0.0005878566646901494,0.001145760317679935,2.566135978755418e-06,-0.0005878569642202664
3,0.0028942100469556316,11.45760608040204,-0.2929384214859383,-12.0,-6.168213601814142,12.0,-0.001735612276316173,0.0005875275180328204,0.000587527225094399,0.001145760608040204,2.566998888181356e-06,-0.0005875275180328204
3,0.0028944100469556317,11.45760893276738,-0.2863402494563683,-12.0,-6.15831770397074,12.0,-0.001735282197021349,0.0005871977454514371,0.0005871974591111876,0.001145760893276738,2.566196917714041e-06,-0.0005871977454514371
3,0.002894610046955632,11.45761164390368,-0.2797356413298923,-12.0,-6.148412081303093,12.0,-0.001734953461992804,0.0005868676439973201,0.0005868673642616788,0.001145761164390368,2.567064435610334e-06,-0.0005868676439973201
3,0.002894810046955632,11.45761428558533,-0.2731245836100415,-12.0,-6.138496749453564,12.0,-0.001734622750671404,0.0005865372165843522,0.0005865369434597687,0.001145761428558533,2.566269318745759e-06,-0.0005865372165843523
3,0.002895010046955632,11.45761676617559,-0.2665071172805237,-12.0,-6.128571724079755,12.0,-0.001734293384143058,0.0005862064606799233,0.0005862061941728059,0.001145761676617559,2.567142765078375e-06,-0.0005862064606799232
3,0.002895210046955632,11.45761915551663,-0.2598832295093728,-12.0,-6.118637020854668,12.0,-0.001733962045170461,0.0005858753791345295,0.0005858751192513,0.001145761915551663,2.566355993774388e-06,-0.0005858753791345296
3,0.0028954100469556323,11.45762135996725,-0.2532529619688904,-12.0,-6.108692655466581,12.0,-0.001733632051682748,0.0005855439693497691,0.0005855437160968071,0.001145762135996725,2.567237060385192e-06,-0.0005855439693497691
3,0.0028956100469556324,11.45762344703993,-0.2466163026239886,-12.0,-6.098738643618976,12.0,-0.001733300089767883,0.0005852122340994987,0.0005852119874831962,0.001145762344703993,2.566460553713402e-06,-0.0005852122340994988
3,0.0028958100469556325,11.45762532064409,-0.2399732939837247,-12.0,-6.088775001030569,12.0,-0.001732969474207096,0.0005848801707046846,0.0005848799307313906,0.001145762532064409,2.567351423665936e-06,-0.0005848801707046845
3,0.0028960100469556326,11.45762704546844,-0.2333239249745807,-12.0,-6.07880174343534,12.0,-0.001732636894418751,0.000584547781846076,0.000584547548522151,0.001145762704546844,2.566587666502604e-06,-0.000584547781846076
3,0.0028962100469556327,11.45762852241771,-0.226668239127471,-12.0,-6.068818886582452,12.0,-0.0017323056620406,0.0005842150647454982,0.0005842148380772591,0.001145762852241771,2.567491175410251e-06,-0.0005842150647454982
3,0.002896410046955633,11.45762981273732,-0.2200062265368116,-12.0,-6.058826446236142,12.0,-0.001731972469822232,0.0005838820219699329,0.0005838818019637066,0.001145762981273732,2.566743406295432e-06,-0.0005838820219699331
3,0.002896610046955633,11.4576308136276,-0.2133379319884954,-12.0,-6.048824438175865,12.0,-0.001731640626262885,0.000583548650618737,0.000583548437280805,0.00114576308136276,2.567663261283828e-06,-0.000583548650618737
3,0.002896810046955633,11.45763158210554,-0.2066633470066317,-12.0,-6.038812878196187,12.0,-0.001731306827439637,0.0005832149531189555,0.0005832147464556087,0.001145763158210554,2.566935727902828e-06,-0.0005832149531189555
3,0.002897010046955633,11.45763201077549,-0.1999825179291642,-12.0,-6.028791782106668,12.0,-0.001730974378710667,0.0005828809264177505,0.0005828807264352326,0.001145763201077549,2.56787680599117e-06,-0.0005828809264177505
3,0.0028972100469556333,11.45763215141869,-0.1932954380455291,-12.0,-6.01876116573202,12.0,-0.001730639979471322,0.0005825465727686489,0.0005825463794732112,0.001145763215141869,2.567175114042652e-06,-0.0005825465727686491
3,0.0028974100469556334,11.45763189089212,-0.1866021556295736,-12.0,-6.008721044911978,12.0,-0.001730306931927142,0.0005822118889282403,0.0005822117023260848,0.001145763189089212,2.568143870480602e-06,-0.0005822118889282404
3,0.0028976100469556335,11.45763127443029,-0.1799026661729362,-12.0,-5.998671435501209,12.0,-0.0017299719387747,0.0005818768769328272,0.0005818766970301611,0.001145763127443029,2.567475462207873e-06,-0.0005818768769328273
3,0.0028978100469556336,11.45763018163259,-0.1731970203886344,-12.0,-5.988612353369448,12.0,-0.00172963829904665,0.0005815415332980811,0.000581541360101061,0.001145763018163259,2.568480491988373e-06,-0.0005815415332980813
3,0.0028980100469556337,11.45762864945184,-0.1664852165488663,-12.0,-5.978543814401385,12.0,-0.001729302718705766,0.0005812058597852515,0.0005812056933000352,0.001145762864945184,2.567855306052871e-06,-0.0005812058597852518
3,0.002898210046955634,11.45762654821348,-0.1597673084778253,-12.0,-5.968465834496561,12.0,-0.001728968493574673,0.000580869852601873,0.0005808696928345651,0.001145762654821348,2.568908120637252e-06,-0.0005808698526018736
3,0.002898410046955634,11.4576239042483,-0.1530432980082727,-12.0,-5.958378429569539,12.0,-0.001728632332833912,0.0005805335131561259,0.0005805333601128286,0.00114576239042483,2.568339508144607e-06,-0.0005805335131561267
3,0.002898610046955634,11.4576205758602,-0.1463132429914149,-12.0,-5.948281615549651,12.0,-0.001728297529035008,0.0005801968372558227,0.0005801966909425807,0.00114576205758602,2.569455618099234e-06,-0.0005801968372558236
3,0.002898810046955634,11.45761657553203,-0.139577149895791,-12.0,-5.938175408381202,12.0,-0.001727960794500366,0.0005798598258485399,0.0005798596862713912,0.001145761657553203,2.568961625409444e-06,-0.0005798598258485411
3,0.0028990100469556343,11.45761174571545,-0.1328350818764475,-12.0,-5.928059824023215,12.0,-0.001727625418421227,0.000579522474214675,0.0005795223413795949,0.001145761174571545,2.570162064809887e-06,-0.0005795224742146767
3,0.0028992100469556344,11.45760608048982,-0.1260870515561227,-12.0,-5.917934878449607,12.0,-0.001727288116152177,0.000579184782689346,0.000579184656602297,0.001145760608048982,2.56976725121425e-06,-0.0005791847826893484
3,0.0028994100469556345,11.45759940097545,-0.1193331292200401,-12.0,-5.907800587649078,12.0,-0.001726952173392439,0.0005788467458429004,0.0005788466265097746,0.001145759940097545,2.571080753476845e-06,-0.0005788467458429038
3,0.0028996100469556346,11.4575916762394,-0.112573335847962,-12.0,-5.897656967624999,12.0,-0.001726614308370918,0.000578508363177699,0.0005785082506043679,0.00114575916762394,2.570818807594125e-06,-0.0005785083631777038
3,0.0028998100469556348,11.45758269800852,-0.1058077515425235,-12.0,-5.88750403439556,12.0,-0.001726277803107055,0.0005781696282852973,0.0005781695224775522,0.001145758269800852,2.572284967933565e-06,-0.0005781696282853037
3,0.002900010046955635,11.45757240045964,-0.09903640893316466,-12.0,-5.877341803993657,12.0,-0.001725939378477174,0.0005778305395060404,0.0005778304404696404,0.001145757240045964,2.572202552939802e-06,-0.0005778305395060493
3,0.002900210046955635,11.45756053368408,-0.09225940202047885,-12.0,-5.867170292466779,12.0,-0.00172560231254919,0.000577491089044618,0.0005774909967852281,0.001145756053368408,2.573876535184306e-06,-0.0005774910890446301
3,0.002900410046955635,11.45754698170638,-0.08547678017077952,-12.0,-5.856989515877164,12.0,-0.001725263328521852,0.0005771512735706218,0.0005771511880938582,0.001145754698170638,2.574039094056093e-06,-0.0005771512735706385
3,0.002900610046955635,11.45753143372817,-0.0786886577006723,-12.0,-5.846799490301672,12.0,-0.001724925700111282,0.0005768110832600769,0.0005768110045714424,0.001145753143372818,2.575998851354913e-06,-0.0005768110832601
3,0.0029008100469556353,11.45751369914482,-0.07189510887212815,-12.0,-5.836600231831691,12.0,-0.001724586152348417,0.0005764705122959244,0.0005764704404008475,0.001145751369914482,2.576499673069116e-06,-0.0005764705122959563
3,0.0029010100469556354,11.45749337475556,-0.06509627882181968,-12.0,-5.826391756573297,12.0,-0.001724247953987605,0.0005761295477751035,0.0005761294826788689,0.001145749337475556,2.578857449877265e-06,-0.0005761295477751478
3,0.0029012100469556355,11.45747015436052,-0.05829228036263126,-12.0,-5.816174080647009,12.0,-0.001723907831127931,0.0005757881800283765,0.0005757881217361574,0.001145747015436052,2.579832429112112e-06,-0.0005757881800284378
3,0.0029014100469556357,11.45744348835097,-0.0514833074529346,-12.0,-5.805947220187962,12.0,-0.001723569046574126,0.0005754463912734171,0.0005754463397901954,0.001145744348835097,2.582753939063706e-06,-0.0005754463912735028
3,0.0029016100469556358,11.45741288285977,-0.04466953548036674,-12.0,-5.795711191345791,12.0,-0.001723228326213332,0.0005751041655864227,0.000575104120917007,0.001145741288285977,2.584406837255901e-06,-0.0005751041655865425
3,0.002901810046955636,11.4573775441286,-0.03785123980521918,-12.0,-5.785466010284528,12.0,-0.001722888925188254,0.0005747614770477625,0.0005747614391966912,0.00114573775441286,2.588145036385686e-06,-0.0005747614770479309
3,0.002902010046955636,11.45733665599405,-0.03102870326578713,-12.0,-5.775211693182739,12.0,-0.001722547566862195,0.0005744182989914561,0.0005744182679629919,0.001145733665599405,2.590793378924256e-06,-0.0005744182989916953
3,0.002902210046955636,11.45728899150496,-0.02420234563832181,-12.0,-5.76494825623342,12.0,-0.001722207495492567,0.0005740745910591678,0.0005740745668571641,0.001145728899150496,2.595751969081003e-06,-0.0005740745910595098
3,0.0029024100469556362,11.45723314138833,-0.01737264748216082,-12.0,-5.754675715643881,12.0,-0.00172186542736459,0.0005737303068156768,0.0005737302894435245,0.001145723314138833,2.59991667479847e-06,-0.000573730306816172
3,0.0029026100469556363,11.45716704810892,-0.01054030545227366,-12.0,-5.744394087635923,12.0,-0.001721524589207455,0.0005733853782176378,0.0005733853676780596,0.001145716704810892,2.606779451418925e-06,-0.000573385378218365
3,0.0029028100469556365,11.45708811058158,-0.003706197395212797,-12.0,-5.734103388445584,12.0,-0.001721181680345039,0.0005730397191039497,0.0005730397153988398,0.001145708811058158,2.613376248012063e-06,-0.0005730397191050372
3,0.0029030100469556366,11.45699250993032,0.003128392905261683,-12.0,-5.723803634323339,12.0,-0.00172083989476683,0.0005726932027211969,0.0005726932058512531,0.001145699250993032,2.623398620744653e-06,-0.0005726932027228601
3,0.0029032100469556367,11.45687495329188,0.009961690330126815,-12.0,-5.713494841533847,12.0,-0.001720495890757191,0.0005723456531837789,0.0005723456631480877,0.001145687495329188,2.634197071076984e-06,-0.0005723456531863974
3,0.002903410046955637,11.45672733620892,0.01679098255900451,-12.0,-5.70317702635613,12.0,-0.001720152789881434,0.000571996800887237,0.0005719968176824959,0.001145672733620892,2.649957817340112e-06,-0.0005719968008915134
3,0.002903610046955637,11.45653720002008,0.02361210587035126,-12.0,-5.692850205083454,12.0,-0.001719807141272967,0.0005716462310880567,0.0005716462547074864,0.001145653720002008,2.668872067754581e-06,-0.0005716462310953806
3,0.002903810046955637,11.45628369701046,0.0304181002006734,-12.0,-5.682514394023221,12.0,-0.001719461870813133,0.0005712932494090304,0.0005712932798404896,0.001145628369701047,2.69662233305877e-06,-0.0005712932494223895
3,0.002904010046955637,11.45592985207591,0.03719662971635946,-12.0,-5.672169609497119,12.0,-0.001719113181846712,0.0005709366239213476,0.0005709366611179776,0.001145592985207591,2.734313848699883e-06,-0.0005709366239213479
3,0.0029042100469556372,11.4554024090178,0.04392326495683142,-12.0,-5.661815867841002,12.0,-0.001718763316805603,0.0005705739132797832,0.0005705739572030483,0.00114554024090178,2.79392271833005e-06,-0.0005705739132797833
3,0.0029044100469556374,11.45453432029456,0.05054231287957965,-12.0,-5.651453185404781,12.0,-0.001718407057666033,0.0005701995498284363,0.000570199600370749,0.001145453432029456,2.892463747784752e-06,-0.0005701995498284361
3,0.0029046100469556375,11.45284522427582,0.05689364309926533,-12.0,-5.641081578552579,12.0,-0.001718043683303795,0.0005697975221651847,0.0005697975790588276,0.001145284522427582,3.093221378826747e-06,-0.0005697975221651844
3,0.002904731747521796,11.45073639283495,0.06040101768583687,-12.0,-5.634766065878541,12.0,-0.001717813120031805,0.0005695167083564377,0.0005695167687574554,0.001145073639283495,3.349990334837146e-06,-0.0005695167083564378
3,0.002904789444053341,11.44901683572024,0.06182465413122346,-12.0,-5.631770818416744,12.0,-0.001717701606468604,0.0005693595472508822,0.0005693596090794508,0.001144901683572024,3.5654662263374e-06,-0.0005693595472547968
3,0.0029048350776842862,11.44692484690308,0.0627070122403558,-12.0,-5.629401278020883,12.0,-0.00171760392748747,0.0005692108290245581,0.0005692108917331362,0.001144692484690308,3.823999092807242e-06,-0.0005692108290261239
3,0.0029048695545843394,11.44455753632231,0.06311159309253292,-12.0,-5.627610747406422,12.0,-0.001717519226411985,0.0005690722340494775,0.0005690722971614888,0.001144455753632231,4.113326076742416e-06,-0.0005690722340498955
3,0.002904898834493993,11.44161434259383,0.06314441922548371,-12.0,-5.626089911014499,12.0,-0.001717431367728811,0.0005689234330239465,0.0005689234961684175,0.001144161434259383,4.467483000377415e-06,-0.0005689234330239983
3,0.00290492374558286,11.43797033119757,0.06279246051208161,-12.0,-5.624795846906057,12.0,-0.001717335115205939,0.0005687588307422588,0.0005687588935342745,0.001143797033119757,4.89929644231054e-06,-0.0005687588307418139
3,0.002904945227890878,11.43344347665689,0.06202755330878296,-12.0,-5.623679788089737,12.0,-0.001717223066960948,0.0005685707341409708,0.0005685707961674053,0.001143344347665689,5.427228377162776e-06,-0.000568570734139852
3,0.002904964085724644,11.4277980552872,0.06079895128366875,-12.0,-5.622699992728584,12.0,-0.001717088504090997,0.0005683498944063027,0.0005683499552001766,0.00114277980552872,6.077353653172315e-06,-0.0005683498944012253
3,0.0029049812637245917,11.42061302222884,0.05899900895615118,-12.0,-5.621807407690102,12.0,-0.001716922816370432,0.00056808064168726,0.0005680807006636342,0.001142061302222884,6.898804178268709e-06,-0.0005680806416646253
3,0.002904997937501962,11.41103132073333,0.0563827577624193,-12.0,-5.620940959895457,12.0,-0.001716716002212154,0.0005677323718784465,0.0005677324281485454,0.001141103132073333,7.997850374361624e-06,-0.0005677323717657876
3,0.0029050163349008977,11.39670356909825,0.05224425937815025,-12.0,-5.619984873039304,12.0,-0.001716449994108832,0.0005672229141790048,0.0005672229654860049,0.001139670356909825,9.673468071022561e-06,-0.0005672229132417455
3,0.002905034840008479,11.37818965356409,0.04671416445245069,-12.0,-5.619023112961726,12.0,-0.001716198677916031,0.0005665737303355544,0.000566573774455582,0.001137818965356409,1.19221648668921e-05,-0.0005665737277414176
3,0.0029050453624432323,11.36622200789059,0.0430895820834547,-12.0,-5.618476199924292,12.0,-0.001716111481268962,0.0005661565782738868,0.0005661566212903567,0.001136622200789059,1.344860313744743e-05,-0.0005661565782007746
3,0.002905056753415651,11.35265936057821,0.03896344965308951,-12.0,-5.617884116174972,12.0,-0.001716036255642428,0.0005656847565926387,0.0005656847955462559,0.001135265936057821,1.520117677777282e-05,-0.0005656847565828062
3,0.0029050697297908546,11.33711776411062,0.03423263264005527,-12.0,-5.6172095907689,12.0,-0.00171602859892564,0.0005651442223435473,0.0005651442565735283,0.001133711776411062,1.728792070160756e-05,-0.0005651442223408955
3,0.002905083855536373,11.32087005987766,0.02930630627962572,-12.0,-5.616475277456326,12.0,-0.001716047511990587,0.0005645781583750827,0.0005645781876799015,0.001132087005987766,1.949738984104296e-05,-0.0005645781583735952
3,0.0029050986108399516,11.30528098753311,0.0246213717499626,-12.0,-5.615708189927892,12.0,-0.001716120942227783,0.000564032956179176,0.0005640329807891573,0.001130528098753311,2.167468180643527e-05,-0.0005640329561677854
3,0.0029051164069803987,11.28881162196269,0.01974844002078724,-12.0,-5.614782953465766,12.0,-0.001716199273236546,0.0005634531393840722,0.0005634531590970953,0.001128881162196269,2.397951955418823e-05,-0.0005634531393486553
3,0.0029051403418721908,11.27073766578273,0.0145534933001743,-12.0,-5.613538447406169,12.0,-0.0017163216787279,0.0005628091942102654,0.0005628092086241278,0.001127073766578273,2.655300848511009e-05,-0.0005628091940706344
3,0.0029051606955136002,11.25871941830352,0.01125303089825147,-12.0,-5.612480050274073,12.0,-0.001716386276397697,0.0005623733081545403,0.0005623733193702633,0.001125871941830352,2.825515248339443e-05,-0.0005623733081172326
3,0.002905180245884608,11.24950975300806,0.008860967208714321,-12.0,-5.611463337081285,12.0,-0.001716441006422598,0.0005620324304349359,0.0005620324392899672,0.001124950975300806,2.957160334384791e-05,-0.000562032430429
3,0.0029052042157260336,11.24060602082635,0.006724179011727394,-12.0,-5.610216674653792,12.0,-0.001716464964749753,0.0005616940853711604,0.0005616940920907309,0.001124060602082635,3.082416252266334e-05,-0.000561694085366552
3,0.0029052304973987606,11.23307358187281,0.005124740794995031,-12.0,-5.608849628496503,12.0,-0.001716481485553811,0.0005613974369318736,0.0005613974420538906,0.001123307358187281,3.189047769448262e-05,-0.0005613974369291498
3,0.0029052590300857584,11.22670919285615,0.003992822831953458,-12.0,-5.607365322251916,12.0,-0.001716461022464089,0.0005611358145093546,0.0005611358185012098,0.001122670919285615,3.276799402569114e-05,-0.000561135814508387
3,0.0029052901483740293,11.22116312353538,0.003223483473181687,-12.0,-5.605746304323081,12.0,-0.001716436992883263,0.0005608969787799195,0.0005608969820031099,0.001122116312353538,3.353733635127944e-05,-0.0005608969787796263
3,0.002905325726627734,11.21591163637725,0.002707206498057335,-12.0,-5.603894981369475,12.0,-0.001716379168101911,0.0005606601958443461,0.0005606602214939597,0.001121591163637725,3.424144551741545e-05,-0.0005606602187867532
3,0.0029053672285651055,11.21061416902604,0.002381330956923833,-12.0,-5.601735064264323,12.0,-0.001716316982372845,0.000560411626906342,0.0005604116419034557,0.001121061416902604,3.495747784433394e-05,-0.0005604116395221247
3,0.0029054169027734984,11.20487494452877,0.002192079820185544,-12.0,-5.599149330613309,12.0,-0.001716218273710546,0.0005601341347681066,0.0005601341432354294,0.001120487494452877,3.571009302740739e-05,-0.0005601341410433495
3,0.0029054790272825485,11.19810111016842,0.002090527242531781,-12.0,-5.595914743315138,12.0,-0.001716105595704953,0.0005598005242123575,0.0005598005291462943,0.001119810111016842,3.66083146962513e-05,-0.0005598005270557669
3,0.0029055587970206074,11.18964060967399,0.002040065797364932,-12.0,-5.591760185740291,12.0,-0.001715940593830068,0.0005593800241879722,0.0005593800271938314,0.001118964060967399,3.770975318542584e-05,-0.0005593800251537656
3,0.002905670874338651,11.17786634456212,0.002008357631773094,-12.0,-5.585920615749824,12.0,-0.001715723615765385,0.0005587928976705612,0.0005587928993465173,0.001117786634456212,3.925718091945998e-05,-0.0005587928973381597
3,0.002905839532994807,11.16018613980422,0.001976856276821426,-12.0,-5.577127765718314,12.0,-0.001715376171445515,0.0005579104621995159,0.00055791046417637,0.001116018613980422,4.155998119812539e-05,-0.0005579104621995136
3,0.002906039532994807,11.13922330640929,0.001945855870691293,-12.0,-5.566692849940051,12.0,-0.001714976142356217,0.000556863870581084,0.0005568638725269302,0.001113922330640929,4.430257919074004e-05,-0.0005568638705810744
3,0.0029062395329948073,11.11825972919911,0.001920467867268183,-12.0,-5.556249143593974,12.0,-0.001714557760222779,0.0005558169611461324,0.0005558169630665921,0.001111825972919911,4.702721988288951e-05,-0.0005558169611461243
3,0.0029064395329948074,11.09728983076279,0.001898822147387236,-12.0,-5.545796663172091,12.0,-0.001714149601510284,0.000554769548531953,0.00055476955043077,0.001109728983076279,4.976322225562491e-05,-0.0005547695485319478
3,0.0029066395329948075,11.07631301642217,0.001880709482500631,-12.0,-5.535335425180237,12.0,-0.001713723234506914,0.000553721613466277,0.0005537216153469833,0.001107631301642217,5.248223288024587e-05,-0.0005537216134662737
3,0.0029068395329948076,11.05532578261587,0.001864951013448746,-12.0,-5.524865446138252,12.0,-0.001713306981141305,0.0005526730397151723,0.0005526730415801211,0.001105532578261587,5.521303990538469e-05,-0.0005526730397151701
3,0.0029070395329948077,11.03432835812104,0.001851611976530165,-12.0,-5.514386742579603,12.0,-0.001712872654063724,0.0005516238354556147,0.0005516238373072255,0.001103432835812104,5.792742462689716e-05,-0.0005516238354556133
3,0.002907239532994808,11.01331809549069,0.001839798863880748,-12.0,-5.503899331051536,12.0,-0.001712448332949257,0.0005505739129915427,0.0005505739148313405,0.001101331809549069,6.065381891262947e-05,-0.0005505739129915418
3,0.002907439532994808,10.9922956622391,0.001829723138066175,-12.0,-5.493403228115222,12.0,-0.001712006068989969,0.0005495232962617341,0.0005495232969550519,0.00109922956622391,6.336417964955196e-05,-0.0005495232951253288
3,0.002907639532994808,10.97125900094476,0.001820687946747501,-12.0,-5.48289845034538,12.0,-0.001711573706081049,0.0005484719147843891,0.0005484719156499008,0.001097125900094476,6.608663414597177e-05,-0.0005484719138292128
3,0.002907839532994808,10.95020891583012,0.00181295030339701,-12.0,-5.47238501433046,12.0,-0.001711123525492908,0.0005474197972363808,0.0005474197982763359,0.001095020891583012,6.879335047532686e-05,-0.0005474197964633856
3,0.0029080395329948083,10.92914360603014,0.001805898855626875,-12.0,-5.461862936672643,12.0,-0.001710683143769598,0.0005463668842179657,0.0005463668853587258,0.001092914360603014,7.151218431728987e-05,-0.0005463668835528269
3,0.0029082395329948084,10.90806413992563,0.001799878650850406,-12.0,-5.451332233987753,12.0,-0.001710225069841642,0.0005453132118063126,0.0005453132130637391,0.001090806413992563,7.421550184695536e-05,-0.0005453132112638603
3,0.0029084395329948085,10.88696882679952,0.001794315034306937,-12.0,-5.440792922905148,12.0,-0.001709776691818765,0.00054425872426928,0.0005442587255882605,0.001088696882679952,7.69309156732241e-05,-0.0005442587237939455
3,0.0029086395329948086,10.86585883140749,0.001789585160016927,-12.0,-5.43024502006787,12.0,-0.00170931074588121,0.0005432034609133426,0.0005432034623123738,0.001086585883140749,7.963100633258044e-05,-0.0005432034605227888
3,0.0029088395329948087,10.84473259097095,0.00178515700091797,-12.0,-5.419688542132526,12.0,-0.00170885439419266,0.0005421473702613066,0.0005421473716985015,0.001084473259097095,8.234314349320551e-05,-0.0005421473699133444
3,0.002909039532994809,10.82359130679119,0.001781419874813839,-12.0,-5.409123505769177,12.0,-0.00170838059717654,0.0005410904928518639,0.000541090494345819,0.001082359130679119,8.504012702771624e-05,-0.000541090492564399
3,0.002909239532994809,10.80243351580065,0.001777874973393434,-12.0,-5.398549927661486,12.0,-0.001707916294188816,0.0005400327805235971,0.0005400327820413628,0.001080243351580065,8.774909055120003e-05,-0.000540032780263488
3,0.002909439532994809,10.78126043267073,0.001774916053063347,-12.0,-5.387967824506608,12.0,-0.001707434666818719,0.0005389742742716609,0.0005389742758308832,0.001078126043267073,9.044305329246674e-05,-0.0005389742740559671
3,0.002909639532994809,10.76007067154442,0.001772070024276484,-12.0,-5.377377213015095,12.0,-0.001706962434630033,0.0005379149285019777,0.0005379149300760072,0.001076007067154442,9.314891881993803e-05,-0.0005379149283039372
3,0.0029098395329948093,10.7388654479762,0.001769730919917833,-12.0,-5.366778109910912,12.0,-0.001706472997455355,0.0005368547842476822,0.0005368547858528139,0.00107388654479762,9.583992446588613e-05,-0.0005368547840830831
3,0.0029100395329948094,10.7176434376589,0.001767446148920104,-12.0,-5.356170531931608,12.0,-0.001705992857915728,0.0005357937979613038,0.0005357937995754988,0.00107176434376589,9.854274868122126e-05,-0.0005357937978080528
3,0.0029102395329948095,10.69640584972873,0.001765607586902807,-12.0,-5.345554495827934,12.0,-0.001705495631320331,0.0005347320104689841,0.0005347320121070913,0.001069640584972873,0.0001012308451128312,-0.0005347320103414837
3,0.0029104395329948097,10.67515141039295,0.001763779463118453,-12.0,-5.334930018364004,12.0,-0.001705007606045639,0.0005336693799030305,0.0005336693815464917,0.001067515141039295,0.0001039306712569098,-0.0005336693797827123
3,0.0029106395329948098,10.65388131806423,0.001762350060785511,-12.0,-5.324297116317437,12.0,-0.00170450261025068,0.00053260594673791,0.0005326059484001724,0.001065388131806423,0.0001066158950256448,-0.0005326059466378223
3,0.00291083953299481,10.63259434145835,0.001760897760816338,-12.0,-5.313655806478974,12.0,-0.001704006720631757,0.0005315416705196731,0.0005315416721848768,0.001063259434145835,0.000109312756587758,-0.0005315416704239791
3,0.00291103953299481,10.61129166578145,0.001759806426661292,-12.0,-5.30300610565267,12.0,-0.001703493975695802,0.0005304765912874458,0.0005304765929677397,0.001061129166578145,0.0001119951359519616,-0.0005304765912079332
3,0.00291123953299481,10.58997209627744,0.001758666597448055,-12.0,-5.292348030655882,12.0,-0.00170299024290621,0.0005294106698023359,0.0005294106714839996,0.001058997209627744,0.0001146890591998545,-0.000529410669725333
3,0.0029114395329948102,10.5686368035964,0.001757857266953877,-12.0,-5.281681598319199,12.0,-0.001702469768726289,0.0005283439456224656,0.0005283439473164725,0.00105686368035964,0.0001173686162270551,-0.0005283439455586154
3,0.0029116395329948103,10.54728462492359,0.001756979603790843,-12.0,-5.271006825486312,12.0,-0.001701958213727262,0.0005272763805716313,0.0005272763822659898,0.001054728462492359,0.0001200596219784258,-0.0005272763805090103
3,0.0029118395329948104,10.52591671571476,0.001756407519421188,-12.0,-5.260323729014172,12.0,-0.001701430030037476,0.0005262080137051342,0.0005262080154097669,0.001052591671571476,0.0001227363740309503,-0.0005262080136533594
3,0.0029120395329948106,10.50453194149437,0.00175575161118946,-12.0,-5.249632325772882,12.0,-0.001700910673583689,0.0005251388077898248,0.0005251388094941587,0.001050453194149437,0.0001254244789180292,-0.0005251388077384072
3,0.0029122395329948107,10.48313144233561,0.001755380645625415,-12.0,-5.238932632645561,12.0,-0.00170037479995655,0.0005240688013714751,0.0005240688030844993,0.001048313144233561,0.000128098439721995,-0.0005240688013291187
3,0.002912439532994811,10.46171410921201,0.001754913685564574,-12.0,-5.228224666528519,12.0,-0.001699847662600784,0.000522997958064,0.0005229979597763221,0.001046171410921201,0.0001307836571101881,-0.0005229979580214084
3,0.002912639532994811,10.44028106690947,0.001754714384308631,-12.0,-5.217508444331125,12.0,-0.00169930411844732,0.0005219263159064759,0.0005219263176262579,0.001044028106690947,0.0001334548375375652,-0.0005219263158715434
3,0.002912839532994811,10.41883122948821,0.001754409482875641,-12.0,-5.206783982975697,12.0,-0.001698769220543683,0.0005208538392814232,0.0005208538410002668,0.001041883122948821,0.0001361371782032453,-0.0005208538392458573
3,0.002913039532994811,10.39736570671796,0.001754357611836621,-12.0,-5.196051299397651,12.0,-0.001698218025115827,0.0005197805657299725,0.0005197805674553062,0.001039736570671796,0.0001388055868527041,-0.0005197805657009488
3,0.0029132395329948112,10.3758834337822,0.001754192535855736,-12.0,-5.185310410545393,12.0,-0.001697675386825193,0.0005187064603380455,0.0005187064620623175,0.00103758834337822,0.0001414850594906938,-0.0005187064603081249
3,0.0029134395329948114,10.35438550581276,0.001754267988986591,-12.0,-5.17456133338022,12.0,-0.001697116559214229,0.0005176315601612,0.0005176315618911886,0.001035438550581276,0.0001441507031249498,-0.0005176315601369207
3,0.0029136395329948115,10.33287087745947,0.00175422420741933,-12.0,-5.163804084876363,12.0,-0.001696566200508398,0.0005165558309337228,0.0005165558326626024,0.001033287087745947,0.0001468273147335677,-0.0005165558309083782
3,0.0029138395329948116,10.31134062965578,0.001754410175184962,-12.0,-5.153038682021014,12.0,-0.001695999759650069,0.0005154793092400579,0.0005154793109740301,0.001031134062965578,0.0001494901986128158,-0.00051547930921962
3,0.0029140395329948117,10.28979373510239,0.001754472128153051,-12.0,-5.142265141814246,12.0,-0.00169544170031477,0.0005144019614158451,0.000514401963148712,0.001028979373510239,0.0001521639547896608,-0.00051440196139424
3,0.002914239532994812,10.26823126100516,0.001754754457429897,-12.0,-5.131483481268889,12.0,-0.001694867664988164,0.0005133238235899365,0.0005133238253273863,0.001026823126100516,0.0001548240829289185,-0.000513323823572632
3,0.002914439532994812,10.24665219689123,0.001754908990561965,-12.0,-5.120693717410685,12.0,-0.001694301924628383,0.0005122448626586515,0.0005122448643950335,0.001024665219689123,0.0001574949881005955,-0.0005122448626401247
3,0.002914639532994812,10.22505759672188,0.001755275686672775,-12.0,-5.109895867278177,12.0,-0.001693720313459601,0.0005111651143112153,0.0005111651160517606,0.001022505759672188,0.0001601523634704588,-0.000511165114296485
3,0.002914839532994812,10.20344646578161,0.00175551160873777,-12.0,-5.099089947922581,12.0,-0.001693146911502352,0.0005100845459691062,0.0005100845477086435,0.001020344646578161,0.0001628204210730108,-0.0005100845459531318
3,0.0029150395329948123,10.18181984526859,0.001755952444546072,-12.0,-5.088275976407949,12.0,-0.001692557742966727,0.0005090031928978516,0.0005090031946412021,0.001018181984526859,0.0001654750457578263,-0.0005090031928852495
3,0.0029152395329948124,10.16017675528257,0.00175626017842001,-12.0,-5.077453969811051,12.0,-0.001691976698665276,0.0005079210230127917,0.0005079210247552073,0.001016017675528257,0.0001681402583799257,-0.0005079210229989471
3,0.0029154395329948125,10.13851822473145,0.001756766384541475,-12.0,-5.06662394522125,12.0,-0.00169137999108826,0.0005068380711714106,0.0005068380729173457,0.001013851822473145,0.0001707921337037316,-0.0005068380711605793
3,0.0029156395329948126,10.1168432876928,0.001757137689553101,-12.0,-5.055785919740694,12.0,-0.001690791323526453,0.0005057543057550813,0.0005057543075001626,0.00101168432876928,0.0001734545032012202,-0.0005057543057430248
3,0.0029158395329948127,10.09515296124289,0.001757701706924131,-12.0,-5.044939910484043,12.0,-0.001690187095087392,0.0005046697612284466,0.0005046697629767984,0.001009515296124289,0.0001761036298288873,-0.0005046697612190968
3,0.002916039532994813,10.07344629268805,0.001758129456046031,-12.0,-5.034085934578658,12.0,-0.001689590823182208,0.0005035844064140173,0.0005035844081616,0.001007344629268804,0.0001787631574175219,-0.0005035844064034704
3,0.002916239532994813,10.05172428771424,0.001758744736795492,-12.0,-5.02322400916448,12.0,-0.00168897909191601,0.0005024982753982313,0.0005024982771488723,0.001005172428771424,0.0001814095354365983,-0.0005024982753901276
3,0.002916439532994813,10.02998600618214,0.001759222736622323,-12.0,-5.012354151393906,12.0,-0.001688375234422446,0.0005014113374223182,0.0005014113391722758,0.001002998600618214,0.0001840662217673858,-0.0005014113374130529
3,0.002916639532994813,10.00823244280962,0.001759883582675759,-12.0,-5.001476378431962,12.0,-0.001687756018222464,0.0005003236262085144,0.0005003236279613474,0.001000823244280962,0.0001867098507551609,-0.0005003236262014637
3,0.0029168395329948133,9.986462669401174,0.001760406426907668,-12.0,-4.990590707456161,12.0,-0.001687144593735979,0.0004992351113964788,0.0004992351131487134,0.0009986462669401175,0.000189363695976566,-0.000499235111388307
3,0.0029170395329948134,9.964677670109566,0.001761107858198496,-12.0,-4.979697155656407,12.0,-0.001686517910356233,0.0004981458263576166,0.0004981458281125684,0.0009964677670109567,0.0001920045750550547,-0.0004981458263514605
3,0.0029172395329948135,9.942876528126979,0.001761670807746363,-12.0,-4.968795740235162,12.0,-0.00168589893731641,0.0004970557411115257,0.0004970557428659616,0.000994287652812698,0.0001946555788642779,-0.0004970557411042908
3,0.0029174395329948136,9.921060217424522,0.001762408453989561,-12.0,-4.957886478407191,12.0,-0.001685264804373809,0.0004959648886915112,0.0004959648904485267,0.0009921060217424522,0.0001972937067461628,-0.0004959648886861182
3,0.0029176395329948137,9.899227832073878,0.001763007338086098,-12.0,-4.946969387399737,12.0,-0.001684638301068575,0.0004948732394802102,0.0004948732412367896,0.000989922783207388,0.000199941868432113,-0.0004948732394737823
3,0.002917839532994814,9.877380336228596,0.001763777349411466,-12.0,-4.936044484452408,12.0,-0.001683996736046134,0.0004937808261849213,0.0004937808279439592,0.0009877380336228596,0.0002025772434587902,-0.000493780826180182
3,0.002918039532994814,9.8555168343733,0.001764408483674096,-12.0,-4.925111786817055,12.0,-0.001683362720614534,0.0004926876195358031,0.0004926876212944814,0.00098555168343733,0.0002052225619380565,-0.000492687619530073
3,0.002918239532994814,9.833638281189248,0.00176520745639186,-12.0,-4.914171311757961,12.0,-0.00168271374086304,0.0004915936519256131,0.0004915936536866428,0.000983363828118925,0.0002078551821120544,-0.0004915936519214354
3,0.002918439532994814,9.811743791144155,0.00176586757455377,-12.0,-4.90322307655157,12.0,-0.001682072231297904,0.000490498894417737,0.0004904988961784801,0.0009811743791144154,0.0002104976559596516,-0.0004904988944126125
3,0.0029186395329948143,9.789834309774555,0.001766692489123756,-12.0,-4.892267098486667,12.0,-0.001681415854039581,0.0004894033791012716,0.0004894033808642716,0.0009789834309774557,0.0002131275189717202,-0.0004894033790975791
3,0.0029188395329948144,9.767908961133704,0.001767378685863186,-12.0,-4.881303394864271,12.0,-0.001680766868190853,0.00048830707735961,0.000488307079122392,0.0009767908961133705,0.0002157671464470268,-0.0004883070773550135
3,0.0029190395329948145,9.745968681924031,0.001768226854829802,-12.0,-4.870331982997503,12.0,-0.001680103110520581,0.0004872100209885057,0.0004872100227534601,0.0009745968681924032,0.0002183942496997299,-0.0004872100209852333
3,0.0029192395329948146,9.724012605415338,0.001768936537701382,-12.0,-4.859352880211751,12.0,-0.00167944666609976,0.0004861121816790802,0.0004861121834438819,0.0009724012605415338,0.0002210310287688033,-0.0004861121816749453
3,0.0029194395329948148,9.70204165977059,0.001769805561794513,-12.0,-4.848366103844548,12.0,-0.001678775544987965,0.0004850135909435416,0.0004850135927104398,0.000970204165977059,0.0002236553693964471,-0.0004850135909406342
3,0.002919639532994815,9.680054987133127,0.001770536410498291,-12.0,-4.837371671245452,12.0,-0.001678111659569548,0.0004839142207693252,0.0004839142225361315,0.0009680054987133128,0.0002262892977515502,-0.000483914220765595
3,0.002919839532994815,9.658053507405471,0.001771424141526534,-12.0,-4.826369599776204,12.0,-0.001677433191865418,0.0004828141023943622,0.0004828141041631972,0.0009658053507405472,0.0002289108726375166,-0.0004828141023917731
3,0.002920039532994815,9.63603637128476,0.001772174073355171,-12.0,-4.815359906810606,12.0,-0.001676761882890565,0.0004817132080917694,0.0004817132098605703,0.000963603637128476,0.0002315419477138397,-0.0004817132080883962
3,0.002920239532994815,9.614004490678022,0.001773078582546272,-12.0,-4.804342609734405,12.0,-0.001676076085323164,0.000480611568834006,0.0004806115706047738,0.0009614004490678023,0.0002341607535057966,-0.0004806115688316952
3,0.0029204395329948153,9.591957024536802,0.001773845722996548,-12.0,-4.793317725945448,12.0,-0.001675397370101583,0.0004795091571699027,0.0004795091589406903,0.0009591957024536802,0.0002367889724962657,-0.0004795091571668445
3,0.0029206395329948154,9.56989487702433,0.001774765273966139,-12.0,-4.782285272853563,12.0,-0.001674704259282955,0.0004784060038148197,0.0004784060055875182,0.000956989487702433,0.0002394050056194474,-0.0004784060038127529
3,0.0029208395329948155,9.547817215066322,0.001775547931476495,-12.0,-4.771245267880467,12.0,-0.001674018154998125,0.0004773020815839735,0.0004773020833567423,0.0009547817215066322,0.0002420303654875333,-0.0004773020815811944
3,0.0029210395329948157,9.525724935320746,0.001776480957172311,-12.0,-4.760197728459804,12.0,-0.001673317747425629,0.0004761974209435501,0.0004761974227181787,0.0009525724935320746,0.0002446436221562737,-0.0004761974209416977
3,0.0029212395329948158,9.503617212424315,0.001777277601468619,-12.0,-4.749142672037179,12.0,-0.001672624271135126,0.0004750919949663962,0.0004750919967411424,0.0009503617212424315,0.0002472661196477877,-0.0004750919949638647
3,0.002921439532994816,9.481494935757045,0.001778222684154951,-12.0,-4.738080116070064,12.0,-0.001671916583193656,0.0004739858338770852,0.0004739858356536445,0.0009481494935757045,0.0002498765958760668,-0.000473985833875422
3,0.002921639532994816,9.459357287418843,0.001779031927611197,-12.0,-4.727010078027685,12.0,-0.001671215751831712,0.0004728789109978402,0.0004728789127745616,0.0009459357287418844,0.0002524962275292503,-0.0004728789109955296
3,0.002921839532994816,9.437205149727383,0.001779987781760362,-12.0,-4.715932575391172,12.0,-0.001670500799796248,0.0004717712563187896,0.0004717712580972812,0.0009437205149727384,0.0002551039191397847,-0.0004717712563172933
3,0.0029220395329948162,9.41503771201256,0.001780808363166297,-12.0,-4.704847625653447,12.0,-0.001669792630179523,0.0004706628434037748,0.0004706628451824697,0.0009415037712012562,0.0002577206812944405,-0.0004706628434016613
3,0.0029222395329948163,9.392855849735234,0.001781773820523025,-12.0,-4.693755246319094,12.0,-0.001669070430216246,0.0004695537020153101,0.0004695537037957356,0.0009392855849735235,0.0002603255839270929,-0.0004695537020139618
3,0.0029224395329948165,9.370658759234596,0.001782604591149539,-12.0,-4.682655454904528,12.0,-0.001668354939042827,0.0004684438059515046,0.0004684438077321724,0.0009370658759234596,0.0002629394727330925,-0.0004684438059495678
3,0.0029226395329948166,9.348447309310567,0.001783578587756462,-12.0,-4.671548268937864,12.0,-0.001667625507212778,0.000467333184753779,0.0004673331865361405,0.0009348447309310567,0.0002655415818523105,-0.0004673331847525621
3,0.0029228395329948167,9.326220703103276,0.001784418499078733,-12.0,-4.660433705958834,12.0,-0.00166690271106662,0.0004662218124475697,0.0004662218142302098,0.0009326220703103277,0.0002681525932768658,-0.0004662218124457913
3,0.002923039532994817,9.303979802937862,0.001785400064095111,-12.0,-4.649311783518787,12.0,-0.001666166063327146,0.0004651097183593884,0.0004651097201436883,0.0009303979802937863,0.0002707519041784678,-0.0004651097183582882
3,0.002923239532994817,9.281723818558078,0.001786248157117143,-12.0,-4.638182519180882,12.0,-0.001665435978679519,0.0004639968767354359,0.000463996878520048,0.0009281723818558078,0.0002733600340131953,-0.0004639968767337999
3,0.002923439532994817,9.259453605992588,0.001787236402830406,-12.0,-4.627045930519685,12.0,-0.001664692130886936,0.0004628833166932476,0.0004628833184794879,0.0009259453605992589,0.0002759565418305326,-0.0004628833166922516
3,0.002923639532994817,9.237168381401021,0.001788091798845315,-12.0,-4.615902035121326,12.0,-0.001663954774099863,0.0004617690126935246,0.0004617690144801088,0.0009237168381401022,0.0002785617856975037,-0.0004617690126920171
3,0.0029238395329948172,9.214868994685334,0.001789085912097921,-12.0,-4.604750850583661,12.0,-0.001663203742010233,0.000460653993650479,0.0004606539954386618,0.0009214868994685334,0.0002811554854072057,-0.0004606539936495759
3,0.0029240395329948174,9.192554668243668,0.001789947804322178,-12.0,-4.593592394515873,12.0,-0.001662459129338822,0.0004595382342334109,0.0004595382360219673,0.0009192554668243668,0.0002837578387648032,-0.0004595382342320196
3,0.0029242395329948175,9.17022624601315,0.001790947038967872,-12.0,-4.582426684538653,12.0,-0.001661700928610732,0.000458421763158582,0.0004584217649487092,0.0009170226246013151,0.0002863487251919539,-0.0004584217631577621
3,0.0029244395329948176,9.147882956461032,0.00179181468543721,-12.0,-4.571253738284213,12.0,-0.001660949076204066,0.0004573045552982515,0.0004573045570887798,0.0009147882956461032,0.0002889481833402013,-0.0004573045552969651
3,0.0029246395329948177,9.125525637715251,0.001792818355498049,-12.0,-4.560073573396194,12.0,-0.001660183722402286,0.0004561866391759144,0.0004561866409679876,0.0009125525637715252,0.0002915362511630576,-0.0004561866391751692
3,0.002924839532994818,9.103153524150935,0.00179369107268057,-12.0,-4.548886207529536,12.0,-0.001659424646307084,0.0004550679898614128,0.0004550679916539127,0.0009103153524150935,0.0002941328092484763,-0.0004550679898602218
3,0.002925039532994818,9.080767448234951,0.001794698546560003,-12.0,-4.53769165835065,12.0,-0.001658652154901685,0.0004539486356903992,0.0004539486374844196,0.0009080767448234952,0.0002967180530030894,-0.0004539486356897211
3,0.002925239532994818,9.058366650097012,0.001795575703639418,-12.0,-4.526489943537289,12.0,-0.001657885871063969,0.0004528285519251975,0.0004528285537196687,0.0009058366650097013,0.0002993117060233197,-0.0004528285519240928
3,0.002925439532994818,9.035951956685079,0.001796586398833622,-12.0,-4.515281080778426,12.0,-0.001657106257434315,0.0004517077667183439,0.0004517077685143122,0.0009035951956685079,0.0003018941201075737,-0.000451707766717726
3,0.0029256395329948183,9.013522613736598,0.00179746741280562,-12.0,-4.504065087774417,12.0,-0.001656332781701741,0.0004505862555197482,0.0004505862573161896,0.0009013522613736598,0.0003044848629156771,-0.0004505862555187223
3,0.0029258395329948184,8.991079442817018,0.001798480791215251,-12.0,-4.492841982236878,12.0,-0.001655546061137159,0.0004494640463033731,0.0004494640481012901,0.0008991079442817018,0.0003070644415933271,-0.0004494640463028093
3,0.0029260395329948185,8.968621695131546,0.001799365122374663,-12.0,-4.48161178188856,12.0,-0.001654765409261016,0.0004483411147020475,0.0004483411165004586,0.0008968621695131546,0.0003096522689016862,-0.0004483411147010936
3,0.0029262395329948186,8.946150186993426,0.001800380686260983,-12.0,-4.470374504463514,12.0,-0.00165397159696401,0.0004472174885154922,0.0004472174903153583,0.0008946150186993427,0.0003122290063058003,-0.0004472174885149775
3,0.0029264395329948187,8.92366417494193,0.001801267834211639,-12.0,-4.459130167706969,12.0,-0.001653183784600998,0.0004460931435550064,0.0004460931453553859,0.000892366417494193,0.0003148139126900734,-0.0004460931435541181
3,0.002926639532994819,8.901164470163497,0.00180228512244307,-12.0,-4.447878789375233,12.0,-0.001652382895687587,0.0004449681074502381,0.0004449681092520527,0.0008901164470163498,0.0003173878028266547,-0.0004449681074497676
3,0.002926839532994819,8.878650334402892,0.001803174622662329,-12.0,-4.436620387235706,12.0,-0.001651587938402477,0.0004438423561866651,0.0004438423579890115,0.0008878650334402892,0.0003199697827292736,-0.0004438423561858368
3,0.002927039532994819,8.856122573840228,0.001804193207409099,-12.0,-4.425354979067069,12.0,-0.001650779987905415,0.0004427159172278782,0.000442715919031641,0.0008856122573840229,0.0003225408194804241,-0.0004427159172274478
3,0.002927239532994819,8.833580455303304,0.001805084627954034,-12.0,-4.414082582658875,12.0,-0.001649977901172717,0.0004415887667294562,0.0004415887685337675,0.0008833580455303305,0.000325119867213744,-0.0004415887667286829
3,0.0029274395329948193,8.811024780081096,0.001806104111841567,-12.0,-4.402803215811744,12.0,-0.001649162904041823,0.0004404609319927528,0.0004404609337984628,0.0008811024780081097,0.0003276880443408153,-0.0004404609319923586
3,0.0029276395329948194,8.78845481996649,0.001806997050602721,-12.0,-4.39151689633737,12.0,-0.001648353703247674,0.00043933238933952,0.0004393323911457944,0.0008788454819966489,0.0003302641540906953,-0.0004393323893387972
3,0.0029278395329948195,8.765871371468945,0.001808017063920087,-12.0,-4.380223642058422,12.0,-0.001647531674353053,0.0004382031659125955,0.0004382031677202512,0.0008765871371468946,0.0003328294652370639,-0.0004382031659122342
3,0.0029280395329948196,8.743273711233261,0.001808911146062187,-12.0,-4.368923470808426,12.0,-0.001646715374796659,0.0004370732381961252,0.00043707324000436,0.0008743273711233261,0.0003354026310656566,-0.0004370732381954488
3,0.0029282395329948197,8.720662631096024,0.001809931344514126,-12.0,-4.357616400431928,12.0,-0.00164588632892948,0.0004359426331779756,0.0004359426349875755,0.0008720662631096025,0.0003379650697597075,-0.0004359426331776442
3,0.00292843953299482,8.698037412445622,0.001810826220121964,-12.0,-4.346302448784366,12.0,-0.001645062945826559,0.0004348113275010824,0.000434811329311275,0.0008698037412445622,0.0003405352856082899,-0.0004348113275004489
3,0.00292863953299482,8.675398842548757,0.001811846282642637,-12.0,-4.334981633731951,12.0,-0.001644226897700274,0.0004336793480017638,0.0004336793498133058,0.0008675398842548758,0.0003430948452659566,-0.0004336793480014594
3,0.00292883953299482,8.652746207432722,0.001812741624744874,-12.0,-4.323653973151828,12.0,-0.001643396446182166,0.0004325466714782514,0.0004325466732903989,0.0008652746207432723,0.0003456621049580944,-0.0004325466714776573
3,0.00292903953299482,8.630080289893739,0.001813761251538093,-12.0,-4.312319484931949,12.0,-0.001642553410436176,0.0004314133246186283,0.00043141332643211,0.0008630080289893739,0.0003482187788853147,-0.0004314133246183488
3,0.0029292395329948203,8.607400380497614,0.001814656754188348,-12.0,-4.300978186970957,12.0,-0.00164171590555473,0.0004302792843730724,0.0004302792861871713,0.0008607400380497614,0.0003507830761289993,-0.0004302792843725145
3,0.0029294395329948204,8.584707257665395,0.001815675665067129,-12.0,-4.289630097178339,12.0,-0.001640865896753496,0.0004291445772845976,0.0004291445791000164,0.0008584707257665395,0.0003533368575243667,-0.0004291445772843407
3,0.0029296395329948205,8.56200021640493,0.001816571041629356,-12.0,-4.278275233474311,12.0,-0.001640021353479959,0.0004280091804521182,0.0004280091822681651,0.0008562000216404931,0.0003558981859150406,-0.0004280091804515941
3,0.0029298395329948206,8.539280030854343,0.001817588974396322,-12.0,-4.266913613789687,12.0,-0.001639164386116443,0.0004268731202766448,0.0004268731220939973,0.0008539280030854344,0.0003584490678719271,-0.0004268731202764084
3,0.0029300395329948208,8.516546000370122,0.001818483956092631,-12.0,-4.255545256066082,12.0,-0.001638312819345566,0.0004257363740027105,0.0004257363758207015,0.0008516546000370122,0.000361007420894538,-0.0004257363740022175
3,0.002930239532994821,8.49379889489655,0.001819500665099394,-12.0,-4.244170178255619,12.0,-0.001637448907841454,0.0004245989678922895,0.0004245989697115725,0.000849379889489655,0.0003635553964035504,-0.0004245989678920719
3,0.002930439532994821,8.471038018048967,0.001820394999580532,-12.0,-4.232788398321163,12.0,-0.00163659033239183,0.0004234608793325387,0.0004234608811524694,0.0008471038018048968,0.0003661107674351322,-0.0004234608793320744
3,0.002930639532994821,8.448264135663663,0.001821410254464695,-12.0,-4.221399934236032,12.0,-0.001635719491099641,0.0004223221344492502,0.00042232213627046,0.0008448264135663664,0.0003686558293862219,-0.0004223221344490498
3,0.002930839532994821,8.42547655552816,0.001822303704560824,-12.0,-4.210004803984201,12.0,-0.001634853921715695,0.0004211827107693138,0.00042118271259118,0.000842547655552816,0.000371208211698032,-0.0004211827107688762
3,0.0029310395329948213,8.402676039453821,0.001823317289047832,-12.0,-4.198603025560166,12.0,-0.001633976164920892,0.0004200426342851061,0.0004200426361082386,0.0008402676039453821,0.0003737503528824099,-0.0004200426342849214
3,0.0029312395329948214,8.379861899316698,0.00182420963161789,-12.0,-4.187194616968827,12.0,-0.001633103616273668,0.0004189018826604572,0.000418901884484254,0.0008379861899316698,0.0003762997396423995,-0.0004189018826600445
3,0.0029314395329948215,8.357034892983233,0.001825221342501848,-12.0,-4.175779596225651,12.0,-0.001632218958195653,0.0004177604817569857,0.0004177604835820365,0.0008357034892983234,0.0003788389527546593,-0.0004177604817568153
3,0.0029316395329948217,8.33419433633741,0.001826112367357524,-12.0,-4.164357981356545,12.0,-0.001631339444885915,0.0004166184093727801,0.0004166184111985026,0.000833419433633741,0.0003813853370292636,-0.0004166184093723903
3,0.0029318395329948218,8.31134098337838,0.001827122013489113,-12.0,-4.152929790397736,12.0,-0.001630447899678478,0.0004154756912412797,0.0004154756930682445,0.000831134098337838,0.0003839216146695329,-0.0004154756912411225
3,0.002932039532994822,8.288474153919706,0.001828011522518658,-12.0,-4.14149504139596,12.0,-0.00162956143623727,0.000414332305292216,0.0004143323071198594,0.0008288474153919707,0.0003864649894257804,-0.0004143323052918479
3,0.002932239532994822,8.265594598168427,0.001829018923894754,-12.0,-4.130053752408182,12.0,-0.00162866301799125,0.0004131882771333528,0.0004131882789622266,0.0008265594598168427,0.0003889983241014555,-0.0004131882771332076
3,0.002932439532994822,8.242701639792173,0.001829906730151265,-12.0,-4.118605941501792,12.0,-0.001627769618881447,0.0004120435848235425,0.0004120435866531011,0.0008242701639792174,0.0003915386822091887,-0.0004120435848231943
3,0.0029326395329948222,8.219796025278573,0.001830911717127126,-12.0,-4.107151626754478,12.0,-0.001626864341625511,0.0004108982538472945,0.0004108982556780723,0.0008219796025278573,0.0003940690663367385,-0.0004108982538471605
3,0.0029328395329948223,8.196877082076252,0.001831797644032296,-12.0,-4.095690826254101,12.0,-0.001625964021243709,0.0004097522623901429,0.0004097522642216111,0.0008196877082076253,0.0003966064005702374,-0.0004097522623898133
3,0.0029330395329948225,8.17394555302357,0.001832800056615458,-12.0,-4.084223558098862,12.0,-0.001625051898946572,0.0004086056358156714,0.0004086056376483478,0.000817394555302357,0.0003991338264769106,-0.0004086056358155478
3,0.0029332395329948226,8.151000769279626,0.001833683937197961,-12.0,-4.072749840397177,12.0,-0.001624144671623418,0.0004074583524337496,0.0004074583542671215,0.0008151000769279627,0.0004016681295171132,-0.0004074583524334375
3,0.0029334395329948227,8.128043470101742,0.001834683624326594,-12.0,-4.061269691267545,12.0,-0.001623225718193955,0.0004063104374893016,0.0004063104393238709,0.0008128043470101743,0.0004041925894429088,-0.0004063104374891871
3,0.002933639532994823,8.105072990290708,0.001835565300631004,-12.0,-4.049783128838754,12.0,-0.001622311598197368,0.0004051618694142345,0.0004051618712495039,0.0008105072990290708,0.0004067238538788265,-0.0004051618694139385
3,0.002933839532994823,8.082090065589043,0.001836562119539753,-12.0,-4.03829017124959,12.0,-0.001621385827486832,0.0004040126733370188,0.0004040126751734752,0.0008082090065589043,0.0004092453399779927,-0.000404012673336913
3,0.002934039532994823,8.059094034372812,0.001837441441971954,-12.0,-4.026790836649034,12.0,-0.001620464829022228,0.0004028628278093811,0.0004028628296465421,0.0008059094034372812,0.0004117735583087367,-0.0004028628278091006
3,0.002934239532994823,8.03608562893387,0.001838435257630167,-12.0,-4.015285143196137,12.0,-0.001619532254824585,0.0004017123578454745,0.000401712359683812,0.0008036085628933871,0.0004142920626515612,-0.0004017123578453767
3,0.0029344395329948232,8.013064191159188,0.001839312084386258,-12.0,-4.003773109059894,12.0,-0.00161860439203565,0.0004005612421146944,0.0004005612439537401,0.0008013064191159188,0.0004168172272881188,-0.0004005612421144281
3,0.0029346395329948234,7.99003044995198,0.001840302769011704,-12.0,-3.992254752419444,12.0,-0.001617665028090021,0.0003994095055189359,0.0003994095073591484,0.000799003044995198,0.0004193327418624271,-0.0003994095055188456
3,0.0029348395329948235,7.966983750647759,0.001841176965553526,-12.0,-3.98073009146378,12.0,-0.001616730315062154,0.0003982571268431864,0.0003982571286841103,0.000796698375064776,0.0004218548451290216,-0.0003982571268429334
3,0.0029350395329948236,7.943924818821473,0.001842164398097701,-12.0,-3.969199144391946,12.0,-0.001615784175052593,0.000397104130879088,0.0003971041327211688,0.0007943924818821474,0.0004243673618418153,-0.0003971041308790044
3,0.0029352395329948237,7.920853003196588,0.001843035836681217,-12.0,-3.957661929412914,12.0,-0.001614842625811852,0.0003959504965252,0.0003959504983679954,0.0007920853003196589,0.0004268863959778213,-0.0003959504965249595
3,0.002935439532994824,7.89776902607844,0.001844019902377703,-12.0,-3.946118464745456,12.0,-0.001613889723370676,0.0003947962484648607,0.0003947962503088031,0.000789776902607844,0.0004293959066565822,-0.0003947962484647834
3,0.002935639532994824,7.874672239519358,0.001844888461655536,-12.0,-3.934568768618311,12.0,-0.001612941351886332,0.0003936413657082254,0.0003936413675528852,0.0007874672239519359,0.0004319118638182462,-0.0003936413657079967
3,0.002935839532994824,7.851563362612239,0.001845869051579463,-12.0,-3.923012859270059,12.0,-0.001611981700593013,0.0003924858728322356,0.0003924858746780329,0.0007851563362612239,0.0004344183602126017,-0.0003924858728321639
3,0.002936039532994824,7.828441750681137,0.001846734616152812,-12.0,-3.911450754948993,12.0,-0.001611026520778824,0.0003913297489567322,0.0003913297508032492,0.0007828441750681137,0.0004369312324741248,-0.0003913297489565146
3,0.0029362395329948243,7.80530811966158,0.001847711626925985,-12.0,-3.899882473913286,12.0,-0.001610060134162428,0.0003901730185540875,0.0003901730204017327,0.000780530811966158,0.0004394347062574022,-0.0003901730185540212
3,0.0029364395329948244,7.782161828094014,0.001848574086933397,-12.0,-3.888308034430866,12.0,-0.001609098159877365,0.0003890156608519872,0.0003890156627003541,0.0007782161828094015,0.0004419444856128829,-0.0003890156608517799
3,0.0029366395329948245,7.75900358881051,0.001849547420308628,-12.0,-3.876727454779319,12.0,-0.001608125051417275,0.0003878577002200241,0.0003878577020695101,0.0007759003588810511,0.000444444928383303,-0.0003878577002199628
3,0.0029368395329948246,7.735832763513479,0.001850406671183968,-12.0,-3.865140753245897,12.0,-0.001607156296467127,0.0003866991159919056,0.0003866991178421148,0.0007735832763513479,0.0004469516067479862,-0.0003866991159917081
3,0.0029370395329948247,7.712650061984066,0.001851376233705793,-12.0,-3.853547948127712,12.0,-0.001606176479594545,0.0003855399324361987,0.000385539934287518,0.0007712650061984066,0.0004494490100301063,-0.0003855399324361418
3,0.002937239532994825,7.689454849034486,0.001852232175732826,-12.0,-3.841949057731322,12.0,-0.001605200957732811,0.0003843801289908938,0.0003843801308429376,0.0007689454849034486,0.0004519525792419932,-0.0003843801289907056
3,0.002937439532994825,7.666247831445446,0.001853197878545654,-12.0,-3.830344100372926,12.0,-0.001604214445831809,0.0003832197298251998,0.000383219731678345,0.0007666247831445447,0.0004544469344881785,-0.0003832197298251472
3,0.002937639532994825,7.643028377087658,0.001854050416639552,-12.0,-3.818733094378366,12.0,-0.001603232170760915,0.0003820587144796801,0.000382058716333551,0.0007643028377087659,0.0004569473863092477,-0.0003820587144795006
3,0.002937839532994825,7.619797189791468,0.001855012175047133,-12.0,-3.807116058083041,12.0,-0.001602238977168713,0.0003808971070258577,0.000380897108880821,0.0007619797189791468,0.0004594386849008925,-0.0003808971070258088
3,0.0029380395329948253,7.596553640436206,0.001855861218480914,-12.0,-3.79549300983177,12.0,-0.001601249962541518,0.0003797348871051965,0.0003797348889608862,0.0007596553640436207,0.0004619360110186821,-0.0003797348871050251
3,0.0029382395329948254,7.573298429949801,0.001856818951831318,-12.0,-3.783863967978964,12.0,-0.001600250100550649,0.0003785720786931247,0.0003785720805498984,0.0007573298429949801,0.0004644242442673474,-0.0003785720786930796
3,0.0029384395329948255,7.550030932172016,0.001857664413907667,-12.0,-3.772228950888503,12.0,-0.001599254359971214,0.0003774086615304047,0.0003774086633879055,0.0007550030932172017,0.000466918436296232,-0.000377408661530241
3,0.0029386395329948256,7.52675184517542,0.001858618045286864,-12.0,-3.7605879769336,12.0,-0.001598247842829581,0.0003762446594979305,0.0003762446613565067,0.000752675184517542,0.0004694035954453946,-0.0003762446594978887
3,0.0029388395329948257,7.503460545712724,0.0018594598431938,-12.0,-3.748941064496974,12.0,-0.001597245389854063,0.000375080052434173,0.0003750800542934766,0.0007503460545712725,0.0004718946449278894,-0.0003750800524340168
3,0.002939039532994826,7.480157729047166,0.001860409299177856,-12.0,-3.737288231970723,12.0,-0.001596232230766992,0.0003739148641270289,0.0003739148659873994,0.0007480157729047167,0.0004743767211534688,-0.0003739148641269902
3,0.002939239532994826,7.456842774798464,0.001861247353708073,-12.0,-3.725629497756196,12.0,-0.001595223078905139,0.0003727490745111398,0.0003727490763722378,0.0007456842774798464,0.000476864619561479,-0.0003727490745109904
3,0.002939439532994826,7.433516375464886,0.001862192564241028,-12.0,-3.713964880264156,12.0,-0.001594203291035268,0.0003715827072828757,0.0003715827091450323,0.0007433516375464886,0.0004793436039739474,-0.0003715827072828397
3,0.002939639532994826,7.410177913488541,0.001863026799560963,-12.0,-3.702294397914661,12.0,-0.001593187453751532,0.0003704157424715652,0.000370415744334449,0.0007410177913488541,0.0004818283427101555,-0.0003704157424714222
3,0.0029398395329948263,7.386828078646369,0.001863967697697255,-12.0,-3.690618069136962,12.0,-0.001592161050220586,0.0003692482036834992,0.0003692482055474336,0.0007386828078646369,0.0004843042263548147,-0.0003692482036834659
3,0.0029400395329948264,7.363466256158736,0.001864798041252946,-12.0,-3.678935912369509,12.0,-0.0015911385409344,0.0003680800710412129,0.0003680800729058742,0.0007363466256158736,0.0004867857967539579,-0.0003680800710410762
3,0.0029402395329948265,7.340093133123895,0.001865734562964239,-12.0,-3.667247946060155,12.0,-0.001590105534823916,0.0003669113680623427,0.0003669113699280465,0.0007340093133123895,0.0004892585706126329,-0.0003669113680623119
3,0.0029404395329948266,7.316708097498212,0.001866560945178897,-12.0,-3.655554188665729,12.0,-0.001589076366911635,0.0003657420749612216,0.0003657420768276517,0.0007316708097498213,0.000491736963942585,-0.0003657420749610908
3,0.0029406395329948268,7.293311833742164,0.001867493029299006,-12.0,-3.643854658652202,12.0,-0.001588036771263734,0.0003645722151681786,0.0003645722170356433,0.0007293311833742165,0.0004942066189347061,-0.0003645722151681501
3,0.002940839532994827,7.269903732506447,0.001868315383470431,-12.0,-3.632149374494864,12.0,-0.001587000958059193,0.0003634017689879588,0.0003634017708561488,0.0007269903732506448,0.0004966818263976991,-0.0003634017689878334
3,0.002941039532994827,7.246484475654745,0.001869242971370699,-12.0,-3.620438354677887,12.0,-0.00158595478587753,0.0003622307597649521,0.0003622307616341687,0.0007246484475654745,0.00049914835338144,-0.0003622307597649257
3,0.002941239532994827,7.223053456491047,0.001870061233581577,-12.0,-3.608721617694539,12.0,-0.001584912340672873,0.0003610591678929321,0.0003610591697628733,0.0007223053456491047,0.0005016203661152296,-0.0003610591678928121
3,0.002941439532994827,7.199611354321481,0.001870984269146003,-12.0,-3.596999182047179,12.0,-0.001583859604923854,0.0003598870166316569,0.0003598870185026168,0.0007199611354321481,0.0005040837558885625,-0.0003598870166316325
3,0.0029416395329948273,7.176157565064168,0.001871798377956146,-12.0,-3.585271066247166,12.0,-0.001582810540970814,0.0003587142864626273,0.0003587142883343106,0.0007176157565064168,0.0005065525649676494,-0.0003587142864625122
3,0.0029418395329948274,7.152692765506103,0.00187271680743617,-12.0,-3.573537288814729,12.0,-0.001581751254584207,0.0003575410005622392,0.0003575410024349333,0.0007152692765506104,0.0005090128082692602,-0.0003575410005622166
3,0.0029420395329948276,7.129216354140491,0.001873526703892292,-12.0,-3.56179786827914,12.0,-0.001580695585094771,0.0003563671394984136,0.0003563671413718299,0.0007129216354140491,0.0005114784047061116,-0.0003563671394983032
3,0.0029422395329948277,7.105729005273095,0.001874440475711392,-12.0,-3.550052823178576,12.0,-0.001579629760964429,0.0003551927263654497,0.0003551927282398692,0.0007105729005273095,0.0005139354922167605,-0.0003551927263654287
3,0.0029424395329948278,7.08223011993439,0.001875246103153927,-12.0,-3.538302172060003,12.0,-0.001578567499111949,0.0003540177418164215,0.0003540177436915618,0.000708223011993439,0.0005163978669626701,-0.0003540177418163157
3,0.002942639532994828,7.058720369985408,0.001876155167879645,-12.0,-3.526545933479333,12.0,-0.001577495150097308,0.0003528422088647406,0.0003528422107408764,0.0007058720369985408,0.0005188517893059408,-0.0003528422088647213
3,0.002942839532994828,7.035199158957125,0.00187695647179309,-12.0,-3.514784126001309,12.0,-0.001576426309017165,0.0003516661082474118,0.0003516661101242666,0.0007035199158957126,0.0005213109332523058,-0.0003516661082473102
3,0.002943039532994828,7.011667156301893,0.001877860781963392,-12.0,-3.503016768199394,12.0,-0.001575347447943354,0.0003504894628981536,0.0003504894647759965,0.0007011667156301894,0.00052376168099591,-0.0003504894628981357
3,0.0029432395329948282,6.98812376801463,0.001878657709968756,-12.0,-3.491243878655785,12.0,-0.001574272040734181,0.0003493122536366729,0.0003493122555152331,0.0006988123768014631,0.0005262175849751749,-0.0003493122536365755
3,0.0029434395329948283,6.964569661174314,0.001879557219977901,-12.0,-3.479465475961617,12.0,-0.001573186680392802,0.0003481345033181761,0.0003481345051977168,0.0006964569661174314,0.0005286651486317295,-0.0003481345033181595
3,0.0029436395329948285,6.941004244204841,0.001880349721596897,-12.0,-3.467681578716528,12.0,-0.001572104720117207,0.0003469561928439061,0.0003469561947241622,0.0006941004244204841,0.000531117803418496,-0.0003469561928438125
3,0.0029438395329948286,6.917428181845717,0.001881244387698544,-12.0,-3.455892205528868,12.0,-0.001571012873268274,0.0003457773449916719,0.000345777346872901,0.0006917428181845717,0.0005335621734466056,-0.0003457773449916566
3,0.0029440395329948287,6.893840884915077,0.001882032414344259,-12.0,-3.444097375015697,12.0,-0.001569924372953169,0.0003445979407430941,0.0003445979426250367,0.0006893840884915078,0.0005360115697588541,-0.0003445979407430042
3,0.002944239532994829,6.87024301584705,0.001882922194403669,-12.0,-3.432297105802698,12.0,-0.001568826052324612,0.0003434180027997243,0.0003434180046826323,0.0006870243015847051,0.0005384527365640823,-0.0003434180027997102
3,0.002944439532994829,6.846633987820045,0.001883705699283311,-12.0,-3.42049141652404,12.0,-0.001567731024962993,0.0003422375122224189,0.0003422375141060381,0.0006846633987820046,0.000540898865063616,-0.0003422375122223324
3,0.002944639532994829,6.823014460995394,0.001884590552827969,-12.0,-3.408680325822551,12.0,-0.001566626243251878,0.0003410564916375508,0.0003410564935221283,0.0006823014460995394,0.0005433368189995125,-0.0003410564916375379
3,0.002944839532994829,6.799383850878932,0.001885369490789213,-12.0,-3.396863852349587,12.0,-0.0015655247018031,0.0003398749221841208,0.0003398749240694071,0.0006799383850878933,0.0005457796702935114,-0.0003398749221840376
3,0.0029450395329948293,6.775742815391395,0.001886249378863614,-12.0,-3.385042014764908,12.0,-0.001564413471676684,0.0003386928264143892,0.0003386928283006266,0.0006775742815391395,0.0005482144016623336,-0.0003386928264143772
3,0.0029452395329948294,6.752090772333371,0.001887023706404811,-12.0,-3.373214831736842,12.0,-0.001563305429067019,0.0003375101855444046,0.0003375101874313483,0.0006752090772333372,0.0005506539663042154,-0.0003375101855443247
3,0.0029454395329948295,6.728428377416711,0.001887898591474091,-12.0,-3.361382321942158,12.0,-0.001562187763162581,0.0003363270220533744,0.0003363270239412619,0.0006728428377416712,0.0005530854653579831,-0.0003363270220533632
3,0.0029456395329948296,6.704755050705065,0.00188866826660794,-12.0,-3.349544504065938,12.0,-0.001561073232286936,0.0003351433172333315,0.0003351433191219229,0.0006704755050705066,0.0005555217338481799,-0.0003351433172332546
3,0.0029458395329948297,6.681071445731946,0.001889538112564537,-12.0,-3.337701396801745,12.0,-0.001559949143214168,0.0003339590934914411,0.0003339590953809691,0.0006681071445731946,0.0005579499907895913,-0.000333959093491431
3,0.00294603953299483,6.65737698479322,0.001890303094722157,-12.0,-3.325853018851496,12.0,-0.001558828136935642,0.0003327743321946957,0.0003327743340849249,0.000665737698479322,0.000560382953576466,-0.0003327743321946218
3,0.00294623953299483,6.633672319274303,0.001891167866761467,-12.0,-3.31399938892533,12.0,-0.001557697637275646,0.0003315890556792186,0.000331589057570377,0.0006633672319274303,0.0005628079585598411,-0.0003315890556792092
3,0.00294643953299483,6.609956873672582,0.001891928116797725,-12.0,-3.302140525741813,12.0,-0.001556570168426918,0.0003304032453859323,0.0003304032472777892,0.0006609956873672582,0.0005652376060409636,-0.0003304032453858611
3,0.00294663953299483,6.586231297255082,0.001892787781346605,-12.0,-3.290276448027644,12.0,-0.001555433270733875,0.0003292169235809078,0.0003292169254736868,0.0006586231297255083,0.0005676593491727999,-0.0003292169235808991
3,0.0029468395329948303,6.562495016690928,0.001893543261431319,-12.0,-3.278407174517884,12.0,-0.001554299352117983,0.0003280300717780001,0.0003280300736714748,0.0006562495016690928,0.0005700856716955582,-0.0003280300717779316
3,0.0029470395329948304,6.538748679157661,0.00189439778612055,-12.0,-3.266532723955673,12.0,-0.001553156068919925,0.0003268427121741872,0.000326842714068577,0.0006538748679157661,0.0005725041430358069,-0.0003268427121741793
3,0.0029472395329948305,6.514991713466862,0.001895148459685192,-12.0,-3.254653115092419,12.0,-0.001552015713310984,0.0003256548263552765,0.0003256548282503588,0.0006514991713466862,0.0005749271308982673,-0.0003256548263552105
3,0.0029474395329948306,6.491224764735106,0.001895997813261108,-12.0,-3.242768366687683,12.0,-0.001550866057109301,0.0003244664364501017,0.0003244664383460923,0.0006491224764735106,0.0005773423204609995,-0.0003244664364500945
3,0.0029476395329948307,6.467447263887772,0.001896743644941967,-12.0,-3.230878497509036,12.0,-0.001549719277253336,0.0003232775241154615,0.0003232775260121415,0.0006467447263887772,0.0005797619639129059,-0.0003232775241153979
3,0.002947839532994831,6.443659854008052,0.001897587797273115,-12.0,-3.218983526332239,12.0,-0.001548563260524882,0.0003220881114129578,0.000322088113310539,0.0006443659854008053,0.0005821738616670347,-0.0003220881114129512
3,0.002948039532994831,6.419861968107246,0.001898328752818923,-12.0,-3.207083471941107,12.0,-0.001547410069139887,0.0003208981800694539,0.0003208981819677214,0.0006419861968107246,0.0005845901509106688,-0.0003208981800693926
3,0.002948239532994831,6.396054247262508,0.001899167674795255,-12.0,-3.195178353127384,12.0,-0.001546247704337256,0.000319707752080224,0.0003197077539793856,0.0006396054247262508,0.0005869987467808924,-0.0003197077520802179
3,0.002948439532994831,6.372236126543242,0.0018999037210925,-12.0,-3.183268188690945,12.0,-0.001545088114114523,0.0003185168092412628,0.0003185168111411075,0.0006372236126543242,0.0005894116719719344,-0.0003185168092412037
3,0.0029486395329948313,6.348408245047459,0.001900737384572082,-12.0,-3.171352997439498,12.0,-0.001543919413666051,0.0003173253734824126,0.0003173253753831444,0.000634840824504746,0.0005918169558395137,-0.000317325373482407
3,0.0029488395329948314,6.324570039875617,0.001901468489555747,-12.0,-3.15943279818879,12.0,-0.001542753437270672,0.0003161334266678915,0.0003161334285693031,0.0006324570039875617,0.0005942265070877639,-0.0003161334266678345
3,0.0029490395329948315,6.300722148172865,0.001902296867326569,-12.0,-3.147507609762475,12.0,-0.001541578413581657,0.0003149409906629853,0.000314940992565277,0.0006300722148172865,0.0005966284687911882,-0.0003149409906629801
3,0.0029492395329948316,6.276864009044232,0.001903022999931725,-12.0,-3.135577450991988,12.0,-0.001540406063652966,0.0003137480473992468,0.0003137480493022151,0.0006276864009044232,0.0005990346361615939,-0.000313748047399192
3,0.0029494395329948317,6.252996257707512,0.001903846065723247,-12.0,-3.123642340716711,12.0,-0.001539224729105892,0.0003125546186782481,0.0003125546205820894,0.0006252996257707512,0.0006014332654976917,-0.0003125546186782434
3,0.002949639532994832,6.229118335246457,0.001904567195807338,-12.0,-3.111702297783846,12.0,-0.001538046018258743,0.0003113606864980183,0.0003113606884025325,0.0006229118335246458,0.0006038360390108743,-0.0003113606864979653
3,0.002949839532994832,6.205230874976854,0.001905384924196785,-12.0,-3.099757341048282,12.0,-0.001536858385214446,0.0003101662725972522,0.0003101662745026329,0.0006205230874976854,0.0006062313257351182,-0.000310166272597248
3,0.002950039532994832,6.181333319935329,0.001906101022588036,-12.0,-3.087807489372772,12.0,-0.001535673326038822,0.0003089713590395872,0.000308971360945637,0.0006181333319935329,0.0006086306953684006,-0.0003089713590395361
3,0.002950239532994832,6.157426301560671,0.001906913388937337,-12.0,-3.075852761627796,12.0,-0.001534479406836653,0.0003077759675016772,0.0003077759694085866,0.0006157426301560672,0.0006110226291960452,-0.0003077759675016733
3,0.0029504395329948323,6.133509264817351,0.00190762442733261,-12.0,-3.063893176691432,12.0,-0.001533288011899225,0.0003065800801119258,0.0003065800820195009,0.0006133509264817351,0.0006134185848842011,-0.0003065800801118765
3,0.0029506395329948324,6.109582839291252,0.001908431407831035,-12.0,-3.051928753449565,12.0,-0.001532087818857497,0.0003053837184857432,0.000305383720394171,0.0006109582839291252,0.0006158071554907274,-0.0003053837184857397
3,0.0029508395329948325,6.085646471850177,0.001909137358752311,-12.0,-3.039959510795586,12.0,-0.001530890100702009,0.0003041868648154815,0.0003041868667245713,0.0006085646471850177,0.0006181996871265361,-0.0003041868648154339
3,0.0029510395329948327,6.061700790251035,0.001909938930332089,-12.0,-3.02798546763063,12.0,-0.001529683646119218,0.0003029895406560995,0.0003029895425660352,0.0006061700790251036,0.0006205848841486783,-0.0003029895406560962
3,0.0029512395329948328,6.037745243240705,0.001910639767118472,-12.0,-3.016006642863278,12.0,-0.001528479617266321,0.0003017917282630856,0.0003017917301736794,0.0006037745243240706,0.0006229739815838964,-0.0003017917282630396
3,0.002951439532994833,6.013780456770567,0.001911435907441916,-12.0,-3.004023055409762,12.0,-0.001527266913420922,0.0003005934491317233,0.0003005934510431563,0.0006013780456770567,0.0006253557946201416,-0.0003005934491317204
3,0.002951639532994833,5.98980588144288,0.001912131604191236,-12.0,-2.992034724193838,12.0,-0.001526056586370061,0.0002993946855798473,0.0002993946874919344,0.0005989805881442881,0.0006277414476663079,-0.0002993946855798029
3,0.002951839532994833,5.965822141426561,0.001912922291606334,-12.0,-2.980041668146648,12.0,-0.001524837645521582,0.0002981954590438281,0.0002981954609567478,0.0005965822141426562,0.0006301198662776175,-0.0002981954590438255
3,0.002952039532994833,5.941828689155661,0.001913612823201793,-12.0,-2.968043906206899,12.0,-0.001523621032750444,0.000296995751903053,0.0002969957538166229,0.0005941828689155661,0.0006325020647064694,-0.0002969957519030101
3,0.0029522395329948333,5.917826147039477,0.001914398036685805,-12.0,-2.95604145732073,12.0,-0.001522395867139703,0.0002957955855357439,0.0002957955874501396,0.0005917826147039478,0.000634877078417001,-0.0002957955855357415
3,0.0029524395329948334,5.893813969320963,0.00191508337871471,-12.0,-2.944034340441576,12.0,-0.001521172981105767,0.0002945949423820705,0.0002945949442971124,0.0005893813969320963,0.000637255811961529,-0.0002945949423820291
3,0.0029526395329948336,5.869792776671739,0.001915863097926795,-12.0,-2.932022574530349,12.0,-0.00151994160295521,0.0002933938437628297,0.0002933938456786906,0.0005869792776671739,0.0006396274102594968,-0.0002933938437628275
3,0.0029528395329948337,5.845762025121331,0.001916543226622824,-12.0,-2.920006178555299,12.0,-0.001518712456095361,0.0002921922721782322,0.0002921922740947354,0.0005845762025121332,0.000642002668614472,-0.0002921922721781922
3,0.0029530395329948338,5.821722333625652,0.001917317431818111,-12.0,-2.907985171491924,12.0,-0.001517474877610725,0.0002909902488923761,0.0002909902508096917,0.0005821722333625652,0.000644370840952313,-0.0002909902488923742
3,0.002953239532994834,5.797673159978196,0.00191799232413925,-12.0,-2.895959572322966,12.0,-0.001516239482342085,0.0002897877564647492,0.0002897877583827028,0.0005797673159978196,0.000646742613775092,-0.0002897877564647105
3,0.002953439532994834,5.773615121440844,0.001918760996125979,-12.0,-2.883929400038623,12.0,-0.001514995715711398,0.0002885848161034766,0.0002885848180222359,0.0005773615121440844,0.0006491073495707711,-0.0002885848161034749
3,0.002953639532994834,5.749547677549654,0.001919430629605978,-12.0,-2.871894673636112,12.0,-0.001513754084432495,0.0002873814104266091,0.0002873814123460025,0.0005749547677549654,0.0006514756264817678,-0.0002873814104265718
3,0.0029538395329948342,5.725471443893063,0.001920193749836763,-12.0,-2.859855412119839,12.0,-0.001512504141827131,0.0002861775605869691,0.0002861775625071613,0.0005725471443893064,0.0006538369151190271,-0.0002861775605869676
3,0.0029540395329948343,5.70138588172819,0.001920858102623324,-12.0,-2.847811634501579,12.0,-0.001511256286917451,0.0002849732492604563,0.0002849732511812784,0.000570138588172819,0.0006562016857027397,-0.0002849732492604203
3,0.0029542395329948345,5.677291604991377,0.001921615652999531,-12.0,-2.835763359800032,12.0,-0.001510000180493465,0.0002837684975453045,0.0002837684994669189,0.0005677291604991377,0.0006585595165317648,-0.0002837684975453032
3,0.0029544395329948346,5.653188076639255,0.001922274703897386,-12.0,-2.823710607041035,12.0,-0.001508746114314619,0.0002825632881745281,0.0002825632900967679,0.0005653188076639255,0.0006609207703370257,-0.0002825632881744933
3,0.0029546395329948347,5.629075908976282,0.001923026666874161,-12.0,-2.811653395257563,12.0,-0.001507483856211744,0.0002813576421924449,0.0002813576441154704,0.0005629075908976282,0.0006632751326751674,-0.0002813576421924437
3,0.002954839532994835,5.60495456663838,0.00192368039516877,-12.0,-2.799591743489633,12.0,-0.001506223591107636,0.0002801515423885141,0.0002801515443121606,0.000560495456663838,0.000665632859216253,-0.0002801515423884802
3,0.002955039532994835,5.580824660318053,0.001924426753724617,-12.0,-2.787525670784172,12.0,-0.001504955193450841,0.0002789450097537907,0.0002789450116782165,0.0005580824660318054,0.0006679837423487212,-0.0002789450097537897
3,0.002955239532994835,5.556685656309769,0.001925075139295629,-12.0,-2.77545519619519,12.0,-0.001503688741748666,0.0002777380271334811,0.0002777380290585237,0.0005556685656309769,0.0006703379311054636,-0.0002777380271334486
3,0.002955439532994835,5.532538163714134,0.001925815876840486,-12.0,-2.763380338783648,12.0,-0.001502414216648207,0.0002765306154660498,0.0002765306173918647,0.0005532538163714135,0.0006726853242857711,-0.0002765306154660488
3,0.0029556395329948353,5.508381650464088,0.001926458900086914,-12.0,-2.751301117617325,12.0,-0.001501141590658228,0.0002753227576517727,0.0002753227595782001,0.0005508381650464088,0.0006750359647046955,-0.0002753227576517411
3,0.0029558395329948354,5.484216724087488,0.001927194000539423,-12.0,-2.739217551770994,12.0,-0.001499860950210152,0.0002741144745771543,0.0002741144765043474,0.0005484216724087488,0.0006773798571553524,-0.0002741144745771534
3,0.0029560395329948355,5.460042854136198,0.00192783164232746,-12.0,-2.727129660326291,12.0,-0.001498582162226536,0.0002729057491968924,0.0002729057511246935,0.0005460042854136198,0.0006797269386500937,-0.0002729057491968618
3,0.0029562395329948356,5.435860646584556,0.001928561090037695,-12.0,-2.71503746237161,12.0,-0.001497295418513456,0.0002716966023461655,0.0002716966042747259,0.0005435860646584555,0.0006820673195630234,-0.0002716966023461648
3,0.0029564395329948357,5.411669572583457,0.001929193331786427,-12.0,-2.702940977002116,12.0,-0.001496010480814547,0.0002704870170334197,0.0002704870189625835,0.0005411669572583458,0.0006844108315148811,-0.0002704870170333902
3,0.002956639532994836,5.387470236572732,0.001929917111499924,-12.0,-2.690840223319945,12.0,-0.001494717645905197,0.0002692770140431452,0.0002692770159730616,0.0005387470236572732,0.0006867476900524749,-0.0002692770140431446
3,0.002956839532994836,5.363262111283526,0.001930543935034557,-12.0,-2.678735220433772,12.0,-0.001493426570754797,0.0002680665764369092,0.0002680665783674246,0.0005363262111283526,0.0006890876218110242,-0.0002680665764368807
3,0.002957039532994836,5.339045799639185,0.001931262031994674,-12.0,-2.666625987458979,12.0,-0.001492127656705311,0.000266855724949098,0.0002668557268803595,0.0005339045799639184,0.0006914209471061417,-0.0002668557249490974
3,0.002957239532994836,5.314820775932151,0.001931883419602265,-12.0,-2.654512543517837,12.0,-0.001490830456351733,0.0002656444426937716,0.0002656444446256274,0.0005314820775932151,0.0006937572879900378,-0.000265644442693744
3,0.0029574395329948363,5.290587641588107,0.001932595819358784,-12.0,-2.642394907739056,12.0,-0.001489525475205811,0.000264432750355842,0.0002644327522884374,0.0005290587641588107,0.0006960870691469223,-0.0002644327503558415
3,0.0029576395329948364,5.266345872441751,0.001933211753835318,-12.0,-2.630273099258005,12.0,-0.001488222161883712,0.0002632206311012108,0.0002632206330343958,0.0005266345872441752,0.0006984198084440674,-0.0002632206311011841
3,0.0029578395329948365,5.242096068438849,0.00193391844235502,-12.0,-2.618147137216708,12.0,-0.001486911125672619,0.0002620081055659066,0.0002620081074998247,0.0005242096068438849,0.0007007460345389294,-0.0002620081055659063
3,0.0029580395329948366,5.217837706938573,0.001934528906833766,-12.0,-2.606017040763747,12.0,-0.001485601711602114,0.0002607951569670839,0.000260795158901587,0.0005217837706938573,0.000703075161507638,-0.000260795156967058
3,0.0029582395329948367,5.193571386424304,0.001935229870480226,-12.0,-2.593882829054133,12.0,-0.001484284632346122,0.0002595818058924616,0.0002595818078276912,0.0005193571386424303,0.0007053978215889045,-0.0002595818058924613
3,0.002958439532994837,5.169296585761306,0.001935834848552753,-12.0,-2.581744521249476,12.0,-0.001482969129734335,0.0002583680356098279,0.0002583680375456377,0.0005169296585761307,0.0007077233254579318,-0.0002583680356098029
3,0.002958639532994837,5.145013901988309,0.001936530073999077,-12.0,-2.569602136517855,12.0,-0.001481646019441729,0.0002571538666591856,0.0002571538685957156,0.0005145013901988309,0.0007100424085471069,-0.0002571538666591854
3,0.002958839532994837,5.120722815458906,0.00193712954964842,-12.0,-2.557455694033686,12.0,-0.001480324440482406,0.0002559392823583577,0.0002559392842954629,0.0005120722815458907,0.000712364278516564,-0.0002559392823583334
3,0.002959039532994837,5.096423921784046,0.001937819023960508,-12.0,-2.545305212977892,12.0,-0.00147899531115131,0.0002547243032001854,0.0002547243051380043,0.0005096423921784046,0.0007146797736085897,-0.0002547243032001853
3,0.0029592395329948373,5.072116702788352,0.001938412981512982,-12.0,-2.533150712537776,12.0,-0.001477667668025373,0.0002535089125519525,0.000253508914490342,0.0005072116702788353,0.0007169979988503883,-0.0002535089125519289
3,0.0029594395329948374,5.047801752671949,0.00193909669208181,-12.0,-2.520992211906885,12.0,-0.001476332531642865,0.0002522931308598969,0.0002522931327989934,0.000504780175267195,0.0007193098949140886,-0.0002522931308598967
3,0.0029596395329948375,5.023478554712915,0.001939685116281176,-12.0,-2.508829730285185,12.0,-0.001474998836519692,0.0002510769415401694,0.0002510769434798317,0.0005023478554712916,0.0007216244645723568,-0.0002510769415401466
3,0.0029598395329948376,4.99914770171747,0.001940363050783933,-12.0,-2.496663286878929,12.0,-0.001473657705062692,0.0002498603649929713,0.0002498603669333343,0.000499914770171747,0.0007239327505512705,-0.0002498603649929713
3,0.0029600395329948377,4.974808678400185,0.00194094592671723,-12.0,-2.484492900900558,12.0,-0.001472317970099279,0.0002486433846827495,0.0002486433866236734,0.0004974808678400185,0.0007262436537430472,-0.0002486433846827275
3,0.002960239532994838,4.950462076189426,0.00194161807319726,-12.0,-2.472318591568737,12.0,-0.001470970855534937,0.0002474260209641935,0.0002474260229058114,0.0004950462076189426,0.0007285483185557606,-0.0002474260209641934
3,0.002960439532994838,4.926107381219554,0.001942195386283485,-12.0,-2.460140378108398,12.0,-0.001469625092876958,0.0002462082573494896,0.0002462082592916635,0.0004926107381219554,0.0007308555443713005,-0.0002462082573494682
3,0.002960639532994838,4.901745183557614,0.001942861733035928,-12.0,-2.447958279750636,12.0,-0.001468272007163263,0.0002449901141483672,0.0002449901160912289,0.0004901745183557614,0.0007331565769119475,-0.0002449901141483672
3,0.002960839532994838,4.877374970741001,0.001943433469058453,-12.0,-2.435772315732579,12.0,-0.001466920228945068,0.0002437715749201844,0.0002437715768635971,0.0004877374970741001,0.0007354601144156925,-0.0002437715749201638
3,0.0029610395329948383,4.852997331491133,0.00194409400471085,-12.0,-2.42358250529756,12.0,-0.00146556118403085,0.0002425526599302271,0.0002425526618743212,0.0004852997331491134,0.0007377575035542872,-0.0002425526599302272
3,0.0029612395329948384,4.828611754732385,0.001944660149733712,-12.0,-2.411388867694991,12.0,-0.001464203402376241,0.0002413333527844925,0.0002413333547291325,0.0004828611754732385,0.0007400573417849499,-0.0002413333527844724
3,0.0029614395329948385,4.804218827856308,0.001945314863191161,-12.0,-2.399191422180218,12.0,-0.001462838410201173,0.000240113673704341,0.0002401136756496558,0.0004804218827856308,0.0007423510763681362,-0.000240113673704341
3,0.0029616395329948387,4.779818041157847,0.001945875403640107,-12.0,-2.38699018801471,12.0,-0.001461474637223292,0.0002388936063418544,0.0002388936082877104,0.0004779818041157847,0.0007446472043395325,-0.000238893606341835
3,0.0029618395329948388,4.755409980714446,0.001946524284044404,-12.0,-2.374785184465913,12.0,-0.001460103709719274,0.0002376731708749958,0.0002376731728215201,0.0004755409980714446,0.0007469372731908064,-0.0002376731708749958
3,0.002962039532994839,4.730994138175763,0.001947079206642277,-12.0,-2.362576430807126,12.0,-0.001458733957521496,0.0002364523510013956,0.0002364523529484561,0.0004730994138175763,0.0007492296798919107,-0.0002364523510013768
3,0.002962239532994839,4.70657109832018,0.001947722243440975,-12.0,-2.350363946317707,12.0,-0.001457357106611767,0.0002352311668561147,0.000235231168803837,0.000470657109832018,0.0007515160718125635,-0.0002352311668561148
3,0.002962439532994839,4.682140354136517,0.00194827153518573,-12.0,-2.338147750282765,12.0,-0.001455981387287697,0.0002340096021818133,0.0002340096041300666,0.0004682140354136517,0.0007538047462084807,-0.000234009602181795
3,0.0029626395329948392,4.65770248911918,0.001948908718084175,-12.0,-2.325927861993376,12.0,-0.001454598624888115,0.000232787677071146,0.0002327876790200548,0.000465770248911918,0.0007560874499774606,-0.0002327876770711461
3,0.0029628395329948393,4.63325699758071,0.001949452366255322,-12.0,-2.313704300746448,12.0,-0.001453216950521641,0.000231565375311288,0.0002315653772607227,0.000463325699758071,0.0007583723810096477,-0.0002315653753112704
3,0.0029630395329948394,4.60880446174645,0.001950083685204218,-12.0,-2.301477085844582,12.0,-0.001451828288540402,0.0002303427169529786,0.0002303427189030623,0.000460880446174645,0.0007606513853844199,-0.0002303427169529787
3,0.0029632395329948396,4.584344377237137,0.001950621677398789,-12.0,-2.289246236596254,12.0,-0.001450440671206865,0.0002291196858273824,0.0002291196877779869,0.0004584344377237137,0.0007629325619711858,-0.0002291196858273653
3,0.0029634395329948397,4.559877325023969,0.001951247122555566,-12.0,-2.27701177231568,12.0,-0.00144904612154495,0.0002278963019438235,0.0002278963038950707,0.0004559877325023969,0.0007652078556881492,-0.0002278963019438235
3,0.00296363953299484,4.535402802020848,0.001951779446634161,-12.0,-2.264773712322679,12.0,-0.001447652573310643,0.0002266725491769478,0.0002266725511287107,0.0004535402802020848,0.0007674852667250986,-0.0002266725491769313
3,0.00296383953299484,4.510921387959051,0.001952399008432915,-12.0,-2.252532075942886,12.0,-0.001446252147862259,0.0002254484474951318,0.000225448449447531,0.0004510921387959052,0.0007697568384998632,-0.0002254484474951319
3,0.00296403953299484,4.4864325810309,0.001952925652496607,-12.0,-2.240286882507449,12.0,-0.001444852680785036,0.0002242239808160106,0.0002242239827689201,0.00044864325810309,0.0007720304728606464,-0.0002242239808159946
3,0.00296423953299484,4.461936959742049,0.001953539321598363,-12.0,-2.228038151353234,12.0,-0.001443446391437953,0.0002229991690674831,0.0002229991710210225,0.0004461936959742049,0.0007742983113885049,-0.0002229991690674832
3,0.0029644395329948402,4.437434023548589,0.001954060273998914,-12.0,-2.215785901822693,12.0,-0.001442041017567841,0.0002217739962096847,0.0002217739981637295,0.0004437434023548589,0.0007765681579247341,-0.0002217739962096692
3,0.0029646395329948404,4.41292434974468,0.001954668041285412,-12.0,-2.203530153263731,12.0,-0.00144062887620322,0.0002205484821305016,0.0002205484840851697,0.000441292434974468,0.0007788322518813839,-0.0002205484821305017
3,0.0029648395329948405,4.388407439035465,0.001955183290653917,-12.0,-2.191270925029919,12.0,-0.001439217607582199,0.0002193226108320723,0.0002193226127872405,0.0004388407439035465,0.0007810982994235494,-0.0002193226108320573
3,0.0029650395329948406,4.363883867517671,0.001955785147202294,-12.0,-2.17900823648018,12.0,-0.001437799626075653,0.0002180964021627382,0.0002180964041185234,0.0004363883867517671,0.000783358637465037,-0.0002180964021627383
3,0.0029652395329948407,4.339353137131148,0.001956294682411652,-12.0,-2.16674210697901,12.0,-0.001436382474737985,0.0002168698401661567,0.0002168698421224368,0.0004339353137131148,0.000785620874822951,-0.0002168698401661422
3,0.002965439532994841,4.314815822788989,0.00195689061950266,-12.0,-2.154472555896334,12.0,-0.001434958664959018,0.0002156429446515836,0.0002156429466084744,0.0004314815822788989,0.00078787744558656,-0.0002156429446515837
3,0.002965639532994841,4.290271427651628,0.001957394429658477,-12.0,-2.142199602607382,12.0,-0.001433535642932138,0.0002144156997037182,0.0002144157016610984,0.0004290271427651628,0.0007901358615492737,-0.000214415699703704
3,0.002965839532994841,4.26572052546184,0.001957984438815119,-12.0,-2.129923266492853,12.0,-0.001432106016744761,0.0002131881250931667,0.0002131881270511513,0.000426572052546184,0.0007923886536537472,-0.0002131881250931668
3,0.002966039532994841,4.241162620586889,0.001958482513216175,-12.0,-2.117643566938795,12.0,-0.001430677136049274,0.0002119602049452147,0.0002119602069036836,0.0004241162620586889,0.0007946432369906054,-0.0002119602049452011
3,0.0029662395329948413,4.216598285612704,0.001959066586151526,-12.0,-2.105360523336459,12.0,-0.00142924170531239,0.000210731958992261,0.0002107319609513277,0.0004216598285612704,0.0007968922390363398,-0.0002107319589922611
3,0.0029664395329948414,4.192027026099246,0.001959558914367499,-12.0,-2.093074155082483,12.0,-0.001427806977961743,0.0002095033713996983,0.0002095033733592439,0.0004192027026099246,0.0007991429784970361,-0.000209503371399685
3,0.0029666395329948415,4.167449413489092,0.001960137042948507,-12.0,-2.080784481578753,12.0,-0.001426365754529535,0.0002082744618621701,0.0002082744638223072,0.0004167449413489092,0.0008013881790669142,-0.0002082744618621702
3,0.0029668395329948416,4.142864954521346,0.001960623614752244,-12.0,-2.068491522232308,12.0,-0.00142492519253079,0.0002070452145847189,0.0002070452165453297,0.0004142864954521346,0.0008036350633820466,-0.0002070452145847061
3,0.0029670395329948417,4.118274219507889,0.001961195791098769,-12.0,-2.056195296455338,12.0,-0.001423478188252447,0.0002058156492246437,0.0002058156511858395,0.0004118274219507889,0.0008058764510414929,-0.0002058156492246437
3,0.002967239532994842,4.09367671635367,0.001961676596445194,-12.0,-2.043895823665402,12.0,-0.001422031803606921,0.0002045857500261971,0.0002045857519878612,0.000409367671635367,0.0008081194689229798,-0.0002045857500261847
3,0.002967439532994842,4.069073014253201,0.001962242812798332,-12.0,-2.031593123284975,12.0,-0.001420579030327274,0.0002033555366097773,0.0002033555385720201,0.0004069073014253201,0.0008103570322204601,-0.0002033555366097773
3,0.002967639532994842,4.04446262226346,0.001962717841923478,-12.0,-2.019287214741667,12.0,-0.001419126835030121,0.000202124993258371,0.0002021249952210768,0.000404446262226346,0.000812596172361818,-0.000202124993258359
3,0.002967839532994842,4.019846108474185,0.001963278090727272,-12.0,-2.006978117468221,12.0,-0.001417668304589836,0.0002008941395558948,0.0002008941415191729,0.0004019846108474186,0.0008148298998292558,-0.0002008941395558948
3,0.0029680395329948423,3.99522298308174,0.001963747333986188,-12.0,-1.994665850902417,12.0,-0.00141621031063055,0.000199662959823652,0.0001996629617873877,0.000399522298308174,0.0008170651509062099,-0.0001996629598236404
3,0.0029682395329948424,3.970593813083553,0.001964301607882746,-12.0,-1.982350434486936,12.0,-0.001414746034866188,0.0001984314736094819,0.0001984314755737835,0.0003970593813083553,0.0008192950310594027,-0.0001984314736094819
3,0.0029684395329948425,3.945958109802007,0.00196476505587917,-12.0,-1.970031887669534,12.0,-0.001413282254229042,0.0001971996652725527,0.0001971996672373064,0.0003945958109802007,0.0008215263817299978,-0.0001971996652725414
3,0.0029686395329948426,3.921316439154992,0.001965313347631614,-12.0,-1.957710229902915,12.0,-0.001411812244973498,0.0001959675543250547,0.000195967556290368,0.0003921316439154992,0.000823752403068867,-0.0001959675543250547
3,0.0029688395329948427,3.896668313578064,0.001965770991156468,-12.0,-1.945385480644588,12.0,-0.001410342689637412,0.0001947351251635854,0.0001947351271293454,0.0003896668313578064,0.0008259798419741893,-0.0001947351251635744
3,0.002969039532994843,3.872014297921583,0.001966313293740196,-12.0,-1.933057659357048,12.0,-0.001408866958719862,0.0001935023972650788,0.0001935023992313921,0.0003872014297921583,0.0008282019929833351,-0.0001935023972650788
3,0.002969239532994843,3.847353905721788,0.001966765123732506,-12.0,-1.920726785507644,12.0,-0.001407391640659089,0.0001922693550631482,0.0001922693570299028,0.0003847353905721789,0.0008304255087474843,-0.0001922693550631376
3,0.002969439532994843,3.822687700773788,0.001967301430271018,-12.0,-1.908392878568473,12.0,-0.001405910199905575,0.0001910360179998745,0.0001910360199671758,0.0003822687700773788,0.0008326437778963247,-0.0001910360179998744
3,0.002969639532994843,3.798015197701485,0.001967747437919609,-12.0,-1.896055958016389,12.0,-0.001404429131089402,0.0001898023705454411,0.0001898023725131783,0.0003798015197701486,0.0008348633591273302,-0.0001898023705454309
3,0.0029698395329948433,3.773336959256961,0.001968277741660973,-12.0,-1.883716043333212,12.0,-0.001402941992322826,0.0001885684321074873,0.000188568434075765,0.0003773336959256961,0.0008370777348705449,-0.0001885684321074873
3,0.0029700395329948434,3.74865250113973,0.001968717918269025,-12.0,-1.871373154005282,12.0,-0.001401455184716183,0.0001873341871923651,0.0001873341891610731,0.000374865250113973,0.0008392933701602268,-0.0001873341871923551
3,0.0029702395329948435,3.723962385070218,0.001969242212700228,-12.0,-1.859027309523636,12.0,-0.001399962359756479,0.0001860996551736338,0.0001860996571428759,0.0003723962385070218,0.0008415038409382014,-0.0001860996551736337
3,0.0029704395329948436,3.699266127811173,0.001969676549755217,-12.0,-1.846678529384188,12.0,-0.001398469825320048,0.000184864820593404,0.0001848648225630709,0.0003699266127811173,0.000843715518862892,-0.0001848648205933944
3,0.0029706395329948438,3.674564290063715,0.001970194828420979,-12.0,-1.834326833087278,12.0,-0.001396971325984486,0.0001836297027915699,0.0001836297047617647,0.0003674564290063715,0.0008459220731020234,-0.0001836297027915699
3,0.002970839532994844,3.649856389641143,0.001970623317659514,-12.0,-1.821972240137849,12.0,-0.001395473076674925,0.0001823942863455601,0.0001823942883161742,0.0003649856389641143,0.0008481297822225953,-0.0001823942863455508
3,0.002971039532994844,3.625142986236779,0.001971135574269534,-12.0,-1.80961477004563,12.0,-0.00139396891477811,0.00018115859056199,0.0001811585925331255,0.000362514298623678,0.0008503324083355968,-0.0001811585905619899
3,0.002971239532994844,3.600423598703023,0.001971558207497726,-12.0,-1.797254442324683,12.0,-0.001392464962548301,0.0001799226000532271,0.0001799226020247763,0.0003600423598703024,0.0008525361371980456,-0.0001799226000532181
3,0.002971439532994844,3.575698785736459,0.001972064435977527,-12.0,-1.784891276493618,12.0,-0.001390955149902645,0.0001786863340929597,0.0001786863360650241,0.0003575698785736459,0.000854734823584391,-0.0001786863340929596
3,0.0029716395329948443,3.550968067216426,0.001972481205202437,-12.0,-1.772525292075597,12.0,-0.001389445506701531,0.0001774497773280887,0.0001774497793005612,0.0003550968067216426,0.0008569345607202794,-0.00017744977732808
3,0.0029718395329948444,3.526232000854687,0.001972981399532392,-12.0,-1.760156508598231,12.0,-0.001387930055117365,0.0001762129489997765,0.0001762129509727577,0.0003526232000854687,0.0008591292957662588,-0.0001762129489997763
3,0.0029720395329948445,3.501490107545569,0.001973392296942711,-12.0,-1.747784945593448,12.0,-0.001386414732890889,0.0001749758337890475,0.0001749758357624313,0.0003501490107545569,0.0008613250296927999,-0.0001749758337890391
3,0.0029722395329948447,3.476742944026944,0.001973886451291929,-12.0,-1.73541062259767,12.0,-0.00138489365417635,0.0001737384509048963,0.0001737384528787826,0.0003476742944026944,0.0008635158017721578,-0.0001737384509048962
3,0.0029724395329948448,3.451990032196741,0.001974291469186484,-12.0,-1.723033559151676,12.0,-0.001383372664866739,0.0001725007850620944,0.0001725007870363777,0.0003451990032196741,0.0008657075209928533,-0.0001725007850620862
3,0.002972639532994845,3.427231927830096,0.001974779577855301,-12.0,-1.710653774800469,12.0,-0.001381845970828466,0.0001712628554378327,0.0001712628574126121,0.0003427231927830096,0.000867894318466983,-0.0001712628554378325
3,0.002972839532994845,3.40246815381668,0.001975178708732317,-12.0,-1.698271289093455,12.0,-0.001380319326375279,0.0001700246467802266,0.0001700246487553974,0.000340246815381668,0.0008700820114715402,-0.0001700246467802187
3,0.002973039532994845,3.37769926498016,0.001975660766114107,-12.0,-1.685886121584301,12.0,-0.001378787028818107,0.0001687861782350417,0.0001687861802107023,0.000337769926498016,0.0008722648226897056,-0.0001687861782350416
3,0.0029732395329948452,3.35292478519059,0.001976054002606586,-12.0,-1.673498291830845,12.0,-0.001377254741157796,0.0001675474345833528,0.0001675474365593992,0.000335292478519059,0.000874448477954759,-0.0001675474345833452
3,0.0029734395329948453,3.328145268330651,0.00197653000329101,-12.0,-1.661107819395089,12.0,-0.001375716851885006,0.0001663084349398382,0.000166308436916368,0.0003328145268330651,0.0008766272912548168,-0.000166308434939838
3,0.0029736395329948455,3.303360239239638,0.00197691733814942,-12.0,-1.648714723843421,12.0,-0.001374178932951414,0.0001650691641181645,0.0001650691660950744,0.0003303360239239638,0.0008788068972440943,-0.0001650691641181571
3,0.0029738395329948456,3.278570250870431,0.001977387276788312,-12.0,-1.636319024746161,12.0,-0.001372635463765259,0.0001638296412022951,0.0001638296431796821,0.0003278570250870431,0.0008809817009521603,-0.0001638296412022949
3,0.0029740395329948457,3.253774829019869,0.001977768702982274,-12.0,-1.623920741677773,12.0,-0.001371091925489593,0.0001625898510380828,0.0001625898530158443,0.0003253774829019869,0.0008831572461167614,-0.0001625898510380756
3,0.002974239532994846,3.22897452572154,0.00197823257437868,-12.0,-1.611519894216876,12.0,-0.001369542888190939,0.0001613498126791258,0.0001613498146573581,0.000322897452572154,0.0008853280285481407,-0.0001613498126791255
3,0.002974439532994846,3.20416886771924,0.001978608084936884,-12.0,-1.599116501946134,12.0,-0.001367993742502127,0.000160109511003114,0.0001601095129817152,0.000320416886771924,0.0008874995013270215,-0.0001601095110031071
3,0.002974639532994846,3.179358406137689,0.001979065884039288,-12.0,-1.586710584452127,12.0,-0.001366439148891146,0.0001588689650336169,0.0001588689670126825,0.0003179358406137689,0.0008896662507859032,-0.0001588689650336166
3,0.002974839532994846,3.1545426686563,0.001979435472179158,-12.0,-1.574302161325527,12.0,-0.001364884407715844,0.0001576281596797773,0.000157628161659206,0.00031545426686563,0.0008918336396059323,-0.0001576281596797706
3,0.0029750395329948462,3.129722205501693,0.001979887194008212,-12.0,-1.561891252160962,12.0,-0.00136332426959157,0.0001563871139354973,0.0001563871159153842,0.0003129722205501693,0.0008939963443864024,-0.000156387113935497
3,0.0029752395329948464,3.104896545278024,0.001980250853080401,-12.0,-1.549477876556883,12.0,-0.001361763944854322,0.0001551458127410028,0.0001551458147212472,0.0003104896545278024,0.0008961596376628883,-0.0001551458127409963
3,0.0029754395329948465,3.080066237323868,0.0019806964928204,-12.0,-1.537062054115738,12.0,-0.001360198274015206,0.0001539042750608562,0.0001539042770415524,0.0003080066237323868,0.0008983182860485689,-0.0001539042750608559
3,0.0029756395329948466,3.055230811157577,0.001981054216269484,-12.0,-1.524643804443842,12.0,-0.001358632377638863,0.0001526624858660174,0.0001526624878470654,0.0003055230811157577,0.0009004774721854264,-0.0001526624858660112
3,0.0029758395329948467,3.030390815239989,0.001981493769214193,-12.0,-1.512223147151236,12.0,-0.001357061185882968,0.0001514204640920453,0.0001514204660735388,0.0003030390815239989,0.0009026320524500725,-0.000151420464092045
3,0.002976039532994847,3.005545779992641,0.001981845550665828,-12.0,-1.499800101851867,12.0,-0.001355489729788384,0.0001501781947402593,0.0001501781967220988,0.0003005545779992641,0.0009047871198402391,-0.0001501781947402532
3,0.002976239532994847,2.980696253009031,0.001982279012180954,-12.0,-1.487374688163454,12.0,-0.001353913028912995,0.0001489356967175638,0.0001489356986998425,0.0002980696253009031,0.0009069376202480578,-0.0001489356967175635
3,0.002976439532994847,2.955841765603343,0.00198262484537981,-12.0,-1.474946925707353,12.0,-0.001352336025019552,0.0001476929550552792,0.0001476929570378982,0.0002955841765603343,0.0009090885572737017,-0.0001476929550552733
3,0.002976639532994847,2.930982864511535,0.001983052210985825,-12.0,-1.462516834108767,12.0,-0.00135075382682201,0.0001464499886319756,0.0001464499906150275,0.0002930982864511535,0.0009112349660794217,-0.0001464499886319752
3,0.0029768395329948473,2.906119081930063,0.001983392089783265,-12.0,-1.450084432996436,12.0,-0.001349171287047535,0.0001452067825086276,0.000145206784492014,0.0002906119081930063,0.0009133817611122336,-0.0001452067825086219
3,0.0029770395329948474,2.881250963747351,0.001983813355102226,-12.0,-1.437649742002889,12.0,-0.001347583603324709,0.0001439633555357995,0.0001439633575196125,0.0002881250963747351,0.0009155240665616321,-0.0001439633555357991
3,0.0029772395329948475,2.856378043031658,0.001984147273483949,-12.0,-1.42521278076413,12.0,-0.001345995539585892,0.0001427196928037669,0.0001427196947879087,0.0002856378043031658,0.0009176667079630746,-0.0001427196928037614
3,0.0029774395329948476,2.831500864833711,0.001984562434251047,-12.0,-1.412773568919854,12.0,-0.001344402382134763,0.0001414758131354109,0.000141475815119973,0.0002831500864833711,0.0009198048982930751,-0.0001414758131354105
3,0.0029776395329948477,2.806618963083354,0.001984890386308558,-12.0,-1.40033212611331,12.0,-0.001342808806346768,0.0001402317016499672,0.0001402317036348523,0.0002806618963083354,0.0009219433744148131,-0.0001402317016499619
3,0.002977839532994848,2.781732882003404,0.001985299438363008,-12.0,-1.387888471991163,12.0,-0.001341210186964537,0.000138987377142953,0.0001389873791282521,0.0002781732882003404,0.0009240774378537486,-0.0001389873771429526
3,0.002978039532994848,2.756842156374829,0.001985621418348571,-12.0,-1.375442626203677,12.0,-0.001339611111041611,0.0001377428247622077,0.000137742826747824,0.0002756842156374829,0.000926211737037802,-0.0001377428247622026
3,0.002978239532994848,2.731947329602438,0.00198602435759887,-12.0,-1.362994608404577,12.0,-0.001338007041525424,0.000136498063276218,0.0001364980652622419,0.0002731947329602438,0.0009283416618057344,-0.0001364980632762176
3,0.002978439532994848,2.707047937308245,0.001986340359871996,-12.0,-1.350544438250911,12.0,-0.001336402477380844,0.0001352530778610832,0.0001352530798474187,0.0002707047937308245,0.0009304717723846584,-0.0001352530778610783
3,0.0029786395329948483,2.682144522088393,0.001986737182371634,-12.0,-1.338092135403267,12.0,-0.001334792969528126,0.0001340078872585643,0.000134007889245301,0.0002682144522088393,0.0009325975466937531,-0.0001340078872585639
3,0.0029788395329948484,2.657236620396031,0.001987047201387426,-12.0,-1.325637719525462,12.0,-0.001333182929074417,0.0001327624766726897,0.0001327624786597322,0.0002657236620396031,0.0009347234569911378,-0.000132762476672685
3,0.0029790395329948485,2.632324774028138,0.001987437903291256,-12.0,-1.313181210284753,12.0,-0.001331567994683092,0.0001315168648188049,0.0001315168668062423,0.0002632324774028138,0.0009368450690456359,-0.0001315168648188045
3,0.0029792395329948486,2.607408520259083,0.001987741933611953,-12.0,-1.300722627351704,12.0,-0.001329952489831865,0.0001302710369285362,0.0001302710389162736,0.0002607408520259083,0.0009389667673762037,-0.0001302710369285316
3,0.0029794395329948487,2.582488400096137,0.00198812651117064,-12.0,-1.288261990400047,12.0,-0.001328332140700356,0.0001290250116911223,0.0001290250136792483,0.0002582488400096137,0.000941084205373019,-0.0001290250116911218
3,0.002979639532994849,2.557563951624756,0.001988424547512357,-12.0,-1.275799319106864,12.0,-0.001326711183362611,0.0001277787743654421,0.0001277787763538622,0.0002557563951624757,0.0009432016800428877,-0.0001277787743654377
3,0.002979839532994849,2.532635715072074,0.001988802997038075,-12.0,-1.26333463315245,12.0,-0.00132508543128998,0.0001265323436149492,0.0001265323456037518,0.0002532635715072074,0.0009453149321713705,-0.0001265323436149488
3,0.002980039532994849,2.507703229324901,0.001989095034217625,-12.0,-1.250867952220174,12.0,-0.001323459033376329,0.0001252857047254434,0.0001252857067145342,0.0002507703229324901,0.0009474281714784566,-0.0001252857047254392
3,0.002980239532994849,2.482767033839182,0.001989467352170093,-12.0,-1.238399295996662,12.0,-0.001321827890162164,0.0001240388763348837,0.0001240388783243506,0.0002482767033839182,0.0009495372259212403,-0.0001240388763348832
3,0.0029804395329948493,2.457826668293614,0.001989753385075121,-12.0,-1.22592868417166,12.0,-0.001320196063582718,0.0001227918437556776,0.0001227918457454269,0.0002457826668293614,0.0009516462181552582,-0.0001227918437556736
3,0.0029806395329948494,2.432882671382186,0.00199011956800077,-12.0,-1.213456136437896,12.0,-0.00131855954102747,0.0001215446256005902,0.0001215446275907093,0.0002432882671382186,0.0009537510630880514,-0.0001215446256005897
3,0.0029808395329948495,2.407934583565587,0.001990399591668135,-12.0,-1.200981672491296,12.0,-0.001316922297692064,0.0001202972072083003,0.000120297209198696,0.0002407934583565588,0.0009558557965309716,-0.0001202972072082964
3,0.0029810395329948496,2.38298294278509,0.001990759636186001,-12.0,-1.188505312030669,12.0,-0.001315280407597069,0.0001190496071666861,0.0001190496091574452,0.000238298294278509,0.0009579564201229185,-0.0001190496071666856
3,0.0029812395329948498,2.358027290273857,0.001991033645752149,-12.0,-1.176027074757964,12.0,-0.001313637759415204,0.0001178018108403754,0.0001178018128314053,0.0002358027290273857,0.0009600568830491207,-0.0001178018108403716
3,0.00298143953299485,2.333068163229408,0.001991387548586521,-12.0,-1.163546980377949,12.0,-0.001311990513582661,0.000116553836792654,0.0001165538387840411,0.0002333068163229408,0.0009621532734630511,-0.0001165538367926535
3,0.00298163953299485,2.308105103647866,0.001991655539297366,-12.0,-1.151065048598432,12.0,-0.001310342472463782,0.0001153056704137765,0.0001153056724054284,0.0002308105103647866,0.0009642494541396568,-0.0001153056704137729
3,0.00298183953299485,2.283138647992048,0.001992003297246248,-12.0,-1.138581299130122,12.0,-0.001308689882696945,0.0001140573302427373,0.0001140573322347401,0.0002283138647992048,0.0009663415995323776,-0.0001140573302427368
3,0.00298203953299485,2.258168339011642,0.001992265264450177,-12.0,-1.126095751686493,12.0,-0.001307036460550498,0.0001128088016950978,0.0001128088036873596,0.0002258168339011642,0.000968433486219264,-0.0001128088016950943
3,0.0029822395329948503,2.233194712443396,0.001992606874443137,-12.0,-1.113608425983964,12.0,-0.001305378538653784,0.0001115601032858413,0.0001115601052784476,0.0002233194712443396,0.000970521374741587,-0.0001115601032858408
3,0.0029824395329948504,2.208217311781448,0.00199286281355493,-12.0,-1.101119341741763,12.0,-0.001303719747389048,0.0001103112204555352,0.0001103112224483946,0.0002208217311781448,0.0009726089556918588,-0.0001103112204555318
3,0.0029826395329948505,2.183236672045344,0.001993198272601471,-12.0,-1.088628518681787,12.0,-0.001302056505167848,0.0001090621716954394,0.0001090621736886371,0.0002183236672045344,0.0009746925754890862,-0.0001090621716954388
3,0.0029828395329948507,2.158252337464093,0.001993448179185786,-12.0,-1.076135976528786,12.0,-0.001300392356694324,0.0001078129424708004,0.0001078129444642454,0.0002158252337464093,0.000976775838949201,-0.0001078129424707972
3,0.0029830395329948508,2.133264842349031,0.00199377748434415,-12.0,-1.063641735010225,12.0,-0.001298723805955582,0.0001065635512494574,0.0001065635532432344,0.0002133264842349032,0.0009788551781610144,-0.0001065635512494569
3,0.002983239532994851,2.10827373165494,0.001994021354050579,-12.0,-1.051145813856181,12.0,-0.001297054312182896,0.0001053139835210262,0.0001053139855150444,0.000210827373165494,0.0009809341123710041,-0.0001053139835210231
3,0.002983439532994851,2.083279538993188,0.001994344502533885,-12.0,-1.038648232799348,12.0,-0.001295380464734527,0.0001040642577301888,0.0001040642597245327,0.0002083279538993188,0.000983009159132034,-0.0001040642577301882
3,0.002983639532994851,2.058281810035395,0.001994582331079187,-12.0,-1.026149011575255,12.0,-0.001293705637572612,0.0001028143593906364,0.0001028143613852158,0.0002058281810035395,0.0009850837523257133,-0.0001028143593906335
3,0.0029838395329948512,2.033281077701969,0.001994899320122312,-12.0,-1.013648169921808,12.0,-0.001292026505224003,0.0001015643069241936,0.0001015643089190923,0.0002033281077701969,0.0009871544947655103,-0.000101564306924193
3,0.0029840395329948513,2.008276888371776,0.001995131103405101,-12.0,-1.001145727579469,12.0,-0.00129034635658308,0.0001003140858682903,0.0001003140878634186,0.0002008276888371776,0.0009892247351707129,-0.0001003140858682874
3,0.0029842395329948515,1.983269774282745,0.001995441930338626,-12.0,-0.9886417042914454,12.0,-0.001288661951145034,9.906371462217895e-05,9.906371661762034e-05,0.0001983269774282745,0.0009912911614140402,-9.90637146221784e-05
3,0.0029844395329948516,1.95825928251258,0.001995667664259293,-12.0,-0.9761361198032242,12.0,-0.001286976492935563,9.781317874675109e-05,9.781318074241601e-05,0.000195825928251258,0.0009933570372528677,-9.781317874674835e-05
3,0.0029846395329948517,1.933245944624747,0.001995972326569784,-12.0,-0.9636289938627955,12.0,-0.001285286826220366,9.656249661893708e-05,9.656249861490884e-05,0.0001933245944624747,0.0009954191354198116,-9.656249661893654e-05
3,0.002984839532994852,1.908229308386628,0.00199619200716028,-12.0,-0.9511203462206536,12.0,-0.001283596070353471,9.531165382278401e-05,9.531165581897338e-05,0.0001908229308386628,0.0009974806349087317,-9.53116538227814e-05
3,0.002985039532994852,1.883209904696192,0.001996490502330084,-12.0,-0.9386101966296958,12.0,-0.0012819011541748,9.406066871320314e-05,9.406067070969308e-05,0.0001883209904696192,0.000999538393115118,-9.406066871320259e-05
3,0.002985239532994852,1.858187282001475,0.0019967041257406,-12.0,-0.9260985648450855,12.0,-0.001280205112561938,9.280952689708511e-05,9.280952889378673e-05,0.0001858187282001475,0.001001595504465255,-9.28095268970826e-05
3,0.002985439532994852,1.833161970542959,0.001996996451388844,-12.0,-0.913585470624432,12.0,-0.001278504958735063,9.155824670758263e-05,9.155824870457853e-05,0.0001833161970542959,0.001003648910822566,-9.155824670758209e-05
3,0.0029856395329948522,1.80813351944083,0.001997204013813425,-12.0,-0.9010709337276548,12.0,-0.001276803643288221,9.030681377414923e-05,9.030681577135083e-05,0.000180813351944083,0.001005701622239924,-9.030681377414682e-05
3,0.0029858395329948524,1.783102458286401,0.001997490167635951,-12.0,-0.888554973916845,12.0,-0.001275098263630148,8.905524640844867e-05,8.905524840593827e-05,0.0001783102458286401,0.001007750664855617,-8.90552464084481e-05
3,0.0029860395329948525,1.758068336862957,0.001997691665410084,-12.0,-0.8760376109564467,12.0,-0.001273391686261949,8.780353026218796e-05,8.780353225987735e-05,0.0001758068336862957,0.001009798964541245,-8.780353026218568e-05
3,0.0029862395329948526,1.733031684121111,0.001997971645145702,-12.0,-0.8635188646131202,12.0,-0.00127168109259107,8.655168362582716e-05,8.655168562379825e-05,0.0001733031684121111,0.001011843631519072,-8.65516836258266e-05
3,0.0029864395329948527,1.707992050498654,0.001998167074678037,-12.0,-0.8509987546556392,12.0,-0.001269969265214749,8.529969217303392e-05,8.529969417119882e-05,0.0001707992050498654,0.001013887507669148,-8.529969217303173e-05
3,0.002986639532994853,1.68294996431325,0.001998440878213881,-12.0,-0.8384773008548958,12.0,-0.001268253469351319,8.404757417331152e-05,8.404757617175183e-05,0.000168294996431325,0.001015927787109114,-8.404757417331098e-05
3,0.002986839532994853,1.657904976648757,0.001998630235973464,-12.0,-0.8259545229841159,12.0,-0.001266536403880761,8.279531532201104e-05,8.279531732063919e-05,0.0001657904976648757,0.001017967227915376,-8.279531532200894e-05
3,0.002987039532994853,1.632857615198401,0.001998897861211657,-12.0,-0.8134304408184044,12.0,-0.001264815417646642,8.154293386796218e-05,8.154293586685946e-05,0.0001632857615198401,0.001020003107914003,-8.154293386796161e-05
3,0.002987239532994853,1.607807431682999,0.001999081143841508,-12.0,-0.8009050741349257,12.0,-0.001263093125996373,8.029041552787873e-05,8.029041752695788e-05,0.0001607807431682999,0.001022038101563774,-8.029041552787673e-05
3,0.0029874395329948533,1.582754953179341,0.001999342588772768,-12.0,-0.7883784427130852,12.0,-0.001261366961215246,7.903777853018637e-05,7.903778052952839e-05,0.0001582754953179341,0.001024069570214323,-7.90377785301858e-05
3,0.0029876395329948534,1.557699732037271,0.00199951979290991,-12.0,-0.7758505663340729,12.0,-0.001259639455300623,7.778500861270018e-05,7.778501061221807e-05,0.0001557699732037271,0.001026100104890654,-7.778500861269828e-05
3,0.0029878395329948535,1.532642294724691,0.001999775055676722,-12.0,-0.76332146478108,12.0,-0.001257908123797766,7.653212398367622e-05,7.653212598345074e-05,0.0001532642294724691,0.001028127150283331,-7.653212398367568e-05
3,0.0029880395329948536,1.507582194211775,0.001999946178081413,-12.0,-0.7507911578393036,12.0,-0.001256175415534883,7.527911040174032e-05,7.527911240168468e-05,0.0001507582194211775,0.001030153214165275,-7.52791104017385e-05
3,0.0029882395329948537,1.48251995636604,0.002000195256815496,-12.0,-0.7382596652958442,12.0,-0.00125443892913743,7.402598605526652e-05,7.402598805546124e-05,0.000148251995636604,0.001032175824387249,-7.402598605526597e-05
3,0.002988439532994854,1.457455134769422,0.002000360294359793,-12.0,-0.7257270069395683,12.0,-0.001252701030443171,7.277273672339453e-05,7.27727387237531e-05,0.0001457455134769422,0.001034197405650084,-7.277273672339281e-05
3,0.002988639532994854,1.432388254696614,0.002000603187324035,-12.0,-0.7131932025612892,12.0,-0.001250959400980051,7.151938057486186e-05,7.151938257546452e-05,0.0001432388254696614,0.001036215568785817,-7.151938057486132e-05
3,0.002988839532994854,1.407318870333254,0.002000762136916967,-12.0,-0.7006582719536303,12.0,-0.001249216323772118,7.026590340905636e-05,7.026590540981687e-05,0.0001407318870333254,0.001038232655601032,-7.026590340905472e-05
3,0.002989039532994854,1.382247506369091,0.002000998842446366,-12.0,-0.6881222349108873,12.0,-0.001247469563074019,6.901232337533391e-05,6.901232537633222e-05,0.0001382247506369091,0.001040246359732364,-6.901232337533337e-05
3,0.0029892395329948543,1.357173717584844,0.002001151701130577,-12.0,-0.6755851112292091,12.0,-0.001245721319270948,6.77586262930355e-05,6.775862829418566e-05,0.0001357173717584844,0.00104225894026802,-6.775862629303397e-05
3,0.0029894395329948544,1.33209802809336,0.002001382217597769,-12.0,-0.663046920706461,12.0,-0.00124396943917042,6.650483029240641e-05,6.65048322937881e-05,0.000133209802809336,0.001044268173474271,-6.650483029240589e-05
3,0.0029896395329948545,1.307019993262228,0.002001528982492062,-12.0,-0.650507683142086,12.0,-0.001242216040691621,6.525092121245927e-05,6.525092321398679e-05,0.0001307019993262228,0.001046276235895052,-6.525092121245781e-05
3,0.0029898395329948546,1.281940136634827,0.002001753308395138,-12.0,-0.6379674183372874,12.0,-0.001240459053022974,6.399691716456878e-05,6.399691916632158e-05,0.0001281940136634827,0.001048280986253411,-6.399691716456827e-05
3,0.0029900395329948547,1.256858014157649,0.002001893976662728,-12.0,-0.6254261460948906,12.0,-0.001238700511788676,6.274280400715671e-05,6.274280600904932e-05,0.0001256858014157649,0.001050284518720856,-6.274280400715533e-05
3,0.002990239532994855,1.231774148812403,0.002002112110560006,-12.0,-0.6128838862192405,12.0,-0.001236938428388124,6.148859983298056e-05,6.148860183509216e-05,0.0001231774148812403,0.001052284774306203,-6.148859983298006e-05
3,0.002990439532994855,1.206688097115938,0.002002246679506658,-12.0,-0.6003406585162423,12.0,-0.001235174756319471,6.02342905195762e-05,6.023429252182158e-05,0.0001206688097115938,0.00105428376497884,-6.02342905195749e-05
3,0.002990639532994855,1.181600381496028,0.002002458620018466,-12.0,-0.5877964827934,12.0,-0.001233407589025001,5.897989414134237e-05,5.897989614380046e-05,0.0001181600381496028,0.001056279513864208,-5.897989414134185e-05
3,0.002990839532994855,1.156510559032102,0.002002587086976926,-12.0,-0.5752513788597147,12.0,-0.001231638798043999,5.772539659467041e-05,5.772539859725626e-05,0.0001156510559032102,0.001058273950897679,-5.772539659466915e-05
3,0.0029910395329948553,1.131419151605433,0.002002792832827394,-12.0,-0.562705366525547,12.0,-0.001229866558695433,5.647081593583794e-05,5.647081793863029e-05,0.0001131419151605433,0.001060265181154173,-5.647081593583745e-05
3,0.0029912395329948554,1.106325716849671,0.002002915195257082,-12.0,-0.5501584656027982,12.0,-0.001228092660724989,5.521613807980668e-05,5.521614008272071e-05,0.0001106325716849671,0.001062255052701438,-5.521613807980553e-05
3,0.0029914395329948555,1.081230776107435,0.002003114745198042,-12.0,-0.5376106959047733,12.0,-0.001226315361163952,5.396138106499762e-05,5.396138306811187e-05,0.0001081230776107435,0.001064241752398554,-5.396138106499713e-05
3,0.0029916395329948556,1.056133887558604,0.002003231000633154,-12.0,-0.525062077246042,12.0,-0.001224536368127839,5.27065308246686e-05,5.270653282789852e-05,0.0001056133887558604,0.001066227046610024,-5.270653082466752e-05
3,0.0029918395329948558,1.031035572014353,0.002003424353540673,-12.0,-0.5125126294426218,12.0,-0.001222754020197871,5.145160537961673e-05,5.14516073830406e-05,0.0001031035572014353,0.001068209203815618,-5.145160537961624e-05
3,0.002992039532994856,1.005935388193038,0.002003534499556925,-12.0,-0.4999623723118389,12.0,-0.001220969944020732,5.01965906811406e-05,5.019659268467407e-05,0.0001005935388193038,0.001070189908839295,-5.019659068113959e-05
3,0.002992239532994856,0.9808338563819321,0.002003721654371848,-12.0,-0.4874113256721918,12.0,-0.001219182559567066,4.894150473265683e-05,4.894150673637802e-05,9.808338563819322e-05,0.001072167511619905,-4.894150473265636e-05
3,0.002992439532994856,0.9557305358296022,0.002003825688675187,-12.0,-0.4748595093435314,12.0,-0.001217393412174445,4.768633350322162e-05,4.768633550704636e-05,9.557305358296023e-05,0.001074143615601535,-4.768633350322066e-05
3,0.002992639532994856,0.9306259463070984,0.002004006644372058,-12.0,-0.4623069431469247,12.0,-0.001215601003044138,4.643109497913011e-05,4.643109698313632e-05,9.306259463070985e-05,0.001076116652022382,-4.643109497912967e-05
3,0.0029928395329948563,0.9055196475853433,0.002004104564739928,-12.0,-0.449753646904516,12.0,-0.001213806796362481,4.517577514692648e-05,4.517577715103017e-05,9.055196475853434e-05,0.00107808814310556,-4.51757751469256e-05
3,0.0029930395329948564,0.8804121589263004,0.002004279320408198,-12.0,-0.4371996404397447,12.0,-0.001212009374404341,4.392039197601573e-05,4.392039398029462e-05,8.804121589263005e-05,0.001080056601230762,-4.392039197601529e-05
3,0.0029932395329948566,0.8553030406155104,0.00200437112467633,-12.0,-0.4246449435770294,12.0,-0.00121021012036087,4.26649314701714e-05,4.266493347454171e-05,8.553030406155105e-05,0.001082023467557147,-4.266493147017058e-05
3,0.0029934395329948567,0.8301928114132503,0.002004539679471451,-12.0,-0.4120895761420212,12.0,-0.001208407697425529,4.140941158214969e-05,4.140941358668895e-05,8.301928114132504e-05,0.001083987335449781,-4.140941158214927e-05
3,0.0029936395329948568,0.8050810321117777,0.002004625365564838,-12.0,-0.3995335579612881,12.0,-0.001206603407948335,4.015381833268605e-05,4.015382033731064e-05,8.050810321117777e-05,0.001085949565159137,-4.015381833268529e-05
3,0.002993839532994857,0.7799682209769764,0.002004787718719259,-12.0,-0.3869769088625321,12.0,-0.001204795995888075,3.889816965812555e-05,3.889817166291286e-05,7.799682209769765e-05,0.001087908830881446,-3.889816965812514e-05
3,0.002994039532994857,0.754853939300125,0.002004867284625372,-12.0,-0.3744196486744516,12.0,-0.001202986682906082,3.764245159590841e-05,3.764245360077499e-05,7.548539393001251e-05,0.00108986641211184,-3.76424515959077e-05
3,0.002994239532994857,0.7297387048600046,0.002005023435443121,-12.0,-0.3618617972266033,12.0,-0.001201174293574914,3.638668206620502e-05,3.638668407122807e-05,7.297387048600047e-05,0.001091821063725247,-3.638668206620465e-05
3,0.0029944395329948572,0.7046220794389081,0.002005096879267199,-12.0,-0.3493033743495844,12.0,-0.001199359969017821,3.513084712288582e-05,3.513084912798204e-05,7.046220794389082e-05,0.001093773984613175,-3.513084712288516e-05
3,0.0029946395329948573,0.6795045803359879,0.002005246827087609,-12.0,-0.3367443998748943,12.0,-0.001197542614271463,3.387496467019856e-05,3.387496667544502e-05,6.79504580335988e-05,0.001095724010178517,-3.38749646701982e-05
3,0.0029948395329948575,0.6543857698168868,0.002005314147003334,-12.0,-0.3241848936347969,12.0,-0.001195723290069735,3.261902077818062e-05,3.261902278349417e-05,6.543857698168868e-05,0.001097672258858991,-3.261902077818003e-05
3,0.0029950395329948576,0.6292661647080743,0.002005457891280205,-12.0,-0.3116248754625379,12.0,-0.001193900981765507,3.136303333538215e-05,3.136303534083971e-05,6.292661647080743e-05,0.001099617646436568,-3.136303333538181e-05
3,0.0029952395329948577,0.6041453277509904,0.002005519085516716,-12.0,-0.2990643651920293,12.0,-0.001192076669850373,3.010698842775515e-05,3.010699043327368e-05,6.041453277509904e-05,0.001101561211043229,-3.010698842775461e-05
3,0.002995439532994858,0.5790237753065955,0.00200565662577637,-12.0,-0.286503382658067,12.0,-0.001190249419847182,2.885090392838467e-05,2.885090593404096e-05,5.790237753065956e-05,0.001103501948692989,-2.885090392838433e-05
3,0.002995639532994858,0.5539010705845164,0.002005711692632778,-12.0,-0.2739419476961922,12.0,-0.001188420132150574,2.759476593888299e-05,2.759476794459418e-05,5.539010705845165e-05,0.001105440817358288,-2.759476593888249e-05
3,0.002995839532994858,0.5287777294873756,0.002005843028468707,-12.0,-0.2613800801425544,12.0,-0.001186587952308946,2.633859231710263e-05,2.633859432294534e-05,5.287777294873756e-05,0.001107376893139802,-2.633859231710232e-05
3,0.002996039532994858,0.5036533156851095,0.002005891966361611,-12.0,-0.2488177998340926,12.0,-0.001184753700763454,2.508236918004587e-05,2.50823711859374e-05,5.036533156851095e-05,0.001109311053995088,-2.508236918004543e-05
3,0.0029962395329948583,0.4785283446293436,0.002006017097402057,-12.0,-0.2362551266083978,12.0,-0.001182916602945391,2.382611437058027e-05,2.382611637659708e-05,4.785283446293437e-05,0.001111242455967807,-2.382611437057998e-05
3,0.0029964395329948584,0.4534023804427921,0.002006059904815033,-12.0,-0.2236920803035745,12.0,-0.001181077399484247,2.256981402083935e-05,2.256981602689886e-05,4.534023804427922e-05,0.001113171897143415,-2.256981402083895e-05
3,0.0029966395329948585,0.4282759381328513,0.002006178830809419,-12.0,-0.2111286807584232,12.0,-0.001179235395553261,2.131348595892353e-05,2.13134879651021e-05,4.282759381328513e-05,0.0011150986133667,-2.131348595892327e-05
3,0.0029968395329948586,0.4031485822677025,0.002006215506262621,-12.0,-0.1985649478123022,12.0,-0.001177391252110294,2.005711633185683e-05,2.0057118338072e-05,4.031485822677025e-05,0.001117023322992072,-2.005711633185649e-05
3,0.0029970395329948587,0.3780208274176143,0.002006328227023388,-12.0,-0.1860009013049898,12.0,-0.001175544353931322,1.880072295320157e-05,1.880072495952954e-05,3.780208274176143e-05,0.001118945341525301,-1.880072295320132e-05
3,0.002997239532994859,0.3528922385884427,0.002006358769154934,-12.0,-0.1734365610769012,12.0,-0.001173695282440917,1.754429198460592e-05,1.754429399096439e-05,3.528922385884427e-05,0.001120865307729108,-1.754429198460562e-05
3,0.002997439532994859,0.3277633299204849,0.002006465284543901,-12.0,-0.1608719469687738,12.0,-0.001171843501880269,1.628784122533199e-05,1.628784323179705e-05,3.277633299204849e-05,0.0011227826166318,-1.628784122533177e-05
3,0.002997639532994859,0.3026336668498143,0.002006489692060714,-12.0,-0.1483070788219191,12.0,-0.001169989514277292,1.503135685139825e-05,1.503135885788768e-05,3.026336668498143e-05,0.001124697827542039,-1.503135685139799e-05
3,0.002997839532994859,0.2775037630936804,0.002006590002021372,-12.0,-0.1357419764779081,12.0,-0.001168132863202612,1.377485664799314e-05,1.377485865458295e-05,2.775037630936804e-05,0.00112661041487392,-1.377485664799295e-05
3,0.0029980395329948593,0.2523731845108731,0.002006608273710575,-12.0,-0.123176659778788,12.0,-0.00116627397142241,1.251832680525007e-05,1.251832881185813e-05,2.523731845108732e-05,0.001128520858617999,-1.251832680524985e-05
3,0.0029982395329948594,0.2272424444026599,0.002006702378241187,-12.0,-0.1106111485669444,12.0,-0.001164412461702605,1.126178509451872e-05,1.126178710122094e-05,2.2724244440266e-05,0.001130428712439131,-1.126178509451856e-05
3,0.0029984395329948595,0.2021111090431097,0.002006714512964095,-12.0,-0.09804546268496364,12.0,-0.001162548677680907,1.000521771979295e-05,1.000521972650728e-05,2.021111090431098e-05,0.001132334377143976,-1.000521771979277e-05
3,0.0029986395329948596,0.1769796913241972,0.002006802412173318,-12.0,-0.0854796219758145,12.0,-0.001160682321186102,8.748642438798921e-06,8.748644445601196e-06,1.769796913241972e-05,0.001134237485514812,-8.748642438798782e-06
3,0.0029988395329948597,0.151847757928079,0.002006808408830198,-12.0,-0.07291364628271012,12.0,-0.001158813656858981,7.49204546915417e-06,7.492047475962441e-06,1.51847757928079e-05,0.001136138359306969,-7.492045469154032e-06
3,0.00299903953299486,0.126715821344407,0.002006890102888119,-12.0,-0.06034755544897029,12.0,-0.001156942465460452,6.235444555185949e-06,6.235446562075945e-06,1.26715821344407e-05,0.001138036710288463,-6.235444555185841e-06
3,0.00299923953299486,0.1015834486557187,0.002006889960504389,-12.0,-0.04778136931820317,12.0,-0.001155068932764257,4.978825927870861e-06,4.978827934760716e-06,1.015834486557187e-05,0.001139932781294181,-4.978825927870756e-06
3,0.00299943953299486,0.07645115195647975,0.002006965449611948,-12.0,-0.03521510773416745,12.0,-0.001153192918334356,3.722207318378017e-06,3.722209325343391e-06,7.645115195647975e-06,0.001141826362947865,-3.72220731837794e-06
3,0.00299963953299486,0.05131849872233991,0.002006959167272266,-12.0,-0.02264879054066988,12.0,-0.001151314529205672,2.465574970794284e-06,2.465576977753382e-06,5.131849872233991e-06,0.001143717619293169,-2.465574970794215e-06
3,0.0029998395329948603,0.02618600065901497,0.00200702845176897,-12.0,-0.01008243758156951,12.0,-0.001149433703617759,1.208946603333894e-06,1.2089486103623e-06,2.618600065901497e-06,0.00114560641968125,-1.208946603333848e-06
3,0.00300003953299486,0.00105322562811627,0.002007016028601869,-12.0,0.002483931299004955,12.0,-0.001147550469993307,-4.769152704027407e-08,-4.768952002427995e-08,1.05322562811627e-07,0.00114749284949206,4.769152704030858e-08
3,0.00300023953299486,-0.02407931504614434,0.002007079108833066,-12.0,0.01505029625711285,12.0,-0.001145664845121704,-1.304321714827965e-06,-1.30431970774887e-06,-2.407931504614434e-06,0.001149376856677457,1.304321714827979e-06
3,0.003000439532994861,-0.04921205312404766,0.002007060544126964,-12.0,0.02761663744881971,12.0,-0.001143776778938297,-2.560957690469273e-06,-2.560955683408732e-06,-4.921205312404766e-06,0.001151258448079638,2.560957690469275e-06
3,0.003000639532994861,-0.07434447765612812,0.002007117420518102,-12.0,0.04018293503001541,12.0,-0.001141886366658166,-3.817581760949755e-06,-3.817579753832311e-06,-7.434447765612812e-06,0.001153137650126118,3.817581760949731e-06
3,0.003000839532994861,-0.09947702003126517,0.002007092713541429,-12.0,0.05274916915687187,12.0,-0.001139993479852643,-5.074207644333074e-06,-5.07420563724033e-06,-9.947702003126517e-06,0.001155014391245562,5.074207644333044e-06
3,0.003001039532994861,-0.1246091696683994,0.0020071433866614,-12.0,0.06531531998562567,12.0,-0.001138098292039953,-6.330817659896484e-06,-6.330815652753039e-06,-1.246091696683994e-05,0.001156888776217758,6.330817659896428e-06
3,0.003001239532994861,-0.1497413575925153,0.002007112536793941,-12.0,0.07788136767257395,12.0,-0.001136200596549061,-7.58742551357806e-06,-7.587423506465465e-06,-1.497413575925153e-05,0.001158760655180491,7.587425513578e-06
3,0.0030014395329948608,-0.1748730735836314,0.002007157007193866,-12.0,0.09044729237417658,12.0,-0.001134300645080492,-8.844013536698364e-06,-8.844011529541264e-06,-1.748730735836314e-05,0.001160630211143999,8.844013536698272e-06
3,0.0030016395329948613,-0.2000047483102458,0.002007120013914204,-12.0,0.1030130742471944,12.0,-0.001132398152840866,-1.01005954233281e-05,-1.0100593416208e-05,-2.000047483102459e-05,0.001162497216076209,1.010059542332802e-05
3,0.003001839532994861,-0.225135871907038,0.002007158282270147,-12.0,0.115578693448507,12.0,-0.001130493449593709,-1.135715351662382e-05,-1.135715150946541e-05,-2.25135871907038e-05,0.00116436193109766,1.135715351662369e-05
3,0.003002039532994861,-0.2502668746929514,0.00200711514508263,-12.0,0.1281441301352511,12.0,-0.001128586172541744,-1.261370149901696e-05,-1.26136994919017e-05,-2.502668746929515e-05,0.001166224050125796,1.261370149901685e-05
3,0.003002239532994862,-0.2753972471505616,0.002007147212136726,-12.0,0.140709364464958,12.0,-0.001126676729393839,-1.38702217252823e-05,-1.387021971813492e-05,-2.753972471505616e-05,0.001168083912272896,1.387022172528213e-05
3,0.0030024395329948618,-0.300527419256779,0.002007097930668916,-12.0,0.1532743765953722,12.0,-0.001124764679465637,-1.512672786647047e-05,-1.51267258593724e-05,-3.00527419256779e-05,0.001169941133523726,1.512672786647032e-05
3,0.0030026395329948623,-0.3256568818351145,0.002007123797195656,-12.0,0.1658391466845887,12.0,-0.001122850508295282,-1.638320228873952e-05,-1.638320028161551e-05,-3.256568818351146e-05,0.001171796130865332,1.638320228873931e-05
3,0.003002839532994862,-0.3507860645275448,0.002007068371133375,-12.0,0.1784036548911562,12.0,-0.001120933697426548,-1.763965865200245e-05,-1.763965664493391e-05,-3.507860645275449e-05,0.001173648442465994,1.763965865200228e-05
3,0.003003039532994862,-0.3759144584922439,0.002007088038046612,-12.0,0.1909678813740722,12.0,-0.001119014810112364,-1.889607933360281e-05,-1.889607732651453e-05,-3.759144584922439e-05,0.001175498563072187,1.889607933360256e-05
3,0.003003239532994862,-0.4010424930432438,0.002007026467119671,-12.0,0.2035318062925661,12.0,-0.001117093250238302,-2.015247798254484e-05,-2.015247597551817e-05,-4.010424930432438e-05,0.001177345953150281,2.015247798254464e-05
3,0.003003439532994862,-0.4261696596662941,0.002007039935340016,-12.0,0.2160954098065565,12.0,-0.00111516965865922,-2.140883698712194e-05,-2.140883498008171e-05,-4.261696596662941e-05,0.001179191185092378,2.140883698712165e-05
3,0.003003639532994862,-0.4512963873551812,0.002006972219437825,-12.0,0.2286586720764695,12.0,-0.001113243361714492,-2.266516998570339e-05,-2.266516797873095e-05,-4.512963873551812e-05,0.001181033641775988,2.266516998570317e-05
3,0.003003839532994863,-0.4764221679166234,0.002006979489967142,-12.0,0.2412215732630573,12.0,-0.001111315077749548,-2.392145937730935e-05,-2.392145737032953e-05,-4.764221679166234e-05,0.001182873973126646,2.392145937730902e-05
3,0.003004039532994863,-0.5015474300307197,0.002006905628959277,-12.0,0.253784093527855,12.0,-0.001109384055668121,-2.517771878988981e-05,-2.517771678298395e-05,-5.015474300307197e-05,0.00118471148454441,2.517771878988958e-05
3,0.003004239532994863,-0.5266716658189615,0.002006906702944122,-12.0,0.266346213032964,12.0,-0.001107451091196462,-2.643393063300236e-05,-2.643392862609528e-05,-5.266716658189615e-05,0.001186546903377619,2.643393063300199e-05
3,0.003004439532994863,-0.5517953036551252,0.00200682669681182,-12.0,0.2789079119410472,12.0,-0.001105515355911527,-2.76901085244238e-05,-2.769010651759685e-05,-5.517953036551252e-05,0.001188379457658775,2.769010852442354e-05
3,0.003004639532994863,-0.5769178359682854,0.002006821575382456,-12.0,0.2914691704154321,12.0,-0.001103577722812235,-2.89462348840054e-05,-2.89462328771834e-05,-5.769178359682854e-05,0.001190209952049971,2.894623488400497e-05
3,0.003004839532994863,-0.6020396908331695,0.002006735424205958,-12.0,0.3040299686202479,12.0,-0.001101637286256112,-3.020232331960448e-05,-3.020232131286877e-05,-6.020396908331696e-05,0.001192037537324418,3.02023233196042e-05
3,0.003005039532994863,-0.6271603609801499,0.002006724108618851,-12.0,0.3165902867202444,12.0,-0.001099694996408114,-3.145835626116304e-05,-3.145835425443844e-05,-6.2716036098015e-05,0.001193863095350453,3.145835626116255e-05
3,0.0030052395329948633,-0.6522802741917074,0.002006631812504822,-12.0,0.3291501048809291,12.0,-0.001097749870512144,-3.271434730684271e-05,-3.271434530021061e-05,-6.522802741917074e-05,0.001195685699748775,3.271434730684243e-05
3,0.003005439532994863,-0.677398923492872,0.002006614304084609,-12.0,0.3417094032687059,12.0,-0.00109580293579413,-3.397027889646266e-05,-3.397027688984783e-05,-6.77398923492872e-05,0.001197506309487999,3.397027889646213e-05
3,0.003005639532994864,-0.702516736381278,0.002006515863263475,-12.0,0.3542681620506929,12.0,-0.001093853132488554,-3.522616461874326e-05,-3.522616261222707e-05,-7.02516736381278e-05,0.001199323921141526,3.522616461874294e-05
3,0.003005839532994864,-0.727633206169771,0.002006492163368651,-12.0,0.3668263613948601,12.0,-0.001091901564778813,-3.648198692314974e-05,-3.648198491665699e-05,-7.276332061697711e-05,0.001201139570673818,3.648198692314915e-05
3,0.003006039532994864,-0.7527487600781704,0.002006387578137869,-12.0,0.3793839814701678,12.0,-0.001089947095992722,-3.773775938920332e-05,-3.773775738281541e-05,-7.527487600781704e-05,0.001202952177714642,3.773775938920299e-05
3,0.0030062395329948643,-0.7778628917008636,0.00200635768825036,-12.0,0.3919410024463842,12.0,-0.001087990907168997,-3.899346447581402e-05,-3.89934624694557e-05,-7.778628917008637e-05,0.001204762855121472,3.899346447581339e-05
3,0.003006439532994864,-0.8029760279866787,0.002006246958943192,-12.0,0.4044974044942237,12.0,-0.001086031784830098,-4.024911575352839e-05,-4.02491137472811e-05,-8.029760279866787e-05,0.001206570445682509,4.024911575352805e-05
3,0.003006639532994864,-0.8280876628048708,0.00200621088060321,-12.0,0.4170531677854491,12.0,-0.001084070986769638,-4.150469569048527e-05,-4.15046936842737e-05,-8.280876628048709e-05,0.001208376139046889,4.150469569048459e-05
3,0.0030068395329948643,-0.8531982228407172,0.002006094007688752,-12.0,0.4296082724928318,12.0,-0.001082107222804225,-4.276021784851466e-05,-4.27602158424203e-05,-8.531982228407173e-05,0.001210178701261895,4.27602178485143e-05
3,0.003007039532994864,-0.8783072022316956,0.002006051742498016,-12.0,0.4421626987901122,12.0,-0.001080141827383474,-4.401566470476217e-05,-4.401566269870968e-05,-8.783072022316956e-05,0.001211979398668489,4.401566470476143e-05
3,0.003007239532994864,-0.9034150274062344,0.002005928726465211,-12.0,0.4547164268521022,12.0,-0.001078173433716294,-4.527104981256406e-05,-4.527104780663498e-05,-9.034150274062345e-05,0.00121377692067208,4.52710498125637e-05
3,0.003007439532994865,-0.9285211927636547,0.002005880276128302,-12.0,0.4672694368548225,12.0,-0.001076203452810849,-4.652635565787023e-05,-4.652635365198915e-05,-9.285211927636548e-05,0.001215572610207168,4.652635565786942e-05
3,0.003007639532994865,-0.9536261244828593,0.002005751117587107,-12.0,0.4798217089753215,12.0,-0.001074230441364961,-4.778159578577383e-05,-4.778159378002233e-05,-9.536261244828593e-05,0.00121736508013489,4.778159578577344e-05
3,0.0030078395329948653,-0.9787293172181801,0.00200569648383836,-12.0,0.4923732233918126,12.0,-0.001072255886849435,-4.903675269079828e-05,-4.903675068510093e-05,-9.787293172181801e-05,0.001219155749886423,4.903675269079742e-05
3,0.003008039532994865,-1.003831196905995,0.002005561183468785,-12.0,0.5049239602838123,12.0,-0.001070278269546095,-5.029183991003473e-05,-5.029183790447317e-05,-0.0001003831196905995,0.001220943155874718,5.029183991003434e-05
3,0.003008239532994865,-1.028931258449408,0.002005500368167046,-12.0,0.5174738998319582,12.0,-0.001068299153293949,-5.154683994638004e-05,-5.154683794087876e-05,-0.0001028931258449408,0.00122272879393235,5.154683994637912e-05
3,0.003008439532994865,-1.054029927549057,0.002005358926686795,-12.0,0.5300230222181478,12.0,-0.00106631694205251,-5.280176632914649e-05,-5.280176432378718e-05,-0.0001054029927549057,0.001224511124118553,5.280176632914611e-05
3,0.003008639532994865,-1.079126699350235,0.002005291931758524,-12.0,0.5425713076256744,12.0,-0.001064333275935976,-5.405660156939258e-05,-5.405659956409966e-05,-0.0001079126699350235,0.001226291718573636,5.405660156939158e-05
3,0.003008839532994865,-1.104221999325124,0.002005144350004262,-12.0,0.5551187362390118,12.0,-0.001062346482673629,-5.531135918890115e-05,-5.531135718375639e-05,-0.0001104221999325124,0.001228068961096146,5.531135918890076e-05
3,0.003009039532994865,-1.129315322854541,0.002005071177430817,-12.0,0.5676652882441284,12.0,-0.001060358278563565,-5.65660217066708e-05,-5.656601970159858e-05,-0.0001129315322854541,0.001229844500041689,5.656602170666976e-05
3,0.003009239532994866,-1.154407095189239,0.002004917456317645,-12.0,0.5802109438282708,12.0,-0.001058366915195376,-5.782060263719572e-05,-5.782060063227785e-05,-0.0001154407095189239,0.001231616643039793,5.782060263719531e-05
3,0.003009439532994866,-1.179496811938988,0.00200483810815022,-12.0,0.5927556831801005,12.0,-0.001056374184961059,-5.907508450719615e-05,-5.907508250235691e-05,-0.0001179496811938988,0.001233387114570592,5.907508450719503e-05
3,0.003009639532994866,-1.204584898140101,0.00200467824866668,-12.0,0.6052994864898331,12.0,-0.001054378263399693,-6.032948082411706e-05,-6.03294788194384e-05,-0.0001204584898140101,0.001235154146184581,6.032948082411664e-05
3,0.003009839532994866,-1.229670849625033,0.002004592727074428,-12.0,0.6178423339490553,12.0,-0.001052381018908768,-6.158377412219928e-05,-6.158377211760538e-05,-0.0001229670849625033,0.001236919538397094,6.158377412219809e-05
3,0.003010039532994866,-1.25475509122244,0.002004426730250697,-12.0,0.6303842057508635,12.0,-0.001050380551064427,-6.28379779020617e-05,-6.283797589763453e-05,-0.000125475509122244,0.001238681446768253,6.283797790206128e-05
3,0.0030102395329948657,-1.279837118980885,0.002004335037471938,-12.0,0.6429250820900011,12.0,-0.001048378804182654,-6.409207470525417e-05,-6.409207270091787e-05,-0.0001279837118980885,0.001240441747760709,6.409207470525291e-05
3,0.0030104395329948663,-1.304917357528647,0.002004162904459428,-12.0,0.6554649431626416,12.0,-0.00104637380196293,-6.534607802581864e-05,-6.534607602165531e-05,-0.0001304917357528647,0.00124219852103126,6.534607802581822e-05
3,0.003010639532994866,-1.329995303123742,0.002004065042788272,-12.0,0.6680037691667039,12.0,-0.001044367564554123,-6.659997041239289e-05,-6.659996840832654e-05,-0.0001329995303123742,0.001243953718903609,6.659997041239156e-05
3,0.003010839532994866,-1.355071380201078,0.002003886774818608,-12.0,0.6805415403016345,12.0,-0.001042358039863744,-6.785376535268202e-05,-6.785376334879483e-05,-0.0001355071380201078,0.001245705345216855,6.78537653526816e-05
3,0.003011039532994867,-1.380145085221571,0.002003782746622107,-12.0,0.6930782367685461,12.0,-0.001040347323789603,-6.910744540219379e-05,-6.910744339840966e-05,-0.0001380145085221571,0.001247455428070712,6.910744540219241e-05
3,0.0030112395329948667,-1.405216842433737,0.002003598345001745,-12.0,0.7056138387703547,12.0,-0.001038333288530424,-7.036102404253572e-05,-7.036102203893696e-05,-0.0001405216842433737,0.001249201895570887,7.03610240425353e-05
3,0.0030114395329948673,-1.430286148495084,0.002003488152759414,-12.0,0.7181483265115625,12.0,-0.001036318105650302,-7.161448383588178e-05,-7.161448183239215e-05,-0.0001430286148495084,0.001250946851509685,7.16144838358803e-05
3,0.003011639532994867,-1.455353427474626,0.002003297618856537,-12.0,0.7306816801985737,12.0,-0.001034299571721048,-7.286783825797216e-05,-7.28678362546741e-05,-0.0001455353427474626,0.001252688148341938,7.286783825797172e-05
3,0.003011839532994867,-1.480418176219944,0.002003181265127663,-12.0,0.7432138800394763,12.0,-0.001032279933891947,-7.41210698774364e-05,-7.412106787425361e-05,-0.0001480418176219945,0.001254427965470747,7.412106987743487e-05
3,0.003012039532994867,-1.505480818627518,0.002002984600384283,-12.0,0.7557449062441811,12.0,-0.00103025691318806,-7.537419216438014e-05,-7.537419016139511e-05,-0.0001505480818627518,0.001256164079781366,7.537419216437969e-05
3,0.003012239532994867,-1.530540851728458,0.002002862087805424,-12.0,0.7682747390245579,12.0,-0.001028232832264275,-7.66271876936769e-05,-7.662718569081315e-05,-0.0001530540851728458,0.001257898746206881,7.662718769367526e-05
3,0.003012439532994867,-1.555598699253969,0.002002659293784959,-12.0,0.7808033585942549,12.0,-0.001026205336677882,-7.788006993004742e-05,-7.788006792738769e-05,-0.0001555598699253969,0.001259629666142917,7.788006993004699e-05
3,0.003012639532994867,-1.580653858411948,0.002002530625037413,-12.0,0.7933307451688365,12.0,-0.001024176824510906,-7.913282145438162e-05,-7.91328194518493e-05,-0.0001580653858411949,0.001261359169973705,7.913282145437991e-05
3,0.003012839532994868,-1.605706752775277,0.002002321703376442,-12.0,0.8058568789659203,12.0,-0.001022144865930413,-8.038545572625481e-05,-8.038545372393266e-05,-0.0001605706752775277,0.001263084883683319,8.038545572625439e-05
3,0.003013039532994868,-1.630756879722431,0.002002186881274293,-12.0,0.8183817402049954,12.0,-0.001020111934368947,-8.163795533237391e-05,-8.163795333018525e-05,-0.0001630756879722431,0.00126480921302935,8.163795533237212e-05
3,0.003013239532994868,-1.655804662674733,0.002001971833650917,-12.0,0.8309053091075613,12.0,-0.001018075524679085,-8.289033372739148e-05,-8.28903317254192e-05,-0.0001655804662674733,0.001266529708661521,8.289033372739105e-05
3,0.003013439532994868,-1.680849599174613,0.002001830861075748,-12.0,0.8434275658972286,12.0,-0.001016038185568544,-8.414257350361715e-05,-8.414257150178444e-05,-0.0001680849599174613,0.001268248851634554,8.414257350361528e-05
3,0.003013639532994868,-1.705892112499279,0.002001609689319506,-12.0,0.8559484907997155,12.0,-0.001013997336650085,-8.539468811104002e-05,-8.539468610942991e-05,-0.0001705892112499279,0.001269964117339206,8.53946881110396e-05
3,0.003013839532994868,-1.730931700348393,0.002001462569205636,-12.0,0.8684680640426305,12.0,-0.001011955601832717,-8.664666014734446e-05,-8.664665814587993e-05,-0.0001730931700348393,0.001271678062052556,8.66466601473425e-05
3,0.0030140395329948683,-1.755968785861661,0.002001235275164492,-12.0,0.8809862658559298,12.0,-0.001009910325562344,-8.789850305807694e-05,-8.789850105684126e-05,-0.0001755968785861661,0.001273388085980473,8.789850305807654e-05
3,0.003014239532994868,-1.781002866889931,0.002001082010609001,-12.0,0.893503076471699,12.0,-0.001007864206876791,-8.915019944611107e-05,-8.9150197445027e-05,-0.0001781002866889931,0.001275096820549063,8.9150199446109e-05
3,0.003014439532994869,-1.806034366442603,0.002000848596242388,-12.0,0.9060184761241509,12.0,-0.001005814515126907,-9.040176275279127e-05,-9.040176075194225e-05,-0.0001806034366442603,0.00127680159085182,9.040176275279085e-05
3,0.003014639532994869,-1.83106278251464,0.002000689190342353,-12.0,0.9185324450497251,12.0,-0.001003764024408216,-9.165317558594045e-05,-9.165317358524912e-05,-0.000183106278251464,0.001278505103392072,9.165317558593828e-05
3,0.003014839532994869,-1.856088537992311,0.002000449657717285,-12.0,0.9310449634872278,12.0,-0.001001709929046746,-9.290445138295147e-05,-9.29044493825014e-05,-0.0001856088537992311,0.001280204608222174,9.290445138295105e-05
3,0.0030150395329948693,-1.881111131008483,0.002000284113710782,-12.0,0.9435560116776488,12.0,-0.0009996550781261604,-9.415557275639606e-05,-9.41555707561097e-05,-0.0001881111131008483,0.001281902886851968,9.415557275639381e-05
3,0.003015239532994869,-1.906130984333037,0.002000038464931464,-12.0,0.9560655698643,12.0,-0.0009975965910163642,-9.540655313993728e-05,-9.540655113989841e-05,-0.0001906130984333036,0.001283597114362586,9.540655313993686e-05
3,0.003015439532994869,-1.931147596230152,0.001999866786138838,-12.0,0.9685736182929523,12.0,-0.000995537391720952,-9.665737515068369e-05,-9.665737315081456e-05,-0.0001931147596230152,0.001285290147201398,9.665737515068135e-05
3,0.0030156395329948692,-1.956161389360675,0.00199961502344459,-12.0,0.9810801372116545,12.0,-0.000993474524721344,-9.79080522188214e-05,-9.790805021920598e-05,-0.0001956161389360675,0.001286979085546425,9.7908052218821e-05
3,0.003015839532994869,-1.981171862113292,0.001999437213235145,-12.0,0.993585106870871,12.0,-0.000991410988874064,-9.915856696576606e-05,-9.915856496632638e-05,-0.0001981171862113292,0.001288666860715021,9.915856696576359e-05
3,0.003016039532994869,-2.006179437046768,0.001999179338936785,-12.0,1.006088507523583,12.0,-0.0009893437538379957,-0.000100408932818465,-0.0001004089308192853,-0.0002006179437046769,0.001290350498049098,0.0001004089328184646
3,0.00301623953299487,-2.031183612668151,0.001998995400836812,-12.0,1.018590319425285,12.0,-0.0009872758932573111,-0.0001016591324024473,-0.0001016591304034494,-0.0002031183612668151,0.001292033003669674,0.0001016591324024448
3,0.00301643953299487,-2.056184811441,0.001998731417302113,-12.0,1.031090522833767,12.0,-0.0009852043020329299,-0.0001029091791416469,-0.0001029091771429151,-0.0002056184811441,0.001293711328148123,0.0001029091791416465
3,0.0030166395329948702,-2.08118253198373,0.001998541354863881,-12.0,1.043589098009574,12.0,-0.0009831321285327516,-0.0001041590556654737,-0.0001041590536669297,-0.000208118253198373,0.001295388552344151,0.0001041590556654711
3,0.00301683953299487,-2.106177196672309,0.001998271264635365,-12.0,1.05608602521582,12.0,-0.0009810561929628203,-0.0001054087753951188,-0.0001054087733968472,-0.0002106177196672309,0.001297061552122739,0.0001054087753951185
3,0.00301703953299487,-2.131168304229983,0.001998075081511619,-12.0,1.06858128471801,12.0,-0.0009789797183521881,-0.0001066583209636526,-0.0001066583189655747,-0.0002131168304229983,0.001298733483018982,0.0001066583209636498
3,0.00301723953299487,-2.156156276951629,0.001997798887126589,-12.0,1.081074856784493,12.0,-0.0009768994502737244,-0.000107907705789737,-0.0001079077037919378,-0.0002156156276951629,0.00130040114625421,0.0001079077057897367
3,0.00301743953299487,-2.181140613659213,0.00199759658714227,-12.0,1.093566721686286,12.0,-0.0009748186863566544,-0.0001091569125099172,-0.0001091569105123178,-0.0002181140613659213,0.001302067771976612,0.0001091569125099143
3,0.00301763953299487,-2.206121736573742,0.001997314291248387,-12.0,1.106056859696886,12.0,-0.0009727340976010135,-0.0001104059545405642,-0.0001104059525432495,-0.0002206121736573742,0.001303730086825217,0.0001104059545405638
3,0.00301783953299487,-2.231099144608673,0.00199710587822477,-12.0,1.118545251092732,12.0,-0.0009706490561761788,-0.0001116548145214538,-0.0001116548125243449,-0.0002231099144608673,0.001305391395500954,0.0001116548145214507
3,0.003018039532994871,-2.256073259918717,0.001996817483634228,-12.0,1.131031876152985,12.0,-0.0009685601585684711,-0.0001129035058669354,-0.0001129035038701176,-0.0002256073259918717,0.001307048350120243,0.0001129035058669351
3,0.003018239532994871,-2.281043581502415,0.00199660296152393,-12.0,1.143516715159523,12.0,-0.0009664708514291603,-0.0001141520112198031,-0.000114152009223197,-0.0002281043581502416,0.001308704329877536,0.0001141520112198
3,0.003018439532994871,-2.306010531454763,0.001996308471054253,-12.0,1.155999748397047,12.0,-0.0009643776567884038,-0.0001154003439925997,-0.0001154003419962908,-0.0002306010531454763,0.001310355912425121,0.0001154003439925993
3,0.003018639532994871,-2.330973608852883,0.001996087843929462,-12.0,1.168480956153214,12.0,-0.0009622840957222711,-0.0001166484868309317,-0.0001166484848348406,-0.0002330973608852883,0.001312006551393019,0.0001166484868309285
3,0.003018839532994871,-2.355933235739536,0.001995787260545057,-12.0,1.180960318718458,12.0,-0.0009601866158608502,-0.0001178964531457916,-0.0001178964511500041,-0.0002355933235739536,0.0013136527500269,0.0001178964531457913
3,0.0030190395329948707,-2.380888911263458,0.001995560532527918,-12.0,1.193437816386126,12.0,-0.0009580888126494991,-0.0001191442255853632,-0.0001191442235897993,-0.0002380888911263458,0.001315298036335677,0.0001191442255853599
3,0.0030192395329948713,-2.405841057422307,0.001995253859284118,-12.0,1.205913429452618,12.0,-0.0009559870593731506,-0.0001203918175593337,-0.0001203918155640796,-0.0002405841057422307,0.001316938839213883,0.0001203918175593334
3,0.003019439532994871,-2.430789173430052,0.001995021034643329,-12.0,1.218387138217202,12.0,-0.0009538850257922449,-0.0001216392117182593,-0.0001216392097232348,-0.0002430789173430052,0.001318578760994421,0.0001216392117182558
3,0.003019639532994871,-2.455733681246187,0.001994708274651424,-12.0,1.230858922982153,12.0,-0.000951779010899767,-0.0001228864214707505,-0.0001228864194760419,-0.0002455733681246187,0.001320214156275201,0.0001228864214707502
3,0.003019839532994872,-2.48067408014311,0.001994469357739503,-12.0,1.243328764052858,12.0,-0.0009496727587184339,-0.0001241334294695154,-0.0001241334274750425,-0.000248067408014311,0.001321848701659356,0.0001241334294695119
3,0.0030200395329948717,-2.50561079204977,0.00199415051427676,-12.0,1.255796641737805,12.0,-0.0009475624940014638,-0.0001253802491223531,-0.0001253802471282024,-0.000250561079204977,0.001323478677501072,0.0001253802491223528
3,0.0030202395329948723,-2.530543316290081,0.001993905509517724,-12.0,1.268262536348372,12.0,-0.0009454520349823081,-0.0001266268630838892,-0.0001266268610899799,-0.0002530543316290081,0.001325107834621253,0.0001266268630838854
3,0.003020439532994872,-2.555472074769265,0.001993580585895494,-12.0,1.280726428199281,12.0,-0.0009433375322250859,-0.0001278732847613389,-0.000127873282767758,-0.0002555472074769264,0.0013267323791821,0.0001278732847613386
3,0.003020639532994872,-2.580396566856495,0.001993329497892327,-12.0,1.293188297608381,12.0,-0.0009412228781239401,-0.0001291194968110528,-0.0001291194948177194,-0.0002580396566856495,0.001328356136171438,0.0001291194968110489
3,0.003020839532994872,-2.60531721444067,0.001992998497549303,-12.0,1.305648124896644,12.0,-0.0009391041491030316,-0.0001303655126399097,-0.0001303655106469109,-0.000260531721444067,0.001329975237609443,0.0001303655126399094
3,0.003021039532994872,-2.630233516928927,0.001992741330925751,-12.0,1.318105890388265,12.0,-0.0009369853116686228,-0.000131611314905738,-0.0001316113129129926,-0.0002630233516928927,0.001331593582601542,0.000131611314905734
3,0.003021239532994872,-2.655145896201251,0.001992404257424196,-12.0,1.330561574410805,12.0,-0.0009348623681527252,-0.0001328569170153383,-0.0001328569150229338,-0.0002655145896201251,0.001333207229074762,0.0001328569170153381
3,0.003021439532994872,-2.680053851696294,0.001992141016962545,-12.0,1.343015157295001,12.0,-0.0009327393591264249,-0.000134102301627808,-0.0001341022996356628,-0.0002680053851696294,0.001334820150203642,0.0001341023016278039
3,0.003021639532994873,-2.704957805292105,0.001991797873920675,-12.0,1.355466619374912,12.0,-0.0009306122128761585,-0.0001353474821500994,-0.0001353474801583013,-0.0002704957805292105,0.001336428329869577,0.0001353474821500992
3,0.003021839532994873,-2.729857256452011,0.001991528564506351,-12.0,1.367915940988051,12.0,-0.0009284850439918585,-0.0001365924412423588,-0.0001365924392508259,-0.0002729857256452011,0.001338035815269562,0.0001365924412423544
3,0.003022039532994873,-2.754752627059736,0.001991179355693928,-12.0,1.380363102475203,12.0,-0.0009263537067594474,-0.0001378371923119511,-0.0001378371903207715,-0.0002754752627059736,0.001339638516285463,0.0001378371923119509
3,0.003022239532994873,-2.779643416596205,0.00199090398228241,-12.0,1.392808084180566,12.0,-0.0009242223897431429,-0.0001390817180198328,-0.0001390817160289244,-0.0002779643416596205,0.001341240554091128,0.0001390817180198283
3,0.003022439532994873,-2.804530046958094,0.001990548711567675,-12.0,1.405250866451886,12.0,-0.0009220868732721377,-0.000140326031774032,-0.0001403260297834831,-0.0002804530046958094,0.001342837764613719,0.0001403260317740318
3,0.0030226395329948728,-2.829412017637381,0.001990267279275426,-12.0,1.417691429640277,12.0,-0.000919951419841844,-0.0001415701162361047,-0.0001415701142458328,-0.0002829412017637381,0.001344434342959611,0.0001415701162361001
3,0.0030228395329948733,-2.854289750550807,0.001989905950594228,-12.0,1.430129754100355,12.0,-0.0009178117358670107,-0.0001428139848149762,-0.0001428139828250701,-0.0002854289750550807,0.001346026051144839,0.0001428139848149761
3,0.003023039532994873,-2.879162745194463,0.00198961846464174,-12.0,1.442565820190379,12.0,-0.0009156721577323473,-0.0001440576201725785,-0.0001440576181829552,-0.0002879162745194463,0.001347617158165809,0.0001440576201725737
3,0.003023239532994874,-2.9040314235128,0.001989251082081256,-12.0,1.454999608272033,12.0,-0.000913528317979237,-0.0001453010357189953,-0.0001453010337297441,-0.00029040314235128,0.001349203352168954,0.0001453010357189951
3,0.003023439532994874,-2.928895284998978,0.001988957547782388,-12.0,1.467431098710738,12.0,-0.0009113846268412468,-0.0001465442141163005,-0.000146544212127338,-0.0002928895284998979,0.001350788975999523,0.0001465442141162956
3,0.0030236395329948738,-2.953754751632527,0.001988584115533265,-12.0,1.479860271875404,12.0,-0.0009092366430260429,-0.0001477871687759873,-0.000147787166787403,-0.0002953754751632527,0.00135236964397506,0.0001477871687759871
3,0.0030238395329948743,-2.9786093228968,0.00198828453833011,-12.0,1.492287108138741,12.0,-0.0009070888505769287,-0.0001490298823600462,-0.0001490298803717565,-0.0002978609322896801,0.001353949772749496,0.0001490298823600411
3,0.003024039532994874,-3.003459420813881,0.001987905060701012,-12.0,1.504711587877042,12.0,-0.0009049367344061421,-0.0001502723682816343,-0.0001502723662937291,-0.0003003459420813881,0.001355524902850846,0.0001502723682816341
3,0.003024239532994874,-3.028304544850245,0.001987599446137578,-12.0,1.517133691470323,12.0,-0.0009027848523289611,-0.0001515146092024239,-0.0001515146072148191,-0.0003028304544850245,0.00135709952470317,0.0001515146092024185
3,0.0030244395329948742,-3.053145117077986,0.00198721392755008,-12.0,1.529553399302457,12.0,-0.0009006286154991106,-0.0001527566185374909,-0.0001527566165502768,-0.0003053145117077986,0.001358669105082755,0.0001527566185374907
3,0.003024639532994874,-3.077980636939952,0.001986902281331249,-12.0,1.541970691760995,12.0,-0.0008984726554675387,-0.000153998378947972,-0.0001539983769610642,-0.0003077980636939952,0.001360238208146347,0.0001539983789479664
3,0.003024839532994874,-3.102811526565527,0.001986510726287971,-12.0,1.554385549237303,12.0,-0.0008963123096649428,-0.0001552399038511016,-0.0001552399018645908,-0.0003102811526565527,0.001361802226955311,0.0001552399038511015
3,0.003025039532994875,-3.127637285366836,0.001986193054230867,-12.0,1.566797952126695,12.0,-0.0008941522833429139,-0.0001564811759072521,-0.0001564811739210534,-0.0003127637285366836,0.001363365799363109,0.0001564811759072464
3,0.003025239532994875,-3.152458335538353,0.001985795467395191,-12.0,1.579207880828224,12.0,-0.0008919878402433579,-0.000157722208536083,-0.0001577222065502874,-0.0003152458335538353,0.001364924244751126,0.0001577222085360829
3,0.0030254395329948752,-3.177274176454274,0.001985471775421299,-12.0,1.591615315744987,12.0,-0.0008898237592848968,-0.0001589629843969625,-0.0001589629824114848,-0.0003177274176454275,0.001366482274635233,0.0001589629843969566
3,0.003025639532994875,-3.20208523038174,0.001985068161577397,-12.0,1.604020237283918,12.0,-0.0008876552305534524,-0.0001602035169122341,-0.0001602035149271659,-0.000320208523038174,0.001368035134750561,0.000160203516912234
3,0.003025839532994875,-3.226890996649874,0.001984738455729218,-12.0,1.616422625855915,12.0,-0.000885487106602259,-0.0001614437887400247,-0.0001614437867552802,-0.0003226890996649874,0.001369587610242196,0.0001614437887400186
3,0.003026039532994875,-3.251691897606054,0.001984328819780501,-12.0,1.628822461875986,12.0,-0.000883314503892868,-0.0001626838133056206,-0.0001626838113212917,-0.0003251691897606054,0.001371134873231455,0.0001626838133056206
3,0.003026239532994875,-3.276487432527449,0.001983993106269955,-12.0,1.641219725763061,12.0,-0.0008811423485821923,-0.0001639235732656854,-0.000163923571281686,-0.0003276487432527449,0.001372681782460666,0.0001639235732656791
3,0.0030264395329948754,-3.301278023849091,0.001983577453208651,-12.0,1.653614397940133,12.0,-0.0008789656835372084,-0.0001651630820486925,-0.000165163080065115,-0.0003301278023849091,0.001374223436468786,0.0001651630820486925
3,0.003026639532994875,-3.326063170788961,0.00198323573837067,-12.0,1.666006458834394,12.0,-0.0008767895084893784,-0.0001664023223096088,-0.0001664023203263666,-0.0003326063170788961,0.001375764767564541,0.0001664023223096023
3,0.003026839532994876,-3.350843295877727,0.001982814073365535,-12.0,1.678395888877052,12.0,-0.0008746087927399004,-0.0001676413074803688,-0.0001676413054975546,-0.0003350843295877727,0.001377300800734255,0.0001676413074803687
3,0.003027039532994876,-3.375617898266722,0.001982466363631641,-12.0,1.690782668503472,12.0,-0.0008724286095660727,-0.0001688800202139907,-0.0001688800182315177,-0.0003375617898266723,0.001378836541824191,0.0001688800202139841
3,0.003027239532994876,-3.400387400589924,0.001982038691972665,-12.0,1.703166778153308,12.0,-0.0008702438547308344,-0.0001701184739461336,-0.0001701184719640948,-0.0003400387400589924,0.001380366942296374,0.0001701184739461335
3,0.0030274395329948764,-3.42515130192502,0.00198168499395357,-12.0,1.71554819827029,12.0,-0.0008680596750307024,-0.0001713566513276406,-0.0001713566493459487,-0.000342515130192502,0.001381897081506572,0.0001713566513276336
3,0.003027639532994876,-3.449910025016916,0.001981251321042432,-12.0,1.727926909302536,12.0,-0.0008658708927163639,-0.0001725945657981493,-0.0001725945638168979,-0.0003449910025016916,0.001383421837419657,0.0001725945657981493
3,0.0030278395329948757,-3.474663068862322,0.001980891641482296,-12.0,1.740302891702301,12.0,-0.000863682728077908,-0.000173832200006089,-0.0001738321980251903,-0.0003474663068862322,0.001384946362874478,0.0001738322000060819
3,0.0030280395329948763,-3.49941085632494,0.001980451972866781,-12.0,1.75267612592629,12.0,-0.0008614899298783618,-0.0001750695673953423,-0.0001750695654148903,-0.000349941085632494,0.001386465462364622,0.0001750695673953423
3,0.003028239532994876,-3.524152886313188,0.00198008631865676,-12.0,1.765046592435442,12.0,-0.0008592977918775169,-0.0001763066506116859,-0.0001763066486315922,-0.0003524152886313188,0.001387984362186762,0.0001763066506116786
3,0.003028439532994876,-3.548889581817304,0.001979640660005888,-12.0,1.777414271695068,12.0,-0.0008571009893739157,-0.0001775434631035062,-0.0001775434611238655,-0.0003548889581817304,0.001389497793387262,0.0001775434631035062
3,0.003028639532994877,-3.573620441650034,0.001979269038183684,-12.0,1.789779144174983,12.0,-0.0008549048895739875,-0.0001787799875136875,-0.0001787799855344109,-0.0003573620441650034,0.001391011055697278,0.0001787799875136799
3,0.0030288395329948767,-3.598345888936276,0.001978817395345667,-12.0,1.802141190349331,12.0,-0.0008527040943341613,-0.0001800162372953985,-0.0001800162353165811,-0.0003598345888936277,0.001392518806738824,0.0001800162372953985
3,0.0030290395329948773,-3.623065422385451,0.001978439813062893,-12.0,1.814500390696718,12.0,-0.0008505040442859657,-0.0001812521950883734,-0.0001812521931099257,-0.0003623065422385451,0.001394026419655026,0.0001812521950883655
3,0.003029239532994877,-3.647779465264997,0.001977982192020722,-12.0,1.826856725700351,12.0,-0.0008482992678640888,-0.000182487874350833,-0.0001824878723728509,-0.0003647779465264997,0.001395528478665448,0.0001824878743508331
3,0.003029439532994877,-3.672487516173844,0.001977598656631052,-12.0,1.839210175847855,12.0,-0.0008460952791052301,-0.0001837232577191305,-0.0001837232557415237,-0.0003672487516173844,0.001397030430303869,0.0001837232577191224
3,0.003029639532994877,-3.697189998529698,0.001977135063474078,-12.0,1.851560721631411,12.0,-0.000843886533041599,-0.0001849583586567936,-0.0001849583566796586,-0.0003697189998529698,0.001398526785407833,0.0001849583586567937
3,0.003029839532994877,-3.721886410813385,0.001976745582471073,-12.0,1.863908343547855,12.0,-0.0008416786170964419,-0.0001861931597965468,-0.0001861931578197928,-0.0003721886410813385,0.001400023063881761,0.0001861931597965384
3,0.003030039532994877,-3.74657717660132,0.001976276023506029,-12.0,1.876253022098679,12.0,-0.00083946591291717,-0.0001874276746075173,-0.0001874276726312413,-0.000374657717660132,0.001401513703200408,0.0001874276746075173
3,0.003030239532994877,-3.771261794248462,0.001975880604514701,-12.0,1.888594737789809,12.0,-0.000837254081296146,-0.0001886618857185381,-0.0001886618837426488,-0.0003771261794248462,0.001403004296620686,0.0001886618857185294
3,0.003030439532994878,-3.795940687497613,0.001975405086136028,-12.0,1.900933471132062,12.0,-0.0008350374305128028,-0.0001898958066045925,-0.0001898958046291875,-0.0003795940687497613,0.001404489208271659,0.0001898958066045926
3,0.003030639532994878,-3.820613354570771,0.001975003737026526,-12.0,1.913269202640963,12.0,-0.0008328216947123823,-0.0001911294198904025,-0.0001911294179153899,-0.0003820613354570772,0.001405974104746049,0.0001911294198903936
3,0.003030839532994878,-3.845280219385305,0.00197452226579542,-12.0,1.925601912836569,12.0,-0.000830601108821466,-0.0001923627390570772,-0.0001923627370825551,-0.0003845280219385306,0.001407453276843357,0.0001923627390570773
3,0.003031039532994878,-3.869940780021994,0.001974114994513387,-12.0,1.937931582243917,12.0,-0.0008283814803237144,-0.0001935957467249496,-0.0001935957447508254,-0.0003869940780021994,0.001408932464476265,0.0001935957467249404
3,0.003031239532994878,-3.894595460581406,0.001973627577221082,-12.0,1.950258191392811,12.0,-0.0008261569708065408,-0.0001948284563815589,-0.0001948284544079314,-0.0003894595460581406,0.001410405885130001,0.000194828456381559
3,0.0030314395329948778,-3.919243758995592,0.001973214391918443,-12.0,1.962581720817817,12.0,-0.0008239334610785909,-0.0001960608506425994,-0.0001960608486693755,-0.0003919243758995592,0.001411879352022721,0.0001960608506425899
3,0.0030316395329948783,-3.94388609955601,0.001972721035433889,-12.0,1.974902151058367,12.0,-0.0008217050394007941,-0.0001972929430022932,-0.0001972929410295722,-0.000394388609955601,0.001413347009338733,0.0001972929430022933
3,0.003031839532994878,-3.968521980038349,0.001972301944461963,-12.0,1.987219462658887,12.0,-0.0008194776598947351,-0.0001985247160714523,-0.0001985247140991405,-0.000396852198003835,0.001414814743588844,0.0001985247160714425
3,0.003032039532994878,-3.993151824933583,0.001971802655873489,-12.0,1.999533636168628,12.0,-0.0008172453375059341,-0.0001997561833512753,-0.0001997561813794728,-0.0003993151824933583,0.001416276625668761,0.0001997561833512754
3,0.003032239532994879,-4.01777513185289,0.001971377667714158,-12.0,2.011844652141793,12.0,-0.0008150140996585065,-0.000200987327447418,-0.0002009873254760302,-0.000401777513185289,0.00141773861536984,0.0002009873274474079
3,0.0030324395329948788,-4.042392325495073,0.001970872454278183,-12.0,2.024152491137678,12.0,-0.000812777887992,-0.0002022181618683399,-0.0002022181598974676,-0.0004042392325495074,0.001419194710310628,0.00020221816186834
3,0.0030326395329948793,-4.067002903299209,0.001970441577646476,-12.0,2.03645713372049,12.0,-0.0008105428032236517,-0.0002034486692142948,-0.0002034486672438428,-0.0004067002903299209,0.001420650943552704,0.0002034486692142844
3,0.003032839532994879,-4.091607290180098,0.001969930446753976,-12.0,2.048758560459484,12.0,-0.0008083027136959464,-0.0002046788630012729,-0.0002046788610313426,-0.0004091607290180099,0.001422101239446361,0.000204678863001273
3,0.003033039532994879,-4.116204983396642,0.001969493690537449,-12.0,2.061056751929064,12.0,-0.0008060637934112491,-0.0002059087258238634,-0.000205908723854359,-0.0004116204983396642,0.001423551704314963,0.0002059087258238527
3,0.003033239532994879,-4.140796408088529,0.001968976649828313,-12.0,2.073351688708774,12.0,-0.0008038198374216987,-0.0002071382712058944,-0.0002071382692369179,-0.000414079640808853,0.001424996189248628,0.0002071382712058945
3,0.003033439532994879,-4.165381061326277,0.001968534023076396,-12.0,2.085643351383093,12.0,-0.0008015770930084598,-0.0002083674817360128,-0.0002083674797674676,-0.0004165381061326277,0.001426440873824708,0.0002083674817360017
3,0.003033639532994879,-4.189959368482602,0.001968011080310861,-12.0,2.097931720541878,12.0,-0.000799329281939043,-0.0002095963709461566,-0.0002095963689781456,-0.0004189959368482602,0.001427879535880139,0.0002095963709461567
3,0.00303383953299488,-4.214530826432054,0.001967562592354977,-12.0,2.110216776780186,12.0,-0.0007970827247679446,-0.0002108249214187945,-0.0002108249194512205,-0.0004214530826432054,0.001429318428239901,0.0002108249214187831
3,0.00303403953299488,-4.239095860789041,0.001967033755492453,-12.0,2.122498500698097,12.0,-0.0007948310699825434,-0.0002120531466942603,-0.0002120531447272266,-0.0004239095860789041,0.001430751255493468,0.0002120531466942604
3,0.00303423953299488,-4.263653968223408,0.001966579415775271,-12.0,2.134776872901161,12.0,-0.0007925807114070038,-0.0002132810293485505,-0.0002132810273819592,-0.0004263653968223408,0.001432184343708287,0.0002132810293485386
3,0.00303443953299488,-4.288205574600364,0.001966044693039848,-12.0,2.147051874000189,12.0,-0.0007903252242513759,-0.0002145085829307148,-0.0002145085809646702,-0.0004288205574600365,0.001433611324230422,0.0002145085829307149
3,0.00303463953299488,-4.312750176377055,0.001965584511246732,-12.0,2.159323484611243,12.0,-0.0007880710756068832,-0.0002157357900100118,-0.0002157357880444151,-0.0004312750176377056,0.001435038596366345,0.0002157357900099997
3,0.00303483953299488,-4.337288199677675,0.001965043910975295,-12.0,2.17159168535574,12.0,-0.0007858117674079956,-0.0002169626641444764,-0.0002169626621794326,-0.0004337288199677675,0.001436459718221539,0.0002169626641444765
3,0.00303503953299488,-4.361819140738517,0.001964577897032971,-12.0,2.183856456860587,12.0,-0.000783553840011969,-0.000218189187896368,-0.0002181891859317775,-0.0004361819140738517,0.001437881162339116,0.0002181891878963554
3,0.0030352395329948803,-4.38634342595191,0.001964031427819757,-12.0,2.196117779757999,12.0,-0.0007812907220776932,-0.0002194153748330178,-0.0002194153728689865,-0.0004386343425951911,0.001439296413585311,0.0002194153748330179
3,0.00303543953299488,-4.410860551324616,0.001963559591824371,-12.0,2.208375634685641,12.0,-0.0007790290272286782,-0.0002206412075093946,-0.000220641205545822,-0.0004410860551324616,0.001440712017739543,0.0002206412075093816
3,0.003035639532994881,-4.435370943525954,0.001963007262469896,-12.0,2.220630002286755,12.0,-0.0007767621108474287,-0.0002218666995024284,-0.0002218666975394212,-0.0004435370943525954,0.001442121386428574,0.0002218666995024285
3,0.003035839532994881,-4.459874098325004,0.001962529614792263,-12.0,2.232880863209987,12.0,-0.0007744966598251801,-0.0002230918333595329,-0.0002230918313969898,-0.0004459874098325005,0.001443531138667964,0.0002230918333595195
3,0.003036039532994881,-4.484370442676789,0.001961971434274679,-12.0,2.245128198109521,12.0,-0.0007722259562653877,-0.0002243166226675246,-0.0002243166207055532,-0.0004484370442676789,0.001444934612844284,0.0002243166226675246
3,0.0030362395329948813,-4.508859472104137,0.00196148798550988,-12.0,2.257371987645214,12.0,-0.0007699567603300927,-0.0002255410499659842,-0.0002255410480044824,-0.0004508859472104138,0.001446338501211675,0.0002255410499659704
3,0.003036439532994881,-4.533341613857115,0.00196092396307801,-12.0,2.269612212482414,12.0,-0.0007676822808397599,-0.0002267651288519336,-0.0002267651268910096,-0.0004533341613857115,0.001447736068912964,0.0002267651288519336
3,0.003036639532994881,-4.557816363203447,0.001960434724021631,-12.0,2.281848853292103,12.0,-0.000765409351231594,-0.0002279888418568225,-0.0002279888398963734,-0.0004557816363203447,0.001449134081444037,0.0002279888418568082
3,0.0030368395329948812,-4.582284147697265,0.001959864869138128,-12.0,2.294081890750989,12.0,-0.0007631311070381286,-0.000229212202588185,-0.0002292122006283202,-0.0004582284147697265,0.001450525730700536,0.0002292122025881851
3,0.003037039532994881,-4.606744462342871,0.00195936985089018,-12.0,2.306311305541469,12.0,-0.0007608544549771168,-0.0002304351935690727,-0.0002304351916096881,-0.0004606744462342872,0.001451917855424256,0.0002304351935690579
3,0.003037239532994881,-4.631197735007586,0.001958794173241074,-12.0,2.318537078351596,12.0,-0.0007585724572865826,-0.0002316578284178355,-0.0002316578264590414,-0.0004631197735007586,0.00145330357425838,0.0002316578284178355
3,0.003037439532994882,-4.655643460423171,0.00195829338709963,-12.0,2.330759189875169,12.0,-0.0007562920939719331,-0.0002328800896488221,-0.0002328800876905135,-0.0004655643460423172,0.001454689799196662,0.0002328800896488069
3,0.003037639532994882,-4.680082066779591,0.001957711896640069,-12.0,2.342977620811875,12.0,-0.0007540063539686337,-0.0002341019908915236,-0.0002341019889338116,-0.0004680082066779592,0.001456069575623054,0.0002341019908915235
3,0.0030378395329948822,-4.704513048527489,0.001957205354208069,-12.0,2.35519235186711,12.0,-0.0007517222905782384,-0.0002353235146513059,-0.0002353235126940849,-0.0004704513048527489,0.001457449888790152,0.0002353235146512902
3,0.003038039532994882,-4.728936834188567,0.001956618061098814,-12.0,2.367403363752112,12.0,-0.0007494328194244393,-0.0002365446745691014,-0.0002365446726124833,-0.0004728936834188567,0.001458823710814849,0.0002365446745691013
3,0.003038239532994882,-4.753352917923356,0.00195610577423988,-12.0,2.379610637184096,12.0,-0.0007471450671147906,-0.0002377654531410017,-0.0002377654511848798,-0.0004753352917923356,0.001460198100217358,0.0002377654531409856
3,0.003038439532994882,-4.777761728595055,0.001955512688946337,-12.0,2.391814152886074,12.0,-0.0007448518759501921,-0.0002389858640197129,-0.0002389858620642001,-0.0004777761728595055,0.001461565955837851,0.0002389858640197128
3,0.003038639532994882,-4.802162760064811,0.001954994669763899,-12.0,2.404013891586998,12.0,-0.0007425604458553836,-0.0002402058896917401,-0.0002402058877367288,-0.0004802162760064811,0.001462934409474315,0.0002402058896917234
3,0.003038839532994882,-4.82655644154682,0.001954395803008824,-12.0,2.416209834021881,12.0,-0.0007402635457966489,-0.0002414255438218873,-0.0002414255418674914,-0.000482655644154682,0.001464296286679267,0.0002414255438218872
3,0.003039039532994882,-4.850942266593963,0.001953872063930495,-12.0,2.428401960931598,12.0,-0.0007379684490282368,-0.000242644808886784,-0.0002426448069328947,-0.0004850942266593963,0.00146565879253957,0.0002426448088867668
3,0.003039239532994883,-4.875320664780952,0.001953267426689775,-12.0,2.440590253063185,12.0,-0.0007356678511684367,-0.0002438636985636497,-0.0002438636966103821,-0.0004875320664780953,0.00146701467930821,0.0002438636985636496
3,0.003039439532994883,-4.899691129343186,0.001952737980438934,-12.0,2.452774691169632,12.0,-0.0007333690988150787,-0.0002450821953189371,-0.0002450821933661812,-0.0004899691129343186,0.001468371225373799,0.0002450821953189193
3,0.003039639532994883,-4.92405409022559,0.001952127583960017,-12.0,2.464955256010011,12.0,-0.0007310648142233866,-0.0002463003128426054,-0.0002463003108904774,-0.000492405409022559,0.001469721109675914,0.0002463003128426051
3,0.003039839532994883,-4.948409040336714,0.001951592443557582,-12.0,2.477131928349618,12.0,-0.0007287624173499818,-0.0002475180335906244,-0.0002475180316390136,-0.0004948409040336715,0.001471071683918856,0.0002475180335906061
3,0.003040039532994883,-4.972756410001788,0.001950976299422313,-12.0,2.489304688959791,12.0,-0.0007264544570710074,-0.0002487353712660372,-0.0002487353693150606,-0.0004972756410001789,0.001472415553714079,0.0002487353712660369
3,0.0030402395329948827,-4.997095691792876,0.001950435478167423,-12.0,2.501473518618044,12.0,-0.0007241484267186404,-0.0002499523083140067,-0.0002499523063635522,-0.0004997095691792877,0.001473760144097058,0.0002499523083139877
3,0.0030404395329948833,-5.021427316425398,0.001949813598245864,-12.0,2.513638398108204,12.0,-0.0007218368017721244,-0.0002511688584509962,-0.0002511688565011822,-0.0005021427316425399,0.001475097987334972,0.0002511688584509958
3,0.003040639532994883,-5.045750776125645,0.001949267109801811,-12.0,2.525799308220196,12.0,-0.0007195271489570665,-0.000252385004111059,-0.0002523850021617724,-0.0005045750776125645,0.001476436581811014,0.0002523850041110395
3,0.003040839532994883,-5.070066502009158,0.001948639506252681,-12.0,2.537956229750353,12.0,-0.0007172118703372421,-0.0002536007590244104,-0.0002536007570757706,-0.0005070066502009158,0.001477768386430378,0.00025360075902441
3,0.003041039532994884,-5.094373985946805,0.001948087364616491,-12.0,2.550109143501201,12.0,-0.000714898606051062,-0.0002548161056136787,-0.0002548161036655711,-0.0005094373985946805,0.001479100972942182,0.0002548161056136584
3,0.0030412395329948837,-5.118673659464368,0.001947454049914699,-12.0,2.562258030281596,12.0,-0.0007125796847262111,-0.0002560310576231688,-0.0002560310556757141,-0.0005118673659464368,0.001480426726870709,0.0002560310576231682
3,0.0030414395329948843,-5.142965014067522,0.001946896269422238,-12.0,2.574402870906857,12.0,-0.000710262819934776,-0.0002572455974637644,-0.0002572455955168473,-0.0005142965014067523,0.001481753293350541,0.0002572455974637435
3,0.003041639532994884,-5.167248481702755,0.001946257256402406,-12.0,2.586543646198554,12.0,-0.0007079402668466184,-0.0002584597388942158,-0.0002584597369479578,-0.0005167248481702755,0.001483072984504785,0.0002584597388942152
3,0.003041839532994884,-5.191523553500561,0.001945693851729935,-12.0,2.598680336984814,12.0,-0.0007056198124897328,-0.00025967346431333,-0.0002596734623676146,-0.0005191523553500562,0.001484393518873972,0.0002596734643133084
3,0.003042039532994884,-5.21579066183853,0.001945049153570633,-12.0,2.610812924100112,12.0,-0.000703293638553093,-0.0002608867874946549,-0.000260886785549605,-0.000521579066183853,0.001485707135158443,0.0002608867874946542
3,0.003042239532994884,-5.240049297461939,0.001944480139753235,-12.0,2.622941388385401,12.0,-0.0007009696055440828,-0.0002620996908245871,-0.0002620996888800846,-0.0005240049297461939,0.001487021625327156,0.0002620996908245648
3,0.003042439532994884,-5.26429989318996,0.001943829769982974,-12.0,2.635065710688251,12.0,-0.0006986398216462242,-0.0002633121880918277,-0.0002633121861479972,-0.000526429989318996,0.00148832915463426,0.0002633121880918268
3,0.003042639532994884,-5.288541939372799,0.001943255162477175,-12.0,2.647185871862667,12.0,-0.000696312220871298,-0.0002645242616700419,-0.0002645242597267638,-0.0005288541939372799,0.001489637588500958,0.000264524261670019
3,0.003042839532994885,-5.312775869281609,0.001942599134952872,-12.0,2.659301852769225,12.0,-0.0006939788378713951,-0.0002657359253634283,-0.0002657359234208281,-0.0005312775869281609,0.001490939018710669,0.0002657359253634272
3,0.003043039532994885,-5.337001172861231,0.001942018949601332,-12.0,2.671413634275207,12.0,-0.0006916476801890337,-0.0002669471615325844,-0.0002669471595905416,-0.0005337001172861231,0.001492241384161597,0.0002669471615325606
3,0.003043239532994885,-5.361218283845871,0.001941357278609113,-12.0,2.683521197254422,12.0,-0.0006893107089177286,-0.0002681579839975824,-0.000268157982056224,-0.0005361218283845871,0.001493536703140896,0.0002681579839975813
3,0.003043439532994885,-5.38542669176439,0.001940771531620866,-12.0,2.695624522587342,12.0,-0.0006869760051582685,-0.0002693683751055967,-0.0002693683731648006,-0.0005385426691764391,0.001494832988050088,0.0002693683751055721
3,0.003043639532994885,-5.40962683082488,0.001940104231832995,-12.0,2.707723591161232,12.0,-0.000684635456416921,-0.0002705783486929412,-0.0002705783467528357,-0.000540962683082488,0.001496122183652526,0.0002705783486929399
3,0.0030438395329948848,-5.43381819013003,0.001939512939887811,-12.0,2.719818383869976,12.0,-0.0006822972173820829,-0.0002717878870930343,-0.0002717878851534959,-0.000543381819013003,0.001497412375880913,0.0002717878870930089
3,0.0030440395329948853,-5.458001204372593,0.001938840026344257,-12.0,2.731908881614214,12.0,-0.0006799531019425209,-0.0002729970041587884,-0.0002729970022199469,-0.0005458001204372593,0.001498695435946162,0.000272997004158787
3,0.003044239532994885,-5.482175362218364,0.001938243206544898,-12.0,2.743995065301431,12.0,-0.0006776113384046045,-0.0002742056822095149,-0.0002742056802712454,-0.0005482175362218365,0.001499979523341466,0.0002742056822094886
3,0.003044439532994886,-5.506341098856271,0.00193756469476436,-12.0,2.756076915845929,12.0,-0.0006752636670080969,-0.000275413935115118,-0.0002754139331775518,-0.0005506341098856271,0.00150125643569532,0.0002754139351151165
3,0.003044639532994886,-5.53049790250436,0.001936962364653239,-12.0,2.768154414168783,12.0,-0.0006729183897095647,-0.0002766217451804401,-0.0002766217432434507,-0.000553049790250436,0.001502534406091549,0.0002766217451804129
3,0.0030448395329948858,-5.55464620885869,0.001936278270541214,-12.0,2.780227541197939,12.0,-0.0006705671730667939,-0.0002778291262927416,-0.0002778291243564616,-0.0005554646208858691,0.001503805158544869,0.0002778291262927398
3,0.0030450395329948863,-5.578785505678817,0.001935670448158788,-12.0,2.792296277868351,12.0,-0.0006682183927196883,-0.0002790360607420473,-0.0002790360588063488,-0.0005578785505678817,0.001505076999761656,0.0002790360607420192
3,0.003045239532994886,-5.602916229179646,0.001934980788113938,-12.0,2.804360605121802,12.0,-0.0006658636415097507,-0.0002802425624333709,-0.000280242560498388,-0.0005602916229179647,0.001506341580110371,0.0002802425624333689
3,0.003045439532994886,-5.627037866650895,0.001934367491944089,-12.0,2.816420503907039,12.0,-0.0006635113687950001,-0.0002814486136415385,-0.0002814486117071419,-0.0005627037866650895,0.001507607279953027,0.0002814486136415095
3,0.0030456395329948862,-5.651150854837861,0.001933672282832699,-12.0,2.828475955179902,12.0,-0.0006611530936651289,-0.0002826542282897091,-0.0002826542263560347,-0.0005651150854837861,0.001508865675977078,0.000282654228289707
3,0.003045839532994886,-5.675254680549506,0.001933053531911533,-12.0,2.840526939903156,12.0,-0.0006587973392321034,-0.0002838593886371544,-0.0002838593867040709,-0.0005675254680549506,0.001510125222235814,0.0002838593886371245
3,0.003046039532994886,-5.699349781073023,0.00193235279105064,-12.0,2.852573439046616,12.0,-0.0006564355507966135,-0.0002850641086255589,-0.0002850641066932037,-0.0005699349781073023,0.001511377421699767,0.0002850641086255565
3,0.003046239532994887,-5.723435642725148,0.001931728604926075,-12.0,2.864615433587249,12.0,-0.000654076325262487,-0.0002862683704982634,-0.0002862683685665038,-0.0005723435642725148,0.001512630802148751,0.0002862683704982324
3,0.003046439532994887,-5.747512703347281,0.001931022350205147,-12.0,2.876652904509172,12.0,-0.0006517110341026366,-0.0002874721882158993,-0.0002874721862848743,-0.0005747512703347281,0.001513876792800462,0.0002874721882158967
3,0.0030466395329948872,-5.771580448752203,0.001930392748938914,-12.0,2.888685832803437,12.0,-0.0006493483480516926,-0.0002886755440054819,-0.0002886755420750571,-0.0005771580448752203,0.001515123995198375,0.0002886755440054499
3,0.003046839532994887,-5.795639317347194,0.001929680998713712,-12.0,2.900714199468478,12.0,-0.0006469795647148502,-0.0002898784518469793,-0.0002898784499172954,-0.0005795639317347195,0.001516363764768491,0.0002898784518469764
3,0.003047039532994887,-5.819688794429885,0.001929046003017465,-12.0,2.912737985509928,12.0,-0.0006446134286978988,-0.0002910808939507243,-0.0002910808920216451,-0.0005819688794429885,0.001517604776857306,0.0002910808939506911
3,0.003047239532994887,-5.843729318985722,0.001928328776203081,-12.0,2.924757171940453,12.0,-0.0006422411636969605,-0.0002922828843164282,-0.0002922828823880963,-0.0005843729318985722,0.001518838313059101,0.000292282884316425
3,0.003047439532994887,-5.867760375784748,0.001927688407284744,-12.0,2.936771739780186,12.0,-0.0006398715882306727,-0.0002934844051373244,-0.0002934844032096017,-0.0005867760375784748,0.001520073122563914,0.0002934844051372901
3,0.0030476395329948874,-5.891782404403411,0.001926965723435758,-12.0,2.948781670056516,12.0,-0.0006374958520433682,-0.0002946854704333115,-0.0002946854685063424,-0.0005891782404403411,0.001521300413092841,0.0002946854704333081
3,0.003047839532994887,-5.915794889072322,0.001926320003153403,-12.0,2.960786943804091,12.0,-0.0006351228476098592,-0.0002958860623801294,-0.0002958860604537738,-0.0005915794889072323,0.001522529007720708,0.0002958860623800938
3,0.003048039532994888,-5.93979826997098,0.001925591882334876,-12.0,2.972787542064911,12.0,-0.0006327436506780304,-0.0002970861950182615,-0.0002970861930926658,-0.0005939798269970981,0.001523750040253846,0.0002970861950182576
3,0.003048239532994888,-5.963792030778492,0.00192494083320538,-12.0,2.984783445888462,12.0,-0.0006303672277238326,-0.0002982858505055625,-0.0002982858485805848,-0.0005963792030778492,0.001524972407694447,0.0002982858505055257
3,0.003048439532994888,-5.987776612290479,0.001924207296151392,-12.0,2.99677463633154,12.0,-0.0006279845804531559,-0.000299485042903543,-0.0002994850409793315,-0.000598777661229048,0.001526187169889559,0.0002994850429035388
3,0.0030486395329948884,-6.011751497621815,0.001923550941310914,-12.0,3.008761094458384,12.0,-0.0006256047493888028,-0.0003006837543517455,-0.0003006837524281563,-0.0006011751497621815,0.00152740329781359,0.0003006837543517073
3,0.003048839532994888,-6.035717128197184,0.001922812009397479,-12.0,3.020742801340808,12.0,-0.0006232186621477065,-0.0003018819989331457,-0.0003018819970103291,-0.0006035717128197185,0.001528611777309064,0.0003018819989331411
3,0.0030490395329948877,-6.059672986554902,0.001922150372716036,-12.0,3.032719738058029,12.0,-0.0006208354333470389,-0.0003030797587685709,-0.0003030797568463809,-0.0006059672986554902,0.001529821653368291,0.0003030797587685313
3,0.0030492395329948883,-6.083619514761614,0.001921406067951104,-12.0,3.044691885696795,12.0,-0.0006184459164661482,-0.0003042770479628892,-0.0003042770460414783,-0.0006083619514761615,0.001531023837782419,0.0003042770479628844
3,0.003049439532994888,-6.107556194766202,0.001920739174016362,-12.0,3.056659225351517,12.0,-0.0006160593002656478,-0.0003054738486177911,-0.000305473846697011,-0.0006107556194766202,0.001532227449609069,0.0003054738486177501
3,0.003049639532994888,-6.131483469290935,0.001919989519158172,-12.0,3.0686217381241,12.0,-0.0006136663640371742,-0.0003066701748604995,-0.0003066701729405047,-0.0006131483469290935,0.00153342332653944,0.0003066701748604942
3,0.003049839532994889,-6.155400819682001,0.001919317393262343,-12.0,3.080579405124068,12.0,-0.0006112763707351587,-0.000307866008773123,-0.0003078660068537632,-0.0006155400819682001,0.001534620661745367,0.0003078660087730806
3,0.0030500395329948887,-6.179308689330732,0.001918562411785452,-12.0,3.092532207468668,12.0,-0.0006088800254122062,-0.0003090613645056941,-0.0003090613625871259,-0.0006179308689330732,0.001535810218768585,0.0003090613645056883
3,0.0030502395329948893,-6.203206558967799,0.0019178850800734,-12.0,3.104480126282861,12.0,-0.0006064866652681911,-0.0003102562241203227,-0.0003102562222023936,-0.00062032065589678,0.001537001264944771,0.0003102562241202787
3,0.003050439532994889,-6.227094872667188,0.00191712479618289,-12.0,3.116423142699116,12.0,-0.0006040869210639233,-0.0003114506017902996,-0.0003114505998731686,-0.0006227094872667189,0.001538184489615402,0.0003114506017902933
3,0.003050639532994889,-6.250973110530195,0.001916442285552655,-12.0,3.128361237857849,12.0,-0.000601690204298122,-0.0003126444795572752,-0.0003126444776407874,-0.0006250973110530195,0.001539369234331789,0.0003126444795572296
3,0.003050839532994889,-6.274841717327909,0.001915676724326243,-12.0,3.140294392907211,12.0,-0.0005992870713852072,-0.0003138378716182953,-0.0003138378697026117,-0.0006274841717327908,0.001540546114182306,0.0003138378716182885
3,0.003051039532994889,-6.298700172518737,0.001914989062552053,-12.0,3.152222589003087,12.0,-0.0005968870081773936,-0.0003150307599941008,-0.0003150307580790645,-0.0006298700172518738,0.001541724544986578,0.0003150307599940535
3,0.003051239532994889,-6.322548921584574,0.001914218249817079,-12.0,3.164145807309195,12.0,-0.0005944804966871997,-0.0003162231589059452,-0.0003162231569917196,-0.0006322548921584574,0.001542895067526362,0.0003162231589059379
3,0.003051439532994889,-6.346387443327157,0.001913525465586208,-12.0,3.176064028997213,12.0,-0.0005920770971762634,-0.0003174150503532118,-0.0003174150484396372,-0.0006346387443327158,0.001544067171943775,0.0003174150503531627
3,0.00305163953299489,-6.370216183953954,0.00191274942809061,-12.0,3.187977235246607,12.0,-0.0005896672171980533,-0.0003186064485818597,-0.0003186064466691022,-0.0006370216183953954,0.001545231324658614,0.0003186064485818517
3,0.00305183953299489,-6.394034621595583,0.001912051550972294,-12.0,3.199885407244766,12.0,-0.000587260491481334,-0.0003197973355694303,-0.0003197973336573278,-0.0006394034621595583,0.001546397090191332,0.0003197973355693794
3,0.00305203953299489,-6.417843203199745,0.001911270316368618,-12.0,3.211788526187128,12.0,-0.0005848472530615156,-0.0003209877255870846,-0.0003209877236758056,-0.0006417843203199745,0.001547554860542977,0.0003209877255870759
3,0.00305223953299489,-6.441641406211817,0.001910567376951722,-12.0,3.22368657327701,12.0,-0.0005824372111937759,-0.0003221776005900587,-0.0003221775986794384,-0.0006441641406211817,0.001548714274669294,0.0003221776005900058
3,0.00305243953299489,-6.46542967833444,0.001909780973804676,-12.0,3.235579529725737,12.0,-0.0005800206243354034,-0.0003233669748752025,-0.0003233669729654122,-0.000646542967833444,0.001549865650094406,0.0003233669748751933
3,0.0030526395329948898,-6.489207496313042,0.001909073003683481,-12.0,3.247467376752776,12.0,-0.0005776072763282181,-0.0003245558303749642,-0.0003245558284658363,-0.0006489207496313042,0.001551018700268247,0.0003245558303749092
3,0.0030528395329948903,-6.512975308620683,0.001908281461601824,-12.0,3.259350095585559,12.0,-0.0005751873509899363,-0.0003257441814124058,-0.0003257441795041143,-0.0006512975308620683,0.001552163668178397,0.0003257441814123958
3,0.00305303953299489,-6.536732591287675,0.001907568493396905,-12.0,3.271227667459618,12.0,-0.0005727707068109988,-0.0003269320098966791,-0.0003269320079890536,-0.0006536732591287676,0.00155331034182854,0.0003269320098966221
3,0.00305323953299489,-6.560479793572916,0.001906771843024124,-12.0,3.283100073618713,12.0,-0.0005703474529063224,-0.0003281193301775798,-0.000328119328270797,-0.0006560479793572917,0.001554448889608762,0.0003281193301775689
3,0.003053439532994891,-6.584216390776646,0.001906053910510241,-12.0,3.294967295314628,12.0,-0.0005679275224784175,-0.0003293061241404709,-0.0003293061222343578,-0.0006584216390776647,0.001555589174138339,0.0003293061241404117
3,0.0030536395329948908,-6.607942832959209,0.001905252183558748,-12.0,3.306829313807464,12.0,-0.0005655009498749808,-0.0003304924061624023,-0.0003304924042571384,-0.0006607942832959209,0.0015567212891473,0.0003304924061623906
3,0.0030538395329948913,-6.631658594675235,0.001904529321667514,-12.0,3.318686110365412,12.0,-0.0005630777430754019,-0.000331678158104436,-0.0003316781561998451,-0.0006631658594675236,0.001557855171932687,0.0003316781581043744
3,0.003054039532994891,-6.655364126802597,0.001903722551007903,-12.0,3.330537666265036,12.0,-0.0005606478615942379,-0.0003328633943714155,-0.0003328633924676803,-0.0006655364126802597,0.001558980841501301,0.0003328633943714028
3,0.003054239532994891,-6.679058903134571,0.001902994795895729,-12.0,3.342383962791078,12.0,-0.0005582213882539822,-0.0003340480967995822,-0.0003340480948965233,-0.0006679058903134572,0.001560108309892283,0.0003340480967995183
3,0.003054439532994891,-6.702743375382772,0.001902183015580317,-12.0,3.354224981236586,12.0,-0.0005557882076684117,-0.0003352322798221142,-0.0003352322779199176,-0.0006702743375382772,0.00156122752132315,0.0003352322798221006
3,0.003054639532994891,-6.726417016563023,0.001901450404685257,-12.0,3.366060702903043,12.0,-0.0005533584775711531,-0.0003364159252499024,-0.0003364159233483854,-0.0006726417016563023,0.001562348562641314,0.0003364159252498359
3,0.003054839532994891,-6.750080279237518,0.001900633650066208,-12.0,3.377891109100195,12.0,-0.0005509220076063137,-0.0003375990475450275,-0.0003375990456443792,-0.0006750080279237518,0.001563461303208613,0.0003375990475450129
3,0.003055039532994892,-6.773732635628035,0.001899896222135045,-12.0,3.389716181146182,12.0,-0.0005484890304878198,-0.000338781628492474,-0.0003387816265925085,-0.0006773732635628035,0.001564575904747068,0.0003387816284924047
3,0.003055239532994892,-6.79737453916422,0.001899074529875922,-12.0,3.401535900367669,12.0,-0.000546049280819666,-0.0003399636825837951,-0.0003399636806847048,-0.000679737453916422,0.001565682161695003,0.0003399636825837794
3,0.0030554395329948922,-6.821005461257319,0.001898332325104057,-12.0,3.413350248099638,12.0,-0.000543613066366605,-0.0003411451915775254,-0.0003411451896791212,-0.0006821005461257319,0.001566790310717769,0.0003411451915774534
3,0.003055639532994892,-6.844625856221552,0.001897505733237104,-12.0,3.42515920568569,12.0,-0.0005411700466210478,-0.0003423261699952623,-0.0003423261680977395,-0.0006844625856221552,0.001567890071260125,0.0003423261699952453
3,0.003055839532994892,-6.868235194640582,0.001896758793302311,-12.0,3.436962754477833,12.0,-0.0005387306044706275,-0.000343506599568528,-0.0003435065976716942,-0.0006868235194640583,0.001568991755000915,0.0003435065995684531
3,0.003056039532994892,-6.891833931730755,0.001895927341313719,-12.0,3.448760875836621,12.0,-0.0005362843242225079,-0.000344686494849549,-0.0003446864929536035,-0.0006891833931730755,0.001570085006320832,0.0003446864948495307
3,0.003056239532994892,-6.915421537230706,0.00189517570944453,-12.0,3.460553551131276,12.0,-0.0005338416639611154,-0.0003458658375422612,-0.0003458658356470075,-0.0006915421537230706,0.001571180211982715,0.0003458658375421832
3,0.0030564395329948923,-6.938998467277067,0.001894339438395676,-12.0,3.472340761739521,12.0,-0.0005313921327337323,-0.0003470446422301323,-0.0003470446403357732,-0.0006938998467277068,0.001572266941230971,0.0003470446422301125
3,0.003056639532994892,-6.96256419074549,0.001893583159421119,-12.0,3.484122489047708,12.0,-0.0005289462638964071,-0.0003482228905889099,-0.0003482228886952456,-0.0006962564190745491,0.001573355655985709,0.0003482228905888287
3,0.003056839532994893,-6.986119164711124,0.001892742111976098,-12.0,3.495898714450947,12.0,-0.0005264934911601848,-0.0003494005972339182,-0.000349400595341155,-0.0006986119164711125,0.001574435850280387,0.0003494005972338971
3,0.003057039532994893,-7.009662857168729,0.001891981232486017,-12.0,3.507669419352906,12.0,-0.000524044423229536,-0.0003505777438121266,-0.0003505777419200608,-0.0007009662857168729,0.001575518061266934,0.000350577743812042
3,0.003057239532994893,-7.033195726150507,0.00189113545299513,-12.0,3.519434585166101,12.0,-0.0005215884184013864,-0.0003517543449713334,-0.0003517543430801751,-0.0007033195726150507,0.001576591707693253,0.0003517543449713107
3,0.0030574395329948933,-7.056717238751822,0.001890370021389476,-12.0,3.531194193311696,12.0,-0.0005191361608066491,-0.0003529303823291188,-0.0003529303804386606,-0.0007056717238751822,0.001577667402017924,0.0003529303823290306
3,0.003057639532994893,-7.08022785398092,0.001889519555983377,-12.0,3.542948225219631,12.0,-0.0005166769332490828,-0.0003541058705663892,-0.0003541058686768452,-0.000708022785398092,0.001578734487626132,0.0003541058705663648
3,0.003057839532994893,-7.10372703801481,0.001888749622567687,-12.0,3.554696662328753,12.0,-0.000514221495365258,-0.0003552807912707105,-0.0003552807893818689,-0.0007103727038014811,0.001579803652360767,0.0003552807912706185
3,0.0030580395329948933,-7.127215250857433,0.001887894519297717,-12.0,3.566439486086607,12.0,-0.0005117590543852191,-0.0003564551591567573,-0.0003564551572688366,-0.0007127215250857434,0.001580864164166584,0.000356455159156731
3,0.003058239532994893,-7.150691957747984,0.001887120136364828,-12.0,3.578176677949741,12.0,-0.0005093004455323236,-0.0003576289557814337,-0.0003576289538942175,-0.0007150691957747984,0.001581926786348442,0.0003576289557813376
3,0.003058439532994893,-7.174157619705948,0.001886260445276289,-12.0,3.589908219383492,12.0,-0.0005068348003804402,-0.0003588021958938498,-0.0003588021940075612,-0.0007174157619705948,0.001582980711331172,0.0003588021958938216
3,0.003058639532994894,-7.19761170101291,0.00188548166723379,-12.0,3.601634091862122,12.0,-0.0005043730298221472,-0.000359974861019589,-0.0003599748591340072,-0.0007197611701012911,0.001584036777962095,0.0003599748610194888
3,0.003058839532994894,-7.221054663724138,0.001884617440467196,-12.0,3.613354276868944,12.0,-0.0005019041896916487,-0.0003611469659428779,-0.0003611469640582303,-0.0007221054663724139,0.001585084103064405,0.0003611469659428477
3,0.0030590395329948943,-7.244485971143629,0.001883834323996858,-12.0,3.625068755896153,12.0,-0.0004994392666346492,-0.0003623184921573201,-0.0003623184902733813,-0.0007244485971143629,0.001586133601109208,0.0003623184921572156
3,0.003059239532994894,-7.267906086382957,0.001882965615881194,-12.0,3.636777510444955,12.0,-0.0004969672406606174,-0.00036348945448294,-0.0003634894525999419,-0.0007267906086382957,0.001587174313236406,0.0003634894544829074
3,0.003059439532994894,-7.291314471747784,0.001882178220013131,-12.0,3.648480522025694,12.0,-0.0004944991742535931,-0.0003646598343806773,-0.0003646598324983899,-0.0007291314471747784,0.001588217229622657,0.0003646598343805681
3,0.003059639532994894,-7.314711591427464,0.001881305087267471,-12.0,3.660177772157684,12.0,-0.0004920239715115737,-0.0003658296467070767,-0.0003658296448257366,-0.0007314711591427464,0.001589251315640916,0.0003658296467070417
3,0.003059839532994894,-7.33809690670794,0.001880513473489387,-12.0,3.671869242369338,12.0,-0.000489552770844115,-0.0003669988728896992,-0.0003669988710090715,-0.0007338096906707941,0.001590287637258048,0.0003669988728895849
3,0.003060039532994894,-7.361470882877907,0.001879635975299276,-12.0,3.683554914198262,12.0,-0.0004870744003495353,-0.0003681675278223339,-0.0003681675259426603,-0.0007361470882877907,0.001591315083994405,0.0003681675278222963
3,0.003060239532994894,-7.384832980182313,0.001878840207794497,-12.0,3.69523476919125,12.0,-0.0004846000744511414,-0.000369335592898465,-0.0003693355910195054,-0.0007384832980182314,0.001592344797692324,0.0003693355928983456
3,0.003060439532994895,-7.408183665031177,0.001877958405941627,-12.0,3.706908788904085,12.0,-0.0004821185451581445,-0.0003705030830498547,-0.000370503081171856,-0.0007408183665031178,0.001593365591933349,0.0003705030830498144
3,0.003060639532994895,-7.431522396605888,0.001877158551622848,-12.0,3.718576954901964,12.0,-0.0004796411029971415,-0.0003716699796351591,-0.0003716699777578756,-0.0007431522396605889,0.001594388684521886,0.0003716699796350341
3,0.003060839532994895,-7.454849642460919,0.001876272510737742,-12.0,3.730239248759291,12.0,-0.0004771564237974479,-0.0003728362976248986,-0.0003728362957485828,-0.0007454849642460919,0.00159540281301257,0.0003728362976248553
3,0.003061039532994895,-7.478164860691519,0.001875468639489064,-12.0,3.74189565205968,12.0,-0.0004746758742802393,-0.0003740020183421499,-0.0003740020164665505,-0.0007478164860691519,0.001596419271260585,0.0003740020183420192
3,0.003061239532994895,-7.501468520019316,0.001874578427070173,-12.0,3.753546146396047,12.0,-0.0004721880540022594,-0.0003751671567969442,-0.0003751671549223193,-0.0007501468520019316,0.001597426720703732,0.0003751671567968977
3,0.0030614395329948947,-7.524760077430292,0.001873770611922065,-12.0,3.765190713370736,12.0,-0.0004697044059719935,-0.0003763316942760181,-0.0003763316924021107,-0.0007524760077430293,0.001598436531337288,0.0003763316942758814
3,0.0030616395329948953,-7.548040002837274,0.001872876298635084,-12.0,3.776829334595353,12.0,-0.000467213453379578,-0.0003774956458297218,-0.0003774956439567955,-0.0007548040002837274,0.001599437288392569,0.0003774956458296718
3,0.003061839532994895,-7.571307752092828,0.001872064615890068,-12.0,3.788461991690895,12.0,-0.0004647267156151491,-0.0003786589927076439,-0.0003786589908354359,-0.0007571307752092828,0.001600440438095319,0.0003786589927075005
3,0.003062039532994895,-7.594563796325302,0.001871166275706937,-12.0,3.800088666287873,12.0,-0.0004622326394068954,-0.0003798217500012704,-0.0003798217481300504,-0.0007594563796325302,0.001601434489377551,0.0003798217500012166
3,0.003062239532994896,-7.61780759022963,0.001870350805218468,-12.0,3.81170934002615,12.0,-0.0004597428206218057,-0.0003809838989222434,-0.0003809838970517424,-0.000761780759022963,0.001602430964788792,0.0003809838989220932
3,0.0030624395329948957,-7.64103960617438,0.001869448515589678,-12.0,3.823323994555061,12.0,-0.000457245629429559,-0.0003821454546040047,-0.0003821454527344985,-0.000764103960617438,0.00160341829686772,0.0003821454546039471
3,0.0030626395329948963,-7.664259297671651,0.001868629340930017,-12.0,3.834932611533514,12.0,-0.0004547527382711414,-0.000383306398219416,-0.0003833063963506291,-0.0007664259297671651,0.001604408084581177,0.0003833063982192584
3,0.003062839532994896,-7.687467138356191,0.001867723183105685,-12.0,3.846535172629986,12.0,-0.0004522524406589956,-0.00038446674494475,-0.0003844667430769649,-0.0007687467138356191,0.001605388683980358,0.000384466744944688
3,0.003063039532994896,-7.710662580531295,0.001866900391776394,-12.0,3.858131659522316,12.0,-0.000449756485706887,-0.0003856264759132192,-0.0003856264740461536,-0.0007710662580531296,0.001606371770543846,0.000385626475913054
3,0.003063239532994896,-7.733846099123718,0.001865990450914179,-12.0,3.869722053898134,12.0,-0.0004472530901703242,-0.0003867856063447886,-0.0003867856044787316,-0.0007733846099123718,0.001607345623739043,0.000386785606344722
3,0.003063439532994896,-7.757017145201979,0.001865164134708053,-12.0,3.881306337454693,12.0,-0.0004447540799355498,-0.000387944117332172,-0.0003879441154668344,-0.000775701714520198,0.001608321995652917,0.0003879441173319985
3,0.003063639532994896,-7.780176195011768,0.001864250500203113,-12.0,3.892884491898694,12.0,-0.0004422475949001914,-0.0003891020241399207,-0.0003891020222755986,-0.0007780176195011769,0.001609289089071153,0.0003891020241398491
3,0.003063839532994896,-7.803322698359113,0.001863420755302769,-12.0,3.904456498946718,12.0,-0.0004397455378240267,-0.0003902593078193237,-0.0003902593059557208,-0.0007803322698359113,0.001610258732787417,0.0003902593078191415
3,0.003064039532994897,-7.826457132836675,0.00186250352111994,-12.0,3.916022340325052,12.0,-0.0004372359716441621,-0.0003914159836804702,-0.0003914159818178897,-0.0007826457132836675,0.001611219052806701,0.0003914159836803932
3,0.003064239532994897,-7.849578946960143,0.001861670448497943,-12.0,3.927581997769522,12.0,-0.0004347308760970225,-0.000392572032732294,-0.0003925720308704321,-0.0007849578946960144,0.001612181954727454,0.0003925720327321025
3,0.003064439532994897,-7.872688619696917,0.00186074971330763,-12.0,3.939135453025917,12.0,-0.0004322182370549987,-0.0003937274703313437,-0.0003937274684705113,-0.0007872688619696917,0.001613135487674278,0.0003937274703312609
3,0.003064639532994897,-7.895785598244053,0.001859913419083536,-12.0,3.950682687849786,12.0,-0.0004297101113351909,-0.0003948822774432717,-0.0003948822755831569,-0.0007895785598244053,0.001614091634151549,0.0003948822774430703
3,0.003064839532994897,-7.918870362972974,0.001858989286705803,-12.0,3.962223684006438,12.0,-0.0004271944076398582,-0.0003960364694720622,-0.000396036467612984,-0.0007918870362972974,0.00161503836630067,0.0003960364694719733
3,0.003065039532994897,-7.941942359732044,0.001858149882339788,-12.0,3.973758423271031,12.0,-0.000424683259972497,-0.0003971900273390812,-0.0003971900254807192,-0.0007941942359732044,0.001615987743633585,0.0003971900273388691
3,0.0030652395329948973,-7.965002070326725,0.001857222462076979,-12.0,3.985286887428702,12.0,-0.0004221644997582374,-0.0003983429664967582,-0.0003983429646394401,-0.0007965002070326726,0.001616927661207135,0.0003983429664966626
3,0.003065439532994897,-7.988048939226617,0.001856380064860996,-12.0,3.996809058274402,12.0,-0.0004196503382938865,-0.0003994952678211773,-0.000399495265964574,-0.0007988048939226618,0.00161787025564275,0.0003994952678209541
3,0.003065639532994898,-8.01108344970163,0.001855449471803272,-12.0,4.008324917613015,12.0,-0.0004171285296193095,-0.0004006469468142241,-0.0004006469449586716,-0.000801108344970163,0.001618803344807795,0.0004006469468141212
3,0.003065839532994898,-8.034105044811284,0.001854604205207444,-12.0,4.019834447259495,12.0,-0.0004146113624329539,-0.000401797984305664,-0.0004017979824508245,-0.0008034105044811284,0.001619739142538212,0.0004017979843054287
3,0.003066039532994898,-8.05711420932179,0.001853670560724829,-12.0,4.031337629038688,12.0,-0.0004120865132798412,-0.0004029483958479072,-0.0004029483939941258,-0.0008057114209321791,0.001620665389406417,0.0004029483958477964
3,0.0030662395329948983,-8.080110384850117,0.001852822554790468,-12.0,4.042834444785471,12.0,-0.0004095663483697776,-0.0004040981622233161,-0.0004040981603702454,-0.0008080110384850118,0.001621594376568058,0.000404098162223068
3,0.003066439532994898,-8.103094057691195,0.001851885986918322,-12.0,4.054324876344833,12.0,-0.0004070384666415572,-0.0004052472990359108,-0.0004052472971839056,-0.0008103094057691195,0.0016225137671948,0.0004052472990357915
3,0.003066639532994898,-8.126064667986597,0.001851035378818811,-12.0,4.06580890557188,12.0,-0.0004045153119277278,-0.0004063957870195679,-0.0004063957851682708,-0.0008126064667986597,0.001623435929868244,0.0004063957870193061
3,0.0030668395329948982,-8.149022703593198,0.001850096022714354,-12.0,4.077286514331631,12.0,-0.0004019844054488075,-0.0004075436418310203,-0.0004075436399807956,-0.0008149022703593198,0.001624348450250057,0.0004075436418308917
3,0.003067039532994898,-8.171967603142603,0.001849242957141506,-12.0,4.088757684499442,12.0,-0.0003994582687721071,-0.0004086908441545066,-0.0004086908423049872,-0.0008171967603142603,0.001625263774456487,0.0004086908441542301
3,0.003067239532994898,-8.194899856088476,0.001848300955701987,-12.0,4.100222397960801,12.0,-0.0003969243452860705,-0.0004098374097006484,-0.0004098374078522089,-0.0008194899856088476,0.001626169410530842,0.0004098374097005099
3,0.003067439532994899,-8.21781889951727,0.001847445585491769,-12.0,4.111680636611328,12.0,-0.0003943952344066387,-0.0004109833191028758,-0.0004109833172551381,-0.0008217818899517272,0.001627077882233263,0.0004109833191025836
3,0.003067639532994899,-8.24072522451441,0.001846501089767472,-12.0,4.123132382356868,12.0,-0.0003918583015753568,-0.0004121285881268594,-0.0004121285862802089,-0.0008240725224514411,0.001627976619877236,0.0004121285881267101
3,0.0030678395329948992,-8.263618266584873,0.001845643576495526,-12.0,4.134577617113615,12.0,-0.0003893262241718154,-0.000413273197354021,-0.0004132731955080685,-0.0008263618266584873,0.001628878224976371,0.000413273197353712
3,0.003068039532994899,-8.286498518482684,0.001844696746427843,-12.0,4.146016322807951,12.0,-0.0003867862895740454,-0.0004144171626063135,-0.0004144171607614556,-0.0008286498518482685,0.001629770050004531,0.0004144171626061524
3,0.003068239532994899,-8.309365414093412,0.001843837260990355,-12.0,4.157448481376564,12.0,-0.0003842512532418185,-0.0004155604644118844,-0.0004155604625677201,-0.0008309365414093412,0.001630664774340151,0.0004155604644115574
3,0.003068439532994899,-8.332219447877318,0.00184288826602641,-12.0,4.168874074766581,12.0,-0.0003817083243720515,-0.0004167031186502294,-0.0004167031168071672,-0.0008332219447877319,0.001631549672503896,0.0004167031186500555
3,0.003068639532994899,-8.355060052061953,0.001842026989434142,-12.0,4.180293084935397,12.0,-0.0003791703366223392,-0.0004178451057949427,-0.0004178451039525694,-0.0008355060052061954,0.001632437501851713,0.0004178451057945964
3,0.003068839532994899,-8.377887722852426,0.001841076009222231,-12.0,4.191705493850806,12.0,-0.000376624420889482,-0.0004189864417843461,-0.0004189864399430824,-0.0008377887722852427,0.001633315458837381,0.0004189864417841584
3,0.003069039532994899,-8.40070189077801,0.001840213133322166,-12.0,4.203111283491119,12.0,-0.0003740834891478723,-0.000420127107036147,-0.0004201271051955666,-0.000840070189077801,0.00163419637890827,0.0004201271070357797
3,0.0030692395329949,-8.423503053828997,0.001839260358582173,-12.0,4.214510435844975,12.0,-0.0003715345938741232,-0.0004212671175488421,-0.0004212671157093789,-0.0008423503053828997,0.001635067380335919,0.0004212671175486393
3,0.0030694395329949,-8.446290640794652,0.001838396086887073,-12.0,4.225902932911618,12.0,-0.0003689907254794261,-0.0004224064536828627,-0.000422406451844077,-0.0008446290640794653,0.001635941376773919,0.0004224064536824731
3,0.0030696395329949,-8.469065151491854,0.00183744172024447,-12.0,4.23728875670071,12.0,-0.0003664388578987765,-0.0004235451314982658,-0.000423545129660605,-0.0008469065151491855,0.001636805408196551,0.0004235451314980466
3,0.0030698395329949,-8.491826012926778,0.00183657626886502,-12.0,4.248667889232449,12.0,-0.0003638920601017476,-0.0004246831312967722,-0.0004246831294597821,-0.0008491826012926778,0.001637672466577866,0.0004246831312963584
3,0.0030700395329949,-8.514573726785597,0.001835620525795001,-12.0,4.260040312537695,12.0,-0.0003613372273590654,-0.0004258204692014271,-0.0004258204673655696,-0.0008514573726785598,0.001638529513478426,0.00042582046920119
3,0.0030702395329948997,-8.537307718246984,0.001834754124494964,-12.0,4.271406008657776,12.0,-0.0003587875073210872,-0.0004269571254537681,-0.000426957123618574,-0.0008537307718246985,0.00163938961930965,0.0004269571254533281
3,0.0030704395329949003,-8.560028490910522,0.001833797234356283,-12.0,4.282764959644768,12.0,-0.000356229716470563,-0.0004280931162412977,-0.0004280931144072439,-0.0008560028490910523,0.001640239667100585,0.0004280931162410412
3,0.0030706395329949,-8.582735468081149,0.001832930127622312,-12.0,4.294117147561309,12.0,-0.0003536770812623546,-0.0004292284217438368,-0.0004292284199104385,-0.0008582735468081148,0.001641092805818034,0.0004292284217433687
3,0.0030708395329949,-8.605429155317502,0.001831972334823018,-12.0,4.30546255448071,12.0,-0.000351116339266544,-0.0004303630582148665,-0.0004303630563826163,-0.0008605429155317502,0.001641935839838848,0.0004303630582145887
3,0.003071039532994901,-8.628108974002833,0.001831104783082349,-12.0,4.316801162487089,12.0,-0.0003485607958671477,-0.0004314970057708993,-0.0004314970039392958,-0.0008628108974002834,0.001642781996805454,0.0004314970057704006
3,0.0030712395329949007,-8.650775431702346,0.001830146348377859,-12.0,4.328132953675205,12.0,-0.0003459971095955139,-0.0004326302807329838,-0.0004326302789025362,-0.0008650775431702347,0.001643618002323155,0.0004326302807326827
3,0.0030714395329949013,-8.67342794782765,0.001829278629313258,-12.0,4.339457910150581,12.0,-0.0003434386648908383,-0.0004337628631526583,-0.0004337628613228482,-0.000867342794782765,0.001644457162827129,0.0004337628631521268
3,0.003071639532994901,-8.696067031999394,0.001828319831155056,-12.0,4.350776014029628,12.0,-0.0003408720411186977,-0.0004348947694201738,-0.0004348947675915275,-0.0008696067031999394,0.00164528612503223,0.0004348947694198473
3,0.003071839532994901,-8.718692101606106,0.001827452241250693,-12.0,4.362087247439452,12.0,-0.0003383107019004905,-0.0004360259795203874,-0.0004360259776923679,-0.0008718692101606106,0.001646118274286512,0.0004360259795198202
3,0.003072039532994901,-8.741303668374465,0.00182649337731311,-12.0,4.373391592518135,12.0,-0.0003357411473078192,-0.0004371565099144368,-0.0004371565080875889,-0.0008741303668374466,0.001646940178292478,0.0004371565099140822
3,0.003072239532994901,-8.763901147616213,0.001825626233447952,-12.0,4.384689031414542,12.0,-0.0003331769202722518,-0.0004382863405187155,-0.000438286338692483,-0.0008763901147616213,0.001647765301432291,0.0004382863405181094
3,0.003072439532994901,-8.786485053216543,0.001824667622329468,-12.0,4.395979546288442,12.0,-0.0003306044414425335,-0.0004394154878669961,-0.0004394154860419437,-0.0008786485053216543,0.001648580132273758,0.0004394154878666113
3,0.003072639532994901,-8.809054798354508,0.00182380126357895,-12.0,4.407263119310635,12.0,-0.0003280373331893682,-0.0004405439318053539,-0.0004405439299809043,-0.0008809054798354507,0.001649398214354725,0.0004405439318047056
3,0.003072839532994902,-8.83161089912851,0.001822843246733097,-12.0,4.418539732662786,12.0,-0.0003254619366084843,-0.0004416716889420238,-0.0004416716871187622,-0.0008831610899128511,0.001650205956985951,0.0004416716889416053
3,0.003073039532994902,-8.854152766526559,0.001821978036329774,-12.0,4.429809368537555,12.0,-0.0003228919536396729,-0.0004427987390508166,-0.0004427987372281445,-0.0008854152766526559,0.001651016982982423,0.0004427987390501225
3,0.003073239532994902,-8.876680918916714,0.001821020980094623,-12.0,4.441072009138709,12.0,-0.0003203136456949307,-0.0004439250988163166,-0.0004439250969948404,-0.0008876680918916714,0.001651817622274954,0.0004439250988158614
3,0.003073439532994902,-8.899194765035617,0.001820157307725445,-12.0,4.45232763668097,12.0,-0.0003177407944136706,-0.0004450507479380685,-0.0004450507461171672,-0.0008899194765035617,0.001652621577079016,0.0004450507479373244
3,0.003073639532994902,-8.921694825579415,0.001819201605606668,-12.0,4.463576233390134,12.0,-0.0003151595813926794,-0.0004461757031789485,-0.0004461757013592511,-0.0008921694825579416,0.001653415097820354,0.0004461757031784527
3,0.0030738395329949018,-8.944180506970127,0.001818339889821718,-12.0,4.474817781503195,12.0,-0.0003125838681025533,-0.0004472999441621361,-0.0004472999423429974,-0.0008944180506970128,0.001654211966238162,0.0004472999441613373
3,0.0030740395329949023,-8.966652332293167,0.001817385965138918,-12.0,4.486052263268152,12.0,-0.0003099997561923501,-0.0004484234877308419,-0.0004484234859129153,-0.0008966652332293168,0.001654998353129877,0.0004484234877303013
3,0.003074239532994902,-8.989109705589835,0.001816526656069239,-12.0,4.497279660944288,12.0,-0.0003074211870961602,-0.0004495463134296802,-0.0004495463116122953,-0.0008989109705589835,0.001655788119881652,0.0004495463134288219
3,0.003074439532994903,-9.01155315239806,0.001815574964775912,-12.0,4.508499956801943,12.0,-0.000304834182382252,-0.0004506684381843066,-0.0004506684363681418,-0.000901155315239806,0.001656567357537608,0.0004506684381837167
3,0.003074639532994903,-9.033982074309568,0.00181471854722437,-12.0,4.519713133122806,12.0,-0.0003022527635813954,-0.0004517898414584819,-0.0004517898396428397,-0.0009033982074309569,0.001657350007254643,0.0004517898414575582
3,0.0030748395329949028,-9.056396999380675,0.001813769581114677,-12.0,4.530919172199706,12.0,-0.0002996628720471767,-0.0004529105402625034,-0.0004529105384480895,-0.0009056396999380675,0.001658122080198665,0.0004529105402618592
3,0.0030750395329949033,-9.078797326681347,0.00181291657793814,-12.0,4.542118056336747,12.0,-0.0002970786095407019,-0.0004540305139768763,-0.0004540305121629642,-0.0009078797326681347,0.00165889759742166,0.0004540305139758809
3,0.003075239532994903,-9.101183586854777,0.001811970868220936,-12.0,4.553309767849428,12.0,-0.0002944858370667741,-0.0004551497796988252,-0.0004551497778861499,-0.0009101183586854777,0.001659662490085645,0.0004551497796981208
3,0.003075439532994903,-9.123555176373904,0.001811121844201846,-12.0,4.564494289064474,12.0,-0.0002918987367508258,-0.0004562683167231014,-0.0004562683149109053,-0.0009123555176373904,0.001660430859262818,0.0004562683167220273
3,0.0030756395329949032,-9.145912628539898,0.001810179965479719,-12.0,4.57567160231997,12.0,-0.0002893030891143039,-0.0004573861422362204,-0.0004573861404252689,-0.0009145912628539898,0.001661188555985516,0.000457386142235449
3,0.003075839532994903,-9.168255337149537,0.001809335531566703,-12.0,4.586841689965474,12.0,-0.0002867131567818176,-0.0004585032354445515,-0.0004585032336340552,-0.0009168255337149538,0.001661949761469383,0.0004585032354433907
3,0.003076039532994903,-9.190583838236524,0.0018083981064132,-12.0,4.598004534361863,12.0,-0.0002841146396560801,-0.0004596196136263906,-0.0004596196118171468,-0.0009190583838236525,0.001662700246493842,0.000459619613625545
3,0.003076239532994904,-9.212897522838212,0.001807558924502572,-12.0,4.609160117881449,12.0,-0.0002815218809961578,-0.000460735255896951,-0.0004607352540881357,-0.0009212897522838212,0.001663454272540998,0.0004607352558956946
3,0.003076439532994904,-9.235196929798166,0.001806626628483521,-12.0,4.620308422908075,12.0,-0.0002789204999507217,-0.0004618501796288874,-0.0004618501778213325,-0.0009235196929798166,0.00166419753001168,0.0004618501796279592
3,0.0030766395329949042,-9.257481447307494,0.001805793416951751,-12.0,4.63144943183711,12.0,-0.0002763249205487567,-0.0004629643638433777,-0.0004629643620362224,-0.0009257481447307495,0.001664944360779241,0.0004629643638420158
3,0.003076839532994904,-9.279751617100192,0.001804866984324249,-12.0,4.642583127075253,12.0,-0.0002737206810492915,-0.000464077826010113,-0.0004640778242042258,-0.0009279751617100192,0.001665680374740908,0.0004640778260090929
3,0.003077039532994904,-9.302006824428988,0.001804040524028938,-12.0,4.653709491040942,12.0,-0.0002711222863867879,-0.0004651905450531701,-0.0004651905432476508,-0.0009302006824428988,0.001666419994285184,0.0004651905450516914
3,0.003077239532994904,-9.324247614003001,0.001803120754322762,-12.0,4.664828506164193,12.0,-0.0002685151937952684,-0.0004663025385421099,-0.0004663025367378662,-0.0009324247614003002,0.001667148748680902,0.0004663025385409871
3,0.003077439532994904,-9.346473368040009,0.00180230189561037,-12.0,4.675940154886439,12.0,-0.0002659139892505352,-0.0004674137853006912,-0.000467413783496781,-0.000934647336804001,0.00166788114095362,0.0004674137852990828
3,0.0030776395329949044,-9.36868463431167,0.001801389660799124,-12.0,4.68704441966093,12.0,-0.0002633040488260463,-0.0004685243030012507,-0.0004685243011986234,-0.000936868463431167,0.001668602619621429,0.0004685243030000132
3,0.003077839532994904,-9.390880791899232,0.001800579331426633,-12.0,4.69814128295255,12.0,-0.0002607000396747383,-0.0004696340703638646,-0.0004696340685615329,-0.0009390880791899232,0.001669327768469397,0.0004696340703621124
3,0.003078039532994905,-9.413062391728934,0.00179967558438765,-12.0,4.709230727237805,12.0,-0.0002580872565741549,-0.0004707431051667079,-0.0004707431033656662,-0.0009413062391728934,0.001670041955140533,0.0004707431051653417
3,0.003078239532994905,-9.435228809637303,0.001798874798345285,-12.0,4.720312735004917,12.0,-0.0002554804479903555,-0.0004718513860225701,-0.0004718513842217824,-0.0009435228809637304,0.001670759844301761,0.0004718513860206572
3,0.003078439532994905,-9.457380599801267,0.001797980582338266,-12.0,4.731387288753947,12.0,-0.0002528648272699247,-0.0004729589308186715,-0.0004729589290191803,-0.0009457380599801268,0.001671466722598991,0.0004729589308171608
3,0.0030786395329949054,-9.47951713469891,0.001797190450180786,-12.0,4.74245437099663,12.0,-0.0002502552243275197,-0.0004740657180567368,-0.0004740657162574545,-0.000947951713469891,0.001672177335701241,0.000474065718054645
3,0.003078839532994905,-9.50163897185789,0.001796306909659151,-12.0,4.753513964256502,12.0,-0.0002476367709446509,-0.0004751717657363577,-0.0004751717639383775,-0.0009501638971857891,0.001672876889135422,0.0004751717657346843
3,0.0030790395329949047,-9.52374548027702,0.001795528650148537,-12.0,4.76456605106902,12.0,-0.0002450243786196182,-0.0004762770522441794,-0.0004762770504463585,-0.0009523745480277021,0.001673580209691883,0.0004762770522418871
3,0.0030792395329949053,-9.54583722093984,0.001794657043269865,-12.0,4.775610613981395,12.0,-0.0002424030974351871,-0.0004773815956956694,-0.0004773815938991555,-0.000954583722093984,0.001674272421660294,0.0004773815956938126
3,0.003079439532994905,-9.56791355923734,0.001793891996758834,-12.0,4.786647635552727,12.0,-0.000239787920608095,-0.0004784853743581141,-0.0004784853725617049,-0.0009567913559237341,0.001674968433069579,0.0004784853743555969
3,0.003079639532994905,-9.589975059718585,0.001793033709635683,-12.0,4.797677098354082,12.0,-0.0002371638163896073,-0.000479588406466509,-0.000479588404671411,-0.0009589975059718585,0.001675653286853374,0.0004795884064644448
3,0.003079839532994906,-9.61202108403056,0.001792283353589053,-12.0,4.808698984968497,12.0,-0.0002345458598490557,-0.0004806906701642611,-0.0004806906683692075,-0.0009612021084030561,0.001676341972394857,0.0004806906701614908
3,0.0030800395329949057,-9.634052200402468,0.001791439916765114,-12.0,4.819713277990781,12.0,-0.0002319189372746583,-0.000481792183809701,-0.0004817921820159617,-0.0009634052200402468,0.001677019451155393,0.0004817921838074016
3,0.0030802395329949063,-9.656067766591327,0.001790705883468746,-12.0,4.830719960027926,12.0,-0.0002292982057215814,-0.0004828929254175014,-0.0004828929236237398,-0.0009656067766591328,0.001677700793986991,0.0004828929254144457
3,0.003080439532994906,-9.678068354627023,0.001789878991092841,-12.0,4.841719013698941,12.0,-0.0002266684693847804,-0.0004839929134733513,-0.0004839929116809058,-0.0009678068354627023,0.001678370880764946,0.0004839929134707848
3,0.003080639532994906,-9.700053318221038,0.001789163088362411,-12.0,4.852710421634693,12.0,-0.0002240449674377615,-0.0004850921258580118,-0.00048509212406547,-0.0009700053318221038,0.001679044863920565,0.0004850921258546331
3,0.003080839532994906,-9.722023233329022,0.001788354620170907,-12.0,4.863694166478314,12.0,-0.0002214124218537228,-0.0004861905811886855,-0.0004861905793974596,-0.0009722023233329023,0.001679707541631381,0.0004861905811858143
3,0.003081039532994906,-9.743977449450616,0.001787658855401109,-12.0,4.874670230884998,12.0,-0.0002187861540555447,-0.0004872882572067047,-0.0004872882554153009,-0.0009743977449450617,0.00168037414801836,0.0004872882572029598
3,0.003081239532994906,-9.765916546598767,0.001786870902614091,-12.0,4.885638597522014,12.0,-0.0002161508036682414,-0.0004883851726651593,-0.000488385170875069,-0.0009765916546598768,0.001681029399450917,0.00048838517266194
3,0.003081439532994906,-9.78783986988167,0.001786197510647014,-12.0,4.896599249068782,12.0,-0.0002135217744941437,-0.0004894813051599754,-0.0004894813033696159,-0.0009787839869881672,0.001681688611845478,0.0004894813051558135
3,0.003081639532994907,-9.809748003506991,0.001785432406119281,-12.0,4.907552168216998,12.0,-0.0002108836236857509,-0.0004905766735847062,-0.0004905766717956555,-0.0009809748003506993,0.001682336419658759,0.0004905766735810879
3,0.003081839532994907,-9.831640287998827,0.001784783882150531,-12.0,4.918497337670478,12.0,-0.0002082518375531861,-0.0004916712553834706,-0.0004916712535940489,-0.0009831640287998827,0.001682988220704784,0.0004916712553788328
3,0.003082039532994907,-9.853517311902554,0.001784044235703774,-12.0,4.929434740145274,12.0,-0.0002056108906549614,-0.0004927650695950345,-0.0004927650678069129,-0.0009853517311902555,0.001683628567424877,0.000492765069590957
3,0.003082239532994907,-9.875378410949686,0.001783423373812543,-12.0,4.940364358369795,12.0,-0.0002029763519358768,-0.0004938580935047817,-0.0004938580917161749,-0.0009875378410949688,0.00168427293962925,0.0004938580934995983
3,0.003082439532994907,-9.89722417817299,0.001782712114023699,-12.0,4.951286175084652,12.0,-0.0002003326132419686,-0.0004949503463016699,-0.0004949503445143507,-0.0009897224178172992,0.001684905807645354,0.0004949503462970629
3,0.0030826395329949068,-9.91905394428504,0.001782122052691015,-12.0,4.962200173042777,12.0,-0.0001976953262775027,-0.0004960418051048194,-0.0004960418033168866,-0.000991905394428504,0.001685542733375955,0.0004960418050990086
3,0.0030828395329949073,-9.940868306961441,0.001781442476261219,-12.0,4.973106335009536,12.0,-0.0001950488000614092,-0.0004971324892585483,-0.0004971324874718852,-0.0009940868306961442,0.001686168104938934,0.0004971324892533275
3,0.003083039532994907,-9.962666591650013,0.001780886752472011,-12.0,4.984004643762582,12.0,-0.0001924087691801551,-0.0004982223757075461,-0.0004982223739201243,-0.0009962666591650014,0.001686797566419318,0.000498222375701011
3,0.003083239532994907,-9.98444940083031,0.001780242582922753,-12.0,4.994895082091965,12.0,-0.0001897594597148333,-0.0004993114839568385,-0.0004993114821706617,-0.0009984449400830312,0.001687415423637595,0.0004993114839509042
3,0.003083439532994908,-10.00621605441637,0.001779725196528137,-12.0,5.005777632800229,12.0,-0.000187116689254814,-0.0005003997907677446,-0.0005003997889806449,-0.001000621605441637,0.001688037402945319,0.0005003997907603701
3,0.0030836395329949078,-10.02796715985882,0.001779120654503252,-12.0,5.01665227870237,12.0,-0.0001844646008375417,-0.0005014873158115536,-0.0005014873140256662,-0.001002796715985882,0.001688647727781434,0.0005014873158047867
3,0.0030838395329949083,-10.04970203124259,0.001778646145371265,-12.0,5.02751900262581,12.0,-0.0001818190951733134,-0.0005025740356563954,-0.0005025740338693978,-0.001004970203124259,0.001689262206842956,0.0005025740356480439
3,0.003084039532994908,-10.07142128116064,0.001778086032862447,-12.0,5.038377787410475,12.0,-0.0001791642321557346,-0.0005036599701455042,-0.0005036599683596754,-0.001007142128116064,0.001689864981110234,0.0005036599701377613
3,0.003084239532994908,-10.0931242175432,0.001777659573821033,-12.0,5.049228615908924,12.0,-0.0001765159957316451,-0.0005047450956430044,-0.0005047450938558508,-0.00100931242175432,0.001690471941697358,0.0005047450956335104
3,0.003084439532994908,-10.11481145830103,0.001777149376118725,-12.0,5.060071470986188,12.0,-0.0001738583625569695,-0.0005058294321698992,-0.0005058294303838576,-0.001011481145830103,0.00169106714705558,0.0005058294321610069
3,0.003084639532994908,-10.13648230484804,0.001776776885398679,-12.0,5.070906335519886,12.0,-0.000171207399927896,-0.0005069129558742849,-0.0005069129540866719,-0.001013648230484804,0.001691666570781569,0.0005069129558634487
3,0.003084839532994908,-10.15813738058994,0.00177632289476648,-12.0,5.081733192400351,12.0,-0.0001685470011764667,-0.0005079956869608104,-0.0005079956851742355,-0.001015813738058994,0.001692254188734088,0.0005079956869505585
3,0.003085039532994909,-10.17977598002126,0.001776011173149961,-12.0,5.092552024530468,12.0,-0.0001658933170583868,-0.0005090776013481527,-0.0005090775995597206,-0.001017977598002126,0.001692846057048669,0.0005090776013357318
3,0.003085239532994909,-10.20139873221913,0.001775620640013909,-12.0,5.103362814825791,12.0,-0.0001632301575041767,-0.0005101587194304466,-0.0005101587176429571,-0.001020139873221913,0.00169342606893752,0.0005101587194185777
3,0.003085439532994909,-10.22300492430542,0.001775377538790757,-12.0,5.114165546214671,12.0,-0.0001605737568367016,-0.0005112390168818907,-0.0005112390150922105,-0.001022300492430542,0.001694010363122889,0.000511239016867588
3,0.003085639532994909,-10.24459519120143,0.00177505885783491,-12.0,5.124960201638058,12.0,-0.0001579078415174656,-0.0005123185142918242,-0.0005123185125029633,-0.001024459519120143,0.001694582750125018,0.0005123185142780223
3,0.003085839532994909,-10.26616881214326,0.001774893486139462,-12.0,5.135746764049777,12.0,-0.0001552487295418264,-0.0005133971870729127,-0.0005133971852814701,-0.001026616881214326,0.001695159451289507,0.0005133971870563639
3,0.003086039532994909,-10.2877264280595,0.001774656426690058,-12.0,5.146525216416347,12.0,-0.0001525800638468508,-0.0005144750560150918,-0.0005144750542243094,-0.00102877264280595,0.001695724194411663,0.0005144750559989657
3,0.003086239532994909,-10.30926730971478,0.001774579409267396,-12.0,5.157295541717087,12.0,-0.0001499182462037438,-0.0005155520962500295,-0.0005155520944562025,-0.001030926730971478,0.00169629328348575,0.000515552096230782
3,0.0030864395329949093,-10.33079210419126,0.001774435402838836,-12.0,5.168057722944244,12.0,-0.0001472468359839663,-0.0005166283287730787,-0.0005166283269797051,-0.001033079210419126,0.001696850363559377,0.0005166283287541407
3,0.003086639532994909,-10.35230007310772,0.001774459202924739,-12.0,5.178811743102836,12.0,-0.0001445823188368778,-0.0005177037284125019,-0.0005177037266155321,-0.001035230007310772,0.001697411821288353,0.0005177037283899911
3,0.00308683953299491,-10.37379186981843,0.001774421704888951,-12.0,5.189557585210766,12.0,-0.0001419081705443526,-0.000518778316372951,-0.0005187783145761661,-0.001037379186981843,0.001697961218964705,0.0005187783163505877
3,0.00308703953299491,-10.39526674601098,0.00177456103189666,-12.0,5.200295232298943,12.0,-0.0001392409607364892,-0.000519852067153189,-0.0005198520653521436,-0.001039526674601098,0.001698515025902902,0.0005198520671267047
3,0.00308723953299491,-10.41672536138808,0.00177464598039867,-12.0,5.211024667411098,12.0,-0.000136564081602189,-0.0005209250021696341,-0.0005209250003684239,-0.001041672536138808,0.001699056721645942,0.00052092500214307
3,0.0030874395329949103,-10.43816695678152,0.001774918309402906,-12.0,5.221745873604046,12.0,-0.000133894186857067,-0.0005219970955608237,-0.000521997093754546,-0.001043816695678152,0.001699602858149074,0.0005219970955294644
3,0.00308763953299491,-10.45959219825374,0.001775144712796273,-12.0,5.232458833947512,12.0,-0.0001312145851194921,-0.0005230683689552289,-0.0005230683671483268,-0.001045959219825374,0.001700136832229027,0.0005230683689234716
3,0.00308783953299491,-10.48100031467869,0.001775570952787131,-12.0,5.243163531524235,12.0,-0.0001285420143005631,-0.0005241387960945343,-0.0005241387942815739,-0.001048100031467869,0.001700675278445196,0.0005241387960571448
3,0.0030880395329949102,-10.50239197839334,0.001775961649209457,-12.0,5.253859949430101,12.0,-0.000125859699502219,-0.0005252083988163187,-0.0005252083970021275,-0.001050239197839334,0.001701201510930672,0.0005252083987780892
3,0.00308823953299491,-10.52376640498177,0.001776567011591457,-12.0,5.264548070773944,12.0,-0.0001231844629510717,-0.000526277150421149,-0.0005262771485996683,-0.001052376640498178,0.001701732246791376,0.0005262771503762352
3,0.00308843953299491,-10.54512427282756,0.001777149661694732,-12.0,5.27522787867782,12.0,-0.0001204994463271242,-0.0005273450729479819,-0.0005273450711244629,-0.001054512427282756,0.0017022507175396,0.0005273450729016126
3,0.003088639532994911,-10.56646478258962,0.001777964801579657,-12.0,5.285899356276827,12.0,-0.0001178215563093984,-0.000528412139201917,-0.0005284121373695599,-0.001056646478258962,0.001702773722747353,0.0005284121391475248
3,0.003088839532994911,-10.58778861825958,0.001778773201126516,-12.0,5.296562486719215,12.0,-0.0001151338513026776,-0.0005294783714085154,-0.0005294783695730355,-0.001058778861825958,0.001703284411393224,0.0005294783713518088
3,0.0030890395329949112,-10.60909496352956,0.001779835735577162,-12.0,5.307217253166504,12.0,-0.0001124533226026167,-0.0005305437418095495,-0.000530543739963257,-0.001060909496352956,0.00170379966540779,0.0005305437417430927
3,0.003089239532994911,-10.6303845072491,0.001780911573109556,-12.0,5.317863638793334,12.0,-0.0001097629455542731,-0.0005316082727919975,-0.0005316082709411107,-0.00106303845072491,0.001704302551350234,0.0005316082727220224
3,0.003089439532994911,-10.65165641354684,0.00178226812765514,-12.0,5.328501626787581,12.0,-0.0001070797962776232,-0.0005326719359479797,-0.0005326719340837245,-0.001065165641354684,0.001704810033371085,0.0005326719358659925
3,0.003089639532994911,-10.67291137491519,0.001783663370825028,-12.0,5.339131200350467,12.0,-0.0001043867673662206,-0.0005337347537851701,-0.0005337347519143008,-0.001067291137491519,0.001705305095755172,0.0005337347536979643
3,0.003089839532994911,-10.69414853254973,0.001785372378550587,-12.0,5.349752342696416,12.0,-0.000101701020039948,-0.0005347966971340142,-0.0005347966952464142,-0.001069414853254973,0.001705804784699727,0.0005347966970317865
3,0.003090039532994911,-10.71536858067189,0.001787152563793803,-12.0,5.360365037053163,12.0,-9.900536457717671e-05,-0.0005358577885588084,-0.0005358577866617843,-0.001071536858067189,0.001706292002393917,0.0005358577884489369
3,0.003090239532994911,-10.73657063307281,0.001789288155040314,-12.0,5.370969266661847,12.0,-9.631704767945962e-05,-0.0005369179979796486,-0.0005369179960613925,-0.001073657063307281,0.001706783876868401,0.0005369179978506807
3,0.003090439532994912,-10.75775538272521,0.001791536999350196,-12.0,5.381565014777001,12.0,-9.361879792777264e-05,-0.0005379773479178743,-0.0005379773459862281,-0.001075775538272521,0.001707263228434897,0.0005379773477777651
3,0.003090639532994912,-10.77892190993803,0.001794194503607294,-12.0,5.392152264666374,12.0,-9.092794805380319e-05,-0.0005390358071811067,-0.000539035805222082,-0.001077892190993803,0.001707747266695425,0.0005390358070162766
3,0.003090839532994912,-10.8000709018101,0.001797020490701851,-12.0,5.402730999611309,12.0,-8.822714582345376e-05,-0.0005400933980931485,-0.0005400933961150402,-0.00108000709018101,0.001708218730347211,0.0005400933979120607
3,0.003091039532994912,-10.8212013966874,0.001800324373086415,-12.0,5.413301202906574,12.0,-8.553381081139247e-05,-0.0005411500880670841,-0.0005411500860530244,-0.00108212013966874,0.001708694910246611,0.0005411500878533488
3,0.003091239532994912,-10.84231406857274,0.001803870356845483,-12.0,5.423862857860344,12.0,-8.283051124785556e-05,-0.0005422058989879495,-0.0005422058969464795,-0.001084231406857274,0.001709158463788496,0.00054220589875035
3,0.0030914395329949117,-10.86340790166877,0.001807985920030841,-12.0,5.434415947794293,12.0,-8.013475478950427e-05,-0.0005432607964691063,-0.0005432607943794402,-0.001086340790166877,0.001709626762699035,0.0005432607961874263
3,0.0030916395329949123,-10.88448354546992,0.001812443456211899,-12.0,5.444960456043714,12.0,-7.742903202608356e-05,-0.0005443148015758238,-0.0005443147994463066,-0.001088448354546992,0.001710082383438727,0.0005443148012587502
3,0.003091839532994912,-10.90553991198466,0.001817594526052346,-12.0,5.455496365957355,12.0,-7.473094063614044e-05,-0.0005453678775212002,-0.0005453678753255357,-0.001090553991198466,0.001710542778137869,0.0005453678771431303
3,0.003092039532994912,-10.92657760784405,0.001823225828846198,-12.0,5.466023660897551,12.0,-7.20228964526462e-05,-0.0005464200439382,-0.0005464200416836446,-0.001092657760784405,0.00171099044275197,0.0005464200435068705
3,0.003092239532994913,-10.94759544516554,0.001829722240220377,-12.0,5.476542324240324,12.0,-6.932259029959059e-05,-0.0005474712607180884,-0.0005474712583702882,-0.001094759544516554,0.001711442909247018,0.0005474712602000104
3,0.0030924395329949127,-10.9685939574963,0.00183689483875904,-12.0,5.487052339375237,12.0,-6.661236778582325e-05,-0.000548521545053394,-0.000548521542616753,-0.00109685939574963,0.001711882593566472,0.0005485215444536477
3,0.0030926395329949133,-10.98957181289527,0.001845176537407678,-12.0,5.497553689705514,12.0,-6.391001806693546e-05,-0.0005495708520437804,-0.0005495708494716342,-0.001098957181289527,0.001712327106811407,0.0005495708513168107
3,0.003092839532994913,-11.01052942056804,0.001854419879934177,-12.0,5.508046358648119,12.0,-6.119782393002385e-05,-0.0005506191947319968,-0.0005506191920223985,-0.001101052942056804,0.001712758785468449,0.0005506191938768186
3,0.003093039532994913,-11.03146523096632,0.001865130332864506,-12.0,5.518530329633756,12.0,-5.849368178285561e-05,-0.0005516665209784382,-0.000551666518064959,-0.001103146523096631,0.001713195318890359,0.0005516665199300892
3,0.003093239532994913,-11.05237947643013,0.001877219412950826,-12.0,5.529005586106683,12.0,-5.577982423086818e-05,-0.000552712836669374,-0.0005527128347921538,-0.001105237947643013,0.001713618964703734,0.0005527128366693732
3,0.003093439532994913,-11.07327014608143,0.001891346380617165,-12.0,5.539472111525101,12.0,-5.307427608504216e-05,-0.0005537580765144495,-0.0005537580746231022,-0.001107327014608143,0.001714047487997694,0.0005537580765144484
3,0.003093639532994913,-11.09413718443064,0.001907518713659684,-12.0,5.549929889360995,12.0,-5.035923332236472e-05,-0.0005548022370647351,-0.0005548022351572148,-0.001109413718443064,0.001714463072349404,0.0005548022370647336
3,0.003093839532994913,-11.11497804601762,0.001926573883628713,-12.0,5.56037890309999,12.0,-4.765287190697937e-05,-0.0005558452329216383,-0.0005558452309950623,-0.001111497804601762,0.001714883553468605,0.0005558452329216362
3,0.003094039532994914,-11.13579185586438,0.001948792547739053,-12.0,5.570819136241726,12.0,-4.493741768297685e-05,-0.0005568870343694021,-0.000556887032420606,-0.001113579185586438,0.001715291039606215,0.0005568870343693987
3,0.003094239532994914,-11.15657508092859,0.001975341387999041,-12.0,5.581250572299707,12.0,-4.223125095299297e-05,-0.0005579275230911762,-0.0005579275211158294,-0.001115657508092859,0.001715703438973037,0.0005579275230911709
3,0.003094439532994914,-11.17732545051144,0.002006966317180225,-12.0,5.591673194801156,12.0,-3.951670569180606e-05,-0.0005589666228484061,-0.0005589666208414313,-0.001117732545051144,0.001716102781644302,0.0005589666228483976
3,0.003094639532994914,-11.19803737565453,0.002045519336617563,-12.0,5.602086987287387,12.0,-3.681250590419072e-05,-0.000560004146795091,-0.0005600041447495575,-0.001119803737565453,0.001716507045129156,0.0005600041467950769
3,0.003094839532994914,-11.21870569277326,0.00209271066659511,-12.0,5.612491933313629,12.0,-3.410129091189432e-05,-0.0005610399222647268,-0.0005610399201719927,-0.001121870569277326,0.00171689817874654,0.0005610399222647035
3,0.0030950395329949138,-11.23932037762536,0.002151870745092488,-12.0,5.622888016449025,12.0,-3.140243783022502e-05,-0.0005620736145704344,-0.0005620736124185225,-0.001123932037762536,0.001717294221206089,0.0005620736145703932
3,0.0030952395329949143,-11.25986959005672,0.002226935319331158,-12.0,5.633275220276709,12.0,-2.869938759338889e-05,-0.0005631048284958104,-0.0005631048262688027,-0.001125986959005672,0.001717677032459508,0.0005631048284957379
3,0.003095439532994914,-11.28033260234145,0.002324802650115476,-12.0,5.643653528393928,12.0,-2.601298644303593e-05,-0.0005641328725745172,-0.0005641328702495785,-0.001128033260234146,0.001718064692078247,0.0005641328725743813
3,0.003095639532994915,-11.30068021237865,0.002455195780401098,-12.0,5.654022924411888,12.0,-2.332887292388376e-05,-0.0005651567728634085,-0.0005651567704079529,-0.001130068021237866,0.001718438940978478,0.0005651567728631487
3,0.003095839532994915,-11.32086209258034,0.002634879544602953,-12.0,5.664383391955868,12.0,-2.067182192197221e-05,-0.0005661748512416578,-0.000566174848606247,-0.001132086209258034,0.001718817838028075,0.0005661748512411265
3,0.0030960395329949148,-11.3407971732748,0.002890866079512833,-12.0,5.674734914665331,12.0,-1.803416589145194e-05,-0.0005671844048597248,-0.0005671844019677157,-0.00113407971732748,0.001719182897977234,0.0005671844048585819
3,0.0030962395329949153,-11.36034096842832,0.003271306177710764,-12.0,5.685077476193786,12.0,-1.545300993989582e-05,-0.0005681806170043971,-0.0005681806137303013,-0.001136034096842832,0.001719551948011433,0.0005681806170016076
3,0.003096439532994915,-11.3792397840818,0.003860753040301201,-12.0,5.695411060208882,12.0,-1.294312441596078e-05,-0.0005691550307251609,-0.0005691550268561051,-0.00113792397840818,0.001719905911204023,0.0005691550307168582
3,0.003096639532994915,-11.39704365571052,0.004809182963613878,-12.0,5.705735650392513,12.0,-1.058160870975595e-05,-0.0005700926467782831,-0.0005700926419337069,-0.001139704365571052,0.001720261855650509,0.0005700926467428899
3,0.0030968395329949152,-11.41303577894446,0.006355518275590999,-12.0,5.716051230440797,12.0,-8.444300565416335e-06,-0.0005709695714072458,-0.0005709695648610023,-0.001141303577894446,0.001720599985201687,0.0005709695712165208
3,0.003097039532994915,-11.4263301055923,0.008795095544537224,-12.0,5.72635778406391,12.0,-6.667900421859682e-06,-0.0005717562695846517,-0.0005717562600568417,-0.00114263301055923,0.001720938767841691,0.0005717562688519373
3,0.00309723487173608,-11.43614362285123,0.01222897832945885,-12.0,5.736415401209585,12.0,-5.342642260851169e-06,-0.0005724186431640627,-0.0005724186300590342,-0.001143614362285123,0.001721255948705189,0.0005724186422880126
3,0.00309743487173608,-11.44309662369416,0.01677038995682069,-12.0,5.746704064486213,12.0,-4.408928453580689e-06,-0.0005729933674529392,-0.0005729933506825492,-0.001144309662369417,0.001721590442927228,0.0005729933674529392
3,0.00309763487173608,-11.44762625339771,0.02211353673231158,-12.0,5.75698365293269,12.0,-3.792471842604397e-06,-0.000573487011620038,-0.0005734869895065013,-0.001144762625339771,0.001721918175910882,0.0005734870116200379
3,0.00309783487173608,-11.45053349981858,0.0279914136618512,-12.0,5.767254150316202,12.0,-3.405461853007821e-06,-0.0005739262736654351,-0.0005739262456740214,-0.001145053349981858,0.001722258073928441,0.000573926273665435
3,0.0030980341751740163,-11.45247071009746,0.03416274739303739,-12.0,5.777479817765759,12.0,-3.148739457356621e-06,-0.0005743317070372721,-0.0005743316728745247,-0.001145247071009746,0.001722596770455812,0.0005743317070372721
3,0.003098234175174016,-11.45380945842289,0.04055132097395064,-12.0,5.787732116185581,12.0,-2.985451713105991e-06,-0.0005747180795211631,-0.0005747180389698421,-0.001145380945842289,0.001722949342732133,0.0005747180795211631
3,0.003098434175174016,-11.45474870548609,0.04706696771575806,-12.0,5.797975274986359,12.0,-2.867160480720031e-06,-0.0005750908307270602,-0.0005750907836600924,-0.001145474870548609,0.001723292763923797,0.0005750908307270602
3,0.003098634175174016,-11.45542132593281,0.05366538558169522,-12.0,5.808209277992804,12.0,-2.792312137212099e-06,-0.0005754543892411108,-0.0005754543355757252,-0.001145542132593281,0.00172364328690446,0.0005754543892411109
3,0.003098834175174016,-11.45591324886314,0.06031792095546033,-12.0,5.81843410904397,12.0,-2.731577598632033e-06,-0.000575811618808851,-0.0005758115584909301,-0.001145591324886314,0.001723983150162922,0.000575811618808851
3,0.003099034175174016,-11.45627940662873,0.06700625241108273,-12.0,5.828649751993513,12.0,-2.695225702389732e-06,-0.0005761643499582432,-0.0005761642829519907,-0.001145627940662873,0.00172433007021529,0.0005761643499582432
3,0.003099234175174016,-11.45655679791876,0.07371803637984212,-12.0,5.838856190709508,12.0,-2.660923787054275e-06,-0.0005765138154329667,-0.0005765137417149303,-0.001145655679791876,0.001724666775606117,0.0005765138154329667
3,0.003099434175174017,-11.45676961245838,0.0804451989289249,-12.0,5.849053409074566,12.0,-2.643119507402537e-06,-0.0005768608210040626,-0.0005768607405693651,-0.001145676961245838,0.001725011063578388,0.0005768608210145641
3,0.003099634175174017,-11.45693524916479,0.08718192972283469,-12.0,5.859241390985945,12.0,-2.622090288257675e-06,-0.0005772059461192986,-0.0005772058589443815,-0.001145693524916479,0.001725345644606077,0.000577205946126311
3,0.003099834175174017,-11.45706518688073,0.0939243917807455,-12.0,5.869420120355403,12.0,-2.613914751527532e-06,-0.0005775495728529069,-0.0005775494789330741,-0.001145706518688074,0.001725688223816494,0.0005775495728574658
3,0.003100034175174017,-11.45716839899289,0.1006695832780184,-12.0,5.879589581109307,12.0,-2.599967248673295e-06,-0.0005778919997802343,-0.0005778918991135455,-0.001145716839899289,0.001726021447450889,0.0005778919997831289
3,0.003100234175174017,-11.45725067311445,0.1074155643172516,-12.0,5.889749757188748,12.0,-2.597035514914004e-06,-0.0005782334192853486,-0.0005782333118715852,-0.001145725067311445,0.001726362928529559,0.0005782334192871498
3,0.003100434175174017,-11.45731705238413,0.1141606431672636,-12.0,5.899900632549394,12.0,-2.587012788752602e-06,-0.0005785739989371104,-0.0005785738847775699,-0.001145731705238414,0.001726695265327075,0.000578573998938213
3,0.0031006341751740173,-11.45737056548957,0.1209037995858772,-12.0,5.910042191161597,12.0,-2.58702302336997e-06,-0.0005789138391569053,-0.0005789137182537724,-0.001145737056548957,0.001727035999649882,0.0005789138391575721
3,0.003100834175174017,-11.45741427725214,0.127644001296283,-12.0,5.92017441701051,12.0,-2.579230439949429e-06,-0.0005792530415710229,-0.0005792529139274213,-0.001145741427725214,0.001727367703110261,0.0005792530415714227
3,0.003101034175174018,-11.45744977982313,0.1343807069181833,-12.0,5.930297294095908,12.0,-2.580926094207276e-06,-0.0005795916587175339,-0.0005795915243370656,-0.001145744977982313,0.001727707866167117,0.0005795916587177725
3,0.003101234175174018,-11.45747907398127,0.1411132388729449,-12.0,5.940410806432443,12.0,-2.574426800491909e-06,-0.0005799297567558075,-0.0005799296156427109,-0.001145747907398127,0.001728039051399039,0.0005799297567559498
3,0.003101434175174018,-11.45750295749574,0.1478413205922622,-12.0,5.950514938049468,12.0,-2.577106387953777e-06,-0.0005802673617456358,-0.0005802672139044001,-0.001145750295749574,0.001728378712967605,0.0005802673617457206
3,0.0031016341751740183,-11.45752282695553,0.1545644759124201,-12.0,5.960609672991156,12.0,-2.57137311861823e-06,-0.0005806045197078225,-0.0005806043651433977,-0.001145752282695553,0.001728709416789676,0.0005806045197078736
3,0.003101834175174018,-11.45753901951119,0.161282581823456,-12.0,5.970694995316597,12.0,-2.57463894343843e-06,-0.0005809412413492832,-0.0005809410800667323,-0.001145753901951119,0.001729048590598302,0.0005809412413493141
3,0.003102034175174018,-11.45755257415127,0.167995281380809,-12.0,5.980770889099661,12.0,-2.569370593695576e-06,-0.0005812775607718663,-0.0005812773927766039,-0.001145755257415127,0.001729378811214854,0.0005812775607718853
3,0.0031022341751740182,-11.45756355147134,0.1747025437786684,-12.0,5.99083733842911,12.0,-2.572993805491475e-06,-0.0005816134794650326,-0.0005816133047625003,-0.001145756355147134,0.001729717485612659,0.0005816134794650442
3,0.003102434175174018,-11.45757277237591,0.1814040847866011,-12.0,6.000894327408703,12.0,-2.568015650731906e-06,-0.0005819490242622028,-0.0005819488428581254,-0.001145757277237591,0.001730047205571132,0.0005819490242622101
3,0.003102634175174018,-11.45758012733622,0.1880999303264069,-12.0,6.010941840157022,12.0,-2.571862231766835e-06,-0.000582284190983057,-0.0005822840028831313,-0.001145758012733622,0.001730385360159934,0.0005822841909830615
3,0.003102834175174019,-11.45758630139368,0.1947898414749864,-12.0,6.020979860807735,12.0,-2.567070909623025e-06,-0.0005826190019332719,-0.0005826188071434334,-0.001145758630139368,0.001730714557995435,0.0005826190019332749
3,0.003103034175174019,-11.45759107857551,0.2014738796552168,-12.0,6.031008373509375,12.0,-2.57106071034883e-06,-0.0005829534493854141,-0.0005829532479115362,-0.001145759107857551,0.001731052171475858,0.0005829534493854158
3,0.0031032341751740192,-11.45759505789231,0.2081518346407396,-12.0,6.041027362425613,12.0,-2.566393670448317e-06,-0.0005832875527784862,-0.0005832873446266528,-0.001145759505789232,0.001731380826759384,0.0005832875527784873
3,0.003103434175174019,-11.45759795589467,0.2148237903665501,-12.0,6.051036811735066,12.0,-2.570477585889305e-06,-0.0005836213021368508,-0.0005836210873130611,-0.001145759795589467,0.001731717879984306,0.0005836213021368515
3,0.003103634175174019,-11.45760031631054,0.2214895550537326,-12.0,6.06103670563142,12.0,-2.56589600150383e-06,-0.0005839547150577684,-0.0005839544935682139,-0.001145760031631054,0.001732045974997981,0.0005839547150577688
3,0.003103834175174019,-11.45760181239881,0.2281492270879056,-12.0,6.071027028323536,12.0,-2.570043144574672e-06,-0.0005842877801235628,-0.000584287551974336,-0.001145760181239881,0.001732382451730554,0.000584287780123563
3,0.003104034175174019,-11.45760295179822,0.2348026267399511,-12.0,6.081007764035301,12.0,-2.565522255145943e-06,-0.0005846205137295348,-0.0005846202789269084,-0.001145760295179822,0.001732709971643575,0.000584620513729535
3,0.003104234175174019,-11.45760337963183,0.2414498617941384,-12.0,6.090978897005742,12.0,-2.569712660272288e-06,-0.0005849529035211601,-0.0005849526620712985,-0.001145760337963183,0.001733045858379367,0.0005849529035211604
3,0.003104434175174019,-11.45760357953654,0.248090760542175,-12.0,6.100940411489137,12.0,-2.565236236843792e-06,-0.000585284965094696,-0.0005852847170039355,-0.001145760357953654,0.001733372790874386,0.0005852849650946963
3,0.00310463417517402,-11.45760317807766,0.2547254369744445,-12.0,6.110892291754865,12.0,-2.569456643713004e-06,-0.0005856166854780419,-0.0005856164307526051,-0.001145760317807766,0.001733708076379641,0.0005856166854780421
3,0.00310483417517402,-11.45760264257115,0.2613537248431319,-12.0,6.120834522087523,12.0,-2.565013761498019e-06,-0.0005859480797244392,-0.0005859478183707144,-0.001145760264257115,0.00173403441116423,0.0005859480797244392
3,0.00310503417517402,-11.45760158713594,0.2679757423077543,-12.0,6.130767086787027,12.0,-2.569255132099542e-06,-0.0005862791344479273,-0.000586278866472185,-0.001145760158713594,0.001734369085998408,0.0005862791344479273
3,0.00310523417517402,-11.45760046770229,0.2745913269360372,-12.0,6.140689970168473,12.0,-2.56483824976881e-06,-0.0005866098643232435,-0.0005866095897319166,-0.001145760046770229,0.001734694814363238,0.0005866098643232436
3,0.00310543417517402,-11.45759888989023,0.2812005997407557,-12.0,6.150603156562245,12.0,-2.569094274309501e-06,-0.0005869402556821489,-0.0005869399744815492,-0.001145759888989023,0.001735028870479273,0.0005869402556821489
3,0.0031056341751740197,-11.45759730146071,0.2878034010331554,-12.0,6.160506630314099,12.0,-2.564698064822936e-06,-0.0005872703229280944,-0.0005872700351246934,-0.001145759730146071,0.001735353984943243,0.0005872703229280944
3,0.0031058341751740203,-11.45759530212497,0.2943998538160865,-12.0,6.170400375785153,12.0,-2.568964241396966e-06,-0.0005876000521969068,-0.0005875997577970528,-0.001145759530212497,0.001735687415379843,0.0005876000521969067
3,0.00310603417517402,-11.45759333360838,0.3009898004330162,-12.0,6.18028437735172,12.0,-2.564584863036327e-06,-0.0005879294576918705,-0.0005879291567020699,-0.001145759333360838,0.001736011909423031,0.0005879294576918704
3,0.00310623417517402,-11.45759099144548,0.3075733652995162,-12.0,6.190158619405669,12.0,-2.56885791675816e-06,-0.0005882585254106153,-0.00058825821783725,-0.001145759099144548,0.001736344708072707,0.0005882585254106153
3,0.003106434175174021,-11.45758871277141,0.3141503923097476,-12.0,6.200023086354252,12.0,-2.564492547377052e-06,-0.0005885872694044505,-0.0005885869552540581,-0.001145758871277142,0.001736668575936664,0.0005885872694044504
3,0.0031066341751740207,-11.45758609012795,0.3207210068973699,-12.0,6.209877762620101,12.0,-2.568770054745103e-06,-0.0005889156755722731,-0.0005889153548512663,-0.001145758609012795,0.001737000737374304,0.0005889156755722731
3,0.0031068341751740213,-11.45758355706208,0.3272850541731521,-12.0,6.219722632641309,12.0,-2.564416586973984e-06,-0.0005892437578468157,-0.0005892434305617615,-0.001145758355706208,0.001737323973913882,0.0005892437578468157
3,0.003107034175174021,-11.45758070395138,0.3338426603128314,-12.0,6.229557680871538,12.0,-2.568696727187496e-06,-0.0005895715020558708,-0.0005895711682132104,-0.001145758070395138,0.001737655493266003,0.0005895715020558707
3,0.003107234175174021,-11.45757796146646,0.34039367140662,-12.0,6.239382891779877,12.0,-2.564353564373539e-06,-0.0005898989220373257,-0.0005898985816436542,-0.001145757796146647,0.001737978093836653,0.0005898989220373257
3,0.003107434175174021,-11.45757491841478,0.3469382141742772,-12.0,6.249198249850949,12.0,-2.568634951039718e-06,-0.0005902260035676673,-0.000590225656629453,-0.001145757491841478,0.001738308966683982,0.0005902260035676672
3,0.003107634175174021,-11.4575720031085,0.3534761355129433,-12.0,6.25900373958502,12.0,-2.56430086771487e-06,-0.0005905527604072077,-0.0005905524069310722,-0.00114575720031085,0.001738630927052382,0.0005905527604072076
3,0.003107834175174021,-11.45756880322089,0.3600075625411884,-12.0,6.268799345497854,12.0,-2.56858243263696e-06,-0.0005908791782956666,-0.000590878818288104,-0.001145756880322089,0.001738961149351565,0.0005908791782956666
3,0.003108034175174021,-11.45756574509121,0.3665323428345291,-12.0,6.278585052120826,12.0,-2.564256477258729e-06,-0.0005912052709286297,-0.0005912049043962869,-0.001145756574509121,0.001739282465629083,0.0005912052709286297
3,0.003108234175174022,-11.45756241558547,0.3730506038014834,-12.0,6.288360844000996,12.0,-2.56853738871024e-06,-0.0005915310240199512,-0.0005915306509693475,-0.001145756241558547,0.001739612033651478,0.0005915310240199512
3,0.003108434175174022,-11.45755923936298,0.3795621935984556,-12.0,6.29812670570111,12.0,-2.564218814682412e-06,-0.0005918564512102655,-0.0005918560716480719,-0.001145755923936298,0.001739932702236858,0.0005918564512102654
3,0.003108634175174022,-11.45755580273242,0.3860672398405475,-12.0,6.30788262179943,12.0,-2.568498418978927e-06,-0.0005921815381958881,-0.0005921811521286483,-0.001145755580273242,0.001740261612517907,0.0005921815381958884
3,0.003108834175174022,-11.45755252889982,0.3925655911895091,-12.0,6.317628576890088,12.0,-2.564186634959609e-06,-0.0005925062985700578,-0.0005925059060044667,-0.001145755252889982,0.001740581630052887,0.0005925062985700579
3,0.003109034175174022,-11.45754900381074,0.3990573754025458,-12.0,6.327364555582943,12.0,-2.568464414064274e-06,-0.0005928307180180397,-0.0005928303189606643,-0.001145754900381074,0.001740909879350584,0.0005928307180180397
3,0.0031092341751740218,-11.45754564939603,0.4055424415873453,-12.0,6.337090542503447,12.0,-2.564158947659434e-06,-0.0005931548100916103,-0.0005931544045491687,-0.001145754564939603,0.001741229242682034,0.0005931548100916103
3,0.0031094341751740223,-11.45754205139119,0.41202091759215,-12.0,6.346806522292995,12.0,-2.568434488004643e-06,-0.0005934785604700846,-0.000593478148449167,-0.001145754205139119,0.001741556827942847,0.0005934785604700846
3,0.003109634175174022,-11.45753863059362,0.4184926529236308,-12.0,6.356512479608785,12.0,-2.564134958897514e-06,-0.0005938019826685154,-0.0005938015641758625,-0.001145753863059362,0.001741875534091711,0.0005938019826685155
3,0.003109834175174023,-11.45753497265082,0.4249577754803385,-12.0,6.366208399123671,12.0,-2.568407928171296e-06,-0.0005941250623643332,-0.0005941246374065578,-0.001145753497265082,0.001742202452423297,0.0005941250623643332
3,0.003110034175174023,-11.45753149734073,0.4314161351298773,-12.0,6.375894265526533,12.0,-2.564114028000541e-06,-0.0005944478130396657,-0.0005944473816235305,-0.001145753149734073,0.001742520498556686,0.0005944478130396655
3,0.0031102341751740228,-11.45752779033199,0.4378678597849994,-12.0,6.38557006352209,12.0,-2.568384157666131e-06,-0.0005947702203733446,-0.0005947697825058493,-0.001145752779033199,0.001742846747201587,0.0005947702203737091
3,0.0031104341751740233,-11.45752427046935,0.4443127996454898,-12.0,6.395235777830909,12.0,-2.564095634378075e-06,-0.0005950922978182449,-0.0005950918535057423,-0.001145752427046935,0.001743164130611863,0.0005950922978185419
3,0.003110634175174023,-11.45752052348896,0.4507510826227843,-12.0,6.404891393189481,12.0,-2.56836270616786e-06,-0.000595414031056412,-0.000595413580305587,-0.001145752052348896,0.001743489706927293,0.0005954140310566697
3,0.003110834175174023,-11.45751696739186,0.4571825592192019,-12.0,6.414536894350327,12.0,-2.564079353876229e-06,-0.0005957354335129047,-0.0005957349763305534,-0.001145751696739187,0.001743806425016341,0.0005957354335131126
3,0.0031110341751740232,-11.45751318808308,0.4636073573111611,-12.0,6.424172266081855,12.0,-2.568343190375193e-06,-0.0005960564908768882,-0.0005960560272697121,-0.001145751318808308,0.001744131326460666,0.0005960564908770694
3,0.003111234175174023,-11.45750960277349,0.4700253276856338,-12.0,6.433797493168472,12.0,-2.564064838413261e-06,-0.0005963772165481398,-0.0005963767465229561,-0.001145750960277349,0.001744447376718177,0.0005963772165482838
3,0.003111434175174023,-11.45750579757508,0.4764365981714424,-12.0,6.443412560410684,12.0,-2.568325294006025e-06,-0.0005966975962237981,-0.000596697119787326,-0.001145750579757508,0.001744771600831559,0.0005966975962239242
3,0.003111634175174024,-11.45750218896059,0.4828410198229772,-12.0,6.453017452624961,12.0,-2.564051800853011e-06,-0.0005970176432800999,-0.0005970171604391787,-0.00114575021889606,0.001745086980825813,0.0005970176432801983
3,0.003111834175174024,-11.45749836329328,0.4892387204066641,-12.0,6.462612154643839,12.0,-2.568308756098419e-06,-0.0005973373434236308,-0.0005973368541849971,-0.001145749836329328,0.001745410525220013,0.0005973373434237175
3,0.0031120341751740242,-11.45749473635076,0.4956295512300751,-12.0,6.472196651316002,12.0,-2.564040003828878e-06,-0.0005976567100085271,-0.0005976562143790415,-0.001145749473635076,0.00174572523258508,0.0005976567100085927
3,0.003112234175174024,-11.45749089478395,0.5020136399852669,-12.0,6.481770927506275,12.0,-2.568293360534447e-06,-0.0005979757287520427,-0.000597975226738461,-0.001145749089478395,0.001746048094932701,0.0005979757287521008
3,0.003112434175174024,-11.4574872537111,0.5083908382210185,-12.0,6.491334968095463,12.0,-2.564029250434869e-06,-0.0005982944129874023,-0.0005982939045966061,-0.00114574872537111,0.001746362127359904,0.0005982944129874445
3,0.003112634175174024,-11.45748340010088,0.5147612735450106,-12.0,6.50088875798069,12.0,-2.568278927753449e-06,-0.0005986127484435301,-0.0005986122336822945,-0.001145748340010088,0.001746684305387617,0.000598612748443568
3,0.003112834175174024,-11.45747974844197,0.521124797737525,-12.0,6.510432282075249,12.0,-2.564019376835211e-06,-0.0005989307484337471,-0.0005989302273089747,-0.001145747974844197,0.001746997660615781,0.0005989307484337724
3,0.0031130341751740244,-11.45747588604564,0.5274815383135861,-12.0,6.519965525308584,12.0,-2.568265308145408e-06,-0.0005992483986994768,-0.0005992478712179615,-0.001145747588604565,0.001747319152093759,0.0005992483986994998
3,0.003113234175174024,-11.45747222679607,0.5338313472765797,-12.0,6.529488472626377,12.0,-2.564010246347823e-06,-0.0005995657125349664,-0.0005995651787036325,-0.001145747222679607,0.001747631827905038,0.0005995657125349798
3,0.003113434175174025,-11.45746835836773,0.5401743520421739,-12.0,6.539001108990645,12.0,-2.568252376745568e-06,-0.0005998826756948347,-0.0005998821355204949,-0.001145746835836773,0.001747952630642975,0.0005998826756948471
3,0.003113634175174025,-11.45746469406128,0.54651040482995,-12.0,6.548503419379614,12.0,-2.564001744679732e-06,-0.0006001993014549618,-0.0006001987549445618,-0.001145746469406128,0.001748264624854103,0.0006001993014549665
3,0.003113834175174025,-11.45746082193152,0.5528396329504782,-12.0,6.557995388787809,12.0,-2.56824002894749e-06,-0.0006005155755837284,-0.0006005150227441001,-0.001145746082193152,0.001748584736695277,0.000600515575583733
3,0.0031140341751740254,-11.45745715471336,0.5591618888337345,-12.0,6.56747700222617,12.0,-2.563993776064371e-06,-0.0006008315113392451,-0.0006008309521773548,-0.001145745715471336,0.001748896047155544,0.0006008315113392435
3,0.003114234175174025,-11.45745328085608,0.5654772996805809,-12.0,6.576948244721907,12.0,-2.568228177018809e-06,-0.0006011470945041335,-0.0006011465290268329,-0.001145745328085608,0.001749215465971397,0.0006011470945041326
3,0.0031144341751740247,-11.45744961254382,0.5717857181263445,-12.0,6.58640910131861,12.0,-2.563986260114828e-06,-0.0006014623383192325,-0.0006014617665335084,-0.001145744961254382,0.001749526090556112,0.0006014623383192266
3,0.0031146341751740253,-11.45744573863218,0.5780872712583646,-12.0,6.595859557076347,12.0,-2.568216747255345e-06,-0.0006017772285818031,-0.0006017766504945271,-0.001145744573863218,0.001749844814244325,0.0006017772285817983
3,0.003114834175174025,-11.45744207076723,0.5843818119131816,-12.0,6.605299597071506,12.0,-2.563979129247676e-06,-0.0006020917785158417,-0.0006020911941340206,-0.001145744207076723,0.001750154750852505,0.0006020917785158324
3,0.003115034175174025,-11.45743819822061,0.5906694670613695,-12.0,6.614729206397029,12.0,-2.568205677646075e-06,-0.0006024059739335737,-0.0006024053832640989,-0.001145743819822061,0.001750472777332457,0.000602405973933566
3,0.003115234175174026,-11.4574345321112,0.5969500897371671,-12.0,6.624148370162248,12.0,-2.563972326564106e-06,-0.0006027198280425196,-0.0006027192310924184,-0.00114574345321112,0.001750782023884071,0.0006027198280425081
3,0.0031154341751740257,-11.45743066213475,0.603223806791697,-12.0,6.633557073492992,12.0,-2.568194915949457e-06,-0.0006030333266701394,-0.0006030327234463226,-0.001145743066213476,0.001751099351094116,0.0006030333266701295
3,0.0031156341751740263,-11.45742699889218,0.6094904714539211,-12.0,6.642955301531686,12.0,-2.563965804102015e-06,-0.0006033464830077896,-0.0006033458735173051,-0.001145742699889218,0.001751407905527161,0.0006033464830077765
3,0.003115834175174026,-11.45742313251003,0.6157502104533823,-12.0,6.652343039437195,12.0,-2.568184418102698e-06,-0.0006036592828983927,-0.0006036586671481709,-0.001145742313251003,0.001751724531422961,0.0006036592828983814
3,0.003116034175174026,-11.45741947307915,0.6220028772111348,-12.0,6.661720272385049,12.0,-2.563959521387786e-06,-0.0006039717395174056,-0.0006039711175145141,-0.001145741947307915,0.001752032391691577,0.0006039717395173914
3,0.003116234175174026,-11.45741561116239,0.6282485983334086,-12.0,6.671086985567293,12.0,-2.568174146903292e-06,-0.0006042838387234008,-0.0006042832104747901,-0.001145741561116239,0.001752348314244282,0.0006042838387233884
3,0.003116434175174026,-11.4574119563473,0.6344872274311038,-12.0,6.680443164192581,12.0,-2.563953444233933e-06,-0.0006045955936761628,-0.0006045949591889202,-0.00114574119563473,0.001752655478316381,0.0006045955936761477
3,0.003116634175174026,-11.45740809963757,0.6407188909857242,-12.0,6.689788793486283,12.0,-2.568164070911272e-06,-0.0006049069902500692,-0.000604906349531165,-0.001145740809963757,0.001752970695509773,0.0006049069902500559
3,0.003116834175174026,-11.45740445012331,0.6469434427961768,-12.0,6.699123858690347,12.0,-2.563947543737537e-06,-0.0006052180415894327,-0.0006052173946459743,-0.001145740445012331,0.001753277161366822,0.0006052180415894171
3,0.003117034175174027,-11.45740059925271,0.6531610092179748,-12.0,6.708448345063408,12.0,-2.56815416353459e-06,-0.0006055287335845571,-0.0006055280804235342,-0.001145740059925271,0.001753591671197351,0.0006055287335845433
3,0.003117234175174027,-11.45739695562348,0.6593714442364634,-12.0,6.717762237880879,12.0,-2.563941795444668e-06,-0.0006058390793644574,-0.0006058384199929973,-0.001145739695562348,0.001753897436831793,0.0006058390793644415
3,0.003117434175174027,-11.45739311113134,0.6655748740802594,-12.0,6.727065522434799,12.0,-2.568144402265337e-06,-0.0006061490648354682,-0.0006061483992605798,-0.001145739311113134,0.001754211237306966,0.000606149064835454
3,0.003117634175174027,-11.45738947388601,0.6717711529196884,-12.0,6.736358184034065,12.0,-2.563936178650771e-06,-0.000606458703111454,-0.0006064580313402848,-0.001145738947388601,0.001754516300721894,0.0006064587031114377
3,0.003117834175174027,-11.45738563623308,0.6779604068557741,-12.0,6.745640208004271,12.0,-2.568134768038951e-06,-0.0006067679801148642,-0.0006067673021544428,-0.001145738563623308,0.001754829389858857,0.0006067679801148498
3,0.0031180341751740268,-11.45738200579815,0.6841424902425528,-12.0,6.754911579687807,12.0,-2.563930675814553e-06,-0.0006070769089445419,-0.0006070762248020352,-0.001145738200579815,0.001755133749066998,0.0006070769089445255
3,0.0031182341751740273,-11.45737817537862,0.6903175290529099,-12.0,6.764172284443964,12.0,-2.568125244698195e-06,-0.0006073854755391201,-0.0006073847852215763,-0.001145737817537862,0.001755446124891933,0.0006073854755391054
3,0.003118434175174027,-11.45737455211928,0.6964853778235854,-12.0,6.773422307648797,12.0,-2.563925272066849e-06,-0.0006076936929825379,-0.0006076929964971433,-0.001145737455211928,0.001755749777914731,0.0006076936929825212
3,0.003118634175174027,-11.45737072927085,0.7026461623987922,-12.0,6.782661634695235,12.0,-2.568115818541861e-06,-0.0006080015472296592,-0.000608000844583482,-0.001145737072927085,0.001756061438462865,0.0006080015472296444
3,0.003118834175174028,-11.4573671135003,0.7087997374970938,-12.0,6.791890250993168,12.0,-2.563919954796703e-06,-0.0006083090513496241,-0.0006083083425498699,-0.00114573671135003,0.001756364383329708,0.0006083090513496074
3,0.0031190341751740278,-11.45736329851279,0.7149462288337627,-12.0,6.801108141969326,12.0,-2.568106477946007e-06,-0.0006086161913135713,-0.0006086154763673276,-0.001145736329851279,0.001756675326643597,0.0006086161913135563
3,0.0031192341751740283,-11.45735969050011,0.7210854913082713,-12.0,6.810315293067376,12.0,-2.563914713303651e-06,-0.0006089229801759272,-0.0006089222590904191,-0.001145735969050011,0.001756977561391906,0.0006089229801759105
3,0.003119434175174028,-11.4573558836227,0.7272176505067605,-12.0,6.819511689747994,12.0,-2.568097213044481e-06,-0.0006092294039241384,-0.0006092286767064729,-0.00114573558836227,0.001757287785521153,0.0006092294039241234
3,0.003119634175174028,-11.45735228359952,0.7333425615089786,-12.0,6.828697317488843,12.0,-2.563909538504776e-06,-0.0006095354755980033,-0.000609534742255425,-0.001145735228359952,0.001757589308195518,0.0006095354755979865
3,0.003119834175174028,-11.45734848504689,0.7394603497717269,-12.0,6.837872161784534,12.0,-2.568088015459358e-06,-0.0006098411812012957,-0.000609840441740931,-0.001145734848504689,0.001757898811197186,0.0006098411812012808
3,0.003120034175174028,-11.45734489321307,0.7455708705543151,-12.0,6.847036208146712,12.0,-2.563904422687174e-06,-0.0006101465337592563,-0.000610145788188369,-0.001145734489321307,0.001758199619848177,0.0006101465337592396
3,0.003120234175174028,-11.4573411031706,0.7516742491842369,-12.0,6.856189442104146,12.0,-2.568078878073981e-06,-0.000610451519292006,-0.0006104507676177417,-0.00114573411031706,0.001758508399786478,0.000610451519291991
3,0.003120434175174029,-11.45733751969895,0.7577703410998138,-12.0,6.865331849202607,12.0,-2.563899359299333e-06,-0.0006107561508102961,-0.0006107553930399383,-0.001145733751969895,0.001758808492471482,0.0006107561508102794
3,0.003120634175174029,-11.45733373832714,0.763859271499114,-12.0,6.874463415004959,12.0,-2.568069794841823e-06,-0.0006110604143505996,-0.000611059650491313,-0.001145733373832714,0.001759116547416048,0.0006110604143505845
3,0.003120834175174029,-11.45733016336756,0.7699408959990168,-12.0,6.883584125091265,12.0,-2.563894342774771e-06,-0.0006113643229092416,-0.0006113635529683289,-0.001145733016336756,0.001759415922199266,0.000611364322909225
3,0.003121034175174029,-11.45732639080575,0.7760153396682546,-12.0,6.892693965058654,12.0,-2.568060760623293e-06,-0.0006116678625390549,-0.0006116670865237002,-0.001145732639080575,0.001759723250225731,0.00061166786253904
3,0.003121234175174029,-11.4573228244886,0.7820824583016895,-12.0,6.901792920521418,12.0,-2.563889368382519e-06,-0.0006119710462219895,-0.0006119702641395145,-0.00114573228244886,0.001760021905176794,0.0006119710462219729
3,0.003121434175174029,-11.45731906085813,0.7881423768388567,-12.0,6.910880977111117,12.0,-2.568051771049027e-06,-0.0006122738600272411,-0.0006122730718848493,-0.001145731906085813,0.001760328504366452,0.0006122738600272261
3,0.003121634175174029,-11.45731550329719,0.7941949512522234,-12.0,6.919958120476442,12.0,-2.563884432101569e-06,-0.0006125763169224385,-0.0006125755227274705,-0.001145731550329719,0.00176062643756065,0.0006125763169224219
3,0.0031218341751740293,-11.45731174870409,0.8002403063521405,-12.0,6.929024336283321,12.0,-2.568042822403791e-06,-0.0006128784029931331,-0.0006128776027528117,-0.001145731174870409,0.001760932306001588,0.0006128784029931181
3,0.003122034175174029,-11.45730819999903,0.8062782982883259,-12.0,6.938079610214986,12.0,-2.563879530513596e-06,-0.0006131801311926826,-0.0006131793249143678,-0.001145730819999903,0.001761229515519679,0.0006131801311926661
3,0.00312223417517403,-11.45730445453632,0.8123090517421988,-12.0,6.947123927971976,12.0,-2.568033911527784e-06,-0.0006134814876229927,-0.000613480675313926,-0.001145730445453632,0.00176153465130481,0.0006134814876229777
3,0.00312243417517403,-11.45730091477476,0.8183324230402419,-12.0,6.956157275271975,12.0,-2.563874660712613e-06,-0.00061378248522319,-0.0006137816668907503,-0.001145730091477476,0.001761831135232994,0.0006137824852231734
3,0.00312263417517403,-11.45729717852437,0.8243485367350633,-12.0,6.965179637850145,12.0,-2.568025035733726e-06,-0.0006140831101115233,-0.0006140822857629715,-0.001145729717852437,0.001762135536460063,0.0006140831101115082
3,0.0031228341751740303,-11.45729364778372,0.8303572493297612,-12.0,6.974191001458997,12.0,-2.56386982022803e-06,-0.0006143833752129401,-0.0006143825448556742,-0.001145729364778372,0.001762431292890893,0.0006143833752129236
3,0.00312303417517403,-11.45728992081811,0.8363586852482313,-12.0,6.983191351868254,12.0,-2.568016192735904e-06,-0.0006146832666620172,-0.0006146824303033171,-0.001145728992081811,0.001762734957663105,0.0006146832666620024
3,0.00312323417517403,-11.45728639916705,0.8423527011697657,-12.0,6.992180674865187,12.0,-2.563865006959673e-06,-0.0006149827973695588,-0.000614981955016841,-0.001145728639916705,0.001763029984693175,0.0006149827973695422
3,0.0031234341751740302,-11.45728268155065,0.848339421389942,-12.0,7.001158956254453,12.0,-2.568007380590343e-06,-0.0006152819534864661,-0.0006152811051470297,-0.001145728268155065,0.001763332911119524,0.0006152819534864511
3,0.00312363417517403,-11.45727916905043,0.8543187027638993,-12.0,7.010126181858093,12.0,-2.563860219122505e-06,-0.0006155807479094359,-0.0006155798935907166,-0.001145727916905043,0.001763627206850781,0.0006155807479094193
3,0.00312383417517403,-11.45727546084079,0.8602906694590131,-12.0,7.019082337515611,12.0,-2.56799859764363e-06,-0.0006158791668056747,-0.0006158783065149904,-0.001145727546084079,0.001763929393045564,0.0006158791668056597
3,0.003124034175174031,-11.45727195754631,0.8662551785060824,-12.0,7.028027409084063,12.0,-2.563855455199727e-06,-0.0006161772230578145,-0.0006161763568026195,-0.001145727195754631,0.001764222955585408,0.0006161772230577981
3,0.003124234175174031,-11.45726825879514,0.8722123539445522,-12.0,7.036961382437936,12.0,-2.567989842489968e-06,-0.0006164749028493533,-0.0006164740306369845,-0.001145726825879514,0.00176452439966656,0.0006164749028493385
3,0.0031244341751740312,-11.45726476475588,0.8781620529805145,-12.0,7.045884243469241,12.0,-2.563850713903314e-06,-0.000616772219048889,-0.0006167713408868196,-0.001145726476475588,0.001764817227127498,0.0006167722190488727
3,0.003124634175174031,-11.45726107550987,0.8841043995257899,-12.0,7.054795978087615,12.0,-2.567981113934425e-06,-0.0006170691578561973,-0.000617068273751783,-0.001145726107550987,0.001765117927219258,0.0006170691578561825
3,0.003124834175174031,-11.4572575907707,0.8900392509615488,-12.0,7.063696572220184,12.0,-2.56384599413924e-06,-0.0006173657321258799,-0.0006173648420866126,-0.001145725759077071,0.001765410017717938,0.0006173657321258636
3,0.003125034175174031,-11.45725391107229,0.8959667310721433,-12.0,7.072586011811671,12.0,-2.567972410961971e-06,-0.0006176619280739675,-0.0006176610321072216,-0.001145725391107229,0.001765709971948955,0.0006176619280739528
3,0.003125234175174031,-11.45725043567413,0.9018866974136159,-12.0,7.081464282824465,12.0,-2.563841294979525e-06,-0.0006179577585411013,-0.0006179568566543875,-0.001145725043567413,0.001766001323608658,0.0006179577585410849
3,0.003125434175174031,-11.45724676556209,0.9077992736432171,-12.0,7.09033137123861,12.0,-2.567963732710121e-06,-0.0006182532097595538,-0.0006182523019602655,-0.001145724676556209,0.001766300530112693,0.0006182532097595393
3,0.003125634175174031,-11.45724329954249,0.9137043174914988,-12.0,7.099187263051666,12.0,-2.563836615637642e-06,-0.000618548294556033,-0.0006185473808516992,-0.001145724329954248,0.001766591141059269,0.0006185482945560167
3,0.003125834175174032,-11.45723963905247,0.9196019524888387,-12.0,7.108031944279021,12.0,-2.567955078447647e-06,-0.000618842999179033,-0.0006188420795770656,-0.001145723963905247,0.001766889597975143,0.0006188429991790182
3,0.003126034175174032,-11.45723618244607,0.9254920365402429,-12.0,7.116865400953765,12.0,-2.563831955447425e-06,-0.0006191373364413685,-0.0006191364109493158,-0.001145723618244607,0.001767179466341439,0.0006191373364413523
3,0.003126234175174032,-11.45723253161107,0.9313746930493988,-12.0,7.125687619126565,12.0,-2.567946447553858e-06,-0.0006194312926077313,-0.0006194303612330237,-0.001145723253161107,0.001767477171812591,0.0006194312926077166
3,0.003126434175174032,-11.45722908445005,0.9372497800954387,-12.0,7.134498584865984,12.0,-2.563827313845601e-06,-0.0006197248804770707,-0.0006197239432272745,-0.001145722908445005,0.001767766295735495,0.0006197248804770545
3,0.003126634175174032,-11.45722544330076,0.9431174209558268,-12.0,7.143298284258329,12.0,-2.567937839503563e-06,-0.0006200180863302647,-0.0006200171432128293,-0.001145722544330076,0.001768063247909991,0.0006200180863302502
3,0.0031268341751740317,-11.45722200561517,0.9489774738835484,-12.0,7.152086703407647,12.0,-2.563822690356576e-06,-0.000620310922952426,-0.0006203099739749361,-0.001145722200561517,0.001768351625531191,0.0006203109229524099
3,0.0031270341751740323,-11.45721837418031,0.9548300620300189,-12.0,7.160863828435804,12.0,-2.567929253852319e-06,-0.0006206033766405932,-0.0006206024218105167,-0.001145721837418031,0.00176864782256269,0.0006206033766405786
3,0.003127234175174032,-11.4572149459984,0.9606750438219522,-12.0,7.169629645482568,12.0,-2.563818084579769e-06,-0.0006208954601660777,-0.0006208944994910178,-0.00114572149459984,0.001768935452029359,0.0006208954601660616
3,0.003127434175174032,-11.45721132430502,0.9665125422850398,-12.0,7.178384140705494,12.0,-2.567920690225116e-06,-0.00062118715984206,-0.0006211861933295031,-0.001145721132430502,0.001769230892075014,0.0006211871598420455
3,0.003127634175174033,-11.45720790565346,0.9723424160194153,-12.0,7.187127300280013,12.0,-2.563813496178476e-06,-0.0006214784884260758,-0.0006214775160836439,-0.001145720790565346,0.001769517771538439,0.0006214784884260598
3,0.0031278341751740327,-11.45720429372716,0.9781647879253834,-12.0,7.195859110399533,12.0,-2.56791214830579e-06,-0.0006217694322474295,-0.0006217684540826269,-0.001145720429372716,0.001769812452762674,0.0006217694322474149
3,0.0031280341751740333,-11.45720088463127,0.9839795167763379,-12.0,7.204579557275309,12.0,-2.56380892487031e-06,-0.0006220600040499131,-0.0006220590200703804,-0.001145720088463127,0.001770098580379022,0.0006220600040498972
3,0.003128234175174033,-11.45719728249639,0.9897867253473941,-12.0,7.21328862713654,12.0,-2.567903627829052e-06,-0.0006223501901789293,-0.0006223492003921894,-0.001145719728249639,0.001770392500948289,0.0006223501901789146
3,0.003128434175174033,-11.45719388298036,0.9955862725850416,-12.0,7.221986306230466,12.0,-2.563804370419724e-06,-0.0006226400033645585,-0.0006226390077782699,-0.001145719388298036,0.001770677874879379,0.0006226400033645424
3,0.003128634175174033,-11.45719029066018,1.001378281139558,-12.0,7.230672580822239,12.0,-2.567895128572572e-06,-0.0006229294299682827,-0.000622928428589987,-0.001145719029066018,0.001770971032967102,0.0006229294299682682
3,0.003128834175174033,-11.45718690074717,1.007162610130223,-12.0,7.239347437195023,12.0,-2.563799832631281e-06,-0.0006232184827064959,-0.0006232174755438698,-0.001145718690074717,0.001771255651378882,0.0006232184827064801
3,0.003129034175174033,-11.45718331826405,1.012939382082807,-12.0,7.248010861650059,12.0,-2.567886650350517e-06,-0.0006235071479567396,-0.0006235061350173431,-0.001145718331826406,0.001771548045161785,0.0006235071479567251
3,0.003129234175174033,-11.45717993797638,1.018708456289259,-12.0,7.256662840506642,12.0,-2.563795311343188e-06,-0.0006237954384217543,-0.0006237944197132818,-0.001145717993797638,0.001771831906225166,0.0006237954384217382
3,0.003129434175174034,-11.45717636535186,1.02446995515107,-12.0,7.26530336010209,12.0,-2.567878193009115e-06,-0.0006240833404951163,-0.0006240823160251467,-0.001145717636535186,0.001772123533886596,0.000624083340495102
3,0.003129634175174034,-11.4571729947111,1.030223738132593,-12.0,7.273932406791821,12.0,-2.563790806422974e-06,-0.0006243708668659386,-0.0006243698366421846,-0.00114571729947111,0.001772406635777445,0.0006243708668659228
3,0.003129834175174034,-11.45716943196604,1.035969927511432,-12.0,7.282549966949441,12.0,-2.567869756421152e-06,-0.0006246580039438154,-0.0006246569679738734,-0.001145716943196604,0.001772697495503605,0.000624658003943801
3,0.003130034175174034,-11.4571660709931,1.041708382924162,-12.0,7.291156026966622,12.0,-2.563786317763311e-06,-0.0006249447644042618,-0.000624943722695863,-0.00114571660709931,0.001772979836403028,0.000624944764404246
3,0.003130234175174034,-11.45716251814775,1.047439226524702,-12.0,7.299750573253196,12.0,-2.567861340482796e-06,-0.0006252311346728636,-0.0006252300872336228,-0.001145716251814776,0.001773269926386463,0.0006252311346728494
3,0.0031304341751740338,-11.457159166863,1.053162318121712,-12.0,7.308333592237249,12.0,-2.563781845277818e-06,-0.0006255171274115695,-0.0006255160742492355,-0.0011457159166863,0.001773551504479782,0.0006255171274115537
3,0.0031306341751740343,-11.4571556239371,1.058877779745768,-12.0,7.316905070364998,12.0,-2.567852945109836e-06,-0.0006258027290619375,-0.0006258016701841433,-0.00114571556239371,0.001773840822917132,0.0006258027290619231
3,0.003130834175174034,-11.4571522823604,1.064585471377314,-12.0,7.325464994100886,12.0,-2.563777388898503e-06,-0.0006260879522723729,-0.0006260868876868857,-0.00114571522823604,0.001774121636394608,0.0006260879522723572
3,0.003131034175174035,-11.45714874937322,1.070285514923944,-12.0,7.334013349927674,12.0,-2.567844570234648e-06,-0.0006263727835003873,-0.0006263717132148581,-0.001145714874937322,0.001774410181488203,0.000626372783500373
3,0.003131234175174035,-11.45714541752402,1.075977770537718,-12.0,7.342550124346293,12.0,-2.563772948573009e-06,-0.0006266572353808731,-0.0006266561594030868,-0.001145714541752402,0.001774690228545914,0.0006266572353808575
3,0.0031314341751740348,-11.45714189449443,1.081662360003493,-12.0,7.351075303876056,12.0,-2.567836215804454e-06,-0.0006269412943872704,-0.0006269402127248963,-0.001145714189449443,0.001774977998501414,0.0006269412943872563
3,0.0031316341751740353,-11.4571385723918,1.087339143644791,-12.0,7.35958887505452,12.0,-2.563768524262277e-06,-0.0006272249731409887,-0.0006272238858018293,-0.00114571385723918,0.001775257277339445,0.000627224973140973
3,0.003131834175174035,-11.45713505933833,1.093008243123983,-12.0,7.368090824437569,12.0,-2.567827881778675e-06,-0.0006275082581313729,-0.0006275071651231155,-0.001145713505933833,0.00177554427036869,0.0006275082581313587
3,0.003132034175174035,-11.457131747001,1.098669518935884,-12.0,7.376581138599514,12.0,-2.563764115938836e-06,-0.0006277911619663786,-0.000627790063296844,-0.0011457131747001,0.001775822779192332,0.000627791161966363
3,0.0031322341751740352,-11.45712824394186,1.104323092620736,-12.0,7.385059804132963,12.0,-2.567819568127526e-06,-0.0006280736711512368,-0.00062807256682813,-0.001145712824394186,0.001776108993512171,0.0006280736711512227
3,0.003132434175174035,-11.45712494138829,1.109968824844353,-12.0,7.393526807648923,12.0,-2.563759723584845e-06,-0.0006283557982804725,-0.0006283546883116321,-0.001145712494138829,0.001776386730531331,0.0006283557982804571
3,0.003132634175174035,-11.45712144834143,1.115606837025202,-12.0,7.40198213577689,12.0,-2.567811274829879e-06,-0.000628637529875183,-0.0006286364142683319,-0.001145712144834143,0.001776672164362572,0.0006286375298751688
3,0.003132834175174036,-11.4571181555898,1.121236989999929,-12.0,7.410425775164696,12.0,-2.56375534719081e-06,-0.0006289188785164922,-0.0006289177572794865,-0.00114571181555898,0.001776949127792029,0.0006289188785164767
3,0.003133034175174036,-11.45711467257293,1.126859405065475,-12.0,7.41885771247873,12.0,-2.567803001872613e-06,-0.0006291998307413396,-0.0006291987038819205,-0.001145711467257293,0.001777233779361603,0.0006291998307413255
3,0.0031332341751740362,-11.4571113896412,1.13247394322917,-12.0,7.42727793440379,12.0,-2.563750986754522e-06,-0.0006294803991174776,-0.0006294792666435187,-0.00114571113896412,0.001777509967421416,0.000629480399117462
3,0.003133434175174036,-11.45710791667181,1.138080725666674,-12.0,7.435686427643171,12.0,-2.567794749249513e-06,-0.0006297605701976639,-0.000629759432116924,-0.001145710791667181,0.00177779383496003,0.0006297605701976498
3,0.003133634175174036,-11.45710464357775,1.143679613555836,-12.0,7.444083178918762,12.0,-2.563746642279825e-06,-0.0006300403565363081,-0.0006300392128566792,-0.001145710464357775,0.001778069245875623,0.0006300403565362928
3,0.003133834175174036,-11.45710118067311,1.149270727951377,-12.0,7.4524681749709,12.0,-2.567786516959592e-06,-0.0006303197447019663,-0.0006303185954312243,-0.001145710118067311,0.00177835232761917,0.0006303197447019523
3,0.003134034175174036,-11.45709791743429,1.154853930201422,-12.0,7.460841402558578,12.0,-2.563742313776048e-06,-0.0006305987472357311,-0.0006305975923817854,-0.001145709791743429,0.001778626959620067,0.0006305987472357156
3,0.0031342341751740364,-11.45709446461153,1.160429341240083,-12.0,7.469202848459303,12.0,-2.567778305006983e-06,-0.000630877350721936,-0.0006308761902925808,-0.001145709446461153,0.001778909253809628,0.0006308773507219221
3,0.003134434175174036,-11.45709121124536,1.165996822585524,-12.0,7.477552499469189,12.0,-2.563738001256788e-06,-0.0006311555676883821,-0.0006311544016915439,-0.001145709121124536,0.001779183105130698,0.0006311555676883665
3,0.003134634175174037,-11.45708776852145,1.171556495051577,-12.0,7.485890342403042,12.0,-2.567770113400028e-06,-0.0006314333847351605,-0.0006314322131786514,-0.001145708776852145,0.001779464610012601,0.0006314333847351466
3,0.003134834175174037,-11.45708452504518,1.177108220326303,-12.0,7.494216364094248,12.0,-2.563733704739393e-06,-0.00063171081437681,-0.0006317096372685741,-0.001145708452504518,0.001779737678893294,0.0006317108143767945
3,0.003135034175174037,-11.45708109243694,1.182652119103464,-12.0,7.502530551394858,12.0,-2.567761942150753e-06,-0.0006319878432291534,-0.0006319866605770203,-0.001145708109243694,0.00178001839271824,0.0006319878432291394
3,0.0031352341751740374,-11.4570778588677,1.188188053240869,-12.0,7.510832891175684,12.0,-2.563729424244674e-06,-0.000632264483793497,-0.0006322632956054281,-0.00114570778588677,0.00178029067740381,0.0006322644837934815
3,0.003135434175174037,-11.45707443639182,1.193716143312552,-12.0,7.519123370326172,12.0,-2.567753791273886e-06,-0.0006325407227013756,-0.0006325395289852187,-0.001145707443639182,0.001780570598427942,0.000632540722701362
3,0.0031356341751740367,-11.45707121274659,1.199236251345795,-12.0,7.527401975754502,12.0,-2.56372515979617e-06,-0.0006328165724408861,-0.0006328153732046193,-0.001145707121274659,0.00178084209716799,0.0006328165724408708
3,0.0031358341751740373,-11.45706780041964,1.204748497795233,-12.0,7.535668694387649,12.0,-2.567745660787102e-06,-0.0006330920196592554,-0.0006330908149107438,-0.001145706780041964,0.001781121223651681,0.0006330920196592416
3,0.003136034175174037,-11.45706458671531,1.210252744857503,-12.0,7.54392351317136,12.0,-2.563720911420126e-06,-0.000633367076831401,-0.0006333658665786409,-0.001145706458671531,0.001781391934701271,0.0006333670768313857
3,0.003136234175174037,-11.45706118455375,1.215749112868082,-12.0,7.552166419070126,12.0,-2.567737550710025e-06,-0.0006336417306202182,-0.0006336405148710915,-0.001145706118455375,0.001781670264910271,0.0006336417306202044
3,0.003136434175174038,-11.45705798080709,1.221237464192707,-12.0,7.560397399067248,12.0,-2.563716679144622e-06,-0.0006339159934874694,-0.0006339147722499899,-0.001145705798080709,0.001781940186528843,0.0006339159934874541
3,0.0031366341751740377,-11.45705458882726,1.226717919048076,-12.0,7.568616440164934,12.0,-2.567729461064297e-06,-0.0006341898521116996,-0.0006341886253937669,-0.001145705458882726,0.001782217718734737,0.0006341898521116859
3,0.0031368341751740383,-11.45705139505494,1.232190339968867,-12.0,7.576823529384173,12.0,-2.563712462999497e-06,-0.0006344633189415457,-0.0006344620867511906,-0.001145705139505494,0.001782486849187024,0.0006344633189415306
3,0.003137034175174038,-11.45704801327311,1.237654847053201,-12.0,7.585018653764827,12.0,-2.567721391873299e-06,-0.0006347363806711764,-0.0006347351430163157,-0.001145704801327311,0.001782763581665402,0.0006347363806711627
3,0.003137234175174038,-11.45704482949171,1.243111303004558,-12.0,7.593201800365722,12.0,-2.563708263015938e-06,-0.0006350090497361315,-0.0006350078066248133,-0.001145704482949171,0.001783031919221475,0.0006350090497361163
3,0.003137434175174038,-11.45704145792404,1.248559827802821,-12.0,7.601372956264529,12.0,-2.567713343161776e-06,-0.0006352813128461845,-0.000635280064286343,-0.001145704145792404,0.001783307850253222,0.0006352813128461709
3,0.003137634175174038,-11.45703828415003,1.254000284319997,-12.0,7.609532108557856,12.0,-2.563704079226508e-06,-0.0006355531824238011,-0.0006355519284235015,-0.001145703828415003,0.001783575393187965,0.000635553182423786
3,0.003137834175174038,-11.45703492281261,1.259432792418069,-12.0,7.617679244361333,12.0,-2.567705314955606e-06,-0.0006358246451943399,-0.0006358233857615338,-0.001145703492281261,0.001783850521058866,0.0006358246451943264
3,0.003138034175174038,-11.4570317590624,1.26485721513743,-12.0,7.625814350809498,12.0,-2.563699911664929e-06,-0.0006360957135672218,-0.0006360944487099916,-0.00114570317590624,0.001784117267652373,0.0006360957135672069
3,0.003138234175174039,-11.45702840797121,1.27027367222237,-12.0,7.633937415055883,12.0,-2.56769730728155e-06,-0.0006363663742833651,-0.0006363651040096792,-0.001145702840797121,0.001784391590653337,0.0006363663742833514
3,0.003138434175174039,-11.45702525426113,1.275682026881502,-12.0,7.642048424273086,12.0,-2.563695760365813e-06,-0.0006366366397391736,-0.0006366353640571314,-0.001145702525426113,0.001784657539189936,0.0006366366397391585
3,0.003138634175174039,-11.4570219134321,1.281082398741816,-12.0,7.650147365652761,12.0,-2.56768932016757e-06,-0.0006369064966911082,-0.0006369052156086958,-0.00114570219134321,0.001784931055617752,0.0006369064966910945
3,0.003138834175174039,-11.45701876977837,1.286474651179855,-12.0,7.658234226405483,12.0,-2.56369162536427e-06,-0.0006371759575225777,-0.0006371746710479115,-0.001145701876977837,0.001785196204388108,0.0006371759575225628
3,0.003139034175174039,-11.45701543922735,1.291858903705552,-12.0,7.666308993761039,12.0,-2.567681353641946e-06,-0.0006374450090055623,-0.0006374437171466449,-0.001145701543922735,0.00178546891254286,0.0006374450090055487
3,0.0031392341751740388,-11.45701230564615,1.297235019863363,-12.0,7.674371654968316,12.0,-2.563687506696477e-06,-0.0006377136635105105,-0.0006377123662754757,-0.001145701230564615,0.001785733259841859,0.0006377136635104954
3,0.0031394341751740393,-11.45700898538889,1.302603119046363,-12.0,7.682422197295181,12.0,-2.567673407733743e-06,-0.0006379819078248954,-0.0006379806052217627,-0.001145700898538889,0.001786005158030873,0.0006379819078248819
3,0.003139634175174039,-11.45700586189632,1.307963064966644,-12.0,7.690460608028774,12.0,-2.563683404399058e-06,-0.0006382497543062281,-0.0006382484463431481,-0.001145700586189632,0.001786268702158544,0.000638249754306213
3,0.003139834175174039,-11.45700255194853,1.313314976900889,-12.0,7.698486874475369,12.0,-2.567665482472505e-06,-0.0006385171897574614,-0.000638515876442471,-0.001145700255194853,0.00178653978869266,0.000638517189757448
3,0.00314003417517404,-11.4569994385606,1.318658718728591,-12.0,7.706500983960375,12.0,-2.563679318508735e-06,-0.0006387842265231934,-0.0006387829078644597,-0.00114569994385606,0.001786802527954667,0.0006387842265231785
3,0.0031402341751740398,-11.45699613893792,1.323994409610226,-12.0,7.714502923828394,12.0,-2.567657577888213e-06,-0.0006390508514218303,-0.0006390495274274071,-0.001145699613893792,0.001787072801149838,0.0006390508514218169
3,0.0031404341751740403,-11.45699303567059,1.32932191359259,-12.0,7.722492681443317,12.0,-2.563675249062951e-06,-0.0006393170767850877,-0.000639315747463159,-0.001145699303567059,0.001787334733857175,0.0006393170767850727
3,0.00314063417517404,-11.45698974638857,1.334641349720279,-12.0,7.730470244188204,12.0,-2.567649694011384e-06,-0.000639582889446806,-0.0006395815548054427,-0.001145698974638857,0.001787604192034665,0.0006395828894467926
3,0.00314083417517404,-11.45698665325774,1.33995258220712,-12.0,7.738435599465373,12.0,-2.563671196099367e-06,-0.0006398483017258401,-0.0006398469617732431,-0.001145698665325774,0.001787865316502355,0.0006398483017258254
3,0.0031410341751740402,-11.45698337433189,1.345255729982159,-12.0,7.746388734696483,12.0,-2.567641830872354e-06,-0.0006401133004714458,-0.0006401119552157024,-0.001145698337433189,0.001788133957989838,0.0006401133004714324
3,0.00314123417517404,-11.45698029135336,1.350550657426114,-12.0,7.754329637322428,12.0,-2.563667159655868e-06,-0.0006403778979896464,-0.0006403765474389739,-0.001145698029135336,0.001788394272538074,0.0006403778979896315
3,0.00314143417517404,-11.45697702279912,1.355837483352682,-12.0,7.762258294803416,12.0,-2.567633988502232e-06,-0.0006406420811450867,-0.00064064072530759,-0.001145697702279912,0.001788662095666897,0.0006406420811450734
3,0.003141634175174041,-11.45697394998867,1.361116072309319,-12.0,7.770174694619035,12.0,-2.563663139770478e-06,-0.0006409058622309865,-0.0006409045011148993,-0.001145697394998867,0.001788921598622398,0.0006409058622309717
3,0.003141834175174041,-11.45697069182139,1.366386542994754,-12.0,7.778078824268255,12.0,-2.567626166932009e-06,-0.0006411692281273635,-0.0006411678617408071,-0.001145697069182139,0.001789188601728905,0.0006411692281273502
3,0.0031420341751740412,-11.45696762919471,1.371648760122887,-12.0,7.785970671269289,12.0,-2.563659136481391e-06,-0.0006414321911146549,-0.00064143081946588,-0.001145696762919471,0.001789447291422652,0.0006414321911146402
3,0.003142234175174041,-11.45696438142971,1.37690284227773,-12.0,7.793850223159875,12.0,-2.567618366192714e-06,-0.0006416947380882279,-0.0006416933611853722,-0.001145696438142971,0.001789713472849282,0.0006416947380882145
3,0.003142434175174041,-11.45696132900244,1.382148654339605,-12.0,7.801717467497172,12.0,-2.563655149827236e-06,-0.0006419568813157715,-0.0006419554991671022,-0.001145696132900244,0.001789971347617158,0.0006419568813157568
3,0.003142634175174041,-11.45695809165497,1.387386314778002,-12.0,7.809572391857635,12.0,-2.567610586315799e-06,-0.0006422186077079767,-0.0006422172203216488,-0.001145695809165497,0.001790236705710987,0.0006422186077079633
3,0.003142834175174041,-11.45695504944267,1.392615688639395,-12.0,7.817414983837315,12.0,-2.56365117984617e-06,-0.0006424799295198067,-0.0006424785369041035,-0.001145695504944267,0.001790493763895059,0.000642479929519792
3,0.0031430341751740414,-11.45695182252792,1.397836894279203,-12.0,7.825245231051708,12.0,-2.567602827332613e-06,-0.0006427408336772638,-0.0006427394358403562,-0.001145695182252792,0.001790758297007981,0.0006427408336772505
3,0.003143234175174041,-11.45694879054611,1.403049796909827,-12.0,7.833063121135765,12.0,-2.563647226576832e-06,-0.0006430013324226085,-0.0006429999293727968,-0.001145694879054611,0.001791014536954372,0.0006430013324225938
3,0.003143434175174042,-11.4569455740792,1.408254514772798,-12.0,7.840868641743945,12.0,-2.567595089274638e-06,-0.000643261412697128,-0.0006432600044426,-0.00114569455740792,0.001791278243444393,0.0006432614126971148
3,0.003143634175174042,-11.45694255234333,1.413450913246345,-12.0,7.848661780550313,12.0,-2.563643290057574e-06,-0.0006435210867304115,-0.0006435196732794837,-0.001145694255234333,0.001791533663504854,0.0006435210867303969
3,0.003143834175174042,-11.45693934633933,1.41863911045843,-12.0,7.856442525248416,12.0,-2.567587372173291e-06,-0.0006437803414790118,-0.000643778922839888,-0.001145693934633933,0.001791796541734773,0.0006437803414789986
3,0.0031440341751740424,-11.45693633486479,1.42381897195284,-12.0,7.864210863551373,12.0,-2.563639370327275e-06,-0.0006440391891598679,-0.0006440377653408814,-0.001145693633486479,0.001792051140266276,0.0006440391891598533
3,0.003144234175174042,-11.45693313933871,1.428990615744301,-12.0,7.871966783191962,12.0,-2.567579676060015e-06,-0.0006442976167447793,-0.0006442961877541504,-0.001145693313933871,0.001792313188604095,0.0006442976167447662
3,0.003144434175174042,-11.45693013814082,1.434153907542012,-12.0,7.879710271922505,12.0,-2.563635467424114e-06,-0.0006445556364380639,-0.0006445542022841418,-0.001145693013814082,0.001792566963968877,0.0006445556364380494
3,0.0031446341751740423,-11.45692695310762,1.439308965247663,-12.0,7.887441317514956,12.0,-2.567572000966396e-06,-0.0006448132352267423,-0.0006448117959177641,-0.001145692695310762,0.001792828180787469,0.0006448132352267292
3,0.003144834175174042,-11.45692396220166,1.444455654735736,-12.0,7.895159907760982,12.0,-2.563631581386768e-06,-0.0006450704253025393,-0.0006450689808468699,-0.001145692396220166,0.001793081131352933,0.0006450704253025246
3,0.003145034175174042,-11.45692078767622,1.449594093795187,-12.0,7.902866030471829,12.0,-2.56756434692389e-06,-0.0006453271936676772,-0.0006453257440735703,-0.001145692078767622,0.001793341515030944,0.0006453271936676643
3,0.003145234175174043,-11.45691780707741,1.454724148465557,-12.0,7.910559673478525,12.0,-2.56362771225369e-06,-0.0006455835525013112,-0.0006455820977771482,-0.001145691780707741,0.001793593639170069,0.0006455835525012967
3,0.003145434175174043,-11.45691464307456,1.459845936423377,-12.0,7.918240824631711,12.0,-2.567556713963897e-06,-0.0006458394888208464,-0.000645838028974897,-0.001145691464307456,0.001793853188090894,0.0006458394888208334
3,0.0031456341751740433,-11.45691167279805,1.464959323873056,-12.0,7.925909471801846,12.0,-2.563623860063177e-06,-0.0006460950147928935,-0.0006460935498335552,-0.001145691167279805,0.001794104484181169,0.0006460950147928791
3,0.003145834175174043,-11.45690851933257,1.470064428378997,-12.0,7.933565602879067,12.0,-2.567549102117943e-06,-0.0006463501174500199,-0.0006463486473855786,-0.001145690851933257,0.001794363196733926,0.000646350117450007
3,0.003146034175174043,-11.45690555939345,1.475161116310258,-12.0,7.941209205773276,12.0,-2.5636200248537e-06,-0.0006466048089463164,-0.0006466033337851855,-0.001145690555939345,0.001794613663158857,0.0006466048089463019
3,0.003146234175174043,-11.45690241648007,1.480249505119425,-12.0,7.948840268414226,12.0,-2.56754151141719e-06,-0.0006468590763294929,-0.0006468575960799749,-0.001145690241648007,0.001794871537737199,0.0006468590763294801
3,0.003146434175174043,-11.45689946689338,1.485329461340064,-12.0,7.956458778751403,12.0,-2.563616206663658e-06,-0.0006471129317411482,-0.0006471114464116725,-0.001145689946689339,0.001795121172885156,0.0006471129317411338
3,0.003146634175174043,-11.45689633454675,1.490401102313147,-12.0,7.964064724754119,12.0,-2.567533941893097e-06,-0.0006473663622441103,-0.0006473648718429948,-0.001145689633454675,0.001795378207888599,0.0006473663622440973
3,0.003146834175174043,-11.45689339532748,1.495464294736602,-12.0,7.971658094411591,12.0,-2.56361240553103e-06,-0.0006476193799675133,-0.0006476178845032041,-0.001145689339532748,0.001795627010153756,0.000647619379967499
3,0.003147034175174044,-11.4568902735622,1.500519155840114,-12.0,7.979238875732829,12.0,-2.567526393576585e-06,-0.0006478719719892844,-0.0006478704714701157,-0.00114568902735622,0.001795883203987021,0.0006478719719892716
3,0.003147234175174044,-11.45688734472526,1.505565552485713,-12.0,7.986807056746724,12.0,-2.563608621494146e-06,-0.0006481241504261156,-0.0006481226448605489,-0.001145688734472526,0.001796131171767946,0.0006481241504261013
3,0.003147434175174044,-11.45688423355588,1.510603601792112,-12.0,7.994362625502127,12.0,-2.567518866499166e-06,-0.0006483759023710144,-0.0006483743917673998,-0.001145688423355588,0.001796386522840994,0.0006483759023710016
3,0.003147634175174044,-11.45688131511614,1.515633170785295,-12.0,8.001905570067722,12.0,-2.563604854590993e-06,-0.000648627239928257,-0.0006486257242950718,-0.001145688131511614,0.00179663365454232,0.0006486272399282428
3,0.003147834175174044,-11.45687821455715,1.520654376473246,-12.0,8.009435878532212,12.0,-2.567511360691841e-06,-0.0006488781502059092,-0.00064887662955152,-0.001145687821455715,0.001796888161270156,0.0006488781502058966
3,0.0031480341751740437,-11.45687530652942,1.525667086045747,-12.0,8.016953539004191,12.0,-2.563601104859498e-06,-0.0006491286452958589,-0.0006491271196287584,-0.001145687530652942,0.001797134455301214,0.0006491286452958445
3,0.0031482341751740443,-11.45687221659525,1.530671416400291,-12.0,8.024458539612226,12.0,-2.567503876185565e-06,-0.0006493787123212065,-0.0006493771816497771,-0.001145687221659525,0.001797388116104616,0.0006493787123211936
3,0.003148434175174044,-11.45686931899427,1.5356672348903,-12.0,8.031950868504937,12.0,-2.563597372337681e-06,-0.000649628363361478,-0.0006496268276942287,-0.001145686931899427,0.00179763357088069,0.0006496283633614637
3,0.003148634175174044,-11.45686623969931,1.540654658303107,-12.0,8.039430513850897,12.0,-2.567496413011197e-06,-0.0006498775855547918,-0.0006498760449001207,-0.001145686623969931,0.001797886384185159,0.000649877585554779
3,0.003148834175174045,-11.45686335253978,1.545633554155514,-12.0,8.0468974638387,12.0,-2.56359365706286e-06,-0.0006501263909683328,-0.0006501248453347645,-0.001145686335253978,0.001798130998127014,0.0006501263909683186
3,0.0031490341751740447,-11.45686028389832,1.550604039125004,-12.0,8.054351706677057,12.0,-2.567488971199535e-06,-0.0006503747667552181,-0.0006503732161511663,-0.001145686028389832,0.001798382962363719,0.0006503747667552053
3,0.0031492341751740453,-11.45685740719487,1.555565980891611,-12.0,8.061793230594658,12.0,-2.563589959073301e-06,-0.0006506227249703191,-0.000650621169404324,-0.001145685740719487,0.001798626733896226,0.0006506227249703047
3,0.003149434175174045,-11.4568543492212,1.560519496023201,-12.0,8.069222023840362,12.0,-2.567481550781456e-06,-0.0006508702527817286,-0.0006508686922622201,-0.00114568543492212,0.0017988778475021,0.0006508702527817161
3,0.003149634175174045,-11.4568514829884,1.565464452362885,-12.0,8.076638074683052,12.0,-2.563586278405966e-06,-0.0006511173622320309,-0.0006511157967675644,-0.00114568514829884,0.001799120775056559,0.0006511173622320166
3,0.003149834175174045,-11.45684843569671,1.570400966369194,-12.0,8.08404137141181,12.0,-2.567474151787541e-06,-0.0006513640405042743,-0.0006513624701032952,-0.001145684843569671,0.001799371036473112,0.0006513640405042616
3,0.003150034175174045,-11.45684557994909,1.575328906048129,-12.0,8.0914319023358,12.0,-2.563582615098708e-06,-0.0006516102996287814,-0.0006516087242998611,-0.001145684557994909,0.001799613118486216,0.0006516102996287672
3,0.003150234175174045,-11.45684254335353,1.580248387749134,-12.0,8.098809655784345,12.0,-2.567466774248244e-06,-0.0006518561268035338,-0.0006518545465551334,-0.001145684254335353,0.001799862526160466,0.0006518561268035213
3,0.003150434175174046,-11.45683969810556,1.585159279640954,-12.0,8.106174620107007,12.0,-2.563578969188787e-06,-0.0006521015340466194,-0.0006520999488873255,-0.001145683969810556,0.001800103761073706,0.0006521015340466052
3,0.003150634175174046,-11.45683667222022,1.590061697964257,-12.0,8.113526783673478,12.0,-2.567459418194035e-06,-0.0006523465085709348,-0.0006523449185092241,-0.001145683667222022,0.001800352313458012,0.0006523465085709221
3,0.003150834175174046,-11.45683383748629,1.594955511050278,-12.0,8.120866134873673,12.0,-2.563575340713276e-06,-0.0006525910623823536,-0.0006525894674268284,-0.001145683383748629,0.001800592699718697,0.0006525910623823394
3,0.003151034175174046,-11.45683082232522,1.599840835031221,-12.0,8.12819266211779,12.0,-2.567452083655143e-06,-0.0006528351827086695,-0.000652833582867822,-0.001145683082232522,0.001800840395272258,0.000652835182708657
3,0.003151234175174046,-11.45682799811968,1.604717538400669,-12.0,8.135506353836227,12.0,-2.563571729709461e-06,-0.0006530788815435698,-0.0006530772768260174,-0.001145682799811968,0.00180107993133242,0.0006530788815435559
3,0.003151434175174046,-11.45682499369684,1.609585737182566,-12.0,8.142807198479643,12.0,-2.567444770661872e-06,-0.0006533221461297201,-0.0006533205365439705,-0.001145682499369684,0.001801326768517394,0.0006533221461297077
3,0.003151634175174046,-11.45682218003398,1.614445300032705,-12.0,8.15009518451905,12.0,-2.563568136214169e-06,-0.0006535649884486485,-0.0006535633740033345,-0.001145682218003399,0.001801565452835367,0.0006535649884486344
3,0.0031518341751740463,-11.45681918636331,1.619296342867079,-12.0,8.1573703004457,12.0,-2.567437479244437e-06,-0.0006538073957578749,-0.0006538057764615194,-0.001145681918636331,0.001801811430120395,0.0006538073957578622
3,0.003152034175174046,-11.45681638325737,1.624138734503431,-12.0,8.164632534771176,12.0,-2.563564560264343e-06,-0.0006540493800267887,-0.0006540477558880401,-0.001145681638325737,0.001802049261159627,0.0006540493800267746
3,0.003152234175174047,-11.45681340035273,1.62897259075011,-12.0,8.171881876027435,12.0,-2.567430209432712e-06,-0.000654290928527745,-0.0006542892995551418,-0.001145681340035273,0.00180229437701946,0.0006542909285277325
3,0.003152434175174047,-11.45681060781788,1.633797780586718,-12.0,8.179118312766821,12.0,-2.563561001896525e-06,-0.0006545320532180244,-0.0006545304194202298,-0.001145681060781788,0.001802531353248835,0.0006545320532180104
3,0.003152634175174047,-11.45680763569307,1.638614419714133,-12.0,8.186341833561933,12.0,-2.567422961256866e-06,-0.0006547727413847925,-0.0006547711027703603,-0.001145680763569307,0.001802775606162099,0.00065477274138478
3,0.0031528341751740473,-11.45680485374344,1.643422377273593,-12.0,8.19355242700588,12.0,-2.563557461147519e-06,-0.0006550130049732427,-0.0006550113615508515,-0.001145680485374344,0.001803011726056057,0.0006550130049732287
3,0.003153034175174047,-11.45680189241222,1.64822176885892,-12.0,8.200750081712178,12.0,-2.567415734746299e-06,-0.0006552528312853381,-0.0006552511830635569,-0.001145680189241222,0.001803255114508284,0.0006552528312853258
3,0.003153234175174047,-11.45679912106186,1.653012463772769,-12.0,8.207934786314722,12.0,-2.563553938053859e-06,-0.0006554922322542091,-0.0006554905792417315,-0.001145679912106186,0.001803490376545726,0.0006554922322541952
3,0.0031534341751740472,-11.45679617053793,1.657794577502085,-12.0,8.215106529467866,12.0,-2.567408529930966e-06,-0.0006557311951965906,-0.0006557295374020006,-0.001145679617053793,0.00180373289902738,0.0006557311951965782
3,0.003153634175174047,-11.45679340980085,1.662567979510844,-12.0,8.222265299846487,12.0,-2.563550432651824e-06,-0.0006559697320335782,-0.0006559680694655848,-0.001145679340980085,0.001803967301693485,0.0006559697320335644
3,0.003153834175174047,-11.45679047009784,1.667332785179411,-12.0,8.229411086145891,12.0,-2.567401346840342e-06,-0.0006562078300966603,-0.0006562061627638627,-0.001145679047009784,0.001804208956700475,0.000656207830096648
3,0.003154034175174048,-11.456787719988,1.67208886413283,-12.0,8.236543877081886,12.0,-2.563546944977802e-06,-0.0006564455012949194,-0.0006564438292060414,-0.0011456787719988,0.001804442498485563,0.0006564455012949056
3,0.003154234175174048,-11.4567847911195,1.676836331645196,-12.0,8.24366366139086,12.0,-2.567394185503908e-06,-0.0006566827329745788,-0.0006566810561382348,-0.00114567847911195,0.001804683284518967,0.0006566827329745664
3,0.0031544341751740482,-11.45678205165077,1.681575057502481,-12.0,8.250770427829682,12.0,-2.563543475067827e-06,-0.000656919537032734,-0.0006569178554576626,-0.001145678205165077,0.001804915963919842,0.0006569195370327202
3,0.003154634175174048,-11.45677913363031,1.686305156872702,-12.0,8.257864165175778,12.0,-2.567387045951092e-06,-0.0006571559008303201,-0.0006571542145251508,-0.001145677913363031,0.001805155879486263,0.0006571559008303077
3,0.003154834175174048,-11.45677640481654,1.691026499702615,-12.0,8.264944862227189,12.0,-2.563540022957681e-06,-0.0006573918362524712,-0.0006573901452259578,-0.001145677640481654,0.001805387695003838,0.0006573918362524574
3,0.003155034175174048,-11.45677349765759,1.695739201054509,-12.0,8.272012507802568,12.0,-2.567379928211117e-06,-0.0006576273306748183,-0.000657625634935605,-0.001145677349765759,0.001805626738615394,0.0006576273306748059
3,0.003155234175174048,-11.45677077951255,1.70044313103565,-12.0,8.279067090741059,12.0,-2.563536588683514e-06,-0.0006578623959705547,-0.0006578606955274098,-0.001145677077951255,0.001805857688757289,0.0006578623959705409
3,0.003155434175174048,-11.45676788322852,1.705138404602828,-12.0,8.286108599902548,12.0,-2.567372832312993e-06,-0.0006580970195299842,-0.0006580953143915674,-0.001145676788322852,0.0018060958589321,0.000658097019529972
3,0.003155634175174048,-11.45676517576592,1.709824892023796,-12.0,8.293137024167576,12.0,-2.563533172280912e-06,-0.000658331213214392,-0.000658329503389486,-0.001145676517576592,0.001806325942210075,0.0006583312132143781
3,0.003155834175174049,-11.45676229037018,1.714502708150031,-12.0,8.30015235243722,12.0,-2.567365758285915e-06,-0.000658564964428731,-0.0006585632499260108,-0.001145676229037018,0.001806563237471045,0.0006585649644287189
3,0.003156034175174049,-11.4567595936037,1.719171723409516,-12.0,8.307154573633358,12.0,-2.563529773785544e-06,-0.000658798285022398,-0.0006587965658506608,-0.00114567595936037,0.001806792452403509,0.0006587982850223843
3,0.003156234175174049,-11.45675671910953,1.723832052548849,-12.0,8.314143676698567,12.0,-2.567358706158704e-06,-0.000659031162414984,-0.0006590294385829192,-0.001145675671910954,0.001807028871278976,0.0006590311624149719
3,0.003156434175174049,-11.45675403305277,1.728483566155981,-12.0,8.321119650596021,12.0,-2.563526393233029e-06,-0.0006592636084440177,-0.0006592618799604378,-0.001145675403305277,0.001807257216389374,0.0006592636084440039
3,0.003156634175174049,-11.45675116947344,1.733126378872824,-12.0,8.328082484309745,12.0,-2.567351675960023e-06,-0.0006594956105437041,-0.000659493877417313,-0.001145675116947344,0.001807492757414252,0.0006594956105436922
3,0.0031568341751740487,-11.45674849413995,1.737760361447269,-12.0,8.335032166844492,12.0,-2.563523030658641e-06,-0.0006597271805397359,-0.0006597254427793608,-0.001145674849413995,0.001807720231231502,0.0006597271805397223
3,0.0031570341751740493,-11.45674564148862,1.742385628416766,-12.0,8.341968687225746,12.0,-2.567344667718586e-06,-0.0006599583058809101,-0.0006599565634952695,-0.001145674564148862,0.001807954892944327,0.0006599583058808981
3,0.003157234175174049,-11.45674297689189,1.747002050688881,-12.0,8.348892034499775,12.0,-2.563519686097561e-06,-0.000660188998381103,-0.0006601872513790387,-0.001145674297689189,0.001808181494003149,0.0006601889983810894
3,0.003157434175174049,-11.45674013518172,1.751609742696948,-12.0,8.355802197733707,12.0,-2.56733768146311e-06,-0.0006604192455036881,-0.0006604174938939332,-0.001145674013518172,0.001808415274950252,0.000660419245503676
3,0.00315763417517405,-11.45673748133518,1.756208575508058,-12.0,8.362699166015432,12.0,-2.563516359584971e-06,-0.0006606490590507507,-0.0006606473028421617,-0.001145673748133518,0.001808641001790828,0.0006606490590507374
3,0.0031578341751740497,-11.45673465057923,1.76079866345162,-12.0,8.369582928453678,12.0,-2.567330717221951e-06,-0.0006608784265002179,-0.0006608766657015423,-0.001145673465057923,0.001808873900522317,0.0006608784265002058
3,0.0031580341751740503,-11.45673200749626,1.765379877754115,-12.0,8.37645347417808,12.0,-2.563513051155776e-06,-0.00066110735964241,-0.0006611055942625188,-0.001145673200749626,0.001809098751690041,0.0006611073596423965
3,0.00315823417517405,-11.45672918770755,1.769952332641326,-12.0,8.383310792339092,12.0,-2.567323775023388e-06,-0.0006613358459697887,-0.0006613340760174439,-0.001145672918770755,0.001809330766762486,0.0006613358459697766
3,0.00315843417517405,-11.45672655540147,1.774515899498878,-12.0,8.39015487210805,12.0,-2.563509760844874e-06,-0.0006615638972609307,-0.0006615621227450176,-0.001145672655540147,0.00180955474080859,0.0006615638972609173
3,0.00315863417517405,-11.45672374659297,1.779070692449221,-12.0,8.396985702677242,12.0,-2.567316854895617e-06,-0.0006617915010228142,-0.0006617897219521096,-0.001145672374659297,0.001809785870783719,0.0006617915010228021
3,0.00315883417517405,-11.45672112507705,1.783616583037022,-12.0,8.403803273259888,12.0,-2.563506488687052e-06,-0.0006620186690223,-0.0006620168854057035,-0.001145672112507705,0.001810008966265637,0.0006620186690222866
3,0.00315903417517405,-11.45671832726166,1.78815368528157,-12.0,8.410607573090038,12.0,-2.567309956866788e-06,-0.0006622453887808587,-0.0006622436006271615,-0.001145671832726166,0.001810239209710815,0.0006622453887808469
3,0.00315923417517405,-11.45671571654909,1.792681870886373,-12.0,8.417398591422815,12.0,-2.563503234716892e-06,-0.0006624716720536578,-0.0006624698793717733,-0.001145671571654909,0.001810461425189924,0.0006624716720536443
3,0.003159434175174051,-11.45671292973967,1.797201253767945,-12.0,8.42417631753429,12.0,-2.567303080964772e-06,-0.0006626975063766463,-0.0006626957091753808,-0.001145671292973967,0.001810690780678754,0.0006626975063766345
3,0.003159634175174051,-11.45671032984361,1.801711705788418,-12.0,8.43094074072149,12.0,-2.563499998968665e-06,-0.0006629229034933208,-0.0006629211017816015,-0.001145671032984361,0.001810912114723297,0.0006629229034933072
3,0.003159834175174051,-11.45670755405294,1.806213340761713,-12.0,8.437691850302448,12.0,-2.567296227217637e-06,-0.0006631478509540855,-0.0006631460447407328,-0.001145670755405294,0.001811140580833246,0.0006631478509540735
3,0.003160034175174051,-11.45670496498649,1.810706030708485,-12.0,8.44442963561628,12.0,-2.563496781476875e-06,-0.0006633723604907928,-0.0006633705497847486,-0.001145670496498649,0.001811361032018038,0.0006633723604907794
3,0.003160234175174051,-11.45670220022731,1.815189889340356,-12.0,8.451154086023081,12.0,-2.567289395652848e-06,-0.0006635964196682844,-0.0006635946044783832,-0.001145670220022731,0.001811588607333643,0.0006635964196682726
3,0.0031604341751740508,-11.45669962200349,1.819664788836253,-12.0,8.457865190904013,12.0,-2.563493582275703e-06,-0.0006638200402067895,-0.0006638182205419871,-0.001145669962200349,0.001811808174236008,0.000663820040206776
3,0.0031606341751740513,-11.45669686828848,1.824130842805793,-12.0,8.464562939661358,12.0,-2.567282586298267e-06,-0.0006640432096855684,-0.0006640413855547137,-0.001145669686828848,0.001812034857347714,0.0006640432096855566
3,0.003160834175174051,-11.45669430092027,1.828587923586043,-12.0,8.471247321718439,12.0,-2.563490401399143e-06,-0.000664265939813253,-0.000664264111225316,-0.001145669430092028,0.00181225353855372,0.0006642659398132396
3,0.003161034175174052,-11.45669155826207,1.833036144684803,-12.0,8.477918326519685,12.0,-2.567275799181176e-06,-0.0006644882181834999,-0.0006644863851473434,-0.001145669155826207,0.001812479328055871,0.0006644882181834883
3,0.003161234175174052,-11.45668900176239,1.83747537859715,-12.0,8.484575943530707,12.0,-2.563487238881266e-06,-0.0006647100564933691,-0.0006647082190179772,-0.001145668900176239,0.00181269712215542,0.0006647100564933557
3,0.0031614341751740518,-11.45668627017354,1.841905738729349,-12.0,8.491220162238182,12.0,-2.567269034329024e-06,-0.0006649314423508952,-0.0006649296004451446,-0.001145668627017354,0.001812922016649413,0.0006649314423508834
3,0.0031616341751740523,-11.45668372455527,1.84632709773427,-12.0,8.497850972150019,12.0,-2.563484094755981e-06,-0.0006651523874415883,-0.0006651505411144771,-0.001145668372455527,0.001813138922239044,0.000665152387441575
3,0.003161834175174052,-11.4566810040483,1.850739568916939,-12.0,8.504468362795246,12.0,-2.567262291769065e-06,-0.0006653728793878425,-0.0006653710286482618,-0.00114566810040483,0.001813362920331481,0.0006653728793878307
3,0.003162034175174052,-11.45667846932423,1.855143025087808,-12.0,8.511072323724079,12.0,-2.563480969056635e-06,-0.0006655929298636403,-0.0006655910747206019,-0.001145667846932423,0.001813578936011935,0.0006655929298636271
3,0.0031622341751740522,-11.45667575991158,1.859537579450943,-12.0,8.517662844508003,12.0,-2.567255571528506e-06,-0.0006658125265057176,-0.0006658106669681264,-0.001145667575991159,0.001813802036315196,0.0006658125265057059
3,0.003162434175174052,-11.45667323609447,1.863923104974242,-12.0,8.524239914739645,12.0,-2.563477861816979e-06,-0.0006660316809765536,-0.0006660298170534354,-0.001145667323609446,0.00181401716069475,0.0006660316809765404
3,0.003162634175174052,-11.45667053778855,1.86829971476102,-12.0,8.530803524032953,12.0,-2.567248873634314e-06,-0.0006662503809272049,-0.0006662485126274785,-0.001145667053778855,0.001814239361826725,0.0006662503809271933
3,0.003162834175174053,-11.45666802489107,1.872667281936476,-12.0,8.537353662023072,12.0,-2.563474773070496e-06,-0.0006664686380086728,-0.0006664667653413775,-0.001145666802489108,0.001814453593517877,0.0006664686380086596
3,0.003163034175174053,-11.45666533770422,1.877025919503412,-12.0,8.543890318366424,12.0,-2.567242198113547e-06,-0.0006666864398863131,-0.0006666845628603816,-0.001145666533770422,0.001814674894101587,0.0006666864398863013
3,0.0031632341751740532,-11.45666283573904,1.881375500744163,-12.0,8.55041348274077,12.0,-2.563471702850232e-06,-0.0006669037981996738,-0.00066690191682416,-0.001145666283573904,0.001814888231723381,0.0006669037981996608
3,0.003163434175174053,-11.45666015968353,1.885716138561317,-12.0,8.556923144845127,12.0,-2.567235544992539e-06,-0.0006671207006283926,-0.0006671188149122425,-0.001145666015968353,0.001815108630388837,0.000667120700628381
3,0.003163634175174053,-11.4566576686632,1.890047706394113,-12.0,8.563419294399832,12.0,-2.563468651189755e-06,-0.0006673371588005851,-0.0006673352687528655,-0.00114566576686632,0.001815321072565153,0.0006673371588005719
3,0.003163834175174053,-11.45665500375128,1.894370317045202,-12.0,8.569901921146613,12.0,-2.567228914298459e-06,-0.0006675531604101528,-0.0006675512660398241,-0.001145665500375128,0.001815540567946667,0.0006675531604101411
3,0.003164034175174053,-11.45665252368832,1.898683844110588,-12.0,8.576371014848483,12.0,-2.563465618121651e-06,-0.0006677687170738028,-0.0006677668183899455,-0.001145665252368832,0.001815752113307696,0.0006677687170737896
3,0.0031642341751740534,-11.45664986993215,1.902988400293209,-12.0,8.582826565289894,12.0,-2.56722230605778e-06,-0.0006679838164996802,-0.0006679819135112681,-0.001145664986993215,0.001815970704045922,0.0006679838164996685
3,0.003164434175174053,-11.45664740083904,1.90728385934568,-12.0,8.589268562276633,12.0,-2.563462603678869e-06,-0.0006681984702931084,-0.0006681965630092359,-0.001145664740083904,0.00181618135122771,0.0006681984702930953
3,0.003164634175174054,-11.45664475825074,1.911570333871455,-12.0,8.59569699563589,12.0,-2.567215720296671e-06,-0.0006684126661764551,-0.0006684107546061096,-0.001145664475825074,0.001816399035969057,0.0006684126661764436
3,0.003164834175174054,-11.45664230013987,1.915847697779612,-12.0,8.60211185521633,12.0,-2.563459607894462e-06,-0.000668626415743685,-0.000668624499895974,-0.001145664230013987,0.001816608783612447,0.000668626415743672
3,0.003165034175174054,-11.4566396687315,1.920116063574405,-12.0,8.608513130887992,12.0,-2.567209157041566e-06,-0.0006688397067313702,-0.0006688377866152952,-0.00114566396687315,0.00181682556100852,0.0006688397067313588
3,0.0031652341751740544,-11.45663722161522,1.924375305321137,-12.0,8.614900812542372,12.0,-2.563456630800635e-06,-0.0006690525507221365,-0.0006690506263468181,-0.001145663722161523,0.001817034407761171,0.0006690525507221236
3,0.003165434175174054,-11.45663460139878,1.92862553542516,-12.0,8.621274890092483,12.0,-2.567202616318791e-06,-0.0006692649354667438,-0.0006692630068411968,-0.001145663460139878,0.001817250276469588,0.0006692649354667323
3,0.0031656341751740537,-11.4566321652894,1.932866628107861,-12.0,8.62763535347277,12.0,-2.563453672430268e-06,-0.000669476872536504,-0.0006694749396698628,-0.00114566321652894,0.00181745822098479,0.000669476872536491
3,0.0031658341751740543,-11.45662955627682,1.937098695675873,-12.0,8.633982192639175,12.0,-2.567196098154065e-06,-0.0006696883496963419,-0.0006696864125976346,-0.001145662955627682,0.001817673179669099,0.0006696883496963303
3,0.003166034175174054,-11.45662713118656,1.941321612506525,-12.0,8.640315397569193,12.0,-2.563450732815573e-06,-0.0006698993785062798,-0.0006698974371846543,-0.001145662713118656,0.001817880220604693,0.0006698993785062669
3,0.003166234175174054,-11.45662453338974,1.945535490808041,-12.0,8.646634958261842,12.0,-2.567189602573729e-06,-0.0006701099467453917,-0.0006701080012098893,-0.001145662453338974,0.00181809426793339,0.0006701099467453801
3,0.003166434175174055,-11.45662211933078,1.949740205113476,-12.0,8.652940864737658,12.0,-2.563447811988728e-06,-0.0006703200659624312,-0.0006703181162222131,-0.001145662211933078,0.001818300403954514,0.0006703200659624182
3,0.0031666341751740547,-11.45661953276157,1.953935867532851,-12.0,8.659233107038736,12.0,-2.567183129603199e-06,-0.0006705297239505999,-0.000670527770014721,-0.001145661953276157,0.001818513538603303,0.0006705297239505885
3,0.0031668341751740553,-11.45661712974603,1.958122352754839,-12.0,8.665511675228801,12.0,-2.563444909981787e-06,-0.0006707389322474092,-0.0006707369741250434,-0.001145661712974603,0.001818718768378906,0.0006707389322473963
3,0.003167034175174055,-11.45661455441618,1.962299772791536,-12.0,8.671776559393122,12.0,-2.56717667926852e-06,-0.0006709476786601699,-0.0006709457163603858,-0.001145661455441618,0.001818930989027923,0.0006709476786601585
3,0.003167234175174055,-11.45661216245612,1.966468002486989,-12.0,8.67802774963857,12.0,-2.56344202682688e-06,-0.0006711559747151711,-0.0006711540082471556,-0.001145661216245612,0.001819135311234336,0.0006711559747151581
3,0.003167434175174055,-11.45660959837736,1.970627153755654,-12.0,8.684265236093701,12.0,-2.567170251595085e-06,-0.000671363808233816,-0.0006713618376066508,-0.001145660959837736,0.00181934661656999,0.0006713638082338048
3,0.003167634175174055,-11.4566072174848,1.974777101596826,-12.0,8.690489008908653,12.0,-2.563439162555564e-06,-0.0006715711907311956,-0.0006715692159540812,-0.00114566072174848,0.001819550029889093,0.0006715711907311827
3,0.003167834175174055,-11.45660466466879,1.978917957827502,-12.0,8.696699058255223,12.0,-2.5671638466085e-06,-0.0006717781100427835,-0.0006717761311248145,-0.001145660466466879,0.001819760418603199,0.0006717781100427722
3,0.003168034175174055,-11.45660229485566,1.983049597602082,-12.0,8.702895374326928,12.0,-2.563436317199687e-06,-0.0006719845776724974,-0.000671982594622887,-0.001145660229485566,0.001819962921722037,0.0006719845776724846
3,0.003168234175174056,-11.45659975331401,1.987172132640397,-12.0,8.709077947338924,12.0,-2.567157464334036e-06,-0.000672190581469864,-0.0006721885942977202,-0.001145659975331401,0.001820172392512739,0.0006721905814698528
3,0.003168434175174056,-11.4565973945922,1.991285438251721,-12.0,8.715246767528066,12.0,-2.563433490790741e-06,-0.0006723961329276475,-0.0006723941416421963,-0.00114565973945922,0.001820373984124581,0.0006723961329276345
3,0.003168634175174056,-11.45659486433646,1.995389626058982,-12.0,8.721401825152963,12.0,-2.567151104796883e-06,-0.0006726012199094094,-0.000672599224519772,-0.001145659486433646,0.001820582535694752,0.0006726012199093982
3,0.003168834175174056,-11.45659251671782,1.999484571526231,-12.0,8.727543110493974,12.0,-2.56343068336023e-06,-0.0006728058538967871,-0.0006728038544122028,-0.001145659251671782,0.001820783214498663,0.0006728058538967743
3,0.003169034175174056,-11.45658999775947,2.003570386179668,-12.0,8.7336706138531,12.0,-2.567144768022022e-06,-0.0006730100227673546,-0.0006730080191969571,-0.001145658999775947,0.001820990845558175,0.0006730100227673433
3,0.0031692341751740558,-11.45658766125578,2.007646945637909,-12.0,8.739784325554211,12.0,-2.563427894939526e-06,-0.000673213737991643,-0.0006732117303446845,-0.001145658766125578,0.001821190610258928,0.0006732137379916304
3,0.0031694341751740563,-11.45658515360627,2.011714361330808,-12.0,8.74588423594296,12.0,-2.567138454034522e-06,-0.0006734169874612263,-0.0006734149757468538,-0.001145658515360627,0.001821397319522891,0.0006734169874612152
3,0.003169634175174056,-11.45658282822924,2.015772509031317,-12.0,8.751970335386684,12.0,-2.563425125559568e-06,-0.0006736197826355493,-0.0006736177668630277,-0.001145658282822924,0.001821596168831079,0.0006736197826355368
3,0.003169834175174056,-11.45658033189993,2.019821500073113,-12.0,8.758042614274636,12.0,-2.567132162859165e-06,-0.0006738221114201636,-0.0006738200915986523,-0.001145658033189993,0.001821801955019872,0.0006738221114201524
3,0.003170034175174057,-11.45657801766122,2.023861210383439,-12.0,8.764101063017876,12.0,-2.563422375251516e-06,-0.0006740239852634563,-0.0006740219614022331,-0.001145657801766122,0.001821999887651783,0.0006740239852634437
3,0.0031702341751740568,-11.45657553266346,2.027891751200019,-12.0,8.770145672049269,12.0,-2.56712589452082e-06,-0.0006742253920849362,-0.0006742233641931739,-0.001145657553266346,0.001822204749492783,0.0006742253920849249
3,0.0031704341751740573,-11.45657322957468,2.031912998604141,-12.0,8.776176431823536,12.0,-2.563419644046214e-06,-0.0006744263433219522,-0.0006744243114089409,-0.001145657322957468,0.001822401764170478,0.0006744263433219396
3,0.003170634175174057,-11.45657075591971,2.035925063737883,-12.0,8.782193332817318,12.0,-2.567119649043935e-06,-0.0006746268269079548,-0.0006746247909828798,-0.001145657075591971,0.001822605700396017,0.0006746268269079435
3,0.003170834175174057,-11.45656846399241,2.039927822836439,-12.0,8.78819636552909,12.0,-2.5634169319743e-06,-0.0006748268542692779,-0.0006748248143414423,-0.001145656846399241,0.001822801795847392,0.0006748268542692651
3,0.003171034175174057,-11.45656600169146,2.04392138694642,-12.0,8.794185520479228,12.0,-2.567113426453206e-06,-0.000675026413353292,-0.0006750243694318938,-0.001145656600169146,0.001823004805195892,0.0006750264133532809
3,0.003171234175174057,-11.45656372093712,2.047905632456789,-12.0,8.80016078821007,12.0,-2.563414239066527e-06,-0.0006752255155753407,-0.0006752234676696956,-0.001145656372093712,0.001823199980155061,0.0006752255155753281
3,0.003171434175174057,-11.45656127000133,2.05188067031898,-12.0,8.806122159285838,12.0,-2.567107226772661e-06,-0.000675424148896697,-0.0006754220970160155,-0.001145656127000133,0.001823402061370485,0.0006754241488966859
3,0.003171634175174058,-11.4565590004314,2.055846377075485,-12.0,8.812069624292697,12.0,-2.563411565353424e-06,-0.0006756223247217338,-0.000675620268875344,-0.00114565590004314,0.001823596314576963,0.0006756223247217212
3,0.003171834175174058,-11.45655656087187,2.05980286358282,-12.0,8.818003173838802,12.0,-2.567101050026663e-06,-0.0006758200310256092,-0.0006758179712227345,-0.001145655656087187,0.001823797466409663,0.0006758200310255982
3,0.003172034175174058,-11.45655430249771,2.063750006536923,-12.0,8.823922798554305,12.0,-2.563408910865192e-06,-0.0006760172792017508,-0.0006760152154517316,-0.001145655430249771,0.001823990796609321,0.0006760172792017382
3,0.003172234175174058,-11.45655187432548,2.067687916699554,-12.0,8.829828489091241,12.0,-2.567094896239377e-06,-0.0006762140572391796,-0.0006762119895512519,-0.001145655187432548,0.001824191017815179,0.0006762140572391687
3,0.003172434175174058,-11.45654962715842,2.071616470919889,-12.0,8.835720236123754,12.0,-2.563406275631971e-06,-0.000676410376520399,-0.0006764083049039155,-0.001145654962715842,0.001824383423758894,0.0006764103765203865
3,0.003172634175174058,-11.45654721038447,2.075535779865312,-12.0,8.841598030348003,12.0,-2.567088765434732e-06,-0.0006766062250482802,-0.0006766041495124892,-0.001145654721038447,0.001824582713099052,0.000676606225048269
3,0.003172834175174058,-11.45654497443577,2.079445720537995,-12.0,8.847461862482083,12.0,-2.563403659684153e-06,-0.0006768016141944214,-0.0006767995347486883,-0.001145654497443577,0.001824774193544513,0.0006768016141944089
3,0.0031730341751740583,-11.45654256907103,2.083346403511125,-12.0,8.853311723266238,12.0,-2.567082657636519e-06,-0.0006769965319755224,-0.0006769944486291078,-0.001145654256907103,0.001824972549787089,0.0006769965319755113
3,0.003173234175174058,-11.45654034435189,2.087237705939829,-12.0,8.85914760346275,12.0,-2.563401063051418e-06,-0.0006771909897523046,-0.0006771889025145861,-0.001145654034435189,0.001825163103497496,0.0006771909897522921
3,0.003173434175174059,-11.45653795040723,2.091119738303304,-12.0,8.864969493855956,12.0,-2.567076572868628e-06,-0.0006773849755552762,-0.0006773828844355268,-0.001145653795040723,0.001825360525415667,0.0006773849755552652
3,0.003173634175174059,-11.4565357369288,2.094992377909401,-12.0,8.87077738525228,12.0,-2.563398485763578e-06,-0.0006775785007343005,-0.00067757640574191,-0.00114565357369288,0.001825550151159686,0.000677578500734288
3,0.003173834175174059,-11.45653335441503,2.098855735143623,-12.0,8.8765712684803,12.0,-2.567070511154552e-06,-0.0006777715533336787,-0.0006777694544779326,-0.001145653335441503,0.001825746637533223,0.0006777715533336677
3,0.0031740341751740593,-11.4565311521884,2.102709687466394,-12.0,8.882351134390664,12.0,-2.56339592785033e-06,-0.0006779641446924395,-0.0006779620419827395,-0.00114565311521884,0.001825935334086178,0.0006779641446924271
3,0.003174234175174059,-11.45652878111628,2.106554345169716,-12.0,8.888116973856166,12.0,-2.567064472517898e-06,-0.0006781562628686558,-0.0006781541563142998,-0.001145652878111628,0.001826130883699727,0.000678156262868645
3,0.003174434175174059,-11.45652659015248,2.110389585866458,-12.0,8.893868777771784,12.0,-2.563393389341076e-06,-0.0006783479191905451,-0.0006783458088009467,-0.001145652659015248,0.001826318649841909,0.0006783479191905328
3,0.0031746341751740592,-11.4565242305327,2.114215519755384,-12.0,8.899606537054623,12.0,-2.567058456981956e-06,-0.0006785391017299347,-0.000678536987514404,-0.00114565242305327,0.001826513261487151,0.000678539101729924
3,0.003174834175174059,-11.4565220508427,2.118032024601573,-12.0,8.90533024264396,12.0,-2.563390870265446e-06,-0.000678729821804251,-0.0006787277037722139,-0.00114565220508427,0.001826700096005409,0.0006787298218042387
3,0.003175034175174059,-11.45651970268591,2.121839210510833,-12.0,8.911039885501312,12.0,-2.567052464569967e-06,-0.0006789200674990589,-0.0006789179456598375,-0.001145651970268592,0.001826893768478923,0.0006789200674990479
3,0.00317523417517406,-11.45651753428065,2.125636955400311,-12.0,8.916735456610347,12.0,-2.563388370652454e-06,-0.0006791098501210159,-0.0006791077244840482,-0.001145651753428065,0.001827079670166581,0.0006791098501210037
3,0.00317543417517406,-11.45651519759743,2.129425369283064,-12.0,8.922416946977007,12.0,-2.567046495304856e-06,-0.0006792991577694049,-0.000679297028344025,-0.001145651519759744,0.001827272402271612,0.0006792991577693943
3,0.0031756341751740602,-11.45651304048775,2.133204330228157,-12.0,8.928084347629417,12.0,-2.563385890531429e-06,-0.0006794880017401382,-0.0006794858685357957,-0.001145651304048775,0.001827457369926638,0.0006794880017401261
3,0.00317583417517406,-11.45651071528864,2.136973948156136,-12.0,8.933737649618006,12.0,-2.567040549209758e-06,-0.0006796763701461979,-0.0006796742331722389,-0.001145651071528864,0.001827649160471095,0.0006796763701461871
3,0.00317603417517406,-11.45650856948535,2.140734101287822,-12.0,8.939376844015424,12.0,-2.563383429931221e-06,-0.0006798642742727725,-0.0006798621335386588,-0.001145650856948535,0.001827833192897988,0.0006798642742727602
3,0.00317623417517406,-11.45650625578082,2.144484899451462,-12.0,8.945001921916596,12.0,-2.567034626307744e-06,-0.000680051702246524,-0.000680049557761614,-0.001145650625578082,0.001828024040697939,0.0006800517022465134
3,0.00317643417517406,-11.45650412129466,2.148226221019498,-12.0,8.95061287443879,12.0,-2.563380988880565e-06,-0.0006802386653419414,-0.0006802365171157081,-0.001145650412129466,0.001828207136707482,0.0006802386653419291
3,0.00317663417517406,-11.45650181909512,2.151958175728141,-12.0,8.956209692721528,12.0,-2.567028726621311e-06,-0.0006804251516993494,-0.000680422999741163,-0.001145650181909512,0.00182839704058259,0.0006804251516993387
3,0.00317683417517406,-11.45649969593679,2.155680642101226,-12.0,8.961792367926655,12.0,-2.563378567408527e-06,-0.0006806111725825553,-0.0006806090169019009,-0.001145649969593679,0.00182857919899058,0.000680611172582543
3,0.003177034175174061,-11.45649740525259,2.159393729783202,-12.0,8.967360891238398,12.0,-2.567022850172922e-06,-0.0006807967161455304,-0.0006807945567517898,-0.001145649740525259,0.00182876815776765,0.0006807967161455196
3,0.003177234175174061,-11.45649529343272,2.163097317449163,-12.0,8.972915253863281,12.0,-2.563376165543378e-06,-0.0006809817936414241,-0.0006809796305440943,-0.001145649529343272,0.001828949377397609,0.0006809817936414119
3,0.003177434175174061,-11.45649301427418,2.16679151465197,-12.0,8.978455447030191,12.0,-2.567016996985221e-06,-0.0006811663932378328,-0.0006811642264463073,-0.001145649301427418,0.00182913738990904,0.0006811663932378222
3,0.003177634175174061,-11.45649091380334,2.170476200217847,-12.0,8.98398146199044,12.0,-2.563373783313724e-06,-0.0006813505261772717,-0.0006813483557010591,-0.001145649091380334,0.001829317669587872,0.0006813505261772595
3,0.003177834175174061,-11.45648864618069,2.174151483608321,-12.0,8.989493290017665,12.0,-2.567011167080642e-06,-0.000681534180640945,-0.0006815320064894506,-0.001145648864618069,0.001829504734673048,0.0006815341806409344
3,0.0031780341751740607,-11.4564865570694,2.177817243800552,-12.0,8.994990922407966,12.0,-2.563371420747551e-06,-0.0006817173678607537,-0.0006817151900434977,-0.00114564865570694,0.001829684073235317,0.0006817173678607414
3,0.0031782341751740613,-11.45648430099284,2.181473590164997,-12.0,9.000474350479818,12.0,-2.567005360481313e-06,-0.0006819000760314928,-0.0006818978945578918,-0.001145648430099284,0.001829870189738301,0.0006819000760314823
3,0.003178434175174061,-11.45648222325156,2.185120401829551,-12.0,9.005943565574123,12.0,-2.563369077873258e-06,-0.0006820823163744692,-0.0006820801312540553,-0.001145648222325156,0.001830048586024754,0.0006820823163744573
3,0.003178634175174061,-11.45647997873122,2.188757788073855,-12.0,9.011398559054273,12.0,-2.566999577209529e-06,-0.0006822640770980524,-0.0006822618883402537,-0.001145647997873122,0.001830233752795228,0.0006822640770980417
3,0.003178834175174062,-11.45647791237034,2.192385628176417,-12.0,9.016839322306078,12.0,-2.563366754718746e-06,-0.0006824453694129782,-0.0006824431770273379,-0.001145647791237034,0.001830411205651761,0.0006824453694129661
3,0.0031790341751740617,-11.45647567941629,2.196004031326233,-12.0,9.02226584673781,12.0,-2.566993817287039e-06,-0.0006826261815411684,-0.0006826239855371264,-0.00114564756794163,0.001830595421547173,0.0006826261815411577
3,0.0031792341751740623,-11.45647362444617,2.199612876952282,-12.0,9.027678123780278,12.0,-2.563364451312035e-06,-0.0006828065246828117,-0.0006828043250699228,-0.001145647362444617,0.001830771929825816,0.0006828065246827997
3,0.003179434175174062,-11.45647140306844,2.20321227415318,-12.0,9.03307614488673,12.0,-2.566988080735755e-06,-0.0006829863870733657,-0.0006829841838610809,-0.001145647140306844,0.001830955193707859,0.0006829863870733549
3,0.003179634175174062,-11.45646935949936,2.206802102508184,-12.0,9.038459901532981,12.0,-2.563362167680834e-06,-0.0006831657799024919,-0.0006831635731003772,-0.001145646935949936,0.001831130756266985,0.0006831657799024797
3,0.003179834175174062,-11.4564671497079,2.210382471025779,-12.0,9.04382938521733,12.0,-2.566982367577448e-06,-0.0006833446914191656,-0.0006833424810366841,-0.00114564671497079,0.001831313067004459,0.0006833446914191551
3,0.003180034175174062,-11.45646511755009,2.213953259435316,-12.0,9.049184587460616,12.0,-2.563359903852452e-06,-0.0006835231328025422,-0.0006835209188492705,-0.001145646511755009,0.001831487682708229,0.00068352313280253
3,0.003180234175174062,-11.45646291935481,2.217514576655399,-12.0,9.054525499806273,12.0,-2.566976677833637e-06,-0.0006837010923150979,-0.0006836988748005107,-0.001145646291935482,0.001831669039175124,0.0006837010923150874
3,0.003180434175174062,-11.45646089861846,2.221066302565324,-12.0,9.05985211382024,12.0,-2.563357659854774e-06,-0.0006838785811255036,-0.0006838763600591891,-0.001145646089861846,0.001831842706894316,0.0006838785811254915
3,0.003180634175174063,-11.4564587120292,2.224608545994025,-12.0,9.065164421091097,12.0,-2.566971011525762e-06,-0.0006840555875097178,-0.0006840533629011613,-0.00114564587120292,0.001832023107971123,0.0006840555875097073
3,0.003180834175174063,-11.4564567027244,2.228141186970601,-12.0,9.070462413229972,12.0,-2.563355435714997e-06,-0.0006842321226259492,-0.0006842298944847501,-0.00114564567027244,0.001832195826580843,0.0006842321226259372
3,0.003181034175174063,-11.45645452775096,2.231664334234514,-12.0,9.075746081870596,12.0,-2.5669653686753e-06,-0.0006844081747636188,-0.0006844059430992739,-0.001145645452775097,0.001832375271154368,0.0006844081747636083
3,0.003181234175174063,-11.45645252988779,2.235177867964526,-12.0,9.081015418669365,12.0,-2.563353231460187e-06,-0.0006845837550704957,-0.0006845815198926158,-0.001145645252988779,0.0018325470395377,0.0006845837550704839
3,0.003181434175174063,-11.4564503665399,2.238681896810895,-12.0,9.086270415305263,12.0,-2.566959749303293e-06,-0.0006847588518494474,-0.00068475661316754,-0.00114564503665399,0.001832725526499717,0.0006847588518494368
3,0.0031816341751740628,-11.45644838012834,2.242176301101823,-12.0,9.091511063479917,12.0,-2.563351047117553e-06,-0.0006849334762378216,-0.0006849312340615084,-0.001145644838012835,0.00183289634354488,0.0006849334762378094
3,0.0031818341751740633,-11.4564462284157,2.245661189398609,-12.0,9.096737354917657,12.0,-2.566954153430996e-06,-0.0006851076165519152,-0.0006851053708907155,-0.00114564462284157,0.001833073871793579,0.0006851076165519048
3,0.003182034175174063,-11.4564442534657,2.24913644217878,-12.0,9.101949281365444,12.0,-2.563348882713776e-06,-0.0006852812839186783,-0.0006852790347822241,-0.00114564442534657,0.001833243736394652,0.0006852812839186664
3,0.003182234175174064,-11.4564421133979,2.252602167914858,-12.0,9.107146834592918,12.0,-2.566948581079435e-06,-0.0006854544666678164,-0.0006854522140656381,-0.00114564421133979,0.001833420304835284,0.000685454466667806
3,0.003182434175174064,-11.45644014991936,2.25605824723353,-12.0,9.112330006392446,12.0,-2.563346738275625e-06,-0.0006856271759159035,-0.0006856249198576444,-0.001145644014991936,0.001833589215892922,0.0006856271759158917
3,0.0031826341751740638,-11.45643802150598,2.259504788518834,-12.0,9.117498788579125,12.0,-2.566943032269196e-06,-0.0006857994000060395,-0.0006857971405012406,-0.001145643802150598,0.001833764823435788,0.0006857994000060291
3,0.0031828341751740643,-11.45643606950871,2.2629416725464,-12.0,9.122653172990681,12.0,-2.563344613830159e-06,-0.00068597115004444,-0.0006859688871027555,-0.001145643606950871,0.001833932779856176,0.0006859711500444281
3,0.003183034175174064,-11.45643395275925,2.266369007611976,-12.0,9.127793151487667,12.0,-2.566937507021028e-06,-0.0006861424143875795,-0.0006861401480185614,-0.001145643395275925,0.001834107425417423,0.0006861424143875691
3,0.003183234175174064,-11.45643201225304,2.269786674640072,-12.0,9.132918715953373,12.0,-2.563342509403423e-06,-0.0006863132041313421,-0.0006863109343446553,-0.001145643201225304,0.00183427442611301,0.0006863132041313301
3,0.0031834341751740642,-11.45642990717695,2.273194781838345,-12.0,9.138029858293814,12.0,-2.566932005355687e-06,-0.0006864835076455573,-0.000686481234450765,-0.001145642990717695,0.001834448108615363,0.0006864835076455469
3,0.003183634175174064,-11.4564279781715,2.276593210279957,-12.0,9.143126570437788,12.0,-2.56334042502179e-06,-0.000686653336015795,-0.0006866510594225729,-0.00114564279781715,0.00183461415250508,0.0006866533360157832
3,0.003183834175174064,-11.45642588477819,2.279982068084762,-12.0,9.148208844336917,12.0,-2.566926527293566e-06,-0.000686822677625226,-0.0006868203976431475,-0.001145642588477819,0.001834786870876779,0.0006868226776252156
3,0.003184034175174065,-11.45642396728316,2.283361236474428,-12.0,9.153276671965585,12.0,-2.563338360711639e-06,-0.0006869915435491277,-0.0006869892601878793,-0.001145642396728316,0.001834951956885247,0.0006869915435491157
3,0.003184234175174065,-11.45642188558195,2.286730823481181,-12.0,9.158330045320984,12.0,-2.566921072854763e-06,-0.0006871599221839905,-0.0006871576354531568,-0.001145642188558195,0.001835123710062212,0.0006871599221839802
3,0.0031844341751740652,-11.45641997960694,2.290090710475067,-12.0,9.163368956423176,12.0,-2.563336316499124e-06,-0.0006873278245948227,-0.0006873255345041004,-0.001145641997960694,0.001835287837118686,0.0006873278245948109
3,0.003184634175174065,-11.45641790960712,2.293441005400938,-12.0,9.16839339731502,12.0,-2.566915642059693e-06,-0.0006874952391914186,-0.0006874929457504027,-0.001145641790960712,0.001835458624040946,0.0006874952391914082
3,0.003184834175174065,-11.45641601516167,2.296781589776993,-12.0,9.173403360062222,12.0,-2.563334292409965e-06,-0.0006876621770285348,-0.0006876598802469333,-0.001145641601516167,0.001835621791084118,0.0006876621770285229
3,0.003185034175174065,-11.45641395687246,2.300112571460959,-12.0,9.178398836753383,12.0,-2.566910234928286e-06,-0.0006878286265292528,-0.0006878263264166709,-0.001145641395687246,0.001835791610697874,0.0006878286265292424
3,0.003185234175174065,-11.45641207396606,2.303433832119094,-12.0,9.183379819499992,12.0,-2.563332288470022e-06,-0.0006879945987381016,-0.0006879922953042577,-0.001145641207396606,0.001835953816670313,0.0006879945987380899
3,0.0031854341751740654,-11.45641002739663,2.306745479522153,-12.0,9.188346300436338,12.0,-2.566904851480609e-06,-0.0006881600820914287,-0.000688157775345939,-0.001145641002739663,0.001836122667929613,0.0006881600820914186
3,0.003185634175174065,-11.45640815603869,2.310047395484265,-12.0,9.1932982717197,12.0,-2.563330304704863e-06,-0.0006883250876235554,-0.0006883227775761479,-0.001145640815603869,0.001836283911778637,0.0006883250876235436
3,0.003185834175174066,-11.45640612119815,2.313339687689544,-12.0,9.198235725530267,12.0,-2.566899491736656e-06,-0.0006884896037840827,-0.0006884872904443846,-0.001145640612119815,0.001836451793642279,0.0006884896037840724
3,0.003186034175174066,-11.45640426139807,2.316622238099772,-12.0,9.203158654071071,12.0,-2.563328341140069e-06,-0.0006886536415971416,-0.0006886513249748919,-0.001145640426139806,0.001836612074324862,0.00068865364159713
3,0.003186234175174066,-11.45640223829546,2.319895154312593,-12.0,9.208067049568161,12.0,-2.566894155715604e-06,-0.0006888171895255671,-0.0006888148696304025,-0.001145640223829545,0.001836778985757678,0.0006888171895255568
3,0.0031864341751740664,-11.45640039006253,2.323158318437385,-12.0,9.212960904270528,12.0,-2.563326397801158e-06,-0.000688980258583326,-0.0006889779354249956,-0.001145640039006253,0.001836938302233897,0.0006889802585833143
3,0.003186634175174066,-11.45639837870686,2.32641183798552,-12.0,9.217840210450088,12.0,-2.566888843437249e-06,-0.0006891428372464669,-0.0006891405108346188,-0.001145639837870686,0.001837104242207615,0.000689142837246457
3,0.0031868341751740657,-11.45639654205034,2.329655595213748,-12.0,9.222704960401742,12.0,-2.563324474713002e-06,-0.0006893049365188112,-0.0006893026068632044,-0.001145639654205034,0.001837262593445756,0.0006893049365187995
3,0.0031870341751740663,-11.45639454245054,2.332889697547443,-12.0,9.227555146443413,12.0,-2.566883554921116e-06,-0.000689466544889607,-0.0006894642119998994,-0.001145639454245054,0.001837427560936179,0.0006894665448895969
3,0.003187234175174066,-11.45639271737963,2.336114027390591,-12.0,9.232390760915978,12.0,-2.563322571901042e-06,-0.0006896276733525504,-0.0006896253372385113,-0.001145639271737963,0.001837584945909229,0.0006896276733525387
3,0.003187434175174066,-11.45639072954459,2.339328692082742,-12.0,9.237211796183331,12.0,-2.566878290186298e-06,-0.0006897883104100692,-0.0006897859710813668,-0.001145639072954459,0.001837748939901544,0.000689788310410059
3,0.003187634175174067,-11.45638891606844,2.342533574174976,-12.0,9.242018244632424,12.0,-2.563320689390182e-06,-0.0006899484670457566,-0.0006899461245121707,-0.001145638891606844,0.001837905357588646,0.0006899484670457449
3,0.0031878341751740667,-11.45638694000698,2.345728780921275,-12.0,9.24681009867321,12.0,-2.566873049251976e-06,-0.0006901081317752037,-0.0006901057860464126,-0.001145638694000698,0.001838068377072088,0.0006901081317751936
3,0.0031880341751740673,-11.45638513813465,2.3489141950196,-12.0,9.251587350738678,12.0,-2.563318827205083e-06,-0.0006902673155719193,-0.0006902649666577126,-0.001145638513813465,0.001838223826459576,0.0006902673155719078
3,0.003188234175174067,-11.45638317385555,2.352089923638609,-12.0,9.256349993284925,12.0,-2.566867832137355e-06,-0.0006904260069646417,-0.000690423654874708,-0.001145638317385555,0.001838385870429251,0.0006904260069646316
3,0.003188434175174067,-11.45638138359608,2.355255849623026,-12.0,9.261098018791076,12.0,-2.563316985370327e-06,-0.0006905842169168166,-0.0006905818616609554,-0.001145638138359608,0.001838540350508698,0.000690584216916805
3,0.003188634175174067,-11.45637943110804,2.358412080056342,-12.0,9.265831419759333,12.0,-2.566862638861132e-06,-0.0006907419339703092,-0.0006907395755582193,-0.001145637943110804,0.001838701417966961,0.0006907419339702992
3,0.003188834175174067,-11.4563776524704,2.3615584979299,-12.0,9.270550188715028,12.0,-2.563315163910704e-06,-0.0006908991690785245,-0.000690896807520015,-0.00114563776524704,0.001838854927736227,0.0006908991690785128
3,0.003189034175174067,-11.45637571178207,2.36469521024231,-12.0,9.275254318206605,12.0,-2.566857469442031e-06,-0.0006910559107964397,-0.0006910535461012192,-0.001145637571178208,0.001839015017691008,0.0006910559107964295
3,0.003189234175174067,-11.45637394477517,2.367822100131307,-12.0,9.279943800805547,12.0,-2.563313362850625e-06,-0.0006912121700674357,-0.0006912098022453238,-0.001145637394477517,0.001839167556154658,0.0006912121700674241
3,0.003189434175174068,-11.45637201589516,2.370939274510814,-12.0,9.28461862910655,12.0,-2.566852323898848e-06,-0.0006913679354595835,-0.000691365564520299,-0.001145637201589516,0.001839326667620108,0.0006913679354595737
3,0.003189634175174068,-11.45637026052785,2.374046616664894,-12.0,9.289278795727434,12.0,-2.563311582214095e-06,-0.0006915232179062655,-0.0006915208438596374,-0.001145637026052785,0.001839478233787971,0.000691523217906254
3,0.003189834175174068,-11.4563683434647,2.377144233422973,-12.0,9.293924293309146,12.0,-2.56684720225004e-06,-0.0006916780059886273,-0.0006916756288443838,-0.00114563683434647,0.001839636365784348,0.0006916780059886174
3,0.003190034175174068,-11.45636659974577,2.380232008215218,-12.0,9.298555114515798,12.0,-2.563309822025218e-06,-0.0006918323106300694,-0.0006918299303980497,-0.001145636659974577,0.001839786958673894,0.000691832310630058
3,0.003190234175174068,-11.45636469450797,2.383310047786839,-12.0,9.303171252034721,12.0,-2.566842104514024e-06,-0.0006919861204247981,-0.0006919837371147404,-0.001145636469450797,0.001839944110227474,0.0006919861204247882
3,0.0031904341751740678,-11.45636296244616,2.386378235713964,-12.0,9.307772698576386,12.0,-2.563308082308154e-06,-0.0006921394462862536,-0.0006921370599080065,-0.001145636296244617,0.001840093728860183,0.0006921394462862422
3,0.0031906341751740683,-11.45636106904213,2.389436678657745,-12.0,9.31235944687447,12.0,-2.56683703070898e-06,-0.0006922922768216825,-0.000692289887384994,-0.001145636106904213,0.001840249899003493,0.0006922922768216726
3,0.003190834175174068,-11.45635934864613,2.392485260340151,-12.0,9.316931489685897,12.0,-2.563306363086535e-06,-0.000692444622934586,-0.0006924422304493143,-0.001145635934864613,0.001840398542409253,0.0006924446229345745
3,0.003191034175174068,-11.45635746708424,2.395524087338521,-12.0,9.321488819790776,12.0,-2.566831980853085e-06,-0.0006925964732452355,-0.0006925940777211382,-0.001145635746708424,0.00184055373018137,0.0006925964732452256
3,0.003191234175174069,-11.45635575836267,2.39855304352045,-12.0,9.326031429992446,12.0,-2.563304664384062e-06,-0.000692747838647211,-0.000692745440094156,-0.001145635575836267,0.001840701397394994,0.0006927478386471997
3,0.0031914341751740688,-11.45635388865123,2.401572235379705,-12.0,9.33055931311753,12.0,-2.56682695496426e-06,-0.0006928987077737923,-0.000692896306201547,-0.001145635388865124,0.001840855601840896,0.0006928987077737825
3,0.0031916341751740693,-11.45635219161266,2.404581546929373,-12.0,9.335072462015859,12.0,-2.563302986224264e-06,-0.00069304909150866,-0.0006930466869271017,-0.001145635219161266,0.001841002291903138,0.0006930490915086486
3,0.003191834175174069,-11.45635033375994,2.407581084579843,-12.0,9.339570869560578,12.0,-2.566821953060389e-06,-0.0006931989784980835,-0.0006931965709169889,-0.001145635033375994,0.001841155512074296,0.0006931989784980736
3,0.003192034175174069,-11.45634864841286,2.410570732489548,-12.0,9.34405452864808,12.0,-2.563301328630707e-06,-0.0006933483796158644,-0.0006933459690451206,-0.001145634864841286,0.00184130122403275,0.0006933483796158532
3,0.0031922341751740692,-11.45634680242706,2.413550596985691,-12.0,9.348523432198036,12.0,-2.566816975159154e-06,-0.0006934972835212442,-0.0006934948699706374,-0.001145634680242706,0.001841453458986009,0.0006934972835212344
3,0.003192434175174069,-11.45634512877994,2.416520562371916,-12.0,9.352977573153467,12.0,-2.563299691626545e-06,-0.0006936457010781666,-0.0006936432845575928,-0.001145634512877994,0.001841598191894411,0.0006936457010781551
3,0.003192634175174069,-11.45634329466919,2.419480734892472,-12.0,9.35741694448065,12.0,-2.566812021278264e-06,-0.0006937936209588277,-0.000693791201478083,-0.001145634329466919,0.001841749440693936,0.0006937936209588178
3,0.00319283417517407,-11.45634163273042,2.422430998996025,-12.0,9.361841539169236,12.0,-2.563298075234722e-06,-0.0006939410540173324,-0.0006939386315863222,-0.001145634163273042,0.001841893193612563,0.0006939410540173211
3,0.00319303417517407,-11.45633981050281,2.425371460844108,-12.0,9.366251350232174,12.0,-2.566807091435103e-06,-0.0006940879889388165,-0.0006940855635673458,-0.001145633981050281,0.001842043455327521,0.0006940879889388066
3,0.0031932341751740702,-11.45633816028072,2.428302005030231,-12.0,9.37064637070576,12.0,-2.563296479478285e-06,-0.0006942344365675641,-0.0006942320082655477,-0.001145633816028072,0.0018421862273223,0.000694234436567553
3,0.00319343417517407,-11.45633634994429,2.431222737633438,-12.0,9.375026593649679,12.0,-2.566802185646977e-06,-0.0006943803856016338,-0.0006943779543788863,-0.001145633634994429,0.001842335501028586,0.0006943803856016241
3,0.00319363417517407,-11.45633471144717,2.434133543391954,-12.0,9.37939201214695,12.0,-2.5632949043801e-06,-0.0006945258468755108,-0.0006945234127419562,-0.001145633471144717,0.001842477291171763,0.0006945258468754996
3,0.00319383417517407,-11.45633291300988,2.437034528302496,-12.0,9.383742619303966,12.0,-2.566797303931014e-06,-0.0006946708091001569,-0.0006946683720656187,-0.001145633291300988,0.001842625575952007,0.0006946708091001471
3,0.00319403417517407,-11.45633128624594,2.439925577247872,-12.0,9.388078408250554,12.0,-2.563293349962916e-06,-0.0006948152831002793,-0.0006948128431746909,-0.001145633128624595,0.001842766383321895,0.0006948152831002682
3,0.0031942341751740704,-11.45632949971571,2.442806796142711,-12.0,9.392399372139884,12.0,-2.566792446304399e-06,-0.0006949592575997271,-0.0006949568147929213,-0.001145632949971571,0.001842913678264771,0.0006949592575997174
3,0.00319443417517407,-11.45632788469313,2.445678070014214,-12.0,9.396705504148589,12.0,-2.563291816249235e-06,-0.0006951027434134486,-0.0006951002977353673,-0.001145632788469313,0.001843053501946031,0.0006951027434134374
3,0.003194634175174071,-11.45632611007782,2.448539504695153,-12.0,9.400996797476687,12.0,-2.566787612784059e-06,-0.0006952457292781632,-0.0006952432807386487,-0.001145632611007782,0.00184319980614581,0.0006952457292781534
3,0.003194834175174071,-11.45632450680469,2.451390985356951,-12.0,9.405273245347628,12.0,-2.563290303261428e-06,-0.000695388225999079,-0.0006953857746080823,-0.001145632450680469,0.001843338645229513,0.0006953882259990678
3,0.003195034175174071,-11.45632274411211,2.45423261775074,-12.0,9.409534841008341,12.0,-2.566782803386637e-06,-0.0006955302223257699,-0.0006955277680931424,-0.001145632274411211,0.001843483957787305,0.0006955302223257602
3,0.0031952341751740714,-11.45632115259649,2.457064287192036,-12.0,9.413781577729171,12.0,-2.563288811021725e-06,-0.0006956717290537246,-0.0006956692719894264,-0.001145632115259649,0.001843621811371213,0.0006956717290537136
3,0.003195434175174071,-11.45631940183437,2.459886099350504,-12.0,9.418013448803933,12.0,-2.566778018128898e-06,-0.0006958127349453527,-0.0006958102750592436,-0.001145631940183437,0.001843766131394098,0.0006958127349453429
3,0.003195634175174071,-11.45631782208425,2.462697939685616,-12.0,9.422230447549945,12.0,-2.563287339552309e-06,-0.0006959532507864442,-0.0006959507880884932,-0.001145631782208425,0.001843902998581079,0.0006959532507864329
3,0.0031958341751740713,-11.45631608326028,2.465499913785794,-12.0,9.42643256730797,12.0,-2.566773257027403e-06,-0.0006960932653522272,-0.0006960907998523038,-0.001145631608326028,0.001844046325182226,0.0006960932653522175
3,0.003196034175174071,-11.45631451528359,2.468291907254291,-12.0,9.430619801442306,12.0,-2.563285888874992e-06,-0.0006962327894188127,-0.0006962303211268942,-0.001145631451528359,0.001844182205082839,0.0006962327894188015
3,0.003196234175174071,-11.45631278840542,2.471074025598505,-12.0,9.434792143340722,12.0,-2.566768520098608e-06,-0.0006963718117742313,-0.0006963693407001961,-0.001145631278840542,0.001844324537381628,0.0006963718117742217
3,0.003196434175174072,-11.45631123221004,2.473846154565317,-12.0,9.43894958641454,12.0,-2.56328445901163e-06,-0.0006965103431849334,-0.0006965078693387677,-0.001145631123221004,0.001844459429111946,0.0006965103431849222
3,0.003196634175174072,-11.45630951728522,2.476608399581314,-12.0,9.443092124098577,12.0,-2.566763807358763e-06,-0.0006966483724517359,-0.0006966458958433267,-0.001145630951728522,0.001844600766234395,0.0006966483724517263
3,0.0031968341751740723,-11.45630797287897,2.479360646536828,-12.0,9.447219749851191,12.0,-2.56328304998386e-06,-0.0006967859103314475,-0.0006967834309707897,-0.001145630797287897,0.001844734668916294,0.0006967859103314364
3,0.003197034175174072,-11.45630626991503,2.482103000777866,-12.0,9.45133245715432,12.0,-2.566759118823997e-06,-0.0006969229456376551,-0.0006969204635346448,-0.001145630626991503,0.00184487500999499,0.0006969229456376455
3,0.003197234175174072,-11.45630473730567,2.484835348338073,-12.0,9.455430239513428,12.0,-2.563281661813482e-06,-0.0006970594891175465,-0.0006970570042821871,-0.001145630473730567,0.001845007922756992,0.0006970594891175354
3,0.003197434175174072,-11.45630304631007,2.487557794483043,-12.0,9.459513090457545,12.0,-2.566754454510287e-06,-0.0006971955295974598,-0.0006971930420396558,-0.001145630304631007,0.001845147266929792,0.0006971955295974503
3,0.003197634175174072,-11.4563015255053,2.490270225389604,-12.0,9.463581003539312,12.0,-2.563280294521576e-06,-0.0006973310778149821,-0.0006973285875447454,-0.00114563015255053,0.001845279188906665,0.0006973310778149709
3,0.003197834175174072,-11.45629984648545,2.492972746243163,-12.0,9.467633972334932,12.0,-2.566749814433465e-06,-0.0006974661226091866,-0.0006974636296364307,-0.001145629984648545,0.001845417535318859,0.0006974661226091769
3,0.003198034175174072,-11.45629833749293,2.495665243363534,-12.0,9.4716719904442,12.0,-2.563278948129564e-06,-0.0006976006747080776,-0.0006975981790428232,-0.001145629833749293,0.001845548465652321,0.0006976006747080666
3,0.003198234175174073,-11.45629667045616,2.49834782185617,-12.0,9.475695051490556,12.0,-2.566745198609169e-06,-0.0006977347229634481,-0.0006977322246156166,-0.001145629667045616,0.001845685813454561,0.0006977347229634387
3,0.003198434175174073,-11.45629517328348,2.50102036818374,-12.0,9.479703149121029,12.0,-2.563277622658568e-06,-0.0006978682780937399,-0.0006978657770733608,-0.001145629517328348,0.001845815751291636,0.000697868278093729
3,0.003198634175174073,-11.45629351823709,2.503682987371904,-12.0,9.483696277006274,12.0,-2.566740607053228e-06,-0.0006980013289634465,-0.0006979988252804497,-0.001145629351823709,0.001845952099641172,0.000698001328963437
3,0.003198834175174073,-11.45629203289176,2.506335566026041,-12.0,9.487674428840606,12.0,-2.563276318129435e-06,-0.0006981338862814674,-0.0006981313799458903,-0.001145629203289176,0.001846081044135827,0.0006981338862814565
3,0.003199034175174073,-11.45629038984299,2.508978209092279,-12.0,9.491637598342006,12.0,-2.566736039781119e-06,-0.0006982659389249822,-0.0006982634299467634,-0.001145629038984299,0.001846216392195763,0.0006982659389249728
3,0.0031992341751740727,-11.45628891633251,2.511610803318502,-12.0,9.495585779252039,12.0,-2.563275034562962e-06,-0.0006983974975933649,-0.0006983949859825505,-0.001145628891633251,0.001846344342508091,0.0006983974975933537
3,0.0031994341751740733,-11.45628728528852,2.514233453571479,-12.0,9.499518965336016,12.0,-2.566731496808113e-06,-0.0006985285511764631,-0.0006985260369430001,-0.001145628728528852,0.001846478689448789,0.0006985285511764536
3,0.003199634175174073,-11.45628582362029,2.516846046741529,-12.0,9.503437150382908,12.0,-2.563273771979928e-06,-0.0006986591103641489,-0.0006986565935180911,-0.001145628582362029,0.001846605644744995,0.0006986591103641379
3,0.003199834175174073,-11.45628420458821,2.519448687616247,-12.0,9.507340328205354,12.0,-2.566726978149344e-06,-0.0006987891640589201,-0.000698786644610223,-0.001145628420458821,0.001846738989742802,0.0006987891640589107
3,0.003200034175174074,-11.4562827547696,2.522041263228171,-12.0,9.511228492639693,12.0,-2.563272530400828e-06,-0.0006989187229411631,-0.0006989162008998889,-0.001145628275476961,0.001846864949195542,0.0006989187229411522
3,0.0032002341751740737,-11.45628114775649,2.524623878285983,-12.0,9.515101637546005,12.0,-2.566722483819921e-06,-0.0006990477759260118,-0.0006990452513021239,-0.001145628114775649,0.001846997291432266,0.0006990477759260022
3,0.0032004341751740743,-11.45627970979481,2.527196419964301,-12.0,9.518959756808055,12.0,-2.563271309846101e-06,-0.0006991763336843862,-0.0006991738064879554,-0.001145627970979481,0.001847122254220733,0.0006991763336843754
3,0.003200634175174074,-11.45627811480767,2.529758992893045,-12.0,9.522802844333334,12.0,-2.566718013834595e-06,-0.0006993043851440382,-0.000699301855385036,-0.001145627811480768,0.001847253592885452,0.000699304385144029
3,0.003200834175174074,-11.45627668871015,2.532311484388792,-12.0,9.526630894053106,12.0,-2.56327011033597e-06,-0.0006994319409664423,-0.0006994294086549469,-0.001145627668871015,0.001847377558194702,0.0006994319409664314
3,0.003201034175174074,-11.45627510575594,2.534853999002924,-12.0,9.530443899922345,12.0,-2.566713568208487e-06,-0.0006995589900919512,-0.000699556455237943,-0.001145627510575593,0.00184750789248282,0.0006995589900919422
3,0.003201234175174074,-11.45627369152976,2.537386424193774,-12.0,9.534241855919783,12.0,-2.563268931890424e-06,-0.0006996855431726117,-0.0006996830057861768,-0.001145627369152976,0.001847630859504565,0.000699685543172601
3,0.003201434175174074,-11.45627212061536,2.539908864434418,-12.0,9.538024756047953,12.0,-2.566709146956252e-06,-0.0006998115891613629,-0.000699809049252489,-0.001145627212061536,0.001847760188616746,0.0006998115891613535
3,0.003201634175174075,-11.45627071826767,2.542421207324812,-12.0,9.541792594333128,12.0,-2.563267774529478e-06,-0.0006999371387008423,-0.0006999345962796243,-0.001145627071826768,0.001847882156549003,0.0006999371387008316
3,0.003201834175174075,-11.45626915939992,2.544923557259887,-12.0,9.545545364825363,12.0,-2.566704750092139e-06,-0.0007000621807565571,-0.0007000596358329904,-0.001145626915939992,0.001848010479693656,0.0007000621807565476
3,0.003202034175174075,-11.45626776893779,2.547415801981083,-12.0,9.549283061598539,12.0,-2.563266638273092e-06,-0.0007001867259617564,-0.0007001841785459435,-0.001145626776893779,0.00184813144774075,0.0007001867259617456
3,0.003202234175174075,-11.45626622212346,2.549898045805431,-12.0,9.553005678750337,12.0,-2.566700377630705e-06,-0.0007003107632944999,-0.0007003082133964448,-0.001145626622212346,0.001848258764131255,0.0007003107632944905
3,0.003202434175174075,-11.4562648435539,2.552370176615655,-12.0,9.556713210402197,12.0,-2.563265523140549e-06,-0.0007004343033786651,-0.0007004317510084777,-0.00114562648435539,0.001848378731504465,0.0007004343033786542
3,0.003202634175174075,-11.45626330879972,2.554832298651063,-12.0,9.56040565069944,12.0,-2.566696029586468e-06,-0.000700557335204847,-0.0007005547803725391,-0.001145626330879972,0.001848505040361153,0.0007005573352048378
3,0.003202834175174075,-11.45626194212968,2.557284299935587,-12.0,9.56408299381122,12.0,-2.563264429151653e-06,-0.0007006798693875741,-0.0007006773121032635,-0.001145626194212968,0.001848624006276768,0.0007006798693875634
3,0.0032030341751740753,-11.45626041944231,2.559726284630981,-12.0,9.567745233930474,12.0,-2.566691705973075e-06,-0.0007008018949299585,-0.0007007993352036646,-0.001145626041944231,0.001848749306827081,0.0007008018949299493
3,0.003203234175174075,-11.4562590646787,2.562158140902184,-12.0,9.571392365274038,12.0,-2.563263356325915e-06,-0.0007009234224371961,-0.0007009208602790443,-0.00114562590646787,0.001848867270508273,0.0007009234224371854
3,0.003203434175174076,-11.45625755406475,2.564579972833668,-12.0,9.575024382082606,12.0,-2.566687406804739e-06,-0.0007010444409249031,-0.0007010418763449209,-0.001145625755406475,0.001848991561984695,0.0007010444409248939
3,0.003203634175174076,-11.45625621121441,2.566991668731218,-12.0,9.57864127862072,12.0,-2.563262304682244e-06,-0.000701164960988961,-0.0007011623939972815,-0.001145625621121441,0.001849108522661914,0.0007011649609889503
3,0.003203834175174076,-11.45625471268042,2.569393332602171,-12.0,9.582243049176796,12.0,-2.566683132095458e-06,-0.0007012849716574718,-0.0007012824022641298,-0.001145625471268043,0.001849231804304476,0.0007012849716574625
3,0.0032040341751740763,-11.45625338175014,2.571784852893044,-12.0,9.585829688063166,12.0,-2.56326127423979e-06,-0.000701404483517023,-0.0007014019117321592,-0.001145625338175014,0.001849347761213333,0.0007014044835170122
3,0.003204234175174076,-11.45625189530261,2.574166333534256,-12.0,9.589401189616026,12.0,-2.566678881859022e-06,-0.0007015234856081863,-0.0007015209114418435,-0.001145625189530261,0.00184947003226699,0.0007015234856081771
3,0.003204434175174076,-11.45625057629911,2.576537663112862,-12.0,9.59295754819548,12.0,-2.563260265017514e-06,-0.0007016419885082724,-0.0007016394119705988,-0.001145625057629911,0.001849584984650365,0.0007016419885082619
3,0.0032046341751740762,-11.45624910194448,2.578898945482586,-12.0,9.596498758185572,12.0,-2.566674656108703e-06,-0.000701759981270308,-0.0007017574023713532,-0.001145624910194448,0.001849706244367602,0.0007017599812702987
3,0.003204834175174076,-11.45624779487443,2.581250069370885,-12.0,9.600024813994237,12.0,-2.563259277034321e-06,-0.000701877474462346,-0.0007018748932122659,-0.001145624779487443,0.001849820191473678,0.0007018774744623353
3,0.003205034175174076,-11.45624633261907,2.583591138554947,-12.0,9.603535710053341,12.0,-2.56667045485818e-06,-0.0007019944571498488,-0.000701991873558701,-0.001145624633261907,0.001849940439113224,0.0007019944571498394
3,0.003205234175174077,-11.45624503748909,2.585922041902498,-12.0,9.607031440818712,12.0,-2.563258310308675e-06,-0.0007021109398916321,-0.0007021083539695795,-0.001145624503748909,0.001850053380197812,0.0007021109398916215
3,0.003205434175174077,-11.45624358733933,2.588242883114419,-12.0,9.610512000770123,12.0,-2.566666278120831e-06,-0.0007022269117655796,-0.0007022243235226873,-0.001145624358733933,0.001850172615024486,0.0007022269117655705
3,0.0032056341751740772,-11.45624230415597,2.590553551198527,-12.0,9.613977384411287,12.0,-2.563257364859098e-06,-0.0007023423833212866,-0.0007023397927677248,-0.001145624230415597,0.001850284549348764,0.0007023423833212761
3,0.003205834175174077,-11.45624086611806,2.592854149779565,-12.0,9.617427586269876,12.0,-2.566662125909583e-06,-0.0007024573436490403,-0.0007024547507948813,-0.001145624086611806,0.001850402770633686,0.0007024573436490311
3,0.003206034175174077,-11.45623959488782,2.59514456800532,-12.0,9.620862600897572,12.0,-2.563256440704189e-06,-0.0007025718032892358,-0.0007025692081446572,-0.001145623959488782,0.001850513697465465,0.0007025718032892252
3,0.003206234175174077,-11.45623816896799,2.597424909424614,-12.0,9.624282422870008,12.0,-2.566657998237661e-06,-0.0007026857513445486,-0.00070268315391963,-0.001145623816896799,0.001850630904486396,0.0007026857513445395
3,0.003206434175174077,-11.45623690969731,2.599695063325016,-12.0,9.62768704678681,12.0,-2.563255537861878e-06,-0.0007027991983461901,-0.0007027965986511161,-0.001145623690969731,0.001850740823100796,0.0007027991983461796
3,0.003206634175174077,-11.45623549590168,2.601955133179637,-12.0,9.63107646727163,12.0,-2.566653895118027e-06,-0.0007029121334092085,-0.000702909531454066,-0.001145623549590168,0.001850857015141229,0.0007029121334091993
3,0.003206834175174077,-11.45623424859695,2.604205008415694,-12.0,9.634450678972101,12.0,-2.56325465635038e-06,-0.0007030245670556513,-0.0007030219628506323,-0.001145623424859695,0.001850965924818477,0.0007030245670556407
3,0.003207034175174078,-11.45623284693164,2.606444792430752,-12.0,9.637809676559874,12.0,-2.566649816563303e-06,-0.0007031364884129214,-0.0007031338819681197,-0.001145623284693164,0.001851081101169233,0.0007031364884129123
3,0.003207234175174078,-11.45623161159918,2.608674374791542,-12.0,9.64115345473065,12.0,-2.563253796187593e-06,-0.0007032479079939213,-0.000703245299319536,-0.001145623161159918,0.001851189001196808,0.0007032479079939108
3,0.003207434175174078,-11.45623022207022,2.610893858820293,-12.0,9.644482008204138,12.0,-2.566645762586285e-06,-0.0007033588149383935,-0.0007033562040445256,-0.001145623022207022,0.001851303161154879,0.0007033588149383844
3,0.003207634175174078,-11.45622899871629,2.61310313422307,-12.0,9.64779533172409,12.0,-2.563252957391185e-06,-0.0007034692197501125,-0.0007034666066469678,-0.001145622899871629,0.001851410050826074,0.0007034692197501021
3,0.003207834175174078,-11.45622762132965,2.615302304246975,-12.0,9.651093420058332,12.0,-2.566641733199509e-06,-0.0007035791115811447,-0.0007035764962788314,-0.001145622762132965,0.0018515231936942,0.0007035791115811359
3,0.0032080341751740777,-11.45622640996047,2.617491258737263,-12.0,9.654376267998718,12.0,-2.563252139978914e-06,-0.0007036885009261561,-0.0007036858834348867,-0.001145622640996047,0.001851629072309247,0.0007036885009261456
3,0.0032082341751740783,-11.45622504472209,2.619670100866093,-12.0,9.657643870361197,12.0,-2.566637728415193e-06,-0.0007037973769495193,-0.0007037947572794093,-0.001145622504472209,0.001851741197396999,0.0007037973769495104
3,0.003208434175174078,-11.45622384534381,2.621838720617774,-12.0,9.660896221985771,12.0,-2.563251343968181e-06,-0.0007039057501368102,-0.0007039031282980791,-0.001145622384534381,0.001851846064262308,0.0007039057501367998
3,0.003208634175174078,-11.45622249225955,2.623997221089693,-12.0,9.664133317736525,12.0,-2.566633748245747e-06,-0.0007040136096646923,-0.0007040109856674621,-0.001145622249225955,0.001851957170885783,0.0007040136096646832
3,0.003208834175174079,-11.45622130487826,2.626145492405072,-12.0,9.66735515250166,12.0,-2.563250569376293e-06,-0.0007041209660096693,-0.0007041183398641664,-0.001145622130487826,0.001852061025313828,0.0007041209660096589
3,0.0032090341751740787,-11.45621996395393,2.628283637586736,-12.0,9.670561721193442,12.0,-2.566629792703304e-06,-0.0007042278083606798,-0.0007042251800770331,-0.001145621996395393,0.001852171112795721,0.0007042278083606707
3,0.0032092341751740793,-11.45621878857567,2.630411546896648,-12.0,9.673753018748277,12.0,-2.56324981622047e-06,-0.0007043341471851734,-0.000704331516773616,-0.001145621878857567,0.001852273954105814,0.0007043341471851629
3,0.003209434175174079,-11.45621745981702,2.632529323283281,-12.0,9.676929040126664,12.0,-2.56662586179968e-06,-0.0007044399716843472,-0.000704437339155015,-0.001145621745981702,0.00185238302177457,0.0007044399716843383
3,0.003209634175174079,-11.45621629644777,2.634636857147176,-12.0,9.680089780313223,12.0,-2.563249084517644e-06,-0.0007045452923166151,-0.0007045426576797475,-0.001145621629644777,0.0018524848492929,0.0007045452923166047
3,0.003209834175174079,-11.4562149798605,2.636734251362643,-12.0,9.683235234316728,12.0,-2.566621955546787e-06,-0.0007046500982954173,-0.0007046474615611571,-0.00114562149798605,0.001852592896483986,0.0007046500982954085
3,0.003210034175174079,-11.45621382850618,2.638821396468677,-12.0,9.686365397170073,12.0,-2.563248374284854e-06,-0.0007047544000701499,-0.0007047517612487431,-0.001145621382850618,0.00185269370954213,0.0007047544000701397
3,0.003210234175174079,-11.45621252409592,2.640898395265586,-12.0,9.689480263930294,12.0,-2.566618073956232e-06,-0.0007048581868664796,-0.0007048555459680754,-0.001145621252409592,0.001852800735597016,0.0007048581868664708
3,0.003210434175174079,-11.45621138476241,2.642965138430677,-12.0,9.692579829678609,12.0,-2.563247685538931e-06,-0.0007049614691248035,-0.0007049588261596546,-0.001145621138476241,0.001852900533533451,0.0007049614691247932
3,0.00321063417517408,-11.45621009253474,2.645021728690467,-12.0,9.69566408952036,12.0,-2.566614217039702e-06,-0.0007050642360829982,-0.0007050615910612606,-0.001145621009253474,0.001853006537800446,0.0007050642360829892
3,0.00321083417517408,-11.45620896522785,2.647068056860406,-12.0,9.6987330385851,12.0,-2.563247018296376e-06,-0.00070516649817248,-0.0007051638511044126,-0.001145620896522785,0.001853105319960418,0.0007051664981724695
3,0.00321103417517408,-11.45620768518829,2.649104225593418,-12.0,9.70178667202653,12.0,-2.56661038480846e-06,-0.0007052682446433201,-0.0007052655955390857,-0.001145620768518829,0.001853210301793978,0.0007052682446433112
3,0.00321123417517408,-11.45620656991376,2.651130125842935,-12.0,9.70482498502254,12.0,-2.563246372573621e-06,-0.0007053694859179709,-0.0007053668347878345,-0.001145620656991376,0.001853308067528824,0.0007053694859179606
3,0.00321143417517408,-11.45620530206779,2.653145860188489,-12.0,9.70784797277523,12.0,-2.566606577273926e-06,-0.0007054702112586829,-0.000705467558112814,-0.001145620530206779,0.001853412026290025,0.0007054702112586741
3,0.0032116341751740798,-11.4562041988313,2.655151319721359,-12.0,9.710855630510888,12.0,-2.563245748387027e-06,-0.0007055704310789633,-0.0007055677759276332,-0.001145620419883131,0.001853508774957226,0.000705570431078953
3,0.0032118341751740803,-11.45620294318433,2.657146606947842,-12.0,9.713847953479998,12.0,-2.566602794447195e-06,-0.0007056701346532245,-0.0007056674775066087,-0.001145620294318433,0.001853611710013025,0.0007056701346532157
3,0.00321203417517408,-11.45620185199154,2.65913161309693,-12.0,9.716824936957295,12.0,-2.563245145752812e-06,-0.0007057693323860468,-0.0007057666732544234,-0.001145620185199154,0.001853707440977802,0.0007057693323860365
3,0.003212234175174081,-11.45620060854891,2.661106440601895,-12.0,9.719786576241706,12.0,-2.566599036339151e-06,-0.0007058680135639898,-0.0007058653524575404,-0.001145620060854891,0.001853809351702384,0.0007058680135639811
3,0.003212434175174081,-11.45619952940538,2.663070980829258,-12.0,9.722732866656386,12.0,-2.563244564686761e-06,-0.0007059661885827232,-0.000705963525511732,-0.001145619952940538,0.001853904064335067,0.0007059661885827129
3,0.0032126341751740808,-11.4561982981724,2.665025336139461,-12.0,9.725663803548755,12.0,-2.566595302960987e-06,-0.0007060638467409382,-0.0007060611817155932,-0.00114561982981724,0.001854004950108397,0.0007060638467409295
3,0.0032128341751740813,-11.45619723108366,2.666969398036437,-12.0,9.728579382290466,12.0,-2.563244005204952e-06,-0.0007061609984254133,-0.0007061583314560048,-0.001145619723108366,0.00185409864378565,0.000706160998425403
3,0.003213034175174081,-11.45619601206556,2.668903268807967,-12.0,9.731479598277419,12.0,-2.566591594323381e-06,-0.000706257632946954,-0.0007062549640436764,-0.001145619601206556,0.001854198503994868,0.0007062576329469452
3,0.003213234175174081,-11.45619495703707,2.670826840095218,-12.0,9.734364446929765,12.0,-2.563243467322872e-06,-0.0007063537606834648,-0.0007063510898566146,-0.001145619495703707,0.001854291178101758,0.0007063537606834548
3,0.0032134341751740812,-11.45619375023904,2.672740214113527,-12.0,9.737233923691953,12.0,-2.566587910436742e-06,-0.0007064493709578513,-0.0007064466982176284,-0.001145619375023904,0.00185439001213894,0.0007064493709578427
3,0.003213634175174081,-11.4561927072762,2.674643282641165,-12.0,9.740088024032676,12.0,-2.563242951056498e-06,-0.0007065444741391614,-0.0007065417994958684,-0.00114561927072762,0.001854481666064676,0.0007065444741391511
3,0.003213834175174081,-11.45619151270336,2.676536147821171,-12.0,9.742926743444917,12.0,-2.566584251311575e-06,-0.0007066390595623834,-0.0007066363830262267,-0.001145619151270336,0.001854579473330732,0.0007066390595623747
3,0.003214034175174082,-11.45619048181153,2.678418701568787,-12.0,9.745750077445962,12.0,-2.563242456420892e-06,-0.0007067331375877276,-0.0007067304591690159,-0.001145619048181153,0.001854670106472288,0.0007067331375877176
3,0.003214234175174082,-11.45618929946895,2.680291045954962,-12.0,9.748558021577377,12.0,-2.566580616958219e-06,-0.0007068266975622502,-0.0007068240172711954,-0.001145618929946895,0.001854766886373128,0.0007068266975622416
3,0.0032144341751740822,-11.45618828065341,2.682153073031725,-12.0,9.751350571405023,12.0,-2.563241983431586e-06,-0.0007069197498373401,-0.0007069170676842568,-0.001145618828065341,0.001854856498132803,0.0007069197498373299
3,0.003214634175174082,-11.4561871105461,2.684004884798138,-12.0,9.754127722519105,12.0,-2.566577007386965e-06,-0.0007070122837721052,-0.0007070095997672118,-0.00114561871105461,0.001854952250081367,0.0007070122837720967
3,0.003214834175174082,-11.45618610381209,2.685846373442884,-12.0,9.756889470534105,12.0,-2.563241532103554e-06,-0.0007071043097091322,-0.0007071016238627486,-0.001145618610381209,0.001855040839869422,0.0007071043097091221
3,0.003215034175174082,-11.456184945945,2.687677640893291,-12.0,9.759635811088845,12.0,-2.566573422607802e-06,-0.0007071958170195642,-0.0007071931293419145,-0.0011456184945945,0.001855135563283595,0.0007071958170195554
3,0.003215234175174082,-11.45618395129769,2.689498579474564,-12.0,9.762366739846486,12.0,-2.563241102451776e-06,-0.0007072868160372023,-0.0007072841265386128,-0.001145618395129769,0.001855223130516358,0.0007072868160371923
3,0.0032154341751740824,-11.45618280567572,2.691309291042506,-12.0,9.765082252494532,12.0,-2.56656986263073e-06,-0.0007073772961452111,-0.0007073746048359115,-0.001145618280567572,0.001855316824822574,0.0007073772961452026
3,0.003215634175174082,-11.45618182312024,2.693109668058658,-12.0,9.767782344744786,12.0,-2.563240694491229e-06,-0.000707467267668623,-0.0007074645745589447,-0.001145618182312024,0.001855403368922092,0.0007074672676686129
3,0.003215834175174083,-11.45618068974823,2.694899812307475,-12.0,9.770467012333452,12.0,-2.566566327465405e-06,-0.0007075567200026062,-0.0007075540251027853,-0.001145618068974823,0.00185549603355161,0.0007075567200025977
3,0.003216034175174083,-11.45617971928962,2.696679616386742,-12.0,9.77313625102109,12.0,-2.563240308236481e-06,-0.0007076456634634448,-0.0007076429667838183,-0.001145617971928962,0.001855581553947785,0.0007076456634634347
3,0.003216234175174083,-11.45617859817236,2.698449182009713,-12.0,9.77579005659257,12.0,-2.566562817121491e-06,-0.0007077340874582943,-0.0007077313890091036,-0.001145617859817236,0.001855673188339607,0.0007077340874582857
3,0.0032164341751740834,-11.45617763981564,2.700208401910237,-12.0,9.778428424857195,12.0,-2.563239943702107e-06,-0.000707822002294706,-0.0007078193020862939,-0.001145617763981564,0.001855757684466748,0.0007078220022946959
3,0.003216634175174083,-11.45617653095785,2.701957377730613,-12.0,9.781051351648621,12.0,-2.566559331608609e-06,-0.0007079093973918094,-0.0007079066954344231,-0.001145617653095785,0.001855848288066145,0.0007079093973918008
3,0.0032168341751740827,-11.45617558470796,2.70369600234059,-12.0,9.783658832824887,12.0,-2.563239600902434e-06,-0.0007079962830484397,-0.0007079935793524273,-0.001145617558470796,0.001855931759367064,0.0007079962830484298
3,0.0032170341751740833,-11.45617448811431,2.705424377311659,-12.0,9.786250864268414,12.0,-2.56655587093606e-06,-0.0007080826486956843,-0.0007080799432712983,-0.001145617448811431,0.00185602133162495,0.0007080826486956755
3,0.003217234175174083,-11.45617355397613,2.70714239564935,-12.0,9.788827441886047,12.0,-2.563239279851741e-06,-0.0007081685046236798,-0.0007081657974812741,-0.001145617355397613,0.001856103777548217,0.0007081685046236698
3,0.003217434175174083,-11.45617246965123,2.708850158854537,-12.0,9.791388561609008,12.0,-2.566552435112981e-06,-0.0007082538402754557,-0.0007082511314252882,-0.001145617246965123,0.001856192317922704,0.0007082538402754471
3,0.003217634175174084,-11.4561715476296,2.710547560068354,-12.0,9.793934219392934,12.0,-2.56323898056436e-06,-0.000708338665932468,-0.000708335955384898,-0.00114561715476296,0.001856273737922919,0.000708338665932458
3,0.0032178341751740837,-11.45617047557801,2.712234700721258,-12.0,9.796464411217901,12.0,-2.566549024148665e-06,-0.0007084229710496727,-0.0007084202588149636,-0.001145617047557801,0.001856361245878333,0.0007084229710496644
3,0.0032180341751740843,-11.45616956567771,2.713911474089855,-12.0,9.798979133088379,12.0,-2.563238703053927e-06,-0.0007085067658998622,-0.0007085040519883781,-0.001145616956567771,0.001856441639417449,0.0007085067658998525
3,0.003218234175174084,-11.45616850590391,2.715577981534333,-12.0,9.801478381033274,12.0,-2.566545638051873e-06,-0.0007085900399499026,-0.0007085873243719125,-0.001145616850590391,0.001856528114425082,0.000708590039949894
3,0.003218434175174084,-11.45616760812965,2.717234116466634,-12.0,9.803962151105939,12.0,-2.563238447334437e-06,-0.0007086728034639404,-0.000708670086229814,-0.001145616760812965,0.001856607480971175,0.0007086728034639305
3,0.003218634175174084,-11.4561665606381,2.718879980176881,-12.0,9.806430439384176,12.0,-2.566542276831401e-06,-0.0007087550459207378,-0.0007087523270407493,-0.001145616656063811,0.001856692922508591,0.0007087550459207295
3,0.003218834175174084,-11.45616567499453,2.720515466212178,-12.0,9.808883241970193,12.0,-2.563238213419582e-06,-0.0007088367775758116,-0.0007088340570603353,-0.001145616567499453,0.001856771261535397,0.0007088367775758016
3,0.003219034175174084,-11.45616463978961,2.722140675792752,-12.0,9.811320554990694,12.0,-2.566538940496066e-06,-0.0007089179879198027,-0.0007089152657791182,-0.001145616463978961,0.00185685566908646,0.0007089179879197942
3,0.003219234175174084,-11.45616376628133,2.723755502600766,-12.0,9.813742374596842,12.0,-2.563238001322766e-06,-0.0007089986871996177,-0.0007089959634441049,-0.001145616376628133,0.001856932980075873,0.0007089986871996077
3,0.003219434175174085,-11.45616274336738,2.725360047786706,-12.0,9.816148696964227,12.0,-2.566535629054451e-06,-0.0007090788649177606,-0.0007090761395577043,-0.001145616274336738,0.001857016353130414,0.000709078864917752
3,0.003219634175174085,-11.45616188199893,2.726954205167621,-12.0,9.818539518292953,12.0,-2.563237811057224e-06,-0.0007091585313125431,-0.0007091558043583278,-0.001145616188199894,0.00185709263557008,0.0007091585313125332
3,0.003219834175174085,-11.45616087138021,2.728538075824485,-12.0,9.820914834807589,12.0,-2.566532342514809e-06,-0.0007092376758983189,-0.0007092349473602345,-0.001145616087138021,0.001857174973625738,0.0007092376758983105
3,0.003220034175174085,-11.45616002215609,2.730111553709067,-12.0,9.823274642757182,12.0,-2.563237642636321e-06,-0.0007093163089048214,-0.0007093135787932577,-0.001145616002215609,0.001857250227010141,0.0007093163089048115
3,0.003220234175174085,-11.4561590238368,2.731674739832981,-12.0,9.825618938415268,12.0,-2.566529080885535e-06,-0.0007093944198582372,-0.0007093916881834888,-0.001145615902383679,0.001857331529569616,0.0007093944198582287
3,0.0032204341751740848,-11.45615818676143,2.733227528282596,-12.0,9.827947718079892,12.0,-2.563237496073202e-06,-0.0007094720189797395,-0.0007094692857522012,-0.001145615818676143,0.001857405753398658,0.0007094720189797297
3,0.0032206341751740853,-11.45615720074573,2.734770020000351,-12.0,9.830260978073593,12.0,-2.566525844174681e-06,-0.0007095490958073326,-0.0007095463610373041,-0.001145615720074573,0.001857486019972681,0.0007095490958073243
3,0.003220834175174085,-11.45615637582349,2.736302109207048,-12.0,9.832558714743406,12.0,-2.563237371380693e-06,-0.0007096256605536458,-0.0007096229242515267,-0.001145615637582349,0.001857559213754221,0.000709625660553636
3,0.003221034175174085,-11.45615540211548,2.737823896776132,-12.0,9.834840924460908,12.0,-2.566522632390186e-06,-0.0007097017027684862,-0.0007096989649445809,-0.001145615540211548,0.001857638443859185,0.0007097017027684776
3,0.003221234175174086,-11.45615458935067,2.739335277062708,-12.0,9.837107603622169,12.0,-2.563237268571614e-06,-0.0007097772326559559,-0.000709774493320669,-0.001145615458935067,0.001857710607106705,0.0007097772326559461
3,0.0032214341751740858,-11.45615362795441,2.740836350871384,-12.0,9.83935874864779,12.0,-2.566519445539929e-06,-0.0007098522397776489,-0.0007098494989412897,-0.001145615362795441,0.001857788800265581,0.0007098522397776406
3,0.0032216341751740863,-11.45615282735128,2.74232701269143,-12.0,9.841594355982915,12.0,-2.56323718765858e-06,-0.0007099267343291583,-0.0007099239920021357,-0.001145615282735128,0.001857859932498763,0.0007099267343291485
3,0.003221834175174086,-11.45615187827074,2.743807363258801,-12.0,9.843814422097203,12.0,-2.566516283631754e-06,-0.0007100007058838487,-0.000709997962076477,-0.001145615187827074,0.001857937088241676,0.0007100007058838402
3,0.003222034175174086,-11.45615108983351,2.74527729719677,-12.0,9.84601894348488,12.0,-2.563237128653912e-06,-0.0007100741646288209,-0.0007100714193515139,-0.001145615108983351,0.001858007188987988,0.0007100741646288111
3,0.003222234175174086,-11.45615015307261,2.746736915172825,-12.0,9.848207916664695,12.0,-2.56651314667299e-06,-0.0007101471001491953,-0.0007101443534122718,-0.001145615015307261,0.001858083306850059,0.0007101471001491871
3,0.003222434175174086,-11.4561493768054,2.748186111944099,-12.0,9.85038133817997,12.0,-2.563237091570157e-06,-0.0007102195226235968,-0.0007102167744374751,-0.00114561493768054,0.00185815237564258,0.0007102195226235871
3,0.003222634175174086,-11.45614845236803,2.749624988109784,-12.0,9.852539204598571,12.0,-2.566510034671251e-06,-0.0007102914216488871,-0.0007102886720238906,-0.001145614845236803,0.001858227455167127,0.0007102914216488788
3,0.003222834175174087,-11.45614768827493,2.751053438560717,-12.0,9.854681512512926,12.0,-2.56323707641941e-06,-0.0007103628073952307,-0.0007103600563417824,-0.001145614768827493,0.001858295491546065,0.0007103628073952209
3,0.003223034175174087,-11.45614677616489,2.752471563827977,-12.0,9.856808258540049,12.0,-2.566506947633693e-06,-0.0007104336694712156,-0.0007104309169996432,-0.001145614677616489,0.001858369532282396,0.0007104336694712072
3,0.003223234175174087,-11.45614602424993,2.753879258935974,-12.0,9.858919439321514,12.0,-2.563237083213787e-06,-0.0007105040180385637,-0.000710501264159295,-0.001145614602424993,0.001858436535793587,0.0007105040180385541
3,0.003223434175174087,-11.45614512447097,2.755276624347828,-12.0,9.861015051523474,12.0,-2.566503885567661e-06,-0.0007105738427175727,-0.00071057108744094,-0.001145614512447097,0.001858509537297159,0.0007105738427175646
3,0.003223634175174087,-11.45614438473812,2.756663555221378,-12.0,9.863095091836678,12.0,-2.563237111964965e-06,-0.0007106431536615397,-0.0007106403969979747,-0.001145614438473812,0.00185857550749396,0.0007106431536615301
3,0.003223834175174087,-11.45614349729395,2.758040151951973,-12.0,9.865159556976456,12.0,-2.566500848480029e-06,-0.0007107119405024566,-0.0007107091824622963,-0.001145614349729395,0.001858647469327666,0.0007107119405024483
3,0.003224034175174087,-11.45614276974711,2.759406309830716,-12.0,9.86720844368273,12.0,-2.563237162684763e-06,-0.0007107802133852108,-0.0007107774539788914,-0.001145614276974711,0.001858712405769714,0.0007107802133852014
3,0.0032242341751740873,-11.45614189464138,2.76076212918537,-12.0,9.869241748720038,12.0,-2.566497836377792e-06,-0.0007108479619534749,-0.0007108452011913376,-0.001145614189464138,0.001858783327500814,0.0007108479619534669
3,0.003224434175174087,-11.4561411792844,2.762107505440165,-12.0,9.871259468877504,12.0,-2.563237235384738e-06,-0.0007109151963437436,-0.0007109124342362284,-0.00114561411792844,0.001858847229754541,0.000710915196343734
3,0.003224634175174088,-11.45614031652069,2.763442538855434,-12.0,9.873261600968883,12.0,-2.566494849267661e-06,-0.0007109819062113534,-0.000710979142768806,-0.001145614031652069,0.00185891711095952,0.000710981906211345
3,0.003224834175174088,-11.45613961335737,2.764767124988396,-12.0,9.87524814183253,12.0,-2.5632373300764e-06,-0.0007110481016844232,-0.0007110453369172887,-0.001145613961335738,0.001858979978597036,0.0007110481016844134
3,0.003225034175174088,-11.4561387629392,2.766081364032117,-12.0,9.877219088331419,12.0,-2.566491887156122e-06,-0.0007111137724299385,-0.0007111110063485662,-0.00114561387629392,0.00185904881885809,0.0007111137724299302
3,0.0032252341751740883,-11.45613807197329,2.767385151676671,-12.0,9.87917443735317,12.0,-2.563237446771023e-06,-0.0007111789285676594,-0.0007111761611824981,-0.001145613807197329,0.001859110651458939,0.0007111789285676499
3,0.003225434175174088,-11.45613723390414,2.768678588048039,-12.0,9.881114185810011,12.0,-2.566488950049613e-06,-0.0007112435597762054,-0.0007112407910976091,-0.001145613723390414,0.001859178450363872,0.0007112435597761973
3,0.003225634175174088,-11.4561365551393,2.76996156896898,-12.0,9.883038330638813,12.0,-2.563237585479739e-06,-0.0007113076761669931,-0.0007113049062054143,-0.00114561365551393,0.001859239247513028,0.0007113076761669833
3,0.0032258341751740882,-11.45613572942259,2.771234194498569,-12.0,9.884946868801096,12.0,-2.566486037954811e-06,-0.0007113712674302608,-0.0007113684961960581,-0.001145613572942259,0.001859306004657409,0.0007113712674302527
3,0.003226034175174088,-11.45613506286246,2.772496360592117,-12.0,9.88683979728301,12.0,-2.563237746213389e-06,-0.000711434343669099,-0.0007114315711727287,-0.001145613506286246,0.001859365765948422,0.0007114343436690893
3,0.003226234175174088,-11.45613424950153,2.773748167241955,-12.0,9.88871711309537,12.0,-2.566483150877521e-06,-0.0007114968945853496,-0.0007114941208371742,-0.001145613424950153,0.001859431480933385,0.0007114968945853415
3,0.003226434175174089,-11.45613359514966,2.774989510535795,-12.0,9.890578813273631,12.0,-2.563237928983053e-06,-0.0007115589302737933,-0.000711556155284273,-0.001145613359514966,0.001859490205964554,0.0007115589302737837
3,0.003226634175174089,-11.45613279414783,2.776220490399401,-12.0,9.892424894877921,12.0,-2.566480288823797e-06,-0.0007116204404478601,-0.0007116176642273615,-0.001145613279414783,0.001859554878398533,0.0007116204404478521
3,0.0032268341751740892,-11.45613215200774,2.77744100305275,-12.0,9.894255354993023,12.0,-2.563238133799343e-06,-0.000711681435194037,-0.0007116786577530243,-0.001145613215200774,0.001859612566775523,0.0007116814351940273
3,0.003227034175174089,-11.45613136336823,2.778651148355189,-12.0,9.896070190728384,12.0,-2.566477451799796e-06,-0.0007117419042373278,-0.0007117391255861712,-0.001145613136336824,0.001859676196273006,0.0007117419042373195
3,0.003227234175174089,-11.45613073344337,2.779850822658819,-12.0,9.897869399218141,12.0,-2.563238360672717e-06,-0.0007118018576559417,-0.0007117990778051095,-0.001145613073344337,0.001859732847607785,0.0007118018576559322
3,0.003227434175174089,-11.45612995716939,2.781040125756761,-12.0,9.899652977621095,12.0,-2.566474639811075e-06,-0.0007118612851864414,-0.0007118585041463075,-0.001145612995716939,0.001859795433790063,0.0007118612851864333
3,0.003227634175174089,-11.45612933946314,2.782218954133076,-12.0,9.901420923120725,12.0,-2.563238609613694e-06,-0.0007119201968987745,-0.0007119174146798107,-0.001145612933946314,0.001859851047701769,0.0007119201968987648
3,0.003227834175174089,-11.4561285755578,2.783387407514823,-12.0,9.903173232925212,12.0,-2.566471852863331e-06,-0.0007119785825410471,-0.0007119757991536314,-0.00114561285755578,0.001859912590196559,0.000711978582541039
3,0.003228034175174089,-11.45612797007351,2.784545382517893,-12.0,9.90490990426742,12.0,-2.563238880632406e-06,-0.0007120364521749623,-0.0007120336676295703,-0.001145612797007351,0.001859967166309976,0.0007120364521749527
3,0.00322823417517409,-11.4561272185399,2.785692978803441,-12.0,9.906630934404898,12.0,-2.56646909096201e-06,-0.000712093795560154,-0.000712091009867167,-0.00114561272185399,0.001860027664751953,0.0007120937955601458
3,0.00322843417517409,-11.45612662528083,2.786830093119046,-12.0,9.908336320619917,12.0,-2.563239173739116e-06,-0.0007121506227500967,-0.0007121478359199939,-0.001145612662528083,0.001860081202698706,0.0007121506227500871
3,0.00322863417517409,-11.45612588612196,2.787956825060135,-12.0,9.910026060219433,12.0,-2.566466354112568e-06,-0.0007122069235159378,-0.0007122041355591047,-0.001145612588612196,0.001860140656728822,0.0007122069235159298
3,0.00322883417517409,-11.45612530509135,2.789073071505818,-12.0,9.911700150535115,12.0,-2.563239488943496e-06,-0.0007122627079029391,-0.0007122599188298583,-0.001145612530509135,0.001860193156147965,0.0007122627079029297
3,0.00322903417517409,-11.45612457831016,2.790178931985964,-12.0,9.913358588923346,12.0,-2.56646364231991e-06,-0.0007123179656937464,-0.0007123151755148062,-0.001145612457831016,0.001860251565414402,0.0007123179656937383
3,0.0032292341751740897,-11.45612400951116,2.791274303511081,-12.0,9.915001372765238,12.0,-2.563239826255701e-06,-0.0007123727069254253,-0.0007123699156511122,-0.001145612400951117,0.001860303025949674,0.0007123727069254157
3,0.0032294341751740903,-11.45612329511058,2.792359285545631,-12.0,9.91662849946659,12.0,-2.566460955589452e-06,-0.0007124269213921038,-0.0007124241290328104,-0.001145612329511058,0.001860360390106065,0.0007124269213920959
3,0.00322963417517409,-11.4561227385463,2.793433775231372,-12.0,9.918239966457959,12.0,-2.563240185685053e-06,-0.0007124806191226682,-0.0007124778256888836,-0.00114561227385463,0.001860410811409832,0.0007124806191226587
3,0.00322983417517409,-11.45612203652915,2.794497871967551,-12.0,9.919835771194622,12.0,-2.566458293925924e-06,-0.000712533789922715,-0.000712530995424835,-0.001145612203652915,0.001860467130116495,0.0007125337899227071
3,0.003230034175174091,-11.45612149220263,2.795551473027023,-12.0,9.921415911156581,12.0,-2.563240567241246e-06,-0.0007125864438129654,-0.0007125836482614829,-0.001145612149220263,0.001860516511847424,0.0007125864438129558
3,0.0032302341751740907,-11.45612080257171,2.796594677743958,-12.0,9.922980383848572,12.0,-2.566455657334281e-06,-0.0007126385706104693,-0.0007126357740157834,-0.001145612080257171,0.001860571784771723,0.0007126385706104615
3,0.0032304341751740913,-11.45612027048595,2.797627383522188,-12.0,9.924529186800093,12.0,-2.563240970933548e-06,-0.0007126901803278,-0.0007126873827004071,-0.001145612027048595,0.001860620126594303,0.0007126901803277906
3,0.003230634175174091,-11.45611959324398,2.798649689630984,-12.0,9.926062317565364,12.0,-2.566453045819022e-06,-0.0007127412627934462,-0.0007127384641437484,-0.001145611959324399,0.001860674353410358,0.0007127412627934381
3,0.003230834175174091,-11.45611907340191,2.799661493604978,-12.0,9.927579773723362,12.0,-2.563241396771233e-06,-0.0007127918280118478,-0.0007127890283503447,-0.001145611907340192,0.001860721654996057,0.0007127918280118385
3,0.003231034175174091,-11.45611840855158,2.800662894648724,-12.0,9.929081552877822,12.0,-2.566450459384575e-06,-0.0007128418658229178,-0.0007128390651600152,-0.001145611840855158,0.001860774835384144,0.0007128418658229099
3,0.003231234175174091,-11.45611790095607,2.801653790427522,-12.0,9.930567652657224,12.0,-2.563241844763176e-06,-0.0007128913862229796,-0.0007128885845691798,-0.001145611790095608,0.00186082109641017,0.0007128913862229703
3,0.003231434175174091,-11.45611724849998,2.802634280081349,-12.0,9.932038070714814,12.0,-2.566447898035616e-06,-0.0007129403790633545,-0.0007129375764290664,-0.001145611724849998,0.001860873230058492,0.0007129403790633465
3,0.003231634175174091,-11.45611675315386,2.803604261406041,-12.0,9.933492804728605,12.0,-2.563242314918571e-06,-0.0007129888543322658,-0.000712986050727995,-0.001145611675315386,0.001860918450209346,0.0007129888543322563
3,0.003231834175174092,-11.45611611309456,2.804563833477173,-12.0,9.934931852401377,12.0,-2.566445361776071e-06,-0.0007130368018924283,-0.000713033997328587,-0.001145611611309457,0.001860969536810317,0.0007130368018924204
3,0.003232034175174092,-11.45611563000058,2.805512894220954,-12.0,9.936355211460665,12.0,-2.563242807245913e-06,-0.0007130842317239804,-0.0007130814262110768,-0.001145611563000058,0.001861013715778274,0.0007130842317239712
3,0.003232234175174092,-11.4561150023406,2.806451542648715,-12.0,9.937762879658798,12.0,-2.566442850610116e-06,-0.0007131311337010162,-0.0007131283272494656,-0.00114561150023406,0.001861063755032632,0.0007131311337010084
3,0.003232434175174092,-11.45611453150146,2.807379676816924,-12.0,9.939154854772882,12.0,-2.563243321754029e-06,-0.0007131775177956053,-0.000713174710415919,-0.001145611453150146,0.001861106892514349,0.0007131775177955958
3,0.003232634175174092,-11.45611391624322,2.808297395672813,-12.0,9.940531134604786,12.0,-2.566440364541755e-06,-0.0007132233738932053,-0.0007132205655958016,-0.001145611391624322,0.001861155884128923,0.0007132233738931974
3,0.0032328341751740918,-11.45611345766157,2.809204597402948,-12.0,9.94189171698118,12.0,-2.563243858451186e-06,-0.0007132687119578326,-0.0007132659027532257,-0.001145611345766157,0.001861197979829135,0.0007132687119578233
3,0.0032330341751740923,-11.45611285480747,2.810101380890657,-12.0,9.94323659975353,12.0,-2.5664379035748e-06,-0.0007133135218862952,-0.0007133107117849063,-0.001145611285480747,0.001861245923517578,0.0007133135218862873
3,0.003233234175174092,-11.45611240848589,2.81098764445245,-12.0,9.944565780798065,12.0,-2.563244417345642e-06,-0.0007133578136345709,-0.000713355002646917,-0.001145611240848589,0.001861286977147436,0.0007133578136345616
3,0.003233434175174093,-11.45611181803826,2.811863486907891,-12.0,9.945879258015836,12.0,-2.566435467712917e-06,-0.0007134015771108024,-0.0007133987652473076,-0.001145611181803826,0.00186133387262928,0.0007134015771107946
3,0.003233634175174093,-11.45611138397929,2.812728806703316,-12.0,9.947177029332684,12.0,-2.56324499844577e-06,-0.0007134448222629464,-0.0007134420095341301,-0.001145611138397929,0.001861373883906008,0.0007134448222629368
3,0.0032338341751740928,-11.4561108059404,2.813583702594684,-12.0,9.948459092699249,12.0,-2.566433056959675e-06,-0.0007134875390104645,-0.0007134847254267541,-0.00114561108059404,0.001861419730908314,0.0007134875390104566
3,0.0032340341751740933,-11.4561103841465,2.814428073157995,-12.0,9.949725446090977,12.0,-2.563245601759246e-06,-0.0007135297372933074,-0.0007135269228652249,-0.00114561103841465,0.001861458699556623,0.0007135297372932982
3,0.003234234175174093,-11.45610981851857,2.81526201708578,-12.0,9.950976087508126,12.0,-2.566430671318317e-06,-0.0007135714070422424,-0.0007135685917802174,-0.001145610981851857,0.001861503497812173,0.0007135714070422345
3,0.003234434175174093,-11.45610940899217,2.816085433083563,-12.0,9.95221101497576,12.0,-2.563246227294333e-06,-0.000713612558189229,-0.0007136097421037865,-0.001145610940899217,0.001861541423562675,0.0007136125581892196
3,0.0032346341751740932,-11.45610885577735,2.81689841978059,-12.0,9.953430226543759,12.0,-2.56642831079203e-06,-0.0007136531806763247,-0.000713650363777897,-0.001145610885577735,0.001861585172811768,0.000713653180676317
3,0.003234834175174093,-11.4561084585208,2.817700876011778,-12.0,9.954633720286825,12.0,-2.563246875058587e-06,-0.0007136932844275139,-0.0007136904667266288,-0.00114561084585208,0.001861622055401931,0.0007136932844275047
3,0.003235034175174093,-11.4561079177212,2.818492900343247,-12.0,9.955821494304475,12.0,-2.566425975384238e-06,-0.0007137328593961306,-0.0007137300409032223,-0.00114561079177212,0.0018616647553906,0.0007137328593961229
3,0.003235234175174094,-11.4561075327368,2.819274391739155,-12.0,9.95699354672105,12.0,-2.563247545059512e-06,-0.0007137719154981985,-0.0007137690962237975,-0.00114561075327368,0.001861700594564273,0.0007137719154981895
3,0.003235434175174094,-11.45610700435446,2.820045448702668,-12.0,9.958149875685722,12.0,-2.56642366509761e-06,-0.0007138104426983133,-0.0007138076226528566,-0.001145610700435446,0.00186174224504554,0.0007138104426983054
3,0.0032356341751740942,-11.45610663164445,2.820805970327042,-12.0,9.959290479372493,12.0,-2.563248237304564e-06,-0.0007138484509045544,-0.0007138456300985748,-0.001145610663164445,0.001861777040553088,0.0007138484509045451
3,0.003235834175174094,-11.45610611568137,2.821556055052633,-12.0,9.960415355980185,12.0,-2.566421379935041e-06,-0.000713885930092763,-0.0007138831085367001,-0.001145610611568137,0.001861817641287837,0.0007138859300927551
3,0.003236034175174094,-11.45610575524794,2.822295602101653,-12.0,9.96152450373247,12.0,-2.56324895180102e-06,-0.0007139228901630909,-0.0007139200678674797,-0.001145610575524794,0.001861851392886828,0.0007139228901630818
3,0.003236234175174094,-11.45610525170603,2.823024709851826,-12.0,9.962617920877856,12.0,-2.566419119899147e-06,-0.0007139593211026108,-0.000713956498077893,-0.001145610525170603,0.00186189094363988,0.0007139593211026031
3,0.003236434175174094,-11.4561049035513,2.823743277654168,-12.0,9.963695605689681,12.0,-2.563249688556092e-06,-0.0007139952328035608,-0.0007139924090602737,-0.00114561049035513,0.00186192365109389,0.0007139952328035513
3,0.0032366341751740944,-11.45610441243246,2.82445140382391,-12.0,9.964757556466134,12.0,-2.566416884992643e-06,-0.0007140306152642305,-0.0007140277908128185,-0.001145610441243246,0.001861962151639221,0.0007140306152642224
3,0.003236834175174094,-11.45610407655851,2.825148987840749,-12.0,9.965803771530256,12.0,-2.563250447576554e-06,-0.00071406547836896,-0.0007140626532199627,-0.001145610407655851,0.001861993814719169,0.0007140654783689508
3,0.003237034175174095,-11.45610359786454,2.825836127957585,-12.0,9.966834249229926,12.0,-2.566414675217848e-06,-0.0007140998121272419,-0.0007140969862911061,-0.001145610359786454,0.001862031264835784,0.0007140998121272341
3,0.003237234175174095,-11.45610327427337,2.826512723782635,-12.0,9.967848987937876,12.0,-2.563251228869156e-06,-0.0007141336264155332,-0.0007141307999028001,-0.001145610327427337,0.00186206188331868,0.0007141336264155241
3,0.003237434175174095,-11.45610280800603,2.827178873506634,-12.0,9.968847986051703,12.0,-2.566412490576975e-06,-0.0007141669112545146,-0.0007141640840756333,-0.001145610280800603,0.001862098282792421,0.0007141669112545069
3,0.0032376341751740954,-11.4561024966996,2.827834476866186,-12.0,9.969831241993848,12.0,-2.563252032440805e-06,-0.0007141996765127754,-0.0007141968486782894,-0.00114561024966996,0.001862127856461942,0.0007141996765127662
3,0.003237834175174095,-11.4561020428606,2.828479631989997,-12.0,9.970798754211614,12.0,-2.566410331072273e-06,-0.0007142319122221695,-0.0007142290837425298,-0.00114561020428606,0.001862163205086267,0.0007142319122221618
3,0.0032380341751740947,-11.45610174384081,2.829114238742919,-12.0,9.97175052117717,12.0,-2.563252858297764e-06,-0.0007142636282434342,-0.0007142607991291864,-0.001145610174384081,0.00186219173373268,0.0007142636282434252
3,0.0032382341751740953,-11.45610130243179,2.8297383951918,-12.0,9.972686541387546,12.0,-2.566408196705685e-06,-0.0007142948146195824,-0.0007142919848811795,-0.001145610130243179,0.001862226031306348,0.0007142948146195746
3,0.003238434175174095,-11.45610101570047,2.830352001329593,-12.0,9.973606813364638,12.0,-2.563253706446519e-06,-0.0007143254812035138,-0.0007143226508515032,-0.001145610101570047,0.001862253514726941,0.0007143254812035046
3,0.003238634175174095,-11.45610058672302,2.83095515516143,-12.0,9.97451133565521,12.0,-2.566406087479146e-06,-0.0007143556180493857,-0.0007143527870942227,-0.001145610058672302,0.001862286761055895,0.000714355618049378
3,0.003238834175174096,-11.45610031228197,2.831547756808229,-12.0,9.975400106830897,12.0,-2.56325457689328e-06,-0.0007143852350022759,-0.0007143824034545098,-0.001145610031228197,0.001862313199054184,0.0007143852350022668
3,0.0032390341751740957,-11.45609989573762,2.832129904213572,-12.0,9.976273125488213,12.0,-2.566404003394056e-06,-0.0007144143221274716,-0.0007144114899975598,-0.001145609989573762,0.001862345393951784,0.0007144143221274642
3,0.0032392341751740963,-11.45609963358855,2.832701497626189,-12.0,9.977130390248535,12.0,-2.56325546964419e-06,-0.0007144428892622437,-0.0007144400565607369,-0.001145609963358855,0.001862370786337639,0.0007144428892622346
3,0.003239434175174096,-11.45609922947878,2.833262634928261,-12.0,9.977971899758131,12.0,-2.566401944452133e-06,-0.0007144709264829947,-0.0007144680932203521,-0.001145609922947878,0.001862401929622,0.0007144709264829872
3,0.003239634175174096,-11.45609897962336,2.833813216496198,-12.0,9.97879765268814,12.0,-2.563256384705079e-06,-0.0007144984436192034,-0.0007144956098059778,-0.001145609897962336,0.001862426276213114,0.0007144984436191943
3,0.003239834175174096,-11.45609858794958,2.834353340150927,-12.0,9.979607647734584,12.0,-2.566399910654856e-06,-0.0007145254307583733,-0.0007145225964050255,-0.001145609858794958,0.001862456367710865,0.0007145254307583658
3,0.003240034175174096,-11.45609835038942,2.8348829063964,-12.0,9.980401883618375,12.0,-2.563257322081683e-06,-0.0007145518977222066,-0.0007145490628392911,-0.001145609835038942,0.001862479668330143,0.0007145518977221976
3,0.003240234175174096,-11.456097971153,2.835402012992448,-12.0,9.981180359085302,12.0,-2.566397902003455e-06,-0.000714577834609293,-0.0007145749992072723,-0.0011456097971153,0.001862508707873317,0.0007145778346092854
3,0.003240434175174096,-11.45609774588965,2.83591056057041,-12.0,9.981943072906045,12.0,-2.563258281779722e-06,-0.0007146032512335726,-0.0007146004153230029,-0.001145609774588965,0.001862530962351285,0.0007146032512335635
3,0.003240634175174097,-11.45609737909188,2.836408646829178,-12.0,9.982690023876179,12.0,-2.566395918499069e-06,-0.0007146281377047078,-0.0007146253012960532,-0.001145609737909189,0.001862558949779079,0.0007146281377047002
3,0.003240834175174097,-11.45609716612684,2.836896172527346,-12.0,9.983421210816164,12.0,-2.563259263804498e-06,-0.000714652503828891,-0.0007146496669327093,-0.001145609716612684,0.001862580157952356,0.0007146525038288819
3,0.003241034175174097,-11.45609681176898,2.837373235303007,-12.0,9.984136632571357,12.0,-2.566393960142777e-06,-0.0007146763397268424,-0.0007146735023535996,-0.001145609681176898,0.00186260709311084,0.000714676339726835
3,0.003241234175174097,-11.45609661110368,2.83783973604187,-12.0,9.984836288012009,12.0,-2.563260268161416e-06,-0.0007146996551970228,-0.0007146968173572776,-0.001145609661110368,0.001862627254822656,0.0007146996551970139
3,0.003241434175174097,-11.45609626918692,2.838295772321389,-12.0,9.985520176033265,12.0,-2.566392026935283e-06,-0.0007147224403711953,-0.0007147196020754152,-0.001145609626918692,0.001862653137563681,0.0007147224403711877
3,0.0032416341751740968,-11.45609608082274,2.838741245154239,-12.0,9.986188295555179,12.0,-2.563261294855671e-06,-0.000714744705040103,-0.0007147418662988488,-0.001145609608082274,0.001862672252664236,0.000714744705040094
3,0.0032418341751740973,-11.4560957513482,2.839176252057384,-12.0,9.986840645522696,12.0,-2.566390118877327e-06,-0.0007147664393465388,-0.0007147636001702791,-0.00114560957513482,0.001862697082847115,0.0007147664393465312
3,0.003242034175174097,-11.45609557528647,2.839600694170325,-12.0,9.987477224905664,12.0,-2.563262343892287e-06,-0.0007147876530735427,-0.0007147848134728396,-0.001145609557528647,0.00186271515119302,0.0007147876530735339
3,0.003242234175174097,-11.45609525825522,2.840014668949693,-12.0,9.988098032698842,12.0,-2.566388235969531e-06,-0.0007148083363749223,-0.0007148054963602459,-0.001145609525825523,0.001862738928683521,0.000714808336374915
3,0.003242434175174098,-11.4560950944972,2.840418077661673,-12.0,9.988703067921886,12.0,-2.563263415276076e-06,-0.0007148284990260304,-0.0007148256586079438,-0.00114560950944972,0.001862755950137933,0.0007148284990260214
3,0.0032426341751740978,-11.45609478991028,2.840811017702697,-12.0,9.989292329619362,12.0,-2.566386378212468e-06,-0.000714848131191674,-0.0007148452903806488,-0.001145609478991028,0.001862778674807761,0.0007148481311916666
3,0.0032428341751740983,-11.45609463845717,2.841193390465506,-12.0,9.98986581686075,12.0,-2.563264509011669e-06,-0.0007148672426395334,-0.0007148644014461338,-0.001145609463845717,0.001862794649240901,0.0007148672426395245
3,0.003243034175174098,-11.45609434631552,2.841565293286491,-12.0,9.990423528740433,12.0,-2.56638454560607e-06,-0.0007148858235454015,-0.0007148829819801008,-0.001145609434631552,0.001862816320969624,0.0007148858235453942
3,0.003243234175174098,-11.45609420716848,2.841926627684789,-12.0,9.990965464377705,12.0,-2.56326562510385e-06,-0.0007149038836693003,-0.0007149010417426637,-0.001145609420716848,0.001862831248258101,0.0007149038836692916
3,0.0032434341751740982,-11.45609392747302,2.842277490936907,-12.0,9.991491622916781,12.0,-2.56638273815084e-06,-0.0007149214131979948,-0.0007149185709204963,-0.001145609392747302,0.001862851866930151,0.0007149214131979874
3,0.003243634175174098,-11.45609380063314,2.842617784688244,-12.0,9.992002003526782,12.0,-2.563266763556866e-06,-0.0007149384218838627,-0.000714935579266069,-0.001145609380063314,0.001862865746957677,0.0007149384218838538
3,0.003243834175174098,-11.4560935333847,2.842947606155554,-12.0,9.992496605401746,12.0,-2.566380955846721e-06,-0.0007149548999246266,-0.0007149520569770129,-0.001145609353338471,0.001862885312465411,0.0007149548999246193
3,0.003244034175174099,-11.45609341885301,2.843266857110369,-12.0,9.99297542776063,12.0,-2.563267924374988e-06,-0.0007149708570650351,-0.0007149680137981691,-0.001145609341885301,0.00186289814512146,0.0007149708570650261
3,0.003244234175174099,-11.4560931640524,2.843575634709842,-12.0,9.99343846984731,12.0,-2.566379198693443e-06,-0.0007149862835137542,-0.0007149834399381119,-0.00114560931640524,0.001862916657364487,0.0007149862835137469
3,0.0032444341751740992,-11.45609306182987,2.843873840851488,-12.0,9.993885730930579,12.0,-2.563269107562286e-06,-0.0007150011890079179,-0.0007149983451340681,-0.001145609306182988,0.001862928442545327,0.0007150011890079091
3,0.003244634175174099,-11.4560928194778,2.844161572633011,-12.0,9.994317210304146,12.0,-2.566377466690718e-06,-0.0007150155637671209,-0.0007150127196055408,-0.001145609281947781,0.001862945901428546,0.0007150155637671136
3,0.003244834175174099,-11.45609272956537,2.844438732077764,-12.0,9.994732907286654,12.0,-2.563270313123094e-06,-0.0007150294175208978,-0.0007150265730821569,-0.001145609272956537,0.001862956639037455,0.000715029417520889
3,0.003245034175174099,-11.45609249966253,2.844705416224153,-12.0,9.995132821221656,12.0,-2.566375759838167e-06,-0.0007150427404997578,-0.0007150398957943341,-0.001145609249966253,0.001862973044472915,0.0007150427404997503
3,0.003245234175174099,-11.45609242206105,2.844961527221223,-12.0,9.995516951477631,12.0,-2.563271541060898e-06,-0.0007150555424256497,-0.0007150526974641135,-0.001145609242206105,0.001862982734419377,0.0007150555424256409
3,0.0032454341751740994,-11.45609220460805,2.845207162048229,-12.0,9.99588529744799,12.0,-2.566374078135334e-06,-0.0007150678135399836,-0.0007150649683328141,-0.001145609220460805,0.001862998086325506,0.0007150678135399761
3,0.003245634175174099,-11.45609213931832,2.845442222979781,-12.0,9.996237858551062,12.0,-2.563272791379301e-06,-0.0007150795635571371,-0.0007150767181149051,-0.001145609213931832,0.00186300672852717,0.0007150795635571281
3,0.0032458341751741,-11.45609193431573,2.845666806936113,-12.0,9.996574634230106,12.0,-2.566372421581447e-06,-0.0007150907827294067,-0.0007150879370625923,-0.001145609193431573,0.001863021026829558,0.0007150907827293993
3,0.0032460341751741,-11.45609188133851,2.84588081631726,-12.0,9.996895623953305,12.0,-2.563274064081976e-06,-0.0007151014807636133,-0.0007150986348827883,-0.001145609188133851,0.001863028621208482,0.0007151014807636046
3,0.0032462341751741,-11.45609168878682,2.846084347984588,-12.0,9.997200827213774,12.0,-2.566370790175752e-06,-0.000715111647922926,-0.0007151088018385706,-0.001145609168878682,0.001863041865838876,0.0007151116479229186
3,0.0032464341751741004,-11.45609164812279,2.846277304463413,-12.0,9.997490243529557,12.0,-2.563275359172239e-06,-0.0007151212939066232,-0.00071511844762931,-0.001145609164812279,0.001863048412324759,0.0007151212939066143
3,0.0032466341751741,-11.45609146802246,2.846459782556376,-12.0,9.997763872443622,12.0,-2.56636918391712e-06,-0.0007151304089887318,-0.0007151275625289419,-0.001145609146802246,0.001863060603222084,0.0007151304089887246
3,0.0032468341751741,-11.45609143967224,2.846631684913935,-12.0,9.998021713523874,12.0,-2.563276676653383e-06,-0.0007151390028610027,-0.000715136156229309,-0.001145609143967225,0.001863066101751706,0.0007151390028609939
3,0.0032470341751741003,-11.45609127202367,2.846793108280155,-12.0,9.998263766363149,12.0,-2.566367602804648e-06,-0.0007151470658083069,-0.0007151442190151911,-0.001145609127202367,0.0018630772388604,0.0007151470658082994
3,0.0032472341751741,-11.45609125598784,2.846943955430488,-12.0,9.998490030579209,12.0,-2.563278016528288e-06,-0.0007151546075148809,-0.0007151517605709167,-0.001145609125598785,0.001863081689377285,0.0007151546075148721
3,0.0032474341751741,-11.45609110079135,2.847084323050565,-12.0,9.998700505814753,12.0,-2.566366046836964e-06,-0.0007151616182764263,-0.0007151587711920958,-0.001145609110079135,0.001863091772649313,0.0007151616182764189
3,0.003247634175174101,-11.45609109707044,2.847214114040699,-12.0,9.998895191737411,12.0,-2.563279378800014e-06,-0.0007151681077696801,-0.0007151652605555571,-0.001145609109707044,0.001863095175102262,0.0007151681077696713
3,0.003247834175174101,-11.4560909543263,2.847333425028232,-12.0,9.99907408803975,12.0,-2.566364516012549e-06,-0.0007151740663011592,-0.0007151712189677267,-0.00114560909543263,0.001863104204496584,0.0007151740663011518
3,0.0032480341751741013,-11.45609096292076,2.847442159038195,-12.0,9.999237194439266,12.0,-2.563280763471306e-06,-0.0007151795035401158,-0.000715176656097948,-0.001145609096292076,0.001863106558842639,0.0007151795035401071
3,0.003248234175174101,-11.4560908326292,2.847540412639778,-12.0,9.999384510678391,12.0,-2.566363010330029e-06,-0.0007151844098038688,-0.0007151815622634488,-0.00114560908326292,0.001863114534324141,0.0007151844098038614
3,0.003248434175174101,-11.45609085353943,2.847628088982592,-12.0,9.999516036524497,12.0,-2.563282170544707e-06,-0.0007151887947541991,-0.0007151859471261014,-0.001145609085353943,0.001863115840525476,0.0007151887947541905
3,0.003248634175174101,-11.45609073570061,2.84770528457782,-12.0,9.99963177176988,12.0,-2.566361529787672e-06,-0.0007151926487192132,-0.0007151898010139214,-0.001145609073570061,0.001863122762065917,0.0007151926487192061
3,0.003248834175174101,-11.45609076892696,2.847771902699519,-12.0,9.999731716231786,12.0,-2.563283600022823e-06,-0.0007151959813532355,-0.0007151931335813241,-0.001145609076892696,0.001863123020092807,0.0007151959813532267
3,0.003249034175174101,-11.45609066354097,2.847828039800999,-12.0,9.999815869752382,12.0,-2.566360074383556e-06,-0.0007151987829951456,-0.0007151959351670984,-0.001145609066354097,0.001863128887670514,0.0007151987829951382
3,0.003249234175174101,-11.45609070908373,2.847873599280614,-12.0,9.99988423219878,12.0,-2.563285051907939e-06,-0.0007152010632918253,-0.0007151982154182172,-0.001145609070908373,0.001863128097498875,0.0007152010632918167
3,0.003249434175174102,-11.45609061615063,2.847908677533961,-12.0,9.999936803463031,12.0,-2.566358644115771e-06,-0.0007152028125929144,-0.0007151999646842294,-0.001145609061615063,0.001863132911099034,0.0007152028125929071
3,0.003249634175174102,-11.45609067401003,2.847933178083546,-12.0,9.999973583462113,12.0,-2.563286526202239e-06,-0.0007152040405378653,-0.0007152011926046786,-0.001145609067401003,0.001863131072711847,0.0007152040405378568
3,0.003249834175174102,-11.4560905935298,2.847947197267382,-12.0,9.999994572137945,12.0,-2.566357238982096e-06,-0.0007152047374870636,-0.0007152018895398589,-0.00114560905935298,0.001863134832325938,0.0007152047374870563
3,0.003250034175174102,-11.456090663706,2.847950638732001,-12.0,9.999999769457387,12.0,-2.563288022907775e-06,-0.0007152049130725472,-0.0007152020651218999,-0.0011456090663706,0.001863131945713091,0.0007152049130725386
3,0.003250234175174102,-11.45609059567859,2.847943598757965,-12.0,9.999989175412228,12.0,-2.566355858980565e-06,-0.0007152045576654336,-0.0007152017097218276,-0.001145609059567859,0.001863134651339231,0.0007152045576654263
3,0.0032504341751741017,-11.4560906781717,2.847925981115691,-12.0,9.9999627900192,12.0,-2.563289542026107e-06,-0.0007152036808903596,-0.0007152008329643696,-0.00114560906781717,0.00186313071649632,0.000715203680890351
3,0.0032506341751741023,-11.45609062259698,2.847897882028438,-12.0,9.999920613319967,12.0,-2.566354504108807e-06,-0.0007152022731291602,-0.0007151994252312708,-0.001145609062259698,0.001863132368139696,0.0007152022731291529
3,0.003250834175174102,-11.45609071740707,2.84785920539036,-12.0,9.999862645381132,12.0,-2.563291083559068e-06,-0.0007152003439990858,-0.0007151974961398718,-0.001145609071740707,0.001863127385070432,0.0007152003439990772
3,0.003251034175174102,-11.45609067428486,2.847810047367556,-12.0,9.999788886294237,12.0,-2.566353174364039e-06,-0.0007151978838926752,-0.0007151950360826207,-0.001145609067428486,0.001863127982742387,0.0007151978838926681
3,0.003251234175174103,-11.45609078141193,2.847750311977781,-12.0,9.999699336175754,12.0,-2.563292647508407e-06,-0.0007151949024198059,-0.0007151920546694854,-0.001145609078141193,0.001863121951455682,0.0007151949024197973
3,0.0032514341751741027,-11.45609075074197,2.847680095330104,-12.0,9.999593995167096,12.0,-2.566351869743674e-06,-0.0007151913899837066,-0.000715188542303604,-0.001145609075074198,0.001863121495174407,0.0007151913899836993
3,0.0032516341751741033,-11.45609087018596,2.847599301565745,-12.0,9.999472863434614,12.0,-2.563294233875616e-06,-0.0007151873561868955,-0.0007151845085875852,-0.001145609087018596,0.001863114415686301,0.0007151873561868868
3,0.003251834175174103,-11.45609085196799,2.847508026736881,-12.0,9.999335941169585,12.0,-2.566350590244805e-06,-0.0007151827914432774,-0.0007151799439352435,-0.001145609085196799,0.001863112905477132,0.0007151827914432705
3,0.003252034175174103,-11.45609098372877,2.847406175108064,-12.0,9.999183228588235,12.0,-2.563295842661804e-06,-0.0007151777053480254,-0.000715174857941842,-0.001145609098372877,0.00186310477781062,0.0007151777053480171
3,0.003252234175174103,-11.45609097796242,2.847293842674717,-12.0,9.999014725931714,12.0,-2.566349335864488e-06,-0.000715172088325707,-0.0007151692410318569,-0.001145609097796242,0.001863102213704392,0.0007151720883256996
3,0.003252434175174103,-11.45609112203983,2.847170933824569,-12.0,9.998830433466111,12.0,-2.563297473868123e-06,-0.0007151659499641626,-0.0007151631027932202,-0.001145609112203984,0.001863093037889033,0.0007151659499641542
3,0.003252634175174103,-11.4560911287247,2.847037544496438,-12.0,9.99863035148245,12.0,-2.566348106599627e-06,-0.0007151592806986084,-0.0007151564336610568,-0.00114560911287247,0.001863089419924587,0.0007151592806986012
3,0.003252834175174104,-11.45609128511851,2.846893579201094,-12.0,9.998414480296686,12.0,-2.563299127495571e-06,-0.0007151520901095677,-0.00071514924321598,-0.001145609128511851,0.001863079195995878,0.0007151520901095593
3,0.003253034175174104,-11.45609130425411,2.84673913382088,-12.0,9.998182820249713,12.0,-2.566346902447222e-06,-0.0007151443686428905,-0.0007151415219037496,-0.001145609130425411,0.001863074524217496,0.0007151443686428834
3,0.003253234175174104,-11.45609147296403,2.846574112989468,-12.0,9.99793537170735,12.0,-2.563300803544854e-06,-0.0007151361258717964,-0.0007151332792976749,-0.001145609147296403,0.00186306325221848,0.000715136125871788
3,0.003253434175174104,-11.45609150454986,2.846398612532864,-12.0,9.997672135060352,12.0,-2.566345723403659e-06,-0.0007151273522527559,-0.0007151245058541362,-0.001145609150454986,0.001863057526677951,0.0007151273522527488
3,0.003253634175174104,-11.45609168557554,2.846212537207512,-12.0,9.997393110724408,12.0,-2.563302502016642e-06,-0.0007151180573516983,-0.0007151152111391525,-0.001145609168557554,0.001863045206657941,0.0007151180573516896
3,0.003253834175174104,-11.45609172961101,2.8460159827832,-12.0,9.997098299140134,12.0,-2.566344569465504e-06,-0.0007151082316357005,-0.0007151053856197106,-0.001145609172961101,0.00186303842741303,0.0007151082316356935
3,0.003254034175174104,-11.45609192295205,2.845808854139007,-12.0,9.996787700773076,12.0,-2.563304222911637e-06,-0.0007150978846634153,-0.0007150950388545526,-0.001145609192295205,0.00186302505942844,0.000715097884663407
3,0.0032542341751741043,-11.45609197943652,2.845591246988656,-12.0,9.996461316113717,12.0,-2.56634344062902e-06,-0.0007150870069125132,-0.000715084161321259,-0.001145609197943652,0.001863017226543333,0.0007150870069125062
3,0.003254434175174104,-11.45609218509246,2.845363066333709,-12.0,9.996119145677456,12.0,-2.563305966230063e-06,-0.0007150756079343831,-0.0007150727625713084,-0.001145609218509246,0.001863002810656643,0.0007150756079343747
3,0.003254634175174105,-11.45609225402525,2.845124407831952,-12.0,9.995761190004632,12.0,-2.566342336890377e-06,-0.000715063678217275,-0.00071506083309286,-0.001145609225402525,0.001862993924203561,0.000715063678217268
3,0.003254834175174105,-11.45609247199555,2.844875176607306,-12.0,9.995387449660504,12.0,-2.563307731972104e-06,-0.0007150512273053282,-0.000715048382430143,-0.001145609247199555,0.001862978460483708,0.0007150512273053198
3,0.003255034175174105,-11.45609255337591,2.844615468261748,-12.0,9.994997925235257,12.0,-2.566341258245971e-06,-0.0007150382456973581,-0.0007150354010818827,-0.001145609255337591,0.001862968520540105,0.000715038245697351
3,0.0032552341751741053,-11.45609278366002,2.844345188041412,-12.0,9.994592617344008,12.0,-2.563309520137968e-06,-0.0007150247429302681,-0.0007150218985850716,-0.001145609278366002,0.001862952009063217,0.0007150247429302596
3,0.003255434175174105,-11.45609287748711,2.84406443149261,-12.0,9.994171526626786,12.0,-2.566340204691281e-06,-0.000715010709513425,-0.0007150078654489863,-0.001145609287748711,0.001862941015713425,0.0007150107095134177
3,0.003255634175174105,-11.45609312008439,2.843773103983548,-12.0,9.993734653748561,12.0,-2.563311330727459e-06,-0.0007149961549765098,-0.0007149933112033972,-0.00114560931200844,0.001862923456562705,0.0007149961549765013
3,0.0032558341751741052,-11.45609322635738,2.843471301005004,-12.0,9.993281999399205,12.0,-2.566339176222254e-06,-0.0007149810698394273,-0.0007149782263681191,-0.001145609322635738,0.001862911409898153,0.0007149810698394201
3,0.003256034175174105,-11.45609348126714,2.843158928047117,-12.0,9.992813564293527,12.0,-2.563313163740403e-06,-0.0007149654636246492,-0.000714962620465713,-0.001145609348126714,0.001862892803162261,0.0007149654636246411
3,0.003256234175174105,-11.45609359998508,2.842836080545267,-12.0,9.992329349171248,12.0,-2.566338172834529e-06,-0.0007149493268626052,-0.0007149464840265175,-0.001145609359998508,0.001862879703280652,0.0007149493268625981
3,0.003256434175174106,-11.45609386720657,2.842502664111388,-12.0,9.991829354797009,12.0,-2.563315019176429e-06,-0.0007149326690685706,-0.0007149298265658981,-0.001145609386720657,0.001862860049055275,0.0007149326690685621
3,0.003256634175174106,-11.45609399836849,2.84215877412559,-12.0,9.991313581960373,12.0,-2.566337194523496e-06,-0.0007149154807834855,-0.0007149126386247043,-0.00114560939983685,0.001862845896061792,0.0007149154807834783
3,0.0032568341751741062,-11.45609427790091,2.841804316321461,-12.0,9.99078203147581,12.0,-2.563316897034992e-06,-0.0007148977715154433,-0.0007148949297111186,-0.001145609427790091,0.001862825194449525,0.0007148977715154349
3,0.003257034175174106,-11.45609442150578,2.841439386023977,-12.0,9.990234704182715,12.0,-2.566336241284577e-06,-0.0007148795318158808,-0.0007148766903764877,-0.001145609442150578,0.001862809988454651,0.0007148795318158739
3,0.003257234175174106,-11.45609471334825,2.84106388908825,-12.0,9.98967160094539,12.0,-2.563318797315518e-06,-0.0007148607711857224,-0.000714857930121825,-0.001145609471334825,0.001862788239564664,0.0007148607711857141
3,0.003257434175174106,-11.45609486939496,2.840677920784243,-12.0,9.989092722653055,12.0,-2.566335313113077e-06,-0.0007148414801868882,-0.0007148386395089603,-0.001145609486939496,0.001862771980686532,0.0007148414801868813
3,0.003257634175174106,-11.45609517354658,2.84028138708845,-12.0,9.988498070219835,12.0,-2.563320720016974e-06,-0.0007148216683131468,-0.0007148188280317513,-0.001145609517354658,0.00186274918463479,0.0007148216683131386
3,0.003257834175174106,-11.45609534203399,2.839874383215963,-12.0,9.98788764458477,12.0,-2.566334410003781e-06,-0.0007148013261368878,-0.0007147984862624975,-0.001145609534203399,0.001862731872997274,0.0007148013261368809
3,0.003258034175174106,-11.45609565849376,2.839456815264512,-12.0,9.987261446711802,12.0,-2.563322665138632e-06,-0.0007147804631447373,-0.0007147776236879138,-0.001145609565849376,0.001862708029906086,0.000714780463144729
3,0.003258234175174107,-11.45609583942067,2.839028778394445,-12.0,9.986619477589786,12.0,-2.566333531951979e-06,-0.000714759069919541,-0.0007147562308907556,-0.001145609583942067,0.001862689665640553,0.0007147590699195342
3,0.003258434175174107,-11.45609616818756,2.838590178824604,-12.0,9.985961738232477,12.0,-2.563324632679107e-06,-0.0007147371559407956,-0.0007147343173506084,-0.001145609616818756,0.001862664775639099,0.0007147371559407874
3,0.003258634175174107,-11.45609636155269,2.838141111660715,-12.0,9.985288229678535,12.0,-2.566332678952182e-06,-0.0007147147118017889,-0.0007147118736606701,-0.001145609636155269,0.001862645358882918,0.000714714711801782
3,0.003258834175174107,-11.45609670262561,2.837681483242589,-12.0,9.984598952991522,12.0,-2.563326622637331e-06,-0.0007146917469749018,-0.0007146889092934101,-0.001145609670262561,0.001862619422107082,0.0007146917469748933
3,0.003259034175174107,-11.45609690842764,2.837211388621463,-12.0,9.983893909259905,12.0,-2.56633185099918e-06,-0.000714668252063851,-0.0007146654148524554,-0.001145609690842765,0.001862598953004427,0.0007146682520638441
3,0.0032592341751741067,-11.45609726180545,2.836730734257981,-12.0,9.983173099597039,12.0,-2.563328635011673e-06,-0.0007146442365339142,-0.0007146413998031717,-0.001145609726180545,0.001862571969596396,0.0007146442365339057
3,0.0032594341751741073,-11.456097480043,2.836239615149017,-12.0,9.982436525141178,12.0,-2.566331048087426e-06,-0.000714619690999223,-0.0007146168547596008,-0.0011456097480043,0.001862550448298612,0.0007146196909992162
3,0.003259634175174107,-11.45609784572448,2.835737937875909,-12.0,9.98168418705548,12.0,-2.563330669800834e-06,-0.0007145946249179655,-0.0007145917891800194,-0.001145609784572448,0.001862522418407003,0.0007145946249179572
3,0.003259834175174107,-11.45609807639611,2.835225797381304,-12.0,9.980916086527987,12.0,-2.566330270211248e-06,-0.0007145690289146753,-0.0007145661936888707,-0.001145609807639611,0.001862499845071192,0.0007145690289146683
3,0.003260034175174108,-11.45609845437999,2.83470310036709,-12.0,9.980132224771634,12.0,-2.563332727002831e-06,-0.0007145429124404627,-0.000714540077737354,-0.001145609845437999,0.001862470768852594,0.0007145429124404544
3,0.0032602341751741077,-11.45609869748422,2.834169941721813,-12.0,9.979332603024245,12.0,-2.566329517364923e-06,-0.0007145162661302501,-0.0007145134319603015,-0.001145609869748422,0.001862447143642851,0.0007145162661302433
3,0.0032604341751741083,-11.45609908776918,2.833626228267776,-12.0,9.978517222548536,12.0,-2.563334806615913e-06,-0.0007144890994280843,-0.0007144862658018477,-0.001145609908776918,0.001862417021258795,0.0007144890994280761
3,0.003260634175174108,-11.45609934330445,2.83307205483955,-12.0,9.977686084632097,12.0,-2.56632878954241e-06,-0.0007144614029792615,-0.0007144585699071998,-0.001145609934330445,0.001862392344346199,0.0007144614029792548
3,0.003260834175174108,-11.4560997458891,2.832507328379721,-12.0,9.976839190587416,12.0,-2.563336908638028e-06,-0.0007144331862207779,-0.0007144303537134413,-0.00114560997458891,0.001862361175965329,0.0007144331862207695
3,0.003261034175174108,-11.4561000138538,2.831932143669008,-12.0,9.975976541751852,12.0,-2.566328086737824e-06,-0.000714404439808291,-0.0007144016078761405,-0.00114561000138538,0.0018623354475277,0.0007144044398082844
3,0.003261234175174108,-11.45610042873673,2.831346407770132,-12.0,9.97509813948764,12.0,-2.563339033066939e-06,-0.0007143751731717588,-0.000714372341825343,-0.001145610042873673,0.001862303233325657,0.0007143751731717509
3,0.003261434175174108,-11.45610070912919,2.830750215410101,-12.0,9.974203985181902,12.0,-2.56632740894488e-06,-0.0007143453769771868,-0.0007143425462269643,-0.001145610070912919,0.001862276453545919,0.0007143453769771801
3,0.003261634175174108,-11.45610113630888,2.830143473771637,-12.0,9.973294080246632,12.0,-2.563341179900482e-06,-0.0007143150606475077,-0.0007143122305040256,-0.001145610113630888,0.001862243193705181,0.0007143150606474995
3,0.003261834175174109,-11.45610142912738,2.829526277528148,-12.0,9.97236842611869,12.0,-2.56632675615716e-06,-0.0007142842148590609,-0.0007142813853327766,-0.001145610142912739,0.001862215362775126,0.0007142842148590543
3,0.003262034175174109,-11.45610186860228,2.828898533982215,-12.0,9.971427024259805,12.0,-2.563343349135921e-06,-0.0007142528490277671,-0.000714250020129225,-0.001145610186860228,0.001862181057484438,0.000714252849027759
3,0.003262234175174109,-11.45610217384506,2.82826033775379,-12.0,9.970469876156592,12.0,-2.56632612836831e-06,-0.0007142209538402869,-0.0007142181255799425,-0.001145610217384506,0.001862152175600131,0.0007142209538402803
3,0.003262434175174109,-11.45610262561356,2.827611596265178,-12.0,9.96949698332051,12.0,-2.563345540770897e-06,-0.0007141885387055412,-0.0007141857110939368,-0.001145610262561356,0.001862116825054755,0.0007141885387055332
3,0.003262634175174109,-11.45610294327876,2.826952404082978,-12.0,9.968508347287887,12.0,-2.566325525571696e-06,-0.0007141555943204977,-0.0007141527673680867,-0.001145610294327876,0.001862086892421122,0.000714155594320491
3,0.0032628341751741088,-11.45610340733919,2.826282668749096,-12.0,9.967503969619925,12.0,-2.563347754802591e-06,-0.000714122130087091,-0.0007141193038044143,-0.001145610340733919,0.001862050496822821,0.0007141221300870829
3,0.0032630341751741093,-11.45610373742492,2.825602484776904,-12.0,9.966483851902664,12.0,-2.566324947760341e-06,-0.000714088136712583,-0.0007140853111100914,-0.001145610373742492,0.001862019513649915,0.000714088136712576
3,0.003263234175174109,-11.45610421377556,2.824911759827753,-12.0,9.965447995747011,12.0,-2.563349991228025e-06,-0.0007140536235919338,-0.0007140507986801658,-0.001145610421377556,0.001861982073207784,0.0007140536235919259
3,0.00326343417517411,-11.45610455627988,2.824210588361934,-12.0,9.964396402788726,12.0,-2.566324394927541e-06,-0.0007140185814426861,-0.0007140157572320909,-0.001145610455627988,0.001861950039712654,0.0007140185814426792
3,0.00326363417517411,-11.45610504491894,2.823498878160112,-12.0,9.963329074688419,12.0,-2.563352250044187e-06,-0.0007139830196528391,-0.0007139801961539526,-0.001145610504491894,0.001861911554641761,0.0007139830196528308
3,0.0032638341751741098,-11.45610539983984,2.82277672362959,-12.0,9.96224601313154,12.0,-2.566323867066114e-06,-0.0007139469289502019,-0.0007139441061734714,-0.001145610539983984,0.001861878471048307,0.0007139469289501952
3,0.0032640341751741103,-11.45610590076548,2.822044032670222,-12.0,9.9611472198284,12.0,-2.563354531247811e-06,-0.000713910318715826,-0.0007139074966717851,-0.001145610590076548,0.001861838941570643,0.0007139103187158177
3,0.00326423417517411,-11.45610626810089,2.821300899636466,-12.0,9.960032696514139,12.0,-2.566323364168854e-06,-0.0007138731796877741,-0.0007138703583868677,-0.001145610626810089,0.001861804808109078,0.0007138731796877673
3,0.00326443417517411,-11.45610678131121,2.820547232547203,-12.0,9.95890244494874,12.0,-2.563356834835587e-06,-0.0007138355212401615,-0.000713832700692921,-0.001145610678131122,0.001861764234453163,0.0007138355212401537
3,0.0032646341751741102,-11.45610716105901,2.819783125704176,-12.0,9.957756466917026,12.0,-2.566322886228591e-06,-0.0007137973341212918,-0.0007137945143381592,-0.001145610716105901,0.001861729051360565,0.0007137973341212851
3,0.00326483417517411,-11.45610768655206,2.819008487245168,-12.0,9.956594764228656,12.0,-2.563359160803885e-06,-0.0007137586276983567,-0.0007137558086898615,-0.001145610768655206,0.001861687433761362,0.0007137586276983489
3,0.00326503417517411,-11.45610807871007,2.818223411419312,-12.0,9.955417338718116,12.0,-2.566322433237673e-06,-0.0007137193927298873,-0.0007137165745064691,-0.001145610807871007,0.001861651201281149,0.0007137193927298804
3,0.003265234175174111,-11.45610861648383,2.817427806483154,-12.0,9.954224192244713,12.0,-2.563361509149325e-06,-0.0007136796385761639,-0.0007136768211483492,-0.001145610861648383,0.001861608539980612,0.0007136796385761559
3,0.003265434175174111,-11.45610902104981,2.81662176663335,-12.0,9.953015326692599,12.0,-2.566322005188536e-06,-0.0007136393560059316,-0.0007136365393841582,-0.001145610902104981,0.001861571258363203,0.0007136393560059249
3,0.0032656341751741112,-11.45610957110222,2.815805200245081,-12.0,9.951790743970735,12.0,-2.563363879867774e-06,-0.0007135985543725734,-0.000713595738567365,-0.001145610957110222,0.001861527553609505,0.0007135985543725654
3,0.003265834175174111,-11.45610998807388,2.814978201462627,-12.0,9.950550446012898,12.0,-2.566321602073514e-06,-0.0007135572244550338,-0.0007135544094768255,-0.001145610998807388,0.00186148922311121,0.0007135572244550271
3,0.003266034175174111,-11.4561105504028,2.814140678779672,-12.0,9.949294434777698,12.0,-2.563366272955351e-06,-0.0007135153755998104,-0.0007135125614591237,-0.00114561105504028,0.001861444475159847,0.0007135153755998026
3,0.003266234175174111,-11.45611097977779,2.813292726288255,-12.0,9.948022712248543,12.0,-2.566321223884567e-06,-0.0007134729985960357,-0.0007134701853033024,-0.001145611097977779,0.001861405096044696,0.0007134729985960288
3,0.003266434175174111,-11.45611155438104,2.812434252600406,-12.0,9.946735280433654,12.0,-2.56336868840814e-06,-0.000713430102783333,-0.0007134272903490724,-0.001145611155438104,0.001861359305156602,0.0007134301027833247
3,0.0032666341751741114,-11.45611199615696,2.811565351756043,-12.0,9.945432141366062,12.0,-2.566320870613838e-06,-0.0007133866789610086,-0.0007133838673956501,-0.001145611199615696,0.001861318877694327,0.000713386678961002
3,0.003266834175174111,-11.45611258303229,2.810685932485425,-12.0,9.944113297103607,12.0,-2.563371126221499e-06,-0.0007133427364618263,-0.0007133399257758858,-0.001145611258303229,0.001861272044138061,0.0007133427364618182
3,0.003267034175174112,-11.45611303720666,2.809796088776465,-12.0,9.942778749728918,12.0,-2.56632054225295e-06,-0.000713298266095252,-0.0007132954562991564,-0.001145611303720666,0.001861230568604759,0.0007132982660952452
3,0.003267234175174112,-11.45611363635178,2.808895729477497,-12.0,9.94142850134943,12.0,-2.563373586391391e-06,-0.0007132532771872014,-0.0007132504682914638,-0.001145611363635178,0.00186118269265547,0.0007132532771871933
3,0.003267434175174112,-11.45611410292209,2.807984948524562,-12.0,9.940062554097373,12.0,-2.566320238793599e-06,-0.0007132077605572879,-0.0007132049525723327,-0.001145611410292209,0.001861140169335143,0.0007132077605572812
3,0.0032676341751741124,-11.45611471433463,2.807063654883928,-12.0,9.938680910129756,12.0,-2.563376068913065e-06,-0.0007131617255245908,-0.000713158918460928,-0.001145611471433463,0.001861091251273788,0.0007131617255245828
3,0.003267834175174112,-11.4561151932983,2.806131942439876,-12.0,9.93728357162839,12.0,-2.566319960227472e-06,-0.0007131151629188579,-0.0007131123567869087,-0.00114561151932983,0.00186104768045578,0.0007131151629188514
3,0.0032680341751741117,-11.45611581697585,2.805189720276491,-12.0,9.935870540799863,12.0,-2.563378573782022e-06,-0.0007130680820523452,-0.0007130652768626171,-0.001145611581697585,0.001860997720570441,0.0007130680820523372
3,0.0032682341751741123,-11.45611630833024,2.804237082226397,-12.0,9.93444181987554,12.0,-2.566319706545767e-06,-0.0007130204737649209,-0.000713017669527832,-0.001145611630833024,0.001860953102551244,0.0007130204737649143
3,0.003268434175174112,-11.45611694427033,2.803273937491355,-12.0,9.93299741111157,12.0,-2.563381100993133e-06,-0.0007129723473620294,-0.0007129695440880841,-0.001145611694427033,0.001860902101136909,0.0007129723473620216
3,0.003268634175174112,-11.45611744801274,2.802300379852463,-12.0,9.931537316788866,12.0,-2.566319477739871e-06,-0.0007129236936936469,-0.0007129208913932604,-0.001145611744801274,0.001860856436219792,0.0007129236936936404
3,0.003268834175174113,-11.45611809621283,2.801316318629016,-12.0,9.930061539213126,12.0,-2.563383650541708e-06,-0.000712874522058419,-0.0007128717207420923,-0.001145611809621283,0.001860804393577172,0.0007128745220584111
3,0.0032690341751741127,-11.45611861234054,2.800321847550699,-12.0,9.928570080714792,12.0,-2.566319273800913e-06,-0.000712824823316416,-0.0007128220229945618,-0.001145611861234054,0.00186075768207119,0.0007128248233164093
3,0.0032692341751741133,-11.45611927279804,2.799316876054205,-12.0,9.927062943649087,12.0,-2.563386222422212e-06,-0.0007127746067594963,-0.0007127718074426122,-0.001145611927279804,0.00186070459850862,0.0007127746067594883
3,0.003269434175174113,-11.45611980130822,2.798301497817937,-12.0,9.925540130395992,12.0,-2.566319094719877e-06,-0.0007127238632578122,-0.0007127210649563076,-0.001145611980130822,0.001860656840730087,0.0007127238632578056
3,0.003269634175174113,-11.45612047402049,2.797275622395837,-12.0,9.924001643360224,12.0,-2.56338881662948e-06,-0.0007126726020964464,-0.0007126698048208162,-0.001145612047402049,0.0018606027165622,0.0007126726020964388
3,0.003269834175174113,-11.45612101491027,2.796239343415135,-12.0,9.922447484971274,12.0,-2.566318940487604e-06,-0.0007126208141556205,-0.0007126180179162703,-0.001145612101491027,0.001860553912833947,0.0007126208141556139
3,0.003270034175174113,-11.45612169987461,2.795192570546906,-12.0,9.92087765768337,12.0,-2.563391433158264e-06,-0.0007125685087136542,-0.0007125657135210756,-0.001145612169987461,0.00186049874838102,0.0007125685087136464
3,0.003270234175174113,-11.45612225314108,2.794135397367306,-12.0,9.919292163975475,12.0,-2.566318811094633e-06,-0.0007125156766608234,-0.0007125128825254194,-0.001145612225314108,0.00186044889903321,0.0007125156766608169
3,0.003270434175174113,-11.45612295035472,2.793067733664406,-12.0,9.917691006351308,12.0,-2.563394072002638e-06,-0.0007124623272686981,-0.0007124595342009564,-0.001145612295035472,0.001860392694622804,0.0007124623272686902
3,0.003270634175174114,-11.45612351599491,2.791989672963422,-12.0,9.916074187339316,12.0,-2.566318706531792e-06,-0.0007124084514375962,-0.0007124056594479166,-0.001145612351599491,0.001860341799990414,0.0007124084514375894
3,0.003270834175174114,-11.45612422545504,2.790901125169266,-12.0,9.914441709492671,12.0,-2.563396733156907e-06,-0.0007123540584323482,-0.0007123512675312152,-0.001145612422545504,0.001860284555958376,0.0007123540584323405
3,0.003271034175174114,-11.45612480346589,2.789802183756335,-12.0,9.912793575389285,12.0,-2.566318626789388e-06,-0.0007122991391633018,-0.0007122963493611113,-0.001145612480346589,0.001860232616383596,0.0007122991391632952
3,0.003271234175174114,-11.45612552516963,2.788692758746249,-12.0,9.91112978763178,12.0,-2.563399416615446e-06,-0.0007122437028885607,-0.0007122409141957941,-0.001145612552516963,0.001860174333069297,0.000712243702888553
3,0.003271434175174114,-11.45612611554807,2.787572943562689,-12.0,9.909450348847503,12.0,-2.566318571857532e-06,-0.0007121877405284881,-0.0007121849529555379,-0.001145612611554807,0.001860121348901962,0.0007121877405284815
3,0.0032716341751741138,-11.45612684949249,2.786442648343868,-12.0,9.90775526168853,12.0,-2.563402122372233e-06,-0.000712131261334474,-0.0007121284748918177,-0.001145612684949249,0.001860062026652994,0.0007121312613344662
3,0.0032718341751741143,-11.45612745223536,2.78530196646285,-12.0,9.906044528831618,12.0,-2.566318541726466e-06,-0.0007120742562368835,-0.0007120714709349104,-0.001145612745223536,0.001860007998249159,0.0007120742562368769
3,0.003272034175174114,-11.45612819841746,2.784150808174297,-12.0,9.90431815297826,12.0,-2.563404850420735e-06,-0.000712016734480404,-0.000712013950329588,-0.001145612819841746,0.00185994763741938,0.0007120167344803962
3,0.003272234175174114,-11.45612881352156,2.782989266800793,-12.0,9.902576136854638,12.0,-2.566318536386164e-06,-0.0007119586870053909,-0.0007119559040161176,-0.001145612881352156,0.001859892565140867,0.0007119586870053844
3,0.003272434175174115,-11.4561295719383,2.781817252713298,-12.0,9.900818483211625,12.0,-2.563407600754675e-06,-0.0007119001230498405,-0.0007118973412325799,-0.00114561295719383,0.001859831166091325,0.0007119001230498327
3,0.0032726341751741148,-11.45613019940036,2.780634859184022,-12.0,9.899045194824804,12.0,-2.56631855582661e-06,-0.0007118410335640848,-0.0007118382529292189,-0.001145613019940036,0.001859775050306799,0.0007118410335640782
3,0.0032728341751741153,-11.45613097004864,2.7794419967001,-12.0,9.897256274494435,12.0,-2.563410373367819e-06,-0.0007117814277794412,-0.0007117786483374367,-0.001145613097004864,0.001859712613404594,0.0007117814277794336
3,0.003273034175174115,-11.45613160986533,2.778238758483483,-12.0,9.895451725045474,12.0,-2.566318600037211e-06,-0.0007117212966562056,-0.0007117185184174407,-0.001145613160986533,0.001859655454489781,0.0007117212966561992
3,0.003273234175174115,-11.45613239274198,2.777025055137333,-12.0,9.893631549327539,12.0,-2.563413168253415e-06,-0.0007116606494190283,-0.0007116578723939655,-0.001145613239274198,0.001859591980108263,0.0007116606494190206
3,0.003273434175174115,-11.45613304490993,2.775800979833452,-12.0,9.891795750214943,12.0,-2.566318669007749e-06,-0.0007115994770381557,-0.0007115967012371693,-0.001145613304490994,0.00185953377844496,0.0007115994770381492
3,0.003273634175174115,-11.45613384001173,2.774566443290915,-12.0,9.889944330606669,12.0,-2.563415985404783e-06,-0.0007115377887315832,-0.0007115350141651321,-0.001145613384001173,0.001859469266965065,0.0007115377887315754
3,0.003273834175174115,-11.45613450452752,2.773321538631468,-12.0,9.888077293426349,12.0,-2.566318762727687e-06,-0.0007114755754794944,-0.0007114728021579492,-0.001145613450452752,0.001859410022941689,0.0007114755754794881
3,0.003274034175174116,-11.45613531185118,2.772066176689961,-12.0,9.886194641622298,12.0,-2.5634188248147e-06,-0.0007114128464932416,-0.0007114100744270572,-0.001145613531185118,0.001859344474749944,0.0007114128464932337
3,0.003274234175174116,-11.4561359887113,2.770800450538219,-12.0,9.884296378167484,12.0,-2.566318881186115e-06,-0.0007113495927629331,-0.000711346821962476,-0.00114561359887113,0.001859284188762157,0.0007113495927629265
3,0.003274434175174116,-11.4561368082535,2.769524271126699,-12.0,9.88238250605951,12.0,-2.563421686476363e-06,-0.000711285823493289,-0.0007112830539690101,-0.00114561368082535,0.001859217604252001,0.0007112858234932812
3,0.003274634175174116,-11.45613749745441,2.768237731477422,-12.0,9.880453028320652,12.0,-2.566319024372376e-06,-0.0007112215296843295,-0.0007112187614465914,-0.001145613749745441,0.001859156276700809,0.000711221529684323
3,0.003274834175174116,-11.45613832921175,2.766940742656343,-12.0,9.87850794799782,12.0,-2.56342457038255e-06,-0.0007111567205341552,-0.0007111539535934049,-0.001145613832921175,0.001859088656272603,0.0007111567205341477
3,0.003275034175174116,-11.45613903074984,2.765633397635771,-12.0,9.876547268162554,12.0,-2.566319192275237e-06,-0.0007110913870526847,-0.0007110886214192806,-0.001145613903074984,0.001859026287566967,0.0007110913870526784
3,0.003275234175174116,-11.45613987471887,2.764315607597017,-12.0,9.874570991911037,12.0,-2.563427476525675e-06,-0.0007110255384314098,-0.0007110227741157946,-0.001145613987471887,0.001858957631626885,0.000711025538431402
3,0.0032754341751741163,-11.45614058859048,2.762987465462795,-12.0,9.872579122364087,12.0,-2.566319384883905e-06,-0.0007109591656901355,-0.0007109564027026635,-0.001145614058859048,0.001858894222181323,0.0007109591656901293
3,0.003275634175174116,-11.45614144476769,2.76164888252964,-12.0,9.870571662667132,12.0,-2.563430404898258e-06,-0.0007108922780137568,-0.0007108895163648667,-0.001145614144476769,0.001858824531142745,0.0007108922780137493
3,0.003275834175174117,-11.45614217096909,2.760299951670766,-12.0,9.868548615990212,12.0,-2.566319602186946e-06,-0.000710824866431951,-0.0007108221061319929,-0.001145614217096909,0.001858760081377937,0.0007108248664319447
3,0.003276034175174117,-11.45614303935093,2.758940584297809,-12.0,9.866509985528019,12.0,-2.563433355492824e-06,-0.0007107569401230288,-0.0007107541811824369,-0.001145614303935093,0.001858689355660695,0.000710756940123021
3,0.003276234175174117,-11.45614377787834,2.757570873234607,-12.0,9.864455774499815,12.0,-2.566319844172893e-06,-0.0007106884901265272,-0.0007106857325556474,-0.001145614377787834,0.001858623866005289,0.0007106884901265209
3,0.0032764341751741173,-11.45614465846117,2.756190730007726,-12.0,9.862385986149476,12.0,-2.56343632830134e-06,-0.0007106195256141827,-0.0007106167694234451,-0.001145614465846117,0.001858552106035274,0.000710619525614175
3,0.003276634175174117,-11.45614540931077,2.754800247391748,-12.0,9.860300623745484,12.0,-2.566320110830324e-06,-0.00071055003763538,-0.000710547282835126,-0.001145614540931077,0.001858485576923759,0.0007105500376353737
3,0.003276834175174117,-11.45614630209092,2.75339933702806,-12.0,9.85819969058092,12.0,-2.563439323315952e-06,-0.0007104800353552934,-0.000710477281955949,-0.001145614630209092,0.001858412783134606,0.0007104800353552861
3,0.0032770341751741172,-11.45614706525881,2.75198809164207,-12.0,9.856083189973427,12.0,-2.566320402147219e-06,-0.0007104095098331421,-0.0007104067578450439,-0.001145614706525881,0.001858345215008124,0.0007104095098331357
3,0.003277234175174117,-11.45614797023253,2.750566422989842,-12.0,9.853951125265258,12.0,-2.563442340528627e-06,-0.0007103384702275492,-0.0007103357196611185,-0.001145614797023253,0.001858271387838337,0.0007103384702275416
3,0.003277434175174117,-11.45614874571476,2.749134423747747,-12.0,9.85180349982324,12.0,-2.566320718112241e-06,-0.0007102669076075558,-0.0007102641584731256,-0.001145614874571476,0.001858202781144044,0.0007102669076075493
3,0.003277634175174118,-11.45614966287826,2.747692005786377,-12.0,9.849640317038755,12.0,-2.563445379930826e-06,-0.0007101948311252454,-0.000710192083433232,-0.001145614966287826,0.001858127921039963,0.0007101948311252379
3,0.003277834175174118,-11.45615045067084,2.746239261733154,-12.0,9.847461580327769,12.0,-2.566321058713208e-06,-0.0007101222318594677,-0.0007101194856201996,-0.001145615045067084,0.001858058276232678,0.0007101222318594616
3,0.0032780341751741182,-11.45615138002027,2.744776103573094,-12.0,9.845267293130812,12.0,-2.56344844151423e-06,-0.0007100491189557793,-0.0007100463741796681,-0.001145615138002027,0.001857982383646139,0.0007100491189557717
3,0.003278234175174118,-11.45615218011912,2.743302623884771,-12.0,9.843057458912954,12.0,-2.566321423937986e-06,-0.0007099754835028245,-0.0007099727402001943,-0.001145615218011912,0.001857911701185558,0.0007099754835028182
3,0.003278434175174118,-11.45615312165056,2.741818734767458,-12.0,9.840832081163814,12.0,-2.5634515252704e-06,-0.0007099013346396432,-0.0007098985928209008,-0.001145615312165056,0.001857834776576833,0.0007099013346396356
3,0.003278634175174118,-11.45615393405156,2.740324528751018,-12.0,9.838591163397595,12.0,-2.566321813774299e-06,-0.0007098266634646641,-0.000709823923140129,-0.001145615393405156,0.001857763056930591,0.0007098266634646578
3,0.003278834175174118,-11.45615488776106,2.738819918048859,-12.0,9.836334709152997,12.0,-2.563454631190639e-06,-0.0007097514791104214,-0.0007097487402904957,-0.001145615488776106,0.001857685100764542,0.0007097514791104139
3,0.003279034175174118,-11.45615571246003,2.73730499514219,-12.0,9.834062721993254,12.0,-2.566322228209747e-06,-0.0007096757726851126,-0.0007096730353801111,-0.001145615571246003,0.001857612344406345,0.0007096757726851063
3,0.003279234175174118,-11.45615667834355,2.735779672358449,-12.0,9.831775205506174,12.0,-2.563457759266073e-06,-0.0007095995533147801,-0.0007095968175351001,-0.001145615667834355,0.001857533357155162,0.0007095995533147726
3,0.003279434175174119,-11.45615751533627,2.734244042130322,-12.0,9.829472163304041,12.0,-2.566322667231852e-06,-0.0007095228121173783,-0.0007095200778733298,-0.001145615751533627,0.001857459564564976,0.0007095228121173719
3,0.003279634175174119,-11.45615849338973,2.732698016899085,-12.0,9.827153599023664,12.0,-2.563460909487674e-06,-0.0007094455582124655,-0.000709442825514441,-0.001145615849338973,0.001857379546707593,0.0007094455582124578
3,0.003279834175174119,-11.4561593426719,2.731141689049034,-12.0,9.824819516326395,12.0,-2.566323130827903e-06,-0.0007093677827277425,-0.000709365051586047,-0.001145615934267191,0.001857304718372828,0.0007093677827277362
3,0.003280034175174119,-11.45616033289117,2.729574971135174,-12.0,9.822469918898058,12.0,-2.563464081846257e-06,-0.0007092894947762958,-0.0007092867652013171,-0.001145616033289117,0.001857223670394337,0.0007092894947762884
3,0.003280234175174119,-11.45616119445844,2.727997955493469,-12.0,9.820104810448981,12.0,-2.566323618985142e-06,-0.0007092106854955575,-0.0007092079574975958,-0.001145616119445844,0.001857147806807,0.0007092106854955513
3,0.0032804341751741187,-11.45616219683931,2.726410554792531,-12.0,9.817724194714,12.0,-2.563467276332524e-06,-0.0007091313639921543,-0.0007091286375815921,-0.001145616219683931,0.001857065729199462,0.0007091313639921469
3,0.0032806341751741193,-11.45616307068728,2.724812861320119,-12.0,9.815328075452436,12.0,-2.566324131690699e-06,-0.0007090515214132379,-0.0007090487966003702,-0.001145616307068728,0.001856988830860329,0.0007090515214132317
3,0.003280834175174119,-11.4561640852255,2.723204787858301,-12.0,9.81291645644808,12.0,-2.56347049293716e-06,-0.0007089711668589854,-0.00070896844365419,-0.00114561640852255,0.001856905724121428,0.000708971166858978
3,0.003281034175174119,-11.45616497134971,2.721586426646729,-12.0,9.810489341509212,12.0,-2.566324668931263e-06,-0.0007088902914862547,-0.0007088875698998217,-0.001145616497134971,0.001856827791536892,0.0007088902914862484
3,0.00328123417517412,-11.45616599804095,2.7199576905808,-12.0,9.808046734468583,12.0,-2.563473731650477e-06,-0.0007088089043887859,-0.0007088061844310877,-0.001145616599804095,0.001856743656171732,0.0007088089043887783
3,0.0032814341751741197,-11.45616689643687,2.718318671852156,-12.0,9.80558863918339,12.0,-2.566325230693735e-06,-0.0007087269967331299,-0.0007087242784144515,-0.001145616689643688,0.001856664689854366,0.0007087269967331235
3,0.0032816341751741203,-11.4561679352768,2.716669283469386,-12.0,9.803115059535312,12.0,-2.563476992462808e-06,-0.0007086445776066002,-0.0007086418609373092,-0.00114561679352768,0.001856579526373394,0.0007086445776065926
3,0.00328183417517412,-11.45616884593986,2.715009617576242,-12.0,9.80062599943047,12.0,-2.5663258169647e-06,-0.0007085616381854289,-0.000708558923175805,-0.001145616884593986,0.001856499526843366,0.0007085616381854227
3,0.00328203417517412,-11.45616989692401,2.713339587294364,-12.0,9.798121462799426,12.0,-2.563480275364186e-06,-0.0007084781875505137,-0.0007084754742109187,-0.001145616989692401,0.001856413335765218,0.0007084781875505062
3,0.00328223417517412,-11.45617081984958,2.711659284719687,-12.0,9.795601453597168,12.0,-2.566326427730751e-06,-0.0007083942168877544,-0.0007083915052284633,-0.001145617081984958,0.00185633230354734,0.0007083942168877482
3,0.00328243417517412,-11.45617188297349,2.709968623086795,-12.0,9.793065975803167,12.0,-2.563483580344691e-06,-0.0007083097352716446,-0.0007083070253030142,-0.001145617188297349,0.001856245085396385,0.0007083097352716373
3,0.00328263417517412,-11.45617281815687,2.708267694443927,-12.0,9.79051503342127,12.0,-2.566327062978096e-06,-0.0007082247338977405,-0.0007082220256300398,-0.001145617281815687,0.001856163021023573,0.0007082247338977343
3,0.00328283417517412,-11.45617389341599,2.706556412138432,-12.0,9.787948630479761,12.0,-2.563486907394126e-06,-0.0007081392218341407,-0.0007081365152777209,-0.001145617389341599,0.001856074776329868,0.000708139221834133
3,0.003283034175174121,-11.45617484085244,2.704834868170962,-12.0,9.785366771031343,12.0,-2.56632772269313e-06,-0.0007080531902860442,-0.0007080504854511698,-0.001145617484085244,0.001855991680340928,0.0007080531902860382
3,0.003283234175174121,-11.45617592824216,2.703102976001527,-12.0,9.782769459153135,12.0,-2.56349025650217e-06,-0.0007079666483151681,-0.0007079639452121846,-0.001145617592824216,0.00185590240964281,0.0007079666483151609
3,0.003283434175174121,-11.45617688792687,2.701360827583278,-12.0,9.78015669894663,12.0,-2.566328406861726e-06,-0.0007078795871363413,-0.0007078768857755076,-0.001145617688792687,0.001855818282582906,0.0007078795871363353
3,0.003283634175174121,-11.45617798744256,2.699608336488732,-12.0,9.77752849453774,12.0,-2.563493627658319e-06,-0.0007077920158049084,-0.0007077893161965645,-0.001145617798744256,0.00185572798642397,0.000707792015804901
3,0.003283834175174121,-11.45617895937066,2.697845594623661,-12.0,9.774884850076772,12.0,-2.566329115469927e-06,-0.0007077039255453173,-0.0007077012276997163,-0.001145617895937067,0.001855642828844527,0.000707703925545311
3,0.0032840341751741208,-11.45618007100759,2.696072515672952,-12.0,9.77222576973838,12.0,-2.563497020852077e-06,-0.0007076153254065503,-0.0007076126293340271,-0.001145618007100759,0.001855551507774928,0.0007076153254065428
3,0.0032842341751741213,-11.45618105517418,2.69428919149508,-12.0,9.769551257721623,12.0,-2.566329848503585e-06,-0.0007075262066226606,-0.0007075235123334629,-0.001145618105517418,0.001855465320235527,0.0007075262066226544
3,0.003284434175174121,-11.45618217892757,2.692495535887191,-12.0,9.76686131824993,12.0,-2.563500436072417e-06,-0.0007074365782362812,-0.000707433885740738,-0.001145618217892757,0.001855372974812254,0.0007074365782362738
3,0.003284634175174122,-11.45618317532766,2.690691640660553,-12.0,9.764155955571066,12.0,-2.56633060594833e-06,-0.0007073464314910575,-0.0007073437407994106,-0.001145618317532766,0.001855285757876483,0.0007073464314910513
3,0.003284834175174122,-11.45618431119269,2.68887741972443,-12.0,9.761435173957185,12.0,-2.563503873308728e-06,-0.0007072557754232829,-0.0007072530865458558,-0.001145618431119269,0.001855192388662803,0.0007072557754232757
3,0.0032850341751741218,-11.45618531982124,2.687052964842991,-12.0,9.758698977704757,12.0,-2.566331387789623e-06,-0.0007071646012861831,-0.0007071619142332118,-0.001145618531982125,0.001855104142902842,0.0007071646012861767
3,0.0032852341751741223,-11.45618646779302,2.685218190037467,-12.0,9.755947371134614,12.0,-2.563507332549796e-06,-0.0007070729181097221,-0.0007070702328915246,-0.001145618646779303,0.001855009750468318,0.0007070729181097147
3,0.003285434175174122,-11.45618748864497,2.683373187025051,-12.0,9.75318035859193,12.0,-2.566332194012974e-06,-0.0007069807171566941,-0.0007069780337835009,-0.001145618748864497,0.001854920476462061,0.0007069807171566879
3,0.003285634175174122,-11.45618864871855,2.681517869938801,-12.0,9.750397944446178,12.0,-2.563510813784509e-06,-0.000706888007450745,-0.0007068853259328677,-0.001145618864871855,0.001854825061383221,0.0007068880074507376
3,0.0032858341751741222,-11.45618968178872,2.679652330449013,-12.0,9.747600133091186,12.0,-2.566333024603405e-06,-0.0007067947802642235,-0.0007067921006118868,-0.001145618968178872,0.001854734759714363,0.0007067947802642173
3,0.003286034175174122,-11.45619085395911,2.677776482800451,-12.0,9.744786928945063,12.0,-2.5635143170015e-06,-0.0007067010446144685,-0.0007066983668379782,-0.001145619085395912,0.001854638322574449,0.0007067010446144612
3,0.003286234175174122,-11.45619189924231,2.675890418616604,-12.0,9.741958336450251,12.0,-2.56633387954605e-06,-0.0007066067917833707,-0.0007066041158929458,-0.001145619189924231,0.001854546993834349,0.0007066067917833647
3,0.003286434175174123,-11.45619308350445,2.673994052253828,-12.0,9.739114360073492,12.0,-2.563517842189227e-06,-0.0007065120307819736,-0.000706509356787914,-0.001145619308350445,0.001854449535221704,0.0007065120307819663
3,0.003286634175174123,-11.45619414099541,2.67208747528889,-12.0,9.736255004305796,12.0,-2.566334758826124e-06,-0.0007064167529016967,-0.0007064140808142152,-0.001145619414099541,0.001854357180006835,0.0007064167529016906
3,0.0032868341751741232,-11.45619533734418,2.670170602189584,-12.0,9.733380273662487,12.0,-2.563521389336135e-06,-0.0007063209671472977,-0.0007063182969766881,-0.001145619533734418,0.001854258700518412,0.0007063209671472903
3,0.003287034175174123,-11.45619640703759,2.668243524486081,-12.0,9.730490172683162,12.0,-2.566335662428349e-06,-0.0007062246648197143,-0.0007062219965761836,-0.001145619640703759,0.001854165319432933,0.0007062246648197082
3,0.003287234175174123,-11.45619761546781,2.666306156757465,-12.0,9.727584705931669,12.0,-2.563524958430448e-06,-0.0007061278549174278,-0.0007061251886112636,-0.001145619761546781,0.001854065819669529,0.0007061278549174204
3,0.003287434175174123,-11.45619869735829,2.664358590487402,-12.0,9.724663877996154,12.0,-2.566336590337293e-06,-0.0007060305287508814,-0.0007060278643922847,-0.001145619869735829,0.001853971413323933,0.0007060305287508753
3,0.003287634175174123,-11.45619991786473,2.662400740366143,-12.0,9.721727693488985,12.0,-2.563528549460209e-06,-0.0007059326953122915,-0.0007059300329115437,-0.001145619991786473,0.001853870893895175,0.0007059326953122841
3,0.0032878341751741234,-11.45620101194685,2.660432697830934,-12.0,9.718776157046808,12.0,-2.566337542537644e-06,-0.0007058343459215935,-0.0007058316854888895,-0.001145620101194685,0.001853775462905668,0.0007058343459215874
3,0.003288034175174123,-11.45620224452423,2.658454377683079,-12.0,9.71580927333051,12.0,-2.563532162413212e-06,-0.0007057354895647504,-0.0007057328311103654,-0.001145620224452423,0.001853673924426713,0.0007057354895647431
3,0.003288234175174124,-11.4562033507925,2.656465871313482,-12.0,9.712827047025188,12.0,-2.566338519013717e-06,-0.0007056361175711767,-0.0007056334611052993,-0.00114562033507925,0.001853577469416334,0.0007056361175711706
3,0.003288434175174124,-11.45620459543546,2.654467093634351,-12.0,9.709829482840194,12.0,-2.563535797277328e-06,-0.0007055362389205915,-0.0007055335844534905,-0.001145620459543546,0.001853474912508513,0.0007055362389205843
3,0.003288634175174124,-11.45620571388433,2.652458135990381,-12.0,9.706816585509099,12.0,-2.566339519750014e-06,-0.0007054358449518779,-0.0007054331924937357,-0.001145620571388433,0.001853377434106663,0.0007054358449518718
3,0.0032888341751741244,-11.45620697058747,2.650438913404524,-12.0,9.703788359789659,12.0,-2.563539454040482e-06,-0.0007053349446385208,-0.0007053322941995999,-0.001145620697058748,0.001853273859398028,0.0007053349446385134
3,0.003289034175174124,-11.45620810121135,2.648409517175349,-12.0,9.700744810463869,12.0,-2.566340544730208e-06,-0.000705233529328858,-0.0007052308809193347,-0.001145620810121135,0.00185317535824206,0.000705233529328852
3,0.0032892341751741237,-11.45620936996921,2.646369862436456,-12.0,9.697685942337916,12.0,-2.563543132689736e-06,-0.0007051316079901532,-0.0007051289616202835,-0.001145620936996921,0.001853070766366392,0.000705131607990146
3,0.0032894341751741243,-11.45621051276242,2.644320040440364,-12.0,9.69461176024216,12.0,-2.566341593938712e-06,-0.0007050291719801858,-0.0007050265276601392,-0.001145621051276242,0.001852971243097354,0.0007050291719801797
3,0.003289634175174124,-11.45621179356948,2.642259966431161,-12.0,9.691522269031147,12.0,-2.563546833212777e-06,-0.000704926230260006,-0.0007049235880000321,-0.001145621179356948,0.001852865634697128,0.0007049262302599987
3,0.003289834175174124,-11.45621294852631,2.640189731615425,-12.0,9.688417473583613,12.0,-2.566342667359298e-06,-0.0007048227741968246,-0.000704820134007087,-0.001145621294852632,0.001852765089963742,0.0007048227741968188
3,0.003290034175174125,-11.456214241377,2.638109251347632,-12.0,9.685297378802463,12.0,-2.563550555596322e-06,-0.0007047188127454904,-0.0007047161746362317,-0.0011456214241377,0.001852658465685744,0.0007047188127454831
3,0.0032902341751741247,-11.45621540849167,2.636018616788487,-12.0,9.682161989614736,12.0,-2.566343764975805e-06,-0.000704614337282631,-0.0007046117012640081,-0.001145621540849167,0.001852556900143769,0.0007046143372826249
3,0.0032904341751741253,-11.45621671338036,2.633917743402689,-12.0,9.679011310971648,12.0,-2.563554299827941e-06,-0.0007045093567569031,-0.0007045067228391524,-0.001145621671338036,0.001852449260641628,0.0007045093567568959
3,0.003290634175174125,-11.45621789264704,2.631806722305209,-12.0,9.675845347848558,12.0,-2.566344886771509e-06,-0.0007044038625543409,-0.0007044012307476126,-0.001145621789264704,0.001852346674952719,0.000704403862554335
3,0.003290834175174125,-11.45621920956803,2.629685469070822,-12.0,9.672664105244937,12.0,-2.563558065894346e-06,-0.0007042978636174189,-0.0007042952339319425,-0.001145621920956803,0.001852238020886856,0.0007042978636174116
3,0.003291034175174125,-11.45622040098083,2.627554074768829,-12.0,9.669467588184409,12.0,-2.566346032730105e-06,-0.0007041913513415639,-0.0007041887237874831,-0.001145622040098083,0.001852134415719418,0.000704191351341558
3,0.003291234175174125,-11.45622172992837,2.625412455083993,-12.0,9.666255801714724,12.0,-2.56356185378238e-06,-0.0007040843346630807,-0.0007040817092506182,-0.001145622172992837,0.001852024747756398,0.0007040843346630732
3,0.003291434175174125,-11.45622293348135,2.623260701040014,-12.0,9.663028750907708,12.0,-2.566347202834662e-06,-0.0007039768049867754,-0.0007039741817260683,-0.001145622293348135,0.001851920123784536,0.0007039768049867694
3,0.003291634175174125,-11.45622427444964,2.621098728431483,-12.0,9.659786440859326,12.0,-2.563565663478517e-06,-0.0007038687712427917,-0.0007038661501440559,-0.001145622427444964,0.00185180944259822,0.0007038687712427844
3,0.003291834175174126,-11.45622549013679,2.61892662823664,-12.0,9.656528876689638,12.0,-2.56634839706865e-06,-0.0007037602248453058,-0.0007037576059186715,-0.001145622549013679,0.001851703800503147,0.0007037602248452998
3,0.003292034175174126,-11.45622684311996,2.616744316359754,-12.0,9.653256063542774,12.0,-2.563569494969394e-06,-0.0007036511747183092,-0.0007036485579739856,-0.001145622684311996,0.001851592106772217,0.000703651174718302
3,0.003292234175174126,-11.45622807093522,2.614551883733653,-12.0,9.64996800658693,12.0,-2.566349615414779e-06,-0.0007035416122853337,-0.0007035389977334438,-0.001145622807093522,0.001851485447240972,0.0007035416122853276
3,0.003292434175174126,-11.45622943592736,2.612349246372197,-12.0,9.646664711014438,12.0,-2.563573348241273e-06,-0.0007034315464642312,-0.0007034289341149777,-0.001145622943592736,0.001851372741652391,0.000703431546464224
3,0.003292634175174126,-11.45623067586461,2.610136495162916,-12.0,9.643346182041633,12.0,-2.56635085785616e-06,-0.0007033209686878776,-0.0007033183585513764,-0.001145623067586461,0.001851265065378747,0.0007033209686878717
3,0.0032928341751741258,-11.45623205285973,2.607913546229051,-12.0,9.640012424908905,12.0,-2.563577223280539e-06,-0.0007032098878679926,-0.0007032072799544392,-0.001145623205285973,0.001851151348624041,0.0007032098878679854
3,0.0032930341751741263,-11.45623330491281,2.605680490412963,-12.0,9.636663444880751,12.0,-2.566352124375389e-06,-0.000703098295446785,-0.0007030956897662885,-0.001145623330491281,0.001851042656309353,0.0007030982954467789
3,0.003293234175174126,-11.45623469390487,2.60343724394718,-12.0,9.633299247245647,12.0,-2.563581120072964e-06,-0.0007029862003298539,-0.0007029835968926027,-0.001145623469390487,0.001850927929087303,0.0007029862003298467
3,0.003293434175174126,-11.45623595806754,2.60118389762891,-12.0,9.629919837316113,12.0,-2.566353414955383e-06,-0.0007028735939687262,-0.0007028709927848226,-0.001145623595806754,0.001850818221436997,0.0007028735939687204
3,0.003293634175174127,-11.45623735905046,2.598920367799864,-12.0,9.626525220428706,12.0,-2.56358503860441e-06,-0.0007027604852628913,-0.0007027578863425163,-0.001145623735905046,0.001850702484453231,0.0007027604852628843
3,0.0032938341751741268,-11.45623863531643,2.596646745212221,-12.0,9.623115401943998,12.0,-2.566354729578581e-06,-0.0007026468656731838,-0.0007026442690264325,-0.001145623863531643,0.001850591762181081,0.0007026468656731777
3,0.0032940341751741273,-11.45624004828406,2.5943629463167,-12.0,9.619690387246543,12.0,-2.56358897886082e-06,-0.0007025327440929915,-0.0007025301497300381,-0.001145624004828406,0.001850475016146888,0.0007025327440929843
3,0.003294234175174127,-11.45624133664698,2.592069061820538,-12.0,9.616250181744913,12.0,-2.566356068227001e-06,-0.0007024181119924435,-0.0007024155199233758,-0.001145624133664698,0.001850363279972129,0.0007024181119924375
3,0.003294434175174127,-11.4562427615931,2.58976500828336,-12.0,9.612794790871673,12.0,-2.563592940827753e-06,-0.0007023029782588385,-0.000702300388493823,-0.00114562427615931,0.001850245525605889,0.0007023029782588314
3,0.0032946341751741272,-11.45624406204657,2.587450876367524,-12.0,9.609324220083336,12.0,-2.566357430883102e-06,-0.000702187334371587,-0.0007021847469207049,-0.001145624406204657,0.001850132776254453,0.0007021873343715812
3,0.003294834175174127,-11.45624549896493,2.585126582741417,-12.0,9.605838474860418,12.0,-2.563596924490644e-06,-0.0007020711892119073,-0.0007020686040853173,-0.001145624549896493,0.001850014014279715,0.0007020711892119001
3,0.003295034175174127,-11.45624681150249,2.582792218022647,-12.0,9.602337560707396,12.0,-2.566358817529061e-06,-0.0007019545342684808,-0.0007019519514762568,-0.001145624681150249,0.001849900252483217,0.0007019545342684749
3,0.003295234175174128,-11.45624826038676,2.580447698988207,-12.0,9.598821483152681,12.0,-2.563600929834897e-06,-0.0007018373784164545,-0.0007018347979687484,-0.001145624826038676,0.00184978048363194,0.0007018373784164475
3,0.003295434175174128,-11.4562495850019,2.578093116211006,-12.0,9.59529024774862,12.0,-2.566360228146562e-06,-0.0007017197131537672,-0.0007017171350606451,-0.00114562495850019,0.001849665710128887,0.0007017197131537615
3,0.0032956341751741282,-11.4562510458457,2.575728386576561,-12.0,9.591743860071556,12.0,-2.563604956845471e-06,-0.0007016015473495067,-0.0007015989716211129,-0.00114562510458457,0.001849544935137582,0.0007016015473494995
3,0.003295834175174128,-11.45625238253183,2.573353600613185,-12.0,9.5881823257217,12.0,-2.566361662717543e-06,-0.0007014828725108572,-0.0007014802991572507,-0.001145625238253183,0.00184942915067371,0.0007014828725108516
3,0.003296034175174128,-11.45625385532873,2.570968675314707,-12.0,9.584605650323176,12.0,-2.563609005507752e-06,-0.000701363697500854,-0.0007013611265321716,-0.001145625385532872,0.00184930737028614,0.0007013636975008471
3,0.003296234175174128,-11.45625520407922,2.568573701164977,-12.0,9.58101383952409,12.0,-2.56636312122363e-06,-0.0007012440138359172,-0.00070124144526221,-0.001145625520407922,0.001849190575611882,0.0007012440138359113
3,0.003296434175174128,-11.45625668882272,2.566168595266042,-12.0,9.577406898996376,12.0,-2.563613075806513e-06,-0.0007011238303730405,-0.0007011212642044382,-0.001145625668882272,0.00184906779057787,0.0007011238303730335
3,0.0032966341751741284,-11.4562580496309,2.563753448057296,-12.0,9.573784834435877,12.0,-2.56636460364631e-06,-0.000701003138637864,-0.00070100057488441,-0.00114562580496309,0.001848949986451691,0.0007010031386378581
3,0.003296834175174128,-11.45625954631445,2.561328176748898,-12.0,9.570147651562337,12.0,-2.563617167726258e-06,-0.000700881947481351,-0.0007008793861531672,-0.001145625954631445,0.001848826197527487,0.0007008819474813439
3,0.003297034175174129,-11.45626091917356,2.558892871735919,-12.0,9.566495356119377,12.0,-2.566366109967096e-06,-0.0007007602484383517,-0.0007007576895454742,-0.001145626091917356,0.001848707384712494,0.0007007602484383459
3,0.003297234175174129,-11.45626242779054,2.556447450336448,-12.0,9.562827953874445,12.0,-2.563621281251907e-06,-0.0007006380503538068,-0.0007006354939063492,-0.001145626242779054,0.001848582592660983,0.0007006380503537996
3,0.003297434175174129,-11.45626381269379,2.553992002901308,-12.0,9.559145450618885,12.0,-2.566367640167282e-06,-0.0007005153447717636,-0.000700512790779755,-0.001145626381269379,0.00184846277192824,0.0007005153447717577
3,0.0032976341751741294,-11.45626533323754,2.551526446856427,-12.0,9.555447852167879,12.0,-2.563625416367673e-06,-0.0007003921405311522,-0.0007003895890046981,-0.001145626533323753,0.001848336977517816,0.0007003921405311452
3,0.003297834175174129,-11.45626673017806,2.549050872508441,-12.0,9.55173516436042,12.0,-2.566369194227888e-06,-0.0007002684291852036,-0.0007002658801343254,-0.001145626673017806,0.001848216149644105,0.0007002684291851979
3,0.003298034175174129,-11.45626826264185,2.546565197390972,-12.0,9.54800739305936,12.0,-2.563629573057971e-06,-0.0007001442195668458,-0.0007001416730016413,-0.001145626826264186,0.001848089353650987,0.0007001442195668388
3,0.0032982341751741293,-11.45626967161274,2.544069511766586,-12.0,9.544264544151366,12.0,-2.566370772129867e-06,-0.0007000195032384839,-0.0007000169591689663,-0.001145626967161274,0.001847967519418962,0.000700019503238478
3,0.003298434175174129,-11.4562712159898,2.541563733276439,-12.0,9.540506623546891,12.0,-2.563633751307187e-06,-0.0006998942890270522,-0.0006998917474633119,-0.00114562712159898,0.001847839722624132,0.0006998942890270453
3,0.003298634175174129,-11.45627263698407,2.539047952139111,-12.0,9.536733637180223,12.0,-2.566372373853922e-06,-0.000699768568504117,-0.000699766029456159,-0.001145627263698407,0.001847716882822995,0.0006997685685041113
3,0.00329883417517413,-11.45627419326755,2.536522086103177,-12.0,9.532945591009401,12.0,-2.563637951099108e-06,-0.0006996423504906295,-0.0006996398139685363,-0.001145627419326755,0.00184758808601526,0.0006996423504906225
3,0.00329903417517413,-11.45627562627818,2.533986225343299,-12.0,9.529142491016291,12.0,-2.566373999381111e-06,-0.0006995156265673049,-0.0006995130925810738,-0.001145627562627818,0.001847464241441299,0.0006995156265672992
3,0.0032992341751741303,-11.45627719446118,2.531440287715343,-12.0,9.525324343206483,12.0,-2.563642172417481e-06,-0.000699388405549121,-0.0006993858741088263,-0.001145627719446118,0.00184733444541468,0.000699388405549114
3,0.00329943417517413,-11.45627863948108,2.528884363350129,-12.0,9.521491153609364,12.0,-2.566375648691893e-06,-0.0006992606790259294,-0.0006992581501415602,-0.001145627863948108,0.0018472095968695,0.0006992606790259235
3,0.00329963417517413,-11.45628021955666,2.526318370210695,-12.0,9.517642928278075,12.0,-2.563646415246403e-06,-0.0006991324558067451,-0.0006991299294883678,-0.001145628021955666,0.001847078802424287,0.000699132455806738
3,0.00329983417517413,-11.45628167657867,2.523742398384099,-12.0,9.513779673289468,12.0,-2.566377321766563e-06,-0.0006990037274905429,-0.0006990012037481386,-0.001145628167657867,0.001846952950717079,0.000699003727490537
3,0.00330003417517413,-11.45628326853982,2.521156365940393,-12.0,9.509901394744162,12.0,-2.563650679569455e-06,-0.0006988745028803838,-0.0006988719817240109,-0.001145628326853982,0.001846821158660655,0.0006988745028803768
3,0.00330023417517413,-11.45628473755676,2.518560362922992,-12.0,9.506008098766497,12.0,-2.56637901858544e-06,-0.0006987447735843564,-0.0006987422550239875,-0.001145628473755676,0.001846694304605423,0.0006987447735843505
3,0.00330043417517413,-11.4562863413964,2.515954307508812,-12.0,9.502099791504495,12.0,-2.563654965369943e-06,-0.0006986145483995752,-0.0006986120324452609,-0.001145628634139641,0.001846561515751763,0.0006986145483995683
3,0.003300634175174131,-11.456287822401,2.513338289697682,-12.0,9.498176479129922,12.0,-2.566380739128682e-06,-0.0006984838189432298,-0.0006984813056049343,-0.0011456287822401,0.001846433660169144,0.0006984838189432241
3,0.003300834175174131,-11.45628943811202,2.510712227773298,-12.0,9.494238167838233,12.0,-2.56365927263134e-06,-0.0006983525940065005,-0.0006983500832942657,-0.001145628943811202,0.001846299875337226,0.0006983525940064936
3,0.003301034175174131,-11.45629093109696,2.50807621169196,-12.0,9.490284863848538,12.0,-2.566382483376362e-06,-0.0006982208652156637,-0.0006982183571394462,-0.001145629093109696,0.001846171019055691,0.0006982208652156578
3,0.003301234175174131,-11.45629255867216,2.505430159843989,-12.0,9.486316573403663,12.0,-2.563663601336515e-06,-0.0006980886413559743,-0.0006980861359258076,-0.001145629255867216,0.00184603623907159,0.0006980886413559674
3,0.003301434175174131,-11.45629406363008,2.502774162142265,-12.0,9.48233330277006,12.0,-2.566384251308649e-06,-0.0006979559140627854,-0.0006979534112886175,-0.001145629406363009,0.001845906382923684,0.0006979559140627796
3,0.0033016341751741307,-11.45629570306223,2.500108137083588,-12.0,9.478335058237867,12.0,-2.563667951468951e-06,-0.0006978226921154349,-0.0006978201920072907,-0.001145629570306223,0.001845770608619793,0.000697822692115428
3,0.0033018341751741313,-11.4562972199857,2.497432174537518,-12.0,9.474321846120873,12.0,-2.566386042905018e-06,-0.0006976889671583412,-0.000697686469726161,-0.00114562972199857,0.001845639753446504,0.0006976889671583354
3,0.003302034175174131,-11.45629887126749,2.494746193107189,-12.0,9.470293672756458,12.0,-2.563672323011003e-06,-0.000697554747964934,-0.000697552253218734,-0.001145629887126749,0.001845502985661591,0.0006975547479649269
3,0.003302234175174131,-11.45630040014902,2.492050282618893,-12.0,9.466250544505675,12.0,-2.566387858145028e-06,-0.000697420026188684,-0.0006974175341383957,-0.001145630040014902,0.001845371132308493,0.0006974200261886782
3,0.003302434175174132,-11.4563020632731,2.489344361782011,-12.0,9.462192467753185,12.0,-2.563676715945867e-06,-0.0006972848105971242,-0.0006972823212527555,-0.00114563020632731,0.001845233371887391,0.0006972848105971175
3,0.0033026341751741317,-11.45630360410515,2.48662852037963,-12.0,9.458119448907222,12.0,-2.566389697008261e-06,-0.000697149092852765,-0.0006971466062242389,-0.001145630360410515,0.001845100521207509,0.0006971490928527592
3,0.0033028341751741323,-11.45630527906411,2.483902677227225,-12.0,9.454031494399663,12.0,-2.563681130256114e-06,-0.0006970128817172508,-0.0006970103978145666,-0.001145630527906411,0.001844961769000755,0.0006970128817172439
3,0.003303034175174132,-11.45630683183907,2.481166922064777,-12.0,9.44992861068592,12.0,-2.566391559474164e-06,-0.0006968761688621201,-0.0006968736876951922,-0.001145630683183907,0.001844827921852299,0.0006968761688621143
3,0.003303234175174132,-11.45630851862544,2.478421173813716,-12.0,9.445810804245031,12.0,-2.563685565924071e-06,-0.0006967389630431384,-0.0006967364846219577,-0.001145630851862544,0.001844688178718517,0.0006967389630431315
3,0.003303434175174132,-11.45631008333566,2.475665522171002,-12.0,9.441678081579553,12.0,-2.56639344552187e-06,-0.0006966012559408608,-0.000696598780275333,-0.001145631008333566,0.001844553335966916,0.0006966012559408552
3,0.003303634175174132,-11.45631178194191,2.472899886163876,-12.0,9.437530449215629,12.0,-2.563690022931847e-06,-0.0006964630563051822,-0.0006964605834052891,-0.001145631178194191,0.001844412602769342,0.0006964630563051754
3,0.003303834175174132,-11.45631335857967,2.470124355446372,-12.0,9.433367913702948,12.0,-2.566395355130598e-06,-0.0006963243558256633,-0.0006963218857013021,-0.001145631335857967,0.001844276765285722,0.0006963243558256578
3,0.003304034175174133,-11.45631506899822,2.4673388491514,-12.0,9.4291904816147,12.0,-2.563694501261998e-06,-0.000696185163246337,-0.0006961826959074809,-0.001145631506899822,0.001844135042894272,0.0006961851632463301
3,0.003304234175174133,-11.45631665755575,2.464543456890123,-12.0,9.42499815954763,12.0,-2.566397288279183e-06,-0.0006960454702657564,-0.0006960430057222939,-0.001145631665755575,0.001843998211556541,0.0006960454702657508
3,0.003304434175174133,-11.45631837977895,2.46173809790103,-12.0,9.420790954122001,12.0,-2.563699000896471e-06,-0.000695905285622104,-0.0006959028238839993,-0.001145631837977895,0.001843855500847887,0.0006959052856220972
3,0.003304634175174133,-11.45631998024844,2.458922861752469,-12.0,9.41656887198154,12.0,-2.566399244946339e-06,-0.0006957646010229126,-0.0006957621421000452,-0.001145631998024844,0.001843717676539342,0.0006957646010229071
3,0.003304834175174133,-11.45632171426859,2.456097667788352,-12.0,9.412331919793502,12.0,-2.563703521817172e-06,-0.0006956234252005217,-0.0006956209691028471,-0.001145632171426859,0.001843573978396108,0.000695623425200515
3,0.003305034175174133,-11.45632332664213,2.453262605534337,-12.0,9.408080104248626,12.0,-2.566401225110956e-06,-0.0006954817498714344,-0.0006954792966088233,-0.001145632332664213,0.001843435162007781,0.0006954817498714289
3,0.003305234175174133,-11.45632507245148,2.450417594439599,-12.0,9.403813432061083,12.0,-2.563708064005817e-06,-0.0006953395837621553,-0.000695337133344554,-0.001145632507245148,0.001843290477318079,0.0006953395837621484
3,0.0033054341751741333,-11.45632669672114,2.447562723987159,-12.0,9.399531909968546,12.0,-2.566403228751478e-06,-0.0006951969185981445,-0.0006951944710354149,-0.001145632669672114,0.001843150669745816,0.0006951969185981387
3,0.003305634175174133,-11.45632845431187,2.444697913731372,-12.0,9.395235544732133,12.0,-2.563712627443932e-06,-0.0006950537631000827,-0.0006950513184021622,-0.001145632845431187,0.001843004999405566,0.000695053763100076
3,0.003305834175174134,-11.45633009046964,2.441823253112684,-12.0,9.390924343136378,12.0,-2.566405255846239e-06,-0.000694910109002375,-0.0006949076671791162,-0.001145633009046964,0.001842864201552312,0.0006949101090023694
3,0.003306034175174134,-11.45633185983389,2.438938661790455,-12.0,9.386598311989248,12.0,-2.563717212113276e-06,-0.000694765965019886,-0.0006947635260812174,-0.001145633185983389,0.001842717546462154,0.0006947659650198793
3,0.003306234175174134,-11.45633350787172,2.436044229162662,-12.0,9.382257458122146,12.0,-2.566407306373712e-06,-0.000694621322895954,-0.0006946188868517192,-0.001145633350787172,0.001842575759236294,0.0006946213228959483
3,0.0033064341751741343,-11.45633528900155,2.433139874993572,-12.0,9.377901788389885,12.0,-2.563721817994953e-06,-0.0006944761913396381,-0.0006944737581997563,-0.001145633528900155,0.001842428120304649,0.0006944761913396313
3,0.003306634175174134,-11.45633694891133,2.430225688638726,-12.0,9.37353130967064,12.0,-2.56640938031185e-06,-0.000694330562103197,-0.0006943281318775026,-0.001145633694891133,0.001842285344621426,0.0006943305621031914
3,0.003306834175174134,-11.45633874179876,2.427301589967148,-12.0,9.369146028866002,12.0,-2.563726445070195e-06,-0.0006941844438898921,-0.0006941820165882954,-0.001145633874179876,0.001842136722761692,0.0006941844438898855
3,0.0033070341751741342,-11.45634041357231,2.424367668292069,-12.0,9.364745952900943,12.0,-2.566411477638679e-06,-0.000694037828460893,-0.000694035404093219,-0.001145634041357231,0.001841992959542825,0.0006940378284608875
3,0.003307234175174134,-11.45634221820929,2.421423843587118,-12.0,9.36033108872376,12.0,-2.563731093320055e-06,-0.000693890724513671,-0.0006938883030898205,-0.001145634221820929,0.001841843355674544,0.0006938907245136642
3,0.003307434175174134,-11.45634390183839,2.418470205123258,-12.0,9.355901443306134,12.0,-2.566413598332335e-06,-0.0006937431238182933,-0.0006937407053480824,-0.001145634390183839,0.001841698605847388,0.0006937431238182877
3,0.003307634175174135,-11.45634571821682,2.415506672978636,-12.0,9.351457023643096,12.0,-2.563735762725533e-06,-0.000693595035066453,-0.0006935926195597731,-0.001145634571821682,0.001841548020897622,0.000693595035066446
3,0.003307834175174135,-11.45634741369319,2.412533336382004,-12.0,9.346997836752966,12.0,-2.566415742370407e-06,-0.0006934464500371019,-0.0006934440375037597,-0.001145634741369319,0.001841402285395554,0.0006934464500370961
3,0.0033080341751741352,-11.45634924180492,2.40955011551587,-12.0,9.34252388967742,12.0,-2.563740453267306e-06,-0.0006932973774161617,-0.0006932949678660395,-0.001145634924180492,0.001841250720296767,0.000693297377416155
3,0.003308234175174135,-11.45635094912021,2.406557099566896,-12.0,9.338035189481444,12.0,-2.566417909730328e-06,-0.0006931478089914603,-0.0006931454024343552,-0.001145635094912021,0.001841104000060352,0.0006931478089914547
3,0.003308434175174135,-11.45635278895701,2.4035542088218,-12.0,9.333531743253294,12.0,-2.56374516492601e-06,-0.0006929977534431563,-0.0006929953498889406,-0.001145635278895701,0.001840951455750549,0.0006929977534431496
3,0.003308634175174135,-11.45635450810282,2.400541532425178,-12.0,9.329013558104505,12.0,-2.566420100389855e-06,-0.0006928472025679381,-0.0006928448020264002,-0.001145635450810282,0.001840803751725395,0.0006928472025679327
3,0.003308834175174135,-11.45635635965644,2.397518990767888,-12.0,9.324480641169957,12.0,-2.563749897682175e-06,-0.0006926961650402137,-0.0006926937675212163,-0.001145635635965644,0.001840650229150259,0.000692696165040207
3,0.003309034175174135,-11.45635809062431,2.394486672952554,-12.0,9.319932999607719,12.0,-2.566422314326217e-06,-0.0006925446326655219,-0.0006925422381788435,-0.001145635809062432,0.001840501542289364,0.0006925446326655165
3,0.003309234175174135,-11.4563599538864,2.391444499473944,-12.0,9.315370640599111,12.0,-2.563754651516194e-06,-0.0006923926141125235,-0.0006923902226680174,-0.00114563599538864,0.001840347042399634,0.0006923926141125168
3,0.003309434175174136,-11.45636169666784,2.388392559392839,-12.0,9.310793571348773,12.0,-2.56642455151659e-06,-0.000692240101195599,-0.000692237712803034,-0.001145636169666784,0.001840197373660798,0.0006922401011955935
3,0.003309634175174136,-11.45636357163001,2.385330773307837,-12.0,9.306201799084496,12.0,-2.563759426408086e-06,-0.0006920871025776727,-0.0006920847172468924,-0.001145636357163001,0.001840041897413949,0.000692087102577666
3,0.003309834175174136,-11.45636532621644,2.382259230237855,-12.0,9.301595331057303,12.0,-2.566426811938167e-06,-0.0006919336100819503,-0.0006919312278227145,-0.001145636532621644,0.0018398912477625,0.0006919336100819449
3,0.003310034175174136,-11.45636721287026,2.379177850885206,-12.0,9.296974174541448,12.0,-2.56376422233826e-06,-0.0006917796323656308,-0.0006917772531877731,-0.001145636721287026,0.001839734796122006,0.0006917796323656243
3,0.003310234175174136,-11.45636897925303,2.376086724227082,-12.0,9.292338336834382,12.0,-2.56642909556772e-06,-0.0006916251612607355,-0.0006916227851740058,-0.001145636897925303,0.001839583166528664,0.00069162516126073
3,0.0033104341751741357,-11.45637087759,2.372985771069325,-12.0,9.287687825256699,12.0,-2.563769039286439e-06,-0.0006914702054187439,-0.0006914678324329663,-0.001145637087759,0.001839425740464214,0.0006914702054187374
3,0.0033106341751741363,-11.45637265576046,2.369875080347448,-12.0,9.283022647152203,12.0,-2.566431402382107e-06,-0.000691314756680481,-0.0006913123868053952,-0.001145637265576046,0.001839273131905672,0.0006913147566804755
3,0.003310834175174136,-11.456374565772,2.366754572970754,-12.0,9.27834280988786,12.0,-2.563773877232521e-06,-0.0006911588236917174,-0.0006911564569371377,-0.0011456374565772,0.001839114732393124,0.0006911588236917106
3,0.003311034175174136,-11.45637635572139,2.363624337833117,-12.0,9.27364832085375,12.0,-2.566433732357939e-06,-0.0006910023983020689,-0.0006910000346777254,-0.001145637635572139,0.001838961145853652,0.0006910023983020633
3,0.003311234175174137,-11.4563782773989,2.360484295947138,-12.0,9.26893918746312,12.0,-2.563778736156178e-06,-0.0006908454891516047,-0.0006908431286673022,-0.00114563782773989,0.001838801773874852,0.0006908454891515982
3,0.0033114341751741367,-11.45638007911843,2.35733453616518,-12.0,9.26421541715235,12.0,-2.566436085471848e-06,-0.0006906880880987225,-0.0006906857307641806,-0.001145638007911843,0.001838647210342842,0.0006906880880987171
3,0.0033116341751741373,-11.45638201245324,2.354174979602984,-12.0,9.259477017380892,12.0,-2.563783616036894e-06,-0.0006905302037777972,-0.0006905278496028111,-0.001145638201245324,0.001838486866886194,0.0006905302037777908
3,0.003311834175174137,-11.45638382593405,2.351005715071441,-12.0,9.25472399563134,12.0,-2.566438461700409e-06,-0.0006903718280559954,-0.0006903694770502747,-0.001145638382593406,0.001838331327357933,0.0006903718280559898
3,0.003312034175174137,-11.45638577091742,2.347826663789351,-12.0,9.249956359409373,12.0,-2.563788516853826e-06,-0.0006902129695620087,-0.0006902106217353384,-0.001145638577091742,0.001838170013417535,0.0006902129695620021
3,0.003312234175174137,-11.45638759615061,2.344637914526187,-12.0,9.24517411624373,12.0,-2.566440861019727e-06,-0.0006900536201717597,-0.0006900512755338398,-0.001145638759615061,0.001838013498894658,0.0006900536201717543
3,0.003312434175174137,-11.45638955277374,2.341439388603628,-12.0,9.240377273686198,12.0,-2.563793438586451e-06,-0.0006898937885082637,-0.0006898914470688685,-0.001145638955277374,0.001837851215471088,0.0006898937885082571
3,0.003312634175174137,-11.45639138975033,2.338231174749858,-12.0,9.2355658393117,12.0,-2.566443283406087e-06,-0.0006897334664561897,-0.0006897311282250095,-0.001145639138975033,0.001837693726961376,0.0006897334664561843
3,0.003312834175174137,-11.45639335800439,2.33501319438932,-12.0,9.23073982071812,12.0,-2.563798381213836e-06,-0.0006895726626328867,-0.0006895703276196857,-0.001145639335800439,0.00183753047506145,0.00068957266263288
3,0.003313034175174138,-11.45639520671537,2.331785536208896,-12.0,9.225899225526389,12.0,-2.566445728835191e-06,-0.0006894113689317548,-0.0006894090371462131,-0.001145639520671537,0.001837372013578804,0.0006894113689317493
3,0.003313234175174138,-11.45639718659145,2.32854812173569,-12.0,9.221044061380477,12.0,-2.563803344714988e-06,-0.0006892495939644853,-0.000689247265416357,-0.001145639718659145,0.00183720779421545,0.0006892495939644788
3,0.003313434175174138,-11.45639904702772,2.325301039615406,-12.0,9.216174335947366,12.0,-2.56644819728315e-06,-0.0006890873296332016,-0.0006890850043321565,-0.001145639904702772,0.001837048360780141,0.0006890873296331961
3,0.003313634175174138,-11.45640103851687,2.322044211477628,-12.0,9.211290056916992,12.0,-2.563808329068545e-06,-0.0006889245845439429,-0.0006889222624997249,-0.001145640103851687,0.001836883174971535,0.0006889245845439364
3,0.003313834175174138,-11.4564029106693,2.318777725926935,-12.0,9.20639123200231,12.0,-2.566450688725769e-06,-0.0006887613506075431,-0.0006887590318298116,-0.00114564029106693,0.001836722770610164,0.0006887613506075376
3,0.0033140341751741378,-11.45640491376249,2.315501504695304,-12.0,9.201477868939248,12.0,-2.563813334253504e-06,-0.0006885976364244008,-0.0006885953209228897,-0.001145640491376249,0.001836556619382173,0.0006885976364243944
3,0.0033142341751741383,-11.45640679762188,2.31221563634623,-12.0,9.196549975486649,12.0,-2.566453203138568e-06,-0.0006884334339140475,-0.0006884311216984056,-0.001145640679762188,0.001836395245126103,0.000688433433914042
3,0.003314434175174138,-11.45640881231004,2.30892004271393,-12.0,9.191607559426343,12.0,-2.563818360248228e-06,-0.0006882687516712479,-0.0006882664427511988,-0.001145640881231004,0.001836228129509102,0.0006882687516712412
3,0.003314634175174139,-11.45641070786715,2.305614812320929,-12.0,9.186650628563092,12.0,-2.56645574049703e-06,-0.0006881035816242215,-0.0006881012760094039,-0.001145641070786715,0.00183606578639831,0.0006881035816242163
3,0.003314834175174139,-11.45641273414114,2.302299867103534,-12.0,9.181679190724543,12.0,-2.563823407030823e-06,-0.0006879379323621075,-0.0006879356300622338,-0.001145641273414114,0.001835897707430189,0.000687937932362101
3,0.0033150341751741388,-11.45641464138664,2.298975295543345,-12.0,9.176693253761297,12.0,-2.566458300776724e-06,-0.0006877717958218006,-0.0006877694968464995,-0.001145641464138665,0.001835734396507968,0.0006877717958217952
3,0.0033152341751741393,-11.45641667923729,2.295641019678642,-12.0,9.171692825546806,12.0,-2.563828474580118e-06,-0.0006876051805868229,-0.0006876028849457966,-0.001145641667923729,0.001835565355231816,0.0006876051805868164
3,0.003315434175174139,-11.45641859816183,2.292297127950173,-12.0,9.166677913977454,12.0,-2.56646088395261e-06,-0.0006874380786027334,-0.0006874357863056,-0.001145641859816183,0.001835401077549539,0.0006874380786027281
3,0.003315634175174139,-11.45642064757987,2.288943542498053,-12.0,9.161648526972442,12.0,-2.563833562873955e-06,-0.0006872704984474455,-0.0006872682095038963,-0.001145642064757987,0.001835231075015331,0.000687270498447439
3,0.0033158341751741392,-11.45642257817402,2.285580351722232,-12.0,9.156604672473875,12.0,-2.566463489999815e-06,-0.0006871024320751698,-0.0006871001464948127,-0.001145642257817402,0.001835065831629579,0.0006871024320751644
3,0.003316034175174139,-11.45642463915016,2.282207477864563,-12.0,9.151546358446703,12.0,-2.56383867189025e-06,-0.0006869338880582206,-0.0006869316058507362,-0.001145642463915016,0.001834894868892194,0.000686933888058214
3,0.003316234175174139,-11.45642658140444,2.278825009284232,-12.0,9.14647359287866,12.0,-2.566466118893511e-06,-0.0006867648583594482,-0.0006867625795344335,-0.001145642658140444,0.001834728660865686,0.0006867648583594428
3,0.00331643417517414,-11.45642865392931,2.275432868324677,-12.0,9.141386383780358,12.0,-2.563843801607026e-06,-0.0006865953515455746,-0.0006865930761126997,-0.001145642865392931,0.001834556738986933,0.0006865953515455681
3,0.00331663417517414,-11.45643060783418,2.272031143304451,-12.0,9.136284739185202,12.0,-2.566468770608302e-06,-0.0006864253595880805,-0.0006864230875569318,-0.001145643060783418,0.001834389567388974,0.0006864253595880751
3,0.0033168341751741402,-11.45643269189838,2.268619756668401,-12.0,9.131168667149359,12.0,-2.563848952001798e-06,-0.0006862548910481021,-0.0006862526224283391,-0.001145643269189838,0.001834216687437175,0.0006862548910480957
3,0.00331703417517414,-11.45643465744424,2.265198796694488,-12.0,9.126038175751818,12.0,-2.566471445119097e-06,-0.0006860839379057384,-0.0006860816727069364,-0.001145643465744424,0.00183404855334194,0.000686083937905733
3,0.00331723417517414,-11.45643675303828,2.261768185928896,-12.0,9.120893273094342,12.0,-2.563854123052452e-06,-0.0006859125087165512,-0.0006859102469483587,-0.001145643675303828,0.001833874716390422,0.0006859125087165447
3,0.00331743417517414,-11.45643873021548,2.258328012609025,-12.0,9.115733967301406,12.0,-2.566474142400291e-06,-0.0006857405954692436,-0.0006857383371412255,-0.001145643873021549,0.001833705620879948,0.0006857405954692382
3,0.00331763417517414,-11.45644083732983,2.254878199382248,-12.0,9.110560266520283,12.0,-2.563859314736208e-06,-0.0006855682067138099,-0.000685565951835604,-0.001145644083732983,0.001833530828008439,0.0006855682067138035
3,0.0033178341751741404,-11.45644282612868,2.251418834445496,-12.0,9.105372178920927,12.0,-2.566476862426284e-06,-0.0006853953344475485,-0.0006853930830287085,-0.001145644282612868,0.00183336077216963,0.0006853953344475431
3,0.00331803417517414,-11.45644494475374,2.247949840547184,-12.0,9.10016971269605,12.0,-2.563864527030514e-06,-0.0006852219872148931,-0.0006852197392650462,-0.001145644494475374,0.001833185024464361,0.0006852219872148867
3,0.003318234175174141,-11.45644694516445,2.244471305843857,-12.0,9.094952876061072,12.0,-2.566479605171562e-06,-0.0006850481570217268,-0.0006850459125504156,-0.001145644694516445,0.001833014009390032,0.0006850481570217214
3,0.003318434175174141,-11.45644907529059,2.240983153184821,-12.0,9.089721677254058,12.0,-2.563869759912465e-06,-0.0006848738524069301,-0.0006848716114237704,-0.001145644907529059,0.001832837307943136,0.0006848738524069237
3,0.003318634175174141,-11.45645108730335,2.237485470686281,-12.0,9.084476124535804,12.0,-2.566482370610194e-06,-0.0006846990653849578,-0.0006846968278994817,-0.001145645108730335,0.0018326653347328,0.0006846990653849524
3,0.0033188341751741414,-11.45645322892085,2.233978181298351,-12.0,9.079216226189766,12.0,-2.563875013359148e-06,-0.0006845238044891481,-0.0006845215705109602,-0.001145645322892085,0.001832487680641346,0.0006845238044891416
3,0.003319034175174141,-11.45645525252579,2.230461373096923,-12.0,9.07394199052201,12.0,-2.566485158716268e-06,-0.0006843480617425142,-0.0006843458312811356,-0.001145645525252579,0.001832314750400232,0.0006843480617425088
3,0.0033192341751741407,-11.45645740562489,2.226934969132779,-12.0,9.068653425861307,12.0,-2.563880287347236e-06,-0.0006841718456728591,-0.0006841696187378835,-0.001145645740562489,0.001832136144769568,0.0006841718456728527
3,0.0033194341751741413,-11.45645944081206,2.223399057441592,-12.0,9.063350540558993,12.0,-2.566487969463727e-06,-0.0006839951483117454,-0.0006839929249126828,-0.001145645944081206,0.001831962258609519,0.0006839951483117401
3,0.003319634175174141,-11.45646160538295,2.219853561174656,-12.0,9.058033342989072,12.0,-2.563885581853769e-06,-0.000683817978181448,-0.0006838157583278804,-0.001145646160538295,0.00183178270254822,0.0006838179781814416
3,0.003319834175174141,-11.45646365214236,2.216298568327494,-12.0,9.052701841548101,12.0,-2.566490802826356e-06,-0.0006836403273220662,-0.0006836381110234925,-0.001145646365214236,0.001831607861585914,0.0006836403273220608
3,0.003320034175174142,-11.45646582817515,2.212734002151775,-12.0,9.047356044655261,12.0,-2.563890896855374e-06,-0.0006834622042503553,-0.0006834599915163465,-0.001145646582817516,0.001831427356211062,0.0006834622042503486
3,0.0033202341751741417,-11.45646788649675,2.209159950602952,-12.0,9.041995960752311,12.0,-2.566493658777646e-06,-0.0006832836010149412,-0.0006832813918549853,-0.001145646788649675,0.001831251561570141,0.000683283601014936
3,0.0033204341751741423,-11.45647007398153,2.205576337032927,-12.0,9.036621598303524,12.0,-2.563896232328345e-06,-0.0006831045261270661,-0.0006831023205507227,-0.001145647007398153,0.001831070108004653,0.0006831045261270598
3,0.003320634175174142,-11.45647214385521,2.201983249357112,-12.0,9.031232965795766,12.0,-2.566496537291297e-06,-0.0006829249716438707,-0.0006829227696606161,-0.001145647214385521,0.001830893360813412,0.0006829249716438654
3,0.003320834175174142,-11.45647434278197,2.198380611027565,-12.0,9.025830071738442,12.0,-2.56390158824929e-06,-0.000682744946071094,-0.0006827427476904766,-0.001145647434278197,0.001830710960184215,0.0006827449460710878
3,0.003321034175174142,-11.45647642419757,2.194768509919695,-12.0,9.020412924663425,12.0,-2.566499438340689e-06,-0.0006825644414743784,-0.0006825622467058632,-0.001145647642419757,0.001830533261579316,0.000682564441474373
3,0.003321234175174142,-11.45647863455626,2.191146869585546,-12.0,9.014981533125146,12.0,-2.563906964594201e-06,-0.0006823834663539664,-0.0006823812752070904,-0.001145647863455626,0.001830349915021059,0.0006823834663539601
3,0.003321434175174142,-11.45648072750356,2.187515777860646,-12.0,9.00953590570053,12.0,-2.566502361899045e-06,-0.0006822020127839936,-0.0006821998252682104,-0.001145648072750356,0.001830171266143166,0.0006822020127839884
3,0.003321634175174142,-11.45648294928408,2.183875158396872,-12.0,9.004076050988933,12.0,-2.563912361339225e-06,-0.0006820200892592126,-0.0006820179053840477,-0.001145648294928408,0.001829986974796007,0.0006820200892592061
3,0.003321834175174143,-11.45648505375281,2.18022509898989,-12.0,8.99860197761223,12.0,-2.566505307939632e-06,-0.0006818376878622394,-0.000681835507637135,-0.001145648505375281,0.001829807376792285,0.000681837687862234
3,0.003322034175174143,-11.45648728694501,2.176565523391337,-12.0,8.993113694214742,12.0,-2.563917778460292e-06,-0.0006816548170823468,-0.0006816526405168171,-0.001145648728694501,0.001829622141802203,0.0006816548170823406
3,0.003322234175174143,-11.45648940292481,2.172896519357069,-12.0,8.987611209463203,12.0,-2.566508276435155e-06,-0.0006814714690106189,-0.0006814692961140943,-0.001145648940292481,0.001829441595826465,0.0006814714690106134
3,0.003322434175174143,-11.45649164751845,2.169218010738283,-12.0,8.982094532046759,12.0,-2.563923215933399e-06,-0.000681287652130854,-0.0006812854829128369,-0.001145649164751846,0.001829255418345737,0.0006812876521308477
3,0.003322634175174143,-11.45649377499896,2.165530085251147,-12.0,8.976563670677056,12.0,-2.566511267358947e-06,-0.0006811033585425962,-0.0006811011930125056,-0.001145649377499896,0.001829073925556618,0.0006811033585425909
3,0.0033228341751741428,-11.45649603098378,2.161832666846328,-12.0,8.971018634088049,12.0,-2.56392867373388e-06,-0.0006809185967241785,-0.0006809164348915052,-0.001145649603098378,0.001828886806743349,0.0006809185967241721
3,0.0033230341751741433,-11.45649816995454,2.15812584320026,-12.0,8.96545943103609,12.0,-2.566514280683441e-06,-0.0006807333587835882,-0.0006807312006577398,-0.001145649816995454,0.001828704368306474,0.000680733358783583
3,0.003323234175174143,-11.45650043732018,2.154409538362975,-12.0,8.959886070299937,12.0,-2.563934151837443e-06,-0.0006805476531937027,-0.0006805454987841579,-0.001145650043732018,0.001828516309324391,0.0006805476531936963
3,0.003323434175174143,-11.45650258777068,2.150683839971308,-12.0,8.954298560680703,12.0,-2.566517316381453e-06,-0.0006803614720709449,-0.0006803593213870996,-0.001145650258777068,0.001828332926411208,0.0006803614720709396
3,0.003323634175174144,-11.45650486650678,2.146948672174458,-12.0,8.948696911001798,12.0,-2.563939650219518e-06,-0.0006801748238827405,-0.0006801726769340619,-0.001145650486650678,0.001828143928430153,0.0006801748238827341
3,0.0033238341751741438,-11.45650702842646,2.143204122569697,-12.0,8.943081130109004,12.0,-2.566520374425343e-06,-0.000679987700753936,-0.0006799855575498081,-0.001145650702842647,0.001827959602217663,0.0006799877007539306
3,0.0033240341751741443,-11.45650931852256,2.139450115405328,-12.0,8.937451226870424,12.0,-2.563945168855415e-06,-0.000679800111146516,-0.0006797979716963942,-0.001145650931852256,0.001827769666414456,0.0006798001111465097
3,0.003324234175174144,-11.4565114919008,2.135686738239086,-12.0,8.931807210176412,12.0,-2.566523454787523e-06,-0.000679612047193738,-0.0006796099115069944,-0.00114565114919008,0.0018275843980854,0.0006796120471937327
3,0.003324434175174144,-11.45651379334639,2.131913915418204,-12.0,8.926149088939656,12.0,-2.563950707720251e-06,-0.0006794235173521515,-0.0006794213854382297,-0.001145651379334639,0.001827393525641284,0.0006794235173521452
3,0.003324634175174144,-11.45651597817253,2.128131734461005,-12.0,8.920476872095115,12.0,-2.566526557440149e-06,-0.0006792345137634163,-0.0006792323856316765,-0.001145651597817253,0.001827207316384935,0.0006792345137634111
3,0.003324834175174144,-11.45651829095704,2.124340119813509,-12.0,8.914790568599983,12.0,-2.563956266788944e-06,-0.0006790450448786536,-0.0006790429205385275,-0.001145651829095704,0.00182701550848802,0.0006790450448786475
3,0.003325034175174144,-11.45652048722033,2.120539158954612,-12.0,8.909090187433673,12.0,-2.566529682355384e-06,-0.0006788551028479114,-0.0006788529823087472,-0.001145652048722033,0.001826828359499185,0.0006788551028479061
3,0.003325234175174145,-11.45652281133316,2.116728776429059,-12.0,8.903375737597932,12.0,-2.563961846036462e-06,-0.0006786646961168935,-0.0006786625793881107,-0.001145652281133316,0.001826635617343142,0.0006786646961168874
3,0.003325434175174145,-11.45652501902281,2.112909059676412,-12.0,8.897647228116622,12.0,-2.566532829505226e-06,-0.0006784738168440262,-0.0006784717039349613,-0.001145652501902281,0.001826447529822874,0.0006784738168440211
3,0.003325634175174145,-11.45652735445327,2.109079933339894,-12.0,8.89190466803581,12.0,-2.563967445437561e-06,-0.0006782824734695978,-0.0006782803643896583,-0.001145652735445327,0.001826253854607173,0.0006782824734695917
3,0.003325834175174145,-11.45652957355844,2.105241484819852,-12.0,8.886148066423848,12.0,-2.56653599886158e-06,-0.000678090658160405,-0.0006780885529189148,-0.001145652957355845,0.001826064829761662,0.0006780906581603997
3,0.003326034175174145,-11.4565319202958,2.101393638857914,-12.0,8.88037743237116,12.0,-2.563973064966785e-06,-0.0006778983793513309,-0.0006778962779576858,-0.00114565319202958,0.001825870222693055,0.0006778983793513247
3,0.003326234175174145,-11.45653415080559,2.097536482815141,-12.0,8.874592774990337,12.0,-2.566539190396087e-06,-0.0006777056292175249,-0.0006777035316810367,-0.001145653415080559,0.001825680261735391,0.0006777056292175197
3,0.003326434175174145,-11.45653650883906,2.093669941531505,-12.0,8.868794103416203,12.0,-2.563978704598539e-06,-0.000677512416188476,-0.0006775103225185281,-0.001145653650883906,0.001825484724023986,0.0006775124161884698
3,0.0033266341751741453,-11.45653875074251,2.089794102328896,-12.0,8.862981426805623,12.0,-2.5665424040804e-06,-0.0006773187324476777,-0.0006773166426535703,-0.001145653875074251,0.001825293828172959,0.0006773187324476727
3,0.003326834175174145,-11.45654112006123,2.08590889014538,-12.0,8.857154754337587,12.0,-2.563984364307194e-06,-0.000677124586419227,-0.0006771225005103306,-0.001145654112006123,0.001825097361036459,0.0006771245864192208
3,0.003327034175174146,-11.45654337334732,2.082014392263762,-12.0,8.851314095213226,12.0,-2.56654563988601e-06,-0.0006769299702949515,-0.0006769278882805542,-0.001145654337334732,0.001824905531516502,0.0006769299702949464
3,0.003327234175174146,-11.45654575394039,2.078110533720146,-12.0,8.845459458655753,12.0,-2.563990044066952e-06,-0.000676734892493567,-0.0006767328143830269,-0.001145654575394039,0.001824708136178419,0.0006767348924935607
3,0.003327434175174146,-11.45654801859805,2.07419740175824,-12.0,8.839590853910405,12.0,-2.566548897784407e-06,-0.0006765393452152217,-0.0006765372710178147,-0.001145654801859805,0.001824515374219467,0.0006765393452152165
3,0.0033276341751741463,-11.45655041045452,2.070274921512035,-12.0,8.833708290244527,12.0,-2.563995743851763e-06,-0.0006763433368732552,-0.0006763412665983276,-0.001145655041045452,0.001824317051909766,0.0006763433368732493
3,0.003327834175174146,-11.45655268647261,2.066343180186263,-12.0,8.827811776947504,12.0,-2.566552177746584e-06,-0.0006761468596761293,-0.000676144793332944,-0.001145655268647262,0.00182412335874775,0.0006761468596761241
3,0.003328034175174146,-11.45655508958145,2.062402103012636,-12.0,8.821901323330707,12.0,-2.564001463635871e-06,-0.0006759499220318133,-0.0006759478596297041,-0.001145655508958145,0.001823924110700449,0.0006759499220318071
3,0.0033282341751741462,-11.45655737694879,2.058451777156929,-12.0,8.81597693872756,12.0,-2.566555479743623e-06,-0.0006757525161570685,-0.0006757504577052861,-0.001145655737694879,0.00182372948757841,0.0006757525161570632
3,0.003328434175174146,-11.45655979129892,2.054492127948506,-12.0,8.810038632493498,12.0,-2.564007203392702e-06,-0.0006755546504545054,-0.0006755525959623712,-0.001145655979129892,0.001823529315034663,0.0006755546504544992
3,0.003328634175174146,-11.45656209000427,2.050523242514222,-12.0,8.804086414005894,12.0,-2.566558803746739e-06,-0.0006753563171491725,-0.0006753542666259248,-0.001145656209000427,0.00182333376320009,0.0006753563171491673
3,0.003328834175174147,-11.45656451558456,2.046545046280907,-12.0,8.798120292664102,12.0,-2.564012963096013e-06,-0.0006751575246383256,-0.0006751554780932732,-0.001145656451558456,0.001823132667407071,0.0006751575246383196
3,0.003329034175174147,-11.45656682561661,2.042557626336589,-12.0,8.792140277889455,12.0,-2.566562149726447e-06,-0.0006749582651552917,-0.0006749562225976602,-0.001145656682561661,0.001822936188113438,0.0006749582651552866
3,0.0033292341751741472,-11.45656926241586,2.038560908205478,-12.0,8.786146379125231,12.0,-2.564018742719745e-06,-0.0006747585470919815,-0.0006747565085310671,-0.001145656926241586,0.001822734170323046,0.0006747585470919754
3,0.003329434175174147,-11.45657158376327,2.03455497893677,-12.0,8.78013860583658,12.0,-2.566565517653637e-06,-0.0006745583626899861,-0.000674556328135002,-0.001145657158376327,0.001822536764831009,0.000674558362689981
3,0.003329634175174147,-11.45657403177024,2.030539764151901,-12.0,8.774116967510615,12.0,-2.564024542236859e-06,-0.0006743577203358776,-0.0006743556897961071,-0.001145657403177024,0.001822333826302012,0.0006743577203358715
3,0.003329834175174147,-11.45657636442158,2.02651535086136,-12.0,8.76808147365634,12.0,-2.566568907498853e-06,-0.0006741566122795031,-0.0006741545857641471,-0.001145657636442158,0.001822135495876064,0.0006741566122794979
3,0.003330034175174147,-11.45657882362497,2.022481664783638,-12.0,8.762032133804588,12.0,-2.564030361620759e-06,-0.0006739550469021011,-0.0006739530244204302,-0.001145657882362497,0.001821931637873088,0.000673955046902095
3,0.003330234175174147,-11.45658116756877,2.018438792890535,-12.0,8.755968957508113,12.0,-2.566572319232504e-06,-0.0006737530164617632,-0.0006737509980229651,-0.001145658116756877,0.001821732383784648,0.0006737530164617578
3,0.003330434175174147,-11.4565836379572,2.014386660997533,-12.0,8.74989195434151,12.0,-2.564036200844584e-06,-0.0006735505293344039,-0.0006735485149477368,-0.00114565836379572,0.001821527607577877,0.0006735505293343978
3,0.003330634175174148,-11.45658599318194,2.01032535603776,-12.0,8.743801133901169,12.0,-2.566575752824971e-06,-0.0006733475777863461,-0.000673345567460985,-0.001145658599318194,0.00182132743110413,0.0006733475777863409
3,0.003330834175174148,-11.456588474744,2.006254803923531,-12.0,8.737696505805339,12.0,-2.564042059881347e-06,-0.0006731441701881869,-0.0006731421639333767,-0.0011456588474744,0.001821121737969357,0.0006731441701881808
3,0.003331034175174148,-11.45659084123809,2.002175091549412,-12.0,8.73157807969408,12.0,-2.566579208246599e-06,-0.0006729402988144718,-0.0006729382966393753,-0.001145659084123809,0.001820920640393324,0.0006729402988144668
3,0.003331234175174148,-11.45659333396231,1.998086144924389,-12.0,8.725445865229188,12.0,-2.564047938703826e-06,-0.0006727359720304861,-0.000672733973944335,-0.001145659333396231,0.001820714031612208,0.0006727359720304799
3,0.003331434175174148,-11.45659571171411,1.993988050904493,-12.0,8.7192998720943,12.0,-2.566582685467275e-06,-0.000672531182118986,-0.00067252918813093,-0.001145659571171411,0.00182051201422283,0.0006725311821189808
3,0.0033316341751741477,-11.45659821558895,1.989880735595276,-12.0,8.713140109994743,12.0,-2.564053837284862e-06,-0.0006723259374399529,-0.0006723239475592112,-0.001145659821558895,0.001820304491082975,0.0006723259374399468
3,0.0033318341751741483,-11.45660060458675,1.985764285814271,-12.0,8.70696658865764,12.0,-2.566586184457113e-06,-0.000672120230284342,-0.0006721182445200512,-0.001145660060458675,0.001820101555174548,0.000672120230284337
3,0.003332034175174148,-11.45660311960062,1.981638627763502,-12.0,8.700779317831842,12.0,-2.564059755596884e-06,-0.00067191406900684,-0.0006719120873682061,-0.001145660311960062,0.001819893118969609,0.000671914069006834
3,0.003332234175174148,-11.45660551983268,1.977503848222024,-12.0,8.694578307287859,12.0,-2.566589705185925e-06,-0.0006717074459065886,-0.0006717054684027352,-0.001145660551983268,0.0018196892658421,0.0006717074459065835
3,0.003332434175174149,-11.45660804597393,1.973359873488177,-12.0,8.688363566817968,12.0,-2.564065693612777e-06,-0.0006715003693329851,-0.0006714983959731055,-0.001145660804597393,0.001819479917871015,0.000671500369332979
3,0.0033326341751741487,-11.45661045742844,1.969206790302624,-12.0,8.682135106236057,12.0,-2.566593247623179e-06,-0.0006712928315933484,-0.000671290862386553,-0.001145661045742844,0.001819275148830667,0.0006712928315933434
3,0.0033328341751741493,-11.45661299468536,1.965044525059869,-12.0,8.675892935377735,12.0,-2.564071651304448e-06,-0.0006710848410317928,-0.0006710828759872616,-0.001145661299468536,0.001819064890398827,0.0006710848410317867
3,0.003333034175174149,-11.45661541735044,1.96087316446226,-12.0,8.669637064100256,12.0,-2.566596811738759e-06,-0.0006708763899638047,-0.0006708744290906351,-0.001145661541735044,0.001818859206757434,0.0006708763899637996
3,0.003333234175174149,-11.45661796571128,1.956692635000312,-12.0,8.663367502282462,12.0,-2.564077628644407e-06,-0.000670667486728221,-0.0006706655300355799,-0.001145661796571129,0.001818648039174853,0.000670667486728215
3,0.003333434175174149,-11.45662039957501,1.952503023338083,-12.0,8.657084259824863,12.0,-2.566600397501881e-06,-0.0006704581236486832,-0.0006704561711456548,-0.001145662039957501,0.001818441442250809,0.0006704581236486781
3,0.003333634175174149,-11.45662295902795,1.948304256062027,-12.0,8.650787346649576,12.0,-2.564083625604618e-06,-0.000670248309058761,-0.0006702463607544987,-0.001145662295902795,0.001818229366834127,0.000670248309058755
3,0.003333834175174149,-11.45662540407834,1.944096419797918,-12.0,8.644476772700248,12.0,-2.566604004882162e-06,-0.0006700380352902379,-0.0006700360911938132,-0.001145662540407835,0.00181802185794983,0.0006700380352902331
3,0.003334034175174149,-11.4566279746115,1.939879441228008,-12.0,8.638152547942175,12.0,-2.564089642156894e-06,-0.0006698273106714226,-0.0006698253707919754,-0.00114566279746115,0.001817808876021893,0.0006698273106714167
3,0.00333423417517415,-11.45663043083652,1.935653406939869,-12.0,8.631814682362135,12.0,-2.566607633848606e-06,-0.0006696161275422316,-0.0006696141918888196,-0.001145663043083652,0.001817600456506581,0.0006696161275422267
3,0.00333443417517415,-11.45663301243796,1.931418243711386,-12.0,8.6254631859685,12.0,-2.564095678273312e-06,-0.0006694044942257173,-0.0006694025628074674,-0.001145663301243796,0.001817386569394621,0.0006694044942257113
3,0.00333463417517415,-11.45663547982552,1.927174038092017,-12.0,8.619098068791168,12.0,-2.566611284370376e-06,-0.0006691924030699201,-0.000669190475895877,-0.001145663547982552,0.001817177240583599,0.0006691924030699151
3,0.00333483417517415,-11.45663807248326,1.922920716955128,-12.0,8.61271934088149,12.0,-2.564101733925363e-06,-0.0006689798623926422,-0.0006689779394719193,-0.001145663807248326,0.001816962449621849,0.0006689798623926364
3,0.00333503417517415,-11.45664055102119,1.91865836681207,-12.0,8.60632701231237,12.0,-2.566614956416182e-06,-0.0006687668645500351,-0.0006687649458916632,-0.001145664055102119,0.00181675221285564,0.00066876686455003
3,0.0033352341751741498,-11.45664315472318,1.914386914631631,-12.0,8.599921093178182,12.0,-2.564107809084888e-06,-0.000668553417854661,-0.0006685515034677405,-0.001145664315472318,0.001816536519383031,0.0006685534178546551
3,0.0033354341751741503,-11.45664564439929,1.910106446887066,-12.0,8.593501593594713,12.0,-2.566618649955274e-06,-0.0006683395146707697,-0.0006683376045643177,-0.001145664564439929,0.001816325376007652,0.0006683395146707647
3,0.00333563417517415,-11.45664825913341,1.905816890642422,-12.0,8.587068523699244,12.0,-2.564113903723098e-06,-0.0006681251633056885,-0.0006681232574887917,-0.001145664825913341,0.001816108781369368,0.0006681251633056823
3,0.003335834175174151,-11.45665075993543,1.901518332332969,-12.0,8.580621893650491,12.0,-2.56662236495603e-06,-0.0006679103561317573,-0.00066790845461342,-0.001145665075993543,0.001815896732737134,0.0006679103561317522
3,0.003336034175174151,-11.45665338568954,1.897210699117858,-12.0,8.574161713628547,12.0,-2.564120017811324e-06,-0.0006676951014510748,-0.0006676932042403699,-0.001145665338568954,0.001815679238284693,0.0006676951014510688
3,0.0033362341751741508,-11.45665589760514,1.892894077394367,-12.0,8.567687993834895,12.0,-2.56662610138711e-06,-0.0006674793916440577,-0.0006674774987499752,-0.001145665589760514,0.001815466285752814,0.0006674793916440528
3,0.0033364341751741513,-11.45665853436701,1.888568394416662,-12.0,8.56120074449244,12.0,-2.564126151320731e-06,-0.0006672632350075839,-0.0006672613464391835,-0.001145665853436701,0.001815247892842458,0.0006672632350075778
3,0.003336634175174151,-11.45666105738381,1.884233736544126,-12.0,8.554699975845459,12.0,-2.566629859217097e-06,-0.0006670466239301384,-0.0006670447396963968,-0.001145666105738381,0.001815034037774605,0.0006670466239301334
3,0.003336834175174151,-11.45666370514117,1.879890031125741,-12.0,8.54818569815951,12.0,-2.564132304222436e-06,-0.0006668295667033826,-0.0006668276868133457,-0.001145666370514117,0.001814814747768855,0.0006668295667033769
3,0.0033370341751741512,-11.45666623924674,1.875537364483022,-12.0,8.541657921721548,12.0,-2.566633638414156e-06,-0.0006666120557238578,-0.0006666101801864882,-0.001145666623924674,0.0018145999915335,0.0006666120557238527
3,0.003337234175174151,-11.45666889798726,1.871175664059713,-12.0,8.53511665683984,12.0,-2.564138476487434e-06,-0.0006663940992780187,-0.0006663922281023486,-0.001145666889798726,0.001814379805799998,0.0006663940992780127
3,0.003337434175174151,-11.45667144316911,1.866805016139456,-12.0,8.5285619138439,12.0,-2.566637438946813e-06,-0.0006661756897704494,-0.0006661738229654282,-0.001145667144316911,0.001814164149773166,0.0006661756897704444
3,0.003337634175174152,-11.45667411288039,1.862425348260604,-12.0,8.521993703084581,12.0,-2.56414466808617e-06,-0.0006659568354824037,-0.0006659549730570495,-0.001145667411288039,0.001813943069685517,0.0006659568354823978
3,0.003337834175174152,-11.45667666912596,1.858036746669036,-12.0,8.515412034934002,12.0,-2.566641260782799e-06,-0.0006657375288265017,-0.0006657356707897498,-0.001145667666912596,0.001813726515246618,0.0006657375288264966
3,0.0033380341751741522,-11.45667934979556,1.853639138997539,-12.0,8.50881691978548,12.0,-2.564150878989617e-06,-0.0006655177780788,-0.000665515924439655,-0.001145667934979556,0.001813504542184427,0.000665517778078794
3,0.003338234175174152,-11.45668191709226,1.849232611454247,-12.0,8.502208368053616,12.0,-2.566645103890333e-06,-0.0006652975756599418,-0.0006652957264273253,-0.001145668191709226,0.001813287090720082,0.0006652975756599368
3,0.003338434175174152,-11.45668460870768,1.844817091766323,-12.0,8.495586390174239,12.0,-2.564157109168102e-06,-0.0006650769298407976,-0.0006650750850237,-0.001145668460870768,0.001813064226067562,0.0006650769298407917
3,0.003338634175174152,-11.45668718704283,1.840392666104172,-12.0,8.488950996604334,12.0,-2.566648968237087e-06,-0.0006648558330500212,-0.0006648539926573502,-0.001145668718704283,0.001812845878969661,0.0006648558330500162
3,0.003338834175174152,-11.4566898895915,1.835959262289123,-12.0,8.482302197822058,12.0,-2.56416335859221e-06,-0.0006646342935532994,-0.0006646324575940312,-0.00114566898895915,0.001812622124118056,0.0006646342935532935
3,0.0033390341751741524,-11.4566924789524,1.831516966453988,-12.0,8.475640004326845,12.0,-2.566652853790996e-06,-0.0006644123037872906,-0.0006644104722703194,-0.00114566924789524,0.001812402882783237,0.0006644123037872858
3,0.003339234175174152,-11.4566951924217,1.82706570651417,-12.0,8.468964426639172,12.0,-2.564169627232029e-06,-0.0006641898720125061,-0.0006641880449467937,-0.00114566951924217,0.00181217823912901,0.0006641898720125003
3,0.003339434175174153,-11.45669779279556,1.822605568564788,-12.0,8.462275475300649,12.0,-2.566656760519508e-06,-0.000663966990673591,-0.0006639651680680175,-0.001145669779279556,0.001811958104960662,0.0006639669906735861
3,0.003339634175174153,-11.45670051717283,1.818136480615262,-12.0,8.455573160874115,12.0,-2.56417591505793e-06,-0.0006637436680258913,-0.0006637418498894049,-0.001145670051717284,0.001811732573905263,0.0006637436680258853
3,0.003339834175174153,-11.45670312854682,1.813658528723139,-12.0,8.448857493943407,12.0,-2.566660688390234e-06,-0.0006635198965220319,-0.0006635180828634982,-0.001145670312854682,0.001811511548312079,0.000663519896522027
3,0.0033400341751741534,-11.45670586381932,1.809171640991592,-12.0,8.44212848511346,12.0,-2.564182222039611e-06,-0.0006632956844121929,-0.0006632938752405459,-0.001145670586381932,0.001811285131263365,0.0006632956844121869
3,0.003340234175174153,-11.45670848618056,1.804675903440667,-12.0,8.435386145010314,12.0,-2.566664637370434e-06,-0.0006630710241569696,-0.0006630692194810614,-0.001145670848618056,0.00181106321565938,0.0006630710241569648
3,0.0033404341751741527,-11.45671123233551,1.800171244267246,-12.0,8.428630484281065,12.0,-2.564188548147226e-06,-0.0006628459240013878,-0.0006628441238301378,-0.001145671123233551,0.001810835914030279,0.0006628459240013819
3,0.0033406341751741533,-11.45671386567103,1.795657749453849,-12.0,8.421861513593784,12.0,-2.566668607427276e-06,-0.0006626203764139985,-0.0006626185807562439,-0.001145671386567103,0.001810613109835405,0.0006626203764139936
3,0.003340834175174153,-11.45671662269558,1.791135347290905,-12.0,8.41507924363762,12.0,-2.564194893350611e-06,-0.0006623943896346773,-0.0006623925984993241,-0.001145671662269558,0.001810384925044788,0.0006623943896346716
3,0.003341034175174153,-11.4567192669924,1.786604123723524,-12.0,8.408283685122722,12.0,-2.566672598527922e-06,-0.0006621679561399248,-0.0006621661695357963,-0.00114567192669924,0.001810161233684794,0.0006621679561399198
3,0.003341234175174154,-11.45672203487364,1.782064007135514,-12.0,8.401474848780165,12.0,-2.564201257619093e-06,-0.0006619410841644708,-0.0006619393021004579,-0.001145672203487364,0.001809932167156777,0.0006619410841644651
3,0.0033414341751741537,-11.4567246901187,1.77751508343458,-12.0,8.394652745362052,12.0,-2.566676610639501e-06,-0.000661713766192752,-0.0006617119886776638,-0.00114567246901187,0.001809707590062379,0.0006617137661927472
3,0.0033416341751741543,-11.45672746884368,1.772957281097855,-12.0,8.387817385641434,12.0,-2.564207640922384e-06,-0.0006614860104543637,-0.0006614842374970766,-0.001145672746884368,0.0018094776432264,0.0006614860104543578
3,0.003341834175174154,-11.45673013502384,1.768390685995648,-12.0,8.380968780412255,12.0,-2.56668064372882e-06,-0.0006612578094416656,-0.0006612560410509747,-0.001145673013502385,0.001809252181834824,0.0006612578094416608
3,0.003342034175174154,-11.45673292457955,1.763815226698214,-12.0,8.374106940489362,12.0,-2.564214043229835e-06,-0.0006610291713791208,-0.0006610274075638881,-0.001145673292457955,0.001809021356127234,0.0006610291713791148
3,0.003342234175174154,-11.45673560168166,1.759230989038595,-12.0,8.367231876708615,12.0,-2.566684697762623e-06,-0.0006608000887670069,-0.000660798329536013,-0.001145673560168166,0.001808795011880024,0.0006608000887670021
3,0.003342434175174154,-11.45673840205502,1.754637901680074,-12.0,8.360343599926637,12.0,-2.564220464510625e-06,-0.0006605705698246621,-0.0006605688151867545,-0.001145673840205502,0.001808563308741762,0.0006605705698246564
3,0.003342634175174154,-11.45674109006585,1.750036050418327,-12.0,8.353442121020919,12.0,-2.566688772707493e-06,-0.0006603406070602641,-0.0006603388570242088,-0.001145674109006585,0.001808336083086298,0.0006603406070602592
3,0.003342834175174154,-11.45674390124372,1.745425364009612,-12.0,8.346527450889917,12.0,-2.564226904734015e-06,-0.0006601102086880365,-0.0006601084632626665,-0.001145674390124372,0.001808103503964086,0.0006601102086880305
3,0.003343034175174155,-11.45674660014998,1.740805928212351,-12.0,8.3395996004528,12.0,-2.566692868530058e-06,-0.0006598793672240497,-0.0006598776264181166,-0.001145674660014998,0.001807875398354505,0.0006598793672240449
3,0.003343234175174155,-11.45674942211918,1.736177671875506,-12.0,8.332658580649568,12.0,-2.564233363868806e-06,-0.000659648090877412,-0.0006596463546997344,-0.001145674942211918,0.001807641944700508,0.0006596480908774062
3,0.003343434175174155,-11.45675213190753,1.731540680720324,-12.0,8.32570440244106,12.0,-2.566696985196578e-06,-0.0006594163721720785,-0.0006594146406313929,-0.001145675213190753,0.001807412960594777,0.0006594163721720736
3,0.003343634175174155,-11.45675496465483,1.726894883688428,-12.0,8.318737076808892,12.0,-2.564239841884059e-06,-0.0006591842193120522,-0.0006591824924171627,-0.001145675496465483,0.001807178633866283,0.0006591842193120463
3,0.003343834175174155,-11.45675768531186,1.722240366463857,-12.0,8.311756614755382,12.0,-2.566701122673285e-06,-0.0006589516248291572,-0.000658949902588786,-0.001145675768531186,0.001806948772729951,0.0006589516248291525
3,0.0033440341751741548,-11.45676052882394,1.717577058080733,-12.0,8.304763027303652,12.0,-2.564246338748585e-06,-0.0006587185969222978,-0.0006587168793452338,-0.001145676052882394,0.001806713574390292,0.000658718596922292
3,0.0033442341751741553,-11.45676326033621,1.712905044186002,-12.0,8.297756325497552,12.0,-2.566705280926517e-06,-0.0006584851281311599,-0.0006584834152261108,-0.001145676326033621,0.001806482837692746,0.0006584851281311551
3,0.003344434175174155,-11.45676611459972,1.708224253906121,-12.0,8.290736520401582,12.0,-2.564252854430841e-06,-0.000658251226649552,-0.000658249518425292,-0.001145676611459972,0.001806246769210834,0.0006582512266495461
3,0.003344634175174155,-11.45676885695372,1.703534772850936,-12.0,8.28370362310099,12.0,-2.566709459922361e-06,-0.0006580168850250104,-0.0006580151814902326,-0.001145676885695372,0.001806015158427282,0.0006580168850250055
3,0.003344834175174156,-11.45677172195524,1.698836530239185,-12.0,8.276657644701702,12.0,-2.564259388899286e-06,-0.0006577821114462575,-0.0006577804126097214,-0.001145677172195524,0.001805778221277755,0.0006577821114462516
3,0.0033450341751741558,-11.45677447513738,1.694129611643619,-12.0,8.269598596330239,12.0,-2.566713659626542e-06,-0.0006575468984686668,-0.0006575452043390503,-0.001145677447513739,0.001805545737888803,0.0006575468984686621
3,0.0033452341751741563,-11.45677735086346,1.689413946375099,-12.0,8.262526489133842,12.0,-2.564265942122427e-06,-0.00065731125427588,-0.0006573095648619281,-0.001145677735086346,0.001805307933551686,0.0006573112542758744
3,0.003345434175174156,-11.45678011486013,1.684689619969352,-12.0,8.255441334280293,12.0,-2.566717880004775e-06,-0.000657075171431099,-0.0006570734867414742,-0.001145678011486013,0.00180507457904378,0.0006570751714310942
3,0.003345634175174156,-11.45678300129722,1.679956561829222,-12.0,8.248343142958062,12.0,-2.564272514068648e-06,-0.0006568386581128898,-0.000656836978156322,-0.001145678300129722,0.001804835909003735,0.0006568386581128839
3,0.0033458341751741562,-11.45678577609474,1.675214857453449,-12.0,8.241231926376116,12.0,-2.56672212102303e-06,-0.0006566017068922716,-0.0006566000316774092,-0.001145678577609474,0.001804601684869447,0.0006566017068922668
3,0.003346034175174156,-11.45678867322926,1.670464436336714,-12.0,8.234107695764063,12.0,-2.564279104705788e-06,-0.0006563643259427407,-0.0006563626554782986,-0.001145678867322926,0.001804362150617273,0.0006563643259427349
3,0.003346234175174156,-11.45679145881388,1.665705383940848,-12.0,8.226970462372051,12.0,-2.566726382646635e-06,-0.0006561265078431252,-0.0006561248421377364,-0.001145679145881388,0.00180412705835412,0.0006561265078431204
3,0.003346434175174157,-11.45679436663219,1.660937629852208,-12.0,8.219820237470707,12.0,-2.564285714001918e-06,-0.0006558882607618556,-0.0006558865998242201,-0.001145679436663219,0.001803886661386244,0.0006558882607618498
3,0.003346634175174157,-11.45679716299012,1.656161259495719,-12.0,8.212657032351235,12.0,-2.566730664841203e-06,-0.0006556495772855564,-0.0006556479211242922,-0.001145679716299012,0.001803650702496651,0.0006556495772855516
3,0.0033468341751741572,-11.45680008147852,1.65137620254936,-12.0,8.205480858325329,12.0,-2.564292341925141e-06,-0.0006554104655776027,-0.0006554088142013943,-0.001145680008147852,0.001803409444314286,0.0006554104655775969
3,0.003347034175174157,-11.45680288859592,1.646582544401135,-12.0,8.198291726725108,12.0,-2.566734967572022e-06,-0.0006551709182324018,-0.0006551692716498528,-0.001145680288859592,0.001803172620306634,0.0006551709182323973
3,0.003347234175174157,-11.45680581774066,1.641780214820493,-12.0,8.191089648903215,12.0,-2.564298988442928e-06,-0.000654930943408278,-0.0006549293016280575,-0.001145680581774066,0.001802930502418013,0.0006549309434082723
3,0.003347434175174157,-11.4568086356036,1.636969299158627,-12.0,8.183874636232732,12.0,-2.566739290804222e-06,-0.0006546905337074154,-0.0006546888967381115,-0.00114568086356036,0.001802692814805452,0.0006546905337074105
3,0.003347634175174157,-11.45681157539086,1.632149727276271,-12.0,8.17664670010711,12.0,-2.564305653523215e-06,-0.0006544496972830896,-0.0006544480651333566,-0.001145681157539086,0.00180244983872282,0.0006544496972830839
3,0.0033478341751741574,-11.45681440398539,1.627321584487829,-12.0,8.169405851940285,12.0,-2.566743634503022e-06,-0.0006542084267452503,-0.000654206799423661,-0.001145681440398539,0.001802211289025357,0.0006542084267452456
3,0.003348034175174157,-11.4568173544013,1.622484800745231,-12.0,8.162152103166505,12.0,-2.564312337133142e-06,-0.0006539667302421333,-0.0006539651077573268,-0.00114568173544013,0.001801967456266436,0.0006539667302421275
3,0.003348234175174158,-11.4568201937134,1.617639461326092,-12.0,8.15488546524045,12.0,-2.566747998633419e-06,-0.0006537246003914407,-0.0006537229827519748,-0.00114568201937134,0.001801728046008769,0.0006537246003914358
3,0.003348434175174158,-11.45682315474404,1.612785496273448,-12.0,8.147605949637155,12.0,-2.564319039240379e-06,-0.0006534820453363765,-0.0006534804325508744,-0.001145682315474404,0.00180148335809698,0.0006534820453363708
3,0.003348634175174158,-11.45682600475962,1.607922990828138,-12.0,8.140313567851926,12.0,-2.566752383160208e-06,-0.0006532390577023837,-0.000653237449779388,-0.001145682600475962,0.001801243088808538,0.0006532390577023788
3,0.0033488341751741584,-11.45682897639101,1.603051875124129,-12.0,8.13300833140045,12.0,-2.564325759812255e-06,-0.0006529956456276379,-0.0006529940425757569,-0.001145682897639101,0.001800997547273618,0.0006529956456276322
3,0.003349034175174158,-11.45683183709594,1.598172234365599,-12.0,8.125690251818714,12.0,-2.566756788047953e-06,-0.0006527518017453163,-0.000652750203573077,-0.001145683183709594,0.001800756420489933,0.0006527518017453116
3,0.003349234175174158,-11.45683481931403,1.593283998777277,-12.0,8.11835934066292,12.0,-2.564332498815794e-06,-0.00065250753418857,-0.0006525059409045655,-0.001145683481931403,0.001800510026865943,0.0006525075341885643
3,0.0033494341751741583,-11.45683769069412,1.588387253526684,-12.0,8.111015609509623,12.0,-2.566761213261579e-06,-0.0006522628355982987,-0.0006522612472110404,-0.001145683769069413,0.001800268044128144,0.000652262835598294
3,0.003349634175174158,-11.45684068348482,1.583481928929222,-12.0,8.103659069955533,12.0,-2.564339256218091e-06,-0.0006520177141026369,-0.0006520161306207021,-0.001145684068348482,0.001800020799954349,0.0006520177141026312
3,0.003349834175174158,-11.45684356552583,1.578568110115772,-12.0,8.096289733617674,12.0,-2.566765658765563e-06,-0.000651772162350195,-0.00065177058378208,-0.001145684356552583,0.001799777962808473,0.0006517721623501903
3,0.003350034175174159,-11.45684656887498,1.573645727492282,-12.0,8.088907612133188,12.0,-2.56434603198597e-06,-0.0006515261884640963,-0.0006515246148183631,-0.001145684656887498,0.001799529869630746,0.0006515261884640905
3,0.003350234175174159,-11.45684946156259,1.568714866153013,-12.0,8.081512717159478,12.0,-2.56677012452422e-06,-0.0006512797851006513,-0.0006512782163857804,-0.00114568494615626,0.001799286179628582,0.0006512797851006465
3,0.0033504341751741593,-11.45685247545599,1.563775456594367,-12.0,8.07410506037411,12.0,-2.564352826086374e-06,-0.00065103296037798,-0.0006510313966025178,-0.001145685247545599,0.00179903723899684,0.0006510329603779744
3,0.003350634175174159,-11.45685537877585,1.558827583873989,-12.0,8.066684653474745,12.0,-2.566774610501899e-06,-0.0006507857069600804,-0.0006507841481324917,-0.001145685537877585,0.001798792697695418,0.0006507857069600757
3,0.003350834175174159,-11.45685840319922,1.553871178578563,-12.0,8.059251508179239,12.0,-2.564359638485994e-06,-0.0006505380329600732,-0.000650536479088889,-0.001145685840319922,0.001798542911165716,0.0006505380329600676
3,0.003351034175174159,-11.45686131713691,1.548906325729236,-12.0,8.051805636225565,12.0,-2.566779116662844e-06,-0.0006502899310496376,-0.0006502883821433071,-0.001145686131713691,0.001798297520127199,0.0006502899310496329
3,0.003351234175174159,-11.45686435207593,1.543932956002802,-12.0,8.044347049371726,12.0,-2.564366469151366e-06,-0.000650041409336898,-0.0006500398654039365,-0.001145686435207593,0.001798046889261019,0.0006500414093368925
3,0.003351434175174159,-11.45686727661697,1.538951154383898,-12.0,8.036875759395874,12.0,-2.566783642971088e-06,-0.0006497924605012024,-0.0006497909215500433,-0.001145686727661697,0.001797800650052788,0.0006497924605011977
3,0.003351634175174159,-11.45687032205726,1.533960851639379,-12.0,8.029391778096214,12.0,-2.564373318048937e-06,-0.0006495430926456891,-0.0006495415586848318,-0.001145687032205726,0.001797549176416662,0.0006495430926456834
3,0.00335183417517416,-11.45687325718712,1.528962132717364,-12.0,8.021895117290933,12.0,-2.566788189390729e-06,-0.0006492932984573617,-0.0006492917694952242,-0.001145687325718712,0.001797302090612892,0.0006492932984573569
3,0.00335203417517416,-11.45687631311424,1.523954928474599,-12.0,8.014385788818302,12.0,-2.564380185145036e-06,-0.000649043086034376,-0.000649041562079442,-0.001145687631311424,0.001797049775778412,0.0006490430860343704
3,0.00335223417517416,-11.45687925881834,1.518939323822793,-12.0,8.006863804536597,12.0,-2.566792755885563e-06,-0.0006487924480713851,-0.0006487909291320564,-0.001145687925881834,0.001796801844956497,0.0006487924480713804
3,0.00335243417517416,-11.45688232521779,1.513915249708429,-12.0,7.999329176324035,12.0,-2.564387070405973e-06,-0.0006485413926615662,-0.0006485398787463109,-0.001145688232521779,0.001796548690501334,0.0006485413926615607
3,0.00335263417517416,-11.45688528148148,1.508882791006756,-12.0,7.991781916078783,12.0,-2.566797342419375e-06,-0.0006482899125072074,-0.0006482884036244117,-0.001145688528148148,0.001796299916245304,0.0006482899125072027
3,0.0033528341751741597,-11.45688835833871,1.503841878753958,-12.0,7.98422203571908,12.0,-2.564393973797985e-06,-0.000648038015696518,-0.0006480365118546335,-0.001145688835833871,0.001796045923751554,0.0006480380156965122
3,0.0033530341751741603,-11.45689132514729,1.498792597788894,-12.0,7.976649547182964,12.0,-2.566801948955894e-06,-0.0006477856949394117,-0.0006477841961468092,-0.001145689132514729,0.001795796307650733,0.000647785694939407
3,0.00335323417517416,-11.45689441244769,1.49373487923718,-12.0,7.969064462428408,12.0,-2.564400895286753e-06,-0.0006475329583191284,-0.0006475314645842435,-0.001145689441244769,0.001795541478707077,0.0006475329583191229
3,0.00335343417517416,-11.4568973897864,1.488668807901359,-12.0,7.961466793433317,12.0,-2.566806575458823e-06,-0.0006472797985532005,-0.0006472783098843879,-0.00114568973897864,0.001795291022355041,0.0006472797985531959
3,0.003353634175174161,-11.45690048751531,1.483594314996445,-12.0,7.95385655219547,12.0,-2.564407834838514e-06,-0.0006470262237199081,-0.0006470247401255876,-0.001145690048751531,0.001795035358554102,0.0006470262237199025
3,0.0033538341751741607,-11.45690347536933,1.478511485288612,-12.0,7.946233750732433,12.0,-2.56681122189143e-06,-0.0006467722265443869,-0.000646770748032897,-0.001145690347536933,0.001794784063551026,0.0006467722265443821
3,0.0033540341751741613,-11.45690658351201,1.47342025008211,-12.0,7.938598401081672,12.0,-2.564414792419117e-06,-0.0006465178150999618,-0.0006465163416797062,-0.001145690658351201,0.001794527566491398,0.0006465178150999563
3,0.003354234175174161,-11.45690958186647,1.468320694106858,-12.0,7.930950515300466,12.0,-2.566815888217153e-06,-0.0006462629821193654,-0.0006462615137986667,-0.001145690958186647,0.001794275434442207,0.0006462629821193609
3,0.003354434175174161,-11.45691270040816,1.463212748756175,-12.0,7.92329010546583,12.0,-2.564421767994179e-06,-0.0006460077356709711,-0.0006460062724582165,-0.001145691270040816,0.001794018105727844,0.0006460077356709655
3,0.003354634175174161,-11.45691570924813,1.458096498723709,-12.0,7.915617183674617,12.0,-2.566820574399525e-06,-0.0006457520684950955,-0.0006457506103985921,-0.001145691570924813,0.001793765138242225,0.0006457520684950909
3,0.003354834175174161,-11.45691883817397,1.452971875491798,-12.0,7.90793176204344,12.0,-2.564428761529466e-06,-0.0006454959886551697,-0.0006454945356832886,-0.001145691883817397,0.00179350697948227,0.0006454959886551642
3,0.003355034175174161,-11.45692185748447,1.447838963717822,-12.0,7.900233852708606,12.0,-2.566825280401503e-06,-0.000645239488899083,-0.0006452380410601146,-0.001145692185748447,0.001793253178176242,0.0006452394888990785
3,0.003355234175174162,-11.45692499677957,1.442697694972924,-12.0,7.892523467826122,12.0,-2.564435772990601e-06,-0.0006449825772853254,-0.0006449811345876249,-0.001145692499677957,0.001792994190984695,0.0006449825772853198
3,0.003355434175174162,-11.45692802654555,1.43754815387834,-12.0,7.884800619571824,12.0,-2.566830006186324e-06,-0.0006447252465693531,-0.0006447238090211946,-0.001145692802654555,0.001792739557478456,0.0006447252465693485
3,0.003355634175174162,-11.45693117619496,1.432390272093934,-12.0,7.877065320141102,12.0,-2.564442802343064e-06,-0.0006444675048047225,-0.0006444660724144448,-0.001145693117619496,0.001792479743474935,0.0006444675048047168
3,0.003355834175174162,-11.45693421640132,1.427224134204671,-12.0,7.869317581749006,12.0,-2.566834751717071e-06,-0.0006442093447544382,-0.0006442079175302993,-0.001145693421640132,0.001792224279394957,0.0006442093447544336
3,0.003356034175174162,-11.45693737639002,1.422049671959086,-12.0,7.861557416630358,12.0,-2.56444984955201e-06,-0.0006439507744671329,-0.0006439493524174551,-0.001145693737639002,0.001791963640204357,0.0006439507744671272
3,0.003356234175174162,-11.45694042702159,1.416866969905986,-12.0,7.853784837039475,12.0,-2.566839516956867e-06,-0.0006436917867133535,-0.0006436903698463789,-0.001145694042702159,0.001791707347181409,0.0006436917867133489
3,0.003356434175174162,-11.45694359733452,1.41167595988228,-12.0,7.845999855250278,12.0,-2.564456914582974e-06,-0.0006434323895368053,-0.0006434309778608398,-0.001145694359733452,0.001791445884433802,0.0006434323895367998
3,0.0033566341751741623,-11.45694665837609,1.406476726400728,-12.0,7.838202483556401,12.0,-2.56684430186879e-06,-0.0006431725757155721,-0.0006431711692388409,-0.001145694665837609,0.001791188764103941,0.0006431725757155674
3,0.003356834175174162,-11.45694983899811,1.401269201386565,-12.0,7.830392734270918,12.0,-2.564463997401465e-06,-0.0006429123532884409,-0.0006429109520192339,-0.001145694983899811,0.001790926479434886,0.0006429123532884353
3,0.003357034175174163,-11.45695291043441,1.396053469316378,-12.0,7.822570619726466,12.0,-2.566849106415352e-06,-0.0006426517150410134,-0.0006426503189875394,-0.001145695291043441,0.001790668533440395,0.0006426517150410087
3,0.003357234175174163,-11.45695610135034,1.39082946220364,-12.0,7.814736152275251,12.0,-2.56447109797253e-06,-0.0006423906690071668,-0.0006423892781776989,-0.001145695610135034,0.001790405428489586,0.0006423906690071611
3,0.003357434175174163,-11.45695918316603,1.385597264488888,-12.0,7.806889344288992,12.0,-2.566853930559793e-06,-0.0006421292079800151,-0.0006421278223827459,-0.001145695918316603,0.00179014665847711,0.0006421292079800103
3,0.0033576341751741633,-11.45696238436062,1.380356808273622,-12.0,7.799030208158824,12.0,-2.564478216261358e-06,-0.0006418673399885257,-0.0006418659596317118,-0.001145696238436062,0.00178988273489073,0.0006418673399885203
3,0.003357834175174163,-11.45696547654031,1.375108177962322,-12.0,7.791158756295418,12.0,-2.566858774264935e-06,-0.000641605057833314,-0.0006416036827251315,-0.001145696547654031,0.00178962314251169,0.0006416050578333096
3,0.003358034175174163,-11.45696868799825,1.369851305744473,-12.0,7.783275001128892,12.0,-2.564485352233202e-06,-0.0006413423695384474,-0.0006413409996871362,-0.001145696868799825,0.001789358401940897,0.000641342369538442
3,0.0033582341751741632,-11.45697179052649,1.364586275988484,-12.0,7.77537895510873,12.0,-2.5668636374935e-06,-0.0006410792679120292,-0.0006410779033257486,-0.001145697179052649,0.001789097988852893,0.0006410792679120245
3,0.003358434175174163,-11.45697501223242,1.359313020971643,-12.0,7.767470630703885,12.0,-2.564492505853265e-06,-0.0006408157609732298,-0.0006408144016602032,-0.001145697501223242,0.001788832432953112,0.0006408157609732243
3,0.003358634175174163,-11.45697812509369,1.354031625026406,-12.0,7.759550040402706,12.0,-2.566868520208588e-06,-0.0006405518415376347,-0.0006405504875060051,-0.001145697812509369,0.001788571200818312,0.0006405518415376301
3,0.003358834175174164,-11.45698135703219,1.348742020517706,-12.0,7.751617196712862,12.0,-2.564499677086571e-06,-0.000640287517619521,-0.0006402861688774951,-0.00114569813570322,0.001788304831251279,0.0006402875176195156
3,0.003359034175174164,-11.45698448021093,1.343444291741994,-12.0,7.743672112161375,12.0,-2.566873422372802e-06,-0.0006400227820419427,-0.0006400214385976464,-0.001145698448021093,0.001788042781737252,0.0006400227820419382
3,0.0033592341751741642,-11.45698772236651,1.338138371151781,-12.0,7.735714799294639,12.0,-2.564506865898583e-06,-0.0006397576428142913,-0.0006397563046759146,-0.001145698772236651,0.001787775600168933,0.0006397576428142859
3,0.003359434175174164,-11.45699085584708,1.332824343007594,-12.0,7.727745270678362,12.0,-2.566878343949345e-06,-0.0006394920927670814,-0.0006394907599427338,-0.001145699085584708,0.001787512734947997,0.0006394920927670768
3,0.003359634175174164,-11.4569941082042,1.327502139849314,-12.0,7.719763538897471,12.0,-2.564514072254631e-06,-0.000639226139904821,-0.0006392248124026757,-0.00114569941082042,0.001787244743050192,0.0006392261399048157
3,0.003359834175174164,-11.45699725197091,1.322171845901545,-12.0,7.711769616556231,12.0,-2.566883284900933e-06,-0.0006389597770654733,-0.0006389584548936227,-0.001145699725197091,0.001786981063800751,0.0006389597770654686
3,0.003360034175174164,-11.45700051451395,1.316833393791497,-12.0,7.70376351627816,12.0,-2.564521296119968e-06,-0.0006386930122486718,-0.0006386916954152725,-0.001145700051451395,0.001786712263249891,0.0006386930122486663
3,0.003360234175174164,-11.45700366855105,1.311486867707825,-12.0,7.69574525070594,12.0,-2.566888245190883e-06,-0.000638425838299816,-0.0006384245268129437,-0.001145700366855105,0.001786447771654346,0.0006384258382998115
3,0.003360434175174164,-11.45700694126435,1.306132200364901,-12.0,7.687714832501528,12.0,-2.564528537459994e-06,-0.0006381582632136683,-0.0006381569570814623,-0.001145700694126435,0.001786178164132083,0.0006381582632136628
3,0.003360634175174165,-11.45701010555602,1.300769475915537,-12.0,7.679672274346071,12.0,-2.566893224782458e-06,-0.000637890279843058,-0.0006378889790735777,-0.001145701010555602,0.001785912861878583,0.0006378902798430535
3,0.003360834175174165,-11.45701338842384,1.295398627161089,-12.0,7.671617588939824,12.0,-2.564535796240283e-06,-0.000637621896177879,-0.0006376206007792463,-0.001145701338842384,0.001785642449072106,0.0006376218961778734
3,0.003361034175174165,-11.45701656295419,1.290019738218519,-12.0,7.663550789002256,12.0,-2.566898223638964e-06,-0.0006373531050783783,-0.0006373518150586355,-0.001145701656295419,0.001785376337853771,0.0006373531050783737
3,0.003361234175174165,-11.45701985596073,1.28463274197612,-12.0,7.655471887271968,12.0,-2.564543072426934e-06,-0.0006370839145295903,-0.0006370826298968428,-0.001145701985596074,0.001785105121454917,0.0006370839145295849
3,0.003361434175174165,-11.45702304071383,1.279237722514976,-12.0,7.647380896506604,12.0,-2.566903241724089e-06,-0.0006368143173991676,-0.0006368130381614404,-0.001145702304071383,0.001784838202969835,0.0006368143173991628
3,0.0033616341751741647,-11.45702634384323,1.273834612810161,-12.0,7.639277829482985,12.0,-2.56455036598571e-06,-0.000636544321667288,-0.0006365430478326697,-0.001145702634384323,0.00178456618467592,0.0006365443216672825
3,0.0033618341751741653,-11.45702953880306,1.268423496906946,-12.0,7.63116269899692,12.0,-2.566908279001709e-06,-0.000636273920209002,-0.0006362726517855004,-0.001145702953880306,0.001784298460627439,0.0006362739202089974
3,0.003362034175174165,-11.4570328520394,1.263004307867032,-12.0,7.623035517863324,12.0,-2.564557676883035e-06,-0.0006360031209996347,-0.0006360018579953214,-0.00114570328520394,0.001784025642140718,0.0006360031209996293
3,0.003362234175174165,-11.45703605718987,1.257577129699948,-12.0,7.614896298916154,12.0,-2.566913335435969e-06,-0.0006357319169216252,-0.0006357306593444909,-0.001145703605718987,0.001783757114237043,0.0006357319169216206
3,0.003362434175174166,-11.45703938051713,1.252141895553853,-12.0,7.606745055008298,12.0,-2.564565005085898e-06,-0.0006354603159454502,-0.000635459063803549,-0.001145703938051713,0.001783483497264147,0.0006354603159454445
3,0.0033626341751741657,-11.45704259584211,1.246698689402522,-12.0,7.598581799011731,12.0,-2.566918410991578e-06,-0.0006351883109609255,-0.0006351870642622314,-0.001145704259584211,0.001783214167218916,0.0006351883109609209
3,0.0033628341751741663,-11.45704592924422,1.241247444480498,-12.0,7.590406543817302,12.0,-2.564572350560943e-06,-0.0006349159099336858,-0.0006349146686862359,-0.001145704592924422,0.001782939753472826,0.0006349159099336804
3,0.003363034175174166,-11.45704915472748,1.235788244725793,-12.0,7.582219302334876,12.0,-2.566923505633737e-06,-0.0006346431057609128,-0.0006346418699726635,-0.001145704915472748,0.001782669623004658,0.0006346431057609083
3,0.003363234175174166,-11.4570524981883,1.230321023459245,-12.0,7.574020087493249,12.0,-2.564579713276041e-06,-0.000634369906403406,-0.0006343686760823771,-0.00114570524981883,0.001782394414202198,0.0006343699064034005
3,0.003363434175174166,-11.45705573381354,1.224845864583092,-12.0,7.565808912240055,12.0,-2.56692861932811e-06,-0.0006340963047657006,-0.0006340950799198316,-0.001145705573381354,0.001782123485034742,0.0006340963047656963
3,0.003363634175174166,-11.45705908731685,1.219362701504295,-12.0,7.557585789541884,12.0,-2.564587093199456e-06,-0.0006338223088037643,-0.0006338210894410574,-0.001145705908731685,0.00178184748289845,0.000633822308803759
3,0.003363834175174166,-11.4570623330677,1.213871618089439,-12.0,7.54935073238419,12.0,-2.566933752040909e-06,-0.0006335479114294798,-0.0006335466975578571,-0.00114570623330677,0.001781575756759412,0.0006335479114294751
3,0.003364034175174166,-11.4570656965972,1.208372547831419,-12.0,7.541103753771209,12.0,-2.564594490300266e-06,-0.0006332731205939843,-0.0006332719122214311,-0.00114570656965972,0.001781298963017149,0.000633273120593979
3,0.003364234175174167,-11.45706895245721,1.202865574561157,-12.0,7.532844866726089,12.0,-2.566938903739526e-06,-0.0006329979292164976,-0.0006329967263509186,-0.001145706895245721,0.001781026441640902,0.0006329979292164932
3,0.003364434175174167,-11.45707232599652,1.197350631857412,-12.0,7.524574084290697,12.0,-2.564601904548196e-06,-0.0006327223452433339,-0.0006327211478926966,-0.001145707232599652,0.001780748858024726,0.0006327223452433286
3,0.003364634175174167,-11.45707559194915,1.191827803515424,-12.0,7.516291419525748,12.0,-2.566944074391908e-06,-0.0006324463616010369,-0.000632445169773229,-0.001145707559194916,0.001780475543149328,0.0006324463616010325
3,0.003364834175174167,-11.4570789754818,1.186297023199729,-12.0,7.507996885510724,12.0,-2.564609335914209e-06,-0.0006321699862311048,-0.0006321687999340763,-0.00114570789754818,0.001780197171396719,0.0006321699862310995
3,0.003365034175174167,-11.45708225151042,1.180758374669883,-12.0,7.49969049534378,12.0,-2.566949263967418e-06,-0.0006318932120673944,-0.0006318920313090152,-0.001145708225151042,0.00177992306476624,0.0006318932120673898
3,0.0033652341751741668,-11.45708564501985,1.175211791676016,-12.0,7.491372262141864,12.0,-2.564616784370536e-06,-0.0006316160470465901,-0.0006316148718347932,-0.001145708564501985,0.00177964390661948,0.0006316160470465848
3,0.0033654341751741673,-11.45708893110774,1.169657357942116,-12.0,7.483042199040625,12.0,-2.56695447243647e-06,-0.0006313384841098553,-0.000631337314452493,-0.001145708893110774,0.001779369009982464,0.0006313384841098509
3,0.003365634175174167,-11.45709233457728,1.164095007303737,-12.0,7.474700319194321,12.0,-2.564624249890725e-06,-0.0006310605311890638,-0.000631059367094051,-0.001145709233457728,0.001779089067189167,0.0006310605311890584
3,0.003365834175174168,-11.45709563070763,1.158524823449278,-12.0,7.466346635775968,12.0,-2.566959699771348e-06,-0.0006307821812326735,-0.0006307810227078455,-0.001145709563070763,0.001778813382299072,0.000630782181232669
3,0.003366034175174168,-11.45709904412053,1.152946740299635,-12.0,7.457981161977123,12.0,-2.564631732449896e-06,-0.0006305034421677542,-0.0006305022892210084,-0.001145709904412053,0.001778532656611415,0.0006305034421677488
3,0.0033662341751741678,-11.45710235027641,1.147360841507628,-12.0,7.44960391100806,12.0,-2.566964945946004e-06,-0.0006302243069500477,-0.0006302231595892017,-0.001145710235027641,0.001778256185226809,0.0006302243069500433
3,0.0033664341751741683,-11.45710577361579,1.141767061079367,-12.0,7.441214896097554,12.0,-2.564639232025408e-06,-0.0006299447835018242,-0.0006299436417347578,-0.001145710577361579,0.001777974678402588,0.0006299447835018187
3,0.003366634175174168,-11.45710908978014,1.136165482632087,-12.0,7.432814130493028,12.0,-2.566970210936524e-06,-0.0006296648647860987,-0.0006296637286206116,-0.001145710908978014,0.001777697422286643,0.0006296648647860941
3,0.003366834175174168,-11.45711252302902,1.130556040257033,-12.0,7.424401627460463,12.0,-2.564646748596747e-06,-0.0006293845587203482,-0.0006293834281643026,-0.001145711252302902,0.001777415136088168,0.000629384558720343
3,0.0033670341751741682,-11.45711584918468,1.124938817535855,-12.0,7.4159774002843,12.0,-2.566975494721345e-06,-0.000629103858274849,-0.000629102733336027,-0.001145711584918468,0.001777137097009146,0.0006291038582748445
3,0.003367234175174168,-11.45711929232592,1.119313748644748,-12.0,7.407541462267567,12.0,-2.564654282146179e-06,-0.0006288227713622874,-0.0006288216520485333,-0.001145711929232592,0.001776854033203859,0.0006288227713622821
3,0.003367434175174168,-11.4571226284556,1.113680917129879,-12.0,7.399093826731788,12.0,-2.566980797282191e-06,-0.0006285412909601954,-0.0006285401772792737,-0.00114571226284556,0.001776575212935669,0.000628541290960191
3,0.003367634175174169,-11.45712608147193,1.108040257252228,-12.0,7.390634507016881,12.0,-2.564661832658962e-06,-0.0006282594249764706,-0.0006282583169362081,-0.001145712608147193,0.001776291373295065,0.0006282594249764653
3,0.003367834175174169,-11.45712942755816,1.102391852522459,-12.0,7.382163516481294,12.0,-2.566986118603869e-06,-0.0006279771663958879,-0.000627976064004031,-0.001145712942755816,0.001776011773616038,0.0006279771663958836
3,0.0033680341751741692,-11.45713289043217,1.096735637286296,-12.0,7.3736808685019,12.0,-2.564669400124236e-06,-0.0006276945231215657,-0.0006276934263859231,-0.001145713289043217,0.001775727159917711,0.0006276945231215604
3,0.003368234175174169,-11.45713624645733,1.091071695018863,-12.0,7.365186576473909,12.0,-2.566991458675571e-06,-0.0006274114881455091,-0.0006274103970738095,-0.001145713624645733,0.001775446782610529,0.0006274114881455047
3,0.003368434175174169,-11.45713971917141,1.085399960150458,-12.0,7.356680653810993,12.0,-2.56467698453539e-06,-0.0006271280693660588,-0.0006271269839660934,-0.001145713971917141,0.001775161396636899,0.0006271280693660535
3,0.003368634175174169,-11.4571430851177,1.079720516120784,-12.0,7.348163113945189,12.0,-2.566996817490654e-06,-0.0006268442597824448,-0.0006268431800619243,-0.00114571430851177,0.001774880243490085,0.0006268442597824405
3,0.003368834175174169,-11.45714656765406,1.074033297444549,-12.0,7.33963397032683,12.0,-2.564684585890828e-06,-0.0006265600672882335,-0.0006265589932549307,-0.001145714656765407,0.001774594087027303,0.0006265600672882281
3,0.0033690341751741694,-11.45714994350348,1.068338387525956,-12.0,7.33109323642455,12.0,-2.567002195048376e-06,-0.000626275484889864,-0.0006262744165514719,-0.001145714994350348,0.001774312159833571,0.0006262754848898594
3,0.003369234175174169,-11.45715343584412,1.062635720964106,-12.0,7.322540925725431,12.0,-2.564692204194822e-06,-0.0006259905204761378,-0.0006259894578404115,-0.001145715343584412,0.001774025234674289,0.0006259905204761326
3,0.00336943417517417,-11.45715682157844,1.056925381127773,-12.0,7.313977051734691,12.0,-2.567007591354115e-06,-0.0006257051670606961,-0.0006257041101353106,-0.001145715682157844,0.001773742535231373,0.0006257051670606917
3,0.00336963417517417,-11.45716032370511,1.051207302700166,-12.0,7.305401627975829,12.0,-2.564699839458701e-06,-0.0006254194325275716,-0.0006254183813202636,-0.001145716032370511,0.001773454843171934,0.0006254194325275664
3,0.00336983417517417,-11.45716371930582,1.045481569014689,-12.0,7.296814667990636,12.0,-2.567013006420882e-06,-0.0006251333098975991,-0.0006251322644160256,-0.001145716371930582,0.001773171373282819,0.0006251333098975947
3,0.0033700341751741704,-11.4571672312,1.039748114838647,-12.0,7.288216185339119,12.0,-2.564707491701565e-06,-0.0006248468070500525,-0.0006248457673019322,-0.00114571672312,0.001772882916125065,0.0006248468070500472
3,0.00337023417517417,-11.45717063664835,1.034007023469997,-12.0,7.279606193599404,12.0,-2.567018440270179e-06,-0.0006245599170129452,-0.0006245588830059172,-0.001145717063664835,0.001772598677597791,0.0006245599170129407
3,0.0033704341751741697,-11.45717415829121,1.02825822975998,-12.0,7.27098470636787,12.0,-2.564715160952097e-06,-0.0006242726476607943,-0.0006242716194025593,-0.001145717415829121,0.001772309457147655,0.0006242726476607891
3,0.0033706341751741703,-11.45717757356807,1.022501816971227,-12.0,7.262351737259047,12.0,-2.567023892933475e-06,-0.0006239849920287865,-0.000623983969526965,-0.001145717757356808,0.00177202445179419,0.0006239849920287821
3,0.00337083417517417,-11.45718110494044,1.016737720038735,-12.0,7.253707299905521,12.0,-2.564722847249962e-06,-0.000623696957986684,-0.0006236959412489587,-0.001145718110494044,0.001771734469863774,0.0006236969579866787
3,0.00337103417517417,-11.45718453002635,1.010966022189777,-12.0,7.245051407958064,12.0,-2.567029364454653e-06,-0.0006234085385768331,-0.0006234075276108066,-0.001145718453002635,0.001771448699501374,0.0006234085385768287
3,0.003371234175174171,-11.45718807110865,1.005186658443085,-12.0,7.236384075085535,12.0,-2.564730550647629e-06,-0.0006231197416642503,-0.0006231187364775866,-0.001145718807110865,0.001771157957906385,0.0006231197416642451
3,0.0033714341751741707,-11.45719150598371,0.9993997119905422,-12.0,7.227705314974787,12.0,-2.567034854891003e-06,-0.0006228305602984289,-0.0006228295608987124,-0.001145719150598371,0.001770871424357261,0.0006228305602984245
3,0.0033716341751741713,-11.4571950567559,0.9936051179344416,-12.0,7.219015141330791,12.0,-2.56473827121206e-06,-0.0006225410023396402,-0.0006225400087345169,-0.00114571950567559,0.001770579924919186,0.000622541002339635
3,0.003371834175174171,-11.45719850139971,0.9878029594313937,-12.0,7.210313567876542,12.0,-2.567040364316338e-06,-0.0006222510608445192,-0.0006222500730415554,-0.001145719850139972,0.001770292630010476,0.0006222510608445149
3,0.003372034175174171,-11.45720206184126,0.9819931716670951,-12.0,7.201600608352988,12.0,-2.56474600902828e-06,-0.0006219607436685945,-0.0006219597616754177,-0.001145720206184126,0.001770000374554859,0.0006219607436685893
3,0.003372234175174171,-11.45720551623288,0.9761758377628099,-12.0,7.192876276519032,12.0,-2.567045892822791e-06,-0.0006216700438756266,-0.0006216690676997844,-0.001145720551623288,0.0017697123201187,0.0006216700438756223
3,0.003372434175174171,-11.45720908632262,0.9703508929876289,-12.0,7.184140586151683,12.0,-2.564753764201696e-06,-0.0006213789693164106,-0.0006213779989655124,-0.001145720908632262,0.001769419310476259,0.0006213789693164055
3,0.003372634175174171,-11.45721255044045,0.9645184204275374,-12.0,7.175393551045738,12.0,-2.567051440524927e-06,-0.0006210875130618245,-0.0006210865485433996,-0.001145721255044045,0.001769130498348775,0.0006210875130618201
3,0.003372834175174171,-11.45721613015656,0.9586783554347202,-12.0,7.166635185013913,12.0,-2.564761536861268e-06,-0.0006207956829579244,-0.0006207947242795639,-0.001145721613015656,0.001768836736354872,0.0006207956829579192
3,0.003373034175174172,-11.45721960397827,0.952830781060009,-12.0,7.15786550188696,12.0,-2.567057007563151e-06,-0.0006205034720826995,-0.0006205025192519139,-0.001145721960397827,0.001768547168377985,0.0006205034720826951
3,0.003373234175174172,-11.45722319329809,0.9469756327386553,-12.0,7.149084515513357,12.0,-2.564769327164007e-06,-0.0006202108882774753,-0.0006202099413018373,-0.001145722319329809,0.001768252655873374,0.0006202108882774702
3,0.003373434175174172,-11.4572266768005,0.9411129934861783,-12.0,7.140292239759455,12.0,-2.567062594108156e-06,-0.000619917924627332,-0.0006199169835143342,-0.00114572266768005,0.001767962333893023,0.0006199179246273277
3,0.003373634175174172,-11.45723027570048,0.9352427988208355,-12.0,7.131488688509481,12.0,-2.564777135299452e-06,-0.0006196245889688698,-0.0006196236537260658,-0.001145723027570048,0.001767667072722656,0.0006196245889688646
3,0.003373834175174172,-11.4572337688594,0.9293651317229693,-12.0,7.122673875665473,12.0,-2.567068200365636e-06,-0.0006193308743942548,-0.0006193299450291186,-0.00114572337688594,0.00176737599859026,0.0006193308743942504
3,0.0033740341751741718,-11.45723737731491,0.9234799277936266,-12.0,7.113847815147171,12.0,-2.564784961495416e-06,-0.0006190367887353596,-0.0006190358652554266,-0.001145723737731491,0.001767079990603834,0.0006190367887353545
3,0.0033742341751741723,-11.45724088010501,0.9175872699779671,-12.0,7.105010520892153,12.0,-2.567073826582782e-06,-0.000618742325091423,-0.0006187414075041487,-0.001145724088010501,0.001766788166175434,0.0006187423250914187
3,0.003374434175174172,-11.45724449809017,0.9116870939598117,-12.0,7.09616200685574,12.0,-2.564792806024351e-06,-0.000618447491289598,-0.0006184465796024988,-0.001145724449809017,0.00176649141322816,0.0006184474912895928
3,0.003374634175174172,-11.45724801048477,0.9057794826491194,-12.0,7.087302287010893,12.0,-2.56707947305505e-06,-0.0006181522804361817,-0.0006181513746566947,-0.001145724801048477,0.001766198840363993,0.0006181522804361773
3,0.003374834175174173,-11.45725163797228,0.8998643718123231,-12.0,7.078431375348343,12.0,-2.564800669210913e-06,-0.0006178567003536072,-0.0006178558004892301,-0.001145725163797228,0.001765901344315281,0.000617856700353602
3,0.0033750341751741728,-11.45725515994317,0.8939418443243112,-12.0,7.069549285876496,12.0,-2.567085140134382e-06,-0.0006175607441552229,-0.0006175598502133742,-0.001145725515994317,0.00176560802488121,0.0006175607441552184
3,0.0033752341751741733,-11.45725879690404,0.8880118360339876,-12.0,7.060656032621361,12.0,-2.564808551441e-06,-0.0006172644196587424,-0.0006172635316469013,-0.001145725879690404,0.001765309787595721,0.0006172644196587373
3,0.003375434175174173,-11.45726232842117,0.882074429781123,-12.0,7.051751629626569,12.0,-2.567090828238873e-06,-0.000616967719984549,-0.0006169668379101149,-0.001145726232842117,0.001765015723461795,0.0006169677199845446
3,0.003375634175174173,-11.45726597482445,0.8761295614970502,-12.0,7.042836090953417,12.0,-2.564816453172374e-06,-0.0006166706529456417,-0.000616669776816075,-0.001145726597482445,0.001764716746809051,0.0006166706529456366
3,0.003375834175174173,-11.4572695158557,0.8701773139865288,-12.0,7.03390943068078,12.0,-2.56709653786421e-06,-0.0006163732116694297,-0.0006163723414921113,-0.00114572695158557,0.001764421939850454,0.0006163732116694252
3,0.003376034175174173,-11.45727317166816,0.86421762326314,-12.0,7.024971662905024,12.0,-2.564824374946276e-06,-0.0006160754039641936,-0.0006160745397465654,-0.001145727317166816,0.001764122225704288,0.0006160754039641885
3,0.003376234175174173,-11.45727672217892,0.8582505720966337,-12.0,7.01602280174013,12.0,-2.567102269597176e-06,-0.0006157772229643539,-0.0006157763647137775,-0.001145727672217892,0.001763826677801262,0.0006157772229643496
3,0.003376434175174174,-11.45728038736469,0.852276096582855,-12.0,7.007062861317594,12.0,-2.564832317402376e-06,-0.0006154786764734792,-0.0006154778241973774,-0.001145728038736469,0.00176352622804016,0.000615478676473474
3,0.003376634175174174,-11.45728394731747,0.8462942794565376,-12.0,6.998091855786337,12.0,-2.567108024130793e-06,-0.0006151797576329841,-0.0006151789113387004,-0.001145728394731747,0.001763229941078166,0.00061517975763298
3,0.003376834175174174,-11.45728762183758,0.8403050568956453,-12.0,6.989109799312825,12.0,-2.56484028129597e-06,-0.0006148804742417231,-0.000614879633936661,-0.001145728762183758,0.00176292875758633,0.000614880474241718
3,0.003377034175174174,-11.45729119119154,0.8343085116000601,-12.0,6.980116706080977,12.0,-2.567113802282818e-06,-0.0006145808194480961,-0.0006145799851395802,-0.001145729119119154,0.001762631733454468,0.0006145808194480917
3,0.003377234175174174,-11.45729487500336,0.8283045798297243,-12.0,6.971112590292066,12.0,-2.564848267517301e-06,-0.0006142808010462391,-0.0006142799727416544,-0.001145729487500336,0.001762329818120675,0.0006142808010462342
3,0.003377434175174174,-11.45729845371376,0.82229334424968,-12.0,6.962097466164842,12.0,-2.567119605017535e-06,-0.0006139804121915206,-0.0006139795898981719,-0.001145729845371376,0.001762032058713702,0.0006139804121915162
3,0.003377634175174174,-11.45730214677043,0.8162747412018775,-12.0,6.953071347935442,12.0,-2.564856277115187e-06,-0.0006136796606733615,-0.0006136788443986151,-0.001145730214677043,0.001761729413431885,0.0006136796606733564
3,0.0033778341751741743,-11.45730573478789,0.8102488533165412,-12.0,6.944034249857292,12.0,-2.567125433471011e-06,-0.0006133785396540795,-0.0006133777294052218,-0.00114573057347879,0.001761430920649497,0.000613378539654075
3,0.003378034175174174,-11.45730943703758,0.8042156170175272,-12.0,6.934986186201249,12.0,-2.564864311324478e-06,-0.0006130770569183773,-0.0006130762527027553,-0.001145730943703758,0.001761127547317894,0.0006130770569183723
3,0.003378234175174175,-11.45731303430738,0.7981751149003674,-12.0,6.925927171255393,12.0,-2.56713128898066e-06,-0.0006127752056355069,-0.0006127744074603877,-0.001145731303430739,0.001760828323064723,0.0006127752056355026
3,0.003378434175174175,-11.45731674569242,0.7921272834707489,-12.0,6.91685721932517,12.0,-2.564872371598304e-06,-0.0006124729935854473,-0.0006124722014581586,-0.001145731674569242,0.001760524223587258,0.0006124729935854421
3,0.003378634175174175,-11.45732035215353,0.7860722052896526,-12.0,6.907776344733297,12.0,-2.567137173120681e-06,-0.0006121704139443688,-0.0006121696278721592,-0.001145732035215353,0.0017602242697729,0.0006121704139443645
3,0.0033788341751741753,-11.45732407260944,0.7800098169445161,-12.0,6.898684561819664,12.0,-2.564880459646201e-06,-0.0006118674744875199,-0.0006118666944776978,-0.001145732407260944,0.001759919446058155,0.0006118674744875148
3,0.003379034175174175,-11.45732768819342,0.7739402009618458,-12.0,6.889581884941488,12.0,-2.567143087743163e-06,-0.0006115641683979684,-0.0006115633944577632,-0.001145732768819342,0.001759618764597995,0.0006115641683979642
3,0.003379234175174175,-11.45733141764771,0.7678632940108591,-12.0,6.880468328473086,12.0,-2.564888577478898e-06,-0.0006112605034462277,-0.0006112597355829285,-0.001145733141764771,0.001759313218559565,0.0006112605034462226
3,0.0033794341751741752,-11.45733504227746,0.7617791785836797,-12.0,6.871343906806036,12.0,-2.567149035026619e-06,-0.0006109564728222399,-0.0006109557110430571,-0.001145733504227746,0.001759011811372577,0.0006109564728222356
3,0.003379634175174175,-11.45733878064826,0.7556877914313473,-12.0,6.862208634349068,12.0,-2.564896727461115e-06,-0.0006106520842917772,-0.0006106513286039806,-0.001145733878064826,0.001758705544930075,0.0006106520842917722
3,0.003379834175174175,-11.45734241423651,0.7495892150117119,-12.0,6.853062525527975,12.0,-2.567155017533079e-06,-0.0006103473310516306,-0.0006103465814624113,-0.001145734241423652,0.001758403413942261,0.0006103473310516263
3,0.003380034175174176,-11.45734616143093,0.7434833861576232,-12.0,6.843905594785761,12.0,-2.564904912373405e-06,-0.0006100422208628189,-0.0006100414773794276,-0.001145734616143093,0.001758096429019682,0.0006100422208628138
3,0.003380234175174176,-11.45734980387847,0.7373703872928732,-12.0,6.83473785658242,12.0,-2.567161038275891e-06,-0.0006097367469289588,-0.0006097360095585673,-0.001145734980387847,0.001757793576161021,0.0006097367469289546
3,0.0033804341751741762,-11.45735355979066,0.7312501553321338,-12.0,6.825559325395086,12.0,-2.564913135485669e-06,-0.0006094309170063003,-0.0006094301857561399,-0.001145735355979066,0.001757485874688904,0.0006094309170062952
3,0.003380634175174176,-11.45735721098426,0.725122772665389,-12.0,6.816370015717938,12.0,-2.567167100798947e-06,-0.0006091247243052592,-0.0006091239991824822,-0.001145735721098426,0.001757182301896161,0.0006091247243052549
3,0.003380834175174176,-11.45736097549318,0.7189881762891644,-12.0,6.807169942062101,12.0,-2.564921400643458e-06,-0.0006088181765772987,-0.0006088174575891174,-0.001145736097549318,0.001756873885809083,0.0006088181765772937
3,0.003381034175174176,-11.4573646353031,0.7128464485598229,-12.0,6.797959118955771,12.0,-2.567173209270393e-06,-0.000608511267039599,-0.0006085105541931463,-0.00114573646353031,0.001756569595023522,0.0006085112670395948
3,0.003381234175174176,-11.45736840826985,0.7066975265559527,-12.0,6.788737560944122,12.0,-2.56492971236984e-06,-0.0006082040034388219,-0.0006082032967412903,-0.001145736840826985,0.001756260466263483,0.0006082040034388169
3,0.003381434175174176,-11.45737207654701,0.7005414926005123,-12.0,6.779505282589199,12.0,-2.567179368593811e-06,-0.0006078963789988727,-0.0006078956784573761,-0.001145737207654701,0.001755955459433208,0.0006078963789988687
3,0.003381634175174176,-11.45737585781166,0.6943782838542588,-12.0,6.770262298470056,12.0,-2.564938075985577e-06,-0.0006075884014615846,-0.0006075877070832958,-0.001145737585781166,0.001755645619946976,0.0006075884014615799
3,0.003381834175174177,-11.45737953438416,0.6882079826071644,-12.0,6.761008623182656,12.0,-2.567185584538787e-06,-0.0006072800640575532,-0.0006072793758495665,-0.001145737953438417,0.00175533989902518,0.0006072800640575492
3,0.003382034175174177,-11.45738332376208,0.682030526102307,-12.0,6.75174427133976,12.0,-2.564946497751485e-06,-0.0006069713745237501,-0.0006069706924932192,-0.001145738332376208,0.001755029350766463,0.0006069713745237453
3,0.003382234175174177,-11.45738700843125,0.6758459965969866,-12.0,6.74246925757107,12.0,-2.567191863894881e-06,-0.0006066623260974122,-0.0006066616502514117,-0.001145738700843125,0.00175472291771377,0.0006066623260974083
3,0.003382434175174177,-11.45739080570871,0.6696543314169723,-12.0,6.733183596523126,12.0,-2.564954985036305e-06,-0.0006063529265106203,-0.000606352256856284,-0.001145739080570871,0.001754411662642517,0.0006063529265106154
3,0.003382634175174177,-11.45739449824429,0.6634556127873037,-12.0,6.72388730285923,12.0,-2.56719821465532e-06,-0.0006060431690071964,-0.0006060425055515798,-0.001145739449824429,0.001754104519425421,0.0006060431690071927
3,0.0033828341751741767,-11.45739830317335,0.6572497781166744,-12.0,6.714580391259468,12.0,-2.564963546515478e-06,-0.0006057330613142841,-0.0006057324040645013,-0.001145739830317335,0.001753792559508583,0.0006057330613142794
3,0.0033830341751741773,-11.45740200330796,0.65103690959845,-12.0,6.705262876420753,12.0,-2.567204646232291e-06,-0.000605422596682234,-0.0006054219456453207,-0.001145740200330796,0.001753484708101005,0.0006054225966822303
3,0.003383234175174177,-11.45740581560035,0.6448169447247438,-12.0,6.69593477305674,12.0,-2.564972192406698e-06,-0.0006051117828332043,-0.000605111138016255,-0.001145740581560035,0.001753172045312252,0.0006051117828331997
3,0.003383434175174177,-11.45740952302285,0.6385899656577586,-12.0,6.686596095897722,12.0,-2.567211169714029e-06,-0.0006048006130239998,-0.0006047999744340305,-0.001145740952302285,0.001752863487695716,0.0006048006130239963
3,0.003383634175174178,-11.45741334234282,0.6323559099735072,-12.0,6.677246859690772,12.0,-2.564980934748358e-06,-0.0006044890949717308,-0.0006044884626158165,-0.001145741334234282,0.001752550124017269,0.0006044890949717266
3,0.0033838341751741777,-11.45741705669051,0.6261148598038576,-12.0,6.667887079199637,12.0,-2.567217798167727e-06,-0.0006041772219395812,-0.0006041765958247182,-0.001145741705669051,0.001752240862180931,0.000604177221939578
3,0.0033840341751741783,-11.45742088264634,0.619866752809292,-12.0,6.658516769204636,12.0,-2.564989787730939e-06,-0.0006038650016395384,-0.0006038643817727816,-0.001145742088264634,0.001751926799602887,0.0006038650016395344
3,0.003384234175174178,-11.45742460349574,0.61361167109214,-12.0,6.649135944502792,12.0,-2.567224547000321e-06,-0.0006035524273410682,-0.0006035518137293941,-0.001145742460349574,0.00175161683554482,0.0006035524273410652
3,0.003384434175174178,-11.45742843562973,0.6073495523982302,-12.0,6.639744619907736,12.0,-2.564998768089335e-06,-0.0006032395067509543,-0.0006032388994013982,-0.001145742843562973,0.001751302076066536,0.0006032395067509507
3,0.003384634175174178,-11.45743216248575,0.6010804788012885,-12.0,6.630342810249596,12.0,-2.567231434386624e-06,-0.0006029262331448332,-0.000602925632064352,-0.001145743216248575,0.001750991411794414,0.0006029262331448309
3,0.003384834175174178,-11.45743600026239,0.594804388133377,-12.0,6.620930530375143,12.0,-2.565007895569722e-06,-0.0006026126142241799,-0.0006026120194197886,-0.001145743600026239,0.001750675957424679,0.0006026126142241767
3,0.003385034175174178,-11.45743973254539,0.5885213624409023,-12.0,6.611507795147675,12.0,-2.567238481778731e-06,-0.0006022986432706789,-0.0006022980547493148,-0.00114574397325454,0.001750364594956291,0.0006022986432706773
3,0.003385234175174178,-11.45744357533739,0.5822313396432421,-12.0,6.602074619446952,12.0,-2.565017193485818e-06,-0.0006019843279803734,-0.0006019837457490314,-0.001145744357533739,0.001750048447715069,0.0006019843279803711
3,0.003385434175174179,-11.45744731236801,0.5759344017607784,-12.0,6.592631018169193,12.0,-2.56724571451244e-06,-0.0006016696616408423,-0.0006016690857064397,-0.001145744731236802,0.001749736389078877,0.0006016696616408415
3,0.003385634175174179,-11.4574511594397,0.5696304868016789,-12.0,6.583177006227238,12.0,-2.565026689381504e-06,-0.0006013546519425574,-0.000601354082312069,-0.00114574511594397,0.001749419550998238,0.000601354651942556
3,0.003385834175174179,-11.4574549004209,0.5633196767619958,-12.0,6.573712598550213,12.0,-2.567253162531998e-06,-0.0006010392921788212,-0.0006010387288591448,-0.00114574549004209,0.001749106798236236,0.0006010392921788218
3,0.003386034175174179,-11.45745875090873,0.5570019097401251,-12.0,6.56423781008365,12.0,-2.565036415821632e-06,-0.0006007235900343525,-0.0006007230330324427,-0.001145745875090873,0.001748789271361021,0.0006007235900343526
3,0.003386234175174179,-11.45746249490442,0.5506772677098375,-12.0,6.554752655789646,12.0,-2.567260861254608e-06,-0.0006004075388079786,-0.000600406988130713,-0.001145746249490442,0.001748475826528991,0.0006004075388079809
3,0.0033864341751741788,-11.45746634779377,0.5443456888618157,-12.0,6.545257150646498,12.0,-2.565046411339287e-06,-0.0006000911461784661,-0.0006000906018327793,-0.001145746634779377,0.001748157612918866,0.0006000911461784683
3,0.0033866341751741793,-11.45747009370368,0.5380072551496584,-12.0,6.535751309648878,12.0,-2.567268852607374e-06,-0.0005997744054499173,-0.0005997738674426669,-0.001145747009370368,0.001747843478087753,0.0005997744054499221
3,0.003386834175174179,-11.45747394780142,0.5316619048587167,-12.0,6.526235147807835,12.0,-2.565056721571183e-06,-0.0005994573242949071,-0.000599456792633007,-0.001145747394780142,0.001747524579819516,0.0005994573242949119
3,0.00338703417517418,-11.45747769433121,0.5253097199252716,-12.0,6.516708680150712,12.0,-2.567277186271065e-06,-0.0005991398960225361,-0.0005991393707128241,-0.001145747769433121,0.001747209757078809,0.0005991398960225441
3,0.00338723417517418,-11.45748154823325,0.5189506387320254,-12.0,6.50717192172105,12.0,-2.565067400621284e-06,-0.0005988221282988939,-0.0005988216093482638,-0.001145748154823325,0.001746890176248102,0.0005988221282989025
3,0.0033874341751741798,-11.45748529385917,0.5125847432011331,-12.0,6.497624887578718,12.0,-2.567285921177658e-06,-0.0005985040144377461,-0.0005985035018530153,-0.001145748529385918,0.00174657466770666,0.0005985040144377585
3,0.0033876341751741803,-11.45748914591194,0.5062119718160842,-12.0,6.488067592799812,12.0,-2.565078512705315e-06,-0.0005981855620983592,-0.000598185055886401,-0.001145748914591194,0.001746254406430244,0.0005981855620983728
3,0.00338783417517418,-11.45749288883891,0.4998324064886874,-12.0,6.478500052476553,12.0,-2.567295127316508e-06,-0.0005978667645987677,-0.0005978662647663801,-0.001145749288883891,0.001745938214220947,0.0005978667645987866
3,0.00338803417517418,-11.45749673709371,0.4934459858071404,-12.0,6.468922281717421,12.0,-2.565090134137682e-06,-0.0005975476295910071,-0.0005975471361450423,-0.001145749673709371,0.001745617274640373,0.0005975476295910281
3,0.0033882341751741802,-11.45750047520561,0.4870527916775515,-12.0,6.459334295647047,12.0,-2.567304887921823e-06,-0.0005972281503969219,-0.0005972276633441579,-0.001145750047520561,0.001745300400921372,0.0005972281503969496
3,0.00338843417517418,-11.45750431736446,0.4806527627975233,-12.0,6.449736109406144,12.0,-2.565102355741226e-06,-0.0005969083346608311,-0.0005969078540080992,-0.001145750431736446,0.001744978785206489,0.0005969083346608621
3,0.00338863417517418,-11.45750804816513,0.4742459810727553,-12.0,6.440127738151507,12.0,-2.567315302129993e-06,-0.0005965881757078354,-0.0005965877014618941,-0.001145750804816513,0.001744661232166666,0.0005965881757078751
3,0.003388834175174181,-11.45751188151655,0.4678323853160279,-12.0,6.430509197056169,12.0,-2.565115285780262e-06,-0.000596267681173969,-0.0005962672133416288,-0.001145751188151655,0.001744338942519725,0.0005962676811740143
3,0.003389034175174181,-11.45751560205973,0.4614120574390854,-12.0,6.420880501309068,12.0,-2.567326488219843e-06,-0.000595946844386942,-0.0005959463829749409,-0.001145751560205973,0.00174402071238289,0.0005959468443869983
3,0.0033892341751741812,-11.45751942340235,0.4549849363764265,-12.0,6.411241666115176,12.0,-2.565129053545617e-06,-0.0005956256729738106,-0.0005956252179889387,-0.001145751942340235,0.001743697751044122,0.000595625672973875
3,0.003389434175174181,-11.45752313020853,0.4485511040535528,-12.0,6.401592706695636,12.0,-2.567338587583531e-06,-0.0005953041602641288,-0.0005953037117131044,-0.001145752313020853,0.001743378846073825,0.0005953041602642084
3,0.003389634175174181,-11.45752693576038,0.4421104995348207,-12.0,6.391933638287417,12.0,-2.5651438137553e-06,-0.0005949823138751685,-0.0005949818717647602,-0.001145752693576038,0.001743055215325677,0.0005949823138752596
3,0.003389834175174181,-11.45753062471784,0.4356632047683403,-12.0,6.382264476143479,12.0,-2.567351769610519e-06,-0.0005946601271374024,-0.0005946596914743092,-0.001145753062471784,0.001742735637833275,0.000594660127137514
3,0.003390034175174181,-11.45753441000849,0.4292091589579645,-12.0,6.37258523553278,12.0,-2.565159751984902e-06,-0.0005943376076573528,-0.0005943371784483226,-0.001145753441000849,0.001742411340009203,0.0005943376076574816
3,0.0033902341751741814,-11.45753807625557,0.4227484440853056,-12.0,6.362895931740185,12.0,-2.567366237731049e-06,-0.0005940147487653319,-0.0005940143260170439,-0.001145753807625557,0.001742091092359276,0.000594014748765488
3,0.003390434175174181,-11.45754183599766,0.4162809995050327,-12.0,6.353196580066375,12.0,-2.565177091401295e-06,-0.0005936915580559534,-0.0005936911417751347,-0.001145754183599766,0.001741766129851417,0.0005936915580561342
3,0.003390634175174182,-11.45754547378266,0.4098069072450497,-12.0,6.343487195827976,12.0,-2.567382236932402e-06,-0.0005933680288580746,-0.0005933676190513854,-0.001145754547378266,0.001741445214471222,0.0005933680288582926
3,0.003390834175174182,-11.45754920171894,0.4033261068246151,-12.0,6.33376779435746,12.0,-2.565196101163828e-06,-0.0005930441687530312,-0.0005930437654271777,-0.001145754920171894,0.001741119589739173,0.0005930441687532845
3,0.003391034175174182,-11.45755280423298,0.3968386803331603,-12.0,6.324038391003032,12.0,-2.567400063160648e-06,-0.000592719971066683,-0.0005927195742283068,-0.001145755280423297,0.001740798009129848,0.0005927199710669873
3,0.0033912341751741824,-11.45755649295382,0.390344567470795,-12.0,6.314299001128777,12.0,-2.565217106964881e-06,-0.000592395443365444,-0.0005923950530212308,-0.001145755649295382,0.001740471724711923,0.0005923954433657983
3,0.003391434175174182,-11.45756005213153,0.3838438504068534,-12.0,6.304549640114549,12.0,-2.567420075156302e-06,-0.0005920705789703456,-0.0005920701951269191,-0.001145756005213153,0.001740149481459346,0.0005920705789707695
3,0.0033916341751741817,-11.45756369284222,0.3773364690467054,-12.0,6.294790323355861,12.0,-2.565240504339958e-06,-0.0005917453854309154,-0.0005917450080944465,-0.001145756369284223,0.001739822539984781,0.0005917453854309157
3,0.0033918341751741823,-11.45756719909673,0.3708225056604284,-12.0,6.285021066264066,12.0,-2.567442710019128e-06,-0.0005914198560603637,-0.000591419485237858,-0.001145756719909673,0.001739499636774531,0.0005914198560603637
3,0.003392034175174182,-11.45757078139165,0.3643019003675114,-12.0,6.275241884266096,12.0,-2.565266776649356e-06,-0.0005910939983898586,-0.0005910936340879581,-0.001145757078139165,0.001739172040981765,0.0005910939983898585
3,0.003392234175174182,-11.45757422341205,0.3577747355675259,-12.0,6.265452792804671,12.0,-2.567468501041664e-06,-0.0005907678057237146,-0.0005907674479489791,-0.001145757422341205,0.001738848480610918,0.0005907678057237146
3,0.003392434175174183,-11.45757773494718,0.3512409516366258,-12.0,6.255653807338048,12.0,-2.565296513472246e-06,-0.0005904412855701421,-0.0005904409343291905,-0.001145757773494718,0.001738520233357583,0.0005904412855701422
3,0.0033926341751741827,-11.45758109926745,0.3447006311334352,-12.0,6.245844943340187,12.0,-2.567498102737141e-06,-0.0005901144312206751,-0.0005901140865200441,-0.001145758109926745,0.001738196018757229,0.0005901144312206753
3,0.0033928341751741833,-11.45758452536826,0.338153714719585,-12.0,6.236026216300655,12.0,-2.565330442006687e-06,-0.000589787250158107,-0.0005897869120043924,-0.001145758452536826,0.00173786712304507,0.000589787250158107
3,0.003393034175174183,-11.45758779599186,0.3316002851504797,-12.0,6.226197641724504,12.0,-2.567532323359127e-06,-0.0005894597356574025,-0.0005894594040571173,-0.001145758779599187,0.001737542257299225,0.0005894597356574024
3,0.003393234175174183,-11.45759111921762,0.3250402834138544,-12.0,6.216359235132423,12.0,-2.56536946186071e-06,-0.0005891318951718569,-0.0005891315701315735,-0.001145759111921762,0.001737212716294354,0.0005891318951718569
3,0.003393434175174183,-11.45759427712301,0.3184737925074632,-12.0,6.206511012060628,12.0,-2.567572165593418e-06,-0.0005888037219553165,-0.000588803403481524,-0.001145759427712301,0.001736887202663475,0.0005888037219553165
3,0.003393634175174183,-11.45759747672396,0.3119007537941548,-12.0,6.19665298806075,12.0,-2.565414692269566e-06,-0.0005884752234266595,-0.0005884749115259057,-0.001145759747672396,0.001736557019720172,0.0005884752234266595
3,0.003393834175174183,-11.45760049926834,0.305321250568872,-12.0,6.186785178699984,12.0,-2.567618880614669e-06,-0.0005881463928131111,-0.0005881460874918605,-0.001145760049926834,0.001736230861666179,0.0005881463928131111
3,0.003394034175174183,-11.45760355053016,0.2987352246290989,-12.0,6.176907599560973,12.0,-2.565467534080727e-06,-0.0005878172374931874,-0.0005878169387579628,-0.001145760355053016,0.001735900040354394,0.0005878172374931875
3,0.003394234175174184,-11.45760641072791,0.2921427596334419,-12.0,6.167020266241712,12.0,-2.567674039274047e-06,-0.000587487750660827,-0.0005874874585180675,-0.001145760641072791,0.001735573241568301,0.000587487750660827
3,0.003394434175174184,-11.4576092841769,0.2855437978861822,-12.0,6.1571231943557,12.0,-2.565529751633212e-06,-0.0005871579396469519,-0.000587157654103154,-0.00114576092841769,0.001735241785701948,0.0005871579396469518
3,0.003394634175174184,-11.4576119498231,0.2789384234906166,-12.0,6.147216399531713,12.0,-2.567739626407462e-06,-0.0005868277976041097,-0.0005868275186656861,-0.00114576119498231,0.001734914350134868,0.0005868277976041097
3,0.003394834175174184,-11.45761461025853,0.2723265793459334,-12.0,6.137299897413958,12.0,-2.565603581530886e-06,-0.0005864973318068026,-0.0005864970594802231,-0.001145761461025853,0.001734582263802355,0.0005864973318068025
3,0.003395034175174184,-11.45761704285936,0.2657083500991966,-12.0,6.127373703661974,12.0,-2.567818166456874e-06,-0.0005861665353562777,-0.0005861662696479276,-0.001145761704285936,0.001734254195694015,0.0005861665353562777
3,0.0033952341751741838,-11.45761944816959,0.2590836793526193,-12.0,6.117437833950518,12.0,-2.565691877905394e-06,-0.0005858354154597899,-0.0005858351563761106,-0.001145761944816959,0.001733921483290266,0.00058583541545979
3,0.0033954341751741843,-11.45762160163004,0.2524526524187815,-12.0,6.107492303969716,12.0,-2.567912891647165e-06,-0.0005855039651550935,-0.000585503712702441,-0.001145762160163004,0.001733592787202287,0.0005855039651550935
3,0.003395634175174184,-11.45762370133583,0.2458152137365945,-12.0,6.097537129424943,12.0,-2.565798307349008e-06,-0.0005851721915688349,-0.0005851719457536212,-0.001145762370133583,0.001733259453456315,0.0005851721915688349
3,0.003395834175174184,-11.45762552033969,0.2391714494349222,-12.0,6.087572326036722,12.0,-2.56802796818262e-06,-0.0005848400876601801,-0.0005848398484887305,-0.001145762552033969,0.001732930134297466,0.00058484008766018
3,0.003396034175174185,-11.45762725378917,0.2325213049555072,-12.0,6.077597909540896,12.0,-2.565927611672446e-06,-0.0005845076604585388,-0.0005845074279372339,-0.001145762725378917,0.001732596184298943,0.0005845076604585389
3,0.0033962341751741848,-11.45762867178381,0.2258648674318613,-12.0,6.067613895688372,12.0,-2.568168801792363e-06,-0.0005841749028256511,-0.0005841746769607837,-0.001145762867178381,0.001732266247348988,0.0005841749028256512
3,0.0033964341751741853,-11.45762996589769,0.2192020835170993,-12.0,6.057620300245327,12.0,-2.566085963570071e-06,-0.0005838418216728228,-0.0005838416024707394,-0.001145762996589769,0.001731931686563752,0.0005838418216728229
3,0.003396634175174185,-11.4576309025648,0.2125330415867626,-12.0,6.047617138992958,12.0,-2.568342452147139e-06,-0.0005835084097406196,-0.0005835081972075781,-0.00114576309025648,0.001731601137482214,0.0005835084097406195
3,0.003396834175174185,-11.45763166899184,0.2058576897698866,-12.0,6.037604427727647,12.0,-2.566281449978735e-06,-0.000583174673795776,-0.0005831744679380864,-0.001145763166899184,0.001731265971757603,0.0005831746737957761
3,0.0033970341751741852,-11.4576320270391,0.1991761179867565,-12.0,6.027582182260863,12.0,-2.568558197199808e-06,-0.0005828406064274106,-0.0005828404072512926,-0.00114576320270391,0.001730934816578746,0.0005828406064274106
3,0.003397234175174185,-11.45763215852625,0.1924882761821017,-12.0,6.017550418419042,12.0,-2.566524731658171e-06,-0.000582506214223694,-0.0005825060217354178,-0.001145763215852625,0.001730599052123073,0.000582506214223694
3,0.003397434175174185,-11.45763181956635,0.1857942562119997,-12.0,6.007509152043736,12.0,-2.56882830491807e-06,-0.0005821714895831735,-0.0005821713037889176,-0.001145763181956635,0.001730267297221829,0.0005821714895831737
3,0.003397634175174186,-11.45763118526338,0.1790940102798093,-12.0,5.997458398991506,12.0,-2.56682994720802e-06,-0.0005818364388711696,-0.0005818362597771595,-0.001145763118526338,0.001729930940554377,0.0005818364388711697
3,0.003397834175174186,-11.45763000444282,0.1723876326907099,-12.0,5.987398175133801,12.0,-2.56916909360997e-06,-0.0005815010542443089,-0.0005815008818566764,-0.001145763000444282,0.001729598592574496,0.0005815010542443091
3,0.0033980341751741862,-11.45762844373221,0.1656750784934861,-12.0,5.977328496357122,12.0,-2.567215958496414e-06,-0.0005811653417863632,-0.000581165176111285,-0.001145762844373221,0.001729261650428928,0.0005811653417863637
3,0.003398234175174186,-11.45762624261107,0.1589564451286011,-12.0,5.96724937856289,12.0,-2.56960239709461e-06,-0.0005808292933434285,-0.0005808291343869838,-0.001145762624261107,0.001728928716156185,0.0005808292933434289
3,0.003398434175174186,-11.4576235568517,0.1522316912830619,-12.0,5.957160837667354,12.0,-2.567708077480498e-06,-0.0005804929146384285,-0.000580492762406738,-0.00114576235568517,0.001728591195316777,0.0005804929146384293
3,0.003398634175174186,-11.45762011377997,0.1455009184683684,-12.0,5.947062889601725,12.0,-2.57015760413685e-06,-0.0005801561971133347,-0.0005801560516124171,-0.001145762011377998,0.00172825768147539,0.0005801561971133357
3,0.003398834175174186,-11.4576160550285,0.1387640901046113,-12.0,5.936955550312069,12.0,-2.568340480656939e-06,-0.0005798191460207446,-0.0005798190072566558,-0.00114576160550285,0.001727919588526905,0.0005798191460207458
3,0.0033990341751741864,-11.45761109185053,0.1320213130805547,-12.0,5.926838835759225,12.0,-2.570874524838973e-06,-0.0005794817522678653,-0.0005794816202465541,-0.001145761109185053,0.001727585501471974,0.0005794817522678671
3,0.003399234175174186,-11.45760534709212,0.1252725570981197,-12.0,5.916712761918811,12.0,-2.569159623017507e-06,-0.0005791440204820665,-0.0005791438952095119,-0.001145760534709212,0.00172724684242522,0.0005791440204820692
3,0.003399434175174187,-11.45759851032097,0.1185179362943651,-12.0,5.906577344781394,12.0,-2.571807471993129e-06,-0.0005788059408486993,-0.0005788058223307667,-0.001145759851032097,0.001726912187690415,0.0005788059408487029
3,0.003399634175174187,-11.45759067884192,0.1117574289045822,-12.0,5.896432600352123,12.0,-2.57022913840866e-06,-0.0005784675171447493,-0.0005784674053873251,-0.001145759067884192,0.001726572967440926,0.000578467517144754
3,0.003399834175174187,-11.4575815122654,0.104991159071077,-12.0,5.886278544650905,12.0,-2.573031174082033e-06,-0.0005781287385579762,-0.0005781286335668237,-0.00114575815122654,0.00172623774909085,0.0005781287385579828
3,0.0034000341751741874,-11.45757107223715,0.09821911693510983,-12.0,5.876115193712409,12.0,-2.571637015101415e-06,-0.0005777896076777207,-0.000577789509458613,-0.001145757107223715,0.001725897970641685,0.00057778960767773
3,0.003400234175174187,-11.45755897582802,0.09144144083837659,-12.0,5.865942563585984,12.0,-2.574649539399933e-06,-0.0005774501122747481,-0.0005774500208333198,-0.001145755897582802,0.001725562190338736,0.0005774501122747606
3,0.003400434175174187,-11.45754523335475,0.08465813805119067,-12.0,5.855760670335542,12.0,-2.573506378517176e-06,-0.0005771102532284177,-0.0005771101685702971,-0.001145754523335475,0.001725221853678484,0.0005771102532284351
3,0.0034006341751741873,-11.45752939951921,0.0778693677242868,-12.0,5.84556953003971,12.0,-2.576809031231636e-06,-0.0005767700162315184,-0.0005767699383621746,-0.001145752939951921,0.001724885509326434,0.0005767700162315424
3,0.003400834175174187,-11.45751140811212,0.07107516265602272,-12.0,5.835369158791721,12.0,-2.576012234043433e-06,-0.0005764293996135366,-0.0005764293285384072,-0.001145751140811212,0.001724544609775714,0.0005764293996135699
3,0.003401034175174187,-11.45749071893488,0.06427571364981109,-12.0,5.825159572699295,12.0,-2.579719838642351e-06,-0.0005760883859049024,-0.0005760883216292348,-0.001145749071893489,0.001724207693480779,0.0005760883859049485
3,0.003401234175174188,-11.45746714695552,0.057471093130734,-12.0,5.81494078788479,12.0,-2.579408535907827e-06,-0.0005757469694753418,-0.0005757469120043126,-0.001145746714695552,0.001723866219148419,0.0005757469694754057
3,0.003401434175174188,-11.45744000116425,0.05066154219169612,-12.0,5.804712820485092,12.0,-2.583690910653361e-06,-0.0005754051278292504,-0.0005754050771677974,-0.001145744000116425,0.001723528713997915,0.0005754051278293396
3,0.0034016341751741883,-11.45740890303588,0.04384719777440799,-12.0,5.794475686651528,12.0,-2.584074138775202e-06,-0.0005750628488875873,-0.0005750628050405143,-0.001145740890303588,0.001723186641632599,0.0005750628488877121
3,0.003401834175174188,-11.45737290920639,0.03702838510855037,-12.0,5.784229402549872,12.0,-2.589191111630759e-06,-0.0005747201017439563,-0.0005747200647157471,-0.001145737290920639,0.001722848516253977,0.0005747201017441322
3,0.003402034175174188,-11.45733130759515,0.03020535233961523,-12.0,5.773973984360521,12.0,-2.590595496371204e-06,-0.0005743768632018411,-0.0005743768329967382,-0.001145733130759515,0.00172250580396948,0.0005743768632020907
3,0.003402234175174188,-11.45728270522804,0.02337857458556988,-12.0,5.763709448278123,12.0,-2.596963031228529e-06,-0.0005740330873688978,-0.0005740330639906808,-0.001145728270522804,0.001722167002592624,0.0005740330873692553
3,0.003402434175174188,-11.45722577327432,0.01654850559300313,-12.0,5.753435810511721,12.0,-2.599926357676425e-06,-0.0005736887304913535,-0.0005736887139433662,-0.001145722577327432,0.001721823575991951,0.0005736887304918718
3,0.003402634175174188,-11.45715825215393,0.009715909365900381,-12.0,5.74315308728491,12.0,-2.608251975667745e-06,-0.0005733437177911384,-0.0005733437080759916,-0.001145715825215393,0.001721483998614207,0.000573343717791901
3,0.003402834175174188,-11.45707756605241,0.002881655328464136,-12.0,5.732861294835455,12.0,-2.613724246101556e-06,-0.000572997963949556,-0.0005729979610690437,-0.001145707756605241,0.001721139721717016,0.0005729979639506992
3,0.003403034175174189,-11.45697960475193,-0.003952875621177397,-12.0,5.722560449415442,12.0,-2.625314382085765e-06,-0.000572651332501908,-0.0005726513364565376,-0.001145697960475193,0.001720799180302031,0.000572651332503662
3,0.003403234175174189,-11.45685895233397,-0.01078586734458925,-12.0,5.712250567291429,12.0,-2.635143908953901e-06,-0.0005723036434608296,-0.0005723036542494692,-0.001145685895233397,0.001720453787532462,0.0005723036434636019
3,0.003403434175174189,-11.45670695104972,-0.01761442309104124,-12.0,5.701931664744069,12.0,-2.652704167201108e-06,-0.0005719546087789606,-0.0005719546263979341,-0.001145670695104972,0.001720111896662176,0.0005719546087835111
3,0.003403634175174189,-11.45651053172008,-0.02443417563333155,-12.0,5.691603758068288,12.0,-2.671020378877966e-06,-0.0005716037933623163,-0.0005716038178043376,-0.001145651053172008,0.001719764809870345,0.000571603793370162
3,0.003403834175174189,-11.45624730898083,-0.03123765236040219,-12.0,5.68126686357329,12.0,-2.701192176959075e-06,-0.00057125045157893,-0.0005712504828310215,-0.001145624730898083,0.001719420665683964,0.0005712504515933693
3,0.0034040341751741887,-11.45587751251365,-0.03801158570566368,-12.0,5.670920997582471,12.0,-2.739427560849687e-06,-0.0005708932583288136,-0.0005708932963403992,-0.001145587751251365,0.001719070398191367,0.0005708932583288136
3,0.0034042341751741893,-11.45532080025984,-0.04472918426984601,-12.0,5.660566176433308,12.0,-2.803793027694456e-06,-0.0005705295360703155,-0.0005705295807994996,-0.001145532080025984,0.001718721396186257,0.0005705295360703155
3,0.003404434175174189,-11.4543903018556,-0.05132814744588048,-12.0,5.650202416477505,12.0,-2.90854368573908e-06,-0.0005701530563923385,-0.0005701531077204859,-0.00114543903018556,0.001718363039560275,0.0005701530563923386
3,0.003404634175174189,-11.45252777458333,-0.05762238465795527,-12.0,5.639829734080885,12.0,-3.132290205555563e-06,-0.0005697452118738841,-0.0005697452694962686,-0.001145252777458333,0.001717999548716936,0.0005697452118738841
3,0.0034047419813591183,-11.45048071167409,-0.06066993790207035,-12.0,5.634234842284558,12.0,-3.380855948983783e-06,-0.0005694904780186627,-0.0005694905386886009,-0.001145048071167409,0.001717792562040707,0.0005694904780186628
3,0.00340479509174387,-11.44880240016259,-0.0619486634361326,-12.0,5.631477585440463,12.0,-3.593057957635454e-06,-0.0005693426248851319,-0.000569342686836323,-0.001144880240016259,0.00171769104246585,0.0005693426248876595
3,0.003404840421811747,-11.44661344313619,-0.06278822760796669,-12.0,5.62912375227387,12.0,-3.861479411958753e-06,-0.0005691911979865915,-0.0005691912607764112,-0.001144661344313619,0.001717590837255915,0.0005691911979881836
3,0.0034048748254696193,-11.44410527490148,-0.0631433474373343,-12.0,5.627336984861264,12.0,-4.169042734187845e-06,-0.0005690480332294385,-0.0005690480963732073,-0.001144410527490148,0.001717505715031096,0.0005690480332298599
3,0.003404903584294475,-11.44101818013315,-0.06311018445630899,-12.0,5.625843182280269,12.0,-4.537764126332895e-06,-0.0005688953366736795,-0.0005688953997838422,-0.001144101818013316,0.001717414115399593,0.0005688953366736578
3,0.003404927829011517,-11.43722852505063,-0.06268661669492148,-12.0,5.624583710616767,12.0,-4.987212990262171e-06,-0.0005687270327317545,-0.0005687270954177855,-0.001143722852505063,0.001717317206251533,0.0005687270327311688
3,0.003404948750618018,-11.43252900896605,-0.06184474805104445,-12.0,5.623496763958979,12.0,-5.532192405063087e-06,-0.0005685341512023899,-0.0005685342130457504,-0.001143252900896605,0.001717200131840471,0.0005685341512010023
3,0.003404967217473206,-11.42665504849874,-0.06052643331745172,-12.0,5.622537269008863,12.0,-6.209090362008397e-06,-0.0005683063702392046,-0.0005683064307590647,-0.001142665504849875,0.001717062529847137,0.0005683063702326314
3,0.003404984207397306,-11.4191289675418,-0.05860630172979175,-12.0,5.621654445113196,12.0,-7.067624116943272e-06,-0.0005680260747138449,-0.0005680261332906005,-0.00114191289675418,0.001716888767917028,0.0005680260746842987
3,0.0034050009623356383,-11.4089604154705,-0.05579725403012359,-12.0,5.620783768717525,12.0,-8.237944964872162e-06,-0.0005676581024295743,-0.0005676581580720189,-0.00114089604154705,0.001716674839265561,0.0005676581022747648
3,0.0034050191558664972,-11.39413081273236,-0.05148441781582047,-12.0,5.619838264798272,12.0,-9.978679152346779e-06,-0.0005671322693285289,-0.0005671323197458272,-0.001139413081273236,0.001716407373828777,0.0005671322682614092
3,0.003405038584832612,-11.374027395497,-0.04545651201251677,-12.0,5.618828475164602,12.0,-1.244331574811516e-05,-0.0005664285022797856,-0.000566428544174224,-0.0011374027395497,0.001716158483159175,0.0005664284987177119
3,0.003405048313636262,-11.36275302890837,-0.04203552633620822,-12.0,5.618322804594611,12.0,-1.389698732214657e-05,-0.0005660358331384001,-0.0005660358751286082,-0.001136275302890837,0.001716092299298672,0.0005660358330930819
3,0.003405059924988085,-11.34884862277532,-0.03780311689941063,-12.0,5.617719258007378,12.0,-1.570360162278061e-05,-0.0005655522374965237,-0.0005655522752937957,-0.001134884862277533,0.001716025162541768,0.0005655522374906789
3,0.003405073342329012,-11.33287308359646,-0.03294294114342877,-12.0,5.617021800653673,12.0,-1.786488690756803e-05,-0.00056499647418065,-0.0005649965071226514,-0.001133287308359646,0.001716033424002561,0.0005649964741797102
3,0.003405087456011119,-11.31692297711914,-0.02811540283096381,-12.0,5.616288103159095,12.0,-2.004196092241341e-05,-0.0005644403506024844,-0.0005644403787144086,-0.001131692297711914,0.001716059631298866,0.0005644403505990058
3,0.0034051028175059632,-11.30115348747343,-0.02339134779931751,-12.0,5.615489488124259,12.0,-2.225369385026963e-05,-0.0005638880836077735,-0.0005638881069837056,-0.001130115348747343,0.001716142394783571,0.0005638880835923577
3,0.0034051216952578622,-11.28443055443994,-0.01847139640610118,-12.0,5.614507997896853,12.0,-2.459830326701157e-05,-0.000563297939477961,-0.0005632979579016919,-0.001128443055443994,0.001716224813792494,0.0005632979394302954
3,0.003405148859783983,-11.26533259937518,-0.01304709687264705,-12.0,5.613095523907649,12.0,-2.732216894395061e-05,-0.0005626142623205907,-0.0005626142751251266,-0.001126533259937518,0.001716355475611137,0.0005626142620780297
3,0.003405167416431549,-11.25529995125156,-0.01034622156771281,-12.0,5.612130539811993,12.0,-2.874161227023591e-05,-0.0005622476761592776,-0.0005622476864841922,-0.001125529995125156,0.001716405203555427,0.0005622476761379706
3,0.003405186850095734,-11.24681096717782,-0.008190356290663559,-12.0,5.611119867249352,12.0,-2.995430886860214e-05,-0.0005619310223569778,-0.0005619310305443577,-0.001124681096717782,0.001716452461066054,0.0005619310223540016
3,0.003405214055819785,-11.23753415891368,-0.006041440536092235,-12.0,5.609704858238297,12.0,-3.125703086695897e-05,-0.0005615746298832627,-0.0005615746359188796,-0.001123753415891369,0.001716471231519356,0.000561574629877439
3,0.003405239480851425,-11.23089302067687,-0.004709430537687798,-12.0,5.608382317437599,12.0,-3.219506140885939e-05,-0.0005613091747992822,-0.0005613091795069592,-0.001123089302067687,0.001716479779161562,0.0005613091747975286
3,0.003405270641199221,-11.22449298745926,-0.003656807481497104,-12.0,5.606761245939309,12.0,-3.30735438452889e-05,-0.0005610418053428403,-0.000561041808998888,-0.001122449298745926,0.001716450970919436,0.0005610418053420806
3,0.003405301384860863,-11.21940391857532,-0.003026858479265648,-12.0,5.605161641300174,12.0,-3.377707775347166e-05,-0.000560818818961595,-0.0005608188530048026,-0.001121940391857532,0.001716422583266375,0.000560818849977944
3,0.003405340802029023,-11.21390545539808,-0.002561504870925546,-12.0,5.603110444777602,12.0,-3.451057736835079e-05,-0.0005605671751888197,-0.0005605671975263578,-0.001121390545539808,0.001716354695989242,0.0005605671949648528
3,0.0034053829688344217,-11.20874496603999,-0.002304452156998593,-12.0,5.600915781739974,12.0,-3.520601188016642e-05,-0.000560322013933119,-0.0005603220256941493,-0.001120874496603999,0.001716289016024997,0.0005603220233896972
3,0.0034054389567749763,-11.20243553508924,-0.00214439063980354,-12.0,5.598001160141006,12.0,-3.603120349534531e-05,-0.0005600145500774501,-0.0005600145572224717,-0.001120243553508924,0.001716175892703231,0.000560014555078081
3,0.003405504046323096,-11.19543176575906,-0.002069337446717778,-12.0,5.594611856016081,12.0,-3.695871928465887e-05,-0.0005596681173895073,-0.0005596681214156173,-0.001119543176575906,0.001716056694626766,0.0005596681193462799
3,0.003405596482734337,-11.18567477524633,-0.00202694193569064,-12.0,5.58979695445021,12.0,-3.822846491004228e-05,-0.0005591823891403843,-0.000559182391665532,-0.001118567477524633,0.001715865136934003,0.00055918238963859
3,0.0034057211630238327,-11.1725935745612,-0.001998163902833916,-12.0,5.58329952144471,12.0,-3.994667953924596e-05,-0.000558529769401701,-0.0005585297705329181,-0.00111725935745612,0.001715622774391024,0.0005585297685347544
3,0.0034059211630238333,-11.15162997226087,-0.001963433580066454,-12.0,5.572869816126001,12.0,-4.267661973549747e-05,-0.0005574833249706138,-0.0005574833269340404,-0.001115162997226088,0.001715210157645641,0.0005574833249706067
3,0.003406121163023833,-11.13066738898487,-0.001934909772108195,-12.0,5.562431310485177,12.0,-4.5418263127317e-05,-0.0005564366220257399,-0.0005564366239606381,-0.001113066738898487,0.001714809086108826,0.0005564366220257287
3,0.003406321163023833,-11.10970182029375,-0.001911246685601498,-12.0,5.551984021006003,12.0,-4.814103561810203e-05,-0.0005553895267691672,-0.0005553895286804072,-0.001110970182029375,0.001714388449536086,0.0005553895267691605
3,0.003406521163023834,-11.08872902051254,-0.001891018106529252,-12.0,5.541527964186294,12.0,-5.087651240588686e-05,-0.0005543418982292866,-0.0005543419001203004,-0.001108872902051254,0.001713979258107623,0.0005543418982292824
3,0.0034067211630238337,-11.06774849711545,-0.001874048853139243,-12.0,5.53106315653753,12.0,-5.359389172968423e-05,-0.0005532937205390697,-0.0005532937224131158,-0.001106774849711546,0.001713550645363271,0.0005532937205390669
3,0.0034069211630238343,-11.04675689962408,-0.001859211089924706,-12.0,5.520589614585043,12.0,-5.632436841449158e-05,-0.0005522448825674987,-0.000552244884426708,-0.001104675689962408,0.001713133360288055,0.0005522448825674969
3,0.003407121163023834,-11.02575469736402,-0.001846650231663638,-12.0,5.510107354868014,12.0,-5.903727361260963e-05,-0.0005511954005099689,-0.000551195402356618,-0.001102575469736402,0.001712696797439239,0.0005511954005099677
3,0.003407321163023834,-11.00473923009982,-0.001835468503890603,-12.0,5.499616393939391,12.0,-6.176344902594777e-05,-0.0005501451862443289,-0.0005501451880797966,-0.001100473923009982,0.001712271444602398,0.0005501451862443282
3,0.003407521163023834,-10.98371136531869,-0.001825944022753045,-12.0,5.489116748365774,12.0,-6.447242688667476e-05,-0.0005490942702856178,-0.0005490942710647966,-0.001098371136531869,0.001711826954605367,0.0005490942692388528
3,0.003407721163023834,-10.9626689755734,-0.001817356590378072,-12.0,5.478608434727569,12.0,-6.719473135990625e-05,-0.0005480425800174888,-0.0005480425809491513,-0.00109626689755734,0.001711393559649999,0.0005480425791317947
3,0.003407921163023834,-10.94161304132071,-0.001810021960849006,-12.0,5.468091469618863,12.0,-6.990012917867244e-05,-0.0005469901498745262,-0.0005469901509679932,-0.001094161304132071,0.001710941162687385,0.0005469901491579713
3,0.003408121163023834,-10.92054167289898,-0.001803299179451656,-12.0,5.457565869647323,12.0,-7.261885615291244e-05,-0.0005459369175032574,-0.0005459369186859767,-0.001092054167289899,0.00171049974856835,0.0005459369168826774
3,0.003408321163023835,-10.89945608465104,-0.001797581943574933,-12.0,5.447031651434338,12.0,-7.532090042089781e-05,-0.0005448829238433256,-0.000544882925135373,-0.001089945608465104,0.001710039467630209,0.0005448829233377913
3,0.003408521163023835,-10.87835449326673,-0.00179226473054328,-12.0,5.436488831614903,12.0,-7.803623583797076e-05,-0.000543828110080442,-0.0005438281114268094,-0.001087835449326673,0.001709590056894861,0.0005438281096345446
3,0.003408721163023835,-10.8572381945446,-0.001787768371402709,-12.0,5.425937426837512,12.0,-8.073508611056157e-05,-0.0005427725198865201,-0.0005427725213086599,-0.00108572381945446,0.001709121913168854,0.0005427725195208914
3,0.003408921163023835,-10.83610552874059,-0.001783528513801258,-12.0,5.415377453764306,12.0,-8.34471636660429e-05,-0.0005417160985557723,-0.0005417161000113392,-0.001083610552874059,0.001708664528456749,0.0005417160982278107
3,0.003409121163023835,-10.81495781928737,-0.001779975181988469,-12.0,5.404808929070949,12.0,-8.614293168591677e-05,-0.000540658890695462,-0.0005406588922052689,-0.001081495781928737,0.00170818854276189,0.0005406588904252938
3,0.0034093211630238348,-10.79379350401507,-0.001776576530162721,-12.0,5.394231869446527,12.0,-8.88518479993522e-05,-0.000539600844843854,-0.0005396008463742454,-0.001079379350401507,0.00170772320644913,0.0005396008445976689
3,0.0034095211630238353,-10.77261391346115,-0.001773764932805566,-12.0,5.383646291593719,12.0,-9.154461469774652e-05,-0.0005385420058560508,-0.0005385420074264175,-0.001077261391346115,0.00170723939940759,0.0005385420056526524
3,0.003409721163023835,-10.75141756201958,-0.00177103404727097,-12.0,5.37305221222854,12.0,-9.425044104339683e-05,-0.0005374823248157204,-0.0005374823263986152,-0.001075141756201958,0.00170676613360371,0.0005374823246275812
3,0.003409921163023835,-10.73020577638598,-0.001768814949531183,-12.0,5.362449648080544,12.0,-9.694026636006964e-05,-0.000536421846458678,-0.0005364218480718224,-0.001073020577638598,0.001706274525669405,0.0005364218463030075
3,0.003410121163023836,-10.70897713272439,-0.001766621868939389,-12.0,5.351838615892569,12.0,-9.964305637051932e-05,-0.0005353605239222292,-0.0005353605255427727,-0.001070897713272439,0.001705793352235419,0.0005353605237761508
3,0.0034103211630238358,-10.68773294757082,-0.001764882477114593,-12.0,5.341219132420914,12.0,-0.0001023299855011546,-0.0005342984016106946,-0.0005342984032546854,-0.001068773294757082,0.00170529396370056,0.0005342984014898029
3,0.0034105211630238363,-10.66647184832028,-0.0017631280624264,-12.0,5.330591214435222,12.0,-0.0001050297802368955,-0.000533235434364801,-0.000533235436012893,-0.001066647184832029,0.001704804904262502,0.0005332354342497649
3,0.003410721163023836,-10.64519513770563,-0.001761781677757313,-12.0,5.319954878718365,12.0,-0.0001077138477680942,-0.0005321716661347242,-0.0005321716678013938,-0.001064519513770564,0.001704297755259598,0.0005321716660396123
3,0.003410921163023836,-10.62390148662542,-0.001760389094813242,-12.0,5.3093101420666,12.0,-0.0001104106791291193,-0.0005311070532078887,-0.0005311070548765305,-0.001062390148662542,0.00170380083121785,0.0005311070531161413
3,0.003411121163023836,-10.60259218199118,-0.001759368074971679,-12.0,5.298657021289451,12.0,-0.0001130919118500565,-0.00053004163901215,-0.0005300416406958103,-0.001060259218199118,0.001703285941719312,0.0005300416389364422
3,0.003411321163023836,-10.58126593237544,-0.001758276930244662,-12.0,5.287995533209585,12.0,-0.0001157858049248284,-0.0005289753810879987,-0.0005289753827722601,-0.001058126593237545,0.001702781174255708,0.0005289753810139831
3,0.003411521163023836,-10.55992400785655,-0.001757527793322389,-12.0,5.277325694663012,12.0,-0.0001184642237821512,-0.0005279083223065331,-0.0005279083240031612,-0.001055992400785655,0.001702258564074133,0.0005279083222456335
3,0.003411721163023837,-10.53856515016795,-0.001756690012182816,-12.0,5.266647522498801,12.0,-0.0001211551984993467,-0.0005268404213114325,-0.0005268404230077884,-0.001053856515016795,0.001701745974157176,0.0005268404212510983
3,0.003411921163023837,-10.51719061217201,-0.001756169963354814,-12.0,5.255961033579273,12.0,-0.000123830819984079,-0.0005257717204037196,-0.0005257717221104326,-0.001051719061217201,0.001701215662945121,0.0005257717203542627
3,0.003412121163023837,-10.49579916518734,-0.001755546838880129,-12.0,5.245266244779883,12.0,-0.0001265188922959237,-0.000524702179211525,-0.0005247021809174232,-0.001049579916518735,0.001700695271335595,0.0005247021791618764
3,0.003412321163023837,-10.4743920448707,-0.001755221262688345,-12.0,5.234563172989104,12.0,-0.0001291917294447484,-0.0005236318394656932,-0.0005236318411804005,-0.00104743920448707,0.001700157278585968,0.0005236318394251792
3,0.003412521163023837,-10.45296804923386,-0.001754781307025777,-12.0,5.223851835108576,12.0,-0.0001318769121895699,-0.0005225606616827707,-0.0005225606633963416,-0.001045296804923386,0.00169962910584176,0.0005225606616415603
3,0.003412721163023837,-10.4315283969821,-0.00175462192789233,-12.0,5.213132248052993,12.0,-0.0001345469753198658,-0.0005214886870315406,-0.0005214886887527105,-0.00104315283969821,0.001699083450887318,0.0005214886869980886
3,0.003412921163023837,-10.41007191043891,-0.001754339284049333,-12.0,5.202404428749986,12.0,-0.0001372292788605831,-0.0005204158768378827,-0.0005204158785577428,-0.001041007191043891,0.001698547517367754,0.0005204158768034036
3,0.0034131211630238373,-10.38859979175951,-0.001754322797498098,-12.0,5.191668394140278,12.0,-0.0001398965761176194,-0.0005193422717215999,-0.0005193422734481004,-0.001038859979175951,0.001697994219383547,0.0005193422716937776
3,0.003413321163023837,-10.3671108855863,-0.001754176049218792,-12.0,5.180924161177561,12.0,-0.0001425760088210673,-0.0005182678337517371,-0.0005182678354768541,-0.00103671108855863,0.001697450545253165,0.000518267833722678
3,0.003413521163023838,-10.34560637801176,-0.001754283089776987,-12.0,5.170171746828386,12.0,-0.0001452405465913881,-0.000517192603015111,-0.0005171926047460993,-0.001034560637801176,0.001696889623256537,0.0005171926029918163
3,0.003413721163023838,-10.32408513430546,-0.001754254358560914,-12.0,5.159411168072344,12.0,-0.0001479171151929359,-0.0005161165422677478,-0.000516116543997345,-0.001032408513430546,0.001696338228491023,0.0005161165422430905
3,0.003413921163023838,-10.30254832502967,-0.00175446871223528,-12.0,5.148642441901796,12.0,-0.0001505788984200729,-0.0005150396910810275,-0.0005150396928158719,-0.001030254832502967,0.00169576970134433,0.0005150396910614031
3,0.0034141211630238383,-10.28099483462748,-0.00175454296414479,-12.0,5.137865585322091,12.0,-0.0001532526083044966,-0.0005139620128496773,-0.0005139620145831666,-0.001028099483462748,0.001695210605732189,0.0005139620128286235
3,0.003414321163023838,-10.25942581868228,-0.001754850960888454,-12.0,5.127080615351297,12.0,-0.0001559116407333222,-0.0005128835466478452,-0.0005128835483860694,-0.001025942581868228,0.001694634492143576,0.0005128835466312186
3,0.003414521163023838,-10.23784017954763,-0.001755015468851706,-12.0,5.116287549020385,12.0,-0.0001585824961534005,-0.0005118042564670057,-0.0005118042582039391,-0.001023784017954763,0.001694067715292902,0.0005118042564489237
3,0.0034147211630238383,-10.21623905838145,-0.001755405509042962,-12.0,5.105486403373106,12.0,-0.000161238780521003,-0.0005107241809023762,-0.0005107241826436203,-0.001021623905838145,0.001693484033818415,0.0005107241808882149
3,0.003414921163023838,-10.19462137433973,-0.001755649431654849,-12.0,5.094677195465886,12.0,-0.0001639067847696088,-0.0005096432845053683,-0.0005096432862454036,-0.001019462137433973,0.001692909595158332,0.0005096432844897541
3,0.003415121163023838,-10.17298825469905,-0.001756111613625322,-12.0,5.083859942367971,12.0,-0.0001665603229561372,-0.0005085616054102806,-0.0005085616071542713,-0.001017298825469905,0.001692318364205025,0.0005085616053981596
3,0.003415321163023839,-10.15133863443764,-0.001756425662171157,-12.0,5.073034661161308,12.0,-0.000169225478503017,-0.0005074791086958999,-0.0005074791104387735,-0.001015133863443764,0.00169173628299113,0.000507479108682348
3,0.003415521163023839,-10.12967362747954,-0.001756951486549418,-12.0,5.062201368940434,12.0,-0.0001718762716519176,-0.0005063958320531201,-0.0005063958337996496,-0.001012967362747954,0.001691137520817843,0.0005063958320426984
3,0.0034157211630238393,-10.10799218375088,-0.0017573276596905,-12.0,5.051360082812626,12.0,-0.000174538580253375,-0.0005053117410590497,-0.0005053117428045592,-0.001010799218375087,0.001690547816136201,0.0005053117410472316
3,0.003415921163023839,-10.08629540433237,-0.001757909792869494,-12.0,5.040510819897785,12.0,-0.0001771866288680993,-0.0005042268729780648,-0.0005042268747269752,-0.001008629540433237,0.001689941540856554,0.0005042268729690655
3,0.003416121163023839,-10.06458225331365,-0.001758341163375921,-12.0,5.029653597328348,12.0,-0.0001798460916559649,-0.0005031411938595243,-0.0005031411956075136,-0.001006458225331365,0.0016893442316257,0.0005031411938491724
3,0.003416321163023839,-10.04285381941894,-0.001758973246963613,-12.0,5.018788432249291,12.0,-0.0001824913956784552,-0.0005020547405574273,-0.0005020547423085986,-0.001004285381941894,0.001688730461210874,0.0005020547405496255
3,0.003416521163023839,-10.02110908019315,-0.001759453789149656,-12.0,5.007915341818315,12.0,-0.00018514801323255,-0.0005009674795698523,-0.0005009674813202002,-0.001002110908019315,0.001688125566187693,0.0005009674795607465
3,0.003416721163023839,-9.99934911246878,-0.001760130285091144,-12.0,4.99703434320545,12.0,-0.0001877905721075074,-0.0004998794473558431,-0.0004998794491091845,-0.000999934911246878,0.001687504318467981,0.0004998794473490541
3,0.003416921163023839,-9.977572906602537,-0.001760654734336065,-12.0,4.986145453593219,12.0,-0.0001904443445154141,-0.0004987906108407968,-0.0004987906125934102,-0.0009977572906602538,0.001686891856249595,0.0004987906108327556
3,0.00341712116302384,-9.955781527976493,-0.001761370798498252,-12.0,4.975248690176789,12.0,-0.0001930841572432215,-0.0004977010061034572,-0.0004977010078588998,-0.0009955781527976493,0.001686263148917622,0.0004977010060975288
3,0.00341732116302384,-9.933973979173182,-0.001761934535782217,-12.0,4.964344070163572,12.0,-0.0001957350841497729,-0.0004966106004770632,-0.00049661060223187,-0.0009933973979173183,0.001685643137945281,0.0004966106004699355
3,0.00341752116302384,-9.912151314542683,-0.001762685914037831,-12.0,4.953431610773425,12.0,-0.0001983721493306334,-0.0004955194296739401,-0.0004955194314314323,-0.0009912151314542684,0.001685006988558335,0.0004955194296687463
3,0.00341772116302384,-9.890312548355798,-0.001763284870942794,-12.0,4.942511329238637,12.0,-0.0002010202299794622,-0.0004944274614172984,-0.0004944274631742427,-0.0009890312548355797,0.001684379447121409,0.0004944274614109579
3,0.00341792116302384,-9.868458724328072,-0.001764067813000203,-12.0,4.931583242803857,12.0,-0.0002036545458501682,-0.0004933347310662502,-0.0004933347328257536,-0.0009868458724328073,0.001683735873102776,0.0004933347310616857
3,0.0034181211630238397,-9.846588867924245,-0.001764698392784592,-12.0,4.920647368725962,12.0,-0.0002062997791184851,-0.0004922412067175333,-0.0004922412084765731,-0.0009846588867924244,0.001683100819341754,0.0004922412067118745
3,0.0034183211630238403,-9.824704012601021,-0.001765509580796465,-12.0,4.909703724274221,12.0,-0.0002089313435835599,-0.0004911469233895245,-0.0004911469251510113,-0.0009824704012601022,0.001682449837985267,0.0004911469233855018
3,0.00341852116302384,-9.802803194561188,-0.001766168592489237,-12.0,4.898752326730174,12.0,-0.0002115737280118657,-0.0004900518495373327,-0.000490051851298435,-0.0009802803194561187,0.001681807289894199,0.0004900518495322664
3,0.00341872116302384,-9.780887437358707,-0.001767005081195094,-12.0,4.88779319338751,12.0,-0.0002142025386699525,-0.0004889560198504259,-0.0004889560216138756,-0.0009780887437358709,0.001681148918365127,0.0004889560198468705
3,0.003418921163023841,-9.75895578751176,-0.00176768968450336,-12.0,4.876826341552229,12.0,-0.0002168420724872611,-0.0004878594031282227,-0.0004878594048913628,-0.000975895578751176,0.001680498893795845,0.0004878594031236732
3,0.0034191211630238407,-9.73700925900896,-0.001768548850985319,-12.0,4.865851788542514,12.0,-0.0002194681266537574,-0.0004867620337425002,-0.0004867620355078987,-0.0009737009259008961,0.00167983314913378,0.00048676203373935
3,0.0034193211630238413,-9.715046908291628,-0.001769256509728923,-12.0,4.854869551688656,12.0,-0.0002221048077993143,-0.0004856638808239355,-0.000485663882589095,-0.0009715046908291629,0.001679175665798782,0.0004856638808198385
3,0.003419521163023841,-9.693069740102075,-0.001770136011090884,-12.0,4.843879648333041,12.0,-0.0002247281025258008,-0.0004845649784372115,-0.0004845649802045492,-0.0009693069740102075,0.001678502564919859,0.0004845649784344132
3,0.003419721163023841,-9.671076820439575,-0.001770864453860987,-12.0,4.832882095830351,12.0,-0.0002273619286680129,-0.0004834652960321208,-0.0004834652977992857,-0.0009671076820439576,0.00167783764039553,0.0004834652960284213
3,0.003419921163023841,-9.64906914510314,-0.001771762191190351,-12.0,4.821876911547162,12.0,-0.0002299824607589762,-0.0004823648673763266,-0.0004823648691455975,-0.000964906914510314,0.001677157200095314,0.0004823648673738353
3,0.003420121163023841,-9.62704578930839,-0.001772509378002329,-12.0,4.810864112862098,12.0,-0.0002326134293117177,-0.0004812636622273594,-0.0004812636639965194,-0.000962704578930839,0.001676484851824145,0.0004812636622240101
3,0.003420321163023841,-9.605007740197966,-0.001773423465834867,-12.0,4.799843717165996,12.0,-0.0002352311953395386,-0.000480161714065406,-0.0004801617158366066,-0.0009605007740197966,0.001675797088779074,0.0004801617140631831
3,0.003420521163023841,-9.582954081885083,-0.001774187559441032,-12.0,4.788815741861504,12.0,-0.0002378593034765564,-0.0004790589929451342,-0.0004790589947162821,-0.0009582954081885083,0.001675117334073439,0.0004790589929420946
3,0.003420721163023842,-9.560885793127884,-0.001775116299673751,-12.0,4.777780204363268,12.0,-0.000240474299793958,-0.0004779555320682816,-0.0004779555338414105,-0.0009560885793127885,0.001674422264845044,0.0004779555320662942
3,0.003420921163023842,-9.53880196663752,-0.001775895641241476,-12.0,4.766737122097941,12.0,-0.0002430995444617362,-0.0004768513017766834,-0.000476851303549814,-0.0009538801966637521,0.001673735120888753,0.0004768513017739182
3,0.003421121163023842,-9.516703573046584,-0.001776837500554684,-12.0,4.755686512504085,12.0,-0.0002457117672134829,-0.0004757463350022445,-0.0004757463367773016,-0.0009516703573046585,0.001673032761923654,0.000475746335000464
3,0.003421321163023842,-9.494589713382634,-0.001777630588632118,-12.0,4.744628393032063,12.0,-0.0002483341451422066,-0.0004746406023645906,-0.0004746406041397001,-0.0009494589713382634,0.001672338245776395,0.0004746406023620695
3,0.003421521163023842,-9.472461350397968,-0.001778584179306542,-12.0,4.733562781144181,12.0,-0.0002509435902752211,-0.000473534136533947,-0.0004735341383109331,-0.0009472461350397968,0.001671628613410192,0.0004735341365323488
3,0.003421721163023842,-9.450317593171837,-0.001779389651623386,-12.0,4.722489694314588,12.0,-0.0002535630979890041,-0.0004724269083989245,-0.0004724269101760107,-0.0009450317593171837,0.00167092674200886,0.0004724269083966212
3,0.0034219211630238423,-9.42815939680975,-0.001780353714805116,-12.0,4.711409150029131,12.0,-0.0002561697612611519,-0.0004713189503758305,-0.0004713189521547473,-0.0009428159396809751,0.001670209852467908,0.0004713189503743936
3,0.003422121163023842,-9.40598587819244,-0.001781170332653126,-12.0,4.700321165785537,12.0,-0.0002587863950870295,-0.000470210233613928,-0.0004702102353929894,-0.0009405985878192441,0.001669500642630051,0.0004702102336118191
3,0.003422321163023843,-9.383797985000998,-0.00178214372385721,-12.0,4.689225759093276,12.0,-0.0002613902720754596,-0.0004691007902830075,-0.0004691007920638571,-0.0009383797985000998,0.001668776512033454,0.0004691007902817133
3,0.003422521163023843,-9.361594841681537,-0.001782970358410463,-12.0,4.678122947473449,12.0,-0.0002640040281515627,-0.0004679905917851206,-0.0004679905935661563,-0.0009361594841681538,0.001668059980459269,0.000467990591783186
3,0.003422721163023843,-9.339377388701992,-0.001783952035024239,-12.0,4.66701274845894,12.0,-0.0002666051142598685,-0.0004668796700505638,-0.0004668796718333484,-0.0009339377388701993,0.001667328624821218,0.0004668796700493964
3,0.0034229211630238433,-9.317144757850611,-0.001784787655417563,-12.0,4.655895179594303,12.0,-0.0002692159885427509,-0.0004657679967267501,-0.0004657679985097598,-0.0009317144757850612,0.001666604788096548,0.000465767996724972
3,0.003423121163023843,-9.294897882583879,-0.001785776665672145,-12.0,4.644770258435664,12.0,-0.0002718142790076039,-0.0004646556035111884,-0.0004646556052959104,-0.000929489788258388,0.001665866223328982,0.0004646556035101336
3,0.003423321163023843,-9.272635901820069,-0.001786620328713795,-12.0,4.633638002550762,12.0,-0.0002744222672789176,-0.0004635424622895848,-0.0004635424640745678,-0.0009272635901820069,0.001665135097927761,0.0004635424622879476
3,0.0034235211630238432,-9.250359742196572,-0.001787615802099296,-12.0,4.622498429518979,12.0,-0.0002770177571764232,-0.0004624286045330621,-0.0004624286063197237,-0.0009250359742196573,0.001664389339840699,0.0004624286045321078
3,0.003423721163023843,-9.228068549561025,-0.001788466643062758,-12.0,4.611351556931252,12.0,-0.0002796228550491914,-0.0004613140023589414,-0.0004613140041458981,-0.0009228068549561025,0.001663650942127282,0.0004613140023574316
3,0.003423921163023843,-9.205763243915094,-0.001789467781943888,-12.0,4.600197402389954,12.0,-0.0002822155392999126,-0.0004601986870180543,-0.0004601986888066575,-0.0009205763243915094,0.001662898006433933,0.0004601986870171898
3,0.003424121163023844,-9.18344297784457,-0.001790325006659099,-12.0,4.589035983509046,12.0,-0.0002848177422241638,-0.0004590826308529656,-0.0004590826326418955,-0.000918344297784457,0.001662152352664981,0.0004590826308515706
3,0.003424321163023844,-9.161108664890996,-0.00179133107881535,-12.0,4.577867317913966,12.0,-0.0002874076155987143,-0.0004579658649000625,-0.0004579658666906091,-0.0009161108664890997,0.001661392254980854,0.0004579658648992782
3,0.0034245211630238442,-9.138759464196628,-0.001792193956585031,-12.0,4.566691423241497,12.0,-0.0002900069188667698,-0.0004568483617210992,-0.0004568483635120021,-0.0009138759464196629,0.001660639361307781,0.0004568483617198082
3,0.003424721163023844,-9.116396283010252,-0.001793204288766947,-12.0,4.555508317139933,12.0,-0.0002925939759902685,-0.0004557301521435824,-0.0004557301539360743,-0.0009116396283010253,0.001659872117154237,0.00045573015214287
3,0.003424921163023844,-9.094018286857692,-0.001794072146111603,-12.0,4.544318017268957,12.0,-0.0002951903747414192,-0.0004546112089427034,-0.000454611210735579,-0.0009094018286857692,0.001659111999626539,0.0004546112089415069
3,0.003425121163023844,-9.071626376855418,-0.001795086118219658,-12.0,4.533120541299518,12.0,-0.0002977746100980561,-0.0004534915627424217,-0.00045349156453686,-0.0009071626376855418,0.001658337624432349,0.0004534915627417738
3,0.003425321163023844,-9.04921972474753,-0.001795958333439707,-12.0,4.521915906914023,12.0,-0.0003003680993232671,-0.0004523711865258568,-0.0004523711883207046,-0.0009049219724747531,0.001657570298998823,0.0004523711865247463
3,0.003425521163023844,-9.026799225671855,-0.001796975373415055,-12.0,4.510704131806052,12.0,-0.000302949507260189,-0.0004512501107185365,-0.0004512501125149221,-0.0009026799225671855,0.001656788808101939,0.0004512501107179467
3,0.003425721163023844,-9.00436405743316,-0.00179785137166899,-12.0,4.499485233680563,12.0,-0.0003055400818064019,-0.0004501283085062554,-0.0004501283103030746,-0.000900436405743316,0.00165601429061224,0.0004501283085052232
3,0.003425921163023845,-8.981915109337818,-0.001798870950961096,-12.0,4.488259230253759,12.0,-0.0003081186565377092,-0.0004490058101210094,-0.0004490058119193428,-0.0008981915109337818,0.001655225699262464,0.000449005810120472
3,0.003426121163023845,-8.959451565100663,-0.001799750199908523,-12.0,4.477026139252966,12.0,-0.0003107063111116026,-0.0004478825889462483,-0.0004478825907450377,-0.0008959451565100663,0.001654444005470768,0.0004478825889452875
3,0.003426321163023845,-8.936974308337486,-0.001800771829481906,-12.0,4.465785978416802,12.0,-0.0003132820467219716,-0.0004467586750251188,-0.0004467586768254003,-0.0008936974308337487,0.001653648328830082,0.0004467586750246284
3,0.003426521163023845,-8.914482528529321,-0.001801653835384442,-12.0,4.454538765495046,12.0,-0.0003158667758937084,-0.0004456340419339386,-0.0004456340437346968,-0.0008914482528529321,0.001652859474395973,0.0004456340419330431
3,0.003426721163023845,-8.89197710373683,-0.001802677062082481,-12.0,4.44328451824852,12.0,-0.0003184396663415412,-0.0004445087195315081,-0.0004445087213337374,-0.000889197710373683,0.001652056727542761,0.0004445087195310603
3,0.0034269211630238447,-8.869457229069017,-0.001803561366410467,-12.0,4.432023254449279,12.0,-0.0003210214645486265,-0.0004433826815824045,-0.0004433826833851304,-0.0008869457229069018,0.001651260728033677,0.0004433826815815689
3,0.0034271211630238453,-8.846923777161537,-0.001804585769719314,-12.0,4.420754991880332,12.0,-0.0003235915036696041,-0.0004422559577654145,-0.000442255959569591,-0.0008846923777161538,0.001650450925961278,0.0004422559577650052
3,0.003427321163023845,-8.824375948619156,-0.001805471946014769,-12.0,4.409479748335836,12.0,-0.0003261703652197995,-0.0004411285220289659,-0.0004411285238336572,-0.0008824375948619157,0.001649647796854836,0.0004411285220281851
3,0.003427521163023845,-8.801814610777498,-0.001806497135204754,-12.0,4.398197541620971,12.0,-0.0003287375467296155,-0.000440000403875992,-0.0004400004056821147,-0.0008801814610777498,0.001648830954476321,0.0004400004038756176
3,0.003427721163023846,-8.779238969610242,-0.001807384786304045,-12.0,4.386908389551818,12.0,-0.0003313134658043532,-0.0004388715774345427,-0.000438871579241197,-0.0008779238969610243,0.001648020711161324,0.0004388715774338122
3,0.0034279211630238457,-8.75664988727293,-0.001808410397872162,-12.0,4.375612309955553,12.0,-0.0003338777833017531,-0.0004377420720356854,-0.0004377420738437529,-0.000875664988727293,0.00164719684331005,0.0004377420720353426
3,0.0034281211630238463,-8.734046574986502,-0.001809299153396449,-12.0,4.364309320670164,12.0,-0.0003364507539591333,-0.0004366118619830402,-0.0004366118637916553,-0.0008734046574986503,0.001646379501089146,0.000436611861982356
3,0.003428321163023846,-8.711429889841972,-0.001810324848729117,-12.0,4.352999439544644,12.0,-0.0003390122009286622,-0.0004354809764396514,-0.0004354809782496622,-0.0008711429889841972,0.001645548622519311,0.0004354809764393373
3,0.003428521163023846,-8.688799048190575,-0.00181121436284748,-12.0,4.341682684438873,12.0,-0.000341582217106326,-0.0004343493898808136,-0.0004343493916913864,-0.0008688799048190575,0.00164472419661077,0.0004343493898801721
3,0.003428721163023846,-8.666154902170117,-0.001812239826115114,-12.0,4.330359073223487,12.0,-0.0003441407869208962,-0.0004332171313052483,-0.0004332171331172001,-0.0008666154902170118,0.001643886322001187,0.0004332171313049603
3,0.003428921163023846,-8.643496673149382,-0.001813129775564359,-12.0,4.319028623780047,12.0,-0.0003467078424386622,-0.0004320841753561632,-0.0004320841771686909,-0.0008643496673149383,0.001643054827540569,0.0004320841753555611
3,0.003429121163023846,-8.620825208420356,-0.001814154711814009,-12.0,4.30769135400091,12.0,-0.0003492635283620649,-0.0004309505508715367,-0.0004309505526854271,-0.0008620825208420356,0.001642209971494779,0.0004309505508712724
3,0.003429321163023846,-8.598139734261188,-0.001815044794025056,-12.0,4.296347281789108,12.0,-0.000351827616924788,-0.0004298162326588791,-0.0004298162344733582,-0.0008598139734261189,0.001641371423536375,0.0004298162326583134
3,0.003429521163023847,-8.57544109322108,-0.001816068927559034,-12.0,4.284996425058512,12.0,-0.0003543804121142191,-0.0004286812493988498,-0.0004286812512146761,-0.000857544109322108,0.001640519600584867,0.0004286812493986071
3,0.003429721163023847,-8.55272851638351,-0.00181695885897204,-12.0,4.273638801733708,12.0,-0.0003569415273140808,-0.0004275455760598001,-0.0004275455778762269,-0.0008552728516383511,0.001639674014104586,0.000427545576059268
3,0.003429921163023847,-8.530002841654616,-0.001817981931748314,-12.0,4.262274429749866,12.0,-0.0003594914248222364,-0.0004264092411683845,-0.0004264092429861433,-0.0008530002841654616,0.001638815238706237,0.0004264092411681615
3,0.003430121163023847,-8.507263304822471,-0.001818871446404025,-12.0,4.250903327052916,12.0,-0.0003620495601415197,-0.0004252722198504329,-0.0004252722216688034,-0.0008507263304822471,0.001637962628601164,0.000425272219849932
3,0.003430321163023847,-8.484510739246543,-0.001819893216619128,-12.0,4.239525511599411,12.0,-0.0003645965529190109,-0.0004241345404818081,-0.0004241345423014963,-0.0008484510739246543,0.001637096915144687,0.0004241345404816031
3,0.0034305211630238468,-8.461744385322715,-0.00182078206472891,-12.0,4.228141001356444,12.0,-0.0003671517017319742,-0.0004229961783425894,-0.0004229961801628994,-0.0008461744385322716,0.001636237296237408,0.0004229961783421173
3,0.0034307211630238473,-8.438965071956318,-0.001821802305639775,-12.0,4.216749814301677,12.0,-0.0003696957826294506,-0.0004218571616609203,-0.0004218571634825339,-0.0008438965071956319,0.001635364659043015,0.0004218571616607317
3,0.003430921163023847,-8.416172044057646,-0.001822690252358594,-12.0,4.205351968423383,12.0,-0.0003722479382050198,-0.0004207174658680194,-0.0004207174676902644,-0.0008416172044057647,0.001634498046081068,0.0004207174658675742
3,0.003431121163023848,-8.393366126167951,-0.001823708751027997,-12.0,4.193947481720347,12.0,-0.000374789099975209,-0.0004195771190473109,-0.0004195771208708462,-0.0008393366126167952,0.001633618499402023,0.0004195771190471375
3,0.003431321163023848,-8.370546567621512,-0.001824595575368626,-12.0,4.182536372201747,12.0,-0.0003773382554788929,-0.0004184360967781318,-0.0004184360986023071,-0.0008370546567621512,0.001632744907060668,0.0004184360967777116
3,0.0034315211630238478,-8.34771418868197,-0.001825612131699739,-12.0,4.171118657887314,12.0,-0.0003798764907785301,-0.0004172944270020612,-0.0004172944288275135,-0.000834771418868197,0.001631858465084179,0.0004172944270019015
3,0.0034317211630238483,-8.324868243020687,-0.001826497625438961,-12.0,4.15969435680721,12.0,-0.0003824226392746266,-0.000416152085443662,-0.0004161520872697624,-0.0008324868243020687,0.00163097790796829,0.0004161520854432649
3,0.003431921163023848,-8.302009546707616,-0.001827512051190805,-12.0,4.148263487001901,12.0,-0.0003849579406665221,-0.0004150090999054563,-0.0004150091017328213,-0.0008302009546707616,0.001630084584817504,0.0004150090999053092
3,0.003432121163023848,-8.279137357666622,-0.001828396018018097,-12.0,4.136826066522323,12.0,-0.0003875010751203528,-0.0004138654462544098,-0.0004138654480824302,-0.0008279137357666622,0.001629197077461009,0.0004138654462540341
3,0.0034323211630238482,-8.256252487855358,-0.001829408135894273,-12.0,4.125382113429757,12.0,-0.0003900334350751405,-0.0004127211521567007,-0.0004127211539859732,-0.0008256252487855359,0.001628296887196456,0.0004127211521565652
3,0.003432521163023848,-8.23335419936878,-0.001830290390501421,-12.0,4.113931645795733,12.0,-0.0003925735483545217,-0.0004115761936189791,-0.000411576195448914,-0.000823335419936878,0.001627402444066783,0.0004115761936186236
3,0.003432721163023848,-8.210443300130432,-0.001831300033450223,-12.0,4.102474681702041,12.0,-0.0003951029592526301,-0.0004104305981736741,-0.0004104306000048491,-0.0008210443300130433,0.001626495400687711,0.0004104305981735491
3,0.003432921163023849,-8.18751905632765,-0.001832180400736849,-12.0,4.091011239240917,12.0,-0.0003976400441303984,-0.000409284341964502,-0.0004092843437963457,-0.000818751905632765,0.001625594036184785,0.0004092843419641654
3,0.003433121163023849,-8.16458227192635,-0.001833187411107939,-12.0,4.079541336514638,12.0,-0.0004001664982636877,-0.0004081374523926899,-0.0004081374542257621,-0.000816458227192635,0.001624680153629487,0.0004081374523925746
3,0.0034333211630238492,-8.14163221712937,-0.001834065725564216,-12.0,4.068064991635682,12.0,-0.0004027005474190881,-0.0004069899057364439,-0.0004069899075701903,-0.0008141632217129371,0.001623771882088954,0.0004069899057361246
3,0.003433521163023849,-8.118669692018708,-0.001835069954507773,-12.0,4.056582222726893,12.0,-0.000405224036992835,-0.0004058417292682465,-0.00040584173110321,-0.0008118669692018708,0.001622851174237661,0.0004058417292681401
3,0.003433721163023849,-8.095693970739257,-0.001835946059402627,-12.0,4.045093047921064,12.0,-0.000407755043013408,-0.0004046928993983494,-0.0004046929012339927,-0.0008095693970739257,0.001621936009931435,0.0004046928993980467
3,0.003433921163023849,-8.072705849560165,-0.001836947366312014,-12.0,4.033597485361141,12.0,-0.0004102755601474717,-0.0004035434432728434,-0.0004035434451096927,-0.0008072705849560166,0.001621008490606424,0.0004035434432727452
3,0.003434121163023849,-8.04970460649646,-0.001837821113201077,-12.0,4.022095553200217,12.0,-0.000412803515531468,-0.0004023933374316293,-0.000402393339269163,-0.000804970460649646,0.001620086447743252,0.0004023933374313417
3,0.0034343211630238494,-8.026691034074304,-0.001838819365008515,-12.0,4.010587269601445,12.0,-0.0004153210522622464,-0.000401242608896736,-0.0004012426107354648,-0.0008026691034074304,0.001619152130711177,0.0004012426088966453
3,0.003434521163023849,-8.003664414109156,-0.001839690613173683,-12.0,3.999072652737911,12.0,-0.0004178459494192099,-0.0004000912343353815,-0.0004000912361747991,-0.0008003664414109157,0.001618223223440074,0.0004000912343351085
3,0.00343472116302385,-7.980625535451193,-0.001840685683959453,-12.0,3.9875517207928,12.0,-0.0004203604977014719,-0.0003989392406477597,-0.0003989392424883617,-0.0007980625535451193,0.001617282122411745,0.000398939240647676
3,0.00343492116302385,-7.957573683649112,-0.001841554299830239,-12.0,3.976024491959268,12.0,-0.0004228823289547934,-0.0003977866046261694,-0.0003977866064674642,-0.0007957573683649113,0.001616346364821664,0.0003977866046259098
3,0.00343512116302385,-7.93450964394245,-0.001842546070297768,-12.0,3.964490984440317,12.0,-0.0004253938806627611,-0.0003966333530511387,-0.0003966333548936076,-0.000793450964394245,0.001615398493455045,0.0003966333530510616
3,0.0034353211630238504,-7.911432705547372,-0.001843411927068939,-12.0,3.952951216448964,12.0,-0.0004279126382510379,-0.0003954794628378501,-0.0003954794646810152,-0.0007911432705547373,0.001614455899576372,0.0003954794628376033
3,0.00343552116302385,-7.888343650156442,-0.001844400284073178,-12.0,3.941405206208109,12.0,-0.0004304211851799411,-0.0003943249606492895,-0.0003943249624936184,-0.0007888343650156443,0.001613501271476359,0.0003943249606492182
3,0.00343572116302385,-7.865241770589742,-0.001845263261217145,-12.0,3.929852971950413,12.0,-0.0004329368612585593,-0.0003931698235213981,-0.0003931698253664263,-0.0007865241770589743,0.001612551855283029,0.0003931698235211631
3,0.0034359211630238503,-7.842127845054221,-0.001846248097443937,-12.0,3.918294531918463,12.0,-0.0004354423951264952,-0.0003920140780016566,-0.0003920140798478388,-0.0007842127845054222,0.001611590484002778,0.0003920140780015907
3,0.00343612116302385,-7.819001169912322,-0.001847108080287985,-12.0,3.906729904364648,12.0,-0.0004379549817690176,-0.0003908577012447173,-0.0003908577030916017,-0.0007819001169912322,0.001610634259413268,0.0003908577012444937
3,0.00343632116302385,-7.795862519945362,-0.001848089293818855,-12.0,3.895159107551059,12.0,-0.0004404574942180606,-0.0003897007196845487,-0.0003897007215325772,-0.0007795862519945362,0.001609666158456258,0.0003897007196844878
3,0.003436521163023851,-7.772711194997718,-0.00184894617326492,-12.0,3.883582159749499,12.0,-0.0004429669834180583,-0.0003885431105924897,-0.0003885431124412227,-0.0007772711194997718,0.001608703139333645,0.0003885431105922765
3,0.003436721163023851,-7.749547966483501,-0.001849923667223141,-12.0,3.87199907924168,12.0,-0.0004454664660157315,-0.0003873849002909465,-0.0003873849021408139,-0.0007749547966483502,0.001607728322154056,0.0003873849002908903
3,0.0034369211630238513,-7.726372137671009,-0.001850777339288179,-12.0,3.860409884318799,12.0,-0.0004479728496880608,-0.0003862260661660122,-0.0003862260680165861,-0.000772637213767101,0.001606758522308849,0.0003862260661658088
3,0.003437121163023851,-7.703184476663362,-0.001851751021615389,-12.0,3.848814593281748,12.0,-0.0004504692939286958,-0.0003850666344303883,-0.0003850666362820873,-0.0007703184476663363,0.001605777002312736,0.0003850666344303364
3,0.003437321163023851,-7.679984290095828,-0.001852601387197339,-12.0,3.837213224441104,12.0,-0.0004529725639109694,-0.0003839065825830242,-0.0003839065844354316,-0.0007679984290095828,0.00160480043550304,0.0003839065825828302
3,0.003437521163023851,-7.656772342816156,-0.001853571170213453,-12.0,3.825605796117046,12.0,-0.0004554659612172052,-0.000382745936728774,-0.0003827459385822972,-0.0007656772342816157,0.001603812226049772,0.000382745936728726
3,0.003437721163023851,-7.633547944771186,-0.001854418134793256,-12.0,3.813992326639222,12.0,-0.0004579661092711795,-0.0003815846744775868,-0.0003815846763318196,-0.0007633547944771186,0.001602828905982789,0.0003815846744774015
3,0.003437921163023851,-7.610311857606652,-0.001855383935045918,-12.0,3.802372834346918,12.0,-0.0004604564509949893,-0.0003804228218282408,-0.0003804228236835803,-0.0007610311857606652,0.001601834020385717,0.0003804228218281964
3,0.003438121163023851,-7.587063394527456,-0.001856227408348676,-12.0,3.790747337588931,12.0,-0.0004629534688081471,-0.0003792603564999048,-0.0003792603583559553,-0.0007587063394527456,0.001600843960719078,0.0003792603564997279
3,0.003438321163023852,-7.563803314029596,-0.00185718914631039,-12.0,3.779115854723441,12.0,-0.0004654407462322818,-0.0003780973043870162,-0.0003780973062441643,-0.0007563803314029596,0.001599842412246588,0.0003780973043869752
3,0.003438521163023852,-7.540530932523373,-0.001858029042142384,-12.0,3.767478404118183,12.0,-0.0004679346254189143,-0.0003769336433162016,-0.0003769336451740616,-0.0007540530932523374,0.001598845626588963,0.0003769336433160325
3,0.003438721163023852,-7.517247005406175,-0.001858986641941396,-12.0,3.755835004150309,12.0,-0.0004704188297583733,-0.0003757693990792629,-0.0003757694009382117,-0.0007517247005406175,0.001597837428465809,0.000375769399079225
3,0.003438921163023852,-7.493950852242699,-0.001859822877898765,-12.0,3.744185673206273,12.0,-0.000472909561860968,-0.0003746045496085789,-0.00037460455146824,-0.0007493950852242698,0.001596833930378405,0.0003746045496084172
3,0.003439121163023852,-7.470643225381054,-0.001860776267182729,-12.0,3.732530429681991,12.0,-0.0004753906842636935,-0.0003734391205949523,-0.0003734391224556936,-0.0007470643225381055,0.001595819095786932,0.0003734391205949174
3,0.0034393211630238518,-7.447323447490838,-0.001861608764409439,-12.0,3.720869291982718,12.0,-0.0004778782607544885,-0.0003722730900748673,-0.0003722730919363215,-0.0007447323447490839,0.001594808898784106,0.0003722730900747127
3,0.0034395211630238523,-7.423992267919247,-0.001862557874087845,-12.0,3.709202278522914,12.0,-0.0004803562923032245,-0.0003711064836397324,-0.0003711064855022579,-0.0007423992267919247,0.001593787440864358,0.0003711064836397001
3,0.003439721163023852,-7.400649012392057,-0.001863386557141133,-12.0,3.697529407726452,12.0,-0.0004828407045850136,-0.0003699392794285073,-0.0003699392812917458,-0.0007400649012392057,0.001592770558415391,0.0003699392794283593
3,0.003439921163023852,-7.37729442730283,-0.001864331321185908,-12.0,3.685850698026323,12.0,-0.0004853156362979172,-0.0003687715029347807,-0.0003687715047990823,-0.0007377294427302831,0.001591742490266834,0.0003687715029347509
3,0.003440121163023853,-7.353927841386269,-0.001865156117802247,-12.0,3.67416616786487,12.0,-0.0004877968757057982,-0.0003676031323984088,-0.0003676031342634233,-0.0007353927841386269,0.001590718935796265,0.0003676031323982672
3,0.0034403211630238528,-7.330549998128219,-0.001866096473100765,-12.0,3.662475835693494,12.0,-0.0004902686985379379,-0.0003664341932166869,-0.0003664341950827559,-0.0007330549998128219,0.001589684270478287,0.0003664341932166595
3,0.0034405211630238533,-7.307160229226159,-0.001866917314031546,-12.0,3.650779719972859,12.0,-0.0004927467563400068,-0.0003652646637288249,-0.0003652646655956064,-0.000730716022922616,0.001588654057367633,0.0003652646637286891
3,0.003440721163023853,-7.283759275303175,-0.001867853200195668,-12.0,3.639077839172762,12.0,-0.0004952154611845838,-0.0003640945692373212,-0.000364094571105149,-0.0007283759275303175,0.001587612807900707,0.0003640945692372958
3,0.003440921163023853,-7.260346470974516,-0.001868670019037122,-12.0,3.627370211772002,12.0,-0.0004976903285835999,-0.000362923888179234,-0.0003629238900477739,-0.0007260346470974517,0.0015865759494888,0.0003629238881791039
3,0.003441121163023853,-7.236922554044045,-0.001869601378303276,-12.0,3.615656856258554,12.0,-0.0005001559062726424,-0.0003617526457637092,-0.0003617526476332871,-0.0007236922554044045,0.00158552812885554,0.0003617526457636858
3,0.003441321163023853,-7.213486862001072,-0.001870414111302399,-12.0,3.603937791129441,12.0,-0.0005026275744069442,-0.000360580820524199,-0.0003605808223944885,-0.0007213486862001072,0.001584484638439576,0.0003605808205240744
3,0.003441521163023853,-7.190040129873038,-0.001871340888342399,-12.0,3.592213034890597,12.0,-0.0005050900157127225,-0.0003594084375779155,-0.0003594084394492348,-0.0007190040129873039,0.001583430259585461,0.0003594084375778939
3,0.003441721163023854,-7.166581697980154,-0.001872149474334339,-12.0,3.58048260605708,12.0,-0.0005075584756574769,-0.000358235475553261,-0.000358235477425291,-0.0007166581697980154,0.001582380150422225,0.0003582354755531415
3,0.003441921163023854,-7.143112298615312,-0.001873071616111499,-12.0,3.568746523152773,12.0,-0.0005100177712935305,-0.0003570619594769083,-0.00035706196134996,-0.0007143112298615313,0.001581319226256539,0.0003570619594768884
3,0.003442121163023854,-7.119631274887707,-0.001873875996339258,-12.0,3.557004804710584,12.0,-0.000512483014061843,-0.0003558878680708072,-0.0003558878699445684,-0.0007119631274887708,0.001580262511563069,0.0003558878680706924
3,0.003442321163023854,-7.096139356396503,-0.001874793451996482,-12.0,3.545257469272323,12.0,-0.0005149391546839799,-0.0003547132262724503,-0.0003547132281472254,-0.0007096139356396504,0.001579195054959404,0.000354713226272432
3,0.003442521163023854,-7.072635888998967,-0.00187559356998479,-12.0,3.533504535388571,12.0,-0.0005174011712279214,-0.0003535380128959657,-0.0003535380147714491,-0.0007072635888998967,0.001578131747914269,0.0003535380128958555
3,0.003442721163023854,-7.049121599640126,-0.00187650629076952,-12.0,3.521746021618847,12.0,-0.0005198541474352447,-0.0003523622527909785,-0.0003523622546674679,-0.0007049121599640127,0.001577057771712242,0.0003523622527909616
3,0.003442921163023854,-7.025595836885516,-0.001877302092170297,-12.0,3.509981946531482,12.0,-0.0005223129286469619,-0.000351185924862471,-0.0003511859267396673,-0.0007025595836885517,0.00157598788545632,0.0003511859248623652
3,0.0034431211630238543,-7.002059325065033,-0.001878210031283967,-12.0,3.498212328703491,12.0,-0.0005247627309830916,-0.0003500090538734929,-0.0003500090557516875,-0.0007002059325065033,0.001574907402460912,0.0003500090538734775
3,0.003443321163023854,-6.978511415413109,-0.001879001463844787,-12.0,3.486437186720772,12.0,-0.0005272182676959447,-0.0003488316188185634,-0.0003488316206974632,-0.000697851141541311,0.001573830950097832,0.0003488316188184617
3,0.003443521163023855,-6.954952829682689,-0.001879904576322033,-12.0,3.474656539177816,12.0,-0.0005296648866496001,-0.0003476536443754281,-0.0003476536462553184,-0.000695495282968269,0.001572743973082324,0.0003476536443754138
3,0.003443721163023855,-6.931382921738867,-0.00188069158973958,-12.0,3.462870404677907,12.0,-0.0005321171696392735,-0.0003464751096268624,-0.0003464751115074564,-0.0006931382921738867,0.0015716609676798,0.0003464751096267647
3,0.003443921163023855,-6.907802410794904,-0.001881589832373631,-12.0,3.451078801832994,12.0,-0.0005345605956456057,-0.0003452960391665499,-0.0003452960410481265,-0.0006907802410794905,0.001570567509384446,0.0003452960391665367
3,0.0034441211630238553,-6.884210653309141,-0.001882372378192443,-12.0,3.439281749263559,12.0,-0.0005370096156309123,-0.000344116412164269,-0.0003441164140465474,-0.0006884210653309141,0.001569477963975052,0.0003441164121641751
3,0.003444321163023855,-6.860608365991384,-0.001883265709473392,-12.0,3.427479265598826,12.0,-0.0005394498390723645,-0.000342936253130842,-0.0003429362550140955,-0.0006860608365991384,0.001568378037109464,0.0003429362531308299
3,0.003444521163023855,-6.836994907856736,-0.001884043740980168,-12.0,3.41567136947646,12.0,-0.0005418955867163011,-0.0003417555413218344,-0.0003417555432057878,-0.0006836994907856737,0.001567281964691303,0.0003417555413217441
3,0.0034447211630238552,-6.813370993147165,-0.001884932120990168,-12.0,3.403858079542776,12.0,-0.000544332597923608,-0.0003405743011663877,-0.0003405743030513088,-0.0006813370993147166,0.001566175581934115,0.0003405743011663766
3,0.003444921163023855,-6.789735983398728,-0.001885705593136944,-12.0,3.392039414452602,12.0,-0.0005467750638344648,-0.0003393925120046609,-0.0003393925138902796,-0.0006789735983398728,0.001565072995472094,0.000339392512004574
3,0.003445121163023855,-6.766090590420464,-0.001886588983455173,-12.0,3.380215392869159,12.0,-0.0005492088530874573,-0.0003382101981852717,-0.0003382102000718504,-0.0006766090590420464,0.001563960169472078,0.0003382101981852615
3,0.003445321163023856,-6.742434178234084,-0.001887357852826455,-12.0,3.368386033464224,12.0,-0.0005516480278198732,-0.0003370273391317888,-0.0003370273410190629,-0.0006742434178234084,0.001562851081897909,0.000337027339131705
3,0.003445521163023856,-6.718767456250031,-0.001888236216433636,-12.0,3.356551354918003,12.0,-0.0005540785853483665,-0.0003358439591134529,-0.0003358439610016799,-0.0006718767456250031,0.001561731825275192,0.0003358439591134436
3,0.0034457211630238562,-6.695089790941375,-0.001889000441120725,-12.0,3.344711375919001,12.0,-0.0005565144594039673,-0.0003346600376360928,-0.0003346600395250127,-0.0006695089790941376,0.001560616249488833,0.0003346600376360122
3,0.003445921163023856,-6.671401889353081,-0.001889873742404458,-12.0,3.332866115164197,12.0,-0.0005589417753888992,-0.0003334755988906686,-0.0003334756007805338,-0.0006671401889353081,0.001559490574835287,0.0003334755988906601
3,0.003446121163023856,-6.647703120376187,-0.001890633281904197,-12.0,3.321015591358905,12.0,-0.0005613743392175186,-0.0003322906224641585,-0.0003322906243547141,-0.0006647703120376188,0.001558368523705389,0.0003322906224640809
3,0.003446321163023856,-6.623994188723006,-0.001891501486533276,-12.0,3.309159823216689,12.0,-0.0005637984037915045,-0.00033110513247033,-0.0003311051343618236,-0.0006623994188723006,0.001557236443584797,0.0003311051324703222
3,0.003446521163023856,-6.600274465669187,-0.001892256301783135,-12.0,3.297298829459356,12.0,-0.0005662276477920725,-0.0003299191085761886,-0.0003299191104683702,-0.0006600274465669187,0.001556107929949591,0.0003299191085761139
3,0.003446721163023856,-6.576544653626625,-0.001893119376632946,-12.0,3.285432628817169,12.0,-0.0005686484510405987,-0.0003287325748193873,-0.0003287325767124996,-0.0006576544653626625,0.001554969456899258,0.0003287325748193802
3,0.003446921163023856,-6.552804126223673,-0.001893869429820061,-12.0,3.273561240028412,12.0,-0.0005710743655617523,-0.0003275455109458953,-0.0003275455128396927,-0.0006552804126223673,0.001553834493567552,0.0003275455109458232
3,0.003447121163023857,-6.52905358360277,-0.00189472734301166,-12.0,3.261684681839594,12.0,-0.0005734918975238146,-0.0003263579409182672,-0.0003263579428129879,-0.0006529053583602771,0.001552689640098359,0.0003263579409182606
3,0.003447321163023857,-6.505292401713173,-0.001895472597603476,-12.0,3.249802973005455,12.0,-0.0005759144728651744,-0.0003251698445603752,-0.0003251698464557785,-0.0006505292401713174,0.001551548239849598,0.0003251698445603059
3,0.003447521163023857,-6.481521278459141,-0.001896325318299308,-12.0,3.237916132288869,12.0,-0.0005783287235341383,-0.0003239812457607228,-0.0003239812476570421,-0.0006481521278459141,0.001550397018446892,0.0003239812457607168
3,0.003447721163023857,-6.457739592079667,-0.001897065738975634,-12.0,3.226024178460713,12.0,-0.0005807479499470858,-0.0003227921244200358,-0.0003227921263170346,-0.0006457739592079667,0.001549249194032376,0.0003227921244199689
3,0.003447921163023857,-6.433948038270707,-0.001897913237454585,-12.0,3.214127130300039,12.0,-0.0005831589092714917,-0.0003216025043537548,-0.0003216025062516626,-0.0006433948038270707,0.001548091617157243,0.0003216025043537493
3,0.0034481211630238567,-6.410145997530853,-0.001898648789997459,-12.0,3.202225006593942,12.0,-0.0005855747769599184,-0.0003204123655384585,-0.0003204123674370428,-0.0006410145997530853,0.001546937381300462,0.0003204123655383939
3,0.0034483211630238573,-6.386334163377351,-0.001899491037554046,-12.0,3.190317826137434,12.0,-0.0005879824348445362,-0.0003192217317175038,-0.0003192217336169899,-0.0006386334163377351,0.001545773461388789,0.0003192217317174988
3,0.003448521163023857,-6.362511918538286,-0.001900221688875714,-12.0,3.178405607733612,12.0,-0.0005903949339656211,-0.0003180305829423109,-0.0003180305848424705,-0.0006362511918538286,0.001544612826787028,0.0003180305829422489
3,0.003448721163023857,-6.338679954381452,-0.001901058657739707,-12.0,3.166488370193529,12.0,-0.0005927992802718662,-0.0003168389428851314,-0.0003168389447861857,-0.0006338679954381452,0.001543442576251719,0.0003168389428851269
3,0.003448921163023858,-6.31483765583518,-0.001901784375790694,-12.0,3.154566132336061,12.0,-0.0005952084009372138,-0.0003156467916712452,-0.0003156467935729695,-0.000631483765583518,0.00154227555557529,0.0003156467916711851
3,0.0034491211630238577,-6.290985712145983,-0.001902616039165306,-12.0,3.142638912988083,12.0,-0.0005976094254841746,-0.000314454152902729,-0.0003144541548053409,-0.0006290985712145983,0.001541098986806266,0.0003144541529027249
3,0.0034493211630238583,-6.267123510413979,-0.001903336792856702,-12.0,3.130706730984337,12.0,-0.0006000151577603696,-0.0003132610067777772,-0.0003132610086810561,-0.000626712351041398,0.001539925592700275,0.0003132610067777193
3,0.003449521163023858,-6.243251737792391,-0.001904163124821778,-12.0,3.118769605167332,12.0,-0.0006024128503256121,-0.000312067376829219,-0.0003120673787333784,-0.0006243251737792391,0.001538742718064756,0.0003120673768292154
3,0.003449721163023858,-6.219369783524521,-0.00190487888407942,-12.0,3.106827554387352,12.0,-0.0006048151842351079,-0.0003108732433271991,-0.0003108732452320221,-0.0006219369783524521,0.001537562963149552,0.0003108732433271432
3,0.003449921163023858,-6.195478332697905,-0.001905699859528376,-12.0,3.094880597502661,12.0,-0.0006072095345552031,-0.0003096786297362222,-0.0003096786316419189,-0.0006195478332697905,0.001536373794993495,0.0003096786297362189
3,0.003450121163023858,-6.171576776671754,-0.001906410595136077,-12.0,3.082928753379067,12.0,-0.0006096084600770713,-0.0003084835163974742,-0.0003084835183038309,-0.0006171576776671754,0.001535187691865003,0.0003084835163974203
3,0.003450321163023858,-6.147665798494284,-0.001907226189856726,-12.0,3.070972040890095,12.0,-0.0006119994578486221,-0.0003072879267079981,-0.0003072879286152213,-0.0006147665798494284,0.001533992242512605,0.0003072879267079952
3,0.003450521163023858,-6.123744791613396,-0.001907931873478486,-12.0,3.059010478917161,12.0,-0.000614394964919468,-0.0003060918410791161,-0.0003060918429869958,-0.0006123744791613396,0.001532799803742879,0.000306091841079064
3,0.003450721163023859,-6.099814437064954,-0.001908742063946089,-12.0,3.047044086349137,12.0,-0.0006167825997995813,-0.000304895282841311,-0.0003048952847500504,-0.0006099814437064955,0.00153159808549852,0.0003048952828413083
3,0.003450921163023859,-6.075874130358434,-0.001909442668155403,-12.0,3.035072882082557,12.0,-0.0006191746783141827,-0.0003036982324751216,-0.0003036982343845139,-0.0006075874130358434,0.001530399323636689,0.0003036982324750712
3,0.003451121163023859,-6.051924550543047,-0.00191024743162016,-12.0,3.023096885021619,12.0,-0.000621558939921385,-0.0003025007132453263,-0.0003025007151555714,-0.0006051924550543047,0.001529191348784265,0.0003025007132453239
3,0.003451321163023859,-6.027965095164181,-0.001910942929713055,-12.0,3.011116114078092,12.0,-0.000623947579733497,-0.0003013027057008292,-0.0003013027076117234,-0.0006027965095164182,0.001527986276357196,0.0003013027057007805
3,0.003451521163023859,-6.00399644130969,-0.001911742244161685,-12.0,2.99913058817118,12.0,-0.0006263284576482897,-0.0003001042330415362,-0.0003001042349532764,-0.000600399644130969,0.001526772057161063,0.0003001042330415342
3,0.0034517211630238588,-5.980017988534811,-0.001912432610252868,-12.0,2.9871403262277,12.0,-0.000628713648571394,-0.0002989052758838423,-0.0002989052777962279,-0.0005980017988534811,0.001525560686673311,0.0002989052758837953
3,0.0034519211630238593,-5.956030411991338,-0.001913226454306693,-12.0,2.975145347181944,12.0,-0.0006310911323372248,-0.000297705857363627,-0.0002977058592768515,-0.0005956030411991338,0.001524340235379285,0.0002977058573636251
3,0.003452121163023859,-5.932033113219092,-0.001913911663249168,-12.0,2.963145669975555,12.0,-0.0006334728641450571,-0.0002965059581639258,-0.0002965059600777921,-0.0005932033113219092,0.001523122579314806,0.0002965059581638804
3,0.00345232116302386,-5.908026765458079,-0.001914700016230286,-12.0,2.951141313557694,12.0,-0.0006358469432687086,-0.0002953056013573941,-0.0002953056032720924,-0.0005908026765458078,0.001521895908149773,0.0002953056013573924
3,0.00345252116302386,-5.884010772208084,-0.001915380043552517,-12.0,2.939132296884913,12.0,-0.0006382252056963411,-0.0002941047676928904,-0.0002941047696082266,-0.0005884010772208084,0.001520671978971488,0.0002941047676928466
3,0.0034527211630238598,-5.859985804821545,-0.001916162885392314,-12.0,2.927118638921055,12.0,-0.0006405958696486802,-0.0002929034801806462,-0.0002929034820968076,-0.0005859985804821544,0.001519439100145015,0.0002929034801806447
3,0.0034529211630238603,-5.835951268733369,-0.001916837707367725,-12.0,2.915100358637256,12.0,-0.0006429706523931322,-0.0002917017196345048,-0.0002917017215513001,-0.0005835951268733369,0.001518208910295193,0.0002917017196344624
3,0.00345312116302386,-5.811907833432335,-0.001917615018572683,-12.0,2.903077475012159,12.0,-0.0006453378906098317,-0.0002904995090030744,-0.0002904995109206881,-0.0005811907833432336,0.001516969835999249,0.0002904995090030731
3,0.00345332116302386,-5.787854906264841,-0.001918284612070664,-12.0,2.891050007031468,12.0,-0.000647709183330375,-0.000289296829164395,-0.0002892968310826386,-0.0005787854906264842,0.001515733397901287,0.0002892968291643539
3,0.0034535211630238602,-5.763793154878847,-0.001919056373796746,-12.0,2.879017973688165,12.0,-0.000650072985212774,-0.0002880937030061973,-0.0002880937049252525,-0.0005763793154878848,0.001514488140311021,0.0002880937030061962
3,0.00345372116302386,-5.739721988508464,-0.001919720716345719,-12.0,2.866981393982506,12.0,-0.0006524407775321261,-0.0002868901114699249,-0.0002868901133896059,-0.0005739721988508464,0.001513245466368773,0.0002868901114698852
3,0.00345392116302386,-5.715642072984255,-0.001920486910220731,-12.0,2.854940286921928,12.0,-0.0006548011324473968,-0.0002856860773832159,-0.0002856860793037017,-0.0005715642072984255,0.001511994037643016,0.0002856860773832149
3,0.003454121163023861,-5.691552819404676,-0.001921145979976391,-12.0,2.842894671520913,12.0,-0.0006571654139522487,-0.0002844815817501274,-0.000284481583671235,-0.0005691552819404676,0.001510745140241743,0.000284481581750089
3,0.003454321163023861,-5.667454891805114,-0.001921906588215228,-12.0,2.830844566801167,12.0,-0.0006595223112344784,-0.0002832766473389391,-0.0002832766492608449,-0.0005667454891805114,0.001509487552523558,0.0002832766473389383
3,0.0034545211630238612,-5.643347703125796,-0.001922560363873727,-12.0,2.818789991791484,12.0,-0.0006618830714759938,-0.0002820712552155729,-0.0002820712571380961,-0.0005643347703125797,0.001508232444030644,0.0002820712552155358
3,0.003454721163023861,-5.61923191562912,-0.001923315369194656,-12.0,2.806730965527616,12.0,-0.000664236500426435,-0.0002808654280896817,-0.0002808654300129963,-0.000561923191562912,0.001506968709447609,0.000280865428089681
3,0.003454921163023861,-5.595106944074339,-0.001923963830058328,-12.0,2.794667507052444,12.0,-0.0006665937289210278,-0.0002796591470882861,-0.0002796591490122141,-0.0005595106944074339,0.001505707402212952,0.0002796591470882502
3,0.003455121163023861,-5.570973448972882,-0.001924713215638807,-12.0,2.782599635415851,12.0,-0.0006689436788091807,-0.0002784524348631496,-0.0002784524367878622,-0.0005570973448972882,0.001504437532877767,0.000278452434863149
3,0.003455321163023861,-5.546830846880933,-0.001925356341545337,-12.0,2.770527369674585,12.0,-0.0006712973650391529,-0.0002772452726016478,-0.0002772452745269694,-0.0005546830846880934,0.00150317003923367,0.000277245272601613
3,0.0034555211630238614,-5.522679796580166,-0.001926100091075078,-12.0,2.758450728892469,12.0,-0.0006736438251029875,-0.0002760376828983549,-0.0002760376848244545,-0.0005522679796580166,0.001501894047244601,0.0002760376828983544
3,0.003455721163023861,-5.498519716402052,-0.001926737862364858,-12.0,2.7463697321401,12.0,-0.0006759939585171681,-0.0002748296470002802,-0.0002748296489269844,-0.0005498519716402052,0.001500620379507434,0.0002748296470002464
3,0.003455921163023862,-5.474351263419591,-0.001927475959988545,-12.0,2.734284398495054,12.0,-0.0006783369179637899,-0.0002736211874455046,-0.0002736211893729801,-0.0005474351263419591,0.001499338276948536,0.0002736211874455042
3,0.003456121163023862,-5.450173857718174,-0.001928108357497571,-12.0,2.722194747041757,12.0,-0.0006806834879782564,-0.000272412285539958,-0.0002724122874680338,-0.0005450173857718174,0.001498058447418182,0.0002724122855399255
3,0.003456321163023862,-5.425988154682907,-0.001928840787796871,-12.0,2.71010079687135,12.0,-0.000683022935984573,-0.0002712029637659151,-0.0002712029656947555,-0.0005425988154682907,0.001496770246360357,0.0002712029637659147
3,0.0034565211630238624,-5.401793576131794,-0.001929467792879391,-12.0,2.698002567081901,12.0,-0.0006853659319829286,-0.0002699932034875095,-0.0002699932054169458,-0.0005401793576131794,0.001495484267321101,0.000269993203487478
3,0.003456721163023862,-5.377590775782603,-0.001930194540839869,-12.0,2.685900076778097,12.0,-0.0006877018576963712,-0.0002687830271318939,-0.0002687830290620882,-0.0005377590775782603,0.001494189979821758,0.0002687830271318936
3,0.0034569211630238617,-5.353379177165183,-0.001930816135316649,-12.0,2.673793345071455,12.0,-0.0006900412690307167,-0.0002675724161207078,-0.0002675724180514934,-0.0005353379177165183,0.001492897863542675,0.0002675724161206772
3,0.0034571211630238623,-5.329159432350112,-0.001931537186327548,-12.0,2.661682391080193,12.0,-0.0006923736615695175,-0.0002663613928266522,-0.0002663613947581893,-0.0005329159432350112,0.001491597501646569,0.000266361392826652
3,0.003457321163023862,-5.304930966558652,-0.001932153352467658,-12.0,2.649567233929091,12.0,-0.000694709477560923,-0.0002651499387281855,-0.0002651499406603093,-0.0005304930966558652,0.001490299260382077,0.0002651499387281559
3,0.003457521163023862,-5.280694430233758,-0.001932868692347878,-12.0,2.637447892749671,12.0,-0.0006970383260147539,-0.0002639380761442021,-0.0002639380780770705,-0.0005280694430233758,0.001488992836121805,0.0002639380761442019
3,0.003457721163023863,-5.256449250268178,-0.001933479412823402,-12.0,2.62532438668006,12.0,-0.0006993705359537306,-0.0002627257866093169,-0.0002627257885427677,-0.0005256449250268178,0.001487688482111948,0.0002627257866092883
3,0.0034579211630238627,-5.23219607549679,-0.0019341890277631,-12.0,2.61319673486486,12.0,-0.0007016958293845355,-0.0002615130923892625,-0.0002615130943234513,-0.0005232196075496791,0.001486376007507895,0.0002615130923892624
3,0.0034581211630238633,-5.207934334463725,-0.001934794285706642,-12.0,2.601064956455359,12.0,-0.0007040244225318404,-0.0002602999750741344,-0.0002602999770089009,-0.0005207934334463725,0.001485065552978782,0.0002602999750741067
3,0.003458321163023863,-5.183664674415131,-0.001935498162241256,-12.0,2.588929070609222,12.0,-0.0007063461499739743,-0.0002590864568771465,-0.0002590864588126445,-0.0005183664674415132,0.001483747040040229,0.0002590864568771464
3,0.003458521163023863,-5.159386525526952,-0.001936097941196202,-12.0,2.576789096490702,12.0,-0.000708671115561027,-0.0002578725194432167,-0.0002578725213792878,-0.0005159386525526952,0.001482430497204534,0.0002578725194431899
3,0.003458721163023863,-5.135100533475565,-0.001936796066206892,-12.0,2.564645053270512,12.0,-0.0007109892660220885,-0.0002566581849336718,-0.0002566581868704679,-0.0005135100533475565,0.001481105957929385,0.0002566581849336719
3,0.003458921163023863,-5.110806130049481,-0.001937390350102763,-12.0,2.552496960125683,12.0,-0.0007133105932514705,-0.0002554434350476047,-0.0002554434369849689,-0.0005110806130049481,0.00147978333898674,0.0002554434350475786
3,0.003459121163023863,-5.086503959373702,-0.001938082710851274,-12.0,2.540344836239747,12.0,-0.0007156251557127458,-0.0002542282918950598,-0.0002542282938331425,-0.0005086503959373702,0.001478452785362072,0.0002542282918950598
3,0.003459321163023863,-5.062193454830535,-0.001938671483967092,-12.0,2.528188700802602,12.0,-0.0007179428337590332,-0.0002530127372286822,-0.0002530127391673284,-0.0005062193454830535,0.001477124102499394,0.000253012737228657
3,0.003459521163023864,-5.037875259012019,-0.001939358068036245,-12.0,2.516028573010375,12.0,-0.0007202537971758571,-0.0002517967931078411,-0.0002517967950471992,-0.0005037875259012019,0.00147578754650235,0.0002517967931078411
3,0.003459721163023864,-5.013548806875233,-0.001939941315067584,-12.0,2.503864472065602,12.0,-0.000722567815185704,-0.0002505804413380915,-0.0002505804432780083,-0.0005013548806875233,0.001474452811894289,0.000250580441338067
3,0.003459921163023864,-4.989214739497586,-0.001940622110318646,-12.0,2.491696417177094,12.0,-0.0007248751684883203,-0.0002493637039287412,-0.0002493637058693634,-0.0004989214739497586,0.001473110265491684,0.0002493637039287413
3,0.003460121163023864,-4.964872493392526,-0.001941199816308803,-12.0,2.479524427559801,12.0,-0.0007271855155815132,-0.0002481465627376347,-0.0002481465646788109,-0.0004964872493392526,0.001471769491301067,0.000248146562737611
3,0.003460321163023864,-4.940522708140412,-0.001941874810954314,-12.0,2.467348522435026,12.0,-0.0007294892476754078,-0.000246929039724598,-0.0002469290416664729,-0.0004940522708140411,0.001470420966450114,0.0002469290397245981
3,0.0034605211630238638,-4.916164821792984,-0.001942446961271438,-12.0,2.455168721030115,12.0,-0.0007317959129449214,-0.0002457111167991616,-0.0002457111187415856,-0.0004916164821792984,0.001469074164828277,0.0002457111167991386
3,0.0034607211630238643,-4.891799472451178,-0.001943116143813706,-12.0,2.442985042578707,12.0,-0.0007340960127110441,-0.0002444928158722519,-0.0002444928178153682,-0.0004891799472451178,0.00146771967347703,0.000244492815872252
3,0.003460921163023864,-4.867426099687017,-0.001943682724172113,-12.0,2.430797506320423,12.0,-0.000736398985224096,-0.0002432741189044818,-0.0002432741208481423,-0.0004867426099687017,0.001466366856563983,0.0002432741189044595
3,0.003461121163023864,-4.843045340139304,-0.001944346083406545,-12.0,2.418606131501082,12.0,-0.0007386954415199432,-0.0002420550477584488,-0.0002420550497027949,-0.0004843045340139305,0.001465006410651337,0.0002420550477584488
3,0.003461321163023865,-4.818656634882754,-0.001944907079829417,-12.0,2.406410937372562,12.0,-0.0007409947103178549,-0.0002408355844452607,-0.0002408355863901463,-0.0004818656634882754,0.001463647590576767,0.0002408355844452392
3,0.0034615211630238648,-4.794260619111129,-0.001945564604831196,-12.0,2.394211943192672,12.0,-0.0007432875119773863,-0.0002396157507797502,-0.0002396157527253149,-0.0004794260619111129,0.001462281202033233,0.0002396157507797503
3,0.0034617211630238653,-4.769856735384122,-0.001946120003692542,-12.0,2.382009168225322,12.0,-0.0007455830660767493,-0.0002383955288229224,-0.0002383955307690215,-0.0004769856735384122,0.00146091639091589,0.0002383955288229014
3,0.003461921163023865,-4.745445617467535,-0.001946771683770887,-12.0,2.369802631740394,12.0,-0.000747872201911165,-0.0002371749403424164,-0.0002371749422891882,-0.0004745445617467535,0.001459544071663654,0.0002371749403424165
3,0.003462121163023865,-4.721026709388876,-0.001947321471743813,-12.0,2.357592353013607,12.0,-0.0007501640303037571,-0.0002359539674485554,-0.0002359539693958566,-0.0004721026709388876,0.001458173281612685,0.0002359539674485351
3,0.003462321163023865,-4.696600643502284,-0.00194796729651836,-12.0,2.345378351326692,12.0,-0.0007524494891019973,-0.000234732631862321,-0.0002347326338102883,-0.0004696600643502285,0.001456795043565773,0.000234732631862321
3,0.003462521163023865,-4.672166865286343,-0.001948511460531988,-12.0,2.333160645967259,12.0,-0.0007547375807557266,-0.0002335109157427987,-0.0002335109176912905,-0.0004672166865286343,0.001455418286680166,0.0002335109157427791
3,0.003462721163023865,-4.647726005700012,-0.001949151419862405,-12.0,2.320939256228697,12.0,-0.0007570193512846657,-0.0002322888407648559,-0.0002322888427140075,-0.0004647726005700012,0.001454034141745664,0.000232288840764856
3,0.003462921163023866,-4.623277511655752,-0.001949689947196687,-12.0,2.308714201410182,12.0,-0.0007593036951437926,-0.0002310663891357569,-0.0002310663910854278,-0.0004623277511655753,0.001452651430115137,0.0002310663891357378
3,0.003463121163023866,-4.59882201273372,-0.0019503240311598,-12.0,2.29648550081688,12.0,-0.0007615817661492108,-0.0002298435824848039,-0.000229843584435128,-0.000459882201273372,0.001451261390191749,0.000229843582484804
3,0.003463321163023866,-4.574358957264099,-0.001950856909313625,-12.0,2.28425317375951,12.0,-0.0007638623511348197,-0.0002286204030669009,-0.0002286204050177393,-0.0004574358957264099,0.001449872735897306,0.0002286204030668824
3,0.003463521163023866,-4.549888973463657,-0.001951485108305784,-12.0,2.272017239554518,12.0,-0.0007661367113411532,-0.0002273968724662824,-0.0002273968744177676,-0.0004549888973463658,0.00144847681287763,0.0002273968724662824
3,0.003463721163023866,-4.525411511063919,-0.001952012325056041,-12.0,2.259777717524252,12.0,-0.0007684135263518743,-0.0002261729729849487,-0.0002261729749369432,-0.0004525411511063919,0.001447082227991114,0.0002261729729849308
3,0.003463921163023866,-4.500927196934581,-0.001952634629617034,-12.0,2.247534626996519,12.0,-0.00077068416446327,-0.0002249487261626135,-0.0002249487281152482,-0.0004500927196934581,0.001445680433760421,0.0002249487261626136
3,0.003464121163023866,-4.476435482191934,-0.001953156173074344,-12.0,2.235287987304794,12.0,-0.0007729571983754457,-0.0002237241143478042,-0.000223724116300943,-0.0004476435482191934,0.00144427993034546,0.0002237241143477868
3,0.0034643211630238663,-4.451936992373918,-0.001953772574003532,-12.0,2.223037817788228,12.0,-0.0007752241030758444,-0.0002224991590362231,-0.0002224991609899957,-0.0004451936992373918,0.001442872276782914,0.0002224991590362231
3,0.003464521163023866,-4.427431179966205,-0.001954288432447715,-12.0,2.210784137791546,12.0,-0.0007774933447441401,-0.0002212738426224163,-0.0002212738445766878,-0.0004427431179966205,0.001441465866894975,0.0002212738426223994
3,0.003464721163023867,-4.402918669190165,-0.001954898920786707,-12.0,2.198526966664913,12.0,-0.0007797565046979704,-0.0002200481865585699,-0.0002200481885134689,-0.0004402918669190165,0.001440052365873468,0.0002200481865585699
3,0.003464921163023867,-4.378398913884798,-0.001955409082800896,-12.0,2.186266323764107,12.0,-0.0007820219429557351,-0.0002188221732847071,-0.0002188221752400999,-0.0004378398913884798,0.001438640061560137,0.0002188221732846908
3,0.003465121163023867,-4.353872536970332,-0.001956013649756727,-12.0,2.174002228450394,12.0,-0.0007842813468080523,-0.0002175958242100151,-0.0002175958261660288,-0.0004353872536970332,0.00143722072494662,0.0002175958242100151
3,0.0034653211630238673,-4.329338993623605,-0.001956518104157867,-12.0,2.161734700090384,12.0,-0.0007865429704678184,-0.00021636912181947,-0.0002163691237759724,-0.0004329338993623605,0.001435802538248154,0.0002163691218194543
3,0.003465521163023867,-4.304798905478342,-0.001957116741193143,-12.0,2.149463758056214,12.0,-0.0007887986068449704,-0.0002151420874797406,-0.0002151420894368575,-0.0004304798905478342,0.001434377377904139,0.0002151420874797407
3,0.003465721163023867,-4.280251729034124,-0.001957615476997798,-12.0,2.13718942172541,12.0,-0.0007910564046990365,-0.0002139147037202561,-0.0002139147056778563,-0.0004280251729034124,0.001432953320853192,0.0002139147037202408
3,0.0034659211630238673,-4.255698084653026,-0.001958208175759868,-12.0,2.124911710480792,12.0,-0.0007933082622089138,-0.0002126869918656551,-0.0002126869938238633,-0.0004255698084653026,0.001431522348634751,0.0002126869918656551
3,0.003466121163023867,-4.231137430141797,-0.001958701182278144,-12.0,2.11263064371047,12.0,-0.0007955622230294279,-0.0002114589344892896,-0.000211458936447976,-0.0004231137430141797,0.001430092433257368,0.0002114589344892748
3,0.003466321163023867,-4.206570384605627,-0.001959287934580445,-12.0,2.100346240808064,12.0,-0.0007978102902619633,-0.0002102305528742644,-0.0002102305548335523,-0.0004206570384605627,0.001428655661015465,0.0002102305528742644
3,0.003466521163023868,-4.181996407143863,-0.001959775201283653,-12.0,2.088058521172254,12.0,-0.0008000604028015612,-0.0002090018296373682,-0.000209001831597129,-0.0004181996407143863,0.001427219899330701,0.0002090018296373538
3,0.003466721163023868,-4.157416115618672,-0.001960355999212515,-12.0,2.075767504206958,12.0,-0.0008023046683291735,-0.0002077727860206171,-0.000207772787980973,-0.0004157416115618672,0.001425777338911471,0.0002077727860206171
3,0.0034669211630238683,-4.13282897040716,-0.001960837515798231,-12.0,2.063473209321508,12.0,-0.0008045509213214785,-0.0002065434046837445,-0.0002065434066445681,-0.000413282897040716,0.001424335742932159,0.0002065434046837306
3,0.003467121163023868,-4.10823558814326,-0.001961412351535463,-12.0,2.051175655930203,12.0,-0.0008067913736992116,-0.0002053137068281739,-0.0002053137087895862,-0.000410823558814326,0.001422887406177353,0.0002053137068281739
3,0.003467321163023868,-4.08363543046676,-0.001961888107982812,-12.0,2.038874863452525,12.0,-0.0008090337558592509,-0.0002040836751560643,-0.0002040836771179388,-0.000408363543046676,0.001421439987910111,0.0002040836751560508
3,0.003467521163023868,-4.059029112797187,-0.001962456973923832,-12.0,2.026570851313138,12.0,-0.0008112703836253843,-0.0002028533308287063,-0.0002028533327911632,-0.0004059029112797188,0.001419985886656844,0.0002028533308287062
3,0.003467721163023868,-4.034416098023126,-0.001962926960333844,-12.0,2.014263638941793,12.0,-0.000813508883649644,-0.0002016226565902257,-0.0002016226585531396,-0.0004034416098023126,0.001418532658102267,0.0002016226565902127
3,0.003467921163023868,-4.0097970003634,-0.001963489849076794,-12.0,2.001953245773187,12.0,-0.0008157416753262203,-0.0002003916735622264,-0.0002003916755257162,-0.00040097970003634,0.001417072804183711,0.0002003916735622264
3,0.003468121163023868,-3.98517128394078,-0.001963954055802075,-12.0,1.989639691247146,12.0,-0.00081797628189334,-0.0001991603645303075,-0.0001991603664942489,-0.000398517128394078,0.00141561377733701,0.0001991603645302948
3,0.003468321163023869,-3.9605395617874,-0.001964510960067445,-12.0,1.977322994808489,12.0,-0.000820205225986248,-0.0001979287505768558,-0.0001979287525413667,-0.0003960539561787401,0.001414148182582425,0.0001979287505768557
3,0.003468521163023869,-3.935901299246134,-0.001964969377654446,-12.0,1.965003175906892,12.0,-0.00082243592775752,-0.000196696814528467,-0.000196696816493424,-0.0003935901299246135,0.001412683369433149,0.0001966968145284546
3,0.003468721163023869,-3.91125710817567,-0.001965520290379219,-12.0,1.952680253997063,12.0,-0.0008246610127569665,-0.0001954645774287444,-0.0001954645793942646,-0.0003911257108175671,0.001411212045668075,0.0001954645774287443
3,0.003468921163023869,-3.886606455125268,-0.001965972909526714,-12.0,1.940354248538615,12.0,-0.0008268877983763079,-0.0001942320221448261,-0.0001942320241107871,-0.0003886606455125268,0.001409741458200719,0.0001942320221448142
3,0.003469121163023869,-3.861949950793607,-0.001966517823802416,-12.0,1.928025178995922,12.0,-0.0008291090127572065,-0.0001929991696819726,-0.0001929991716484903,-0.0003861949950793608,0.001408264417247451,0.0001929991696819725
3,0.0034693211630238687,-3.837287062922233,-0.001966964635444324,-12.0,1.915693064838303,12.0,-0.0008313318708520201,-0.0001917660029473863,-0.0001917660049143394,-0.0003837287062922233,0.001406788067441489,0.0001917660029473748
3,0.0034695211630238693,-3.812618401063292,-0.001967503544483717,-12.0,1.903357925539885,12.0,-0.0008335492030744351,-0.000190532542908437,-0.0001905325448759404,-0.0003812618401063292,0.001405305321118905,0.0001905325429084369
3,0.003469721163023869,-3.78794343413706,-0.001967944539722932,-12.0,1.8910197805795,12.0,-0.0008357681222556368,-0.0001892987725119336,-0.0001892987744798669,-0.0003787943434137061,0.001403823220949257,0.0001892987725119223
3,0.003469921163023869,-3.763262770561866,-0.001968477436952387,-12.0,1.87867864944073,12.0,-0.0008379815607650887,-0.0001880647126877685,-0.0001880647146562457,-0.0003763262770561867,0.001402334781073211,0.0001880647126877683
3,0.00347012116302387,-3.738575880423306,-0.001968912607058781,-12.0,1.866334551611939,12.0,-0.0008401965296276626,-0.0001868303464219107,-0.0001868303483908124,-0.0003738575880423307,0.001400846942510109,0.0001868303464218998
3,0.0034703211630238697,-3.713883371019157,-0.001969439486002811,-12.0,1.853987506586179,12.0,-0.000842406062855211,-0.0001855956946072184,-0.0001855956965766577,-0.0003713883371019157,0.001399352820893901,0.0001855956946072182
3,0.0034705211630238703,-3.689184713586811,-0.001969868822445875,-12.0,1.841637533861048,12.0,-0.0008446170699785427,-0.0001843607402683599,-0.0001843607422382182,-0.0003689184713586811,0.001397859255903466,0.0001843607402683494
3,0.00347072116302387,-3.664480514316008,-0.001970389676822171,-12.0,1.829284652938874,12.0,-0.0008468226863415917,-0.0001831255042615699,-0.0001831255062319593,-0.0003664480514316008,0.001396359464357455,0.0001831255042615697
3,0.00347092116302387,-3.639770245583017,-0.001970813171199071,-12.0,1.816928883326578,12.0,-0.0008490297202897179,-0.0001818899696497879,-0.0001818899716205909,-0.0003639770245583017,0.00139486018490162,0.0001818899696497777
3,0.00347112116302387,-3.615054512482221,-0.001971327994862992,-12.0,1.804570244535536,12.0,-0.0008512314081920436,-0.0001806541572530402,-0.0001806541592243679,-0.0003615054512482221,0.001393354735233998,0.0001806541572530399
3,0.00347132116302387,-3.590332788515394,-0.001971745638986722,-12.0,1.79220875608176,12.0,-0.0008534344575141795,-0.0001794180501720846,-0.0001794180521438204,-0.0003590332788515394,0.001391849753270891,0.0001794180501720747
3,0.00347152116302387,-3.565605677694313,-0.0019722544258991,-12.0,1.779844437485763,12.0,-0.0008556322053464294,-0.0001781816691911665,-0.0001781816711634207,-0.0003565605677694313,0.001390338657287521,0.0001781816691911663
3,0.00347172116302387,-3.540872654633378,-0.001972666211736529,-12.0,1.767477308272422,12.0,-0.0008578312585771075,-0.0001769449974484255,-0.0001769449994210821,-0.0003540872654633378,0.001388827984771634,0.0001769449974484159
3,0.003471921163023871,-3.516134322273873,-0.001973168956036275,-12.0,1.755107387971193,12.0,-0.0008600250547170785,-0.0001757080556927232,-0.0001757080576658919,-0.0003516134322273874,0.001387311254276324,0.0001757080556927229
3,0.003472121163023871,-3.491390156330171,-0.001973574875693718,-12.0,1.742734696115797,12.0,-0.0008622201003767871,-0.0001744708270991583,-0.0001744708290727239,-0.0003491390156330172,0.001385794903158627,0.000174470827099149
3,0.003472321163023871,-3.466640758685287,-0.001974071571659852,-12.0,1.730359252244438,12.0,-0.0008644099331895916,-0.0001732333323816101,-0.0001732333343556814,-0.0003466640758685287,0.001384272549953353,0.0001732333323816098
3,0.003472521163023871,-3.441885606140947,-0.001974471617392837,-12.0,1.717981075899668,12.0,-0.0008666009597848301,-0.0001719955547517151,-0.0001719955567261777,-0.0003441885606140947,0.001382750532181537,0.0001719955547517061
3,0.003472721163023871,-3.41712529953403,-0.001974962259430946,-12.0,1.705600186628246,12.0,-0.000868786817623507,-0.000170757514888768,-0.0001707575168637299,-0.000341712529953403,0.001381222568066637,0.0001707575148887677
3,0.003472921163023871,-3.392359316740834,-0.001975356423688179,-12.0,1.69321660398132,12.0,-0.0008709738136472578,-0.0001695191960405095,-0.0001695191980158573,-0.0003392359316740834,0.001379694895585371,0.0001695191960405009
3,0.0034731211630238713,-3.367588257564308,-0.001975841006299328,-12.0,1.680830347514295,12.0,-0.0008731556848529665,-0.0001682806188520598,-0.0001682806208279004,-0.0003367588257564308,0.001378161332359434,0.0001682806188520594
3,0.003473321163023871,-3.342811600942975,-0.001976229281671182,-12.0,1.668441436786688,12.0,-0.0008753386387849171,-0.0001670417666068443,-0.0001670417685830652,-0.0003342811600942975,0.001376628017110471,0.0001670417666068359
3,0.003473521163023872,-3.318029945657441,-0.001976707799527633,-12.0,1.656049891362351,12.0,-0.0008775165116870487,-0.0001658026599161883,-0.0001658026618928957,-0.0003318029945657441,0.001375088866571089,0.0001658026599161879
3,0.003473721163023872,-3.293242771696304,-0.001977090178729268,-12.0,1.643655730809156,12.0,-0.0008796954119942579,-0.0001645632820987967,-0.0001645632840758787,-0.0003293242771696304,0.00137354992049335,0.0001645632820987886
3,0.003473921163023872,-3.268450676829555,-0.001977562626627627,-12.0,1.631258974699209,12.0,-0.0008818692749111567,-0.0001633236537325841,-0.0001633236557101464,-0.0003268450676829555,0.00137200519443656,0.0001633236537325837
3,0.0034741211630238723,-3.243653142083751,-0.00197793910251276,-12.0,1.618859642608715,12.0,-0.0008840441100477631,-0.0001620837581711307,-0.0001620837601490619,-0.0003243653142083751,0.001370460629466552,0.0001620837581711228
3,0.003474321163023872,-3.2188507642299,-0.001978405475368872,-12.0,1.606457754117842,12.0,-0.0008862139512866712,-0.0001608436159593215,-0.0001608436179377265,-0.00032188507642299,0.001368910339687501,0.0001608436159593211
3,0.003474521163023872,-3.194043025320282,-0.001978776040963748,-12.0,1.594053328810935,12.0,-0.0008883847096948505,-0.0001596032104851975,-0.0001596032124639659,-0.0003194043025320282,0.001367360167759207,0.0001596032104851899
3,0.0034747211630238722,-3.169230521138527,-0.001979236333797374,-12.0,1.581646386276204,12.0,-0.0008905505175523937,-0.0001583625622610005,-0.0001583625642402365,-0.0003169230521138527,0.0013658043260521,0.0001583625622610001
3,0.003474921163023872,-3.144412734750703,-0.001979600982268126,-12.0,1.569236946105939,12.0,-0.0008927171876622064,-0.0001571216547088282,-0.0001571216566884218,-0.0003144412734750703,0.001364248559097392,0.0001571216547088208
3,0.003475121163023872,-3.119590260964485,-0.00198005519020894,-12.0,1.556825027896378,12.0,-0.000894878950424588,-0.0001558805083086591,-0.0001558805102887138,-0.0003119590260964485,0.001362687177255711,0.0001558805083086587
3,0.003475321163023873,-3.094762583847957,-0.001980413914852708,-12.0,1.54441065124756,12.0,-0.0008970415206545762,-0.0001546391065162485,-0.0001546391084966552,-0.0003094762583847958,0.00136112582720424,0.0001546391065162413
3,0.003475521163023873,-3.069930297243843,-0.00198086203318848,-12.0,1.531993835763518,12.0,-0.0008991992265979659,-0.0001533974697796712,-0.0001533974717605327,-0.0003069930297243843,0.001359558917020887,0.0001533974697796707
3,0.0034757211630238732,-3.045092886210764,-0.001981214827400102,-12.0,1.519574601052133,12.0,-0.0009013576853551947,-0.0001521555815879603,-0.0001521555835691682,-0.0003045092886210764,0.001357991995800528,0.0001521555815879533
3,0.003475921163023873,-3.02025094363771,-0.001981656851523406,-12.0,1.507152966725001,12.0,-0.0009035113227459507,-0.000150913462357653,-0.0001509134643393093,-0.000302025094363771,0.001356419569067818,0.0001509134623576525
3,0.003476121163023873,-2.995403955561938,-0.001982003708878355,-12.0,1.494728952397614,12.0,-0.0009056656584265077,-0.0001496710956106559,-0.000149671097592653,-0.0002995403955561938,0.00135484708860456,0.0001496710956106493
3,0.003476321163023873,-2.970552513929996,-0.001982439634253597,-12.0,1.482302577689222,12.0,-0.0009078152155214264,-0.000148428501732348,-0.0001484285037147871,-0.0002970552513929996,0.001353269157114617,0.0001484285017323475
3,0.003476521163023873,-2.945696105746395,-0.001982780548441587,-12.0,1.469873862222729,12.0,-0.0009099654165107968,-0.0001471856642771235,-0.0001471856662598977,-0.0002945696105746395,0.001351691129332727,0.0001471856642771171
3,0.003476721163023873,-2.920835322025756,-0.001983210370711808,-12.0,1.457442825624707,12.0,-0.0009121108815574597,-0.0001459426035995424,-0.0001459426055827522,-0.0002920835322025756,0.001350107704877368,0.0001459426035995418
3,0.003476921163023873,-2.895969650728653,-0.001983545335517589,-12.0,1.445009487525597,12.0,-0.000914256936230512,-0.0001446993032861177,-0.0001446993052696568,-0.0002895969650728653,0.001348524141699781,0.0001446993032861114
3,0.003477121163023874,-2.871099681949023,-0.001983969050369572,-12.0,1.432573867559267,12.0,-0.0009163982974675633,-0.0001434557836609642,-0.0001434557856449326,-0.0002871099681949023,0.001346935236070712,0.0001434557836609636
3,0.003477321163023874,-2.846224904591748,-0.001984298059779399,-12.0,1.420135985363224,12.0,-0.0009185401941889798,-0.0001422120283423064,-0.0001422120303265985,-0.0002846224904591748,0.001345346149418947,0.0001422120283423004
3,0.003477521163023874,-2.821345907840649,-0.001984715663034042,-12.0,1.407695860578617,12.0,-0.0009206774398462791,-0.0001409680576241657,-0.0001409680596088808,-0.000282134590784065,0.001343751774407986,0.0001409680576241651
3,0.003477721163023874,-2.796462181534265,-0.001985038711072917,-12.0,1.395253512850136,12.0,-0.0009228151669708751,-0.0001397238551561268,-0.0001397238571411596,-0.0002796462181534266,0.001342157176202341,0.0001397238551561209
3,0.003477921163023874,-2.771574313956789,-0.001985450198677463,-12.0,1.382808961825876,12.0,-0.0009249482852699831,-0.000138479441202456,-0.0001384794431879056,-0.0002771574313956789,0.001340557343601362,0.0001384794412024553
3,0.0034781211630238737,-2.746681795869012,-0.001985767279544137,-12.0,1.370362227157517,12.0,-0.0009270818311430118,-0.0001372347994437117,-0.0001372348014294734,-0.0002746681795869012,0.001338957245760941,0.0001372347994437061
3,0.0034783211630238743,-2.721785214666334,-0.001986172647502449,-12.0,1.357913328500187,12.0,-0.0009292108102972041,-0.0001359899501147695,-0.0001359899521009416,-0.0002721785214666334,0.001337351967362094,0.0001359899501147689
3,0.003478521163023874,-2.696884062020851,-0.00198648375550825,-12.0,1.345462285512325,12.0,-0.0009313401632545654,-0.0001347448769267888,-0.0001347448789132671,-0.0002696884062020851,0.001335746381805003,0.0001347448769267834
3,0.003478721163023874,-2.671978924449308,-0.001986882999973183,-12.0,1.333009117855865,12.0,-0.000933464991469235,-0.0001334996000855844,-0.0001334996020724668,-0.0002671978924449308,0.001334135669400965,0.0001334996000855838
3,0.003478921163023875,-2.647069294524468,-0.001987188129507822,-12.0,1.320553845196091,12.0,-0.0009355901398375721,-0.0001322541033325651,-0.000132254105319748,-0.0002647069294524468,0.001332524608044533,0.0001322541033325599
3,0.0034791211630238747,-2.622155757894869,-0.001987581246717829,-12.0,1.308096487201545,12.0,-0.0009377108053105349,-0.000131008406844827,-0.0001310084088324076,-0.0002622155757894869,0.001330908473428205,0.0001310084068448263
3,0.0034793211630238753,-2.597237808022716,-0.001987880392352537,-12.0,1.295637063544025,12.0,-0.0009398317374079007,-0.0001297624943936428,-0.0001297624963815182,-0.0002597237808022716,0.001329291948188899,0.0001297624943936378
3,0.003479521163023875,-2.572316029698792,-0.001988267378613129,-12.0,1.283175593898802,12.0,-0.0009419482283294089,-0.0001285163861277422,-0.0001285163881160089,-0.0002572316029698792,0.001327670403153874,0.0001285163861277416
3,0.003479721163023875,-2.547389917264451,-0.001988560534967987,-12.0,1.270712097944168,12.0,-0.0009440649324650996,-0.0001272700658479185,-0.0001272700678364741,-0.0002547389917264451,0.001326048425947635,0.0001272700658479136
3,0.003479921163023875,-2.522460054662356,-0.001988941386767307,-12.0,1.258246595361613,12.0,-0.0009461772370183558,-0.0001260235536748387,-0.0001260235556637794,-0.0002522460054662356,0.001324421482288091,0.000126023553674838
3,0.003480121163023875,-2.497525937102337,-0.001989228548582966,-12.0,1.245779105836008,12.0,-0.0009482897014935071,-0.0001247768334384638,-0.0001247768354276877,-0.0002497525937102336,0.001322794065030192,0.0001247768334384591
3,0.003480321163023875,-2.4725881476896,-0.001989603262410489,-12.0,1.233309649055151,12.0,-0.0009503978078547193,-0.0001235299252317568,-0.0001235299272213595,-0.00024725881476896,0.001321161734541193,0.0001235299252317562
3,0.003480521163023875,-2.447646182491432,-0.00198988442461745,-12.0,1.220838244709945,12.0,-0.0009525060209622793,-0.0001222828129134608,-0.0001222828149033407,-0.0002447646182491431,0.001319528889146548,0.0001222828129134563
3,0.003480721163023876,-2.422700623785452,-0.001990252997076225,-12.0,1.208364912494581,12.0,-0.0009546099173010358,-0.0001210355165491664,-0.0001210355185394188,-0.0002422700623785452,0.001317891183623882,0.0001210355165491658
3,0.003480921163023876,-2.397750968486572,-0.001990528154614202,-12.0,1.195889672106083,12.0,-0.0009567138673262365,-0.0001197880200260741,-0.0001197880220165979,-0.0002397750968486572,0.001316252922006877,0.0001197880200260698
3,0.003481121163023876,-2.372797798054282,-0.001990890582474814,-12.0,1.183412543244523,12.0,-0.0009588135418055616,-0.0001185403433827005,-0.0001185403453735904,-0.0002372797798054283,0.001314609853247356,0.0001185403433826998
3,0.003481321163023876,-2.347840610240528,-0.001991159730427294,-12.0,1.170933545613026,12.0,-0.0009609132170260021,-0.0001172924705343495,-0.0001172924725255051,-0.0002347840610240529,0.001312966187322323,0.0001172924705343454
3,0.003481521163023876,-2.322879985697046,-0.001991516010463656,-12.0,1.158452698917667,12.0,-0.000963008657802869,-0.0001160444214928138,-0.0001160444234843291,-0.0002322879985697046,0.001311317767123565,0.0001160444214928131
3,0.0034817211630238758,-2.297915423002389,-0.001991779144044137,-12.0,1.145970022867337,12.0,-0.0009651040464888211,-0.0001147961802011422,-0.0001147961821929173,-0.0002297915423002389,0.001309668708804501,0.0001147961802011381
3,0.0034819211630238763,-2.272947502009948,-0.001992129273174048,-12.0,1.13348553717392,12.0,-0.0009671952417139446,-0.0001135477666447101,-0.0001135477686368387,-0.0002272947502009948,0.001308014948965597,0.0001135477666447094
3,0.003482121163023876,-2.247975722114995,-0.001992386387650313,-12.0,1.120999261552158,12.0,-0.0009692863321286022,-0.0001122991647939848,-0.0001122991667863672,-0.0002247975722114995,0.001306360510166527,0.0001122991647939809
3,0.003482321163023877,-2.223000662382269,-0.001992730362877171,-12.0,1.108511215719515,12.0,-0.000971373269947215,-0.0001110503946082399,-0.0001110503966009696,-0.0002223000662382269,0.001304701422487176,0.0001110503946082392
3,0.003482521163023877,-2.198021823013342,-0.00199298145366833,-12.0,1.096021419396354,12.0,-0.0009734600503468471,-0.000109801440085006,-0.0001098014420779837,-0.0002198021823013342,0.001303041615122097,0.0001098014400850023
3,0.0034827211630238768,-2.173039782294131,-0.001993319272045269,-12.0,1.083529892305805,12.0,-0.0009755427188983812,-0.0001085523211577857,-0.0001085523231511043,-0.0002173039782294131,0.001301377211403693,0.000108552321157785
3,0.0034829211630238773,-2.148054041222566,-0.001993564334655029,-12.0,1.071036654173657,12.0,-0.0009776251775327205,-0.0001073030218508348,-0.0001073030238443956,-0.0002148054041222566,0.001299712047386548,0.0001073030218508313
3,0.003483121163023877,-2.12306517731483,-0.001993895993390393,-12.0,1.05854172472837,12.0,-0.0009797035649514035,-0.0001060535620721767,-0.000106053564066072,-0.000212306517731483,0.001298042339431565,0.000106053562072176
3,0.003483321163023877,-2.098072692355441,-0.001994135023392074,-12.0,1.046045123701282,12.0,-0.0009817816900635767,-0.0001048039258724709,-0.0001048039278666025,-0.0002098072692355441,0.001296371830676601,0.0001048039258724675
3,0.0034835211630238772,-2.073077163100686,-0.001994460519716412,-12.0,1.033546870826163,12.0,-0.0009838557844784879,-0.0001035541331345887,-0.0001035541351290485,-0.0002073077163100686,0.001294696830288877,0.000103554133134588
3,0.003483721163023877,-2.048078092111296,-0.001994693512858747,-12.0,1.021046985839424,12.0,-0.0009859295643056404,-0.0001023041679352317,-0.0001023041699299219,-0.0002048078092111296,0.001293020988710425,0.0001023041679352283
3,0.003483921163023877,-2.023076055392857,-0.001995012844116073,-12.0,1.008545488480126,12.0,-0.0009879993538408627,-0.0001010540501324249,-0.000101054052127437,-0.0002023076055392857,0.001291340707695238,0.0001010540501324242
3,0.003484121163023878,-1.998070556273023,-0.001995239796159898,-12.0,0.9960423984898734,12.0,-0.000990068776613992,-9.980376382860653e-05,-9.980376582384315e-05,-0.0001998070556273023,0.001289659545207919,9.980376382860333e-05
3,0.003484321163023878,-1.973062170015828,-0.001995552959801361,-12.0,0.9835377356126822,12.0,-0.0009921342493889457,-9.855332885724907e-05,-9.855333085280134e-05,-0.0001973062170015828,0.001287973995372074,9.855332885724836e-05
3,0.0034845211630238782,-1.948050400705766,-0.001995773866658057,-12.0,0.9710315195951571,12.0,-0.0009941993033332902,-9.730272934618459e-05,-9.730273134195539e-05,-0.0001948050400705766,0.0012862875238909,9.730272934618152e-05
3,0.003484721163023878,-1.923035822874842,-0.001996080860171001,-12.0,0.9585237701863557,12.0,-0.0009962604474629266,-9.605198510465341e-05,-9.605198710073353e-05,-0.0001923035822874842,0.001284596717042494,9.605198510465267e-05
3,0.003484921163023878,-1.898017941354742,-0.0019962957178421,-12.0,0.9460145071376508,12.0,-0.0009983211207982567,-9.480108028555222e-05,-9.480108228184501e-05,-0.0001898017941354742,0.001282904948482891,9.480108028554929e-05
3,0.003485121163023878,-1.872997329954291,-0.001996596538845652,-12.0,0.9335037502029115,12.0,-0.001000377924393059,-9.355003467417644e-05,-9.355003667077225e-05,-0.0001872997329954291,0.001281208896431782,9.355003467417572e-05
3,0.003485321163023878,-1.847973494242999,-0.001996805343386532,-12.0,0.9209915191383662,12.0,-0.001002434205333635,-9.229883244817809e-05,-9.229883444498063e-05,-0.0001847973494242999,0.001279511842709566,9.229883244817528e-05
3,0.0034855211630238784,-1.822947007315652,-0.001997099989574203,-12.0,0.9084778337024648,12.0,-0.001004486656500173,-9.10474933692046e-05,-9.104749536630388e-05,-0.0001822947007315652,0.001277810557267139,9.10474933692039e-05
3,0.003485721163023878,-1.797917375469726,-0.001997302737184015,-12.0,0.8959627136560601,12.0,-0.001006538533255205,-8.979600163932708e-05,-8.979600363662712e-05,-0.0001797917375469727,0.00127610823029857,8.979600163932441e-05
3,0.003485921163023879,-1.772885171095236,-0.001997591206290283,-12.0,0.8834461787622703,12.0,-0.001008586620095911,-8.85443769968568e-05,-8.854437899444727e-05,-0.0001772885171095236,0.001274401723277932,8.854437699685605e-05
3,0.003486121163023879,-1.747849901208195,-0.001997787893251557,-12.0,0.8709282487863415,12.0,-0.001010634080869599,-8.72926036679619e-05,-8.72926056657472e-05,-0.0001747849901208195,0.001272694134979935,8.72926036679593e-05
3,0.003486321163023879,-1.722812137502539,-0.001998070183135248,-12.0,0.8584089434958648,12.0,-0.001012677791483244,-8.604070136790074e-05,-8.604070336597019e-05,-0.0001722812137502539,0.00127098241819576,8.60407013679e-05
3,0.0034865211630238794,-1.697771387703539,-0.001998260805800234,-12.0,0.8458882826604612,12.0,-0.001014720824475041,-8.478865434662861e-05,-8.478865634488696e-05,-0.000169777138770354,0.001269269580485774,8.478865434662615e-05
3,0.003486721163023879,-1.672728222817985,-0.001998536914392779,-12.0,0.8333662860520341,12.0,-0.001016760146956786,-8.353648229664341e-05,-8.35364842951796e-05,-0.0001672728222817985,0.001267552665754568,8.35364822966427e-05
3,0.003486921163023879,-1.647682151270982,-0.001998721469214648,-12.0,0.8208429734444543,12.0,-0.001018798740361579,-8.228416949136926e-05,-8.228417149008838e-05,-0.0001647682151270982,0.001265834590550644,8.22841694913669e-05
3,0.0034871211630238793,-1.622633743390979,-0.001998991394532079,-12.0,0.8083183646137775,12.0,-0.001020833662803269,-8.103173560083165e-05,-8.103173759982234e-05,-0.0001622633743390979,0.00126411248969055,8.103173560083096e-05
3,0.003487321163023879,-1.59758250829372,-0.001999169878037166,-12.0,0.7957924793381056,12.0,-0.001022867804811464,-7.977916492161653e-05,-7.977916692078416e-05,-0.000159758250829372,0.001262389188911514,7.977916492161428e-05
3,0.003487521163023879,-1.572529015638092,-0.001999433618172675,-12.0,0.7832653373974509,12.0,-0.001024898315301712,-7.852647710156306e-05,-7.852647910099598e-05,-0.0001572529015638092,0.001260661913742522,7.852647710156236e-05
3,0.00348772116302388,-1.547472775220998,-0.001999606027015544,-12.0,0.7707369585739154,12.0,-0.001026927994099536,-7.727365646009526e-05,-7.727365845969915e-05,-0.0001547472775220999,0.001258933399307785,7.72736564600931e-05
3,0.00348792116302388,-1.522414356040698,-0.001999863580105399,-12.0,0.7582073626515551,12.0,-0.001028954080723912,-7.602072262316676e-05,-7.602072462302962e-05,-0.0001522414356040698,0.001257200961651633,7.602072262316605e-05
3,0.0034881211630238803,-1.497353268566137,-0.002000029911018664,-12.0,0.745676569416241,12.0,-0.001030979284493652,-7.476765993272802e-05,-7.47676619327559e-05,-0.0001497353268566137,0.001255467245481381,7.476765993272598e-05
3,0.00348832116302388,-1.472290081143337,-0.002000281275318982,-12.0,0.7331445986558772,12.0,-0.001033000935334843,-7.35144879931203e-05,-7.35144899934009e-05,-0.0001472290081143337,0.001253729657161681,7.351448799311962e-05
3,0.00348852116302388,-1.447224304904301,-0.002000441525100149,-12.0,0.7206114701600851,12.0,-0.001035021652254844,-7.226119116852047e-05,-7.226119316896005e-05,-0.0001447224304904301,0.001251990751176824,7.226119116851853e-05
3,0.00348872116302388,-1.422156507551411,-0.002000686698944987,-12.0,0.7080772037204207,12.0,-0.00103703885539283,-7.100778904193725e-05,-7.100779104262328e-05,-0.0001422156507551411,0.001250248024018963,7.100778904193657e-05
3,0.00348892116302388,-1.397086200870703,-0.002000840864470499,-12.0,0.6955418191302372,12.0,-0.001039055073637718,-6.975426599947263e-05,-6.975426800031165e-05,-0.0001397086200870703,0.001248503940141268,6.975426599947076e-05
3,0.00348912116302388,-1.37201395192949,-0.002001079846266685,-12.0,0.6830053361845468,12.0,-0.001041067817150049,-6.850064160308204e-05,-6.85006436041612e-05,-0.000137201395192949,0.001246756085972522,6.850064160308136e-05
3,0.00348932116302388,-1.346939273158582,-0.002001227924539328,-12.0,0.6704677746802029,12.0,-0.001043079524891036,-6.724690026047599e-05,-6.724690226170215e-05,-0.0001346939273158582,0.001245006836124454,6.724690026047423e-05
3,0.003489521163023881,-1.321862730998936,-0.002001460712732772,-12.0,0.6579291544157618,12.0,-0.001045087796852764,-6.599306151285013e-05,-6.599306351431017e-05,-0.0001321862730998936,0.001243253866773916,6.599306151284946e-05
3,0.003489721163023881,-1.296783838517236,-0.00200160270083044,-12.0,0.6453894951913455,12.0,-0.001047094982257683,-6.473910978921927e-05,-6.473911179082029e-05,-0.0001296783838517236,0.001241499462878812,6.47391097892176e-05
3,0.003489921163023881,-1.271703161536212,-0.002001829293993451,-12.0,0.632848816808823,12.0,-0.001049098770741663,-6.34850646102823e-05,-6.348506661211095e-05,-0.0001271703161536212,0.00123974139017749,6.348506461028165e-05
3,0.003490121163023881,-1.246620213749764,-0.00200196518903839,-12.0,0.6203071390716726,12.0,-0.001051101421975148,-6.223091042607267e-05,-6.223091242803628e-05,-0.0001246620213749764,0.001237981844159505,6.22309104260711e-05
3,0.003490321163023881,-1.22153556037083,-0.002002185585809502,-12.0,0.6077644817848444,12.0,-0.001053100715052255,-6.097666673706603e-05,-6.097666873925101e-05,-0.0001221535560370829,0.001236218679940254,6.097666673706539e-05
3,0.0034905211630238808,-1.19644871571141,-0.002002315385049191,-12.0,0.5952208647549774,12.0,-0.001055098820275914,-5.972231801400414e-05,-5.972232001631805e-05,-0.000119644871571141,0.001234454003724322,5.972231801400265e-05
3,0.0034907211630238813,-1.171360244383122,-0.002002529584120949,-12.0,0.582676307790084,12.0,-0.001057093606015018,-5.846788373742112e-05,-5.846788573995005e-05,-0.0001171360244383122,0.001232685759821897,5.846788373742049e-05
3,0.003490921163023881,-1.146269661307306,-0.002002653284878475,-12.0,0.5701308306998027,12.0,-0.001059087153387595,-5.721334839846951e-05,-5.72133504011214e-05,-0.0001146269661307307,0.001230915965333888,5.721334839846812e-05
3,0.003491121163023881,-1.121177530502479,-0.002002861285028579,-12.0,0.5575844532950837,12.0,-0.001061077419855887,-5.595873145801184e-05,-5.59587334608725e-05,-0.0001121177530502479,0.001229142653584848,5.595873145801123e-05
3,0.003491321163023882,-1.09608336749053,-0.002002978884714401,-12.0,0.5450371953884046,12.0,-0.001063066397533466,-5.470401742731322e-05,-5.470401943029079e-05,-0.000109608336749053,0.001227367752751375,5.47040174273119e-05
3,0.0034915211630238818,-1.070987735705215,-0.002003180684778005,-12.0,0.5324890767936337,12.0,-0.001065052132796472,-5.344922574784177e-05,-5.344922775102185e-05,-0.0001070987735705215,0.001225589384994154,5.344922574784117e-05
3,0.0034917211630238823,-1.045890151260276,-0.002003292180882632,-12.0,0.5199401173258924,12.0,-0.001067036528932447,-5.219434095067874e-05,-5.219434295396968e-05,-0.0001045890151260276,0.001223809389742814,5.21943409506775e-05
3,0.003491921163023882,-1.020791177012651,-0.002003487779808022,-12.0,0.5073903368017358,12.0,-0.00106901772105425,-5.093938245815499e-05,-5.093938446164217e-05,-0.0001020791177012652,0.001222025977817731,5.093938245815439e-05
3,0.003492121163023882,-0.9956903296594972,-0.002003593169867257,-12.0,0.4948397550390161,12.0,-0.00107099752379973,-4.968433482088949e-05,-4.96843368244815e-05,-9.956903296594972e-05,0.001220240900076823,4.968433482088833e-05
3,0.003492321163023882,-0.9705881714891403,-0.002003782566667167,-12.0,0.4822883918567438,12.0,-0.001072974160843017,-4.842921744234167e-05,-4.842921944612367e-05,-9.705881714891404e-05,0.001218452455826032,4.84292174423411e-05
3,0.003492521163023882,-0.9454842197732182,-0.002003881848347044,-12.0,0.4697362670752701,12.0,-0.001074949358346781,-4.717401489236279e-05,-4.717401689624356e-05,-9.454842197732182e-05,0.001216662307524756,4.717401489236171e-05
3,0.003492721163023882,-0.9203790362397987,-0.002004065042066627,-12.0,0.4571834005161489,12.0,-0.001076921428373068,-4.591874655582211e-05,-4.591874855988661e-05,-9.203790362397987e-05,0.001214868842792247,4.591874655582156e-05
3,0.003492921163023883,-0.8952721387265262,-0.002004158213097684,-12.0,0.4446298120020344,12.0,-0.0010788920087818,-4.466339702151424e-05,-4.466339902567143e-05,-8.952721387265263e-05,0.001213073635860581,4.466339702151322e-05
3,0.003493121163023883,-0.8701640884088446,-0.002004335202923202,-12.0,0.4320755213566855,12.0,-0.001080859499851566,-4.34079856559614e-05,-4.340798766029607e-05,-8.701640884088447e-05,0.001211275162492101,4.340798565596087e-05
3,0.003493321163023883,-0.8450544036820643,-0.002004422261084715,-12.0,0.4195205484051825,12.0,-0.00108282545130986,-4.215249706662767e-05,-4.215249907104898e-05,-8.450544036820644e-05,0.001209474908860905,4.215249706662673e-05
3,0.003493521163023883,-0.8199436451774306,-0.002004593046209424,-12.0,0.4069649129734706,12.0,-0.001084788351482603,-4.089695060196852e-05,-4.089695260656106e-05,-8.199436451774306e-05,0.00120767143870406,4.0896950601968e-05
3,0.003493721163023883,-0.7948313318389449,-0.002004673989437489,-12.0,0.3944086348885764,12.0,-0.001086749662133298,-3.964133088780226e-05,-3.964133289247537e-05,-7.94831331838945e-05,0.001205866150304921,3.964133088780139e-05
3,0.003493921163023883,-0.7697180237614577,-0.002004838569153844,-12.0,0.3818517339786123,12.0,-0.00108870795946775,-3.838565725477711e-05,-3.838565925961519e-05,-7.697180237614577e-05,0.00120405769520901,3.838565725477662e-05
3,0.003494121163023883,-0.7446032404297493,-0.002004913395377561,-12.0,0.3692942300726745,12.0,-0.001090664617451879,-3.712991434680602e-05,-3.712991635171859e-05,-7.446032404297494e-05,0.001202247383974328,3.71299143468052e-05
3,0.0034943211630238833,-0.7194875414100649,-0.002005071769073524,-12.0,0.3567361430007044,12.0,-0.001092618300005996,-3.587412147697827e-05,-3.587412348204957e-05,-7.194875414100649e-05,0.001200433955790441,3.58741214769778e-05
3,0.003494521163023883,-0.6943704467192159,-0.002005140476354472,-12.0,0.3441774925936714,12.0,-0.001094570293463076,-3.461826330700333e-05,-3.461826531214307e-05,-6.943704467192159e-05,0.00119861863365333,3.461826330700259e-05
3,0.003494721163023884,-0.6692525154030436,-0.002005292643440765,-12.0,0.3316182986834342,12.0,-0.00109651934929432,-3.336235913268795e-05,-3.336236113798015e-05,-6.692525154030437e-05,0.001196800244234228,3.336235913268751e-05
3,0.003494921163023884,-0.6441332680020506,-0.002005355229913269,-12.0,0.3190585811026031,12.0,-0.00109846666636227,-3.210639363325232e-05,-3.210639563860686e-05,-6.441332680020507e-05,0.001194979923128593,3.210639363325164e-05
3,0.003495121163023884,-0.6190132630492301,-0.002005501189920711,-12.0,0.3064983596847221,12.0,-0.001100411083527618,-3.08503860874647e-05,-3.085038809296547e-05,-6.190132630492301e-05,0.001193156584328725,3.085038608746428e-05
3,0.0034953211630238843,-0.5938920216006874,-0.002005557653757567,-12.0,0.2939376542641308,12.0,-0.001102353712343108,-2.959432119178946e-05,-2.959432319734649e-05,-5.938920216006875e-05,0.001191331276189082,2.959432119178884e-05
3,0.003495521163023884,-0.5687701016844406,-0.002005697406279872,-12.0,0.2813764846758265,12.0,-0.001104293478899204,-2.833821820821104e-05,-2.833822021390804e-05,-5.687701016844407e-05,0.00118950299986453,2.833821820821064e-05
3,0.003495721163023884,-0.5436470248635896,-0.002005747745780884,-12.0,0.268814870755646,12.0,-0.001106231407597604,-2.708206185014326e-05,-2.708206385589044e-05,-5.436470248635896e-05,0.00118767271662611,2.708206185014269e-05
3,0.0034959211630238842,-0.5185233486692113,-0.002005881290443406,-12.0,0.2562528323401277,12.0,-0.001108166511600856,-2.582587136305748e-05,-2.58258733689384e-05,-5.185233486692114e-05,0.001185839514634558,2.582587136305712e-05
3,0.003496121163023884,-0.4933985951632379,-0.002005925503969469,-12.0,0.2436903892664097,12.0,-0.001110099728316414,-2.456963147703843e-05,-2.456963348296342e-05,-4.933985951632379e-05,0.001184004268233219,2.456963147703792e-05
3,0.003496321163023884,-0.4682733213871313,-0.002006052840536038,-12.0,0.2311275613722332,12.0,-0.001112030157823123,-2.331336142127727e-05,-2.331336342732977e-05,-4.682733213871313e-05,0.001182166152433883,2.331336142127692e-05
3,0.003496521163023885,-0.4431470498936209,-0.002006090926494009,-12.0,0.2185643684961602,12.0,-0.001113958650689108,-2.205704594226587e-05,-2.205704794835635e-05,-4.431470498936209e-05,0.001180325954806053,2.205704594226542e-05
3,0.003496721163023885,-0.4180203372426775,-0.002006212054734752,-12.0,0.2060008304771161,12.0,-0.00111588439375554,-2.08007042531854e-05,-2.080070625939713e-05,-4.180203372426775e-05,0.001178482937059678,2.080070425318508e-05
3,0.0034969211630238852,-0.3928927064691012,-0.002006244011692859,-12.0,0.1934369671545712,12.0,-0.001117808150904284,-1.95443211166268e-05,-1.954432312287042e-05,-3.928927064691013e-05,0.001176637800142349,1.954432111662641e-05
3,0.003497121163023885,-0.367764713658997,-0.002006358931457577,-12.0,0.1808727983687228,12.0,-0.0011197291955868,-1.828791573001832e-05,-1.828791773637697e-05,-3.67764713658997e-05,0.001174789892311127,1.828791573001804e-05
3,0.003497321163023885,-0.342635882321667,-0.002006384757965718,-12.0,0.1683083439600374,12.0,-0.001121648205149848,-1.703147287180065e-05,-1.703147487818507e-05,-3.426358823216671e-05,0.001172939828041793,1.703147287180031e-05
3,0.003497521163023885,-0.3175067680765479,-0.002006493469247625,-12.0,0.1557436237694678,12.0,-0.00112356453950499,-1.57750117238718e-05,-1.577501373036501e-05,-3.175067680765479e-05,0.001171087041989335,1.577501172387154e-05
3,0.003497721163023885,-0.2923768948990841,-0.002006513163968424,-12.0,0.1431786576384578,12.0,-0.001125478789613211,-1.451851708024292e-05,-1.451851908675579e-05,-2.923768948990842e-05,0.001169232062305925,1.451851708024262e-05
3,0.003497921163023885,-0.2672468179502202,-0.002006615666742567,-12.0,0.1306134654088396,12.0,-0.001127390401697797,-1.326200810755844e-05,-1.326201011417388e-05,-2.672468179502202e-05,0.001167374409897186,1.326200810755822e-05
3,0.003498121163023885,-0.2421160616632917,-0.002006629228438597,-12.0,0.1180480669226957,12.0,-0.001129299880481436,-1.200546961511368e-05,-1.200547162174266e-05,-2.421160616632918e-05,0.001165514526738062,1.200546961511343e-05
3,0.003498321163023886,-0.2169851807480052,-0.002006725522804245,-12.0,0.105482482022541,12.0,-0.001131206758352672,-1.074892075453472e-05,-1.074892276126005e-05,-2.169851807480052e-05,0.001163652019839291,1.074892075453453e-05
3,0.003498521163023886,-0.1918537000878232,-0.002006732950264857,-12.0,0.09291673055118477,12.0,-0.001133111453941484,-9.492346350145168e-06,-9.492348356877915e-06,-1.918537000878232e-05,0.001161787245143148,9.492346350144962e-06
3,0.003498721163023886,-0.1667221739488066,-0.002006823036386877,-12.0,0.08035083235159264,12.0,-0.00113501358565702,-8.235765538798113e-06,-8.235767545620989e-06,-1.667221739488066e-05,0.001159919895621837,8.235765538797952e-06
3,0.003498921163023886,-0.1415901276562001,-0.002006824328525426,-12.0,0.06778480726706863,12.0,-0.001136913486180367,-6.979163159559563e-06,-6.979165166383736e-06,-1.415901276562001e-05,0.001158050241327661,6.979163159559407e-06
3,0.003499121163023886,-0.1164581150401984,-0.00200690820660001,-12.0,0.05521867514111711,12.0,-0.001138810859798408,-5.722558334771832e-06,-5.722560341679921e-06,-1.164581150401984e-05,0.001156178061052471,5.722558334771712e-06
3,0.0034993211630238857,-0.09132566185986683,-0.002006903362396617,-12.0,0.04265245581730487,12.0,-0.001140705953385313,-4.465935917970264e-06,-4.465937924873511e-06,-9.132566185986683e-06,0.001154303539099499,4.465935917970149e-06
3,0.0034995211630238863,-0.06619332151672747,-0.002006981032740288,-12.0,0.03008616913944297,12.0,-0.001142598556964708,-3.209315017218412e-06,-3.209317024199359e-06,-6.619332151672747e-06,0.001152426539940188,3.209315017218326e-06
3,0.003499721163023886,-0.0410606201959299,-0.00200697005121037,-12.0,0.01751983495144889,12.0,-0.001144488831743983,-1.952680500265996e-06,-1.952682507235977e-06,-4.106062019592991e-06,0.001150547162267813,1.952680500265926e-06
3,0.003499921163023886,-0.01592811087790211,-0.002007041514194596,-12.0,0.004953473097244017,12.0,-0.001146376653344274,-6.96051461143906e-07,-6.960534681853756e-07,-1.592811087790211e-06,0.001148665356095188,6.960514611438612e-07
3,0.003500121163023887,0.009204679834459413,-0.002007024394488587,-12.0,-0.007612896579206533,12.0,-0.001148262097444587,5.605872184717608e-07,5.605852114474001e-07,9.204679834459414e-07,0.001146781134642903,-5.605872184717946e-07
3,0.0035003211630238867,0.03433719937428738,-0.002007089650542703,-12.0,-0.02017925423385425,12.0,-0.001150145125126133,1.817216458331148e-06,1.817214451241504e-06,3.433719937428738e-06,0.001144894533328715,-1.817216458331155e-06
3,0.0035005211630238873,0.05946992072852187,-0.002007066391829838,-12.0,-0.03274558002266961,12.0,-0.001152025726676078,3.073851363083982e-06,3.073849356017586e-06,5.946992072852187e-06,0.001143005480036062,-3.073851363083978e-06
3,0.003500721163023887,0.08460229173660434,-0.002007125441482276,-12.0,-0.04531185410177999,12.0,-0.001153903948500082,4.330472866029806e-06,4.330470858904332e-06,8.460229173660435e-06,0.00114111409545297,-4.330472866029772e-06
3,0.003500921163023887,0.1097347849835018,-0.002007096043051028,-12.0,-0.05787805662728784,12.0,-0.001155779695628282,5.587096058423724e-06,5.587094051327639e-06,1.097347849835018e-05,0.001139220222259435,-5.587096058423682e-06
3,0.003501121163023887,0.134866848707273,-0.002007148886855485,-12.0,-0.0704441677554086,12.0,-0.0011576530996569,6.843701886855386e-06,6.843699879706427e-06,1.34866848707273e-05,0.001137324066280893,-6.843701886855311e-06
3,0.003501321163023887,0.1599989550987617,-0.002007113348062889,-12.0,-0.08301016764260863,12.0,-0.00115952398049205,8.100305429454652e-06,8.100303422341228e-06,1.599989550987617e-05,0.001135425385125868,-8.100305429454574e-06
3,0.003501521163023887,0.1851305527875678,-0.002007159986693076,-12.0,-0.09557603644542337,12.0,-0.00116139255478844,9.356887645873147e-06,9.356885638713043e-06,1.851305527875678e-05,0.001133524469626061,-9.35688764587303e-06
3,0.003501721163023887,0.2102621135780303,-0.002007118306931344,-12.0,-0.1081417543205952,12.0,-0.001163258557459412,1.06134636013665e-05,1.061346159424808e-05,2.102621135780304e-05,0.001131620992448732,-1.061346360136639e-05
3,0.003501921163023888,0.2353930864838774,-0.002007158741123671,-12.0,-0.1207073014252116,12.0,-0.001165122290087806,1.187001426840896e-05,1.187001226125005e-05,2.353930864838774e-05,0.001129715329302491,-1.18700142684088e-05
3,0.003502121163023888,0.2605239429310511,-0.002007110919901772,-12.0,-0.1332726579164874,12.0,-0.001166983402723698,1.312655469965871e-05,1.312655269254764e-05,2.605239429310511e-05,0.001127807068041773,-1.312655469965856e-05
3,0.003502321163023888,0.2856541323099315,-0.002007145150442299,-12.0,-0.1458378039520807,12.0,-0.00116884228174946,1.438306588016405e-05,1.438306387301869e-05,2.856541323099315e-05,0.001125896669124483,-1.438306588016384e-05
3,0.003502521163023888,0.310784125675893,-0.002007091187344476,-12.0,-0.1584027196898751,12.0,-0.001170698492479669,1.563956285025324e-05,1.563956084316188e-05,3.107841256758931e-05,0.001123983635718934,-1.563956285025306e-05
3,0.003502721163023888,0.335913372788602,-0.002007119215083425,-12.0,-0.1709673852881183,12.0,-0.001172552505969371,1.689602660730374e-05,1.689602460018427e-05,3.35913372788602e-05,0.001122068512906447,-1.689602660730349e-05
3,0.0035029211630238878,0.3610423443406432,-0.002007059109764342,-12.0,-0.1835317809055592,12.0,-0.001174403802923649,1.815247217957969e-05,1.815247017252038e-05,3.610423443406432e-05,0.001120150719294177,-1.815247217957948e-05
3,0.0035031211630238883,0.386170490453874,-0.002007080935656463,-12.0,-0.196095886701231,12.0,-0.001176252938945101,1.940888057655776e-05,1.940887856947652e-05,3.86170490453874e-05,0.001118230884462702,-1.940888057655746e-05
3,0.003503321163023888,0.4112982814657592,-0.002007014687827019,-12.0,-0.208659682834767,12.0,-0.001178099310253606,2.066526681469424e-05,2.066526480767931e-05,4.112982814657592e-05,0.001116308342581307,-2.0665266814694e-05
3,0.003503521163023889,0.4364251678530626,-0.002007030312898644,-12.0,-0.2212231494661824,12.0,-0.001179943556875958,2.192161191532874e-05,2.192160990829806e-05,4.364251678530627e-05,0.001114383807607346,-2.192161191532837e-05
3,0.003503721163023889,0.4615516196058556,-0.002006957922337405,-12.0,-0.2337862667560131,12.0,-0.001181784990669347,2.317793088336783e-05,2.317792887640965e-05,4.615516196058556e-05,0.001112456529393745,-2.317793088336757e-05
3,0.0035039211630238888,0.486677087548513,-0.002006967347682187,-12.0,-0.2463490148654532,12.0,-0.001183624335963047,2.443420475177751e-05,2.443420274480976e-05,4.86677087548513e-05,0.001110527306153991,-2.443420475177711e-05
3,0.0035041211630238893,0.5118020413317189,-0.00200688881428368,-12.0,-0.2589113739561731,12.0,-0.001185460820372502,2.569044851418922e-05,2.569044650730013e-05,5.118020413317189e-05,0.001108595303544402,-2.569044851418895e-05
3,0.003504321163023889,0.5369259321199813,-0.002006892041030967,-12.0,-0.2714733241904576,12.0,-0.001187295252409473,2.694664321494312e-05,2.694664120805062e-05,5.369259321199813e-05,0.001106661403915576,-2.694664321494266e-05
3,0.003504521163023889,0.5620492292322743,-0.002006807364755114,-12.0,-0.2840348457313435,12.0,-0.001189126775566731,2.820280383665915e-05,2.820280182985147e-05,5.620492292322743e-05,0.001104724688845399,-2.820280383665884e-05
3,0.0035047211630238892,0.5871713841662703,-0.002006804394149075,-12.0,-0.2965959187424027,12.0,-0.001190956282420295,2.945891143482587e-05,2.945890942802098e-05,5.871713841662704e-05,0.001102786124704234,-2.945891143482536e-05
3,0.003504921163023889,0.6122928659168166,-0.002006713575009006,-12.0,-0.3091565233880575,12.0,-0.001192782832457745,3.071498098130519e-05,3.071497897459128e-05,6.122928659168167e-05,0.001100844709107929,-3.071498098130485e-05
3,0.003505121163023889,0.6374131263075358,-0.002006704408367477,-12.0,-0.3217166398333632,12.0,-0.001194607402202758,3.197099354250014e-05,3.197099153579516e-05,6.374131263075359e-05,0.001098901492330984,-3.197099354249957e-05
3,0.00350532116302389,0.6625326340168106,-0.00200660744644407,-12.0,-0.3342762482441459,12.0,-0.001196428967253443,3.322696407977054e-05,3.322696207316274e-05,6.625326340168106e-05,0.001096955388141974,-3.322696407977018e-05
3,0.00350552116302389,0.687650841186979,-0.002006592085153497,-12.0,-0.3468353287871406,12.0,-0.001198248587966237,3.448287367019934e-05,3.448287166360662e-05,6.87650841186979e-05,0.001095007530605596,-3.448287367019871e-05
3,0.0035057211630238902,0.712768216187907,-0.002006488980644039,-12.0,-0.3593938616298094,12.0,-0.001200065156163943,3.573873726491691e-05,3.573873525842755e-05,7.12768216187907e-05,0.001093056749756134,-3.573873726491653e-05
3,0.00350592116302389,0.7378842114732271,-0.002006467426127506,-12.0,-0.3719518269404792,12.0,-0.001201879815922478,3.699453595143585e-05,3.699453394496773e-05,7.378842114732272e-05,0.001091104263336265,-3.699453595143517e-05
3,0.00350612116302389,0.7629992951119104,-0.002006358179295176,-12.0,-0.3845092048884797,12.0,-0.001203691375401682,3.825028467091886e-05,3.825028266456028e-05,7.629992951119105e-05,0.001089148817757402,-3.825028467091845e-05
3,0.00350632116302389,0.7881129198620157,-0.002006330433099612,-12.0,-0.3970659756439616,12.0,-0.00120550106228548,3.950596452108694e-05,3.950596251475577e-05,7.881129198620158e-05,0.001087191714329534,-3.95059645210862e-05
3,0.00350652116302389,0.8132255534990376,-0.00200621504424342,-12.0,-0.4096221193780344,12.0,-0.001207307601181505,4.076159043337951e-05,4.076158842716406e-05,8.132255534990376e-05,0.00108523161595088,-4.07615904333791e-05
3,0.0035067211630238904,0.8383366490781927,-0.002006181107974236,-12.0,-0.4221776162628688,12.0,-0.001209112303271746,4.201714351549026e-05,4.201714150930835e-05,8.383366490781928e-05,0.001083269907389876,-4.201714351548945e-05
3,0.00350692116302389,0.8634466740895346,-0.00200605957752914,-12.0,-0.4347324464716568,12.0,-0.00121091380972068,4.327263868941321e-05,4.327263668335318e-05,8.634466740895346e-05,0.001081305168139625,-4.327263868941277e-05
3,0.003507121163023891,0.8885550818781974,-0.002006019452852781,-12.0,-0.4472865901785725,12.0,-0.001212713515100154,4.452805707257284e-05,4.452805506655251e-05,8.885550818781975e-05,0.001079338866319626,-4.452805707257197e-05
3,0.003507321163023891,0.9136623396560907,-0.002005891781273805,-12.0,-0.4598400275588738,12.0,-0.001214509977238973,4.578341357776046e-05,4.578341157186823e-05,9.136623396560907e-05,0.001077369498124273,-4.578341357776e-05
3,0.003507521163023891,0.9387679010512914,-0.002005845469960077,-12.0,-0.4723927387890405,12.0,-0.001216304673992218,4.703868933190899e-05,4.703868732606257e-05,9.387679010512914e-05,0.001075398614918593,-4.703868933190805e-05
3,0.0035077211630238914,0.9638722330054829,-0.002005711657823261,-12.0,-0.4849447040465928,12.0,-0.001218096079958736,4.829389923887742e-05,4.829389723316531e-05,9.63872233005483e-05,0.001073424629702953,-4.829389923887696e-05
3,0.003507921163023891,0.9889747894222597,-0.002005659161671614,-12.0,-0.4974959035102288,12.0,-0.001219885756171941,4.954902443485674e-05,4.954902242919656e-05,9.889747894222598e-05,0.001071449176983874,-4.954902443485573e-05
3,0.0035081211630238907,1.014076036980671,-0.002005519209623108,-12.0,-0.5100463173599622,12.0,-0.001221672094104849,5.080407981503438e-05,5.080407780951469e-05,0.0001014076036980671,0.001069470586670888,-5.080407981503391e-05
3,0.0035083211630238913,1.039175429852999,-0.002005460530557501,-12.0,-0.522595925776941,12.0,-0.001223456737865947,5.205904652463942e-05,5.205904451917784e-05,0.0001039175429852999,0.001067490576309622,-5.205904652463835e-05
3,0.003508521163023891,1.064273434463037,-0.002005314439281425,-12.0,-0.5351447089435852,12.0,-0.001225237995904863,5.331393945043088e-05,5.331393744511595e-05,0.0001064273434463037,0.001065507392820235,-5.331393945043038e-05
3,0.003508721163023891,1.089369505244576,-0.002005249579293433,-12.0,-0.547692647043724,12.0,-0.001227017595303477,5.456873974644421e-05,5.456873774119348e-05,0.0001089369505244576,0.001063522836686731,-5.456873974644305e-05
3,0.003508921163023892,1.114464108374081,-0.002005097349600637,-12.0,-0.5602397202624152,12.0,-0.001228793761589027,5.582346229128196e-05,5.58234602861841e-05,0.0001114464108374082,0.001061535071939686,-5.582346229128146e-05
3,0.0035091211630238917,1.139556698539481,-0.002005026310718971,-12.0,-0.5727859087860818,12.0,-0.001230568304716587,5.70780882475375e-05,5.707808624250998e-05,0.0001139556698539481,0.001059545981902478,-5.707808824753629e-05
3,0.0035093211630238923,1.164647741677426,-0.002004867943481814,-12.0,-0.5853311928026153,12.0,-0.00123233936739018,5.833263248591385e-05,5.833263048104541e-05,0.0001164647741677426,0.001057553647814381,-5.833263248591334e-05
3,0.003509521163023892,1.189736692723289,-0.002004790727879457,-12.0,-0.5978755525013707,12.0,-0.001234108842339821,5.958707617735041e-05,5.958707417255841e-05,0.0001189736692723289,0.001055560035740498,-5.958707617734913e-05
3,0.003509721163023892,1.214824017381321,-0.002004626224018313,-12.0,-0.6104189680729499,12.0,-0.001235874789543942,6.08414341848937e-05,6.084143218026695e-05,0.0001214824017381321,0.001053563144225417,-6.084143418489317e-05
3,0.003509921163023892,1.239909170826817,-0.002004542833881073,-12.0,-0.6229614197096587,12.0,-0.001237639184410555,6.209568768757913e-05,6.209568568303492e-05,0.0001239909170826817,0.001051565021980193,-6.209568768757776e-05
3,0.003510121163023892,1.264992618539769,-0.002004372194478854,-12.0,-0.6355028876053246,12.0,-0.001239400004288585,6.33498515410851e-05,6.334984953671239e-05,0.0001264992618539769,0.001049563584949738,-6.334985154108457e-05
3,0.003510321163023892,1.29007381592834,-0.002004282632080079,-12.0,-0.6480433519551161,12.0,-0.001241159307168865,6.460390693230506e-05,6.460390492802099e-05,0.000129007381592834,0.001047560964396697,-6.460390693230361e-05
3,0.003510521163023892,1.315153228255268,-0.002004105858204486,-12.0,-0.6605827929559994,12.0,-0.001242914987865135,6.585786870978004e-05,6.585786670567364e-05,0.0001315153228255268,0.001045554993759711,-6.58578687097795e-05
3,0.003510721163023893,1.340230311154935,-0.002004010125968125,-12.0,-0.673121190806521,12.0,-0.001244669186857464,6.711171806805681e-05,6.711171606404516e-05,0.0001340230311154935,0.001043547886760428,-6.71117180680553e-05
3,0.003510921163023893,1.365305529680656,-0.002003827218802434,-12.0,-0.6856585257068036,12.0,-0.001246419716517344,6.836546984880067e-05,6.836546784497291e-05,0.0001365305529680656,0.001041537394422878,-6.836546984880013e-05
3,0.003511121163023893,1.390378339685361,-0.002003725319143446,-12.0,-0.6981947778586489,12.0,-0.001248168799721908,6.961910525395217e-05,6.961910325022522e-05,0.0001390378339685361,0.001039525812836728,-6.961910525395055e-05
3,0.003511321163023893,1.415449206020697,-0.00200353627997546,-12.0,-0.7107299274656742,12.0,-0.001249914166491617,7.087263911857043e-05,7.087263711503362e-05,0.0001415449206020697,0.001037510810701678,-7.087263911856987e-05
3,0.003511521163023893,1.440517584751376,-0.002003428215441361,-12.0,-0.7232639547331321,12.0,-0.001251658122010349,7.212605265177077e-05,7.212605064834086e-05,0.0001440517584751376,0.001035494766385772,-7.212605265176909e-05
3,0.0035117211630238928,1.465583940534662,-0.002003233045590247,-12.0,-0.735796839868047,12.0,-0.001253398314037049,7.337936068224624e-05,7.337935867901263e-05,0.0001465583940534662,0.001033475266353098,-7.337936068224568e-05
3,0.0035119211630238933,1.490647729639916,-0.002003118818805105,-12.0,-0.7483285630793537,12.0,-0.001255137129973591,7.463254442605665e-05,7.463254242293605e-05,0.0001490647729639916,0.001031454771162135,-7.463254442605486e-05
3,0.003512121163023893,1.515709416537923,-0.002002917519718816,-12.0,-0.7608591045777152,12.0,-0.001256872135405498,7.58856187058002e-05,7.588561670288212e-05,0.0001515709416537924,0.001029430785128294,-7.588561870579964e-05
3,0.003512321163023893,1.540768457695334,-0.002002797133348055,-12.0,-0.7733884445756606,12.0,-0.001258605799865212,7.713856474423313e-05,7.713856274143412e-05,0.0001540768457695334,0.001027405850914292,-7.713856474423126e-05
3,0.003512521163023894,1.56582531740396,-0.002002589706540103,-12.0,-0.7859165632876872,12.0,-0.001260335606851348,7.839139735811529e-05,7.8391395355525e-05,0.000156582531740396,0.001025377390772395,-7.839139735811472e-05
3,0.0035127211630238938,1.590879452321053,-0.002002463163399026,-12.0,-0.7984434409302565,12.0,-0.00126206410794133,7.964409777668772e-05,7.96440957742226e-05,0.0001590879452321053,0.001023348029384613,-7.964409777668575e-05
3,0.0035129211630238943,1.615931326566861,-0.002002249610433604,-12.0,-0.8109690577215771,12.0,-0.001263788704631702,8.08966808111149e-05,8.089667880886473e-05,0.0001615931326566861,0.001021315107024023,-8.089668081111436e-05
3,0.003513121163023894,1.640980396981718,-0.00200211691335539,-12.0,-0.8234933938820612,12.0,-0.00126551203046063,8.214912769687264e-05,8.214912569475368e-05,0.0001640980396981718,0.001019281330308819,-8.214912769687059e-05
3,0.003513321163023894,1.666027127522448,-0.002001897235964889,-12.0,-0.8360164296341435,12.0,-0.001267231405006064,8.340145323981842e-05,8.340145123792063e-05,0.0001666027127522448,0.001017243957615099,-8.340145323981787e-05
3,0.003513521163023894,1.691070975205406,-0.002001758387874752,-12.0,-0.8485381452020991,12.0,-0.001268949543684408,8.465363868142459e-05,8.465363667966405e-05,0.0001691070975205406,0.001015205777415651,-8.465363868142244e-05
3,0.003513721163023894,1.716112403831012,-0.002001532587779464,-12.0,-0.8610585208125012,12.0,-0.001270663684236631,8.590569882247273e-05,8.590569682093958e-05,0.0001716112403831012,0.001013163966270381,-8.590569882247218e-05
3,0.003513921163023894,1.741150870584975,-0.002001387591759718,-12.0,-0.8735775366940031,12.0,-0.001272376623876373,8.71576149102266e-05,8.715761290883675e-05,0.0001741150870584975,0.001011121394426592,-8.715761491022433e-05
3,0.003514121163023895,1.766186839119154,-0.002001155670800392,-12.0,-0.8860951730773343,12.0,-0.001274085518587972,8.840940174065393e-05,8.840939973949773e-05,0.0001766186839119154,0.001009075156707159,-8.84094017406534e-05
3,0.003514321163023895,1.791219766780927,-0.002001004529929684,-12.0,-0.898611410195403,12.0,-0.001275793247302773,8.96610405665497e-05,8.966103856554283e-05,0.0001791219766780927,0.00100702820505541,-8.966104056654733e-05
3,0.003514521163023895,1.816250117081369,-0.002000766490055983,-12.0,-0.9111262282834333,12.0,-0.001277496884327101,9.091254617933827e-05,9.091254417857125e-05,0.0001816250117081369,0.001004977552634845,-9.091254617933773e-05
3,0.003514721163023895,1.841277347522727,-0.002000609207551851,-12.0,-0.9236396075787835,12.0,-0.001279199390232119,9.216389983712563e-05,9.216389783651396e-05,0.0001841277347522727,0.00100292623300792,-9.216389983712317e-05
3,0.003514921163023895,1.866301921482619,-0.002000365050749853,-12.0,-0.9361515283210847,12.0,-0.001280897757723262,9.341511632703404e-05,9.341511432666845e-05,0.0001866301921482619,0.001000871177754756,-9.34151163270335e-05
3,0.003515121163023895,1.891323296610986,-0.00200020162991188,-12.0,-0.9486619707523768,12.0,-0.001282595028935213,9.466617691224906e-05,9.466617491204488e-05,0.0001891323296610986,0.000998815501981512,-9.46661769122465e-05
3,0.003515321163023895,1.916341936159924,-0.001999951358301555,-12.0,-0.961170915116928,12.0,-0.001284288115048091,9.591709637586319e-05,9.591709437591127e-05,0.0001916341936159924,0.000996756055759579,-9.591709637586265e-05
3,0.0035155211630238953,1.941357297919673,-0.001999781802478728,-12.0,-0.9736783416613726,12.0,-0.001285980139685186,9.716785598589206e-05,9.716785398610759e-05,0.0001941357297919673,0.00099469603566478,-9.716785598588939e-05
3,0.003515721163023895,1.966369845024412,-0.001999525418258208,-12.0,-0.9861842306348476,12.0,-0.001287667932575287,9.841847052165945e-05,9.84184685221335e-05,0.0001966369845024412,0.0009926322103329527,-9.841847052165894e-05
3,0.003515921163023896,1.991379035397818,-0.00199934973093685,-12.0,-0.9986885622888118,12.0,-0.001289354698757142,9.96689212557903e-05,9.966891925643777e-05,0.0001991379035397819,0.0009905678577372817,-9.96689212557875e-05
3,0.003516121163023896,2.016385332063563,-0.001999087236353003,-12.0,-1.011191316877183,12.0,-0.001291037186580718,0.0001009192229640836,0.0001009192209649958,0.0002016385332063563,0.0009884996651492728,-0.000100919222964083
3,0.003516321163023896,2.041388193071497,-0.001998905421092823,-12.0,-1.023692474656442,12.0,-0.00129271868242839,0.0001021693569235378,0.0001021693549246295,0.0002041388193071497,0.0009864309918688613,-0.0001021693569235349
3,0.0035165211630238963,2.066388081342817,-0.0019986368185404,-12.0,-1.036192015885588,12.0,-0.001294395853342234,0.0001034193379067052,0.0001034193359080679,0.0002066388081342817,0.0009843584438731512,-0.0001034193379067047
3,0.003516721163023896,2.091384455046289,-0.001998448878980374,-12.0,-1.048689920826104,12.0,-0.001296072066978057,0.0001046691471947154,0.0001046691451962635,0.0002091384455046289,0.0009822854617195231,-0.0001046691471947123
3,0.003516921163023896,2.116377777007973,-0.001998174170886213,-12.0,-1.061186169742057,12.0,-0.001297743909139504,0.0001059187995571176,0.000105918797558943,0.0002116377777007973,0.0009802085701591245,-0.0001059187995571171
3,0.0035171211630238963,2.141367505508517,-0.00199798011078467,-12.0,-1.073680742900236,12.0,-0.001299414828687145,0.0001071682762789483,0.0001071682742809651,0.0002141367505508517,0.000978131290938919,-0.0001071682762789452
3,0.003517321163023896,2.166354103286817,-0.001997699299711386,-12.0,-1.086173620569969,12.0,-0.001301081330254042,0.0001084175921270262,0.0001084175901293264,0.0002166354103286817,0.0009760500676510298,-0.0001084175921270257
3,0.003517521163023896,2.191337028727913,-0.001997499122874835,-12.0,-1.09866478302326,12.0,-0.001302746943838265,0.0001096667283900418,0.0001096667263925394,0.0002191337028727913,0.0009739685031659451,-0.0001096667283900385
3,0.003517721163023897,2.21631674449121,-0.001997212211469201,-12.0,-1.111154210534931,12.0,-0.001304408092968945,0.0001109156998323466,0.0001109156978351339,0.000221631674449121,0.0009718829599819068,-0.0001109156998323461
3,0.003517921163023897,2.241292709059214,-0.001997005921845374,-12.0,-1.123641883382434,12.0,-0.001306068388715914,0.0001121644877460623,0.000112164485749053,0.0002241292709059214,0.0009697971220282015,-0.0001121644877460589
3,0.0035181211630238973,2.26626538501931,-0.001996712912807896,-12.0,-1.136127781845996,12.0,-0.001307724173568892,0.0001134131068933192,0.0001134131048966059,0.000226626538501931,0.0009677072707732631,-0.0001134131068933188
3,0.003518321163023897,2.291234230944187,-0.001996500514432786,-12.0,-1.148611886208748,12.0,-0.00130937913960566,0.000114661538569435,0.000114661536572931,0.0002291234230944187,0.0009656171711418943,-0.0001146615385694315
3,0.003518521163023897,2.316199709357207,-0.001996201410597975,-12.0,-1.161094176756514,12.0,-0.00131102954833992,0.0001159097975345921,0.0001159097955383903,0.0002316199709357207,0.0009635230236349213,-0.0001159097975345917
3,0.003518721163023897,2.341161278913846,-0.001995982907582849,-12.0,-1.173574633778126,12.0,-0.001312679172794678,0.000117157865087058,0.0001171578630910715,0.0002341161278913846,0.0009614286741110728,-0.0001171578650870543
3,0.003518921163023897,2.366119402081211,-0.001995677711880028,-12.0,-1.186053237565203,12.0,-0.001314324193569472,0.0001184057559853327,0.0001184057539896546,0.0002366119402081211,0.000959330242164283,-0.0001184057559853323
3,0.003519121163023897,2.391073537590241,-0.001995453108425416,-12.0,-1.19852996841229,12.0,-0.001315968464571327,0.0001196534515303902,0.0001196534495349333,0.0002391073537590241,0.0009572316545271298,-0.0001196534515303864
3,0.003519321163023897,2.41602414785953,-0.001995141823875946,-12.0,-1.211004806616997,12.0,-0.001317608085545957,0.0001209009664793126,0.0001209009644841703,0.000241602414785953,0.0009551289499461352,-0.0001209009664793121
3,0.003519521163023898,2.440970691688443,-0.001994911124322929,-12.0,-1.223477732479817,12.0,-0.001319246991224821,0.0001221482821355533,0.0001221482801406383,0.0002440970691688443,0.0009530261359688846,-0.0001221482821355494
3,0.003519721163023898,2.465913631454627,-0.001994593754007123,-12.0,-1.235948726304262,12.0,-0.00132088120055876,0.0001233954132550259,0.0001233954112604317,0.0002465913631454628,0.0009509191705520947,-0.0001233954132550255
3,0.003519921163023898,2.490852426018497,-0.001994356962788491,-12.0,-1.248417768397001,12.0,-0.001322514729045404,0.0001246423411434253,0.0001246423391490643,0.0002490852426018497,0.000948812142001515,-0.0001246423411434212
3,0.003520121163023898,2.515787537724835,-0.001994033509926774,-12.0,-1.260884839067643,12.0,-0.001324143514897985,0.0001258890805557721,0.0001258890785617381,0.0002515787537724835,0.0009467009275402338,-0.0001258890805557716
3,0.003520321163023898,2.540718425487633,-0.001993790631554249,-12.0,-1.273349918629054,12.0,-0.001325771654324015,0.0001271356127997542,0.0001271356108059594,0.0002540718425487633,0.0009445896961763622,-0.00012713561279975
3,0.0035205211630238977,2.565645551626646,-0.001993461099467742,-12.0,-1.285812987397136,12.0,-0.001327395004854626,0.0001283819526297672,0.0001283819506363057,0.0002565645551626646,0.0009424742444543999,-0.0001283819526297668
3,0.0035207211630238983,2.59056837510204,-0.00199321213854986,-12.0,-1.298274025690966,12.0,-0.001329017743352062,0.000129628081355246,0.0001296280793620295,0.000259056837510204,0.0009403588220305292,-0.0001296280813552416
3,0.003520921163023898,2.615487358216376,-0.00199287653065483,-12.0,-1.310733013832935,12.0,-0.001330635646719869,0.0001308740137302284,0.0001308740117373515,0.0002615487358216376,0.000938239144823938,-0.0001308740137302281
3,0.003521121163023898,2.640401959968817,-0.001992621491937907,-12.0,-1.323189932148531,12.0,-0.001332252972421288,0.0001321197310656638,0.0001321197290730378,0.0002640401959968817,0.0009361195430863389,-0.0001321197310656593
3,0.003521321163023899,2.665312642652494,-0.001992279811734554,-12.0,-1.335644760966648,12.0,-0.001333865416785235,0.0001333652481154917,0.0001333652461232115,0.0002665312642652495,0.0009339956521631915,-0.0001333652481154913
3,0.0035215211630238987,2.690218865298164,-0.001992018700071041,-12.0,-1.348097480619376,12.0,-0.001335477317823741,0.0001346105461919352,0.0001346105441999117,0.0002690218865298164,0.0009318718828507239,-0.0001346105461919305
3,0.0035217211630238993,2.71512109019739,-0.001991670951155045,-12.0,-1.360548071442137,12.0,-0.0013370842913423,0.0001358556400490986,0.0001358556380574273,0.000271512109019739,0.0009297437899709465,-0.0001358556400490982
3,0.003521921163023899,2.740018776405059,-0.001991403771500755,-12.0,-1.372996513773819,12.0,-0.001338690755851246,0.0001371005110002367,0.000137100509008828,0.000274001877640506,0.0009276158648149069,-0.0001371005110002318
3,0.003522121163023899,2.764912386219351,-0.001991049957614011,-12.0,-1.385442787956596,12.0,-0.001340292246682667,0.0001383451737998986,0.0001383451718088483,0.0002764912386219352,0.0009254835817298496,-0.0001383451737998983
3,0.003522321163023899,2.789801378711606,-0.00199077671499881,-12.0,-1.397886874336068,12.0,-0.001341893262795768,0.0001395896097621119,0.0001395896077713302,0.0002789801378711606,0.0009233515124536656,-0.000139589609762107
3,0.003522521163023899,2.814686216194516,-0.001990416839978359,-12.0,-1.410328753261394,12.0,-0.001343489259097302,0.0001408338336421419,0.0001408338316517247,0.0002814686216194516,0.0009212150509062406,-0.0001408338336421416
3,0.003522721163023899,2.839566357748696,-0.001990137539593873,-12.0,-1.422768405085114,12.0,-0.001345084814948161,0.0001420778267545573,0.0001420778247644145,0.0002839566357748697,0.0009190788492253049,-0.0001420778267545521
3,0.003522921163023899,2.864442265709096,-0.001989771607346813,-12.0,-1.435205810163285,12.0,-0.001346675304876865,0.0001433216038555941,0.0001433216018658222,0.0002864442265709097,0.0009169382209491678,-0.0001433216038555938
3,0.0035231211630239,2.889313399157994,-0.00198948625448081,-12.0,-1.447640948855581,12.0,-0.001348265388599279,0.0001445651462601154,0.0001445651442706237,0.0002889313399157994,0.0009147978985704908,-0.00014456514626011
3,0.0035233211630239,2.914180220461028,-0.001989114269089431,-12.0,-1.460073801525291,12.0,-0.001349850360310989,0.0001458084687256204,0.0001458084667365059,0.0002914180220461028,0.0009126531152903183,-0.0001458084687256202
3,0.0035235211630239,2.939042188694401,-0.001988822869116169,-12.0,-1.472504348539103,12.0,-0.001351434960038644,0.0001470515525670043,0.0001470515505781759,0.0002939042188694401,0.0009105086839122783,-0.0001470515525669987
3,0.0035237211630239,2.96389976626209,-0.001988444834709946,-12.0,-1.484932570267558,12.0,-0.00135301440168864,0.0001482944125432851,0.00014829441055484,0.000296389976626209,0.0009083597573429913,-0.0001482944125432848
3,0.0035239211630239,2.988752412227123,-0.001988147393197304,-12.0,-1.497358447084831,12.0,-0.001354593505554891,0.0001495370299691691,0.000149537027981016,0.0002988752412227123,0.0009062112286551544,-0.0001495370299691634
3,0.0035241211630239,3.013600589040064,-0.001987763314045488,-12.0,-1.509781959368733,12.0,-0.001356167405297121,0.0001507794196054691,0.0001507794176177055,0.0003013600589040064,0.0009040581705021811,-0.0001507794196054688
3,0.0035243211630239003,3.038443755742628,-0.001987459836595651,-12.0,-1.522203087500806,12.0,-0.001357741001435098,0.000152021562766427,0.0001520215607789612,0.0003038443755742629,0.0009019055561848704,-0.000152021562766421
3,0.0035245211630239,3.063282374840217,-0.001987069717104939,-12.0,-1.534621811866463,12.0,-0.001359309347422566,0.0001532634742149361,0.0001532634722278661,0.0003063282374840217,0.0008997483781433835,-0.0001532634742149358
3,0.003524721163023901,3.08811590534593,-0.001986760209495175,-12.0,-1.54703811285481,12.0,-0.00136087742396479,0.0001545051352645375,0.0001545051332777713,0.0003088115905345929,0.0008975916898675412,-0.0001545051352645314
3,0.003524921163023901,3.112944809827845,-0.001986364054141987,-12.0,-1.559451970858776,12.0,-0.001362440204349114,0.0001557465606804636,0.0001557465586940993,0.0003112944809827845,0.0008954304036225408,-0.0001557465606804634
3,0.003525121163023901,3.137768547262736,-0.001986048522267803,-12.0,-1.571863366275255,12.0,-0.001364002749427412,0.000156987731775305,0.0001569877297892502,0.0003137768547262736,0.0008932696530494361,-0.0001569877317752987
3,0.0035253211630239013,3.162587580289846,-0.00198564633569287,-12.0,-1.584272279504926,12.0,-0.001365559952358902,0.0001582286633169234,0.0001582286613312769,0.0003162587580289846,0.0008911042702752503,-0.0001582286633169233
3,0.003525521163023901,3.187401367841656,-0.001985324785538811,-12.0,-1.596678690952384,12.0,-0.001367116954104519,0.0001594693366166911,0.0001594693346313598,0.0003187401367841656,0.0008889394690560354,-0.0001594693366166846
3,0.003525721163023901,3.212210372636698,-0.001984916572489448,-12.0,-1.609082581026249,12.0,-0.00136866856773174,0.0001607097664453761,0.0001607097644604594,0.0003212210372636698,0.0008867700014161539,-0.000160709766445376
3,0.0035259211630239012,3.23701405355583,-0.001984589010233018,-12.0,-1.621483930139155,12.0,-0.001370220014275031,0.0001619499341128989,0.0001619499321283032,0.0003237014053555831,0.0008846011611918086,-0.0001619499341128922
3,0.003526121163023901,3.261812873404932,-0.00198417477554913,-12.0,-1.633882718707538,12.0,-0.001371766026744992,0.000163189854393199,0.0001631898524090241,0.0003261812873404932,0.000882427620338494,-0.0001631898543931988
3,0.003526321163023901,3.286606291005049,-0.001983841207435111,-12.0,-1.646278927152089,12.0,-0.001373311906215119,0.0001644295085944724,0.0001644295066106242,0.0003286606291005049,0.0008802547527392846,-0.0001644295085944654
3,0.003526521163023902,3.31139476925823,-0.001983420956165549,-12.0,-1.658672535897573,12.0,-0.00137485230567283,0.0001656689114941409,0.0001656689095107197,0.000331139476925823,0.0008780771503134055,-0.0001656689114941407
3,0.003526721163023902,3.336177766917929,-0.001983081388581498,-12.0,-1.67106352537265,12.0,-0.001376392606197929,0.0001669080443984141,0.0001669080424153255,0.0003336177766917929,0.0008759002669588289,-0.0001669080443984069
3,0.0035269211630239022,3.360955746990122,-0.001982655125809529,-12.0,-1.683451876010327,12.0,-0.001377927380786431,0.0001681469220884518,0.0001681469201057966,0.0003360955746990122,0.0008737186145895137,-0.0001681469220884517
3,0.003527121163023902,3.38572816815329,-0.00198230956535661,-12.0,-1.695837568247776,12.0,-0.001379462090493139,0.0001693855258682493,0.0001693855238859323,0.000338572816815329,0.0008715377270877844,-0.0001693855258682419
3,0.003527321163023902,3.410495493525827,-0.001981877296314938,-12.0,-1.708220582526159,12.0,-0.001380991228353501,0.0001706238705229845,0.0001706238685411071,0.0003410495493525827,0.0008693520363919349,-0.0001706238705229844
3,0.003527521163023902,3.435257181702724,-0.001981525749638058,-12.0,-1.720600899291077,12.0,-0.001382520335366955,0.0001718619373541515,0.0001718619353726181,0.0003435257181702725,0.0008671671563398597,-0.0001718619373541439
3,0.003527721163023902,3.460013695923673,-0.001981087479761667,-12.0,-1.732978498992354,12.0,-0.001384043824637693,0.0001730997411512593,0.0001730997391701717,0.0003460013695923673,0.0008649774389219989,-0.0001730997411512592
3,0.003527921163023902,3.484764494692423,-0.001980729953682703,-12.0,-1.745353362084035,12.0,-0.001385567317081504,0.0001743372632130432,0.0001743372612323053,0.0003484764494692423,0.0008627885779046163,-0.0001743372632130352
3,0.003528121163023902,3.509510041377893,-0.001980285688456762,-12.0,-1.757725469024489,12.0,-0.001387085145898692,0.0001755745183336033,0.0001755745163533175,0.0003509510041377893,0.0008605948453566936,-0.0001755745183336032
3,0.003528321163023903,3.534249794384738,-0.001979922189965455,-12.0,-1.770094800276538,12.0,-0.001388603011894363,0.0001768114878086654,0.0001768114858287352,0.0003534249794384738,0.0008584020149468574,-0.0001768114878086573
3,0.003528521163023903,3.558984217219939,-0.001979471935065424,-12.0,-1.782461336307287,12.0,-0.001390115168391465,0.0001780481864372222,0.0001780481844577502,0.0003558984217219939,0.000856204278847722,-0.0001780481864372222
3,0.003528721163023903,3.583712768180701,-0.001979102471250327,-12.0,-1.794825057588251,12.0,-0.00139162739605872,0.0001792845955117085,0.0001792845935325976,0.0003583712768180701,0.0008540074906057682,-0.0001792845955117001
3,0.003528921163023903,3.608435910920609,-0.001978646232487336,-12.0,-1.807185944595497,12.0,-0.001393133868366259,0.000180520729836301,0.0001805207278576548,0.0003608435910920609,0.0008518057625210296,-0.000180520729836301
3,0.003529121163023903,3.633153103621599,-0.001978270810636396,-12.0,-1.819543977809462,12.0,-0.001394640445822604,0.0001817565706998913,0.0001817565687216118,0.0003633153103621599,0.0008496050279945544,-0.0001817565706998826
3,0.0035293211630239027,3.657864810092229,-0.0019778085939266,-12.0,-1.83189913771509,12.0,-0.001396141222068131,0.0001829921329121164,0.0001829921309343078,0.000365786481009223,0.0008473993194759999,-0.0001829921329121164
3,0.0035295211630239033,3.682570488390922,-0.001977427221466321,-12.0,-1.844251404801933,12.0,-0.001397642137428573,0.0001842273977580556,0.0001842273957806195,0.0003682570488390923,0.0008451946501996377,-0.0001842273977580467
3,0.003529721163023903,3.707270602490289,-0.001976959032938597,-12.0,-1.856600759564142,12.0,-0.001399137205736478,0.0001854623800531204,0.0001854623780761614,0.0003707270602490289,0.0008429849727851213,-0.0001854623800531204
3,0.003529921163023903,3.731964610316832,-0.001976571717420716,-12.0,-1.868947182500264,12.0,-0.001400632447113415,0.0001866970610782936,0.0001866970591017126,0.0003731964610316832,0.0008407763802799062,-0.0001866970610782844
3,0.003530121163023904,3.756652976015535,-0.001976097563291646,-12.0,-1.88129065411368,12.0,-0.001402121795604505,0.0001879314556550389,0.0001879314536789414,0.0003756652976015536,0.0008385627454930156,-0.0001879314556550389
3,0.0035303211630239037,3.781335157373192,-0.001975704312506377,-12.0,-1.893631154912399,12.0,-0.001403611351107781,0.0001891655450599987,0.0001891655430842849,0.0003781335157373192,0.000836350241266326,-0.0001891655450599893
3,0.0035305211630239043,3.806011618716104,-0.001975224199170844,-12.0,-1.90596866540905,12.0,-0.001405094967899589,0.0001903993441209879,0.0001903993421457638,0.0003806011618716105,0.000834132660615744,-0.000190399344120988
3,0.003530721163023904,3.830681817682505,-0.001974825020989224,-12.0,-1.918303166120987,12.0,-0.001406578825635663,0.0001916328341100095,0.0001916328321351747,0.0003830681817682505,0.0008319162561608306,-0.0001916328341099997
3,0.003530921163023904,3.855346218788987,-0.001974338955022414,-12.0,-1.930634637570417,12.0,-0.001408056698841725,0.0001928660298615394,0.0001928660278872005,0.0003855346218788987,0.0008296947411404187,-0.0001928660298615394
3,0.003531121163023904,3.880004279517176,-0.001973933857535526,-12.0,-1.942963060284229,12.0,-0.001409534846914334,0.0001940989126426795,0.0001940989106687356,0.0003880004279517176,0.0008274744479359053,-0.0001940989126426694
3,0.003531321163023904,3.904656464582543,-0.001973441845624979,-12.0,-1.955288414794128,12.0,-0.001411006964643968,0.0001953314972948503,0.0001953314953214084,0.0003904656464582543,0.0008252490100241483,-0.0001953314972948503
3,0.003531521163023904,3.929302231301637,-0.001973030837091772,-12.0,-1.967610681636764,12.0,-0.001412479391153382,0.0001965637650799777,0.0001965637631069364,0.0003929302231301637,0.0008230248395338646,-0.0001965637650799673
3,0.003531721163023904,3.953942044598056,-0.001972532886136857,-12.0,-1.979929841353563,12.0,-0.001413945741512129,0.0001977957308467425,0.0001977957288742097,0.0003953942044598057,0.0008207954901933434,-0.0001977957308467426
3,0.003531921163023905,3.978575361614524,-0.001972115974954392,-12.0,-1.992245874490854,12.0,-0.001415412434554786,0.0001990273758516007,0.0001990273738794739,0.0003978575361614525,0.0008185674538661314,-0.0001990273758515899
3,0.003532121163023905,4.003202647491732,-0.001971612092014796,-12.0,-2.004558761600009,12.0,-0.001416873005643249,0.0002002587149507993,0.0002002587129791873,0.0004003202647491732,0.0008163342045434674,-0.0002002587149507995
3,0.003532321163023905,4.027823359190316,-0.001971189286809505,-12.0,-2.016868483237265,12.0,-0.001418333953312062,0.0002014897293950567,0.0002014897274238563,0.0004027823359190317,0.0008141023138123482,-0.0002014897293950456
3,0.003532521163023905,4.052437962076889,-0.001970679479077697,-12.0,-2.029175019963856,12.0,-0.001419788733226623,0.0002027204340484777,0.0002027204320777983,0.0004052437962076889,0.0008118651759375373,-0.0002027204340484778
3,0.003532721163023905,4.077045912921327,-0.001970250788652317,-12.0,-2.04147835234615,12.0,-0.001421243923610205,0.0002039508101557612,0.000203950808185499,0.0004077045912921327,0.000809629442219878,-0.0002039508101557498
3,0.0035329211630239048,4.10164767732556,-0.001969735063537481,-12.0,-2.053778460955437,12.0,-0.001422692900442113,0.0002051808725891898,0.0002051808706194548,0.000410164767732556,0.0008073884272061516,-0.0002051808725891899
3,0.0035331211630239053,4.126242711859866,-0.001969300496864612,-12.0,-2.066075326368235,12.0,-0.001424142321624855,0.0002064106025871488,0.0002064106006178365,0.0004126242711859866,0.0008051488619028324,-0.000206410602587137
3,0.003533321163023905,4.15083148237066,-0.001968778861952014,-12.0,-2.078368929166047,12.0,-0.001425585483460334,0.0002076400150304094,0.0002076400130616306,0.000415083148237066,0.0008029039811462135,-0.0002076400150304095
3,0.003533521163023906,4.175413445219934,-0.001968338428208538,-12.0,-2.090659249935664,12.0,-0.001427029123522272,0.0002088690911507577,0.0002088690891824071,0.0004175413445219934,0.0008006605956413504,-0.0002088690911507455
3,0.003533721163023906,4.199989066507889,-0.001967810891269517,-12.0,-2.102946269268958,12.0,-0.001428466458442135,0.0002100978458377687,0.000210097843869958,0.0004199989066507889,0.0007984118605202095,-0.0002100978458377688
3,0.0035339211630239058,4.224557802379284,-0.001967364599817278,-12.0,-2.115229967763014,12.0,-0.001429904305458252,0.0002113262603163322,0.0002113262583489551,0.0004224557802379284,0.0007961646661811816,-0.0002113262603163197
3,0.0035341211630239063,4.249120119197457,-0.001966831168815686,-12.0,-2.127510326020264,12.0,-0.001431335801537648,0.0002125543494851447,0.0002125543475183137,0.0004249120119197457,0.0007939120880558204,-0.0002125543494851448
3,0.003534321163023906,4.273675472881266,-0.001966379029258558,-12.0,-2.139787324648311,12.0,-0.001432767843578486,0.0002137820945619182,0.0002137820925955263,0.0004273675472881266,0.0007916610962320769,-0.0002137820945619052
3,0.003534521163023906,4.298224330066386,-0.001965839712317008,-12.0,-2.152060944260066,12.0,-0.001434193488886737,0.0002150095104547748,0.0002150095084889351,0.0004298224330066386,0.0007894046864445337,-0.0002150095104547749
3,0.0035347211630239062,4.322766146436734,-0.001965381734460925,-12.0,-2.164331165473875,12.0,-0.001435619714016956,0.0002162365783739547,0.0002162365764085597,0.0004322766146436734,0.0007871499084679545,-0.0002162365783739414
3,0.003534921163023906,4.347301388910077,-0.001964836539941617,-12.0,-2.176597968913316,12.0,-0.001437039496617387,0.0002174633132373373,0.000217463311272501,0.0004347301388910078,0.0007848896783413106,-0.0002174633132373375
3,0.003535121163023906,4.371829512926187,-0.001964372733787689,-12.0,-2.188861335207502,12.0,-0.001438459892896204,0.0002186896962473852,0.0002186896942829988,0.0004371829512926187,0.0007826311255256513,-0.0002186896962473714
3,0.003535321163023907,4.396350985694514,-0.001963821670262211,-12.0,-2.201121244990867,12.0,-0.001439873800845703,0.0002199157423320603,0.0002199157403682389,0.0004396350985694514,0.0007803670863637535,-0.0002199157423320605
3,0.003535521163023907,4.420865262401501,-0.001963352046023825,-12.0,-2.213377678903307,12.0,-0.001441288356327008,0.0002211414326857425,0.0002211414307223763,0.0004420865262401501,0.0007781047700036459,-0.0002211414326857283
3,0.0035357211630239072,4.445372810557903,-0.001962795122270267,-12.0,-2.225630617590308,12.0,-0.001442696377675634,0.0002223667822468037,0.0002223667802840087,0.0004445372810557904,0.0007758369330908566,-0.0002223667822468038
3,0.003535921163023907,4.469873085087861,-0.001962319690431258,-12.0,-2.237880041702774,12.0,-0.001444105080406988,0.0002235917722012489,0.0002235917702389146,0.0004469873085087861,0.0007735708644622252,-0.0002235917722012343
3,0.003536121163023907,4.494366553812956,-0.001961756915406454,-12.0,-2.250125931897156,12.0,-0.001445507203197971,0.0002248164174981749,0.0002248164155364181,0.0004494366553812956,0.0007712992410628672,-0.000224816417498175
3,0.003536321163023907,4.518852671385651,-0.001961275686674258,-12.0,-2.262368268835594,12.0,-0.001446910041220384,0.000226040699314907,0.0002260406973536163,0.0004518852671385651,0.0007690294314218749,-0.0002260406993148919
3,0.003536521163023907,4.543331905948487,-0.001960707069609491,-12.0,-2.274607033185729,12.0,-0.001448306253489795,0.0002272646326116118,0.0002272646306509048,0.0004543331905948487,0.0007667540327795652,-0.0002272646326116119
3,0.0035367211630239074,4.567803711872611,-0.001960220054895379,-12.0,-2.286842205620849,12.0,-0.001449703214838116,0.0002284881985566109,0.0002284881965963754,0.0004567803711872612,0.0007644804933625016,-0.0002284881985565954
3,0.003536921163023907,4.592268557631386,-0.001959645605243754,-12.0,-2.299073766820015,12.0,-0.00145109350461442,0.000229711412121477,0.0002297114101618315,0.0004592268557631387,0.0007622013307002906,-0.0002297114121214771
3,0.003537121163023908,4.616725897305415,-0.001959152815745435,-12.0,-2.311301697467853,12.0,-0.001452484577316282,0.0002309342544652267,0.000230934252506058,0.0004616725897305415,0.0007599240727229895,-0.0002309342544652108
3,0.003537321163023908,4.641176199708752,-0.001958572543173887,-12.0,-2.323525978254862,12.0,-0.001453868932620173,0.0002321567405711687,0.0002321567386125963,0.0004641176199708751,0.0007576411572422503,-0.0002321567405711688
3,0.003537521163023908,4.665618918621826,-0.001958073990339981,-12.0,-2.335746589877163,12.0,-0.001455254104695936,0.0002333788515886988,0.0002333788496306083,0.0004665618918621826,0.0007553601918999786,-0.0002333788515886823
3,0.0035377211630239084,4.690054523209556,-0.001957487904770128,-12.0,-2.347963513036812,12.0,-0.001456632513540279,0.0002346006025132041,0.0002346006005557163,0.0004690054523209556,0.0007530735347804629,-0.0002346006025132042
3,0.003537921163023908,4.714482466942557,-0.001956983600314377,-12.0,-2.360176728441586,12.0,-0.001458011773002976,0.0002358219744841442,0.0002358219725271436,0.0004714482466942557,0.0007507888732468382,-0.0002358219744841272
3,0.003538121163023908,4.738903219346692,-0.001956391711902095,-12.0,-2.372386216805116,12.0,-0.001459384223391758,0.0002370429825093214,0.0002370429805529297,0.0004738903219346693,0.0007484984856460652,-0.0002370429825093214
3,0.0035383211630239083,4.763316233572982,-0.001955881667809356,-12.0,-2.384591958847022,12.0,-0.001460757558246484,0.0002382636077179388,0.0002382636057620396,0.0004763316233572982,0.0007462101390732501,-0.0002382636077179212
3,0.003538521163023908,4.78772197951877,-0.001955283987007617,-12.0,-2.396793935292736,12.0,-0.001462124038175416,0.0002394838651305728,0.0002394838631752889,0.000478772197951877,0.0007439160321259519,-0.0002394838651305729
3,0.003538721163023908,4.812119910005396,-0.001954768215505442,-12.0,-2.408992126873639,12.0,-0.001463491436419218,0.0002407037358658314,0.0002407037339110451,0.0004812119910005395,0.0007416240116438488,-0.0002407037358658133
3,0.003538921163023909,4.836510495312014,-0.001954164753022569,-12.0,-2.421186514327188,12.0,-0.001464851933874745,0.0002419232349574166,0.0002419232330032518,0.0004836510495312014,0.0007393261964615261,-0.0002419232349574166
3,0.003539121163023909,4.860893187920605,-0.001953643266675797,-12.0,-2.433377078396749,12.0,-0.001466213383496173,0.000243142343513026,0.0002431423415593641,0.0004860893187920606,0.0007370305131773058,-0.0002431423435130074
3,0.0035393211630239093,4.885268458502392,-0.001953034033457479,-12.0,-2.445563799831722,12.0,-0.001467567886455134,0.0002443610765798265,0.0002443610746267924,0.0004885268458502392,0.0007347290008480334,-0.0002443610765798265
3,0.003539521163023909,4.90963575918982,-0.001952506845110058,-12.0,-2.457746659387643,12.0,-0.001468923375433973,0.0002455794152542726,0.0002455794133017465,0.0004909635759189821,0.0007324296658459128,-0.0002455794152542533
3,0.003539721163023909,4.933995561057185,-0.001951891852449927,-12.0,-2.469925637826186,12.0,-0.001470271871863826,0.0002467973745973737,0.0002467973726454817,0.0004933995561057185,0.0007301244674335072,-0.0002467973745973736
3,0.003539921163023909,4.958347315877033,-0.001951358975223139,-12.0,-2.482100715914941,12.0,-0.001471621388170585,0.0002480149356939916,0.0002480149337426128,0.0004958347315877033,0.0007278214917738612,-0.0002480149356939718
3,0.003540121163023909,4.982691495137043,-0.001950738234642868,-12.0,-2.494271874427868,12.0,-0.001472963866028854,0.0002492321136193227,0.0002492321116685843,0.0004982691495137043,0.0007255126183175475,-0.0002492321136193225
3,0.003540321163023909,5.007027550240069,-0.001950199682055453,-12.0,-2.506439094145115,12.0,-0.001474307397624774,0.0002504488894463264,0.0002504488874961062,0.000500702755024007,0.0007232060130367424,-0.000250448889446306
3,0.003540521163023909,5.031355953098058,-0.001949573205388022,-12.0,-2.518602355852843,12.0,-0.001475643844858265,0.0002516652782647457,0.0002516652763151723,0.0005031355953098058,0.0007208934755506269,-0.0002516652782647455
3,0.00354072116302391,5.055676154733186,-0.001949028991192758,-12.0,-2.530761640343672,12.0,-0.001476981379694375,0.0002528812611352691,0.000252881259186219,0.0005055676154733186,0.0007185832516606039,-0.000252881261135248
3,0.00354092116302391,5.079988627493041,-0.00194839679065173,-12.0,-2.542916928416465,12.0,-0.001478311784239406,0.0002540968531625816,0.0002540968512141846,0.0005079988627493041,0.0007162670611332578,-0.0002540968531625814
3,0.00354112116302391,5.104292822008801,-0.001947846928973318,-12.0,-2.55506820087633,12.0,-0.001479643310257128,0.0002553120353947574,0.0002553120334468887,0.0005104292822008801,0.0007139532296206175,-0.0002553120353947357
3,0.00354132116302391,5.128589211074219,-0.001947209017009177,-12.0,-2.567215438534713,12.0,-0.001480967660038357,0.0002565268229517708,0.0002565268210045615,0.0005128589211074219,0.0007116333970144662,-0.0002565268229517704
3,0.00354152116302391,5.152877244918977,-0.00194665352234269,-12.0,-2.579358622209538,12.0,-0.001482293165168014,0.000257741196868742,0.000257741194922066,0.0005152877244918977,0.000709315968840385,-0.0002577411968687195
3,0.0035417211630239098,5.177157396794485,-0.00194600991178806,-12.0,-2.591497732725024,12.0,-0.001483611448099387,0.000258955172281324,0.0002589551703353137,0.0005177157396794485,0.0007069925050912362,-0.0002589551722813236
3,0.0035419211630239103,5.201429116517848,-0.00194544879894365,-12.0,-2.603632750911827,12.0,-0.001484930920260474,0.0002601687302113116,0.0002601687282658396,0.0005201429116517848,0.0007046714911906338,-0.0002601687302112883
3,0.00354212116302391,5.225692877809424,-0.001944799502971328,-12.0,-2.615763657607164,12.0,-0.001486243124243725,0.0002613818858104198,0.0002613818838656198,0.0005225692877809424,0.0007023444072071783,-0.0002613818858104193
3,0.00354232116302391,5.249948130063114,-0.001944232787172151,-12.0,-2.627890433654643,12.0,-0.001487556551344638,0.000262594620086771,0.0002625946181425143,0.0005249948130063115,0.0007000198184884121,-0.0002625946200867471
3,0.003542521163023911,5.274195347479417,-0.001943577819272901,-12.0,-2.640013059904396,12.0,-0.001488862664268842,0.0002638069482085129,0.0002638069462649345,0.0005274195347479418,0.0006976891251516959,-0.0002638069482085124
3,0.0035427211630239108,5.298433979017896,-0.001943005516114482,-12.0,-2.652131517213175,12.0,-0.001490170034205873,0.0002650188511697308,0.0002650188492267006,0.0005298433979017896,0.0006953609724959786,-0.0002650188511697061
3,0.0035429211630239113,5.322664499371165,-0.001942344890212944,-12.0,-2.664245786444351,12.0,-0.001491470043948118,0.0002662303441554144,0.0002662303422130689,0.0005322664499371165,0.0006930266806587093,-0.0002662303441554138
3,0.003543121163023911,5.346886357053087,-0.001941767015657847,-12.0,-2.676355848467701,12.0,-0.001492771344606014,0.0002674414081452299,0.0002674414062034372,0.0005346886357053088,0.0006906949749194147,-0.0002674414081452043
3,0.003543321163023911,5.371100027259709,-0.001941100745993962,-12.0,-2.688461684159853,12.0,-0.001494065239029396,0.0002686520583413867,0.0002686520564002852,0.000537110002725971,0.000688357095405906,-0.000268652058341386
3,0.003543521163023911,5.395304958048379,-0.001940517316499024,-12.0,-2.70056327440411,12.0,-0.001495360458280082,0.0002698622757087876,0.0002698622737682439,0.0005395304958048379,0.000686021847408208,-0.0002698622757087612
3,0.003543721163023911,5.419501625130475,-0.001939845417719521,-12.0,-2.712660600090271,12.0,-0.001496648225235375,0.0002710720754672561,0.0002710720735274097,0.0005419501625130475,0.0006836803910129918,-0.0002710720754672552
3,0.003543921163023911,5.443689476094798,-0.001939256450075089,-12.0,-2.724753642115076,12.0,-0.001497937350937562,0.0002722814385665274,0.0002722814366272437,0.0005443689476094799,0.0006813416115531989,-0.0002722814385665002
3,0.003544121163023912,5.467868987180499,-0.001938578937304536,-12.0,-2.736842381381996,12.0,-0.001499218978260886,0.0002734903802444702,0.0002734903783058902,0.0005467868987180499,0.0006789965890412475,-0.0002734903802444691
3,0.003544321163023912,5.492039605496431,-0.001937984448777241,-12.0,-2.748926798801226,12.0,-0.001500501998260295,0.000274698881435273,0.0002746988794972604,0.0005492039605496431,0.0006766542888865246,-0.0002746988814352449
3,0.003544521163023912,5.516201807821113,-0.001937301337478603,-12.0,-2.761006875289787,12.0,-0.001501777473773613,0.0002759069573952321,0.0002759069554579296,0.0005516201807821113,0.0006743057109923067,-0.0002759069573952309
3,0.003544721163023912,5.540355040771836,-0.001936701345819358,-12.0,-2.77308259177166,12.0,-0.00150305437590198,0.0002771145890426132,0.0002771145871058828,0.0005540355040771837,0.0006719599008794819,-0.0002771145890425841
3,0.003544921163023912,5.564499781679119,-0.001936012651946317,-12.0,-2.785153929177605,12.0,-0.001504323687412323,0.0002783217916525673,0.0002783217897165533,0.000556449978167912,0.0006696077783065191,-0.0002783217916525659
3,0.003545121163023912,5.588635476656462,-0.001935407175330139,-12.0,-2.797220868445298,12.0,-0.001505594459487392,0.0002795285461270269,0.0002795285441915896,0.0005588635476656462,0.0006672584689422223,-0.0002795285461269968
3,0.003545321163023912,5.612762603598799,-0.001934712915290016,-12.0,-2.809283390519463,12.0,-0.001506857594786803,0.0002807348677604189,0.0002807348658257045,0.00056127626035988,0.0006649028123623113,-0.0002807348677604173
3,0.0035455211630239123,5.636880608104061,-0.001934101972431934,-12.0,-2.821341476351698,12.0,-0.00150812222461133,0.0002819407374379577,0.0002819407355038247,0.0005636880608104061,0.0006625500144218088,-0.0002819407374379265
3,0.003545721163023912,5.66098996864397,-0.001933402163064812,-12.0,-2.833395106900604,12.0,-0.001509379171476144,0.0002831461704737556,0.0002831461685403518,0.000566098996864397,0.0006601908344747165,-0.0002831461704737539
3,0.003545921163023913,5.685090130288577,-0.001932785773184564,-12.0,-2.845444263131923,12.0,-0.001510637646837787,0.0002843511477359059,0.0002843511458030881,0.0005685090130288578,0.0006578345586017442,-0.0002843511477358738
3,0.003546121163023913,5.709181572099491,-0.00193208043187143,-12.0,-2.857488926018357,12.0,-0.001511888393028071,0.0002855556845586504,0.0002855556826265681,0.0005709181572099491,0.0006554718658943748,-0.0002855556845586485
3,0.003546321163023913,5.733263738606201,-0.001931458614679249,-12.0,-2.869529076539706,12.0,-0.001513140701698945,0.0002867597617925358,0.000286759759861044,0.0005733263738606202,0.0006531121227001946,-0.0002867597617925027
3,0.0035465211630239133,5.757337109473071,-0.001930747759300022,-12.0,-2.881564695682963,12.0,-0.001514385234958393,0.0002879633947923685,0.0002879633928616186,0.0005757337109473071,0.0006507459278059791,-0.0002879633947923664
3,0.003546721163023913,5.7814011286768,-0.001930120535114321,-12.0,-2.893595764442277,12.0,-0.00151563136469457,0.0002891665643907506,0.0002891665624605957,0.00057814011286768,0.0006483827278689624,-0.0002891665643907162
3,0.003546921163023913,5.805456276497553,-0.001929404184062733,-12.0,-2.905622263818913,12.0,-0.001516869672749444,0.0002903692859634874,0.0002903692840340808,0.0005805456276497553,0.0006460130413273868,-0.000290369285963485
3,0.0035471211630239132,5.829501996346108,-0.001928771573721955,-12.0,-2.917644174821353,12.0,-0.001518109611290341,0.0002915715403247986,0.0002915715383959915,0.0005829501996346109,0.000643646395192432,-0.0002915715403247631
3,0.003547321163023913,5.85353876913194,-0.001928049745973937,-12.0,-2.929661478465428,12.0,-0.001519341681849473,0.000292773342871948,0.0002927733409438957,0.000585353876913194,0.0006412732275083433,-0.0002927733428719454
3,0.003547521163023913,5.877566037687188,-0.001927411770952014,-12.0,-2.94167415577414,12.0,-0.001520575416917302,0.0002939746744003555,0.000293974672472907,0.0005877566037687189,0.0006389031456860705,-0.0002939746744003189
3,0.003547721163023914,5.901584283563858,-0.001926684486016628,-12.0,-2.953682187777798,12.0,-0.001521801237671594,0.000295175550329181,0.0002951755484024938,0.0005901584283563859,0.000636526507328955,-0.0002951755503291782
3,0.003547921163023914,5.925592949002264,-0.001926041168403225,-12.0,-2.965685555514149,12.0,-0.001523028756971134,0.0002963759514346126,0.0002963759495085334,0.0005925592949002264,0.0006341530002951512,-0.0002963759514345746
3,0.0035481211630239142,5.949592516210945,-0.001925308446430574,-12.0,-2.977684240028203,12.0,-0.001524248315592613,0.0002975758931581803,0.0002975758912328688,0.0005949592516210946,0.0006317729016986351,-0.0002975758931581772
3,0.003548321163023914,5.97358242682477,-0.001924659808920426,-12.0,-2.989678222372364,12.0,-0.001525469606810492,0.0002987753562563836,0.0002987753543316845,0.000597358242682477,0.00062939597989356,-0.0002987753562563443
3,0.003548521163023914,5.997563163722663,-0.001923921670678563,-12.0,-3.001667483606566,12.0,-0.001526682890952036,0.0002999743561935921,0.000299974354269667,0.0005997563163722663,0.0006270124314547432,-0.0002999743561935887
3,0.003548721163023914,6.021534167920736,-0.001923267736676948,-12.0,-3.013652004798061,12.0,-0.00152789794175634,0.000301172873706179,0.0003011728717828707,0.0006021534167920736,0.0006246321052825465,-0.0003011728737061384
3,0.003548921163023914,6.045495922982279,-0.001922524203560094,-12.0,-3.025631767021721,12.0,-0.00152910493905134,0.0003023709242818199,0.000302370922359292,0.000604549592298228,0.0006222451173610866,-0.0003023709242818162
3,0.003549121163023914,6.069447869290856,-0.001921864997170175,-12.0,-3.037606751359834,12.0,-0.001530313737090783,0.0003035684886363084,0.0003035684867144014,0.0006069447869290857,0.0006198613971891143,-0.0003035684886362664
3,0.003549321163023914,6.093390491108405,-0.001921116091243569,-12.0,-3.04957693890223,12.0,-0.001531514435152315,0.0003047655822811028,0.0003047655803599824,0.0006093390491108405,0.0006174709801067546,-0.0003047655822810986
3,0.003549521163023915,6.117323228171919,-0.00192045163729393,-12.0,-3.061542310746417,12.0,-0.001532716968055958,0.0003059621859109559,0.0003059621839904606,0.0006117323228171918,0.000615083876264827,-0.0003059621859109123
3,0.003549721163023915,6.141246565456768,-0.001919697381365548,-12.0,-3.073502847997406,12.0,-0.001533911354476503,0.0003071583150616086,0.0003071583131419067,0.0006141246565456768,0.0006126900403047586,-0.0003071583150616041
3,0.003549921163023915,6.165159942038912,-0.001919027705406418,-12.0,-3.085458531767842,12.0,-0.001535107609853092,0.0003083539504062887,0.0003083539484872159,0.0006165159942038912,0.0006102995630845598,-0.0003083539504062436
3,0.003550121163023915,6.189063843621873,-0.001918268123012545,-12.0,-3.097409343178137,12.0,-0.001536295672203203,0.0003095491075055174,0.0003095491055872443,0.0006189063843621873,0.0006079023184907273,-0.0003095491075055125
3,0.003550321163023915,6.212957708606377,-0.001917593251426375,-12.0,-3.10935526335626,12.0,-0.001537485637640834,0.0003107437670105302,0.0003107437650928902,0.0006212957708606378,0.0006055084781448616,-0.0003107437670104834
3,0.0035505211630239147,6.236842023438967,-0.001916828366848033,-12.0,-3.121296273438039,12.0,-0.001538667363470025,0.0003119379445071246,0.0003119379425902908,0.0006236842023438967,0.0006031078351208807,-0.0003119379445071191
3,0.0035507211630239153,6.260716225830426,-0.001916148326841061,-12.0,-3.133232354566958,12.0,-0.001539851026534977,0.0003131316206240602,0.0003131316187078633,0.0006260716225830426,0.0006007106418625952,-0.0003131316206240117
3,0.003550921163023915,6.284580802985523,-0.001915378165158188,-12.0,-3.14516348789428,12.0,-0.001541026403369394,0.0003143248109729183,0.0003143248090575341,0.0006284580802985523,0.0005983066105718082,-0.0003143248109729122
3,0.003551121163023915,6.308435191910127,-0.00191469298479463,-12.0,-3.157089654579186,12.0,-0.001542203751606297,0.0003155174961594893,0.0003155174942447461,0.0006308435191910127,0.000595906074573771,-0.0003155174961594391
3,0.003551321163023916,6.332279880582915,-0.001913917571952251,-12.0,-3.169010835788561,12.0,-0.001543372766949769,0.0003167096918216675,0.0003167096899077434,0.0006332279880582915,0.0005934986651374707,-0.0003167096918216609
3,0.0035515211630239157,6.35611430528952,-0.001913227280179175,-12.0,-3.180927012697302,12.0,-0.00154454378788027,0.0003179013785417644,0.000317901376628485,0.000635611430528952,0.0005910947965315771,-0.0003179013785417123
3,0.0035517211630239163,6.379938954798281,-0.001912446642998944,-12.0,-3.192838166488105,12.0,-0.001545706429212312,0.0003190925719845177,0.000319092570072064,0.0006379938954798281,0.0005886840190291454,-0.0003190925719845106
3,0.003551921163023916,6.403753264659086,-0.001911751269695117,-12.0,-3.204744278351599,12.0,-0.00154687111033508,0.0003202832527082444,0.000320283250796439,0.0006403753264659087,0.0005862768279052966,-0.0003202832527081904
3,0.003552121163023916,6.42755772444591,-0.001910965435909961,-12.0,-3.216645329486474,12.0,-0.001548027365111004,0.0003214734364050641,0.000321473434494091,0.000642755772444591,0.0005838626923732326,-0.0003214734364050564
3,0.003552321163023916,6.451351768957397,-0.00191026501197733,-12.0,-3.228541301099315,12.0,-0.001549185693900668,0.0003226631036087898,0.0003226631016984688,0.0006451351768957397,0.0005814521887786972,-0.0003226631036087337
3,0.003552521163023916,6.475135888589235,-0.001909474010243439,-12.0,-3.240432174404723,12.0,-0.001550335549551085,0.0003238522700394564,0.0003238522681299739,0.0006475135888589235,0.0005790347052095912,-0.000323852270039448
3,0.003552721163023916,6.498909517372743,-0.001908768567597807,-12.0,-3.252317930625454,12.0,-0.001551487513457628,0.0003250409162058437,0.000325040914297017,0.0006498909517372744,0.00057662089914845,-0.0003250409162057856
3,0.003552921163023916,6.522673146542176,-0.001907972427620308,-12.0,-3.264198550992242,12.0,-0.001552630957387335,0.0003262290578564713,0.0003262290559484898,0.0006522673146542176,0.0005742000774903999,-0.0003262290578564622
3,0.003553121163023917,6.546426209344967,-0.001907261999220644,-12.0,-3.276074016743935,12.0,-0.001553776543835872,0.0003274166754745317,0.0003274166735672094,0.0006546426209344967,0.0005717829789226025,-0.0003274166754744714
3,0.003553321163023917,6.570169197870721,-0.001906460751742944,-12.0,-3.287944309127582,12.0,-0.001554913563422911,0.0003286037848375937,0.0003286037829311232,0.0006570169197870721,0.0005693588290785478,-0.0003286037848375839
3,0.003553521163023917,6.593901544566732,-0.001905745371724166,-12.0,-3.299809409398406,12.0,-0.001556052759812521,0.0003297903664027309,0.0003297903644969228,0.0006593901544566732,0.0005669384479191075,-0.0003297903664026682
3,0.003553721163023917,6.617623742395019,-0.001904939048574139,-12.0,-3.311669298819761,12.0,-0.001557183342408786,0.0003309764359771293,0.0003309764340721797,0.000661762374239502,0.0005645109797457748,-0.0003309764359771187
3,0.003553921163023917,6.641335222985478,-0.00190421875220137,-12.0,-3.323523958663229,12.0,-0.001558316136111959,0.0003321619739911678,0.0003321619720868839,0.0006641335222985479,0.0005620873258640746,-0.0003321619739911028
3,0.0035541211630239168,6.665036480190183,-0.0019034073863895,-12.0,-3.33537337020875,12.0,-0.001559440269041312,0.0003333469962822476,0.0003333469943788287,0.0006665036480190184,0.0005596565491712002,-0.0003333469962822361
3,0.0035543211630239173,6.688726944804656,-0.0019026822102024,-12.0,-3.347217514744454,12.0,-0.001560566647403339,0.0003345314832534926,0.0003345314813507429,0.0006688726944804656,0.0005572296323900772,-0.0003345314832534252
3,0.003554521163023917,6.712407111588536,-0.001901865835905792,-12.0,-3.359056373566785,12.0,-0.001561684317961221,0.0003357154507731004,0.0003357154488712221,0.0006712407111588536,0.0005547955569399632,-0.0003357154507730879
3,0.003554721163023918,6.73607641048535,-0.001901135817735877,-12.0,-3.370889927980637,12.0,-0.001562804268299522,0.0003368988792163604,0.0003368988773151543,0.0006736076410485351,0.0005523653870348755,-0.0003368988792162901
3,0.003554921163023918,6.75973533718073,-0.001900314470446141,-12.0,-3.382718159299178,12.0,-0.001563915463752508,0.0003380817844828867,0.0003380817825825588,0.000675973533718073,0.0005499280225410297,-0.0003380817844828733
3,0.0035551211630239178,6.783383320748044,-0.001899579649443428,-12.0,-3.394541048843984,12.0,-0.001565028973355698,0.000339264146919527,0.0003392641450198743,0.0006783383320748044,0.0005474946092393629,-0.0003392641469194541
3,0.0035553211630239183,6.807020857817325,-0.001898753365978667,-12.0,-3.406358577945165,12.0,-0.001566133680940163,0.0003404459824579331,0.0003404459805591653,0.0006807020857817326,0.0005450539653660824,-0.0003404459824579186
3,0.003555521163023918,6.830647376573801,-0.001898013782770658,-12.0,-3.418170727941195,12.0,-0.001567240737067932,0.0003416272714159183,0.0003416272695178286,0.0006830647376573802,0.0005426173183460947,-0.0003416272714158424
3,0.003555721163023918,6.854263374610496,-0.001897182601313663,-12.0,-3.429977480179045,12.0,-0.00156833894399,0.0003428080297577887,0.0003428080278605905,0.0006854263374610496,0.0005401734047072448,-0.0003428080297577731
3,0.0035559211630239182,6.877868279205765,-0.001896438298005343,-12.0,-3.441778816014273,12.0,-0.001569439533871397,0.0003439882377717058,0.0003439882358751885,0.0006877868279205765,0.0005377335335974287,-0.0003439882377716268
3,0.003556121163023918,6.901462588935192,-0.001895602258273676,-12.0,-3.453574716811028,12.0,-0.001570531227305882,0.0003451679114552924,0.0003451679095596733,0.0006901462588935192,0.0005352863597559709,-0.0003451679114552755
3,0.003556321163023918,6.925045730151056,-0.001894853278518127,-12.0,-3.465365163941838,12.0,-0.00157162533813926,0.0003463470310664141,0.0003463470291714787,0.0006925045730151057,0.0005328432741339706,-0.000346347031066332
3,0.003556521163023919,6.948618202430687,-0.001894012421717051,-12.0,-3.477150138788044,12.0,-0.001572710505229225,0.0003475256126366508,0.0003475256107426202,0.0006948618202430687,0.0005303928496006027,-0.0003475256126366327
3,0.003556721163023919,6.97217943118137,-0.00189325881090463,-12.0,-3.488929622739629,12.0,-0.001573798124181014,0.000348703636392958,0.0003487036344996137,0.0006972179431181371,0.0005279465589924093,-0.0003487036363928725
3,0.0035569211630239192,6.995729917002198,-0.00189241317987765,-12.0,-3.500703597195047,12.0,-0.001574876752036103,0.0003498811184015366,0.0003498811165091038,0.0006995729917002197,0.0005254928932251768,-0.000349881118401517
3,0.003557121163023919,7.019269084335074,-0.001891654985043623,-12.0,-3.512472043561652,12.0,-0.001575957866240596,0.0003510580388577499,0.0003510580369660059,0.0007019269084335075,0.0005230434071044343,-0.0003510580388576609
3,0.003557321163023919,7.042797434821638,-0.001890804624419928,-12.0,-3.524234943255494,12.0,-0.001577029941937036,0.0003522344138631286,0.0003522344119723029,0.0007042797434821638,0.0005205865095074536,-0.0003522344138631074
3,0.003557521163023919,7.06631439191837,-0.001890041894474503,-12.0,-3.535992277701316,12.0,-0.001578104538495051,0.0003534102235807769,0.0003534102216906423,0.0007066314391918371,0.0005181338372940436,-0.0003534102235806841
3,0.003557721163023919,7.089820458329736,-0.001889186850607238,-12.0,-3.547744028332646,12.0,-0.001579170049074763,0.0003545854841482268,0.0003545854822590172,0.0007089820458329736,0.0005156737172167525,-0.0003545854841482039
3,0.0035579211630239194,7.113315056506258,-0.001888419636407512,-12.0,-3.559490176591936,12.0,-0.001580238115053034,0.0003557601756956495,0.0003557601738071333,0.0007113315056506258,0.0005132178682763222,-0.0003557601756955528
3,0.003558121163023919,7.13679869023674,-0.001887559957606033,-12.0,-3.571230703930379,12.0,-0.00158129704752219,0.000356934314397302,0.0003569343125097174,0.000713679869023674,0.0005107545350126474,-0.0003569343143972774
3,0.00355832116302392,7.160270780944326,-0.001886788312000842,-12.0,-3.582965591808047,12.0,-0.001582358569952591,0.0003581078803497054,0.0003581078784628163,0.0007160270780944327,0.0005082955186555549,-0.0003581078803496047
3,0.00355852116302392,7.183731833523813,-0.001885924048581344,-12.0,-3.594694821694018,12.0,-0.001583410911282002,0.0003592808897645701,0.0003592808878786197,0.0007183731833523813,0.000505828981442441,-0.0003592808897645436
3,0.00355872116302392,7.207181268349621,-0.001885148026607553,-12.0,-3.606418375066202,12.0,-0.001584465877160379,0.0003604533227040645,0.0003604533208188115,0.0007207181268349621,0.0005033668069227004,-0.0003604533227039595
3,0.0035589211630239204,7.230619591444452,-0.001884279230971675,-12.0,-3.618136233411476,12.0,-0.001585511614282775,0.0003616251954180789,0.0003616251935337712,0.0007230619591444452,0.0005008970749398878,-0.0003616251954180504
3,0.00355912116302392,7.254046222111866,-0.001883498889923896,-12.0,-3.629848378225807,12.0,-0.001586560010568394,0.0003627964879336981,0.0003627964860500895,0.0007254046222111866,0.0004984317514543646,-0.0003627964879335883
3,0.0035593211630239197,7.277461667525385,-0.00188262561676078,-12.0,-3.641554791014089,12.0,-0.001587599130379702,0.0003639672165397636,0.0003639672146571073,0.0007277461667525386,0.0004959588338228349,-0.0003639672165397328
3,0.0035595211630239203,7.300865345894855,-0.001881841016283747,-12.0,-3.653255453290263,12.0,-0.001588640943994357,0.0003651373612275125,0.000365137359345557,0.0007300865345894855,0.0004934903705100246,-0.000365137361227398
3,0.00355972116302392,7.324257765567665,-0.001880963322637097,-12.0,-3.664950346577421,12.0,-0.001589673433350813,0.0003663069383255115,0.0003663069364445151,0.0007324257765567665,0.0004910142762913905,-0.0003663069383254784
3,0.00355992116302392,7.347638343637207,-0.001880174524963696,-12.0,-3.676639452407795,12.0,-0.00159070865117783,0.0003674759277884027,0.0003674759259081086,0.0007347638343637207,0.0004885426822305861,-0.0003674759277882831
3,0.003560121163023921,7.371007589648206,-0.001879292470354343,-12.0,-3.688322752322559,12.0,-0.001591734496896424,0.0003686443459852561,0.0003686443441059281,0.0007371007589648207,0.0004860634204258973,-0.0003686443459852205
3,0.0035603211630239207,7.39436491955354,-0.001878499540326928,-12.0,-3.700000227872255,12.0,-0.001592763105779438,0.0003698121728333178,0.0003698121709546934,0.0007394364919553541,0.0004835887046362453,-0.0003698121728331929
3,0.0035605211630239213,7.41771084411992,-0.001877613186997529,-12.0,-3.711671860616588,12.0,-0.001593782294636414,0.0003709794247429974,0.0003709794228653459,0.0007417710844119921,0.0004811062841848512,-0.000370979424742959
3,0.003560721163023921,7.441044778135606,-0.001876816192305508,-12.0,-3.723337632124423,12.0,-0.001594804281378703,0.0003721460815933424,0.0003721460797163956,0.0007441044778135606,0.000478628455624186,-0.0003721460815932117
3,0.003560921163023921,7.464367233613569,-0.001875925605227202,-12.0,-3.734997523973882,12.0,-0.001595816800108674,0.0003733121598369067,0.0003733121579609398,0.0007464367233613569,0.0004761428854031247,-0.0003733121598368655
3,0.003561121163023921,7.487677624152737,-0.001875124616569135,-12.0,-3.746651517752469,12.0,-0.001596832151472605,0.0003744776393137266,0.0003744776374384653,0.0007487677624152737,0.0004736619529669417,-0.00037447763931359
3,0.003561321163023921,7.510976463037998,-0.001874229863739085,-12.0,-3.758299595056906,12.0,-0.001597837986767547,0.0003756425365193611,0.0003756425346450869,0.0007510976463037999,0.0004711732417893855,-0.0003756425365193167
3,0.003561521163023921,7.534263162653206,-0.001873424954935476,-12.0,-3.769941737493255,12.0,-0.001598846689472855,0.0003768068312539749,0.0003768068293804071,0.0007534263162653206,0.0004686892143097865,-0.000376806831253832
3,0.003561721163023921,7.557538237581085,-0.001872526107498107,-12.0,-3.781577926677051,12.0,-0.001599845827981228,0.000377970540057003,0.0003779705381844291,0.0007557538237581085,0.0004661973709244871,-0.0003779705400569553
3,0.003561921163023922,7.580801098964594,-0.001871717355771185,-12.0,-3.793208144233128,12.0,-0.001600847868704347,0.0003791336426878854,0.0003791336408160182,0.0007580801098964594,0.0004637102571692919,-0.0003791336426877356
3,0.003562121163023922,7.604052262710667,-0.001870814488183825,-12.0,-3.804832371795754,12.0,-0.001601840297030088,0.0003802961557308084,0.0003802961538599425,0.0007604052262710667,0.0004612152902589706,-0.000380296155730757
3,0.003562321163023922,7.627291138694543,-0.001870001974306312,-12.0,-3.816450591008751,12.0,-0.001602835662402879,0.0003814580589036013,0.0003814580570334425,0.0007627291138694544,0.0004587250989305236,-0.0003814580589034445
3,0.003562521163023922,7.650518244174894,-0.001869095164622969,-12.0,-3.828062783525334,12.0,-0.001603821367104463,0.0003826193688361264,0.0003826193669669759,0.0007650518244174895,0.0004562270171111493,-0.0003826193688360711
3,0.003562721163023922,7.673732987731547,-0.001868278973111703,-12.0,-3.839668931008231,12.0,-0.001604810043713711,0.0003837800652036763,0.000383780063335233,0.0007673732987731548,0.0004537337568450983,-0.000383780065203512
3,0.0035629211630239218,7.696935888002754,-0.001867368303150929,-12.0,-3.851269015129786,12.0,-0.001605789011302594,0.0003849401646827231,0.0003849401628152952,0.0007696935888002755,0.0004512325686648611,-0.0003849401646826635
3,0.0035631211630239223,7.720126352245085,-0.001866548522591938,-12.0,-3.862863017571915,12.0,-0.001606770985688788,0.0003860996469051048,0.0003860996450383839,0.0007720126352245085,0.0004487362480289636,-0.0003860996469049324
3,0.003563321163023922,7.743304900504935,-0.001865634078176637,-12.0,-3.874450920026073,12.0,-0.001607743202628797,0.0003872585285948537,0.0003872585267291556,0.0007743304900504935,0.0004462319619669697,-0.0003872585285947896
3,0.003563521163023922,7.76647093868635,-0.00186481080137435,-12.0,-3.886032704193346,12.0,-0.001608718461284464,0.000388416789339378,0.0003884167874743862,0.0007766470938686351,0.0004437325894605382,-0.0003884167893391971
3,0.003563721163023923,7.789624988273435,-0.001863892672625322,-12.0,-3.897608351784582,12.0,-0.001609683913990856,0.0003895744459112647,0.0003895744440473031,0.0007789624988273436,0.000441225213925478,-0.0003895744459111957
3,0.0035639211630239228,7.812766453788218,-0.001863065996968505,-12.0,-3.909177844520222,12.0,-0.00161065244335995,0.0003907314778525153,0.0003907314759892594,0.0007812766453788219,0.0004387227979776587,-0.0003907314778523254
3,0.0035641211630239233,7.835895858182402,-0.001862144278520272,-12.0,-3.920741164130424,12.0,-0.001611611118197853,0.0003918879019852647,0.0003918879001230462,0.0007835895858182403,0.0004362123413071683,-0.0003918879019851904
3,0.003564321163023923,7.859012604565421,-0.001861314306227158,-12.0,-3.932298292355194,12.0,-0.001612572904674647,0.0003930436978050963,0.0003930436959435824,0.0007859012604565421,0.0004337068902760255,-0.0003930436978048967
3,0.003564521163023923,7.882117217387817,-0.001860389097610327,-12.0,-3.943849210944215,12.0,-0.00161352478795812,0.0003941988821847405,0.0003941988803242714,0.0007882117217387817,0.0004311933607351048,-0.0003941988821846605
3,0.003564721163023923,7.905209098314791,-0.001859555936016388,-12.0,-3.955393901656979,12.0,-0.001614479817885928,0.000395353434572306,0.0003953534327125404,0.0007905209098314791,0.0004286848829063716,-0.0003953534345720963
3,0.003564921163023923,7.928288773327473,-0.001858627341932095,-12.0,-3.966932346262908,12.0,-0.001615424895876849,0.0003965073718921838,0.0003965073700334703,0.0007928288773327473,0.0004261682886865514,-0.0003965073718920976
3,0.003565121163023923,7.951355642614754,-0.00185779110391282,-12.0,-3.978464526541157,12.0,-0.001616373155547191,0.000397660673543945,0.0003976606716859333,0.0007951355642614754,0.0004236567922725198,-0.0003976606735437245
3,0.003565321163023924,7.974410233720925,-0.001856859234567576,-12.0,-3.989990424280906,12.0,-0.001617311414453759,0.0003988133565047268,0.0003988133546477746,0.0007974410233720925,0.0004211371414905296,-0.0003988133565046339
3,0.003565521163023924,7.997451945325308,-0.00185602003886709,-12.0,-4.001510021281155,12.0,-0.001618252890104421,0.000399965400124461,0.0003999653982682087,0.0007997451945325309,0.0004186226346288568,-0.0003999654001242288
3,0.003565721163023924,8.0204813065689,-0.001855085010370683,-12.0,-4.013023299350857,12.0,-0.001619184316080435,0.0004011168214341487,0.0004011168195789636,0.00080204813065689,0.0004160999353252925,-0.0004011168214340486
3,0.003565921163023924,8.04349771458722,-0.001854242981999654,-12.0,-4.024530240309039,12.0,-0.001620118993894692,0.0004022675997329485,0.000402267597878461,0.000804349771458722,0.0004135824260777521,-0.0004022675997327039
3,0.003566121163023924,8.066501700152733,-0.001853304916814125,-12.0,-4.036030825984637,12.0,-0.001621043573038605,0.0004034177521068902,0.0004034177502534774,0.0008066501700152734,0.0004110566862160214,-0.0004034177521067823
3,0.003566321163023924,8.089492658821673,-0.001852460187457883,-12.0,-4.047525038216626,12.0,-0.001621971439143888,0.0004045672578031745,0.0004045672559504565,0.0008089492658821673,0.0004085361825675038,-0.0004045672578029168
3,0.003566521163023924,8.112471123033487,-0.001851519214801645,-12.0,-4.059012858854138,12.0,-0.001622889157496199,0.00040571613396405,0.0004057161321124144,0.0008112471123033487,0.0004060074100326327,-0.0004057161339639336
3,0.0035667211630239243,8.135436486729029,-0.001850671923360192,-12.0,-4.070494269756273,12.0,-0.001623810197963094,0.0004068643597835633,0.0004068643579326195,0.000813543648672903,0.0004034839198895634,-0.0004068643597832914
3,0.003566921163023924,8.158389284051168,-0.001849728179677435,-12.0,-4.081969252792382,12.0,-0.001624721041506239,0.0004080119524613959,0.0004080119506115423,0.0008158389284051168,0.0004009521224870027,-0.0004080119524612705
3,0.003567121163023925,8.181328907287936,-0.001848878472742843,-12.0,-4.093437789841866,12.0,-0.001625635242347268,0.0004091588911371993,0.000409158889288034,0.0008181328907287936,0.0003984256536763153,-0.0004091588911369124
3,0.003567321163023925,8.204255892323243,-0.001847932102243988,-12.0,-4.104899862794309,12.0,-0.001626539197004173,0.0004103051930693419,0.0004103051912212744,0.0008204255892323243,0.0003958908391306082,-0.0004103051930692065
3,0.003567521163023925,8.227169629753622,-0.001847080134655954,-12.0,-4.116355453549597,12.0,-0.001627446544171351,0.0004114508373417973,0.0004114508354944139,0.0008227169629753622,0.0003933613993985507,-0.0004114508373414941
3,0.0035677211630239253,8.250070657243054,-0.001846131289921615,-12.0,-4.127804544017723,12.0,-0.001628343595803994,0.0004125958412729262,0.0004125958394266488,0.0008250070657243054,0.0003908235753521394,-0.0004125958412727801
3,0.003567921163023925,8.27295836365656,-0.001845277225349218,-12.0,-4.139247116119076,12.0,-0.001629244075188607,0.0004137401838896932,0.0004137401820440955,0.000827295836365656,0.0003882911723628868,-0.0004137401838893727
3,0.003568121163023925,8.295833288478166,-0.001844326067930613,-12.0,-4.15068315178424,12.0,-0.001630134209596346,0.0004148838825717889,0.0004148838807273048,0.0008295833288478167,0.0003857503463749468,-0.0004148838825716309
3,0.0035683211630239253,8.318694818800179,-0.001843470079554876,-12.0,-4.162112632954123,12.0,-0.001631027807027841,0.000416026916287796,0.0004160269144439867,0.0008318694818800179,0.0003832149877094071,-0.0004160269162874569
3,0.003568521163023925,8.341543495967898,-0.001842516780639958,-12.0,-4.173535541580077,12.0,-0.001631911009946307,0.0004171693024801144,0.0004171693006374268,0.0008341543495967898,0.0003806711672544455,-0.0004171693024799437
3,0.003568721163023925,8.364378705258574,-0.001841659051907918,-12.0,-4.184951859623739,12.0,-0.001632797711189515,0.0004183110200575422,0.0004183110182155241,0.0008364378705258574,0.0003781328604090806,-0.0004183110200571832
3,0.003568921163023926,8.387200989921114,-0.001840703793037246,-12.0,-4.196361569057151,12.0,-0.001633673968289395,0.0004194520865265958,0.0004194520846857076,0.0008387200989921114,0.0003755860528757982,-0.0004194520865264114
3,0.003569121163023926,8.410009733373666,-0.001839844518407574,-12.0,-4.20776465186289,12.0,-0.001634553759043866,0.0004205924807348288,0.0004205924788946037,0.0008410009733373667,0.0003730448052612495,-0.0004205924807344482
3,0.0035693211630239263,8.432805480812968,-0.001838887492360719,-12.0,-4.219161090033899,12.0,-0.001635423055929008,0.0004217322202543533,0.0004217322184152664,0.0008432805480812969,0.0003704950179512639,-0.0004217322202541539
3,0.003569521163023926,8.455587613752295,-0.001838026878131505,-12.0,-4.230550865573614,12.0,-0.001636295921828235,0.0004228712838699519,0.0004228712820315213,0.0008455587613752295,0.0003679508368911039,-0.0004228712838695483
3,0.003569721163023926,8.478356679381479,-0.001837068289756161,-12.0,-4.241933960496057,12.0,-0.001637158244034542,0.0004240096892208461,0.0004240096873835618,0.000847835667938148,0.0003653980770177007,-0.0004240096892206302
3,0.003569921163023926,8.501112057262223,-0.001836206555104969,-12.0,-4.253310356825834,12.0,-0.001638024170643071,0.0004251474150275013,0.0004251474131908664,0.0008501112057262223,0.000362850969747211,-0.0004251474150270729
3,0.003570121163023926,8.523854296624123,-0.001835246622268638,-12.0,-4.26468003659793,12.0,-0.001638879503637058,0.0004262844789977999,0.0004262844771623196,0.0008523854296624123,0.000360295244434039,-0.0004262844789975661
3,0.003570321163023926,8.546582775028108,-0.00183438400016156,-12.0,-4.276042981858136,12.0,-0.001639738476449493,0.0004274208597862529,0.0004274208579514136,0.0008546582775028109,0.000357745218098976,-0.0004274208597857975
3,0.003570521163023926,8.569298043792458,-0.001833422954921282,-12.0,-4.287399174662841,12.0,-0.001640586805626176,0.0004285565751710454,0.0004285565733373689,0.0008569298043792458,0.00035518653437909,-0.000428556575170792
3,0.003570721163023927,8.591999478426905,-0.001832559693323965,-12.0,-4.298748597079035,12.0,-0.001641438810066731,0.0004296916037390554,0.0004296916019060115,0.0008591999478426906,0.0003526335960342269,-0.0004296916037385711
3,0.003570921163023927,8.614687632388014,-0.001831597782942396,-12.0,-4.310091231184399,12.0,-0.00164228012074874,0.0004308259633404202,0.0004308259615085478,0.0008614687632388015,0.0003500719608484221,-0.0004308259633401456
3,0.003571121163023927,8.637361879081983,-0.001830734146063495,-12.0,-4.321427059067428,12.0,-0.001643125142167579,0.000431959632492652,0.0004319596306614023,0.0008637361879081983,0.0003475161174566893,-0.0004319596324921365
3,0.003571321163023927,8.660022774155822,-0.001829771634430433,-12.0,-4.332756062827273,12.0,-0.001643959419603269,0.0004330926291195822,0.0004330926272895126,0.0008660022774155822,0.0003449515376525436,-0.0004330926291192842
3,0.003571521163023927,8.682669688857471,-0.001828907904026789,-12.0,-4.344078224573856,12.0,-0.001644797443276724,0.0004342249316675324,0.000434224929838075,0.0008682669688857472,0.0003423927960834877,-0.0004342249316669829
3,0.0035717211630239267,8.705303181078058,-0.001827945073015869,-12.0,-4.355393526428005,12.0,-0.001645624672638402,0.0004353565581358223,0.0004353565563075537,0.0008705303181078058,0.0003398252784141964,-0.0004353565581354989
3,0.0035719211630239273,8.727922619850975,-0.001827081549983678,-12.0,-4.366701950521279,12.0,-0.001646455683765868,0.0004364874868977158,0.0004364874850700479,0.0008727922619850976,0.000337263645442995,-0.0004364874868971295
3,0.003572121163023927,8.750528565366857,-0.001826118700991586,-12.0,-4.378003478996102,12.0,-0.001647275850148677,0.0004376177360298624,0.0004376177342033924,0.0008750528565366857,0.0003346931965660938,-0.0004376177360295111
3,0.003572321163023927,8.773120384385669,-0.001825255706972673,-12.0,-4.38929809400585,12.0,-0.001648099833851946,0.0004387472838305139,0.0004387472820046321,0.0008773120384385669,0.00033212867887214,-0.0004387472838298878
3,0.003572521163023928,8.795698639455587,-0.001824293162749679,-12.0,-4.400585777714849,12.0,-0.001648912922271539,0.0004398761484555921,0.0004398761466309169,0.0008795698639455587,0.0003295553053484918,-0.0004398761484552101
3,0.0035727211630239277,8.818262695001838,-0.001823431041965584,-12.0,-4.411866512298178,12.0,-0.001649729863592575,0.0004410043081262908,0.0004410043063021903,0.0008818262695001838,0.0003269879095144507,-0.0004410043081256213
3,0.0035729211630239283,8.840813115989565,-0.001822469148403005,-12.0,-4.423140279942078,12.0,-0.001650535858983559,0.0004421317810797834,0.0004421317792568984,0.0008840813115989566,0.0003244116178070661,-0.0004421317810793676
3,0.003573121163023928,8.86334926444605,-0.001821608269794162,-12.0,-4.4344070628438,12.0,-0.001651345742882948,0.0004432585454581173,0.0004432585436357922,0.0008863349264446051,0.0003218413503177225,-0.0004432585454574006
3,0.003573321163023928,8.885871707815523,-0.001820647398125264,-12.0,-4.445666843211423,12.0,-0.001652144630096886,0.0004443846195817827,0.0004443846177606824,0.0008885871707815523,0.0003192621467907331,-0.0004443846195813299
3,0.003573521163023928,8.90837980566045,-0.001819788157451541,-12.0,-4.456919603264284,12.0,-0.001652947441451835,0.0004455099815114513,0.0004455099796908951,0.000890837980566045,0.0003166890140320205,-0.0004455099815106832
3,0.003573721163023928,8.930874127969018,-0.001818828706670939,-12.0,-4.468165325232802,12.0,-0.001653739205256799,0.0004466346496531069,0.0004466346478337845,0.0008930874127969018,0.0003141069049495959,-0.0004466346496526132
3,0.003573921163023928,8.95335403176981,-0.0018179715291331,-12.0,-4.47940399135832,12.0,-0.001654534928858697,0.0004477586019837429,0.0004477586001649472,0.0008953354031769811,0.0003115309132074168,-0.0004477586019829188
3,0.003574121163023928,8.975820089661369,-0.001817013928459676,-12.0,-4.490635583893513,12.0,-0.001655319553935608,0.0004488818569970442,0.0004488818551794914,0.0008975820089661369,0.0003089459047331405,-0.0004488818569965053
3,0.003574321163023929,8.998271656066576,-0.001816159271542883,-12.0,-4.501860085102195,12.0,-0.001656108174489579,0.0004500043925839509,0.000450004390766906,0.0008998271656066577,0.0003063670601925889,-0.0004500043925830653
3,0.003574521163023929,9.02070930626413,-0.00181520398347379,-12.0,-4.513077477259316,12.0,-0.001656885645430983,0.0004511262273281728,0.0004511262255123802,0.0009020709306264131,0.0003037791583883342,-0.0004511262273275842
3,0.003574721163023929,9.043132391995261,-0.001814352339929215,-12.0,-4.524287742651048,12.0,-0.001657667147552777,0.0004522473390320647,0.0004522473372167595,0.0009043132391995262,0.0003011974671328355,-0.000452247339031112
3,0.003574921163023929,9.06554149129134,-0.001813399863499932,-12.0,-4.535490863574918,12.0,-0.001658437448861627,0.0004533677463717855,0.0004533677445577419,0.000906554149129134,0.0002986066779580299,-0.0004533677463711419
3,0.003575121163023929,9.087935953133345,-0.00181255176496542,-12.0,-4.546686822339638,12.0,-0.001659211817075734,0.0004544874270584937,0.0004544874252449155,0.0009087935953133345,0.0002960221459687301,-0.0004544874270574672
3,0.003575321163023929,9.11031635838039,-0.001811602639336218,-12.0,-4.557875601265225,12.0,-0.001659974933162167,0.0004556063998632935,0.0004556063980509863,0.000911031635838039,0.0002934284752799388,-0.000455606399862589
3,0.0035755211630239293,9.13268205317053,-0.001810758660190537,-12.0,-4.569057182683138,12.0,-0.001660742151900263,0.0004567246424034022,0.0004567246405915361,0.000913268205317053,0.0002908411084349138,-0.0004567246424022948
3,0.003575721163023929,9.15503362126939,-0.001809813468846677,-12.0,-4.580231548936099,12.0,-0.001661498067081046,0.0004578421735474973,0.0004578421717369118,0.0009155033621269389,0.0002882445619851598,-0.0004578421735467252
3,0.00357592116302393,9.17737040588527,-0.001808974230566029,-12.0,-4.591398682378227,12.0,-0.001662258120678994,0.0004589589708159627,0.0004589589690057919,0.0009177370405885271,0.0002856543660590682,-0.0004589589708147661
3,0.00357612116302393,9.19969299377197,-0.001808033605870119,-12.0,-4.602558565375126,12.0,-0.001663006819174306,0.0004600750531777728,0.0004600750513688921,0.000919969299377197,0.0002830549494976381,-0.0004600750531769256
3,0.00357632116302393,9.222000725117576,-0.001807199782064117,-12.0,-4.613711180303882,12.0,-0.001663759691871602,0.0004611903980534767,0.000461190396244982,0.0009222000725117576,0.0002804619301613187,-0.0004611903980521819
3,0.0035765211630239303,9.244294189749144,-0.001806264410433744,-12.0,-4.624856509552867,12.0,-0.001664501157803033,0.0004623050245151741,0.0004623050227079789,0.0009244294189749145,0.0002778596490335405,-0.0004623050245142434
3,0.00357672116302393,9.2665727247387,-0.001805436732285504,-12.0,-4.635994535522146,12.0,-0.001665246833738476,0.0004634189098803893,0.0004634189080735492,0.00092665727247387,0.0002752638118542899,-0.0004634189098789861
3,0.00357692116302393,9.288836923075952,-0.001804507360160024,-12.0,-4.647125240623289,12.0,-0.001665981051128029,0.0004645320733273369,0.0004645320715218055,0.0009288836923075952,0.0002726586716015611,-0.0004645320733263129
3,0.0035771211630239302,9.311086118616595,-0.001803686622798395,-12.0,-4.658248607279361,12.0,-0.001666719514339499,0.0004656444920671799,0.0004656444902619697,0.0009311086118616596,0.0002700600220427452,-0.0004656444920656563
3,0.00357732116302393,9.33332090760538,-0.001802764063124851,-12.0,-4.669364617925017,12.0,-0.001667446467105593,0.0004667561853873174,0.0004667561835834253,0.000933332090760538,0.0002674520280031289,-0.0004667561853861893
3,0.00357752116302393,9.355540620576024,-0.001801951132732071,-12.0,-4.680473255006621,12.0,-0.001668177701527163,0.0004678671303890459,0.0004678671285854378,0.0009355540620576024,0.0002648505714249599,-0.0004678671303873889
3,0.003577721163023931,9.377745857125598,-0.001801036272617296,-12.0,-4.691574500982088,12.0,-0.001668897373483524,0.0004689773464721918,0.0004689773446699108,0.0009377745857125599,0.0002622397288335465,-0.0004689773464709471
3,0.003577921163023931,9.399935944354,-0.001800232094454568,-12.0,-4.702668338321004,12.0,-0.001669621362942353,0.0004700868106244602,0.0004700868088224228,0.0009399935944354001,0.0002596354704938048,-0.0004700868106226549
3,0.0035781211630239312,9.422111485311973,-0.00179932590366727,-12.0,-4.713754749504747,12.0,-0.001670333737795793,0.0004711955423614834,0.000471195540560782,0.0009422111485311973,0.0002570217844839601,-0.0004711955423601079
3,0.003578321163023931,9.44427180354795,-0.001798531511360668,-12.0,-4.724833717026331,12.0,-0.001671050466009905,0.0004723035185534673,0.0004723035167529655,0.0009444271803547951,0.0002544147295390625,-0.000472303518551497
3,0.003578521163023931,9.46641750567213,-0.001797635052070756,-12.0,-4.735905223390522,12.0,-0.001671755527358099,0.0004734107588353675,0.0004734107570362101,0.000946641750567213,0.0002517982051436773,-0.0004734107588338452
3,0.003578721163023931,9.488547911556731,-0.001796851578053982,-12.0,-4.746969251113963,12.0,-0.001672464977934718,0.0004745172399557456,0.0004745172381567393,0.0009488547911556732,0.0002491883586503707,-0.0004745172399535909
3,0.003578921163023931,9.510663631482492,-0.001795966016048922,-12.0,-4.75802578272498,12.0,-0.001673162709262987,0.0004756229816725809,0.0004756229798749271,0.0009510663631482493,0.0002465690008039562,-0.0004756229816708931
3,0.003579121163023931,9.532763981513089,-0.001795194703581693,-12.0,-4.769074800763864,12.0,-0.001673864865695096,0.0004767279606083894,0.0004767279588108336,0.0009532763981513089,0.0002439563677214401,-0.0004767279606060282
3,0.003579321163023931,9.554849575715828,-0.001794321321032744,-12.0,-4.780116287782676,12.0,-0.001674555250374521,0.0004778321966480389,0.000477832194851843,0.0009554849575715828,0.0002413341812626119,-0.0004778321966461643
3,0.003579521163023932,9.576919726205434,-0.001793563538013299,-12.0,-4.791150226345372,12.0,-0.001675250096038416,0.0004789356662833288,0.0004789356644871724,0.0009576919726205434,0.0002387187664553286,-0.0004789356662807359
3,0.003579721163023932,9.598975050957206,-0.001792703748182856,-12.0,-4.802176599027915,12.0,-0.00167593311732317,0.000480038389530059,0.0004800383877352695,0.0009598975050957206,0.0002360937561301235,-0.0004800383895279732
3,0.003579921163023932,9.621014857987754,-0.001791961003073439,-12.0,-4.813195388418098,12.0,-0.001676620635477133,0.0004811403427443561,0.0004811403409495414,0.0009621014857987755,0.0002334755643712411,-0.0004811403427415025
3,0.003580121163023932,9.643039769307451,-0.001791116367280132,-12.0,-4.82420657711581,12.0,-0.001677296276501816,0.0004822415460771788,0.0004822415442837366,0.0009643039769307452,0.0002308477348371973,-0.000482241546074853
3,0.003580321163023932,9.66504908867556,-0.001790390327444324,-12.0,-4.83521014773285,12.0,-0.001677976450280561,0.0004833419757436884,0.0004833419739501502,0.000966504908867556,0.000228226770813314,-0.0004833419757405405
3,0.0035805211630239317,9.687043442270673,-0.001789562574724179,-12.0,-4.846206082893048,12.0,-0.001678644694057874,0.000484441652034431,0.0004844416502422698,0.0009687043442270673,0.0002255961266445922,-0.0004844416520318323
3,0.0035807211630239323,9.709022129424548,-0.001788855087704544,-12.0,-4.857194365232381,12.0,-0.001679317506472655,0.0004855405510179484,0.0004855405492256127,0.0009709022129424548,0.0002229723949610518,-0.0004855405510144676
3,0.003580921163023932,9.730985780623673,-0.001788046137682464,-12.0,-4.868174977398823,12.0,-0.001679978335890397,0.0004866386931290238,0.0004866386913380678,0.0009730985780623673,0.0002203389406547629,-0.0004866386931261141
3,0.003581121163023932,9.752933690589897,-0.001787359255943866,-12.0,-4.879147902052456,12.0,-0.001680643769823909,0.0004877360542835098,0.0004877360524922921,0.0009752933690589898,0.0002177124458426632,-0.0004877360542796513
3,0.003581321163023933,9.77486649426358,-0.00178657124539594,-12.0,-4.890113121865597,12.0,-0.001681297167642204,0.0004888326550652859,0.0004888326532754488,0.000977486649426358,0.000215076185826571,-0.0004888326550620202
3,0.0035815211630239327,9.796783481561167,-0.001785907255299701,-12.0,-4.901070619522605,12.0,-0.001681955205846575,0.0004899284712310194,0.0004899284694408234,0.0009796783481561169,0.0002124469323512568,-0.0004899284712267304
3,0.0035817211630239333,9.8186852920296,-0.001785142569287412,-12.0,-4.912020377720157,12.0,-0.001682601154694985,0.0004910235235187614,0.0004910235217299444,0.0009818685292029602,0.0002098078709934642,-0.000491023523515087
3,0.003581921163023933,9.840571210569173,-0.001784504024955336,-12.0,-4.92296237916706,12.0,-0.001683251779788564,0.0004921177875189909,0.0004921177857297065,0.0009840571210569173,0.0002071758632646858,-0.0004921177875142105
3,0.003582121163023933,9.862441881493176,-0.001783765333418064,-12.0,-4.933896606584368,12.0,-0.001683890262163201,0.0004932112841292395,0.0004932112823413297,0.0009862441881493176,0.000204534004885043,-0.000493211284125095
3,0.003582321163023933,9.884296584458056,-0.001783155096618749,-12.0,-4.944823042705508,12.0,-0.00168453345662678,0.0004943039887662326,0.0004943039869777337,0.0009884296584458056,0.0002018992472699321,-0.000494303988760889
3,0.003582521163023933,9.906135968710577,-0.001782445397579213,-12.0,-4.955741670276112,12.0,-0.001685164454887644,0.0004953959224925412,0.0004953959207054078,0.0009906135968710578,0.0001992545961541636,-0.0004953959224878533
3,0.003582721163023933,9.927959308416382,-0.001781866684858802,-12.0,-4.966652472054147,12.0,-0.001685800201061904,0.000496487060542921,0.000496487058755062,0.0009927959308416382,0.0001966170929922906,-0.0004964870605369289
3,0.003582921163023933,9.94976725792972,-0.001781189355517299,-12.0,-4.977555430810029,12.0,-0.001686423697428885,0.000497577424150769,0.0004975774223642619,0.000994976725792972,0.0001939696534094607,-0.0004975774241454512
3,0.003583121163023934,9.971559085657223,-0.001780645794265734,-12.0,-4.988450529326468,12.0,-0.001687051977509624,0.0004986669883599615,0.0004986669865725744,0.0009971559085657222,0.0001913294090319095,-0.0004986669883532203
3,0.003583321163023934,9.993335451241496,-0.001780004651860789,-12.0,-4.999337750398585,12.0,-0.001687667954059502,0.0004997557745807233,0.0004997557727946678,0.0009993335451241496,0.0001886791852553568,-0.0004997557745746724
3,0.003583521163023934,10.01509561703684,-0.00177950034707175,-12.0,-5.010217076834033,12.0,-0.001688288750095635,0.000500843757656306,0.0005008437558691957,0.001001509561703684,0.0001860362040076585,-0.0005008437576486962
3,0.003583721163023934,10.03684024816224,-0.001778899721796456,-12.0,-5.02108849145281,12.0,-0.001688897188759086,0.000501930959180009,0.0005019309573942017,0.001003684024816224,0.000183383200340656,-0.0005019309591731013
3,0.003583921163023934,10.05856860059778,-0.001778439336163729,-12.0,-5.03195197708753,12.0,-0.001689510482647649,0.0005030173537837583,0.0005030173519966972,0.001005856860059778,0.0001807374866110711,-0.0005030173537751367
3,0.0035841211630239338,10.0802813451326,-0.001777884158708609,-12.0,-5.042807516583203,12.0,-0.001690111365205471,0.0005041029632503623,0.0005041029614645654,0.00100802813451326,0.0001780817074183844,-0.0005041029632424494
3,0.0035843211630239343,10.10197773101787,-0.001777473009233699,-12.0,-5.053655092797513,12.0,-0.001690717138687847,0.0005051877619886335,0.000505187760201355,0.001010197773101787,0.0001754332656724589,-0.0005051877619788278
3,0.003584521163023934,10.12365843491172,-0.001776968916719746,-12.0,-5.064494688600627,12.0,-0.001691310446766736,0.0005062717719774887,0.0005062717701914219,0.001012365843491172,0.0001727747154190509,-0.0005062717719683908
3,0.003584721163023935,10.14532269894303,-0.001776613091778234,-12.0,-5.075326286875312,12.0,-0.001691908681424437,0.0005073549673895512,0.0005073549656017403,0.001014532269894303,0.0001701235502422488,-0.0005073549673783534
3,0.003584921163023935,10.1669712058411,-0.001776166556560099,-12.0,-5.086149870517056,12.0,-0.001692494396493771,0.0005084373704065512,0.000508437368619883,0.00101669712058411,0.0001674622335408951,-0.0005084373703960497
3,0.0035851211630239348,10.18860319017407,-0.001775873058766031,-12.0,-5.096965422433914,12.0,-0.001693085073743883,0.0005095189549503578,0.0005095189531616418,0.001018860319017407,0.0001648083496913061,-0.0005095189549375148
3,0.0035853211630239353,10.21021934094526,-0.001775491546051278,-12.0,-5.107772925546622,12.0,-0.001693663177111837,0.0005105997434122299,0.0005105997416245657,0.001021021934094526,0.0001621442713616791,-0.0005105997434000572
3,0.003585521163023935,10.23181888466951,-0.001775268467520075,-12.0,-5.118572362788719,12.0,-0.001694246278201916,0.000511679709446918,0.0005116797076568514,0.001023181888466951,0.0001594876738354456,-0.0005116797094321201
3,0.003585721163023935,10.25340251682466,-0.001774960629632893,-12.0,-5.129363717106388,12.0,-0.001694816751010131,0.000512758875661849,0.0005127588738727148,0.001025340251682467,0.0001568208389774728,-0.0005127588756476756
3,0.0035859211630239352,10.27496945531498,-0.001774817368610737,-12.0,-5.140146971458578,12.0,-0.001695392257013983,0.0005138372154261315,0.0005138372136341794,0.001027496945531498,0.0001541615330903634,-0.0005138372154089968
3,0.003586121163023935,10.29652040228479,-0.001774593285838844,-12.0,-5.150922108817088,12.0,-0.001695955080233125,0.0005149147515697075,0.0005149147497785317,0.001029652040228479,0.0001514919471760981,-0.000514914751553125
3,0.003586321163023935,10.31805456639275,-0.001774540816521952,-12.0,-5.161689112166568,12.0,-0.001696522972044034,0.0005159914571549497,0.0005159914553604638,0.001031805456639275,0.0001488299386660646,-0.0005159914571350047
3,0.003586521163023936,10.33957265662577,-0.001774412298213957,-12.0,-5.172447964504327,12.0,-0.00169707812646902,0.0005170673552401131,0.000517067353446199,0.001033957265662577,0.0001461576076552673,-0.0005170673552206112
3,0.003586721163023936,10.36107387166514,-0.001774463509016222,-12.0,-5.18319864884073,12.0,-0.001697638384793976,0.0005181424185565187,0.0005181424167587078,0.001036107387166514,0.0001434929028118828,-0.0005181424185331713
3,0.0035869211630239362,10.38255892749001,-0.001774444473058967,-12.0,-5.193941148199039,12.0,-0.001698185851038647,0.0005192166703956605,0.0005192166685981535,0.001038255892749001,0.0001408178332984247,-0.0005192166703725979
3,0.003587121163023936,10.40402701195383,-0.00177461459480055,-12.0,-5.20467544561526,12.0,-0.001698738456392013,0.0005202900831295417,0.0005202900813274314,0.001040402701195383,0.0001381504391276406,-0.0005202900831020459
3,0.003587321163023936,10.42547884813369,-0.001774721549646419,-12.0,-5.215401524138532,12.0,-0.001699278214881583,0.0005213626802863262,0.000521362678484167,0.001042547884813369,0.0001354726385266528,-0.0005213626802588885
3,0.003587521163023936,10.44691361205502,-0.001775028702099224,-12.0,-5.226119366830946,12.0,-0.001699823147576773,0.0005224344338454777,0.0005224344320378559,0.001044691361205502,0.0001328025629622268,-0.0005224344338128846
3,0.003587721163023936,10.46833203393321,-0.001775281365409054,-12.0,-5.236828956767533,12.0,-0.001700355178541835,0.000523505367573068,0.000523505365764931,0.001046833203393321,0.0001301220397508587,-0.0005235053675402124
3,0.0035879211630239364,10.48973327677314,-0.001775747261544502,-12.0,-5.247530277036359,12.0,-0.001700892418682431,0.0005245754530163895,0.0005245754512017343,0.001048973327677314,0.0001274492919280182,-0.0005245754529774815
3,0.003588121163023936,10.51111807786895,-0.001776169361644708,-12.0,-5.258223310738638,12.0,-0.001701416702150516,0.0005256447141773207,0.0005256447123615299,0.001051111807786896,0.0001247660559586805,-0.0005256447141376993
3,0.003588321163023937,10.53248558576509,-0.001776820225224629,-12.0,-5.268908040988583,12.0,-0.001701946229620832,0.0005267131221231372,0.0005267131202995155,0.001053248558576509,0.0001220906465715654,-0.0005267131220763359
3,0.003588521163023937,10.55383654462547,-0.001777440550914111,-12.0,-5.279584450913512,12.0,-0.001702462745407085,0.0005277807010844075,0.0005277806992588192,0.001055383654462547,0.0001194047094831077,-0.0005277807010362597
3,0.003588721163023937,10.57517008676665,-0.001778308325045774,-12.0,-5.290252523653979,12.0,-0.001702984539859065,0.0005288474215896573,0.000528847419754585,0.001057517008676666,0.0001167266512572609,-0.0005288474215328935
3,0.0035889211630239374,10.5964869627921,-0.001779162117293787,-12.0,-5.300912242363612,12.0,-0.001703493267553369,0.0005299133080836318,0.0005299133062454698,0.00105964869627921,0.000114038027021264,-0.0005299133080246319
3,0.003589121163023937,10.61778628658379,-0.001780286076316973,-12.0,-5.31156359020923,12.0,-0.001704007308392763,0.0005309783304827625,0.0005309783286330052,0.001061778628658379,0.0001113573353449804,-0.0005309783304132912
3,0.003589321163023937,10.63906881442328,-0.001781416896747157,-12.0,-5.322206550370928,12.0,-0.001704508227346913,0.0005320425134203816,0.0005320425115660013,0.001063906881442328,0.0001086660410003527,-0.0005320425133474181
3,0.0035895211630239373,10.66033363895119,-0.001782845825352375,-12.0,-5.332841106042082,12.0,-0.001705014493713908,0.0005331058261075398,0.0005331058242388272,0.001066033363895119,0.000105982734779745,-0.000533105826021673
3,0.003589721163023937,10.68158152086976,-0.001784308100798437,-12.0,-5.343467240429156,12.0,-0.001705507583022736,0.0005341682933239808,0.0005341682914485278,0.001068158152086976,0.0001032887914343035,-0.0005341682932328357
3,0.003589921163023937,10.7028115279318,-0.00178610328344142,-12.0,-5.354084936752094,12.0,-0.001706006053769638,0.0005352298834541548,0.000535229881560762,0.00107028115279318,0.00010060289426813,-0.0005352298833468653
3,0.003590121163023938,10.72402442325285,-0.001787965825386095,-12.0,-5.364694178244163,12.0,-0.001706491292246315,0.0005362906213570071,0.0005362906194539119,0.001072402442325285,9.790632848517486e-05,-0.0005362906212418776
3,0.003590321163023938,10.74521924485371,-0.001790205215263185,-12.0,-5.375294948151803,12.0,-0.001706981945906294,0.0005373504744293261,0.0005373504725034487,0.001074521924485371,9.521787030471879e-05,-0.000537350474293654
3,0.0035905211630239383,10.76639675510496,-0.001792556171314796,-12.0,-5.385887229735013,12.0,-0.001707459312051296,0.0005384094675035993,0.0005384094655638136,0.001076639675510496,9.251871605494427e-05,-0.0005384094673563699
3,0.003590721163023938,10.78755595569825,-0.001795340309754589,-12.0,-5.396471006267161,12.0,-0.001707942126796869,0.0005394675667695982,0.0005394675648004004,0.001078755595569825,8.98277354544029e-05,-0.0005394675665957407
3,0.003590921163023938,10.80869760331143,-0.001798294264224953,-12.0,-5.407046261034992,12.0,-0.001708411598752457,0.0005405247968679611,0.0005405247948787826,0.001080869760331143,8.712603691597015e-05,-0.0005405247966770768
3,0.003591121163023938,10.82982065407522,-0.001801754855697002,-12.0,-5.417612977338706,12.0,-0.001708886552338362,0.0005415811224744162,0.000541581120446546,0.001082982065407522,8.443258453004823e-05,-0.000541581122248301
3,0.003591321163023938,10.85092585118584,-0.001805463229681781,-12.0,-5.428171138492074,12.0,-0.001709348107824304,0.0005426365677775619,0.000542636565720776,0.001085092585118584,8.17284001906303e-05,-0.0005426365675262392
3,0.003591521163023938,10.87201209190947,-0.001809775846528083,-12.0,-5.438720727822287,12.0,-0.001709815177502849,0.000543691095496583,0.0005436910933878001,0.001087201209190947,7.903254370030324e-05,-0.000543691095197576
3,0.003591721163023938,10.89308009355764,-0.001814442497887647,-12.0,-5.449261728670077,12.0,-0.001710268793720937,0.0005447447289539096,0.0005447447268027764,0.001089308009355764,7.632595250994106e-05,-0.000544744728617219
3,0.003591921163023939,10.91412867472717,-0.001819845885184801,-12.0,-5.459794124389822,12.0,-0.00171072795611904,0.0005457974282533448,0.0005457974260306178,0.001091412867472717,7.362778424956085e-05,-0.0005457974278504637
3,0.003592121163023939,10.93515850674346,-0.001825751146774302,-12.0,-5.470317898349403,12.0,-0.001711173609605654,0.0005468492151802892,0.0005468492128945118,0.001093515850674346,7.091889510023319e-05,-0.0005468492147202628
3,0.003592321163023939,10.95616829897791,-0.001832577410390446,-12.0,-5.480833033930313,12.0,-0.001711624840530057,0.0005479000462065263,0.0005479000438194149,0.001095616829897791,6.821854395264518e-05,-0.0005479000456519923
3,0.003592521163023939,10.97715864340407,-0.001840116283053472,-12.0,-5.49133951452778,12.0,-0.001712062506920409,0.0005489499404673179,0.0005489499379843564,0.001097715864340407,6.550751073530238e-05,-0.0005489499398244727
3,0.003592721163023939,10.99812809111172,-0.001848839670898883,-12.0,-5.501837323550605,12.0,-0.001712505781045981,0.0005499988491700985,0.000549998846539131,0.001099812809111172,6.280516134878934e-05,-0.0005499988483879707
3,0.0035929211630239388,11.01907709763091,-0.00185858467999056,-12.0,-5.512326444421286,12.0,-0.001712935434680263,0.0005510467868960264,0.000551046784115545,0.001101907709763091,6.00922077226302e-05,-0.0005510467859741296
3,0.0035931211630239393,11.04000397340855,-0.001869903448525001,-12.0,-5.522806860576098,12.0,-0.001713370725017149,0.0005520936968474072,0.0005520936938428538,0.001104000397340855,5.738813274925453e-05,-0.0005520936957127574
3,0.003593321163023939,11.06090897695641,-0.001882698773246094,-12.0,-5.533278555465064,12.0,-0.001713792338249254,0.0005531395856691825,0.0005531395837864829,0.001106090897695641,5.46735945786813e-05,-0.0005531395856691818
3,0.003593521163023939,11.08178990800435,-0.001897693048542592,-12.0,-5.543741512551918,12.0,-0.001714219613716483,0.0005541843819503388,0.0005541843800526445,0.001108178990800435,5.196821677196789e-05,-0.0005541843819503376
3,0.00359372116302394,11.10264669821612,-0.001914898038102297,-12.0,-5.554195715314194,12.0,-0.001714633157253287,0.000555228081727611,0.0005552280798127111,0.001110264669821612,4.925261964232146e-05,-0.0005552280817276092
3,0.0035939211630239398,11.12347654324741,-0.001935237511506038,-12.0,-5.564641147243337,12.0,-0.001715052384727689,0.0005562705909731858,0.0005562705890379457,0.001112347654324741,4.654659385563802e-05,-0.0005562705909731831
3,0.0035941211630239403,11.14427844982262,-0.001959031561951985,-12.0,-5.575077791844556,12.0,-0.00171545782022231,0.0005573118760282645,0.0005573118740692288,0.001114427844982262,4.383079689484169e-05,-0.0005573118760282605
3,0.00359432116302394,11.16504848145871,-0.001987581354509604,-12.0,-5.585505632636934,12.0,-0.001715868958012789,0.0005583518051282491,0.0005583518031406611,0.001116504848145871,4.112524896412312e-05,-0.0005583518051282425
3,0.00359452116302394,11.18578403676105,-0.002021743037059931,-12.0,-5.595924653153546,12.0,-0.00171626623723603,0.0005593902910116591,0.0005593902889899057,0.001118578403676105,3.841073725254027e-05,-0.0005593902910116487
3,0.00359472116302394,11.20647879074632,-0.002063613954672583,-12.0,-5.606334836941308,12.0,-0.001716669226747791,0.0005604271222986811,0.0005604271202350496,0.001120647879074632,3.570767533116539e-05,-0.0005604271222986636
3,0.00359492116302394,11.22712674354873,-0.002115183089926198,-12.0,-5.616736167561088,12.0,-0.001717058277522998,0.0005614620984471454,0.0005614620963319331,0.001122712674354873,3.299721579656106e-05,-0.0005614620984471162
3,0.00359512116302394,11.24771630989516,-0.002180301224822045,-12.0,-5.627128628587825,12.0,-0.00171745302323123,0.0005624948327363523,0.0005624948305559992,0.001124771630989516,3.030053902688522e-05,-0.0005624948327363004
3,0.003595321163023941,11.26823346482377,-0.002263632374758018,-12.0,-5.637512203610346,12.0,-0.001717833715791983,0.0005635248571236517,0.0005635248548599264,0.001126823346482377,2.759976947561051e-05,-0.0005635248571235588
3,0.003595521163023941,11.28865359849776,-0.002373368832704781,-12.0,-5.647886876231626,12.0,-0.001718220028368495,0.000564551350740069,0.0005645513483665233,0.001128865359849776,2.491786496108296e-05,-0.000564551350739892
3,0.003595721163023941,11.30894123428102,-0.002521325143235664,-12.0,-5.658252630068613,12.0,-0.001718592075662828,0.0005655731304928822,0.0005655731279712127,0.001130894123428102,2.223967500061342e-05,-0.0005655731304925378
3,0.003595921163023941,11.32903466687693,-0.002728058688858948,-12.0,-5.668609448752337,12.0,-0.001718969491342814,0.0005665881390070697,0.0005665881362782892,0.001132903466687693,1.959306725867306e-05,-0.0005665881390063478
3,0.003596121163023941,11.34883249475346,-0.003027358851804829,-12.0,-5.678957315928025,12.0,-0.001719332113539196,0.0005675929957092333,0.0005675929926802631,0.001134883249475346,1.697141009656062e-05,-0.000567592995707622
3,0.003596321163023941,11.36815236645945,-0.00347999815016542,-12.0,-5.689296215254954,12.0,-0.00171969926653584,0.0005685816217146997,0.0005685816182304807,0.001136815236645945,1.441835726610731e-05,-0.0005685816217104789
3,0.003596521163023941,11.38667303368178,-0.004193047756797519,-12.0,-5.699626130406563,12.0,-0.001720050070272608,0.0005695433082792717,0.0005695433040719289,0.001138667303368178,1.195588824160734e-05,-0.0005695433082649766
3,0.0035967211630239413,11.40383933815516,-0.005351548318332511,-12.0,-5.709947045070562,12.0,-0.001720403043644556,0.0005704595497452884,0.0005704595443236747,0.001140383933815516,9.676587582894687e-06,-0.000570459549675223
3,0.003596921163023941,11.41883460127414,-0.007227713356370624,-12.0,-5.72025894294876,12.0,-0.001720737085893868,0.0005713031233187999,0.0005713031157315256,0.001141883460127414,7.66831754216564e-06,-0.0005713031229592389
3,0.003597121163023942,11.43082195339543,-0.01010048670316244,-12.0,-5.730561807757324,12.0,-0.001721073684088401,0.000572046133075731,0.0005720461220049295,0.001143082195339543,6.064255047820145e-06,-0.0005720461321054161
3,0.003597321163023942,11.43949637288506,-0.0140715307125007,-12.0,-5.74085562322659,12.0,-0.001721397831340992,0.0005726784092514092,0.0005726783951798783,0.001143949637288506,4.890201098782824e-06,-0.000572678409251409
3,0.003597521163023942,11.44529955039,-0.01899360531342893,-12.0,-5.751140373101194,12.0,-0.00172173367926806,0.0005732146767787766,0.0005732146577851713,0.001144529955039,4.111527808354336e-06,-0.0005732146767787765
3,0.0035977211630239423,11.44903827564976,-0.02459777155838051,-12.0,-5.761416041140167,12.0,-0.001722062230200983,0.0005736818269581788,0.0005736818023604071,0.001144903827564976,3.60175459254072e-06,-0.0005736818269581787
3,0.003597920166341929,11.45145332656883,-0.0306030012384392,-12.0,-5.771631471172089,12.0,-0.001722404136607582,0.000574102846993365,0.0005741028163903638,0.001145145332656884,3.284486923622173e-06,-0.000574102846993365
3,0.0035981201663419287,11.45310668343975,-0.03689017447518992,-12.0,-5.781888972334404,12.0,-0.001722746146898383,0.0005744998797859214,0.0005744998428957469,0.001145310668343975,3.06815710328601e-06,-0.0005744998797859214
3,0.0035983201663419293,11.45425313236293,-0.04334022901402486,-12.0,-5.792137343104795,12.0,-0.001723099247381297,0.000574879711409077,0.000574879668068848,0.001145425313236294,2.931425587751752e-06,-0.000574879711409077
3,0.003598520166341929,11.45506478375536,-0.04989578430946254,-12.0,-5.802376567299716,12.0,-0.001723441618852167,0.0005752480782990255,0.0005752480284032412,0.001145506478375536,2.829449787471746e-06,-0.0005752480782990253
3,0.003598720166341929,11.45565119889385,-0.05652030940004896,-12.0,-5.812606628750093,12.0,-0.001723791723928323,0.0005756086319350043,0.000575608575414695,0.001145565119889385,2.765984624967855e-06,-0.0005756086319350045
3,0.00359892016634193,11.45608365965977,-0.06319003304728724,-12.0,-5.822827511301144,12.0,-0.001724130421339524,0.0005759637478253857,0.0005759636846353527,0.001145608365965977,2.712267648609835e-06,-0.0005759637478253857
3,0.0035991201663419297,11.4564078806393,-0.06988970639736537,-12.0,-5.833039198812759,12.0,-0.001724477083325442,0.0005763149492415394,0.0005763148793518331,0.00114564078806393,2.681449396390578e-06,-0.0005763149492415394
3,0.0035993201663419303,11.45665511328693,-0.07660890161789236,-12.0,-5.843241675159321,12.0,-0.001724812852017353,0.000576663277354143,0.0005766632007452412,0.001145665511328693,2.650377689447998e-06,-0.0005766632773541428
3,0.00359952016634193,11.45684580063088,-0.08334079367088139,-12.0,-5.853434924229697,12.0,-0.001725157104061735,0.0005770094130470236,0.000577009329715088,0.001145684580063088,2.635583133138815e-06,-0.0005770094130558816
3,0.00359972016634193,11.45699495793568,-0.09008036677054575,-12.0,-5.863618929927324,12.0,-0.001725490941146873,0.0005773538563098326,0.0005773537662353112,0.001145699495793568,2.61605894205978e-06,-0.0005773538563156778
3,0.00359992016634193,11.45711240887322,-0.0968243356602405,-12.0,-5.87379367617033,12.0,-0.001725833641212849,0.000577696934047249,0.0005776968372266732,0.001145711240887322,2.609685798327441e-06,-0.0005776969340510089
3,0.00360012016634193,11.45720606571276,-0.1035700522229765,-12.0,-5.883959146891367,12.0,-0.001726166245094139,0.0005780389094644734,0.0005780388058967868,0.001145720606571276,2.596383498018754e-06,-0.000578038909466839
3,0.00360032016634193,11.45728091320828,-0.1103158441834399,-12.0,-5.894115326037745,12.0,-0.001726507941158885,0.0005783799481839692,0.0005783798378695863,0.001145728091320828,2.594631403559109e-06,-0.0005783799481854305
3,0.00360052016634193,11.45734149320679,-0.1170601869108409,-12.0,-5.904262197571525,12.0,-0.001726839728501466,0.0005787202010651791,0.0005787200840058815,0.001145734149320679,2.584798767472452e-06,-0.0005787202010660684
3,0.003600720166341931,11.45739040649542,-0.1238022027997634,-12.0,-5.914399745469385,12.0,-0.001727180727300402,0.0005790597542664267,0.0005790596304647593,0.001145739040649542,2.585651975140943e-06,-0.0005790597542669622
3,0.003600920166341931,11.45743047238902,-0.1305409414125358,-12.0,-5.924527953722725,12.0,-0.001727511915743372,0.0005793987012306988,0.0005793985706900776,0.001145743047238902,2.57780000606248e-06,-0.000579398701231019
3,0.003601120166341931,11.45746303296539,-0.137275944730422,-12.0,-5.934646806337777,12.0,-0.001727852364791885,0.0005797370861605445,0.0005797369488847908,0.001145746303296539,2.580151665462385e-06,-0.0005797370861607355
3,0.003601320166341931,11.45748996916559,-0.1440065751246128,-12.0,-5.944756287335464,12.0,-0.001728183048261782,0.0005800749712209711,0.0005800748272145099,0.001145748996916559,2.573453491918048e-06,-0.0005800749712210851
3,0.003601520166341931,11.45751191914356,-0.1507326092357575,-12.0,-5.954856380751509,12.0,-0.001728523001805341,0.0005804123771515071,0.000580412226418966,0.001145751191914356,2.576683442895718e-06,-0.0005804123771515751
3,0.0036017201663419308,11.45753022563222,-0.1574535888563593,-12.0,-5.964947070636539,12.0,-0.001728853206121031,0.0005807493481779769,0.0005807491907244291,0.001145753022563222,2.570672206120162e-06,-0.000580749348178018
3,0.0036019201663419313,11.45754511515757,-0.1641694278552387,-12.0,-5.975028341055923,12.0,-0.001729192670408902,0.0005810858913200434,0.0005810857271506405,0.001145754511515757,2.574427769901314e-06,-0.0005810858913200685
3,0.003602120166341931,11.4575576095348,-0.1708797750165762,-12.0,-5.985100176090016,12.0,-0.00172952238894091,0.0005814220401073286,0.0005814218692275691,0.00114575576095348,2.568836000745952e-06,-0.0005814220401073439
3,0.003602320166341932,11.45756768668256,-0.1775846270976056,-12.0,-5.995162559833958,12.0,-0.001729861349413058,0.0005817577932736257,0.000581757615689008,0.001145756768668256,2.572913522242427e-06,-0.0005817577932736353
3,0.003602520166341932,11.45757617166202,-0.1842836984866217,-12.0,-6.005215476397927,12.0,-0.001730190563150898,0.0005820931777911246,0.000582092993507432,0.001145757617166202,2.567585415990331e-06,-0.0005820931777911306
3,0.0036027201663419318,11.45758288884614,-0.1909770371423529,-12.0,-6.01525890990697,12.0,-0.00173052899876802,0.000582428187276458,0.0005824279962994247,0.001145758288884614,2.571865127546405e-06,-0.0005824281872764618
3,0.0036029201663419323,11.45758854023356,-0.1976643984935598,-12.0,-6.025292844501104,12.0,-0.001730857686197497,0.000582762844600752,0.000582762646936356,0.001145758854023356,2.56670808838419e-06,-0.0005827628446007545
3,0.003603120166341932,11.45759285385494,-0.2043458626328928,-12.0,-6.035317264335436,12.0,-0.001731195575973229,0.0005830971401702529,0.0005830969358243918,0.001145759285385494,2.571118007194895e-06,-0.0005830971401702543
3,0.003603320166341932,11.45759645351509,-0.2110212110735663,-12.0,-6.045332153580008,12.0,-0.001731523717178432,0.0005834310942506431,0.0005834308832294331,0.00114575964535151,2.56607570397809e-06,-0.0005834310942506441
3,0.0036035201663419322,11.45759900603251,-0.2176905443321435,-12.0,-6.055337496419914,12.0,-0.001731861042574685,0.0005837646952087764,0.0005837644775182327,0.001145759900603251,2.570571484950634e-06,-0.0005837646952087771
3,0.003603720166341932,11.45760108478434,-0.2243536607510889,-12.0,-6.06533327705541,12.0,-0.001732188620472138,0.0005840979616304316,0.0005840977372767713,0.001145760108478434,2.565608750874467e-06,-0.0005840979616304322
3,0.003603920166341932,11.45760231723064,-0.2310106739864519,-12.0,-6.075319479701738,12.0,-0.001732525365870981,0.0005844308805715283,0.0005844306495608547,0.001145760231723064,2.570162338071202e-06,-0.0005844308805715287
3,0.003604120166341933,11.45760324368854,-0.2376613934207811,-12.0,-6.085296088589377,12.0,-0.00173285236620895,0.0005847634695168595,0.0005847632318554663,0.001145760324368854,2.565256613720653e-06,-0.0005847634695168596
3,0.003604320166341933,11.45760346597916,-0.2443059412765851,-12.0,-6.095263087963872,12.0,-0.001733188518637093,0.0005850957146687286,0.0005850954703627873,0.001145760346597916,2.56984976485848e-06,-0.0005850957146687287
3,0.0036045201663419332,11.45760350231771,-0.2509441343238279,-12.0,-6.105220462085939,12.0,-0.001733514929573938,0.0005854276327762111,0.0005854273818320767,0.001145760350231771,2.564986177322975e-06,-0.0005854276327762111
3,0.003604720166341933,11.45760293757279,-0.2575761004561257,-12.0,-6.115168195231586,12.0,-0.001733850478221765,0.000585759209477546,0.0005857589519014456,0.001145760293757278,2.569606707559745e-06,-0.0005857592094775461
3,0.003604920166341933,11.45760227483636,-0.2642016615047716,-12.0,-6.125106271691955,12.0,-0.00173417628984027,0.0005860904610187184,0.0005860901968170568,0.001145760227483637,2.56477518894264e-06,-0.0005860904610187184
3,0.003605120166341933,11.4576010875799,-0.2708209491826631,-12.0,-6.135034675773437,12.0,-0.001734511225597065,0.0005864213726590775,0.0005864211018381283,0.00114576010875799,2.569414748995386e-06,-0.0005864213726590775
3,0.003605320166341933,11.4575998682688,-0.2774337888836638,-12.0,-6.144953391797785,12.0,-0.001734836429477592,0.0005867519602914121,0.0005867516828576233,0.00114575998682688,2.564608313511615e-06,-0.0005867519602914121
3,0.0036055201663419334,11.45759818257654,-0.2840403149403432,-12.0,-6.154862404101934,12.0,-0.001735170744554087,0.0005870822089161592,0.0005870819248758441,0.001145759818257654,2.569261046096586e-06,-0.0005870822089161591
3,0.003605720166341933,11.45759651528312,-0.290640355328764,-12.0,-6.16476169703826,12.0,-0.0017354953334417,0.0005874121341709497,0.0005874118435305943,0.001145759651528312,2.564474735982395e-06,-0.0005874121341709497
3,0.003605920166341934,11.45759442663441,-0.2972340462111523,-12.0,-6.174651254974398,12.0,-0.001735829021077519,0.0005877417208763245,0.0005877414236422783,0.001145759442663441,2.5691364439041e-06,-0.0005877417208763246
3,0.003606120166341934,11.4575923956846,-0.3038212174925897,-12.0,-6.18453106229336,12.0,-0.001736152988630341,0.000588070984480077,0.0005880706806588596,0.00114575923956846,2.564366668739711e-06,-0.000588070984480077
3,0.003606320166341934,11.45758997884409,-0.3104020066343491,-12.0,-6.194401103393635,12.0,-0.001736486042878092,0.0005883999096759287,0.0005883995992739221,0.001145758997884409,2.56903428706196e-06,-0.0005883999096759286
3,0.0036065201663419344,11.45758765077526,-0.3169762450259632,-12.0,-6.204261362689028,12.0,-0.00173680938348042,0.0005887285117663066,0.0005887281947900614,0.001145758765077526,2.564278399444743e-06,-0.0005887285117663065
3,0.003606720166341934,11.45758496514662,-0.3235440710632504,-12.0,-6.214111824608897,12.0,-0.001737141799043655,0.0005890567753545648,0.0005890564518104934,0.001145758496514662,2.5689496523922e-06,-0.0005890567753545646
3,0.0036069201663419337,11.45758239315846,-0.3301053173103914,-12.0,-6.223952473597992,12.0,-0.00173746450766611,0.00058938471562876,0.0005893843855234426,0.001145758239315846,2.564205668850758e-06,-0.0005893847156287601
3,0.0036071201663419343,11.45757948650663,-0.3366601228413424,-12.0,-6.233783294116555,12.0,-0.00173779627977712,0.0005897123171275212,0.0005897119804673985,0.001145757948650663,2.568878841562339e-06,-0.0005897123171275212
3,0.003607320166341934,11.45757671359331,-0.3432083211737127,-12.0,-6.243604270640438,12.0,-0.001738118351869112,0.0005900395949466724,0.0005900392517383513,0.001145757671359331,2.564145254830549e-06,-0.0005900395949466724
3,0.003607520166341934,11.45757362469595,-0.3497500518749685,-12.0,-6.253415387660946,12.0,-0.00173844947619574,0.0005903665335785978,0.000590366183828546,0.001145757362469595,2.568819038198007e-06,-0.0005903665335785977
3,0.003607720166341935,11.45757068590427,-0.3562851492542228,-12.0,-6.263216629684961,12.0,-0.001738770907603502,0.0005906931480430739,0.0005906927917579246,0.001145757068590427,2.564094688300001e-06,-0.0005906931480430738
3,0.0036079201663419347,11.45756744648595,-0.3628137532363568,-12.0,-6.27300798123504,12.0,-0.001739101380174923,0.0005910194227998684,0.0005910190599861152,0.001145756744648595,2.568768071386927e-06,-0.0005910194227998683
3,0.0036081201663419353,11.45756437058148,-0.3693356988010307,-12.0,-6.282789426849273,12.0,-0.001739422167075559,0.0005913453728048244,0.0005913450034691254,0.001145756437058148,2.564052055428394e-06,-0.0005913453728048243
3,0.003608320166341935,11.45756100675653,-0.3758511261279144,-12.0,-6.292560951081397,12.0,-0.001739751984224722,0.0005916709824953482,0.0005916706066442221,0.001145756100675653,2.568724249533399e-06,-0.0005916709824953483
3,0.003608520166341935,11.45755781747955,-0.3823598707749205,-12.0,-6.302322538500865,12.0,-0.00174007212307199,0.0005919962667725946,0.0005919958844127237,0.001145755781747955,2.564015857499118e-06,-0.0005919962667725945
3,0.003608720166341935,11.45755435085029,-0.3888620730979861,-12.0,-6.312074173692857,12.0,-0.001740401281385373,0.0005923212100594872,0.000592320821197414,0.001145755435085029,2.56868624168809e-06,-0.0005923212100594872
3,0.003608920166341935,11.45755106788043,-0.3953575691614617,-12.0,-6.3218158412581,12.0,-0.00174072076886799,0.0005926458272096638,0.0005926454318520946,0.001145755106788043,2.563984910044313e-06,-0.0005926458272096638
3,0.003609120166341935,11.45754751638783,-0.4018464994362087,-12.0,-6.331547525813223,12.0,-0.001741049265147357,0.0005929701026377012,0.0005929697007912019,0.001145754751638783,2.568652991508913e-06,-0.0005929701026377015
3,0.003609320166341935,11.45754415609703,-0.4083287004367183,-12.0,-6.341269211990596,12.0,-0.001741368098151389,0.0005932940511553879,0.0005932936428266873,0.001145754415609703,2.563958269207134e-06,-0.0005932940511553878
3,0.003609520166341936,11.45754053468947,-0.4148043127003095,-12.0,-6.350980884438325,12.0,-0.001741695929381118,0.0005936176571738015,0.0005936172423694888,0.001145754053468947,2.568623654032469e-06,-0.0005936176571738015
3,0.003609720166341936,11.45753711073791,-0.4212731731464253,-12.0,-6.360682527820324,12.0,-0.00174201410495979,0.00059394093546739,0.0005939405141942168,0.001145753711073791,2.563935177282761e-06,-0.0005939409354673899
3,0.003609920166341936,11.4575334319035,-0.4277354223403023,-12.0,-6.370374126816428,12.0,-0.001742341268278458,0.0005942638704476127,0.0005942634427121903,0.00114575334319035,2.568597548627181e-06,-0.0005942638704476126
3,0.003610120166341936,11.45752995572802,-0.4341908975661797,-12.0,-6.380055666122253,12.0,-0.00174265878362836,0.0005945864768552198,0.0005945860426647098,0.001145752995572802,2.563915021960803e-06,-0.0005945864768556073
3,0.003610320166341936,11.45752622994052,-0.4406397393877643,-12.0,-6.3897271304493,12.0,-0.001742985276303863,0.0005949087391058178,0.0005949082984664141,0.001145752622994052,2.568574123141267e-06,-0.0005949087391061536
3,0.0036105201663419358,11.45752271110239,-0.447081785437339,-12.0,-6.39938850452506,12.0,-0.001743302128741514,0.0005952306719085004,0.0005952302248269866,0.001145752271110239,2.563897304796368e-06,-0.0005952306719087721
3,0.0036107201663419363,11.45751894710141,-0.4535171762469401,-12.0,-6.409039773092879,12.0,-0.001743627948157212,0.0005955522596843576,0.0005955518061674176,0.001145751894710141,2.568552928393096e-06,-0.0005955522596845939
3,0.003610920166341936,11.45751539363329,-0.4599457497586116,-12.0,-6.418680920912058,12.0,-0.001743944135103795,0.0005958735171151559,0.0005958730571695949,0.001145751539363329,2.563881620229958e-06,-0.0005958735171153446
3,0.003611120166341936,11.45751159879562,-0.4663676464557931,-12.0,-6.428311932757963,12.0,-0.001744269278735969,0.0005961944286300522,0.0005961939622625707,0.001145751159879562,2.568533596235197e-06,-0.000596194428630217
3,0.003611320166341937,11.45750801746191,-0.4727827045759214,-12.0,-6.437932793421885,12.0,-0.001744584797698953,0.0005965150088844669,0.0005965145361018917,0.001145750801746191,2.56386763396547e-06,-0.0005965150088845963
3,0.0036115201663419368,11.45750419799121,-0.479191064536596,-12.0,-6.447543487711145,12.0,-0.001744909263104448,0.0005968352423173413,0.0005968347631263903,0.001145750419799121,2.568515823320076e-06,-0.0005968352423174549
3,0.0036117201663419373,11.45750059448483,-0.4855925648540735,-12.0,-6.457144000449171,12.0,-0.001745224111666591,0.0005971551435594229,0.000597154657966945,0.001145750059448483,2.563855070486592e-06,-0.0005971551435595098
3,0.003611920166341937,11.45749675560553,-0.4919873458661849,-12.0,-6.466734316475499,12.0,-0.001745547896471294,0.0005974746970608546,0.0005974742050735856,0.001145749675560553,2.56849935913928e-06,-0.0005974746970609315
3,0.003612120166341937,11.45749313472385,-0.4983752463541409,-12.0,-6.4763144206456,12.0,-0.001745862072279378,0.0005977939174290894,0.0005977934190538995,0.001145749313472385,2.563843701847222e-06,-0.000597793917429146
3,0.003612320166341937,11.45748928084108,-0.5047564065644224,-12.0,-6.485884297831238,12.0,-0.001746185174169423,0.0005981127891266313,0.000598112284370275,0.001145748928084108,2.568483996075566e-06,-0.0005981127891266816
3,0.003612520166341937,11.45748564663146,-0.5111306655319607,-12.0,-6.495443932920324,12.0,-0.001746498674924808,0.0005984313267388018,0.0005984308156081708,0.001145748564663146,2.563833338824203e-06,-0.0005984313267388364
3,0.003612720166341937,11.45748178146351,-0.5174981634022627,-12.0,-6.504993310816781,12.0,-0.0017468210916367,0.0005987495147414207,0.0005987489972432885,0.001145748178146351,2.568469561518232e-06,-0.0005987495147414518
3,0.003612920166341938,11.45747813734401,-0.5238587394543293,-12.0,-6.514532416440892,12.0,-0.001747133915088464,0.0005990673676986371,0.0005990668438399169,0.001145747813734401,2.56382382387766e-06,-0.0005990673676986564
3,0.003613120166341938,11.45747426403248,-0.5302125337250391,-12.0,-6.524061234729136,12.0,-0.001747455644401554,0.0005993848701003922,0.000599384339887876,0.001145747426403248,2.568455911565746e-06,-0.0005993848701004098
3,0.003613320166341938,11.45747061289243,-0.536559385729404,-12.0,-6.533579750634178,12.0,-0.001747767788338576,0.0005997020364904695,0.0005997014999310917,0.001145747061289243,2.563815025508997e-06,-0.0005997020364904774
3,0.003613520166341938,11.45746673409407,-0.5428994353890463,-12.0,-6.543087949124958,12.0,-0.001748088828071077,0.0006000188513735837,0.0006000183084741557,0.001145746673409407,2.568442925961958e-06,-0.0006000188513735912
3,0.003613720166341938,11.45746307837801,-0.5492325224483711,-12.0,-6.552585815186785,12.0,-0.001748400290317212,0.0006003353292738416,0.0006003347800413189,0.001145746307837801,2.563806833707918e-06,-0.0006003353292738415
3,0.003613920166341938,11.45745919634147,-0.5555587867084029,-12.0,-6.562073333821207,12.0,-0.001748720638319417,0.00060065145471128,0.0006006508991524938,0.001145745919634147,2.568430503998013e-06,-0.0006006514547112805
3,0.003614120166341938,11.45745553811935,-0.5618780681371653,-12.0,-6.571550490046107,12.0,-0.001749031416729076,0.0006009672421909003,0.000600966680312826,0.001145745553811935,2.563799156258951e-06,-0.0006009672421908942
3,0.0036143201663419383,11.45745165474946,-0.5681905064106816,-12.0,-6.581017268895818,12.0,-0.001749351070878416,0.0006012826762485186,0.0006012821080580073,0.001145745165474947,2.568418561178162e-06,-0.0006012826762485136
3,0.003614520166341938,11.45744799577555,-0.5744959417158568,-12.0,-6.590473655420976,12.0,-0.001749661163332542,0.000601597771370522,0.0006015971968745703,0.001145744799577555,2.563791915728688e-06,-0.000601597771370512
3,0.003614720166341939,11.45744411268718,-0.5807945135999353,-12.0,-6.59991963468863,12.0,-0.001749980121531929,0.000601912512108878,0.0006019119313143558,0.001145744411268718,2.568407026492994e-06,-0.0006019125121088695
3,0.003614920166341939,11.45744045444937,-0.5870860624646717,-12.0,-6.609355191782315,12.0,-0.001750289525934166,0.0006022269129317772,0.0006022263258457019,0.001145744045444937,2.563785046996199e-06,-0.0006022269129317643
3,0.003615120166341939,11.45743657301274,-0.5933707277256038,-12.0,-6.618780311802054,12.0,-0.001750607786107918,0.0006025409584076562,0.0006025403650369174,0.001145743657301274,2.568395840181579e-06,-0.0006025409584076451
3,0.0036153201663419393,11.4574329167741,-0.5996483499957586,-12.0,-6.628194979864187,12.0,-0.001750916500380774,0.0006028546629868579,0.0006028540633384929,0.00114574329167741,2.563778495220537e-06,-0.0006028546629868428
3,0.003615520166341939,11.45742903815282,-0.6059190685564185,-12.0,-6.637599181101722,12.0,-0.001751234060471269,0.0006031680112545436,0.0006031674053354617,0.001145742903815282,2.568384951884168e-06,-0.0006031680112545304
3,0.003615720166341939,11.45742538498648,-0.6121827242291252,-12.0,-6.646992900664169,12.0,-0.001751542082556557,0.0006034810176435211,0.0006034804054607803,0.001145742538498648,2.563772214162902e-06,-0.0006034810176435044
3,0.0036159201663419393,11.45742151016955,-0.6184394561588,-12.0,-6.656376123717536,12.0,-0.001751858940523955,0.0006037936667558883,0.0006037930483164174,0.001145742151016955,2.568374319115504e-06,-0.0006037936667558736
3,0.003616120166341939,11.45741786098812,-0.6246891053728609,-12.0,-6.665748835444405,12.0,-0.001752166268378349,0.0006041059730071721,0.000604105348318049,0.001145741786098812,2.563766164795537e-06,-0.0006041059730071544
3,0.003616320166341939,11.45741399081692,-0.6309318108783138,-12.0,-6.675111021044039,12.0,-0.001752482422196545,0.0006044179210165881,0.0006044172900847615,0.001145741399081692,2.568363905997215e-06,-0.0006044179210165725
3,0.00361652016634194,11.45741034639722,-0.6371674139063273,-12.0,-6.684462665732243,12.0,-0.001752789053790829,0.0006047295251826098,0.0006047288880151776,0.001145741034639722,2.563760314145694e-06,-0.0006047295251825916
3,0.00361672016634194,11.45740648158826,-0.6433960533245348,-12.0,-6.693803754741465,12.0,-0.001753104501447148,0.0006050407701417094,0.0006050401267456396,0.001145740648158826,2.568353682202607e-06,-0.000605040770141693
3,0.0036169201663419403,11.45740284259223,-0.6496175705660557,-12.0,-6.703134273320906,12.0,-0.001753410434764474,0.000605351670275504,0.0006053510206579145,0.001145740284259223,2.563754634333195e-06,-0.000605351670275485
3,0.00361712016634194,11.45739898375632,-0.6558321043581148,-12.0,-6.712454206736375,12.0,-0.001753725174258164,0.000605662210237843,0.0006056615544057216,0.001145739898375632,2.568343622077391e-06,-0.000605662210237826
3,0.00361732016634194,11.45739535074864,-0.6620394963340773,-12.0,-6.7217635402704,12.0,-0.001754030407293304,0.0006059724043936516,0.0006059717423541359,0.001145739535074864,2.563749101764848e-06,-0.0006059724043936324
3,0.00361752016634194,11.45739149840708,-0.6682398850799567,-12.0,-6.731062259222326,12.0,-0.00175434443663424,0.0006062822374142544,0.0006062815691743518,0.001145739149840708,2.568333703903395e-06,-0.0006062822374142369
3,0.00361772016634194,11.45738787187004,-0.6744331124280235,-12.0,-6.740350348908177,12.0,-0.001754648967391905,0.000606591723648035,0.000606591049214903,0.001145738787187004,2.563743696462655e-06,-0.0006065917236480154
3,0.00361792016634194,11.45738402646832,-0.680619316822293,-12.0,-6.749627794660769,12.0,-0.00175496228459972,0.000606900847783865,0.0006069001671645307,0.001145738402646832,2.568323909282906e-06,-0.0006069008477838476
3,0.00361812016634194,11.45738040681439,-0.6867983402928007,-12.0,-6.7588945818298,12.0,-0.001755266111093966,0.0006072096241537196,0.0006072089373553597,0.001145738040681439,2.563738401498732e-06,-0.0006072096241537
3,0.003618320166341941,11.45737656873373,-0.6929703211410794,-12.0,-6.768150695781694,12.0,-0.001755578714197319,0.0006075180374640793,0.0006075173444937403,0.001145737656873373,2.56831422262179e-06,-0.0006075180374640615
3,0.003618520166341941,11.45737295631622,-0.6991351015938085,-12.0,-6.777396121899838,12.0,-0.001755881834451308,0.0006078261020306226,0.0006078254028955013,0.001145737295631622,2.563733202522242e-06,-0.000607826102030603
3,0.003618720166341941,11.45736912588333,-0.7052928198096846,-12.0,-6.786630845584391,12.0,-0.001756193721487382,0.0006081338025774885,0.0006081330972846508,0.001145736912588333,2.568304630694878e-06,-0.0006081338025774706
3,0.003618920166341941,11.45736552100534,-0.7114433182111055,-12.0,-6.795854852252513,12.0,-0.001756496133531352,0.0006084411534041606,0.0006084404419608225,0.001145736552100535,2.563728087360701e-06,-0.0006084411534041408
3,0.003619120166341941,11.45736169850073,-0.7175867348136675,-12.0,-6.805068127338214,12.0,-0.001756807302545163,0.0006087481392524727,0.0006087474216657198,0.001145736169850073,2.568295122280566e-06,-0.0006087481392524547
3,0.0036193201663419407,11.45735810142279,-0.7237229122346199,-12.0,-6.814270656292448,12.0,-0.001757109004417235,0.0006090547744058027,0.0006090540506828707,0.001145735810142279,2.563723045684929e-06,-0.0006090547744057829
3,0.0036195201663419413,11.45735428708771,-0.729851988346321,-12.0,-6.823462424583219,12.0,-0.00175741945346057,0.0006093610436237078,0.0006093603137717015,0.001145735428708771,2.568285687853346e-06,-0.0006093610436236898
3,0.003619720166341941,11.45735069803419,-0.7359738059601943,-12.0,-6.832643417695445,12.0,-0.001757720443206965,0.000609666961173545,0.0006096662251997191,0.001145735069803419,2.563718068725992e-06,-0.0006096669611735251
3,0.003619920166341941,11.4573468920766,-0.7420885028051522,-12.0,-6.841813621131056,12.0,-0.001758030170338393,0.0006099725118326085,0.0006099717697440876,0.00114573468920766,2.568276319324378e-06,-0.0006099725118325904
3,0.003620120166341942,11.45734331124117,-0.7481959218861984,-12.0,-6.850973020409103,12.0,-0.001758330446010792,0.0006102777098523104,0.0006102769616563686,0.001145734331124117,2.563713149037622e-06,-0.0006102777098522906
3,0.0036203201663419417,11.45733951384074,-0.7542962007888088,-12.0,-6.860121601065591,12.0,-0.001758639449296153,0.0006105825400276963,0.0006105817857314774,0.001145733951384074,2.568267009821707e-06,-0.0006105825400276783
3,0.0036205201663419423,11.45733594139101,-0.7603891827109235,-12.0,-6.869259348653718,12.0,-0.001758939008952854,0.0006108870165942993,0.0006108862562050968,0.001145733594139101,2.563708280294349e-06,-0.0006108870165942794
3,0.003620720166341942,11.45733215270337,-0.7664750050946433,-12.0,-6.878386248743702,12.0,-0.001759247286462828,0.000611191124364924,0.0006111903578899007,0.001145733215270337,2.568257753506053e-06,-0.0006111911243649058
3,0.003620920166341942,11.45732858878477,-0.7725535113302665,-12.0,-6.887502286922899,12.0,-0.00175954612816921,0.000611494877559283,0.000611494105005752,0.001145732858878477,2.563703457121038e-06,-0.0006114948775592633
3,0.003621120166341942,11.45732480894512,-0.77862483871663,-12.0,-6.896607448795891,12.0,-0.001759853677982224,0.0006117982610079441,0.0006117974823830874,0.001145732480894512,2.56824854541385e-06,-0.0006117982610079262
3,0.003621320166341942,11.45732125368425,-0.7846888308359526,-12.0,-6.905701719984362,12.0,-0.001760151799807695,0.0006121012889148607,0.00061210050422601,0.001145732125368425,2.563698674950309e-06,-0.0006121012889148409
3,0.003621520166341942,11.4573174828104,-0.7907456248438252,-12.0,-6.914785086127186,12.0,-0.00176045862000704,0.0006124039461283541,0.0006124031553827113,0.00114573174828104,2.568239381325072e-06,-0.0006124039461283361
3,0.003621720166341942,11.45731393631782,-0.7967950645139897,-12.0,-6.923857532880541,12.0,-0.001760756020028443,0.000612706246836675,0.0006127054500415908,0.001145731393631782,2.563693929899087e-06,-0.0006127062468366551
3,0.003621920166341943,11.45731017451283,-0.802837286858992,-12.0,-6.932919045917773,12.0,-0.001761062108702691,0.000613008175905896,0.0006130073730685912,0.001145731017451283,2.568230257651275e-06,-0.0006130081759058781
3,0.003622120166341943,11.45730663688547,-0.8088721358435941,-12.0,-6.941969610929485,12.0,-0.0017613587850016,0.0006133097475086088,0.0006133089386364532,0.001145730663688547,2.563689218666851e-06,-0.0006133097475085891
3,0.003622320166341943,11.45730288423979,-0.8148997483375193,-12.0,-6.951009213623655,12.0,-0.001761664140244772,0.0006136109465286316,0.0006136101316288653,0.001145730288423979,2.568221171340668e-06,-0.0006136109465286135
3,0.003622520166341943,11.45729935556296,-0.8209199684961986,-12.0,-6.960037839725462,12.0,-0.001761960090908826,0.0006139117871229459,0.000613910966202958,0.001145729935556296,2.563684538447493e-06,-0.0006139117871229264
3,0.003622720166341943,11.45729561215633,-0.8269329330466879,-12.0,-6.969055474977527,12.0,-0.001762264710821316,0.0006142122541931017,0.0006142114272601508,0.001145729561215633,2.56821211979711e-06,-0.0006142122541930838
3,0.003622920166341943,11.45729209250546,-0.8329384863347511,-12.0,-6.97806210513972,12.0,-0.001762559933942246,0.0006145123618805163,0.0006145115289420105,0.001145729209250546,2.563679886855642e-06,-0.0006145123618804968
3,0.0036231201663419433,11.4572883584085,-0.8389367649449978,-12.0,-6.987057715989394,12.0,-0.001762863816628892,0.0006148120951044577,0.0006148112561676748,0.00114572883584085,2.568203100813045e-06,-0.0006148120951044397
3,0.003623320166341943,11.45728484785058,-0.8449276134132025,-12.0,-6.996042293321228,12.0,-0.001763158310305071,0.000615111467990822,0.0006151106230631892,0.001145728484785058,2.563675261863562e-06,-0.0006151114679908026
3,0.003623520166341944,11.45728112312612,-0.8509111681817172,-12.0,-7.005015822947319,12.0,-0.001763461453876259,0.000615410465476578,0.000615409614565392,0.001145728112312612,2.568194112510405e-06,-0.0006154104654765602
3,0.003623720166341944,11.45727762172097,-0.8568872739760459,-12.0,-7.013978290697294,12.0,-0.001763755216209494,0.0006157091016721443,0.0006157082447848509,0.001145727762172097,2.563670661747973e-06,-0.0006157091016721248
3,0.003623920166341944,11.45727390642522,-0.8628560670965874,-12.0,-7.022929682418163,12.0,-0.001764057618780658,0.0006160073615321753,0.0006160064986760904,0.001145727390642522,2.568185153292295e-06,-0.0006160073615321576
3,0.0036241201663419443,11.45727041422652,-0.8688173924581671,-12.0,-7.031869983974436,12.0,-0.001764350647879313,0.0006163052591516461,0.0006163043903342344,0.001145727041422652,2.563666085044533e-06,-0.0006163052591516269
3,0.003624320166341944,11.45726670841001,-0.8747713862195565,-12.0,-7.040799181248203,12.0,-0.001764652307570253,0.0006166027795028825,0.0006166019047314785,0.001145726670841001,2.568176221800737e-06,-0.0006166027795028647
3,0.003624520166341944,11.45726322546621,-0.8807178934846529,-12.0,-7.04971726013902,12.0,-0.001764944601547553,0.0006168999366654561,0.0006168990559475431,0.001145726322546621,2.563661530510086e-06,-0.0006168999366654367
3,0.0036247201663419442,11.45725952917465,-0.8866570502707773,-12.0,-7.058624206563997,12.0,-0.001765245516483872,0.0006171967156293397,0.0006171958289722716,0.001145725952917466,2.568167316881681e-06,-0.000617196715629322
3,0.003624920166341944,11.45725605552973,-0.8925887018706595,-12.0,-7.067520006457876,12.0,-0.001765537073457731,0.0006174931304587409,0.0006174922378700198,0.001145725605552973,2.563656997088766e-06,-0.0006174931304587217
3,0.003625120166341944,11.45725236880471,-0.8985129841605504,-12.0,-7.076404645773024,12.0,-0.001765837241769424,0.000617789166161265,0.0006177882676482631,0.001145725236880471,2.568158437554462e-06,-0.0006177891661612473
3,0.003625320166341945,11.45724890449884,-0.9044297426216249,-12.0,-7.085278110479281,12.0,-0.001766128059862552,0.0006180848367857851,0.0006180839323560231,0.001145724890449884,2.563652483885583e-06,-0.0006180848367857657
3,0.003625520166341945,11.45724522737839,-0.9103391129893101,-12.0,-7.094140386564289,12.0,-0.001766427479685047,0.0006183801273575156,0.000618379217018385,0.001145724522737839,2.568149582986285e-06,-0.000618380127357498
3,0.0036257201663419452,11.45724177244846,-0.9162409409331418,-12.0,-7.102991460033352,12.0,-0.001766717557025426,0.0006186750519100403,0.0006186741356690801,0.001145724177244846,2.563647990141774e-06,-0.000618675051910021
3,0.003625920166341945,11.45723810496762,-0.922135362047923,-12.0,-7.111831316909316,12.0,-0.001767016226498506,0.0006189695954861568,0.0006189686733507773,0.001145723810496762,2.568140752470531e-06,-0.0006189695954861394
3,0.003626120166341945,11.45723465944774,-0.9280222221911999,-12.0,-7.120659943232893,12.0,-0.00176730556121848,0.0006192637721041885,0.000619262844081947,0.001145723465944774,2.563643515215028e-06,-0.0006192637721041693
3,0.003626320166341945,11.45723100163895,-0.9339016568176378,-12.0,-7.129477325062499,12.0,-0.00176760347848733,0.0006195575668245039,0.0006195566329228293,0.001145723100163895,2.568131945408568e-06,-0.0006195575668244862
3,0.003626520166341945,11.45722756556083,-0.9397735119724834,-12.0,-7.138283448474261,12.0,-0.001767892068724977,0.000619850993650197,0.0006198500538766657,0.001145722756556083,2.563639058562412e-06,-0.0006198509936501778
3,0.003626720166341945,11.45722391745432,-0.9456379229704622,-12.0,-7.147078299562083,12.0,-0.001768189231939322,0.0006201440376591796,0.0006201430920212391,0.001145722391745432,2.568123161292915e-06,-0.0006201440376591621
3,0.003626920166341945,11.45722049084762,-0.9514947360443817,-12.0,-7.155861864437744,12.0,-0.001768477075837081,0.0006204367128393553,0.0006204357613446001,0.001145722049084762,2.563634619725827e-06,-0.0006204367128393363
3,0.003627120166341946,11.45721685247171,-0.9573440863693686,-12.0,-7.164634129230773,12.0,-0.00176877348315174,0.0006207290042861579,0.0006207280469420542,0.001145721685247171,2.56811439969488e-06,-0.0006207290042861404
3,0.003627320166341946,11.45721343536433,-0.9631858203654475,-12.0,-7.173395080088541,12.0,-0.001769060578856678,0.0006210209259723285,0.000621019962786489,0.001145721343536433,2.563630198319692e-06,-0.0006210209259723094
3,0.003627520166341946,11.45720980674573,-0.9690200730685099,-12.0,-7.18214470317636,12.0,-0.001769356228431246,0.0006213124630108023,0.0006213114939907119,0.001145720980674573,2.568105660252458e-06,-0.000621312463010785
3,0.003627720166341946,11.45720639916405,-0.9748466910856127,-12.0,-7.190882984677355,12.0,-0.001769642574095831,0.0006216036293591931,0.0006216026545124831,0.001145720639916405,2.563625794019808e-06,-0.0006216036293591742
3,0.003627920166341946,11.45720278032804,-0.980665809313633,-12.0,-7.199609910792564,12.0,-0.001769937464093887,0.0006218944101479105,0.0006218934294820838,0.001145720278032804,2.568096942660875e-06,-0.0006218944101478931
3,0.0036281201663419457,11.45719938229715,-0.9864772745464553,-12.0,-7.208325467741003,12.0,-0.001770223057875364,0.0006221848193194738,0.0006221838328421802,0.001145719938229715,2.563621406555246e-06,-0.0006221848193194547
3,0.0036283201663419463,11.45719577326783,-0.9922812215423565,-12.0,-7.217029641759667,12.0,-0.001770517186467128,0.0006224748420217484,0.0006224738497405094,0.001145719577326783,2.568088246664005e-06,-0.0006224748420217311
3,0.003628520166341946,11.45719238481169,-0.9980774972817081,-12.0,-7.225722419103379,12.0,-0.001770802026526687,0.0006227644921821861,0.0006227634941046698,0.001145719238481169,2.563617035699597e-06,-0.0006227644921821671
3,0.003628720166341946,11.4571887856121,-1.003866236384461,-12.0,-7.234403786045106,12.0,-0.00177109539188611,0.0006230537549660818,0.0006230527510998281,0.00114571887856121,2.568079572047752e-06,-0.0006230537549660645
3,0.003628920166341947,11.45718540675371,-1.009647286017415,-12.0,-7.243073728875835,12.0,-0.001771379476391225,0.000623342644285861,0.000623341634638556,0.001145718540675371,2.56361268126568e-06,-0.000623342644285842
3,0.0036291201663419467,11.45718181740601,-1.015420780662422,-12.0,-7.251732233904443,12.0,-0.001771672076696991,0.0006236311453242194,0.0006236301299034215,0.001145718181740601,2.56807091863308e-06,-0.000623631145324202
3,0.0036293201663419473,11.45717844816751,-1.021186567672389,-12.0,-7.26037928745802,12.0,-0.001771955403819314,0.0006239192719785818,0.0006239182507919952,0.001145717844816752,2.563608343098757e-06,-0.0006239192719785631
3,0.003629520166341947,11.45717486869307,-1.026944781391571,-12.0,-7.26901487588171,12.0,-0.001772247237254962,0.000624207009449031,0.0006242059825042323,0.001145717486869308,2.568062286272115e-06,-0.0006242070094490138
3,0.003629720166341947,11.45717150909593,-1.032695269358706,-12.0,-7.277638985538717,12.0,-0.001772529805170788,0.00062449437161802,0.0006244933389227318,0.001145717150909593,2.563604021072499e-06,-0.0006244943716180012
3,0.003629920166341947,11.45716793951545,-1.038438165780657,-12.0,-7.28625160281037,12.0,-0.001772820869925111,0.0006247813437029886,0.0006247803052648055,0.001145716793951546,2.568053674842563e-06,-0.0006247813437029713
3,0.003630120166341947,11.45716458958046,-1.044173318381869,-12.0,-7.294852714096219,12.0,-0.001773102676815836,0.0006250679395714538,0.0006250668953981166,0.001145716458958046,2.563599715084394e-06,-0.0006250679395714351
3,0.003630320166341947,11.45716102991407,-1.049900861232177,-12.0,-7.303442305813913,12.0,-0.001773392971082818,0.0006253541444581907,0.0006253530945573123,0.001145716102991407,2.568045084244612e-06,-0.0006253541444581737
3,0.003630520166341947,11.4571576896615,-1.05562064224141,-12.0,-7.312020364399288,12.0,-0.001773674015134779,0.0006256399722158064,0.0006256389165951454,0.00114571576896615,2.563595425052848e-06,-0.0006256399722157878
3,0.003630720166341948,11.45715413992879,-1.061332795342744,-12.0,-7.320586876306468,12.0,-0.00177396353711194,0.0006259254080963894,0.000625924346763577,0.00114571541399288,2.56803651439768e-06,-0.0006259254080963724
3,0.003630920166341948,11.45715080937843,-1.067037168631221,-12.0,-7.329141828007736,12.0,-0.001774243816516217,0.0006262104659376702,0.0006262093989004828,0.001145715080937844,2.563591150913716e-06,-0.0006262104659376515
3,0.003631120166341948,11.45714726959859,-1.072733895903583,-12.0,-7.337685205993631,12.0,-0.001774532564407118,0.0006264951310090218,0.0006264940582751089,0.00114571472695986,2.568027965237295e-06,-0.0006264951310090048
3,0.003631320166341948,11.45714394876981,-1.078422825439922,-12.0,-7.346216996773045,12.0,-0.001774812077360317,0.000626779417133331,0.0006267783387104868,0.001145714394876981,2.563586892618006e-06,-0.0006267794171333123
3,0.003631520166341948,11.45714041896161,-1.084104090900914,-12.0,-7.354737186873087,12.0,-0.001775100049372931,0.0006270633095972342,0.0006270622254931263,0.001145714041896161,2.568019436712957e-06,-0.0006270633095972173
3,0.0036317201663419478,11.45713710787343,-1.08977754075138,-12.0,-7.363245762839194,12.0,-0.001775378794075571,0.0006273468222087998,0.0006273457324312405,0.001145713710787343,2.563582650129751e-06,-0.0006273468222087814
3,0.0036319201663419483,11.4571335880553,-1.095443308516296,-12.0,-7.371742711235183,12.0,-0.00177566598842304,0.0006276299402719055,0.0006276288448285801,0.00114571335880553,2.568010928786117e-06,-0.0006276299402718887
3,0.003632120166341948,11.45713028672641,-1.101101242845071,-12.0,-7.380228018643241,12.0,-0.001775943963081149,0.0006279126775798353,0.000627911576478574,0.001145713028672641,2.563578423423681e-06,-0.000627912677579817
3,0.003632320166341949,11.4571267769165,-1.106751477127241,-12.0,-7.388701671663881,12.0,-0.001776230377980714,0.0006281950194536809,0.0006281939127021869,0.00114571267769165,2.568002441428638e-06,-0.000628195019453664
3,0.003632520166341949,11.45712348536529,-1.112393860196519,-12.0,-7.397163656916028,12.0,-0.001776507580804844,0.0006284769796719694,0.0006284758672780907,0.001145712348536529,2.563574212484708e-06,-0.0006284769796719509
3,0.0036327201663419488,11.45711998558147,-1.118028525307407,-12.0,-7.405613961037099,12.0,-0.001776793214480381,0.000628758543572986,0.0006287574255444438,0.001145711998558147,2.567993974621078e-06,-0.0006287585435729693
3,0.0036329201663419493,11.45711670382611,-1.123655321477742,-12.0,-7.414052570682886,12.0,-0.001777069643686262,0.0006290397249205329,0.0006290386012651929,0.001145711670382612,2.563570017304936e-06,-0.0006290397249205144
3,0.003633120166341949,11.45711321408602,-1.129274381827212,-12.0,-7.422479472527646,12.0,-0.001777354494364325,0.0006293205090700602,0.0006293193797956616,0.001145711321408602,2.567985528351487e-06,-0.0006293205090700434
3,0.003633320166341949,11.45710994214445,-1.134885555557615,-12.0,-7.430894653264204,12.0,-0.001777630148173119,0.0006296009097706772,0.0006295997748851032,0.001145710994214445,2.563565837883986e-06,-0.0006296009097706589
3,0.0036335201663419492,11.45710646246551,-1.140488975654203,-12.0,-7.439298099603814,12.0,-0.00177791421408711,0.0006298809123949778,0.0006298797719059854,0.001145710646246551,2.567977102614389e-06,-0.0006298809123949611
3,0.003633720166341949,11.45710320035545,-1.146084491502416,-12.0,-7.447689798276263,12.0,-0.001778189090723706,0.0006301605306774031,0.0006301593845928933,0.001145710320035545,2.563561674227467e-06,-0.0006301605306773848
3,0.003633920166341949,11.45709973075489,-1.151672235953436,-12.0,-7.456069736029962,12.0,-0.001778472370110937,0.0006304397500076691,0.0006304385983354166,0.00114570997307549,2.567968697409774e-06,-0.0006304397500076526
3,0.00363412016634195,11.45709647849391,-1.157252058576172,-12.0,-7.464437899631799,12.0,-0.001778746467806029,0.000630718584105581,0.0006307174268535042,0.001145709647849391,2.563557526345686e-06,-0.0006307185841055628
3,0.00363432016634195,11.45709301898881,-1.162824092088012,-12.0,-7.472794275867346,12.0,-0.001779028958908967,0.0006309970183779502,0.0006309958555538414,0.001145709301898882,2.567960312742423e-06,-0.0006309970183779335
3,0.0036345201663419502,11.45708977659429,-1.168388186241142,-12.0,-7.481138851540722,12.0,-0.00177930227589823,0.0006312750665299763,0.0006312738981417717,0.001145708977659429,2.563553394253574e-06,-0.000631275066529958
3,0.00363472016634195,11.45708632720157,-1.173944473619438,-12.0,-7.48947161347468,12.0,-0.001779583976964036,0.0006315527139855409,0.0006315515400410507,0.001145708632720158,2.567951948621034e-06,-0.0006315527139855243
3,0.00363492016634195,11.45708309469076,-1.179492804158184,-12.0,-7.497792548510698,12.0,-0.001779856511488222,0.0006318299744352694,0.0006318287949424471,0.001145708309469076,2.563549277969682e-06,-0.0006318299744352513
3,0.00363512016634195,11.45707965542718,-1.18503331030811,-12.0,-7.50610164350886,12.0,-0.001780137420769434,0.0006321068333200917,0.0006321056482867648,0.001145707965542718,2.567943605057805e-06,-0.0006321068333200751
3,0.00363532016634195,11.45707643281718,-1.190565842187291,-12.0,-7.51439888534795,12.0,-0.001780409171073089,0.0006323833043160842,0.0006323821137502237,0.001145707643281718,2.563545177516088e-06,-0.0006323833043160659
3,0.0036355201663419504,11.45707300369941,-1.196090532113672,-12.0,-7.522684260925533,12.0,-0.001780689286827702,0.0006326593728812027,0.000632658176790654,0.001145707300369941,2.567935282068004e-06,-0.0006326593728811861
3,0.00363572016634195,11.45706979100721,-1.201607230387945,-12.0,-7.530957757157825,12.0,-0.001780960251162069,0.0006329350526770063,0.0006329338510697577,0.001145706979100721,2.563541092916761e-06,-0.0006329350526769881
3,0.003635920166341951,11.45706637205175,-1.207116069195551,-12.0,-7.539219360979895,12.0,-0.001781239571651383,0.000633210329178451,0.0006332091220623652,0.001145706637205175,2.567926979669303e-06,-0.0006332103291784344
3,0.003636120166341951,11.45706316929422,-1.212616899019611,-12.0,-7.547469059345517,12.0,-0.001781509748271825,0.0006334852160326089,0.0006334840034156917,0.001145706316929422,2.563537024198932e-06,-0.0006334852160325907
3,0.003636320166341951,11.45705976051751,-1.21810985191333,-12.0,-7.55570683922727,12.0,-0.001781788271763902,0.0006337596987314106,0.000633758480621542,0.001145705976051751,2.567918697881664e-06,-0.000633759698731394
3,0.0036365201663419514,11.45705656771142,-1.223594778542083,-12.0,-7.56393268761662,12.0,-0.001782057658930468,0.0006340337909074719,0.0006340325673126753,0.001145705656771142,2.563532971391386e-06,-0.0006340337909074538
3,0.003636720166341951,11.45705316912977,-1.229071810827194,-12.0,-7.572146591523784,12.0,-0.001782335383697602,0.0006343074780696754,0.0006343062489978482,0.001145705316912977,2.567910436726602e-06,-0.000634307478069659
3,0.003636920166341951,11.45704998629178,-1.234540799616028,-12.0,-7.580348537977931,12.0,-0.001782603979676148,0.0006345807738362082,0.0006345795392953906,0.001145704998629178,2.56352893452419e-06,-0.0006345807738361904
3,0.0036371201663419513,11.4570465979214,-1.240001876698387,-12.0,-7.588538514027049,12.0,-0.001782880903995599,0.0006348536637328826,0.0006348524237309895,0.00114570465979214,2.567902196227619e-06,-0.0006348536637328662
3,0.003637320166341951,11.4570434250681,-1.24545489310336,-12.0,-7.59671650673802,12.0,-0.001783148707056571,0.0006351261613634837,0.0006351249159085728,0.00114570434250681,2.563524913629924e-06,-0.000635126161363466
3,0.003637520166341951,11.45704004692513,-1.250899980489572,-12.0,-7.604882503196727,12.0,-0.001783424829210517,0.0006353982522707318,0.000635397001370735,0.001145704004692513,2.567893976409264e-06,-0.0006353982522707155
3,0.003637720166341952,11.45703688407297,-1.256336990067692,-12.0,-7.613036490507923,12.0,-0.001783691837629121,0.0006356699500440412,0.000635668693707033,0.001145703688407297,2.563520908741219e-06,-0.0006356699500440232
3,0.003637920166341952,11.45703351617346,-1.261766053365373,-12.0,-7.621178455795325,12.0,-0.001783967155905296,0.0006359412402430114,0.0006359399784769418,0.001145703351617346,2.567885777297528e-06,-0.0006359412402429952
3,0.0036381201663419523,11.45703036333886,-1.267187021774704,-12.0,-7.629308386201704,12.0,-0.00178423336796309,0.000636212136442718,0.0006362108692556783,0.001145703036333886,2.563516919892357e-06,-0.0006362121364427001
3,0.003638320166341952,11.45702700569876,-1.272600026692746,-12.0,-7.63742626888877,12.0,-0.001784507880653393,0.0006364826242196187,0.0006364813516195755,0.001145702700569876,2.567877598918914e-06,-0.0006364826242196024
3,0.003638520166341952,11.45702386289804,-1.278004919692689,-12.0,-7.645532091037253,12.0,-0.001784773294635241,0.0006367527171344742,0.0006367514391295367,0.001145702386289804,2.56351294711881e-06,-0.0006367527171344565
3,0.003638720166341952,11.45702051553325,-1.283401832041353,-12.0,-7.653625839846976,12.0,-0.001785047000037598,0.0006370224007805786,0.0006370211173787302,0.001145702051553325,2.567869441300851e-06,-0.0006370224007805624
3,0.003638920166341952,11.45701738278264,-1.288790615492916,-12.0,-7.661707502536852,12.0,-0.00178531161423485,0.0006372916887044113,0.0006372903999137779,0.001145701738278264,2.563508990456061e-06,-0.0006372916887043935
3,0.003639120166341952,11.45701404570897,-1.294171401184164,-12.0,-7.669777066344741,12.0,-0.00178558451065229,0.000637560566516074,0.0006375592723446565,0.001145701404570897,2.567861304471914e-06,-0.0006375605665160578
3,0.003639320166341952,11.45701092302465,-1.299544041050007,-12.0,-7.677834518527745,12.0,-0.00178584832336005,0.0006378290477477916,0.0006378277482037328,0.001145701092302465,2.56350504994047e-06,-0.000637829047747774
3,0.003639520166341953,11.45700759625782,-1.304908666097666,-12.0,-7.685879846362072,12.0,-0.00178612040909959,0.0006380971180264568,0.0006380958131177744,0.001145700759625782,2.567853188460775e-06,-0.0006380971180264406
3,0.003639720166341953,11.45700448365588,-1.310265128442532,-12.0,-7.693913037143024,12.0,-0.001786383418619428,0.000638364790870067,0.0006383634806049209,0.001145700448365589,2.563501125609021e-06,-0.0006383647908700492
3,0.003639920166341953,11.45700116721158,-1.315613558962464,-12.0,-7.701934078185078,12.0,-0.001786654691994099,0.0006386320519222775,0.0006386307363087024,0.001145700116721158,2.567845093296887e-06,-0.0006386320519222614
3,0.003640120166341953,11.45699806470805,-1.320953809953224,-12.0,-7.70994295682196,12.0,-0.001786916896631872,0.0006388989146868914,0.0006388975937330636,0.001145699806470805,2.563497217499329e-06,-0.0006388989146868737
3,0.003640320166341953,11.45699475860187,-1.326286012163651,-12.0,-7.717939660406533,12.0,-0.001787187355959748,0.0006391653648243041,0.0006391640385382761,0.001145699475860187,2.567837019009817e-06,-0.0006391653648242882
3,0.0036405201663419528,11.4569916662127,-1.331610018069573,-12.0,-7.725924176310889,12.0,-0.001787448754026626,0.0006394314158241493,0.0006394300842141135,0.00114569916662127,2.563493325648893e-06,-0.0006394314158241316
3,0.0036407201663419533,11.45698837046018,-1.336925958291176,-12.0,-7.733896491926433,12.0,-0.001787718397630167,0.0006396970533635418,0.0006396957164375676,0.001145698837046018,2.567828965629853e-06,-0.0006396970533635259
3,0.003640920166341953,11.45698528820126,-1.342233685484189,-12.0,-7.741856594663767,12.0,-0.001787978987442573,0.0006399622909179755,0.0006399609486842724,0.001145698528820126,2.563489450095801e-06,-0.0006399622909179577
3,0.003641120166341953,11.45698200281785,-1.347533330140368,-12.0,-7.74980447195278,12.0,-0.001788247813650226,0.0006402271141812574,0.0006402257666479111,0.001145698200281785,2.567820933187129e-06,-0.0006402271141812412
3,0.003641320166341954,11.45697893070503,-1.352824745095166,-12.0,-7.757740111242713,12.0,-0.001788507593529445,0.0006404915366147723,0.0006404901837900096,0.001145697893070503,2.563485590878551e-06,-0.0006404915366147547
3,0.0036415201663419538,11.45697565570615,-1.358108060712311,-12.0,-7.76566350000215,12.0,-0.001788775600674577,0.0006407555439289998,0.0006407541858209231,0.001145697565570615,2.567812921712169e-06,-0.0006407555439289839
3,0.0036417201663419543,11.45697259375516,-1.363383130006674,-12.0,-7.773574625718891,12.0,-0.001789034568947248,0.0006410191495712393,0.0006410177861880916,0.001145697259375516,2.563481748035253e-06,-0.0006410191495712218
3,0.003641920166341954,11.45696932915616,-1.368650083214215,-12.0,-7.781473475900235,12.0,-0.001789301755367804,0.0006412823392686178,0.0006412809706185188,0.001145696932915616,2.567804931236136e-06,-0.000641282339268602
3,0.003642120166341954,11.45696627738271,-1.37390877352918,-12.0,-7.78936003807286,12.0,-0.001789559910366329,0.0006415451264543855,0.0006415437525455945,0.001145696627738271,2.56347792160447e-06,-0.000641545126454368
3,0.003642320166341954,11.45696302319886,-1.379159331059989,-12.0,-7.797234299782723,12.0,-0.001789826274405625,0.0006418074968722893,0.0006418061177129424,0.001145696302319886,2.567796961789703e-06,-0.0006418074968722735
3,0.003642520166341954,11.45695998161858,-1.384401609179965,-12.0,-7.805096248595332,12.0,-0.001790083614466566,0.0006420694639415542,0.0006420680795399276,0.001145695998161858,2.563474111625055e-06,-0.0006420694639415367
3,0.003642720166341954,11.45695673786511,-1.389635737870473,-12.0,-7.81294587209564,12.0,-0.00179034915447325,0.0006423310134225327,0.0006423296237867789,0.001145695673786511,2.567789013403853e-06,-0.0006423310134225168
3,0.003642920166341955,11.45695370649359,-1.394861570683623,-12.0,-7.820783157887934,12.0,-0.001790605677938468,0.0006425921587204487,0.0006425907638588605,0.001145695370649359,2.563470318135812e-06,-0.0006425921587204312
3,0.003643120166341955,11.45695047318563,-1.400079237473947,-12.0,-7.828608093596113,12.0,-0.001790870392267658,0.0006428528856122324,0.0006428514855329791,0.001145695047318564,2.567781086109608e-06,-0.0006428528856122166
3,0.003643320166341955,11.45694745203838,-1.405288591972298,-12.0,-7.836420666863559,12.0,-0.001791126097484385,0.0006431132074891433,0.000643111802200534,0.001145694745203838,2.563466541175462e-06,-0.0006431132074891261
3,0.003643520166341955,11.45694422919106,-1.41048976390664,-12.0,-7.844220865353128,12.0,-0.001791389984493927,0.0006433731101446645,0.0006433716996548848,0.001145694422919106,2.567773179938118e-06,-0.0006433731101446489
3,0.003643720166341955,11.45694121828353,-1.415682607186257,-12.0,-7.85200867674722,12.0,-0.00179164486981521,0.0006436326069561136,0.0006436311912734891,0.001145694121828353,2.563462780782948e-06,-0.0006436326069560963
3,0.003643920166341955,11.45693800591186,-1.420867251412945,-12.0,-7.859784088747864,12.0,-0.001791907927869292,0.0006438916837335076,0.0006438902628662404,0.001145693800591186,2.567765294920596e-06,-0.0006438916837334919
3,0.003644120166341955,11.45693500525944,-1.426043550674245,-12.0,-7.867547089076599,12.0,-0.001792161991652979,0.0006441503538402527,0.0006441489277966845,0.001145693500525944,2.5634590369972e-06,-0.0006441503538402353
3,0.0036443201663419553,11.45693180337843,-1.431211634446004,-12.0,-7.875297665474568,12.0,-0.001792424219121121,0.0006444086031028721,0.000644407171891222,0.001145693180337844,2.567757431088228e-06,-0.0006444086031028565
3,0.003644520166341955,11.45692881299646,-1.436371356993861,-12.0,-7.883035805702594,12.0,-0.001792677459729667,0.0006446664448708907,0.0006446650084995163,0.001145692881299647,2.563455309856828e-06,-0.0006446664448708733
3,0.003644720166341956,11.45692562162102,-1.441522847668063,-12.0,-7.890761497541078,12.0,-0.001792938854986865,0.0006449238649873173,0.000644922423464454,0.001145692562162102,2.56774958847208e-06,-0.0006449238649873016
3,0.003644920166341956,11.45692264152478,-1.446665960912051,-12.0,-7.898474728790075,12.0,-0.001793191270788422,0.0006451808767878196,0.0006451794301218414,0.001145692264152478,2.563451599400948e-06,-0.0006451808767878024
3,0.003645120166341956,11.45691946066976,-1.451800825950816,-12.0,-7.906175487269362,12.0,-0.001793451832214722,0.0006454374661318703,0.0006454360143310287,0.001145691946066976,2.567741767103294e-06,-0.0006454374661318547
3,0.0036453201663419563,11.45691649087445,-1.456927297405488,-12.0,-7.913863760818433,12.0,-0.001793703421583229,0.0006456936463413118,0.0006456921894139971,0.001145691649087445,2.563447905667973e-06,-0.0006456936463412945
3,0.003645520166341956,11.45691332055467,-1.462045504375993,-12.0,-7.92153953729637,12.0,-0.001793963147563001,0.0006459494032920532,0.0006459479412465332,0.001145691332055467,2.567733967013137e-06,-0.0006459494032920377
3,0.003645720166341956,11.45691036107547,-1.467155301660909,-12.0,-7.929202804582117,12.0,-0.00179421390887688,0.0006462047502921379,0.0006462032831368191,0.001145691036107547,2.563444228697005e-06,-0.0006462047502921207
3,0.0036459201663419562,11.45690720130567,-1.472256818235553,-12.0,-7.936853550574349,12.0,-0.001794472797801214,0.0006464596732338951,0.0006464582009770613,0.001145690720130567,2.567726188232413e-06,-0.0006464596732338796
3,0.003646120166341956,11.45690425215767,-1.477349909075699,-12.0,-7.944491763191471,12.0,-0.001794722729444584,0.0006467141854115943,0.0006467127080616682,0.001145690425215767,2.563440568526428e-06,-0.0006467141854115773
3,0.003646320166341956,11.45690110295254,-1.482434703032256,-12.0,-7.952117430371686,12.0,-0.001794980779708066,0.0006469682727339584,0.00064696679029924,0.001145690110295254,2.567718430792596e-06,-0.000646968272733943
3,0.003646520166341957,11.45689816415077,-1.487511055258083,-12.0,-7.959730540073063,12.0,-0.001795229880069815,0.0006472219484815153,0.0006472204609704427,0.001145689816415077,2.563436925194869e-06,-0.000647221948481498
3,0.003646720166341957,11.45689502552496,-1.492579094480013,-12.0,-7.967331080273443,12.0,-0.00179548709007447,0.0006474751985793584,0.0006474737060002485,0.001145689502552496,2.567710694724286e-06,-0.000647475198579343
3,0.0036469201663419572,11.45689209708441,-1.497638676027699,-12.0,-7.974919038970515,12.0,-0.001795735357549267,0.0006477280362942987,0.0006477265386556056,0.001145689209708441,2.563433298740942e-06,-0.0006477280362942816
3,0.003647120166341957,11.45688896905247,-1.50268992850425,-12.0,-7.982494404181898,12.0,-0.001795991725701041,0.0006479804475677801,0.000647978944877836,0.001145688896905247,2.567702980058433e-06,-0.0006479804475677648
3,0.003647320166341957,11.45688605098808,-1.507732707415947,-12.0,-7.990057163945035,12.0,-0.001796239158688724,0.0006482324456529258,0.0006482309379202014,0.001145688605098808,2.563429689203182e-06,-0.0006482324456529088
3,0.003647520166341957,11.45688293356454,-1.512767141242396,-12.0,-7.997607306317275,12.0,-0.001796494683398582,0.0006484840165075034,0.0006484825037403467,0.001145688293356454,2.567695286825787e-06,-0.0006484840165074879
3,0.003647720166341957,11.45688002589116,-1.517793085666346,-12.0,-8.005144819375955,12.0,-0.001796741280304644,0.000648735173370978,0.0006487336555778754,0.001145688002589116,2.563426096619934e-06,-0.000648735173370961
3,0.003647920166341957,11.45687691909048,-1.52281066904424,-12.0,-8.012669691218292,12.0,-0.001796995959989204,0.0006489859022174205,0.0006489843794067361,0.001145687691909048,2.567687615057203e-06,-0.0006489859022174052
3,0.003648120166341957,11.45687402182292,-1.52781974723502,-12.0,-8.020181909961465,12.0,-0.001797241719223858,0.0006492362162726614,0.0006492346884528973,0.001145687402182293,2.563422521029071e-06,-0.0006492362162726446
3,0.003648320166341958,11.45687092565951,-1.532820448472304,-12.0,-8.027681463742699,12.0,-0.001797495552305449,0.0006494861015270548,0.0006494845687065909,0.001145687092565951,2.567679964783469e-06,-0.0006494861015270394
3,0.003648520166341958,11.45686803881254,-1.537812628791047,-12.0,-8.03516834071913,12.0,-0.0017977404722842,0.000649735571192825,0.0006497340333801795,0.001145686803881254,2.56341896246906e-06,-0.0006497355711928082
3,0.003648720166341958,11.45686495330074,-1.542796416302312,-12.0,-8.042642529068,12.0,-0.001797993457189896,0.0006499846112765842,0.0006499830684801526,0.001145686495330074,2.567672336034937e-06,-0.0006499846112765688
3,0.003648920166341958,11.45686207688903,-1.547771667216877,-12.0,-8.050104016986506,12.0,-0.001798237536334364,0.0006502332349769797,0.0006502316872052956,0.001145686207688904,2.563415420977957e-06,-0.0006502332349769629
3,0.003649120166341958,11.45685900204313,-1.552738509523544,-12.0,-8.057552792691979,12.0,-0.001798489671497074,0.0006504814283168588,0.0006504798755783339,0.001145685900204313,2.567664728842305e-06,-0.0006504814283168435
3,0.0036493201663419577,11.45685613608135,-1.557696799608731,-12.0,-8.064988844421766,12.0,-0.001798732908233129,0.0006507292044813205,0.0006507276467845039,0.001145685613608135,2.563411896593811e-06,-0.0006507292044813035
3,0.0036495201663419583,11.45685307191559,-1.562646665339239,-12.0,-8.072412160433304,12.0,-0.001798984192091742,0.0006509765495094217,0.0006509749868627413,0.001145685307191559,2.567657143235567e-06,-0.0006509765495094066
3,0.003649720166341958,11.45685021641828,-1.567587963276955,-12.0,-8.079822729004208,12.0,-0.001799226584851138,0.0006512234765727421,0.0006512219089847619,0.001145685021641828,2.563408389354071e-06,-0.0006512234765727253
3,0.003649920166341958,11.45684716294684,-1.572520821167016,-12.0,-8.087220538432156,12.0,-0.001799477015847787,0.0006514699717265291,0.0006514683992056928,0.001145684716294684,2.567649579245574e-06,-0.000651469971726514
3,0.003650120166341959,11.45684431792855,-1.577445095746495,-12.0,-8.094605577034976,12.0,-0.001799718563068451,0.0006517160481288649,0.0006517144706837524,0.001145684431792855,2.563404899296667e-06,-0.0006517160481288481
3,0.0036503201663419587,11.45684127516554,-1.582360914639205,-12.0,-8.101977833150727,12.0,-0.001799968139651911,0.0006519616918511672,0.0006519601094902374,0.001145684127516554,2.567642036902228e-06,-0.0006519616918511523
3,0.0036505201663419593,11.45683844064074,-1.587268134757233,-12.0,-8.109337295137568,12.0,-0.001800208839775892,0.0006522069160380501,0.0006522053287698988,0.001145683844064074,2.563401426459282e-06,-0.0006522069160380335
3,0.003650720166341959,11.45683540860023,-1.59216688360333,-12.0,-8.116683951373947,12.0,-0.00180045756040076,0.0006524517067770766,0.000652450114610178,0.001145683540860023,2.567634516235515e-06,-0.0006524517067770618
3,0.003650920166341959,11.45683258458331,-1.597057018264421,-12.0,-8.124017790258467,12.0,-0.001800697411876152,0.0006526960771994214,0.0006526944801423863,0.001145683258458331,2.563397970879489e-06,-0.0006526960771994047
3,0.003651120166341959,11.45682956327931,-1.601938666122442,-12.0,-8.131338800209978,12.0,-0.001800945275001263,0.0006529400134087687,0.0006529384114700876,0.001145682956327931,2.567627017275599e-06,-0.0006529400134087537
3,0.003651320166341959,11.45682674978463,-1.606811684438989,-12.0,-8.138646969667644,12.0,-0.001801184276281312,0.000653183528522882,0.000653181921711181,0.001145682674978463,2.563394532594411e-06,-0.0006531835285228654
3,0.003651520166341959,11.45682373923109,-1.611676200475534,-12.0,-8.14594228709085,12.0,-0.001801431280371993,0.0006534266086615466,0.0006534249969853312,0.001145682373923109,2.567619540052434e-06,-0.0006534266086615317
3,0.003651720166341959,11.45682093627294,-1.616532071668058,-12.0,-8.153224740959274,12.0,-0.001801669429915503,0.0006536692669291382,0.0006536676503970499,0.001145682093627294,2.563391111641428e-06,-0.0006536692669291216
3,0.00365192016634196,11.45681793648376,-1.62137942515789,-12.0,-8.160494319772965,12.0,-0.001801915573442053,0.0006539114894615224,0.0006539098680820823,0.001145681793648376,2.567612084595732e-06,-0.0006539114894615075
3,0.00365212016634196,11.45681514407638,-1.62621811855525,-12.0,-8.16775101205225,12.0,-0.001802152869712642,0.0006541532893497165,0.0006541516631315815,0.001145681514407638,2.563387708057765e-06,-0.0006541532893497
3,0.00365232016634196,11.45681215506538,-1.631048278881542,-12.0,-8.174994806337795,12.0,-0.001802398151150213,0.0006543946527456402,0.0006543930216973464,0.001145681215506538,2.56760465093506e-06,-0.0006543946527456253
3,0.00365252016634196,11.45680937322296,-1.635869763921057,-12.0,-8.182225691190704,12.0,-0.001802634592618317,0.0006546355927269812,0.0006546339568572008,0.001145680937322296,2.563384321880458e-06,-0.0006546355927269646
3,0.00365272016634196,11.45680639500394,-1.640682700575607,-12.0,-8.189443655192385,12.0,-0.001802879010448535,0.0006548760954616926,0.0006548744547789772,0.001145680639500394,2.567597239100113e-06,-0.0006548760954616777
3,0.0036529201663419598,11.45680362374058,-1.64548694680331,-12.0,-8.196648686944723,12.0,-0.00180311459558843,0.000655116174014158,0.0006551145285271945,0.001145680362374058,2.56338095314637e-06,-0.0006551161740141414
3,0.0036531201663419603,11.45680065632727,-1.650282629386682,-12.0,-8.203840775069951,12.0,-0.001803358148297004,0.0006553558145683416,0.0006553541642856974,0.001145680065632727,2.567589849120315e-06,-0.0006553558145683269
3,0.00365332016634196,11.45679789565705,-1.65506960645749,-12.0,-8.211019908210822,12.0,-0.00180359287558987,0.0006555950301753498,0.0006555933751057267,0.001145679789565705,2.563377601892018e-06,-0.0006555950301753333
3,0.003653520166341961,11.4567949390631,-1.65984800467926,-12.0,-8.218186075030484,12.0,-0.00180383556166966,0.0006558338070351373,0.0006558321471871178,0.00114567949390631,2.567582481025171e-06,-0.0006558338070351225
3,0.003653720166341961,11.45679218900002,-1.66461768235715,-12.0,-8.225339264212561,12.0,-0.00180406942960079,0.0006560721581855577,0.0006560704935678588,0.001145679218900002,2.563374268154454e-06,-0.0006560721581855411
3,0.0036539201663419608,11.45678924323906,-1.669378766036027,-12.0,-8.23247946446123,12.0,-0.001804311247548594,0.0006563100698425351,0.0006563084004637543,0.001145678924323906,2.567575134843629e-06,-0.0006563100698425203
3,0.0036541201663419613,11.45678650379709,-1.674131114194291,-12.0,-8.239606664501121,12.0,-0.001804544254609345,0.0006565475550306994,0.0006565458808995688,0.001145678650379709,2.563370951970037e-06,-0.000656547555030683
3,0.003654320166341961,11.45678356888266,-1.678874853258355,-12.0,-8.246720853077393,12.0,-0.001804785202927673,0.0006567845999819186,0.0006567829211070507,0.001145678356888266,2.56756781060509e-06,-0.0006567845999819039
3,0.003654520166341961,11.45678084007567,-1.683609841879703,-12.0,-8.253822018955809,12.0,-0.001805017347615573,0.000657021217707627,0.0006570195340977686,0.001145678084007567,2.563367653375121e-06,-0.0006570212177076107
3,0.0036547201663419612,11.45677791602128,-1.688336206366624,-12.0,-8.260910150922642,12.0,-0.001805257424813175,0.0006572573944556165,0.0006572557061193955,0.001145677791602129,2.5675605083385e-06,-0.0006572573944556019
3,0.003654920166341961,11.45677519786313,-1.693053805543416,-12.0,-8.267985237784742,12.0,-0.001805488705629693,0.000657493143224149,0.0006574914501703271,0.001145677519786313,2.563364372405909e-06,-0.0006574931432241327
3,0.003655120166341961,11.45677228468222,-1.697762765600557,-12.0,-8.275047268369601,12.0,-0.001805727910220166,0.000657728450276919,0.0006577267525141388,0.001145677228468222,2.56755322807287e-06,-0.0006577284502769044
3,0.003655320166341962,11.45676957718667,-1.702462945535041,-12.0,-8.282096231525351,12.0,-0.001805958325673837,0.0006579633285990474,0.0006579616261360855,0.001145676957718667,2.563361109098791e-06,-0.000657963328599031
3,0.003655520166341962,11.45676667489263,-1.707154471419736,-12.0,-8.289132116120633,12.0,-0.001806196656176077,0.0006581977644701044,0.0006581960573156183,0.001145676667489263,2.567545969836716e-06,-0.0006581977644700898
3,0.0036557201663419622,11.45676397807341,-1.711837202424092,-12.0,-8.29615491104487,12.0,-0.001806426204779884,0.000658431770862094,0.0006584300590248753,0.001145676397807341,2.563357863489645e-06,-0.0006584317708620777
3,0.003655920166341962,11.45676108667957,-1.716511264503797,-12.0,-8.303164605208126,12.0,-0.001806663659719152,0.0006586653340704476,0.0006586636175591686,0.001145676108667957,2.567538733658863e-06,-0.0006586653340704329
3,0.003656120166341962,11.45675840055035,-1.721176517000517,-12.0,-8.31016118754112,12.0,-0.001806892339991836,0.0006588984670540766,0.0006588967458775433,0.001145675840055035,2.563354635614311e-06,-0.0006588984670540602
3,0.003656320166341962,11.45675552006999,-1.725833085752945,-12.0,-8.317144646995269,12.0,-0.001807128917897838,0.0006591311561242469,0.0006591294302911466,0.001145675552006999,2.567531519568045e-06,-0.0006591311561242324
3,0.003656520166341962,11.45675284464437,-1.730480830274862,-12.0,-8.32411497254278,12.0,-0.001807356728363714,0.0006593634142268079,0.0006593616837459616,0.001145675284464437,2.563351425508648e-06,-0.0006593634142267918
3,0.0036567201663419624,11.45674997509069,-1.735119876288287,-12.0,-8.33107215317654,12.0,-0.001807592427772353,0.0006595952276888399,0.0006595934925689492,0.001145674997509069,2.567524327592517e-06,-0.0006595952276888255
3,0.003656920166341962,11.45674731038223,-1.739750083478826,-12.0,-8.33801617791019,12.0,-0.001807819366961402,0.0006598266094431526,0.0006598248696930529,0.001145674731038223,2.563348233208431e-06,-0.0006598266094431363
3,0.003657120166341963,11.45674445176841,-1.74437157745215,-12.0,-8.344947035778205,12.0,-0.001808054186414061,0.00066005754583262,0.0006600558014610282,0.001145674445176841,2.567517157760801e-06,-0.0006600575458326056
3,0.003657320166341963,11.4567417977906,-1.748984218065543,-12.0,-8.351864715835793,12.0,-0.001808280252861586,0.0006602880497770414,0.000660286300792807,0.00114567417977906,2.563345058748811e-06,-0.0006602880497770251
3,0.003657520166341963,11.45673895012974,-1.753588130808534,-12.0,-8.358769207158979,12.0,-0.001808514190905057,0.0006605181076350588,0.0006605163540469136,0.001145673895012974,2.567510010101044e-06,-0.0006605181076350445
3,0.0036577201663419634,11.45673630689601,-1.758183175709934,-12.0,-8.365660498844665,12.0,-0.001808739383152099,0.0006607477323134893,0.0006607459741302975,0.001145673630689602,2.563341902165376e-06,-0.0006607477323134731
3,0.003657920166341963,11.45673347020115,-1.762769478143454,-12.0,-8.37253858001054,12.0,-0.001808972438338783,0.000660976910186723,0.0006609751474172305,0.001145673347020115,2.567502884641261e-06,-0.0006609769101867086
3,0.0036581201663419627,11.4567308377249,-1.767346898309147,-12.0,-8.379403439795155,12.0,-0.001809196754931344,0.0006612056541486169,0.0006612038868017026,0.00114567308377249,2.563338763493517e-06,-0.0006612056541486008
3,0.0036583201663419633,11.45672801200904,-1.771915561465231,-12.0,-8.386255067357983,12.0,-0.00180942892581856,0.0006614339505892895,0.0006614321786737136,0.001145672801200904,2.56749578140942e-06,-0.0006614339505892753
3,0.003658520166341963,11.45672539030358,-1.77647532798289,-12.0,-8.393093451879404,12.0,-0.001809652365309714,0.0006616618123896675,0.0006616600359143234,0.001145672539030358,2.563335642768243e-06,-0.0006616618123896513
3,0.003658720166341963,11.45672257557965,-1.781026323005028,-12.0,-8.399918582560598,12.0,-0.001809883650460843,0.0006618892259555715,0.000661887444929234,0.001145672257557965,2.567488700433663e-06,-0.0006618892259555571
3,0.003658920166341964,11.45671996465824,-1.785568407073734,-12.0,-8.406730448623794,12.0,-0.00181010621140792,0.0006621162041550219,0.0006621144185865989,0.001145671996465824,2.563332540024475e-06,-0.000662116204155006
3,0.0036591201663419637,11.45671716093913,-1.790101705217027,-12.0,-8.41352903931216,12.0,-0.001810336609392009,0.0006623427334095276,0.0006623409433078081,0.001145671716093913,2.567481641741492e-06,-0.0006623427334095133
3,0.0036593201663419643,11.45671456081499,-1.794626078147628,-12.0,-8.420314343889718,12.0,-0.001810558290357976,0.000662568826574225,0.0006625670319481307,0.001145671456081499,2.563329455297054e-06,-0.000662568826574209
3,0.003659520166341964,11.45671176811351,-1.799141650778882,-12.0,-8.427086351641586,12.0,-0.001810787799749915,0.0006627944700862848,0.0006627926709446197,0.001145671176811351,2.567474605360788e-06,-0.0006627944700862704
3,0.003659720166341964,11.45670917879979,-1.803648283994083,-12.0,-8.433845051873858,12.0,-0.001811008599303791,0.0006630196767879934,0.0006630178731396935,0.001145670917879979,2.563326388620918e-06,-0.0006630196767879775
3,0.003659920166341964,11.45670639712871,-1.808146102592147,-12.0,-8.440590433913602,12.0,-0.001811237218683228,0.0006632444331321598,0.0006632426249860429,0.001145670639712871,2.56746759131873e-06,-0.0006632444331321455
3,0.003660120166341964,11.4567038186385,-1.812634967626664,-12.0,-8.447322487108922,12.0,-0.001811457135398808,0.0006634687519482417,0.0006634669393132581,0.00114567038186385,2.563323340030597e-06,-0.0006634687519482258
3,0.003660320166341964,11.45670104801053,-1.817115003782479,-12.0,-8.454041200829025,12.0,-0.001811684863352157,0.0006636926197046689,0.0006636908025896508,0.001145670104801054,2.567460599643068e-06,-0.0006636926197046546
3,0.003660520166341964,11.45669848035687,-1.821586072283312,-12.0,-8.460746564464127,12.0,-0.001811903895810298,0.0006639160492180973,0.0006639142276320092,0.001145669848035687,2.563320309560382e-06,-0.0006639160492180816
3,0.003660720166341965,11.45669572078468,-1.826048297700139,-12.0,-8.467438567425523,12.0,-0.001812130730928364,0.0006641390269725526,0.0006641372009242408,0.001145669572078468,2.567453630360879e-06,-0.0006641390269725385
3,0.003660920166341965,11.45669316398054,-1.830501541426654,-12.0,-8.474117199145665,12.0,-0.001812348877714227,0.0006643615657719169,0.0006643597352703596,0.001145669316398054,2.563317297244826e-06,-0.0006643615657719011
3,0.003661120166341965,11.4566904154767,-1.834945927920288,-12.0,-8.480782449078063,12.0,-0.001812574818594044,0.0006645836521157917,0.0006645818171698496,0.00114566904154767,2.567446683499459e-06,-0.0006645836521157776
3,0.003661320166341965,11.45668786953502,-1.839381318744444,-12.0,-8.487434306697361,12.0,-0.001812792078298974,0.0006648052987953076,0.000664803459413973,0.001145668786953502,2.563314303118109e-06,-0.0006648052987952918
3,0.003661520166341965,11.45668513211209,-1.843807838243317,-12.0,-8.494072761499401,12.0,-0.001813017123542798,0.0006650264923256225,0.0006650246485177701,0.001145668513211209,2.567439759085911e-06,-0.0006650264923256085
3,0.0036617201663419648,11.45668259704571,-1.848225348149868,-12.0,-8.500697803001142,12.0,-0.001813233494764394,0.0006652472454851431,0.0006652453972597792,0.001145668259704572,2.563311327214157e-06,-0.0006652472454851273
3,0.0036619201663419653,11.45667987071617,-1.85263397269527,-12.0,-8.50730942074072,12.0,-0.001813457642980521,0.000665467544804559,0.0006654656921705723,0.001145667987071618,2.567432857147123e-06,-0.000665467544804545
3,0.003662120166341965,11.45667734653794,-1.857033573781866,-12.0,-8.513907604277504,12.0,-0.001813673124319922,0.0006656874030495795,0.0006656855460159901,0.001145667734653793,2.563308369566984e-06,-0.0006656874030495639
3,0.003662320166341965,11.4566746313142,-1.861424275528151,-12.0,-8.520492343192082,12.0,-0.001813896374122692,0.0006659068067664072,0.0006659049453421177,0.00114566746313142,2.567425977709761e-06,-0.0006659068067663931
3,0.003662520166341966,11.45667211803684,-1.86580594000561,-12.0,-8.527063627086235,12.0,-0.001814110964189144,0.0006661257687080781,0.0006661239029021224,0.001145667211803684,2.563305430210559e-06,-0.0006661257687080625
3,0.0036627201663419658,11.45666941393129,-1.870178691220287,-12.0,-8.533621445582988,12.0,-0.001814333314197077,0.0006663442754362843,0.0006663424052575789,0.001145666941393129,2.567419120800688e-06,-0.0006663442754362701
3,0.0036629201663419663,11.4566669115675,-1.874542391412682,-12.0,-8.54016578832669,12.0,-0.001814547011604307,0.0006665623396914163,0.0006665604651490092,0.00114566669115675,2.563302509178448e-06,-0.0006665623396914008
3,0.003663120166341966,11.45666421859246,-1.87889716447669,-12.0,-8.546696644982909,12.0,-0.001814768460443382,0.0006667799480506358,0.0006667780691534573,0.001145666421859246,2.567412286446489e-06,-0.0006667799480506219
3,0.003663320166341966,11.45666172715487,-1.883242872821566,-12.0,-8.553214005238514,12.0,-0.001814981263810805,0.0006669971132417105,0.0006669952299988219,0.001145666172715487,2.563299606504122e-06,-0.0006669971132416948
3,0.003663520166341966,11.45665904532259,-1.887579640229363,-12.0,-8.559717858801742,12.0,-0.001815201810111043,0.0006672138218572517,0.0006672119342775976,0.001145665904532259,2.567405474673652e-06,-0.0006672138218572379
3,0.003663720166341966,11.45665656482379,-1.89190732927794,-12.0,-8.5662081954021,12.0,-0.001815413718063885,0.0006674300866124315,0.0006674281947050865,0.001145665656482379,2.563296722220974e-06,-0.0006674300866124159
3,0.003663920166341966,11.45665389414646,-1.896226063637715,-12.0,-8.572685004790442,12.0,-0.001815633360462688,0.0006676458941152865,0.000667643997889209,0.001145665389414646,2.56739868550867e-06,-0.0006676458941152727
3,0.003664120166341967,11.45665142459898,-1.900535706054991,-12.0,-8.579148276739039,12.0,-0.001815844371631316,0.0006678612570684203,0.0006678593565326987,0.001145665142459898,2.563293856362352e-06,-0.0006678612570684047
3,0.003664320166341967,11.45664876508876,-1.904836380088871,-12.0,-8.585598001041486,12.0,-0.00181606310877008,0.0006680761620952754,0.0006680742572588815,0.001145664876508876,2.567391918977541e-06,-0.0006680761620952615
3,0.003664520166341967,11.45664630650506,-1.909127948653835,-12.0,-8.592034167512766,12.0,-0.001816273221792453,0.0006682906218859086,0.0006682887127579445,0.001145664630650506,2.563291008961399e-06,-0.0006682906218858932
3,0.003664720166341967,11.45664365817402,-1.91341053519798,-12.0,-8.598456765989335,12.0,-0.001816491052318706,0.0006685046230791493,0.0006685027096686001,0.001145664365817402,2.567385175106223e-06,-0.0006685046230791354
3,0.003664920166341967,11.45664121056651,-1.917684002803807,-12.0,-8.604865786328993,12.0,-0.001816700265836276,0.0006687181783525339,0.0006687162606685156,0.001145664121056651,2.563288180051302e-06,-0.0006687181783525186
3,0.003665120166341967,11.4566385734267,-1.92194847480864,-12.0,-8.611261218411059,12.0,-0.001816917188404204,0.0006689312743602554,0.000668929352411767,0.00114566385734267,2.567378453921018e-06,-0.0006689312743602419
3,0.003665320166341967,11.45663613680772,-1.926203814462823,-12.0,-8.617643052136238,12.0,-0.001817125501064779,0.000669143923767357,0.0006691419975635271,0.001145663613680772,2.563285369664665e-06,-0.0006691439237673415
3,0.0036655201663419673,11.45663351087111,-1.930450144993183,-12.0,-8.624011277426778,12.0,-0.001817341514333092,0.0006693561132433732,0.0006693541827932145,0.001145663351087111,2.567371755447778e-06,-0.0006693561132433595
3,0.003665720166341967,11.45663108525296,-1.934687329817724,-12.0,-8.630365884226364,12.0,-0.001817548924790764,0.0006695678554408794,0.0006695659207535342,0.001145663108525296,2.563282577834534e-06,-0.0006695678554408641
3,0.003665920166341968,11.45662847053147,-1.938915492053023,-12.0,-8.636706862500189,12.0,-0.001817764027424381,0.0006697791370447304,0.0006697771981292245,0.001145662847053147,2.567365079712024e-06,-0.0006697791370447166
3,0.003666120166341968,11.45662605592639,-1.943134495284579,-12.0,-8.643034202235016,12.0,-0.001817970534339321,0.000669989970695059,0.0006699880275605485,0.001145662605592639,2.563279804593312e-06,-0.0006699899706950438
3,0.003666320166341968,11.45662345243187,-1.947344462519021,-12.0,-8.649347893439094,12.0,-0.001818184725008978,0.0006702003430920211,0.0006701983957475448,0.001145662345243187,2.567358426739341e-06,-0.0006702003430920073
3,0.0036665201663419683,11.45662104885204,-1.951545257509085,-12.0,-8.655647926142226,12.0,-0.001818390327045499,0.0006704102668633294,0.0006704083153180565,0.001145662104885204,2.563277049973805e-06,-0.0006704102668633142
3,0.003666720166341968,11.45661845659632,-1.955737003151764,-12.0,-8.661934290395838,12.0,-0.001818603604427429,0.0006706197287244211,0.0006706177729874042,0.001145661845659632,2.567351796555443e-06,-0.0006706197287244073
3,0.003666920166341968,11.45661606405386,-1.959919563366866,-12.0,-8.668206976272865,12.0,-0.001818808300257078,0.0006708287412906149,0.0006708267813710365,0.001145661606405386,2.563274314007852e-06,-0.0006708287412905999
3,0.0036671201663419683,11.45661348304867,-1.96409306094198,-12.0,-8.674465973867914,12.0,-0.001819020663033545,0.000671037291292607,0.0006710353271995324,0.001145661348304867,2.567345189185703e-06,-0.0006710372912925934
3,0.003667320166341968,11.45661110155564,-1.968257359963824,-12.0,-8.680711273297156,12.0,-0.001819224451332689,0.0006712453913333485,0.0006712434230759732,0.001145661110155564,2.563271596727978e-06,-0.0006712453913333333
3,0.003667520166341968,11.45660853181267,-1.972412583110819,-12.0,-8.686942864698397,12.0,-0.001819435898191465,0.0006714530281587716,0.0006714510557461746,0.001145660853181267,2.567338604655448e-06,-0.0006714530281587578
3,0.003667720166341969,11.4566061613811,-1.976558594636426,-12.0,-8.693160738231134,12.0,-0.001819638777642863,0.000671660214359486,0.0006716582378008762,0.00114566061613811,2.563268898166216e-06,-0.0006716602143594707
3,0.003667920166341969,11.45660360291199,-1.980695517110209,-12.0,-8.69936488407648,12.0,-0.001819849307277993,0.0006718669366966408,0.00067186495600111,0.001145660360291199,2.567332042989594e-06,-0.0006718669366966272
3,0.0036681201663419693,11.45660124355381,-1.984823214952116,-12.0,-8.705555292437227,12.0,-0.001820051276569316,0.0006720732077485263,0.0006720712229252961,0.001145660124355381,2.563266218354543e-06,-0.0006720732077485111
3,0.003668320166341969,11.45659869637015,-1.988941810623152,-12.0,-8.711731953537907,12.0,-0.001820260887679704,0.0006722790142914891,0.0006722770253496648,0.001145659869637015,2.56732550421331e-06,-0.0006722790142914756
3,0.003668520166341969,11.45659634809724,-1.993051168709602,-12.0,-8.717894857624712,12.0,-0.001820461945505379,0.0006724843688915265,0.0006724823758403423,0.001145659634809725,2.563263557324682e-06,-0.0006724843688915111
3,0.003668720166341969,11.45659381221055,-1.997151411564111,-12.0,-8.724043994965559,12.0,-0.001820670636796446,0.0006726892583401584,0.0006726872611887332,0.001145659381221055,2.567318988351624e-06,-0.0006726892583401448
3,0.003668920166341969,11.45659147503478,-2.001242403939151,-12.0,-8.730179355850154,12.0,-0.001820870781856451,0.0006728936951911156,0.0006728916939486964,0.001145659147503478,2.563260915108206e-06,-0.0006728936951911005
3,0.003669120166341969,11.45658895045652,-2.005324268079303,-12.0,-8.736300930589893,12.0,-0.001821078552038995,0.0006730976662510725,0.0006730956609267909,0.001145658895045652,2.567312495429099e-06,-0.0006730976662510591
3,0.003669320166341969,11.45658662438964,-2.009396868902996,-12.0,-8.742408709518005,12.0,-0.001821277783039257,0.000673301184061516,0.000673299174664632,0.001145658662438964,2.563258291736912e-06,-0.0006733011840615008
3,0.00366952016634197,11.45658411113122,-2.013460328547031,-12.0,-8.748502682989441,12.0,-0.001821484630829752,0.0006735042354442546,0.0006735022219839125,0.001145658411113122,2.567306025470374e-06,-0.000673504235444241
3,0.00366972016634197,11.45658179618497,-2.017514512095608,-12.0,-8.75458284138102,12.0,-0.001821682946480996,0.0006737068329285562,0.0006737048154140288,0.001145658179618497,2.563255687242228e-06,-0.0006737068329285411
3,0.00366992016634197,11.45657929425774,-2.021559541578022,-12.0,-8.76064917509132,12.0,-0.001821888870602439,0.0006739089633513432,0.0006739069417917883,0.001145657929425774,2.567299578500098e-06,-0.0006739089633513298
3,0.00367012016634197,11.45657699044378,-2.025595282244032,-12.0,-8.766701674540762,12.0,-0.001822086269622855,0.0006741106392296881,0.0006741086136343908,0.001145657699044378,2.56325310165506e-06,-0.0006741106392296731
3,0.00367032016634197,11.45657449985904,-2.029621856015714,-12.0,-8.772740330171654,12.0,-0.001822291268803368,0.0006743118474156072,0.000674309817793738,0.001145657449985904,2.567293154542589e-06,-0.0006743118474155941
3,0.0036705201663419697,11.45657220718898,-2.033639128308228,-12.0,-8.778765132448115,12.0,-0.001822487749914759,0.0006745126004140038,0.0006745105667748604,0.001145657220718898,2.563250535006975e-06,-0.0006745126004139888
3,0.0036707201663419703,11.45656972795797,-2.037647220936635,-12.0,-8.784776071856147,12.0,-0.001822691822888526,0.0006747128850919645,0.0006747108474447302,0.001145656972795797,2.56728675362247e-06,-0.0006747128850919512
3,0.00367092016634197,11.45656744644335,-2.041645999481345,-12.0,-8.790773138903688,12.0,-0.001822887384820552,0.0006749127139422495,0.0006749106722962349,0.001145656744644335,2.563247987328678e-06,-0.0006749127139422344
3,0.00367112016634197,11.45656497857725,-2.045635585650701,-12.0,-8.796756324120535,12.0,-0.001823090530327166,0.0006751120738469968,0.0006751100282113977,0.001145656497857725,2.567280375763494e-06,-0.0006751120738469835
3,0.003671320166341971,11.45656270822958,-2.049615845190108,-12.0,-8.802725618058403,12.0,-0.001823285171815679,0.0006753109772868443,0.0006753089276709842,0.001145656270822958,2.563245458651143e-06,-0.0006753109772868295
3,0.0036715201663419707,11.45656025173952,-2.053586899701482,-12.0,-8.808681011290979,12.0,-0.001823487388600927,0.000675509411158963,0.0006755073575720501,0.001145656025173952,2.567274020989704e-06,-0.0006755094111589497
3,0.0036717201663419713,11.45655799257021,-2.05754861509511,-12.0,-8.814622494413921,12.0,-0.001823681108384712,0.0006757073879318962,0.0006757053303832661,0.001145655799257021,2.5632429490052e-06,-0.0006757073879318812
3,0.003671920166341971,11.45655554746726,-2.061501112866657,-12.0,-8.820550058044747,12.0,-0.001823882395200671,0.0006759048945178223,0.000675902833016696,0.001145655554746726,2.567267689325289e-06,-0.000675904894517809
3,0.003672120166341971,11.45655329948771,-2.065444259091073,-12.0,-8.826463692823056,12.0,-0.001824075192027253,0.0006761019433732132,0.0006760998779289393,0.001145655329948771,2.563240458421296e-06,-0.0006761019433731983
3,0.003672320166341971,11.45655086578289,-2.069378175158169,-12.0,-8.832363389410448,12.0,-0.001824275547631121,0.0006762985214252411,0.0006762964520470528,0.001145655086578289,2.567261380793794e-06,-0.0006762985214252278
3,0.003672520166341971,11.4565486290044,-2.073302727307304,-12.0,-8.83824913849043,12.0,-0.001824467420252589,0.0006764946411183276,0.0006764925678155853,0.00114565486290044,2.563237986929832e-06,-0.0006764946411183126
3,0.003672720166341971,11.45654620670865,-2.077218036822625,-12.0,-8.844120930768632,12.0,-0.001824666843407651,0.000676690289394614,0.0006766882121765639,0.001145654620670865,2.567255095419219e-06,-0.0006766902893946007
3,0.003672920166341971,11.45654398114251,-2.081123970107837,-12.0,-8.849978756972712,12.0,-0.001824857790582441,0.0006768854786865022,0.0006768833975625175,0.001145654398114251,2.563235534561282e-06,-0.0006768854786864875
3,0.003673120166341972,11.45654157026674,-2.08502064834166,-12.0,-8.855822607852344,12.0,-0.001825056280057714,0.0006770801959510816,0.0006770781109304199,0.001145654157026674,2.567248833224773e-06,-0.0006770801959510685
3,0.003673320166341972,11.45653935592413,-2.088907938091885,-12.0,-8.861652474179275,12.0,-0.001825246300549462,0.0006772744536087539,0.000677272364700801,0.001145653935592413,2.56323310134586e-06,-0.0006772744536087391
3,0.003673520166341972,11.45653695647919,-2.092785960432121,-12.0,-8.867468346747382,12.0,-0.001825443855120856,0.0006774682386315391,0.0006774661458455656,0.001145653695647919,2.567242594234011e-06,-0.0006774682386315261
3,0.003673720166341972,11.45653475337128,-2.096654582094088,-12.0,-8.87327021637259,12.0,-0.001825632947699319,0.0006776615634278651,0.0006776594667732682,0.001145653475337128,2.563230687313323e-06,-0.0006776615634278504
3,0.003673920166341972,11.45653236536793,-2.100513924046491,-12.0,-8.879058073892944,12.0,-0.001825829566146703,0.0006778544149846586,0.0006778523144707213,0.001145653236536794,2.567236378470414e-06,-0.0006778544149846453
3,0.003674120166341972,11.45653017350581,-2.104363853184813,-12.0,-8.884831910168655,12.0,-0.001826017729588359,0.0006780468056983989,0.000678044701334531,0.001145653017350581,2.56322829249394e-06,-0.0006780468056983843
3,0.0036743201663419723,11.45652779695481,-2.10820449037315,-12.0,-8.890591716082032,12.0,-0.001826213410699142,0.0006782387225709014,0.0006782366143663978,0.001145652779695481,2.567230185956818e-06,-0.0006782387225708882
3,0.003674520166341972,11.45652561634949,-2.112035702670513,-12.0,-8.896337482537541,12.0,-0.001826400643785346,0.0006784301779867176,0.0006784280659510001,0.001145652561634949,2.563225916917308e-06,-0.0006784301779867028
3,0.003674720166341973,11.4565232512615,-2.115857610836657,-12.0,-8.902069200461845,12.0,-0.001826595386352375,0.0006786211589625319,0.000678619043104908,0.00114565232512615,2.567224016716573e-06,-0.0006786211589625188
3,0.003674920166341973,11.45652108192398,-2.119670082094004,-12.0,-8.907786860803817,12.0,-0.001826781687870993,0.000678811677870996,0.0006788095582008993,0.001145652108192398,2.563223560612909e-06,-0.0006788116778709814
3,0.003675120166341973,11.45651872830962,-2.123473237098159,-12.0,-8.91349045453442,12.0,-0.001826975490692364,0.0006790017217436391,0.000678999598270389,0.001145651872830962,2.567217870772418e-06,-0.0006790017217436262
3,0.0036753201663419733,11.45651657025081,-2.127266943234732,-12.0,-8.919179972646937,12.0,-0.001827160859436905,0.0006791913029412352,0.0006791891756742772,0.001145651657025081,2.563221223610706e-06,-0.0006791913029412205
3,0.003675520166341973,11.45651422812064,-2.131051321055565,-12.0,-8.924855406156876,12.0,-0.001827353721317078,0.0006793804085101443,0.0006793782774588101,0.001145651422812064,2.567211748147187e-06,-0.000679380408510131
3,0.003675720166341973,11.45651208135141,-2.134826238109199,-12.0,-8.930516746101883,12.0,-0.001827538156087256,0.000679569050799283,0.0006795669159730302,0.001145651208135141,2.563218905939654e-06,-0.0006795690507992684
3,0.0036759201663419732,11.45650975071592,-2.138591814843904,-12.0,-8.936163983541967,12.0,-0.001827730075837364,0.0006797572168698192,0.0006797550782779914,0.001145650975071592,2.567205648863555e-06,-0.0006797572168698063
3,0.003676120166341973,11.45650761524707,-2.142347918971105,-12.0,-8.941797109559381,12.0,-0.001827913575438115,0.0006799449190588423,0.0006799427767109087,0.001145650761524707,2.56321660762905e-06,-0.0006799449190588277
3,0.003676320166341973,11.45650529611672,-2.14609467083571,-12.0,-8.947416115258637,12.0,-0.001828104551873807,0.0006801321444423056,0.0006801299983476217,0.001145650529611672,2.567199572944271e-06,-0.0006801321444422927
3,0.003676520166341974,11.456503171959,-2.149831938311771,-12.0,-8.953020991766541,12.0,-0.0018282871151169,0.0006803189053454916,0.0006803167555135387,0.0011456503171959,2.563214328708067e-06,-0.000680318905345477
3,0.003676720166341974,11.45650086434418,-2.153559841641169,-12.0,-8.958611730232262,12.0,-0.001828477147061053,0.0006805051888591222,0.0006805030352992677,0.001145650086434418,2.567193520411578e-06,-0.0006805051888591093
3,0.0036769201663419742,11.45649875150828,-2.157278248860409,-12.0,-8.96418832182724,12.0,-0.001828658772763601,0.0006806910072966977,0.0006806888500184343,0.001145649875150828,2.563212069205514e-06,-0.0006806910072966831
3,0.003677120166341974,11.45649645541932,-2.160987280108535,-12.0,-8.969750757745265,12.0,-0.001828847859043805,0.0006808763477636859,0.0006808741867763928,0.001145649645541932,2.567187491287844e-06,-0.000680876347763673
3,0.003677320166341974,11.45649435391586,-2.164686803584368,-12.0,-8.975299029202521,12.0,-0.001829028546029337,0.0006810612225618298,0.0006810590578750116,0.001145649435391586,2.563209829150371e-06,-0.0006810612225618153
3,0.003677520166341974,11.45649206936304,-2.168376939324397,-12.0,-8.980833127437512,12.0,-0.001829216685480326,0.0006812456188113243,0.0006812434504343721,0.001145649206936305,2.567181485595242e-06,-0.0006812456188113116
3,0.003677720166341974,11.45648997920262,-2.172057555689511,-12.0,-8.98635304371113,12.0,-0.001829396432577652,0.0006814295488021764,0.0006814273767446064,0.001145648997920262,2.563207608571217e-06,-0.0006814295488021619
3,0.003677920166341974,11.45648770619615,-2.175728772613933,-12.0,-8.991858769306702,12.0,-0.001829583624039085,0.0006816129996692897,0.0006816108239405044,0.001145648770619615,2.567175503355828e-06,-0.000681612999669277
3,0.003678120166341974,11.45648562738927,-2.179390458620467,-12.0,-8.997350295529921,12.0,-0.001829762430084397,0.0006817959836909599,0.0006817938043004868,0.001145648562738927,2.563205407496568e-06,-0.0006817959836909456
3,0.003678320166341975,11.45648336593932,-2.183042733541272,-12.0,-9.002827613708904,12.0,-0.001829948672402221,0.0006819784880167759,0.0006819763049740297,0.001145648336593932,2.567169544591463e-06,-0.0006819784880167631
3,0.003678520166341975,11.45648129849644,-2.186685466060899,-12.0,-9.00829071519423,12.0,-0.001830126536236174,0.0006821605249133474,0.000682158338227867,0.001145648129849644,2.563203225954882e-06,-0.0006821605249133331
3,0.003678720166341975,11.45647904861312,-2.190318775909742,-12.0,-9.013739591358934,12.0,-0.001830311828262297,0.0006823420815449319,0.0006823398912261432,0.001145647904861312,2.56716360932405e-06,-0.0006823420815449192
3,0.003678920166341975,11.45647699254465,-2.193942531933889,-12.0,-9.019174233598479,12.0,-0.001830488748731931,0.0006825231701664735,0.0006825209762239272,0.001145647699254465,2.563201063974441e-06,-0.000682523170166459
3,0.003679120166341975,11.45647475423801,-2.197556853762179,-12.0,-9.02459463333081,12.0,-0.001830673089325141,0.000682703777956876,0.0006827015804000093,0.001145647475423801,2.567157697575324e-06,-0.0006827037779568632
3,0.0036793201663419747,11.45647270955429,-2.201161610402103,-12.0,-9.030000781996407,12.0,-0.001830849065283412,0.0006828839171594447,0.0006828817159978199,0.001145647270955429,2.563198921583198e-06,-0.0006828839171594303
3,0.0036795201663419753,11.45647048283432,-2.204756921381222,-12.0,-9.035392671058206,12.0,-0.001831032453307498,0.0006830635749677111,0.000683061370210777,0.001145647048283432,2.567151809366593e-06,-0.0006830635749676985
3,0.003679720166341975,11.45646844954565,-2.208342655868187,-12.0,-9.040770292001664,12.0,-0.001831207483613418,0.000683242763613362,0.0006832405552706917,0.001145646844954565,2.563196798809256e-06,-0.0006832427636133478
3,0.003679920166341975,11.45646623442227,-2.211918933289561,-12.0,-9.046133636334813,12.0,-0.001831389917938243,0.0006834214703045379,0.0006834192583855918,0.001145646623442227,2.567145944719614e-06,-0.0006834214703045252
3,0.003680120166341976,11.45646421253888,-2.21548562297501,-12.0,-9.051482695588186,12.0,-0.001831564001457942,0.0006835997072613318,0.0006835974917756947,0.001145646421253888,2.563194695680458e-06,-0.0006835997072613177
3,0.0036803201663419757,11.45646200902199,-2.219042844250291,-12.0,-9.056817461314875,12.0,-0.001831745480959352,0.0006837774617064709,0.0006837752426636142,0.001145646200902199,2.567140103655245e-06,-0.0006837774617064584
3,0.0036805201663419763,11.45645999855405,-2.222590466605928,-12.0,-9.062137925090584,12.0,-0.001831918616562841,0.0006839547458484797,0.0006839525232579988,0.001145645999855405,2.563192612224703e-06,-0.0006839547458484655
3,0.003680720166341976,11.45645780665346,-2.226128609267146,-12.0,-9.067444078513544,12.0,-0.00183209914012309,0.0006841315469246523,0.0006841293207960306,0.001145645780665346,2.567134286195104e-06,-0.0006841315469246398
3,0.003680920166341976,11.45645580761108,-2.229657141885125,-12.0,-9.072735913204648,12.0,-0.001832271326688694,0.0006843078771319666,0.0006843056474748104,0.001145645580761108,2.563190548469039e-06,-0.0006843078771319522
3,0.003681120166341976,11.45645362733657,-2.233176183584817,-12.0,-9.078013420807347,12.0,-0.001832450893195328,0.0006844837237222655,0.0006844814905460693,0.001145645362733657,2.567128492360046e-06,-0.000684483723722253
3,0.003681320166341976,11.45645163972982,-2.236685604177848,-12.0,-9.083276592987724,12.0,-0.001832622129605169,0.0006846590988810018,0.0006846568621953833,0.001145645163972982,2.563188504441378e-06,-0.0006846590988809876
3,0.003681520166341976,11.45644947109108,-2.240185522689182,-12.0,-9.088525421434543,12.0,-0.001832800737952828,0.0006848339898745486,0.0006848317496890132,0.001145644947109109,2.567122722170886e-06,-0.0006848339898745362
3,0.003681720166341976,11.45644749492996,-2.243675809090733,-12.0,-9.09375989785917,12.0,-0.001832971023096907,0.000685008408876858,0.0006850061652010346,0.001145644749492996,2.563186480168844e-06,-0.0006850084088768438
3,0.003681920166341977,11.45644533793666,-2.247156582307656,-12.0,-9.098980013995638,12.0,-0.001833148672185075,0.0006851823431688108,0.0006851800960122157,0.001145644533793666,2.567116975648541e-06,-0.0006851823431687982
3,0.003682120166341977,11.4564433732311,-2.250627712472016,-12.0,-9.104185761600702,12.0,-0.001833318004958436,0.0006853558049128829,0.0006853535542851561,0.001145644337323111,2.563184475678586e-06,-0.0006853558049128686
3,0.003682320166341977,11.45644122789283,-2.254089318409428,-12.0,-9.109377132453744,12.0,-0.0018334946936935,0.0006855287814044441,0.0006855265273151131,0.001145644122789283,2.567111252813726e-06,-0.0006855287814044316
3,0.003682520166341977,11.45643927465274,-2.257541270411891,-12.0,-9.114554118356912,12.0,-0.001833663072997721,0.0006857012847945162,0.0006856990272532317,0.001145643927465274,2.563182490997508e-06,-0.0006857012847945021
3,0.003682720166341977,11.45643714097904,-2.260983687205755,-12.0,-9.119716711135023,12.0,-0.001833838800291377,0.0006858733023929393,0.0006858710414092395,0.001145643714097904,2.567105553686678e-06,-0.0006858733023929268
3,0.0036829201663419768,11.45643519921424,-2.264416439242745,-12.0,-9.124864902635627,12.0,-0.001834006225034024,0.0006860448463393023,0.000686042581922849,0.001145643519921424,2.563180526152698e-06,-0.0006860448463392884
3,0.0036831201663419773,11.45643307721458,-2.267839645150205,-12.0,-9.12999868472905,12.0,-0.001834180989804295,0.000686215903957897,0.0006862136361182392,0.001145643307721458,2.567099878288174e-06,-0.0006862159039578846
3,0.003683320166341977,11.45643114693484,-2.271253175539433,-12.0,-9.135118049308327,12.0,-0.001834347458898407,0.0006863864873769033,0.0006863842161237137,0.001145643114693484,2.563178581170622e-06,-0.0006863864873768894
3,0.003683520166341978,11.45642903661865,-2.274657148938991,-12.0,-9.140222988289304,12.0,-0.001834521260070516,0.0006865565839350436,0.0006865543092778822,0.001145642903661865,2.567094226638187e-06,-0.0006865565839350314
3,0.003683720166341978,11.45642711783369,-2.27805143611958,-12.0,-9.145313493610578,12.0,-0.001834686772435505,0.0006867262057491137,0.0006867239276976637,0.001145642711783369,2.563176656078146e-06,-0.0006867262057490997
3,0.0036839201663419778,11.45642501921035,-2.2814361555112,-12.0,-9.15038955723353,12.0,-0.001834859608938995,0.0006868953401722454,0.0006868930587360775,0.001145642501921035,2.567088598757259e-06,-0.000686895340172233
3,0.0036841201663419783,11.45642311192982,-2.284811178043797,-12.0,-9.155451171142388,12.0,-0.001835024163500638,0.0006870639993098732,0.000687061714498681,0.001145642311192982,2.563174750901351e-06,-0.0006870639993098591
3,0.003684320166341978,11.45642102500864,-2.288176622049082,-12.0,-9.160498327344161,12.0,-0.0018351960342719,0.0006872321705295203,0.0006872298823528859,0.001145642102500864,2.567082994665058e-06,-0.000687232170529508
3,0.003684520166341978,11.45641912924214,-2.291532358616021,-12.0,-9.16553101786869,12.0,-0.001835359629962174,0.0006873998659252807,0.0006873975743929082,0.001145641912924214,2.563172865666795e-06,-0.0006873998659252668
3,0.0036847201663419782,11.45641705403236,-2.294878505978298,-12.0,-9.17054923476869,12.0,-0.00183553053394365,0.0006875670728790515,0.000687564778000533,0.001145641705403236,2.567077414381714e-06,-0.0006875670728790391
3,0.003684920166341978,11.45641516978945,-2.298214935383749,-12.0,-9.175552970119703,12.0,-0.001835693169699829,0.0006877338034736093,0.00068773150525866,0.001145641516978945,2.563171000400612e-06,-0.0006877338034735954
3,0.003685120166341978,11.45641310630028,-2.301541764968229,-12.0,-9.180542216020132,12.0,-0.001835863105839673,0.0006879000451052027,0.0006878977435634254,0.001145641310630028,2.567071857926847e-06,-0.0006879000451051903
3,0.003685320166341979,11.45641123359042,-2.30485886613828,-12.0,-9.185516964591292,12.0,-0.001836024780606391,0.0006880658098453152,0.0006880635049864351,0.001145641123359042,2.563169155128891e-06,-0.0006880658098453012
3,0.003685520166341979,11.456409181831,-2.308166356932221,-12.0,-9.190477207977402,12.0,-0.001836193747859871,0.0006882310851045305,0.0006882287769381611,0.0011456409181831,2.567066325320217e-06,-0.000688231085104518
3,0.0036857201663419792,11.45640732066364,-2.311464108915065,-12.0,-9.195422938345509,12.0,-0.001836354460585831,0.0006883958829430584,0.0006883935714789354,0.001145640732066364,2.563167329877405e-06,-0.0006883958829430444
3,0.003685920166341979,11.45640528064305,-2.314752240027816,-12.0,-9.200354147885651,12.0,-0.001836522457913854,0.0006885601907857956,0.0006885578760335436,0.001145640528064305,2.56706081658107e-06,-0.0006885601907857835
3,0.003686120166341979,11.45640343102755,-2.318030621993865,-12.0,-9.205270828810793,12.0,-0.001836682207556005,0.0006887240206817067,0.0006887217026510708,0.001145640343102755,2.563165524671778e-06,-0.0006887240206816928
3,0.003686320166341979,11.45640140275482,-2.321299372657115,-12.0,-9.210172973356812,12.0,-0.001836849233924079,0.0006888873600699819,0.000688885038770597,0.001145640140275482,2.567055331729238e-06,-0.0006888873600699697
3,0.003686520166341979,11.4563995647005,-2.324558363899097,-12.0,-9.215060573782536,12.0,-0.001837008019444975,0.0006890502209883576,0.00068904789642998,0.00114563995647005,2.563163739537841e-06,-0.0006890502209883439
3,0.0036867201663419794,11.4563975481846,-2.327807713466913,-12.0,-9.219933622369805,12.0,-0.001837174073826429,0.0006892125908903013,0.0006892102630825757,0.00114563975481846,2.567049870783555e-06,-0.0006892125908902893
3,0.003686920166341979,11.45639572170071,-2.331047293400073,-12.0,-9.224792111423398,12.0,-0.001837331894193886,0.0006893744818023463,0.000689372150755039,0.001145639572170071,2.563161974501037e-06,-0.0006893744818023325
3,0.00368712016634198,11.45639371695056,-2.334277221349059,-12.0,-9.229636033271081,12.0,-0.001837496975568259,0.0006895358811922143,0.0006895335469149808,0.001145639371695056,2.567044433763384e-06,-0.0006895358811922023
3,0.00368732016634198,11.45639190204629,-2.33749736951122,-12.0,-9.23446538026367,12.0,-0.001837653829756327,0.0006896968010752588,0.0006896944635778754,0.001145639190204629,2.563160229586496e-06,-0.000689696801075245
3,0.00368752016634198,11.45638990907074,-2.340707855440684,-12.0,-9.239280144774952,12.0,-0.00183781793710828,0.0006898572289334389,0.0006898548882255713,0.001145638990907074,2.567039020687822e-06,-0.0006898572289334269
3,0.0036877201663419804,11.45638810575525,-2.343908551492403,-12.0,-9.244080319201744,12.0,-0.001837973824097989,0.0006900171767709478,0.0006900148328623825,0.001145638810575525,2.563158504819408e-06,-0.0006900171767709342
3,0.00368792016634198,11.4563861245631,-2.347099575124418,-12.0,-9.248865895963931,12.0,-0.001838136956418765,0.0006901766320839633,0.000690174284984376,0.00114563861245631,2.567033631575533e-06,-0.0006901766320839513
3,0.00368812016634198,11.45638433284546,-2.350280798849159,-12.0,-9.253636867504456,12.0,-0.001838291875197199,0.0006903356068655435,0.0006903332565847309,0.001145638433284546,2.563156800225006e-06,-0.0006903356068655298
3,0.0036883201663419803,11.45638236344546,-2.353452340028748,-12.0,-9.258393226289254,12.0,-0.001838454031484042,0.0006904940886260627,0.0006904917351737105,0.001145638236344546,2.567028266445308e-06,-0.0006904940886260507
3,0.00368852016634198,11.4563805833347,-2.356614071332898,-12.0,-9.26313496480741,12.0,-0.001838607981043903,0.0006906520893474648,0.0006906497327333798,0.00114563805833347,2.563155115828008e-06,-0.0006906520893474512
3,0.00368872016634198,11.45637862573554,-2.359766110028153,-12.0,-9.267862075571099,12.0,-0.001838769160299955,0.0006908095965543065,0.0006908072367881844,0.001145637862573554,2.567022925315747e-06,-0.0006908095965542947
3,0.003688920166341981,11.45637685724062,-2.362908328941275,-12.0,-9.272574551115513,12.0,-0.001838922139639696,0.0006909666222174376,0.0006909642593090948,0.001145637685724062,2.563153451653355e-06,-0.0006909666222174238
3,0.003689120166341981,11.45637491145092,-2.366040845243417,-12.0,-9.277272383999039,12.0,-0.001839082340875755,0.0006911231538755743,0.0006911207878347169,0.001145637491145092,2.567017608205359e-06,-0.0006911231538755621
3,0.0036893201663419813,11.45637315458076,-2.369163531918321,-12.0,-9.281955566803184,12.0,-0.001839234349001113,0.0006912792034885,0.0006912768343249543,0.001145637315458076,2.56315180772539e-06,-0.0006912792034884863
3,0.003689520166341981,11.4563712206091,-2.37227650604193,-12.0,-9.286624092132508,12.0,-0.001839393571232147,0.0006914347586090698,0.0006914323863325516,0.00114563712206091,2.567012315132521e-06,-0.0006914347586090577
3,0.003689720166341981,11.45636947537256,-2.375379640754741,-12.0,-9.291277952614802,12.0,-0.001839544607154193,0.0006915898311860196,0.0006915874558063653,0.001145636947537256,2.563150184068893e-06,-0.0006915898311860061
3,0.003689920166341981,11.45636755322745,-2.378473053037826,-12.0,-9.295917140900995,12.0,-0.001839702849402144,0.0006917444087863289,0.0006917420303132638,0.001145636755322745,2.567007046115245e-06,-0.000691744408786317
3,0.003690120166341981,11.45636581963332,-2.381556616188227,-12.0,-9.300541649665163,12.0,-0.001839852912138515,0.0006918985033477072,0.0006918961217910773,0.001145636581963332,2.563148580708024e-06,-0.0006918985033476936
3,0.003690320166341981,11.45636390932322,-2.38463044709232,-12.0,-9.305151471604564,12.0,-0.001840010173431519,0.0006920521024512363,0.0006920497178207771,0.001145636390932322,2.567001801171922e-06,-0.0006920521024512244
3,0.003690520166341981,11.45636218738024,-2.387694419203581,-12.0,-9.309746599439684,12.0,-0.001840159262006081,0.0006922052180236239,0.0006922028303291911,0.001145636218738024,2.563146997666984e-06,-0.0006922052180236102
3,0.003690720166341982,11.45636028891356,-2.390748649313937,-12.0,-9.314327025914178,12.0,-0.0018403155413785,0.0006923578376600361,0.0006923554469113747,0.001145636028891356,2.566996580320245e-06,-0.0006923578376600242
3,0.003690920166341982,11.45635857863041,-2.393793011033066,-12.0,-9.318892743794912,12.0,-0.001840463654821058,0.0006925099732761981,0.0006925075794831737,0.001145635857863041,2.563145434969745e-06,-0.0006925099732761847
3,0.003691120166341982,11.45635669201549,-2.396827621058713,-12.0,-9.323443745872023,12.0,-0.001840618951313386,0.000692661612481343,0.00069265921565371,0.001145635669201549,2.566991383578242e-06,-0.000692661612481331
3,0.003691320166341982,11.45635499340079,-2.399852353156611,-12.0,-9.327980024958842,12.0,-0.001840766088659698,0.0006928127671802366,0.0006928103673278699,0.001145635499340079,2.563143892640403e-06,-0.0006928127671802232
3,0.003691520166341982,11.45635311864592,-2.402867323930504,-12.0,-9.332501573891953,12.0,-0.001840920401318496,0.0006929634249961569,0.0006929610221288211,0.001145635311864592,2.566986210963444e-06,-0.0006929634249961449
3,0.0036917201663419818,11.45635143170824,-2.405872407302023,-12.0,-9.337008385531227,12.0,-0.001841066561611672,0.0006931135978229338,0.0006931111919505132,0.001145635143170824,2.563142370702567e-06,-0.0006931135978229205
3,0.0036919201663419823,11.45634956882165,-2.408867719781196,-12.0,-9.341500452759817,12.0,-0.001841219889489441,0.000693263273297874,0.0006932608644301423,0.001145634956882165,2.566981062493439e-06,-0.0006932632732978622
3,0.003692120166341982,11.4563478935695,-2.41185313544532,-12.0,-9.345977768484087,12.0,-0.001841365071776791,0.0006934124633038902,0.0006934100514507412,0.00114563478935695,2.563140869179945e-06,-0.0006934124633038767
3,0.003692320166341982,11.45634604255937,-2.414828770710918,-12.0,-9.35044032563377,12.0,-0.001841517413933264,0.0006935611554922971,0.0006935587406635144,0.001145634604255937,2.566975938185948e-06,-0.0006935611554922853
3,0.003692520166341983,11.45634437900121,-2.417794499810855,-12.0,-9.354888117161886,12.0,-0.001841661617270236,0.0006937093617351165,0.0006937069439406033,0.001145634437900121,2.563139388095918e-06,-0.0006937093617351032
3,0.0036927201663419828,11.45634253987565,-2.420750439068363,-12.0,-9.35932113604476,12.0,-0.001841812972770356,0.0006938570696976515,0.0006938546489472007,0.001145634253987565,2.566970838057842e-06,-0.0006938570696976399
3,0.0036929201663419833,11.45634088801986,-2.423696462871649,-12.0,-9.363739375282034,12.0,-0.001841956196217394,0.0006940042912410519,0.0006940018675445755,0.001145634088801986,2.563137927473921e-06,-0.0006940042912410386
3,0.003693120166341983,11.45633906078695,-2.42663268745092,-12.0,-9.36814282789673,12.0,-0.001842106564132403,0.0006941510140445927,0.0006941485874118934,0.001145633906078695,2.566965762126682e-06,-0.000694151014044581
3,0.003693320166341983,11.45633742064187,-2.429558987349582,-12.0,-9.372531486935182,12.0,-0.001842248806757043,0.0006942972499585733,0.0006942948203995726,0.001145633742064187,2.563136487336823e-06,-0.0006942972499585601
3,0.003693520166341983,11.45633560530959,-2.432475478705003,-12.0,-9.376905345467089,12.0,-0.001842398186164607,0.0006944429866762203,0.0006944405542007298,0.001145633560530959,2.566960710409314e-06,-0.0006944429866762086
3,0.003693720166341983,11.45633397688351,-2.435382036215622,-12.0,-9.381264396585554,12.0,-0.001842539447040215,0.0006945882360370063,0.0006945858006549568,0.001145633397688352,2.563135067708132e-06,-0.0006945882360369932
3,0.003693920166341983,11.45633217345983,-2.438278775926235,-12.0,-9.385608633407026,12.0,-0.001842687837023595,0.0006947329857480908,0.0006947305474693031,0.001145633217345983,2.566955682922598e-06,-0.0006947329857480791
3,0.003694120166341984,11.45633055676096,-2.4411655726901,-12.0,-9.389938049071354,12.0,-0.001842828115229668,0.0006948772476381387,0.0006948748064725527,0.001145633055676096,2.563133668610445e-06,-0.0006948772476381255
3,0.003694320166341984,11.45632876525375,-2.444042542459682,-12.0,-9.394252636741824,12.0,-0.001842975514880196,0.0006950210094282259,0.0006950185653856717,0.001145632876525375,2.566950679683609e-06,-0.0006950210094282142
3,0.003694520166341984,11.45632716029026,-2.446909560242909,-12.0,-9.398552389605097,12.0,-0.001843114809502534,0.000695164282936232,0.0006951618360266585,0.001145632716029026,2.56313229006654e-06,-0.0006951642829362189
3,0.003694720166341984,11.45632538070737,-2.449766741900106,-12.0,-9.402837300871266,12.0,-0.001843261217915843,0.0006953070558971275,0.000695304606130374,0.001145632538070737,2.56694570070868e-06,-0.000695307055897116
3,0.003694920166341984,11.45632378748736,-2.452613962593725,-12.0,-9.407107363773896,12.0,-0.001843399528045813,0.0006954493401180304,0.0006954468875040545,0.001145632378748736,2.563130932099125e-06,-0.0006954493401180172
3,0.003695120166341984,11.45632201983657,-2.455451338092191,-12.0,-9.411362571569953,12.0,-0.001843544944324461,0.0006955911233477878,0.000695588667896438,0.001145632201983657,2.566940746014536e-06,-0.0006955911233477762
3,0.003695320166341984,11.4563204383681,-2.458278743712278,-12.0,-9.415602917539903,12.0,-0.001843682269061193,0.0006957324173827758,0.0006957299591040188,0.00114563204383681,2.563129594730677e-06,-0.0006957324173827626
3,0.0036955201663419843,11.45631868265711,-2.461096295130753,-12.0,-9.419828394987638,12.0,-0.001843826692313706,0.0006958732099857002,0.0006958707488893934,0.001145631868265712,2.566935815617496e-06,-0.0006958732099856885
3,0.003695720166341984,11.45631711294817,-2.463903867818542,-12.0,-9.424038997240578,12.0,-0.001843963030761855,0.0006960135129422168,0.0006960110490383357,0.001145631711294817,2.563128277983458e-06,-0.0006960135129422036
3,0.003695920166341985,11.45631536918466,-2.466701577360991,-12.0,-9.428234717649593,12.0,-0.001844106460103793,0.0006961533140288716,0.0006961508473272828,0.001145631536918466,2.566930909533621e-06,-0.0006961533140288601
3,0.003696120166341985,11.45631381124318,-2.469489299382983,-12.0,-9.432415549589058,12.0,-0.001844241811373678,0.0006962926250206208,0.0006962901555313081,0.001145631381124318,2.563126981879678e-06,-0.0006962926250206075
3,0.003696320166341985,11.45631207943475,-2.47226714937868,-12.0,-9.436581486456891,12.0,-0.001844384245926291,0.0006964314337078326,0.0006964289614406717,0.001145631207943475,2.566926027779367e-06,-0.0006964314337078211
3,0.0036965201663419853,11.45631053326862,-2.475035003126773,-12.0,-9.440732521674498,12.0,-0.001844518609134947,0.0006965697518547856,0.0006965672768197694,0.001145631053326862,2.563125706441475e-06,-0.0006965697518547725
3,0.003696720166341985,11.45630881342282,-2.477792976030429,-12.0,-9.444868648686816,12.0,-0.001844660048025063,0.0006967075672656502,0.0006967050894726624,0.001145630881342282,2.566921170370524e-06,-0.0006967075672656387
3,0.003696920166341985,11.45630727903984,-2.480540944021999,-12.0,-9.448989860962358,12.0,-0.001844793422296698,0.000696844891694049,0.0006968424111530919,0.001145630727903984,2.563124451690583e-06,-0.000696844891694036
3,0.0036971201663419852,11.45630557116417,-2.483279022413893,-12.0,-9.453096151993147,12.0,-0.001844933864658434,0.000696981712957937,0.0006969792296789031,0.001145630557116417,2.566916337322828e-06,-0.0006969817129579255
3,0.003697320166341985,11.45630404857211,-2.486007087291922,-12.0,-9.457187515294809,12.0,-0.00184506624912194,0.0006971180428003018,0.0006971155567932014,0.001145630404857211,2.56312321764883e-06,-0.0006971180428002887
3,0.003697520166341985,11.456302352674,-2.488725253877985,-12.0,-9.461263944406515,12.0,-0.001845205694095878,0.0006972538690528645,0.0006972513803275991,0.0011456302352674,2.566911528652273e-06,-0.000697253869052853
3,0.003697720166341986,11.45630084188056,-2.491433398411165,-12.0,-9.46532543289101,12.0,-0.001845337087887309,0.0006973892034479977,0.000697386712014586,0.001145630084188056,2.563122004338017e-06,-0.0006973892034479847
3,0.003697920166341986,11.45629915796739,-2.49413163602308,-12.0,-9.469371974334676,12.0,-0.001845475534618787,0.0006975240338311711,0.0006975215396995236,0.001145629915796739,2.566906744374431e-06,-0.0006975240338311596
3,0.0036981201663419862,11.45629765898022,-2.496819843105945,-12.0,-9.47340356234746,12.0,-0.001845605936881121,0.0006976583719241646,0.0006976558751043085,0.001145629765898023,2.563120811779023e-06,-0.0006976583719241516
3,0.003698320166341986,11.45629598705932,-2.499498134701276,-12.0,-9.477420190562922,12.0,-0.001845743384523516,0.000697792205586176,0.0006977897060880299,0.001145629598705932,2.566901984504741e-06,-0.0006977922055861647
3,0.003698520166341986,11.45629449988602,-2.502166387354265,-12.0,-9.481421852638283,12.0,-0.001845872794403896,0.0006979255465284146,0.0006979230443620143,0.001145629449988602,2.563119639993741e-06,-0.0006979255465284018
3,0.003698720166341986,11.45629283996464,-2.504824716016583,-12.0,-9.485408542254357,12.0,-0.001846009242116128,0.0006980583826237888,0.0006980558777990614,0.001145629283996465,2.566897249058339e-06,-0.0006980583826237775
3,0.003698920166341986,11.45629136461273,-2.507472997386178,-12.0,-9.489380253115607,12.0,-0.001846137658770058,0.0006981907255729559,0.0006981882180999455,0.001145629136461273,2.563118489003049e-06,-0.0006981907255729431
3,0.003699120166341986,11.45628971669809,-2.510111346325118,-12.0,-9.493336978950186,12.0,-0.001846273105717465,0.0006983225632625183,0.0006983200531511606,0.001145628971669809,2.566892538050745e-06,-0.0006983225632625069
3,0.003699320166341986,11.45628825317505,-2.512739639683955,-12.0,-9.497278713509855,12.0,-0.001846400528305741,0.000698453907382603,0.0006984513946429504,0.001145628825317505,2.563117358828164e-06,-0.00069845390738259
3,0.003699520166341987,11.4562866172743,-2.515357992235354,-12.0,-9.501205450570103,12.0,-0.001846534973659376,0.0006985847458334863,0.0006985822304754826,0.00114562866172743,2.566887851496754e-06,-0.000698584745833475
3,0.003699720166341987,11.45628516558754,-2.517966280982314,-12.0,-9.505117183930054,12.0,-0.001846661401349673,0.000698715090294787,0.0006987125723284929,0.001145628516558754,2.563116249489919e-06,-0.000698715090294774
3,0.003699920166341987,11.45628354170777,-2.520564620608316,-12.0,-9.509013907412568,12.0,-0.001846794844287522,0.0006988449286804365,0.0006988424081158045,0.001145628354170777,2.566883189411354e-06,-0.0006988449286804252
3,0.003700120166341987,11.45628210186466,-2.52315288826864,-12.0,-9.512895614864176,12.0,-0.001846920276254016,0.0006989742726595666,0.0006989717495066652,0.001145628210186466,2.563115161009028e-06,-0.0006989742726595536
3,0.003700320166341987,11.45628049001291,-2.525731198557786,-12.0,-9.516762300155122,12.0,-0.001847052715959363,0.000699103110159745,0.000699100584428535,0.001145628049001291,2.566878551809408e-06,-0.0006991031101597336
3,0.0037005201663419867,11.45627906202075,-2.52829942878316,-12.0,-9.520613957179405,12.0,-0.001847177151381627,0.0006992314528396376,0.0006992289245401957,0.001145627906202075,2.563114093406106e-06,-0.0006992314528396246
3,0.0037007201663419873,11.456277462204,-2.530857693450521,-12.0,-9.524450579854719,12.0,-0.00184730858704623,0.0006993592886404311,0.0006993567577827264,0.001145627746220401,2.566873938705604e-06,-0.0006993592886404198
3,0.003700920166341987,11.45627604607004,-2.533405870019189,-12.0,-9.528272162122503,12.0,-0.001847432025110641,0.0006994866292103444,0.0006994840958044615,0.001145627604607004,2.563113046701444e-06,-0.0006994866292103314
3,0.003701120166341987,11.45627445829521,-2.53594407290643,-12.0,-9.53207869794798,12.0,-0.001847562455930935,0.0006996134625041662,0.0006996109265600822,0.001145627445829521,2.566869350114424e-06,-0.0006996134625041551
3,0.003701320166341988,11.45627305402663,-2.538472179723325,-12.0,-9.5358701813201,12.0,-0.001847684895830075,0.0006997398001596902,0.0006997372616874977,0.001145627305402663,2.563112020915547e-06,-0.0006997398001596775
3,0.0037015201663419877,11.45627147830059,-2.540990304798823,-12.0,-9.539646606251578,12.0,-0.001847814321008156,0.0006998656301452868,0.0006998630891549707,0.001145627147830059,2.566864786050144e-06,-0.0006998656301452755
3,0.0037017201663419883,11.45627008590451,-2.543498325895615,-12.0,-9.54340796677894,12.0,-0.001847935761941682,0.0006999909640883453,0.0006999884205900065,0.001145627008590451,2.56311101606858e-06,-0.0006999909640883324
3,0.003701920166341988,11.45626852223408,-2.545996357254592,-12.0,-9.547154256962502,12.0,-0.00184806418068771,0.0007001157899708022,0.0007001132439744337,0.001145626852223408,2.566860246527258e-06,-0.000700115789970791
3,0.003702120166341988,11.45626714171759,-2.548484276789837,-12.0,-9.55088547088632,12.0,-0.001848184621860473,0.0007002401194096611,0.0007002375709253715,0.001145626714171759,2.563110032180571e-06,-0.0007002401194096483
3,0.003702320166341988,11.45626559010951,-2.550962198654385,-12.0,-9.55460160265832,12.0,-0.001848312033389696,0.0007003639404004046,0.0007003613894381948,0.001145626559010951,2.566855731559633e-06,-0.0007003639404003935
3,0.003702520166341988,11.45626422147962,-2.553430000913612,-12.0,-9.558302646410239,12.0,-0.001848431474013947,0.0007004872645496753,0.0007004847111196617,0.001145626422147962,2.563109069271277e-06,-0.0007004872645496626
3,0.003702720166341988,11.45626268194059,-2.555887797632876,-12.0,-9.561988596297585,12.0,-0.001848557877548652,0.000700610079866482,0.0007006075239786732,0.001145626268194059,2.566851241161421e-06,-0.0007006100798664709
3,0.003702920166341988,11.45626132520425,-2.558335467028644,-12.0,-9.565659446499762,12.0,-0.001848676316841875,0.0007007323979471246,0.0007007298396116446,0.001145626132520425,2.563108127360559e-06,-0.0007007323979471117
3,0.003703120166341989,11.45625979774091,-2.560773123078881,-12.0,-9.569315191220007,12.0,-0.001848801711610619,0.0007008542068141237,0.0007008516460409894,0.001145625979774091,2.56684677534658e-06,-0.0007008542068141126
3,0.003703320166341989,11.45625845290502,-2.563200644150955,-12.0,-9.572955824685385,12.0,-0.00184891914879754,0.0007009755180534559,0.0007009729548527989,0.001145625845290502,2.563107206467805e-06,-0.0007009755180534431
3,0.003703520166341989,11.45625693752395,-2.56561814413561,-12.0,-9.576581341146834,12.0,-0.001849043534034533,0.0007010963197011336,0.0007010937540829782,0.001145625693752395,2.566842334128608e-06,-0.0007010963197011224
3,0.003703720166341989,11.45625560459537,-2.56802550155099,-12.0,-9.580191734879186,12.0,-0.001849159968345751,0.0007012166233328323,0.000701214055307318,0.001145625560459537,2.563106306612656e-06,-0.0007012166233328197
3,0.003703920166341989,11.4562541013031,-2.570422830200851,-12.0,-9.583787000181127,12.0,-0.001849283343292902,0.0007013364169980386,0.0007013338465751974,0.00114562541013031,2.56683791752127e-06,-0.0007013364169980277
3,0.0037041201663419888,11.45625278028859,-2.572810008753898,-12.0,-9.587367131375233,12.0,-0.001849398773965534,0.0007014557122621461,0.0007014531394521246,0.001145625278028859,2.563105427814249e-06,-0.0007014557122621335
3,0.0037043201663419893,11.45625128909159,-2.575187150927137,-12.0,-9.590932122808008,12.0,-0.0018495211378698,0.0007015744971880981,0.0007015719220009362,0.001145625128909159,2.566833525538059e-06,-0.0007015744971880871
3,0.003704520166341989,11.45624997999789,-2.577554135539686,-12.0,-9.594481968849832,12.0,-0.001849635564147682,0.0007016927833310273,0.0007016902057768791,0.001145624997999789,2.563104570091751e-06,-0.0007016927833310146
3,0.00370472016634199,11.45624850090256,-2.579911076221977,-12.0,-9.598016663895008,12.0,-0.001849756916262472,0.0007018105587673143,0.0007018079788562268,0.001145624850090256,2.566829158192223e-06,-0.0007018105587673031
3,0.00370492016634199,11.45624720373635,-2.582257851943387,-12.0,-9.601536202361775,12.0,-0.0018498703373957,0.0007019278350418515,0.0007019252527839868,0.001145624720373635,2.563103733464387e-06,-0.0007019278350418388
3,0.0037051201663419898,11.45624573674905,-2.584594576248026,-12.0,-9.605040578692325,12.0,-0.001849990676981709,0.000702044600244441,0.0007020420156498538,0.001145624573674905,2.566824815496803e-06,-0.0007020446002444299
3,0.0037053201663419903,11.45624445151693,-2.586921128255319,-12.0,-9.608529787352728,12.0,-0.001850103092226262,0.0007021608659097535,0.0007021582789886125,0.001145624445151693,2.563102917950643e-06,-0.0007021608659097409
3,0.00370552016634199,11.45624299664396,-2.58923762142325,-12.0,-9.612003822833067,12.0,-0.001850222418549583,0.0007022766201409929,0.0007022740309033603,0.001145624299664396,2.566820497465067e-06,-0.0007022766201409818
3,0.00370572016634199,11.45624172335248,-2.591543935021194,-12.0,-9.615462679647385,12.0,-0.001850333827168259,0.0007023918744626316,0.0007023892829186839,0.001145624172335249,2.563102123569456e-06,-0.0007023918744626191
3,0.0037059201663419902,11.45624028060008,-2.59384018242118,-12.0,-9.618906352333637,12.0,-0.001850452139502063,0.0007025066169912566,0.0007025040231510632,0.001145624028060009,2.566816204109944e-06,-0.0007025066169912457
3,0.00370612016634199,11.45623901925575,-2.596126243042337,-12.0,-9.622334835453813,12.0,-0.001850562540764061,0.0007026208592411603,0.0007026182631149046,0.001145623901925576,2.563101350339208e-06,-0.0007026208592411477
3,0.00370632016634199,11.45623758863011,-2.598402230171016,-12.0,-9.62574812359388,12.0,-0.001850679838387653,0.0007027345893422974,0.0007027319909400563,0.001145623758863011,2.566811935444225e-06,-0.0007027345893422864
3,0.003706520166341991,11.45623633923936,-2.600668023375909,-12.0,-9.62914621136378,12.0,-0.001850789231567991,0.0007028478187987995,0.0007028452181307637,0.001145623633923936,2.563100598278429e-06,-0.0007028478187987871
3,0.003706720166341991,11.4562349207466,-2.602923735857869,-12.0,-9.63252909339746,12.0,-0.0018509055137666,0.00070296053575397,0.0007029579328302232,0.00114562349207466,2.566807691480535e-06,-0.0007029605357539592
3,0.0037069201663419912,11.45623368331582,-2.605169247335016,-12.0,-9.635896764352905,12.0,-0.001851013898147606,0.0007030727517018014,0.0007030701465325416,0.001145623368331582,2.563099867405358e-06,-0.000703072751701789
3,0.003707120166341991,11.45623227696199,-2.607404670922924,-12.0,-9.639249218912093,12.0,-0.001851129164214094,0.000703184454798928,0.000703181847394246,0.001145623227696199,2.566803472231277e-06,-0.000703184454798917
3,0.003707320166341991,11.45623105149751,-2.609629886488944,-12.0,-9.642586451781035,12.0,-0.001851236539083672,0.0007032956565292217,0.0007032930468993228,0.001145623105149751,2.563099157738358e-06,-0.0007032956565292092
3,0.003707520166341991,11.45622965728866,-2.6118450070636,-12.0,-9.6459084576898,12.0,-0.001851350788316131,0.0007034063450626308,0.0007034037332176128,0.001145622965728866,2.566799277708776e-06,-0.0007034063450626199
3,0.003707720166341991,11.45622844379673,-2.614049912663323,-12.0,-9.649215231392477,12.0,-0.001851457152968982,0.0007035165318729278,0.0007035139178230026,0.001145622844379673,2.563098469295093e-06,-0.0007035165318729155
3,0.0037079201663419914,11.45622706173879,-2.616244716233771,-12.0,-9.652506767667214,12.0,-0.001851570384671973,0.0007036262051433552,0.0007036235888986281,0.001145622706173879,2.566795107925443e-06,-0.0007036262051433443
3,0.003708120166341991,11.45622586022563,-2.618429297940297,-12.0,-9.65578306131624,12.0,-0.001851675738409168,0.000703735376337607,0.0007037327579082964,0.001145622586022563,2.563097802093703e-06,-0.0007037353763375944
3,0.003708320166341992,11.45622449032451,-2.620603770643914,-12.0,-9.659044107165833,12.0,-0.001851787951894462,0.0007038440336522029,0.0007038414130484214,0.001145622449032451,2.566790962893432e-06,-0.000703844033652192
3,0.003708520166341992,11.45622330079627,-2.622768014658708,-12.0,-9.662289900066348,12.0,-0.001851892294023117,0.0007039521885407764,0.0007039495657727492,0.001145622330079627,2.563097156151604e-06,-0.0007039521885407639
3,0.003708720166341992,11.45622194305781,-2.624922142761272,-12.0,-9.665520434892244,12.0,-0.001852003488608501,0.000704059829213108,0.0007040572042909544,0.001145622194305782,2.566786842624595e-06,-0.0007040598292130972
3,0.0037089201663419924,11.45622076552059,-2.627066035414281,-12.0,-9.668735706542073,12.0,-0.001852106818443256,0.0007041669671127915,0.0007041643400467437,0.001145622076552059,2.563096531486333e-06,-0.0007041669671127793
3,0.003709120166341992,11.45621941995058,-2.629199805310086,-12.0,-9.671935709938474,12.0,-0.001852216993451756,0.0007042735904628495,0.0007042709612630334,0.001145621941995058,2.566782747130822e-06,-0.0007042735904628387
3,0.0037093201663419917,11.45621825441041,-2.631323333059772,-12.0,-9.675120440028195,12.0,-0.001852319310313209,0.0007043797106968545,0.0007043770793735091,0.001145621825441041,2.563095928115297e-06,-0.0007043797106968423
3,0.0037095201663419923,11.45621692101457,-2.633436731271691,-12.0,-9.678289891782134,12.0,-0.001852428465075748,0.000704485316051055,0.0007044826826143129,0.001145621692101457,2.566778676423834e-06,-0.0007044853160510443
3,0.003709720166341992,11.45621576747743,-2.635539880705172,-12.0,-9.68144406019528,12.0,-0.001852529768289672,0.0007045904179490232,0.0007045877824091301,0.001145621576747743,2.563095346055933e-06,-0.0007045904179490109
3,0.003709920166341992,11.45621444626144,-2.637632893884738,-12.0,-9.684582940286765,12.0,-0.001852637902143817,0.0007046950046402133,0.0007046923670073087,0.001145621444626144,2.566774630515096e-06,-0.0007046950046402027
3,0.003710120166341993,11.45621330473326,-2.639715651717828,-12.0,-9.687706527099886,12.0,-0.001852738191043692,0.0007047990875382181,0.0007047964478225542,0.001145621330473326,2.563094785325062e-06,-0.0007047990875382059
3,0.0037103201663419927,11.45621199570271,-2.641788266645359,-12.0,-9.690814815702062,12.0,-0.00185284530333253,0.0007049026549056808,0.0007049000131174036,0.001145621199570271,2.566770609416203e-06,-0.0007049026549056704
3,0.0037105201663419933,11.45621086618935,-2.643850619722668,-12.0,-9.693907801184876,12.0,-0.00185294457725816,0.0007050057181462331,0.0007050030742956011,0.001145621086618935,2.563094245939881e-06,-0.0007050057181462209
3,0.003710720166341993,11.45620956934983,-2.6459028233073,-12.0,-9.696985478664097,12.0,-0.001853050667330831,0.0007051082655356904,0.0007051056196328563,0.001145620956934983,2.566766613138447e-06,-0.0007051082655356798
3,0.003710920166341993,11.45620845185709,-2.647944758602335,-12.0,-9.700047843279636,12.0,-0.001853148925628506,0.0007052103084677422,0.0007052076605229715,0.001145620845185709,2.563093727917013e-06,-0.00070521030846773
3,0.003711120166341993,11.45620716721409,-2.649976537882129,-12.0,-9.703094890195617,12.0,-0.001853253992841269,0.0007053118352313593,0.0007053091852548108,0.001145620716721409,2.566762641692875e-06,-0.0007053118352313488
3,0.003711320166341993,11.45620606174773,-2.65199804249736,-12.0,-9.706126614600329,12.0,-0.001853351234863594,0.0007054128572103091,0.0007054102052122545,0.001145620606174773,2.563093231273149e-06,-0.000705412857210297
3,0.003711520166341993,11.45620478930668,-2.65400938463938,-12.0,-9.709143011706256,12.0,-0.001853455278579347,0.0007055133627066982,0.000705510708697303,0.001145620478930668,2.566758695090638e-06,-0.0007055133627066877
3,0.003711720166341993,11.45620369587239,-2.656010445806307,-12.0,-9.712144076750116,12.0,-0.001853551503684728,0.000705613363094393,0.000705610707083935,0.001145620369587239,2.563092756024919e-06,-0.0007056133630943809
3,0.003711920166341994,11.45620243563869,-2.658001338106719,-12.0,-9.715129804992804,12.0,-0.00185365452327273,0.0007057128466886192,0.0007057101886872703,0.001145620243563869,2.566754773342475e-06,-0.0007057128466886085
3,0.003712120166341994,11.4562013542421,-2.659981943185973,-12.0,-9.718100191719444,12.0,-0.001853749730826463,0.0007058118248533592,0.0007058091648714038,0.00114562013542421,2.563092302188543e-06,-0.000705811824853347
3,0.003712320166341994,11.45620010622108,-2.661952373070088,-12.0,-9.7210552322394,12.0,-0.00185385172566249,0.0007059102859169418,0.0007059076239645582,0.001145620010622108,2.566750876459178e-06,-0.0007059102859169313
3,0.003712520166341994,11.45619903686777,-2.663912509551513,-12.0,-9.723994921886252,12.0,-0.001853945915037237,0.0007060082412334858,0.0007060055773209644,0.001145619903686777,2.563091869780265e-06,-0.0007060082412334739
3,0.003712720166341994,11.45619780106469,-2.6658624645739,-12.0,-9.726919256017839,12.0,-0.0018540468845024,0.0007061056791444045,0.0007061030132819294,0.001145619780106469,2.566747004451506e-06,-0.0007061056791443939
3,0.0037129201663419938,11.45619674376019,-2.667802120076622,-12.0,-9.72982823001623,12.0,-0.001854140055075555,0.0007062026109939728,0.0007061999431918406,0.001145619674376019,2.563091458816285e-06,-0.0007062026109939608
3,0.0037131201663419943,11.45619552018026,-2.669731587921161,-12.0,-9.732721839287752,12.0,-0.001854239998558983,0.0007062990251366697,0.0007062963554050713,0.001145619552018026,2.566743157329796e-06,-0.0007062990251366591
3,0.003713320166341994,11.45619447493003,-2.671650750193668,-12.0,-9.735600079263019,12.0,-0.001854332149716271,0.0007063949329069471,0.0007063922612561849,0.001145619447493003,2.563091069312365e-06,-0.0007063949329069351
3,0.003713520166341994,11.45619326357843,-2.673559718673649,-12.0,-9.738462945396876,12.0,-0.001854431066612362,0.000706490322672333,0.0007064876491126038,0.001145619326357843,2.566739335104379e-06,-0.0007064903226723226
3,0.003713720166341995,11.45619223038785,-2.675458375593867,-12.0,-9.741310433168485,12.0,-0.001854522197744231,0.0007065852057574738,0.0007065825302990861,0.001145619223038785,2.563090701284478e-06,-0.0007065852057574617
3,0.0037139201663419948,11.45619103126968,-2.67734683265207,-12.0,-9.744142538081269,12.0,-0.001854620087454476,0.0007066795705429306,0.0007066768931960873,0.001145619103126968,2.566735537785597e-06,-0.0007066795705429199
3,0.0037141201663419953,11.45619001014412,-2.679224972227437,-12.0,-9.746959255662937,12.0,-0.0018547101979594,0.0007067734283435622,0.0007067707491185777,0.001145619001014412,2.563090354747971e-06,-0.00070677342834355
3,0.003714320166341995,11.45618882326441,-2.681092905936172,-12.0,-9.749760581465521,12.0,-0.001854807059891718,0.0007068667675529454,0.0007068640864600289,0.001145618882326441,2.566731765383352e-06,-0.000706866767552935
3,0.003714520166341995,11.45618781420915,-2.682950516303734,-12.0,-9.752546511065342,12.0,-0.001854896149173707,0.0007069595994761728,0.0007069569165256443,0.001145618781420915,2.563090029718499e-06,-0.0007069595994761608
3,0.003714720166341995,11.4561866395729,-2.684797914864953,-12.0,-9.755317040063026,12.0,-0.001854991982741925,0.0007070519125198178,0.0007070492277218925,0.00114561866395729,2.566728017907721e-06,-0.0007070519125198073
3,0.003714920166341995,11.45618564259318,-2.686634984291408,-12.0,-9.758072164083547,12.0,-0.001855080050211741,0.0007071437179792257,0.0007071410313442295,0.001145618564259318,2.563089726211238e-06,-0.000707143717979214
3,0.003715120166341995,11.45618448020531,-2.688461836036777,-12.0,-9.76081187877618,12.0,-0.001855174854836677,0.0007072350042739506,0.0007072323158121042,0.001145618448020531,2.566724295368489e-06,-0.0007072350042739403
3,0.003715320166341996,11.4561834953063,-2.69027835291857,-12.0,-9.763536179814533,12.0,-0.001855261899911479,0.0007073257826896084,0.0007073230924112434,0.00114561834953063,2.563089444241549e-06,-0.0007073257826895964
3,0.003715520166341996,11.45618234517169,-2.692084646309515,-12.0,-9.766245062896578,12.0,-0.001855355675020436,0.0007074160416587168,0.0007074133495740601,0.001145618234517169,2.566720597775358e-06,-0.0007074160416587064
3,0.003715720166341996,11.4561813723585,-2.693880599172906,-12.0,-9.768938523744604,12.0,-0.001855441697123763,0.0007075057924571817,0.0007075030985765706,0.00114561813723585,2.563089183824436e-06,-0.0007075057924571697
3,0.003715920166341996,11.45618023448196,-2.695666322800716,-12.0,-9.771616558105285,12.0,-0.001855534442150693,0.0007075950235304674,0.0007075923278641341,0.001145618023448196,2.566716925137631e-06,-0.0007075950235304569
3,0.003716120166341996,11.45617927375967,-2.697441700301853,-12.0,-9.77427916174962,12.0,-0.001855619440712713,0.0007076837461447885,0.0007076810487030762,0.001145617927375967,2.563088944974723e-06,-0.0007076837461447767
3,0.003716320166341996,11.45617814814597,-2.699206842887735,-12.0,-9.776926330473016,12.0,-0.001855711155097497,0.0007077719487585384,0.0007077692495516852,0.001145617814814597,2.566713277464784e-06,-0.0007077719487585281
3,0.003716520166341996,11.45617719951956,-2.700961633812732,-12.0,-9.77955806009522,12.0,-0.001855795129554686,0.0007078596426282606,0.0007078569416666149,0.001145617719951956,2.563088727707229e-06,-0.0007078596426282487
3,0.0037167201663419963,11.45617608617339,-2.702706184207884,-12.0,-9.782174346460366,12.0,-0.001855885812744197,0.0007079468162252585,0.000707944113519064,0.00114561760861734,2.566709654766189e-06,-0.0007079468162252482
3,0.003716920166341996,11.45617514964782,-2.704440377472872,-12.0,-9.784775185436994,12.0,-0.001855968762540217,0.0007080334807964242,0.0007080307763560347,0.001145617514964782,2.563088532036524e-06,-0.0007080334807964122
3,0.003717120166341997,11.45617404857384,-2.706164324658569,-12.0,-9.787360572918018,12.0,-0.001856058413987238,0.0007081196248259554,0.0007081169186616203,0.001145617404857384,2.566706057051031e-06,-0.000708119624825945
3,0.003717320166341997,11.45617312415399,-2.707877909309777,-12.0,-9.78993050482075,12.0,-0.001856140338571444,0.0007082052595511093,0.0007082025516731883,0.001145617312415399,2.563088357976782e-06,-0.0007082052595510975
3,0.003717520166341997,11.45617203535677,-2.709581242397416,-12.0,-9.792484977086934,12.0,-0.001856228957735983,0.0007082903734689621,0.0007082876638877094,0.001145617203535677,2.566702484328064e-06,-0.0007082903734689518
3,0.0037177201663419973,11.45617112304747,-2.71127420761126,-12.0,-9.7950239856827,12.0,-0.001856309856564412,0.0007083749778071559,0.0007083722665329365,0.001145617112304747,2.563088205542631e-06,-0.0007083749778071441
3,0.003717920166341997,11.45617004653156,-2.712956915842442,-12.0,-9.7975475265986,12.0,-0.001856397442912295,0.0007084590610756262,0.0007084563481187,0.001145617004653156,2.56669893660631e-06,-0.0007084590610756157
3,0.003718120166341997,11.45616914633758,-2.714629250925552,-12.0,-9.800055595849626,12.0,-0.00185647731544788,0.0007085426344924193,0.0007085399198631566,0.001145616914633758,2.563088074748098e-06,-0.0007085426344924074
3,0.0037183201663419973,11.45616808210744,-2.716291323672167,-12.0,-9.802548189475207,12.0,-0.001856563868451603,0.0007086256865803144,0.0007086229702889804,0.001145616808210744,2.566695413894218e-06,-0.0007086256865803041
3,0.003718520166341997,11.45616719403349,-2.717943018061496,-12.0,-9.805025303539173,12.0,-0.001856642714163641,0.0007087082285477795,0.0007087055106047496,0.00114561671940335,2.563087965607384e-06,-0.0007087082285477677
3,0.003718720166341997,11.45616614209355,-2.71958444482574,-12.0,-9.807486934129834,12.0,-0.001856728233302896,0.0007087902489304196,0.0007087875293459646,0.001145616614209355,2.56669191620045e-06,-0.0007087902489304094
3,0.003718920166341998,11.4561652661443,-2.721215488088612,-12.0,-9.80993307735995,12.0,-0.001856806051666372,0.0007088717589271455,0.0007088690377116456,0.00114561652661443,2.56308787813418e-06,-0.0007088717589271338
3,0.003719120166341998,11.45616422649891,-2.72283625850311,-12.0,-9.812363729366707,12.0,-0.001856890536426662,0.0007089527470863701,0.0007089500242501012,0.001145616422649892,2.566688443533537e-06,-0.0007089527470863598
3,0.0037193201663419983,11.45616336267895,-2.724446640337268,-12.0,-9.814778886311782,12.0,-0.001856967326924644,0.0007090332245974632,0.0007090305001508111,0.001145616336267895,2.563087812341983e-06,-0.0007090332245974514
3,0.003719520166341998,11.45616233533243,-2.726046744165109,-12.0,-9.81717854438132,12.0,-0.001857050776797744,0.0007091131800216312,0.0007091104539748769,0.001145616233533243,2.566684995901723e-06,-0.0007091131800216212
3,0.003719720166341998,11.4561614836463,-2.727636454398824,-12.0,-9.819562699785928,12.0,-0.00185712653891851,0.0007091926245387222,0.0007091898969022561,0.00114561614836463,2.563087768244531e-06,-0.0007091926245387104
3,0.003719920166341998,11.45616046860287,-2.729215881533626,-12.0,-9.82193134876069,12.0,-0.001857208953403179,0.0007092715467227168,0.000709268817506825,0.001145616046860287,2.566681573313287e-06,-0.0007092715467227064
3,0.003720120166341998,11.45615962905507,-2.730784910125712,-12.0,-9.824284487565203,12.0,-0.001857283686641875,0.0007093499577439608,0.0007093472269590388,0.001145615962905507,2.563087745855311e-06,-0.0007093499577439492
3,0.003720320166341998,11.45615862631893,-2.732343650591704,-12.0,-9.82662211248353,12.0,-0.001857365065243933,0.0007094278461891928,0.0007094251138455318,0.001145615862631893,2.566678175775962e-06,-0.0007094278461891827
3,0.003720520166341998,11.45615779891387,-2.733891987631619,-12.0,-9.828944219824237,12.0,-0.001857438769102778,0.0007095052232192738,0.0007095024893272743,0.001145615779891387,2.563087745187575e-06,-0.0007095052232192618
3,0.003720720166341999,11.45615680848917,-2.735430031583675,-12.0,-9.831250805920412,12.0,-0.001857519111332929,0.000709582077433684,0.0007095793420036422,0.001145615680848917,2.566674803297785e-06,-0.0007095820774336737
3,0.003720920166341999,11.45615599323122,-2.736957667291569,-12.0,-9.833541867129634,12.0,-0.001857591785320139,0.0007096584199838183,0.0007096556830261393,0.001145615599323122,2.563087766254216e-06,-0.0007096584199838065
3,0.003721120166341999,11.45615501512202,-2.738475005015292,-12.0,-9.835817399833997,12.0,-0.001857671090696702,0.0007097342394818806,0.0007097315010068656,0.001145615501512202,2.566671455886544e-06,-0.0007097342394818706
3,0.003721320166341999,11.45615421201549,-2.739981929742067,-12.0,-9.838077400440143,12.0,-0.001857742734327298,0.0007098095470698192,0.0007098068070878777,0.001145615421201549,2.563087809068355e-06,-0.0007098095470698077
3,0.003721520166341999,11.45615324622581,-2.741478551653858,-12.0,-9.84032186537921,12.0,-0.001857821002375605,0.0007098843313725453,0.0007098815898939835,0.001145615324622581,2.566668133549794e-06,-0.0007098843313725351
3,0.0037217201663419987,11.45615245527496,-2.742964755881222,-12.0,-9.842550791106875,12.0,-0.001857891615170812,0.0007099586035225766,0.0007099558605578093,0.001145615245527496,2.563087873642657e-06,-0.0007099586035225654
3,0.0037219201663419993,11.45615150180877,-2.744440652528304,-12.0,-9.84476417410337,12.0,-0.001857968845421617,0.0007100323521575165,0.0007100296077168539,0.001145615150180877,2.566664836294946e-06,-0.0007100323521575066
3,0.003722120166341999,11.45615072301779,-2.745906126868871,-12.0,-9.846962010873472,12.0,-0.001858038426909044,0.0007101055884004717,0.0007101028424943333,0.001145615072301779,2.563087959989972e-06,-0.0007101055884004602
3,0.003722320166341999,11.45614978187899,-2.747361288929392,-12.0,-9.849144297946472,12.0,-0.001858114618900312,0.0007101783009017181,0.0007101755535404191,0.001145614978187899,2.566661564129394e-06,-0.000710178300901708
3,0.003722520166342,11.45614901525203,-2.748806024126664,-12.0,-9.851311031876252,12.0,-0.00185818316861545,0.0007102505007749703,0.0007102477519689346,0.001145614901525203,2.563088068122863e-06,-0.0007102505007749588
3,0.0037227201663419997,11.45614808644446,-2.750240442409733,-12.0,-9.853462209241252,12.0,-0.001858258321891713,0.000710322176683162,0.0007103194264427095,0.001145614808644446,2.566658317060091e-06,-0.0007103221766831519
3,0.0037229201663420003,11.45614733198559,-2.751664429338248,-12.0,-9.85559782664446,12.0,-0.001858325839373975,0.0007103933397306329,0.0007103905880661919,0.001145614733198559,2.56308819805357e-06,-0.0007103933397306214
3,0.003723120166342,11.45614641551304,-2.753078094783982,-12.0,-9.857717880713443,12.0,-0.001858399953486438,0.0007104639785929562,0.0007104612255148513,0.001145614641551304,2.566655095094391e-06,-0.0007104639785929461
3,0.003723320166342,11.4561456732263,-2.754481324449307,-12.0,-9.859822368100353,12.0,-0.001858466438284583,0.0007105341043651162,0.0007105313498837802,0.00114561456732263,2.563088349794321e-06,-0.0007105341043651046
3,0.003723520166342,11.45614476909251,-2.755874228128918,-12.0,-9.861911285481916,12.0,-0.001858539512789688,0.0007106037057353096,0.0007106009498610716,0.001145614476909252,2.566651898238995e-06,-0.0007106037057352999
3,0.003723720166342,11.45614403898185,-2.757256691667729,-12.0,-9.863984629559436,12.0,-0.00185860496445761,0.000710672793789182,0.0007106700365324788,0.001145614403898185,2.563088523357169e-06,-0.0007106727937891708
3,0.003723920166342,11.4561431471905,-2.758628824783559,-12.0,-9.866042397058836,12.0,-0.00185867699891961,0.0007107413572275379,0.000710738598598703,0.00114561431471905,2.566648726500918e-06,-0.0007107413572275277
3,0.003724120166342,11.45614242925983,-2.759990513463705,-12.0,-9.86808458473061,12.0,-0.001858741417018306,0.0007108094071267019,0.0007108066471361768,0.001145614242925983,2.563088718754002e-06,-0.0007108094071266905
3,0.003724320166342001,11.45614154981454,-2.761341867349279,-12.0,-9.870111189349863,12.0,-0.001858812411008498,0.0007108769322000683,0.0007108741708581909,0.001145614154981454,2.566645579886524e-06,-0.0007108769322000585
3,0.003724520166342001,11.45614084406771,-2.762682772569822,-12.0,-9.872122207716318,12.0,-0.001858875795104649,0.0007109439435146609,0.0007109411808318768,0.001145614084406772,2.563088935996539e-06,-0.0007109439435146496
3,0.003724720166342001,11.45613997697204,-2.764013338689928,-12.0,-9.874117636654299,12.0,-0.001858945748198816,0.0007110104297964471,0.0007110076657830985,0.001145613997697204,2.566642458402467e-06,-0.0007110104297964371
3,0.003724920166342001,11.45613928341285,-2.765333451981199,-12.0,-9.876097473012745,12.0,-0.001859008097866634,0.0007110764021031661,0.0007110736367697027,0.001145613928341286,2.563089175096682e-06,-0.0007110764021031546
3,0.003725120166342001,11.4561384286703,-2.766643221931905,-12.0,-9.878061713665229,12.0,-0.001859077009649344,0.0007111418491733423,0.0007111390825301104,0.00114561384286703,2.566639362055027e-06,-0.0007111418491733324
3,0.003725320166342001,11.45613774730249,-2.767942534955572,-12.0,-9.880010355509954,12.0,-0.001859138324468731,0.0007112067820554497,0.0007112040141129032,0.001145613774730249,2.563089436065637e-06,-0.0007112067820554383
3,0.0037255201663420013,11.45613690491651,-2.769231500464319,-12.0,-9.88194339546974,12.0,-0.001859206194529706,0.000711271189500552,0.0007112684202690416,0.001145613690491651,2.566636290850414e-06,-0.0007112711895005421
3,0.003725720166342001,11.45613623574376,-2.770510005013415,-12.0,-9.883860830492052,12.0,-0.001859266474088206,0.0007113350825478751,0.0007113323120378587,0.001145613623574376,2.56308971891478e-06,-0.0007113350825478637
3,0.003725920166342002,11.45613540571774,-2.771778157939038,-12.0,-9.885762657549007,12.0,-0.001859333302024351,0.0007113984499610068,0.0007113956781828389,0.001145613540571774,2.566633244794749e-06,-0.0007113984499609969
3,0.003726120166342002,11.45613474874366,-2.773035845938042,-12.0,-9.887648873637353,12.0,-0.001859392545914739,0.0007114613027699424,0.000711458529734085,0.001145613474874366,2.563090023655344e-06,-0.0007114613027699311
3,0.003726320166342002,11.45613393108094,-2.774283178270827,-12.0,-9.889519475778496,12.0,-0.001859458331329908,0.0007115236297507765,0.0007115208554675885,0.001145613393108094,2.566630223893876e-06,-0.0007115236297507669
3,0.0037265201663420023,11.4561332863091,-2.775520041775693,-12.0,-9.891374461018508,12.0,-0.001859516539152344,0.0007115854419242928,0.0007115826664042395,0.00114561332863091,2.563090350298289e-06,-0.0007115854419242816
3,0.003726720166342002,11.45613248101295,-2.776746545637451,-12.0,-9.89321382642811,12.0,-0.001859581281655743,0.0007116467280790756,0.0007116439513325202,0.001145613248101295,2.566627228153701e-06,-0.0007116467280790659
3,0.003726920166342002,11.45613184844686,-2.777962576835659,-12.0,-9.895037569102685,12.0,-0.001859638453017276,0.0007117074992267139,0.0007117047212641259,0.001145613184844686,2.563090698854588e-06,-0.0007117074992267026
3,0.0037271201663420022,11.45613105552051,-2.779168244479741,-12.0,-9.896845686162308,12.0,-0.001859702152225025,0.0007117677441682666,0.0007117649650000124,0.001145613105552051,2.566624257579729e-06,-0.0007117677441682567
3,0.003727320166342002,11.4561304351636,-2.780363435690363,-12.0,-9.898638174751703,12.0,-0.001859758286738891,0.0007118274739061454,0.0007118246935426982,0.00114561304351636,2.563091069334879e-06,-0.000711827473906134
3,0.003727520166342002,11.45612965461021,-2.781548259501732,-12.0,-9.900415032040298,12.0,-0.001859820942273967,0.0007118866772538664,0.000711883895705597,0.001145612965461021,2.566621312177693e-06,-0.0007118866772538567
3,0.003727720166342003,11.45612904646589,-2.782722603175474,-12.0,-9.902176255222187,12.0,-0.001859876039560193,0.0007119453652046825,0.000711942582482068,0.001145612904646589,2.563091461749786e-06,-0.0007119453652046714
3,0.003727920166342003,11.45612827828856,-2.783886575670743,-12.0,-9.903921841516151,12.0,-0.001859937651052859,0.0007120035265845506,0.0007120007426979653,0.001145612827828856,2.566618391952922e-06,-0.0007120035265845408
3,0.0037281201663420032,11.45612768236016,-2.785040064389974,-12.0,-9.905651788165686,12.0,-0.001859991710736625,0.0007120611723775824,0.0007120583873375068,0.001145612768236016,2.56309187610959e-06,-0.0007120611723775711
3,0.003728320166342003,11.45612692656195,-2.786183178217468,-12.0,-9.90736609243896,12.0,-0.001860052277821922,0.0007121182914221588,0.0007121155052389707,0.001145612692656195,2.566615496910593e-06,-0.0007121182914221492
3,0.003728520166342003,11.45612634285274,-2.78731580469629,-12.0,-9.90906475162885,12.0,-0.001860105299538138,0.0007121748946932674,0.0007121721073774514,0.001145612634285274,2.563092312424826e-06,-0.0007121748946932561
3,0.003728720166342003,11.45612559943663,-2.788438052636073,-12.0,-9.910747763052951,12.0,-0.001860164821858907,0.0007122309710416977,0.0007122281826036352,0.001145612559943663,2.566612627055766e-06,-0.0007122309710416879
3,0.003728920166342003,11.45612502794983,-2.789549809720356,-12.0,-9.912415124053547,12.0,-0.001860216805245933,0.0007122865314333304,0.0007122837418835093,0.001145612502794983,2.563092770705396e-06,-0.0007122865314333191
3,0.003729120166342003,11.45612429691877,-2.790651184684285,-12.0,-9.914066831997658,12.0,-0.00186027528245244,0.000712341564731347,0.0007123387740801526,0.001145612429691877,2.566609782393579e-06,-0.0007123415647313373
3,0.003729320166342003,11.45612373765754,-2.791742065351722,-12.0,-9.915702884277009,12.0,-0.001860326227156031,0.00071239608189254,0.0007123932901504633,0.001145612373765755,2.563093250961414e-06,-0.0007123960818925287
3,0.003729520166342004,11.4561230190144,-2.792822560383493,-12.0,-9.917323278308043,12.0,-0.001860383658903312,0.0007124500717924647,0.0007124472789698946,0.00114561230190144,2.566606962928686e-06,-0.0007124500717924551
3,0.003729720166342004,11.45612247198185,-2.79389255774363,-12.0,-9.918928011531946,12.0,-0.001860433564577027,0.0007125035453788429,0.0007125007514862738,0.001145612247198185,2.563093753202497e-06,-0.0007125035453788316
3,0.003729920166342004,11.45612176572944,-2.794952166018824,-12.0,-9.920517081414618,12.0,-0.001860489950528169,0.0007125564915395889,0.0007125536965874133,0.001145612176572944,2.566604168665831e-06,-0.0007125564915395794
3,0.003730120166342004,11.45612123092861,-2.796001273313111,-12.0,-9.922090485446706,12.0,-0.001860538816830682,0.0007126089212133708,0.0007126061252120861,0.001145612123092861,2.563094277438598e-06,-0.0007126089212133595
3,0.003730320166342004,11.45612053706971,-2.797039988139233,-12.0,-9.923648221143589,12.0,-0.00186059415665382,0.0007126608233004451,0.0007126580262604474,0.001145612053706971,2.566601399609628e-06,-0.0007126608233004356
3,0.0037305201663420037,11.45612001450359,-2.798068198741067,-12.0,-9.925190286045385,12.0,-0.001860641983251701,0.000712712208730443,0.000712709410662233,0.001145612001450359,2.563094823679052e-06,-0.0007127122087304319
3,0.0037307201663420043,11.4561193330409,-2.799086013557589,-12.0,-9.926716677716971,12.0,-0.001860696276622662,0.0007127630664159478,0.0007127602673299247,0.00114561193330409,2.566598655764336e-06,-0.0007127630664159382
3,0.003730920166342004,11.45611882271243,-2.800093320972359,-12.0,-9.928227393747962,12.0,-0.001860743063187537,0.0007128134072775713,0.0007128106071842392,0.001145611882271243,2.563095391933431e-06,-0.0007128134072775604
3,0.003731120166342004,11.4561181536486,-2.801090229350756,-12.0,-9.929722431752728,12.0,-0.001860796309789043,0.0007128632202402067,0.0007128604191499679,0.00114561181536486,2.566595937134269e-06,-0.0007128632202401973
3,0.003731320166342005,11.45611765556063,-2.802076627215878,-12.0,-9.931201789370407,12.0,-0.001860842056000654,0.000712912516215464,0.0007129097141388256,0.001145611765556063,2.563095982210798e-06,-0.000712912516215453
3,0.0037315201663420047,11.45611699889826,-2.803052622859684,-12.0,-9.932665464264886,12.0,-0.00186089425552055,0.0007129612841405299,0.0007129584810878974,0.001145611699889826,2.566593243723753e-06,-0.0007129612841405202
3,0.0037317201663420053,11.45611651305363,-2.804018104944639,-12.0,-9.934113454124823,12.0,-0.00186093896106484,0.0007130095349180294,0.0007130067308999135,0.001145611651305363,2.563096594520374e-06,-0.0007130095349180184
3,0.003731920166342005,11.45611586879525,-2.80497318168947,-12.0,-9.935545756663643,12.0,-0.001860990113199486,0.0007130572574974269,0.0007130544525242358,0.001145611586879525,2.566590575536265e-06,-0.0007130572574974174
3,0.003732120166342005,11.4561153951967,-2.805917741895858,-12.0,-9.936962369619556,12.0,-0.001861033777767612,0.000713104462772381,0.0007131016568546277,0.00114561153951967,2.563097228871088e-06,-0.0007131044627723698
3,0.003732320166342005,11.45611476334478,-2.806851893709461,-12.0,-9.93836329075552,12.0,-0.001861083882218527,0.0007131511397046155,0.0007131483328527121,0.001145611476334478,2.566587932576183e-06,-0.0007131511397046059
3,0.003732520166342005,11.45611430199503,-2.807775526071016,-12.0,-9.939748517859297,12.0,-0.001861126505510463,0.0007131972991788391,0.0007131944914033021,0.001145611430199503,2.563097885271658e-06,-0.0007131972991788281
3,0.003732720166342005,11.456113682552,-2.808688747053305,-12.0,-9.94111804874343,12.0,-0.001861175561985701,0.0007132429301690221,0.0007132401214802653,0.0011456113682552,2.566585314846889e-06,-0.0007132429301690126
3,0.003732920166342005,11.45611323345367,-2.809591445735962,-12.0,-9.942471881245236,12.0,-0.001861217143706979,0.0007132880435509385,0.0007132852339594816,0.001145611323345367,2.563098563730757e-06,-0.0007132880435509275
3,0.003733120166342006,11.45611262642191,-2.810483730119048,-12.0,-9.943810013226827,12.0,-0.001861265151922297,0.0007133326283107874,0.0007133298178270478,0.001145611262642191,2.566582722352126e-06,-0.000713332628310778
3,0.003733320166342006,11.45611218957759,-2.811365489420952,-12.0,-9.945132442575117,12.0,-0.001861305691784327,0.0007133766953154277,0.0007133738839499271,0.001145611218957759,2.563099264256694e-06,-0.0007133766953154165
3,0.003733520166342006,11.4561115949594,-2.812236831569194,-12.0,-9.946439167201806,12.0,-0.001861352651461482,0.0007134202335632705,0.0007134174213264295,0.00114561115949594,2.566580155095344e-06,-0.0007134202335632612
3,0.003733720166342006,11.45611117037162,-2.813097645920748,-12.0,-9.947730185043394,12.0,-0.001861392149183087,0.0007134632539122754,0.0007134604408146184,0.001145611117037162,2.563099986857817e-06,-0.0007134632539122647
3,0.003733920166342006,11.45611058816924,-2.81394804033078,-12.0,-9.949005494061193,12.0,-0.001861438060049727,0.0007135057453730507,0.000713502931425001,0.001145611058816924,2.566577613079888e-06,-0.0007135057453730413
3,0.0037341201663420058,11.45611017584048,-2.814787904294687,-12.0,-9.950265092241313,12.0,-0.001861476515357245,0.0007135477187946737,0.0007135449040067583,0.001145611017584048,2.563100731542397e-06,-0.0007135477187946626
3,0.0037343201663420063,11.4561096060561,-2.815617345595444,-12.0,-9.951508977594676,12.0,-0.001861521377148932,0.0007135891631999325,0.0007135863475825774,0.00114561096060561,2.566575096308711e-06,-0.0007135891631999232
3,0.003734520166342006,11.45610920598877,-2.816436253866727,-12.0,-9.952737148157016,12.0,-0.001861558789773131,0.00071363008942904,0.0007136272729927751,0.001145610920598877,2.563101498318589e-06,-0.000713630089429029
3,0.003734720166342007,11.45610864862454,-2.817244736819504,-12.0,-9.953949601988896,12.0,-0.001861602602231399,0.0007136704865169485,0.0007136676692722024,0.001145610864862454,2.566572604784873e-06,-0.0007136704865169393
3,0.003734920166342007,11.45610826082099,-2.818042684225555,-12.0,-9.95514633717567,12.0,-0.001861638971911468,0.0007137103652950225,0.0007137075472523273,0.001145610826082099,2.563102287194082e-06,-0.0007137103652950116
3,0.0037351201663420068,11.45610771587899,-2.818830203724001,-12.0,-9.956327351827534,12.0,-0.001861681734783687,0.0007137497148103624,0.0007137468959801496,0.001145610771587899,2.566570138511444e-06,-0.0007137497148103533
3,0.0037353201663420073,11.45610734034152,-2.819607185224601,-12.0,-9.957492644079514,12.0,-0.001861717061264619,0.0007137885458855022,0.000713785726278306,0.001145610734034152,2.563103098176745e-06,-0.0007137885458854912
3,0.003735520166342007,11.45610680782376,-2.820373736294798,-12.0,-9.958642212091442,12.0,-0.001861758774306509,0.0007138268475796737,0.0007138240272059281,0.001145610680782376,2.566567697490839e-06,-0.0007138268475796645
3,0.003735720166342007,11.45610644455461,-2.821129746982147,-12.0,-9.959776054047998,12.0,-0.001861793057340104,0.0007138646307065957,0.000713861809576838,0.001145610644455461,2.563103931274023e-06,-0.0007138646307065851
3,0.0037359201663420072,11.45610592446307,-2.82187532478261,-12.0,-9.960894168158697,12.0,-0.001861833720312543,0.000713901884337618,0.0007138990624622838,0.001145610592446307,2.566565281725826e-06,-0.0007139018843376088
3,0.003736120166342007,11.45610557346442,-2.822610359881376,-12.0,-9.961996552657872,12.0,-0.001861866959657394,0.0007139386192776605,0.0007139357966672898,0.001145610557346442,2.563104786493637e-06,-0.0007139386192776498
3,0.003736320166342007,11.456105065801,-2.82333495970308,-12.0,-9.963083205804717,12.0,-0.001861906572328408,0.0007139748246101729,0.0007139720012752039,0.0011456105065801,2.566562891218736e-06,-0.0007139748246101637
3,0.003736520166342008,11.45610472707498,-2.824049014570413,-12.0,-9.964154125883255,12.0,-0.001861938767749812,0.000714010511131295,0.0007140076870822695,0.001145610472707498,2.563105663842623e-06,-0.0007140105111312842
3,0.003736720166342008,11.45610423184153,-2.824752631836851,-12.0,-9.965209311202358,12.0,-0.001861977329893328,0.0007140456679365602,0.000714042843183919,0.001145610423184153,2.56656052597203e-06,-0.0007140456679365506
3,0.0037369201663420082,11.4561039053902,-2.825445701962414,-12.0,-9.966248760095743,12.0,-0.001862008481162257,0.0007140803058133438,0.0007140774803676309,0.00114561039053902,2.563106563328133e-06,-0.000714080305813333
3,0.003737120166342008,11.45610342258852,-2.826128332229598,-12.0,-9.96727247092198,12.0,-0.001862045992560828,0.0007141144138692475,0.0007141115877409059,0.001145610342258852,2.566558185987833e-06,-0.0007141144138692382
3,0.003737320166342008,11.4561031084139,-2.826800413235603,-12.0,-9.968280442064488,12.0,-0.001862076099456253,0.0007141480028828992,0.0007141451760824752,0.00114561031084139,2.563107484957174e-06,-0.0007141480028828885
3,0.003737520166342008,11.45610263804572,-2.827462052192106,-12.0,-9.969272671931543,12.0,-0.001862112559896816,0.000714181061973953,0.0007141782345118916,0.001145610263804572,2.56655587126806e-06,-0.0007141810619739437
3,0.003737720166342008,11.45610233614976,-2.828113139833334,-12.0,-9.970249158956282,12.0,-0.001862141622203003,0.0007142136019123054,0.0007142107737991549,0.001145610233614976,2.563108428736572e-06,-0.0007142136019122947
3,0.0037379201663420084,11.45610187821677,-2.82875378330032,-12.0,-9.971209901596696,12.0,-0.00186217703147995,0.0007142456118296471,0.0007142427830758545,0.001145610187821677,2.566553581814743e-06,-0.0007142456118296377
3,0.003738120166342008,11.45610158860136,-2.829383873464149,-12.0,-9.972154898335639,12.0,-0.001862205048988916,0.0007142771024871597,0.0007142742731032754,0.001145610158860136,2.563109394673036e-06,-0.000714277102487149
3,0.003738320166342009,11.45610114310518,-2.830003517395379,-12.0,-9.973084147680833,12.0,-0.001862239406903311,0.0007143080630285546,0.0007143052330250279,0.001145610114310518,2.56655131762962e-06,-0.0007143080630285454
3,0.003738520166342009,11.45610086577215,-2.830612606101826,-12.0,-9.973997648164875,12.0,-0.001862266379413497,0.0007143385042063158,0.000714335673593699,0.001145610086577215,2.563110382772998e-06,-0.0007143385042063051
3,0.003738720166342009,11.45610043271435,-2.831211246583713,-12.0,-9.974895398345211,12.0,-0.001862299685773418,0.0007143684151761588,0.0007143655839649031,0.001145610043271435,2.566549078714287e-06,-0.0007143684151761498
3,0.0037389201663420094,11.4561001676655,-2.831799329985418,-12.0,-9.975777396804174,12.0,-0.001862325613088174,0.0007143978066818865,0.0007143949748825458,0.00114561001676655,2.563111393042977e-06,-0.0007143978066818756
3,0.003739120166342009,11.45609974704757,-2.832376963237036,-12.0,-9.976643642148975,12.0,-0.001862357867708014,0.000714426667891203,0.0007144238355142306,0.001145609974704758,2.566546865070144e-06,-0.0007144266678911938
3,0.003739320166342009,11.45609949428461,-2.832944037619336,-12.0,-9.977494133011687,12.0,-0.001862382749640261,0.0007144550095392458,0.0007144521765951975,0.001145609949428461,2.563112425489143e-06,-0.0007144550095392351
3,0.0037395201663420093,11.45609908610803,-2.833500659992438,-12.0,-9.978328868049271,12.0,-0.001862413952340015,0.0007144828208056925,0.0007144799873050233,0.001145609908610803,2.566544676698448e-06,-0.0007144828208056833
3,0.003739720166342009,11.45609884563262,-2.834046721773359,-12.0,-9.979147845943569,12.0,-0.001862437788707518,0.0007145101124170316,0.000714507278370299,0.001145609884563262,2.563113480117707e-06,-0.000714510112417021
3,0.003739920166342009,11.45609844989877,-2.83458232975241,-12.0,-9.979951065401298,12.0,-0.001862467939315572,0.0007145368735648977,0.0007145340389825589,0.001145609844989877,2.566542513600581e-06,-0.0007145368735648889
3,0.00374012016634201,11.45609822171252,-2.8351073754827,-12.0,-9.980738525154068,12.0,-0.001862490729942623,0.0007145631149671474,0.0007145602798597613,0.001145609822171252,2.563114556934375e-06,-0.0007145631149671369
3,0.00374032016634201,11.45609783842274,-2.835621965684898,-12.0,-9.981510223958374,12.0,-0.001862519828292264,0.0007145888258273567,0.0007145859902053819,0.001145609783842274,2.566540375777555e-06,-0.0007145888258273477
3,0.0037405201663420103,11.45609762252722,-2.836125992048045,-12.0,-9.982266160595595,12.0,-0.001862541573010413,0.0007146140168547658,0.000714611180728763,0.001145609762252722,2.563115655945015e-06,-0.000714614016854755
3,0.00374072016634201,11.45609725168278,-2.836619561223335,-12.0,-9.983006333872005,12.0,-0.001862569618943323,0.000714638677264876,0.0007146358406453058,0.001145609725168278,2.566538263230144e-06,-0.000714638677264867
3,0.00374092016634201,11.45609704807945,-2.837102565035595,-12.0,-9.983730742618771,12.0,-0.001862590317590282,0.0007146628177583283,0.0007146599806557525,0.001145609704807946,2.563116777155432e-06,-0.0007146628177583177
3,0.00374112016634201,11.45609668968159,-2.837575110066699,-12.0,-9.98443938569195,12.0,-0.001862617310953748,0.000714686427562534,0.0007146835899874147,0.001145609668968159,2.566536175959128e-06,-0.000714686427562525
3,0.00374132016634201,11.45609649837191,-2.838037088277108,-12.0,-9.9851322619725,12.0,-0.001862636963374112,0.00071470951736955,0.000714706679332451,0.001145609649837191,2.563117920570947e-06,-0.0007147095173695392
3,0.00374152016634201,11.45609615242179,-2.838488606179546,-12.0,-9.985809370366276,12.0,-0.001862662904021749,0.0007147320764186822,0.0007147292379300669,0.001145609615242179,2.566534113965291e-06,-0.0007147320764186731
3,0.00374172016634201,11.45609597340713,-2.838929555869936,-12.0,-9.986470709804026,12.0,-0.001862681510067004,0.0007147541153934198,0.0007147512764638531,0.001145609597340713,2.563119086196837e-06,-0.0007147541153934091
3,0.003741920166342011,11.45609563990586,-2.839360043792029,-12.0,-9.98711627924141,12.0,-0.001862706397859833,0.0007147756235449472,0.0007147727841848942,0.001145609563990586,2.566532077249019e-06,-0.0007147756235449382
3,0.003742120166342011,11.45609547318753,-2.839779962177064,-12.0,-9.987746077658983,12.0,-0.001862723957387874,0.0007147966115482025,0.0007147937717682296,0.001145609547318753,2.563120274038462e-06,-0.0007147966115481919
3,0.003742320166342011,11.45609515213616,-2.840189417399968,-12.0,-9.98836010406221,12.0,-0.00186274779219263,0.000714817068666233,0.0007148142284768066,0.001145609515213616,2.566530065810541e-06,-0.0007148170686662243
3,0.003742520166342011,11.45609499771543,-2.840588301827147,-12.0,-9.988958357481456,12.0,-0.001862764305067787,0.0007148370055654416,0.0007148341649771291,0.001145609499771544,2.563121484100717e-06,-0.000714837005565431
3,0.003742720166342011,11.45609468911496,-2.840976721764866,-12.0,-9.989540836972,12.0,-0.001862787086758561,0.0007148564115207225,0.0007148535705439916,0.001145609468911497,2.566528079650336e-06,-0.0007148564115207134
3,0.0037429201663420108,11.45609454699304,-2.841354569714539,-12.0,-9.990107541614027,12.0,-0.001862802552852745,0.0007148752971899592,0.000714872455835379,0.001145609454699304,2.56312271638846e-06,-0.0007148752971899488
3,0.0037431201663420113,11.45609425084441,-2.841721951913939,-12.0,-9.990658470512631,12.0,-0.00186282428131009,0.0007148936518598784,0.0007148908101379174,0.001145609425084441,2.566526118768184e-06,-0.0007148936518598693
3,0.003743320166342011,11.45609412102243,-2.84207876099933,-12.0,-9.991193622797821,12.0,-0.001862838700500002,0.0007149114861798598,0.0007149086441010882,0.001145609412102243,2.56312397090645e-06,-0.0007149114861798491
3,0.003743520166342011,11.45609383732652,-2.842425103140152,-12.0,-9.991712997624521,12.0,-0.001862859375611234,0.0007149287894484459,0.0007149259470233338,0.001145609383732652,2.566524183164195e-06,-0.000714928789448437
3,0.003743720166342012,11.45609371980559,-2.842760871107371,-12.0,-9.992216594172563,12.0,-0.00186287274778163,0.0007149455723065297,0.0007149427295456481,0.001145609371980559,2.563125247659244e-06,-0.0007149455723065192
3,0.0037439201663420118,11.45609344856322,-2.843086171002255,-12.0,-9.992704411646704,12.0,-0.001862892369440398,0.0007149618240644539,0.0007149589809782738,0.001145609344856322,2.566522272838162e-06,-0.000714961824064445
3,0.0037441201663420123,11.45609334334436,-2.843400895730315,-12.0,-9.993176449276609,12.0,-0.001862904694482552,0.0007149775553546398,0.0007149747119537338,0.001145609334334436,2.563126546651343e-06,-0.0007149775553546294
3,0.003744320166342012,11.4560930845563,-2.843705151324803,-12.0,-9.993632706316868,12.0,-0.001862923262589665,0.0007149927554992155,0.000714989911794055,0.00114560930845563,2.566520387789491e-06,-0.0007149927554992065
3,0.003744520166342012,11.45609299164048,-2.843998830825629,-12.0,-9.994073182046991,12.0,-0.001862934540400854,0.0007150074351221468,0.0007150045911233055,0.001145609299164048,2.56312786788722e-06,-0.0007150074351221363
3,0.003744720166342012,11.45609274530745,-2.844282040198185,-12.0,-9.994497875771405,12.0,-0.001862952054862927,0.0007150215835573309,0.0007150187392752816,0.001145609274530745,2.566518528017849e-06,-0.000715021583557322
3,0.003744920166342012,11.45609266469559,-2.844554672616625,-12.0,-9.994906786819458,12.0,-0.001862962285348269,0.0007150352114202937,0.0007150323668656107,0.001145609266469559,2.56312921137071e-06,-0.0007150352114202833
3,0.003745120166342012,11.45609243081823,-2.844816833978648,-12.0,-9.995299914545427,12.0,-0.001862978746078847,0.000715048308056687,0.0007150454632398438,0.001145609243081823,2.566516693522642e-06,-0.000715048308056678
3,0.003745320166342013,11.45609236251119,-2.84506841759249,-12.0,-9.99567725832851,12.0,-0.001862987929148497,0.0007150608840736123,0.0007150580390051843,0.001145609236251119,2.563130577105746e-06,-0.000715060884073602
3,0.003745520166342013,11.4560921410901,-2.845309529288321,-12.0,-9.996038817572828,12.0,-0.001863003336068745,0.0007150729288284595,0.0007150700835189213,0.001145609214109011,2.566514884303114e-06,-0.0007150729288284506
3,0.003745720166342013,11.45609208508869,-2.845540062508306,-12.0,-9.99638459170743,12.0,-0.001863011471640897,0.0007150844529199229,0.0007150816073798498,0.001145609208508869,2.563131965096374e-06,-0.0007150844529199125
3,0.003745920166342013,11.45609187612442,-2.845760123015234,-12.0,-9.996714580186291,12.0,-0.001863025824676882,0.0007150954457171145,0.0007150925999569825,0.001145609187612442,2.566513100358249e-06,-0.0007150954457171057
3,0.003746120166342013,11.45609183242937,-2.845969604385057,-12.0,-9.997028782488314,12.0,-0.001863032912675738,0.0007151059178103359,0.0007151030718407212,0.001145609183242937,2.563133375345971e-06,-0.0007151059178103257
3,0.003746320166342013,11.45609163592239,-2.846168612313345,-12.0,-9.997327198117333,12.0,-0.001863046211761148,0.0007151158585804077,0.0007151130124117865,0.001145609163592239,2.566511341687115e-06,-0.0007151158585803988
3,0.003746520166342013,11.45609160453439,-2.846357040509671,-12.0,-9.997609826602107,12.0,-0.001863052252117598,0.000715125278609254,0.0007151224322522029,0.001145609160453439,2.563134807858407e-06,-0.0007151252786092436
3,0.0037467201663420133,11.45609142048513,-2.846534994602544,-12.0,-9.997876667496326,12.0,-0.001863064497192881,0.0007151341672893872,0.0007151313207543837,0.001145609142048513,2.566509608288341e-06,-0.0007151341672893782
3,0.003746920166342013,11.45609140140481,-2.846702368435015,-12.0,-9.998127720378614,12.0,-0.001863069489844389,0.0007151425351943704,0.0007151396884919914,0.001145609140140481,2.563136262636852e-06,-0.00071514253519436
3,0.003747120166342014,11.45609122981364,-2.846859267568687,-12.0,-9.998362984852525,12.0,-0.001863080680856737,0.0007151503717283928,0.0007151475248691162,0.001145609122981363,2.566507900160709e-06,-0.0007151503717283838
3,0.003747320166342014,11.45609122304158,-2.847005585979927,-12.0,-9.99858246054654,12.0,-0.001863084625747534,0.0007151576874566716,0.0007151548404510755,0.001145609122304158,2.563137739684606e-06,-0.0007151576874566614
3,0.003747520166342014,11.4560910639088,-2.847141429163593,-12.0,-9.99878614711408,12.0,-0.001863094762650355,0.0007151644717950576,0.0007151616246536195,0.00114560910639088,2.566506217302438e-06,-0.0007151644717950487
3,0.0037477201663420143,11.45609106944551,-2.847266691229221,-12.0,-9.998974044233497,12.0,-0.001863097659730916,0.0007151707353004382,0.0007151678880337363,0.001145609106944551,2.563139239005054e-06,-0.0007151707353004276
3,0.003747920166342014,11.45609092277138,-2.847381477605073,-12.0,-9.999146151608075,12.0,-0.001863106742483897,0.000715176467400309,0.0007151736200188225,0.001145609092277138,2.566504559712189e-06,-0.0007151764674003003
3,0.003748120166342014,11.45609094061731,-2.8474856825337,-12.0,-9.99930246896603,12.0,-0.001863108591712603,0.0007151816786432434,0.0007151788311575506,0.001145609094061731,2.563140760600667e-06,-0.0007151816786432331
3,0.0037483201663420142,11.45609080640203,-2.847579411376927,-12.0,-9.99944299606052,12.0,-0.001863116620282903,0.0007151863584683681,0.0007151835108889478,0.001145609080640203,2.566502927388071e-06,-0.0007151863584683593
3,0.003748520166342014,11.45609083655759,-2.847662558510167,-12.0,-9.99956773266963,12.0,-0.00186311742162324,0.0007151905174159565,0.0007151876697533878,0.001145609083655759,2.563142304474342e-06,-0.0007151905174159464
3,0.003748720166342014,11.45609071480129,-2.847735229228965,-12.0,-9.999676678596387,12.0,-0.001863124395983948,0.0007151941449367509,0.0007151912972015129,0.001145609071480129,2.566501320328388e-06,-0.0007151941449367422
3,0.003748920166342015,11.45609075726682,-2.847797318041438,-12.0,-9.999769833668747,12.0,-0.001863124149407029,0.0007151972515627412,0.0007151944037654128,0.001145609075726682,2.563143870628736e-06,-0.0007151972515627309
3,0.003749120166342015,11.45609064796959,-2.847848930177008,-12.0,-9.99984719773961,12.0,-0.001863130069538328,0.000715199826756269,0.00071519697890733,0.001145609064796959,2.566499738530977e-06,-0.0007151998267562603
3,0.0037493201663420152,11.45609070274536,-2.847889960276346,-12.0,-9.999908770686803,12.0,-0.001863128775021364,0.000715201881041056,0.0007151990331510853,0.001145609070274536,2.563145459066394e-06,-0.0007152018810410457
3,0.003749520166342015,11.45609060590723,-2.847920513502896,-12.0,-9.999954552413095,12.0,-0.001863133640910605,0.0007152034038910287,0.0007152005559705064,0.001145609060590723,2.566498181993533e-06,-0.00071520340389102
3,0.003749720166342015,11.45609067299348,-2.847940484629737,-12.0,-9.999984542846194,12.0,-0.001863131298437608,0.0007152044058216559,0.0007152015578811609,0.001145609067299348,2.563147069789414e-06,-0.0007152044058216458
3,0.003749920166342015,11.45609058861441,-2.847949978754495,-12.0,-9.999998741938738,12.0,-0.001863135110077387,0.0007152048763184331,0.0007152020283684455,0.001145609058861441,2.566496650713864e-06,-0.0007152048763184243
3,0.003750120166342015,11.45609066801131,-2.847948890782494,-12.0,-9.999997149668303,12.0,-0.001863131719639484,0.0007152048258885911,0.0007152019779396901,0.001145609066801131,2.56314870280023e-06,-0.0007152048258885809
3,0.003750320166342015,11.45609059609122,-2.847937325745694,-12.0,-9.999979766037406,12.0,-0.001863134477029971,0.00071520424402918,0.0007152013960918455,0.001145609059609122,2.566495144689456e-06,-0.0007152042440291712
3,0.003750520166342015,11.45609068779886,-2.847915178681519,-12.0,-9.999946591073497,12.0,-0.001863130038623946,0.000715203141239208,0.0007152002933240192,0.001145609068779886,2.56315035810078e-06,-0.0007152031412391978
3,0.003750720166342016,11.45609062833761,-2.84788255455641,-12.0,-9.999897624828964,12.0,-0.001863131741772034,0.000715201507027264,0.0007151986591447008,0.001145609062833761,2.566493663917603e-06,-0.0007152015070272555
3,0.003750920166342016,11.45609073235606,-2.847839348539744,-12.0,-9.999832867381134,12.0,-0.001863126255402275,0.000715199351884149,0.0007151965040447903,0.001145609073235606,2.563152035692964e-06,-0.000715199351884139
3,0.003751120166342016,11.45609068535343,-2.847785665532595,-12.0,-9.999752318832263,12.0,-0.001863126904320595,0.0007151966653299754,0.0007151938175443011,0.001145609068535343,2.566492208395669e-06,-0.0007151966653299668
3,0.003751320166342016,11.45609080168269,-2.847721400836134,-12.0,-9.999655979309553,12.0,-0.001863120369998218,0.0007151934578473521,0.0007151906101259412,0.001145609080168269,2.563153735578583e-06,-0.000715193457847342
3,0.003751520166342016,11.45609076713842,-2.84764665928622,-12.0,-9.999543848965134,12.0,-0.001863119964706371,0.0007151897189679003,0.0007151868713212322,0.001145609076713842,2.566490778120726e-06,-0.0007151897189678914
3,0.0037517201663420157,11.45609089577843,-2.847561336315664,-12.0,-9.999415927976075,12.0,-0.001863112382448397,0.0007151854591660512,0.0007151826116047047,0.001145609089577843,2.563155457759102e-06,-0.0007151854591660411
3,0.0037519201663420163,11.45609087369222,-2.84746553669527,-12.0,-9.999272216544382,12.0,-0.001863110922974199,0.0007151806679849197,0.0007151778205193743,0.001145609087369222,2.566489373089554e-06,-0.0007151806679849112
3,0.003752120166342016,11.45609101464285,-2.84735915598934,-12.0,-9.999112714896995,12.0,-0.001863102292804137,0.0007151753558907755,0.0007151725085316094,0.001145609101464285,2.563157202235954e-06,-0.0007151753558907656
3,0.003752320166342016,11.45609100501431,-2.847242298903764,-12.0,-9.99893742328579,12.0,-0.001863099779179872,0.0007151695124382111,0.0007151666651959035,0.001145609100501431,2.566487993299375e-06,-0.0007151695124382026
3,0.003752520166342017,11.45609115827538,-2.847114861134179,-12.0,-9.998746341987573,12.0,-0.001863090101128667,0.0007151631480853495,0.0007151603009704782,0.001145609115827538,2.56315896901036e-06,-0.0007151631480853395
3,0.0037527201663420167,11.4560911611041,-2.846976947321713,-12.0,-9.998539471304092,12.0,-0.001863086533394246,0.0007151562523982465,0.0007151534054212906,0.00114560911611041,2.566486638746668e-06,-0.0007151562523982379
3,0.0037529201663420173,11.45609132667539,-2.846828453293192,-12.0,-9.998316811562018,12.0,-0.001863075807499223,0.0007151488358268926,0.0007151459889984292,0.001145609132667539,2.563160758083438e-06,-0.0007151488358268827
3,0.003753120166342017,11.45609134196086,-2.846669483625135,-12.0,-9.998078363112967,12.0,-0.001863071185701333,0.000715140887948792,0.0007151380412792997,0.001145609134196086,2.566485309427988e-06,-0.0007151408879487833
3,0.003753320166342017,11.45609151984208,-2.846499934275397,-12.0,-9.997824126333478,12.0,-0.001863059412006568,0.0007151324192058181,0.0007151295727058738,0.001145609151984208,2.563162569456286e-06,-0.0007151324192058081
3,0.003753520166342017,11.45609154758376,-2.846319909756034,-12.0,-9.997554101625028,12.0,-0.001863053736197108,0.0007151234191869081,0.0007151205728669895,0.001145609154758376,2.566484005339663e-06,-0.0007151234191868994
3,0.003753720166342017,11.45609173777455,-2.846129306155789,-12.0,-9.99726828941402,12.0,-0.001863040914753335,0.0007151138983258331,0.0007151110521965169,0.001145609173777455,2.563164403129599e-06,-0.0007151138983258231
3,0.003753920166342017,11.45609177797184,-2.845928227922396,-12.0,-9.996966690151794,12.0,-0.00186303418499351,0.0007151038462229483,0.0007151010002947118,0.001145609177797184,2.566482726477937e-06,-0.0007151038462229398
3,0.003754120166342017,11.4560919804718,-2.845716571275332,-12.0,-9.996649304314612,12.0,-0.001863020315856984,0.000715093273303938,0.0007150904275873566,0.00114560919804718,2.563166259104258e-06,-0.0007150932733039281
3,0.003754320166342018,11.45609203312405,-2.845494440598165,-12.0,-9.996316132403676,12.0,-0.001863012532213067,0.0007150821691805597,0.0007150793236861106,0.001145609203312405,2.566481472839149e-06,-0.0007150821691805511
3,0.003754520166342018,11.4560922479327,-2.845261732240952,-12.0,-9.995967174945102,12.0,-0.001862997615447893,0.0007150705442704252,0.0007150676990086828,0.00114560922479327,2.563168137380577e-06,-0.000715070544270415
3,0.003754720166342018,11.45609231303919,-2.845018550523232,-12.0,-9.995602432489948,12.0,-0.001862988777991947,0.0007150583881966801,0.0007150555431781209,0.001145609231303919,2.566480244419173e-06,-0.0007150583881966716
3,0.003754920166342018,11.45609254015603,-2.844764791925503,-12.0,-9.995221905614189,12.0,-0.001862972813669147,0.0007150457113688787,0.0007150428666040766,0.001145609254015603,2.563170037959013e-06,-0.0007150457113688686
3,0.003755120166342018,11.45609261771597,-2.844500560703424,-12.0,-9.99482559491873,12.0,-0.001862962922481292,0.0007150325034215393,0.0007150296589209699,0.001145609261771597,2.566479041213713e-06,-0.0007150325034215306
3,0.0037553201663420178,11.45609285714042,-2.844225753467769,-12.0,-9.994413501029399,12.0,-0.001862945910677928,0.0007150187747561729,0.0007150159305304095,0.001145609285714042,2.563171960839705e-06,-0.000715018774756163
3,0.0037555201663420183,11.45609294715299,-2.843940474410472,-12.0,-9.993985624596949,12.0,-0.001862934965844006,0.0007150045150186563,0.0007150016710781733,0.001145609294715299,2.566477863218612e-06,-0.0007150045150186477
3,0.003755720166342018,11.45609319888441,-2.843644620272431,-12.0,-9.993541966297055,12.0,-0.001862916906643842,0.0007149897346024725,0.000714986890957842,0.001145609319888441,2.563173906022904e-06,-0.0007149897346024624
3,0.003755920166342019,11.45609330134873,-2.843338295181998,-12.0,-9.993082526830314,12.0,-0.001862904908256792,0.0007149744231648401,0.0007149715798265364,0.001145609330134873,2.566476710429273e-06,-0.0007149744231648316
3,0.003756120166342019,11.45609356538641,-2.843021396010051,-12.0,-9.992607306922244,12.0,-0.001862885801750139,0.0007149585910912293,0.0007149557480698233,0.001145609356538641,2.563175873508448e-06,-0.0007149585910912193
3,0.0037563201663420188,11.45609368030153,-2.842694026821496,-12.0,-9.992116307323279,12.0,-0.001862872749910086,0.0007149422280501869,0.0007149393853561516,0.001145609368030153,2.566475582841244e-06,-0.0007149422280501783
3,0.0037565201663420193,11.45609395664474,-2.842356084617042,-12.0,-9.99160952880878,12.0,-0.001862852596193859,0.0007149253444191836,0.0007149225020630893,0.001145609395664474,2.563177863296072e-06,-0.0007149253444191738
3,0.003756720166342019,11.45609408400966,-2.842007673398301,-12.0,-9.991086972179016,12.0,-0.001862838491006345,0.00071490792987808,0.000714905087870398,0.001145609408400966,2.566474480449651e-06,-0.0007149079298780714
3,0.003756920166342019,11.45609437265757,-2.841648690295655,-12.0,-9.990548638259174,12.0,-0.001862817290184486,0.0007148899947963617,0.0007148871531476615,0.001145609437265758,2.563179875385682e-06,-0.000714889994796352
3,0.0037571201663420192,11.45609451247124,-2.841279239247569,-12.0,-9.989994527899363,12.0,-0.001862802131762296,0.0007148715288651878,0.0007148686875859402,0.001145609451247124,2.566473403249756e-06,-0.0007148715288651795
3,0.003757320166342019,11.45609481342299,-2.840899217513945,-12.0,-9.989424641974589,12.0,-0.001862779883945109,0.0007148525424460744,0.0007148497015468469,0.001145609481342299,2.563181909776266e-06,-0.0007148525424460644
3,0.003757520166342019,11.45609496568428,-2.840508728970239,-12.0,-9.988838981384788,12.0,-0.001862763672407966,0.0007148330252414634,0.0007148301847327258,0.001145609496568428,2.566472351236674e-06,-0.000714833025241455
3,0.00375772016634202,11.45609527893896,-2.840107671005737,-12.0,-9.988237547054796,12.0,-0.001862740377712144,0.0007148129876049156,0.0007148101474972349,0.001145609527893896,2.563183966467345e-06,-0.000714812987604906
3,0.00375792016634202,11.45609544364669,-2.839696147433023,-12.0,-9.987620339934356,12.0,-0.001862723113186031,0.0007147924192501417,0.0007147895795539858,0.001145609544364669,2.566471324405039e-06,-0.0007147924192501333
3,0.0037581201663420202,11.45609576920331,-2.839274055770609,-12.0,-9.986987360998128,12.0,-0.001862698771735386,0.0007147713305227618,0.0007147684912486962,0.001145609576920332,2.563186045458221e-06,-0.000714771330522752
3,0.00375832016634202,11.45609594635627,-2.838841499768357,-12.0,-9.98633861124567,12.0,-0.001862680454353047,0.0007147497111477394,0.0007147468723062312,0.001145609594635627,2.566470322749638e-06,-0.0007147497111477313
3,0.00375852016634202,11.45609628421379,-2.838398377073852,-12.0,-9.985674091701442,12.0,-0.001862655066278013,0.0007147275714627689,0.000714724733064382,0.001145609628421379,2.563188146747872e-06,-0.0007147275714627591
3,0.00375872016634202,11.45609647381067,-2.837944791374378,-12.0,-9.984993803414818,12.0,-0.001862635696178352,0.0007147049012040525,0.0007147020632592527,0.001145609647381067,2.566469346265092e-06,-0.0007147049012040441
3,0.00375892016634202,11.456096823968,-2.837480640446438,-12.0,-9.984297747460062,12.0,-0.001862609261615439,0.0007146817107013723,0.0007146788732207219,0.0011456096823968,2.563190270335107e-06,-0.0007146817107013623
3,0.0037591201663420204,11.45609702600748,-2.837006027914883,-12.0,-9.983585924936344,12.0,-0.001862588838944431,0.0007146579897021545,0.0007146551526961181,0.001145609702600748,2.566468394945754e-06,-0.0007146579897021461
3,0.00375932016634202,11.45609738846345,-2.83652085168499,-12.0,-9.982858336967727,12.0,-0.001862561358037804,0.0007146337485282834,0.0007146309120074219,0.001145609738846345,2.563192416218662e-06,-0.0007146337485282738
3,0.003759520166342021,11.45609760294412,-2.836025215319305,-12.0,-9.98211498470317,12.0,-0.001862539882948431,0.0007146089769383949,0.0007146061409131711,0.001145609760294412,2.566467468785915e-06,-0.0007146089769383866
3,0.003759720166342021,11.45609797769752,-2.835519016851735,-12.0,-9.981355869316532,12.0,-0.001862511355847746,0.0007145836852464895,0.0007145808497274628,0.001145609797769752,2.563194584397128e-06,-0.0007145836852464798
3,0.003759920166342021,11.45609820461792,-2.835002359782663,-12.0,-9.980580992006555,12.0,-0.001862488828498904,0.0007145578632223974,0.0007145550282200294,0.001145609820461792,2.566466567779795e-06,-0.0007145578632223892
3,0.0037601201663420214,11.4560985916675,-2.834475142274474,-12.0,-9.979790353996881,12.0,-0.001862459255360903,0.0007145315211722505,0.0007145286866970986,0.00114560985916675,2.563196774868898e-06,-0.0007145315211722407
3,0.003760320166342021,11.45609883102611,-2.833937467765532,-12.0,-9.978983956536032,12.0,-0.001862435675918732,0.0007145046488770581,0.0007145018149395823,0.001145609883102611,2.566465691921167e-06,-0.0007145046488770501
3,0.0037605201663420207,11.45609923037052,-2.83338923454654,-12.0,-9.978161800897418,12.0,-0.001862405056906358,0.0007144772566350978,0.0007144744232458532,0.001145609923037053,2.563198987632496e-06,-0.0007144772566350878
3,0.0037607201663420213,11.45609948216578,-2.832830545993993,-12.0,-9.977323888379342,12.0,-0.001862380425542933,0.0007144493342385433,0.0007144465014079888,0.001145609948216578,2.56646484120418e-06,-0.000714449334238535
3,0.003760920166342021,11.45609989380365,-2.832261300526763,-12.0,-9.976470220304975,12.0,-0.001862348760828184,0.0007144208919778309,0.0007144180597165207,0.001145609989380365,2.563201222685691e-06,-0.0007144208919778213
3,0.003761120166342021,11.45610015803392,-2.8316816014596,-12.0,-9.975600798022377,12.0,-0.001862323077722768,0.0007143919196562859,0.0007143890879746762,0.001145610015803392,2.566464015622338e-06,-0.0007143919196562778
3,0.003761320166342022,11.4561005819638,-2.831091347339409,-12.0,-9.97471562290449,12.0,-0.001862290367479526,0.0007143624275565178,0.0007143595964651607,0.00114561005819638,2.563203480026719e-06,-0.0007143624275565082
3,0.0037615201663420217,11.45610085862741,-2.830490641419332,-12.0,-9.973814696349118,12.0,-0.001862263632818204,0.0007143324054929867,0.0007143295750023371,0.001145610085862741,2.566463215169517e-06,-0.0007143324054929785
3,0.0037617201663420223,11.4561012948478,-2.82987938237415,-12.0,-9.97289801977895,12.0,-0.001862229877231854,0.0007143018637404896,0.0007142990338610977,0.00114561012948478,2.563205759653065e-06,-0.00071430186374048
3,0.003761920166342022,11.45610158394299,-2.829257673395548,-12.0,-9.97196559464155,12.0,-0.001862202091205542,0.0007142707921246085,0.0007142679628669267,0.001145610158394299,2.566462439838948e-06,-0.0007142707921246002
3,0.003762120166342022,11.45610203245234,-2.828625413286022,-12.0,-9.971017422409336,12.0,-0.001862167290466211,0.0007142392009123411,0.0007142363722869181,0.001145610203245234,2.563208061562787e-06,-0.0007142392009123313
3,0.003762320166342022,11.45610233397731,-2.827982705175928,-12.0,-9.9700535045796,12.0,-0.001862138453274478,0.0007142070799403752,0.0007142042519576618,0.001145610233397731,2.566461689623991e-06,-0.0007142070799403671
3,0.003762520166342022,11.456102794774,-2.827329447995353,-12.0,-9.969073842674511,12.0,-0.001862102607577824,0.0007141744394679255,0.0007141716121384677,0.0011456102794774,2.563210385753275e-06,-0.0007141744394679159
3,0.003762720166342022,11.4561031087269,-2.826665744813456,-12.0,-9.968078438241081,12.0,-0.001862072719427249,0.0007141412693427707,0.0007141384426770177,0.00114561031087269,2.566460964517686e-06,-0.0007141412693427626
3,0.003762920166342022,11.45610358180926,-2.825991494687739,-12.0,-9.967067292851187,12.0,-0.001862035828976657,0.0007141075798163545,0.0007141047538248502,0.001145610358180927,2.563212732221812e-06,-0.0007141075798163449
3,0.003763120166342023,11.45610390818817,-2.825306800626319,-12.0,-9.96604040810157,12.0,-0.001862004890077897,0.0007140733607475332,0.0007140705354407244,0.001145610390818817,2.566460264513122e-06,-0.0007140733607475251
3,0.003763320166342023,11.45610439355448,-2.824611561813978,-12.0,-9.964997785613823,12.0,-0.00186196695508319,0.0007140386223799942,0.0007140357977684227,0.001145610439355448,2.563215100965734e-06,-0.0007140386223799846
3,0.003763520166342023,11.45610473235742,-2.823905881197907,-12.0,-9.963939427034383,12.0,-0.001861934965655734,0.0007140033545836557,0.0007140005306777663,0.001145610473235742,2.566459589603392e-06,-0.0007140033545836475
3,0.003763720166342023,11.45610523000588,-2.823189658090017,-12.0,-9.962865334034547,12.0,-0.001861895986333583,0.0007139675675944626,0.0007139647444047948,0.001145610523000588,2.563217491982067e-06,-0.0007139675675944529
3,0.003763920166342023,11.45610558123083,-2.822462995376724,-12.0,-9.961775508310456,12.0,-0.001861862946603086,0.0007139312512933814,0.000713928428830378,0.001145610558123084,2.566458939780947e-06,-0.0007139312512933734
3,0.0037641201663420228,11.4561060911596,-2.821725792496907,-12.0,-9.960669951583087,12.0,-0.001861822923176702,0.0007138944159086275,0.0007138915941828254,0.00114561060911596,2.563219905267655e-06,-0.000713894415908618
3,0.0037643201663420233,11.45610645480448,-2.820978152276338,-12.0,-9.959548665598271,12.0,-0.001861788833374388,0.0007138570513322014,0.0007138542303540411,0.001145610645480448,2.566458315038731e-06,-0.0007138570513321934
3,0.003764520166342023,11.45610697701166,-2.820219974280734,-12.0,-9.958411652126673,12.0,-0.001861747766073309,0.0007138191677846036,0.0007138163475646196,0.001145610697701166,2.563222340819349e-06,-0.0007138191677845939
3,0.003764720166342023,11.45610735307432,-2.819451361275343,-12.0,-9.957258912963788,12.0,-0.001861712626438492,0.0007137807551688526,0.0007137779357174831,0.001145610735307432,2.566457715368867e-06,-0.0007137807551688445
3,0.003764920166342024,11.45610788755794,-2.818672212952561,-12.0,-9.956090449929944,12.0,-0.001861670515499178,0.0007137418236977478,0.0007137390050255253,0.001145610788755794,2.563224798633911e-06,-0.0007137418236977383
3,0.0037651201663420238,11.45610827603618,-2.817882632017269,-12.0,-9.954906264870315,12.0,-0.001861634326276637,0.0007137023632853127,0.0007136995454026726,0.001145610827603618,2.566457140763676e-06,-0.0007137023632853047
3,0.0037653201663420243,11.45610882279424,-2.817082518288389,-12.0,-9.953706359654886,12.0,-0.001861591171941747,0.0007136623841366592,0.0007136595670541315,0.001145610882279424,2.56322727870777e-06,-0.0007136623841366497
3,0.003765520166342024,11.4561092236858,-2.816271974410545,-12.0,-9.952490736178463,12.0,-0.001861553933383361,0.0007136218761768,0.0007136190599048174,0.00114561092236858,2.566456591215444e-06,-0.0007136218761767919
3,0.003765720166342024,11.45610978271621,-2.815450900329058,-12.0,-9.951259396360697,12.0,-0.001861509735902601,0.0007135808496031735,0.0007135780341522636,0.001145610978271621,2.56322978103716e-06,-0.000713580849603164
3,0.003765920166342024,11.45611019601879,-2.814619398628432,-12.0,-9.950012342146032,12.0,-0.001861471448267205,0.0007135392943517678,0.0007135364797323611,0.001145611019601879,2.566456066716178e-06,-0.00071353929435176
3,0.003766120166342024,11.45611076731942,-2.81377736938022,-12.0,-9.948749575503735,12.0,-0.001861426207896695,0.0007134972206123611,0.0007134944068349821,0.001145611076731942,2.563232305618158e-06,-0.0007134972206123515
3,0.003766320166342024,11.45611119303064,-2.812924915108947,-12.0,-9.94747109842789,12.0,-0.001861386871449215,0.0007134546183319023,0.0007134518054069792,0.001145611119303064,2.566455567257906e-06,-0.0007134546183318943
3,0.003766520166342025,11.4561117765993,-2.812061936012253,-12.0,-9.946176912937391,12.0,-0.001861340588451603,0.0007134114976925235,0.0007134086856305778,0.001145611177659931,2.563234852447144e-06,-0.0007134114976925139
3,0.003766720166342025,11.45611221471673,-2.81118853455481,-12.0,-9.944867021075925,12.0,-0.001861300203463586,0.0007133678486521195,0.0007133650374635769,0.001145611221471673,2.566455092832162e-06,-0.0007133678486521115
3,0.003766920166342025,11.45611281055118,-2.810304611060195,-12.0,-9.943541424911995,12.0,-0.001861252878108795,0.0007133236813851897,0.000713320871080569,0.001145611281055119,2.563237421519708e-06,-0.00071332368138518
3,0.003767120166342025,11.45611326107233,-2.809410267933371,-12.0,-9.942200126538902,12.0,-0.001861211444858196,0.0007132789858605611,0.0007132761764502851,0.001145611326107233,2.566454643430674e-06,-0.000713278985860553
3,0.003767320166342025,11.45611386917027,-2.808505405623693,-12.0,-9.94084312807473,12.0,-0.001861163077422168,0.0007132337722451132,0.0007132309637396981,0.001145611386917027,2.563240012831676e-06,-0.0007132337722451038
3,0.003767520166342025,11.45611433209259,-2.807590126476539,-12.0,-9.93947043166237,12.0,-0.001861120596193922,0.0007131880305185914,0.0007131852229284567,0.001145611433209259,2.566454219044977e-06,-0.0007131880305185831
3,0.003767720166342025,11.45611495245165,-2.806664331066909,-12.0,-9.938082039469501,12.0,-0.001861071186958725,0.0007131417708402688,0.0007131389641759281,0.001145611495245165,2.563242626378731e-06,-0.0007131417708402593
3,0.0037679201663420253,11.45611542777256,-2.805728121680718,-12.0,-9.936677953688577,12.0,-0.00186102765804436,0.000713094983200794,0.0007130921774726641,0.001145611542777256,2.566453819666325e-06,-0.0007130949832007859
3,0.003768120166342025,11.45611606039033,-2.804781399018459,-12.0,-9.935258176536841,12.0,-0.001860977207299931,0.0007130476777518478,0.0007130448729704392,0.001145611606039033,2.563245262156249e-06,-0.0007130476777518382
3,0.003768320166342026,11.45611654810716,-2.803824265306726,-12.0,-9.933822710256324,12.0,-0.001860932630997751,0.0007129998444949678,0.0007129970406706943,0.001145611654810716,2.566453445285733e-06,-0.0007129998444949598
3,0.003768520166342026,11.45611719298114,-2.802856621371352,-12.0,-9.932371557113814,12.0,-0.001860881139039139,0.0007129514935742558,0.000712948690717625,0.001145611719298114,2.563247920159482e-06,-0.0007129514935742463
3,0.003768720166342026,11.45611769309119,-2.801878569379725,-12.0,-9.930904719400877,12.0,-0.00186083551565394,0.0007129026150021232,0.0007128998131235458,0.001145611769309119,2.566453095894473e-06,-0.0007129026150021153
3,0.0037689201663420263,11.45611835021886,-2.800890010282886,-12.0,-9.929422199433862,12.0,-0.001860782982784364,0.0007128532189151071,0.0007128504180250875,0.001145611835021886,2.563250600383482e-06,-0.0007128532189150977
3,0.003769120166342026,11.45611886271935,-2.799891046189152,-12.0,-9.927923999553865,12.0,-0.001860736312626588,0.0007128032953364794,0.0007128004954454253,0.001145611886271935,2.566452771483465e-06,-0.0007128032953364713
3,0.003769320166342026,11.45611953209812,-2.798881578174601,-12.0,-9.926410122126745,12.0,-0.00186068273915488,0.0007127528543952237,0.0007127500555136362,0.001145611953209812,2.563253302823431e-06,-0.0007127528543952144
3,0.0037695201663420263,11.45612005698622,-2.797861708288618,-12.0,-9.92488056954312,12.0,-0.001860635022543403,0.000712701886125458,0.0007126990882637419,0.001145612005698622,2.566452472043452e-06,-0.0007127018861254502
3,0.003769720166342026,11.45612073861344,-2.796831337732183,-12.0,-9.923335344218371,12.0,-0.001860580408784465,0.0007126504006486281,0.0007126476038172811,0.001145612073861344,2.563256027474002e-06,-0.0007126504006486189
3,0.003769920166342026,11.45612127588626,-2.795790568495862,-12.0,-9.92177444859261,12.0,-0.001860531646042646,0.0007125983880096828,0.0007125955922191063,0.001145612127588626,2.56645219756511e-06,-0.0007125983880096748
3,0.003770120166342027,11.45612196975922,-2.794739301905386,-12.0,-9.920197885130708,12.0,-0.001860475992319479,0.0007125458583225417,0.0007125430635832303,0.001145612196975922,2.563258774330132e-06,-0.0007125458583225323
3,0.003770320166342027,11.45612251941383,-2.793677639892643,-12.0,-9.91860565632228,12.0,-0.001860426183779645,0.0007124928016429715,0.0007124900079653237,0.001145612251941383,2.566451948038706e-06,-0.0007124928016429637
3,0.0037705201663420273,11.45612322552976,-2.79260548390796,-12.0,-9.91699776468166,12.0,-0.001860369490420314,0.0007124392280773795,0.0007124364354718863,0.001145612322552976,2.563261543385995e-06,-0.0007124392280773701
3,0.003770720166342027,11.45612378756316,-2.791522935824667,-12.0,-9.915374212747938,12.0,-0.001860318636419089,0.0007123851276923351,0.0007123823361693913,0.001145612378756316,2.566451723454878e-06,-0.0007123851276923273
3,0.003770920166342027,11.45612450591925,-2.790429897217554,-12.0,-9.913735003084925,12.0,-0.001860260903760193,0.0007123305105867467,0.00071232772015684,0.001145612450591925,2.563264334636352e-06,-0.0007123305105867372
3,0.003771120166342027,11.45612508032837,-2.789326469901507,-12.0,-9.912080138281148,12.0,-0.001860209004641486,0.000712275366837972,0.000712272577511494,0.001145612508032837,2.566451523803676e-06,-0.0007122753668379641
3,0.003771320166342027,11.45612581092174,-2.788212555575631,-12.0,-9.91040962094987,12.0,-0.001860150233024768,0.0007122197065374332,0.0007122169183248684,0.001145612581092174,2.563267148075065e-06,-0.000712219706537424
3,0.003771520166342027,11.45612639770348,-2.787088255996516,-12.0,-9.90872345372907,12.0,-0.001860097289139617,0.0007121635197732636,0.0007121607326849997,0.001145612639770348,2.566451349075142e-06,-0.0007121635197732555
3,0.003771720166342027,11.45612714053118,-2.785953472987407,-12.0,-9.90702163928143,12.0,-0.00186003747891283,0.0007121068166294116,0.0007121040306759293,0.001145612714053118,2.563269983696666e-06,-0.0007121068166294023
3,0.003771920166342028,11.45612773968236,-2.784808308246725,-12.0,-9.905304180294351,12.0,-0.001859983490619187,0.0007120495872047706,0.0007120468023964543,0.001145612773968236,2.566451199259218e-06,-0.0007120495872047625
3,0.003772120166342028,11.4561284947414,-2.783652663721728,-12.0,-9.90357107947993,12.0,-0.001859922642138161,0.0007119918415758296,0.0007119890579231565,0.00114561284947414,2.563272841494989e-06,-0.0007119918415758201
3,0.003772320166342028,11.45612910625881,-2.782486641052773,-12.0,-9.901822339574975,12.0,-0.001859867609799328,0.000711933569852228,0.0007119307873655791,0.001145612910625881,2.566451074345703e-06,-0.0007119335698522203
3,0.003772520166342028,11.45612987354614,-2.781310142310991,-12.0,-9.90005796334098,12.0,-0.001859805723426077,0.000711874782103008,0.0007118720007928563,0.001145612987354614,2.563275721463414e-06,-0.000711874782102999
3,0.003772720166342028,11.45613049742648,-2.780123269078805,-12.0,-9.89827795356414,12.0,-0.001859749647412429,0.0007118154684485412,0.0007118126883252642,0.001145613049742648,2.566450974324581e-06,-0.0007118154684485335
3,0.0037729201663420277,11.45613127693898,-2.778925923551071,-12.0,-9.896482313055335,12.0,-0.001859686723514548,0.0007117556389504358,0.0007117528600245029,0.001145613127693899,2.563278623595956e-06,-0.0007117556389504264
3,0.0037731201663420283,11.45613191317892,-2.777718207252391,-12.0,-9.89467104465012,12.0,-0.001859629604203587,0.0007116952837397808,0.0007116925060215657,0.001145613191317892,2.566450899185028e-06,-0.0007116952837397729
3,0.003773320166342028,11.45613270491344,-2.776500022501195,-12.0,-9.89284415120874,12.0,-0.001859565643156767,0.0007116344128707637,0.000711631636370732,0.001145613270491344,2.563281547885993e-06,-0.0007116344128707546
3,0.003773520166342028,11.45613335350957,-2.775271470764412,-12.0,-9.891001635616112,12.0,-0.001859507480931893,0.0007115730164851778,0.0007115702412136991,0.001145613335350957,2.566450848916324e-06,-0.00071157301648517
3,0.003773720166342029,11.45613415746288,-2.774032454483883,-12.0,-9.88914350078181,12.0,-0.001859442483117461,0.0007115111046298017,0.0007115083305973383,0.001145613415746288,2.563284494326997e-06,-0.0007115111046297927
3,0.0037739201663420287,11.45613481841175,-2.772783075068978,-12.0,-9.887269749640094,12.0,-0.001859383278369077,0.000711448667457119,0.0007114458946740362,0.001145613481841175,2.566450823507726e-06,-0.0007114486674571117
3,0.0037741201663420293,11.45613563458056,-2.771523235084818,-12.0,-9.88538038514986,12.0,-0.001859317244174259,0.0007113857150065133,0.000711382943483269,0.001145613563458056,2.563287462912217e-06,-0.0007113857150065042
3,0.003774320166342029,11.45613630787865,-2.77025303588333,-12.0,-9.88347541029468,12.0,-0.00185925699729888,0.0007113222374411428,0.0007113194671880992,0.001145613630787865,2.566450822948705e-06,-0.000711322237441135
3,0.003774520166342029,11.45613713625963,-2.76897238015277,-12.0,-9.881554828082775,12.0,-0.001859189927119568,0.0007112582447930096,0.0007112554758206204,0.001145613713625964,2.563290453634606e-06,-0.0007112582447930005
3,0.003774720166342029,11.45613782190338,-2.767681369187742,-12.0,-9.879618641546994,12.0,-0.001859128638520567,0.0007111937272359331,0.000711190959554556,0.001145613782190338,2.566450847227723e-06,-0.0007111937272359253
3,0.003774920166342029,11.45613866249313,-2.766379905799482,-12.0,-9.877666853744847,12.0,-0.001859060532757319,0.0007111286947945458,0.0007111259284146306,0.001145613866249313,2.563293466487104e-06,-0.0007111286947945365
3,0.003775120166342029,11.45613936047891,-2.765068091225407,-12.0,-9.875699467758476,12.0,-0.001858998202844537,0.0007110631376533146,0.0007110603725852157,0.001145613936047891,2.566450896333898e-06,-0.000711063137653307
3,0.003775320166342029,11.45614021327397,-2.763745828399581,-12.0,-9.873716486694644,12.0,-0.001858929061905083,0.0007109970658295153,0.0007109943020836778,0.001145614021327397,2.56329650146237e-06,-0.0007109970658295062
3,0.00377552016634203,11.45614092359809,-2.762413218502353,-12.0,-9.871717913684758,12.0,-0.001858865691095081,0.0007109304695182485,0.0007109277071050222,0.001145614092359809,2.566450970255799e-06,-0.0007109304695182406
3,0.00377572016634203,11.45614178859496,-2.761070164590466,-12.0,-9.869703751884826,12.0,-0.001858795515394562,0.000710863358729445,0.0007108605976592714,0.001145614178859496,2.563299558553179e-06,-0.0007108633587294361
3,0.00377592016634203,11.45614251125368,-2.759716767787316,-12.0,-9.867674004475493,12.0,-0.001858731104110103,0.0007107957236688253,0.0007107929639520499,0.001145614251125368,2.566451068981886e-06,-0.0007107957236688176
3,0.00377612016634203,11.45614338844879,-2.758352931272202,-12.0,-9.86562867466201,12.0,-0.001858659894068399,0.0007107275743389898,0.0007107248159860495,0.001145614338844879,2.563302637751962e-06,-0.0007107275743389809
3,0.00377632016634203,11.45614412343831,-2.756978756111669,-12.0,-9.863567765674222,12.0,-0.00185859444273937,0.0007106589009562629,0.000710656143977499,0.001145614412343831,2.566451192500633e-06,-0.0007106589009562553
3,0.00377652016634203,11.45614501282802,-2.755594145607418,-12.0,-9.861491280766595,12.0,-0.001858522198785121,0.0007105897135159265,0.000710586957921772,0.001145614501282802,2.56330573905086e-06,-0.0007105897135159178
3,0.0037767201663420303,11.45614576014449,-2.754199200769281,-12.0,-9.859399223218174,12.0,-0.001858455707846909,0.0007105200022448975,0.0007105172480456886,0.001145614576014449,2.566451340800324e-06,-0.0007105200022448895
3,0.00377692016634203,11.45614666172512,-2.752793825021195,-12.0,-9.857291596332606,12.0,-0.001858382430412922,0.0007104497771311502,0.0007104470243373159,0.001145614666172512,2.56330886244236e-06,-0.0007104497771311412
3,0.003777120166342031,11.45614742136464,-2.75137811931641,-12.0,-9.85516840343813,12.0,-0.00185831490030971,0.0007103790284121795,0.0007103762770340526,0.001145614742136464,2.566451513869098e-06,-0.000710379028412172
3,0.003777320166342031,11.45614833513245,-2.749951987200966,-12.0,-9.853029647887544,12.0,-0.001858240589836321,0.0007103077660686671,0.0007103050161166707,0.001145614833513245,2.563312007918116e-06,-0.0007103077660686578
3,0.003777520166342031,11.45614910709103,-2.748515529571619,-12.0,-9.85087533305824,12.0,-0.001858172021016674,0.0007102359803486697,0.0007102332318331327,0.001145614910709103,2.566451711694888e-06,-0.0007102359803486622
3,0.0037777201663420313,11.45615003304222,-2.74706865009638,-12.0,-9.848705462352184,12.0,-0.00185809667795203,0.0007101636812255894,0.0007101609341569302,0.001145615003304222,2.563315175469981e-06,-0.0007101636812255804
3,0.003777920166342031,11.45615081731585,-2.745611449615643,-12.0,-9.846520039195884,12.0,-0.001858027070870923,0.0007100908589580317,0.0007100881133465745,0.001145615081731585,2.566451934265591e-06,-0.0007100908589580241
3,0.003778120166342031,11.45615175544656,-2.74414383191922,-12.0,-9.844319067040427,12.0,-0.001857950695668831,0.0007100175235121298,0.0007100147793682888,0.001145615175544656,2.563318365090112e-06,-0.0007100175235121209
3,0.0037783201663420312,11.45615255203114,-2.742665897791273,-12.0,-9.842102549361456,12.0,-0.0018578800507887,0.000709943665157026,0.0007099409224911205,0.001145615255203114,2.566452181568749e-06,-0.0007099436651570184
3,0.003778520166342031,11.45615350233746,-2.74117755114327,-12.0,-9.839870489659148,12.0,-0.001857802643909008,0.0007098692938515967,0.0007098665526740366,0.001145615350233746,2.56332157676989e-06,-0.0007098692938515878
3,0.003778720166342031,11.45615431122886,-2.73967889270324,-12.0,-9.837622891458219,12.0,-0.001857730961699023,0.0007097943998755055,0.000709791660196605,0.001145615431122886,2.566452453591774e-06,-0.000709794399875498
3,0.003778920166342032,11.45615527370681,-2.738169826504188,-12.0,-9.835359758307956,12.0,-0.001857652523608623,0.0007097189931803856,0.0007097162550105502,0.001145615527370681,2.563324810500824e-06,-0.0007097189931803768
3,0.003779120166342032,11.45615609490084,-2.736650453218128,-12.0,-9.833081093782143,12.0,-0.001857579804543912,0.0007096430640564091,0.0007096403274059484,0.001145615609490084,2.566452750322426e-06,-0.0007096430640564015
3,0.0037793201663420322,11.4561570695464,-2.735120676999417,-12.0,-9.830786901479097,12.0,-0.001857500335715901,0.0007095666224479769,0.0007095638873272908,0.00114561570695464,2.563328066273809e-06,-0.0007095666224479681
3,0.003779520166342032,11.45615790303878,-2.733580598464194,-12.0,-9.828477185021669,12.0,-0.001857426580278285,0.000709489658655755,0.0007094869250751489,0.001145615790303879,2.566453071747959e-06,-0.0007094896586557476
3,0.003779720166342032,11.45615888984787,-2.732030121888043,-12.0,-9.82615194805722,12.0,-0.001857346081192624,0.0007094121826169267,0.0007094094505867957,0.001145615888984787,2.563331344080357e-06,-0.0007094121826169178
3,0.003779920166342032,11.45615973563431,-2.730469347831313,-12.0,-9.823811194257603,12.0,-0.001857271289870594,0.0007093341846426366,0.0007093314541732811,0.001145615973563431,2.566453417855294e-06,-0.000709334184642629
3,0.003780120166342032,11.45616073460277,-2.728898180690669,-12.0,-9.821454927319195,12.0,-0.001857189761013803,0.0007092556746628616,0.0007092529457646719,0.001145616073460277,2.563334643911311e-06,-0.0007092556746628526
3,0.003780320166342032,11.45616159267889,-2.727316720970812,-12.0,-9.819083150962873,12.0,-0.001857113934302259,0.0007091766429992138,0.0007091739156824854,0.00114561615926789,2.566453788631591e-06,-0.0007091766429992061
3,0.003780520166342032,11.45616260380253,-2.725724873189322,-12.0,-9.816695868933978,12.0,-0.001857031376167233,0.0007090970995744746,0.0007090943738495924,0.001145616260380253,2.563337965757509e-06,-0.0007090970995744658
3,0.003780720166342033,11.45616347416391,-2.724122737795355,-12.0,-9.814293085002364,12.0,-0.001856954514568425,0.0007090170347207085,0.0007090143105979631,0.001145616347416391,2.566454184063656e-06,-0.0007090170347207009
3,0.003780920166342033,11.45616449743846,-2.722510219427289,-12.0,-9.811874802962357,12.0,-0.001856870927653885,0.0007089364583535158,0.0007089337358432874,0.001145616449743846,2.563341309609784e-06,-0.0007089364583535069
3,0.003781120166342033,11.45616538008061,-2.720887418478836,-12.0,-9.809441026632747,12.0,-0.00185679303167439,0.0007088553608153986,0.0007088526399279726,0.001145616538008061,2.566454604138163e-06,-0.0007088553608153911
3,0.003781320166342033,11.45616641550176,-2.719254239709017,-12.0,-9.806991759856803,12.0,-0.00185670841648729,0.0007087737520147877,0.0007087710327605389,0.001145616641550176,2.563344675458649e-06,-0.0007087737520147787
3,0.003781520166342033,11.45616731042015,-2.71761078345623,-12.0,-9.804527006502257,12.0,-0.001856629486642142,0.0007086916223046102,0.0007086889046938192,0.001145616731042015,2.566455048841633e-06,-0.0007086916223046027
3,0.0037817201663420327,11.45616835798352,-2.715956954599985,-12.0,-9.802046770461287,12.0,-0.001856543843694478,0.0007086089815861391,0.0007086062656291754,0.001145616835798352,2.563348063294401e-06,-0.0007086089815861302
3,0.0037819201663420333,11.45616926517356,-2.714292853423462,-12.0,-9.799551055650507,12.0,-0.001856463880505158,0.000708525820222712,0.0007085231059298511,0.001145616926517356,2.566455518160666e-06,-0.0007085258202227045
3,0.003782120166342033,11.45617032487472,-2.71261838492654,-12.0,-9.797039866011021,12.0,-0.001856377210315888,0.0007084421481084569,0.0007084394354900631,0.001145617032487472,2.563351473107341e-06,-0.0007084421481084481
3,0.003782320166342033,11.45617124433174,-2.71093364933731,-12.0,-9.794513205508327,12.0,-0.001856296214309717,0.000708357955617109,0.0007083552446834523,0.001145617124433174,2.56645601208146e-06,-0.0007083579556171018
3,0.003782520166342034,11.4561723161662,-2.709238551775822,-12.0,-9.791971078132352,12.0,-0.001856208517404295,0.0007082732526356619,0.0007082705433971013,0.00114561723161662,2.563354904887479e-06,-0.0007082732526356531
3,0.0037827201663420337,11.45617324788549,-2.707533192415212,-12.0,-9.78941348789749,12.0,-0.001856126489114039,0.0007081880295482352,0.0007081853220150353,0.001145617324788549,2.566456530590265e-06,-0.0007081880295482277
3,0.0037829201663420343,11.45617433184871,-2.705817476495592,-12.0,-9.78684043884251,12.0,-0.001856037766025595,0.0007081022962347006,0.0007080995904172153,0.001145617433184871,2.563358358624893e-06,-0.0007081022962346918
3,0.003783120166342034,11.45617527582551,-2.704091504135206,-12.0,-9.784251935030603,12.0,-0.001855954705992635,0.0007080160430895472,0.0007080133389980355,0.001145617527582551,2.56645707367304e-06,-0.0007080160430895399
3,0.003783320166342034,11.45617637191288,-2.702355180694087,-12.0,-9.781647980549376,12.0,-0.001855864957258097,0.000707929279985538,0.0007079265776303484,0.001145617637191288,2.563361834309395e-06,-0.0007079292799855291
3,0.003783520166342034,11.45617732814235,-2.70060860623573,-12.0,-9.779028579510836,12.0,-0.001855780866030138,0.000707841997327518,0.0007078392967189043,0.001145617732814235,2.566457641315768e-06,-0.0007078419973275106
3,0.003783720166342034,11.45617843634922,-2.698851686239924,-12.0,-9.776393736051359,12.0,-0.001855690092194743,0.0007077542049811523,0.0007077515061294572,0.001145617843634922,2.563365331930698e-06,-0.0007077542049811435
3,0.003783920166342034,11.45617940482649,-2.697084520715519,-12.0,-9.77374345433173,12.0,-0.001855604970324432,0.0007076658933616286,0.0007076631962771003,0.001145617940482649,2.566458233504086e-06,-0.000707665893361621
3,0.003784120166342034,11.45618052514812,-2.695307015261932,-12.0,-9.771077738537114,12.0,-0.001855513171940822,0.0007075770723275269,0.0007075743770205028,0.001145618052514813,2.563368851478144e-06,-0.0007075770723275182
3,0.003784320166342035,11.45618150586825,-2.693519269833466,-12.0,-9.768396592877025,12.0,-0.001855427019988529,0.0007074877323043633,0.000707485038785086,0.001145618150586826,2.566458850223506e-06,-0.000707487732304356
3,0.003784520166342035,11.45618263829988,-2.691721190149013,-12.0,-9.765700021585364,12.0,-0.001855334197613767,0.0007073978831436437,0.0007073951914224447,0.001145618263829988,2.563372392941152e-06,-0.0007073978831436352
3,0.003784720166342035,11.45618363125787,-2.689912876108463,-12.0,-9.762988028920393,12.0,-0.001855247016145196,0.0007073075152812004,0.0007073048253683168,0.001145618363125787,2.566459491459793e-06,-0.0007073075152811929
3,0.003784920166342035,11.45618477579466,-2.688094233550031,-12.0,-9.760260619164715,12.0,-0.001855153170344475,0.000707216638561477,0.0007072139504672347,0.001145618477579466,2.563375956309017e-06,-0.0007072166385614683
3,0.003785120166342035,11.45618578098546,-2.686265362319271,-12.0,-9.757517796625262,12.0,-0.001855064959933342,0.0007071252434306065,0.0007071225571652367,0.001145618578098546,2.566460157198149e-06,-0.0007071252434305992
3,0.0037853201663420348,11.45618693762252,-2.684426168373608,-12.0,-9.754759565633359,12.0,-0.001854970091276753,0.0007070333397259837,0.0007070306552998065,0.001145618693762252,2.563379541570698e-06,-0.000707033339725975
3,0.0037855201663420353,11.45618795504102,-2.68257675150439,-12.0,-9.751985930544611,12.0,-0.001854880852502322,0.0007069409179040295,0.0007069382353272705,0.001145618795504102,2.566460847423777e-06,-0.0007069409179040222
3,0.003785720166342035,11.4561891237734,-2.680717017788055,-12.0,-9.749196895738962,12.0,-0.001854784961568095,0.0007068479877950992,0.0007068453070780727,0.00114561891237734,2.563383148715224e-06,-0.0007068479877950907
3,0.003785920166342036,11.45619015341442,-2.678847066961869,-12.0,-9.746392465620684,12.0,-0.001854694695016393,0.000706754539865889,0.0007067518610188144,0.001145619015341442,2.566461562121531e-06,-0.0007067545398658816
3,0.003786120166342036,11.45619133423711,-2.676966805221169,-12.0,-9.743572644618363,12.0,-0.001854597782387963,0.0007066605839397283,0.0007066579069729142,0.001145619133423712,2.563386777731588e-06,-0.0007066605839397195
3,0.0037863201663420358,11.45619237609545,-2.675076332249213,-12.0,-9.740737437184865,12.0,-0.001854506488651097,0.0007065661104935727,0.000706563435417233,0.001145619237609545,2.566462301276576e-06,-0.0007065661104935653
3,0.0037865201663420363,11.45619356900339,-2.673175554360095,-12.0,-9.73788684779738,12.0,-0.00185440855491987,0.0007064711293437373,0.0007064684561681741,0.001145619356900339,2.563390428607996e-06,-0.0007064711293437286
3,0.003786720166342036,11.45619462307374,-2.6712645711832,-12.0,-9.735020880957384,12.0,-0.001854316234596868,0.0007063756309774257,0.0007063729597128472,0.001145619462307375,2.566463064873515e-06,-0.0007063756309774185
3,0.003786920166342036,11.45619582806182,-2.669343289151208,-12.0,-9.732139541190612,12.0,-0.001854217280358372,0.0007062796252039491,0.0007062769558606514,0.001145619582806182,2.56339410133327e-06,-0.0007062796252039405
3,0.0037871201663420362,11.45619689433885,-2.667411807839732,-12.0,-9.729242833047104,12.0,-0.001854123934054466,0.0007061831025207445,0.0007061804351089293,0.001145619689433885,2.566463852897179e-06,-0.0007061831025207372
3,0.003787320166342036,11.45619811140187,-2.665470033799927,-12.0,-9.726330761101167,12.0,-0.001854023959913023,0.0007060860727301328,0.0007060834072600902,0.001145619811140188,2.563397795895674e-06,-0.000706086072730124
3,0.003787520166342036,11.4561991898802,-2.663518066553714,-12.0,-9.723403329951338,12.0,-0.001853929588239861,0.0007059885263397698,0.0007059858628216958,0.00114561991898802,2.566464665331947e-06,-0.0007059885263397624
3,0.003787720166342037,11.45620041901294,-2.661555812770569,-12.0,-9.720460544220451,12.0,-0.001853828594805515,0.0007058904731449968,0.0007058878115891753,0.001145620041901294,2.563401512283277e-06,-0.0007058904731449883
3,0.003787920166342037,11.4562015096871,-2.659583371918851,-12.0,-9.717502408555548,12.0,-0.001853733198381311,0.000705791903663677,0.0007057892440802976,0.00114562015096871,2.56646550216218e-06,-0.0007057919036636697
3,0.0037881201663420372,11.45620275088426,-2.6576006507862,-12.0,-9.714528927627939,12.0,-0.001853631186270134,0.0007056928276841824,0.0007056901700835229,0.001145620275088426,2.563405250484215e-06,-0.0007056928276841739
3,0.003788320166342037,11.45620385374874,-2.655607748787534,-12.0,-9.711540106133164,12.0,-0.001853534765719538,0.0007055932357345703,0.0007055905801268141,0.001145620385374875,2.566466363372139e-06,-0.000705593235734563
3,0.003788520166342037,11.45620510700497,-2.653604572828498,-12.0,-9.708535948790962,12.0,-0.001853431735554126,0.000705493137596255,0.0007054904839916736,0.001145620510700497,2.563409010486425e-06,-0.0007054931375962465
3,0.003788720166342037,11.45620622205422,-2.651591222270663,-12.0,-9.705516460345326,12.0,-0.001853334291508593,0.0007053925238074735,0.0007053898722162441,0.001145620622205422,2.566467248945949e-06,-0.0007053925238074663
3,0.003788920166342037,11.45620748736411,-2.649567604137551,-12.0,-9.702481645564422,12.0,-0.00185323024391821,0.0007052914041426957,0.0007052887545750829,0.001145620748736411,2.563412792277872e-06,-0.000705291404142687
3,0.0037891201663420374,11.45620861459248,-2.647533817737485,-12.0,-9.699431509240647,12.0,-0.001853131777015462,0.0007051897691503235,0.0007051871216164984,0.001145620861459248,2.56646815886747e-06,-0.0007051897691503162
3,0.003789320166342037,11.45620989195057,-2.645489770211737,-12.0,-9.696366056190591,12.0,-0.001853026712635944,0.0007050876285978941,0.0007050849831081152,0.001145620989195057,2.563416595845701e-06,-0.0007050876285978855
3,0.003789520166342038,11.4562110313524,-2.643435560815462,-12.0,-9.693285291255002,12.0,-0.001852927223519111,0.0007049849730439612,0.0007049823296083931,0.00114562110313524,2.566469093120588e-06,-0.0007049849730439541
3,0.003789720166342038,11.45621232075315,-2.641371096807531,-12.0,-9.690189219298842,12.0,-0.001852821142992522,0.0007048818122491398,0.0007048791708780343,0.001145621232075315,2.563420421177803e-06,-0.0007048818122491311
3,0.003789920166342038,11.4562134723227,-2.639296477390077,-12.0,-9.687077845211238,12.0,-0.00185272063231326,0.0007047781367821235,0.0007047754974856389,0.00114562134723227,2.56647005168894e-06,-0.0007047781367821162
3,0.0037901201663420384,11.45621477376055,-2.637211609939389,-12.0,-9.683951173905458,12.0,-0.001852613536287878,0.0007046739563966154,0.0007046713191849968,0.001145621477376055,2.563424268261285e-06,-0.0007046739563966069
3,0.003790320166342038,11.45621593749201,-2.635116593604677,-12.0,-9.680809210318957,12.0,-0.001852512004702259,0.0007045692616714353,0.0007045666265548344,0.001145621593749201,2.566471034556147e-06,-0.0007045692616714281
3,0.003790520166342038,11.45621725096131,-2.633011335879529,-12.0,-9.677651959413309,12.0,-0.001852403893833717,0.0007044640623533866,0.000704461429342042,0.001145621725096131,2.563428137083531e-06,-0.000704464062353378
3,0.0037907201663420383,11.45621842684885,-2.630895935860314,-12.0,-9.674479426174253,12.0,-0.001852301342004914,0.0007043583490314012,0.0007043557181354582,0.001145621842684885,2.566472041705567e-06,-0.0007043583490313939
3,0.003790920166342038,11.4562197523439,-2.628770301157796,-12.0,-9.67129161561166,12.0,-0.001852192216954104,0.0007042521314453948,0.000704249502675085,0.001145621975234391,2.563432027631168e-06,-0.0007042521314453863
3,0.003791120166342038,11.45622094038159,-2.626634530815598,-12.0,-9.668088532759501,12.0,-0.001852088645552686,0.0007041454001943977,0.0007041427735598597,0.001145622094038159,2.566473073120273e-06,-0.0007041454001943904
3,0.003791320166342039,11.45622227789665,-2.624488532561492,-12.0,-9.66487018267589,12.0,-0.001851978506987793,0.0007040381650114483,0.0007040355405229072,0.001145622227789665,2.56343593989168e-06,-0.0007040381650114398
3,0.003791520166342039,11.45622347807854,-2.622332405386485,-12.0,-9.66163657044305,12.0,-0.00185187391668929,0.0007039304165056637,0.0007039277941732512,0.001145622347807854,2.566474128783683e-06,-0.0007039304165056565
3,0.0037917201663420393,11.45622482760779,-2.620166057135207,-12.0,-9.658387701167278,12.0,-0.001851762765284874,0.0007038221644032156,0.00070381954423715,0.001145622482760779,2.563439873851296e-06,-0.0007038221644032072
3,0.003791920166342039,11.45622603992784,-2.617989586746134,-12.0,-9.65512357997899,12.0,-0.001851657156771621,0.0007037133993232929,0.0007037107813336988,0.001145622603992784,2.566475208678608e-06,-0.0007037133993232857
3,0.003792120166342039,11.45622740146542,-2.615802902180639,-12.0,-9.65184421203269,12.0,-0.001851544993208131,0.0007036041309852138,0.000703601515182303,0.001145622740146542,2.563443829496894e-06,-0.0007036041309852052
3,0.003792320166342039,11.45622862591756,-2.613606102324756,-12.0,-9.648549602506938,12.0,-0.001851438367169457,0.0007034943500182256,0.000703491736412116,0.001145622862591756,2.566476312788093e-06,-0.0007034943500182182
3,0.003792520166342039,11.45622999945754,-2.611399095256425,-12.0,-9.645239756604362,12.0,-0.001851325192134363,0.0007033840661348021,0.0007033814547356984,0.001145622999945754,2.563447806814782e-06,-0.0007033840661347936
3,0.003792720166342039,11.45623123603563,-2.609181979809371,-12.0,-9.64191467955167,12.0,-0.001851217549265766,0.0007032732699742371,0.00070327066079225,0.001145623123603563,2.566477441094478e-06,-0.00070327326997423
3,0.003792920166342039,11.45623262157203,-2.606954664177978,-12.0,-9.638574376599623,12.0,-0.001851103363451822,0.000703161971242173,0.0007031593642875003,0.001145623262157203,2.563451805791464e-06,-0.0007031619712421645
3,0.00379312016634204,11.45623387026987,-2.604717247143723,-12.0,-9.635218853022993,12.0,-0.001850994704455523,0.0007030501605879342,0.0007030475558706797,0.001145623387026987,2.566478593580631e-06,-0.000703050160587927
3,0.00379332016634204,11.45623526779664,-2.602469637017288,-12.0,-9.631848114120624,12.0,-0.001850879508563499,0.0007029378477103421,0.0007029352452406967,0.001145623526779665,2.563455826412985e-06,-0.0007029378477103336
3,0.00379352016634204,11.45623652860799,-2.600211932528037,-12.0,-9.628462165215378,12.0,-0.001850769834146509,0.0007028250232687413,0.0007028224230568016,0.001145623652860799,2.566479770228981e-06,-0.0007028250232687342
3,0.00379372016634204,11.45623793811905,-2.597944042102781,-12.0,-9.625061011654116,12.0,-0.001850653628882391,0.000702711696955142,0.0007027090990110914,0.001145623793811905,2.563459868665328e-06,-0.0007027116969551335
3,0.00379392016634204,11.45623921103759,-2.59566606441886,-12.0,-9.621644658807728,12.0,-0.001850542939760443,0.0007025978594388943,0.0007025952637728226,0.001145623921103759,2.566480971021845e-06,-0.0007025978594388869
3,0.0037941201663420398,11.45624063252677,-2.5933779080191,-12.0,-9.618213112071116,12.0,-0.001850425725837425,0.00070248352040521,0.0007024809270272935,0.001145624063252677,2.563463932534341e-06,-0.0007024835204052016
3,0.0037943201663420403,11.45624191754615,-2.591079671528898,-12.0,-9.614766376863138,12.0,-0.001850314022730836,0.000702368670533431,0.0007023660794537523,0.001145624191754615,2.566482195941268e-06,-0.000702368670533424
3,0.00379452016634204,11.45624335100723,-2.588771263606944,-12.0,-9.61130445862667,12.0,-0.001850195800867619,0.000702253319501981,0.000702250730730709,0.001145624335100723,2.563468018005841e-06,-0.0007022533195019726
3,0.00379472016634204,11.45624464812102,-2.586452782826817,-12.0,-9.607827362828564,12.0,-0.001850083084503949,0.0007021374580001819,0.0007021348715473919,0.001145624464812102,2.566483444969441e-06,-0.0007021374580001747
3,0.003794920166342041,11.45624609354775,-2.584124137962909,-12.0,-9.604335094959618,12.0,-0.001849963855426282,0.0007020210956996793,0.0007020185115755329,0.001145624609354775,2.563472125065346e-06,-0.0007020210956996709
3,0.0037951201663420408,11.45624740274946,-2.581785427537049,-12.0,-9.60082766053458,12.0,-0.001849850126539887,0.0007019042232997601,0.0007019016415143255,0.001145624740274946,2.566484718088159e-06,-0.0007019042232997532
3,0.0037953201663420413,11.4562488601355,-2.579436560439234,-12.0,-9.59730506509221,12.0,-0.001849729890979356,0.0007017868504653056,0.0007017842710287369,0.00114562488601355,2.56347625369837e-06,-0.0007017868504652976
3,0.003795520166342041,11.45625018141861,-2.577077635139659,-12.0,-9.593767314195144,12.0,-0.001849615150309649,0.0007016689679055555,0.0007016663908279133,0.001145625018141861,2.566486015279187e-06,-0.0007016689679055486
3,0.003795720166342041,11.45625165075758,-2.574708560643705,-12.0,-9.590214413429955,12.0,-0.001849493909005362,0.0007015505852786333,0.0007015480105700642,0.001145625165075758,2.563480403890152e-06,-0.000701550585278625
3,0.003795920166342041,11.45625298411548,-2.572329435370068,-12.0,-9.586646368407196,12.0,-0.001849378157298937,0.00070143169330372,0.0007014291209742774,0.001145625298411548,2.566487336524127e-06,-0.0007014316933037129
3,0.003796120166342041,11.45625446540094,-2.569940168439416,-12.0,-9.58306318476128,12.0,-0.001849255910995165,0.0007013123016321946,0.000701309731692018,0.001145625446540094,2.563484575626028e-06,-0.0007013123016321864
3,0.003796320166342041,11.45625581082699,-2.567540858218969,-12.0,-9.57946486815053,12.0,-0.001849139149004363,0.0007011924009931634,0.0007011898334522979,0.001145625581082699,2.566488681804442e-06,-0.0007011924009931562
3,0.003796520166342042,11.45625730405243,-2.565131413944558,-12.0,-9.575851424257193,12.0,-0.001849015898452239,0.0007010720010312719,0.0007010694358998497,0.001145625730405243,2.563488768890934e-06,-0.0007010720010312636
3,0.003796720166342042,11.45625866153992,-2.562711933932066,-12.0,-9.572222858787399,12.0,-0.001848898126937298,0.0007009510924855404,0.0007009485297735994,0.001145625866153992,2.566490051101592e-06,-0.0007009510924855332
3,0.003796920166342042,11.4562601666988,-2.560282327532299,-12.0,-9.568579177471126,12.0,-0.0018487738728943,0.000700829684993891,0.000700827124711555,0.00114562601666988,2.5634929836697e-06,-0.0007008296849938827
3,0.003797120166342042,11.45626153624096,-2.557842693009895,-12.0,-9.564920386062255,12.0,-0.001848655092620671,0.0007007077693052428,0.000700705211462543,0.001145626153624096,2.56649144439659e-06,-0.000700707769305236
3,0.003797320166342042,11.45626305332666,-2.555392939830534,-12.0,-9.561246490338528,12.0,-0.00184852983585018,0.0007005853550508078,0.0007005827996578596,0.001145626305332666,2.563497219946755e-06,-0.0007005853550507994
3,0.003797520166342042,11.45626443491667,-2.552933166207672,-12.0,-9.557557496101506,12.0,-0.001848410047589611,0.0007004624329893903,0.0007004598800562171,0.001145626443491667,2.566492861670823e-06,-0.0007004624329893833
3,0.003797720166342042,11.45626596392251,-2.550463281721703,-12.0,-9.553853409176627,12.0,-0.001848283788862331,0.0007003390127455007,0.0007003364622822106,0.001145626596392251,2.563501477707224e-06,-0.0007003390127454925
3,0.0037979201663420423,11.4562673575535,-2.547983384535043,-12.0,-9.550134235413159,12.0,-0.001848162993393028,0.0007002150850878186,0.0007002125371044271,0.00114562673575535,2.566494302904934e-06,-0.0007002150850878116
3,0.003798120166342042,11.45626889847275,-2.545493384342636,-12.0,-9.546399980684175,12.0,-0.001848035733485583,0.000700090659634162,0.0007000881141407693,0.001145626889847275,2.563505756935169e-06,-0.0007000906596341538
3,0.003798320166342043,11.45627030413777,-2.542993379255914,-12.0,-9.54265065088655,12.0,-0.001847913931591826,0.0006999657271630707,0.0006999631841696844,0.001145627030413778,2.566495768079836e-06,-0.0006999657271630636
3,0.003798520166342043,11.45627185696365,-2.540483279084276,-12.0,-9.538886251941033,12.0,-0.001847785671286611,0.0006998402972856841,0.0006998377568023966,0.001145627185696366,2.563510057615099e-06,-0.0006998402972856758
3,0.003798720166342043,11.45627327465573,-2.537963181888278,-12.0,-9.5351067897921,12.0,-0.001847662863759759,0.0006997143607903893,0.0006997118228272003,0.001145627327465573,2.566497257176381e-06,-0.0006997143607903821
3,0.0037989201663420433,11.45627483938139,-2.535432997591561,-12.0,-9.531312270408016,12.0,-0.001847533603846678,0.0006995879272816536,0.0006995853918486478,0.001145627483938139,2.563514379730842e-06,-0.0006995879272816455
3,0.003799120166342043,11.45627626909346,-2.532892824203946,-12.0,-9.527502699780891,12.0,-0.001847409791484138,0.0006994609875577015,0.0006994584546648702,0.001145627626909346,2.566498770174679e-06,-0.0006994609875576945
3,0.003799320166342043,11.45627784571201,-2.530342571763207,-12.0,-9.523678083926532,12.0,-0.001847279532757745,0.0006993335512163408,0.0006993310208737608,0.001145627784571201,2.563518723266824e-06,-0.0006993335512163326
3,0.0037995201663420432,11.45627928743696,-2.527782338228441,-12.0,-9.519838428884523,12.0,-0.001847154716363325,0.0006992056090656153,0.00069920308128327,0.001145627928743696,2.566500307055555e-06,-0.0006992056090656082
3,0.003799720166342043,11.45628087594144,-2.525212033751435,-12.0,-9.515983740718209,12.0,-0.001847023459625978,0.0006990771706966856,0.0006990746454846436,0.001145628087594144,2.563523088206774e-06,-0.0006990771706966774
3,0.003799920166342043,11.45628232967211,-2.522631756240708,-12.0,-9.51211402551468,12.0,-0.001846897640009402,0.0006989482269274042,0.0006989457042956409,0.001145628232967211,2.566501867798884e-06,-0.0006989482269273972
3,0.003800120166342044,11.45628393005549,-2.520041415961881,-12.0,-9.508229289384728,12.0,-0.001846765386069231,0.0006988187873422931,0.0006988162673008687,0.001145628393005549,2.563527474534303e-06,-0.0006988187873422847
3,0.003800320166342044,11.45628539578468,-2.51744111077296,-12.0,-9.504329538462887,12.0,-0.001846638564046596,0.0006986888427689996,0.0006986863253278819,0.001145628539578468,2.566503452385259e-06,-0.0006986888427689927
3,0.0038005201663420442,11.45628700803989,-2.514830751053304,-12.0,-9.500414778907412,12.0,-0.001846505313718314,0.0006985584027854192,0.0006985558879546599,0.001145628700803989,2.563531882232921e-06,-0.0006985584027854109
3,0.003800720166342044,11.45628848576029,-2.512210434610481,-12.0,-9.496485016900216,12.0,-0.001846377490112773,0.0006984274582289804,0.0006984249460185388,0.00114562884857603,2.566505060794362e-06,-0.0006984274582289736
3,0.003800920166342044,11.45629010988022,-2.509580071937409,-12.0,-9.492540258646944,12.0,-0.001846243244217099,0.0006982960186709616,0.0006982935090908814,0.001145629010988022,2.563536311286208e-06,-0.0006982960186709535
3,0.003801120166342044,11.45629159958451,-2.506939760791367,-12.0,-9.488580510376917,12.0,-0.00184611441985653,0.000698164074958562,0.0006981615680187941,0.001145629159958451,2.566506693006104e-06,-0.000698164074958555
3,0.003801320166342044,11.45629323556195,-2.504289411778668,-12.0,-9.484605778343095,12.0,-0.001845979179221129,0.000698031636656451,0.0006980291323670309,0.001145629323556195,2.563540761677442e-06,-0.0006980316366564427
3,0.003801520166342044,11.45629473724274,-2.501629122606359,-12.0,-9.480616068822135,12.0,-0.00184584935494173,0.0006978986946215846,0.000697896192992455,0.001145629473724274,2.566508349000183e-06,-0.0006978986946215777
3,0.003801720166342044,11.45629638507045,-2.498958803994052,-12.0,-9.476611388114344,12.0,-0.001845713120399444,0.0006977652584120373,0.0006977627594532251,0.001145629638507045,2.563545233389768e-06,-0.0006977652584120293
3,0.003801920166342045,11.45629789872029,-2.496278553598644,-12.0,-9.47259174254365,12.0,-0.001845582297041908,0.0006976313188945075,0.0006976288226159469,0.001145629789872029,2.566510028756181e-06,-0.0006976313188945005
3,0.003802120166342045,11.45629955839097,-2.493588282252866,-12.0,-9.468557138457607,12.0,-0.001845445069432703,0.0006974968856204823,0.0006974943920321916,0.001145629955839097,2.56354972640626e-06,-0.0006974968856204741
3,0.003802320166342045,11.45630108400235,-2.490888087563577,-12.0,-9.464507582227418,12.0,-0.001845313247845785,0.0006973619494663908,0.0006973594585782964,0.001145630108400235,2.566511732253631e-06,-0.0006973619494663841
3,0.003802520166342045,11.45630275550863,-2.48817788047652,-12.0,-9.460443080247899,12.0,-0.001845175028015675,0.000697226519977146,0.0006972240317992574,0.001145630275550863,2.563554240709546e-06,-0.000697226519977138
3,0.003802720166342045,11.45630429307399,-2.485457758548562,-12.0,-9.456363638937427,12.0,-0.001845042209053066,0.0006970905880388932,0.000697088102581128,0.001145630429307399,2.56651345947179e-06,-0.0006970905880388865
3,0.0038029201663420447,11.45630597640847,-2.4827276328383,-12.0,-9.45226926473801,12.0,-0.001844902997854396,0.0006969541631899791,0.0006969516804623383,0.001145630597640847,2.56355877628267e-06,-0.0006969541631899711
3,0.0038031201663420453,11.45630752592019,-2.479987600852756,-12.0,-9.448159964115236,12.0,-0.001844769182375434,0.000696817236326255,0.0006968147563386471,0.001145630752592019,2.566515210389834e-06,-0.0006968172363262481
3,0.003803320166342045,11.45630922107537,-2.477237573763202,-12.0,-9.444035743558228,12.0,-0.001844628980667231,0.0006966798169795105,0.0006966773397419287,0.001145630922107537,2.563563333108124e-06,-0.0006966798169795026
3,0.003803520166342045,11.45631078252578,-2.474477649026882,-12.0,-9.439896609579703,12.0,-0.00184449416954001,0.000696541896055289,0.0006965394215776331,0.001145631078252578,2.566516984986887e-06,-0.0006965418960552821
3,0.003803720166342046,11.45631248949414,-2.471707737927656,-12.0,-9.435742568715932,12.0,-0.001844352978186569,0.0006964034830788358,0.0006964010113710898,0.001145631248949414,2.563567911168219e-06,-0.0006964034830788278
3,0.0038039201663420457,11.4563140628755,-2.46892793787304,-12.0,-9.431573627526689,12.0,-0.001844217172283073,0.0006962645689653716,0.0006962621000374269,0.00114563140628755,2.566518783241731e-06,-0.0006962645689653649
3,0.0038041201663420463,11.45631578164945,-2.466138160259332,-12.0,-9.427389792595324,12.0,-0.001844074992155952,0.0006961251632336074,0.000696122697095439,0.001145631578164945,2.563572510445258e-06,-0.0006961251632335993
3,0.003804320166342046,11.45631736695396,-2.463338502444435,-12.0,-9.42319107052866,12.0,-0.001843938192355654,0.0006959852568084293,0.00069598279346992,0.001145631736695397,2.56652060513338e-06,-0.0006959852568084225
3,0.003804520166342046,11.45631909752586,-2.460528875936917,-12.0,-9.418977467957065,12.0,-0.001843795024332095,0.000695844859202023,0.000695842398673139,0.001145631909752586,2.563577130921553e-06,-0.0006958448592020148
3,0.003804720166342046,11.45632069474569,-2.457709378045185,-12.0,-9.414748991534402,12.0,-0.001843657231521204,0.0006957039613489284,0.0006957015036395437,0.001145632069474569,2.566522450640033e-06,-0.0006957039613489218
3,0.003804920166342046,11.45632243710782,-2.454879920389919,-12.0,-9.410505647937992,12.0,-0.001843513076484917,0.0006955625727548155,0.000695560117874887,0.001145632243710782,2.563581772579104e-06,-0.0006955625727548073
3,0.003805120166342046,11.45632404623505,-2.452040600230089,-12.0,-9.406247443868663,12.0,-0.001843374291553872,0.0006954206843638642,0.0006954182323232572,0.001145632404623505,2.566524319740664e-06,-0.0006954206843638574
3,0.003805320166342046,11.45632580037966,-2.449191329298394,-12.0,-9.401974386050716,12.0,-0.001843229150395757,0.0006952783056752402,0.000695275856483903,0.001145632580037967,2.56358643539951e-06,-0.0006952783056752322
3,0.003805520166342047,11.45632742140634,-2.446332204804431,-12.0,-9.397686481231863,12.0,-0.001843089374242884,0.0006951354276427501,0.0006951329813105386,0.001145632742140634,2.566526212413363e-06,-0.0006951354276427433
3,0.003805720166342047,11.45632918732561,-2.443463138592754,-12.0,-9.39338373618332,12.0,-0.001842943247857747,0.0006949920597590647,0.0006949896162959182,0.001145632918732561,2.563591119364904e-06,-0.0006949920597590567
3,0.003805920166342047,11.45633082024371,-2.4405842278237,-12.0,-9.389066157699682,12.0,-0.001842802481387498,0.0006948481929876049,0.0006948457524033704,0.001145633082024371,2.56652812863648e-06,-0.0006948481929875982
3,0.003806120166342047,11.45633259792975,-2.437695384453524,-12.0,-9.384733752599008,12.0,-0.001842655370678841,0.0006947038368145564,0.000694701399119164,0.001145633259792975,2.563595824456573e-06,-0.0006947038368145483
3,0.003806320166342047,11.45633424273121,-2.434796705593406,-12.0,-9.380386527722768,12.0,-0.001842513614801265,0.0006945589822129429,0.0006945565474162307,0.001145633424273121,2.566530068388271e-06,-0.0006945589822129363
3,0.0038065201663420468,11.4563360321761,-2.431888103311144,-12.0,-9.3760244899358,12.0,-0.001842365520677624,0.0006944136386624734,0.0006944112067743621,0.00114563360321761,2.563600550655961e-06,-0.0006944136386624656
3,0.0038067201663420473,11.45633768885276,-2.428969674668835,-12.0,-9.37164764612638,12.0,-0.001842222776309555,0.0006942677971457613,0.0006942653681760799,0.001145633768885276,2.566532031646638e-06,-0.0006942677971457546
3,0.003806920166342047,11.45633949004851,-2.426041331845698,-12.0,-9.367256003206121,12.0,-0.001842073699685757,0.0006941214671360502,0.0006941190410947104,0.001145633949004851,2.563605297944503e-06,-0.0006941214671360424
3,0.003807120166342048,11.4563411585922,-2.42310317185481,-12.0,-9.362849568110036,12.0,-0.001841929967749894,0.0006939746396255294,0.0006939722165223507,0.00114563411585922,2.566534018389256e-06,-0.0006939746396255226
3,0.003807320166342048,11.45634297153076,-2.420155106986702,-12.0,-9.358428347796501,12.0,-0.00184177990954726,0.0006938273240809879,0.0006938249039258728,0.001145634297153076,2.56361006630335e-06,-0.00069382732408098
3,0.0038075201663420478,11.45634465193322,-2.417197234205495,-12.0,-9.353992349247198,12.0,-0.001841635190973084,0.000693679511504177,0.000693677094306936,0.001145634465193322,2.566536028593946e-06,-0.0006936795115041703
3,0.0038077201663420483,11.45634647660648,-2.414229465912862,-12.0,-9.349541579467193,12.0,-0.001841484152119069,0.000693531211355441,0.0006935287971259672,0.001145634647660648,2.563614855713664e-06,-0.0006935312113554331
3,0.003807920166342048,11.45634816885943,-2.411251899024108,-12.0,-9.345076045484864,12.0,-0.001841338447841058,0.0006933824146460824,0.0006933800033941767,0.001145634816885943,2.566538062238125e-06,-0.0006933824146460757
3,0.003808120166342048,11.45635000525922,-2.408264446051874,-12.0,-9.340595754351881,12.0,-0.001841186429268573,0.0006932331308300086,0.0006932307225655547,0.001145635000525922,2.563619666156261e-06,-0.0006932331308300007
3,0.0038083201663420482,11.45635170935428,-2.405267203862711,-12.0,-9.336100713143244,12.0,-0.00184103974022929,0.00069308335092806,0.0006930809456608493,0.001145635170935428,2.566540119299418e-06,-0.0006930833509280534
3,0.003808520166342048,11.45635355747238,-2.402260085080138,-12.0,-9.33159092895725,12.0,-0.001840886742879257,0.0006929330843877191,0.0006929306821276261,0.001145635355747238,2.563624497611694e-06,-0.0006929330843877111
3,0.003808720166342048,11.45635527340114,-2.39924318652201,-12.0,-9.32706640891545,12.0,-0.00184073907002639,0.0006927823222393506,0.0006927799229961576,0.001145635527340114,2.566542199755092e-06,-0.000692782322239344
3,0.003808920166342049,11.45635713322928,-2.396216420922535,-12.0,-9.322527160162654,12.0,-0.001840585094844107,0.0006926310739240198,0.000692628677707591,0.001145635713322928,2.563629350060657e-06,-0.000692631073924012
3,0.003809120166342049,11.45635886098326,-2.393179885051016,-12.0,-9.317973189867006,12.0,-0.001840436439130338,0.0006924793304816058,0.0006924769373017139,0.001145635886098326,2.566544303582432e-06,-0.0006924793304815991
3,0.0038093201663420492,11.45636073251311,-2.390133491752234,-12.0,-9.313404505219822,12.0,-0.00184028148706838,0.0006923271013467669,0.0006923247112132671,0.001145636073251311,2.563634223483723e-06,-0.0006923271013467589
3,0.003809520166342049,11.45636247208378,-2.387077337746934,-12.0,-9.308821113435666,12.0,-0.001840131849455061,0.0006921743775688799,0.0006921719904915356,0.001145636247208378,2.566546430758185e-06,-0.0006921743775688732
3,0.003809720166342049,11.45636435530693,-2.384011335990351,-12.0,-9.304223021752351,12.0,-0.001839975921471515,0.000692021168576208,0.0006920187845648641,0.001145636435530693,2.563639117861153e-06,-0.0006920211685762
3,0.003809920166342049,11.4563661066857,-2.380935583154816,-12.0,-9.299610237430906,12.0,-0.001839825302924185,0.0006918674654276158,0.0006918650844920258,0.00114563661066857,2.566548581259542e-06,-0.0006918674654276091
3,0.003810120166342049,11.45636800159372,-2.377849992305825,-12.0,-9.29498276775552,12.0,-0.001839668399984369,0.0006917132775449774,0.0006917108996949772,0.001145636800159372,2.563644033173129e-06,-0.0006917132775449696
3,0.0038103201663420494,11.45636976477194,-2.374754660067359,-12.0,-9.29034062003361,12.0,-0.001839516801476061,0.0006915585959966318,0.000691556221241965,0.001145636976477194,2.566550755063101e-06,-0.0006915585959966253
3,0.003810520166342049,11.45637167135631,-2.371649499615086,-12.0,-9.28568380159578,12.0,-0.001839358924550056,0.0006914034301980773,0.0006914010585485699,0.001145637167135631,2.563648969399658e-06,-0.0006914034301980695
3,0.00381072016634205,11.45637344632529,-2.368534607524688,-12.0,-9.281012319795751,12.0,-0.001839206347058498,0.0006912477712271131,0.0006912454026924989,0.001145637344632529,2.566552952145665e-06,-0.0006912477712271064
3,0.00381092016634205,11.45637536457745,-2.365409897081833,-12.0,-9.276326182010443,12.0,-0.001839047497124089,0.0006910916284928689,0.0006910892630829639,0.001145637536457744,2.563653926520764e-06,-0.0006910916284928611
3,0.00381112016634205,11.45637715132842,-2.362275464814044,-12.0,-9.271625395639923,12.0,-0.001838893941634945,0.0006909349930825945,0.0006909326308071231,0.001145637715132842,2.566555172483443e-06,-0.000690934993082588
3,0.0038113201663420504,11.45637908123974,-2.359131224116834,-12.0,-9.26690996810736,12.0,-0.001838734119674647,0.0006907778743990604,0.0006907755152678284,0.001145637908123974,2.563658904516171e-06,-0.0006907778743990527
3,0.00381152016634205,11.45638087976389,-2.355977271469582,-12.0,-9.26217990685903,12.0,-0.001838579587178316,0.0006906202635389515,0.0006906179075616734,0.001145638087976389,2.566557416053296e-06,-0.0006906202635389449
3,0.0038117201663420497,11.45638282132569,-2.352813520377567,-12.0,-9.2574352193644,12.0,-0.001838418794181746,0.000690462169898691,0.0006904598170851629,0.001145638282132569,2.56366390336538e-06,-0.0006904621698986834
3,0.0038119201663420503,11.45638463161415,-2.349640067272139,-12.0,-9.252675913115954,12.0,-0.001838263285675442,0.0006903035845843882,0.0006903012349443144,0.001145638463161415,2.566559682831084e-06,-0.0006903035845843816
3,0.00381212016634205,11.4563865848177,-2.346456825768099,-12.0,-9.247901995629256,12.0,-0.001838101522637903,0.0006901445169861236,0.0006901421705292898,0.00114563865848177,2.563668923047874e-06,-0.0006901445169861158
3,0.00381232016634205,11.45638840686153,-2.343263892248895,-12.0,-9.24311347444303,12.0,-0.001837945039125209,0.0006899849582194201,0.0006899826149555213,0.001145638840686153,2.566561972793279e-06,-0.0006899849582194135
3,0.003812520166342051,11.45639037169803,-2.340061180438769,-12.0,-9.238310357118976,12.0,-0.001837782307048307,0.0006898249176680285,0.0006898225776068403,0.001145639037169804,2.563673963543172e-06,-0.0006898249176680208
3,0.0038127201663420507,11.45639220548825,-2.336848786673235,-12.0,-9.233492651241844,12.0,-0.001837624849538354,0.0006896643864568676,0.0006896620496080742,0.001145639220548825,2.566564285915434e-06,-0.000689664386456861
3,0.0038129201663420513,11.45639418194886,-2.333626624785885,-12.0,-9.228660364419508,12.0,-0.001837461149430103,0.00068950337396337,0.0006895010403367372,0.001145639418194886,2.563679024830398e-06,-0.0006895033739633623
3,0.003813120166342051,11.45639602747642,-2.330394791064436,-12.0,-9.223813504282775,12.0,-0.001837302718938317,0.0006893418713218404,0.0006893395409270428,0.001145639602747642,2.566566622173715e-06,-0.000689341871321834
3,0.003813320166342051,11.45639801555223,-2.327153199451586,-12.0,-9.218952078485488,12.0,-0.001837138051812801,0.0006891798879033978,0.0006891775607501907,0.001145639801555223,2.563684106888449e-06,-0.0006891798879033902
3,0.003813520166342051,11.45639987280802,-2.323901946187362,-12.0,-9.214076094704517,12.0,-0.001836978649360959,0.0006890174148517221,0.0006890150909497693,0.001145639987280802,2.566568981543706e-06,-0.0006890174148517155
3,0.003813720166342051,11.45640187249006,-2.32064094532349,-12.0,-9.209185560639717,12.0,-0.001836813016236949,0.0006888544615316307,0.0006888521408906775,0.001145640187249006,2.563689209696713e-06,-0.0006888544615316228
3,0.003813920166342051,11.45640374146494,-2.317370293052321,-12.0,-9.204280484013884,12.0,-0.001836652642853799,0.0006886910190961626,0.000688688701725863,0.001145640374146494,2.566571364000899e-06,-0.0006886910190961563
3,0.003814120166342051,11.45640575274418,-2.314089903534459,-12.0,-9.199360872572814,12.0,-0.001836486044758366,0.0006885270969038432,0.0006885247828139319,0.001145640575274418,2.563694333233524e-06,-0.0006885270969038356
3,0.003814320166342052,11.45640763342893,-2.310799872914712,-12.0,-9.194426734085262,12.0,-0.001836324701476174,0.0006883626861170616,0.0006883603753171821,0.001145640763342893,2.566573769521021e-06,-0.000688362686117055
3,0.003814520166342052,11.45640965629629,-2.307500115462383,-12.0,-9.189478076342876,12.0,-0.00183615713944184,0.0006881977960880571,0.0006881954885879338,0.001145640965629629,2.563699477477745e-06,-0.0006881977960880494
3,0.003814720166342052,11.45641154868164,-2.304190727274789,-12.0,-9.184514907160278,12.0,-0.001835994827301601,0.0006880324179885555,0.0006880301137978216,0.001145641154868164,2.566576198079205e-06,-0.0006880324179885488
3,0.003814920166342052,11.45641358312799,-2.300871622729852,-12.0,-9.179537234375003,12.0,-0.001835826302366859,0.0006878665611645228,0.0006878642602928922,0.001145641358312799,2.563704642407839e-06,-0.0006878665611645151
3,0.003815120166342052,11.45641548720461,-2.297542897877452,-12.0,-9.174545065847461,12.0,-0.001835663022414048,0.0006877002167970073,0.0006876979192541029,0.001145641548720461,2.566578649650734e-06,-0.0006877002167970009
3,0.0038153201663420518,11.45641753322075,-2.294204467203928,-12.0,-9.169538409460941,12.0,-0.001835493535622709,0.000687533394225709,0.000687531100021234,0.001145641753322075,2.563709828002161e-06,-0.0006875333942257014
3,0.0038155201663420523,11.45641944897925,-2.290856426711866,-12.0,-9.164517273121689,12.0,-0.001835329288910296,0.0006873660846409888,0.0006873637937845555,0.001145641944897925,2.566581124210492e-06,-0.0006873660846409824
3,0.003815720166342052,11.45642150655593,-2.287498690995911,-12.0,-9.159481664758742,12.0,-0.001835158841313078,0.0006871982973762909,0.0006871960098775921,0.001145642150655593,2.563715034239017e-06,-0.0006871982973762832
3,0.003815920166342052,11.45642343398686,-2.284131356011335,-12.0,-9.154431592323995,12.0,-0.001834993628898485,0.0006870300236312724,0.00068702773949991,0.001145642343398686,2.56658362173366e-06,-0.0006870300236312659
3,0.003816120166342053,11.45642550311478,-2.280754336460973,-12.0,-9.149367063792216,12.0,-0.001834822221552303,0.0006868612727331319,0.0006868589919787878,0.001145642550311478,2.563720261096579e-06,-0.0006868612727331244
3,0.0038163201663420528,11.45642744220865,-2.277367728252932,-12.0,-9.144288087161005,12.0,-0.001834656044500829,0.0006866920358908138,0.0006866897585230791,0.001145642744220865,2.566586142194895e-06,-0.0006866920358908074
3,0.0038165201663420533,11.45642952287843,-2.273971446198033,-12.0,-9.139194670450726,12.0,-0.001834483678468473,0.0006865223224252771,0.0006865200484538231,0.001145642952287843,2.563725508552603e-06,-0.0006865223224252694
3,0.003816720166342053,11.45643147362568,-2.270565586157263,-12.0,-9.134086821704596,12.0,-0.001834316537849746,0.0006863521235547399,0.0006863498529891471,0.001145643147362568,2.566588685568846e-06,-0.0006863521235547334
3,0.003816920166342053,11.4564335658279,-2.267150063049359,-12.0,-9.128964548988618,12.0,-0.001834143214200232,0.0006861814485939336,0.0006861791814438628,0.00114564335658279,2.563730776585201e-06,-0.000686181448593926
3,0.003817120166342053,11.45643552821892,-2.263724972688229,-12.0,-9.123827860391533,12.0,-0.001833975111091022,0.0006860102887703368,0.0006860080250453576,0.001145643552821892,2.56659125183007e-06,-0.0006860102887703304
3,0.003817320166342053,11.45643763194409,-2.26029023010036,-12.0,-9.118676764024888,12.0,-0.001833800830899214,0.0006858386533924606,0.0006858363931022228,0.00114564376319441,2.563736065171719e-06,-0.0006858386533924529
3,0.003817520166342053,11.45643960596922,-2.256845931052708,-12.0,-9.11351126802298,12.0,-0.001833631766381512,0.0006856665336970338,0.0006856642768510962,0.001145643960596922,2.566593840953112e-06,-0.0006856665336970274
3,0.003817720166342054,11.45644172120781,-2.253391990679328,-12.0,-9.108331380542804,12.0,-0.001833456530728157,0.0006854939389863554,0.000685491685594357,0.001145644172120781,2.563741374289839e-06,-0.0006854939389863477
3,0.003817920166342054,11.4564437068573,-2.249928504700284,-12.0,-9.103137109764125,12.0,-0.001833286505892066,0.0006853208605063905,0.0006853186105778794,0.00114564437068573,2.566596452912105e-06,-0.0006853208605063841
3,0.003818120166342054,11.45644583359973,-2.246455388357114,-12.0,-9.097928463889417,12.0,-0.001833110315863865,0.0006851473075532379,0.000685145061097842,0.001145644583359973,2.56374670391712e-06,-0.0006851473075532304
3,0.003818320166342054,11.4564478308638,-2.242972737323028,-12.0,-9.092705451143816,12.0,-0.001832939331803086,0.0006849732713820854,0.0006849710284093414,0.00114564478308638,2.566599087681059e-06,-0.0006849732713820789
3,0.003818520166342054,11.45644996910039,-2.239480466946892,-12.0,-9.087468079775203,12.0,-0.001832762188493968,0.0006847987612828388,0.0006847965218023641,0.001145644996910039,2.563752054030658e-06,-0.0006847987612828311
3,0.003818720166342054,11.45645197796921,-2.235978672855156,-12.0,-9.082216358054069,12.0,-0.001832590246308901,0.0006846237685198979,0.0006846215325412183,0.001145645197796921,2.566601745234388e-06,-0.0006846237685198914
3,0.003818920166342054,11.45645412769026,-2.232467270503864,-12.0,-9.076950294273633,12.0,-0.001832412150817719,0.0006844483023769846,0.0006844460699097064,0.001145645412769026,2.563757424607773e-06,-0.0006844483023769769
3,0.0038191201663420543,11.45645614815393,-2.228946355472782,-12.0,-9.071669896749695,12.0,-0.001832239251615367,0.0006842723541276976,0.0006842701251813357,0.001145645614815393,2.566604425545609e-06,-0.0006842723541276912
3,0.003819320166342054,11.45645830934968,-2.225415843324978,-12.0,-9.06637517382074,12.0,-0.001832060205046861,0.0006840959330495837,0.0006840937076337327,0.001145645830934968,2.563762815625248e-06,-0.0006840959330495762
3,0.003819520166342055,11.45646034139823,-2.22187582959364,-12.0,-9.061066133847874,12.0,-0.001831886349940618,0.0006839190304254298,0.0006839168085495937,0.001145646034139824,2.56660712858867e-06,-0.0006839190304254234
3,0.003819720166342055,11.45646251405885,-2.218326229948695,-12.0,-9.055742785214765,12.0,-0.001831706353406331,0.0006837416555266147,0.0006837394372003771,0.001145646251405885,2.563768227060193e-06,-0.0006837416555266071
3,0.003819920166342055,11.45646455768229,-2.214767139876786,-12.0,-9.050405136327722,12.0,-0.001831531543514595,0.0006835637996451,0.0006835615848779536,0.001145646455768229,2.56660985433707e-06,-0.0006835637996450936
3,0.0038201201663420553,11.45646674179788,-2.211198475154627,-12.0,-9.045053195615635,12.0,-0.001831350598131674,0.0006833854720461085,0.0006833832608476256,0.001145646674179789,2.563773658889141e-06,-0.0006833854720461009
3,0.003820320166342055,11.45646879698614,-2.207620331222361,-12.0,-9.039686971529923,12.0,-0.001831174834579435,0.0006832066640307625,0.000683204456410425,0.001145646879698614,2.566612602764575e-06,-0.0006832066640307563
3,0.003820520166342055,11.45647099254678,-2.204032623963319,-12.0,-9.03430647254461,12.0,-0.001830992941471175,0.0006830273848581366,0.0006830251808255052,0.001145647099254678,2.563779111088524e-06,-0.0006830273848581291
3,0.0038207201663420553,11.45647305928972,-2.200435448771243,-12.0,-9.028911707156213,12.0,-0.001830816225388188,0.0006828476258385035,0.0006828454254030482,0.001145647305928972,2.566615373844344e-06,-0.0006828476258384971
3,0.003820920166342055,11.45647526628541,-2.19682872163593,-12.0,-9.023502683883818,12.0,-0.001830633385683681,0.0006826673962247964,0.0006826651993960672,0.001145647526628541,2.563784583635224e-06,-0.0006826673962247888
3,0.003821120166342055,11.45647734457286,-2.19321253790481,-12.0,-9.018079411269024,12.0,-0.001830455718208141,0.0006824866873364277,0.0006824844941238833,0.001145647734457286,2.566618167549503e-06,-0.0006824866873364214
3,0.003821320166342056,11.45647956299355,-2.189586813673988,-12.0,-9.012641897875891,12.0,-0.001830271933043191,0.0006823055084201979,0.0006823033188333767,0.001145647956299355,2.563790076505356e-06,-0.0006823055084201904
3,0.003821520166342056,11.45648165281525,-2.185951644244625,-12.0,-9.007190152291006,12.0,-0.001830093315317001,0.0006821238508046445,0.0006821216648529939,0.001145648165281525,2.566620983853437e-06,-0.0006821238508046382
3,0.0038217201663420563,11.45648388265082,-2.182306945819045,-12.0,-9.001724183123438,12.0,-0.001829908585832274,0.0006819417237304468,0.0006819395414234934,0.001145648388265082,2.563795589675081e-06,-0.0006819417237304393
3,0.003821920166342056,11.4564859839965,-2.178652813652186,-12.0,-8.996243999004665,12.0,-0.001829729019004565,0.0006817591185352544,0.0006817569398824343,0.00114564859839965,2.566623822729106e-06,-0.000681759118535248
3,0.003822120166342056,11.45648822523679,-2.174989164052421,-12.0,-8.990749608588667,12.0,-0.001829543346347474,0.0006815760444536321,0.0006815738694644605,0.001145648822523679,2.563801123120348e-06,-0.0006815760444536245
3,0.003822320166342056,11.45649033809608,-2.171316092228587,-12.0,-8.985241020551843,12.0,-0.001829362831573149,0.0006813924928323321,0.0006813903215162334,0.001145649033809608,2.566626684149147e-06,-0.0006813924928323257
3,0.003822520166342056,11.45649259073086,-2.167633514594939,-12.0,-8.979718243592984,12.0,-0.001829176216896949,0.0006812084728998121,0.0006812063052662898,0.001145649259073086,2.563806676817275e-06,-0.0006812084728998046
3,0.003822720166342056,11.45649471509336,-2.163941526314259,-12.0,-8.974181286433332,12.0,-0.001828994755336002,0.0006810239760119135,0.0006810218120703809,0.001145649471509336,2.566629568086451e-06,-0.0006810239760119073
3,0.003822920166342056,11.45649697911234,-2.160240043906572,-12.0,-8.96863015781647,12.0,-0.001828807199800111,0.0006808390113909973,0.0006808368511509459,0.001145649697911235,2.56381225074154e-06,-0.0006808390113909899
3,0.003823120166342057,11.45649911496758,-2.156529162488669,-12.0,-8.96306486650842,12.0,-0.001828624792619931,0.0006806535704019815,0.0006806514138728126,0.001145649911496758,2.566632474513558e-06,-0.0006806535704019751
3,0.003823320166342057,11.45650139036044,-2.152808798686199,-12.0,-8.957485421297504,12.0,-0.001828436297388796,0.000680467662261138,0.0006804655094523318,0.001145650139036044,2.563817844868742e-06,-0.0006804676622611306
3,0.003823520166342057,11.45650353769789,-2.149079047570016,-12.0,-8.951891830994445,12.0,-0.001828252945762585,0.000680281278342449,0.0006802791292633953,0.001145650353769789,2.56663540340303e-06,-0.0006802812783424429
3,0.003823720166342057,11.45650582445422,-2.145339825871287,-12.0,-8.946284104432298,12.0,-0.001828063512007453,0.0006800944278561086,0.0006800922825162752,0.001145650582445422,2.563823459174436e-06,-0.000680094427856101
3,0.003823920166342057,11.4565079832633,-2.141591228614974,-12.0,-8.940662250466398,12.0,-0.001827879217113117,0.0006799071021851486,0.0006799049605939137,0.00114565079832633,2.566638354727123e-06,-0.0006799071021851424
3,0.0038241201663420567,11.45651028137264,-2.137833172637594,-12.0,-8.935026277974439,12.0,-0.001827688846011389,0.000679719310533692,0.0006797171727005119,0.001145651028137264,2.563829093633989e-06,-0.0006797193105336846
3,0.0038243201663420573,11.45651245164273,-2.134065752918339,-12.0,-8.929376195856403,12.0,-0.001827503609033174,0.0006795310442938127,0.0006795289102280534,0.001145651245164273,2.566641328458031e-06,-0.0006795310442938064
3,0.003824520166342057,11.45651476109458,-2.130288886398906,-12.0,-8.92371201303451,12.0,-0.001827312301768294,0.000679342312663568,0.0006793401823746741,0.001145651476109458,2.563834748222614e-06,-0.0006793423126635605
3,0.003824720166342057,11.45651694281496,-2.126502668012756,-12.0,-8.918033738453294,12.0,-0.001827126123896756,0.0006791531070440602,0.0006791509805413858,0.001145651694281496,2.566644324567806e-06,-0.0006791531070440539
3,0.003824920166342058,11.45651926359875,-2.12270701480668,-12.0,-8.912341381079543,12.0,-0.001826933881657302,0.0006789634366272937,0.0006789613139202715,0.001145651926359875,2.563840422915533e-06,-0.0006789634366272863
3,0.0038251201663420577,11.45652145675868,-2.118902021668459,-12.0,-8.90663494990225,12.0,-0.001826746764089078,0.0006787732928233853,0.0006787711739213572,0.001145652145675869,2.56664734302837e-06,-0.0006787732928233791
3,0.0038253201663420583,11.45652378886379,-2.115087605749775,-12.0,-8.900914453932613,12.0,-0.001826553588069108,0.0006785826848182911,0.000678580569730678,0.001145652378886379,2.563846117687698e-06,-0.0006785826848182838
3,0.003825520166342058,11.45652599345246,-2.111263861892862,-12.0,-8.895179902204143,12.0,-0.001826365532007034,0.0006783916040311343,0.0006783894927672663,0.001145652599345246,2.566650383811748e-06,-0.0006783916040311282
3,0.003825720166342058,11.45652833686819,-2.107430707354188,-12.0,-8.889431303772449,12.0,-0.001826171423407783,0.0006782000596418337,0.0006781979522111188,0.001145652833686819,2.563851832513801e-06,-0.0006782000596418262
3,0.003825920166342058,11.45653055287475,-2.103588236930384,-12.0,-8.88366866771532,12.0,-0.001825982430059785,0.0006780080430785,0.0006780059394902566,0.001145653055287475,2.56665344688955e-06,-0.0006780080430784937
3,0.003826120166342058,11.45653290759037,-2.099736367982628,-12.0,-8.877892003132805,12.0,-0.001825787390088233,0.0006778155635150251,0.0006778134637786497,0.001145653290759037,2.563857567368633e-06,-0.0006778155635150178
3,0.003826320166342058,11.45653513500388,-2.095875195262085,-12.0,-8.87210131914702,12.0,-0.001825597460668203,0.0006776226123884998,0.0006776205165132984,0.001145653513500388,2.566656532233149e-06,-0.0006776226123884936
3,0.003826520166342058,11.45653750100859,-2.092004636234379,-12.0,-8.866296624902226,12.0,-0.001825401490536788,0.000677429198866792,0.0006774271068621482,0.001145653750100859,2.563863322226644e-06,-0.0006774291988667847
3,0.003826720166342059,11.45653973981808,-2.088124785605296,-12.0,-8.860477929564842,12.0,-0.001825210626264401,0.0006772353143959609,0.000677233226271169,0.001145653973981808,2.566659639814349e-06,-0.0006772353143959547
3,0.003826920166342059,11.45654211710103,-2.084235560944854,-12.0,-8.854645242323404,12.0,-0.001825013727191943,0.0006770409681378623,0.0006770388839022941,0.001145654211710103,2.563869097062434e-06,-0.0006770409681378549
3,0.003827120166342059,11.45654436729546,-2.080337056913454,-12.0,-8.848798572388482,12.0,-0.001824821929293506,0.0006768461515475091,0.0006768440712104459,0.001145654436729546,2.566662769604224e-06,-0.0006768461515475029
3,0.003827320166342059,11.45654675584573,-2.076429191185337,-12.0,-8.842937928992786,12.0,-0.001824624102504124,0.0006766508737807521,0.0006766487973515535,0.001145654675584573,2.563874891850196e-06,-0.0006766508737807449
3,0.003827520166342059,11.45654901741402,-2.072512058375662,-12.0,-8.837063321391089,12.0,-0.001824431372211347,0.000676455126301549,0.0006764530537894843,0.001145654901741402,2.566665921574076e-06,-0.0006764551263015428
3,0.003827720166342059,11.45655141722065,-2.068585576262716,-12.0,-8.831174758860161,12.0,-0.001824232618935199,0.0006762589182597519,0.0006762568496741682,0.001145655141722065,2.563880706564153e-06,-0.0006762589182597445
3,0.0038279201663420593,11.45655369015165,-2.064649839416433,-12.0,-8.825272250698868,12.0,-0.001824038957486191,0.0006760622411282496,0.0006760601764784041,0.001145655369015165,2.566669095694832e-06,-0.0006760622411282435
3,0.003828120166342059,11.4565561012036,-2.060704765719089,-12.0,-8.81935580622809,12.0,-0.001823839278959473,0.0006758651040509075,0.0006758630433461344,0.00114565561012036,2.563886541178255e-06,-0.0006758651040509002
3,0.00382832016634206,11.45655838548609,-2.056750449695425,-12.0,-8.813425434790682,12.0,-0.001823644687597172,0.0006756674985095317,0.0006756654417590759,0.001145655838548609,2.566672291937648e-06,-0.0006756674985095258
3,0.00382852016634206,11.45656080777229,-2.052786809331493,-12.0,-8.80748114575148,12.0,-0.001823444085061961,0.0006754694336420059,0.0006754673808551893,0.001145656080777229,2.563892395666429e-06,-0.0006754694336419987
3,0.00382872016634206,11.45656310339502,-2.048813939106994,-12.0,-8.801522948497393,12.0,-0.001823248565035324,0.0006752709009390461,0.0006752688521251008,0.001145656310339502,2.566675510273262e-06,-0.0006752709009390399
3,0.0038289201663420603,11.45656553690433,-2.04483175711164,-12.0,-8.795550852437195,12.0,-0.001823047039739624,0.0006750719095325629,0.0006750698647007984,0.001145656553690433,2.563898270002463e-06,-0.0006750719095325556
3,0.00382912016634206,11.45656784385598,-2.040840357780026,-12.0,-8.789564867001605,12.0,-0.001822850592305386,0.000674872450922164,0.0006748704100818002,0.001145656784385598,2.566678750672154e-06,-0.0006748724509221579
3,0.00382932016634206,11.45657028857719,-2.036839659305462,-12.0,-8.783565001643382,12.0,-0.001822648145502497,0.0006746725342337992,0.0006746704973941327,0.001145657028857719,2.563904164159922e-06,-0.0006746725342337919
3,0.0038295201663420602,11.45657260684638,-2.032829756077564,-12.0,-8.777551265837095,12.0,-0.001822450771920572,0.0006744721509759593,0.0006744701181461971,0.001145657260684638,2.566682013105217e-06,-0.0006744721509759531
3,0.00382972016634206,11.45657506276824,-2.028810566392968,-12.0,-8.771523669079238,12.0,-0.001822247404870332,0.0006742713102686344,0.0006742692814580607,0.001145657506276825,2.563910078112407e-06,-0.000674271310268627
3,0.00382992016634206,11.45657739234354,-2.024782184596407,-12.0,-8.765482220888227,12.0,-0.001822049106408058,0.0006740700036291881,0.0006740679788469975,0.001145657739234354,2.566685297542618e-06,-0.000674070003629182
3,0.003830120166342061,11.45657985945475,-2.02074452908779,-12.0,-8.759426930804352,12.0,-0.001821844820375692,0.0006738682401716636,0.0006738662194271271,0.001145657985945475,2.56391601183316e-06,-0.0006738682401716562
3,0.003830320166342061,11.45658220032466,-2.016697694166953,-12.0,-8.753357808389703,12.0,-0.001821645598305622,0.0006736660114222812,0.0006736639947245808,0.001145658220032466,2.566688603954832e-06,-0.000673666011422275
3,0.0038305201663420612,11.45658467861385,-2.01264159833691,-12.0,-8.747274863228276,12.0,-0.00182144039456277,0.0006734633264891439,0.0006734613138475382,0.001145658467861385,2.563921965295609e-06,-0.0006734633264891366
3,0.003830720166342061,11.45658703076684,-2.008576335852736,-12.0,-8.741178104925883,12.0,-0.001821240250163069,0.0006732601769073208,0.0006732581683309788,0.001145658703076684,2.566691932311817e-06,-0.0006732601769073147
3,0.003830920166342061,11.45658952022258,-2.004501825320376,-12.0,-8.735067543110107,12.0,-0.001821034129986602,0.0006730565717789803,0.0006730545672771478,0.001145658952022258,2.563927938472661e-06,-0.000673056571778973
3,0.003831120166342061,11.45659188364703,-2.000418160950168,-12.0,-8.728943187430376,12.0,-0.001820833064542624,0.0006728525026480268,0.0006728505022298599,0.001145659188364703,2.566695282583874e-06,-0.0006728525026480208
3,0.003831320166342061,11.45659438425783,-1.996325261450913,-12.0,-8.7228050475579,12.0,-0.001820626029214726,0.0006726479786107061,0.0006726459822854373,0.001145659438425783,2.563933931337368e-06,-0.0006726479786106987
3,0.003831520166342061,11.45659675894209,-1.992223220988233,-12.0,-8.716653133185606,12.0,-0.001820424044015385,0.0006724429912197435,0.0006724409989965163,0.001145659675894209,2.566698654740882e-06,-0.0006724429912197372
3,0.003831720166342061,11.45659927069642,-1.988111958373617,-12.0,-8.710487454028222,12.0,-0.00182021609482581,0.0006722375495654677,0.000672235561453502,0.001145659927069642,2.563939943862572e-06,-0.0006722375495654605
3,0.003831920166342062,11.45660165662877,-1.983991567728102,-12.0,-8.704308019822216,12.0,-0.001820013191168059,0.0006720316452094177,0.0006720296612178438,0.001145660165662877,2.566702048752482e-06,-0.0006720316452094115
3,0.003832120166342062,11.45660417951503,-1.979861967965695,-12.0,-8.69811484032574,12.0,-0.001819804329410041,0.0006718252872360118,0.0006718233073740365,0.001145660417951503,2.563945976021005e-06,-0.0006718252872360045
3,0.003832320166342062,11.45660657668371,-1.975723253162844,-12.0,-8.691907925318652,12.0,-0.001819600508595158,0.000671618467215587,0.0006716164914923276,0.001145660657668371,2.566705464588652e-06,-0.0006716184672155809
3,0.003832520166342062,11.45660911069024,-1.971575342335995,-12.0,-8.685687284602539,12.0,-0.001819390735570075,0.0006714111942266615,0.0006714092226513121,0.001145660911069024,2.563952027785134e-06,-0.0006714111942266544
3,0.003832720166342062,11.4566115190834,-1.967418329517105,-12.0,-8.679452928000654,12.0,-0.001819185998905882,0.000671203459848361,0.0006712014924300253,0.00114566115190834,2.5667089022187e-06,-0.0006712034598483548
3,0.0038329201663420617,11.4566140641985,-1.963252133824851,-12.0,-8.673204865357864,12.0,-0.001818975315919266,0.0006709952731533085,0.0006709933099011675,0.00114566140641985,2.563958099127343e-06,-0.0006709952731533014
3,0.0038331201663420623,11.45661648380426,-1.959076849246739,-12.0,-8.666943106540732,12.0,-0.001818769664718283,0.0006707866257294054,0.0006707846666525501,0.001145661648380426,2.566712361612217e-06,-0.0006707866257293993
3,0.003833320166342062,11.45661904001615,-1.954892395003612,-12.0,-8.660667661437444,12.0,-0.001818558073081781,0.0006705775266433905,0.0006705755717509882,0.001145661904001615,2.563964190020159e-06,-0.0006705775266433832
3,0.003833520166342062,11.45662147082257,-1.950698865038542,-12.0,-8.654378539957753,12.0,-0.001818351508664064,0.0006703679674919269,0.0006703660167930559,0.001145662147082257,2.566715842738417e-06,-0.000670367967491921
3,0.003833720166342063,11.45662403811943,-1.946496178674368,-12.0,-8.648075752033055,12.0,-0.001818139009695236,0.0006701579573358762,0.00067015601083969,0.001145662403811943,2.563970300435536e-06,-0.0006701579573358688
3,0.0038339201663420627,11.45662648011452,-1.942284429809852,-12.0,-8.641759307616333,12.0,-0.0018179315333844,0.0006699474877806542,0.0006699455454962184,0.001145662648011452,2.566719345566599e-06,-0.0006699474877806482
3,0.0038341201663420633,11.45662905848447,-1.938063537869642,-12.0,-8.635429216682075,12.0,-0.001817718128406902,0.0006697365678812505,0.0006697346298177054,0.001145662905848447,2.563976430345612e-06,-0.0006697365678812433
3,0.003834320166342063,11.45663151165614,-1.933833596708241,-12.0,-8.6290854892264,12.0,-0.001817509741534429,0.0006695251892518219,0.0006695232554182191,0.001145663151165614,2.566722870065606e-06,-0.000669525189251816
3,0.003834520166342063,11.45663410108724,-1.929594525852,-12.0,-8.622728135266879,12.0,-0.001817295431876781,0.0006693133609414951,0.0006693114313469621,0.001145663410108724,2.563982579722511e-06,-0.0006693133609414879
3,0.003834720166342063,11.45663656542341,-1.925346419111178,-12.0,-8.616357164842661,12.0,-0.001817086135778278,0.0006691010745731544,0.0006690991492267292,0.001145663656542341,2.566726416204467e-06,-0.0006691010745731483
3,0.003834920166342063,11.45663916590366,-1.921089196113738,-12.0,-8.609972588014397,12.0,-0.001816870922775995,0.000668888339190073,0.0006688864181008698,0.001145663916590366,2.563988748537792e-06,-0.000668888339190066
3,0.003835120166342063,11.45664164139214,-1.91682295062573,-12.0,-8.60357441486417,12.0,-0.001816660718793617,0.0006686751464238501,0.0006686732296008934,0.001145664164139214,2.566729983951965e-06,-0.0006686751464238441
3,0.003835320166342063,11.45664425290949,-1.912547602376555,-12.0,-8.5971626554956,12.0,-0.001816444603786475,0.0006684615053119116,0.000668459592764302,0.001145664425290949,2.563994936763166e-06,-0.0006684615053119046
3,0.003835520166342064,11.45664673953805,-1.908263245088148,-12.0,-8.5907373200337,12.0,-0.001816233493268141,0.0006682474074945614,0.0006682454992313102,0.001145664673953806,2.566733573276946e-06,-0.0006682474074945551
3,0.003835720166342064,11.45664936208039,-1.903969798591189,-12.0,-8.584298418624966,12.0,-0.001816016477602799,0.0006680328620033848,0.000668030958033579,0.001145664936208039,2.564001144370144e-06,-0.0006680328620033778
3,0.003835920166342064,11.45665185983677,-1.899667356563582,-12.0,-8.577845961437323,12.0,-0.001815804461902024,0.0006678178604873799,0.0006678159608200174,0.001145665185983677,2.566737184147857e-06,-0.0006678178604873741
3,0.003836120166342064,11.45665449339192,-1.895355838937127,-12.0,-8.571379958660042,12.0,-0.001815586546929631,0.0006676024119722986,0.0006676005166164526,0.001145665449339192,2.564007371330155e-06,-0.0006676024119722916
3,0.003836320166342064,11.45665700226376,-1.891035339345714,-12.0,-8.564900420503845,12.0,-0.00181537362740571,0.000667386508115819,0.0006673846170804739,0.001145665700226376,2.566740816533089e-06,-0.0006673865081158132
3,0.0038365201663420638,11.45665964681951,-1.886705777822193,-12.0,-8.558407357200824,12.0,-0.001815154814484327,0.0006671701579378702,0.0006671682712320853,0.001145665964681951,2.564013617614447e-06,-0.0006671701579378631
3,0.0038367201663420643,11.45666216679442,-1.882367247956459,-12.0,-8.551900779004377,12.0,-0.001814940992501592,0.0006669533531047979,0.0006669514707375439,0.001145666216679442,2.566744470401042e-06,-0.0006669533531047918
3,0.003836920166342064,11.45666482233848,-1.878019669882249,-12.0,-8.545380696189314,12.0,-0.001814721282994826,0.0006667361026307135,0.0006667342246110366,0.001145666482233848,2.564019883194088e-06,-0.0006667361026307065
3,0.003837120166342065,11.456667353404,-1.873663137145552,-12.0,-8.5388471190517,12.0,-0.001814506559923401,0.0006665183981906208,0.0006665165245274777,0.0011456667353404,2.566748145719855e-06,-0.0006665183981906149
3,0.003837320166342065,11.45667001992404,-1.869297569980829,-12.0,-8.532300057908964,12.0,-0.001814285955199895,0.0006663002487928205,0.0006662983794952436,0.001145667001992404,2.564026168040262e-06,-0.0006663002487928135
3,0.0038375201663420648,11.45667256206766,-1.864923061890251,-12.0,-8.525739523099826,12.0,-0.001814070332417161,0.0006660816461209635,0.0006660797811978955,0.001145667256206766,2.56675184245754e-06,-0.0006660816461209575
3,0.0038377201663420653,11.45667523955128,-1.860539533208841,-12.0,-8.519165524984231,12.0,-0.001813848833852022,0.0006658625991775461,0.0006658607386380059,0.001145667523955128,2.564032472123733e-06,-0.0006658625991775391
3,0.003837920166342065,11.45667779276043,-1.856147077394964,-12.0,-8.512578073943436,12.0,-0.001813632312737985,0.0006656430996548533,0.00066564124350777,0.001145667779276043,2.566755560582267e-06,-0.0006656430996548471
3,0.003838120166342065,11.45668048119518,-1.85174561488414,-12.0,-8.505977180379947,12.0,-0.001813409921711254,0.0006654231565495878,0.0006654213048039658,0.001145668048119518,2.564038795415257e-06,-0.0006654231565495808
3,0.0038383201663420652,11.45668304545724,-1.847335239090947,-12.0,-8.499362854717434,12.0,-0.001813192503655122,0.0006652027615626547,0.0006652009142274095,0.001145668304545724,2.566759300061689e-06,-0.0006652027615626487
3,0.003838520166342065,11.4566857448306,-1.842915870551223,-12.0,-8.492735107400842,12.0,-0.001812969221552803,0.0006649819236849689,0.0006649800807690913,0.001145668574483061,2.564045137885478e-06,-0.0006649819236849619
3,0.003838720166342065,11.4566883201329,-1.838487602635888,-12.0,-8.486093948896308,12.0,-0.001812750907947116,0.000664760634626048,0.0006647587961384393,0.00114566883201329,2.566763060863452e-06,-0.000664760634626042
3,0.003838920166342066,11.45669103043231,-1.834050355980927,-12.0,-8.479439389691105,12.0,-0.001812526736160398,0.000664538903371025,0.0006645370693206617,0.001145669103043231,2.564051499504858e-06,-0.0006645389033710179
3,0.003839120166342066,11.4566936167621,-1.829604223913592,-12.0,-8.472771440293677,12.0,-0.001812307528404096,0.0006643167216380144,0.0006643148920337846,0.00114566936167621,2.566766842955346e-06,-0.0006643167216380084
3,0.0038393201663420662,11.45669633797493,-1.825149127169934,-12.0,-8.46609011123364,12.0,-0.001812082468331034,0.0006640940984063776,0.0006640922732572434,0.001145669633797493,2.564057880243655e-06,-0.0006640940984063707
3,0.003839520166342066,11.45669893531942,-1.82068515903363,-12.0,-8.459395413061747,12.0,-0.001811862367827953,0.0006638710254028177,0.0006638692047176526,0.001145669893531942,2.566770646304724e-06,-0.0006638710254028118
3,0.003839720166342066,11.456701667433,-1.816212240340596,-12.0,-8.452687356349799,12.0,-0.001811636420871186,0.0006636475116009273,0.00066364569538868,0.0011456701667433,2.564064280072197e-06,-0.0006636475116009202
3,0.003839920166342066,11.45670427577934,-1.811730464330962,-12.0,-8.445965951690757,12.0,-0.001811415429031421,0.0006634235487359855,0.0006634217370055153,0.001145670427577934,2.566774470878932e-06,-0.0006634235487359796
3,0.003840120166342066,11.45670701878093,-1.807239751940446,-12.0,-8.43923120969865,12.0,-0.00181118859659988,0.0006631991457758276,0.0006631973385360687,0.001145670701878093,2.564070698960581e-06,-0.0006631991457758205
3,0.0038403201663420664,11.4567096381162,-1.802740196365637,-12.0,-8.432483141008522,12.0,-0.001810966714839607,0.0006629742944642943,0.0006629724917240921,0.00114567096381162,2.566778316645271e-06,-0.0006629742944642884
3,0.003840520166342066,11.456712391993,-1.79823171864188,-12.0,-8.42572175627651,12.0,-0.001810738998346565,0.0006627490037634698,0.0006627472055317443,0.001145671239199301,2.564077136878962e-06,-0.0006627490037634629
3,0.003840720166342067,11.45671502230426,-1.793714411922356,-12.0,-8.418947066179783,12.0,-0.001810516228086514,0.0006625232654257486,0.0006625214717113307,0.001145671502230426,2.566782183570534e-06,-0.0006625232654257427
3,0.003840920166342067,11.45671778704342,-1.789188197341853,-12.0,-8.412159081416464,12.0,-0.001810287628952583,0.000662297088407468,0.0006622952992192637,0.001145671778704342,2.564083593797018e-06,-0.0006622970884074612
3,0.003841120166342067,11.45672042831763,-1.784653168010153,-12.0,-8.405357812705725,12.0,-0.001810063971620129,0.000662070464469563,0.0006620686798163893,0.001145672042831763,2.566786071622006e-06,-0.0006620704644695572
3,0.0038413201663420674,11.45672320390625,-1.78010924516143,-12.0,-8.398543270787721,12.0,-0.001809834491269908,0.000661843402562636,0.0006618416224533839,0.001145672320390625,2.564090069684442e-06,-0.0006618434025626291
3,0.003841520166342067,11.45672585613033,-1.77555652186209,-12.0,-8.39171546642352,12.0,-0.001809609948296742,0.0006616158944561489,0.000661614118899621,0.001145672585613033,2.56678998076641e-06,-0.000661615894456143
3,0.003841720166342067,11.45672864255543,-1.770994919445472,-12.0,-8.38487441039512,12.0,-0.001809379588162066,0.0006613879490949717,0.0006613861781000453,0.001145672864255543,2.564096564510962e-06,-0.0006613879490949648
3,0.0038419201663420673,11.45673130571626,-1.766424530934746,-12.0,-8.37802011350556,12.0,-0.001809154160986345,0.0006611595582570874,0.0006611577918325505,0.001145673130571626,2.566793910970516e-06,-0.0006611595582570814
3,0.003842120166342067,11.45673410296483,-1.761845277762318,-12.0,-8.371152586578672,12.0,-0.00180892292250328,0.0006609307308816423,0.0006609289690363576,0.001145673410296483,2.564103078245943e-06,-0.0006609307308816355
3,0.003842320166342067,11.45673677704922,-1.757257252908025,-12.0,-8.364271840459178,12.0,-0.001808696612569567,0.0006607014587551211,0.0006606997014978623,0.001145673677704922,2.566797862200825e-06,-0.0006607014587551155
3,0.003842520166342068,11.45673958510817,-1.752660377903286,-12.0,-8.357377886012795,12.0,-0.001808464497179673,0.0006604717508109578,0.000660469998150573,0.001145673958510817,2.564109610858689e-06,-0.0006604717508109509
3,0.003842720166342068,11.45674227010286,-1.748054745684725,-12.0,-8.350470734125977,12.0,-0.001808237305935695,0.0006602415988441312,0.0006602398507893795,0.001145674227010287,2.566801834424111e-06,-0.0006602415988441253
3,0.0038429201663420683,11.45674508895907,-1.743440277882486,-12.0,-8.343550395706043,12.0,-0.001808004315087483,0.0006600110117823626,0.0006600092683420779,0.001145674508895907,2.564116162318651e-06,-0.0006600110117823558
3,0.003843120166342068,11.45674778485077,-1.738817067390075,-12.0,-8.33661688168117,12.0,-0.001807776243988899,0.0006597799814291153,0.0006597782426120421,0.001145674778485077,2.566805827606407e-06,-0.0006597799814291095
3,0.003843320166342068,11.45675061449102,-1.734185035936312,-12.0,-8.32967020300034,12.0,-0.001807542379134737,0.0006595485167064099,0.0006595467825213668,0.001145675061449103,2.564122732594701e-06,-0.0006595485167064029
3,0.003843520166342068,11.45675332126636,-1.729544276371551,-12.0,-8.322710370633272,12.0,-0.001807313429641387,0.000659316609426178,0.0006593148798818958,0.001145675332126636,2.566809841714178e-06,-0.0006593166094261721
3,0.003843720166342068,11.45675616167743,-1.724894710523125,-12.0,-8.315737395570508,12.0,-0.001807078692241063,0.0006590842685047452,0.0006590825436100277,0.001145675616167743,2.56412932165587e-06,-0.0006590842685047383
3,0.003843920166342068,11.45675887932299,-1.72023643119836,-12.0,-8.30875128882335,12.0,-0.001806848865818454,0.0006588514857625048,0.0006588497655260678,0.001145675887932299,2.566813876713506e-06,-0.000658851485762499
3,0.003844120166342068,11.45676173049156,-1.715569360322925,-12.0,-8.30175206142377,12.0,-0.001806613257335459,0.0006586182701100913,0.0006586165545407242,0.001145676173049156,2.56413592947093e-06,-0.0006586182701100845
3,0.003844320166342069,11.45676445899388,-1.710893590661121,-12.0,-8.294739724424527,12.0,-0.001806382555455203,0.0006583846133763464,0.00065838290248275,0.001145676445899388,2.566817932570403e-06,-0.0006583846133763406
3,0.003844520166342069,11.45676732090658,-1.706209044236899,-12.0,-8.28771428889908,12.0,-0.001806146077360253,0.0006581505244662248,0.0006581488182571738,0.001145676732090658,2.564142556008608e-06,-0.0006581505244662181
3,0.003844720166342069,11.45677006025212,-1.701515813771551,-12.0,-8.280675765941524,12.0,-0.001805914501498461,0.000657915995217003,0.0006579142937011835,0.001145677006025212,2.566822009250821e-06,-0.0006579159952169973
3,0.003844920166342069,11.45677293289553,-1.69681382138709,-12.0,-8.273624166666615,12.0,-0.001805677155265615,0.0006576810345279593,0.0006576793377141311,0.001145677293289553,2.564149201237526e-06,-0.0006576810345279525
3,0.003845120166342069,11.45677568307071,-1.692103159761942,-12.0,-8.266559502209864,12.0,-0.001805444706905607,0.0006574456342447981,0.0006574439421416325,0.001145677568307071,2.566826106720483e-06,-0.0006574456342447922
3,0.0038453201663420688,11.45677856643136,-1.687383751116076,-12.0,-8.259481783727304,12.0,-0.001805206494016389,0.0006572098032611297,0.0006572081158773719,0.001145677856643136,2.564155865126244e-06,-0.0006572098032611229
3,0.0038455201663420693,11.45678132742253,-1.682655688084957,-12.0,-8.25239102239558,12.0,-0.0018049731746453,0.0006569735334310681,0.0006569718507753742,0.001145678132742253,2.566830224945035e-06,-0.0006569735334310624
3,0.003845720166342069,11.45678422148688,-1.677918892986454,-12.0,-8.24528722941205,12.0,-0.001804734096585965,0.0006567368336425664,0.0006567351557236666,0.001145678422148688,2.564162547643073e-06,-0.0006567368336425595
3,0.003845920166342069,11.45678699328034,-1.673173458413185,-12.0,-8.238170415994531,12.0,-0.001804499907697346,0.0006564996957581403,0.0006564980225846763,0.001145678699328034,2.566834363890023e-06,-0.0006564996957581346
3,0.00384612016634207,11.4567898980348,-1.668419306780639,-12.0,-8.231040593381426,12.0,-0.001804259965959083,0.0006562621286600856,0.0006562604602407719,0.00114567898980348,2.564169248756134e-06,-0.0006562621286600788
3,0.0038463201663420698,11.4567926806168,-1.663656530638675,-12.0,-8.223897772831718,12.0,-0.001804024909051547,0.00065602412421931,0.0006560224605627736,0.00114567926806168,2.566838523521028e-06,-0.0006560241242193043
3,0.0038465201663420703,11.45679559604772,-1.658885052500351,-12.0,-8.216741965624912,12.0,-0.001803784105132819,0.0006557856913124631,0.0006557840324274037,0.001145679559604772,2.564175968433481e-06,-0.0006557856913124563
3,0.00384672016634207,11.45679838940444,-1.654104964872734,-12.0,-8.20957318306097,12.0,-0.001803548181709666,0.0006555468218188296,0.0006555451677138588,0.001145679838940444,2.566842703803091e-06,-0.0006555468218188237
3,0.00384692016634207,11.45680131549812,-1.649316190366284,-12.0,-8.202391436460392,12.0,-0.001803306517112966,0.0006553075246094177,0.0006553058752932204,0.001145680131549813,2.56418270664332e-06,-0.0006553075246094109
3,0.00384712016634207,11.4568041196157,-1.644518821445398,-12.0,-8.19519673716416,12.0,-0.001803069728685136,0.000655067791571882,0.0006550661470530549,0.00114568041196157,2.566846904701356e-06,-0.0006550677915718763
3,0.00384732016634207,11.45680705635838,-1.639712780817766,-12.0,-8.187989096533647,12.0,-0.001802827204917857,0.0006548276315715948,0.0006548259918588072,0.001145680705635838,2.564189463353373e-06,-0.0006548276315715881
3,0.00384752016634207,11.45680987122288,-1.634898160905114,-12.0,-8.180768525950718,12.0,-0.001802589552999802,0.0006545870365045663,0.0006545854016063996,0.001145680987122288,2.566851126181149e-06,-0.0006545870365045604
3,0.003847720166342071,11.45681281860073,-1.630074884512303,-12.0,-8.173535036817663,12.0,-0.001802346171576496,0.0006543460152305428,0.0006543443851556516,0.001145681281860073,2.564196238531321e-06,-0.000654346015230536
3,0.003847920166342071,11.45681564419817,-1.625243044018385,-12.0,-8.166288640557106,12.0,-0.001802107657688867,0.0006541045596538777,0.000654102934410828,0.001145681564419817,2.56685536820737e-06,-0.0006541045596538722
3,0.003848120166342071,11.45681860219733,-1.620402562325219,-12.0,-8.159029348612115,12.0,-0.001801863420127619,0.0006538626786286965,0.0006538610582261273,0.001145681860219733,2.564203032144796e-06,-0.0006538626786286897
3,0.003848320166342071,11.45682143851367,-1.615553531769315,-12.0,-8.151757172446128,12.0,-0.001801624045796714,0.0006536203640676871,0.0006536187485141494,0.001145682143851367,2.566859630744866e-06,-0.0006536203640676813
3,0.003848520166342071,11.45682440712019,-1.610695875349353,-12.0,-8.14447212354288,12.0,-0.001801378953622437,0.0006533776248193595,0.0006533760141234772,0.001145682440712019,2.564209844161362e-06,-0.0006533776248193527
3,0.003848720166342071,11.45682725414135,-1.60582968535927,-12.0,-8.137174213406436,12.0,-0.001801138720379478,0.0006531344528047224,0.0006531328469750312,0.001145682725414136,2.566863913758297e-06,-0.0006531344528047166
3,0.003848920166342071,11.45683023334125,-1.600954884894495,-12.0,-8.129863453561214,12.0,-0.001800892775122367,0.0006528908568666787,0.000652889255911787,0.001145683023334125,2.564216674548197e-06,-0.000652890856866672
3,0.0038491201663420713,11.45683309105307,-1.596071566206486,-12.0,-8.122539855551924,12.0,-0.001800651684504123,0.0006526468289345495,0.0006526452328629776,0.001145683309105307,2.566868217212484e-06,-0.0006526468289345438
3,0.003849320166342071,11.45683608083229,-1.591179652487211,-12.0,-8.115203430943485,12.0,-0.001800404887699226,0.0006524023778456343,0.000652400786665975,0.001145683608083229,2.564223523272606e-06,-0.0006524023778456275
3,0.003849520166342072,11.45683894922055,-1.586279235945662,-12.0,-8.10785419132113,12.0,-0.001800162941248059,0.0006521574955375524,0.0006521559092583109,0.001145683894922056,2.566872541071695e-06,-0.0006521574955375469
3,0.003849720166342072,11.45684194956501,-1.581370239870291,-12.0,-8.100492148290337,12.0,-0.001799915294435698,0.0006519121908420114,0.000651910609471765,0.001145684194956501,2.56423039030177e-06,-0.0006519121908420047
3,0.003849920166342072,11.45684482861545,-1.576452756427629,-12.0,-8.093117313476734,12.0,-0.001799672493698883,0.0006516664557049163,0.0006516648792521541,0.001145684482861545,2.566876885300464e-06,-0.0006516664557049105
3,0.0038501201663420723,11.45684783951097,-1.571526709002423,-12.0,-8.08572969852621,12.0,-0.001799423998426365,0.0006514202989523854,0.0006514187274256696,0.001145684783951097,2.564237275602801e-06,-0.0006514202989523787
3,0.003850320166342072,11.45685072920928,-1.56659218971887,-12.0,-8.07832931510484,12.0,-0.001799180344956507,0.0006511737125386027,0.0006511721459464073,0.001145685072920928,2.566881249862987e-06,-0.000651173712538597
3,0.003850520166342072,11.45685375064164,-1.561649122057838,-12.0,-8.070916174898798,12.0,-0.001798931002774559,0.0006509267052841027,0.0006509251436349739,0.001145685375064164,2.564244179142386e-06,-0.0006509267052840961
3,0.0038507201663420722,11.45685665097343,-1.556697598101196,-12.0,-8.063490289614489,12.0,-0.001798686498130478,0.000650679269151335,0.0006506777124537312,0.001145685665097343,2.566885634723501e-06,-0.0006506792691513293
3,0.003850920166342072,11.45685968292837,-1.551737541425835,-12.0,-8.056051670978352,12.0,-0.00179843631059645,0.0006504314129552582,0.0006504298612177102,0.001145685968292837,2.564251100887355e-06,-0.0006504314129552517
3,0.003851120166342072,11.4568625938792,-1.546769044071308,-12.0,-8.048600330737003,12.0,-0.001798190956341665,0.0006501831286665751,0.0006501815818975255,0.00114568625938792,2.566890039846035e-06,-0.0006501831286665695
3,0.003851320166342073,11.45686563634238,-1.541792029710441,-12.0,-8.04113628065715,12.0,-0.001797939925017224,0.0006499344250946776,0.0006499328833026412,0.001145686563634238,2.564258040804573e-06,-0.000649934425094671
3,0.003851520166342073,11.45686855789777,-1.536806590340478,-12.0,-8.033659532525505,12.0,-0.00179769372272062,0.0006496852942185084,0.0006496837574119123,0.001145686855789777,2.566894465194599e-06,-0.0006496852942185027
3,0.0038517201663420732,11.4568716108548,-1.531812649729992,-12.0,-8.026170098148889,12.0,-0.001797441849173559,0.0006494357448418962,0.0006494342130292398,0.001145687161085481,2.564264998860334e-06,-0.0006494357448418897
3,0.003851920166342073,11.45687454300019,-1.526810299834049,-12.0,-8.018667989354169,12.0,-0.001797194800410465,0.0006491857689520176,0.0006491842421417121,0.001145687454300019,2.566898910733034e-06,-0.0006491857689520121
3,0.003852120166342073,11.45687760643663,-1.521799464516793,-12.0,-8.011153217988152,12.0,-0.001796942086213019,0.0006489353753471428,0.0006489338535476714,0.001145687760643664,2.564271975021292e-06,-0.000648935375347136
3,0.003852320166342073,11.45688054915743,-1.516780235691108,-12.0,-8.003625795917733,12.0,-0.001796694192562236,0.0006486845560226681,0.0006486830392424267,0.001145688054915742,2.566903376425094e-06,-0.0006486845560226625
3,0.003852520166342073,11.45688362305877,-1.511752537316622,-12.0,-7.996085735029693,12.0,-0.001796440639294016,0.0006484333197713138,0.0006484318080187698,0.001145688362305878,2.564278969253549e-06,-0.0006484333197713071
3,0.003852720166342073,11.4568865763403,-1.506716461264053,-12.0,-7.988533047230843,12.0,-0.001796191902340477,0.0006481816585966845,0.0006481801518802178,0.00114568865763403,2.566907862234433e-06,-0.000648181658596679
3,0.003852920166342073,11.45688966069199,-1.501671931588408,-12.0,-7.980967744447925,12.0,-0.001795937511584116,0.0006479295812859585,0.0006479280796140201,0.001145688966069199,2.56428598152346e-06,-0.0006479295812859518
3,0.003853120166342074,11.45689262451953,-1.496619040118251,-12.0,-7.973389838627545,12.0,-0.001795687932918741,0.000647677079850935,0.0006476755832318893,0.001145689262451953,2.566912368124635e-06,-0.0006476770798509295
3,0.003853320166342074,11.45689571930696,-1.491557711003802,-12.0,-7.965799341736293,12.0,-0.001795432706263273,0.0006474241630732558,0.0006474226715155381,0.001145689571930696,2.564293011797248e-06,-0.0006474241630732492
3,0.003853520166342074,11.45689869366574,-1.48648803603155,-12.0,-7.958196265760556,12.0,-0.001795182287481286,0.0006471708229729062,0.0006471693364848646,0.001145689869366574,2.566916894059017e-06,-0.0006471708229729006
3,0.003853720166342074,11.45690179887422,-1.481409939446762,-12.0,-7.950580622706649,12.0,-0.001794926226521358,0.0006469170683259954,0.0006469155869160493,0.001145690179887422,2.564300060040813e-06,-0.0006469170683259887
3,0.003853920166342074,11.45690478374941,-1.476323512993934,-12.0,-7.942952424600735,12.0,-0.00179467496922316,0.0006466628911606858,0.0006466614148371672,0.001145690478374941,2.566921440001043e-06,-0.0006466628911606802
3,0.0038541201663420737,11.45690789936421,-1.471228681013214,-12.0,-7.935311683488738,12.0,-0.00179441807555819,0.000646408300247559,0.0006464068290188714,0.001145690789936421,2.564307126220124e-06,-0.0006464083002475524
3,0.0038543201663420743,11.45691089474091,-1.466125535207095,-12.0,-7.927658411436452,12.0,-0.00179416598135064,0.0006461532876229414,0.0006461518214974005,0.001145691089474091,2.566926005913926e-06,-0.0006461532876229358
3,0.003854520166342074,11.45691402074726,-1.461014000010554,-12.0,-7.91999262052946,12.0,-0.001793908256584913,0.0006458978620518971,0.0006458964010378905,0.001145691402074726,2.564314210301132e-06,-0.0006458978620518905
3,0.003854720166342074,11.45691702661052,-1.455894167084075,-12.0,-7.912314322873045,12.0,-0.001793655327079606,0.0006456420155789026,0.0006456405596847299,0.001145691702661052,2.566930591760873e-06,-0.000645642015578897
3,0.003854920166342075,11.45692016299355,-1.450765960957286,-12.0,-7.904623530592315,12.0,-0.00179339677282348,0.0006453857569635095,0.0006453843061975418,0.001145692016299355,2.564321312249444e-06,-0.0006453857569635029
3,0.0038551201663420747,11.45692317932839,-1.445629473248781,-12.0,-7.896920255832098,12.0,-0.001793143009637058,0.0006451290782583372,0.0006451276326288584,0.001145692317932839,2.566935197505199e-06,-0.0006451290782583318
3,0.0038553201663420753,11.4569263260732,-1.440484628582673,-12.0,-7.889204510756897,12.0,-0.00179288362750528,0.0006448719882174289,0.0006448705477327939,0.00114569263260732,2.564328432030744e-06,-0.0006448719882174224
3,0.003855520166342075,11.45692935286453,-1.435331518535619,-12.0,-7.881476307550881,12.0,-0.00179262903225929,0.0006446144789015319,0.0006446130435700078,0.001145692935286454,2.566939823109636e-06,-0.0006446144789015262
3,0.003855720166342075,11.45693250995617,-1.430170067826175,-12.0,-7.873735658418028,12.0,-0.00179236882387293,0.0006443565590591919,0.0006443551288891175,0.001145693250995617,2.564335569610686e-06,-0.0006443565590591852
3,0.003855920166342075,11.45693554718889,-1.425000367989138,-12.0,-7.865982575581833,12.0,-0.001792113398195386,0.0006440982207592751,0.0006440967957589015,0.001145693554718889,2.566944468537247e-06,-0.0006440982207592695
3,0.003856120166342075,11.45693871461233,-1.419822343837231,-12.0,-7.85821707128545,12.0,-0.001791852365179787,0.0006438394727448285,0.000643838052922478,0.001145693871461233,2.5643427249547e-06,-0.000643839472744822
3,0.003856320166342075,11.45694176227125,-1.414636086863465,-12.0,-7.850439157791694,12.0,-0.001791596110702429,0.0006435803070928284,0.0006435788924567359,0.001145694176227125,2.566949133751211e-06,-0.0006435803070928229
3,0.003856520166342075,11.45694494001142,-1.409441521974697,-12.0,-7.842648847382975,12.0,-0.001791334254688993,0.0006433207325408344,0.0006433193230993059,0.001145694494001142,2.564349898028142e-06,-0.0006433207325408278
3,0.003856720166342076,11.45694799808131,-1.404238740622099,-12.0,-7.834846152361209,12.0,-0.001791077173049921,0.0006430607411739167,0.0006430593369351704,0.001145694799808131,2.566953818713987e-06,-0.0006430607411739111
3,0.003856920166342076,11.45695118612306,-1.399027667806487,-12.0,-7.827031085047941,12.0,-0.001790814495674391,0.000642800341724152,0.0006427989426964776,0.001145695118612306,2.564357088796615e-06,-0.0006428003417241454
3,0.003857120166342076,11.45695425458863,-1.393808394937325,-12.0,-7.81920365778425,12.0,-0.001790556588516529,0.0006425395262846982,0.0006425381324762977,0.001145695425458863,2.566958523388553e-06,-0.0006425395262846926
3,0.003857320166342076,11.45695745291678,-1.388580847109204,-12.0,-7.811363882930669,12.0,-0.001790293091420694,0.0006422783035821532,0.0006422769150012993,0.001145695745291678,2.564364297225441e-06,-0.0006422783035821465
3,0.003857520166342076,11.45696053176267,-1.383345115689867,-12.0,-7.803511772867294,12.0,-0.001790034360391785,0.0006420166657177481,0.0006420152823726269,0.001145696053176267,2.566963247737667e-06,-0.0006420166657177428
3,0.0038577201663420758,11.45696374036196,-1.37810112586764,-12.0,-7.795647339993701,12.0,-0.00178977004522202,0.0006417546214126128,0.0006417532433114801,0.001145696374036196,2.564371523279954e-06,-0.0006417546214126062
3,0.0038579201663420763,11.45696682957277,-1.372848968968537,-12.0,-7.78777059672888,12.0,-0.001789510491975026,0.0006414921627760398,0.0006414907899270653,0.001145696682957277,2.566967991724155e-06,-0.0006414921627760343
3,0.003858120166342076,11.45697004842789,-1.367588570274394,-12.0,-7.77988155551124,12.0,-0.001789245360383788,0.0006412292985236911,0.0006412279309351143,0.001145697004842789,2.564378766925295e-06,-0.0006412292985236846
3,0.003858320166342077,11.45697314798814,-1.362320021069642,-12.0,-7.771980228798743,12.0,-0.001788984986577655,0.0006409660207729156,0.000640964658452889,0.001145697314798814,2.566972755310608e-06,-0.0006409660207729101
3,0.003858520166342077,11.45697637708372,-1.357043246729527,-12.0,-7.764066629068616,12.0,-0.001788719040221467,0.0006407023382339153,0.0006407009811906622,0.001145697637708372,2.56438602812688e-06,-0.000640702338233909
3,0.0038587201663420768,11.45697948697787,-1.351758338496767,-12.0,-7.756140768817472,12.0,-0.001788457847519872,0.0006404382430320761,0.0006404368912737321,0.001145697948697787,2.566977538459906e-06,-0.0006404382430320706
3,0.0038589201663420773,11.45698272629848,-1.346465221839971,-12.0,-7.748202660561414,12.0,-0.001788191088060124,0.0006401737438721509,0.0006401723974069225,0.001145698272629848,2.56439330685024e-06,-0.0006401737438721444
3,0.003859120166342077,11.45698584651096,-1.341163987960261,-12.0,-7.740252316835753,12.0,-0.001787929078131791,0.0006399088328875547,0.0006399074917235612,0.001145698584651096,2.566982341134758e-06,-0.0006399088328875492
3,0.003859320166342077,11.4569890960411,-1.335854562419298,-12.0,-7.732289750195122,12.0,-0.001787661507237037,0.0006396435187775887,0.0006396421829230199,0.00114569890960411,2.564400603060316e-06,-0.0006396435187775824
3,0.0038595201663420772,11.45699222655626,-1.330537036376733,-12.0,-7.724314973213591,12.0,-0.001787398681755141,0.0006393777936836915,0.0006393764631466495,0.001145699222655626,2.56698716329816e-06,-0.0006393777936836859
3,0.003859720166342077,11.45699548628037,-1.325211335487224,-12.0,-7.716327998484377,12.0,-0.001787130301097644,0.0006391116662997216,0.0006391103410883797,0.001145699548628037,2.564407916722589e-06,-0.0006391116662997153
3,0.003859920166342077,11.45699862708249,-1.319877550868815,-12.0,-7.708328838619979,12.0,-0.001786866661741707,0.0006388451287751217,0.0006388438088975654,0.001145699862708249,2.566992004912914e-06,-0.0006388451287751163
3,0.003860120166342078,11.45700189698496,-1.314535608269081,-12.0,-7.700317506252187,12.0,-0.001786597472998416,0.000638578189798317,0.0006385768752627022,0.001145700189698496,2.564415247802821e-06,-0.0006385781897983106
3,0.003860320166342078,11.45700504805828,-1.309185598764588,-12.0,-7.69229401403201,12.0,-0.001786333021452808,0.0006383108415267477,0.0006383095323411434,0.001145700504805828,2.566996865942155e-06,-0.0006383108415267423
3,0.0038605201663420782,11.45700832812343,-1.303827448195594,-12.0,-7.68425837462959,12.0,-0.001786063026306711,0.0006380430926434061,0.0006380417888159515,0.001145700832812344,2.564422596266314e-06,-0.0006380430926433996
3,0.003860720166342078,11.4570114894521,-1.298461247597197,-12.0,-7.676210600734325,12.0,-0.001785797764260605,0.0006377749353137182,0.0006377736368524651,0.00114570114894521,2.567001746348839e-06,-0.0006377749353137128
3,0.003860920166342078,11.4570147796642,-1.293086922902295,-12.0,-7.668150705054768,12.0,-0.001785526964399919,0.000637506378215254,0.0006375050851283245,0.00114570147796642,2.564429962079034e-06,-0.0006375063782152473
3,0.003861120166342078,11.45701795123232,-1.287704565104493,-12.0,-7.660078700318551,12.0,-0.001785260893547412,0.0006372374135214114,0.0006372361258168407,0.001145701795123232,2.567006646096612e-06,-0.0006372374135214058
3,0.003861320166342078,11.45702125157555,-1.282314100229144,-12.0,-7.651994599272493,12.0,-0.001784989290664417,0.0006369680499043412,0.0006369667675902346,0.001145702125157555,2.564437345206798e-06,-0.000636968049904335
3,0.0038615201663420784,11.45702443336716,-1.276915619228496,-12.0,-7.643898414682518,12.0,-0.001784722412705109,0.0006366982795454077,0.000636697002629783,0.001145702443336716,2.567011565148871e-06,-0.0006366982795454022
3,0.003861720166342078,11.45702774382565,-1.271509048220181,-12.0,-7.635790159333578,12.0,-0.001784450008498132,0.000636428111111346,0.0006364268396022914,0.001145702774382565,2.564444745615799e-06,-0.0006364281111113397
3,0.003861920166342079,11.45703093582472,-1.266094478115024,-12.0,-7.627669846029676,12.0,-0.00178418232513709,0.0006361575367914706,0.0006361562706969871,0.001145703093582472,2.567016503469471e-06,-0.0006361575367914652
3,0.003862120166342079,11.45703425638252,-1.260671835122914,-12.0,-7.619537487593982,12.0,-0.001783909121309038,0.0006358865652471132,0.0006358853045752716,0.001145703425638252,2.564452163272752e-06,-0.0006358865652471068
3,0.003862320166342079,11.45703745857295,-1.255241210113321,-12.0,-7.611393096868557,12.0,-0.00178364063425526,0.000635615188675529,0.0006356139334343134,0.001145703745857295,2.567021461022777e-06,-0.0006356151886755236
3,0.0038625201663420794,11.45704078921406,-1.249802529388107,-12.0,-7.603236686714482,12.0,-0.001783366632514866,0.0006353434157326439,0.0006353421659301082,0.001145704078921406,2.564459598144315e-06,-0.0006353434157326376
3,0.003862720166342079,11.45704400157967,-1.244355883775458,-12.0,-7.595068270011863,12.0,-0.001783097343482966,0.0006350712386236459,0.0006350699942677567,0.001145704400157968,2.567026437773267e-06,-0.0006350712386236405
3,0.0038629201663420787,11.45704734228801,-1.23890119966918,-12.0,-7.586887859659771,12.0,-0.001782822545542638,0.0006347986659990655,0.0006347974270978595,0.001145704734228801,2.564467050198048e-06,-0.0006347986659990591
3,0.0038631201663420793,11.45705056481257,-1.233438567856119,-12.0,-7.578695468576142,12.0,-0.001782552456253006,0.0006345256900720077,0.0006345244566334345,0.001145705056481257,2.567031433686023e-06,-0.0006345256900720024
3,0.003863320166342079,11.45705391557197,-1.227967914821846,-12.0,-7.570491109697903,12.0,-0.001782276863831377,0.0006342523194876122,0.000634251091519691,0.001145705391557197,2.564474519401699e-06,-0.0006342523194876057
3,0.003863520166342079,11.45705714823916,-1.22248933131199,-12.0,-7.562274795980882,12.0,-0.00178200597600842,0.0006339785464668944,0.0006339773239775578,0.001145705714823917,2.567036448726855e-06,-0.0006339785464668891
3,0.00386372016634208,11.4570605090334,-1.217002743903713,-12.0,-7.55404654039971,12.0,-0.001781729590828929,0.0006337043796496061,0.0006337031626468558,0.00114570605090334,2.564482005723708e-06,-0.0006337043796495998
3,0.0038639201663420797,11.45706375182683,-1.211508243301403,-12.0,-7.545806355947952,12.0,-0.001781457906202201,0.0006334298112646604,0.0006334285997564114,0.001145706375182683,2.567041482862215e-06,-0.0006334298112646549
3,0.0038641201663420803,11.45706712263959,-1.206005756173766,-12.0,-7.537554255638006,12.0,-0.001781180729993577,0.0006331548499464304,0.000633153643940668,0.001145706712263959,2.564489509133576e-06,-0.000633154849946424
3,0.00386432016634208,11.45707037554278,-1.200495373183932,-12.0,-7.529290252501017,12.0,-0.001780908250297863,0.000632879487931714,0.0006328782874363354,0.001145707037554278,2.567046536059167e-06,-0.0006328794879317085
3,0.00386452016634208,11.45707375635767,-1.194977021091986,-12.0,-7.521014359587024,12.0,-0.001780630284792905,0.00063260373384951,0.0006326025388724827,0.001145707375635767,2.564497029601311e-06,-0.0006326037338495038
3,0.00386472016634208,11.45707701935404,-1.189450790519875,-12.0,-7.512726589964741,12.0,-0.001780357011767988,0.000632327579944492,0.000632326390493696,0.001145707701935404,2.567051608286222e-06,-0.0006323275799444866
3,0.00386492016634208,11.45708041015458,-1.183916608318892,-12.0,-7.504426956721714,12.0,-0.001780078258705111,0.0006320510348402885,0.0006320498509236738,0.001145708041015458,2.564504567098388e-06,-0.0006320510348402823
3,0.00386512016634208,11.4570836832275,-1.178374565069876,-12.0,-7.496115472964218,12.0,-0.001779804194096762,0.0006317740907894395,0.000631772912414869,0.00114570836832275,2.567056699512591e-06,-0.0006317740907894342
3,0.00386532016634208,11.45708708399711,-1.17282458771516,-12.0,-7.487792151817173,12.0,-0.001779524655219592,0.0006314967564102076,0.0006314955835856138,0.001145708708399712,2.564512121597205e-06,-0.0006314967564102013
3,0.003865520166342081,11.45709036712983,-1.167266766794469,-12.0,-7.479457006424289,12.0,-0.00177924980077637,0.0006312190239629874,0.0006312178566962152,0.001145709036712983,2.567061809708983e-06,-0.0006312190239629819
3,0.003865720166342081,11.45709377785183,-1.161701029341091,-12.0,-7.471110049947849,12.0,-0.001778969477832933,0.000630940902060682,0.0006309397403596463,0.001145709377785184,2.564519693071701e-06,-0.0006309409020606758
3,0.003865920166342081,11.45709707102751,-1.156127465853632,-12.0,-7.46275129556886,12.0,-0.00177869383531052,0.0006306623829715282,0.0006306612268440569,0.001145709707102751,2.56706693884815e-06,-0.0006306623829715228
3,0.003866120166342081,11.45710049168512,-1.150546003456243,-12.0,-7.454380756486962,12.0,-0.001778412730053941,0.0006303834753030781,0.0006303823247570684,0.001145710049168512,2.564527281497664e-06,-0.0006303834753030718
3,0.003866320166342081,11.45710379488679,-1.144956732606405,-12.0,-7.445998445920329,12.0,-0.001778136301212064,0.0006301041713313977,0.0006301030263746597,0.001145710379488679,2.567072086904132e-06,-0.0006301041713313924
3,0.0038665201663420808,11.45710722546313,-1.139359580518954,-12.0,-7.437604377105798,12.0,-0.00177785441540101,0.0006298244796586908,0.000629823340299104,0.001145710722546313,2.564534886852769e-06,-0.0006298244796586845
3,0.0038667201663420813,11.45711053867371,-1.133754637610362,-12.0,-7.429198563298773,12.0,-0.001777577202003371,0.0006295443925688467,0.0006295432588142036,0.001145711053867371,2.567077253853691e-06,-0.0006295443925688413
3,0.003866920166342081,11.45711397915175,-1.128141831185965,-12.0,-7.420781017773135,12.0,-0.001777294537401316,0.0006292639186587234,0.0006292627905168859,0.001145711397915175,2.564542509117385e-06,-0.000629263918658717
3,0.003867120166342081,11.45711730235405,-1.122521251621228,-12.0,-7.412351753821383,12.0,-0.001777016541218606,0.000628983050220021,0.0006289819276987639,0.001145711730235405,2.567082439675552e-06,-0.0006289830502200156
3,0.003867320166342082,11.45712075271665,-1.116892826311895,-12.0,-7.40391078475443,12.0,-0.001776733099593454,0.0006287017958442598,0.0006287006789514271,0.001145712075271665,2.564550148274401e-06,-0.0006287017958442535
3,0.0038675201663420818,11.45712408589332,-1.111256645592415,-12.0,-7.39545812390174,12.0,-0.001776454322399884,0.0006284201478309379,0.0006284190365742869,0.001145712408589332,2.567087644352061e-06,-0.0006284201478309325
3,0.0038677201663420823,11.45712754612318,-1.105612636948856,-12.0,-7.386993784611244,12.0,-0.001776170105524508,0.0006281381147662451,0.0006281370091536019,0.001145712754612318,2.564557804309975e-06,-0.0006281381147662388
3,0.003867920166342082,11.45713088925674,-1.099960890674643,-12.0,-7.37851778024924,12.0,-0.001775890549099815,0.0006278556889574652,0.000627854588996569,0.001145713088925674,2.567092867868803e-06,-0.0006278556889574597
3,0.003868120166342082,11.4571343593364,-1.094301334345983,-12.0,-7.37003012420052,12.0,-0.001775605558752568,0.0006275728789854598,0.0006275717846841193,0.00114571343593364,2.56456547721419e-06,-0.0006275728789854537
3,0.003868320166342082,11.45713771240918,-1.088634058215401,-12.0,-7.361530829868275,12.0,-0.001775325224880893,0.0006272896771652925,0.000627288588531229,0.001145713771240918,2.567098110215683e-06,-0.0006272896771652873
3,0.003868520166342082,11.45714119232101,-1.082958989949066,-12.0,-7.353019910674004,12.0,-0.001775039462844341,0.0006270060920725002,0.0006270050091135039,0.001145714119232101,2.564573166981614e-06,-0.0006270060920724939
3,0.003868720166342082,11.45714455531516,-1.077276219758571,-12.0,-7.344497380057633,12.0,-0.001774758353315097,0.0006267221160299117,0.0006267210387536865,0.001145714455531516,2.567103371387207e-06,-0.0006267221160299063
3,0.003868920166342083,11.45714804504133,-1.071585675400003,-12.0,-7.335963251477427,12.0,-0.001774471821377803,0.0006264377576077485,0.0006264366860220669,0.001145714804504133,2.56458087361176e-06,-0.0006264377576077424
3,0.003869120166342083,11.4571514179388,-1.065887447044012,-12.0,-7.327417538409888,12.0,-0.001774189937984774,0.0006261530091365929,0.0006261519432491405,0.00114571514179388,2.567108651383708e-06,-0.0006261530091365876
3,0.003869320166342083,11.45715491746126,-1.060181462536439,-12.0,-7.318860254349916,12.0,-0.001773902637938874,0.0006258678791813539,0.0006258668189998852,0.001145715491746126,2.564588597110719e-06,-0.0006258678791813477
3,0.003869520166342083,11.45715830024375,-1.054467812007058,-12.0,-7.31029141281058,12.0,-0.001773619982482002,0.0006255823600803576,0.0006255813056125403,0.001145715830024375,2.567113950211979e-06,-0.0006255823600803522
3,0.003869720166342083,11.4571618095442,-1.048746423391308,-12.0,-7.301711027323298,12.0,-0.001773331916125453,0.0006252964603932052,0.0006252954116467756,0.00114571618095442,2.564596337491267e-06,-0.000625296460393199
3,0.003869920166342083,11.45716520219316,-1.043017386778117,-12.0,-7.293119111437624,12.0,-0.001773048490407902,0.0006250101724659561,0.0006250091294485639,0.001145716520219316,2.567119267886672e-06,-0.0006250101724659508
3,0.003870120166342083,11.45716872125303,-1.037280630192382,-12.0,-7.284515678721389,12.0,-0.001772759659543259,0.000624723504852907,0.0006247224675722706,0.001145716872125303,2.564604094774703e-06,-0.0006247235048529008
3,0.0038703201663420833,11.45717212374961,-1.031536243682246,-12.0,-7.275900742760611,12.0,-0.001772475465374119,0.0006244364499078418,0.0006244354183715928,0.001145717212374961,2.567124604431191e-06,-0.0006244364499078366
3,0.003870520166342083,11.45717565255,-1.0257841553619,-12.0,-7.267274317159402,12.0,-0.001772185871808294,0.0006241490161797566,0.0006241479903955949,0.001145717565255,2.564611868991874e-06,-0.0006241490161797503
3,0.003870720166342084,11.45717906487502,-1.020024455238686,-12.0,-7.25863641554009,12.0,-0.001771900911001675,0.0006238611960301456,0.000623860176005685,0.001145717906487502,2.567129959879567e-06,-0.0006238611960301403
3,0.003870920166342084,11.45718260339667,-1.014257071516048,-12.0,-7.249987051543124,12.0,-0.001771610556547478,0.0006235729980027138,0.0006235719837456361,0.001145718260339667,2.564619660185239e-06,-0.0006235729980027077
3,0.003871120166342084,11.45718602553056,-1.008482094160509,-12.0,-7.241326238826983,12.0,-0.001771324830921045,0.0006232844144666528,0.0006232834059845534,0.001145718602553056,2.56713533427808e-06,-0.0006232844144666475
3,0.0038713201663420843,11.45718957375382,-1.002699451464581,-12.0,-7.232653991068295,12.0,-0.001771033717395433,0.0006229954539603776,0.00062299445126092,0.001145718957375382,2.564627468410059e-06,-0.0006229954539603715
3,0.003871520166342084,11.45719300567656,-0.9969092333540891,-12.0,-7.223970321961749,12.0,-0.001770747228773166,0.0006227061088607714,0.0006227051119515327,0.001145719300567656,2.567140727687389e-06,-0.000622706108860766
3,0.003871720166342084,11.4571965635813,-0.9911113682104576,-12.0,-7.21527524522002,12.0,-0.001770455357997794,0.0006224163877009624,0.000622415396589588,0.00114571965635813,2.564635293737371e-06,-0.0006224163877009562
3,0.0038719201663420843,11.4572000052724,-0.9853059459187405,-12.0,-7.206568774573769,12.0,-0.00177016810820778,0.0006221262828655082,0.0006221252975595569,0.00114572000052724,2.567146140184744e-06,-0.0006221262828655029
3,0.003872120166342084,11.45720357283794,-0.9794928949492558,-12.0,-7.197850923771804,12.0,-0.001769875482009548,0.0006218358028822609,0.0006218348233893599,0.001145720357283794,2.564643136256356e-06,-0.0006218358028822549
3,0.003872320166342084,11.45720702427631,-0.9736723051463615,-12.0,-7.189121706580748,12.0,-0.00176958747288501,0.000621544940143444,0.0006215439664711336,0.001145720702427631,2.567151571866992e-06,-0.0006215449401434387
3,0.003872520166342085,11.45721060148137,-0.9678441050689621,-12.0,-7.180381136785179,12.0,-0.001769294093095668,0.0006212537031716279,0.0006212527353275166,0.001145721060148137,2.564650996077025e-06,-0.0006212537031716217
3,0.003872720166342085,11.45721406264527,-0.9620083845208471,-12.0,-7.171629228187749,12.0,-0.001769005326474288,0.0006209620843666953,0.0006209611223583057,0.001145721406264527,2.567157022853638e-06,-0.0006209620843666903
3,0.0038729201663420853,11.45721764946784,-0.9561650721494811,-12.0,-7.162865994608866,12.0,-0.001768711194929706,0.0006206700922459446,0.0006206691360808663,0.001145721764946784,2.564658873334214e-06,-0.0006206700922459385
3,0.003873120166342085,11.45722112033475,-0.9503142577179305,-12.0,-7.154091449886848,12.0,-0.001768421672654156,0.0006203777192168972,0.0006203767689026341,0.001145722112033475,2.567162493291367e-06,-0.0006203777192168919
3,0.003873320166342085,11.45722471675203,-0.9444558699621377,-12.0,-7.145305607877923,12.0,-0.001768126791196127,0.0006200849737915847,0.0006200840293357085,0.001145722471675203,2.564666768191582e-06,-0.0006200849737915785
3,0.003873520166342085,11.45722819729856,-0.9385899986045958,-12.0,-7.136508482456159,12.0,-0.001767836515114168,0.0006197918483851616,0.0006197909097951577,0.001145722819729856,2.567167983357491e-06,-0.0006197918483851564
3,0.003873720166342085,11.45723180328677,-0.9327165724695087,-12.0,-7.12770008751337,12.0,-0.001767540885588223,0.0006194983515043922,0.0006194974187878138,0.001145723180328677,2.564674680846549e-06,-0.0006194983515043862
3,0.003873920166342085,11.45723529348849,-0.9268356812387859,-12.0,-7.118880436959236,12.0,-0.001767249857551635,0.0006192044755720501,0.0006192035487363637,0.001145723529348849,2.567173493266107e-06,-0.000619204475572045
3,0.003874120166342085,11.45723890902275,-0.9209472538248701,-12.0,-7.110049544721218,12.0,-0.001766953481809106,0.0006189102290896408,0.0006189093081423809,0.001145723890902275,2.564682611536174e-06,-0.0006189102290896347
3,0.003874320166342086,11.45724240885406,-0.915051379869079,-12.0,-7.101207424744445,12.0,-0.001766661703675377,0.0006186156044875418,0.0006186146894361568,0.001145724240885406,2.567179023274041e-06,-0.0006186156044875366
3,0.003874520166342086,11.45724603390821,-0.909147988371916,-12.0,-7.092354090991861,12.0,-0.001766364583571673,0.0006183206102620007,0.0006183197011140061,0.001145724603390821,2.564690560543378e-06,-0.0006183206102619946
3,0.003874720166342086,11.45724954334211,-0.9032371689342448,-12.0,-7.083489557444112,12.0,-0.001766072057202667,0.0006180252388509921,0.0006180243356138179,0.001145724954334211,2.567184573688123e-06,-0.0006180252388509868
3,0.003874920166342086,11.45725317788851,-0.8973188506444795,-12.0,-7.074613838099482,12.0,-0.001765774194598317,0.0006177294987455064,0.0006177286014266496,0.001145725317788851,2.564698528205505e-06,-0.0006177294987455002
3,0.003875120166342086,11.45725669689643,-0.8913931230629645,-12.0,-7.06572694697389,12.0,-0.001765480921860816,0.0006174333823910977,0.0006174324909979696,0.001145725669689643,2.567190144873402e-06,-0.0006174333823910927
3,0.0038753201663420857,11.45726034090569,-0.8854599153660377,-12.0,-7.056828898101054,12.0,-0.001765182318621011,0.0006171368982735079,0.0006171360128135864,0.001145726034090569,2.564706514922608e-06,-0.0006171368982735017
3,0.0038755201663420863,11.45726386945714,-0.879519317073612,-12.0,-7.047919705532157,12.0,-0.001764888301386723,0.0006168400388458597,0.0006168391593265374,0.001145726386945714,2.567195737263828e-06,-0.0006168400388458546
3,0.003875720166342086,11.45726752289787,-0.8735712574496444,-12.0,-7.038999383335979,12.0,-0.001764588959381713,0.0006165428125886395,0.000616541939017376,0.001145726752289787,2.564714521169646e-06,-0.0006165428125886335
3,0.003875920166342086,11.45727106096021,-0.8676158259737746,-12.0,-7.030067945599026,12.0,-0.001764294199526789,0.0006162452119625304,0.0006162443443466993,0.001145727106096021,2.567201351373161e-06,-0.0006162452119625252
3,0.003876120166342087,11.45727472379867,-0.8616529519975714,-12.0,-7.02112540642521,12.0,-0.001763994120631902,0.0006159472454427699,0.0006159463837898119,0.001145727472379867,2.564722547507998e-06,-0.0006159472454427638
3,0.0038763201663420867,11.4572782713367,-0.8556827249602604,-12.0,-7.012171779935993,12.0,-0.001763698620037415,0.0006156489054975783,0.0006156480498148483,0.001145727827133671,2.567206987809351e-06,-0.0006156489054975732
3,0.0038765201663420873,11.45728194353637,-0.8497050743009799,-12.0,-7.003207080270398,12.0,-0.001763397806132436,0.0006153502005969479,0.0006153493508918675,0.001145728194353637,2.564730594600669e-06,-0.0006153502005969419
3,0.003876720166342087,11.45728550051195,-0.8437200894187112,-12.0,-6.994231321584938,12.0,-0.001763101566684252,0.000615051123216628,0.0006150502794965334,0.001145728550051196,2.567212647290803e-06,-0.0006150511232166228
3,0.003876920166342087,11.45728918203312,-0.837727699839967,-12.0,-6.985244518053508,12.0,-0.001762800019653865,0.0006147516818213602,0.0006147508440936544,0.001145728918203312,2.564738663230129e-06,-0.0006147516818213541
3,0.003877120166342087,11.45729274840462,-0.8317279949235103,-12.0,-6.976246683867524,12.0,-0.001762503043243707,0.0006144518688944064,0.0006144510371664064,0.001145729274840462,2.5672183306645e-06,-0.0006144518688944014
3,0.003877320166342087,11.45729643920381,-0.825720904283247,-12.0,-6.96723783323582,12.0,-0.001762200764977077,0.0006141516928952633,0.000614150867174353,0.001145729643920381,2.564746754318803e-06,-0.0006141516928952573
3,0.003877520166342087,11.45730001492552,-0.8197065172377429,-12.0,-6.958217980384548,12.0,-0.001761903053500615,0.0006138511463146858,0.0006138503266081632,0.001145730001492552,2.567224038929638e-06,-0.0006138511463146806
3,0.003877720166342087,11.45730371495489,-0.8136847634881549,-12.0,-6.949187139557313,12.0,-0.001761600045893324,0.0006135502376069218,0.0006135494239221523,0.001145730371495489,2.564754868953005e-06,-0.000613550237606916
3,0.003877920166342088,11.45730729997638,-0.8076557323130401,-12.0,-6.940145325015072,12.0,-0.001761301601250821,0.0006132489592702082,0.0006132481516144709,0.001145730729997638,2.567229773262395e-06,-0.0006132489592702033
3,0.003878120166342088,11.4573110091829,-0.8016193535006977,-12.0,-6.931092551036033,12.0,-0.001760997866201319,0.0006129473197535396,0.00061294651813418,0.00114573110091829,2.564763008411624e-06,-0.0006129473197535336
3,0.003878320166342088,11.45731460344815,-0.7955757162897,-12.0,-6.922028831915786,12.0,-0.001760698690299754,0.0006126453115626137,0.0006126445159868924,0.001145731460344815,2.567235535048229e-06,-0.0006126453115626086
3,0.003878520166342088,11.4573183217728,-0.7895247505555333,-12.0,-6.912954181967208,12.0,-0.001760394229713117,0.0006123429431411735,0.0006123421536164169,0.001145731832177281,2.564771174199821e-06,-0.0006123429431411676
3,0.003878720166342088,11.45732192521927,-0.7834665454968613,-12.0,-6.903868615520383,12.0,-0.001760094324462893,0.0006120402070023573,0.0006120394235358068,0.001145732192521927,2.56724132591713e-06,-0.0006120402070023522
3,0.003878920166342088,11.45732565259597,-0.7774010310762257,-12.0,-6.894772146922636,12.0,-0.00175978914024853,0.000611737111584647,0.00061173633418361,0.001145732565259598,2.564779368087819e-06,-0.0006117371115846412
3,0.0038791201663420883,11.45732926515348,-0.7713282964525685,-12.0,-6.885664790538558,12.0,-0.0017594885075656,0.000611433649408604,0.0006114328780803023,0.001145732926515348,2.567247147786625e-06,-0.0006114336494085989
3,0.003879320166342088,11.45733300150784,-0.7652482716755286,-12.0,-6.876546560749932,12.0,-0.001759182601638595,0.0006111298289074464,0.0006111290636591686,0.001145733300150785,2.564787592158112e-06,-0.0006111298289074404
3,0.003879520166342089,11.45733662309724,-0.759161045864374,-12.0,-6.867417471955638,12.0,-0.001758881243444056,0.0006108256426091317,0.0006108248834480806,0.001145733662309724,2.567253002912509e-06,-0.0006108256426091263
3,0.003879720166342089,11.45734036834518,-0.7530665491557991,-12.0,-6.858277538571778,12.0,-0.001758574617724597,0.0006105210989416039,0.0006105203458750487,0.001145734036834518,2.564795848858989e-06,-0.0006105210989415978
3,0.003879920166342089,11.45734399887677,-0.7469648706296592,-12.0,-6.84912677503158,12.0,-0.001758272535945275,0.0006102161904401972,0.0006102154434753215,0.001145734399887677,2.567258893947713e-06,-0.0006102161904401922
3,0.0038801201663420893,11.45734775292278,-0.7408559405096701,-12.0,-6.839965195785298,12.0,-0.001757965192358553,0.0006099109255275688,0.0006099101846716224,0.001145734775292278,2.564804141069805e-06,-0.0006099109255275629
3,0.003880320166342089,11.45735139229453,-0.7347398478363986,-12.0,-6.830792815300342,12.0,-0.001757662388926329,0.0006096052967463994,0.0006096045620065465,0.001145735139229453,2.567264824012334e-06,-0.0006096052967463943
3,0.003880520166342089,11.45735515502971,-0.7286165229207278,-12.0,-6.821609648061177,12.0,-0.001757354329403405,0.0006092993125140509,0.000609298583897522,0.001145735515502971,2.564812472176597e-06,-0.0006092993125140449
3,0.0038807201663420892,11.45735880312506,-0.7224860547640994,-12.0,-6.812415708569227,12.0,-0.001757050806255744,0.0006089929653805176,0.000608992242894458,0.001145735880312506,2.567270796776104e-06,-0.0006089929653805128
3,0.003880920166342089,11.45736257442477,-0.7163483737646048,-12.0,-6.803211011343029,12.0,-0.001756742032733131,0.0006086862637578483,0.0006086855474094686,0.001145736257442477,2.564820846161222e-06,-0.0006086862637578424
3,0.003881120166342089,11.45736623111008,-0.7102035688848489,-12.0,-6.793995570918004,12.0,-0.001756437791813169,0.0006083792002033203,0.0006083784899997465,0.001145736623111008,2.567276816555412e-06,-0.0006083792002033156
3,0.00388132016634209,11.45737001083119,-0.7040515706102117,-12.0,-6.784769401846619,12.0,-0.001756128306232776,0.0006080717831236466,0.00060807107907207,0.001145737001083119,2.564829267707644e-06,-0.0006080717831236408
3,0.00388152016634209,11.45737367595277,-0.6978924678648075,-12.0,-6.775532518698276,12.0,-0.001755823349489638,0.0006077640050833517,0.000607763307190879,0.001145737367595277,2.567282888427618e-06,-0.0006077640050833469
3,0.0038817201663420902,11.45737746393037,-0.6917261912214189,-12.0,-6.766284936059225,12.0,-0.001755513153800795,0.0006074558744837865,0.0006074551827575894,0.001145737746393037,2.564837742326012e-06,-0.0006074558744837805
3,0.00388192016634209,11.45738113731094,-0.6855528295659482,-12.0,-6.757026668532687,12.0,-0.001755207483189961,0.0006071473838966786,0.0006071466983438443,0.001145738113731094,2.567289018367784e-06,-0.0006071473838966739
3,0.00388212016634209,11.45738493335454,-0.6793723135588978,-12.0,-6.747757730738755,12.0,-0.001754896579346559,0.0006068385417179914,0.0006068378623456722,0.001145738493335455,2.564846276500289e-06,-0.0006068385417179857
3,0.00388232016634209,11.45738861478904,-0.6731847320483035,-12.0,-6.738478137314297,12.0,-0.001754590196828766,0.0006065293405266041,0.0006065286673418673,0.001145738861478904,2.567295213407596e-06,-0.0006065293405265993
3,0.00388252016634209,11.45739241867805,-0.6669900157826177,-12.0,-6.729187902913107,12.0,-0.001754278586792449,0.0006062197887130547,0.0006062191217230332,0.001145739241867805,2.564854877862323e-06,-0.0006062197887130489
3,0.00388272016634209,11.45739610792875,-0.6607882535725158,-12.0,-6.719887042205683,12.0,-0.001753971494337212,0.0006059098788633214,0.0006059092180750632,0.001145739610792875,2.567301481825843e-06,-0.0006059098788633167
3,0.00388292016634209,11.45739991940709,-0.6545793762547151,-12.0,-6.710575569879379,12.0,-0.001753659180076257,0.000605599619362472,0.0006055989647830901,0.001145739991940709,2.564863555397858e-06,-0.0006055996193624663
3,0.003883120166342091,11.45740361619778,-0.648363472603127,-12.0,-6.701253500638308,12.0,-0.00175335137965885,0.0006052890028035226,0.0006052883544400455,0.001145740361619779,2.567307833371832e-06,-0.0006052890028035181
3,0.003883320166342091,11.45740743496764,-0.6421404735431205,-12.0,-6.691920849203235,12.0,-0.001753038363148294,0.000604978037566017,0.000604977395425538,0.001145740743496764,2.564872319690866e-06,-0.0006049780375660115
3,0.003883520166342091,11.4574111389768,-0.6359104678124464,-12.0,-6.682577630311747,12.0,-0.001752729856751727,0.0006046667162499344,0.0006046660803394623,0.00114574111389768,2.567314279531645e-06,-0.00060466671624993
3,0.003883720166342091,11.45741496469115,-0.6296733864257097,-12.0,-6.673223858718005,12.0,-0.001752416139976045,0.0006043550472292347,0.0006043544175558431,0.001145741496469115,2.564881183212749e-06,-0.0006043550472292296
3,0.003883920166342091,11.45741867554385,-0.6234293180852101,-12.0,-6.663859549192919,12.0,-0.001752106929591498,0.0006040430231107748,0.0006040423996814528,0.001145741867554385,2.567320833842852e-06,-0.0006040430231107709
3,0.0038841201663420907,11.4574225077977,-0.6171781938955011,-12.0,-6.654484716524039,12.0,-0.001751792514541511,0.0006037306522628588,0.00060373003508466,0.00114574225077977,2.564890160665607e-06,-0.0006037306522628538
3,0.0038843201663420913,11.45742622505603,-0.6109201025242739,-12.0,-6.645099375515452,12.0,-0.001751482602169739,0.0006034179272991214,0.0006034173163790152,0.001145742622505603,2.567327512268635e-06,-0.0006034179272991178
3,0.003884520166342091,11.45743006337603,-0.6046549751667681,-12.0,-6.63570354098792,12.0,-0.001751167490846914,0.0006031048565821196,0.00060310425192714,0.001145743006337603,2.564899269389543e-06,-0.0006031048565821152
3,0.003884720166342091,11.45743378652788,-0.5983829004572203,-12.0,-6.626297227778773,12.0,-0.001750856878497203,0.0006027914327321584,0.0006027908343492549,0.001145743378652788,2.567334333642143e-06,-0.0006027914327321552
3,0.003884920166342092,11.45743763036005,-0.5921038096824611,-12.0,-6.616880450741811,12.0,-0.001750541072912902,0.000602477664105939,0.0006024770720021254,0.001145743763036005,2.564908529847676e-06,-0.000602477664105935
3,0.0038851201663420917,11.45744135880571,-0.5858177914444455,-12.0,-6.607453224747437,12.0,-0.001750229762605517,0.0006021635433303015,0.0006021629575125077,0.001145744135880571,2.567341320195346e-06,-0.0006021635433302992
3,0.0038853201663420923,11.45744520750094,-0.5795247771228754,-12.0,-6.598015564682555,12.0,-0.001749913264782008,0.0006018490787559713,0.0006018484992311909,0.001145744520750094,2.564917966203179e-06,-0.000601849078755968
3,0.003885520166342092,11.45744894053738,-0.5732248552888326,-12.0,-6.588567485450492,12.0,-0.001749601258548765,0.0006015342630161673,0.0006015336897913107,0.001145744894053738,2.567348498189341e-06,-0.000601534263016166
3,0.003885720166342092,11.45745279333431,-0.5669179574161799,-12.0,-6.579109001971,12.0,-0.001749284070520132,0.000601219104455484,0.0006012185375375246,0.001145745279333431,2.56492760700767e-06,-0.000601219104455482
3,0.003885920166342092,11.45745653013649,-0.5606041720469719,-12.0,-6.569640129180422,12.0,-0.001748971370405789,0.0006009035957133448,0.0006009030351091729,0.001145745653013649,2.567355898666154e-06,-0.000600903595713345
3,0.003886120166342092,11.45746038614117,-0.5542834307509699,-12.0,-6.560160882031348,12.0,-0.001748653494219955,0.0006005877451280385,0.000600587190844607,0.001145746038614117,2.564937486023674e-06,-0.0006005877451280379
3,0.003886320166342092,11.45746412573998,-0.5479558220430428,-12.0,-6.550671275492777,12.0,-0.001748340102283282,0.0006002715453449715,0.0006002709973891514,0.001145746412573998,2.567363558348717e-06,-0.0006002715453449735
3,0.003886520166342092,11.45746798390191,-0.541621277590924,-12.0,-6.541171324550119,12.0,-0.001748021540003552,0.0005999550046959177,0.0005999544630746418,0.001145746798390191,2.564947643208311e-06,-0.0005999550046959195
3,0.003886720166342093,11.45747172515805,-0.5352798858848248,-12.0,-6.53166104420512,12.0,-0.001747707458320076,0.0005996381158320248,0.0005996375805521436,0.001145747172515805,2.567371520717742e-06,-0.0005996381158320295
3,0.003886920166342093,11.45747558424167,-0.5289315786927572,-12.0,-6.522140449475757,12.0,-0.001747388212026402,0.0005993208870782955,0.0005993203581467213,0.001145747558424167,2.56495812589486e-06,-0.0005993208870783001
3,0.003887120166342093,11.45747932581465,-0.5225764444830693,-12.0,-6.512609555396377,12.0,-0.001747073442689088,0.0005990033110913228,0.0005990027885148863,0.001145747932581466,2.567379837307082e-06,-0.0005990033110913308
3,0.003887320166342093,11.45748318436573,-0.516214415127047,-12.0,-6.503068377017588,12.0,-0.00174675351448164,0.0005986853961890455,0.0005986848799746389,0.001145748318436573,2.564968990212027e-06,-0.0005986853961890541
3,0.003887520166342093,11.45748692467728,-0.5098455790744862,-12.0,-6.493516929406159,12.0,-0.001746438059604947,0.0005983671350331543,0.0005983666251875881,0.001145748692467728,2.567388569261135e-06,-0.0005983671350331673
3,0.0038877201663420928,11.4574907809829,-0.5034698683033482,-12.0,-6.483955227645158,12.0,-0.001746117451605116,0.0005980485359341668,0.0005980480324643127,0.001145749078098291,2.564980302795671e-06,-0.0005980485359341809
3,0.0038879201663420933,11.45749451817338,-0.4970873712489578,-12.0,-6.474383286833842,12.0,-0.001745801313326687,0.0005977295915584687,0.0005977290944711171,0.001145749451817338,2.567397789217417e-06,-0.0005977295915584885
3,0.003888120166342093,11.45749837021468,-0.4906980200000301,-12.0,-6.464801122087587,12.0,-0.001745480027681859,0.000597410310208734,0.0005974098195107358,0.001145749837021469,2.56499214285991e-06,-0.0005974103102087556
3,0.003888320166342094,11.45750210209159,-0.4843019029820391,-12.0,-6.455208748537883,12.0,-0.001745163208166721,0.0005970906845555555,0.0005970902002536815,0.001145750210209159,2.567407583586353e-06,-0.0005970906845555844
3,0.003888520166342094,11.45750594748751,-0.4778989523994849,-12.0,-6.445606181332507,12.0,-0.001744841247053146,0.0005967707228932696,0.0005967702449943498,0.001145750594748751,2.565004604709659e-06,-0.0005967707228933022
3,0.0038887201663420938,11.45750967146424,-0.4714892566736549,-12.0,-6.43599343563517,12.0,-0.001744523748497271,0.0005964504178961096,0.0005964499464068949,0.001145750967146424,2.567418055323391e-06,-0.0005964504178961516
3,0.0038889201663420943,11.45751350740487,-0.4650727481304914,-12.0,-6.426370526625654,12.0,-0.001744201114124632,0.0005961297778494687,0.0005961293127767683,0.001145751350740487,2.565017800802018e-06,-0.0005961297778495163
3,0.003889120166342094,11.45751722042806,-0.458649515193848,-12.0,-6.416737469499953,12.0,-0.00174388293875999,0.0005958087954305506,0.0005958083367810953,0.001145751722042806,2.567429327313295e-06,-0.0005958087954306106
3,0.003889320166342094,11.45752104359542,-0.4522194903182101,-12.0,-6.407094279469928,12.0,-0.001743559633376923,0.0005954874789151032,0.0005954870266956814,0.001145752104359542,2.565031865491132e-06,-0.0005954874789151717
3,0.0038895201663420942,11.45752474205855,-0.4457827619377126,-12.0,-6.397440971763463,12.0,-0.001743240783477047,0.0005951658209824901,0.000595165375199813,0.001145752474205855,2.567441546518791e-06,-0.0005951658209825751
3,0.003889720166342094,11.45752854853243,-0.439339262643757,-12.0,-6.387777561624476,12.0,-0.001742916809376371,0.0005948438298979745,0.0005948433905588092,0.001145752854853243,2.565046959631199e-06,-0.0005948438298980719
3,0.003889920166342094,11.45753222817319,-0.4328890808902884,-12.0,-6.378104064312837,12.0,-0.001742597287262843,0.0005945214983421357,0.000594521065453174,0.001145753222817319,2.567454889092461e-06,-0.0005945214983422549
3,0.003890120166342095,11.45753601331915,-0.4264321494154637,-12.0,-6.368420495104266,12.0,-0.001742272646790356,0.0005941988345687427,0.0005941984081367308,0.001145753601331915,2.565063276259993e-06,-0.0005941988345688802
3,0.003890320166342095,11.45753966909722,-0.4199685567041948,-12.0,-6.358726869290468,12.0,-0.00174195245484116,0.0005938758312584604,0.0005938754112900706,0.001145753966909722,2.567469566706795e-06,-0.0005938758312586274
3,0.0038905201663420952,11.45754342743326,-0.4134982356533594,-12.0,-6.349023202179024,12.0,-0.001741627150401377,0.0005935524966523731,0.0005935520831543308,0.001145754342743326,2.565081047658506e-06,-0.0005935524966525665
3,0.003890720166342095,11.45754705338474,-0.4070212747921214,-12.0,-6.339309509093302,12.0,-0.001741306291059297,0.0005932288234298845,0.0005932284164088433,0.001145754705338474,2.567485834436093e-06,-0.0005932288234301182
3,0.003890920166342095,11.45755077842239,-0.4005376071902012,-12.0,-6.32958580537257,12.0,-0.001740980325128208,0.0005929048198179656,0.0005929044192806296,0.001145755077842239,2.565100554166165e-06,-0.000592904819818237
3,0.003891120166342095,11.45755436748634,-0.3940473214370211,-12.0,-6.319852106371914,12.0,-0.001740658800910773,0.0005925804784931634,0.0005925800844461679,0.001145755436748634,2.567504000631874e-06,-0.0005925804784934893
3,0.003891320166342095,11.45755805154112,-0.387550350792032,-12.0,-6.310108427462118,12.0,-0.00174033217604461,0.0005922558076666291,0.0005922554201166579,0.001145755805154112,2.565122135258361e-06,-0.0005922558076670087
3,0.0038915201663420954,11.45756159533875,-0.3810467839283941,-12.0,-6.300354784029808,12.0,-0.001740009989558443,0.0005919308000101413,0.0005919304189633573,0.001145756159533875,2.567524439367805e-06,-0.0005919308000101414
3,0.003891720166342095,11.45756522927977,-0.3745365543146123,-12.0,-6.290591191477345,12.0,-0.001739682708410312,0.0005916054637162733,0.000591605089179719,0.001145756522927977,2.56514620407334e-06,-0.0005916054637162733
3,0.003891920166342096,11.45756871789865,-0.368019750717277,-12.0,-6.280817665222749,12.0,-0.001739359862363653,0.0005912797914505472,0.0005912794234307964,0.001145756871789865,2.567547607188093e-06,-0.0005912797914505472
3,0.003892120166342096,11.45757229095192,-0.3614963068404439,-12.0,-6.271034220699695,12.0,-0.00173903192769302,0.0005909537913859251,0.0005909534298896183,0.001145757229095192,2.565173264069852e-06,-0.0005909537913859252
3,0.003892320166342096,11.45757571263582,-0.3549663115844426,-12.0,-6.261240873357688,12.0,-0.001738708424910692,0.0005906274561773246,0.0005906271012110129,0.001145757571263582,2.567574060337689e-06,-0.0005906274561773246
3,0.0038925201663420964,11.45757921197938,-0.3484296989166847,-12.0,-6.251437638661707,12.0,-0.001738379839604943,0.0005903007939745022,0.0005903004455448034,0.001145757921197938,2.56520393230452e-06,-0.0005903007939745022
3,0.003892720166342096,11.45758255275623,-0.3418865578991148,-12.0,-6.241624532092366,12.0,-0.001738055683049084,0.0005899737974193252,0.0005899734555327671,0.001145758255275623,2.567604483863161e-06,-0.0005899737974193252
3,0.003892920166342096,11.45758596316231,-0.3353368227976973,-12.0,-6.231801569145931,12.0,-0.001737726450144289,0.0005896464746348233,0.0005896461392980005,0.001145758596316231,2.565238969630153e-06,-0.0005896464746348234
3,0.0038931201663420963,11.45758920643049,-0.3287805828754353,-12.0,-6.221968765334228,12.0,-0.001737401642935229,0.0005893188182458793,0.0005893184894652964,0.001145758920643049,2.567639723931355e-06,-0.0005893188182458794
3,0.003893320166342096,11.45759250979657,-0.3222177727390176,-12.0,-6.212126136184541,12.0,-0.001737071765634845,0.0005889908363445524,0.0005889905141267796,0.001145759250979658,2.56527931843329e-06,-0.0005889908363445523
3,0.003893520166342096,11.45759563581041,-0.3156484818998186,-12.0,-6.20227369723975,12.0,-0.001736746311073869,0.0005886625215339931,0.0005886622058855114,0.001145759563581041,2.567680831566544e-06,-0.0005886625215339932
3,0.003893720166342097,11.45759881059425,-0.3090726453564386,-12.0,-6.192411464058234,12.0,-0.001736415792776788,0.0005883338818701795,0.0005883335727975343,0.001145759881059425,2.565326152661172e-06,-0.0005883338818701794
3,0.003893920166342097,11.45760179584305,-0.3024903529257938,-12.0,-6.182539452213744,12.0,-0.001736089694372927,0.000588004909928795,0.000588004607438442,0.001145760179584305,2.567729119967918e-06,-0.000588004909928795
3,0.0038941201663420973,11.45760481637968,-0.2959015400602179,-12.0,-6.172657677295566,12.0,-0.001735758538698534,0.0005876756137235348,0.0005876753178219948,0.001145760481637968,2.565380943594528e-06,-0.000587675613723535
3,0.003894320166342097,11.45760763283574,-0.2893062969517061,-12.0,-6.162766154908399,12.0,-0.001735431800195917,0.0005873459857956691,0.0005873456964893722,0.001145760763283574,2.56778624009503e-06,-0.0005873459857956693
3,0.003894520166342097,11.45761046850866,-0.2827045595815483,-12.0,-6.152864900672249,12.0,-0.001735100011014665,0.0005870160341090698,0.0005870157514045104,0.001145761046850866,2.565445546839116e-06,-0.0005870160341090702
3,0.003894720166342097,11.45761308271276,-0.27609641860136,-12.0,-6.142953930222605,12.0,-0.001734772636423927,0.0005866857511621245,0.000586685475065706,0.001145761308271276,2.567854280926094e-06,-0.0005866857511621246
3,0.003894920166342097,11.45761569694386,-0.2694818106134334,-12.0,-6.133033259210188,12.0,-0.001734440217887311,0.0005863551448596754,0.0005863548753778648,0.001145761569694386,2.565522318028543e-06,-0.0005863551448596755
3,0.003895120166342097,11.45761806888817,-0.262860826832509,-12.0,-6.123102903301117,12.0,-0.001734112211515292,0.0005860242076468608,0.0005860239447860341,0.001145761806888817,2.567935903154677e-06,-0.0005860242076468608
3,0.003895320166342097,11.45762041790057,-0.2562334045949836,-12.0,-6.113162878176808,12.0,-0.001733779168087428,0.0005856929473581823,0.0005856926911247778,0.001145762041790057,2.565614267505701e-06,-0.0005856929473581824
3,0.003895520166342098,11.45762249965637,-0.2495996358062117,-12.0,-6.103213199533862,12.0,-0.001733450534568348,0.000585361356372765,0.0005853611067731291,0.001145762249965637,2.568034518362615e-06,-0.000585361356372765
3,0.003895720166342098,11.45762453094992,-0.2429594586764579,-12.0,-6.093253883084236,12.0,-0.001733116871053354,0.0005850294424407777,0.0005850291994813191,0.001145762453094992,2.565725268103569e-06,-0.0005850294424407778
3,0.003895920166342098,11.45762626497089,-0.236312965959925,-12.0,-6.083284944554991,12.0,-0.001732787615374874,0.0005846971978595068,0.0005846969615465408,0.001145762626497089,2.56815453023609e-06,-0.0005846971978595067
3,0.003896120166342098,11.45762791543017,-0.229660096914947,-12.0,-6.073306399688475,12.0,-0.001732453336942404,0.0005843646302773527,0.0005843644006172559,0.001145762791543017,2.565860335476091e-06,-0.0005843646302773527
3,0.003896320166342098,11.45762923243801,-0.223000945342494,-12.0,-6.063318264242197,12.0,-0.001732123464464638,0.0005840317318899703,0.000584031508889025,0.001145762923243801,2.568301660689449e-06,-0.0005840317318899703
3,0.0038965201663420978,11.45763042596409,-0.216335451768112,-12.0,-6.05332055398873,12.0,-0.001731788576663408,0.0005836985102220618,0.0005836982938866099,0.001145763042596409,2.566026007881389e-06,-0.0005836985102220619
3,0.0038967201663420983,11.45763124228912,-0.2096637112894539,-12.0,-6.043313284715853,12.0,-0.001731458093128418,0.00058336495734264,0.0005833647476789287,0.001145763124228912,2.568483392575524e-06,-0.0005833649573426399
3,0.003896920166342098,11.45763188680517,-0.2029856659781296,-12.0,-6.033296472226438,12.0,-0.001731122601884494,0.0005830310806248307,0.0005830308776391648,0.001145763188680517,2.566230862764656e-06,-0.0005830310806248308
3,0.003897120166342098,11.45763210100442,-0.1963014125480027,-12.0,-6.02327013233834,12.0,-0.001730791513403606,0.0005826968719790336,0.0005826966756776212,0.001145763210100442,2.568709573081972e-06,-0.0005826968719790336
3,0.003897320166342099,11.45763208462392,-0.189610894975779,-12.0,-6.013234280884578,12.0,-0.001730455424998617,0.0005823623385908797,0.0005823621489799849,0.001145763208462392,2.566486222313013e-06,-0.00058236233859088
3,0.0038975201663420988,11.45763157312432,-0.1829142120058619,-12.0,-6.003188933713073,12.0,-0.001730123738012363,0.000582027472170721,0.0005820272892565092,0.001145763157312432,2.568993239663218e-06,-0.0005820274721707211
3,0.0038977201663420993,11.45763075917877,-0.1762113099895608,-12.0,-5.993134106686828,12.0,-0.00172978705902159,0.0005816922796697266,0.0005816921034584168,0.001145763075917878,2.566807121478363e-06,-0.0005816922796697267
3,0.003897920166342099,11.45762937057899,-0.1695022902476114,-12.0,-5.983069815683817,12.0,-0.001729454780217322,0.0005813567525436203,0.0005813565830413304,0.001145762937057899,2.569351756108126e-06,-0.0005813567525436206
3,0.003898120166342099,11.45762759105977,-0.1627871021306433,-12.0,-5.97299607659687,12.0,-0.001729117517401093,0.0005810208974466222,0.0005810207346595205,0.001145762759105977,2.567213643253742e-06,-0.0005810208974466228
3,0.003898320166342099,11.45762513854659,-0.1560658502680201,-12.0,-5.962912905333826,12.0,-0.00172878465357177,0.00058068470550658,0.0005806845494407303,0.001145762513854659,2.569808384590625e-06,-0.0005806847055065806
3,0.003898520166342099,11.45762218529205,-0.1493384878576759,-12.0,-5.952820317817418,12.0,-0.001728446813696259,0.0005803481829959735,0.0005803480336574864,0.001145762218529205,2.567732773053345e-06,-0.0005803481829959742
3,0.003898720166342099,11.45761843634426,-0.1426051238411948,-12.0,-5.94271832998516,12.0,-0.001728113371516935,0.0005800113206143955,0.0005800111780092726,0.001145761843634426,2.57039447792717e-06,-0.0005800113206143965
3,0.0038989201663421,11.45761404894346,-0.1358657164404246,-12.0,-5.932606957789529,12.0,-0.001727774961080502,0.0005796741241349089,0.000579673988269194,0.001145761404894346,2.568400997069229e-06,-0.0005796741241349105
3,0.0038991201663421,11.45760871103506,-0.1291203803175815,-12.0,-5.922486217197704,12.0,-0.00172744094677356,0.0005793365836880102,0.0005793364545676319,0.001145760871103506,2.571152568408454e-06,-0.0005793365836880123
3,0.0038993201663421,11.45760255982432,-0.1223690803925195,-12.0,-5.912356124191743,12.0,-0.001727101971599553,0.0005789987043799195,0.000578998582010842,0.001145760255982432,2.569267986838672e-06,-0.0005789987043799224
3,0.0038995201663421,11.45759526006696,-0.1156119390770702,-12.0,-5.902216694768477,12.0,-0.001726767390445715,0.0005786604755691365,0.0005786603599572016,0.001145759526006696,2.57214078052475e-06,-0.0005786604755691406
3,0.0038997201663421,11.45758692158655,-0.1088489304378735,-12.0,-5.892067944939388,12.0,-0.001726427855098068,0.0005783219014501459,0.0005783217926012211,0.001145758692158655,2.570401908359773e-06,-0.0005783219014501515
3,0.0038999201663421,11.45757717692031,-0.1020801876458447,-12.0,-5.881909890730798,12.0,-0.001726092710735635,0.0005779829703084876,0.0005779828682283076,0.001145757717692031,2.573439252270917e-06,-0.0005779829703084953
3,0.0039001201663421,11.45756609742925,-0.09530569760800156,-12.0,-5.871742548183602,12.0,-0.001725752617678619,0.0005776436850575494,0.0005776435897518623,0.001145756609742924,2.571897235397778e-06,-0.0005776436850575601
3,0.0039003201663421003,11.45755326959838,-0.08852560886544758,-12.0,-5.861565933353451,12.0,-0.001725416911094963,0.0005773040324487858,0.0005773039439231915,0.001145755326959838,2.575159707147376e-06,-0.0005773040324488004
3,0.0039005201663421,11.45753870903183,-0.0817399269303039,-12.0,-5.851380062310638,12.0,-0.001725076259476887,0.0005769640135380135,0.0005769639317981067,0.001145753870903183,2.573886566334468e-06,-0.0005769640135380334
3,0.003900720166342101,11.45752193418231,-0.07494882304040172,-12.0,-5.841184951139986,12.0,-0.001724739987532005,0.0005766236128099308,0.0005766235378611354,0.001145752193418231,2.577460167905284e-06,-0.0005766236128099584
3,0.003900920166342101,11.45750287684328,-0.06815233066403122,-12.0,-5.830980615940994,12.0,-0.001724398771377907,0.0005762828285276581,0.0005762827603753657,0.001145750287684328,2.576559120376309e-06,-0.0005762828285276964
3,0.003901120166342101,11.45748095103592,-0.06135065586880763,-12.0,-5.820767072827731,12.0,-0.001724061924565406,0.0005759416416958394,0.0005759415803452366,0.001145748095103592,2.580568453397227e-06,-0.0005759416416958924
3,0.0039013201663421013,11.45745595717026,-0.05454387593655352,-12.0,-5.810544337928719,12.0,-0.001723720129967952,0.0005756000461991428,0.0005755999916553407,0.001145745595717026,2.58019093417597e-06,-0.0005756000461992165
3,0.003901520166342101,11.45742714158538,-0.04773225284790648,-12.0,-5.800312427387079,12.0,-0.001723382688831565,0.0005752580174538144,0.0005752579697216643,0.001145742714158538,2.584821479685078e-06,-0.0005752580174539173
3,0.003901720166342101,11.45739408830282,-0.04091593603310113,-12.0,-5.790071357360422,12.0,-0.001723040289300237,0.0005749155421325876,0.0005749155012167962,0.001145739408830282,2.585196725620259e-06,-0.0005749155421327322
3,0.0039019201663421012,11.45735575957044,-0.03409528218848529,-12.0,-5.779821144020769,12.0,-0.001722702218284669,0.0005745725861830242,0.0005745725520879462,0.001145735575957044,2.590734746314763e-06,-0.0005745725861832283
3,0.003902120166342101,11.45731136120373,-0.02727056683134254,-12.0,-5.769561803554547,12.0,-0.00172235916644886,0.0005742291236720296,0.0005742290964017535,0.001145731136120373,2.592224549715556e-06,-0.0005742291236723204
3,0.003902320166342101,11.45725934146638,-0.02044231800426702,-12.0,-5.759293352162771,12.0,-0.001722020402458454,0.0005738851034154317,0.0005738850829735324,0.001145725934146638,2.599133661085794e-06,-0.0005738851034158504
3,0.003902520166342102,11.45719819464592,-0.01361104841814946,-12.0,-5.749015806060669,12.0,-0.001721676613936859,0.0005735404757636413,0.0005735404621532035,0.001145719819464592,2.602341739793553e-06,-0.000573540475764252
3,0.003902720166342102,11.45712535865557,-0.006777622915899739,-12.0,-5.73872918147786,12.0,-0.001721337043030306,0.0005731951558552909,0.0005731951490785732,0.001145712535865556,2.611422879852914e-06,-0.0005731951558561961
3,0.0039029201663421022,11.45703785625046,5.695526487694354e-05,-12.0,-5.728433494658359,12.0,-0.001720992361878355,0.0005728490449909539,0.0005728490450492789,0.001145703785625046,2.617435262703819e-06,-0.0005728490449923236
3,0.003903120166342102,11.45693091021602,0.006891082891128302,-12.0,-5.718128761860488,12.0,-0.001720651766552019,0.0005725019844730348,0.0005725019913662446,0.001145693091021602,2.630199330827372e-06,-0.0005725019844751617
3,0.003903320166342102,11.45679808593351,0.0137226042559619,-12.0,-5.70781499935677,12.0,-0.001720305882224851,0.0005721537603578604,0.0005721537740838773,0.001145679808593351,2.641183442120165e-06,-0.0005721537603612732
3,0.003903520166342102,11.45662895593763,0.02054803270294634,-12.0,-5.69749222343407,12.0,-0.001719963805688001,0.0005718040256079894,0.0005718040461617343,0.001145662895593763,2.660857141158951e-06,-0.0005718040256137016
3,0.003903720166342102,11.45640733233062,0.0273619614347998,-12.0,-5.687160450393493,12.0,-0.001719616021488887,0.000571452241172724,0.0005714522685447909,0.001145640733233062,2.681842201803661e-06,-0.0005714522411828293
3,0.003903920166342102,11.45610471824465,0.03415488068217325,-12.0,-5.676819696550258,12.0,-0.001719271351905095,0.0005710974577232431,0.0005710974918781239,0.001145610471824465,2.716734739253562e-06,-0.0005710974577232432
3,0.003904120166342102,11.45566824425616,0.04090915653510528,-12.0,-5.666469978233857,12.0,-0.001718919791860643,0.0005707379134768962,0.0005707379543860528,0.001145566824425616,2.762547840747036e-06,-0.0005707379134768962
3,0.003904320166342103,11.45498487720891,0.04758710063034152,-12.0,-5.656111311787937,12.0,-0.001718569139999233,0.000570369841241828,0.0005703698888289286,0.001145498487720891,2.842113767146824e-06,-0.0005703698412418279
3,0.003904520166342103,11.45376678065885,0.0540927572210906,-12.0,-5.645743713570218,12.0,-0.001718207229767174,0.0005699836470791309,0.0005699837011718882,0.001145376678065885,2.981601590502877e-06,-0.0005699836470791309
3,0.003904697316401172,11.4514850123443,0.05945916495219418,-12.0,-5.636553164152211,12.0,-0.001717881129552703,0.0005696012329104407,0.0005696012923696055,0.00114514850123443,3.259865728930825e-06,-0.0005696012329104406
3,0.00390477146758149,11.4496355369419,0.06140868614345828,-12.0,-5.632704125168901,12.0,-0.001717735015629672,0.0005694112811283215,0.0005694113425399221,0.00114496355369419,3.485938174511837e-06,-0.000569411281131236
3,0.003904817826237221,11.44782275906876,0.06240909085421129,-12.0,-5.630297119162156,12.0,-0.001717644129966006,0.0005692706210002098,0.0005692706834107276,0.001144782275906876,3.715265264059735e-06,-0.0005692706210016367
3,0.003904857132758076,11.44551769414434,0.06300154764134301,-12.0,-5.628255895594679,12.0,-0.001717549713528532,0.0005691257443227785,0.0005691258073251497,0.001144551769414434,3.994755657725198e-06,-0.0005691257443236022
3,0.003904888908079637,11.44274102686837,0.0631762390098353,-12.0,-5.626605523157041,12.0,-0.001717465307932504,0.0005689781762164716,0.0005689782393929266,0.001144274102686837,4.334386306606762e-06,-0.0005689781762166877
3,0.003904915566468881,11.4393206772965,0.06295930931083782,-12.0,-5.6252207450889,12.0,-0.00171736807745013,0.0005688180054402335,0.0005688180683992831,0.00114393206772965,4.738356832702486e-06,-0.0005688180054399738
3,0.003904938166108412,11.43511643824895,0.0623406128864811,-12.0,-5.624046676388627,12.0,-0.001717265603023935,0.0005686387289284701,0.0005686387912681236,0.001143511643824895,5.234736298982231e-06,-0.0005686387289275108
3,0.003904957816547175,11.42989595331257,0.06128109004765875,-12.0,-5.623025728773897,12.0,-0.001717136323466262,0.0005684306818851395,0.0005684307431632457,0.001142989595331257,5.834825157337287e-06,-0.0005684306818821555
3,0.003904975440427585,11.42331719335503,0.05969866711441751,-12.0,-5.622109999019216,12.0,-0.001716986001707353,0.0005681808666267418,0.0005681809263120305,0.001142331719335503,6.591555166969327e-06,-0.0005681808666133634
3,0.003904992126339971,11.41471268253543,0.05740855000558098,-12.0,-5.621242942173844,12.0,-0.00171679149145082,0.0005678651492805947,0.0005678652066264925,0.001141471268253543,7.572625488846171e-06,-0.0005678651492179426
3,0.003905011092248107,11.40122486575411,0.05356970881571055,-12.0,-5.620257333956403,12.0,-0.001716530469729555,0.0005673827050241404,0.00056738275784692,0.001140122486575411,9.142191899286787e-06,-0.0005673827042772114
3,0.003905028493544418,11.38496322772798,0.04875210804087793,-12.0,-5.619352964281591,12.0,-0.001716274472177648,0.0005668105088572591,0.000566810555984355,0.001138496322772798,1.108401079871377e-05,-0.0005668105072322469
3,0.003905044055943727,11.36775613810227,0.0435556838295903,-12.0,-5.61854410774991,12.0,-0.001716116548769853,0.0005662099798960525,0.0005662100227136339,0.001136775613810227,1.324688890953492e-05,-0.0005662099791579501
3,0.003905055488159143,11.35418954589992,0.03942966342292542,-12.0,-5.617949883518936,12.0,-0.00171604592869562,0.0005657379547290205,0.0005657379941238496,0.001135418954589992,1.500466382386989e-05,-0.0005657379546941862
3,0.003905067982431289,11.33920006451113,0.03486617406100478,-12.0,-5.617300422502318,12.0,-0.001716023805448136,0.0005652166596594752,0.0005652166945225065,0.001133920006451113,1.700249740250515e-05,-0.0005652166596563323
3,0.003905082264265876,11.32265237923943,0.02984526055404357,-12.0,-5.616558000336044,12.0,-0.001716046083842071,0.0005646403260898078,0.0005646403559342693,0.001132265237923943,1.925559145475901e-05,-0.0005646403260890088
3,0.0039050967345351023,11.30717813157036,0.02518871825215108,-12.0,-5.615805736519769,12.0,-0.001716108288720625,0.000564099445486999,0.0005640994706659103,0.001130717813157036,2.140585390364566e-05,-0.000564099445477192
3,0.003905114100874542,11.29080225551252,0.02033204707189862,-12.0,-5.614902853827942,12.0,-0.001716191120217925,0.0005635234901208789,0.0005635235104220314,0.001129080225551253,2.370198156791082e-05,-0.0005635234900899841
3,0.003905136947957402,11.27303791010212,0.01520258645543127,-12.0,-5.61371492334205,12.0,-0.001716303830579941,0.000562891751094089,0.0005628917661823346,0.001127303791010212,2.622261114826243e-05,-0.0005628917509797482
3,0.003905158375172888,11.25995892090374,0.01158575405362416,-12.0,-5.612600713513891,12.0,-0.001716382229436098,0.0005624186468080476,0.0005624186583425056,0.001125995892090374,2.808183336588162e-05,-0.0005624186467567515
3,0.0039051782283683733,11.25037206700486,0.009078454122614321,-12.0,-5.61156826153397,12.0,-0.001716434053875504,0.0005620646715741669,0.0005620646806441125,0.001125037206700487,2.944618971994096e-05,-0.0005620646715656584
3,0.003905201653211578,11.24145480649783,0.006918251950148946,-12.0,-5.610349956141172,12.0,-0.001716465745539575,0.0005617268208139527,0.0005617268277273839,0.001124145480649783,3.070734042065742e-05,-0.0005617268208091322
3,0.00390522795374395,11.23372238834521,0.00525279851892746,-12.0,-5.60898194386623,12.0,-0.001716478631398843,0.0005614234742415444,0.0005614234794913143,0.001123372238834521,3.179671397264723e-05,-0.0005614234742385158
3,0.0039052559957437763,11.22731854129027,0.004090699091589656,-12.0,-5.607523181100761,12.0,-0.00171646618659449,0.0005611613880202858,0.0005611613921099342,0.001122731854129027,3.26866576123002e-05,-0.000561161388019235
3,0.0039052869939785228,11.22167684501422,0.003285306082155603,-12.0,-5.605910430530816,12.0,-0.001716437892039735,0.0005609195736616304,0.0005609195769466033,0.001122167684501422,3.346427500742783e-05,-0.0005609195736612972
3,0.003905321882565454,11.21643998794682,0.002749963271504896,-12.0,-5.604095021566521,12.0,-0.001716388024209314,0.0005606844742867377,0.0005606845012337659,0.001121643998794682,3.417319846312286e-05,-0.0005606844984838026
3,0.003905362882357894,11.21114124545118,0.002406215700348824,-12.0,-5.601961275112908,12.0,-0.00171632174238795,0.0005604367356039076,0.0005604367514875415,0.001121114124545118,3.488443071310906e-05,-0.0005604367490813257
3,0.003905411454589571,11.20548501948288,0.002206354330679616,-12.0,-5.599432956181875,12.0,-0.001716231442965344,0.0005601639243062759,0.0005601639332576098,0.001120548501948287,3.563247425999224e-05,-0.0005601639310512555
3,0.003905472258752184,11.19882755138428,0.002097705552460472,-12.0,-5.596267196386394,12.0,-0.001716115973265431,0.0005598364870924491,0.0005598364922915911,0.001119882755138428,3.651009500729285e-05,-0.0005598364901938855
3,0.003905549772776524,11.19059183601627,0.002043761190429372,-12.0,-5.59223025578488,12.0,-0.001715961402180444,0.0005594274005979033,0.0005594274037412922,0.001119059183601627,3.758807454953047e-05,-0.000559427401697531
3,0.003905657728467432,11.17924538942902,0.002011316949386277,-12.0,-5.586605699177262,12.0,-0.001715747162673753,0.000558861701792063,0.000558861703623982,0.001117924538942902,3.907403638058003e-05,-0.0005588617016126649
3,0.00390581905515118,11.16233236354816,0.001980313429658764,-12.0,-5.578195691826457,12.0,-0.001715420470280948,0.0005580176005256132,0.0005580176025059249,0.001116233236354816,4.128254494078273e-05,-0.0005580176005256116
3,0.00390601905515118,11.14136977773551,0.001948794894675032,-12.0,-5.567761677037792,12.0,-0.00171501519958378,0.0005569710471932559,0.0005569710491420415,0.001114136977773551,4.401983787894956e-05,-0.0005569710471932468
3,0.0039062190551511803,11.12040626314404,0.001922828233535068,-12.0,-5.557318869993432,12.0,-0.0017146028617544,0.0005559241698227056,0.000555924171745525,0.001112040626314404,4.675048421567962e-05,-0.0005559241698226968
3,0.00390641905515118,11.09943736045342,0.001900916022349541,-12.0,-5.546867287184023,12.0,-0.001714189507713515,0.0005548768203206426,0.0005548768222215534,0.001109943736045342,4.948112829320298e-05,-0.0005548768203206373
3,0.0039066190551511806,11.07846111388216,0.001882395335351728,-12.0,-5.536406945114098,12.0,-0.001713769135303578,0.0005538289340449484,0.0005538289359273403,0.001107846111388216,5.220602770656009e-05,-0.000553828934044945
3,0.003906819055151179,11.05747524828361,0.001866496783303973,-12.0,-5.525937860301879,12.0,-0.001713347733126813,0.0005527804357085205,0.0005527804375750151,0.001105747524828361,5.493147348174278e-05,-0.0005527804357085183
3,0.003907019055151179,11.03647869326386,0.001852852549267148,-12.0,-5.515460049279507,12.0,-0.001712919351844255,0.0005517312901828788,0.0005517312920357299,0.001103647869326386,5.765165814154531e-05,-0.0005517312901828774
3,0.003907219055151179,11.01547001085272,0.00184097228250657,-12.0,-5.504973528592878,12.0,-0.001712489927746252,0.0005506814500875394,0.0005506814519285106,0.001101547001085272,6.037270890117512e-05,-0.0005506814500875384
3,0.0039074190551511775,10.99444863262452,0.001830655469376552,-12.0,-5.494478314801638,12.0,-0.001712053561710669,0.0005496308981979509,0.0005496308988577571,0.001099444863262452,6.308879698327038e-05,-0.0005496308970271015
3,0.003907619055151178,10.97341368104685,0.001821598552185222,-12.0,-5.483974424479162,12.0,-0.001711616140937788,0.0005485796032673019,0.0005485796041247333,0.001097341368104685,6.580593605759119e-05,-0.0005485796023031348
3,0.003907819055151178,10.95236477077678,0.001813662026161289,-12.0,-5.473461874212528,12.0,-0.001711171811148771,0.0005475275544203415,0.0005475275554375312,0.001095236477077678,6.851831685493123e-05,-0.000547527553623869
3,0.0039080190551511775,10.9313012490338,0.001806617232139818,-12.0,-5.462940680602517,12.0,-0.001710726415998065,0.0005464747304526739,0.000546474731590083,0.00109313012490338,7.123186938121084e-05,-0.0005464747297834658
3,0.003908219055151177,10.91022303910397,0.001800427522845816,-12.0,-5.45241086026344,12.0,-0.001710274146510427,0.000545421129337788,0.0005454211305790561,0.001091022303910397,7.394079431911199e-05,-0.0005454211287786285
3,0.003908419055151177,10.88912956328063,0.00179488924532123,-12.0,-5.441872429823439,12.0,-0.001709820798808381,0.000544366732383591,0.0005443667337017653,0.001088912956328063,7.665096412811864e-05,-0.000544366731906876
3,0.003908619055151176,10.86802088025302,0.001790010868236713,-12.0,-5.431325405924047,12.0,-0.001709360611650723,0.000543311542082119,0.0005433115434692393,0.001086802088025302,7.935660918060791e-05,-0.0005433115416792284
3,0.003908819055151176,10.84689650798707,0.001785620611229888,-12.0,-5.420769805220482,12.0,-0.001708899333389413,0.0005422555429310424,0.000542255544368792,0.001084689650798707,8.206354143162203e-05,-0.0005422555425831713
3,0.003909019055151176,10.8257565758835,0.001781750495176926,-12.0,-5.410205644381479,12.0,-0.001708431250140807,0.0005411987397845299,0.000541198741269416,0.00108257565758835,8.476602918429388e-05,-0.0005411987394876656
3,0.0039092190551511755,10.80460067197807,0.001778252078128872,-12.0,-5.399632940089321,12.0,-0.001707962063085655,0.0005401411194759672,0.0005401411209949972,0.001080460067197807,8.746982789826357e-05,-0.000540141119216745
3,0.003909419055151175,10.78342896944621,0.001775171954484289,-12.0,-5.389051709039661,12.0,-0.001707486105076428,0.0005390826883224633,0.0005390826898745866,0.001078342896944622,9.016924677746757e-05,-0.0005390826880994146
3,0.003909619055151175,10.76224110632953,0.00177237833277033,-12.0,-5.378461967941824,12.0,-0.001707009030759765,0.0005380234348242,0.0005380234363998378,0.001076224110632953,9.286998809475422e-05,-0.0005380234346274595
3,0.0039098190551511754,10.74103728405139,0.001769927205369282,-12.0,-5.367863733518371,12.0,-0.001706525219110855,0.0005369633662428604,0.0005369633678423012,0.001074103728405139,9.556640341098696e-05,-0.0005369633660723741
3,0.003910019055151174,10.71981717720181,0.001767698945684071,-12.0,-5.357257022505388,12.0,-0.001706040278847853,0.0005359024722968653,0.0005359024739128062,0.001071981717720181,9.82641442093049e-05,-0.0005359024721451073
3,0.003910219055151174,10.69858100562883,0.00176575566969106,-12.0,-5.346641851652322,12.0,-0.001705548634484022,0.0005348407608645062,0.000534840762497957,0.001069858100562883,0.0001009576051326094,-0.0005348407607322014
3,0.003910419055151174,10.67732847140393,0.001763986893397185,-12.0,-5.336018237722003,12.0,-0.001705055849383019,0.0005337782225802992,0.0005337782242255269,0.001067732847140393,0.0001036523886538895,-0.0005337782224615401
3,0.003910619055151173,10.65605980636391,0.001762458711256798,-12.0,-5.325386197490481,12.0,-0.001704556393040346,0.0005327148657242487,0.0005327148673826325,0.001065605980636391,0.0001063429328003879,-0.0005327148656201737
3,0.003910819055151173,10.63477473380433,0.001761067696113727,-12.0,-5.314745747747317,12.0,-0.001704055784009006,0.0005316506816384847,0.0005316506833054107,0.001063477473380433,0.0001090347924116858,-0.000531650681544343
3,0.0039110190551511735,10.61347349324249,0.001759882484853037,-12.0,-5.304096905295143,12.0,-0.001703548536237831,0.0005305856788608688,0.000530585680537882,0.001061347349324249,0.0001117224489440224,-0.0005305856787779996
3,0.003911219055151172,10.59215582477123,0.00175880523173122,-12.0,-5.293439686949966,12.0,-0.001703040123988031,0.000529519849293668,0.0005295198509769751,0.001059215582477123,0.0001144114107113556,-0.0005295198492181697
3,0.003911419055151172,10.57082197265586,0.001757906138587728,-12.0,-5.282774109540989,12.0,-0.001702525105155672,0.0005284532016346688,0.0005284532033258638,0.001057082197265586,0.000117096202483645,-0.0005284532015679577
3,0.003911619055151172,10.54947169058201,0.001757091872982119,-12.0,-5.272100189910613,12.0,-0.001702008910206998,0.0005273857282395456,0.0005273857299354514,0.001054947169058201,0.0001197822869719312,-0.0005273857281783595
3,0.003911819055151171,10.52810522554064,0.001756433527714485,-12.0,-5.261417944914414,12.0,-0.001701486140499753,0.0005263174378984528,0.0005263174396006465,0.001052810522554064,0.0001224642320443378,-0.0005263174378442129
3,0.003912019055151171,10.50672234244036,0.001755841493765953,-12.0,-5.250727391421116,12.0,-0.00170096218318172,0.0005252483233415508,0.0005252483250473297,0.001050672234244036,0.0001251474556005702,-0.0005252483232914882
3,0.003912219055151171,10.48532328958924,0.001755387285435894,-12.0,-5.240028546312592,12.0,-0.001700431682607362,0.0005241783934043034,0.0005241783951151903,0.001048532328958924,0.0001278265683286317,-0.0005241783933598029
3,0.00391241905515117,10.46390784133168,0.001754984421540762,-12.0,-5.229321426483687,12.0,-0.001699899983063968,0.0005231076411318423,0.0005231076428455073,0.001046390784133168,0.0001305069440128981,-0.0005231076410905228
3,0.00391261905515117,10.4424762463048,0.001754704508550642,-12.0,-5.218606048842529,12.0,-0.001699361771453689,0.000522036075371921,0.0005220360770898125,0.00104424762463048,0.0001331832358441865,-0.0005220360753351081
3,0.00391281905515117,10.42102828691679,0.001754463735794243,-12.0,-5.207882430310066,12.0,-0.001698822349645135,0.0005209636894389625,0.0005209636911590499,0.001042102828691679,0.0001358607741157661,-0.0005209636894045861
3,0.003913019055151169,10.39956421143797,0.001754333570169742,-12.0,-5.197150587820392,12.0,-0.001698276446654989,0.0005198904921697411,0.0005198904938933899,0.001039956421143797,0.0001385342541812135,-0.0005198904921390562
3,0.003913219055151169,10.37808380926865,0.001754232514305176,-12.0,-5.186410538320545,12.0,-0.00169772932236123,0.0005188164771122957,0.0005188164788377175,0.001037808380926865,0.0001412089634119026,-0.0005188164770834851
3,0.003913419055151169,10.35658732782302,0.001754231732420397,-12.0,-5.175662298770564,12.0,-0.00169717574747652,0.0005177416530760547,0.0005177416548045302,0.001035658732782302,0.0001438796389709451,-0.0005177416530502985
3,0.0039136190551511685,10.33507456264326,0.001754251757215108,-12.0,-5.164905886143291,12.0,-0.001696620940300098,0.0005166660138143609,0.0005166660155443024,0.001033507456264326,0.0001465515258338781,-0.0005166660137900506
3,0.003913819055151168,10.31354575994431,0.001754363335882747,-12.0,-5.154141317424696,12.0,-0.001696059712836373,0.0005155895680978165,0.0005155895698304212,0.001031354575994431,0.0001492194026139829,-0.0005155895680760578
3,0.003914019055151168,10.29200072072625,0.001754488803221488,-12.0,-5.143368609613407,12.0,-0.00169549724220619,0.0005145123098623046,0.0005145123115961516,0.001029200072072626,0.0001518884723820113,-0.0005145123098416629
3,0.003914219055151167,10.2704396897669,0.001754698410286526,-12.0,-5.132587779721034,12.0,-0.001694928381312244,0.0005134342478316238,0.0005134342495678305,0.00102704396897669,0.0001545535548404878,-0.000513434247813132
3,0.003914419055151167,10.24886247296598,0.001754916107901128,-12.0,-5.121798844771977,12.0,-0.001694358266485452,0.0005123553761056167,0.000512355377842904,0.001024886247296598,0.0001572198116178911,-0.0005123553760879878
3,0.003914619055151167,10.2272693135029,0.001755211597266548,-12.0,-5.111001821803436,12.0,-0.00169378179114632,0.0005112757033558731,0.0005112757050952818,0.00102272693135029,0.0001598821031461792,-0.0005112757033400703
3,0.0039148190551511666,10.20566002171569,0.001755510291550966,-12.0,-5.100196727865417,12.0,-0.001693204051213204,0.0005101952238308344,0.0005101952255712072,0.001020566002171569,0.0001625455500501929,-0.0005101952238156968
3,0.003915019055151166,10.18403483907931,0.001755881306864993,-12.0,-5.089383580020544,12.0,-0.00169261998025283,0.0005091139461463153,0.0005091139478886223,0.001018403483907931,0.0001652050531349286,-0.0005091139461327409
3,0.003915219055151166,10.16239357998444,0.001756251390220065,-12.0,-5.078562395344378,12.0,-0.001692034634138806,0.0005080318646865239,0.0005080318664297112,0.001016239357998444,0.0001678656924397545,-0.0005080318646734598
3,0.0039154190551511665,10.14073648413647,0.001756689050928184,-12.0,-5.067733190924954,12.0,-0.001691442986223479,0.0005069489880093046,0.0005069489897542771,0.001014073648413647,0.0001705224087908824,-0.0005069489879975882
3,0.003915619055151165,10.11906336965259,0.001757122261319743,-12.0,-5.056895983863093,12.0,-0.001690850052691761,0.0005058653106237693,0.0005058653123695637,0.001011906336965259,0.0001731802420428946,-0.0005058653106124413
3,0.003915819055151165,10.09737447443297,0.001757618912046066,-12.0,-5.046050791272227,12.0,-0.001690250846332009,0.0005047808410285857,0.0005047808427760461,0.001009737447443297,0.00017583417269669,-0.0005047808410184272
3,0.003916019055151165,10.07566962004323,0.001758108108073753,-12.0,-5.035197630278424,12.0,-0.001689650343989046,0.0005036955738485155,0.0005036955755967579,0.001007566962004323,0.0001784892008072358,-0.0005036955738386497
3,0.003916219055151164,10.05394904256441,0.001758657116944118,-12.0,-5.024336518020215,12.0,-0.001689043597543183,0.0005026095175225607,0.0005026095192723731,0.001005394904256441,0.0001811403462096961,-0.000502609517513716
3,0.003916419055151164,10.03221256677056,0.00175919609627595,-12.0,-5.013467471648902,12.0,-0.001688435544839439,0.0005015226667831461,0.0005015226685337141,0.001003221256677056,0.0001837925695309453,-0.0005015226667745179
3,0.0039166190551511645,10.01046042692612,0.001759791691360757,-12.0,-5.002590508328101,12.0,-0.001687821276516899,0.0005004350300096775,0.0005004350317617378,0.001001046042692612,0.0001864409296059508,-0.0005004350300019463
3,0.003916819055151163,9.988692450804749,0.001760375043048157,-12.0,-4.991705645234052,12.0,-0.001687205691750626,0.0004993466020352855,0.0004993466037880851,0.000998869245080475,0.0001890903479929013,-0.00049934660202771
3,0.003917019055151163,9.966908870868181,0.001761012179018806,-12.0,-4.980812899555439,12.0,-0.001686583919613183,0.0004982573911802294,0.0004982573929344582,0.0009966908870868182,0.0001917359221985313,-0.0004982573911734458
3,0.003917219055151163,9.94510951770707,0.001761635162505826,-12.0,-4.969912288493425,12.0,-0.001685960820934973,0.0004971673923722686,0.0004971673941272282,0.000994510951770707,0.0001943825350604264,-0.0004971673923655931
3,0.0039174190551511615,9.923294622002562,0.001762309411142748,-12.0,-4.959003829261472,12.0,-0.001685331562901293,0.0004960766138732342,0.000496076615629571,0.0009923294622002563,0.0001970253224354429,-0.0004960766138672614
3,0.003917619055151162,9.901464017000773,0.001762967856707043,-12.0,-4.948087539085647,12.0,-0.001684700968314967,0.0004949850507001382,0.0004949850524572034,0.0009901464017000774,0.0001996691287786123,-0.0004949850506942355
3,0.003917819055151162,9.879617931630886,0.001763675316344138,-12.0,-4.937163435204173,12.0,-0.001684064242163164,0.0004938927110573279,0.0004938927128157271,0.0009879617931630887,0.0002023091279815675,-0.0004938927110520517
3,0.003918019055151161,9.857756201650655,0.001764365542629154,-12.0,-4.926231534867728,12.0,-0.0016834261695301,0.0004927995900462726,0.0004927995918054014,0.0009857756201650655,0.0002049501264455161,-0.0004927995900410357
3,0.003918219055151161,9.835879054269787,0.001765102763059634,-12.0,-4.915291855339277,12.0,-0.001682781992899729,0.0004917056958149091,0.0004917056975753364,0.0009835879054269788,0.0002075873357875596,-0.0004917056958102338
3,0.003918419055151161,9.813986327629426,0.001765821508286525,-12.0,-4.904344413894068,12.0,-0.001682136459940864,0.0004906110235448957,0.000490611025306057,0.0009813986327629426,0.0002102255246753115,-0.0004906110235402356
3,0.00391861905515116,9.792078247254988,0.001766585428024214,-12.0,-4.893389227819604,12.0,-0.001681484850336701,0.000489515581328918,0.0004895155830913483,0.0009792078247254988,0.0002128599421481886,-0.0004895155813247629
3,0.00391881905515116,9.770154653555307,0.001767329792490724,-12.0,-4.882426314415619,12.0,-0.001680831874636746,0.0004884193644249706,0.0004884193661881408,0.0009770154653555307,0.0002154953194522802,-0.000488419364420811
3,0.00391901905515116,9.748215770408759,0.00176811768608065,-12.0,-4.871455690994082,12.0,-0.001680172849430339,0.0004873223808717196,0.000487322382636134,0.000974821577040876,0.0002181269427520838,-0.0004873223808680163
3,0.0039192190551511595,9.726261440387095,0.001768885083790916,-12.0,-4.86047737487901,12.0,-0.001679512448439668,0.000486224626000003,0.0004862246277651652,0.0009726261440387095,0.0002207595061768236,-0.0004862246259962801
3,0.003919419055151159,9.704291885759748,0.001769694517427478,-12.0,-4.849491383406788,12.0,-0.001678846024873559,0.000485126107795731,0.000485126109562116,0.0009704291885759748,0.0002233883327245473,-0.0004851261077924216
3,0.003919619055151159,9.682306951166439,0.001770482635127468,-12.0,-4.838497733925702,12.0,-0.001678178215910653,0.0004840268216594237,0.0004840268234265656,0.0009682306951166439,0.0002260180797051953,-0.000484026821656083
3,0.003919819055151159,9.660306857305992,0.001771311429082711,-12.0,-4.827496443796257,12.0,-0.001677504411099484,0.0004829267755254989,0.0004829267772938454,0.0009660306857305992,0.0002286441066644967,-0.000482926775522534
3,0.003920019055151158,9.638291450799109,0.001772118191587069,-12.0,-4.816487530390992,12.0,-0.001676829211354924,0.0004818259648612635,0.0004818259666303761,0.0009638291450799109,0.0002312710343840424,-0.0004818259648582579
3,0.003920219055151158,9.616260950812801,0.001772964388161213,-12.0,-4.805471011094514,12.0,-0.001676148042289216,0.0004807243975509301,0.000480724399321232,0.0009616260950812802,0.0002338942586766063,-0.0004807243975482676
3,0.003920419055151158,9.594215205868759,0.001773787928787129,-12.0,-4.794446903303319,12.0,-0.001675465468827353,0.0004796220691259213,0.0004796220708969986,0.0009594215205868759,0.0002365183640802987,-0.0004796220691232107
3,0.003920619055151157,9.57215443364033,0.0017746497650446,-12.0,-4.783415224426101,12.0,-0.001674776952375501,0.0004785189874215111,0.0004785189891937643,0.0009572154433640331,0.0002391387823995755,-0.0004785189874191146
3,0.003920819055151157,9.55007848447701,0.001775488400220127,-12.0,-4.772375991883292,12.0,-0.00167408702213756,0.0004774151480308012,0.0004774151498038395,0.0009550078484477011,0.0002417600622077742,-0.0004774151480283513
3,0.0039210190551511575,9.52798757459587,0.001776364284607368,-12.0,-4.761329223107381,12.0,-0.001673391175048056,0.0004763105587413607,0.0004763105605155632,0.0009527987574595872,0.0002443776710308737,-0.0004763105587391989
3,0.003921219055151156,9.505881556106267,0.001777216492164335,-12.0,-4.750274935542723,12.0,-0.001672693904854583,0.0004752052152057081,0.0004752052169807051,0.0009505881556106267,0.0002469961217504424,-0.0004752052152034888
3,0.003921419055151156,9.483760643806143,0.001778104984295314,-12.0,-4.739213146645579,12.0,-0.001671990743759344,0.0004740991251649414,0.0004740991269410924,0.0009483760643806144,0.0002496109173487221,-0.0004740991251629874
3,0.003921619055151156,9.461624691501507,0.001778969384755413,-12.0,-4.728143873883926,12.0,-0.001671286150312867,0.0004729922843288826,0.0004729922861058376,0.0009461624691501508,0.0002522265352831593,-0.0004729922843268682
3,0.003921819055151155,9.439473912607145,0.00177986917806372,-12.0,-4.717067134737785,12.0,-0.001670575691729348,0.0004718847003933546,0.0004718847021714541,0.0009439473912607146,0.0002548385137318004,-0.0004718847003915849
3,0.003922019055151155,9.417308162567432,0.001780744518349753,-12.0,-4.705982946698746,12.0,-0.001669863791616155,0.0004707763691235419,0.0004707763709024542,0.0009417308162567432,0.0002574512949903851,-0.0004707763691217096
3,0.003922219055151156,9.395127653448837,0.001781654425060619,-12.0,-4.694891327270283,12.0,-0.0016691460519489,0.0004696672981711402,0.0004696672999511888,0.0009395127653448837,0.0002600604521767885,-0.0004696672981695344
3,0.003922419055151154,9.372932242279381,0.001782539564476604,-12.0,-4.68379229396758,12.0,-0.001668426861643035,0.0004685574833548755,0.0004685574851357452,0.0009372932242279382,0.0002626703926826013,-0.0004685574833532057
3,0.003922619055151154,9.350722139811516,0.001783458502433888,-12.0,-4.672685864317522,12.0,-0.001667701857187454,0.0004674469322834554,0.0004674469340654542,0.0009350722139811517,0.0002652767243141035,-0.0004674469322819956
3,0.003922819055151154,9.328497204605698,0.001784352400429068,-12.0,-4.661572055858682,12.0,-0.001666975393051495,0.0004663356408274356,0.0004663356426102635,0.0009328497204605699,0.0002678838198115624,-0.0004663356408259111
3,0.0039230190551511526,9.306257646133355,0.001785279381738558,-12.0,-4.650450886141276,12.0,-0.001666243139995416,0.0004652236165536308,0.0004652236183375809,0.0009306257646133356,0.000270487321422444,-0.0004652236165523015
3,0.003923219055151153,9.284003324439533,0.001786181087180871,-12.0,-4.639322372727184,12.0,-0.001665509418283362,0.0004641108553828308,0.0004641108571676176,0.0009284003324439533,0.0002730915674839796,-0.0004641108553814365
3,0.003923419055151153,9.261734447746525,0.001787115208239154,-12.0,-4.628186533189751,12.0,-0.001664769932708587,0.0004629973648410115,0.0004629973666269143,0.0009261734447746525,0.0002756922344418489,-0.0004629973648397991
3,0.0039236190551511525,9.239450877538932,0.001788023850074261,-12.0,-4.617043385114115,12.0,-0.001664028969568632,0.0004618831408976961,0.0004618831426844429,0.0009239450877538933,0.0002782936264740382,-0.000461883140896419
3,0.003923819055151152,9.21715282082107,0.001788964282772199,-12.0,-4.605892946096733,12.0,-0.001663282267454602,0.0004607681910390583,0.0004607681928269149,0.0009217152820821071,0.0002808914539855212,-0.0004607681910379506
3,0.003924019055151152,9.194840140474476,0.001789879061830035,-12.0,-4.594735233745702,12.0,-0.001662534078930911,0.0004596525112819251,0.0004596525130706323,0.0009194840140474476,0.000283489987234653,-0.0004596525112807532
3,0.003924219055151151,9.172513042315384,0.001790825045913991,-12.0,-4.583570265680571,12.0,-0.001661780176155814,0.000458536109073662,0.0004585361108634735,0.0009172513042315384,0.0002860849703509721,-0.0004585361090726485
3,0.003924419055151151,9.150171390582486,0.001791745227605279,-12.0,-4.572398059532382,12.0,-0.001661024778191078,0.0004574189804770757,0.000457418982267744,0.0009150171390582486,0.0002886806399083619,-0.0004574189804759987
3,0.003924619055151151,9.127815389932632,0.001792696063919408,-12.0,-4.561218632943477,12.0,-0.001660263690533847,0.0004563011329016682,0.0004563011346934357,0.0009127815389932632,0.0002912727735300547,-0.0004563011329007397
3,0.0039248190551511505,9.105444905923783,0.001793620971903387,-12.0,-4.550032003567826,12.0,-0.001659501098970617,0.0004551825624549641,0.000455182564247594,0.0009105444905923782,0.0002938655743369989,-0.0004551825624539729
3,0.00392501905515115,9.083060142081608,0.001794576016331817,-12.0,-4.538838189070546,12.0,-0.001658732842114485,0.0004540632765095399,0.0004540632783032638,0.0009083060142081609,0.0002964548532185252,-0.0004540632765086878
3,0.00392521905515115,9.06066096524724,0.001795505026892297,-12.0,-4.52763720712823,12.0,-0.001657963072698054,0.0004529432712164259,0.0004529432730110174,0.0009060660965247242,0.0002990447800706036,-0.0004529432712155123
3,0.0039254190551511504,9.03824757784212,0.001796463685109551,-12.0,-4.516429075428759,12.0,-0.001657187662230664,0.0004518225539121698,0.0004518225557078506,0.0009038247577842119,0.0003016311988247866,-0.0004518225539113869
3,0.003925619055151149,9.01581984795676,0.001797396222077641,-12.0,-4.505213811671301,12.0,-0.001656410730611069,0.000450701120790181,0.0004507011225867341,0.000901581984795676,0.0003042182463759563,-0.000450701120789338
3,0.003925819055151149,8.993377976934294,0.001798357944852391,-12.0,-4.49399143356629,12.0,-0.001655628182028135,0.0004495789791518344,0.0004495789809494721,0.0008993377976934295,0.0003068017994779931,-0.0004495789791511143
3,0.003926019055151149,8.970921834082258,0.001799293475202468,-12.0,-4.482761958835391,12.0,-0.001654844103761821,0.0004484561252318385,0.0004484561270303528,0.0008970921834082258,0.0003093859622447931,-0.0004484561252310593
3,0.003926219055151148,8.94845161969071,0.001800257754178247,-12.0,-4.47152540521151,12.0,-0.001654054432467356,0.0004473325662972323,0.0004473325680968266,0.000894845161969071,0.000311966644035766,-0.0004473325662965689
3,0.003926419055151148,8.925967204253384,0.001801195784066234,-12.0,-4.460281790438636,12.0,-0.001653263223019952,0.0004462082986229912,0.0004462083004234659,0.0008925967204253385,0.0003145479164008841,-0.0004462082986222703
3,0.0039266190551511485,8.903468787031443,0.001802162148065278,-12.0,-4.449031132272002,12.0,-0.001652466444329814,0.0004450833294426187,0.0004450833312441689,0.0008903468787031443,0.0003171257210915907,-0.0004450833294420067
3,0.003926819055151147,8.880956239675674,0.001803102219253727,-12.0,-4.437773448477934,12.0,-0.001651668119076799,0.0004439576550703868,0.000443957656872821,0.0008880956239675675,0.0003197040973073745,-0.0004439576550697188
3,0.003927019055151147,8.858429760441895,0.001804070230908561,-12.0,-4.426508756833883,12.0,-0.001650864248219808,0.0004428312827070441,0.0004428312845105493,0.0008858429760441896,0.0003222790189813945,-0.0004428312827064792
3,0.003927219055151147,8.835889222109724,0.001805011917670019,-12.0,-4.415237075128238,12.0,-0.001650058822449618,0.0004417042087052105,0.0004417042105096028,0.0008835889222109724,0.0003248544931730435,-0.0004417042087045909
3,0.0039274190551511455,8.81333482195229,0.001805981170454274,-12.0,-4.403958421160652,12.0,-0.001649247874569437,0.0004405764402336328,0.0004405764420390918,0.000881333482195229,0.0003274265257902503,-0.0004405764402331107
3,0.003927619055151146,8.790766433851582,0.001806924076658056,-12.0,-4.392672812741562,12.0,-0.001648435363484579,0.0004394479736823974,0.0004394479754887462,0.0008790766433851582,0.0003299990919590351,-0.0004394479736818221
3,0.003927819055151146,8.76818425411967,0.001807894192249471,-12.0,-4.381380267692518,12.0,-0.001647617353641717,0.00043831881618896,0.000438318817996371,0.0008768184254119672,0.0003325682293582738,-0.0004383188161884768
3,0.003928019055151145,8.745588157715327,0.001808837948863218,-12.0,-4.370080803845989,12.0,-0.001646797772360986,0.0004371889641800202,0.0004371889659883232,0.0008745588157715327,0.0003351378813845479,-0.0004371889641794851
3,0.003928219055151145,8.722978340010966,0.00180980857466384,-12.0,-4.358774439045401,12.0,-0.00164597271553435,0.0004360584247624541,0.0004360584265718151,0.0008722978340010967,0.0003377041172866468,-0.0004360584247620065
3,0.003928419055151145,8.700354677017444,0.001810752837492657,-12.0,-4.347461191144954,12.0,-0.001645146079094495,0.0004349271943987426,0.0004349271962089976,0.0008700354677017444,0.0003402708489326361,-0.0004349271943982447
3,0.003928619055151144,8.677717363187886,0.001811723644513208,-12.0,-4.336141078009938,12.0,-0.001644313990183388,0.0004337952801658601,0.0004337952819771687,0.0008677717363187886,0.0003428341769431409,-0.0004337952801654451
3,0.003928819055151144,8.655066275562062,0.001812668092060488,-12.0,-4.324814117516259,12.0,-0.001643480313540668,0.0004326626785612957,0.0004326626803735001,0.0008655066275562063,0.0003453979818555802,-0.0004326626785608319
3,0.003929019055151144,8.632401607693307,0.001813638772998338,-12.0,-4.313480327550768,12.0,-0.001642641207366125,0.0004315293966327617,0.0004315293984460155,0.0008632401607693307,0.0003479583954673626,-0.0004315293966323767
3,0.0039292190551511435,8.609723237627756,0.001814583104654766,-12.0,-4.302139726011065,12.0,-0.001641800505398638,0.0004303954309120045,0.0004303954327261551,0.0008609723237627757,0.0003505192671802576,-0.000430395430911572
3,0.003929419055151143,8.587031358038274,0.001815553372062961,-12.0,-4.290792330805509,12.0,-0.00164095439670553,0.0004292607884181149,0.0004292607902333106,0.0008587031358038274,0.0003530767597759721,-0.0004292607884177572
3,0.003929619055151143,8.564325847955626,0.001816497306437626,-12.0,-4.279438159853184,12.0,-0.001640106684213993,0.0004281254657163659,0.0004281254675324594,0.0008564325847955626,0.0003556346917129721,-0.0004281254657159622
3,0.003929819055151142,8.541606899190601,0.001817466891169683,-12.0,-4.268077231083877,12.0,-0.001639253587672695,0.0004269894697978374,0.0004269894716149715,0.0008541606899190601,0.0003581892565675399,-0.0004269894697975048
3,0.003930019055151142,8.518874391737947,0.001818410164530437,-12.0,-4.256709562438077,12.0,-0.001638398879383107,0.000425852797260638,0.0004258527990786709,0.0008518874391737947,0.0003607442420442281,-0.0004258527972602607
3,0.003930219055151142,8.496128516564099,0.00181937881431482,-12.0,-4.245335171866789,12.0,-0.001637538809589612,0.0004247154550684199,0.0004247154568874893,0.0008496128516564099,0.0003632958723272101,-0.0004247154550681105
3,0.003930419055151142,8.47336915460781,0.001820321179224482,-12.0,-4.233954077331856,12.0,-0.00163667712015414,0.0004235774398514609,0.0004235774416714293,0.0008473369154607809,0.0003658479045536844,-0.0004235774398511081
3,0.003930619055151141,8.45059649600864,0.001821288657299469,-12.0,-4.222566296805484,12.0,-0.001635810091634382,0.0004224387585465667,0.000422438760367567,0.000845059649600864,0.0003683965933312522,-0.0004224387585462783
3,0.003930819055151141,8.427810422629902,0.001822229881392357,-12.0,-4.211171848270563,12.0,-0.001634941435633253,0.0004212994078155257,0.0004212994096374255,0.0008427810422629902,0.0003709456654140963,-0.0004212994078151957
3,0.0039310190551511415,8.405011123800957,0.001823195965356295,-12.0,-4.199770749720485,12.0,-0.001634067462842337,0.0004201593945688528,0.0004201593963917801,0.0008405011123800958,0.0003734914056514188,-0.0004201593945685842
3,0.00393121905515114,8.382198482291422,0.001824135830120532,-12.0,-4.188363019159171,12.0,-0.001633191854784832,0.0004190187154992386,0.0004190187173230651,0.0008382198482291422,0.0003760375105959918,-0.0004190187154989292
3,0.00393141905515114,8.35937268663642,0.00182510031087757,-12.0,-4.17694867460089,12.0,-0.001632310952109917,0.0004178773774914275,0.0004178773793162771,0.0008359372686636419,0.0003785802951592615,-0.0004178773774911768
3,0.00393161905515114,8.33653362049395,0.001826038610674097,-12.0,-4.165527734070578,12.0,-0.001631428406437041,0.0004167353772684151,0.0004167353790941638,0.0008336533620493951,0.0003811234258717378,-0.0004167353772681252
3,0.003931819055151139,8.313681471620859,0.001827001291369701,-12.0,-4.154100215603362,12.0,-0.001630540588197671,0.000415592721689707,0.0004155927235164745,0.0008313681471620859,0.0003836632475300999,-0.0004155927216894732
3,0.003932019055151139,8.290816124546026,0.001827937832500126,-12.0,-4.142666137244885,12.0,-0.001629651119282816,0.0004144494075080106,0.0004144494093356763,0.0008290816124546027,0.0003862033968192874,-0.0004144494075077385
3,0.0039322190551511396,8.267937766263202,0.001828898527664879,-12.0,-4.131225517051119,12.0,-0.001628756399732922,0.000413305441558097,0.0004133054433867769,0.0008267937766263203,0.0003887402482470464,-0.0004133054415578784
3,0.003932419055151138,8.245046282155792,0.001829833127445113,-12.0,-4.119778373088397,12.0,-0.001627860021883198,0.0004121608206218397,0.0004121608224514174,0.0008245046282155793,0.000391277408826704,-0.0004121608206215842
3,0.003932619055151138,8.222141858468909,0.001830791662209119,-12.0,-4.108324723433224,12.0,-0.001626958415213431,0.0004110155515097476,0.000411015553340335,0.000822214185846891,0.0003938112826046974,-0.0004110155515095434
3,0.003932819055151138,8.199224381424324,0.001831724148208647,-12.0,-4.096864586172607,12.0,-0.001626055142671556,0.0004098696310323216,0.0004098696328638058,0.0008199224381424324,0.0003963454470951311,-0.0004098696310320815
3,0.0039330190551511365,8.176294036533127,0.001832680357461314,-12.0,-4.085397979403568,12.0,-0.001625146663008947,0.0004087230659762941,0.0004087230678087833,0.0008176294036533128,0.0003988763357131442,-0.000408723065976103
3,0.003933219055151137,8.153350710839643,0.001833610566825516,-12.0,-4.073924921233478,12.0,-0.001624236509954247,0.0004075758531802562,0.0004075758550136409,0.0008153350710839643,0.000401407496643108,-0.0004075758531800304
3,0.003933419055151137,8.13039458913474,0.001834564294578289,-12.0,-4.062445429779861,12.0,-0.0016233211713651,0.0004064279994076227,0.0004064280012420081,0.0008130394589134741,0.0004039353925013034,-0.000406427999407444
3,0.0039336190551511364,8.107425559270483,0.001835492073280154,-12.0,-4.050959523170402,12.0,-0.001622404151915613,0.0004052795015245807,0.0004052795033598602,0.0008107425559270484,0.0004064635423098317,-0.0004052795015243682
3,0.003933819055151136,8.084443805330839,0.001836443172049229,-12.0,-4.039467219542915,12.0,-0.001621481968405503,0.0004041303662716639,0.0004041303681079395,0.000808444380533084,0.0004089884377204422,-0.0004041303662714964
3,0.003934019055151136,8.061449215960975,0.001837368374326687,-12.0,-4.027968537045314,12.0,-0.001620558096618763,0.0004029805905421641,0.0004029805923793324,0.0008061449215960976,0.0004115135687585147,-0.0004029805905419641
3,0.003934219055151135,8.038441974551128,0.001838316704515286,-12.0,-4.016463493835624,12.0,-0.001619629082134977,0.0004018301810541709,0.0004018301828923306,0.0008038441974551129,0.0004140354559479531,-0.000401830181054014
3,0.003934419055151135,8.015421970525312,0.00183923919232365,-12.0,-4.004952108081778,12.0,-0.00161869837200912,0.0004006791347275988,0.0004006791365666495,0.0008015421970525312,0.0004165575604801464,-0.0004006791347274103
3,0.003934619055151135,7.992389386592719,0.001840184621702434,-12.0,-3.993434397961959,12.0,-0.001617762540441992,0.0003995274582585133,0.0003995274600985508,0.0007992389386592719,0.0004190764315900597,-0.0003995274582583661
3,0.0039348190551511345,7.969344112942728,0.001841104264145521,-12.0,-3.981910381664103,12.0,-0.001616825005916978,0.0003983751485930027,0.0003983751504339291,0.0007969344112942728,0.0004215955017963235,-0.0003983751485928248
3,0.003935019055151134,7.946286331615593,0.001842046667394737,-12.0,-3.970380077386237,12.0,-0.001615882371099442,0.0003972222124055014,0.0003972222142474099,0.0007946286331615593,0.0004241113488857029,-0.0003972222124053632
3,0.003935219055151134,7.923215933552727,0.001842963340294546,-12.0,-3.958843503336288,12.0,-0.00161493802606022,0.000396068646667826,0.0003960686485106217,0.0007923215933552728,0.000426627376862776,-0.0003960686466676583
3,0.003935419055151134,7.900133100137695,0.001843902598473779,-12.0,-3.947300677732111,12.0,-0.001613988601771421,0.0003949144580331882,0.0003949144598769611,0.0007900133100137695,0.000429140191909122,-0.0003949144580330585
3,0.003935619055151133,7.877037723050821,0.00184481618396104,-12.0,-3.935751618801307,12.0,-0.001613037460046041,0.0003937596434986851,0.000393759645343343,0.0007877037723050821,0.0004316531696723636,-0.0003937596434985268
3,0.003935819055151133,7.853929983030568,0.001845752184144178,-12.0,-3.924196344781546,12.0,-0.001612081260010778,0.0003926042096966909,0.0003926042115423212,0.0007853929983030569,0.0004341629445735185,-0.000392604209696569
3,0.003936019055151133,7.830809772483933,0.001846662570170743,-12.0,-3.912634873920085,12.0,-0.00161112333537422,0.0003914481536491752,0.0003914481554956881,0.0007830809772483933,0.0004366728640580186,-0.0003914481536490257
3,0.003936219055151132,7.807677271515371,0.001847595205089814,-12.0,-3.901067224474099,12.0,-0.001610160373265168,0.0003902914819680334,0.0003902914838155141,0.0007807677271515371,0.0004391795906333873,-0.0003902914819679189
3,0.003936419055151132,7.784532373246345,0.001848502285111131,-12.0,-3.889493414710483,12.0,-0.001609195679438902,0.0003891341916997008,0.0003891341935480617,0.0007784532373246345,0.0004416864436959378,-0.0003891341916995595
3,0.0039366190551511325,7.761375257158543,0.001849431452728201,-12.0,-3.877913462905864,12.0,-0.001608225968877441,0.0003879762894359669,0.0003879762912852908,0.0007761375257158544,0.0004441901136881254,-0.0003879762894358593
3,0.003936819055151131,7.73820581707594,0.001850335125368474,-12.0,-3.866327387346566,12.0,-0.001607254519531753,0.0003868177722473271,0.0003868177740975286,0.000773820581707594,0.0004466938921082741,-0.0003868177722471935
3,0.003937019055151131,7.715024231868135,0.001851260728584769,-12.0,-3.854735206328583,12.0,-0.00160627807408853,0.0003856586467058181,0.0003856586485569775,0.0007715024231868136,0.0004491944971844741,-0.0003856586467057169
3,0.003937219055151131,7.691830396050241,0.001852160897283905,-12.0,-3.843136938157586,12.0,-0.001605299882843025,0.0003844989099056136,0.0003844989117576478,0.0007691830396050241,0.0004516951926661628,-0.000384498909905487
3,0.00393741905515113,7.668624487890059,0.001853082843652487,-12.0,-3.831532601148723,12.0,-0.001604316716040277,0.0003833385683993329,0.0003833385702523203,0.000766862448789006,0.000454192724419461,-0.0003833385683992376
3,0.00393761905515113,7.645406402582663,0.00185397941638632,-12.0,-3.819922213626958,12.0,-0.001603331796465157,0.0003821776193044542,0.0003821776211583138,0.0007645406402582663,0.0004566903285922186,-0.0003821776193043345
3,0.003937819055151131,7.622176317804422,0.001854897617771023,-12.0,-3.808305793926579,12.0,-0.001602341921776773,0.0003810160691545247,0.0003810160710093326,0.0007622176317804422,0.000459184778543037,-0.000381016069154435
3,0.003938019055151129,7.598934129419297,0.001855790506807509,-12.0,-3.796683360391532,12.0,-0.001601350287393943,0.0003798539150899474,0.0003798539169456245,0.0007598934129419298,0.0004616792829636451,-0.000379853915089834
3,0.003938219055151129,7.575680014522058,0.001856704879169779,-12.0,-3.785054931375226,12.0,-0.001600353718247016,0.0003786911636255241,0.0003786911654821444,0.0007575680014522058,0.0004641706425609349,-0.0003786911636254395
3,0.003938419055151129,7.552413869635235,0.001857594000739038,-12.0,-3.773420525240569,12.0,-0.001599355382531198,0.0003775278119242384,0.0003775278137817248,0.0007552413869635235,0.0004666620387144271,-0.0003775278119241309
3,0.0039386190551511276,7.529135871281405,0.001858504463919441,-12.0,-3.76178016035978,12.0,-0.001598352132307246,0.0003763638664824496,0.0003763638683408744,0.0007529135871281406,0.0004691502993372232,-0.0003763638664823699
3,0.003938819055151128,7.505845916631308,0.001859389738029016,-12.0,-3.750133855114713,12.0,-0.001597347108686975,0.0003751993244853761,0.000375199326344664,0.0007505845916631308,0.0004716385786384392,-0.0003751993244852742
3,0.003939019055151128,7.482544181644983,0.001860296215435486,-12.0,-3.738481627896377,12.0,-0.001596337190722441,0.0003740341924112563,0.0003740341942714774,0.0007482544181644984,0.0004741237315967484,-0.0003740341924111813
3,0.0039392190551511275,7.459230564131119,0.001861177565682492,-12.0,-3.726823497105261,12.0,-0.00159532549258129,0.000372868467467191,0.0003728684693282718,0.0007459230564131119,0.0004766088853914441,-0.0003728684674670944
3,0.003939419055151127,7.435905239496308,0.001862079984139786,-12.0,-3.715159481151145,12.0,-0.001594308920168985,0.0003717021561135993,0.0003717021579756084,0.0007435905239496309,0.0004790909219278827,-0.0003717021561135285
3,0.003939619055151127,7.412568106177668,0.001862957337416926,-12.0,-3.703489598453136,12.0,-0.001593290560846283,0.000370535255579147,0.0003705352574420125,0.0007412568106177668,0.0004815729414940073,-0.0003705352555790553
3,0.003939819055151126,7.389219339037087,0.001863855626988986,-12.0,-3.691813867439505,12.0,-0.001592267347236387,0.0003693677723067162,0.0003693677741705049,0.0007389219339037087,0.0004840518527847171,-0.0003693677723066494
3,0.003940019055151126,7.365858837130416,0.00186472891337397,-12.0,-3.680132306547858,12.0,-0.001591242340028776,0.0003681997035462102,0.0003681997054108521,0.0007365858837130417,0.0004865307293337451,-0.0003681997035461232
3,0.003940219055151126,7.342486774783748,0.001865623007113015,-12.0,-3.668444934224975,12.0,-0.001590212498429555,0.0003670310557232718,0.0003670310575888318,0.0007342486774783749,0.0004890065064898086,-0.0003670310557232088
3,0.0039404190551511255,7.31910305166241,0.001866492159648292,-12.0,-3.65675176892681,12.0,-0.001589180856591155,0.0003658618261087285,0.0003658618279751381,0.000731910305166241,0.0004914822311677114,-0.0003658618261086458
3,0.003940619055151125,7.295707841565052,0.001867381993490902,-12.0,-3.64505282911847,12.0,-0.001588144400170188,0.0003646920211112555,0.000364692022978578,0.0007295707841565052,0.0004939548652362069,-0.0003646920211111961
3,0.003940819055151125,7.272301044757388,0.001868246948033114,-12.0,-3.633348133274175,12.0,-0.001587106136914262,0.0003635216380222994,0.0003635216398904677,0.0007272301044757388,0.0004964274291248683,-0.0003635216380222209
3,0.0039410190551511255,7.248882834518988,0.001869132460597722,-12.0,-3.621637699877273,12.0,-0.001586063078799049,0.0003623506832338433,0.0003623506851029195,0.0007248882834518988,0.0004988969110900632,-0.0003623506832337871
3,0.003941219055151124,7.225453111706967,0.001869993155676486,-12.0,-3.609921547420036,12.0,-0.001585018207298783,0.000361179154057646,0.0003611791559275646,0.0007225453111706967,0.0005013663052082784,-0.0003611791540575713
3,0.003941419055151124,7.202012049089889,0.001870874288134594,-12.0,-3.598199694404001,12.0,-0.001583968560578242,0.0003600070568692666,0.0003600070587400877,0.0007202012049089889,0.0005038326259926285,-0.0003600070568692135
3,0.003941619055151124,7.178559548107845,0.001871730664760651,-12.0,-3.586472159339474,12.0,-0.001582917093967517,0.0003588343890004945,0.0003588343908721543,0.0007178559548107846,0.0005062988412972425,-0.0003588343890004234
3,0.003941819055151123,7.155095781026061,0.001872607360726697,-12.0,-3.574738960745867,12.0,-0.00158186087169232,0.0003576611568107096,0.0003576611586832667,0.0007155095781026062,0.0005087619917627517,-0.0003576611568106594
3,0.003942019055151123,7.131620649859072,0.001873459362293772,-12.0,-3.563000117151502,12.0,-0.001580802823066441,0.0003564873576514472,0.0003564873595248389,0.0007131620649859072,0.0005112250191499357,-0.0003564873576513796
3,0.0039422190551511235,7.108134326376792,0.001874331567621734,-12.0,-3.551255647093648,12.0,-0.001579740038250455,0.0003553129978661744,0.0003553129997404585,0.0007108134326376792,0.000513684990098906,-0.000355312997866127
3,0.003942419055151122,7.084636713159687,0.001875179139815497,-12.0,-3.539505569118329,12.0,-0.001578675420667808,0.0003541380748258788,0.0003541380767009936,0.0007084636713159687,0.0005161448204049346,-0.0003541380748258144
3,0.003942619055151122,7.061127981489816,0.001876046802526066,-12.0,-3.527749901780651,12.0,-0.001577606086287986,0.0003529625948583626,0.0003529625967343646,0.0007061127981489816,0.0005186016025814644,-0.0003529625948583177
3,0.003942819055151122,7.037608034505799,0.001876889893119404,-12.0,-3.515988663644322,12.0,-0.001576534912770322,0.0003517865553538053,0.000351786557230634,0.0007037608034505799,0.0005210582265839925,-0.0003517865553537441
3,0.0039430190551511205,7.01407704300896,0.001877752963319157,-12.0,-3.504221873281972,12.0,-0.001575459041768923,0.0003506099626245715,0.0003506099645022821,0.0007014077043008961,0.0005235118106745595,-0.0003506099626245291
3,0.003943219055151121,6.990534910688115,0.001878591522114448,-12.0,-3.492449549274971,12.0,-0.001574381325302021,0.0003494328140797668,0.0003494328159583,0.0006990534910688115,0.000525965219093788,-0.0003494328140797085
3,0.003943419055151121,6.96698180787129,0.001879449951813772,-12.0,-3.480671710213425,12.0,-0.001573298930586331,0.000348255116016564,0.0003482551178959739,0.0006966981807871291,0.0005284155957284986,-0.0003482551160165239
3,0.00394361905515112,6.943417638789635,0.001880283930552284,-12.0,-3.468888374696149,12.0,-0.001572214684121609,0.0003470768658627257,0.0003470768677429541,0.0006943417638789635,0.0005308657792277849,-0.0003470768658626702
3,0.00394381905515112,6.919842573304909,0.001881137673602762,-12.0,-3.457099561330673,12.0,-0.001571125778565441,0.0003458980699004657,0.0003458980717815654,0.000691984257330491,0.0005333129389815949,-0.0003458980699004276
3,0.00394401905515112,6.896256516183036,0.001881967025849196,-12.0,-3.445305288733074,12.0,-0.001570035015019788,0.0003447187255759453,0.0003447187274578593,0.0006896256516183036,0.0005357598881689518,-0.0003447187255758924
3,0.003944219055151119,6.872659636826246,0.001882816037872548,-12.0,-3.433505575528153,12.0,-0.001568939611464037,0.0003435388391566385,0.0003435388410394187,0.0006872659636826246,0.0005382038215620832,-0.0003435388391566026
3,0.003944419055151119,6.849051840528021,0.001883640718890689,-12.0,-3.421700440349267,12.0,-0.001567842343721371,0.0003423584081068662,0.0003423584099904565,0.0006849051840528021,0.0005406475269908173,-0.0003423584081068158
3,0.003944619055151119,6.825433296237842,0.001884484957156651,-12.0,-3.409889901838337,12.0,-0.001566740454974569,0.0003411774386795833,0.0003411774405640343,0.0006825433296237842,0.0005430882244903124,-0.0003411774386795494
3,0.0039448190551511185,6.801803909769361,0.001885304923878728,-12.0,-3.398073978645813,12.0,-0.00156563669588683,0.0003399959283570173,0.0003399959302422741,0.0006801803909769361,0.0005455286766601342,-0.0003399959283569692
3,0.003945019055151118,6.778163849625898,0.001886144347236218,-12.0,-3.386252689430652,12.0,-0.001564528334726423,0.000338813883377821,0.0003388138852639331,0.0006778163849625898,0.0005479661286804938,-0.0003388138833777888
3,0.003945219055151118,6.754513022134259,0.001886959558143886,-12.0,-3.374426052860318,12.0,-0.001563418097113245,0.000337631301241892,0.0003376313031288058,0.0006754513022134259,0.0005504033180384893,-0.0003376313012418462
3,0.003945419055151117,6.730851595357921,0.001887794126958386,-12.0,-3.362594087610582,12.0,-0.001562303276286259,0.0003364481881737845,0.0003364481900615481,0.000673085159535792,0.0005528375149426445,-0.000336448188173754
3,0.003945619055151117,6.707179476129888,0.001888604542021888,-12.0,-3.350756812365866,12.0,-0.001561186572936912,0.0003352645416908325,0.0003352645435793934,0.0006707179476129889,0.0005552714318841911,-0.0003352645416907888
3,0.003945819055151117,6.683496832080327,0.001889434218051989,-12.0,-3.338914245818744,12.0,-0.001560065305160119,0.0003340803680037085,0.0003340803698931138,0.0006683496832080327,0.000557702363984558,-0.0003340803680036797
3,0.003946019055151117,6.659803570541425,0.001890239798691074,-12.0,-3.327066406670279,12.0,-0.001558942148833675,0.0003328956646469387,0.0003328956665371367,0.0006659803570541425,0.0005601329988541848,-0.000332895664646897
3,0.003946219055151116,6.636099858716126,0.001891064545062271,-12.0,-3.315213313629824,12.0,-0.001557814446795092,0.0003317104378175162,0.0003317104397085532,0.0006636099858716127,0.0005625606564134966,-0.0003317104378174887
3,0.003946419055151116,6.612385604429435,0.001891865253998759,-12.0,-3.303354985415067,12.0,-0.001556684850221479,0.0003305246850669464,0.0003305246869587718,0.0006612385604429435,0.0005649879995057727,-0.0003305246850669066
3,0.0039466190551511165,6.588660974462867,0.00189268503517237,-12.0,-3.291491440751825,12.0,-0.001555550726580701,0.0003293384125787256,0.0003293384144713847,0.0006588660974462867,0.0005674123727377745,-0.0003293384125786998
3,0.003946819055151115,6.564925877127647,0.001893480836417716,-12.0,-3.279622698374388,12.0,-0.001554414702460816,0.0003281516179211187,0.0003281516198145615,0.0006564925877127647,0.0005698364142984746,-0.0003281516179210806
3,0.003947019055151115,6.541180478790074,0.001894295618040331,-12.0,-3.26774877702502,12.0,-0.001553274169849683,0.0003269643072643307,0.0003269643091586017,0.0006541180478790075,0.0005722574933691993,-0.0003269643072643061
3,0.003947219055151115,6.517424688240947,0.001895086476873864,-12.0,-3.255869695454297,12.0,-0.001552131730856665,0.0003257764781931535,0.0003257764800882037,0.0006517424688240947,0.0005746782235958314,-0.0003257764781931172
3,0.003947419055151114,6.493658671437073,0.001895896225775573,-12.0,-3.243985472420912,12.0,-0.001550984801880206,0.000324588136864692,0.0003245881387605649,0.0006493658671437074,0.000577095998624072,-0.0003245881368646687
3,0.003947619055151114,6.469882337642797,0.001896682108602832,-12.0,-3.232096126691673,12.0,-0.001549835960660273,0.0003233992808800623,0.0003233992827767097,0.0006469882337642798,0.000579513407666904,-0.0003233992808800276
3,0.0039478190551511146,6.446095852410973,0.001897486792759029,-12.0,-3.220201677041481,12.0,-0.001548682647897148,0.000322209916383446,0.0003222099182809107,0.0006446095852410973,0.0005819278687253238,-0.000322209916383424
3,0.003948019055151113,6.422299125473267,0.001898267667108655,-12.0,-3.208302142253294,12.0,-0.001547527417069872,0.0003210200409920734,0.0003210200428903079,0.0006422299125473268,0.000584341946688105,-0.0003210200409920403
3,0.003948219055151113,6.398492321984255,0.001899067255545894,-12.0,-3.196397541118137,12.0,-0.001546367733073151,0.0003198296608373892,0.0003198296627364355,0.0006398492321984256,0.0005867530838039037,-0.0003198296608373683
3,0.003948419055151113,6.374675352136759,0.001899843090033215,-12.0,-3.184487892434898,12.0,-0.001545206125231957,0.0003186387735525248,0.0003186387754523363,0.0006374675352136759,0.0005891638207451422,-0.0003186387735524932
3,0.0039486190551511115,6.350848380692512,0.001900637552803897,-12.0,-3.172573215010674,12.0,-0.001544040082529896,0.0003174473852563678,0.0003174473871569855,0.0006350848380692512,0.0005915716239009161,-0.0003174473852563479
3,0.003948819055151112,6.327011318299775,0.001901408317025233,-12.0,-3.160653527660266,12.0,-0.001542872110243232,0.0003162554935977594,0.0003162554954991375,0.0006327011318299775,0.0005939790098339892,-0.0003162554935977291
3,0.003949019055151112,6.303164329332565,0.001902197625191615,-12.0,-3.148728849206519,12.0,-0.001541699721339662,0.0003150631046831899,0.0003150631065853687,0.0006303164329332565,0.0005963834689686198,-0.000315063104683171
3,0.0039492190551511114,6.279307324888698,0.001902963289724724,-12.0,-3.136799198480129,12.0,-0.001540525397151382,0.0003138702161770144,0.0003138702180799487,0.0006279307324888699,0.0005987874938631621,-0.0003138702161769853
3,0.003949419055151111,6.255440468960012,0.001903747415236801,-12.0,-3.124864594319676,12.0,-0.001539346674526487,0.0003126768341735092,0.0003126768360772388,0.0006255440468960013,0.0006011885988725096,-0.0003126768341734913
3,0.003949619055151111,6.231563673087912,0.001904507951631107,-12.0,-3.112925055571429,12.0,-0.001538166010956687,0.0003114829563523337,0.0003114829582568141,0.0006231563673087913,0.0006035892526548847,-0.0003114829563523061
3,0.00394981905515111,6.207677100887126,0.001905286867339484,-12.0,-3.100980601089685,12.0,-0.001536980967067558,0.0003102885887957194,0.0003102885907009893,0.0006207677100887126,0.0006059869933926765,-0.0003102885887957024
3,0.00395001905515111,6.183780664337326,0.001906042247984185,-12.0,-3.089031249736264,12.0,-0.001535793976612743,0.0003090937291984513,0.0003090937311044671,0.0006183780664337326,0.0006083842659469207,-0.0003090937291984249
3,0.00395021905515111,6.159874526680938,0.001906815927633865,-12.0,-3.077077020380859,12.0,-0.001534602623894044,0.0003078983836308654,0.0003078983855376652,0.0006159874526680939,0.0006107786322252506,-0.0003078983836308493
3,0.0039504190551511095,6.135958600330327,0.001907566125782356,-12.0,-3.065117931900829,12.0,-0.001533409319028289,0.0003067025498026865,0.0003067025517102273,0.0006135958600330327,0.0006131725133938781,-0.0003067025498026611
3,0.003950619055151109,6.112033048160838,0.001908334543888834,-12.0,-3.05315400318124,12.0,-0.00153221166989298,0.0003055062337725282,0.0003055062356808475,0.0006112033048160839,0.000615563494984317,-0.0003055062337725129
3,0.003950819055151109,6.088097783011874,0.00190907953364805,-12.0,-3.041185253114669,12.0,-0.001531012063068271,0.000304309433264856,0.0003043094351739113,0.0006088097783011875,0.0006179539745687357,-0.0003043094332648317
3,0.003951019055151109,6.064152967396491,0.001909842665519967,-12.0,-3.02921170060154,12.0,-0.001529808129907884,0.0003031121543267205,0.0003031121562365486,0.0006064152967396491,0.0006203415612028862,-0.0003031121543267059
3,0.003951219055151108,6.040198514576093,0.001910582421731366,-12.0,-3.017233364549625,12.0,-0.001528602233554388,0.0003019143946971588,0.0003019143966077181,0.0006040198514576093,0.0006227286289645639,-0.0003019143946971356
3,0.003951419055151108,6.016234586705975,0.001911340243466064,-12.0,-3.005250263874386,12.0,-0.001527392028739805,0.000300716160411799,0.0003007161623231255,0.0006016234586705975,0.000625112810334727,-0.0003007161604117852
3,0.003951619055151108,5.992261097464239,0.001912074741731606,-12.0,-2.993262417498775,12.0,-0.001526179855267262,0.0002995174492240728,0.0002995174511361254,0.000599226109746424,0.0006274964559957463,-0.0002995174492240507
3,0.003951819055151107,5.968278208653339,0.001912827230106551,-12.0,-2.981269844353237,12.0,-0.001524963391148992,0.0002983182671583474,0.0002983182690711616,0.0005968278208653339,0.0006298772217558923,-0.0002983182671583344
3,0.003952019055151107,5.944285834362844,0.001913556446760056,-12.0,-2.969272563375717,12.0,-0.001523744952946327,0.000297118611982269,0.0002971186138958042,0.0005944285834362843,0.0006322574349995613,-0.0002971186119822477
3,0.0039522190551511075,5.920284136046789,0.00191430357926814,-12.0,-2.957270593511456,12.0,-0.00152252224185595,0.0002959184897090849,0.0002959184916233761,0.0005920284136046789,0.0006346347747655801,-0.0002959184897090724
3,0.003952419055151106,5.896273028201208,0.00191502749132666,-12.0,-2.945263953713339,12.0,-0.001521297551292489,0.0002947178981204869,0.0002947179000354941,0.0005896273028201209,0.0006370115452373204,-0.0002947178981204666
3,0.003952619055151106,5.872252671936431,0.001915769246090493,-12.0,-2.933252662941388,12.0,-0.001520068605541991,0.0002935168432187595,0.000293516845134517,0.0005872252671936431,0.0006393854485882977,-0.0002935168432187478
3,0.003952819055151106,5.84822298214976,0.001916487831265634,-12.0,-2.921236740163103,12.0,-0.001518837674967743,0.0002923153227994563,0.0002923153247159247,0.000584822298214976,0.0006417587658962276,-0.0002923153227994368
3,0.003953019055151105,5.824184119612177,0.001917224187052868,-12.0,-2.909216204353267,12.0,-0.001517602506850901,0.0002911133428540431,0.0002911133447712562,0.0005824184119612178,0.0006441292223745843,-0.000291113342854032
3,0.003953219055151105,5.800135999617652,0.001917937423646876,-12.0,-2.897191074493981,12.0,-0.001516365348596838,0.0002899109011917815,0.0002899109031097002,0.0005800135999617652,0.0006464990760904066,-0.0002899109011917629
3,0.003953419055151106,5.776078782601921,0.001918668359873976,-12.0,-2.885161369574465,12.0,-0.001515123970389221,0.0002887080037934446,0.0002887080057121024,0.0005776078782601922,0.0006488660752031195,-0.0002887080037934339
3,0.003953619055151104,5.752012384250754,0.001919376226809932,-12.0,-2.8731271085914,12.0,-0.001513880596768713,0.0002875046484818388,0.0002875046504011973,0.0005752012384250755,0.0006512324548623161,-0.000287504648481821
3,0.003953819055151104,5.727936964669193,0.001920101723436041,-12.0,-2.861088310548425,12.0,-0.001512633020728404,0.0002863008412271962,0.0002863008431472878,0.0005727936964669193,0.0006535959860809182,-0.0002863008412271861
3,0.003954019055151104,5.703852439929825,0.001920804200260307,-12.0,-2.84904499445648,12.0,-0.001511383444036896,0.0002850965798656912,0.0002850965817864782,0.0005703852439929826,0.0006559588811839989,-0.000285096579865674
3,0.003954219055151103,5.679758969811141,0.001921524237815886,-12.0,-2.836997179333604,12.0,-0.001510129682405215,0.0002838918703571516,0.0002838918722786663,0.0005679758969811141,0.0006583189339457729,-0.000283891870357142
3,0.003954419055151103,5.655656470768124,0.001922221304604399,-12.0,-2.824944884204942,12.0,-0.00150887391492055,0.0002826867105509711,0.000282686712473176,0.0005655656470768123,0.0006606783339586642,-0.0002826867105509547
3,0.003954619055151104,5.631545102256697,0.001922935864183906,-12.0,-2.812888128102714,12.0,-0.001507613979922329,0.0002814811063966988,0.0002814811083196257,0.0005631545102256697,0.0006630348976671696,-0.0002814811063966898
3,0.0039548190551511025,5.607424781109647,0.001923627501555059,-12.0,-2.800826930066216,12.0,-0.001506352033906144,0.0002802750557567928,0.0002802750576804046,0.0005607424781109647,0.0006653907920215474,-0.0002802750557567771
3,0.003955019055151102,5.583295666464376,0.001924336564776086,-12.0,-2.788761309141659,12.0,-0.001505085937749839,0.000279068564570652,0.00027906856649498,0.0005583295666464377,0.0006677438560472315,-0.0002790685645706435
3,0.003955219055151102,5.559157675526812,0.001925022753893391,-12.0,-2.776691284382339,12.0,-0.001503817825447229,0.0002778616307136383,0.000277861632638646,0.0005559157675526813,0.000670096234141826,-0.0002778616307136232
3,0.003955419055151101,5.535010967120005,0.00192572630284471,-12.0,-2.764616874848472,12.0,-0.001502545580326364,0.0002766542601151399,0.0002766542620408581,0.0005535010967120006,0.0006724457878224122,-0.0002766542601151317
3,0.003955619055151101,5.510855458818638,0.001926407025366395,-12.0,-2.7525380996072,12.0,-0.001501271313966657,0.0002754464506632711,0.0002754464525896636,0.0005510855458818639,0.0006747946390230075,-0.0002754464506632566
3,0.003955819055151101,5.486691309135161,0.001927105042648813,-12.0,-2.740454977732558,12.0,-0.001499992932059102,0.0002742382082775284,0.0002742382102046257,0.0005486691309135161,0.0006771406716644668,-0.0002742382082775207
3,0.0039560190551511006,5.462518436008641,0.00192778028071583,-12.0,-2.728367528305443,12.0,-0.001498712523856638,0.0002730295308586298,0.0002730295327863963,0.0005462518436008642,0.0006794859853050117,-0.000273029530858616
3,0.0039562190551511,5.438336997644845,0.001928472749381349,-12.0,-2.716275770413623,12.0,-0.001497428017325997,0.0002718204243163078,0.0002718204262447732,0.0005438336997644845,0.000681828486181868,-0.0002718204243163004
3,0.0039564190551511,5.414146912342785,0.001929142485624258,-12.0,-2.704179723151531,12.0,-0.001496141479479962,0.0002706108865637289,0.0002706108884928581,0.0005414146912342785,0.0006841702515646975,-0.0002706108865637156
3,0.0039566190551511005,5.389948338005342,0.001929829389174742,-12.0,-2.692079405620615,12.0,-0.001494850860475627,0.000269400923500986,0.0002694009254308084,0.0005389948338005343,0.0006865092099208603,-0.000269400923500979
3,0.003956819055151099,5.365741193287432,0.001930493606637995,-12.0,-2.679974836928824,12.0,-0.001493558205170942,0.0002681905330535589,0.0002681905349840397,0.0005365741193287432,0.0006888474163175007,-0.0002681905330535462
3,0.003957019055151099,5.341525635792546,0.001931174929044044,-12.0,-2.667866036190957,12.0,-0.001492261485828372,0.0002669797211120068,0.0002669797230431751,0.0005341525635792546,0.0006911828213667648,-0.0002669797211120002
3,0.003957219055151099,5.317301584527259,0.001931833611218181,-12.0,-2.655753022528466,12.0,-0.001490962725235856,0.0002657684856139807,0.0002657684875458021,0.0005317301584527259,0.0006935174580183778,-0.0002657684856139685
3,0.0039574190551510974,5.293069196799624,0.001932509336820987,-12.0,-2.643635815069487,12.0,-0.001489659917677466,0.000264556832440637,0.0002645568343731402,0.0005293069196799624,0.0006958492989449505,-0.0002645568324406308
3,0.003957619055151098,5.268828391963492,0.001933162467654181,-12.0,-2.63151443294864,12.0,-0.001488355063954672,0.0002633447595416411,0.0002633447614747919,0.0005268828391963492,0.0006981803550631105,-0.0002633447595416294
3,0.0039578190551510985,5.244579327035034,0.001933832581207495,-12.0,-2.61938889530738,12.0,-0.001487046180289775,0.0002621322727888647,0.0002621322747226913,0.0005244579327035034,0.0007005086210222222,-0.0002621322727888587
3,0.003958019055151097,5.220321921711595,0.001934480145009188,-12.0,-2.607259221293482,12.0,-0.001485735245580933,0.0002609193701438604,0.0002609193720783293,0.0005220321921711596,0.0007028360857892213,-0.0002609193701438492
3,0.003958219055151097,5.196056332720763,0.001935144631694419,-12.0,-2.595125430061393,12.0,-0.001484420297906519,0.0002597060574693144,0.0002597060594044534,0.0005196056332720763,0.0007051607659076531,-0.0002597060574693088
3,0.003958419055151097,5.171782480099303,0.001935786613174173,-12.0,-2.582987540772024,12.0,-0.001483103294343091,0.0002584923327385306,0.0002584923346743064,0.0005171782480099303,0.0007074846284774727,-0.0002584923327385199
3,0.0039586190551510955,5.147500520289955,0.001936445458507796,-12.0,-2.570845572592761,12.0,-0.001481782294743939,0.0002572782018051322,0.0002572782037415724,0.0005147500520289955,0.0007098057118541667,-0.0002572782018051269
3,0.003958819055151096,5.123210373664818,0.001937081842775745,-12.0,-2.558699544697427,12.0,-0.001480459234445342,0.0002560636626540305,0.0002560636645911021,0.0005123210373664818,0.0007121259613525333,-0.0002560636626540203
3,0.003959019055151097,5.098912196385159,0.001937735032646826,-12.0,-2.546549476266259,12.0,-0.001479132194994626,0.0002548487211298957,0.0002548487230676256,0.000509891219638516,0.0007144434370591479,-0.0002548487211298906
3,0.003959219055151095,5.074605909154609,0.00193836580515927,-12.0,-2.534395386485907,12.0,-0.001477803090068286,0.0002536333752291166,0.0002536333771674725,0.0005074605909154609,0.0007167600625843651,-0.0002536333752291067
3,0.003959419055151095,5.050291667856229,0.00193901332583013,-12.0,-2.522237294549236,12.0,-0.001476470022827636,0.0002524176307875114,0.0002524176327265199,0.0005050291667856229,0.000719073919665747,-0.0002524176307875067
3,0.003959619055151095,5.025969393521311,0.001939638472401528,-12.0,-2.510075219655669,12.0,-0.001475134885369378,0.0002512014858128166,0.0002512014877524455,0.0005025969393521311,0.0007213869102891957,-0.0002512014858128071
3,0.003959819055151094,5.001639241758271,0.001940280310434694,-12.0,-2.49790918101068,12.0,-0.001473795802389877,0.000249984946132116,0.0002499849480723918,0.0005001639241758271,0.0007236971377639068,-0.0002499849461321114
3,0.003960019055151094,4.977301133922043,0.001940899817256758,-12.0,-2.485739197826138,12.0,-0.001472454644484367,0.0002487680097643486,0.0002487680117052393,0.0004977301133922043,0.0007260064825306278,-0.0002487680097643395
3,0.003960219055151094,4.952955225349602,0.001941535959554708,-12.0,-2.473565289320109,12.0,-0.001471109557806494,0.0002475506825279707,0.0002475506844695024,0.0004952955225349603,0.000728313069391362,-0.0002475506825279664
3,0.0039604190551510935,4.928601437716082,0.001942149813102256,-12.0,-2.46138747471689,12.0,-0.001469762391527518,0.0002463329624530078,0.000246332964395149,0.0004928601437716081,0.0007306187573205003,-0.0002463329624529992
3,0.003960619055151093,4.904239926089997,0.001942780246924736,-12.0,-2.449205773246808,12.0,-0.001468411313181206,0.0002451148553493774,0.0002451148572921537,0.0004904239926089997,0.0007329216925350268,-0.0002451148553493734
3,0.003960819055151093,4.879870612462921,0.001943388434002324,-12.0,-2.437020204146572,12.0,-0.001467058150592671,0.0002438963592580658,0.0002438963612014459,0.0004879870612462921,0.0007352237126201089,-0.0002438963592580575
3,0.003961019055151093,4.855493651638382,0.001944013146869317,-12.0,-2.424830786658755,12.0,-0.001465701092598304,0.0002426774799805663,0.0002426774819245756,0.0004855493651638382,0.0007375229851311893,-0.0002426774799805624
3,0.003961219055151092,4.831108965920497,0.001944615654631221,-12.0,-2.412637540032145,12.0,-0.001464341945753345,0.0002414582155686856,0.0002414582175132933,0.0004831108965920497,0.0007398213263413167,-0.0002414582155686777
3,0.003961419055151092,4.806716709850894,0.001945234634371351,-12.0,-2.400440483521543,12.0,-0.001462978920121871,0.0002402385718155951,0.0002402385737608261,0.0004806716709850894,0.0007421169250676207,-0.0002402385718155915
3,0.003961619055151092,4.782316806042913,0.001945831450227198,-12.0,-2.388239636387801,12.0,-0.001461613801064354,0.0002390185467838106,0.0002390185487296343,0.0004782316806042913,0.0007444115763472203,-0.0002390185467838029
3,0.00396181905515109,4.757909408779113,0.001946444684994608,-12.0,-2.376035017897618,12.0,-0.00146024481979723,0.0002377981462582647,0.0002377981482047059,0.0004757909408779113,0.0007467034901836866,-0.0002377981462582613
3,0.003962019055151091,4.733494440978459,0.001947035796654006,-12.0,-2.36382664732389,12.0,-0.001458873740561639,0.0002365773683120618,0.0002365773702590902,0.0004733494440978459,0.00074899444045326,-0.0002365773683120545
3,0.0039622190551510915,4.709072056667778,0.001947643274838429,-12.0,-2.351614543945199,12.0,-0.001457498815652047,0.000235356218722007,0.000235356220669647,0.0004709072056667778,0.0007512826582715126,-0.0002353562187220037
3,0.00396241905515109,4.684642179067886,0.001948228670334062,-12.0,-2.339398727046155,12.0,-0.001456121788263709,0.0002341346955716559,0.0002341346975198776,0.0004684642179067886,0.0007535698964283299,-0.0002341346955716489
3,0.00396261905515109,4.660204961952823,0.001948830380603894,-12.0,-2.327179215917202,12.0,-0.001454740931695842,0.0002329128046297837,0.000232912806578611,0.0004660204961952824,0.000755854407077261,-0.0002329128046297806
3,0.00396281905515109,4.635760328842039,0.001949410048202482,-12.0,-2.314956029854615,12.0,-0.001453357968171365,0.0002316905439902886,0.0002316905459396919,0.0004635760328842039,0.0007581379219956386,-0.0002316905439902817
3,0.0039630190551510885,4.611308433259606,0.001950005979512559,-12.0,-2.302729188160475,12.0,-0.001451971191921475,0.0002304679194140017,0.0002304679213640047,0.0004611308433259606,0.0007604187143017416,-0.0002304679194139987
3,0.003963219055151089,4.586849199020129,0.001950579907755712,-12.0,-2.290498710142632,12.0,-0.001450582304269254,0.0002292449290050453,0.0002292449309556187,0.000458684919902013,0.0007626984948335414,-0.0002292449290050388
3,0.00396341905515109,4.562382779400727,0.001951170049298456,-12.0,-2.278264615114715,12.0,-0.001449189620305658,0.0002280215785164041,0.0002280215804675714,0.0004562382779400727,0.0007649755576015493,-0.0002280215785164014
3,0.003963619055151088,4.537909098507646,0.001951738227008448,-12.0,-2.266026922395928,12.0,-0.001447794820525872,0.0002267978660622999,0.0002267978680140319,0.0004537909098507646,0.0007672515925765955,-0.0002267978660622936
3,0.003963819055151088,4.513428309373914,0.001952322568224751,-12.0,-2.253785651311394,12.0,-0.001446396240809444,0.0002255737973879645,0.0002255737993402845,0.0004513428309373915,0.0007695249145898142,-0.0002255737973879619
3,0.003964019055151088,4.488940336394311,0.001952884984437686,-12.0,-2.241540821191649,12.0,-0.001444995540894667,0.0002243493706176147,0.0002243493725704937,0.0004488940336394311,0.0007717971928163925,-0.0002243493706176087
3,0.0039642190551510866,4.464445332360385,0.001953463515047993,-12.0,-2.229292451372985,12.0,-0.001443591077378792,0.0002231245914888058,0.0002231245934422669,0.0004464445332360385,0.0007740667628372278,-0.0002231245914888033
3,0.003964419055151087,4.439943221952068,0.001954020159054659,-12.0,-2.21704056119725,12.0,-0.001442184489313936,0.0002218994581356362,0.0002218994600896507,0.0004439943221952068,0.000776335273102613,-0.0002218994581356305
3,0.003964619055151088,4.41543415772252,0.001954592868963045,-12.0,-2.204785170011886,12.0,-0.001440774153945279,0.0002206739762880873,0.0002206739782426778,0.000441543415772252,0.0007786010798729592,-0.0002206739762880849
3,0.0039648190551510865,4.390918064633317,0.001955143730331343,-12.0,-2.192526297169724,12.0,-0.001439361689708207,0.000219448144090011,0.0002194481460451493,0.0004390918064633317,0.000780865810943776,-0.0002194481440900055
3,0.003965019055151086,4.366395095001922,0.001955710609679251,-12.0,-2.180263962029336,12.0,-0.001437945494426662,0.0002182219672639037,0.0002182219692196121,0.0004366395095001922,0.0007831278431853494,-0.0002182219672639015
3,0.003965219055151086,4.341865174068634,0.001956255678160934,-12.0,-2.167998183954519,12.0,-0.001436527165988299,0.0002169954439632733,0.0002169954459195236,0.0004341865174068634,0.0007853887838079887,-0.000216995443963268
3,0.003965419055151085,4.317328453917685,0.001956816717352705,-12.0,-2.155728982314646,12.0,-0.001435105122727487,0.000215768579903202,0.0002157685818600166,0.0004317328453917685,0.0007876470302228822,-0.0002157685799031999
3,0.003965619055151085,4.292784860064836,0.001957355982931785,-12.0,-2.143456376484461,12.0,-0.001433680942052151,0.0002145413732467443,0.0002145413752040952,0.0004292784860064835,0.000789904169123945,-0.0002145413732467392
3,0.003965819055151085,4.268234544364024,0.001957911172545401,-12.0,-2.131180385844083,12.0,-0.001432253062739308,0.0002133138297016647,0.0002133138316595739,0.0004268234544364024,0.0007921586183952944,-0.0002133138297016628
3,0.0039660190551510845,4.243677432603237,0.00195844462544037,-12.0,-2.118901029779012,12.0,-0.00143082304178499,0.0002120859474404501,0.0002120859493988898,0.0004243677432603237,0.0007944119442820086,-0.0002120859474404452
3,0.003966219055151084,4.219113676408641,0.001958993956282074,-12.0,-2.106618327679958,12.0,-0.001429389338341802,0.0002108577321636259,0.000210857734122618,0.0004219113676408641,0.0007966625850737985,-0.000210857732163624
3,0.003966419055151084,4.194543201837271,0.001959521586933466,-12.0,-2.094332298943019,12.0,-0.001427953489060552,0.0002096291820529999,0.0002096291840125169,0.0004194543201837271,0.0007989120866346011,-0.0002096291820529953
3,0.0039666190551510844,4.169966160290288,0.001960065049988025,-12.0,-2.082042962969512,12.0,-0.001426513973402876,0.0002084003028019517,0.000208400304762015,0.0004169966160290288,0.0008011589075926084,-0.00020840030280195
3,0.003966819055151083,4.145382478090776,0.001960586849030443,-12.0,-2.069750339165974,12.0,-0.00142507230774086,0.0002071710926015048,0.0002071710945620873,0.0004145382478090777,0.0008034045734972017,-0.0002071710926015005
3,0.003967019055151083,4.120792306417288,0.001961124435508221,-12.0,-2.057454446944138,12.0,-0.001423626991779336,0.0002059415571379662,0.000205941559099089,0.0004120792306417288,0.0008056475632492455,-0.0002059415571379646
3,0.003967219055151083,4.09619557185597,0.001961640393768338,-12.0,-2.045155305720929,12.0,-0.001422179521676975,0.000204711694611474,0.0002047116965731101,0.000409619557185597,0.0008078893821494015,-0.0002047116946114697
3,0.003967419055151081,4.071592425365236,0.001962172095086867,-12.0,-2.032852934918267,12.0,-0.001420728417317219,0.0002034815107013369,0.0002034815126635075,0.0004071592425365237,0.0008101285293055926,-0.0002034815107013354
3,0.003967619055151082,4.046982793791249,0.001962682203592969,-12.0,-2.020547353963413,12.0,-0.001419275154710214,0.0002022510036167047,0.0002022510055793828,0.000404698279379125,0.0008123664898352367,-0.0002022510036167006
3,0.0039678190551510825,4.022366827875031,0.001963208011319217,-12.0,-2.008238582288456,12.0,-0.001417818273852622,0.000201020179029979,0.0002010201809931856,0.0004022366827875031,0.0008146017829885888,-0.0002010201790299775
3,0.003968019055151081,3.997744454719546,0.001963712261328077,-12.0,-1.995926639330659,12.0,-0.001416359230671016,0.0001997890351592025,0.0001997890371229109,0.0003997744454719546,0.0008168358737644377,-0.0001997890351591987
3,0.003968219055151081,3.973115824850836,0.001964232167222635,-12.0,-1.983611544532262,12.0,-0.001414896585211933,0.0001985575776699499,0.0001985575796341807,0.0003973115824850836,0.0008190673014910888,-0.0001985575776699485
3,0.003968419055151081,3.948480865626029,0.001964730550128913,-12.0,-1.971293317340516,12.0,-0.001413431773381268,0.0001973258047890681,0.000197325806753795,0.0003948480865626029,0.0008212975111127896,-0.0001973258047890644
3,0.0039686190551510795,3.923839727358365,0.001965244546173084,-12.0,-1.958971977207477,12.0,-0.001411963375212211,0.0001960937221753663,0.0001960937241406096,0.0003923839727358365,0.0008235250619726686,-0.000196093722175365
3,0.00396881905515108,3.899192337656157,0.001965737053563288,-12.0,-1.946647543590363,12.0,-0.001410492806653368,0.0001948613280643962,0.0001948613300301297,0.0003899192337656158,0.0008257513790234372,-0.0001948613280643927
3,0.003969019055151081,3.874538846622569,0.001966245131866051,-12.0,-1.934320035951034,12.0,-0.001409018667662021,0.0001936286281082912,0.0001936286300745351,0.0003874538846622569,0.0008279750415600695,-0.00019362862810829
3,0.003969219055151079,3.849879182113951,0.001966731755545625,-12.0,-1.921989473756339,12.0,-0.001407542354291608,0.0001923956205511919,0.0001923956225179203,0.0003849879182113951,0.0008301974546068014,-0.0001923956205511885
3,0.003969419055151079,3.825213494025705,0.001967233908394705,-12.0,-1.909655876477921,12.0,-0.001406062486361548,0.0001911623110386328,0.0001911623130058655,0.0003825213494025705,0.0008324172173483635,-0.0001911623110386316
3,0.003969619055151079,3.800541710459628,0.001967714640302765,-12.0,-1.897319263592213,12.0,-0.001404580440091979,0.0001899286978232549,0.0001899286997909663,0.0003800541710459628,0.0008346357149422445,-0.0001899286978232516
3,0.003969819055151078,3.775863981105568,0.001968210860176622,-12.0,-1.884979654580411,12.0,-0.001403094855103176,0.0001886947865440598,0.0001886947885122696,0.0003775863981105568,0.0008368515664013698,-0.0001886947865440587
3,0.003970019055151078,3.751180234307883,0.001968685692429473,-12.0,-1.872637068928441,12.0,-0.001401607087842899,0.0001874605754620902,0.0001874605774307727,0.0003751180234307884,0.0008390661370782371,-0.0001874605754620871
3,0.003970219055151079,3.726490619553305,0.00196917597195112,-12.0,-1.860291526126966,12.0,-0.001400115797671825,0.0001862260702098928,0.0001862260721790677,0.0003726490619553305,0.0008412780657527097,-0.0001862260702098917
3,0.0039704190551510775,3.701795065425816,0.001969644896853806,-12.0,-1.847943045671178,12.0,-0.00139862232132576,0.0001849912690568062,0.0001849912710264481,0.0003701795065425816,0.0008434886980331346,-0.0001849912690568032
3,0.003970619055151077,3.677093721211317,0.001970129228807682,-12.0,-1.835591647061154,12.0,-0.001397125337845445,0.0001837561776289972,0.0001837561795991255,0.0003677093721211317,0.0008456966924061948,-0.0001837561776289962
3,0.003970819055151077,3.652386515730878,0.001970592238789148,-12.0,-1.823237349801332,12.0,-0.001395626164314878,0.000182520794204015,0.0001825207961746044,0.0003652386515730878,0.0008479033747961218,-0.0001825207942040122
3,0.003971019055151076,3.627673598071608,0.001971070616151982,-12.0,-1.81088017340087,12.0,-0.00139412349939555,0.0001812851244017031,0.0001812851263727728,0.0003627673598071609,0.0008501074233366324,-0.0001812851244017022
3,0.003971219055151076,3.602954897288855,0.001971527703809706,-12.0,-1.798520137373436,12.0,-0.001392618640578408,0.0001800491665077273,0.0001800491684792523,0.0003602954897288855,0.000852310144327656,-0.0001800491665077245
3,0.003971419055151076,3.578230562273481,0.001972000119661255,-12.0,-1.786157261237248,12.0,-0.00139111030608724,0.0001788129261356917,0.000178812928107691,0.0003578230562273481,0.0008545102354905743,-0.0001788129261356909
3,0.0039716190551510756,3.553500522312137,0.001972451277790332,-12.0,-1.77379156451487,12.0,-0.001389599773878564,0.0001775764015792687,0.0001775764035517173,0.0003553500522312137,0.0008567089835602726,-0.0001775764015792661
3,0.003971819055151075,3.528764926101594,0.001972917725369117,-12.0,-1.761423066733566,12.0,-0.001388085781679899,0.0001763395984458943,0.0001763396004188113,0.0003528764926101594,0.00085890510578715,-0.0001763395984458936
3,0.003972019055151075,3.504023703157418,0.001973362946867896,-12.0,-1.749051787424778,12.0,-0.001386569587971731,0.0001751025150371671,0.0001751025170105275,0.0003504023703157418,0.0008610998693993066,-0.0001751025150371646
3,0.0039722190551510755,3.479277001984218,0.00197382341959873,-12.0,-1.736677746124477,12.0,-0.001385049949927525,0.0001738651569544083,0.000173865158928231,0.0003479277001984218,0.0008632920111183717,-0.0001738651569544075
3,0.003972419055151074,3.454524752323751,0.001974262697522988,-12.0,-1.724300962372965,12.0,-0.001383528106609244,0.0001726275225070511,0.0001726275244813114,0.0003454524752323752,0.0008654827787233921,-0.0001726275225070488
3,0.003972619055151074,3.429767102490934,0.001974717188925279,-12.0,-1.711921455714907,12.0,-0.001382002834579066,0.000171389617290384,0.0001713896192651005,0.0003429767102490935,0.0008676709283500783,-0.0001713896172903833
3,0.003972819055151074,3.405003982450823,0.001975150516517088,-12.0,-1.699539245699131,12.0,-0.001380475353537414,0.000170151439621567,0.0001701514415967153,0.0003405003982450823,0.0008698576883854892,-0.0001701514396215648
3,0.0039730190551510725,3.380235540330708,0.001975599020260121,-12.0,-1.687154351878974,12.0,-0.001378944459378834,0.000168912995089924,0.0001689129970655224,0.0003380235540330708,0.0008720418343224068,-0.0001689129950899234
3,0.003973219055151073,3.355461706316633,0.001976026390855257,-12.0,-1.67476679381177,12.0,-0.001377411352498192,0.0001676742820202647,0.0001676742839962889,0.0003355461706316633,0.0008742245752129396,-0.0001676742820202625
3,0.0039734190551510735,3.330682628350131,0.001976468900785289,-12.0,-1.662376591059199,12.0,-0.001375874848066616,0.000166435305995999,0.0001664353079724673,0.0003330682628350131,0.0008764047058507085,-0.0001664353059959984
3,0.003973619055151072,3.30589823683558,0.001976890307870072,-12.0,-1.649983763187082,12.0,-0.001374336127229259,0.0001651960653494973,0.0001651960673263855,0.000330589823683558,0.0008785834160086881,-0.0001651960653494952
3,0.003973819055151072,3.281108679531093,0.001977326817927727,-12.0,-1.637588329765387,12.0,-0.00137279402437826,0.000163956565658332,0.0001639565676356583,0.0003281108679531093,0.0008807595197258267,-0.0001639565656583315
3,0.003974019055151072,3.256313887056673,0.001977742255146575,-12.0,-1.625190310368194,12.0,-0.001371249701464405,0.0001627168052623361,0.0001627168072400763,0.0003256313887056673,0.0008829341875516428,-0.000162716805262334
3,0.0039742190551510705,3.231514006989026,0.001978172759411478,-12.0,-1.612789724573668,12.0,-0.001369702012045892,0.0001614767897333084,0.0001614767917114807,0.0003231514006989026,0.0008851062527151371,-0.000161476789733308
3,0.003974419055151071,3.206708970161352,0.001978582220527159,-12.0,-1.600386591964063,12.0,-0.001368152098933956,0.0001602365174184609,0.0001602365193970412,0.0003206708970161351,0.0008872768665972586,-0.000160236517418459
3,0.003974619055151072,3.181898923970849,0.001979006713230813,-12.0,-1.587980932125511,12.0,-0.001366598834798421,0.0001589959938838747,0.0001589959958628809,0.0003181898923970849,0.0008894448815626732,-0.0001589959938838742
3,0.0039748190551510704,3.157083799461384,0.001979410192137321,-12.0,-1.575572764648384,12.0,-0.001365043343364875,0.000157755217484054,0.0001577552194634623,0.0003157083799461385,0.0008916114298783279,-0.0001577552174840522
3,0.00397501905515107,3.13226374385291,0.001979828667600492,-12.0,-1.563162109126768,12.0,-0.001363484516361507,0.0001565141937794372,0.0001565141957592655,0.000313226374385291,0.0008937753829902639,-0.0001565141937794368
3,0.00397521905515107,3.107438688397227,0.0019802261583588,-12.0,-1.550748985158814,12.0,-0.00136192345848149,0.000155272921131719,0.0001552729231119434,0.0003107438688397228,0.0008959378541053276,-0.0001552729211317173
3,0.003975419055151069,3.082608780138968,0.001980638611037477,-12.0,-1.538333412346542,12.0,-0.001360359080458035,0.0001540314050957583,0.0001540314070763965,0.0003082608780138968,0.0008980977336977419,-0.0001540314050957579
3,0.003975619055151069,3.057773950535696,0.001981030107785164,-12.0,-1.525915410295869,12.0,-0.001358792468005354,0.0001527896440403671,0.0001527896460213955,0.0003057773950535696,0.0009002561159672517,-0.0001527896440403654
3,0.003975819055151069,3.032934346458448,0.001981436532298098,-12.0,-1.513494998616412,12.0,-0.001357222550808695,0.0001515476435148713,0.0001515476454963075,0.0003032934346458448,0.0009024119103635542,-0.000151547643514871
3,0.0039760190551510685,3.008089899568038,0.001981822029308855,-12.0,-1.501072196921835,12.0,-0.00135565039565555,0.000150305401895116,0.0001503054038769365,0.0003008089899568038,0.0009045661921321946,-0.0001503054018951144
3,0.003976219055151068,2.983240756564156,0.001982222420346735,-12.0,-1.488647024829334,12.0,-0.001354074951131573,0.0001490629247249684,0.0001490629267071905,0.0002983240756564156,0.0009067178896455946,-0.0001490629247249681
3,0.003976419055151068,2.958386849308176,0.001982601912056237,-12.0,-1.476219501959985,12.0,-0.00135249726514941,0.0001478202103872056,0.000147820212369806,0.0002958386849308176,0.0009088680592476556,-0.0001478202103872041
3,0.003976619055151068,2.933528324330323,0.001982996264436432,-12.0,-1.463789647938544,12.0,-0.001350916305143168,0.0001465772644202984,0.0001465772664032943,0.0002933528324330323,0.0009110156481816345,-0.0001465772644202981
3,0.003976819055151067,2.908665113690368,0.001983369745359509,-12.0,-1.451357482393447,12.0,-0.00134933310020216,0.0001453340852138821,0.0001453340871972504,0.0002908665113690368,0.0009131616939413584,-0.0001453340852138807
3,0.003977019055151067,2.883797363750839,0.001983758054038831,-12.0,-1.438923024956781,12.0,-0.001347746636558206,0.0001440906783010823,0.00014409068028484,0.0002883797363750839,0.0009153051625897246,-0.000144090678301082
3,0.003977219055151067,2.858925006767511,0.00198412551881022,-12.0,-1.426486295264285,12.0,-0.00134615792452783,0.0001428470420783109,0.0001428470440624351,0.0002858925006767511,0.0009174470728217782,-0.0001428470420783095
3,0.003977419055151065,2.834048188937102,0.001984507778859501,-12.0,-1.414047312955184,12.0,-0.001344565969089911,0.0001416031820734046,0.0001416031840579121,0.0002834048188937102,0.0009195864094691808,-0.0001416031820734044
3,0.003977619055151066,2.80916684270887,0.00198486922225305,-12.0,-1.401606097672363,12.0,-0.00134297176183884,0.0001403590966894629,0.0001403590986743308,0.000280916684270887,0.0009217241724786274,-0.0001403590966894616
3,0.0039778190551510665,2.784281114115786,0.001985245428825277,-12.0,-1.389162669062201,12.0,-0.001341374326450595,0.0001391147914491028,0.000139114793434348,0.0002784281114115786,0.0009238593654005145,-0.0001391147914491026
3,0.003978019055151065,2.759390935798303,0.001985600845717306,-12.0,-1.376717046774567,12.0,-0.001339774635846891,0.0001378702647620297,0.0001378702667476293,0.0002759390935798303,0.0009259929694834662,-0.0001378702647620285
3,0.003978219055151065,2.73449645362738,0.001985970994096142,-12.0,-1.364269250462836,12.0,-0.001338171732351373,0.0001366255221456934,0.0001366255241316642,0.000273449645362738,0.0009281240069465707,-0.0001366255221456932
3,0.003978419055151065,2.709597600432224,0.001986320379492645,-12.0,-1.35181929978367,12.0,-0.001336566570262737,0.0001353805620163174,0.0001353805640026366,0.0002709597600432225,0.0009302534403900359,-0.0001353805620163162
3,0.0039786190551510635,2.684694521923644,0.001986684465064115,-12.0,-1.339367214397381,12.0,-0.001334958210502862,0.0001341353898862447,0.000134135391872929,0.0002684694521923644,0.0009323803106526946,-0.0001341353898862445
3,0.003978819055151064,2.65978715111751,0.001987027814046582,-12.0,-1.326913013967407,12.0,-0.001333347588796469,0.0001328900041781465,0.0001328900061651732,0.000265978715111751,0.0009345055617351605,-0.0001328900041781453
3,0.003979019055151065,2.634875633566069,0.001987385832340927,-12.0,-1.314456718160665,12.0,-0.001331733784615263,0.0001316444103993008,0.0001316444123866864,0.0002634875633566069,0.0009366282530472725,-0.0001316444103993006
3,0.003979219055151063,2.609959902469487,0.00198772314011042,-12.0,-1.301998346647346,12.0,-0.001330117715157925,0.0001303986069787467,0.0001303986089664688,0.0002609959902469487,0.0009387493100389416,-0.0001303986069787457
3,0.003979419055151063,2.585040103223555,0.001988075086714169,-12.0,-1.289537919100955,12.0,-0.001328498478398332,0.0001291525994187672,0.0001291526014068421,0.0002585040103223556,0.000940867810642565,-0.000129152599418767
3,0.003979619055151063,2.56011616921019,0.00198840634861952,-12.0,-1.277075455198103,12.0,-0.001326876973056862,0.0001279063861546732,0.0001279063881430785,0.000256011616921019,0.0009429846618053683,-0.0001279063861546722
3,0.0039798190551510616,2.53518824567046,0.001988752219231782,-12.0,-1.264610974618861,12.0,-0.001325252315561937,0.0001266599726838094,0.0001266599746725614,0.000253518824567046,0.0009450989599347065,-0.0001266599726838092
3,0.003980019055151062,2.510256266166071,0.001989077430681108,-12.0,-1.252144497046239,12.0,-0.001323625386203037,0.000125413357447693,0.0001254133594367695,0.0002510256266166071,0.0009472115935228037,-0.0001254133574476921
3,0.003980219055151063,2.485320375784864,0.001989417221143985,-12.0,-1.239676042166544,12.0,-0.001321995319816027,0.000124166545938769,0.000124166547928186,0.0002485320375784864,0.0009493216774045937,-0.0001241665459387688
3,0.0039804190551510615,2.460380508266033,0.001989736377656981,-12.0,-1.227205629669167,12.0,-0.0013203629783064,0.0001229195366046833,0.0001229195385944188,0.0002460380508266033,0.0009514300816645394,-0.0001229195366046824
3,0.003980619055151061,2.435436808546206,0.001990070083873308,-12.0,-1.214733279246592,12.0,-0.001318727514870915,0.0001216723349330467,0.0001216723369231166,0.0002435436808546206,0.0009535359395183574,-0.0001216723349330465
3,0.003980819055151061,2.410489210539678,0.001990383181096678,-12.0,-1.202259010594362,12.0,-0.001317089773077429,0.0001204249393775468,0.0001204249413679291,0.0002410489210539678,0.0009556401026891981,-0.0001204249393775459
3,0.00398101905515106,2.385537859033546,0.001990710799076201,-12.0,-1.18978284341105,12.0,-0.001315448924437468,0.0001191773554210128,0.0001191773574117235,0.0002385537859033546,0.0009577417227275148,-0.0001191773554210127
3,0.00398121905515106,2.360582688115106,0.001991017832740916,-12.0,-1.177304797398263,12.0,-0.001313805794227157,0.0001179295815231012,0.0001179295835141183,0.0002360582688115106,0.0009598416330412751,-0.0001179295815231004
3,0.00398141905515106,2.335623842423493,0.001991339358613287,-12.0,-1.164824892260433,12.0,-0.001312159572227245,0.0001166816231619047,0.000116681625153244,0.0002335623842423493,0.0009619390034698028,-0.0001166816231619046
3,0.0039816190551510595,2.310661256216804,0.001991640324550126,-12.0,-1.152343147705174,12.0,-0.001310511065467423,0.0001154334788029731,0.0001154334807946127,0.0002310661256216804,0.0009640346491516238,-0.0001154334788029724
3,0.003981819055151059,2.285695073988148,0.001991955754505503,-12.0,-1.139859583442758,12.0,-0.001308859481952696,0.0001141851539197264,0.0001141851559116821,0.0002285695073988148,0.000966127758169455,-0.0001141851539197264
3,0.003982019055151059,2.260725230164003,0.001992250648680804,-12.0,-1.127374219186474,12.0,-0.001307205610511036,0.0001129366469835162,0.0001129366489757661,0.0002260725230164003,0.0009682191274378027,-0.0001129366469835154
3,0.0039822190551510595,2.235751869093072,0.001992559979014485,-12.0,-1.114887074652415,12.0,-0.001305548677327101,0.000111687963463143,0.0001116879654557029,0.0002235751869093072,0.0009703079632378403,-0.0001116879634631429
3,0.003982419055151058,2.210774925368355,0.001992848797444657,-12.0,-1.102398169559522,12.0,-0.001303889453071888,0.0001104391018356974,0.0001104391038285455,0.0002210774925368355,0.0009723950443045748,-0.0001104391018356967
3,0.003982619055151058,2.185794543195555,0.001993152024587164,-12.0,-1.089907523629376,12.0,-0.001302227182065269,0.0001091900675653964,0.0001091900695585484,0.0002185794543195555,0.0009744795950735741,-0.0001091900675653963
3,0.003982819055151058,2.16081065733198,0.001993434763393309,-12.0,-1.077415156586552,12.0,-0.001300562616865106,0.0001079408591349952,0.0001079408611284293,0.000216081065733198,0.0009765623761445325,-0.0001079408591349945
3,0.0039830190551510564,2.135823411842294,0.001993731883820571,-12.0,-1.064921088158097,12.0,-0.00129889501988302,0.0001066914820041919,0.0001066914839979237,0.0002135823411842294,0.0009786426300633089,-0.0001066914820041918
3,0.003983219055151057,2.110832741645722,0.00199400853925924,-12.0,-1.052425338073887,12.0,-0.00129722512560726,0.0001054419346613152,0.0001054419366553231,0.0002110832741645722,0.0009807210993382498,-0.0001054419346613146
3,0.0039834190551510575,2.085838790667467,0.001994299549548884,-12.0,-1.039927926066415,12.0,-0.001295552214497772,0.0001041922225615964,0.0001041922245558959,0.0002085838790667468,0.0009827970445820677,-0.0001041922225615964
3,0.003983619055151056,2.060841493986843,0.001994570117922367,-12.0,-1.027428871870837,12.0,-0.001293877003016336,0.0001029423441988765,0.0001029423461934461,0.0002060841493986844,0.0009848711902549628,-0.0001029423441988759
3,0.003983819055151056,2.035840995390969,0.001994855014783359,-12.0,-1.014928195224759,12.0,-0.001292198789628593,0.0001016923050239543,0.0001016923070188093,0.0002035840995390969,0.00098694281499348,-0.0001016923050239543
3,0.003984019055151056,2.010837230117078,0.00199511949249731,-12.0,-1.002425915868598,12.0,-0.001290518272812111,0.0001004421035361101,0.000100442105531229,0.0002010837230117078,0.0009890126252527637,-0.0001004421035361095
3,0.0039842190551510545,1.985830341816111,0.001995398272680138,-12.0,-0.9899220535450526,12.0,-0.001288834768996022,9.919174518177334e-05,9.919174717717155e-05,0.0001985830341816111,0.0009910799176505586,-9.919174518177328e-05
3,0.003984419055151055,1.960820265880875,0.001995656656271438,-12.0,-0.9774166279994639,12.0,-0.001287148958716108,9.794122846557404e-05,9.794123046123018e-05,0.0001960820265880875,0.000993145380679225,-9.794122846557354e-05
3,0.003984619055151056,1.935807145827674,0.001995929316625289,-12.0,-0.9649096589796059,12.0,-0.001285460176322709,9.669055882962316e-05,9.669056082555246e-05,0.0001935807145827674,0.0009952083288957553,-9.669055882962312e-05
3,0.003984819055151054,1.910790917203056,0.001996181602681557,-12.0,-0.9524011662356897,12.0,-0.001283769084451533,9.543973478383761e-05,9.543973678001874e-05,0.0001910790917203056,0.0009972694328717613,-9.543973478383713e-05
3,0.003985019055151054,1.885771723390127,0.001996448140166307,-12.0,-0.9398911695203327,12.0,-0.001282075035332966,9.418876176604994e-05,9.418876376249806e-05,0.0001885771723390127,0.0009993280250616826,-9.418876176604991e-05
3,0.003985219055151054,1.86074950008706,0.001996694325372972,-12.0,-0.9273796885885273,12.0,-0.001280378673743851,9.293763829139047e-05,9.293764028808436e-05,0.000186074950008706,0.001001384758157864,-9.293763829139003e-05
3,0.003985419055151053,1.835724390545441,0.001996954737018886,-12.0,-0.9148667431976449,12.0,-0.001278679369753372,9.16863697934664e-05,9.168637179042114e-05,0.0001835724390545441,0.001003438982471183,-9.168636979346639e-05
3,0.003985619055151053,1.81069633061287,0.001997194818172066,-12.0,-0.9023523531072285,12.0,-0.001276977750320346,9.043495479254045e-05,9.043495678973488e-05,0.000181069633061287,0.001005491332855796,-9.043495479254006e-05
3,0.003985819055151054,1.785665463410968,0.001997449101095894,-12.0,-0.8898365380793493,12.0,-0.001275273203312458,8.918339871804453e-05,8.918340071549361e-05,0.0001785665463410968,0.001007541177438093,-8.918339871804452e-05
3,0.0039860190551510525,1.760631724934951,0.001997683075042334,-12.0,-0.8773193178780816,12.0,-0.001273566337910745,8.793170009531276e-05,8.793170209299544e-05,0.0001760631724934951,0.00100958913327466,-8.793170009531239e-05
3,0.003986219055151052,1.735595258177794,0.001997931226483063,-12.0,-0.8648007122698602,12.0,-0.001271856559741047,8.667986434963438e-05,8.667986634756557e-05,0.0001735595258177795,0.001011634586267282,-8.667986434963433e-05
3,0.003986419055151052,1.710555999280229,0.001998159090167761,-12.0,-0.852280741023272,12.0,-0.00127014446024673,8.542789001134433e-05,8.542789200950308e-05,0.0001710555999280229,0.00101367813571511,-8.542789001134398e-05
3,0.003986619055151051,1.685514091108417,0.001998401107401016,-12.0,-0.8397594239090957,12.0,-0.001268429462772225,8.417578250164968e-05,8.417578450005078e-05,0.0001685514091108417,0.001015719185255268,-8.417578250164968e-05
3,0.003986819055151051,1.660469469946332,0.001998622857895427,-12.0,-0.8272367807000944,12.0,-0.001266712141062526,8.292354035579931e-05,8.292354235442182e-05,0.0001660469469946332,0.001017758316469414,-8.292354035579898e-05
3,0.003987019055151051,1.635422278534787,0.0019988587382892,-12.0,-0.8147128311713723,12.0,-0.001264991936141449,8.167116899096614e-05,8.16711709898249e-05,0.0001635422278534787,0.001019794950690489,-8.167116899096616e-05
3,0.003987219055151051,1.610372453299292,0.001999074372702192,-12.0,-0.802187595099849,12.0,-0.001263269404094713,8.041866694725544e-05,8.041866894632948e-05,0.0001610372453299292,0.001021829651822015,-8.041866694725513e-05
3,0.00398741905515105,1.585320136856563,0.001999304113748823,-12.0,-0.7896610922646173,12.0,-0.001261544003586523,7.916603963783664e-05,7.916604163714074e-05,0.0001585320136856564,0.001023861858853725,-7.916603963783661e-05
3,0.00398761905515105,1.560265265771595,0.001999513629283856,-12.0,-0.7771333424467352,12.0,-0.001259816273082193,7.79132856076022e-05,7.791328760711554e-05,0.0001560265265771595,0.001025892118049834,-7.791328560760191e-05
3,0.0039878190551510505,1.535207982538755,0.001999737228517429,-12.0,-0.7646043654292292,12.0,-0.001258085688847901,7.666041026577466e-05,7.666041226551188e-05,0.0001535207982538755,0.001027919886018344,-7.666041026577467e-05
3,0.003988019055151049,1.510148223860393,0.001999940622483765,-12.0,-0.7520741809970648,12.0,-0.001256352771766556,7.540741216195514e-05,7.540741416189548e-05,0.0001510148223860394,0.001029945691422701,-7.540741216195487e-05
3,0.003988219055151049,1.48508613211002,0.00200015807752052,-12.0,-0.7395428089371485,12.0,-0.001254617015668438,7.415429670146691e-05,7.415429870162498e-05,0.000148508613211002,0.001031969008450817,-7.415429670146691e-05
3,0.003988419055151049,1.460021644125356,0.002000355347312133,-12.0,-0.7270102690381565,12.0,-0.001252878923891865,7.290106243854712e-05,7.290106443890218e-05,0.0001460021644125356,0.001033990348203478,-7.290106243854686e-05
3,0.0039886190551510475,1.434954902160382,0.002000566655872726,-12.0,-0.7144765810907155,12.0,-0.00125113800779357,7.164771477465884e-05,7.164771677522549e-05,0.0001434954902160382,0.001036009202410912,-7.164771477465884e-05
3,0.003988819055151048,1.409885843186421,0.002000757798935326,-12.0,-0.7019417648872295,12.0,-0.001249394753204749,7.039425226861674e-05,7.039425426937428e-05,0.0001409885843186421,0.001038026064648784,-7.03942522686165e-05
3,0.0039890190551510486,1.384814609339456,0.002000962958809638,-12.0,-0.6894058402218841,12.0,-0.00124764868897137,6.914068031806938e-05,6.914068231903233e-05,0.0001384814609339456,0.001040040444152124,-6.914068031806937e-05
3,0.003989219055151047,1.359741137722288,0.002001147972699069,-12.0,-0.6768688268906159,12.0,-0.001245900283454532,6.788699748633171e-05,6.788699948747947e-05,0.0001359741137722288,0.001042052817008886,-6.78869974863315e-05
3,0.003989419055151047,1.334665570354365,0.00200134698175547,-12.0,-0.6643307446910797,12.0,-0.001244149082952631,6.663320916728351e-05,6.66332111686305e-05,0.0001334665570354365,0.001044062709921995,-6.663320916728352e-05
3,0.003989619055151047,1.309587844468109,0.0020015258640943,-12.0,-0.6517916134226543,12.0,-0.001242395538393171,6.537931392867506e-05,6.537931593020073e-05,0.0001309587844468109,0.001046070581528398,-6.537931392867487e-05
3,0.0039898190551510455,1.284508101967746,0.002001718720301582,-12.0,-0.6392514528862334,12.0,-0.001240639213490727,6.412531716065351e-05,6.412531916237222e-05,0.0001284508101967746,0.001048075975962397,-6.412531716065351e-05
3,0.003990019055151046,1.25942628021338,0.002001891468794537,-12.0,-0.6267102828845837,12.0,-0.001238880541775386,6.2871217435338e-05,6.28712194372293e-05,0.000125942628021338,0.001050079334446376,-6.287121743533784e-05
3,0.003990219055151047,1.234342520995687,0.002002078170162513,-12.0,-0.6141681232218181,12.0,-0.001237119104341822,6.161702013919808e-05,6.161702214127624e-05,0.0001234342520995687,0.001052080218509922,-6.161702013919807e-05
3,0.0039904190551510454,1.209256761800299,0.002002244782631446,-12.0,-0.6016249937037544,12.0,-0.001235355317358425,6.036272384863876e-05,6.036272585088338e-05,0.0001209256761800299,0.001054079051996809,-6.036272384863859e-05
3,0.003990619055151045,1.184169144305695,0.002002425327258806,-12.0,-0.589080914137706,12.0,-0.001233588779264591,5.910833394649648e-05,5.910833594892181e-05,0.0001184169144305695,0.001056075413796105,-5.910833394649648e-05
3,0.003990819055151045,1.159079606121429,0.002002585801556267,-12.0,-0.5765359043325221,12.0,-0.001231819888902419,5.785384901340799e-05,5.785385101599364e-05,0.0001159079606121429,0.001058069710408664,-5.785384901340785e-05
3,0.003991019055151044,1.133988288814991,0.002002760187652664,-12.0,-0.5639899840984148,12.0,-0.001230048262020694,5.659927442860676e-05,5.659927643136694e-05,0.0001133988288814992,0.00106006153804776,-5.659927442860675e-05
3,0.003991219055151044,1.108895130117783,0.00200291452173762,-12.0,-0.5514431732471401,12.0,-0.001228274280170111,5.534460877688792e-05,5.534461077980229e-05,0.0001108895130117784,0.001062051285906508,-5.534460877688777e-05
3,0.003991419055151044,1.083800271487957,0.002003082747550955,-12.0,-0.5388954915918248,12.0,-0.001226497576374282,5.408985743393758e-05,5.408985943702031e-05,0.0001083800271487957,0.001064038567487366,-5.408985743393758e-05
3,0.0039916190551510435,1.058703650776919,0.002003230939452816,-12.0,-0.5263469589469709,12.0,-0.001224718514927003,5.283501898864249e-05,5.283502099187331e-05,0.0001058703650776919,0.001066023754710585,-5.283501898864238e-05
3,0.003991819055151043,1.033605409334712,0.002003393003334075,-12.0,-0.5137975951284246,12.0,-0.001222936746092251,5.158009881317585e-05,5.158010081656888e-05,0.0001033605409334712,0.001068006478333314,-5.158009881317587e-05
3,0.003992019055151043,1.008505485130866,0.002003535051159189,-12.0,-0.5012474199533439,12.0,-0.001221152616941237,5.032509550045043e-05,5.032509750398536e-05,0.0001008505485130866,0.001069987093037211,-5.03250955004503e-05
3,0.003992219055151043,0.9834040194087929,0.002003690951521697,-12.0,-0.4886964532402043,12.0,-0.001219365794944298,4.907001441917261e-05,4.907001642286356e-05,9.834040194087929e-05,0.001071965246800005,-4.90700144191726e-05
3,0.003992419055151042,0.9583009502541407,0.002003826853475554,-12.0,-0.4761447148085886,12.0,-0.0012175766099837,4.781485416620652e-05,4.781485617003326e-05,9.583009502541407e-05,0.001073941277098943,-4.781485416620641e-05
3,0.003992619055151042,0.9331964188050559,0.002003976588809964,-12.0,-0.4635922244795472,12.0,-0.001215784746702642,4.655962010683572e-05,4.655962211081229e-05,9.33196418805056e-05,0.00107591484909849,-4.655962010683572e-05
3,0.003992819055151042,0.9080903632616767,0.00200410634313708,-12.0,-0.4510390020750693,12.0,-0.001213990517827897,4.530431084182073e-05,4.530431284592699e-05,9.080903632616768e-05,0.001077886283105005,-4.530431084182064e-05
3,0.00399301905515104,0.8829829246580224,0.002004249912046785,-12.0,-0.4384850674184418,12.0,-0.001212193625142251,4.404893173304887e-05,4.404893373729878e-05,8.829829246580224e-05,0.001079855261436405,-4.404893173304886e-05
3,0.003993219055151041,0.8578740413067915,0.002004373517079439,-12.0,-0.4259304403340414,12.0,-0.001210394364249939,4.279348138511217e-05,4.27934833894856e-05,8.578740413067915e-05,0.001081822087261465,-4.279348138511209e-05
3,0.0039934190551510415,0.8327638541395466,0.002004510918194036,-12.0,-0.4133751406473731,12.0,-0.001208592454040612,4.153796515655672e-05,4.153796716106763e-05,8.327638541395466e-05,0.001083786460018506,-4.153796515655672e-05
3,0.00399361905515104,0.8076523015794389,0.002004628372382078,-12.0,-0.4008191881848627,12.0,-0.001206788173028557,4.028238165572456e-05,4.028238366035284e-05,8.07652301579439e-05,0.00108574866577154,-4.028238165572448e-05
3,0.00399381905515104,0.7825395244568676,0.002004759604415374,-12.0,-0.3882626027742146,12.0,-0.001204981257177849,3.902673623786301e-05,3.902673824262261e-05,7.825395244568676e-05,0.001087708421046697,-3.9026736237863e-05
3,0.00399401905515104,0.7574254613038965,0.0020048709062363,-12.0,-0.3757054042438849,12.0,-0.00120317196794506,3.777102751501219e-05,3.777102951988302e-05,7.574254613038966e-05,0.001089665994835759,-3.777102751501212e-05
3,0.0039942190551510385,0.7323102528508516,0.002004995968017786,-12.0,-0.3631476124234394,12.0,-0.001201360058336563,3.651526083914573e-05,3.651526284414169e-05,7.323102528508516e-05,0.001091621120720476,-3.651526083914572e-05
3,0.003994419055151039,0.707193837736816,0.002005101116034219,-12.0,-0.3505892471433456,12.0,-0.00119954577278316,3.525943482593804e-05,3.525943683103909e-05,7.07193837736816e-05,0.001093574050652413,-3.525943482593799e-05
3,0.00399461905515104,0.6820763565936824,0.002005220006419534,-12.0,-0.3380303282350119,12.0,-0.001197728881301902,3.400355482414314e-05,3.400355682936314e-05,6.820763565936825e-05,0.00109552453523705,-3.400355482414314e-05
3,0.003994819055151038,0.6569577481654689,0.002005318999310307,-12.0,-0.325470875530579,12.0,-0.001195909611329128,3.274761945298899e-05,3.274762145830793e-05,6.56957748165469e-05,0.001097472809417563,-3.274761945298893e-05
3,0.003995019055151038,0.631838152986907,0.00200543171723816,-12.0,-0.3129109088632791,12.0,-0.001194087749861295,3.149163405805173e-05,3.149163606348345e-05,6.318381529869071e-05,0.001099418640791709,-3.149163405805173e-05
3,0.003995219055151038,0.606717509905433,0.002005524553709115,-12.0,-0.3003504480669073,12.0,-0.001192263507371519,3.023559726206169e-05,3.02355992675862e-05,6.067175099054331e-05,0.001101362247325485,-3.023559726206164e-05
3,0.003995419055151037,0.5815959593596838,0.002005631098233096,-12.0,-0.2877895129761813,12.0,-0.00119043668780466,2.897951440744144e-05,2.897951641307254e-05,5.815959593596838e-05,0.001103303413577887,-2.897951440744144e-05
3,0.003995619055151037,0.5564734402986427,0.002005717777074312,-12.0,-0.2752281234265321,12.0,-0.001188607484701256,2.772338412036069e-05,2.772338612607842e-05,5.564734402986427e-05,0.00110524234056877,-2.772338412036065e-05
3,0.003995819055151038,0.5313500930664224,0.002005818147280902,-12.0,-0.2626662992541084,12.0,-0.001186775718924102,2.646721174013894e-05,2.646721374595708e-05,5.313500930664225e-05,0.001107178829787569,-2.646721174013893e-05
3,0.0039960190551510365,0.5062258567116029,0.002005898667379741,-12.0,-0.2501040602957452,12.0,-0.001184941567111505,2.521099589631252e-05,2.521099790221116e-05,5.06225856711603e-05,0.001109113065338601,-2.521099589631249e-05
3,0.003996219055151036,0.4811008714850328,0.002005992862436912,-12.0,-0.2375414263889324,12.0,-0.001183104867013961,2.395474192513694e-05,2.39547439311298e-05,4.811008714850328e-05,0.001111044865611414,-2.395474192513694e-05
3,0.003996419055151036,0.4559750765331974,0.00200606722273805,-12.0,-0.2249784173718194,12.0,-0.001181265778397573,2.269844845945578e-05,2.269845046552296e-05,4.559750765331974e-05,0.001112974397824984,-2.269844845945575e-05
3,0.003996619055151035,0.4308486120148435,0.002006155241909224,-12.0,-0.2124150530830055,12.0,-0.001179424155870728,2.144212083249148e-05,2.144212283864671e-05,4.308486120148435e-05,0.001114901497238977,-2.144212083249148e-05
3,0.003996819055151035,0.4057214171725652,0.002006223441432115,-12.0,-0.1998513533619,12.0,-0.001177580142356874,2.018575768033324e-05,2.018575968655665e-05,4.057214171725652e-05,0.001116826314216932,-2.018575768033322e-05
3,0.003997019055151035,0.3805936320745398,0.002006305284016019,-12.0,-0.1872873380481931,12.0,-0.001175733609292861,1.892936433322092e-05,1.892936633952619e-05,3.805936320745398e-05,0.001118748700858988,-1.892936433322091e-05
3,0.0039972190551510346,0.3554651960574507,0.002006367321891245,-12.0,-0.1747230269822153,12.0,-0.00117388468278877,1.767293943041067e-05,1.767294143677797e-05,3.554651960574507e-05,0.001120668790702706,-1.767293943041065e-05
3,0.003997419055151034,0.3303362491001283,0.002006442987270304,-12.0,-0.1621584400047288,12.0,-0.001172033251080794,1.641648829919992e-05,1.64164903056429e-05,3.303362491001284e-05,0.001122586452659478,-1.641648829919992e-05
3,0.003997619055151034,0.3052067306318715,0.002006498862653347,-12.0,-0.1495935969569671,12.0,-0.001170179423494549,1.516000958196207e-05,1.516001158846091e-05,3.052067306318715e-05,0.001124501803470008,-1.516000958196205e-05
3,0.0039978190551510345,0.2800767805431901,0.002006568350323826,-12.0,-0.1370285176804258,12.0,-0.001168323105036801,1.390350860307497e-05,1.390351060964331e-05,2.800767805431901e-05,0.001126414728828018,-1.390350860307496e-05
3,0.003998019055151033,0.2549463383541653,0.002006618062453225,-12.0,-0.1244632220172222,12.0,-0.001166464388277241,1.264698400796755e-05,1.264698601458561e-05,2.549463383541653e-05,0.001128325328706154,-1.264698400796754e-05
3,0.003998219055151033,0.2298155438685673,0.00200668137193552,-12.0,-0.1118977298095667,12.0,-0.001164603194964873,1.139044111815022e-05,1.139044312483159e-05,2.298155438685673e-05,0.001130233505551919,-1.139044111815022e-05
3,0.003998419055151033,0.2046843366952356,0.002006724920164238,-12.0,-0.0993320609001222,12.0,-0.001162739600941591,1.013387858202866e-05,1.013388058875357e-05,2.046843366952356e-05,0.001132139342598301,-1.013387858202864e-05
3,0.0039986190551510314,0.1795528565524136,0.002006782051060786,-12.0,-0.08676623513179509,12.0,-0.001160873544670617,8.877301718285591e-06,8.87730372506764e-06,1.795528565524136e-05,0.001134042759018402,-8.877301718285588e-06
3,0.003998819055151032,0.154421043136191,0.002006819434774466,-12.0,-0.07420027234773943,12.0,-0.001159005085293876,7.620709178251398e-06,7.620711185070825e-06,1.54421043136191e-05,0.00113594382133361,-7.62070917825139e-06
3,0.0039990190551510325,0.1292890360804081,0.002006870386783002,-12.0,-0.06163419239132566,12.0,-0.001157134177961135,6.364106277810869e-06,6.364108284681253e-06,1.292890360804081e-05,0.001137842465414792,-6.364106277810866e-06
3,0.003999219055151031,0.1041567751665967,0.002006901605448703,-12.0,-0.04906801510610927,12.0,-0.001155260865141824,5.107491671155805e-06,5.107493678057401e-06,1.041567751665967e-05,0.00113973874109943,-5.107491671155797e-06
3,0.003999419055151031,0.07902439994556382,0.002006946378322126,-12.0,-0.03650176033583494,12.0,-0.001153385118644917,3.85087067141571e-06,3.850872678362085e-06,7.902439994556382e-06,0.001141632600928677,-3.850870671415708e-06
3,0.003999619055151031,0.05389185028243942,0.002006971431494812,-12.0,-0.02393544792426317,12.0,-0.001151506964294461,2.594241935575801e-06,2.59424394254723e-06,5.389185028243942e-06,0.001143524078083465,-2.594241935575798e-06
3,0.0039998190551510295,0.02875926564613576,0.002007010025077076,-12.0,-0.01136909771535202,12.0,-0.001149626390531675,1.337610774042912e-06,1.337612781052934e-06,2.875926564613576e-06,0.001145413141748106,-1.337610774042909e-06
3,0.004,0.006021119320848057,0.002007026393433531,-12.0,-9.797174393178826e-15,12.0,-0.001147922913160077,2.007026393443349e-07,2.007046463707263e-07,6.021119320848057e-07,0.001147120158973935,-2.007026393443329e-07
